# Japanese (Tokyo) lexical pitch accent — key<TAB>accent-nucleus mora (0 = heiban, no downstep).
# Keys: kanji SURFACES + kana READINGS (looked up surface-first for homograph disambiguation).
# Merged (first-writer-wins): consensus(kanjium/OpenJTalk/UniDic vote)
# > OpenJTalk-inflected > UniDic base. Sources: kanjium (CC BY-SA), OpenJTalk (naist-jdic), UniDic (NINJAL).
１	2
１０００円	0
１０月	4
１０進	0
１０進法	0
１０代	0
１０日	0
１１０番	3
１１９番	5
１１月	6
１２月	5
１５日	1
１６進法	5
１８禁	0
１つ	2
１月	4
１勝	0
１人	0
１切れ	2
１打	2
１対１	2
１等	0
１等国	3
１等車	3
１等賞	3
１等親	3
１等星	3
１等地	3
１等兵	3
１日	4
１枚	2
１面	0
２	1
２０世紀	1
２０日	0
２４時間	1
２月	3
２項式	2
２時	1
２重衝突	4
２組	2
２大政党制	0
２度と	2
２度寝	0
２等	0
２等車	2
２等親	2
２等分	0
２等分線	4
２等兵	2
２等辺３角形	8
２日	0
２倍	0
２番目	4
２枚	1
３	0
３０日	3
３Ｄ	3
３Ｄ映像	5
３つ	3
３つ星	2
３角形	3
３月	1
３時	1
３次元	3
３等	3
３等親	3
３日	0
３部	1
３枚	1
４	1
４ＷＤ	7
４つ	3
４月	3
４月馬鹿	4
４日	0
５	1
５５年体制	7
５つ	2
５月	1
５日	0
６	2
６つ	3
６月	4
６日	0
７	2
７つ	2
７月	4
７日	0
８	2
８つ	3
８の字	3
８月	4
８日	0
９	0
９つ	2
９月	1
９日	4
Ａ	1
Ａ．Ｄ．	3
Ａ４判	0
ＡＡ会議	5
ＡＢＣ	5
ＡＢＭ	5
ＡＢＯ式血液型	0
ＡＣ	3
ＡＤ	3
ＡＩ	3
ＡＩＤＳ	1
ＡＬＳ	5
ＡＮＤ回路	4
ＡＳＣＩＩ	1
ＡＴＭ	5
ＡＴＰ	5
ＡＶ	3
ＡＷＡＣＳ	3
Ａ型肝炎	5
Ｂ	1
Ｂ．Ｃ．	3
Ｂ５判	0
ＢＢＣ	5
ＢＢＳ	5
ＢＣ	3
ＢＣＧ	5
ＢＣＧ陽転	7
ＢＧＭ	5
ＢＬ	3
ＢＯＤ	5
Ｂリンパ球	5
Ｂ型肝炎	5
Ｂ五判	0
Ｂ細胞	3
Ｂ淋巴球	5
Ｃ	1
ＣＡＤ	1
ＣＡＩ	5
ＣＡＭ	1
ＣＡＭ植物	4
ＣＡＴＶ	7
ＣＤ	3
ＣＤ－ＲＯＭ	5
ＣＤＲＯＭ	5
ＣＦ	3
ＣＧ	3
ＣＧＳ単位系	0
ＣＩＳＣ	1
ＣＭ	0
ＣＯＤ	5
ＣＴ	3
ＣＴＣ	5
ＣＴＳ	3
Ｃ型肝炎	5
Ｃ言語	3
Ｄ	1
ＤＡＴ	1
ＤＤＴ	5
ＤＩＮＫＳ	1
ＤＪ	3
ＤＭ	3
ＤＮＡ	5
ＤＮＡウイルス	8
ＤＯＳ	1
ＤＶＤ	5
Ｅ	1
ＥＣＣＳ	7
ＥＳＰ	5
Ｆ	1
ＦＭ	0
Ｆナンバー	3
Ｇ	1
ＧＡＢＡ	1
ＧＡＴＴ	1
ＧＢ理論	5
ＧＤＰ	5
ＧＩ	3
ＧＩカット	5
ＧＮＰ	5
ＧＵＩ	5
Ｇペン	0
Ｇメン	1
Ｈ	1
ＨＣＦＣ	8
ＨＥＩＢ	1
ＨＩＶ	6
ＨＬＡ抗原	8
ＨＲ図	6
Ｈ形鋼	0
Ｉ	1
ＩＣ	3
ＩＣＢＭ	7
ＩＣカード	5
ＩＤカード	5
ＩＭＦ	5
ＩＯ	3
ＩＯＣ	5
ＩＰＣＣ	7
ＩＲＢＭ	8
Ｊ	1
ＪＡＳ	1
ＪＡＳＤＡＱ	3
ＪＡＳマーク	3
ＪＩＳ	1
ＪＲ	3
Ｊカーブ効果	6
Ｋ	1
ＫＧＢ	5
Ｌ	1
ＬＡＮ	1
ＬＥＤ	5
ＬＬ	0
ＬＮＧ	5
ＬＳＤ	5
Ｍ	1
ＭＤ	3
ＭＩＤＩ	1
ＭＩＭＥ	1
ＭＩＳ	5
ＭＭＲワクチン	8
ＭＮ式血液型	0
ＭＲＩ	6
ＭＲＳＡ	8
ＭｉＧ	1
Ｎ	1
ＮＡＤ	5
ＮＡＳＡ	1
ＮＡＳＤＡＱ	3
ＮＡＴＯ	1
ＮＥＥＴ	1
ＮＧ	3
ＮＭＲ	5
ＮＰＯ	5
ＮａＫ	1
ＮａＮ	1
Ｏ	1
ＯＡ	3
ＯＢ	3
ＯＥＭ	5
ＯＧ	0
ＯＫ	1
ＯＬ	0
ＯＬＥ	1
ＯＰＰ	5
ＯＲ回路	3
ＯＳ	3
Ｏ脚	0
Ｐ	1
ＰＢＸ	5
ＰＣ	3
ＰＣＭ	5
ＰＥＴ	1
ＰＥＴボトル	4
ＰＨＳ	5
ＰＫＦ	5
ＰＫＯ	5
ＰＭ	0
ＰＯＳ	1
ＰＯＳ端末	3
ＰＲ	3
ＰＲＩＳＭ	0
ＰＴＡ	5
Ｐタイル	3
Ｐ波	1
Ｑ	1
Ｑ熱	1
Ｒ	1
Ｒ＆Ｄ	7
ＲＡＭ	1
ＲＡＳ	1
ＲＥＭ睡眠	3
ＲＩＳＣ	1
ＲＮＡ	6
ＲＯＭ	1
ＲＶ	4
Ｒｈ因子	7
Ｒｈ式血液型	0
Ｓ	1
ＳＢ	3
ＳＣＩＤ	2
ＳＤ法	0
ＳＦ	0
ＳＩ	3
ＳＬ	0
ＳＬＢＭ	7
ＳＭ	0
ＳＮＡＰ	2
ＳＯＳ	3
ＳＯｘ	1
ＳＴＯＬ	3
Ｓ状結腸	5
Ｓ波	2
Ｔ	1
ＴＢ	3
ＴＣＡ回路	7
ＴＯＥＦＬ	1
ＴＯＰＩＸ	1
ＴＰＯ	5
ＴＶ	3
Ｔシャツ	0
Ｔリンパ球	5
Ｔ細胞	3
Ｔ字路	3
Ｔ淋巴球	5
ＵＦＯ	1
ＵＨＦ	6
ＵＮＩＣＥＦ	1
ＵＳＡ	5
Ｕターン	3
Ｕボート	3
Ｕ字溝	0
Ｖ	1
ＶＨＦ	6
ＶＳ	3
ＶＳＯＰ	7
ＶＴＲ	5
Ｗ	1
ＷＡＮ	1
ＷＹＳＩＷＹＧ	0
Ｘ	1
Ｘ脚	4
Ｘ光線	5
Ｘ染色体	0
Ｘ線	0
Ｙ	1
Ｙ染色体	0
Ｚ	1
ａ	1
ｂ	1
ｃ	1
ｄ	1
ｅ	1
ｆ	1
ｇ	1
ｈ	1
ｉ	1
ｊ	1
ｋ	1
ｌ	1
ｎ	1
ｏ	1
ｐ	1
ｐＨ	3
ｐｉｎｇ	1
ｑ	1
ｒ	1
ｒｅｍ	1
ｔ	1
ｔＲＮＡ	8
ｖ	1
ｗ	1
ｘ	1
ｙ	1
ｚ	1
あ	1
ああ	0
ああいう	0
ああした	0
あいそ笑	4
あいそ笑い	4
あいの子	0
あいの手	3
あいの風	1
あい変らず	0
あい変わらず	0
あい昧	0
あい路	1
あうんの呼吸	0
あえか	1
あえ物	2
あおぎ見る	4
あおり止め	0
あおり立てる	5
あお向け	0
あかね色	0
あかの他人	1
あかまた	0
あかんべ	1
あかんべい	1
あかんべえ	1
あか抜ける	4
あがり湯	0
あがり目	0
あきれ顔	0
あきれ返る	4
あき場所	0
あくる日	4
あく洗い	3
あく促	1
あく抜き	0
あぐら鼻	3
あけっ放し	0
あげ物	0
あこう鯛	2
あさだ	0
あさ湯	2
あさ飯	0
あざとい	3
あざ笑う	4
あしらい	0
あしらう	3
あし毛	0
あぜ道	2
あそばせ言葉	5
あそび女	0
あたふた	1
あたぼう	0
あたり前	0
あだ花	0
あだ討ち	0
あだ名	0
あっけらかんと	5
あっさり	3
あっとゆう間に	1
あっと言う間に	1
あっぱっぱ	5
あっぷあっぷ	1
あっ気	0
あっ砕	0
あっ搾	0
あっ殺	0
あっ死	0
あっ縮	0
あっ勝	0
あっ旋	0
あっ倒	0
あつらえ向き	0
あて外れ	3
あて字	0
あて先	0
あて馬	0
あて名	0
あで姿	3
あと口	0
あどけない	4
あな	1
あない	0
あなじ	0
あなぜ	0
あなた任せ	4
あなた方	0
あなや	1
あに図らんや	1
あねさん被り	5
あの	0
あのう	0
あのね	3
あの子	2
あの手この手	3
あの人	2
あの世	0
あの方	3
あの様	3
あはは	1
あばよ	1
あばら屋	3
あばら家	3
あばら骨	0
あば擦れ	0
あふれ出す	4
あぶく銭	4
あぶな絵	0
あぶみ骨	3
あぶら身	3
あぶら虫	3
あぶり出し	0
あぶり出す	4
あべこべ	0
あほう鳥	2
あまえん坊	0
あまに油	0
あま味	0
あみ出す	3
あめ玉	0
あめ色	0
あやかし	0
あやかり者	0
あやす	2
あやふや	0
あや取り	3
あや織り	0
あら	1
あらせいとう	0
あらまあ	1
あらまし	0
あられもない	5
あらん限り	4
あら塩	0
あら捜し	3
あら探し	3
あら熱	0
あら挽き	0
あら皮	0
ありあり	3
ありがた味	0
ありがた迷惑	5
ありし日	1
あり金	0
あり合せ	0
あり合わせ	0
あり地獄	3
あり得る	3
あり付く	3
あり方	3
あるとき払い	5
ある限り	1
ある時	1
ある時払い	5
ある人	1
ある程度	1
ある日	1
あれあれ	1
あれから	0
あれだけ	0
あれっきり	0
あれよあれよ	1
あれ性	0
あれ程	0
あれ肌	0
あわせ鏡	4
あわてん坊	0
あわや	1
あわよくば	3
あわ立つ	3
あんぐり	3
あんこ	1
あんこ型	0
あんちょこ	0
あんな	0
あんなに	0
あんまし	0
あんよ	1
あん肝	0
あん馬	0
あん摩	0
あん摩マッサージ指圧師	11
あ然	0
あ段	1
いい加減	0
いい顔	1
いい気	1
いい気味	1
いい交わす	4
いい事	1
いい人	1
いい線	1
いかさま師	4
いかす	0
いかり肩	3
いかれぽんち	4
いかれる	0
いがみ合い	0
いがみ合う	4
いきり立つ	4
いき値	1
いく重	1
いく日	1
いく日か	1
いけしゃあしゃあ	5
いけず	2
いけぞんざい	5
いけ好かない	0
いごっそう	2
いさぎ良い	4
いざ	1
いざこざ	0
いざなぎ景気	5
いざ知らず	1
いし海豚	3
いじいじ	1
いじくり回す	3
いじける	0
いじましい	4
いじめっ子	0
いじらしい	4
いす取りゲーム	5
いそいそ	1
いたし方	0
いたずらっ子	4
いたずら者	0
いたずら書き	0
いたずら盛り	5
いたずら坊主	5
いたせんぱら	3
いただき物	0
いた椎	2
いちい樫	3
いちゃいちゃ	1
いちゃつく	0
いちゃもん	0
いち押し	2
いち推し	2
いち早く	3
いっかくじゅう座	5
いっそ	0
いったい全体	0
いつの間にか	5
いつ何どき	1
いつ何時	1
いつ頃	0
いて座	0
いで	1
いと	1
いとこ違い	4
いとこ煮	0
いとこ半	4
いとし子	3
いとど	0
いとも	1
いなか者	0
いなか味噌	4
いの一番	1
いばらの道	0
いひひ	3
いびり出す	4
いびる	2
いぶし銀	0
いぶり出す	4
いぼた	0
いぼ痔	2
いま一つ	4
いみじくも	3
いもち病	0
いもづる式	0
いも虫	2
いやが上に	2
いやが上にも	5
いやはや	1
いや増す	2
いらっしゃい	4
いらっしゃいませ	6
いらっしゃる	4
いら立たしい	5
いら立ち	0
いら立つ	3
いり卵	3
いろは歌	3
いろは歌留多	4
いろは順	0
いろは楓	4
いわく付き	0
いわし雲	4
いんげん豆	3
いんちき	0
いん石	1
い辛っぽい	5
い段	1
い文字	2
ううん	0
うお座	0
うかうか	1
うかがい知る	5
うかび出る	4
うがい薬	4
うぐいす菜	4
うぐいす色	0
うぐいす張り	0
うぐいす餅	4
うけ取る	0
うさぎ座	0
うさぎ小屋	0
うさぎ跳び	0
うさん臭い	5
うさ晴らし	3
うしかい座	0
うしろ手	0
うじうじ	1
うじゃうじゃ	1
うじゃける	3
うじゃじゃける	4
うす塩	0
うす口	0
うす緑	3
うずうず	1
うずら豆	3
うず巻く	3
うず高い	4
うそうそ	1
うそ寒い	4
うそ泣き	0
うたた寝	0
うた沢	0
うだうだ	1
うちなあすば	5
うちの者	5
うちの人	5
うちの奴	4
うち解ける	0
うち捨てる	4
うち湯	0
うち立てる	4
うち連れる	0
うっかり	3
うっそり	3
うって変わる	1
うっとり	3
うっ血	0
うっ滞	0
うつぼ	0
うつらうつら	4
うつ向く	3
うつ状態	3
うつ病	0
うつ伏す	3
うつ伏せる	4
うとうと	1
うどんこ病	0
うどん粉	0
うなぎの寝床	0
うなぎ屋	0
うなぎ登り	4
うなぎ飯	0
うなぎ丼	4
うなり声	4
うな重	2
うな垂れる	0
うな丼	0
うねうね	1
うば車	3
うふふ	3
うぶ毛	0
うまれ変わり	0
うま味	0
うま味調味料	6
うみへび座	0
うむ	1
うめき声	4
うようよ	1
うらうら	1
うらぶれる	0
うら枯れる	0
うら若い	4
うら寂しい	5
うら恥ずかしい	6
うら悲しい	5
うりずん	2
うり二つ	1
うるう年	2
うるさ型	0
うるさ方	0
うれし泣き	0
うろうろ	1
うろこ雲	4
うろちょろ	1
うろつき回る	6
うろ憶え	0
うろ覚え	0
うろ抜く	3
うわさ話	4
うわの空	4
うわ気	0
うわ言	0
うん	1
うんうん	1
うんこ	1
うんざり	3
うんち	1
うんと	1
うんとこ	1
うんとこさ	1
うんとこしょ	1
うんともすんとも	1
うん蓄	0
うん薹	0
う蝕	0
う段	1
え	1
えいや	1
えい航	0
ええ	1
ええと	0
えげつない	4
えこ贔屓	3
えさ場	0
えぞ鹿	2
えっ	1
えっさっさ	1
えっちらおっちら	1
えのき茸	3
えびす講	0
えび茶	0
えび反り	0
えへへ	0
えへらえへら	2
えへん	2
えも言われぬ	1
えら呼吸	3
えら物	0
えり好み	0
えり足	0
えり抜き	0
えり抜く	3
えり分ける	4
えんこ	1
えんじ色	0
えんぺら	0
えんま帳	0
えん罪	0
えん堤	0
え辛っぽい	5
え段	1
お	1
おｋ	1
おあつらえ向き	0
おい	1
おいおい	1
おいそれと	1
おいた	2
おいどん	0
おい付く	3
おう	1
おうし座	0
おうむ返し	4
おう吐	1
おえら方	0
おお	1
おおい	2
おおいぬ座	0
おおかみ座	0
おおぐま座	0
おかか	0
おかちん	2
おかみ	2
おが屑	3
おきな草	3
おぎゃあ	2
おくれ毛	0
おく病	3
おこじょ	2
おこた	2
おさげ髪	3
おさらば	2
おしくら饅頭	5
おしっこ	2
おしゃぶり	2
おしゃま	2
おしろい焼	0
おしろい焼け	0
おし黙る	4
おじゃん	2
おじや	2
おじん	2
おす	1
おせち料理	4
おそれ多い	5
おぞけ立つ	4
おたおた	1
おたふく風邪	4
おたんこなす	5
おたんちん	4
おちゃっぴい	4
おちゃらかす	4
おちょくる	3
おちょぼ口	3
おっ	1
おっかない	4
おっかなびっくり	5
おっさん	0
おっちょこちょい	5
おっつかっつ	4
おっと	1
おっとっと	1
おっとり	3
おっとり刀	5
おっぱい	1
おっぽり出す	5
おっ開く	4
おっ広げる	5
おっ魂消る	5
おっ死ぬ	3
おっ放り出す	5
おつむてんてん	2
おでん屋	0
おとぎの国	0
おとぎ話	4
おとし入れる	5
おとめ座	0
おとり捜査	4
おと年	2
おどおど	1
おどり出る	4
おどり上がる	5
おどろおどろしい	7
おひざ元	0
おひつじ座	0
おひょう	0
おびき寄せる	5
おびき出す	4
おぶう	2
おべっか	2
おべんちゃら	0
おぼこ娘	4
おぼろ雲	4
おぼろ月夜	5
おぼろ夜	3
おまんこ	2
おみ足	0
おみ籤	0
おめおめ	1
おめこ	2
おめでた	0
おもい出す	4
おもちゃ屋	0
おもろい	3
おや	2
おやおや	1
おやまあ	1
おり立つ	3
おれ合う	3
おれ込む	3
おろおろ	1
おろおろ声	5
おろか者	0
おろし金	3
おろし立て	0
おんぼろ	0
おんも	1
おんり	1
お愛でたい	4
お愛想	2
お握り	2
お姐さん	2
お安い	0
お偉方	0
お為ごかし	4
お稲荷さん	2
お引き摺り	3
お引摺り	3
お蔭	0
お蔭参り	4
お蔭様	0
お陰	0
お隠れ	0
お羽車	3
お越し	0
お下がり	2
お下げ	2
お下げ髪	3
お下地	3
お化け	2
お化け暦	4
お伽	0
お伽の国	0
お伽草子	4
お伽話	4
お家	0
お家芸	3
お家騒動	4
お暇	0
お河童	0
お花畑	4
お荷物	2
お菓子	2
お芽出度い	4
お芽出度う	0
お会式	0
お絵書き	2
お絵描き	2
お開き	2
お株	0
お釜	0
お粥	0
お冠	0
お寒い	0
お丸	2
お眼鏡	2
お願い	0
お帰り	0
お帰りなさい	6
お気に入り	0
お気の毒	0
お祈り	0
お亀	2
お亀蕎麦	4
お詰	0
お詰め	0
お客さま	4
お客さん	0
お客様	4
お休み	0
お宮	0
お供	2
お供え	0
お侠	2
お強	0
お玉	2
お玉杓子	4
お勤め	0
お金	0
お兄さん	2
お経	0
お迎え	0
お欠き	2
お決まり	2
お決り	2
お結び	2
お月様	1
お見それ	0
お見逸れ	0
お見外れ	0
お見知りおき	0
お見知り置き	0
お見通し	0
お遣い	0
お言葉	0
お古	2
お呼ばれ	2
お呼び	0
お虎子	0
お雇い外国人	8
お互い	0
お互いさま	6
お互いに	0
お互い様	0
お御輿	2
お御籤	0
お好み焼	0
お好み焼き	0
お広め	0
お構い	0
お構いなし	5
お構い無し	5
お絞り	2
お香	1
お高い	3
お高祖頭巾	4
お告	0
お告げ	0
お国	1
お国言葉	4
お国自慢	4
お腰	2
お惚け	0
お座なり	0
お座り	2
お座成り	0
お座敷	0
お歳暮	0
お祭り騒ぎ	5
お菜	0
お作り	0
お札	2
お雑煮	0
お三時	2
お参り	0
お山	0
お山の大将	5
お産	0
お仕置き	0
お仕着せ	0
お仕舞	2
お仕舞い	2
お使	0
お使い	0
お姉さん	2
お子さん	0
お子様	0
お子様ランチ	5
お歯黒	0
お寺	0
お寺さま	5
お寺さん	0
お寺様	5
お持たせ	2
お次	2
お辞儀	0
お七夜	0
お叱り	0
お邪魔	0
お酌	0
お釈迦	0
お釈迦様	5
お主	2
お守	0
お守り	0
お手	0
お手々	0
お手あげ	0
お手つき	2
お手て	0
お手の物	0
お手塩	2
お手許	0
お手玉	2
お手元	0
お手元金	0
お手手	0
お手上げ	0
お手盛り	0
お手洗い	3
お手伝い	2
お手伝いさん	2
お手付き	2
お終い	2
お汁粉	0
お重	2
お祝	0
お祝い	0
お出で	0
お出でなさる	5
お出でになる	5
お出まし	0
お出来	2
お巡りさん	2
お初	0
お召	0
お召し	0
お召し替え	2
お召し物	3
お小言	2
お焦げ	2
お笑い	0
お上	2
お上さん	0
お上りさん	2
お上手	0
お嬢	2
お嬢さま	2
お嬢さん	2
お嬢様	2
お情け	2
お飾り	0
お色直し	4
お触れ	0
お触書	0
お食い初め	0
お尻	0
お新香	0
お浸し	0
お神興	2
お神酒	0
お神渡り	0
お神輿	2
お神籤	0
お針	0
お針子	0
お人よし	0
お人好し	0
お尋ね者	0
お水取り	0
お数	0
お雛様	2
お裾分け	0
お澄まし	2
お世辞	0
お世話	2
お世話さま	0
お成り	0
お清まし	2
お清汁	2
お生	2
お生憎さま	0
お生憎様	0
お声掛かり	4
お節	2
お節介	2
お節料理	4
お先	0
お先真っ暗	6
お先棒	0
お薦	0
お前	0
お前さん	0
お膳	0
お膳立て	0
お祖父さん	2
お祖母さん	2
お粗末	2
お倉	0
お早う	0
お相伴	0
お草々	0
お草々様	0
お草草	0
お草草様	0
お蔵	0
お蔵入り	0
お造り	0
お側	0
お足	0
お揃い	0
お多福	2
お多福豆	4
お多福風邪	4
お多福面	4
お太鼓	0
お太鼓結び	5
お陀仏	2
お駄賃	2
お待ちかね	0
お待ち遠さま	0
お待ち遠様	0
お待ち兼ね	0
お袋	0
お代	0
お代わり	2
お大事に	0
お題目	0
お宅	0
お達し	0
お弾き	2
お段	1
お談義	2
お茶	0
お茶くみ	4
お茶の子	0
お茶の子さいさい	0
お茶汲み	4
お茶請け	0
お中	0
お中元	0
お昼	2
お猪口	2
お喋り	2
お調子者	0
お通し	0
お通夜	2
お釣り	0
お定まり	0
お天気	2
お天気屋	0
お天道様	2
お店	0
お転婆	0
お点前	2
お電話	2
お土産	0
お湯	0
お得	0
お徳	0
お内	1
お内儀さん	0
お鍋	1
お馴み	0
お馴染み	0
お縄	0
お日様	0
お忍び	0
お熱	0
お年玉	0
お捻り	2
お婆さん	2
お婆ん	0
お買い上げ	0
お買上げ	0
お萩	2
お薄	2
お八	2
お八つ	2
お鉢	0
お髪	0
お晩	0
お晩彩	0
お晩菜	0
お番菜	0
お披露目	0
お疲れさま	0
お疲れ様	0
お膝下	0
お膝許	0
お膝元	0
お姫さま	2
お姫様	2
お百度	0
お付き	0
お布令	0
お父さま	2
お父さん	2
お父様	2
お負け	0
お負けに	0
お部屋	0
お風呂	2
お腹	0
お払い箱	0
お払い物	0
お米	0
お別れ	0
お返し	0
お勉め品	0
お弁当	0
お母	0
お母さま	2
お母さん	2
お母様	2
お包み	2
お宝	0
お崩れ	0
お方	0
お坊さん	0
お坊ちゃん	2
お坊っちゃん	2
お墨付き	0
お盆	2
お目	0
お目もじ	0
お目覚	2
お目玉	2
お目見え	0
お目見得	0
お目出度い	4
お目出度う	0
お目通り	0
お目文字	0
お門違い	4
お爺さん	2
お役ごめん	0
お役ご免	0
お役御免	0
お役所仕事	5
お役目	0
お預け	0
お里	0
お立ち	0
お流れ	2
お旅所	0
お涙頂戴	2
お冷	2
お冷や	2
お礼	0
お礼参り	4
お礼奉公	4
お零れ	2
お歴々	0
お歴歴	0
お漏らし	2
お老成	2
お話	0
お話し	0
お話し中	0
お話中	0
お恍け	0
お櫃	0
お洒落	2
お浚い	0
お祓い	0
お襁褓	2
お誂え向き	0
かあかあ	1
かいつぶり	3
かいま見る	4
かい込む	3
かい出す	3
かい潜る	4
かい摘む	0
かかえ込む	4
かかり合う	4
かかわり合う	5
かがみ込む	4
かがり火	3
かき回す	0
かき寄せる	0
かき交ぜる	4
かき口説く	4
かき合せる	5
かき込む	3
かき混ぜる	4
かき集める	5
かき消える	0
かき消す	3
かき切る	3
かき分ける	4
かき鳴らす	0
かき揚げ	0
かき乱す	4
かき立てる	0
かき連ねる	5
かぎ回る	4
かぎ括弧	3
かぎ取る	3
かぎ出す	3
かぎ針	2
かぎ爪	2
かぎ縄	0
かぎ鼻	0
かぎ裂き	0
かくの如く	4
かくはん機	3
かく乱	0
かけたかの鳥	1
かけ寄る	0
かけ橋	2
かけ蕎麦	0
かけ合い	0
かけ合う	3
かけ算	2
かけ持ち	0
かけ声	3
かけ離む	0
かけ離れる	5
かこう岩	2
かごの鳥	0
かさこそ	1
かさねの色目	7
かさ高	0
かさ高い	4
かさ上げ	0
かさ張る	3
かざり職	3
かしめる	3
かしゃかしゃ	1
かじき座	0
かじり付く	4
かじ取り	2
かすみ草	0
かすみ目	0
かすめ取る	4
かすり傷	3
かす汁	3
かずの子	0
かせぎ高	3
かせ糸	3
かぜ薬	3
かたかた	1
かたき討	3
かたき討ち	3
かたくり粉	4
かたこと	1
かたり	2
かたん	2
かた焼	0
かた焼き	0
かた目	0
かちっと	2
かちゃかちゃ	1
かちゃり	2
かちり	2
かちん	2
かち割り	0
かち合う	3
かっか	1
かっきり	3
かっこ	1
かったるい	4
かっちり	3
かっと	0
かっぺ	3
かっぽう着	3
かっぽれ	1
かっ血	0
かっ飛ばす	4
かつお節	0
かつかつ	0
かつぎ出す	4
かてて加えて	1
かなきり声	5
かなぐり捨てる	6
かなとこ雲	5
かな漢字変換	6
かな遣い	3
かな使い	3
かに玉	0
かに座	0
かね	0
かばん語	0
かばん持ち	2
かば焼き	0
かび臭い	4
かぶり笠	4
かぶり付く	4
かぶり物	0
かまくら	0
かま元	0
かみのけ座	0
かみ合う	3
かみ合せ	0
かみ合わせ	0
かみ砕く	4
かみ殺す	4
かみ切る	3
かみ締める	4
かみ付く	0
かむ	0
かもし出す	4
かも知れない	1
かや	0
かや葺	0
かゆみ止め	0
から	1
からきし	0
からきり	0
からくり人形	5
からころ	1
からし菜	0
からすの濡れ羽色	1
からす貝	3
からす座	0
からす麦	4
からっきし	0
からっと	2
からっ風	2
からみ合う	4
からり	2
から騒ぎ	3
から風	0
かりん糖	0
かれ草	0
かん	1
かんかん	1
かんかん照り	0
かんかん帽	3
かんこ鳥	3
かんしゃく玉	0
かんな屑	4
かんの虫	0
かんばん方式	5
かんむり座	0
かんらん岩	3
かん口令	3
かん高い	4
かん子	1
かん水	0
かん木	0
かん流	0
か縁	0
か具	1
か国	0
か黒い	3
か細い	3
か弱い	3
か文字	0
がい骨	1
がが芋	0
がが藷	0
がくんと	2
がけ崩れ	3
がさごそ	1
がさつ	0
がざみ	0
がしんたれ	0
がせねた	0
がたい	0
がたごと	1
がたっと	2
がたつく	0
がたぴし	1
がたり	2
がたん	2
がた落ち	0
がちっと	2
がちゃつく	0
がちゃん	2
がちゃ目	0
がちん	2
がちんこ	0
がっかり	3
がっくり	3
がっしり	3
がっちり	3
がっつく	0
がっぷり	0
がっぽがっぽ	1
がっぽり	3
がつがつ	1
がつん	2
がなり立てる	5
がに股	0
がばと	1
がぶがぶ	1
がぶる	2
がぶ飲み	0
がぶ呑み	0
がぼがぼ	1
がまん強い	5
がま口	0
がみがみ	1
がめつい	3
がめる	2
がやがや	1
がらがら蛇	5
がらがら声	5
がらっと	2
がらっぱち	0
がらり	2
がらんと	2
がらんどう	0
がら空き	0
がら明き	0
がり	1
がり版	0
がり勉	0
がれ	2
がれ場	0
がん	1
がんがん	1
がんじ搦め	4
がんばり屋	0
がんも	1
がん首	0
がん抑制遺伝子	7
きかん気	0
きき酒	0
きき返す	3
きしきし	1
きしり	2
きし麺	0
きちきち蝗虫	5
きちっと	2
きちんきちん	2
きちんと	2
きっかり	3
きっきゅう如	3
きっちり	3
きっぱり	3
きつい	0
きつねの嫁入り	0
きつね色	0
きなこ餅	3
きな臭い	4
きな粉	1
きな粉餅	3
きぬごし豆腐	5
きぬた骨	3
きのこ雲	4
きのこ取り	3
きびきび	1
きまり悪い	5
きまり文句	4
きも吸	2
きも吸い	2
きゃあ	1
きゃあきゃあ	1
きゃっ	1
きゃっきゃっ	1
きゅう舎	1
きゅう首	1
きゅう鏘	0
きゅっと	1
きょしちょう座	0
きょときょと	1
きょとんと	2
きょろきょろ	1
きょろり	2
きらきら	1
きらり	2
きりきり	1
きりきり舞い	4
きりっと	2
きりり	2
きり揉み	0
きれい事	0
きんき	1
きんきらきん	5
きんきん	1
き印	2
き鳳鏡	0
き鳳文	2
き裂	0
ぎいぎい	1
ぎくぎく	1
ぎくしゃく	1
ぎくっと	2
ぎくり	2
ぎこちない	4
ぎごちない	4
ぎざぎざ	1
ぎしぎし	1
ぎすぎす	1
ぎたぎた	1
ぎっくり腰	4
ぎっしり	3
ぎっちょ	1
ぎっちり	3
ぎゃあ	1
ぎゃあぎゃあ	1
ぎゃっ	1
ぎゃふん	2
ぎゅうぎゅう詰め	0
ぎゅう詰め	0
ぎゅっと	0
ぎょっと	0
ぎょろぎょろ	1
ぎょろり	2
ぎょろ目	0
ぎらぎら	1
ぎらつく	0
ぎらり	2
ぎりぎり	1
ぎろぎろ	1
ぎろり	2
くいしん坊	3
くい違い	0
くい違う	4
くい止める	4
くぐり戸	3
くぐり抜ける	5
くさくさ	2
くさび形	0
くさび石	3
くさや	0
くされ縁	3
くし形	0
くじゃく座	0
くじら座	0
くじ引き	0
くじ運	0
くすくす	2
くすっと	2
くすねる	3
くすみ	3
くすむ	2
くすりと	2
くすり指	3
くすん	2
くす玉	0
くず屋	2
くず物	2
くず粉	3
くせ者	0
くせ毛	0
くそ度胸	3
くたばりぞこない	0
くたばる	3
くたびれ儲け	5
くだくだ	1
くだくだしい	5
くだけ波	3
くっきり	3
くつくつ	1
くつわ虫	3
くつ屋	2
くつ下	2
くどくど	1
くねくね	1
くねる	2
くの一	2
くの字点	3
くぼ地	0
くみ取り便所	5
くみ取る	3
くみ上げる	4
くも膜	2
くも膜下出血	6
くよくよ	1
くらくら	1
くらっと	2
くら替え	0
くり下がる	4
くり出す	3
くり色	0
くり抜く	3
くり返し	0
くり返す	3
くるくる	1
くるみ油	4
くるり棒	3
くる病	0
くわえ込む	4
くわ入れ	0
くんくん	1
くん蒸	0
くん製	0
くノ一	2
ぐいぐい	1
ぐいっと	2
ぐいと	1
ぐい飲み	0
ぐい呑	0
ぐい呑み	0
ぐう	1
ぐうぐう	1
ぐうたら	0
ぐさりと	2
ぐしゃっと	2
ぐしょぐしょ	0
ぐしょ濡れ	0
ぐし縫	0
ぐじぐじ	1
ぐすぐす	1
ぐたぐた	1
ぐたり	2
ぐちょぐちょ	0
ぐち話	3
ぐっしょり	3
ぐっすり	3
ぐったり	3
ぐっと	0
ぐつぐつ	1
ぐでぐで	0
ぐでんぐでん	0
ぐにゃっと	2
ぐにゃり	2
ぐびぐび	1
ぐびりぐびり	2
ぐらっと	2
ぐらつく	0
ぐらり	2
ぐる	1
ぐるぐる	1
ぐるっと	2
ぐるり	2
ぐるりと	2
ぐれる	2
ぐんぐん	1
ぐんと	0
ぐんにゃり	3
けい線	0
けい線表	0
けい動脈	3
けが人	0
けし粒	3
けじめ	0
けたけた	1
けたたましい	5
けた違い	3
けた外れ	3
けち	1
けちけち	1
けちょんけちょん	0
けちる	2
けちん坊	2
けち臭い	4
けったい	1
けど	1
けども	1
けばけば	1
けらけら	1
けり	2
けり込む	3
けり返す	3
けれど	1
けれども	1
けろっと	2
けろり	2
けん	1
けんか腰	0
けんか両成敗	6
けんけん	1
けんせい球	0
けんちん汁	5
けんびきょう座	0
けんもほろろ	1
けん引	0
けん玉	0
けん制	0
けん制球	0
けん伝	0
けん土重来	1
けん盤	0
げえげえ	1
げそげそ	0
げた箱	0
げっそり	3
げっぷ	0
げっ歯類	3
げらげら	1
げろ	1
げろげろ	1
げんなり	3
こいさん	2
こうもり傘	5
こう頭	0
こがね虫	3
こき下ろす	4
こき使う	1
こぎつね座	0
こぎ着ける	4
こくり	2
こけこっこう	2
こけら葺き	0
こけら落とし	4
こける	2
こげ茶	0
ここの所	6
こざっぱり	4
こざと偏	0
こし器	2
こし餡	0
こじつけ	0
こじつける	4
こじ開ける	4
こすり合わせる	6
こせこせ	1
こせつく	0
こそあど	0
こそこそ	1
こそこそ泥棒	5
こそばゆい	4
こそ泥	0
こちょこちょ	1
こちんこちん	0
こっきり	0
こっそり	3
こってり	3
こっぱ微塵	1
こっ酷い	4
こつこつ	1
こつんと	2
こてこて	1
こてんこてん	0
こてんぱん	0
ことこと	1
ことなかれ主義	6
ことば典	0
ことほど左様に	2
ことん	2
こと座	0
こと足りる	0
こと程さように	2
こと程左様に	2
こと霊	0
こどもの日	5
こぬか雨	4
こねくり返す	5
こね回す	4
こね上げる	0
こね返す	3
この位	0
この外	2
この間	0
この期	0
この後	2
この頃	0
この際	3
この次	4
この手	3
この所	0
この上	0
この世	0
この節	2
この先	0
この前	3
この程	2
この度	2
この分	3
この辺	0
この様	3
この儘	4
こぼし屋	0
こぼれ種	4
こぼれ落ちる	5
こぼれ話	4
こましゃくれる	5
こませ	0
こまちゃくれる	5
こまっしゃくれる	6
こまっちゃくれる	6
こま撮り	2
こみ合う	3
こみ上げる	4
こむら返り	4
こよなく	3
こら	1
こりこり	1
こりゃ	1
これ	1
これっ切り	5
これ見よがし	4
ころ	1
ころころ	1
ころっと	2
ころり	2
ころ柿	2
こん	1
こんがらかる	5
こんがり	3
こんこん	1
こんこんちき	3
こんな	0
こんもり	3
こん包	0
こん棒	0
こ文字	2
ごう慢	0
ごくごく	1
ごくり	2
ごく潰し	3
ごしごし	1
ごそごそ	1
ごそり	2
ごたつく	0
ごた混ぜ	0
ごちゃ混ぜ	0
ごっくり	3
ごっそり	3
ごった	0
ごった煮	0
ごった返えす	4
ごった返す	4
ごっちゃ	0
ごっつい	3
ごってり	3
ごつい	2
ごつごつ	1
ごつん	2
ごてごて	1
ごとごと	1
ごとり	2
ごねる	2
ごね得	0
ごほごほ	1
ごほん	2
ごぼごぼ	1
ごましお頭	5
ごまんと	2
ごま塩頭	5
ごま豆腐	3
ごま味噌	0
ごま油	3
ごま和え	0
ごみごみ	1
ごみ捨て場	0
ごみ箱	0
ごみ溜	0
ごり押し	0
ごろごろ様	6
ごろっと	2
ごろつく	0
ごろりと	2
ごろ合わせ	3
ごろ寝	0
ごわす	2
ごわつく	0
ごんごん	1
ご挨拶	2
ご意見番	3
ご一新	2
ご影	0
ご詠歌	2
ご恩	2
ご下問	0
ご家人	0
ご機嫌	0
ご機嫌ななめ	6
ご機嫌よう	5
ご機嫌斜め	6
ご苦労	2
ご苦労さま	2
ご苦労様	2
ご沙汰	2
ご座います	4
ご座る	2
ご座所	2
ご三家	2
ご三卿	2
ご朱印	0
ご朱印船	0
ご愁傷さま	0
ご愁傷様	0
ご所	1
ご所車	3
ご新造	2
ご真影	0
ご神火	2
ご神体	0
ご神灯	0
ご神燈	0
ご前会議	4
ご存じ	2
ご存知	2
ご多分	0
ご大層	2
ご託	0
ご馳走	0
ご馳走さま	0
ご殿	1
ご殿女中	4
ご都合主義	5
ご難	2
ご念	2
ご破算	0
ご飯	1
ご飯蒸し	2
ご飯粒	4
ご廟	1
ご不沙汰	0
ご不浄	0
ご府内	2
ご幣担ぎ	4
ご無沙汰	0
ご無理ご尤も	2
ご免	0
ご面相	2
ご尤も	2
ご用学者	4
ご用始め	4
ご用商人	4
ご用新聞	4
ご用組合	4
ご用達	3
ご用納め	4
ご用聞き	2
ご来光	0
ご覧	0
ご覧なさる	5
ご利益	2
ご寮人	2
ご陵	1
ご霊前	0
さ	1
さあ	1
さあさあ	1
さあっと	2
さいなら	3
さいの目	0
さいまき	0
さい銭	0
さお竹	0
さがし出す	4
さく	0
さくい	2
さくさく	1
さくら貝	3
さくら味噌	4
さく乳器	3
さく薬	0
さく裂	0
ささくれ	0
ささくれる	4
ささくれ立つ	5
ささげ持つ	4
ささげ銃	3
ささめく	3
ささ身	0
さざめき	0
さざめく	3
さざれ石	3
さざ波	0
さし	2
さし絵	0
さし出す	3
さし招く	4
さし迫る	4
さじ加減	3
さす	0
させる	0
さそり座	0
さっくり	3
さっぱり	3
さつま芋	0
さてこそ	1
さてさて	1
さては	1
さて置く	1
さばけ口	3
さばさば	1
さば雲	0
さば節	0
さび	2
さび止め	0
さび色	0
さび抜き	0
さめざめ	3
さもしい	3
さやさや	1
さや取り	0
さよなら	3
さらけ出す	4
さらさら	1
さらし者	0
さらし首	3
さらし粉	0
さらっと	2
さらり	2
さり気ない	4
さり乍ら	3
さる者	1
さんざ	0
さんざめく	4
さん付け	0
さ湯	1
さ迷う	3
さ来月	0
さ来週	0
さ来年	0
ざあざあ	1
ざくろ鼻	3
ざく切り	0
ざざ虫	2
ざっくざっく	1
ざっくばらん	1
ざっくり	3
ざっと	0
ざぶざぶ	1
ざぶり	2
ざらつく	0
ざらめ糖	0
ざら紙	0
ざら場	0
ざる蕎麦	0
ざわざわ	1
ざわつく	0
ざんばら髪	0
ざんぶ	1
し	1
しい	1
しいさあ	0
しいの木	1
しいら	0
しおらしい	4
しかめっ面	0
しかめ面	0
しかる後	2
しがない	3
しきい値	3
しくしく	2
しくじり	0
しくじる	3
しけもく	0
しこたま	0
しこ名	0
しし鍋	0
したたか者	0
したり	2
したり顔	0
しだらない	4
しだれ桜	4
しち面倒臭い	8
しっかり者	0
しっくり	3
しっこ	1
しっちゃかめっちゃか	5
しっとり	3
しっぺ返し	4
しっぽり	3
しつけ糸	4
しつこい	3
しつっこい	4
して	0
してからが	2
してみると	3
してみれば	3
して遣る	0
しとしと	2
しとど	0
しどけない	4
しどろもどろ	4
しなしな	1
しなの木	1
しばしば	1
しばしば目	4
しびれ薬	4
しぶとい	3
しぼり込む	4
しぼり汁	4
しぼり立て	0
しまい込む	4
しま模様	3
しみったれ	0
しみったれる	5
しみ出る	3
しめしめ	1
しめやか	2
しめ飾り	3
しめ縄	0
しもた屋	0
しもつかれ	3
しもつけ草	0
しゃあしゃあ	3
しゃがみ込む	4
しゃがむ	0
しゃきしゃき	1
しゃきっと	2
しゃぎり	0
しゃくの種	4
しゃくり上げる	5
しゃく熱	0
しゃこ貝	2
しゃしゃり出る	4
しゃちほこ張る	5
しゃっきり	3
しゃっちょこ立ち	0
しゃなりしゃなり	1
しゃぶしゃぶ	0
しゃぶり付く	4
しゃぶる	0
しゃりしゃり	1
しゃれっ気	0
しゃれ込む	3
しゃんと	0
しゅっしゅっ	1
しゅんと	0
しゅん功	0
しゅん工	0
しょうが酢	3
しょう液	1
しょう油	0
しょっちゅう	1
しょっぴく	3
しょびく	2
しょぼい	2
しょぼくれる	0
しょぼしょぼ	1
しょぼつく	0
しょぼん	2
しょんぼり	3
しらっと	2
しらばくれる	5
しらばっくれる	6
しるこ屋	0
しれっと	2
しわがれ声	5
しわ胃	2
しわ寄せ	0
しんと	0
しんどい	3
しんなり	3
しんねり	3
しんみり	3
しん酌	1
し慣れる	3
し給え	0
し兼ねる	3
し向ける	3
し合う	2
し始める	4
し終える	0
し尽くす	3
し遂げる	3
し損じる	4
し直す	3
し難い	3
し尿	0
し放題	2
じいじい	1
じいんと	0
じくじく	1
じたばた	1
じっくり	3
じっとり	3
じぶ煮	0
じめじめ	1
じゃあじゃあ	1
じゃかすか	1
じゃじゃ馬	0
じゃぶじゃぶ	1
じゃま立て	0
じゃらじゃら	1
じゃら付く	0
じゃれ付く	0
じゃんじゃか	1
じゃんじゃん	1
じゃん拳	3
じゃん拳ぽん	3
じゃ口	0
じゅうじゅう	1
じゅくじゅく	1
じゅん菜	0
じゅ文	0
じょう嚢	0
じりじり	1
じり安	0
じり高	0
じり貧	0
じろじろ	1
じろっと	2
じろり	2
じわじわ	1
じわっと	2
じんと	0
じんわり	3
じん帯	0
じん肺	0
すいすい	1
すい炎	1
すい星	0
すうすう	1
すうっと	0
すう勢	0
すえ臭い	4
すか	2
すかす	0
すかすか	0
すかっと	2
すかり	2
すがり	0
すがる	0
すきま風	3
すき間	0
すき焼	0
すき焼き	0
すき身	0
すき腹	0
すくい上げる	5
すくすく	2
すくみ上がる	5
すくも	0
すぐ様	1
すけこまし	0
すご腕	0
すし詰め	0
すし飯	0
すじ違い	3
すじ雲	0
すすり泣き	0
すすり泣く	4
すすり上げる	5
すす色	0
すす掃き	2
すす払い	3
すずめの涙	5
すそ分け	0
すたこら	2
すたすた	2
すだ椎	2
すっからかん	5
すっかり	3
すっきり	3
すっくと	1
すっこむ	3
すっすっ	1
すってんころり	3
すってんころりん	3
すってんてん	5
すっと	0
すっとこどっこい	7
すっぱり	3
すっぱ抜き	0
すっぱ抜く	4
すっぽかす	4
すっぽり	3
すっぽんぽん	5
すっぽ抜ける	5
すっ飛ぶ	3
すっ裸	3
すててこ	0
すとん	2
すばしこい	4
すばしっこい	5
すぱっと	2
すぱり	2
すべた	1
すべり出し	0
すべり台	3
すぽっと	2
すぽん	2
すまし汁	4
すまじき	2
すみれ色	0
すやすや	1
すらすら	1
すらっと	2
すらり	2
すり寄る	3
すり減らす	4
すり減る	3
すり合せる	5
すり合わせる	5
すり込む	3
すり傷	2
すり身	3
すり足	2
すり替える	4
すり潰す	4
すり鉢	2
すり抜ける	4
すり付ける	4
すり流し	0
するする	1
すると	0
するり	2
すれ違い	0
すれ違う	4
すわ	1
すんなり	3
ずい分	1
ずうずう弁	0
ずうっと	0
ずかずか	1
ずきずき	1
ずきんずきん	2
ずく無し	0
ずけずけ	1
ずしずし	1
ずしり	2
ずっこけ	0
ずっこける	4
ずっしり	3
ずっと	0
ずどん	2
ずばずば	1
ずばっと	2
ずばり	2
ずば抜ける	4
ずぶ	1
ずぶり	2
ずぶ濡れ	0
ずべら	0
ずべら坊	3
ずべ公	3
ずぼら	0
ずらかる	0
ずらずら	1
ずらっと	2
ずらり	2
ずり	2
ずり下がる	4
ずり上がる	4
ずり落ちる	4
ずる休み	3
ずる賢い	5
ずれ	2
ずれる	2
ずれ込む	0
ずわい蟹	2
ずんぐり	3
ずんぐりむっくり	5
ずんずん	1
ずんと	1
せいご	0
せえの	1
せかせか	1
せがむ	2
せき止める	4
せき立てる	4
せこい	2
せしめる	3
せせこましい	5
せせらぎ	0
せせら笑い	4
せせら笑う	5
せせり蝶	3
せせり箸	4
せせる	2
せっかち	1
せっけん石	3
せっせと	1
せっぱ詰まる	1
せびる	2
せめぎ合い	0
せめぎ合う	4
せめて	1
せり出す	3
せん光	0
せん孔機	3
せん妄	0
ぜいぜい	1
ぜい肉	0
ぜん音	0
そううつ病	0
そうね	1
そう言う	0
そう身	0
そう氷	0
そう痒	0
そおき	1
そぎ切り	0
そぎ落とす	4
そぐう	2
そぐわない	3
そこそこ	0
そこはかとない	6
そこはかとなく	6
そこまで	3
そそくさ	1
そそける	0
そそけ立つ	4
そそっかしい	5
そそり勃つ	4
そそり立つ	4
そぞろ歩き	4
そち退け	0
そっくり	3
そっくり返る	5
そっち退け	0
そっと	0
そつ	0
そと湯	2
そない	0
そのよう	3
その為	0
その外	2
その間	3
その気	0
その儀	0
その筋	3
その後	0
その頃	3
その実	0
その上	0
その場	0
その場しのぎ	4
その場限り	4
その場逃れ	4
その場凌ぎ	4
その昔	0
その折り	0
その節	2
その他	2
その都度	3
その道	0
その内	0
その日	3
その日その日	3
その日暮し	4
その日暮らし	4
その筈	0
その分	3
その癖	0
その辺	0
その方	2
そば屋	2
そば殻	0
そば杖	0
そば切	2
そば切り	2
そば湯	2
そば粉	3
そびえ立つ	4
そびれる	3
そぼそぼ	1
そぼろ	0
そぼ降る	3
そやす	2
そよ	1
そよそよ	1
そよ風	2
そら	1
そら似	3
そら耳	0
そら豆	2
そりゃ	1
そり上げる	4
そり跡	0
それ	1
それかあらぬか	5
それこそ	3
それすら	3
それだから	3
それっ切り	5
それなのに	3
それにしても	5
それ計り	3
それ故	0
それ自身	3
それ自体	3
それ式	0
それ処か	3
それ切り	4
それ相応	0
それ程	0
それ迄	3
そろい踏み	0
そろそろ	1
そろっと	2
そろり	2
そわそわ	1
そんじょそこら	5
そんな	0
そんなこんな	6
そんなに	0
そん色	0
ぞくぞく	1
ぞくっと	2
ぞっこん	0
ぞっと	0
ぞろぞろ	1
ぞろり	2
ぞろ目	0
ぞんざい	3
たあい	0
たい肥	1
たかり	0
たか派	0
たき火	0
たき木	0
たくし上げる	5
たけり	0
たけり狂う	5
たけり立つ	4
たこ焼	0
たこ焼き	0
たこ上げ	2
たこ足	0
たこ部屋	0
たこ揚げ	2
たじたじ	0
たじろぐ	3
たすき掛け	0
たたき壊す	5
たたき起こす	5
たたき込む	4
たたき出す	4
たたき上げ	0
たたき切る	4
たたき台	0
たたき売り	3
たたみ皴	0
たたみ皺	0
たたら星	3
ただし書	0
ただし書き	0
ただ今	4
ただ事	0
ただ者	0
ただ乗り	0
ただ中	2
ただ働き	3
たった	0
たった今	4
たって	1
たっぷり	3
たっ観	0
たっ成	0
たて琴	2
たて穴	0
たて糸	0
たとう紙	2
たとえ話	4
たどり着く	4
たなご	0
たな引く	3
たぬき寝入り	4
たね違い	3
たね明かし	3
たのもし講	0
たばこ税	3
たび心	3
たび人	0
たまご酒	3
たまご焼き	0
たまご色	0
たまて箱	3
たまり醤油	4
たまり場	0
たまり水	3
たま蝿	2
たま蜂	2
たま蠅	2
ため桶	0
ため込む	3
ため書き	0
ため息	3
ため池	0
たも	1
たも網	0
たら	1
たらい回し	4
たらし込む	4
たらたら	1
たらの木	1
たらば蟹	3
たら子	3
たる木	0
たれ込む	0
たれ壁	2
たれ流し	0
たわい	0
たわい無い	4
たわけ者	0
たわ言	0
たんこぶ	3
たんと	0
たんぱく質	4
たんぽ	1
たんぽ槍	3
たんま	1
たんまり	3
だいご味	3
だいだい色	0
だから	1
だが	1
だくだく	1
だく足	0
だけど	1
だけども	1
だけれども	1
ださい	2
だし巻き卵	5
だだっ広い	5
だだっ子	2
だだっ児	2
だったら	1
だって	1
だふ屋	2
だぶつく	0
だぼ鯊	0
だまし絵	3
だまし討ち	3
だみ声	0
だめ押し	0
だもんで	2
だらける	3
だらだら	1
だらだら坂	4
だれ	2
だれる	2
だれ一人	1
だんな様	0
だ円	0
だ円形	0
だ体	0
だ捕	1
ちいと	0
ちぇっ	1
ちかちか	1
ちくちく	2
ちくっと	2
ちくと	2
ちくり	2
ちくりちくり	2
ちくる	2
ちぐはぐ	1
ちぢれ毛	0
ちっとやそっと	3
ちびちび	1
ちびりちびり	2
ちびる	2
ちぼ	1
ちまちま	1
ちゃきちゃき	0
ちゃち	1
ちゃっかり	3
ちゃぶ台	0
ちゃら	1
ちゃらける	3
ちゃらちゃら	1
ちゃらっぽこ	0
ちゃらんぽらん	0
ちゃり	1
ちゃりんこ	0
ちゃん	1
ちゃんこ	1
ちゃんこ鍋	4
ちゃんこ番	0
ちゃんこ料理	4
ちゃんちゃらおかしい	7
ちゃんちゃん	3
ちゃんちゃんこ	3
ちゃんちゃんばらばら	5
ちゃんと	0
ちゃんばら	0
ちゃんぽん	1
ちゃ色	0
ちやほや	1
ちゅう	1
ちょい	1
ちょいちょい	1
ちょい役	0
ちょう形骨	3
ちょう度	1
ちょくちょく	1
ちょこちょこ	1
ちょこっと	2
ちょこまか	1
ちょっかい	1
ちょっきり	3
ちょっくら	3
ちょっと見	0
ちょっぴり	3
ちょびっと	2
ちょび髭	0
ちょろい	2
ちょろちょろ	1
ちょろっと	2
ちょろまかす	4
ちょん	1
ちょんぼ	1
ちょん掛	0
ちょん掛け	0
ちらし寿司	3
ちらちら	1
ちらっと	2
ちらつかせる	0
ちらつき	0
ちらつく	0
ちらと	2
ちらほら	1
ちらり	2
ちらりほらり	2
ちり	1
ちりちり	0
ちりんちりん	2
ちり紙	0
ちり紙交換	5
ちり取	3
ちり取り	3
ちり鍋	0
ちろちろ	1
ちん	1
ちんけ	1
ちんこ	1
ちんちくりん	0
ちんちん	1
ちんちん電車	5
ちんどん屋	0
ちんぴら	0
ちんぽ	1
ちんまり	3
ちん入	0
つい	1
ついつい	1
ついて回る	1
つうと	1
つかず離れず	2
つかつか	2
つかの間	0
つかみ合う	4
つかみ取る	4
つかみ所	0
つき合い	3
つき合う	3
つき刺す	3
つき指	0
つき従う	5
つき出し	0
つき出す	3
つき出る	3
つぎ込む	3
つくつく法師	5
つくねんと	0
つくり出す	4
つくり直す	5
つけっ放し	0
つけつけ	2
つけ加える	5
つけ込む	3
つけ入る	3
つけ麺	0
つけ毛	2
つじ風	0
つっと	0
つつき回す	5
つづり方	4
つづれ錦	4
つづれ織り	0
つと	1
つなぎ合わせる	6
つなぎ止める	5
つなぎ目	0
つなぎ融資	4
つばす	0
つばぜり合い	3
つば迫り合い	3
つぶし島田	4
つぶし餡	0
つべこべ	1
つまみ食い	0
つまる処	2
つまる所	2
つま先	0
つま先上がり	5
つま先立つ	5
つみ重ねる	5
つむじ曲がり	4
つむじ風	3
つめ込む	0
つめ車	3
つや出し	0
つや消し	0
つや消しガラス	5
つらぬき通す	5
つり下げる	4
つり革	0
つり橋	0
つり具	0
つり上げる	4
つり針	0
つり銭	0
つり輪	0
つるし雲	4
つるし上げ	0
つるし上げる	5
つるっ禿	0
つるり	2
つる鋸	1
つる座	0
つる植物	4
つる性	0
つる草	2
つれない	3
つれ添う	3
つわ者	0
つんけん	1
つんつん	1
つんと	0
つんのめる	4
つんぼ桟敷	4
てきぱき	1
てき儻	0
てくてく	1
てくシー	1
てこ入れ	0
てっきり	3
てっぺんかけたか	3
てらてら	1
てるてる坊主	5
てれ隠し	3
てんから	0
てんこ盛り	0
てんてこ舞	4
てんてこ舞い	4
てんで	0
てんでに	0
てんでん	3
てんでんばらばら	3
てんとう虫	3
てんびん座	0
てんやわんや	4
てん補	1
で	1
であるから	2
である体	0
でか	1
でかい	2
でかでか	3
でき次第	3
でき上がる	0
でき損い	0
でくでく	1
でくの坊	3
ですから	1
ですが	1
ですます体	0
です体	0
でっかい	3
でっち上げ	0
でっち上げる	5
でっぷり	3
では	1
でぶ	1
でぶっちょ	2
でも	1
でれっと	2
でれつく	0
でれでれ	1
でれる	2
でんぐり返る	5
でんでん虫	3
でんと	1
でん粉	0
とうの昔	1
とかげ座	0
とき	2
ときの声	4
ときめき	0
ときめく	3
とき卵	3
とぎ汁	0
とくとく	1
とけい座	0
とけ込む	0
とげ抜き	4
とことこ	1
とことん	3
ところ狭し	4
ところ天	0
とじ針	3
とちる	2
とっくの昔	0
とっくり	3
とったり	0
とっちる	3
とって代わる	1
とっと	0
とっとと	1
とっぷり	3
とっぽい	3
とと	1
とは言え	1
とば口	0
とびうお座	0
とび交う	3
とび職	2
とび色	0
とぼとぼ	1
とまれ	1
ともし火	0
ともすると	1
ともすれば	1
とも座	0
とも星	2
とらの子	0
とりこし苦労	5
とりの日	4
とり囲む	0
とり貝	2
とり結ぶ	0
とり残す	4
とり出す	3
とり払う	4
とり戻す	4
とろ	1
とろい	2
とろくさい	4
とろみ	0
とろり	2
とろろ芋	0
とろろ昆布	4
とろろ汁	4
とろん	2
とろ火	0
とん	1
とんかち	1
とんがり帽子	5
とんずら	0
とんだ	0
とんとん拍子	5
とんぶり	0
とんぼ帰り	4
とんぼ返り	4
とん汁	0
と金	0
と言う	0
と畜場	0
どう	1
どうか	1
どうかすると	1
どうこう	1
どうせ	0
どうぞ	1
どうでも	1
どうと	1
どうどう	1
どうにか	1
どうも	1
どうやら	1
どうやらこうやら	5
どうれ	1
どう致しまして	1
どう猛	0
どかっと	2
どかどか	1
どかり	2
どかん	2
どか食い	0
どきっと	2
どきつく	0
どきどき	1
どきり	2
どきんと	2
どぎつい	0
どぎまぎ	1
どくどく	1
どけち	2
どさどさ	1
どさり	2
どさ回り	3
どしどし	1
どしゃ降り	0
どしり	2
どしん	2
どじ	1
どじる	2
どす	0
どすこい	3
どすん	2
どす黒い	4
どたどた	1
どたばた喜劇	5
どたん	2
どっかと	3
どっかり	3
どっきり	3
どっこい	3
どっこいしょ	3
どっこいどっこい	5
どっさり	3
どっしり	3
どっち道	0
どっと	0
どっぷり	3
どでかい	3
どなり立てる	5
どの位	0
どの道	1
どの辺	0
どの様	1
どぶ	1
どぶん	2
どぶ鼠	3
どぶ漬	0
どぶ漬け	0
どぶ板	0
どぼん	2
どや	2
どやす	2
どやどや	1
どや街	2
どら	1
どら焼き	0
どら声	0
どら息子	3
どら猫	0
どり	0
どれか	1
どれだけ	0
どれ程	0
どろぼう猫	5
どろり	2
どろん	2
どん	1
どんけつ	0
どんちゃん騒ぎ	5
どんつく	1
どんでん返し	5
どんと	0
どんど	0
どんどん	1
どんど焼	0
どんど焼き	0
どんな	1
どんなに	1
どんぴしゃり	1
どんぶらこ	1
どんぶり	3
どんぶりこ	1
どんぶり勘定	5
どんより	3
どん詰まり	0
どん詰り	0
どん尻	0
どん底	0
ど偉い	3
ど根性	2
ど真ん中	2
ど真中	2
ど頭	3
ど突く	2
ど忘れ	2
な	1
なあ	1
なあなあ	3
ない交ぜ	0
なお更	0
なお書	0
ながし眼	0
ながし目	0
ながら族	3
なぎ倒す	4
なしの礫	4
なし崩し	0
なじみ深い	5
なすり合い	0
なずらえ歌	4
なた豆	0
なだれ込む	4
なで回す	4
なに食わぬ顔	4
なのに	1
なぶり殺し	0
なべ物	2
なまこ板	4
なまり節	0
なみなみ	3
なめし革	0
なめし皮	0
なよなよ	1
なよやか	2
なら	1
ならず者	0
ならない	2
ならぬ	2
ならば	1
なり下がる	4
なり手	3
なり年	2
なれども	1
なれの果て	0
なれ合い	0
なれ鮨	2
なわ編み	0
なんだ	1
なんでも屋	0
に	1
にいにい蝉	3
にぎり寿司	3
にぎり鮨	3
にげ出す	3
にこっと	2
にこにこ	1
にこぽん	0
にこやか	2
にこよん	0
にこり	2
にじみ出る	4
にじり寄る	4
にじり口	3
にたつく	0
にたにた	1
にたり	2
にちゃにちゃ	1
にっこり	3
にっと	0
にない手	0
にも掛かわらず	1
にも関らず	1
にも関わらず	1
にも拘らず	1
にも拘わらず	1
にゃあにゃあ	1
にやつく	0
にやにや	1
にやり	2
にゅっと	0
にょきにょき	1
にょっきり	3
にょろにょろ	1
にらいかない	4
にらみ合い	0
にらみ付ける	5
にわか雨	4
にんまり	3
に依る	2
に因る	2
に拠る	2
ぬうっと	0
ぬえ的	0
ぬか喜び	3
ぬか床	0
ぬき出す	3
ぬき足	0
ぬぐい去る	4
ぬぐい取る	4
ぬすみ食い	0
ぬたくる	3
ぬっと	0
ぬっぺらぼう	4
ぬらぬら	1
ぬらりくらり	2
ぬるま湯	3
ぬれ手	0
ね	1
ねえ	1
ねじり秤	4
ねじれ秤	4
ねじ花	0
ねじ回し	3
ねじ曲げる	4
ねじ込む	3
ねじ釘	2
ねじ伏せる	4
ねずみ講	0
ねずみ算	3
ねずみ取り	3
ねずみ色	0
ねた	0
ねちこい	3
ねちっこい	4
ねちねち	1
ねっとり	3
ねつ造	0
ねとねと	1
ねばり強い	5
ねぶり箸	4
ねんね	1
ねんねん	1
のうのう	3
のけ者	0
のこのこ	1
のさばる	3
のしのし	1
のし紙	2
のし袋	3
のし歩く	4
のそのそ	1
のそり	2
のそりのそり	2
のぞき見	0
のぞき込む	4
のたうち回る	6
のたくる	3
のたりのたり	2
のたれ死に	0
のた打ち回る	6
のっけ	0
のっしのっし	1
のっそり	3
のっと	1
のっぺらぼう	4
のっぺらぽう	4
のっぺり	3
のっぽ	1
のど自慢	3
のど仏	3
のべつ	1
のべつ幕なし	1
のべつ幕無し	1
のぼせ上がる	5
のぼり詰める	5
のぼり坂	0
のみならず	1
のみの市	4
のみ込む	3
のめのめ	1
のめり込む	4
のめる	2
のらくら	1
のらりくらり	2
のり巻き	2
のり面	0
のろ	1
のろけ話	4
のろのろ	1
のんどり	3
のんびり	3
のんべんだらり	6
は	1
はあ	1
はい	1
はいはい	1
はいり込む	4
はい芽	0
はい回る	4
はい出す	3
はい出る	3
はえ座	0
はかり知れない	0
はきはき	1
はぎ取る	3
はくしょん	1
はくちょう座	0
はく製	0
はぐる	2
はけ口	2
はげ山	0
はげ上がる	4
はげ頭	3
はげ落ちる	4
はこべ塩	3
はごいた市	4
はしご車	3
はしご酒	3
はしご段	0
はした金	0
はしどい	0
はじき出す	4
はじき飛ばす	5
はじけ飛ぶ	0
はす交い	0
はす向かい	3
はず押し	0
はせ参じる	5
はたはた	1
はためく	3
はた迷惑	3
はた目	0
はちの子	0
はちぶんぎ座	0
はち切れる	4
はち蜜	0
はっきり	3
はっけよい	1
はったい粉	0
はったり	0
はっと	1
はっ着	0
はつ恋	0
はて	1
はてさて	1
はてな	1
はと胸	2
はと座	0
はと派	0
はと麦	3
はと目	0
はな垂らし	0
はな垂れ	0
はな垂れ小僧	6
はにかみ屋	0
はねっ返り	0
はね除ける	4
はね上がる	4
はね退ける	4
はね飛ばす	4
はね返り	0
はね返る	3
ははあ	0
はぶ	1
はまち	0
はまり込む	4
はまり役	0
はみがき粉	4
はみ出し	0
はみ出す	3
はみ出る	3
はめ込み	0
はめ込む	3
はめ殺し	0
はやり廃り	0
はやり病	4
はやり目	3
はらはら	1
はらり	2
はりはり	0
はり札	0
はり紙	0
はり千本	3
はり付け	0
はんなり	3
は種	1
は虫類	2
は磨き粉	4
ばい煙	0
ばい菌	0
ばか者	0
ばか笑い	3
ばか騒ぎ	3
ばか囃子	3
ばくち打ち	3
ばくばく	1
ばく進	0
ばく大	0
ばさりと	2
ばたつく	0
ばたり	2
ばたん	2
ばた脚	0
ばた足	0
ばっさり	3
ばったり	3
ばっちい	3
ばっちり	3
ばっと	1
ばつ	0
ばてる	2
ばね仕掛け	3
ばね指	0
ばね秤	3
ばば抜き	4
ばらす	2
ばらつき	0
ばらつく	0
ばら荷	0
ばら輝石	3
ばら撒き	0
ばら撒く	3
ばら蒔く	3
ばら寿司	2
ばら色	0
ばら銭	0
ばら肉	2
ばら売り	0
ばら鮨	2
ばれる	2
ばんばん	1
ぱあ	1
ぱいぱい	1
ぱかぱか	1
ぱくつく	0
ぱくぱく	1
ぱくり	2
ぱくり屋	0
ぱくる	2
ぱさつく	0
ぱたぱた	1
ぱたり	2
ぱちくり	1
ぱちつかせる	0
ぱちり	2
ぱちん	2
ぱちんこ	0
ぱちんこ屋	0
ぱちん留	0
ぱちん留め	0
ぱっくり	3
ぱったり	3
ぱっちり	3
ぱっと	1
ぱっぱと	1
ぱらつく	0
ぱらり	2
ぱりっと	2
ぱんぱん	0
ひいき目	0
ひいひい	1
ひきょう者	0
ひきわり納豆	5
ひき殺す	4
ひき逃げ	0
ひき肉	0
ひくつく	0
ひくひく	1
ひけらかす	4
ひけ目	0
ひげ面	0
ひさし髪	0
ひざ掛	4
ひざ掛け	4
ひざ元	0
ひしめき合う	5
ひじ掛け	4
ひじ掛けいす	4
ひじ掛け椅子	4
ひじ当て	0
ひそひそ	2
ひそひそ話	5
ひた隠し	0
ひた謝り	3
ひた走る	4
ひっきり無し	5
ひっくり返す	5
ひっくり返る	5
ひっそり	3
ひっそり閑	5
ひっ提げる	4
ひつじ雲	4
ひとっ走り	2
ひとつ目	4
ひとり言	0
ひとり子	3
ひとり親	3
ひとり歩き	4
ひとり暮し	4
ひとり立ち	0
ひと安心	2
ひと雨	2
ひと押し	2
ひと回り	3
ひと塊	2
ひと塊り	2
ひと休み	2
ひと欠けら	2
ひと欠片	2
ひと言	2
ひと口	2
ひと思いに	3
ひと事	0
ひと時	2
ひと切り	0
ひと先ず	2
ひと続き	2
ひと度	2
ひと晩	2
ひと抱え	2
ひと泡	2
ひと眠り	2
ひな菊	2
ひな型	2
ひな形	0
ひな祭り	3
ひな壇	2
ひな段	2
ひな鳥	2
ひねくれ者	0
ひねり出す	4
ひび	1
ひび割れ	0
ひび割れる	4
ひまし油	0
ひま人	0
ひもじい	3
ひも付き	0
ひゅうひゅう	1
ひょいと	0
ひょいひょい	3
ひょう窃	0
ひょう変	0
ひょう疽	0
ひょこひょこ	1
ひょっくり	3
ひょっこり	3
ひょっと	0
ひょろける	0
ひょろり	2
ひょろ長い	4
ひょんな	1
ひよこ豆	3
ひよひよ	1
ひよ鳥	0
ひらり	2
ひら仮名	3
ひら社員	3
ひら茸	2
ひりつく	0
ひりひり	1
ひれ酒	0
ひれ伏す	3
ひんやり	3
ひん曲げる	4
ひん死	0
ひん斥	0
ひん剥く	3
ひん抜く	3
ひ弱	0
ひ弱い	3
ひ孫	0
びくっと	2
びくつく	0
びくびく	1
びけ	1
びしっと	2
びしびし	1
びしょ濡れ	0
びた一文	1
びっくり仰天	3
びっくり箱	4
びっしょり	3
びっしり	3
びびる	2
びゅうびゅう	1
びり	1
びりっと	2
びんた	1
びんびん	1
ぴいぴい	1
ぴかっと	2
ぴかどん	2
ぴか一	2
ぴくっと	2
ぴくぴく	1
ぴくり	2
ぴしゃっと	2
ぴしゃぴしゃ	2
ぴしゃり	2
ぴしり	2
ぴたっと	2
ぴたり	2
ぴちっと	2
ぴちぴち	2
ぴちゃん	2
ぴったし	3
ぴったり	3
ぴっちり	3
ぴゅう	1
ぴゅうぴゅう	1
ぴょこぴょこ	1
ぴょこん	2
ぴょこんと	2
ぴょんぴょん	1
ぴよぴよ	1
ぴりっと	2
ぴりぴり	1
ぴりり	2
ぴんしゃん	1
ぴんと	0
ぴんぴん	1
ぴん札	0
ふい	1
ふいと	0
ふうちょう座	0
ふうふう	1
ふき寄せ	0
ふき取る	3
ふくらし粉	0
ふくら脛	3
ふくれっ面	0
ふける	2
ふさぎ込む	4
ふさ飾り	3
ふしだら	2
ふし穴	0
ふたご座	0
ふた親	0
ふだん草	0
ふっくら	3
ふっくり	3
ふっこ	0
ふっつり	3
ふっと	1
ふっ素	1
ふっ飛ばす	4
ふて寝	0
ふて腐れる	5
ふところ手	0
ふところ都合	5
ふとした	2
ふふん	2
ふむ	1
ふらっと	2
ふらつく	0
ふらり	2
ふるい落とす	5
ふるえ音	3
ふるまい酒	3
ふれ合い	0
ふわっと	2
ふわり	2
ふん	0
ふんい気	3
ふんぞり返る	5
ふんだくる	4
ふんだん	0
ふんどし担ぎ	5
ふんふん	1
ふんわり	3
ふん囲気	3
ふん縛る	4
ふん反り返る	5
ふん便	0
ふ化	1
ふ化場	0
ふ頭	0
ふ卵	0
ぶうぶう	1
ぶきっちょ	2
ぶくり	2
ぶすっと	2
ぶすぶす	1
ぶた汁	0
ぶち壊す	4
ぶち込む	0
ぶち撒ける	4
ぶち当たる	0
ぶち抜く	0
ぶった切る	4
ぶっちゃける	4
ぶっつけ	0
ぶっつけ本番	0
ぶっつり	3
ぶっ違い	0
ぶっ掛ける	4
ぶっ殺す	4
ぶっ切る	3
ぶっ続け	0
ぶっ叩く	4
ぶっ通し	0
ぶっ潰す	4
ぶっ倒す	4
ぶっ倒れる	5
ぶっ飛ばす	4
ぶっ飛ぶ	3
ぶっ放す	4
ぶつかり稽古	5
ぶつかり合う	5
ぶつくさ	1
ぶつ切り	0
ぶどう酒	2
ぶなの木	1
ぶらつく	0
ぶらり	2
ぶらりぶらり	2
ぶら下がり	0
ぶら下がる	0
ぶら下げる	0
ぶりっ子	2
ぶりぶり	1
ぶり返す	0
ぶるぶる	1
ぶれ	2
ぶれる	2
ぶんぶん	1
ぶん殴る	4
ぶん屋	0
ぶん投げる	4
ぶ厚い	0
ぷいと	0
ぷくっと	2
ぷくぷく	2
ぷすぷす	2
ぷっくり	3
ぷっつり	3
ぷっつん	3
ぷっと	1
ぷつぷつ	1
ぷつん	2
ぷよぷよ	1
ぷりぷり	1
ぷんと	0
ぷんぷん	1
へ	1
へいへい	1
へえ	1
へき地	1
へぎ板	0
へこき虫	3
へこき蟲	3
へこたれる	0
へこへこ	1
へし折る	3
へそくり金	4
へその緒	4
へそ曲がり	0
へそ曲り	0
へたばる	3
へたへた	1
へたり込む	4
へたる	2
へちゃむくれ	3
へったくれ	0
へっぴり腰	4
へっぽこ	0
へとへと	0
へどもど	1
へどろ	0
へな猪口	0
への字	2
へばり付く	4
へばる	2
へびつかい座	0
へび座	0
へへ	1
へべれけ	0
へぼ	1
へま	1
へらへら	1
へろへろ	1
へん	1
へんとう炎	3
べか船	0
べき級数	3
べそ	1
べた	1
べた惚れ	0
べた焼き	0
べた組み	0
べた褒め	0
べっこう飴	3
べったら漬	0
べったら漬け	0
べったり	3
べっとり	3
べとつく	0
べと病	0
べべ	0
べらべら	1
べらぼう奴	0
べらんめえ	4
べろ	1
べろんべろん	0
ぺいぺい	3
ぺえぺえ	3
ぺこり	2
ぺこん	2
ぺしゃんこ	2
ぺたぺた	1
ぺたり	2
ぺたん	2
ぺたんこ	2
ぺちゃくちゃ	1
ぺちゃぺちゃ	1
ぺちゃんこ	2
ぺったり	3
ぺっちゃんこ	3
ぺっと	1
ぺてん	0
ぺてん師	2
ぺろっと	2
ぺろり	2
ぺろりと	2
ぺんぺん	1
ぺんぺん草	3
ほい	1
ほいほい	1
ほい駕籠	1
ほう	0
ほうい	1
ほうおう座	0
ほうき星	3
ほうじ茶	3
ほうほうの体	6
ほうり込む	4
ほうり出す	4
ほうり投げる	5
ほうれん草	3
ほう酸	0
ほう助	1
ほう素	1
ほお紅	0
ほかす	2
ほくそ笑む	4
ほくほく	1
ほざく	2
ほそ道	2
ほぞんかけたか	1
ほぞ穴	0
ほたて貝	3
ほっけ	0
ほっこり	3
ほっそり	3
ほっつき回る	6
ほっつき歩く	6
ほっつく	3
ほっと	0
ほっぽらかす	5
ほっぽり出す	5
ほどき物	0
ほど遠い	0
ほど近い	4
ほの暗い	4
ほの字	2
ほの明かり	3
ほふく前進	4
ほほう	0
ほほ笑み	0
ほほ笑む	3
ほめ言葉	3
ほめ殺し	0
ほめ立てる	4
ほら	1
ほら貝	2
ほら穴	0
ほら吹き	2
ほれ	1
ほれ込む	3
ほろほろ	1
ほろほろ鳥	0
ほろり	2
ほろ苦い	4
ほろ酔い	0
ほんのり	3
ほんわか	3
ほ座	1
ほ場	0
ほ乳動物	4
ほ乳瓶	2
ほ乳類	2
ぼいん	2
ぼうえんきょう座	0
ぼうぜん自失	0
ぼうっと	0
ぼうぼう	1
ぼきぼき	1
ぼきり	2
ぼきん	2
ぼくぼく	1
ぼけっと	2
ぼさっと	2
ぼそっと	2
ぼそぼそ	1
ぼたぼた	1
ぼたり	2
ぼたん鍋	4
ぼた山	0
ぼた餅	2
ぼちぼち	1
ぼちゃぼちゃ	1
ぼったり	3
ぼってり	3
ぼっ発	0
ぼとぼと	1
ぼぼ	1
ぼやかす	3
ぼやく	2
ぼやける	3
ぼやっと	2
ぼりぼり	1
ぼる	1
ぼろい	2
ぼろっちい	4
ぼろ屋	2
ぼろ家	2
ぼろ切れ	2
ぼろ布	2
ぼろ糞	0
ぼろ儲け	3
ぼんぼん	3
ぼんぼん時計	5
ぼんやり	3
ぽい	1
ぽいと	1
ぽい捨て	0
ぽうっと	0
ぽか	1
ぽかぽか	1
ぽかぽか陽気	5
ぽかり	2
ぽかん	2
ぽきっと	2
ぽきり	2
ぽきん	2
ぽくぽく	1
ぽこぽこ	1
ぽたぽた	1
ぽたり	2
ぽちゃぽちゃ	1
ぽち袋	3
ぽっかり	3
ぽっきり	3
ぽっくり	3
ぽっち	0
ぽっちゃり	3
ぽっちり	3
ぽっつり	3
ぽってり	3
ぽっと	0
ぽつねんと	0
ぽつり	2
ぽつりぽつり	2
ぽつん	2
ぽとぽと	1
ぽとり	2
ぽりぽり	1
ぽろぽろ	1
ぽろり	2
ぽんこつ	0
ぽんつく	1
ぽんぽこ	1
ぽん引き	0
ぽん太郎	0
ま	1
まあ	1
まあね	1
まい進	0
まかり間違う	6
まかり通る	4
まか不思議	1
まがい物	0
まき込む	3
まき散らす	4
まくし立てる	5
まくり上げる	5
まぐれ当たり	4
まごまご	1
まさかの時	6
まざまざ	3
まじ	1
ます目	0
まず以って	1
まず以て	1
ませ	1
まぜ物	2
またぎ	0
またたく間に	3
またの名	2
また上	0
また聞き	0
まち針	1
まったり	3
まっぴらご免	3
まっぴら御免	3
まっ四角	4
まっ正直	3
まっ昼間	3
まっ白	3
まつ毛	1
まとめ役	0
まどろこい	4
まどろこしい	5
まどろっこい	5
まどろっこしい	6
まな板	0
まの当り	3
まぶい	2
まま息子	3
まま娘	3
まむし	0
まやかし	0
まやかす	3
まる裸	3
まれに見る	4
まわし者	0
まわり灯篭	4
まわり道	3
まんじり	3
まんまと	1
まん丸	0
まん前	3
まん中	0
みいちゃんはあちゃん	5
みいはあ	3
みかん箱	2
みかん畑	4
みしみし	1
みじん切り	0
みずがめ座	0
みずへび座	0
みず菜	0
みそ煮	0
みそ汁	3
みそ餡	0
みたらし団子	5
みっちり	3
みどりの日	1
みどり色	0
みなし子	3
みなみじゅうじ座	0
みなみのうお座	0
みなみのかんむり座	0
みなみのさんかく座	0
みぶ菜	2
みみず腫れ	0
みみず脹れ	0
みみっちい	4
みよう見真似	2
みる貝	2
みんみん蝉	3
み国	0
む	1
むかっと	2
むかっ腹	0
むかつく	0
むかむか	1
むき出し	0
むき出す	3
むき身	0
むくつけき	4
むくむく	1
むくり	2
むこう岸	0
むさい	2
むささび	0
むさぼり読む	5
むさ苦しい	5
むざむざ	1
むしゃくしゃ	1
むしゃむしゃ	1
むしり取る	4
むずつく	0
むずむず	1
むず痒い	4
むせび泣き	0
むせび泣く	4
むせ返る	3
むだ骨	0
むだ足	0
むだ毛	0
むだ話	3
むちむち	1
むち打ち	0
むち打ち症	4
むち打つ	1
むっくと	3
むっくり	3
むっちり	3
むっつり	3
むっつり助兵衛	6
むっと	0
むつ	1
むつ五郎	2
むにゃむにゃ	1
むむ	1
むんむん	1
めい想	0
めい福	0
めかけ奉公	4
めかし屋	0
めきめき	1
めくら判	0
めくり上げる	5
めぐり会う	4
めぐり合う	4
めぐり合わせ	0
めげる	2
めし粒	3
めじ	1
めじろ押し	0
めそめそ	1
めためた	0
めっ	1
めっきり	3
めった斬り	0
めった切り	0
めった打ち	0
めはり寿司	3
めばち	1
めらめら	1
めりめり	1
めり込む	3
めん棒	1
め組	0
も	1
もう	1
もうけ物	0
もうもう	1
もう少し	4
もぎる	2
もぎ取る	3
もく	0
もくもく	1
もく拾い	3
もぐ	1
もぐもぐ	1
もぐら打ち	3
もぐり込む	4
もげる	2
もこもこ	1
もごもご	1
もさっと	2
もさもさ	1
もし	1
もしもし	1
もしもの事	1
もしゃもしゃ	1
もじもじ	1
もそっと	2
もそもそ	1
もぞもぞ	1
もたつく	0
もたもた	1
もたれ掛る	5
もち	1
もちの木	1
もち肌	0
もち米	0
もっさり	3
もっそり	3
もっての外	3
もって回る	1
もっと	1
もつ	1
もつれ合う	4
もつれ込む	4
もつ焼	0
もつ焼き	0
もてあそび物	0
もて遊ぶ	4
もどかしい	4
もぬけの殻	6
ものの見事に	4
ものの本	4
もの言う	2
もの好き	3
もの寂しい	5
もの柔らか	4
もの凄い	4
もの静か	3
もの悲しい	0
もの憂い	3
もの憂げ	3
もの淋しい	5
もみ殻	0
もみ合い	0
もみ合う	3
もみ手	0
もみ消す	3
もみ療治	3
もめ事	0
ももんじ	2
ももんじい	4
ももんじい屋	0
もも引き	0
もも上げ	0
もも肉	2
もやくや	1
もやしっ子	0
もやもや病	0
もらい泣き	0
もらい受ける	5
もりもり	1
もり蕎麦	0
もろ刃	0
もろ肌	0
もろ肌脱ぎ	0
もん	1
もんじゃ焼き	0
もんどり打つ	5
もんぺ	0
や	1
やあ	1
やい	1
やいのやいの	1
やいやい	1
やおら	1
やかん頭	4
やきもき	1
やきもち焼き	4
やぎ座	0
やくざ	1
やくざ者	0
やけっ腹	0
やけに	1
やけ酒	0
やす	0
やせても枯れても	3
やせ我慢	3
やせ型	0
やせ形	0
やせ細る	4
やっかむ	3
やっさもっさ	1
やった	3
やっつけ仕事	5
やって行く	0
やって来る	4
やっと	0
やっとこ	0
やっぱ	0
やっ付ける	4
やばい	2
やぶ蛇	0
やぼ用	0
やまねこ座	0
やみ屋	2
やもめ暮らし	4
やや	1
ややこしい	4
やらせ	0
やりっ放し	0
やり過ぎ	0
やり過ぎる	4
やり過ごす	4
やり玉	0
やり繰り	2
やり口	2
やり甲斐	0
やり合う	3
やり込める	4
やり取り	2
やり手	0
やり場	0
やり遂げる	4
やり切る	3
やり損なう	5
やり直し	0
やり直す	4
やり通す	3
やり投げ	0
やり難い	4
やり抜く	3
やり返す	3
やり方	0
やるかた無い	5
やる気	0
やる瀬ない	4
やる方ない	5
やる方無い	5
やれ	1
やれやれ	1
やんちゃ	0
やんま	0
やんや	1
ゆかた地	0
ゆくりなく	4
ゆさゆさ	1
ゆすり取る	4
ゆっくり	3
ゆったり	3
ゆで麺	2
ゆで卵	3
ゆとり	0
ゆらり	2
ゆらりゆらり	2
ゆりの木	3
ゆり落とす	4
ゆれ動く	4
よいしょ	1
よいよい	3
よう	1
ようこそ	1
ようよう	1
よか	1
よこ糸	0
よさこい	0
よし	1
よしなに	1
よしよし	1
よじ上る	4
よじ登る	4
よそ見	2
よそ行き	0
よそ者	0
よたよた	1
よちよち	1
よって来たる	5
よって来る	5
よもや	1
より	0
より糸	3
より所	0
より抜き	0
より分ける	4
より良い	3
よれよれ	0
よろよろ	1
らい病	0
らくだ色	0
らしんばん座	4
らっぱ飲み	0
らふてえ	1
らりる	2
ら抜き言葉	4
りゅうこつ座	0
りゅう座	0
りょうけん座	0
りんご園	3
りんご酒	3
りんりん	1
りん気	1
り災	0
れんが塀	3
れん乳	0
ろうけつ染め	0
ろう引き	0
ろう者	1
ろう付け	4
ろくぶんぎ座	0
ろくろっ首	3
ろくろ師	3
ろくろ首	3
ろは	1
ろ過	1
ろ過器	2
ろ砂	1
ろ座	1
ろ紙	1
わ	1
わあ	1
わあわあ	1
わいせつ罪	4
わいわい	1
わい曲	0
わい小	0
わい星	0
わい談	0
わかし	0
わかし湯	3
わかち書き	0
わからず屋	0
わかれ道	3
わが家	1
わが国	1
わが身	1
わが輩	0
わが物	1
わきの下	3
わき出る	3
わき上がる	4
わき水	0
わき道	0
わき目	3
わき役	0
わくわく	1
わけ隔て	0
わさび醤油	4
わさび大根	4
わさわさ	1
わし座	0
わし鼻	0
わっ	1
わっしょい	1
わっと	1
わなわな	1
わはは	1
わめき声	4
わや	1
わやく	0
わらび糊	3
わらび粉	0
わらび餅	3
わらべ唄	3
わらべ歌	3
わら屋根	3
わら沓	2
わら靴	2
わら細工	3
わら紙	2
わら人形	3
わり込む	3
わり箸	0
われ知らず	1
わんさ	1
わんさガール	4
わんぱく盛り	5
わんわん	1
わん曲	0
わん公	3
ん	1
アーカイブ	3
アーガイルチェック	6
アーキテクチャー	4
アーキトレーブ	5
アーギュメント	1
アーク	1
アークスペクトル	5
アークライト	4
アーク灯	0
アーク燈	0
アーク放電	4
アーク溶接	4
アーク炉	3
アーケード	3
アーケイック	4
アーサー王伝説	7
アース	1
アースダム	4
アーチ	1
アーチェリー	1
アーチスト	1
アーチダム	4
アーチ橋	0
アーティキュレーション	5
アーティクル	1
アーティスティックインプレッション	11
アーティスト	1
アーティチョーク	4
アーティフィシャル	3
アーティフィシャルインテリジェンス	9
アート	1
アートシアター	4
アートタイトル	4
アートタイプ	4
アートディレクター	5
アートフェア	4
アート紙	3
アーバン	1
アーバンコンプレックス	8
アーバンデザイナー	6
アーバンデザイン	6
アーバンファーニチャー	5
アーバンプランナー	6
アーバンライフ	5
アーバンリゾート	6
アービトラージ	5
アーベント	1
アーマチュア	1
アーミー	1
アーミン	1
アーム	1
アームチェア	4
アームバンド	4
アームホール	4
アームロック	4
アーメン	0
アーモンド	1
アーリーアメリカン	6
アーリア人	4
アール	1
アールデコ	4
アールヌーボー	4
アイ	1
アイアイ	1
アイアン	1
アイエスディーエヌ	7
アイオー	3
アイオリソース	5
アイカメラ	3
アイキャッチャー	3
アイキュー	3
アイコノクラズム	6
アイコノスコープ	6
アイコン	1
アイコンタクト	5
アイシー	3
アイシェード	3
アイシャドー	3
アイシング	1
アイジングラス	5
アイス	1
アイスアリーナ	5
アイスキャンデー	4
アイスキューブ	4
アイスクリーム	5
アイスクリームサンデー	8
アイスクリームソーダ	8
アイスコーヒー	6
アイスショー	4
アイススケート	5
アイスダンス	4
アイスティー	4
アイスハーケン	4
アイスバーン	4
アイスバイン	4
アイスピック	4
アイスフォール	4
アイスペール	4
アイスホッケー	4
アイスボックス	4
アイスミルク	4
アイスヨット	4
アイスランドポピー	7
アイスランド語	0
アイスリンク	4
アイス染料	4
アイゼン	1
アイソキネティックス	6
アイソザイム	4
アイソスタシー	5
アイソスピン	5
アイソタイプ	4
アイソトープ	4
アイソトニック	4
アイソトニックス	5
アイソトニック飲料	8
アイソメトリックス	6
アイテム	1
アイデア	1
アイディア	1
アイディアマン	4
アイディアリズム	5
アイディアル	1
アイデンティティー	3
アイデンティティークライシス	9
アイデンティファイ	3
アイデンティフィケーション	7
アイドリング	1
アイドル	0
アイドルコスト	5
アイドルタイム	5
アイヌ	1
アイヌ語	0
アイバンク	3
アイビー	1
アイビーム	3
アイビーリーグ	5
アイビールック	5
アイブロー	4
アイベックス	3
アイボリー	1
アイボルト	3
アイマックス	3
アイメート	3
アイライナー	3
アイライン	3
アイラグ	0
アイラッシュカーラー	6
アイランド	1
アイリス	1
アイリスアウト	5
アイリスイン	5
アイリッシュ	1
アイリッシュウイスキー	7
アイリッシュウルフハウンド	9
アイリッシュコーヒー	6
アイルランド語	0
アイレット	1
アイレットワーク	6
アイロニー	1
アイロニカル	3
アイロン	0
アインシュタイン宇宙	8
アインスタイニウム	7
アウストラロピテクス	7
アウストロアジア語族	9
アウストロネシア語族	9
アウターウエア	6
アウタルキー	3
アウト	1
アウトウエア	5
アウトオブデート	6
アウトオブバウンズ	6
アウトカウント	4
アウトコース	4
アウトコーナー	4
アウトサイダー	4
アウトサイド	4
アウトソーシング	4
アウトドア	4
アウトドアスポーツ	7
アウトドアライフ	6
アウトバーン	4
アウトフォーカス	4
アウトブリード	5
アウトプット	4
アウトボクシング	4
アウトライト取引	7
アウトライン	4
アウトラインステッチ	8
アウトラインフォント	7
アウトラインプロセッサー	9
アウトリガー	4
アウトレット	4
アウトロー	4
アウフタクト	4
アウフヘーベン	4
アウラ	1
アオザイ	0
アオリスト	3
アカウント	2
アカシア	0
アカデミー	2
アカデミー賞	4
アカデミシャン	4
アカデミズム	4
アカデミック	4
アカプリッチオ	4
アカペラ	2
アカラシア	3
アガパンサス	3
アガペー	1
アガロース	3
アキメネス	3
アキュムレーター	4
アキレス	1
アキレス腱	4
アクア	1
アクアチント	4
アクアトロン	4
アクアノート	4
アクアビット	4
アクアマリン	4
アクアラング	4
アクアリウム	4
アクサン	1
アクシデント	1
アクション	1
アクションドラマ	5
アクションペインティング	6
アクションリサーチ	6
アクセサリー	1
アクセシビリティー	5
アクセス	1
アクセスタイム	5
アクセス権	3
アクセプター	3
アクセル	1
アクセルパウルゼンジャンプ	10
アクセレレーター	5
アクセント	1
アクセント記号	6
アクター	1
アクチニウム	4
アクチニウム系列	7
アクチニド	3
アクチノイド	4
アクチノマイシン	5
アクチブ	1
アクチュアリー	1
アクチュアリティー	4
アクチュアル	1
アクチュアルポジション	7
アクチン	1
アクティビティー	3
アクティブ	1
アクティブセーフティー	5
アクティブホーミング	9
アクティングアウト	6
アクト	1
アクトミオシン	4
アクトレス	1
アクネ	1
アクメ	1
アクリジン	3
アクリノール	4
アクリル	0
アクリル絵の具	5
アクリル絵具	5
アクリル酸	0
アクリル樹脂	5
アクリル繊維	5
アクリロニトリル	5
アクロシン	0
アクロバチック	5
アクロバット	4
アクロバットダンス	7
アクロポリス	4
アクロマート	4
アクロマチックレンズ	8
アクロレイン	4
アグリーメント	3
アグリカルチャー	4
アグリケミカル	4
アグリビジネス	4
アグレッシブ	3
アグレマン	3
アグロフォレストリー	5
アゲーン	2
アゲラタム	3
アゲンスト	2
アコースティック	5
アコースティックギター	8
アコーディオン	2
アコーディオンドア	7
アコーディオンプリーツ	8
アコーデオン	4
アコニチン	3
アサーティブネストレーニング	9
アサインメント	2
アザレア	0
アシエンダ	2
アシクロビル	4
アシスタント	2
アシスタントディレクター	8
アシスト	2
アシッド	2
アシッドジャズ	5
アシドーシス	3
アシメトリー	3
アシュケナジム	4
アシル基	3
アシンメトリー	4
アジ	1
アジール	2
アジる	2
アジア	1
アジア象	3
アジア的生産様式	10
アジェンダ	2
アジェンダセッティング	5
アジソン病	0
アジタート	3
アジテーション	3
アジテーター	3
アジト	1
アジドチミジン	5
アジビラ	0
アジピン酸	0
アジャスター	2
アスコットタイ	6
アスコルビン酸	5
アスター	1
アスタチン	3
アステリスク	4
アステロイド	4
アストラカン	4
アストリンゼン	4
アストリンゼント	4
アストロノミー	5
アストロロジー	5
アスパラガス	4
アスパラギン	0
アスパラギン酸	5
アスパルテーム	5
アスピーテ	3
アスピック	3
アスピリン	0
アスファルト	3
アスファルトコンクリート	9
アスファルトシングル	6
アスファルトジャングル	6
アスファルトフェルト	6
アスベスト	3
アスペクト	3
アスペクト比	5
アスリート	3
アスリートトラスト	7
アスレチック	4
アスレチッククラブ	7
アスレチックス	4
アスレチックフィールド	7
アスロック	3
アセスメント	2
アセチルコリン	5
アセチルコリンエステラーゼ	11
アセチルサリチル酸	0
アセチルセルロース	7
アセチル基	4
アセチレン	0
アセチレン系炭化水素	11
アセット	2
アセテート	3
アセティシズム	4
アセトアニリド	5
アセトアミノフェン	6
アセトアルデヒド	6
アセトン	2
アセノスフェア	5
アセロラ	0
アセンブラー	2
アセンブリー	2
アセンブリー言語	7
アゼルバイジャン	4
アゼルバイジャン語	0
アソシエーション	4
アソシエーションフットボール	11
アゾトバクター	4
アゾ化合物	4
アゾ基	2
アゾ染料	3
アタッカー	2
アタック	2
アタックライン	5
アタッシェ	2
アタッシェケース	5
アタッチメント	2
アタラクシア	4
アダージェット	2
アダージョ	2
アダジオ	2
アダプター	2
アダプテーション	4
アダプト	2
アダムスストークス症候群	12
アダルト	2
アダルトビデオ	5
アチーブ	2
アチーブメントテスト	8
アッサイ	1
アッシュ	1
アッチェレランド	5
アット	1
アットバット	4
アットホーム	4
アットランダム	4
アッパー	1
アッパーカット	5
アッパーミドル	5
アッピール	3
アップ	1
アップサイドダウンケーキ	10
アップダウン	4
アップツーデート	6
アップデート	4
アップライト	4
アップライトピアノ	7
アップリケ	4
アップル	1
アップルパイ	5
アップロード	4
アツシ	0
アテスト	2
アテトーシス	3
アテレクトミー	5
アテローム	3
アテンション	2
アテンド	2
アテンポ	2
アディオス	1
アデニン	1
アデノイド	3
アデノウイルス	5
アデノシン	3
アデノシン三燐酸	8
アデノシン二燐酸	7
アデュー	2
アト	1
アトニー	1
アトピー	1
アトピー性皮膚炎	8
アトミズム	3
アトミック	3
アトム	1
アトモスフィア	5
アトモスフェア	5
アトラクション	3
アトラクティブ	3
アトラス	1
アトランダム	3
アトリウム	3
アトリエ	0
アトリビュート	4
アトロピン	3
アド	1
アドオン方式	5
アドバイザー	3
アドバイス	3
アドバタイズメント	4
アドバルーン	4
アドバンス	1
アドバンテージ	3
アドベ	0
アドベンチャー	3
アドベンチャースポーツ	8
アドベント	3
アドホック	3
アドマン	1
アドミタンス	3
アドミッション	3
アドミラル	1
アドリブ	0
アドレス	1
アドレナリン	0
アナ	1
アナーキー	2
アナーキスト	4
アナーキズム	4
アナウンサー	3
アナウンス	3
アナウンスメント	3
アナキスト	3
アナキズム	3
アナクロ	0
アナクロニズム	5
アナグラム	2
アナコンダ	3
アナスチグマート	6
アナトキシン	4
アナバプティスト	5
アナバ風	3
アナフィラキシー	5
アナボリズム	4
アナボリックステロイド	9
アナムネーシス	4
アナライザー	3
アナリシス	2
アナリスト	3
アナルコサンディカリスム	9
アナログ	0
アナログコンピューター	7
アナログ時計	5
アナロジー	2
アニオン	1
アニス	1
アニゼット	3
アニバーサリー	3
アニマ	1
アニマート	3
アニマリズム	4
アニマル	1
アニミズム	3
アニメ	1
アニメーション	3
アニュアル	1
アニュスデイ	4
アニリン	2
アニリン染料	5
アヌス	1
アネアロビクス	5
アネクドート	4
アネックス	2
アネモネ	0
アネモメーター	4
アネルギー	2
アネロイド気圧計	0
アノード	2
アノードスライム	6
アノア	1
アノイリン	0
アノニマス	2
アノフェレス	3
アノミー	1
アノラック	3
アバウト	2
アバランシュ	3
アバンギャルド	4
アバンゲール	4
アバンチュール	4
アパーチュア	2
アパート	2
アパシー	1
アパタイト	3
アパッシュ	2
アパッチ	2
アパテイア	3
アパトサウルス	4
アパルトヘイト	5
アパルトマン	2
アパレル	1
アビシニアン	3
アビタシオン	4
アビューズ	2
アビリティー	2
アビリンピック	5
アピーズメントポリシー	8
アピール	2
アピアランスマネー	7
アピタイザー	3
アファーマティブアクション	7
アフィニティークロマトグラフィー	11
アフォリズム	3
アフガン	1
アフガンハウンド	5
アフガン編み	0
アフタ	1
アフター	1
アフターケア	5
アフターサービス	5
アフタースキー	6
アフターヌーン	5
アフターヌーンドレス	8
アフターバーナー	5
アフターファイブ	5
アフターレコーディング	6
アフタヌーン	4
アフラトキシン	5
アフリカーンス語	0
アフリカンアメリカン	7
アフリカ象	4
アフリカ菫	5
アフレコ	0
アフロ	1
アフロヘア	4
アブサン	1
アブシジン酸	0
アブストラクト	5
アブストラクトアート	8
アブセンティズム	5
アブソリューティズム	6
アブダクション	3
アブノーマル	3
アブミ骨	3
アプザイレン	3
アプス	1
アプリオリ	2
アプリケ	2
アプリケーション	4
アプリケーションソフトウエア	12
アプリケーションプログラム	10
アプリコット	4
アプレ	1
アプレゲール	4
アプローチ	3
アプロプリエーションアート	10
アヘッド	2
アベック	2
アベニュー	2
アベマリア	3
アベレージ	1
アペタイザー	3
アペリチフ	2
アペリティフ	4
アペンディックス	4
アペンド	2
アホロートル	3
アボカド	0
アボガドロの法則	3
アボガドロ定数	6
アボジ	1
アボリジニ	2
アボリジニー	2
アボリジニ語	0
アポ	1
アポイント	2
アポイントメント	2
アポカリプス	4
アポクリファ	3
アポクリン腺	0
アポクロマート	5
アポステリオリ	5
アポストロフィ	5
アポストロフィー	2
アポリア	2
アポロン的	0
アポロ的	0
アポ酵素	3
アマ	1
アマービレ	2
アマチュア	0
アマチュアリズム	5
アマリリス	3
アマルガム	2
アマレット	3
アマンド	2
アミ	2
アミーバ	2
アミア	1
アミグダリン	4
アミセチン	0
アミド	1
アミドール	3
アミノ	1
アミノピリン	4
アミノ基	3
アミノ酸	0
アミノ酸発酵	6
アミノ糖	0
アミューズメント	2
アミューズメントパーク	8
アミラーゼ	3
アミルアルコール	4
アミロース	3
アミロイドーシス	5
アミロペクチン	4
アミン	1
アムール	2
アムハラ語	0
アメーバ	2
アメーバ運動	5
アメーバ赤痢	5
アメしょん	0
アメシスト	3
アメダス	1
アメニティ	2
アメニティー	2
アメフト	0
アメラグ	0
アメリカねり	4
アメリカインディアン	5
アメリカインディアン諸語	10
アメリカナイズ	5
アメリカニズム	5
アメリカン	2
アメリカンドリーム	7
アメリカンフットボール	9
アメリカンプラン	6
アメリカンリーグ	6
アメリカ熊	4
アメリカ山法師	7
アメリカ篠懸の木	5
アメリカ松	4
アメリカ人	4
アメリカ白灯蛾	7
アメリカ防風	5
アメリカ野牛	5
アメリカ鰐	5
アメリカ駝鳥	5
アメリシウム	4
アメンチア	2
アモルファス	2
アモルファス金属	6
アモルファス半導体	0
アヤトラ	2
アラー	1
アラーム	2
アラカルト	3
アラキ	1
アラキドン酸	4
アラザン	2
アラスカンマラミュート	8
アラスカ羆	5
アラタ体	0
アラニン	1
アラバスター	3
アラビア	0
アラビアゴム	5
アラビアゴムの木	5
アラビア語	0
アラビア人	4
アラビア数字	5
アラビア馬	4
アラビア文字	5
アラブ	1
アラブ首長国連邦	1
アラブ人	3
アラベスク	3
アラミド繊維	5
アラム語	0
アラム文字	4
アラモード	3
アランダム	2
アリーナ	2
アリア	1
アリゲーター	3
アリザリン	0
アリストクラシー	5
アリストクラティック	7
アリストテレスの提灯	5
アリダード	3
アリッサム	2
アリバイ	0
アリルアルコール	4
アルカイスム	4
アルカイック	4
アルカイックスマイル	8
アルカリ	0
アルカリ乾電池	7
アルカリ岩	4
アルカリ金属	5
アルカリ性	0
アルカリ性食品	7
アルカリ土類金属	8
アルカローシス	4
アルカロイド	4
アルカン	1
アルキド樹脂	5
アルキメデスの螺線	3
アルキル	0
アルキルアルミニウム	8
アルキルフェノール	6
アルキルベンゼン	5
アルキル化剤	5
アルキル基	4
アルキン	1
アルギナーゼ	4
アルギニン	0
アルギン酸	0
アルケミー	3
アルケン	1
アルコーブ	3
アルコール	0
アルコールランプ	6
アルコール飲料	6
アルコール温度計	0
アルコール中毒	6
アルコール漬	0
アルコール漬け	0
アルコール発酵	6
アルコール分	5
アルゴリズム	4
アルゴル	1
アルゴン	1
アルサロ	0
アルゼンチンタンゴ	7
アルタイ諸語	5
アルチザン	3
アルツハイマー病	0
アルテミア	3
アルデヒド	3
アルデンテ	3
アルト	1
アルトサックス	4
アルドステロン	5
アルドステロン症	0
アルニカ	0
アルバイター	3
アルバイト	3
アルバトロス	4
アルバニア	0
アルバニア語	0
アルバム	0
アルパカ	0
アルビーノ	3
アルピニスト	4
アルピニズム	4
アルファベット	4
アルファルファ	3
アルファ化	3
アルファ線	0
アルファ波	3
アルファ米	0
アルファ崩壊	4
アルファ粒子	4
アルブミン	0
アルプス	0
アルベド	0
アルペッジョ	3
アルペン	1
アルペンスキー	6
アルペン種目	5
アルマイト	3
アルマジロ	3
アルマナック	4
アルマニャック	4
アルマンド	3
アルミ	0
アルミサッシ	4
アルミナ	0
アルミナセメント	5
アルミナ磁器	5
アルミニウム	4
アルミホイル	4
アルミ箔	3
アルメニア	0
アルメニア語	0
アルルカン	3
アル中	0
アレカ椰子	4
アレクサンドライト	7
アレグレット	4
アレグロ	0
アレゴリー	2
アレルギー	2
アレルギー性疾患	8
アレルギー性鼻炎	8
アレルギー体質	6
アレルゲン	2
アレルヤ	2
アレンジ	2
アロイ	1
アロエ	0
アロカシア	3
アロステリック効果	8
アロハ	1
アロハシャツ	4
アロフェン	1
アロマ	1
アロマセラピー	4
アロワナ	0
アワー	1
アンカー	1
アンカーボルト	5
アンカーマン	3
アンカット	3
アンガージュマン	3
アンギオテンシン	5
アンクル	1
アンクルブーツ	5
アンクレット	1
アングラ	0
アングラマネー	5
アングル	1
アングルショット	5
アングロアメリカ	6
アングロアラブ	5
アングロサクソン	5
アングロノルマン	5
アンケート	1
アンコール	3
アンコールアワー	6
アンゴラ	0
アンゴラ山羊	5
アンゴラ兎	5
アンサー	1
アンサンブル	3
アンザイレン	3
アンシャンレジーム	6
アンジェラス	1
アンジェリカ	3
アンジオグラフィー	5
アンジャベル	3
アンスリウム	4
アンセム	1
アンゼリカ	3
アンソロジー	3
アンタイドローン	6
アンタッチャブル	3
アンタレス	3
アンタント	3
アンダー	1
アンダーウエア	6
アンダーグラウンド	6
アンダーシャツ	5
アンダースロー	6
アンダーハンド	5
アンダーハンドサーブ	8
アンダーバスト	5
アンダーパー	5
アンダーライター	5
アンダーライン	5
アンダーリペア	6
アンダンテ	3
アンダンティーノ	5
アンチ	1
アンチクライマックス	7
アンチスキッド	5
アンチセミティズム	6
アンチダイブ	4
アンチック	3
アンチテーゼ	4
アンチテアトル	4
アンチノック剤	6
アンチノミー	4
アンチヒューマニズム	7
アンチピリン	4
アンチフェブリン	5
アンチモニー	4
アンチモン	3
アンチョビー	3
アンチロックブレーキシステム	11
アンチロマン	4
アンツーカー	3
アンティーク	3
アンテドラッグ	5
アンテナ	0
アンテナショップ	5
アンテロープ	4
アンディーブ	3
アンデパンダン	4
アントシアン	4
アントニム	1
アントラキノン	5
アントラキノン染料	8
アントラセン	4
アントルメ	3
アントレ	1
アントロポロギー	5
アンド	0
アンドラ	0
アンドロイド	4
アンドロゲン	4
アンドロステロン	6
アンドロメダ銀河	7
アンドロメダ座	0
アンド回路	4
アンニュイ	3
アンバー	1
アンバサダー	3
アンバランス	3
アンバンドリング	6
アンパイア	3
アンビギュイティ	4
アンビシャス	3
アンビション	3
アンビバレンス	3
アンファンテリブル	6
アンフェア	3
アンフェタミン	4
アンフォラ	1
アンフォルメル	3
アンブレラ	4
アンプ	1
アンプラグド	4
アンプリファイア	5
アンプル	1
アンプレアブル	4
アンプレショニスム	6
アンペア	3
アンペア時	4
アンペラ	0
アンペラ藺	4
アンメーター	3
アンモナイト	4
アンモニア	0
アンモニアソーダ法	0
アンモニア水	5
アンモニウム	4
アンラッキー	3
ア式蹴球	4
ア段	1
イ	1
イーグル	1
イージー	1
イージーオーダー	5
イージーゴーイング	5
イージーペイメント	5
イージーリスニング	5
イージス艦	0
イースター	1
イースタン	1
イースタングリップ	7
イースタンリーグ	6
イースト	1
イースト菌	0
イーゼル	1
イートンカラー	5
イーブン	1
イーブンパー	5
イーブンペース	5
イールド	1
イールドカーブ	5
イールドスプレッド	7
イェニチェリ	2
イエス	2
イエスタデー	2
イエスマン	2
イエメン	2
イエロー	2
イエローオーカ	5
イエローカード	5
イエローケーキ	5
イエロージャーナリズム	8
イエローフラッグ	6
イエローペリル	5
イエローヤンキー	5
イオ	1
イオニア旋法	5
イオニウム	3
イオマンテ	3
イオン	1
イオンビーム	4
イオンポンプ	4
イオンロケット	5
イオン化	0
イオン化エネルギー	6
イオン化傾向	5
イオン価	2
イオン結合	4
イオン結晶	4
イオン交換	4
イオン交換樹脂	8
イオン注入	4
イオン半径	4
イキシア	0
イギリス経験論	7
イギリス人	4
イギリス連邦	5
イクチオサウルス	5
イクチオルニス	5
イクラ	0
イグアナ	0
イグアノドン	4
イグニッション	3
イグニッションキー	7
イグニッションコイル	7
イグニンブライト	6
イグボ語	0
イグルー	3
イコール	2
イコールフッティング	5
イコノグラフィー	5
イコノロジー	3
イコライザー	3
イコン	1
イスラム	1
イスラム教	0
イスラム原理主義	8
イスラム法	0
イスラム暦	4
イズム	1
イソ	1
イソオクタン	3
イソニアジド	4
イソニコチン酸ヒドラジド	11
イソブチレン	4
イソプレン	3
イソプロパノール	6
イソロイシン	3
イタイイタイ病	0
イタコン酸	0
イタリアン	2
イタリア語	0
イタリック	3
イタリック語派	0
イチボ	2
イッテルビウム	5
イット	1
イットリウム	4
イッヒロマン	4
イデー	1
イデア	1
イディオム	1
イディッシュ語	0
イデオローグ	4
イデオロギー	3
イド	1
イドラ	1
イニシアチブ	4
イニシアル	2
イニシエーション	4
イニシエーター	4
イニシャライズ	2
イニシャル	2
イニング	1
イヌイット	3
イヌリン	2
イノシン酸	0
イノベーション	3
イヒチオール	4
イブ	1
イブニング	1
イブニングコート	6
イブニングドレス	6
イブプロフェン	4
イベント	0
イペリット	3
イボ語	0
イマージュ	2
イマジズム	3
イマジネーション	4
イミグレーション	4
イミテーション	3
イメージ	2
イメージアップ	5
イメージオルシコン	7
イメージキャラクター	6
イメージスキャナー	6
イメージダウン	5
イメージチェンジ	5
イメージトレーニング	6
イメージ管	0
イヤー	1
イヤーブック	4
イヤホーン	3
イヤホン	2
イヤマーク	3
イヤリング	1
イヨマンテ	3
イラジエーション	4
イラスト	0
イラストマップ	5
イラストレーション	5
イラストレーター	5
イランド	2
イラン語派	4
イリジウム	3
イリノイ	0
イリュージョン	2
イルミネーション	4
イレウス	2
イレギュラー	2
イレギュラーバウンド	6
イレデンティズム	5
イレブン	2
イレブンナイン	5
イロカノ語	0
イロニー	1
イン	1
インカム	1
インカムゲイン	5
インカレ	0
インカ帝国	4
インキ	0
インキュナブラ	4
インキュベーター	4
インク	0
インクジェット	4
インクスタンド	5
インクブロットテスト	8
インクライン	4
インクリボン	4
インクリメンタリズム	8
インク消し	3
インク壺	3
イングランド	1
イングリッシュ	1
イングリッシュホルン	7
インコース	3
インコーナー	3
インゴール	3
インゴット	3
インサート	3
インサイダー	3
インサイダー取引	7
インサイド	1
インサイドストーリー	7
インサイドベースボール	9
インサイドベルト	6
インサイドリポート	7
インサイドワーク	6
インザホール	4
インシュート	3
インシュアランス	3
インシュリン	0
インシュレーションボード	8
インジウム	3
インジェクション	3
インジケーター	4
インジゴ	1
インジゴブルー	6
インジュリータイム	6
インスタレーション	5
インスタント	1
インスタントカメラ	7
インスタントコーヒー	7
インスタント食品	7
インスティチューショナリズム	9
インスティチューション	5
インストール	4
インストラクション	5
インストラクター	5
インストルメンタリズム	9
インストルメンタル	6
インスパイアー	4
インスピレーション	5
インスペクター	4
インスリノーマ	5
インスリン	0
インセスト	3
インセンティブ	3
インター	1
インターカレッジ	5
インターコース	5
インターセプション	5
インターセプト	5
インターチェンジ	5
インターナショナリズム	8
インターナショナル	5
インターネット	5
インターハイ	3
インターバル	3
インターバルトレーニング	8
インターバンク	5
インターフェース	5
インターフェア	5
インターフェロン	5
インタープリター	6
インターホン	3
インターロイキン	5
インターン	3
インタナショナル	4
インタバル	3
インタビュー	1
インタビューアー	4
インタビュアー	4
インタラクション	4
インタラクティビティー	6
インタレスト	1
インタレストグループ	8
インタロゲーションマーク	9
インダクション	3
インダクションコイル	7
インダクションモーター	7
インダクタンス	3
インダストリー	3
インダストリアル	3
インダストリアルエンジニアリング	12
インダストリアルデザイン	10
インダストリアルパーク	9
インダス文明	5
インチ	1
インチキ	1
インテーク	3
インティメート	4
インテグレーション	5
インテグレート	5
インテリ	0
インテリア	3
インテリアコーディネーター	9
インテリアデザイン	7
インテリアファブリック	6
インテリアプランナー	7
インテリゲンチア	5
インテリゲンチャ	5
インテリジェンス	3
インテリジェント	3
インテリジェントシティー	8
インテリジェントターミナル	8
インテリジェントビル	8
インテル	0
インテルサット	5
インテルメッツォ	5
インテレクチュアル	4
インテンシブ	3
インデアン	1
インディーズ	3
インディアナ	3
インディアペーパー	5
インディアン	1
インディアンサマー	6
インディアン座	0
インディオ	1
インディゴ	1
インディビジュアル	4
インディペンデント	4
インデクセーション	5
インデックス	3
インデックスファンド	7
イントネーション	4
イントレランス	3
イントロ	0
イントロダクション	5
イントロビジョン	5
イントロン	3
インドール	3
インドール酢酸	6
インドア	3
インドアゲーム	5
インドアスポーツ	6
インドクトリネーション	7
インドゲルマン語族	1
インドゴムの木	4
インドシナ語族	6
インドネシア語	0
インドネシア語派	7
インドメタシン	5
インドヨーロッパ語族	1
インドリ	1
インド語派	4
インド孔雀	4
インド犀	3
インド象	3
インド人	3
インド水牛	4
インド哲学	5
インド綿の木	6
インド洋	3
インド藍	4
インナー	1
インナーキャビネット	5
インナーシティー	5
インニング	1
インバーター	3
インバネス	3
インバランス	4
インパクト	1
インパクトローン	6
インパスト	3
インパチエンス	4
インパネ	0
インパラ	0
インパルス	3
インビテーション	4
インビトロ	1
インビボ	1
インピーダンス	3
インファイト	3
インフィールド	3
インフィールドフライ	7
インフィニティ	3
インフェリオリティーコンプレックス	12
インフェルノ	3
インフォーマル	3
インフォーマルケア	7
インフォーマント	3
インフォームドコンセント	7
インフォメーション	4
インフラ	0
インフラストラクチャー	7
インフルエンザ	5
インフレ	0
インフレーション	4
インフレーション宇宙	8
インフレギャップ	5
インフレヘッジ	5
インブリード	4
インプット	3
インプリンティング	4
インプレー	4
インプレッショニズム	7
インプレッション	4
インプロビゼーション	6
インベーダー	3
インベスター	3
インベスターリレーションズ	8
インベストメント	3
インベストメントバンク	9
インベルターゼ	5
インベンション	3
インベントリー	3
インベントリーファイナンス	8
インベントリーリセッション	8
インペリアリズム	6
インペリアル	3
インボイス	3
インボリュート曲線	7
インボリュート歯車	8
インポ	1
インポート	3
インポテンツ	4
インモーラル	3
インラインスケート	7
インレー	1
イ音便	2
イ段	1
イ調	1
ウ	1
ウースターソース	6
ウーステッド	4
ウード	1
ウーファー	1
ウーマン	1
ウーマンパワー	5
ウーマンリブ	5
ウーリーナイロン	5
ウーリーモンキー	5
ウール	1
ウールマーク	4
ウーロン茶	3
ウィービング	1
ウィザード	2
ウィダール反応	5
ウイ	2
ウイーク	2
ウイークエンド	5
ウイークデー	4
ウイークボソン	5
ウイークポイント	5
ウイークリー	2
ウイービング	2
ウイグル語	0
ウイスカー	2
ウイスキー	3
ウイッグ	2
ウイッチ	2
ウイット	2
ウイドー	2
ウイニング	2
ウイニングショット	6
ウイニングボール	6
ウイニングポスト	6
ウイニングラン	6
ウイリー	1
ウイルス	2
ウイルス性肝炎	7
ウイロイド	3
ウインカー	2
ウインク	2
ウイング	2
ウイングカラー	5
ウイングチップ	5
ウイングポンプ	5
ウインター	2
ウインタースポーツ	7
ウインチ	2
ウインド	2
ウインドー	0
ウインドーショッピング	6
ウインドーディスプレー	6
ウインドードレッシング	7
ウインドーペーン	6
ウインドクラスト	6
ウインドサーフィン	5
ウインドブレーカー	6
ウインドミル	5
ウインドヤッケ	5
ウインドローズ	5
ウインナ	2
ウインナコーヒー	5
ウインナソーセージ	5
ウェーバ	1
ウェーバーの法則	1
ウェーバーフェヒナーの法則	5
ウェールズ	1
ウェールズ語	0
ウェイジ	1
ウェイジドリフト	5
ウェッデル海豹	6
ウェディング	1
ウェルシュコーギー	4
ウェルニッケ領	5
ウエー	2
ウエーター	2
ウエーティング	2
ウエーティングサークル	7
ウエーデルン	2
ウエート	0
ウエートトレーニング	6
ウエートリフティング	5
ウエートレス	2
ウエーバー	2
ウエーファー	2
ウエーブ	2
ウエア	2
ウエアインジケーター	7
ウエアハウス	4
ウエアハウスストア	8
ウエイター	2
ウエイト	0
ウエイトトレーニング	6
ウエイトリフティング	5
ウエイトレス	2
ウエザー	2
ウエザーマーチャンダイジング	9
ウエス	2
ウエスタン	2
ウエスタングリップ	7
ウエスタンスイング	7
ウエスタンリーグ	6
ウエスト	0
ウエストコート	5
ウエストニッパー	5
ウエストボール	5
ウエストライン	5
ウエッジ	2
ウエッジソール	5
ウエット	2
ウエットクリーニング	6
ウエットスーツ	5
ウエットフライ	5
ウエディング	2
ウエディングケーキ	6
ウエディングドレス	6
ウエディングマーチ	6
ウエディングリング	6
ウエハー	2
ウエハース	2
ウエルカム	2
ウエルター級	0
ウエルダン	2
ウエルネス	2
ウォーキートーキー	5
ウォーミングアップ	6
ウォールナット	4
ウォール街	3
ウォルフラム	1
ウォン	1
ウォンバット	3
ウオー	2
ウオーカー	2
ウオーキング	2
ウオーキングシューズ	7
ウオーキングディクショナリー	7
ウオーク	2
ウオークインクロゼット	8
ウオークマン	2
ウオークライ	5
ウオーター	2
ウオータークーラー	6
ウオータークレス	6
ウオータークロゼット	7
ウオーターシュート	6
ウオータージェット	6
ウオータースポット	7
ウオーターハザード	7
ウオーターバス	6
ウオーターフロント	7
ウオータープルーフ	7
ウオーターポロ	6
ウオーデン	2
ウオーニング	2
ウオーマー	2
ウオーミングアップ	7
ウオームアップ	5
ウオームカラー	5
ウオームギア	5
ウオッカ	2
ウオッシャブル	2
ウオッシュ	2
ウオッシュアンドウエア	9
ウオッチ	2
ウオッチポケット	5
ウオッチャー	2
ウオッチング	2
ウオツカ	2
ウオルナット	4
ウガンダ	2
ウクレレ	0
ウスターソース	5
ウズベキスタン	5
ウズベク語	0
ウッディー	1
ウッド	1
ウッドクラフト	5
ウッドチップ	4
ウッドチップコース	7
ウッドチャック	4
ウッドパルプ	4
ウッドブロック	5
ウッドペッカー	4
ウムラウト	1
ウラシル	2
ウラニウム	3
ウラマー	2
ウラルアルタイ語族	1
ウラル語族	4
ウラン	1
ウラン系列	4
ウリジン	2
ウルグアイラウンド	6
ウルシオール	4
ウルップ草	0
ウルトラ	0
ウルトラナショナリズム	8
ウルトラマリン	6
ウルトラモンタニズム	8
ウルドゥー語	0
ウルフ	1
ウルフハウンド	4
ウレアーゼ	3
ウレタン	0
ウレタンフォーム	5
ウロキナーゼ	4
ウロビリノーゲン	5
ウンシャン	0
ウンスンカルタ	5
ウ音便	2
ウ冠	2
ウ段	1
エーエルユー	5
エーカー	1
エークラス	3
エーゲ文明	4
エーコン管	0
エージ	1
エージェンシー	1
エージェント	1
エージグループ	5
エージシューター	4
エージズム	3
エージドビーフ	5
エージレス	1
エージング	0
エース	1
エースアタッカー	5
エーススパイカー	5
エーテル	0
エーデルワイス	5
エートス	1
エード	1
エープリル	1
エープリルフール	6
エール	1
エーログラム	4
エーロゾル	4
エア	1
エアカーゴ	3
エアカーテン	3
エアガン	2
エアクッション	3
エアクラフト	4
エアクリーナー	4
エアコン	0
エアコンディショナー	5
エアコンディショニング	5
エアコンプレッサー	6
エアサービス	3
エアサスペンション	5
エアシップ	1
エアシューター	3
エアシュート	3
エアゾール	3
エアターミナル	3
エアチェック	3
エアチャンバー	3
エアドーム	3
エアドア	3
エアバス	0
エアバッグ	3
エアピストル	3
エアフィルター	3
エアブラシ	3
エアブレーキ	4
エアポート	3
エアポケット	3
エアポンプ	3
エアマット	3
エアメール	3
エアライフル	3
エアライン	3
エアリアル	2
エアレーションタンク	7
エアログラム	4
エアロゾル	2
エアロダイナミックス	7
エアロック	3
エアロノート	4
エアロビクス	4
エアロビサイズ	5
エイコサペンタエン酸	0
エイコンドライト	6
エイジス艦	0
エイジズム	3
エイジング	0
エイズウイルス	5
エイダ	1
エイト	1
エイトビート	4
エイド	1
エイドス	1
エイムス試験	6
エイリアス	1
エイリアン	1
エウスタキオ管	0
エオアントロプス	6
エオシン	1
エオニズム	3
エオリア旋法	5
エオルス音	4
エカシ	1
エキサイティング	3
エキサイト	3
エキシビション	4
エキシビションゲーム	7
エキジビション	4
エキス	1
エキストラ	3
エキストラベッド	6
エキスパート	4
エキスパートシステム	7
エキスパンションジョイント	8
エキスパンダー	4
エキスプレッション	5
エキスポ	0
エキセントリック	6
エキソン	1
エキゾーストパイプ	7
エキゾチシズム	5
エキゾチック	4
エキノコッカス	4
エキノコッカス症	7
エキノマイシン	4
エキュメニズム	4
エキュメノポリス	5
エギーユ	2
エクイティー	2
エクイティーファイナンス	6
エクササイズ	4
エクジソン	3
エクスカージョン	4
エクスクラメーションマーク	10
エクスクルーシブオア	9
エクスタシー	3
エクスチェンジ	4
エクステリア	4
エクステンション	4
エクスプレス	4
エクスプレッショニズム	8
エクスプレッション	5
エクスペリメント	4
エクスペンシブ	4
エクスペンス	4
エクスポート	4
エクスリブリス	4
エクセレント	1
エクソシスト	4
エクトプラズム	5
エクリチュール	4
エクリン腺	0
エクレア	0
エクレクティシズム	6
エクロジャイト	4
エグザミネーション	5
エグザンプル	3
エグゼクティブ	3
エグゼンプト	3
エコー	1
エコールドパリ	6
エコサイド	3
エコシステム	3
エコステーション	4
エコノマイザー	4
エコノミー	2
エコノミークラス	6
エコノミカル	3
エコノミスト	4
エコノミック	4
エコノミックアニマル	7
エコノミックス	4
エコノメトリックス	6
エコビジネス	3
エコフェミニズム	5
エコマーク	3
エコロジー	2
エコロジスト	4
エゴ	1
エゴイスティック	5
エゴイスト	3
エゴイズム	3
エゴティスト	3
エゴティズム	3
エサキダイオード	6
エシャロット	3
エジソン効果	5
エジプト語	0
エジプト文字	5
エジプト文明	5
エス	1
エスイー	3
エスカベーシュ	4
エスカルゴ	3
エスカルゴバター	6
エスカレーション	4
エスカレーター	4
エスカレーター条項	8
エスカレート	4
エスカロープ	4
エスキス	1
エスキモー	3
エスキモー犬	0
エスケープ	3
エスケープクローズ	7
エスコート	3
エスタブリッシュメント	5
エステート	3
エステティシャン	4
エステティック	4
エステティックサロン	7
エステラーゼ	4
エステル	1
エストッペル	3
エストニア	0
エストラゴン	4
エストラジオール	6
エストリオール	5
エストロゲン	4
エストロン	0
エスニシティー	4
エスニック	3
エスニッククレンジング	7
エスニックグループ	7
エスニックマイノリティー	8
エスノグラフィー	4
エスノセントリズム	7
エスノメソドロジー	6
エスノロジー	4
エスパー	1
エスパドリーユ	5
エスパニョールソース	7
エスピー盤	0
エスプラネード	5
エスプリ	0
エスプレッソ	4
エスペラント	4
エス波	2
エソロジー	3
エタニティ	2
エタノール	3
エタノールアミン	6
エタン	1
エチオピア	0
エチオピア区	5
エチケット	1
エチモロジー	3
エチュード	1
エチル	1
エチルアルコール	4
エチルエーテル	4
エチレン	1
エチレンオキシド	5
エチレングリコール	7
エチレンジアミン四酢酸	10
エチレン系炭化水素	10
エックス脚	4
エックス線	0
エッグ	1
エッグノッグ	4
エッジ	1
エッジング	0
エッセー	1
エッセイスト	3
エッセン	1
エッセンシャル	3
エッセンス	1
エッチング	0
エティモロジー	3
エディアカラ動物群	9
エディション	2
エディター	1
エディティング	0
エディトリアルデザイン	8
エディプスコンプレックス	8
エデュケーション	3
エデン	1
エトス	1
エトセトラ	3
エトピリカ	3
エトランゼ	3
エトワール	3
エトワス	1
エナジー	1
エナメル	0
エナメルドグラス	6
エナメルペイント	5
エナメル質	4
エナメル線	0
エニシダ	0
エヌシー	3
エネルギー	2
エネルギー革命	6
エネルギー交代	6
エネルギー産業	6
エネルギー準位	6
エネルギー代謝	6
エネルギー代謝率	8
エネルギッシュ	4
エネルゲイア	4
エバー	1
エバーソフト	4
エバーホワイト	5
エバミルク	3
エピオルニス	4
エピキュリアン	3
エピグラフ	3
エピグラム	3
エピゴーネン	3
エピステーメー	4
エピソード	1
エピソーム	3
エピタキシー	3
エピック	1
エピネフリン	4
エピローグ	3
エフェクター	2
エフェクティブ	2
エフェクト	2
エフェクトマシン	6
エフェドリン	0
エフエー	3
エフエーキュー	5
エフディー	3
エプロン	1
エプロンステージ	6
エベント	0
エペ	1
エホバ	1
エボナイト	3
エボラ出血熱	7
エボリューション	3
エボリュート曲線	6
エポキシ樹脂	5
エポック	2
エポックメーキング	5
エポレット	1
エマージェンシー	4
エマルション	2
エミグレーション	4
エミッション	2
エミッター	2
エミュー	1
エミュレーション	3
エムエスドス	5
エムピーユー	5
エムペグ	0
エメチン	2
エメラルド	3
エメラルドグリーン	7
エメリー	1
エメリーペーパー	5
エメリーボード	5
エメンタール	4
エモーショナル	2
エモーション	2
エヤー	1
エラー	1
エラスチック	4
エラスチン	2
エラストマー	4
エラブトキシン	4
エランビタール	5
エリート	2
エリア	1
エリキシル剤	5
エリジビリティー	4
エリスロポエチン	6
エリスロマイシン	5
エリダヌス座	0
エリテマトーデス	5
エリトリア	0
エリミネーター	4
エリント	2
エル	1
エルエスアイ	5
エルク	1
エルグ	1
エルゴード仮説	6
エルゴカルシフェロール	8
エルゴステロール	6
エルゴタミン	0
エルゴノビン	0
エルゴノミクス	5
エルゴメトリン	5
エルサルバドル	5
エルステッド	4
エルニーニョ	3
エルビウム	3
エルピー	3
エルピー盤	0
エルフ	1
エルボー	1
エルム	1
エレガンス	1
エレガント	1
エレキ	1
エレキギター	4
エレキテル	2
エレクト	2
エレクトーン	4
エレクトラコンプレックス	9
エレクトリック	5
エレクトリックギター	8
エレクトリックベース	8
エレクトレット	5
エレクトロセラミックス	8
エレクトロタイプ	6
エレクトロニクス	6
エレクトロニック	6
エレクトロニックバンキング	9
エレクトロメーター	6
エレクトロルミネセンス	8
エレクトロン	4
エレクトロンボルト	7
エレジー	1
エレプシン	2
エレベーション	3
エレベーター	3
エレメンタリー	3
エレメント	1
エロ	1
エロキューション	3
エログロ	0
エロス	1
エロチシズム	4
エロチック	3
エンカウンター	3
エンカウンターグループ	9
エンクロージャー	4
エングラム	1
エンケファリン	4
エンゲージ	3
エンゲージメント	3
エンゲージリング	6
エンゲル係数	5
エンコーダー	3
エンコード	3
エンサイクロペディア	7
エンザイム	3
エンシレージ	4
エンジェル	1
エンジニア	3
エンジニアリング	4
エンジニアリングセラミックス	11
エンジニアリングプラスチック	12
エンジョイ	3
エンジン	1
エンジンブレーキ	6
エンスト	0
エンゼル	1
エンゼルフィッシュ	5
エンターテイナー	5
エンターテインメント	5
エンタープライズ	6
エンタイトルツーベース	9
エンタシス	1
エンタブレチュア	5
エンタルピー	3
エンダイブ	3
エンチーム	3
エンテレケイア	5
エンテロウイルス	6
エンテロキナーゼ	6
エンディング	0
エントランス	1
エントランスホール	7
エントリー	1
エントロピー	4
エンド	1
エンドサイトーシス	6
エンドゾーン	4
エンドミル	4
エンドユーザー	4
エンドライン	4
エンドラン	4
エンドリン	0
エンドルフィン	3
エンドレス	1
エンドレステープ	6
エンバーゴー	3
エンバーミング	3
エンバイロメント	3
エンバシー	1
エンパイア	3
エンパイアチューブ	6
エンブリオ	3
エンブレム	1
エンブロイダリーレース	9
エンプラ	0
エンプレス	1
エンベロープ	4
エンペラー	1
エンボス	1
エンリッチ	3
エ段	1
オーイーエム	5
オーエー	3
オーエス	3
オーエスアイ	5
オーカー	1
オーガズム	3
オーガニゼーション	5
オーガンディー	3
オーキシン	3
オーキッド	1
オーク	1
オークション	1
オークションブリッジ	7
オークス	1
オークル	1
オーケストラ	3
オーケストラピット	7
オーケストラボックス	7
オーケストレーション	6
オーサー	1
オーサリングシステム	7
オーシーアール	5
オーシャン	1
オーシャンレース	5
オージー	1
オージェーティー	5
オーステナイト	5
オーストラリア区	7
オーストラリア諸語	8
オーストロアジア語族	9
オーストロネシア語族	9
オーソグラフィー	5
オーソドックス	4
オーソライズ	4
オーソリティー	3
オータム	1
オーダー	1
オーダーエントリー	5
オーダーメード	5
オーチャード	3
オーチャードグラス	6
オーディエンス	1
オーディオ	0
オーディオメーター	5
オーディション	3
オーディトリアム	5
オーデコロン	4
オート	1
オートキャンプ	4
オートクチュール	5
オートクラシー	4
オートクレーブ	5
オートクロス	4
オートジャイロ	4
オートストップ	5
オートバイ	3
オートフォーカス	4
オートポイエーシス	6
オートマ	0
オートマチック	5
オートマチックトランスミッション	12
オートマチック車	7
オートマット	4
オートマティスム	5
オートマトン	4
オートミール	4
オートメ	0
オートメーション	4
オートモビル	4
オートリバース	4
オートレース	4
オートロック	4
オート三輪	4
オード	1
オードトワレ	4
オードブル	1
オーナー	1
オーナードライバー	6
オーナメント	1
オーバー	1
オーバーアクション	5
オーバーウエート	6
オーバーオール	5
オーバーオールポジション	9
オーバーキル	5
オーバーコート	5
オーバーシューズ	5
オーバースロー	6
オーバータイム	5
オーバーダビング	5
オーバートップ	5
オーバードクター	5
オーバードライブ	6
オーバードラフト	6
オーバーネット	5
オーバーハング	5
オーバーハンド	5
オーバーパー	5
オーバーヒート	5
オーバーフェンス	5
オーバーフロー	6
オーバーブッキング	5
オーバーブラウス	6
オーバーヘッド	5
オーバーヘッドキック	8
オーバーヘッドスロー	9
オーバーヘッドプロジェクター	10
オーバーホール	5
オーバーボローイング	6
オーバーライト	5
オーバーラップ	5
オーバーラン	5
オーバーロード	5
オーバーローン	5
オーバーワーク	5
オーバチュア	1
オーバル	1
オービター	1
オーファンドラッグ	6
オーブン	1
オーブントースター	5
オープナー	1
オープニング	1
オープニングナンバー	7
オープン	1
オープンアカウント	6
オープンエア	5
オープンエンド	5
オープンエンドモーゲージ	8
オープンカー	3
オープンカット	5
オープンキッチン	5
オープンゲーム	5
オープンコース	5
オープンサイド	5
オープンサンドイッチ	8
オープンシステム	5
オープンシャツ	5
オープンショップ	5
オープンスクール	6
オープンスタンス	6
オープンスペース	6
オープンセット	5
オープンチケット	6
オープンデーティングシステム	10
オープンドア	5
オープンハウス	5
オープンフェース	5
オープンプレー	6
オープンマーケットオペレーション	12
オープンマネーマーケット	8
オープンリール	5
オープン価格	5
オープン戦	0
オープン選手権	7
オープン投信	5
オーボー	1
オーボエ	0
オーム	1
オーラ	1
オーライ	1
オーラス	0
オーラミン	0
オーラル	1
オーラルセックス	4
オーラルメソッド	5
オール	0
オールインワン	6
オールウエーブ	5
オールウエザー	5
オールウエザーコート	8
オールオアナッシング	6
オールスターキャスト	7
オールスターゲーム	7
オールスパイス	5
オールタナティブ	4
オールディーズ	1
オールトの雲	6
オールド	1
オールドイングリッシュシープドッグ	14
オールドタイマー	5
オールドファッション	5
オールドボーイ	5
オールドミス	5
オールドリベラリスト	8
オールドローズ	5
オールナイト	4
オールバック	4
オールパーパス	4
オールマイティー	4
オールラウンダー	5
オールラウンド	4
オーレ	1
オーレオマイシン	5
オーロックス	3
オーロラ	0
オアシス	1
オア回路	3
オイゲノール	4
オイスター	1
オイスターソース	6
オイル	1
オイルエンジン	4
オイルガス	4
オイルクーラー	4
オイルクロース	5
オイルサーディン	4
オイルサンド	4
オイルシェール	4
オイルシャンプー	4
オイルショック	4
オイルシルク	4
オイルスキン	5
オイルステイン	5
オイルストーン	5
オイルダラー	4
オイルダンパー	4
オイルバーナー	4
オイルフィニッシュ	4
オイルフェンス	4
オイルボール	4
オイルポンプ	4
オイルマネー	4
オイル語	0
オウンゴール	4
オカピ	1
オカリナ	2
オカルティズム	4
オカルト	0
オガム文字	4
オキサロ酢酸	5
オキシゲナーゼ	5
オキシダーゼ	4
オキシダント	1
オキシダント雲	7
オキシテトラサイクリン	7
オキシトシン	4
オキシドール	4
オキシフル	3
オキシヘモグロビン	7
オキソニウムイオン	7
オキソ酸	0
オキュペーショナルセラピー	8
オクシデンタル	4
オクシデント	1
オクターブ	3
オクタボ	3
オクタン	1
オクタン価	3
オクテット	1
オクトパス	1
オクラ	0
オクラホマ	3
オケ	1
オシログラフ	4
オシロスコープ	5
オシロメーター	4
オスカー	1
オストラシズム	5
オストリッチ	4
オスマン語	0
オスミウム	3
オセアニア	0
オセロ	1
オセロット	3
オゾン	1
オゾンホール	4
オゾン層	2
オタリア	2
オダリスク	3
オックステール	5
オック語	0
オッズ	1
オットセイ	3
オットマン	1
オドメーター	3
オナー	1
オナニー	1
オニオン	1
オニックス	2
オノマトペ	3
オハイオ	0
オパール	2
オヒョウ	1
オピウム	2
オピオイドペプチド	6
オピニオン	2
オピニオンリーダー	6
オフ	1
オファー	1
オフィオライト	4
オフィサー	1
オフィシャル	1
オフィシャルゲーム	5
オフィシャルサプライヤー	7
オフィシャルレコード	6
オフィス	1
オフィスオートメーション	7
オフィスガール	4
オフィスコンピューター	6
オフィスビル	4
オフィスレディー	4
オフェンス	0
オフコン	0
オフサイド	1
オフサイドトラップ	7
オフザジョブトレーニング	7
オフシーズン	3
オフショア	3
オフショルダー	3
オフセット	3
オフタートル	3
オフタイム	3
オフビート	3
オフブロードウェー	4
オフホワイト	4
オフライン	3
オフラインミーティング	6
オフランプ	3
オフリミット	3
オフレコ	0
オフロード	3
オフロードバイク	6
オフロードレース	6
オブザーバー	3
オブジェ	1
オブジェクション	3
オブジェクト	1
オブジェクトプログラム	8
オブジェクト指向	6
オブストラクション	5
オブラート	3
オブリガート	4
オブリゲーション	4
オプアート	3
オプショナル	1
オプショナルツアー	6
オプション	1
オプション取引	5
オプス	1
オプチミスティック	6
オプチミスト	4
オプチミズム	4
オプトエレクトロニクス	9
オベリスク	3
オペ	1
オペラ	1
オペラグラス	4
オペラコミック	5
オペラセリア	4
オペラハウス	4
オペラハット	4
オペラバッグ	4
オペラブッファ	4
オペラント条件づけ	0
オペラント条件付け	0
オペレーション	3
オペレーションズリサーチ	9
オペレーションツイスト	8
オペレーター	3
オペレーティングシステム	8
オペレッタ	3
オペロン	1
オホーツク海気団	8
オホーツク海高気圧	10
オポチュニスト	4
オポチュニズム	4
オマージュ	2
オマール蝦	4
オマール海老	4
オマーン	2
オミット	2
オムニバス	3
オムニマックス	4
オムライス	3
オムレツ	0
オモニ	1
オラクル	1
オラトリオ	3
オランウータン	4
オランダ海芋	5
オランダ芹	4
オランダ語	0
オランダ菖蒲	5
オランダ人	4
オランダ苺	5
オリーブ	2
オリーブグリーン	6
オリーブドラブ	5
オリーブ色	0
オリーブ油	4
オリエンタリスト	6
オリエンタリズム	6
オリエンタル	3
オリエンタルショートヘア	10
オリエンタルロングヘア	10
オリエンテーション	5
オリエンテーリング	5
オリエント	1
オリオン	1
オリオン座	0
オリガーキー	3
オリゴポリー	4
オリゴマー	2
オリゴ糖	0
オリザニン	0
オリジナリティー	4
オリジナル	2
オリジナルシナリオ	6
オリジナルプリント	7
オリジナルプログラム	7
オリジン	1
オリックス	2
オリフィス	1
オリンピアード	5
オリンピア祭	5
オリンピック	4
オリンピックイヤー	7
オリンピックコングレス	7
オリンピック旗	6
オリンピック種目	7
オリンピック村	0
オリンピック冬季競技大会	4
オルガスムス	4
オルガナイザー	4
オルガニスト	4
オルガニズム	4
オルガネラ	3
オルガン	0
オルグ	1
オルゴール	3
オルソクロマチック	7
オルソパンクロマチック	9
オルターナティブ	3
オルタネーター	4
オルト	1
オルトフェニルフェノール	8
オルトルイズム	5
オルドビス紀	5
オルニチン	3
オルニチン回路	6
オレアンドマイシン	6
オレイン酸	0
オレガノ	0
オレゴン	1
オレンジ	2
オレンジエード	5
オレンジカード	5
オレンジジュース	5
オレンジビターズ	5
オレンジピール	5
オレンジペコー	5
オレンジ色	0
オン	1
オンエア	3
オングストローム	6
オンサイド	3
オンザジョブトレーニング	7
オンザマーク	4
オンザロック	4
オンス	1
オンステージ	4
オントロギー	4
オンドマルトノ	1
オンドル	0
オンパレード	4
オンブズマン	1
オンユアマーク	5
オンライン	3
オンラインシステム	6
オンラインショッピング	6
オンラインリアルタイムシステム	12
オンランプ	3
オンリー	1
オンリミット	3
オ段	1
カー	1
カーキ色	0
カーゴ	1
カーゴカルト	4
カーサ	1
カーステレオ	4
カースト	1
カーソル	1
カーチェイス	3
カーテン	1
カーテンウオール	5
カーテンコール	5
カーテンレール	5
カーディガン	3
カーディナル	1
カート	1
カートゥーン	3
カートリッジ	4
カートン	1
カード	1
カードシステム	4
カードローン	4
カーナビ	0
カーナビゲーション	5
カーナビゲーションシステム	9
カーニバル	1
カーヌーン	3
カーネーション	3
カーネル	1
カーバイド	3
カービング	1
カービングナイフ	6
カービン銃	3
カーフ	1
カーフェリー	3
カーフスキン	5
カーブ	1
カーブミラー	4
カーブ尺	3
カーペット	1
カーペンター	3
カーボベルデ	3
カーボランダム	4
カーボン	1
カーボンデーティング	5
カーボンファイバー	5
カーボンブラック	6
カーボンマイクロホン	8
カーボン紙	3
カーポート	3
カーマ	1
カーマイン	3
カーマインレッド	6
カーラー	1
カーリーヘア	5
カーリング	0
カール	1
カイエンペッパー	5
カイザー	1
カイゼル	1
カイゼル髭	4
カイト	1
カイネチン	3
カイパーベルト	5
カイマン	1
カイモグラフ	4
カイロプラクチック	7
カイロプラクティック	7
カイ二乗検定	6
カイ二乗分布	6
カウチ	1
カウパー腺	0
カウベル	3
カウボーイ	3
カウボーイハット	6
カウリング	0
カウル	1
カウンシル	2
カウンセラー	2
カウンセリング	2
カウンター	0
カウンターアタック	7
カウンターカルチャー	6
カウンターキッチン	6
カウンターテナー	6
カウンターパーチェス	6
カウンターパンチ	6
カウンターブロー	7
カウント	0
カウントアウト	5
カウントダウン	5
カオス	1
カオダイ教	0
カオリナイト	4
カオリン	1
カカオ	1
カカオバター	4
カカオマス	4
カクタス	1
カクタスペア	5
カクテキ	0
カクテル	1
カクテルグラス	5
カクテルソース	5
カクテルドレス	5
カクテルパーティー	5
カクテルラウンジ	5
カサカサ	1
カザフスタン	3
カシア	1
カシオペヤ座	0
カシス	1
カシミール	3
カシミア	0
カシミヤ	0
カシュー	1
カシューの木	1
カシューアップル	4
カシューナッツ	4
カシュクール	2
カジノ	1
カジュアル	1
カジュアルウエア	6
カスカス	1
カスカラサグラダ	5
カスガマイシン	4
カスケード	3
カスケードシャワー	6
カスター	1
カスタード	3
カスタードクリーム	7
カスタードプディング	6
カスタネット	4
カスタマー	1
カスタマイズ	4
カスタム	1
カスタムカー	4
カスタムチップ	5
カステラ	0
カスト	1
カストラート	4
カスバ	1
カスピ海	3
カセクシス	3
カセット	2
カセットテープ	5
カセットテープレコーダー	9
カセットデッキ	5
カセットブック	5
カセトメーター	4
カセドラル	2
カゼイン	2
カソード	2
カソリック	3
カタール	2
カタコンベ	3
カタストロフィ	5
カタストロフィー	5
カタバ風	3
カタパルト	3
カタピラー	2
カタマラン船	0
カタラーゼ	3
カタルシス	3
カタル性肺炎	6
カタレプシー	3
カタログ	0
カタログショッピング	5
カタログレゾネ	5
カタログ販売	5
カタン糸	4
カチオン	1
カチカチ	1
カチューシャ	2
カチンカチン	0
カチン語	0
カッター	1
カッターシャツ	5
カッターシューズ	5
カッターナイフ	5
カッチ	1
カッテージチーズ	6
カッティング	0
カッティングボード	6
カット	1
カット＆ペースト	7
カットアウト	4
カットイン	4
カットグラス	4
カットバック	4
カットフィルム	4
カットワーク	4
カップ	1
カップケーキ	4
カップスタン	4
カップボード	4
カップリング	1
カップリングシュガー	7
カップル	1
カップ麺	3
カッペ	1
カツ	1
カツレツ	0
カツ丼	0
カテーテル	2
カテキズム	3
カテキュー	2
カテキン	2
カテコール	3
カテコールアミン	6
カテゴリー	2
カテゴリーキラー	6
カテドラル	2
カテプシン	2
カデンツ	2
カデンツァ	2
カトリシズム	4
カトリック教会	6
カトレア	0
カトレヤ	0
カドミウム	3
カドミウムイエロー	7
カドリール	3
カナキン	2
カナダ藻	3
カナッペ	2
カナディアン	2
カナディアンカヌー	6
カナマイシン	3
カナリア	0
カナリア色	0
カニバリズム	4
カニューレ	2
カヌー	1
カヌーイスト	4
カヌーイング	2
カヌー競技	4
カネミ油症	4
カネロニ	0
カノン	1
カノン法	2
カノン砲	2
カバ	1
カバー	1
カバーガール	4
カバーガラス	4
カバーグラス	4
カバーチャージ	4
カバーバージョン	4
カバーリング	2
カバラ	1
カバリエ	2
カバレッジ	1
カビア	1
カピバラ	2
カフェ	1
カフェー	1
カフェイン	2
カフェオレ	0
カフェテラス	0
カフェテリア	3
カフェバー	3
カフェロワイヤル	4
カフス	1
カフスボタン	4
カフタン	1
カフドパンツ	4
カフリンクス	3
カブスカウト	4
カプサイシン	3
カプセル	1
カプセルホテル	5
カプチーノ	3
カプラー	1
カプリチオ	3
カプリッチオ	3
カプロラクタム	4
カボチャ	0
カポジ肉腫	4
カポック	1
カポックの木	1
カマーバンド	4
カマンベール	4
カミン	1
カム	1
カムイ	1
カムバック	3
カムフラージュ	4
カムルチー	2
カメ	1
カメオ	1
カメラ	1
カメラアイ	4
カメラアングル	4
カメラオブスクーラ	7
カメラマン	3
カメラリハーサル	5
カメラルーシダ	4
カメラワーク	4
カメラ割り	0
カメリア	2
カメルーン	3
カメレオン	3
カメレオン座	0
カモフラージュ	4
カモミール	3
カヤック	2
カラー	1
カラーアナリスト	6
カラーコーディネーション	7
カラーコーディネーター	7
カラーコンディショニング	6
カラーサークル	4
カラースキャナー	5
カラースケール	5
カラーチャート	4
カラード	2
カラーバー	4
カラーフィールドペインティング	9
カラーフィルム	4
カラーボックス	4
カラーリバーサルフィルム	9
カラカラ	1
カラゲナン	3
カラザ	0
カラジウム	3
カラット	2
カラビナ	2
カラフル	1
カラメル	0
カラメルソース	5
カラメル麦芽	5
カラライゼーション	5
カラリスト	3
カラン	0
カランコエ	2
カリ	1
カリー	0
カリアティード	4
カリウム	2
カリエス	1
カリカチュール	4
カリカチュア	3
カリカリ	1
カリガラス	3
カリキュラム	3
カリグラフィー	3
カリスト	2
カリスマ	0
カリニ肺炎	4
カリパス	1
カリフ	1
カリフォルニア	0
カリフラワー	4
カリブー	1
カリブ海	3
カリプソ	0
カリホルニウム	5
カリヨン	1
カリ活用	3
カリ石鹸	3
カリ長石	3
カリ肥料	3
カルキ	1
カルキュレーター	4
カルシウム	3
カルシウムシアナミド	8
カルシトニン	4
カルシフェロール	5
カルジオスコープ	6
カルス	1
カルスト	2
カルスト地形	5
カルセオラリア	5
カルソン	1
カルタ	1
カルタ会	3
カルタ金	4
カルタ取り	3
カルダモン	3
カルチベーター	4
カルチャー	1
カルチャーショック	5
カルチャーセンター	5
カルテ	1
カルテット	1
カルテル	1
カルデア人	4
カルデラ	0
カルデラ湖	4
カルト	1
カルトゥーシュ	3
カルトン	1
カルノーサイクル	5
カルバドス	3
カルビ	1
カルボイ	1
カルボキシル基	6
カルボナーラ	4
カルボニル基	5
カルボン酸	0
カルミア	2
カルミン	1
カルメラ	0
カルメル	0
カルメ焼	0
カルメ焼き	0
カルモジュリン	4
カレー	0
カレーライス	4
カレー粉	0
カレイドスコープ	6
カレッジ	1
カレッジリング	5
カレット	2
カレドニアン	3
カレンシー	2
カレンズ	2
カレンダー	2
カレンツ	1
カレント	1
カレントトピックス	5
カレントニュース	5
カロチノイド	4
カロチン	1
カロテノイド	4
カロテン	1
カロメル	0
カロリー	1
カロリメーター	4
カンカン	3
カンガルー	3
カンザス	1
カンジダ症	4
カンター	1
カンタータ	3
カンタービレ	3
カンタリジン	3
カンタリス	3
カンツォーネ	3
カンツォネッタ	4
カンテ	1
カンティレバー	4
カンテラ	0
カンデラ	0
カント	1
カントリー	1
カントリーアンドウエスタン	10
カントリーウエア	7
カントリーウオーク	7
カントリーエレベーター	8
カントリークラブ	6
カントリーブルース	7
カントリーリスク	6
カントリーロック	6
カントン料理	5
カンニング	0
カンニングペーパー	6
カンバス	1
カンバセーション	4
カンパ	1
カンパニー	1
カンパニア	3
カンピロバクター	5
カンファレンス	1
カンフル	1
カンブリア紀	5
カンブリア系	0
カンブリック	4
カンプトサウルス	5
カンボジア語	0
カンマ	1
カ行	1
カ行変格活用	1
カ国	0
カ氏	1
カ変	1
ガーゴイル	3
ガーゼ	1
ガーター	1
ガーター編み	0
ガーデン	1
ガーデントラクター	6
ガーデンパーティー	5
ガード	1
ガードマン	1
ガードル	0
ガードレール	4
ガーナ	1
ガーネット	1
ガーベラ	0
ガーリック	1
ガーリックソルト	6
ガール	1
ガールスカウト	5
ガールハント	4
ガールフレンド	5
ガーンジー	1
ガイ	1
ガイアナ	0
ガイガーカウンター	6
ガイガーミュラー計数管	0
ガイガー計数管	0
ガイスト	1
ガイダンス	1
ガイド	1
ガイドナンバー	4
ガイドブック	4
ガイドポスト	4
ガイドライン	4
ガウス	1
ガウス曲線	4
ガウチョ	1
ガウチョハット	4
ガウン	1
ガザニア	0
ガスエンジン	3
ガスカーボン	3
ガスクロマトグラフ	7
ガスクロマトグラフィー	7
ガスケット	3
ガスストーブ	4
ガスタービン	3
ガスタンク	3
ガステーブル	3
ガスト	1
ガストアルバイター	6
ガストリン	0
ガストロカメラ	5
ガストロノーム	5
ガストロノミー	4
ガスバーナー	3
ガスパチョ	0
ガスボイラー	3
ガスボンベ	3
ガスマスク	3
ガスマット	3
ガスマントル	3
ガスメーター	3
ガスライター	3
ガスランプ	3
ガスレンジ	3
ガス液	2
ガス壊疽	3
ガス管	0
ガス機関	4
ガス欠	0
ガス交換	3
ガス糸	0
ガス室	2
ガス銃	2
ガス状星雲	5
ガス体	0
ガス台	0
ガス中毒	3
ガス田	2
ガス灯	0
ガス燈	0
ガス突出	3
ガス抜き	0
ガス分析	3
ガス溶接	3
ガス冷却炉	6
ガス漏れ	0
ガス焜炉	3
ガゼット	2
ガゼットバッグ	5
ガゼル	1
ガソリン	0
ガソリンエンジン	5
ガソリンスタンド	6
ガター	1
ガタガタ	1
ガッシュ	1
ガッツ	1
ガッツポーズ	4
ガット	1
ガットギター	4
ガツ	1
ガトー	1
ガトーセック	2
ガドリニウム	4
ガニメデ	2
ガバナー	1
ガバナビリティー	4
ガバメント	1
ガビアル	1
ガボット	1
ガボン	1
ガム	1
ガムシロップ	3
ガムテープ	3
ガムボ	1
ガムラン	1
ガメラン	0
ガラクトース	4
ガラクトース血症	7
ガラコンサート	3
ガラゴ	1
ガラスウール	4
ガラスブロック	5
ガラス絵	3
ガラス固化	4
ガラス戸	3
ガラス工芸	4
ガラス質	3
ガラス障子	4
ガラス切り	3
ガラス繊維	4
ガラス窓	4
ガラス体	0
ガラス張り	0
ガラス綿	3
ガラナ	1
ガラムマサラ	4
ガランタミン	2
ガリー	1
ガリウム	2
ガリウム砒素	5
ガリガリ	1
ガリバー	1
ガリバー商品	5
ガリレイ衛星	5
ガリレイ式望遠鏡	0
ガリ版	0
ガル	1
ガルソン	3
ガルニ	1
ガルバノメーター	5
ガルバンソ	3
ガルバンゾ	3
ガレー	1
ガレージ	2
ガレージセール	5
ガレオン	1
ガレット	2
ガロップ	2
ガロン	1
ガン	1
ガンガン	1
ガンクラブチェック	6
ガングリオシド	5
ガングリオン	3
ガンシクロビル	5
ガントチャート	4
ガントリークレーン	7
ガンニー	1
ガンビール	3
ガンビア	1
ガンボージ	3
ガンボージの木	1
ガンマアミノ酪酸	7
ガンマグロブリン	0
ガンマフィールド	4
ガンマン	1
ガンマ線	0
ガンメタル	3
ガ行	1
キー	1
キーインダストリー	3
キーウィ	1
キーカレンシー	4
キーステーション	4
キーストーン	4
キーセン	1
キーノート	3
キーパー	1
キーパーソン	3
キーパーチャージ	5
キーパンチャー	3
キープ	1
キーホルダー	3
キーボード	3
キーポイント	3
キーマン	1
キーライト	3
キール	1
キーレスエントリー	5
キーワード	3
キー局	1
キアズマ	2
キアロスクーロ	5
キイキイ	1
キウイ	1
キウイフルーツ	5
キオスク	2
キサントフィル	5
キシュ	1
キシレン	2
キシロース	3
キシロール	3
キス	1
キスマーク	3
キセニア	2
キセノン	2
キセノンランプ	5
キタラ	1
キチン	1
キッカー	1
キック	1
キックアウト	4
キックアンドラッシュ	7
キックオフ	4
キックスターター	5
キックターン	4
キックバック	4
キックボール	4
キックボクシング	4
キッシュ	1
キッス	1
キッチュ	1
キッチン	1
キッチンドリンカー	6
キット	1
キッド	1
キティ豚鼻蝙蝠	7
キトン	1
キドニーパイ	5
キドニーパンチ	5
キナーゼ	2
キニーネ	2
キニン	1
キネスコープ	4
キネティックアート	6
キネトスコープ	5
キネマ	1
キネマトグラフ	5
キノア	1
キノホルム	3
キノリン	1
キノン	1
キブアンドテーク	6
キブツ	1
キブラ	1
キプロス	1
キマイラ	2
キメラ	1
キモシン	2
キモトリプシン	5
キャスク	1
キャスター	1
キャスターバッグ	5
キャスチング	0
キャスチングボート	6
キャスチングリール	6
キャスティング	0
キャスト	1
キャセロール	3
キャタピラ	2
キャタピラー	2
キャッサバ	1
キャッシャー	1
キャッシュ	1
キャッシュオンデリバリー	7
キャッシュカード	4
キャッシュディスペンサー	6
キャッシュフロー	5
キャッシュメモリー	4
キャッシュレジスター	5
キャッシュレス	1
キャッシング	0
キャッスル	1
キャッチ	1
キャッチアップ	4
キャッチアンドリリース	8
キャッチコピー	4
キャッチセールス	4
キャッチバー	4
キャッチフレーズ	5
キャッチホン	3
キャッチボール	4
キャッチャー	1
キャッチャーボート	5
キャッツアイ	4
キャット	1
キャットウオーク	5
キャップ	1
キャップスリーブ	5
キャップランプ	4
キャップロック	4
キャディー	1
キャディーバッグ	4
キャニスター	1
キャノピー	1
キャノン	1
キャノンボール	4
キャバレー	1
キャパシタンス	2
キャパシティー	2
キャビア	1
キャビテーション	3
キャビネ	1
キャビネット	1
キャビン	1
キャビンアテンダント	5
キャピタリズム	4
キャピタル	1
キャピタルゲイン	5
キャピタルレター	5
キャピタルロス	5
キャフェ	1
キャフェテリア	3
キャブタイヤケーブル	6
キャブレター	3
キャプション	1
キャプスタン	2
キャプテン	1
キャプテンジャケット	6
キャプリーヌ	3
キャベツ	1
キャミソール	3
キャメラ	1
キャメル	1
キャラウェー	1
キャラクター	1
キャラクター商品	6
キャラコ	1
キャラバン	1
キャラバンシューズ	5
キャラベル	1
キャラメル	0
キャリー	1
キャリア	1
キャリアウーマン	4
キャリアトーン	4
キャリコ	1
キャリパス	1
キャリブレーション	4
キャリングケース	5
キャリングボール	5
キャロット	1
キャロル	1
キャン	1
キャンサー	1
キャンセル	1
キャンセル待ち	0
キャンター	1
キャンティ	1
キャンデー	1
キャンドル	1
キャンドルサービス	5
キャンバー	1
キャンバス	1
キャンバスワーク	5
キャンパー	1
キャンパス	1
キャンピング	0
キャンピングカー	5
キャンブリック	4
キャンプ	1
キャンプイン	4
キャンプサイト	4
キャンプファイア	4
キャンプ村	0
キャンペーン	3
キュー	1
キューティクル	1
キュート	1
キュービズム	3
キュービック	1
キュービット	1
キューピー	1
キューピッド	1
キューブ	1
キューポラ	0
キューレット	1
キュイジーヌ	3
キュクロプス	3
キュビスム	2
キュプラ	1
キュポラ	1
キュラソー	2
キュリー	1
キュリー温度	4
キュリー点	2
キュリウム	2
キュレーター	2
キュロット	1
キュロットスカート	6
キュンメル	1
キヨスク	2
キラー	1
キラー細胞	4
キリ	2
キリシタン	3
キリシタン版	0
キリスト	0
キリスト教	0
キリスト教社会主義	10
キリスト降誕祭	7
キリバス	1
キリル文字	4
キル	1
キルギス	3
キルク	1
キルシュワッサー	4
キルティング	1
キルト	1
キルビメーター	4
キレート	2
キロ	1
キロアンペア	5
キロカロリー	3
キログラムカロリー	6
キログラム原器	6
キログラム重	5
キロトン	2
キロバイト	3
キロヘルツ	3
キロワット	3
キロワット時	5
キンカジュー	3
キング	1
キングコブラ	4
キングサーモン	4
キングサイズ	4
キングズイングリッシュ	5
キングペンギン	4
キングメーカー	4
キンタル	1
キンバリー岩	4
キンマ	1
ギー	1
ギア	1
ギガ	1
ギグ	1
ギシギシ	1
ギター	1
ギタリスト	3
ギニー	1
ギニョール	2
ギフト	1
ギフトカード	4
ギフトクーポン	4
ギフトショップ	4
ギフトチェック	4
ギフト券	3
ギブアップ	3
ギブアンドテーク	6
ギプス	1
ギベレリン	0
ギボン	1
ギミック	1
ギムナジウム	4
ギムレット	1
ギャグ	1
ギャザー	1
ギャザースカート	5
ギャップ	1
ギャバジン	1
ギャフ	1
ギャラ	1
ギャラクシー	2
ギャラリー	1
ギャランティー	2
ギャル	1
ギャルソン	1
ギャレー	1
ギャロップ	1
ギャング	1
ギャングエージ	4
ギャンブラー	1
ギャンブル	1
ギヤ	1
ギヤマン	0
ギュヨー	1
ギヨー	1
ギヨチン	0
ギランバレー症候群	9
ギリシャ語	0
ギリシャ神話	5
ギリシャ正教会	7
ギリシャ哲学	6
ギリシャ文字	5
ギルダー	1
ギルト	1
ギルトトップ	4
ギルド	1
ギルド社会主義	7
ギロチン	0
ギンガム	1
クーデター	3
クーバード	3
クーペ	1
クーポン	1
クーポンレート	5
クーラー	1
クーラーボックス	5
クーラント	2
クーリエ	1
クーリッジ管	0
クーリングオフ	6
クーリングタワー	6
クーリングダウン	6
クール	1
クールアイランド	4
クールカラー	4
クールジャズ	4
クールダウン	4
クーロワール	4
クーロン	1
クァルテット	1
クアッガ	2
クアハウス	3
クイーン	2
クイーンサイズ	5
クイーンズイングリッシュ	5
クイズ	1
クイズ番組	4
クイック	2
クイックサンド	5
クイックステップ	6
クイックターン	5
クイックモーション	5
クインケ浮腫	5
クインテット	2
クエーカー	2
クエーサー	2
クエスチョン	2
クエスチョンマーク	6
クォーター	1
クォーターバック	5
クォーターファイナル	5
クォータリー	1
クォーテーション	3
クォーテーションマーク	7
クォート	1
クオーク	2
クオータ	2
クオーター	2
クオータリー	2
クオーツ	2
クオート	2
クオリティー	2
クオリティーオブライフ	9
クオリティーペーパー	6
クオンティティー	2
クシャトリヤ	3
クスクス	0
クズネッツ循環	6
クセノン	2
クチクラ	2
クチュリエ	2
クチン	1
クッキー	1
クッキング	1
クッキングスクール	7
クッキングホイル	6
クック	1
クックドソーセージ	5
クッション	1
クッションボール	5
クッシング症候群	8
クッソ	1
クッソ花	3
クッパ	1
クネル	1
クミス	1
クミン	0
クラーク	2
クラーレ	2
クライアント	2
クライアントサーバーシステム	11
クライエント	2
クライシス	2
クライシスマネージメント	7
クライストロン	5
クライマー	2
クライマックス	4
クライミング	2
クライモグラフ	5
クラインフェルター症候群	11
クラウチングスタート	8
クラウチングスタイル	8
クラウディングアウト	7
クラウン	2
クラウンギア	5
クラウンゴール	5
クラウンロースト	5
クラクション	2
クラシカル	2
クラシシズム	4
クラシック	3
クラシックカー	5
クラシックギター	6
クラシックレース	6
クラシック音楽	6
クラス	1
クラスアクション	4
クラスター	2
クラスター分析	6
クラスト	2
クラスプ	2
クラスマガジン	4
クラスメート	4
クラス会	3
クラッカー	2
クラッキング	2
クラック	2
クラッシャー	2
クラッシュ	2
クラッシュシンドローム	8
クラッチ	2
クラッチバッグ	5
クラッチヒッター	5
クラッチペダル	5
クラビーア	3
クラビコード	4
クラフト	2
クラフトパルプ	5
クラフトマン	4
クラフトユニオン	5
クラフト紙	4
クラブ	1
クラブサン	2
クラブサンドイッチ	7
クラブチーム	4
クラブハウス	4
クラブ活動	4
クラミジア	3
クラムチャウダー	4
クラリオネット	5
クラリオン	2
クラリネット	4
クラレ	2
クラレット	3
クラン	1
クランク	2
クランクアップ	5
クランクイン	4
クランケ	2
クランチ	2
クランプ	2
クランベリー	4
クランポン	2
クリーク	2
クリート	2
クリーナー	2
クリーニング	4
クリーピングインフレーション	10
クリープ	2
クリーミー	2
クリーム	2
クリームサンデー	5
クリームスキミング	6
クリームソース	5
クリームソーダ	5
クリームチーズ	5
クリームパン	4
クリーム色	0
クリーン	2
クリーンアップ	5
クリーンエネルギー	6
クリーンナップ	5
クリーンナップトリオ	8
クリーンヒット	5
クリーンビル	5
クリーンフロート	6
クリーンルーム	5
クリーンローン	5
クリア	2
クリアー	2
クリアビジョン	4
クリアラッカー	5
クリアランス	2
クリアランスセール	7
クリエーション	3
クリエーター	3
クリエーティブ	3
クリエート	3
クリオール	3
クリオメトリクス	6
クリケット	3
クリシェ	2
クリスタル	2
クリスタルガラス	6
クリスタルフルーツ	7
クリスタルマイクロホン	9
クリスチャニア	4
クリスチャン	2
クリスチャンネーム	6
クリスマス	3
クリスマスイブ	6
クリスマスカード	6
クリスマスキャロル	6
クリスマスケーキ	6
クリスマスツリー	7
クリスマスローズ	6
クリソベリル	4
クリック	2
クリッパー	2
クリッピング	2
クリップ	1
クリティカル	2
クリティカルパス	6
クリティシズム	4
クリティック	3
クリトリス	3
クリニック	2
クリノメータ	4
クリノメーター	4
クリノリン	0
クリビア	2
クリプトコッカス症	8
クリプトン	2
クリムソン	2
クリムソンレーキ	6
クリモグラフ	4
クリヤー	2
クリンカー	2
クリンカータイル	6
クリンチ	2
クルー	2
クルーカット	4
クルーザー	2
クルージング	2
クルーズ	2
クルーソックス	4
クルーナー	2
クループ	2
クルス	1
クルゼイロ	3
クルックス管	0
クルップ	2
クルトン	1
クルドサック	4
クルド語	0
クレー	2
クレーコート	4
クレージー	2
クレーター	2
クレープ	2
クレープシャツ	5
クレープデシン	5
クレープペーパー	5
クレーム	2
クレーン	2
クレーン車	2
クレー射撃	4
クレアチニン	4
クレアチニンクリアランス	8
クレアチン	0
クレアチン尿症	6
クレオール	3
クレオソート	4
クレオソート油	6
クレオメ	2
クレジット	2
クレジットカード	6
クレジットクランチ	7
クレジットタイトル	6
クレジットファシリティ	7
クレジットライン	6
クレセント	2
クレソン	2
クレゾール	3
クレゾール石鹸液	8
クレタ文字	4
クレチン病	0
クレッシェンド	4
クレド	2
クレバス	2
クレバネット	2
クレパス	2
クレフ	1
クレブス回路	5
クレマチス	3
クレムリン	2
クレヨン	2
クレンザー	2
クレンジング	2
クレンジングクリーム	8
クローカス	2
クローク	2
クロークルーム	5
クローシュ	2
クロース	2
クローズ	2
クローズアップ	5
クローズド	2
クローズドエンド	6
クローズドエンドモーゲージ	6
クローズドシステム	6
クローズドショップ	6
クローズドスタンス	7
クローズドポット	6
クローズドユニオン	6
クローゼット	2
クローナ	2
クローニング	2
クローネ	2
クローバー	2
クローブ	2
クローム	2
クロームイエロー	6
クローリングペッグ	7
クロール	2
クローン	2
クローン病	0
クロアチア	0
クロアチア語	0
クロイスター	2
クロイツフェルトヤコブ病	0
クロカン	0
クロコダイル	4
クロス	2
クロスオーガニゼーション	8
クロスオーバー	4
クロスカウンター	4
クロスカントリー	4
クロスカントリーレース	9
クロスキック	4
クロスゲーム	4
クロスステッチ	5
クロスセクション	4
クロスチェック	4
クロストーク	4
クロストレーニング	5
クロスバー	4
クロスファイア	4
クロスプレー	5
クロスヘッド	4
クロスベルト	4
クロスボーティング	4
クロスライセンス	4
クロスレート	4
クロスレファレンス	4
クロスワード	4
クロスワードパズル	7
クロゼット	2
クロソイド	3
クロッカス	2
クロッキー	2
クロック	2
クロックムッシュー	5
クロッケー	2
クロトン	2
クロニクル	2
クロノグラフ	4
クロノメーター	4
クロノロジー	3
クロマイ	0
クロマキー	2
クロマチック	2
クロマチン	2
クロマトグラフィー	5
クロマトロン	4
クロミフェン	2
クロム	2
クロムイエロー	5
クロムグリーン	5
クロムバナジウム鋼	0
クロムモリブデン鋼	0
クロム鋼	0
クロム酸	0
クロム酸カリウム	7
クロム酸鉛	6
クロム酸混液	6
クロム中毒	4
クロム鉄鉱	4
クロム鞣	4
クロラール	3
クロラミン	0
クロラムフェニコール	7
クロルテトラサイクリン	7
クロルデン	2
クロルピクリン	4
クロルプロマジン	6
クロレラ	0
クロロキン	0
クロロシス	3
クロロピクリン	4
クロロフィル	4
クロロフルオロカーボン	8
クロロプレン	4
クロロベンゼン	4
クロロホルム	4
クロロマイセチン	6
クロワッサン	3
クロン	1
クワイア	2
クワシオルコール	6
クワス	0
クンニリングス	4
ク活用	2
ク語法	2
グー	1
グーグー	1
グーズベリー	4
グーラッシュ	1
グーラミ	1
グアーガム	4
グアテマラ	0
グアナコ	0
グアニジン	3
グアニル酸	0
グアニン	2
グアノ	1
グアノシン	3
グアバ	1
グアム島	0
グアヤク	2
グアヤコール	4
グイロ	1
グエノン	2
グスベリー	1
グッズ	1
グッタペルカ	4
グッド	1
グッドウィル	4
グッドタイミング	4
グッドデザイン	5
グッドナイト	4
グッドバイ	1
グッドモーニング	4
グッドラック	4
グッピー	1
グノーシス主義	6
グライダー	2
グライディング	2
グライドパス	5
グラインダー	0
グラインド	0
グライ層	2
グラウコーマ	4
グラウチング	2
グラウンダー	0
グラウンド	0
グラウンドキーパー	6
グラウンドシーツ	6
グラウンドストローク	8
グラウンドスマッシュ	7
グラウンドボーイ	6
グラウンドマナー	6
グラウンドルール	6
グラウンドレスリング	6
グラウンドワーク	6
グラジオラス	4
グラス	1
グラスウール	4
グラスゲージ	4
グラスコート	4
グラススキー	5
グラスステージ	5
グラスノスチ	4
グラスファイバー	4
グラタン	0
グラッシ	2
グラッセ	2
グラデーション	3
グラニット	3
グラニュー糖	0
グラハムブレッド	6
グラビア	0
グラビアページ	5
グラビア印刷	5
グラビトン	2
グラフ	1
グラファイト	3
グラフィック	3
グラフィックアート	6
グラフィックイコライザー	8
グラフィックディスプレー	6
グラフィックデザイナー	7
グラフィックデザイン	7
グラフィティー	2
グラフ理論	4
グラブ	1
グラブバケット	5
グラマー	2
グラマースクール	6
グラミー賞	3
グラムイオン	4
グラムカロリー	4
グラムトン	3
グラム陰性菌	0
グラム原子	4
グラム重	3
グラム染色	4
グラム当量	4
グラム分子	4
グラム陽性菌	0
グランス	2
グランゼコール	5
グラントエレメント	5
グランド	0
グランドオペラ	5
グランドスタンド	6
グランドスラム	5
グランドツーリングカー	9
グランドデザイン	6
グランドピアノ	5
グランドファイナル	5
グランドフィナーレ	6
グランプリ	2
グリー	2
グリーク	2
グリークラブ	4
グリース	2
グリースガン	4
グリーティングカード	7
グリーン	2
グリーンアスパラガス	8
グリーンカード	5
グリーンサラダ	5
グリーンタフ	5
グリーンティー	5
グリーンバック	5
グリーンピース	5
グリーンフィー	5
グリーンベルト	5
グリーンベレー	5
グリーンメール	5
グリーンランド	5
グリーンレボリューション	7
グリーン車	2
グリア細胞	4
グリオ	1
グリオキシソーム	6
グリコーゲン	3
グリコール	3
グリコシダーゼ	5
グリコシド	3
グリシン	2
グリス	1
グリズリー	2
グリセード	3
グリセリド	3
グリセリン	0
グリセルアルデヒド	7
グリセロール	4
グリッサンド	2
グリッシーニ	4
グリッド	2
グリッドプラニング	6
グリップ	1
グリニッジ標準時	8
グリフォン	2
グリュイエール	4
グリル	1
グリンピース	4
グル	1
グルー	2
グルーオン	2
グルーピー	2
グルーピング	2
グループ	2
グループウエア	6
グループケア	5
グループサウンズ	5
グループダイナミックス	8
グループディスカッション	7
グループホーム	5
グループワーク	5
グルーマー	2
グルーミー	2
グルーミング	2
グルカゴン	3
グルクロン酸	0
グルコース	3
グルジア	0
グルタチオン	0
グルタミン	0
グルタミン酸	0
グルタミン酸ソーダ	8
グルタミン酸ナトリウム	10
グルテン	1
グルデン	1
グルマン	1
グルメ	1
グレー	2
グレーカラー	4
グレーシャー	2
グレースケール	5
グレーズ	2
グレーダー	2
グレートブリテン	6
グレード	0
グレードアップ	5
グレーハウンド	4
グレーバー	2
グレービー	2
グレープ	2
グレープジュース	5
グレープフルーツ	6
グレーン	2
グレーンウイスキー	6
グレア	1
グレイ	2
グレコローマン	4
グレコローマンスタイル	9
グレゴリオ聖歌	6
グレゴリオ暦	5
グレシャムの法則	1
グレナダ	0
グレナディンシロップ	6
グレンチェック	4
グロ	1
グローサリー	2
グロースリセッション	6
グローバリズム	5
グローバリゼーション	6
グローバル	2
グローバルビレッジ	6
グローブ	2
グローランプ	4
グローリー	2
グローリア	2
グロー放電	4
グロキシニア	4
グログラン	2
グロス	2
グロストン	3
グロッキー	2
グロッギー	2
グロッグ	2
グロッケンシュピール	7
グロッサリー	2
グロッシー	2
グロテスク	3
グロビュール	3
グロビン	2
グロブリン	0
グロリア	2
グロリオーサ	4
グワッシュ	2
ケーオー	3
ケーオス	1
ケーキ	1
ケーキサーバー	4
ケージ	1
ケース	1
ケースカンファレンス	4
ケーススタディー	5
ケースバイケース	6
ケースワーカー	4
ケースワーク	4
ケーソン	1
ケーソン工法	5
ケーソン病	0
ケータリング	0
ケーナ	1
ケーパー	1
ケービング	0
ケーブル	1
ケーブルカー	4
ケーブルテレビ	5
ケープ	1
ケール	1
ケア	1
ケアハウス	3
ケアレスミス	5
ケアワーカー	3
ケア付き住宅	5
ケイオス	1
ケイジャン	1
ケイパー	1
ケセラセラ	2
ケチャップ	2
ケチュア語	0
ケット	1
ケッパー	1
ケッヘル番号	5
ケツァール	2
ケトル	1
ケトン	1
ケニア	1
ケノトロン	3
ケビン	1
ケファリン	1
ケフェウス座	0
ケプラー式望遠鏡	0
ケベック	1
ケミカル	1
ケミカルシューズ	5
ケミカルレース	5
ケミスト	1
ケミストリー	1
ケラチン	2
ケルト語派	4
ケルビン	1
ケルプ	1
ケルン	1
ケレオソート	4
ケロイド	0
ケロシン	2
ケンタウルス座	0
ケンタッキー	3
ケント紙	3
ケンネル	1
ケンブリッジ学派	7
ケ国	0
ゲージ	1
ゲージガラス	4
ゲージ圧力	5
ゲージ理論	4
ゲージ粒子	4
ゲーセン	0
ゲート	1
ゲートアレイ	4
ゲートイン	4
ゲートウエー	5
ゲートボール	4
ゲートル	0
ゲーム	1
ゲームオーバー	4
ゲームセット	4
ゲームセンター	4
ゲームソフト	4
ゲームメーカー	4
ゲーム機	3
ゲーム差	3
ゲーム木	3
ゲイ	1
ゲイバー	3
ゲイボーイ	3
ゲイン	1
ゲエズ語	0
ゲオポリティーク	5
ゲシュタポ	0
ゲシュタルト	3
ゲシュタルト心理学	8
ゲスト	1
ゲストハウス	4
ゲゼルシャフト	4
ゲッター	1
ゲッツー	3
ゲットー	1
ゲットセット	4
ゲネプロ	0
ゲノム	1
ゲノン	1
ゲバ	1
ゲバルト	2
ゲマインシャフト	5
ゲラ	0
ゲラダ狒々	4
ゲラダ狒狒	4
ゲラ刷り	0
ゲリマンダー	3
ゲリラ	1
ゲリラ戦	0
ゲル	0
ゲルト	1
ゲルトナー菌	0
ゲルピン	0
ゲルマニウム	4
ゲルマン語派	5
ゲルンジー	2
ゲレンデ	0
ゲン	1
ゲンチアナ	3
コーカサス人種	6
コーカソイド	4
コーキング	0
コークス	1
コークスクリュー	5
コーション	1
コージェネレーション	5
コース	1
コースウエア	5
コースオブスタディー	7
コースター	1
コースターブレーキ	7
コースト	1
コースライン	4
コースレコード	5
コースロープ	4
コーダ	1
コーチ	1
コーチゾン	3
コーチャー	1
コーチン	1
コーチングステッチ	7
コーテーションマーク	7
コーティング	0
コーテッドペーパー	6
コーテッドレンズ	6
コーディネーター	4
コーディネート	4
コーディング	0
コーデュロイ	3
コート	1
コートジボアール	6
コートドレス	4
コートレット	1
コート紙	3
コード	1
コードネーム	4
コードバン	0
コードペンダント	4
コードレス	1
コードレスホン	6
コードレス電話	6
コード刺しゅう	4
コード刺繍	4
コーナー	1
コーナーキック	5
コーナースロー	6
コーナーワーク	5
コーナリング	0
コーナリングランプ	7
コーニス	1
コーパス	1
コーパル	1
コーヒー	3
コーヒーの木	3
コーヒーショップ	5
コーヒーシロップ	6
コーヒーフロート	6
コーヒーブラウン	6
コーヒーブレーク	6
コーヒーポット	5
コーヒーミル	5
コーヒーメーカー	5
コーピング	0
コープ	1
コーホート	3
コーポ	1
コーポクラシー	5
コーポラス	1
コーポラティズム	5
コーポラティブハウス	7
コーポリマー	3
コーポレーション	4
コーポレート	4
コーポレートアイデンティティー	9
コーポレートガバナンス	7
コーマ	1
コーム	1
コーラ	1
コーラス	1
コーラル	1
コーラン	1
コーラングレ	3
コーリャン	1
コーリャン酒	3
コール	1
コールオプション	4
コールガール	4
コールサイン	4
コールスロー	5
コールタール	4
コールテン	0
コールド	1
コールドウエーブ	6
コールドウオー	6
コールドカラー	5
コールドクリーム	6
コールドゲーム	5
コールドタイプ	5
コールドチェーン	5
コールドバレエ	5
コールドパーマ	5
コールドミート	5
コールナンバー	4
コールマネー	4
コールユーブンゲン	6
コールラビ	1
コールレート	4
コールローン	4
コール市場	4
コール天	0
コーン	1
コーンウイスキー	5
コーンオイル	4
コーンシロップ	4
コーンスターチ	5
コーンスノー	5
コーンビーフ	4
コーンフラワー	5
コーンフレーク	5
コーンフレークス	5
コーンベルト	4
コーンミール	4
コア	1
コアカリキュラム	5
コアシステム	3
コアセルベート	5
コアタイム	3
コアラ	1
コイ	1
コイタス	1
コイネー	1
コイル	1
コイン	1
コイントス	4
コインランドリー	4
コインロッカー	4
コエンドロ	2
コカの木	1
コカイン	2
コキーユ	2
コキール	2
コキュ	1
コギトエルゴスム	6
コクサッキーウイルス	8
コクシジウム	4
コクテール	3
コクリコ	0
コケット	2
コケットリー	2
コケティッシュ	3
ココア	1
ココナッツ	1
ココナッツオイル	6
ココナッツミルク	6
ココナツ	1
ココム	1
ココ椰子	3
コサージ	2
コサージュ	2
コサイン	2
コサック	2
コジェネレーション	4
コジェネレーションシステム	8
コスタリカ	3
コスチューム	3
コスチュームジュエリー	6
コスチュームプレー	7
コスト	1
コストアップ	4
コストインフレーション	7
コストダウン	4
コストパーサウザンド	6
コストパフォーマンス	5
コストプッシュインフレーション	10
コストベネフィット分析	9
コストマネジメント	5
コスト割れ	0
コスメチック	4
コスモス	1
コスモポリタニズム	7
コスモポリタン	4
コスモロジー	3
コセカント	2
コソ	1
コソ花	2
コタン	1
コタンジェント	2
コチコチ	1
コチニール	3
コチュジャン	2
コッカースパニエル	6
コック	1
コックス	1
コックニー	1
コックピット	4
コッター	1
コッテージ	1
コッテージチーズ	6
コットン	1
コットンペーパー	5
コップ	0
コップ座	0
コップ酒	3
コッヘル	1
コッペパン	0
コッホ曲線	4
コツコツ	1
コテージ	1
コテージチーズ	5
コデイン	2
コドン	1
コナ	1
コナーベーション	4
コニーデ	2
コニファー	1
コニャック	2
コネ	1
コネクショニズム	5
コネクション	2
コネクター	2
コネクティングロッド	7
コノテーション	3
コバルト	0
コバルト６０	7
コバルトグリーン	6
コバルトブルー	6
コバルト爆弾	5
コバルト六〇	7
コパル	1
コヒーラー	2
コヒーレンス	2
コヒーレント	4
コピー	1
コピーアンドペースト	7
コピーガード	4
コピーライター	4
コピーライト	4
コピー食品	4
コピュラ	1
コブラ	1
コプト	1
コプト語	0
コプラ	1
コペイカ	2
コペック	2
コペルニクス的転回	0
コホート	2
コボル	1
コマ	1
コマーシャリズム	5
コマーシャル	2
コマーシャルアート	6
コマーシャルソング	6
コマーシャルベース	6
コマーシャルペーパー	6
コマーシャルメッセージ	6
コマンド	2
コミカル	1
コミック	1
コミックオペラ	5
コミックス	2
コミックソング	5
コミッショナー	2
コミッション	2
コミッティー	2
コミット	2
コミットメント	2
コミューター	2
コミューン	2
コミュナリズム	4
コミュニケ	2
コミュニケーション	4
コミュニケーショングッズ	8
コミュニケート	4
コミュニスト	3
コミュニズム	3
コミュニタス	2
コミュニティー	2
コミュニティーオーガニゼーション	10
コミュニティーカレッジ	6
コミュニティーケア	6
コミュニティースクール	7
コミュニティーセンター	6
コミンテルン	4
コミンフォルム	4
コメット	2
コメディー	1
コメディーリリーフ	6
コメディアデラルテ	6
コメディアン	2
コメンタリー	2
コメンテーター	4
コメント	0
コモディティー	2
コモド大蜥蜴	6
コモロ	1
コモンキャリア	4
コモンセンス	4
コモンロー	4
コヨーテ	2
コラーゲン	2
コラージュ	2
コラール	2
コラボレーション	4
コラム	1
コラムシフト	4
コラムニスト	4
コランダム	2
コリー	1
コリアンダー	3
コリウス	2
コリメーター	3
コリン	1
コリンエステラーゼ	7
コリントゲーム	5
コリント式	0
コル	1
コルク	1
コルク樫	3
コルク形成層	6
コルク組織	4
コルク抜き	0
コルサージュ	3
コルサコフ症候群	8
コルセット	3
コルチカム	3
コルチコイド	4
コルチシン	0
コルチゾール	4
コルチゾン	3
コルト	1
コルニッシュボイラー	6
コルネット	3
コルヒチン	0
コルベット	3
コルホーズ	3
コルレーニョ	3
コルレス	1
コルレス契約	5
コレウス	2
コレオグラフィー	4
コレカルシフェロール	7
コレクション	2
コレクションビル	6
コレクター	2
コレクティビズム	5
コレクティブアンコンシャス	8
コレクト	2
コレクトオンデリバリー	8
コレクトコール	5
コレクトマニア	5
コレステリン	0
コレステロール	5
コレスポンデンス	4
コレスポンデント	4
コレラ	1
コレラ菌	0
コロイド	0
コロイド化学	5
コロイド溶液	5
コロキュアル	2
コロケーション	3
コロシアム	3
コロシント	3
コロジオン	2
コロタイプ	3
コロッケ	1
コロップ	2
コロナ	1
コロナグラフ	4
コロナ放電	4
コロニー	1
コロニアリズム	5
コロニアル	2
コロネーション	3
コロネード	3
コロネット	3
コロブス	1
コロポックル	3
コロラチュラ	3
コロラチュラソプラノ	6
コロラド	0
コロラド葉虫	5
コロン	1
コワイヤ	2
コンガ	1
コンキスタドール	6
コンク	1
コンクール	3
コンクラーベ	4
コンクリ	0
コンクリート	4
コンクリートブロック	8
コンクリートミキサー	7
コングラチュレーション	6
コングレス	1
コングロマーチャント	5
コングロマリット	5
コンコース	3
コンコーダンス	3
コンコルダート	5
コンコルド	3
コンゴ	1
コンゴ語	0
コンサート	1
コンサートピッチ	6
コンサートホール	6
コンサートマスター	6
コンサイス	1
コンサバティブ	3
コンサルタント	3
コンサルティング	3
コンシェルジュ	3
コンシダレーション	5
コンシャスネスレイジング	7
コンシューマー	3
コンシューマリズム	6
コンスターチ	4
コンスタンタン	4
コンスタント	1
コンスティチューション	5
コンストラクション	5
コンストラクションマネージメント	10
コンスル	1
コンセプション	3
コンセプチュアルアート	8
コンセプト	3
コンセルバトアール	7
コンセンサス	3
コンセント	1
コンセントレーション	6
コンソーシアム	3
コンソート	3
コンソール	3
コンソメ	0
コンソル公債	5
コンタクト	1
コンタクトレンズ	6
コンタミネーション	5
コンダクター	3
コンダクタンス	3
コンチェルト	1
コンチェルトグロッソ	7
コンチネンタル	4
コンチネンタルタンゴ	8
コンチネンタルブレックファースト	12
コンチネンタルプラン	8
コンツェルン	1
コンテ	1
コンティニュイティ	4
コンティンジェンシー	5
コンテキスト	1
コンテスト	1
コンテナ	1
コンテナー	1
コンテナ船	0
コンテンツ	3
コンテンポラリー	5
コンディショナー	3
コンディショニング	3
コンディション	3
コンデンサー	3
コンデンス	3
コンデンスミルク	6
コント	1
コントラクト	4
コントラクトブリッジ	8
コントラスト	4
コントラバス	5
コントラファゴット	5
コントラルト	4
コントルダンス	5
コントローラー	4
コントロール	4
コントロールタワー	7
コントロールパネル	7
コンドーム	3
コンドミニアム	4
コンドライト	4
コンドリオゾーム	6
コンドル	1
コンドロイチン硫酸	8
コンバージョン	3
コンバーター	3
コンバーティブル	3
コンバート	3
コンバイン	3
コンバインドレース	7
コンバット	1
コンパ	1
コンパートメント	3
コンパイラー	3
コンパイラー言語	7
コンパイル	3
コンパウンド	3
コンパクト	1
コンパクトカー	5
コンパクトディスク	6
コンパス	1
コンパス座	0
コンパチ	0
コンパチビリティー	5
コンパチブル	3
コンパニー	1
コンパニオン	3
コンパニオンプラント	8
コンパラブルワース	7
コンパルソリーフィギュア	8
コンパレーター	4
コンビ	1
コンビーフ	3
コンビナート	4
コンビニ	0
コンビニエンス	3
コンビニエンスストア	9
コンビニエンスフーズ	8
コンビネーション	4
コンビネーションサラダ	8
コンビネーションジャンプ	8
コンビネーションブロー	9
コンピューター	3
コンピューターアート	7
コンピューターウイルス	8
コンピューターグラフィックス	9
コンピューターゲーム	7
コンピューターネットワーク	10
コンピューターリテラシー	7
コンピューターワクチン	7
コンピューター犯罪	7
コンピュータリゼーション	7
コンピュートピア	5
コンピレーション	4
コンファレンス	1
コンフィ	1
コンフィギュレーション	5
コンフィデンシャル	4
コンフェッション	3
コンフェデレーション	5
コンフュージョン	3
コンフリー	1
コンフリクト	4
コンブリオ	3
コンプトン効果	6
コンプライアンス	4
コンプリート	4
コンプリヘンシブレイアウト	11
コンプレックス	4
コンプレッサー	4
コンプロミー	4
コンベアー	3
コンベヤー	3
コンベヤーシステム	6
コンベンショナリズム	7
コンベンショナル	3
コンベンション	3
コンベンションホール	7
コンペ	1
コンペイトー	0
コンペティション	3
コンボ	1
コンボイ	3
コンポ	1
コンポーザー	3
コンポート	3
コンポーネント	3
コンポーネント信号	8
コンポジション	4
コンポジット	4
コンポジット信号	7
コンポスト	1
コンマ	1
コンマ以下	4
コンミューン	3
コンメンタール	5
コンモート	3
コン症候群	5
ゴー	1
ゴーイングコンサーン	8
ゴーイングマイウエー	9
ゴーカート	3
ゴーグル	1
ゴーゴー	3
ゴーサイン	3
ゴージ	1
ゴージャス	1
ゴース	1
ゴースト	1
ゴーストタウン	5
ゴーストダンス	5
ゴーストップ	4
ゴーストライター	5
ゴーダ	0
ゴートスキン	5
ゴート語	0
ゴーフル	1
ゴール	1
ゴールイン	3
ゴールエリア	4
ゴールキーパー	4
ゴールキック	4
ゴールゲッター	4
ゴールデン	1
ゴールデンアワー	6
ゴールデンウイーク	7
ゴールデンエージ	6
ゴールデンタイム	6
ゴールデンモンキー	6
ゴールデンルール	6
ゴールデンレトリーバー	8
ゴールド	1
ゴールドディスク	5
ゴールドメダリスト	7
ゴールドラッシュ	5
ゴールポスト	4
ゴールライン	4
ゴアードスカート	6
ゴアテックス	3
ゴシック	2
ゴシック建築	5
ゴシック式	0
ゴシック小説	5
ゴシップ	2
ゴスペル	1
ゴスペルソング	5
ゴソゴソ	1
ゴチ	1
ゴチック	2
ゴッド	1
ゴッドファーザー	4
ゴトゴト	1
ゴナドトロピン	4
ゴブラン	1
ゴブラン織	0
ゴブラン織り	0
ゴブレット	3
ゴムの木	1
ゴムテープ	3
ゴムバンド	3
ゴムホース	3
ゴム印	0
ゴム引き	0
ゴム靴	2
ゴム糊	2
ゴム腫	2
ゴム植物	4
ゴム草履	3
ゴム弾	0
ゴム段	0
ゴム跳び	3
ゴム長	0
ゴム飛び	3
ゴム紐	2
ゴム風船	3
ゴム編み	0
ゴム輪	0
ゴム毬	2
ゴリラ	1
ゴルゴンゾラ	5
ゴルジュ	1
ゴルジ体	0
ゴルフ	1
ゴルファー	1
ゴルフクラブ	4
ゴルフコース	4
ゴルフパンツ	4
ゴルフリンク	4
ゴルフ場	0
ゴロ	1
ゴロゴロ	1
ゴング	1
ゴンドラ	0
サー	1
サーカス	1
サーカディアンリズム	7
サーキット	1
サーキットトレーニング	7
サーキュラー	1
サーキュラースカート	7
サーキュラーピッチ	6
サーキュレーション	4
サークル	1
サークル活動	5
サージ	1
サーチ	1
サーチャー	1
サーチャージ	3
サーチライト	4
サーディン	1
サード	1
サードニックス	4
サードパーティー	4
サーバー	1
サーバント	1
サービス	1
サービスエース	5
サービスエリア	5
サービスカー	4
サービスコート	5
サービスステーション	6
サービスハウス	5
サービスブレーク	6
サービスヤード	5
サービスライン	5
サービス業	4
サービス残業	5
サーフ	1
サーファー	1
サーフィン	1
サーフキャスティング	4
サーフジェット	4
サーフパンツ	4
サーフボード	4
サーフミュージック	4
サーブ	1
サーブアンドボレー	7
サーブル	0
サープラス	1
サーベイ	1
サーベイランス	3
サーベル	0
サーベルタイガー	5
サーボ	1
サーボブレーキ	5
サーボモーター	4
サーボ機構	4
サーミスター	3
サーメット	1
サーモエレメント	4
サーモカラー	4
サーモグラフィー	4
サーモコンクリート	7
サーモスタット	5
サーモメータ	4
サーモン	1
サーモンピンク	5
サーランギ	1
サーロイン	3
サイ	1
サイアミン	0
サイエンス	1
サイエンスフィクション	6
サイエンティフィック	6
サイキック	3
サイキックス	3
サイクリスト	4
サイクリックＡＭＰ	11
サイクリング	1
サイクル	1
サイクルサッカー	5
サイクルヒット	5
サイクロイド	4
サイクロイド歯車	8
サイクロセリン	5
サイクロトロン	5
サイクロン	1
サイケ	1
サイケデリック	5
サイケデリックサウンド	8
サイコアナリシス	5
サイコオンコロジー	6
サイコキネシス	5
サイコグラフ	4
サイコセラピー	5
サイコセラピスト	6
サイコドラマ	4
サイコロジー	3
サイコロジスト	5
サイザル	1
サイジング	1
サイズ	1
サイダー	1
サイディング	0
サイト	1
サイトカイニン	4
サイトカイン	4
サイトシーイング	4
サイトメガロウイルス	8
サイド	1
サイドアウト	4
サイドカー	3
サイドステップ	5
サイドストローク	6
サイドスリップ	5
サイドスロー	5
サイドテーブル	4
サイドディッシュ	4
サイドビジネス	4
サイドフォース	4
サイドブレーキ	5
サイドベンツ	4
サイドボード	4
サイドミラー	4
サイドライン	5
サイドリーダー	4
サイドワーク	4
サイドワインダー	5
サイナス腺	0
サイネリア	3
サイバースペース	6
サイバネティックス	5
サイフォン	1
サイプレス	1
サイホン	1
サイボーグ	3
サイマルキャスト	5
サイリスター	3
サイレージ	3
サイレン	1
サイレンサー	3
サイレント	1
サイレントインフェクション	8
サイレントチェーン	6
サイレントマジョリティー	7
サイレント映画	6
サイロ	1
サイロキシン	3
サイン	1
サインブック	4
サインプレー	5
サインペン	2
サインランゲージ	4
サイン会	2
サウジアラビア	4
サウスカロライナ	6
サウスダコタ	4
サウスポー	3
サウナ	1
サウン	1
サウンド	0
サウンドエフェクト	6
サウンドスケープ	6
サウンドトラック	6
サウンドボックス	5
サウンドボディー	5
サガ	1
サキシトキシン	5
サキソホン	3
サクサク	1
サクション	1
サクスホルン	4
サクセス	1
サクセスストーリー	6
サクソフォーン	3
サクソフォン	3
サクラメント	4
サクリファイス	4
サクリファイスヒット	7
サゴ椰子	3
サザン	1
サザンクロス	5
サザンソウル	4
サザンロック	4
サジェスチョン	2
サジェスト	2
サステイナブルディベロップメント	9
サステイニングプログラム	10
サスプロ	0
サスペンション	3
サスペンス	1
サスペンダー	3
サスペンダースカート	8
サスペンデッドゲーム	8
サゼッション	2
サタデー	1
サタン	1
サッカー	1
サッカラーゼ	4
サッカリメーター	5
サッカリン	0
サッカロース	4
サック	1
サックコート	4
サックス	1
サックスブルー	6
サックドレス	4
サッサフラス	4
サッシ	1
サッシュ	1
サッフィズム	3
サテライト	3
サテライトオフィス	6
サテライトスタジオ	7
サテン	1
サテンステッチ	5
サディスティック	4
サディスト	2
サディズム	2
サド	1
サドマゾ	0
サドル	0
サドルシューズ	4
サドンデス	2
サナトリウム	4
サニーサイドアップ	7
サニーレタス	4
サニタリー	1
サヌカイト	3
サハリン	1
サバイバル	2
サバイバルゲーム	6
サバティカルイヤー	6
サバト	1
サバナ	1
サバラン	1
サバンナ	2
サパー	1
サパークラブ	4
サビロイ	1
サピア・ウォーフの仮説	4
サピア＝ウォーフの仮説	4
サピアウォーフの仮説	4
サファイア	2
サファリ	1
サファリジャケット	4
サファリスタイル	5
サファリパーク	4
サファリラリー	4
サフィズム	2
サフラジェット	4
サフラジスト	4
サフラワー油	4
サフラン	2
サフラン擬	5
サブ	1
サブウエー	4
サブカルチャー	3
サブコントラクター	6
サブザック	3
サブジェクト	1
サブスクリプション	5
サブスタンス	1
サブタイトル	3
サブドミナント	3
サブナード	3
サブノート	3
サブマリン	4
サブミクロン	3
サブリミナル	3
サブリミナルアド	7
サブリミナルテープ	7
サブルーチン	3
サブレー	1
サブロック	3
サプライ	3
サプライサイドエコノミックス	11
サプライヤー	3
サプリメント	1
サボ	1
サボる	2
サボタージュ	3
サボテン	0
サポーター	2
サポート	2
サポジラ	2
サポニン	2
サマー	1
サマーウール	4
サマーキャンプ	4
サマーコート	4
サマースクール	5
サマーストック	5
サマーセーター	4
サマータイム	4
サマーハウス	4
サマリー	1
サマリウム	3
サミズダート	4
サミット	1
サミング	1
サム	1
サムシング	1
サムネイル	3
サムホール	3
サモア	1
サモサ	1
サモワール	3
サラ	1
サラウンド	2
サラサ馬蹄螺	5
サラセニア	3
サラセミア	3
サラセン	0
サラダ	1
サラダオイル	4
サラダドレッシング	5
サラダボウル	4
サラダ菜	3
サラダ油	3
サラバンド	3
サラファン	1
サラブレッド	4
サラマンダー	3
サラミ	1
サラリー	1
サラリーマン	3
サラリーマン金融	7
サラ金	0
サリー	1
サリチオン	3
サリチル酸	0
サリチル酸ナトリウム	9
サリチル酸フェニル	7
サリチル酸メチル	7
サリドマイド	4
サリン	1
サルーン	2
サルコイドーシス	5
サルサ	1
サルタン	1
サルダーナ	3
サルティンボッカ	5
サルバルサン	0
サルパ	1
サルビア	0
サルファイトパルプ	6
サルファダイアジン	6
サルファ剤	3
サルベージ	3
サルモネラ	0
サルモネラ菌	0
サロス周期	4
サロペット	3
サロン	1
サロンエプロン	4
サロンミュージック	4
サワー	1
サワークリーム	5
サン	1
サンオイル	3
サンキュー	1
サンクガーデン	4
サンクコスト	4
サンクション	1
サンクスギビングデー	9
サンクチュアリ	1
サンクチュアリー	5
サングラス	3
サングリア	3
サンシャイン	3
サンジカリスト	5
サンジカリスム	5
サンジカリズム	5
サンスクリット	5
サンセット	3
サンセベリア	4
サンセリフ	3
サンソン図法	5
サンタ	1
サンタクロース	5
サンタマリア	4
サンタン	1
サンタンオイル	5
サンダーバード	5
サンダル	0
サンチーム	1
サンチマン	1
サンチュール	3
サンテティスム	4
サンデー	1
サンディカリスト	5
サンディカリスム	5
サンデッキ	3
サントニン	0
サントメプリンシペ	6
サントメ縞	0
サントラ	0
サンド	1
サンドイッチ	4
サンドイッチマン	6
サンドウエッジ	5
サンドスキー	5
サンドストーム	5
サンドストーン	5
サンドバス	4
サンドバッグ	4
サンドパイル	4
サンドブラスト	5
サンドペーパー	4
サンドポンプ	4
サンドレス	3
サンバ	1
サンバー	1
サンバーン	3
サンバイザー	3
サンビーム	3
サンフォライズ	4
サンプラ	0
サンプリング	0
サンプル	1
サンボ	1
サンボリスト	4
サンボリスム	4
サンマー	1
サンマリノ	3
サンライズ	3
サンルーフ	3
サンルーム	3
サ行	1
サ行変格活用	1
サ変	1
ザーザー	1
ザーメン	1
ザイール	2
ザイル	1
ザイン	1
ザウアークラウト	6
ザクースカ	2
ザック	1
ザッハトルテ	4
ザッピング	0
ザブザブ	1
ザボン	0
ザンビア	1
ザ行	1
シ	1
シー	1
シーアールティー	6
シーアンカー	3
シーイング	0
シーエフ	3
シークエンス	1
シークレット	1
シークレットサービス	7
シーク教	0
シーグリーン	4
シーケンサー	3
シーケンシャルアクセス	7
シーケンス	1
シーサイド	3
シーシー	3
シーシーディー	5
シージャック	3
シース	1
シースドレス	4
シースヒーター	4
シースルー	4
シーズ	1
シーズニング	1
シーズン	1
シーズンイン	5
シーズンオフ	5
シーズンスポーツ	6
シーソー	1
シーソーゲーム	5
シーチキン	3
シーチング	0
シーツ	1
シート	1
シートカバー	4
シートノック	4
シートパイル	4
シートフィルム	4
シートベルト	4
シード	1
シードスパイス	5
シードル	0
シーニュ	1
シーハイル	3
シーバース	3
シーピーアイ	5
シーピーユー	5
シーフード	3
シープスキン	5
シープドッグ	4
シーベルト	1
シーホース	3
シームレス	1
シーモス	1
シーモンキー	3
シーラカンス	4
シーリング	1
シーリングプライス	7
シール	1
シールスキン	5
シールド	1
シールド工法	5
シーレーン	3
シーロスタット	5
シーロメータ	4
シーン	1
シアター	1
シアノコバラミン	6
シアノ基	3
シアン	1
シアン化カリウム	6
シアン化ナトリウム	7
シアン化水素	5
シアン化物	4
シアン基	2
シェーカー	1
シェーク	1
シェークハンド	4
シェーグレン症候群	8
シェード	1
シェーバー	1
シェーパー	1
シェービング	0
シェービングクリーム	7
シェーピング	0
シェープアップ	4
シェーマ	1
シェア	1
シェアウェア	3
シェアウエア	4
シェイプアップ	4
シェイプトキャンバス	5
シェニール糸	5
シェパード	2
シェパードチェック	5
シェフ	1
シェラック	2
シェリー	1
シェリー酒	2
シェリフ	1
シェル	1
シェルター	1
シェルタードハウジング	6
シェルパ	1
シェル構造	3
シエスタ	2
シエラレオネ	4
シオニズム	3
シオン主義	4
シカゴ学派	4
シガー	1
シガレット	1
シガレットケース	6
シキソトロピー	5
シクラメン	3
シクロクロス	4
シクロスポリン	5
シクロプロパン	5
シクロヘキサン	4
シクロホスファミド	6
シク活用	3
シク教	0
シグナル	1
シグナルレッド	5
シケイン	2
シサム	1
シザーカット	4
シザース	1
シザースジャンプ	5
シザースパス	5
シザースホールド	5
シシカバブ	3
シシャモ	0
シスター	1
シスターボーイ	5
シスチン	1
システイン	0
システマチック	5
システム	1
システムアナリシス	6
システムインテグレーション	9
システムエンジニア	7
システムキッチン	5
システムズアプローチ	8
システムソフトウエア	9
システム手帳	5
システム分析	5
システム論	4
シストロン	1
シソーラス	2
シタール	2
シチュー	2
シチュエーション	3
シッカロール	4
シック	1
シックス	1
シックスナイン	5
シックナー	1
シッティングルーム	6
シットダウンストライキ	9
シップ	1
シティー	1
シティーブルース	5
シティーホール	4
シテ柱	3
シデロスタット	5
シデロライト	4
シトクロム	3
シトシン	1
シトラス	1
シトリン	1
シトルリン	0
シトロン	2
シナ	1
シナイ文字	4
シナゴーグ	3
シナジー	1
シナプシス	3
シナプス	2
シナモン	1
シナリオ	0
シナリオライター	5
シナントロプスペキネンシス	5
シニア	1
シニオリティー	3
シニカル	1
シニシズム	3
シニック	1
シニフィアン	2
シニフィエ	0
シニョン	1
シネカメラ	3
シネクティクス	4
シネサイン	3
シネスコ	0
シネプレックス	4
シネマ	1
シネマスコープ	5
シネマテーク	4
シネマトグラフ	5
シネラマ	0
シネラリア	3
シノニム	1
シノプシス	2
シノワ	1
シノワズリー	3
シビア	2
シビリアン	2
シビリアンコントロール	9
シビリゼーション	4
シビルミニマム	4
シフィリス	1
シフォン	1
シフォンベルベット	6
シフト	1
シフトダウン	4
シフトドレス	4
シフトレバー	4
シブレット	1
シベトン	1
シベリア	0
シベリアンハスキー	6
シミーズ	2
シミュレーション	3
シミュレーションゲーム	7
シミュレーター	3
シミリ	1
シャーク	1
シャークスキン	5
シャーシー	1
シャープ	1
シャープナー	1
シャープペンシル	4
シャーベット	1
シャーマニズム	4
シャーマン	1
シャーリング	0
シャーレ	1
シャーロッキアン	3
シャイ	1
シャギー	1
シャコンヌ	2
シャシー	1
シャッセ	1
シャッター	1
シャッターチャンス	5
シャットアウト	4
シャッフル	1
シャッポ	1
シャツ	1
シャツカラー	3
シャツブラウス	4
シャトー	1
シャトーブリアン	4
シャトル	1
シャトルコック	4
シャトルバス	4
シャドー	1
シャドーキャビネット	4
シャドープライス	5
シャドーボクシング	4
シャドーワーク	4
シャフト	1
シャベル	1
シャボテン	0
シャボン	0
シャボン玉	0
シャポー	1
シャム語	0
シャム双生児	5
シャム猫	0
シャモ	1
シャリーア	2
シャルマン	1
シャルワール	3
シャロット	2
シャワー	1
シャン	1
シャンク	1
シャングリラ	3
シャンソン	1
シャンツェ	1
シャンデリア	3
シャント	1
シャンパン	3
シャンピニョン	3
シャンブレー	1
シャンプー	1
シャンペン	3
シャンペンサイダー	5
シュークリーム	4
シューズ	1
シューター	1
シューツリー	4
シュート	1
シュートボール	4
シューホーン	3
シューマイ	0
シュール	1
シュールレアリスム	6
シュア	1
シュガー	1
シュガーコート	4
シュガーレス	2
シュテムクリスチャニア	7
シュテムボーゲン	4
シュトゥルムウントドラング	9
シュナップス	2
シュニッツェル	2
シュノーケル	2
シュプール	2
シュプレヒコール	5
シュプレマティズム	5
シュペリオリティーコンプレックス	11
シュミーズ	2
シュミットカメラ	5
シュミネ	1
シュミレーション	3
シュメール語	0
シュメール人	4
シュラーフザック	5
シュラスコ	2
シュリンク	2
シュリンプ	2
シュルント	2
シュレーゲル青蛙	8
シュレーディンガー方程式	10
シュレッダー	2
シュワン細胞	4
ショー	1
ショーウインドー	4
ショーケース	3
ショーツ	1
ショート	1
ショートアイアン	4
ショートカット	4
ショートケーキ	4
ショートショート	4
ショートスキー	5
ショートステイ	5
ショートストップ	5
ショートトラック	5
ショートトン	3
ショートドリンク	5
ショートニング	1
ショートハンド	4
ショートバウンド	4
ショートパンツ	4
ショートプログラム	6
ショートヘア	4
ショートホール	4
ショートリリーフ	5
ショービジネス	3
ショービニスム	4
ショーマン	1
ショーマンシップ	5
ショール	1
ショールーム	3
ショールカラー	4
ショーロ	1
ショコラ	1
ショッキング	1
ショッキングピンク	6
ショック	1
ショックアブソーバー	6
ショック死	3
ショック療法	4
ショット	1
ショットガン	4
ショットガンフォーメーション	8
ショットグラス	4
ショットバー	4
ショッピング	1
ショッピングカート	6
ショッピングセンター	6
ショッピングモール	6
ショップ	1
ショナ語	0
ショベル	1
ショベルカー	3
ショベルローダー	4
ショルダー	1
ショルダーバッグ	5
シラバス	2
シラブル	1
シラン	1
シリーズ	2
シリアス	1
シリアル	1
シリアルプリンター	6
シリウス	1
シリカ	1
シリカガラス	4
シリカゲル	4
シリカタイル	4
シリコーン	1
シリコーンゴム	6
シリコーン油	3
シリコン	1
シリング	1
シリンダー	0
シリンダー錠	4
シルエット	1
シルキー	1
シルク	1
シルクスクリーン印刷	9
シルクハット	4
シルクロード	4
シルケット	3
シルト	1
シルト岩	3
シルバー	1
シルバーグレイ	6
シルバーシート	5
シルバーフォックス	5
シルバーホン	5
シルミン	1
シルリア紀	4
シルル紀	3
シロッコ	2
シロップ	1
シロップ剤	4
シロフォン	1
シロホン	1
シンカー	1
シンガー	1
シンガーソングライター	8
シンギュラリティー	4
シンク	1
シンクタンク	4
シンクレティズム	5
シンクロ	0
シンクロサイクロトロン	9
シンクロトロン	5
シンクロトロン放射	8
シンクロナイズ	5
シンクロナイズドスイミング	10
シンクロニシティー	5
シンクロミズム	5
シングル	1
シングルコース	5
シングルス	1
シングルスコート	6
シングルズ	1
シングルヒット	5
シングルプレーヤー	6
シングルベッド	5
シングル盤	0
シングル幅	4
シンコペーション	4
シンジケート	4
シンジケートローン	7
シンセサイザー	4
シンターゼ	3
シンタックス	3
シンチカメラ	4
シンチレーション	4
シンチレーションカウンター	8
シンチレーター	4
シンテターゼ	4
シンデレラ	3
シンドローム	4
シンナー	1
シンハラ語	0
シンバル	1
シンパ	1
シンパサイザー	4
シンパシー	1
シンビジウム	4
シンフォニー	1
シンフォニーオーケストラ	8
シンフォニア	3
シンフォニックポエム	7
シンブル	1
シンプル	1
シンボライズ	4
シンボリズム	4
シンボリック	4
シンボル	1
シンボルマーク	5
シンポ	1
シンポジウム	4
シンメトリー	3
シンメトリック	3
ジーグ	1
ジージャン	0
ジーゼル	1
ジープ	1
ジーマーク	3
ジーメンス	1
ジーン	1
ジーンズ	1
ジーンバンク	4
ジアスターゼ	4
ジアゾニウム塩	6
ジアゾ化合物	5
ジアゾ複写	5
ジェスイット	3
ジェスチャー	1
ジェット	1
ジェットエンジン	4
ジェットコースター	4
ジェットスキー	5
ジェットストリーム	6
ジェットポンプ	4
ジェットラグ	4
ジェット機	3
ジェット気流	4
ジェット燃料	4
ジェネラリスト	4
ジェネラル	1
ジェネレーション	3
ジェネレーター	3
ジェノサイド	3
ジェム	1
ジェムストーン	4
ジェラート	2
ジェラシー	1
ジェランド	2
ジェリー	1
ジェル	1
ジェロントクラシー	5
ジェロントロジー	5
ジェンダー	1
ジェントリ	1
ジェントルマン	1
ジエチルエーテル	5
ジエチレングリコール	8
ジエンド	2
ジオイド	2
ジオプトリー	2
ジオラマ	0
ジオレフィン	3
ジガー	1
ジギタリス	3
ジグ	1
ジグザグ	0
ジグソー	0
ジグソーパズル	5
ジゴロ	1
ジシアン	1
ジステンパー	3
ジストマ	0
ジストロフィー	3
ジスプロシウム	5
ジスマーク	3
ジッグラト	1
ジッパー	1
ジッヘル	1
ジデオキシイノシン	6
ジデオキシシチジン	6
ジニ係数	3
ジハード	2
ジバン	0
ジビエ	1
ジフィリス	1
ジフェニル	1
ジフテリア	0
ジフテリア菌	0
ジブ	1
ジブクレーン	4
ジブチ	1
ジプシー	1
ジプシー音楽	5
ジベル	1
ジベレリン	0
ジベンゾフラン	5
ジム	1
ジムカーナ	3
ジムナジウム	4
ジムナスティックス	5
ジモルホラミン	4
ジャー	1
ジャーキー	1
ジャーク	1
ジャーゴン	1
ジャージー	1
ジャーナリスティック	6
ジャーナリスト	4
ジャーナリズム	4
ジャーナル	1
ジャーニー	1
ジャーマン	1
ジャーマンシェパードドッグ	9
ジャイアント	1
ジャイアントスラローム	8
ジャイアントパンダ	6
ジャイナ教	0
ジャイブ	1
ジャイロ	1
ジャイロコンパス	4
ジャイロスコープ	5
ジャイロスタビライザー	7
ジャイロパイロット	4
ジャイロホライズン	5
ジャカード	2
ジャカード機	4
ジャカード織	0
ジャカード織り	0
ジャガー	1
ジャガタラ	0
ジャガタラ芋	0
ジャガタラ縞	0
ジャガタラ薯	0
ジャガタラ文	0
ジャガ芋	0
ジャグ	1
ジャグラー	1
ジャグリング	0
ジャケット	2
ジャケツ	0
ジャスティス	1
ジャスティファイ	1
ジャスト	1
ジャストミート	4
ジャスパーウエア	6
ジャスミン	1
ジャスミン茶	3
ジャズ	1
ジャズシンガー	3
ジャズダンス	3
ジャズバンド	3
ジャズメン	2
ジャッカル	1
ジャッキ	1
ジャック	1
ジャックナイフ	4
ジャッグル	1
ジャッジ	1
ジャッジフラッグ	5
ジャッジペーパー	4
ジャッジメント	1
ジャッジランプ	4
ジャップ	1
ジャパニーズ	3
ジャパニーズイングリッシュ	6
ジャパニーズボブテイル	8
ジャパネスク	3
ジャパノロジー	3
ジャパン	2
ジャパンバッシング	4
ジャブ	1
ジャベリン	1
ジャポニスム	3
ジャミング	1
ジャム	1
ジャムセッション	3
ジャムパン	0
ジャラジャラ	1
ジャワ	1
ジャワ語	0
ジャワ犀	3
ジャンキー	1
ジャンク	1
ジャンクアート	4
ジャンクション	1
ジャンクフード	4
ジャンクボンド	4
ジャングル	1
ジャングルジム	5
ジャンセニスム	4
ジャンダルム	3
ジャンバラヤ	3
ジャンパー	1
ジャンパースカート	6
ジャンピング	0
ジャンプ	1
ジャンプスーツ	4
ジャンプブルース	5
ジャンプボール	4
ジャンプ競技	4
ジャンボ	1
ジャンボリー	1
ジャンボ機	3
ジャンル	1
ジャン荘	0
ジュー	1
ジュークボックス	4
ジューサー	1
ジューシー	1
ジュース	1
ジュート	1
ジューリー	1
ジュール	1
ジューンブライド	5
ジュエリー	1
ジュエル	1
ジュニア	1
ジュニアカレッジ	4
ジュノー	1
ジュピター	1
ジュラルミン	0
ジュラ紀	2
ジョーカー	1
ジョーク	1
ジョーゼット	1
ジョイスト	1
ジョイント	0
ジョイントコンサート	5
ジョイントベンチャー	5
ジョガー	1
ジョギング	0
ジョギングシューズ	5
ジョギングパンツ	5
ジョコーソ	2
ジョセフソン効果	6
ジョセフソン素子	6
ジョッキ	1
ジョッキー	1
ジョッパーズ	1
ジョドパーズ	1
ジョブ	1
ジョブローテーション	5
ジョンブル	1
ジラフ	1
ジルカロイ	3
ジルコニア	3
ジルコニウム	4
ジルコン	1
ジルバ	1
ジレー	1
ジレッタント	2
ジレンマ	2
ジン	1
ジンギスカン鍋	7
ジンギス汗鍋	7
ジンギス汗料理	7
ジンク	1
ジンクス	1
ジンゲル	1
ジンゴイズム	4
ジンジャー	1
ジンジャーエール	5
ジンジャースナップ	6
ジンテーゼ	3
ジントニック	3
ジンバブエ	3
ジンフィーズ	3
ジンフィズ	3
スーザフォーン	4
スーツ	1
スーツケース	4
スーパー	1
スーパーアロイ	5
スーパーインポーズ	7
スーパーオキサイドディスムターゼ	0
スーパーコンピューター	7
スーパースター	6
スーパーストア	6
スーパーソニック	5
スーパーチャージャー	5
スーパーノバ	5
スーパーハイウエー	8
スーパーバイザー	5
スーパービジョン	5
スーパーヘテロダイン	8
スーパーマーケット	5
スーパーマン	3
スーパーリアリズム	7
スーフィズム	3
スーブニール	4
スープ	1
スープストック	5
スーベニア	3
スーベニアショップ	6
スイート	2
スイートコーン	5
スイートスポット	6
スイートハート	5
スイートピー	4
スイートホーム	5
スイートポテト	5
スイートメロン	5
スイーパー	2
スイッチ	2
スイッチバック	5
スイッチヒッター	5
スイッチャー	2
スイマー	1
スイミング	2
スイミンググローブ	7
スイミングスクール	7
スイング	2
スイングアウト	5
スイングジャズ	5
スイングドア	5
スイングプレー	6
スウェー	2
スウェーデンリレー	6
スウェーデン語	0
スウェーデン蕪	4
スウェット	2
スウェットシャツ	5
スウェットスーツ	5
スエー	2
スエージング	2
スエーター	2
スエード	0
スエズ運河	4
スエット	2
スエットスーツ	5
スカ	1
スカート	2
スカーフ	2
スカーレット	2
スカイ	2
スカイグレー	5
スカイサイン	4
スカイジャック	4
スカイスクレーパー	6
スカイダイバー	4
スカイダイビング	4
スカイパーキング	4
スカイブルー	5
スカイライト	4
スカイライン	4
スカイラブ	4
スカウト	2
スカジー	2
スカッシュ	2
スカッパー	2
スカトロジー	3
スカラー	2
スカラーポテンシャル	6
スカラー積	3
スカラシップ	4
スカラップ	3
スカラブ	0
スカラベ	0
スカラムーシュ	4
スカル	2
スカルプチャー	2
スカンク	2
スカンジウム	4
スキー	2
スキーマ	2
スキーヤー	2
スキーラック	4
スキーリフト	4
スキー場	0
スキゾ	2
スキゾフレニア	5
スキット	2
スキッパー	2
スキップ	2
スキップフロア	6
スキムミルク	4
スキャット	2
スキャッブ	2
スキャナー	2
スキャン	2
スキャンダラス	2
スキャンダル	2
スキャンティー	2
スキューギア	4
スキューバ	2
スキューバダイビング	5
スキル	2
スキレット	3
スキン	2
スキンシップ	4
スキンダイビング	4
スクーター	2
スクーナー	2
スクーバ	2
スクープ	2
スクーリング	0
スクール	2
スクールカラー	5
スクールゾーン	5
スクールバス	5
スクールフィギュア	5
スクールメート	5
スクアレン	3
スクイーザー	3
スクイズ	2
スクイズプレー	6
スクエア	3
スクエアダンス	5
スクエアネック	5
スクエアポジション	6
スクラッチ	3
スクラッチレース	6
スクラップ	3
スクラップ＆ビルド	9
スクラップブック	6
スクラブ	2
スクラム	2
スクラムトライ	6
スクラムハーフ	5
スクラムワーク	5
スクランブル	3
スクランブルエッグ	7
スクランブルレース	7
スクランブル交差点	9
スクリーニング	3
スクリーン	3
スクリーンセイバー	6
スクリーンパス	6
スクリーンプレー	7
スクリーンプロセス	7
スクリーンミュージック	6
スクリーン印刷	6
スクリプター	3
スクリプト	3
スクリュー	2
スクリューギア	5
スクリュードライバー	6
スクリューボール	5
スクループル	3
スクレーパー	3
スクロース	3
スクロール	3
スクワッター	3
スクワット	3
スケーター	2
スケーティング	2
スケート	0
スケートボード	5
スケートリンク	5
スケープゴーティング	5
スケープゴート	5
スケーリング	0
スケール	2
スケールメリット	5
スケジュール	2
スケッチ	2
スケッチブック	5
スケプティック	2
スケボー	0
スケルツォ	2
スケルトン	2
スコート	2
スコープ	2
スコール	2
スコーン	2
スコア	2
スコアカード	4
スコアブック	4
スコアボード	4
スコアラー	2
スコアリングポジション	8
スコッチ	2
スコッチウイスキー	6
スコッチエッグ	5
スコッチツイード	6
スコッチテリア	5
スコットランド	5
スコットランドヤード	8
スコップ	2
スコポフィリー	4
スコポラミン	3
スコヤ	2
スコラ学	3
スコラ的	0
スコラ哲学	5
スコリア	2
スコンク	2
スター	2
スターアニス	4
スターシステム	4
スターター	2
スターダスト	4
スターダム	2
スターチ	2
スターチス	2
スターティング	2
スターティングブロック	8
スターティングメンバー	7
スタート	2
スタートダッシュ	5
スタートライン	5
スタープレーヤー	5
スターボード	4
スターリング	2
スターリングエンジン	7
スターリングシルバー	7
スタイラスペン	6
スタイリスト	4
スタイリッシュ	4
スタイリング	2
スタイル	2
スタイルブック	5
スタウト	2
スタグネーション	4
スタグフレーション	5
スタジアム	2
スタジアムジャンパー	6
スタジオ	0
スタジャン	0
スタチュー	2
スタッカート	4
スタックヒール	5
スタッド	2
スタッドレスタイヤ	7
スタッフ	2
スタッフドオリーブ	6
スタティスティックス	5
スタティック	2
スタディー	2
スタビライザー	4
スタビリティー	3
スタペリア	3
スタミナ	0
スタメン	0
スタリオン	2
スタンガン	2
スタンザ	2
スタンス	2
スタンダード	4
スタンダードナンバー	7
スタンツ	2
スタンディング	2
スタンディングウエーブ	8
スタンディングオベーション	8
スタンディングスタート	8
スタント	2
スタントカー	4
スタントカイト	5
スタントマン	4
スタンド	0
スタンドアロン	5
スタンドイン	5
スタンドオフ	5
スタンドカラー	5
スタンドバー	5
スタンドバイクレジット	8
スタンドプレー	6
スタンドポイント	5
スタンドレスリング	5
スタンバイ	2
スタンプ	2
スタンプラリー	5
スチーム	2
スチームアイロン	5
スチームエンジン	5
スチームタービン	5
スチームハンマー	5
スチームパイプ	5
スチール	2
スチールギター	5
スチールグレー	6
スチールドラム	5
スチューデント	2
スチューデントアパシー	7
スチュワーデス	3
スチュワード	3
スチル	2
スチルブ	2
スチレン	2
スチレンブタジエンゴム	10
スチレン樹脂	5
スチロール	3
スツール	2
ステー	2
ステーキ	2
ステークス	2
ステークホルダー	5
ステーショナリー	2
ステーション	2
ステーションコール	6
ステーションブレーク	7
ステーションワゴン	6
ステージ	2
ステージダンス	5
ステーター	2
ステータス	2
ステータスシンボル	6
ステーツマン	2
ステーツマンシップ	7
ステート	2
ステートアマ	5
ステートメント	2
ステープラー	2
ステープル	2
ステープルファイバー	6
ステアリン	2
ステアリング	2
ステアリン酸	0
スティープルチェイス	6
スティグマ	2
スティック	2
ステイオンタブ	6
ステイヤー	2
ステイン	2
ステゴサウルス	4
ステゴドン	3
ステッカー	2
ステッキ	2
ステッキガール	5
ステッチ	2
ステッパー	2
ステップ	2
ステップターン	5
ステップバイステップ	8
ステップファミリー	5
ステディー	2
ステノグラフィー	5
ステビア	2
ステラー海牛	5
ステラジアン	3
ステルス	2
ステレオ	0
ステレオカメラ	5
ステレオグラム	5
ステレオスコープ	6
ステレオタイプ	5
ステレオ写真	5
ステレオ放送	5
ステロール	3
ステロイド	3
ステロイドホルモン	6
ステロタイプ	4
ステンシル	2
ステンドグラス	5
ステンレス	2
ステンレススチール	7
ステンレス鋼	0
スト	1
ストーカー	2
ストーブ	2
ストーブリーグ	5
ストーム	2
ストーリー	2
ストーリーテラー	6
ストール	2
ストーン	2
ストーンウオッシュ	5
ストーンサークル	5
ストア	2
ストアブランド	5
ストア学派	4
ストイシズム	4
ストイック	3
ストッカー	2
ストッキング	2
ストック	2
ストックオプション	5
ストックカー	4
ストックカーレース	7
ストッパー	2
ストップ	2
ストップウオッチ	6
ストップモーション	5
ストマイ	0
ストライカー	3
ストライキ	3
ストライク	3
ストライクゾーン	6
ストライド	3
ストライプ	3
ストラクチャー	3
ストラックアウト	6
ストラップ	3
ストラップレス	3
ストラテジー	4
ストリーキング	3
ストリート	3
ストリートガール	6
ストリートチルドレン	6
ストリートファーニチャー	6
ストリーマー	3
ストリーマーフライ	7
ストリキニーネ	5
ストリッパー	3
ストリップ	3
ストリップショー	6
ストリップティーズ	6
ストリップミル	6
ストリップライト	6
ストリング	3
ストリングス	3
ストレート	3
ストレートジュース	6
ストレートパーマ	6
ストレートフラッシュ	7
ストレーナー	3
ストレーンゲージ	6
ストレス	2
ストレッサー	3
ストレッチ	3
ストレッチャー	3
ストレッチング	3
ストレッチ体操	6
ストレプトカーパス	6
ストレプトマイシン	6
ストレプトマイシン難聴	10
ストレリチア	3
ストレングス	3
ストレンジネス	3
ストレンジャー	3
ストロー	2
ストローク	3
ストロークプレー	7
ストローハット	5
ストロファンチン	4
ストロフルス	4
ストロベリー	4
ストロボ	0
ストロボスコープ	6
ストロマ	0
ストロング	3
ストロンチウム	5
ストロンチウム９０	8
ストロンチウム九〇	8
スト権	2
スト破り	3
スナイパー	2
スナック	2
スナックバー	5
スナック菓子	5
スナッチ	2
スナッフ	2
スナッフボトル	5
スナップ	2
スナップゲージ	5
スナップショット	5
スニーカー	2
スネーク	3
スネークウッド	5
スノー	2
スノーガン	2
スノーケル	2
スノータイヤ	4
スノードロップ	4
スノーフレーク	5
スノーブーツ	4
スノーブリッジ	5
スノープラウ	4
スノーホワイト	5
スノーボート	4
スノーボード	4
スノーモービル	4
スノッブ	2
スノビズム	3
スパーギア	4
スパーク	2
スパークリングワイン	8
スパート	2
スパーリング	2
スパーリングパートナー	7
スパイ	2
スパイカー	2
スパイク	2
スパイクシューズ	5
スパイクタイヤ	5
スパイシー	2
スパイシースパイス	7
スパイス	2
スパイラル	2
スパイロメーター	5
スパイ衛星	4
スパゲッティ	3
スパコン	0
スパシーボ	3
スパッタリング	2
スパッツ	2
スパナ	2
スパニエル	2
スパニッシュ	2
スパルタ	0
スパルタ教育	5
スパン	2
スパングル	2
スパンコール	4
スパンデックス	4
スパンレーヨン	4
スピーカー	2
スピーキング	2
スピーチ	2
スピーディー	2
スピード	0
スピードアップ	5
スピードウエー	6
スピードガン	5
スピードスケート	6
スピードダウン	5
スピードプレー	6
スピードボール	5
スピードメーター	5
スピード違反	5
スピッカート	4
スピッツ	2
スピットボール	5
スピナー	2
スピニングリール	6
スピネーカー	3
スピネット	3
スピネル	2
スピノザ主義	5
スピノル	2
スピリチュアリズム	6
スピリチュアル	3
スピリット	2
スピルオーバー	4
スピルラ	2
スピロヘータ	4
スピン	2
スピンアウト	4
スピンオフ	4
スピンドル	2
スピンドル油	5
スフ	1
スフィンクス	2
スフェロメーター	4
スフレ	1
スプートニク	2
スプール	2
スプーン	2
スプーンレース	5
スプラッシュ	3
スプラッタームービー	7
スプリット	3
スプリットタイム	6
スプリンクラー	3
スプリング	3
スプリングコート	6
スプリングボード	6
スプリンター	3
スプリント	3
スプリントカー	5
スプリントレース	6
スプルース	3
スプレー	2
スプレードライ	6
スプレッド	3
スプレッドシート	6
スプロール	3
スプロール現象	6
スプロケット	4
スベタ	0
スペース	2
スペースオペラ	5
スペースシャトル	5
スペースフレーム	6
スペースラブ	5
スペード	0
スペア	2
スペアタイヤ	4
スペアミント	2
スペアリブ	4
スペイン語	0
スペイン人	3
スペイン風邪	3
スペキュレーション	4
スペクタクル	2
スペクタクル映画	7
スペクトラム	2
スペクトル	2
スペクトル型	0
スペクトル系列	6
スペクトル分析	6
スペクトログラム	6
スペクトロメーター	6
スペシャリスト	4
スペシャル	2
スペシャルティーカー	7
スペック	2
スペリング	2
スペル	2
スペルアウト	4
スペルチェッカー	4
スペルマ	2
スペンサージャケット	6
スポーク	2
スポークスマン	2
スポークンタイトル	6
スポーツ	2
スポーツウエア	6
スポーツカー	4
スポーツクラブ	5
スポーツシャツ	5
スポーツセンター	5
スポーツドリンク	6
スポーツマン	4
スポーツマンシップ	7
スポーツ医学	5
スポーツ心臓	5
スポーツ新聞	5
スポーティー	2
スポイト	0
スポイラー	2
スポイル	2
スポイルズシステム	6
スポット	2
スポットアナウンス	7
スポットチェック	5
スポットニュース	5
スポットライト	5
スポット価格	5
スポット広告	5
スポンサー	2
スポンジ	0
スポンジケーキ	5
スポンジボール	5
スマート	2
スマートボール	5
スマート爆弾	5
スマイル	2
スマック	2
スマッシュ	2
スマッシング	2
スムージングオペレーション	9
スムース	2
スムーズ	2
スモーカー	2
スモーガスボード	6
スモーキング	2
スモーキングジャケット	7
スモーク	2
スモークサーモン	5
スモークチーズ	5
スモールトーク	5
スモールボアライフル	7
スモッキング	2
スモック	2
スモッグ	2
スモン	1
スモン病	0
スラー	2
スライサー	2
スライス	2
スライダー	2
スライディング	0
スライディングキャッチ	7
スライディングシート	7
スライディングシステム	7
スライディングスケール	8
スライディングタックル	7
スライド	0
スライドガラス	5
スライドバルブ	5
スライドプロジェクター	7
スライド制	0
スライバー	2
スラグ	1
スラッガー	2
スラックス	2
スラッシュ	2
スラッジ	2
スラップスティック	6
スラブ	1
スラブ語派	4
スラム	1
スラム街	3
スラリー	1
スラローム	3
スラング	2
スランプ	2
スランプフレーション	6
スリー	2
スリーアールズ	4
スリーウエースピーカー	8
スリークォーター	4
スリークォーターバックス	8
スリーサイズ	4
スリーバント	4
スリーピース	4
スリーピングバッグ	7
スリーブ	2
スリーベースヒット	7
スリーマー	2
スリカータ	3
スリット	2
スリットカメラ	5
スリッパ	1
スリップ	2
スリップオン	5
スリップス	2
スリップストリーム	7
スリップダウン	5
スリッポン	2
スリナム	0
スリム	1
スリラー	1
スリラー映画	5
スリランカ	3
スリリング	2
スリル	1
スルーパス	4
スループ	2
スループット	4
スルタン	1
スルピリン	0
スルファグアニジン	6
スルファジアジン	5
スルファダイアジン	6
スルファニルアミド	6
スルファミン	0
スルホン化	0
スルホン酸	0
スルホ基	2
スレーキ	2
スレート	0
スレートグレー	6
スレート葺	0
スレオニン	0
スレンダー	2
スロー	2
スローイン	2
スローイング	2
スローカーブ	4
スローガン	2
スロージン	2
スロースターター	5
スローダウン	4
スロービデオ	4
スローフォワード	5
スロープ	2
スローペース	4
スローボール	4
スローモー	2
スローモーション	4
スローロリス	4
スロッター	2
スロット	2
スロットマシン	6
スロットル	2
スロットルバルブ	6
スロットルレバー	6
スロバキア	0
スロバキア語	0
スロベニア	0
スロベニア語	0
スワジランド	4
スワッチ	2
スワッピング	2
スワップ	2
スワップ協定	5
スワップ取引	5
スワヒリ語	0
スワン	1
スンナ	1
ズーミング	0
ズーム	1
ズームアップ	4
ズームイン	4
ズームバック	4
ズームレンズ	4
ズールー語	0
ズウォチ	1
ズッキーニ	3
ズック	1
ズビニ鉤虫	4
ズボン	2
ズボン下	2
ズボン吊り	2
ズルチン	1
ズルナ	1
ズロース	2
ズロチ	1
セージ	1
セーター	1
セービング	0
セーフ	1
セーフガード	4
セーフティー	1
セーフティーゾーン	6
セーフティーバルブ	6
セーフティーバント	6
セーフティービンディング	6
セーフティーボックス	6
セーフライト	4
セーブ	1
セーブポイント	4
セーブル	1
セーム革	3
セーラー	1
セーラーカラー	5
セーラー服	3
セーリング	0
セール	1
セールス	1
セールスエンジニア	7
セールストーク	5
セールスプロモーション	7
セールスマン	4
セイウチ	0
セイファート銀河	6
セイボリー	1
セイレン	1
セイロン肉桂	5
セオドライト	4
セオリー	1
セオリスト	3
セカント	1
セカンド	0
セカンドウインド	6
セカンドハウス	5
セカンドハンド	5
セカンドベース	5
セカンドベスト	5
セカンドラン	5
セキスタント	1
セキュリタイゼーション	6
セキュリティー	2
セクシー	1
セクシズム	3
セクシャル	1
セクシャルハラスメント	6
セクシュアリティー	4
セクシュアル	1
セクシュアルハラスメント	7
セクショナリズム	5
セクション	1
セクションペーパー	5
セクスタント	1
セクター	1
セクト	1
セクハラ	0
セクレタリー	3
セクレチン	3
セグメンテーション	5
セグメント	1
セコイア	2
セコハン	0
セコンダリー	2
セコンド	0
セコンドハンド	5
セサミ	1
セシウム	2
セシウム１３７	2
セシウム原子時計	8
セシウム百三十七	2
セセッション	2
セタン価	2
セダン	1
セックス	1
セックスアピール	6
セックスシンボル	5
セックスチェック	5
セッション	1
セッター	1
セッティング	0
セット	1
セットアップ	4
セットインスリーブ	7
セットスクラム	5
セットバック	4
セットプレー	5
セットポイント	4
セットポジション	5
セットローション	4
セツルメント	1
セニョール	2
セニョリータ	3
セネガ	1
セネガル	1
セネガ根	3
セパード	2
セパタクロー	3
セパレーツ	3
セパレート	3
セパレートコース	6
セピア	1
セブン	1
セブンブリッジ	5
セマンティックス	4
セマンティックディファレンシャル法	12
セミオロジー	3
セミコロン	3
セミスチール	4
セミダブル	3
セミドキュメンタリー	5
セミドライソーセージ	6
セミナー	1
セミナリー	2
セミファイナル	3
セミプロ	0
セミロング	3
セム族	2
セメダイン	3
セメンタイト	4
セメンテーション	4
セメント	0
セメントモルタル	5
セメント瓦	5
セメント質	4
セモリナ	2
セラー	1
セラード	2
セラック	2
セラピー	1
セラピスト	3
セラミックエンジン	6
セラミックス	3
セリー	1
セリウム	2
セリシン	1
セリフ	1
セリン	1
セル	1
セルジ	1
セルタス	1
セルビアクロアチア語	0
セルビア語	0
セルビデオ	3
セルフ	1
セルフィーユ	3
セルフイメージ	5
セルフコントロール	7
セルフサービス	4
セルフタイマー	4
セルフヘルプグループ	7
セルフモニタリング	7
セルモーター	3
セルラーゼ	3
セルラーフロア	6
セルラー方式	5
セルリー	1
セルリアク	2
セルリアンブルー	7
セルロース	3
セルロイド	3
セレクション	2
セレクションマッチ	6
セレクト	2
セレス	1
セレナータ	3
セレナーデ	3
セレナード	3
セレニウム	3
セレブロシド	4
セレモニー	1
セレン	1
セレン整流器	6
セロ	1
セロテープ	3
セロハン	1
セロハンテープ	5
セロリ	1
セロリアーク	4
セロリシード	4
セロリソルト	4
センサー	1
センサス	1
センシティブ	1
センシビリティー	4
センシブル	1
センシュアリズム	5
センシュアル	1
センス	1
センセーショナリズム	7
センセーショナル	3
センセーション	3
センター	1
センターオブエクセレンス	7
センターコート	5
センターサークル	5
センタースプレッド	7
センターハーフ	5
センターフォワード	6
センターポール	5
センターライン	5
センタール	3
センター試験	6
センタリング	1
センチ	1
センチメートル	4
センチメンタリスト	7
センチメンタリズム	7
センチメンタル	4
センチメント	1
センチュリー	1
センテンス	1
セント	1
セントバーナード	6
セントポーリア	4
セントラル	1
セントラルキッチン	6
セントラルドグマ	6
セントラルヒーティング	6
セントラルリーグ	6
セントルシア	4
セントロイド	4
セ氏	1
ゼーマン効果	5
ゼオライト	3
ゼスチャー	1
ゼスチュア	1
ゼッケン	1
ゼツェシオン	3
ゼネコン	0
ゼネスト	0
ゼネラリスト	4
ゼネラル	1
ゼネラルスタッフ	6
ゼネラルストライキ	7
ゼネラルマーチャンダイズストア	13
ゼネラルユニオン	5
ゼネレーション	3
ゼファー	1
ゼフィルス	1
ゼブ	1
ゼブラ	1
ゼブラゾーン	4
ゼミ	1
ゼミナール	3
ゼムクリップ	4
ゼラチン	0
ゼラチンペーパー	5
ゼラニウム	3
ゼリー	1
ゼリービーンズ	4
ゼロ	1
ゼロエミッション	4
ゼロクーポン債	5
ゼログラフィー	3
ゼロサム	0
ゼロサムゲーム	5
ゼロサム社会	5
ゼロックス	2
ゼロベース	3
ゼロ位法	3
ゼロ歳	2
ゼロ成長	3
ゼロ戦	0
ゼントルマン	1
ソ	1
ソーイング	1
ソークワクチン	4
ソーサー	1
ソーシャリスト	4
ソーシャリズム	4
ソーシャリゼーション	5
ソーシャル	1
ソーシャルアクション	5
ソーシャルエコロジー	6
ソーシャルエンジニアリング	8
ソーシャルケースワーカー	8
ソーシャルケースワーク	8
ソーシャルコスト	5
ソーシャルスキル	6
ソーシャルスキルズトレーニング	10
ソーシャルダンス	5
ソーシャルダンピング	5
ソーシャルワーカー	5
ソーシャルワーク	5
ソース	1
ソースコード	4
ソースパン	0
ソーセージ	1
ソーター	1
ソーダ	1
ソーダガラス	4
ソーダクラッカー	5
ソーダパルプ	4
ソーダファウンテン	4
ソーダフロート	6
ソーダ灰	3
ソーダ工業	4
ソーダ水	3
ソーダ石灰	4
ソーダ石鹸	4
ソーティング	0
ソーテルヌ	3
ソート	1
ソードテール	4
ソープ	1
ソープオペラ	4
ソープランド	4
ソープレスソープ	6
ソーラー	1
ソーラーカー	3
ソーラーカーレース	7
ソーラーシステム	5
ソーラーハウス	5
ソール	1
ソアラー	1
ソイソース	3
ソウル	1
ソウルジャズ	4
ソウルフード	4
ソウルミュージック	4
ソケット	2
ソサエティー	2
ソシアリスト	4
ソシアリスム	4
ソシアリズム	4
ソシアル	1
ソシアルダンス	5
ソシオエコノミックス	7
ソシオグラム	4
ソシオバイオロジー	6
ソシオメトリー	4
ソシオロジー	3
ソステヌート	4
ソックス	1
ソップ	1
ソテー	1
ソディウム	2
ソドミー	0
ソナー	1
ソナグラム	3
ソナタ	1
ソナタ形式	4
ソナチネ	0
ソニックブーム	5
ソネット	1
ソノグラフ	3
ソノシート	3
ソノブイ	3
ソノリティ	2
ソビエト連邦	5
ソファー	1
ソファーベッド	4
ソフィスティケーション	5
ソフィスティケート	5
ソフィスト	2
ソフト	1
ソフトウェア	4
ソフトウエア	5
ソフトカードミルク	7
ソフトカバー	4
ソフトカラー	4
ソフトカレンシー	4
ソフトクリーム	5
ソフトコンタクトレンズ	9
ソフトタッチ	4
ソフトテニス	4
ソフトドリンク	5
ソフトハウス	4
ソフトフォーカス	4
ソフトボール	4
ソフトランディング	4
ソフトローン	4
ソフト帽	3
ソフホーズ	3
ソブリンローン	5
ソプラノ	0
ソプラノ記号	5
ソホーズ	2
ソマトスタチン	5
ソマトトロピン	5
ソマリア	0
ソマリ語	0
ソムリエ	2
ソユーズ	2
ソラニン	1
ソラリゼーション	4
ソリスト	2
ソリダリティー	3
ソリッド	1
ソリッドギター	5
ソリッドステート	6
ソリッドタイヤ	5
ソリトン	1
ソリューション	2
ソルガム	1
ソルゴー	1
ソルジャー	1
ソルダム	1
ソルティドッグ	4
ソルビット	3
ソルビン酸	0
ソルフェージュ	3
ソルベ	1
ソレアイト	3
ソレイユ	2
ソレノイド	3
ソロ	1
ソロモン諸島	5
ソロレート	3
ソロレート婚	5
ソワレ	1
ソング	1
ソングポスト	4
ソンブレロ	3
ソ連	1
ゾーニング	1
ゾーン	1
ゾーンディフェンス	4
ゾエア	1
ゾル	1
ゾロアスター教	0
ゾンデ	1
ゾンビ	1
ターキー	1
ターゲット	1
ターゲットゾーン	6
ターコイズ	3
ターコイズブルー	7
タータン	1
タータンチェック	5
タート	1
タートル	1
タートルネック	5
ターナー症候群	7
ターニング	1
ターニングポイント	6
ターバン	1
タービン	1
タービンエンジン	5
ターフ	1
ターフコース	4
ターフル	1
ターボ	1
ターボジェット	4
ターボチャージャー	4
ターボプロップ	5
ターポン	1
ターミナル	1
ターミナルケア	6
ターミナルビル	6
ターミノロジー	4
ターム	1
タームローン	4
ターメリック	4
タール	1
タールサンド	4
タールピッチ	4
タール癌	3
ターレット	1
ターン	1
ターンテーブル	4
ターンバックル	4
ターンパイク	4
タイ	1
タイア	0
タイアップ	3
タイガ	1
タイガー	1
タイゲーム	3
タイゴン	1
タイタック	3
タイツ	1
タイト	1
タイトスカート	5
タイトバック	4
タイトル	1
タイトルバック	5
タイトルページ	5
タイトルホルダー	5
タイトルマッチ	5
タイトルロール	5
タイトロープ	4
タイドプール	4
タイドローン	4
タイバック	3
タイピスト	3
タイピン	0
タイフーン	3
タイブレーク	4
タイプ	1
タイプフェース	4
タイプライター	4
タイポグラフィー	4
タイマー	1
タイミング	0
タイム	1
タイムアウト	4
タイムアップ	4
タイムカード	4
タイムカプセル	4
タイムキーパー	4
タイムコード	4
タイムシェアリングシステム	9
タイムスイッチ	5
タイムスリップ	5
タイムテーブル	4
タイムトライアル	5
タイムトライアルロードレース	12
タイムトラベル	5
タイムトンネル	4
タイムマシン	5
タイムラグ	4
タイムリー	1
タイムリーエラー	6
タイムリーヒット	6
タイムリミット	4
タイムレース	4
タイムレコーダー	5
タイヤ	0
タイヤチェーン	4
タイヤローラー	4
タイラノザウルス	5
タイラント	1
タイル	1
タイ記録	3
タイ語	0
タウリン	1
タウン	1
タウンウエア	5
タウンハウス	4
タウ粒子	3
タオル	1
タオルケット	4
タカジアスターゼ	6
タガログ語	0
タキオン	1
タキシー	1
タキシード	3
タキストスコープ	6
タクシー	1
タクティックス	3
タクト	1
タクトシステム	4
タグ	1
タグボート	3
タグマッチ	3
タコグラフ	3
タコス	1
タコメーター	3
タジキスタン	3
タスク	1
タスクフォース	4
タスマニアデビル	6
タスマニア狼	6
タッキング	0
タック	1
タックイン	4
タックス	1
タックスフリー	6
タックスヘイブン	5
タックル	1
タッグ	1
タッグマッチ	4
タッセル	1
タッチ	1
タッチアウト	4
タッチアップ	4
タッチアンドゴー	7
タッチスクリーン	6
タッチタイピング	4
タッチダウン	4
タッチパネル	4
タッチフットボール	7
タッチライン	4
タッチラグビー	4
タッチングレース	6
タッパーウェア	6
タップ	0
タップダンス	4
タップミノー	4
タトゥー	1
タナトロジー	3
タバコ	0
タバコモザイク病	0
タバコ税	3
タバコ入れ	3
タバコ盆	3
タバスコ	2
タピオカ	0
タピストリー	2
タフ	1
タフィー	1
タフガイ	2
タフタ	1
タフネス	1
タブ	1
タブー	2
タブカラー	3
タブラチュア	3
タブララサ	3
タブレット	1
タブロー	3
タブロイド	3
タペストリー	2
タペット	2
タマリン	1
タミル語	0
タムタム	1
タラゴン	1
タラップ	2
タランチュラ	2
タランテラ	2
タラント	2
タリアテッレ	4
タリウム	2
タリズマン	2
タリフ	1
タリフエスカレーション	7
タリ活用	3
タルカムパウダー	5
タルク	1
タルタルステーキ	6
タルタルソース	5
タルト	1
タルトレット	1
タルムード	3
タレット旋盤	5
タレント	0
タロット	2
タロ芋	0
タワー	1
タワークレーン	5
タン	1
タンカー	1
タンギング	1
タンク	1
タンクトップ	4
タンクローリー	4
タンク車	3
タングステン	4
タングステン鋼	0
タングステン電球	7
タングラム	1
タンゴ	1
タンザニア	0
タンシチュー	3
タンジェント	1
タンタル	1
タンデム	1
タンドリーチキン	6
タンニン	1
タンニン酸	0
タンバリン	1
タンブール	3
タンブラー	1
タンブラースイッチ	7
タンブラン	1
タンブリング	1
タンポン	1
タ行	1
ダーウィニズム	4
ダーク	1
ダークエージ	4
ダークサイド	4
ダークスーツ	4
ダークステージ	5
ダークチェンジ	4
ダークホース	4
ダークマター	4
ダーシ	1
ダーツ	1
ダーティー	1
ダーティーフロート	6
ダート	1
ダートコース	4
ダートトライアル	5
ダーニングステッチ	7
ダービー	1
ダーリン	1
ダーンドル	1
ダイア	1
ダイアグラム	4
ダイアゴナル	4
ダイアジノン	4
ダイアジン	3
ダイアモンド	4
ダイアリー	1
ダイアル	0
ダイアレクト	4
ダイアローグ	4
ダイイン	3
ダイエット	1
ダイオード	3
ダイオキシン	3
ダイカー	1
ダイキリ	0
ダイジェスト	1
ダイス	1
ダイナマイト	4
ダイナミクス	4
ダイナミズム	4
ダイナミック	4
ダイナミックスピーカー	8
ダイナミックプログラミング	10
ダイナミックレンジ	7
ダイナモ	0
ダイナモメーター	5
ダイナモ理論	5
ダイニング	1
ダイニングキッチン	6
ダイニングルーム	6
ダイバー	1
ダイビング	1
ダイビングキャッチ	6
ダイブ	1
ダイポールアンテナ	6
ダイヤ	1
ダイヤグラム	4
ダイヤモンド	4
ダイヤモンドゲーム	7
ダイヤモンドダスト	7
ダイヤモンドリング	7
ダイヤモンド婚式	7
ダイヤル	0
ダイヤルイン	5
ダイヤルゲージ	5
ダイヤレクト	4
ダイラタンシー	4
ダイレクト	1
ダイレクトシュート	6
ダイレクトセール	6
ダイレクトタッチ	6
ダイレクトドライブ	7
ダイレクトメール	6
ダイレクトメソッド	6
ダイン	1
ダウ	1
ダウト	1
ダウン	1
ダウンサイジング	4
ダウンジャケット	4
ダウンスイング	5
ダウンタウン	4
ダウンバースト	4
ダウンヒル	4
ダウンビート	4
ダウンフォース	4
ダウンライト	4
ダウンロード	4
ダウン症候群	6
ダウ式平均株価	10
ダウ平均	3
ダカーポ	2
ダガー	1
ダクト	1
ダグアウト	3
ダゲレオタイプ	5
ダスター	1
ダスターコート	5
ダスト	1
ダストコート	4
ダストシュート	4
ダズン	1
ダダ	1
ダッキング	0
ダック	1
ダックスフント	5
ダッグアウト	4
ダッシュ	1
ダッシュボード	4
ダッチアイリス	4
ダッチアカウント	5
ダッチェスポテト	5
ダッチワイフ	4
ダッファー	1
ダッフル	1
ダッフルコート	5
ダビング	0
ダファー	1
ダフ屋	2
ダブる	2
ダブル	1
ダブルイメージ	5
ダブルオーバーヘッドカムシャフト	13
ダブルカフス	4
ダブルカラー	4
ダブルキャスト	4
ダブルコース	4
ダブルコンティンジェンシー	8
ダブルジョーゼット	4
ダブルス	1
ダブルスカル	5
ダブルスコート	5
ダブルスコア	5
ダブルスタンダード	7
ダブルスチール	5
ダブルチェック	4
ダブルデッカー	4
ダブルトーン	4
ダブルドリブル	5
ダブルハイフン	4
ダブルバインド	4
ダブルバスーン	5
ダブルパンチ	4
ダブルフォールト	4
ダブルブッキング	4
ダブルブレスト	5
ダブルプレー	5
ダブルヘッダー	4
ダブルベース	4
ダブルベッド	4
ダブルボギー	4
ダブルボタン	4
ダブル幅	3
ダブレット	1
ダボ	1
ダマスク	2
ダミー	1
ダミー会社	4
ダム	1
ダムサイト	3
ダムダム弾	0
ダム湖	2
ダメージ	2
ダラー	1
ダライラマ	4
ダラクマ	2
ダラム	1
ダリア	1
ダリヤ	1
ダル	1
ダルシマー	2
ダルメシアン	3
ダン	1
ダンガリー	1
ダンクシュート	4
ダンクショット	4
ダンサー	1
ダンシング	1
ダンス	1
ダンスセラピー	4
ダンスパーティー	4
ダンスホール	4
ダンディー	1
ダンディズム	3
ダンパー	1
ダンピング	1
ダンピング関税	6
ダンピング症候群	8
ダンプ	1
ダンプカー	3
ダンプリング	1
ダンベル	1
ダ行	1
チーク	1
チークダンス	4
チーズ	1
チーズケーキ	4
チーズトースト	4
チーズバーガー	4
チーズフォンデュー	4
チーゼル	1
チータ	1
チーター	1
チーフ	1
チーフアンパイア	6
チーフエグゼクティブ	6
チーフオフィサー	4
チーフメート	4
チープ	1
チープガバメント	4
チープシック	4
チーム	1
チームゲーム	4
チームジャンパー	4
チームティーチング	4
チームプレー	5
チームメート	4
チームワーク	4
チアガール	3
チアノーゼ	3
チアベンダゾール	6
チアホーン	3
チアミン	1
チアリーダー	3
チアリーディング	3
チェーサー	1
チェーシング	0
チェーン	1
チェーンステッチ	5
チェーンストア	5
チェーンスモーカー	5
チェーンソー	1
チェーンブロック	5
チェーンメール	4
チェーン店	1
チェア	1
チェアパーソン	3
チェアマン	1
チェコ	1
チェコスロバキア	1
チェコ語	0
チェス	1
チェスターフィールド	5
チェスト	1
チェストパス	4
チェダー	1
チェッカー	1
チェッカーフラッグ	6
チェック	1
チェックアウト	4
チェックアンドバランス	7
チェックイン	4
チェックオフ	4
チェックギャランティーカード	8
チェックプライス	5
チェックポイント	4
チェックメート	4
チェックライター	4
チェックリスト	4
チェリー	1
チェリートマト	4
チェリオ	1
チェリスト	2
チェレスタ	2
チェレンコフ効果	6
チェロ	1
チェンジ	1
チェンジアップ	4
チェンジオーバー	4
チェンジオブペース	6
チェンジポケット	4
チェンジレバー	4
チェンバー	1
チェンバーミュージック	5
チェンバロ	1
チオ硫酸ナトリウム	9
チキン	2
チキンカツレツ	4
チキンナゲット	4
チキンフラワー	5
チキンライス	4
チクタク	1
チクルス	1
チクロ	1
チケット	2
チゲ	1
チコリ	1
チコリー	1
チセ	1
チター	1
チタニウム	3
チタン	1
チタン合金	4
チタン酸バリウム	7
チタン鉄鉱	4
チッカー	1
チッキ	1
チック	1
チップ	1
チップイン	4
チップショット	4
チトクロム	3
チフス	1
チフス菌	0
チベット語	0
チベット仏教	5
チベット文字	5
チペピジン	3
チマーゼ	2
チミン	1
チムニー	1
チモール	2
チモシー	1
チャーシュー麺	3
チャージ	1
チャージング	0
チャーター	1
チャーチ	1
チャート	1
チャーハン	1
チャービル	1
チャーミング	1
チャーム	1
チャームポイント	4
チャールストン	3
チャイナ	1
チャイナタウン	4
チャイニーズ	3
チャイニーズカラー	6
チャイブ	1
チャイム	1
チャイルド	1
チャイルドアビューズ	6
チャイルドシート	5
チャウダー	1
チャウチャウ	1
チャコ	1
チャコール	2
チャコールグレー	6
チャチャチャ	3
チャッカー	1
チャック	1
チャット	1
チャップ	1
チャツネ	1
チャド	1
チャドル	1
チャネル	1
チャパティ	1
チャプスイ	1
チャプター	1
チャプレン	1
チャペル	1
チャボ檜葉	2
チャラチャラ	1
チャランゴ	2
チャリオット	3
チャリティー	1
チャリティーショー	5
チャルダッシュ	1
チャルメル草	0
チャレンジ	2
チャレンジャー	2
チャンス	1
チャンネル	0
チャンピオン	1
チャンピオンシップ	6
チャンピオンフラッグ	7
チャンピオンベルト	6
チャンプ	1
チューインガム	5
チューター	1
チューナー	1
チューニング	0
チューバ	1
チュービング	0
チューブ	1
チューブリン	1
チューブレスタイヤ	6
チューベローズ	4
チューリップ	1
チュール	1
チューンナップ	4
チュチェ思想	3
チュニック	1
チュニックコート	5
チョーカー	1
チョーク	1
チョークコイル	4
チョークストライプ	6
チョイス	1
チョコ	1
チョコレート	3
チョコレート色	0
チョッキ	0
チョッパー	1
チョッピングツール	6
チョップ	1
チョリソー	2
チラコイド	3
チラノサウルス	4
チラミン	1
チリコンカーン	5
チリソース	3
チリパウダー	3
チリペッパー	3
チリ硝石	3
チルト	1
チルド	1
チルドビーフ	4
チルドロール	4
チロキシン	3
チロシン	1
チロリアンハット	6
チワワ	0
チン	1
チンキ剤	3
チンク油	3
チンゲン菜	3
チンチラ	0
チンチラ兎	5
チンパンジー	3
ツー	1
ツーウエー	4
ツーウエースピーカー	7
ツーサイクルエンジン	7
ツーショット	3
ツーステップ	4
ツートーン	3
ツートップ	3
ツートンカラー	5
ツーバイフォー工法	7
ツービート	3
ツーピース	3
ツープラトーンシステム	8
ツーベースヒット	6
ツーリスト	1
ツーリストクラス	6
ツーリストビューロー	6
ツーリング	0
ツーリングカー	6
ツール	1
ツールドフランス	6
ツールボックス	4
ツァー	1
ツァーリ	1
ツァイトガイスト	4
ツアー	1
ツアーコンダクター	6
ツィーター	1
ツィクルス	1
ツィター	1
ツイード	0
ツイスト	0
ツイストドリル	5
ツイル	1
ツイン	2
ツインカム	2
ツインベッド	4
ツインルーム	4
ツェッペリン飛行船	7
ツェツェ蝿	2
ツェツェ蠅	2
ツデー	2
ツナ	1
ツバル	1
ツパイ	2
ツベルクリン	0
ツベルクリン反応	7
ツボクラリン	4
ツモロー	2
ツリー	2
ツリードクター	4
ツリー構造	4
ツリウム	2
ツワナ語	0
ツングース	3
ツングース諸語	0
ツンドラ	0
テーク	1
テークアウト	4
テークオーバービッド	8
テークオフ	4
テークバック	4
テースト	1
テーゼ	1
テーパー	1
テーパーゲージ	5
テーパーピン	5
テーパーリーマー	5
テーピング	0
テーブル	0
テーブルさん座	0
テーブルウエア	6
テーブルクロス	6
テーブルスピーチ	6
テーブルスプーン	6
テーブルセンター	5
テーブルタップ	5
テーブルチャージ	5
テーブルテニス	5
テーブルマナー	5
テーブルワイン	5
テーブル掛	4
テーブル掛け	4
テーブル山座	0
テープ	1
テープカット	4
テープデッキ	4
テープライブラリー	4
テープレコーダー	5
テープ起こし	4
テーマ	1
テーマソング	4
テーマパーク	4
テーマミュージック	4
テーラー	1
テーラーシステム	5
テーラード	3
テーラードカラー	6
テール	1
テールエンド	4
テールフィン	4
テールライト	4
テールランプ	4
テアトル	2
テアトロ	2
ティー	1
ティーアップ	3
ティーオフ	3
ティーカップ	3
ティーグラウンド	4
ティーケーオー	5
ティーシーピーアイピー	9
ティーショット	3
ティースプーン	4
ティーチイン	4
ティーチャー	1
ティーチングマシン	7
ティーバッグ	3
ティーバッティング	3
ティーパーティー	3
ティーポット	3
ティーム	1
ティールーム	3
ティーン	1
ティーンエージャー	4
ティアードスカート	6
ティアラ	1
ティケット	2
ティシュー	1
ティッシュ	1
ティッシュペーパー	4
ティピカル	1
ティモシー	1
ティラピア	0
ティラミス	1
ティルト	1
ティンパニ	1
ティンパニー	1
テイク	1
テイクアウト	4
テイクオフ	4
テイスト	1
テオクラシー	4
テオフィリン	0
テオブロミン	0
テキ	1
テキーラ	2
テキサス	1
テキサスヒット	5
テキスタイル	4
テキスタイルデザイン	8
テキスト	1
テキストファイル	5
テキストブック	5
テク	1
テクシー	1
テクスタイル	4
テクスチャー	1
テクスチュア	1
テクスト	1
テクタイト	3
テクニカラー	4
テクニカル	2
テクニカルターム	6
テクニカルノックアウト	9
テクニカルプログラム	8
テクニカルポイント	6
テクニカルメリット	6
テクニシャン	3
テクニック	1
テクネチウム	4
テクノ	1
テクノクラート	5
テクノクラシー	4
テクノストラクチャー	6
テクノストレス	5
テクノポップ	4
テクノポリス	4
テクノロジー	3
テクノロジーアセスメント	8
テケツ	1
テコンドー	2
テスター	1
テスタメント	1
テスト	1
テストケース	4
テストステロン	5
テストドライバー	5
テストパイロット	4
テストパターン	5
テストピース	4
テストマッチ	4
テストラン	4
テスラ	1
テタニー	1
テック	1
テックス	1
テトラ	1
テトラクロロエチレン	7
テトラサイクリン	4
テトラパック	4
テトラポッド	4
テトロドトキシン	5
テトロン	1
テナー	1
テナーサックス	4
テナント	0
テニス	1
テニスエルボー	4
テニスコート	4
テニス肘	3
テヌート	2
テネシー	1
テノール	2
テフ	1
テフラ	1
テフロン	1
テューバ	1
テラ	1
テラコッタ	3
テラス	1
テラスハウス	4
テラゾー	2
テラピア	0
テラマイシン	3
テラリウム	3
テラロッサ	3
テリークロス	4
テリーヌ	2
テリア	1
テリトリー	1
テル	1
テルグ語	0
テルビウム	3
テルペン	1
テルル	1
テレオノミー	3
テレカ	1
テレキネシス	3
テレグラフ	1
テレコ	1
テレコネクション	4
テレコミュニケーション	6
テレコム	1
テレコンファレンス	3
テレシネ	0
テレショップ	3
テレスコープ	4
テレタイプ	3
テレックス	2
テレパシー	2
テレビ	1
テレビカメラ	4
テレビゲーム	4
テレビジョン	3
テレビドラマ	4
テレビン油	3
テレビ会議	4
テレビ電話	4
テレファックス	3
テレフォトグラフ	5
テレフォン	1
テレフタル酸	0
テレプリンター	4
テレホン	1
テレホンカード	5
テレホンサービス	5
テレポーテーション	5
テレポート	3
テレマーク	3
テレマーケティング	3
テレミン	1
テレメーター	3
テロ	1
テロップ	2
テロリスト	3
テロリズム	3
テロル	1
テン	1
テンガロンハット	6
テンキー	1
テンション	1
テンス	1
テンソル	1
テンダー	1
テンダーオファー	5
テンダーロイン	5
テント	1
テンパる	3
テンプ	1
テンプラ	0
テンプル	1
テンプレート	4
テンペラ	0
テンペラメント	1
テンポ	1
テンポルバート	5
デー	1
デーケア	3
デーゲーム	3
デーサービス	3
デージー	1
デージーチェーン	5
データ	1
データグローブ	5
データバンク	4
データファイル	4
データベース	4
データマン	3
データ圧縮	4
データ構造	4
データ処理	4
データ通信	4
デーツ	1
デート	1
デートスポット	5
デーバナーガリー文字	9
デーホーム	3
デーホスピタル	3
デーモン	1
デーリー	1
デーン人	1
ディーエッチ	3
ディーゼル	1
ディーゼルエンジン	5
ディーゼルカー	5
ディーゼル機関車	6
ディーティーピー	5
ディーディーエックス	5
ディーピーイー	5
ディープ	1
ディープエコロジー	5
ディーラー	1
ディーリング	0
ディーリングルーム	6
ディアスポラ	2
ディアボロ	0
ディアマン	1
ディインダストリアライゼーション	11
ディオニソス	3
ディオニュソス的	0
ディオプター	2
ディオラマ	0
ディクショナリー	1
ディクテーション	3
ディグニティー	2
ディグリー	1
ディグリーデー	5
ディコーダー	2
ディコンストラクション	6
ディジタル	1
ディスインターミディエーション	9
ディスインフレーション	6
ディスカウンター	3
ディスカウント	3
ディスカウントショップ	7
ディスカウントセール	7
ディスカス	3
ディスカッション	3
ディスカバー	3
ディスク	1
ディスクール	3
ディスクオペレーティングシステム	11
ディスククラッチ	5
ディスクジョッキー	4
ディスクドライブ	5
ディスクブレーキ	5
ディスクロージャー	4
ディスケット	3
ディスコ	1
ディスコグラフィ	4
ディスコミュージック	4
ディスタンス	1
ディスタンスレース	6
ディステンパー	3
ディストリビューション	5
ディストリビューター	5
ディスパッチャー	3
ディスプレー	4
ディスペンサー	3
ディスポーザー	3
ディスポーザブル	3
ディゾルブ	2
ディップ	1
ディップスイッチ	5
ディテール	2
ディテクティブ	2
ディテクティブストーリー	7
ディナー	1
ディナーショー	4
ディナージャケット	4
ディナーパーティー	4
ディバイス	2
ディバイダー	2
ディビジョン	2
ディファレンシャルギア	7
ディフィニション	3
ディフェンス	0
ディフェンダー	0
ディフェンディング	0
ディフェンディングゾーン	7
ディフェンディングチャンピオン	7
ディフュージョンインデックス	8
ディプロマ	0
ディベート	2
ディベルティメント	2
ディベロッパー	3
ディボット	1
ディマンド	2
ディマンドバス	5
ディマンドプルインフレーション	10
ディミヌエンド	2
ディメンション	2
ディル	1
ディレードスチール	6
ディレギュレーション	4
ディレクター	2
ディレクターズチェア	7
ディレクトリー	2
ディレッタンティズム	6
ディレッタント	2
ディレンマ	2
ディン	1
ディンギー	1
ディンゴ	1
ディンプル	1
デイ	1
デイケア	3
デイサービス	3
デイパック	3
デイホーム	3
デイホスピタル	3
デイリー	1
デウス	1
デウスエクスマキナ	7
デオキシリボース	6
デオキシリボ核酸	7
デオドラント	2
デカ	1
デカール	2
デカダン	0
デカダンス	3
デカップリング	2
デカルコマニー	4
デカログ	2
デカンタ	2
デカンター	0
デキシー	1
デキシーランド	5
デキシーランドジャズ	8
デキストラン	4
デキストリン	4
デクレッシェンド	3
デグリー	1
デコーダー	2
デコード	2
デコイ	2
デコラ	1
デコラティブ	2
デコレーション	3
デコレーションケーキ	7
デコンストラクション	6
デザート	2
デザートワイン	5
デザイナー	2
デザイン	2
デシ	1
デシケーター	3
デシベル	1
デシリットル	3
デシン	1
デジケート	3
デジタイザー	3
デジタル	1
デジタルコンピューター	7
デジタル化	0
デジタル計算機	7
デジタル時計	5
デジタル信号	5
デジタル放送	5
デジタル録音	5
デジャビュ	2
デス	1
デスカレーション	4
デスク	1
デスクトップ	4
デスクトップパブリッシング	9
デスクプラン	4
デスクワーク	4
デスティニー	3
デスペレート	4
デスポット	3
デスポティズム	4
デスマスク	3
デスマッチ	3
デスモソーム	4
デタント	2
デッキ	1
デッキシューズ	4
デッキチェア	4
デッキブラシ	4
デッキプレート	5
デッサン	1
デットサービスレシオ	8
デッド	1
デッドウオーター	5
デッドエンド	4
デッドオンアライバル	7
デッドコピー	4
デッドストック	5
デッドスペース	5
デッドヒート	4
デッドボール	4
デッドボールライン	7
デッドポイント	4
デッドライン	4
デッドリフト	4
デッドロック	4
デテール	2
デテクティブ	2
デディケート	3
デトネーション	3
デトリタス	2
デニール	2
デニッシュ	2
デニッシュペストリー	5
デニム	1
デノテーション	3
デノミ	0
デノミネーション	4
デバイス	2
デバッガー	2
デバッグ	2
デバリュエーション	4
デパート	2
デパートメントストア	9
デヒドロゲナーゼ	6
デビスカップ	4
デビトロセラミックス	7
デビュー	1
デビル	1
デフ	1
デファクトスタンダード	8
デフォッガー	2
デフォルト	2
デフォルメ	2
デフレ	0
デフレーション	3
デフレーター	3
デフレギャップ	4
デフロスター	3
デブリ	1
デプレッション	3
デベロッパー	3
デボン紀	2
デポ	1
デポー	1
デポジット	3
デマ	1
デマゴーグ	3
デマゴギー	3
デマンド	2
デマンドバス	5
デミウルゴス	4
デミグラスソース	5
デミタス	1
デメリット	2
デモ	1
デモーニッシュ	2
デモる	2
デモクラシー	4
デモクラチック	5
デモクラット	4
デモクラティック	5
デモグラフィー	3
デモテープ	3
デモティック	3
デモンストレーション	6
デモンストレーション効果	10
デモ行進	3
デューク	1
デューティーフリー	6
デューテリウム	4
デューテロン	3
デュープ	1
デュープロセス	4
デュアリズム	3
デュアル	1
デュアルシステム	4
デュアルタイムレース	7
デュエット	1
デュオ	1
デュナミス	1
デュプリケート	4
デュラム小麦	4
デュラルミン	0
デラウェア	3
デラシネ	2
デラックス	2
デリカシー	2
デリカテッセン	4
デリケート	3
デリゲーション	3
デリシャス	2
デリス	1
デリック	2
デリバティブ	2
デリバリー	2
デリンジャー	2
デリンジャー現象	6
デルファイ法	0
デルフィニウム	4
デレギュレーション	4
デレゲーション	3
デング熱	3
デンタルフロス	5
デントコーン	4
デンドロビウム	5
デンマーク語	0
デ杯	0
ト	1
トー	1
トーイック	1
トーイン	3
トーガ	1
トーキー	1
トーキングドラム	6
トーキングペーパー	6
トーク	1
トークショー	3
トークン	1
トークンリング	5
トーゴ	1
トーシューズ	3
トースター	1
トースト	1
トータル	1
トータルルック	5
トーダンス	3
トーチ	1
トーチカ	1
トーチランプ	4
トーチリレー	4
トーテミズム	4
トーテム	1
トーテムポール	5
トートバッグ	4
トートロジー	3
トーナメント	1
トーナメントツアー	7
トーナメントプロ	7
トーラー	1
トーラス	1
トールゲート	4
トーン	1
トーンアーム	4
トーンダウン	4
トイレ	1
トイレタリー	3
トイレット	1
トイレットペーパー	6
トイレットルーム	6
トゥッティ	1
トゥデー	2
トゥナイト	2
トゥモロー	2
トカマク	2
トキソイド	3
トキソプラズマ症	7
トグル	1
トコフェロール	4
トス	1
トスバッティング	3
トタン	0
トッカータ	3
トッグル	1
トッケイ	0
トッパー	1
トッパーズ	1
トッピング	0
トッフィー	1
トップ	1
トップギア	4
トップクラス	4
トップコート	4
トップコンディション	6
トップシークレット	4
トップスピン	5
トップダウン	4
トップテン	4
トップニュース	4
トップハット	4
トップバッター	4
トップボール	4
トップマネージメント	5
トップモード	4
トップライト	4
トップランナー	4
トップレス	1
トップレディー	4
トップレベル	4
トトカルチョ	3
トナー	1
トナカイ	2
トニック	1
トニックウオーター	6
トパーズ	1
トピアリー	2
トピカル	1
トピック	1
トピックス	1
トボガン	1
トポロジー	2
トマト	1
トマトケチャップ	5
トマトソース	4
トマトピューレ	4
トマトペースト	4
トマホーク	3
トミズム	2
トムソンガゼル	5
トムトム	1
トモグラフィー	3
トライ	2
トライアスリート	6
トライアスロン	5
トライアル	2
トライアルアンドエラー	9
トライアングル	4
トライアングルパス	8
トライボロジー	4
トラウザーズ	2
トラウマ	2
トラクションコントロール	9
トラクター	2
トラクト	2
トラコーマ	3
トラジコメディー	4
トラジック	2
トラジディー	2
トラス	1
トラスト	2
トラス橋	0
トラック	2
トラックアップ	5
トラッククレーン	6
トラックシステム	5
トラックターミナル	5
トラックバック	5
トラックボール	5
トラック競技	5
トラッシュ	2
トラットリア	4
トラッド	2
トラッピング	2
トラップ	2
トラップ射撃	5
トラディショナル	3
トラディション	3
トラバース	3
トラバース測量	6
トラバーチン	3
トラバーユ	3
トラヒック	2
トラピスト	3
トラフ	2
トラフィック	3
トラブる	2
トラブル	2
トラブルメーカー	5
トラベラー	2
トラベラーズチェック	7
トラベリング	2
トラベル	2
トラベルエージェンシー	5
トラペン	0
トラホーム	3
トランキライザー	5
トランク	2
トランクス	2
トランクルーム	5
トランザクション	4
トランシーバー	4
トランシット	4
トランジスタ	4
トランジスター	4
トランジスタラジオ	8
トランジット	4
トランス	0
トランスアミナーゼ	7
トランスクリプション	6
トランスパーソナル心理学	12
トランスファー	2
トランスファーＲＮＡ	12
トランスファープライシング	8
トランスファーマシン	8
トランスフェラーゼ	6
トランスフォーム断層	8
トランスフォーメーション	7
トランスペアレンシー	7
トランスポーテーション	7
トランスポゾン	5
トランスポンダー	5
トランスミッション	5
トランスミッションギア	9
トランスミッター	5
トランスモダン	5
トランスレーション	5
トランパー	2
トランプ	2
トランペット	4
トランポリン	2
トリートメント	2
トリアージタッグ	6
トリウム	2
トリウム系列	5
トリエンナーレ	5
トリオ	1
トリオース	3
トリオソナタ	4
トリカルボン酸回路	9
トリガー	1
トリクロロエチレン	6
トリケラトプス	5
トリコット	3
トリコマイシン	4
トリコモナス	4
トリコモナス膣炎	8
トリゴニア	3
トリチウム	3
トリッキー	2
トリック	2
トリックスター	6
トリックプレー	6
トリッピング	2
トリップ	2
トリップメーター	5
トリッペル	2
トリトマ	2
トリトン	1
トリニダードトバゴ	7
トリニティー	2
トリニトロトルエン	6
トリニトロフェノール	7
トリニトロベンゼン	6
トリハロメタン	5
トリパノソーマ	5
トリビアリズム	5
トリビアル	2
トリビューン	3
トリプシン	2
トリプティク	2
トリプトファン	2
トリプル	2
トリプルアクセル	5
トリプルクラウン	6
トリプルジャンプ	5
トリプルスチール	6
トリプルプレー	6
トリプルボギー	5
トリプレット	2
トリポッド	3
トリマー	1
トリミング	2
トリム	1
トリュフ	1
トリル	2
トリレンマ	3
トル	1
トルースタイト	5
トルイジン	2
トルエン	1
トルク	1
トルクコンバーター	6
トルクメニスタン	5
トルコ語	0
トルコ石	3
トルコ風呂	0
トルコ帽	3
トルストイアン	4
トルソー	1
トルテ	1
トルティーヤ	3
トルネード	3
トルバドゥール	5
トレー	2
トレーサー	2
トレーサリー	2
トレーシングペーパー	7
トレース	2
トレーダー	2
トレード	2
トレードオフ	5
トレードマーク	5
トレードマネー	5
トレードユニオン	5
トレーナー	2
トレーニング	2
トレーニングウエア	8
トレーニングキャンプ	7
トレーニングシャツ	7
トレーニングセンター	7
トレーニングパンツ	7
トレーラー	2
トレーラーハウス	6
トレーラーバス	6
トレール	2
トレールバイク	5
トレーン	2
トレアドールパンツ	7
トレアドル	3
トレアドルパンツ	6
トレイ	2
トレオニン	0
トレッカー	2
トレッキング	2
トレッド	2
トレッドウエアインジケーター	11
トレッドパターン	6
トレニア	2
トレパン	0
トレビアン	2
トレポネマ	3
トレミー星座	5
トレモロ	0
トレランス	1
トレンチ	2
トレンチコート	5
トレンディ	2
トレンディー	2
トレンド	2
トロ	1
トローチ	2
トローリング	0
トロール	2
トロール漁業	5
トロール漁船	5
トロール船	0
トロイ	1
トロイオンス	4
トロイカ	2
トロイデ	2
トロイポンド	4
トロコイド	3
トロッコ	1
トロット	2
トロツキスト	4
トロツキズム	4
トロピカル	2
トロピカルドリンク	7
トロピカルフィッシュ	6
トロピカルフルーツ	7
トロピズム	3
トロフィー	1
トロリー	1
トロリーバス	5
トロン	1
トロンビン	2
トロンプルイユ	5
トロンボーン	2
トロンボプラスチン	6
トロンメル	2
トロ箱	2
トワイライト	4
トワレット	1
トンガ	1
トンキロ	1
トング	1
トンコリ	1
トンネル	0
トンネルダイオード	7
トンネル会社	5
トンネル効果	5
トンネル栽培	5
トンネル窯	4
トンボ	0
ト音記号	4
ト書	0
ト書き	0
ト調	1
ド	1
ドードー	1
ドーナツ	1
ドーナツ現象	5
ドーパミン	3
ドーピング	0
ドープチェック	4
ドーベルマン	3
ドーマー	1
ドーミー	1
ドーミトリー	3
ドーム	1
ドーラン	0
ドール	1
ドア	1
ドアアイ	3
ドアエンジン	3
ドアスコープ	4
ドアストッパー	4
ドアチェーン	3
ドアチェック	3
ドアチャイム	3
ドアツードア	5
ドアビーム	3
ドアボーイ	3
ドアマット	3
ドアマン	2
ドアミラー	3
ドイツ観念論	6
ドイツ語	0
ドイツ人	3
ドイリー	1
ドゥーチェ	1
ドゥーワップ	3
ドゥイットユアセルフ	7
ドキュメンタリー	3
ドキュメンタリー映画	8
ドキュメンタル	3
ドキュメンテーション	5
ドキュメント	1
ドクサ	1
ドクター	1
ドクターコース	5
ドクターストップ	6
ドクトリン	1
ドクトル	1
ドグマ	1
ドグマティズム	4
ドグマティック	4
ドコサヘキサエン酸	0
ドス	1
ドスキン	1
ドッキング	0
ドック	1
ドッグ	1
ドッグファイト	4
ドッグレース	4
ドッグレッグ	4
ドッジボール	4
ドッジング	0
ドッチボール	4
ドット	1
ドットフォント	4
ドットプリンター	5
ドットマップ	4
ドップラー効果	6
ドッペルゲンガー	5
ドデカフォニー	4
ドナー	1
ドミグラスソース	6
ドミナント	3
ドミニオン	2
ドミニカ	2
ドミノ	1
ドミノ理論	4
ドメイン	2
ドメスチック	4
ドメスティック	4
ドラ	0
ドライ	2
ドライアイ	4
ドライアイス	4
ドライイースト	4
ドライエリア	4
ドライカレー	4
ドライクリーニング	5
ドライソーセージ	4
ドライバー	2
ドライビール	4
ドライビングコンテスト	7
ドライフライ	4
ドライフラワー	5
ドライフルーツ	5
ドライブ	2
ドライブイン	4
ドライブインシアター	7
ドライブウエー	6
ドライブサーブ	5
ドライブスルー	6
ドライブマップ	5
ドライポイント	4
ドライマティーニ	5
ドライミルク	4
ドライヤー	0
ドライリハーサル	5
ドラクマ	2
ドラコン	0
ドラゴン	1
ドラスチック	4
ドラスティック	2
ドラセナ	0
ドラッグ	2
ドラッグストア	6
ドラッグデリバリーシステム	10
ドラッグバント	5
ドラッグレース	5
ドラビダ語族	5
ドラフト	0
ドラフトビール	5
ドラマ	1
ドラマー	1
ドラマチスト	4
ドラマチック	4
ドラマツルギー	4
ドラマ化	0
ドラミング	2
ドラム	1
ドラムセット	4
ドラムブレーキ	5
ドラム缶	0
ドリー	1
ドリーネ	2
ドリーム	2
ドリア	1
ドリアン	1
ドリップ	2
ドリフト	2
ドリブル	0
ドリル	1
ドリンク	2
ドル	1
ドルイド教	0
ドルショック	3
ドルチェ	1
ドルフィン	1
ドルフィンキック	5
ドルマンスリーブ	6
ドルメン	1
ドルユーザンス	3
ドル安	0
ドル外交	3
ドル建て	0
ドル高	0
ドル相場	3
ドル地域	3
ドル買い	0
ドル箱	0
ドレープ	2
ドレーン	2
ドレーンコック	5
ドレス	1
ドレスアップ	4
ドレスウオッチ	5
ドレスシャツ	4
ドレスダウン	4
ドレスフォーム	4
ドレスメーカー	4
ドレスメーキング	4
ドレッサー	2
ドレッシー	2
ドレッシング	2
ドレナージ	3
ドレミファ	0
ドレンチャー	2
ドロー	2
ドローイング	2
ドローイングペーパー	7
ドローボール	4
ドローンゲーム	5
ドロップ	2
ドロップアウト	5
ドロップキック	5
ドロップゴール	5
ドロップショット	5
ドロップハンマー	5
ドロマイト	3
ドロンゲーム	4
ドロンワーク	4
ドン	1
ドンキー	1
ドンキホーテ型	0
ドンゴロス	3
ドンタク	1
ドンファン	1
ドンマイ	1
ド忘れ	2
ナーイ	1
ナーサリー	1
ナーシングホーム	6
ナース	1
ナースコール	4
ナースステーション	5
ナースバンク	4
ナーバス	1
ナイーブ	2
ナイアシン	3
ナイジェリア	0
ナイス	1
ナイスミドル	4
ナイター	1
ナイチンゲール	5
ナイティー	1
ナイト	1
ナイトウエア	5
ナイトガウン	4
ナイトキャップ	4
ナイトクラブ	4
ナイトクリーム	5
ナイトゲーム	4
ナイトショー	4
ナイトテーブル	4
ナイトホスピタル	4
ナイトロジェンマスタード	9
ナイフ	1
ナイフリッジ	4
ナイルグリーン	5
ナイル鰐	4
ナイロン	1
ナイン	1
ナウ	1
ナウい	2
ナウマン象	3
ナウル	1
ナゲット	1
ナザレ人	3
ナショナリスト	4
ナショナリズム	4
ナショナリゼーション	5
ナショナリティー	3
ナショナル	1
ナショナルアイデンティティー	7
ナショナルアトラス	5
ナショナルインタレスト	5
ナショナルコンセンサス	7
ナショナルセンター	5
ナショナルチーム	5
ナショナルブランド	6
ナショナルプロジェクト	7
ナショナルミニマム	5
ナショナルリーグ	5
ナスターチウム	5
ナセル	1
ナタデココ	4
ナチ	1
ナチス	1
ナチズム	2
ナチュラリスト	4
ナチュラリズム	4
ナチュラル	1
ナチュラルサイエンス	5
ナチュラルターン	5
ナチュラルチーズ	5
ナチュラルトーン	5
ナチュラルヒストリー	5
ナチュラルフーズ	5
ナチョ	1
ナックル	1
ナックルパート	5
ナックルフォア	5
ナックルボール	5
ナッシング	1
ナッチョ	1
ナッツ	1
ナッツメッグ	4
ナット	1
ナットオイル	4
ナットクラッカー	5
ナップザック	4
ナツメグ	0
ナトリウム	3
ナトリウムアマルガム	7
ナトリウム灯	0
ナノ	1
ナノセカンド	3
ナノテクノロジー	5
ナバホ語	0
ナパーム弾	4
ナビゲーションシステム	7
ナビゲーター	3
ナフサ	1
ナフタリン	0
ナフタレン	0
ナフテン	1
ナフトール	3
ナフトール染料	6
ナプキン	1
ナポリタン	2
ナミビア	0
ナムプラー	1
ナムル	1
ナラタージュ	3
ナラトロジー	3
ナリシングクリーム	7
ナリ活用	3
ナルコチン	3
ナルコレプシー	4
ナルシシスト	4
ナルシシズム	4
ナレーション	2
ナレーター	2
ナローゲージ	4
ナロードニキ	2
ナン	1
ナンセンス	1
ナンド回路	4
ナンバー	1
ナンバーエイト	5
ナンバープレート	6
ナンバーワン	5
ナンバリング	0
ナンプラー	1
ナ行変格活用	1
ナ変	1
ニ	1
ニー	1
ニーサポーター	4
ニーズ	1
ニーソックス	3
ニート	1
ニード	1
ニードル	1
ニードルポイント	5
ニードロップ	3
ニーレングス	3
ニアミス	3
ニオブ	1
ニクソンショック	5
ニクロム	0
ニクロム線	0
ニグリト	3
ニグロ	1
ニコチン	0
ニコチンアミドアデニンジヌクレオチド	0
ニコチン酸	0
ニコチン中毒	5
ニコルプリズム	5
ニジェール	2
ニジェールコルドファン語族	10
ニジェールコンゴ語族	8
ニス	1
ニッカー	1
ニッカーズ	1
ニッカーボッカー	5
ニッカーボッカーズ	5
ニックネーム	4
ニッケル	0
ニッケルカドミウム電池	10
ニッケルクロム鋼	0
ニッケル鋼	0
ニッケル水素電池	8
ニッケル鍍金	5
ニッケル銅	4
ニッチ	1
ニット	1
ニットウエア	5
ニッパー	1
ニッパ椰子	4
ニトリル	1
ニトロ	1
ニトログリセリン	0
ニトロセルロース	6
ニトロソアミン	5
ニトロベンゼン	4
ニトロ化	0
ニトロ化合物	5
ニトロ基	3
ニヒリスティック	5
ニヒリスト	3
ニヒリズム	3
ニヒル	1
ニュー	1
ニューウエーブ	4
ニューギニア	0
ニュークリア	3
ニューサンス	1
ニュージャージー	3
ニュージャーナリズム	6
ニュース	1
ニュースキャスター	4
ニュースショー	4
ニュースソース	4
ニュースタイル	4
ニュースバリュー	4
ニュースペーパー	4
ニュースポーツ	4
ニュース映画	4
ニューセラミックス	5
ニュータウン	3
ニュートラル	1
ニュートリノ	3
ニュートロン	1
ニュートン	1
ニュートン環	0
ニュートン力学	6
ニューハンプシャー	3
ニューファッション	3
ニューファミリー	3
ニューフェース	3
ニューペインティング	4
ニューマチック	4
ニューマチックハンマー	7
ニューミュージック	3
ニューメキシコ	3
ニューメディア	3
ニューライト	3
ニューラルネットワーク	8
ニュールック	3
ニューレフト	3
ニューロコンピューター	6
ニューロパチー	3
ニューロン	1
ニュアンス	1
ニョッキ	1
ニルバーナ原則	6
ニンフ	1
ニンフォマニア	4
ニ調	1
ヌー	1
ヌース	1
ヌーディスト	3
ヌートリア	3
ヌード	1
ヌードショー	4
ヌードマウス	4
ヌードル	1
ヌーベル	1
ヌーベルバーグ	5
ヌーボー	0
ヌーボーロマン	5
ヌガー	1
ヌクレアーゼ	4
ヌクレオシド	4
ヌクレオソーム	5
ヌクレオチド	4
ネーション	1
ネーチャー	1
ネーティビズム	4
ネーティブスピーカー	6
ネービー	1
ネービーブルー	6
ネーブル	1
ネーブルオレンジ	6
ネーミング	0
ネーム	1
ネームバリュー	4
ネームプレート	5
ネール	1
ネールエナメル	4
ネールポリッシュ	4
ネイティブ	1
ネイティブスピーカー	6
ネイル	1
ネオインプレッショニズム	9
ネオクラシシズム	6
ネオコロニアリズム	7
ネオジム	1
ネオダーウィニズム	6
ネオダダ	0
ネオテニー	3
ネオトリゴニア	5
ネオナチ	0
ネオプレン	3
ネオラマルキズム	6
ネオロマンチシズム	7
ネオン	1
ネオンサイン	4
ネオンテトラ	4
ネオンランプ	4
ネオン管	0
ネガ	1
ネガティブ	1
ネガティブキャンペーン	7
ネクサス	1
ネクスト	1
ネクター	1
ネクタイ	1
ネクタイピン	3
ネクタリン	0
ネクトン	1
ネクロフィリア	4
ネクロフォビア	4
ネクロポリス	4
ネグる	2
ネグリジェ	3
ネグリチュード	4
ネグリト	3
ネグレクト	3
ネグロ	1
ネグロイド	3
ネゴシエーション	4
ネゴシエーター	4
ネスト	1
ネストテーブル	4
ネッカチーフ	4
ネッキング	1
ネック	1
ネックポイント	4
ネックライン	4
ネックレス	1
ネッティング	0
ネット	1
ネットイン	4
ネットスコア	5
ネットプライス	5
ネットプレー	5
ネットボール	4
ネットワーキング	4
ネットワーク	4
ネバーマインド	4
ネバダ	1
ネパール語	0
ネビュラ	1
ネフローゼ	3
ネフローゼ症候群	8
ネフロン	1
ネブライザー	3
ネブラスカ	3
ネプチューン	3
ネプツニウム	4
ネプツニウム系列	7
ネポティズム	3
ネマトーダ	3
ネル	1
ネルソン	1
ネロリ油	3
ノー	1
ノーアイロン	3
ノーアウト	3
ノーカーボン紙	5
ノーカウント	3
ノーカット	3
ノーゲーム	3
ノーコメント	3
ノーコントロール	6
ノーゴール	3
ノーサイド	3
ノーサンキュー	3
ノース	1
ノースカロライナ	6
ノースダコタ	4
ノースモーキング	4
ノースリーブ	4
ノーズ	1
ノータイ	0
ノータイム	3
ノータッチ	3
ノータム	1
ノーダウン	3
ノーダン	1
ノート	1
ノートブック	4
ノード	1
ノーネクタイ	3
ノーハウ	1
ノーヒット	3
ノーヒットノーランゲーム	10
ノーフォークジャケット	6
ノーブラ	0
ノーブランド	4
ノーブランド商品	7
ノーブル	1
ノーブレッシング	4
ノープレー	4
ノーベリウム	4
ノーベル賞	4
ノーマーク	3
ノーマリゼーション	5
ノーマル	1
ノーマルヒル	5
ノーメンクラツーラ	7
ノーモア	3
ノーラン	1
ノーワークノーペイ	3
ノアの箱舟	1
ノアの方舟	1
ノイズ	1
ノイズリダクション	5
ノイマン形コンピュータ	9
ノイローゼ	3
ノイロン	1
ノウハウ	1
ノエル	1
ノギス	1
ノクターン	3
ノスカピン	3
ノスタルジー	3
ノスタルジア	4
ノズル	1
ノッカー	1
ノッキング	1
ノック	1
ノックアウト	4
ノックオン	4
ノックダウン	4
ノッチ	1
ノッチドラペル	5
ノッチバック	4
ノット	1
ノッブ	1
ノノ点	2
ノバ	1
ノブ	1
ノベライゼーション	5
ノベル	1
ノベルティー	2
ノベレット	3
ノミナリズム	4
ノミナル	1
ノミナルレート	5
ノミネート	3
ノミ行為	3
ノモグラム	3
ノルアドレナリン	0
ノルウェー語	0
ノルエピネフリン	5
ノルディック	3
ノルディック種目	6
ノルド語	0
ノルマ	1
ノルマル	1
ノルマン人	3
ノン	1
ノンキャリア	3
ノンストップ	4
ノンセクション	3
ノンセクト	3
ノンセンス	1
ノンタイトル	3
ノントロッポ	4
ノンバーバルコミュニケーション	10
ノンバンク	3
ノンフィクション	3
ノンブル	0
ノンプロ	0
ノンポリ	0
ノ米偏	0
ノ木偏	0
ハ	1
ハーケン	1
ハーケンクロイツ	6
ハーディガーディ	4
ハート	0
ハートカム	4
ハート形	0
ハード	1
ハードウェア	4
ハードウエア	5
ハードカバー	4
ハードカレンシー	5
ハードコート	4
ハードコピー	4
ハードコンタクトレンズ	9
ハードスケジュール	6
ハードディスク	4
ハードトップ	4
ハードトレーニング	5
ハードバップ	4
ハードパンチャー	4
ハードボード	4
ハードボイルド	4
ハードリング	0
ハードル	0
ハードル競走	5
ハードロック	4
ハードワーカー	4
ハードワーク	4
ハーネス	1
ハーバー	1
ハーバーボッシュ法	0
ハーバリング	1
ハーフ	1
ハーフウエー	5
ハーフウエーライン	7
ハーフコート	4
ハーフサイズ	4
ハーフサイズカメラ	7
ハーフスイング	5
ハーフタイム	4
ハーフティンバー	4
ハーフトーン	4
ハーフバック	4
ハーフボレー	4
ハーフマラソン	4
ハーフミラー	4
ハーフメード	4
ハーフライン	4
ハーブ	1
ハーブスパイス	5
ハーブティー	4
ハープ	1
ハープシコード	5
ハーベスター	3
ハーモニー	1
ハーモニウム	4
ハーモニカ	0
ハーモニックス	4
ハーラーダービー	5
ハーレム	1
ハイアライ	3
ハイウエー	4
ハイエナ	0
ハイエログリフ	5
ハイオク	0
ハイオクタン	3
ハイオクタンガソリン	7
ハイカー	1
ハイカラ	0
ハイカラー	3
ハイキー	3
ハイキング	1
ハイキングコース	6
ハイク	1
ハイクラス	3
ハイクリヤー	4
ハイグレード	4
ハイジャック	3
ハイジャンプ	3
ハイス	1
ハイスクール	4
ハイスピード	4
ハイスピードスチール	8
ハイセンス	3
ハイソサエティー	4
ハイソックス	3
ハイツ	1
ハイティー	3
ハイティーン	3
ハイテク	0
ハイテクノロジー	5
ハイテック	3
ハイテンションボルト	7
ハイテンポ	3
ハイデッカー	3
ハイデルベルク人	7
ハイドロ	0
ハイドロカルチャー	5
ハイドロキノン	5
ハイドロコーチゾン	7
ハイドロサルファイト	7
ハイドロフォイル	5
ハイドロメーター	5
ハイネック	3
ハイネメディン病	0
ハイハードル	3
ハイパー	1
ハイパーインフレーション	8
ハイパーソニック	6
ハイパーチャージ	5
ハイパーテキスト	5
ハイパーリアリズム	7
ハイパワードマネー	7
ハイパント	3
ハイヒール	3
ハイビジョン	3
ハイビスカス	3
ハイピッチ	3
ハイファイ	0
ハイファッション	3
ハイフン	1
ハイブラウ	4
ハイブリッド	4
ハイブリッドカー	7
ハイブリッドコンピューター	9
ハイブリドーマ	5
ハイブロー	4
ハイペース	3
ハイペロン	3
ハイボール	3
ハイポ	1
ハイポキシア	4
ハイマート	3
ハイマウントストップランプ	11
ハイミス	0
ハイヤー	1
ハイライト	3
ハイライト版	0
ハイライフ	3
ハイラックス	3
ハイランド	3
ハイル	1
ハイレグ	0
ハイレベル	3
ハウサ語	0
ハウジング	1
ハウス	1
ハウスオーガン	4
ハウスキーパー	4
ハウスキーピング	4
ハウスダスト	4
ハウスビル	4
ハウスマヌカン	4
ハウスミュージック	4
ハウスワイフ	4
ハウス栽培	4
ハウツー	3
ハウツー物	0
ハウリング	0
ハウンドトゥースチェック	8
ハガン	1
ハクニー	1
ハザード	2
ハシシュ	1
ハシッシュ	1
ハシディズム	3
ハジ	1
ハスキー	1
ハスキーボイス	5
ハズ	1
ハズバンド	1
ハッカー	1
ハッシッシ	1
ハッシュドビーフ	5
ハッジー	1
ハッスル	1
ハッチ	1
ハッチバック	4
ハット	1
ハットトリック	5
ハッピー	1
ハッピーエンド	5
ハッブル宇宙望遠鏡	0
ハツ	1
ハディース	1
ハトロン紙	3
ハドロン	1
ハニー	1
ハニカム	1
ハニカム構造	5
ハネムーン	3
ハバネラ	0
ハバハバ	1
ハビタット	3
ハビリテーション	4
ハフニウム	3
ハブ	1
ハブ空港	3
ハプテン	1
ハプニング	1
ハミルトニアン	2
ハミング	1
ハム	1
ハムエッグ	3
ハムサラダ	3
ハムサンド	3
ハムスター	1
ハムレット型	0
ハモる	2
ハモニカ	0
ハモンドオルガン	5
ハヤシライス	4
ハラーム	2
ハラショー	2
ハリケーン	3
ハリジャン	1
ハリファ	1
ハルシャ菊	3
ハルマゲドン	4
ハルマッタン	3
ハルモニウム	4
ハレーション	2
ハレー彗星	4
ハレム	1
ハレルヤ	2
ハロ	1
ハロー	1
ハローワーク	4
ハロー効果	4
ハロウィーン	2
ハロカーボン	3
ハロゲン	1
ハロゲンランプ	5
ハロゲン化銀	5
ハロゲン族元素	7
ハロン	1
ハワイアン	2
ハワイアンギター	6
ハワイ雁	2
ハワイ式噴火	0
ハン	1
ハンカチ	3
ハンカチーフ	4
ハンガー	1
ハンガーストライキ	7
ハンガリー語	0
ハングアップ	4
ハンググライダー	5
ハングリー	1
ハングル	1
ハンケチ	3
ハンサム	1
ハンスト	0
ハンセン病	0
ハンター	1
ハンチング	1
ハンティング	1
ハンデ	1
ハンディー	1
ハンディキャップ	4
ハンディキャップレース	7
ハンディクラフト	5
ハント	1
ハンド	1
ハンドアウト	4
ハンドアックス	4
ハンドクリーム	5
ハンドドリル	4
ハンドバッグ	4
ハンドブック	4
ハンドブレーキ	5
ハンドボール	4
ハンドメード	4
ハンドリング	0
ハンドル	0
ハンドログ	4
ハンバーガー	3
ハンバーグ	3
ハンバーグステーキ	7
ハンブル	1
ハンプ	1
ハンマー	1
ハンマービーム	5
ハンマービームトラス	8
ハンマー投げ	0
ハンモック	3
ハン国	1
ハ音記号	4
ハ行	1
ハ調	1
バー	1
バーガー	1
バーク	1
バークシャー	3
バークリウム	4
バーケンチン	3
バーゲン	1
バーゲンセール	5
バーコード	3
バーコードスキャナー	7
バージ	1
バージナル	1
バージニア	3
バージョン	1
バージョンアップ	5
バージン	1
バージンソイル	5
バース	1
バースコントロール	7
バースデー	1
バースデーケーキ	6
バースト	1
バーター	1
バーチャル	1
バーチャルメモリー	5
バーチャルリアリティー	6
バーツ	1
バーテン	0
バーテンダー	3
バーディー	1
バートレット	1
バード	1
バードウオッチング	5
バードサンクチュアリー	4
バーナー	1
バーナリゼーション	5
バーニーズマウンテンドッグ	11
バーニヤ	1
バーバー	1
バーバリー	1
バーバリズム	4
バーベキュー	3
バーベナ	1
バーベル	0
バーボン	1
バーミキュライト	5
バーミセリ	3
バーミリオン	3
バーモント	3
バール	1
バーレーン	3
バーレスク	3
バーレル	1
バーン	1
バーントアンバー	5
バーントシェンナ	5
バイアウト	3
バイアス	0
バイアステープ	5
バイアスロン	4
バイエル	1
バイオ	1
バイオアッセイ	4
バイオインダストリー	6
バイオエシックス	5
バイオエレクトロニクス	9
バイオガス	4
バイオグラフィー	4
バイオスフィア	3
バイオセラミックス	6
バイオセンサー	4
バイオテクノロジー	6
バイオトロン	4
バイオニクス	4
バイオハザード	5
バイオフィードバック	7
バイオプシー	3
バイオマス	1
バイオマテリアル	5
バイオリアクター	5
バイオリズム	4
バイオリニスト	5
バイオリン	0
バイオレーション	4
バイオレット	1
バイオレンス	1
バイオロジー	3
バイオ素子	4
バイカル海豹	6
バイキング	1
バイキング料理	6
バイク	1
バイクパッキング	4
バイコロジー	3
バイザー	1
バイシクル	1
バイシクルトライアル	7
バイシクルモトクロス	8
バイス	1
バイスプレジデント	5
バイセクシュアル	4
バイソン	1
バイタリズム	4
バイタリティー	3
バイタル	1
バイト	0
バイバイ	1
バイパス	0
バイパス手術	5
バイブ	1
バイブル	1
バイブレーション	4
バイブレーター	4
バイプレーヤー	4
バイメタル	3
バイヤー	1
バイヤーズクレジット	7
バイヤス	0
バイヨン	1
バイラス	1
バイラテラリズム	6
バイリンガリズム	6
バイリンガル	3
バインダー	0
バウ	1
バウチャーシステム	5
バウムクーヘン	4
バウンド	0
バオバブ	0
バカロレア	3
バカンス	1
バガボンド	1
バキューム	2
バキュームカー	4
バキュームクリーナー	6
バギー	1
バギナ	1
バクテリア	0
バクテリオファージ	6
バクラム	1
バグ	1
バグパイプ	3
バケーション	2
バケット	2
バケットコンベヤー	7
バケットシート	5
バケツ	0
バゲージ	1
バゲット	2
バザー	1
バザール	2
バジェット	2
バジリカ	2
バジリコ	2
バジル	1
バス	1
バスーン	2
バスガール	3
バスガイド	3
バスクラリネット	6
バスケット	3
バスケットボール	6
バスコントロール	6
バスストップ	4
バスター	1
バスターミナル	3
バスタオル	3
バスタブ	0
バスト	1
バストショット	4
バストパッド	4
バスドラム	3
バスルーム	3
バスレーン	3
バスローブ	3
バス停	0
バズーカ	2
バズーカ砲	0
バズセッション	3
バセットハウンド	5
バセドー病	0
バセンジー	2
バソプレッシン	4
バソリス	0
バター	1
バターナイフ	4
バターボール	4
バターミルク	4
バターロール	4
バタバタ	1
バタフライ	1
バタリー	1
バタリー飼育	5
バタ臭い	4
バチェラー	1
バチカン	0
バチスカーフ	4
バチスト	2
バチルス	1
バッカス	1
バッカル	1
バック	1
バックアタック	5
バックアップ	4
バックアップシステム	7
バックアップライト	7
バックウオーター	5
バックオーダー	4
バックギャモン	4
バックグラウンド	5
バックグラウンドミュージック	9
バックシャン	4
バックス	1
バックスイング	5
バックスキン	5
バックスクリーン	6
バックストレート	6
バックストレッチ	6
バックストローク	6
バックスピン	5
バックソー	4
バックチャージ	4
バックトス	4
バックドロップ	4
バックナンバー	4
バックネット	4
バックハンド	4
バックパッキング	4
バックファイア	4
バックプレッシャー	5
バックペイ	4
バックホー	4
バックボーン	4
バックマージン	4
バックミュージック	4
バックミラー	4
バックヤード	4
バックライト	4
バックラム	1
バックル	0
バックレス	1
バックロー	4
バッグ	1
バッシング	0
バッジ	1
バッジテスト	4
バッター	1
バッターボックス	5
バッチ	1
バッチャープラント	6
バッチ処理	4
バッテーラ	3
バッティング	0
バッティングアベレージ	6
バッティングオーダー	6
バッティングケージ	6
バッティングセンター	6
バッテラ	0
バッテリー	0
バット	1
バットジョイント	4
バットレス	1
バットレスダム	6
バッファー	1
バッファロー	1
バッフィー	1
バップ	1
バテレン	0
バディシステム	3
バトラー	1
バトル	1
バトルロイヤル	4
バトン	0
バトンガール	4
バトンタッチ	4
バトントワラー	5
バトンパス	4
バドミントン	3
バナキュラー	2
バナジウム	3
バナジウム鋼	0
バナジン	1
バナナ	1
バニーガール	4
バニシングクリーム	7
バニティー	1
バニティーケース	5
バニヤン	1
バニラ	1
バニラエッセンス	4
バニリン	1
バヌアツ	0
バハマ	1
ババロア	0
バビットメタル	5
バビルサ	2
バビンスキー反射	7
バブル	1
バブル景気	4
バプテスト	3
バプテスマ	3
バベルの塔	1
バラード	2
バラエティー	2
バラエティーショー	6
バラクーダ	3
バラス	1
バラスト	2
バラック	2
バラッド	2
バラフォン	1
バラモン教	0
バラライカ	3
バランス	0
バランスオブパワー	7
バランスシート	5
バリ	0
バリア	1
バリアフリー	5
バリアント	3
バリウム	2
バリエーション	3
バリエーションルート	7
バリオン	1
バリカン	0
バリケード	3
バリコン	0
バリスター	2
バリトン	0
バリヤー	1
バリュー	1
バリューアナリシス	5
バリン	1
バルーン	2
バルーンカテーテル	6
バルカロール	4
バルカンファイバー	5
バルカン砲	0
バルキー	1
バルク	1
バルクカーゴ	4
バルクワイン	4
バルコニー	3
バルコン	1
バルサ	1
バルサム	1
バルジ	1
バルトリン腺	0
バルト語派	4
バルネラビリティー	5
バルバドス	3
バルビタール	4
バルビツール酸	0
バルブ	0
バレー	1
バレーボール	4
バレエ	1
バレエスキー	5
バレッタ	2
バレリーナ	3
バレル	1
バレンタインデー	5
バロック	2
バロック音楽	5
バロメーター	3
バロン	1
バン	1
バンアレン帯	0
バンカー	1
バンガロー	3
バンキング	1
バンク	1
バンクロフト糸状虫	8
バング	1
バングラデシュ	5
バングル	1
バンケット	3
バンジージャンプ	5
バンジョー	1
バンズ	1
バンタム	1
バンタム級	0
バンダナ	0
バンダリズム	4
バンチ症候群	6
バンツー諸語	5
バンテン	1
バンデージ	3
バンディクート	4
バンディング	0
バント	1
バントエンドラン	7
バンド	0
バンドスペクトル	5
バンドネオン	4
バンドマスター	4
バンドマン	3
バンドリング	0
バンドル	0
バンパー	1
バンパイア	3
バンプ	1
バ行	1
パ	1
パー	1
パーカ	1
パーカッション	3
パーカライジング	4
パーキング	1
パーキングエリア	6
パーキングメーター	6
パーキンソン病	0
パーク	1
パーコレーター	4
パーゴラ	0
パーサー	1
パージ	1
パース	1
パースペクティブ	4
パーセク	1
パーセプション	3
パーセンテージ	5
パーセント	3
パーソナリティー	4
パーソナル	1
パーソナルコール	6
パーソナルコミュニケーション	9
パーソナルコンピューター	8
パーソナルスペース	7
パーソナルチェック	6
パーソナルファウル	6
パーチメント	1
パーツ	1
パーティー	1
パーティクルボード	6
パーティシペーション	5
パーティション	1
パーテル	1
パート	1
パートタイマー	4
パートタイム	4
パートナー	1
パートナーシップ	6
パードレ	1
パーフェクト	3
パーフェクトゲーム	6
パーフォレーション	4
パープル	1
パーマ	1
パーマネント	4
パーマネントウエーブ	8
パーマネントプリーツ	8
パーマロイ	1
パーミル	1
パームトップコンピューター	9
パームボール	4
パーム油	3
パーラー	1
パーライト	3
パーリ語	0
パール	1
パールグレー	5
パーレン	1
パイ	1
パイオニア	0
パイオン	1
パイカ	1
パイグラフ	3
パイソン	1
パイナップル	3
パイナップルフラワー	8
パイピング	0
パイプ	0
パイプオルガン	4
パイプカット	4
パイプスチル	5
パイプライン	4
パイプライン処理	7
パイプレンチ	4
パイプ役	0
パイル	1
パイルドライバー	5
パイル織	0
パイレートエディション	7
パイレックス	3
パイロセラム	4
パイロット	3
パイロットショップ	6
パイロットファーム	6
パイロットプラント	7
パイロットボート	6
パイロットランプ	6
パイロメーター	4
パイロン	1
パイン	1
パインジュース	4
パイント	1
パウダー	1
パウダースノー	6
パウンド	1
パウンドケーキ	5
パエーリャ	2
パエリア	2
パエリヤ	2
パクスアメリカーナ	7
パグ	1
パケット	2
パケット交換	5
パケット交換網	7
パゴダ	1
パシフィックリーグ	6
パシャ	1
パシュトー語	0
パジャマ	1
パス	1
パスカル	1
パスタ	1
パスタ剤	3
パステル	1
パステルカラー	5
パステル画	0
パストラル	1
パスボール	3
パスポート	3
パスレシーバー	4
パスワード	3
パズル	1
パセティック	3
パセリ	1
パソコン	0
パソコン通信	5
パソドブレ	3
パター	1
パターナリズム	5
パターン	2
パターン認識	5
パタン	2
パタンと	2
パタンナー	2
パチスロ	0
パチパチ	1
パチョリ	1
パッキン	1
パッキング	0
パッキングケース	6
パッキングペーパー	6
パック	1
パックスアメリカーナ	8
パック旅行	4
パッケージ	1
パッケージソフト	6
パッケージツアー	6
パッサカリア	4
パッサメーター	4
パッシブ	1
パッシブスモーキング	6
パッシブホーミング	5
パッシメーター	4
パッショネート	4
パッション	1
パッションフルーツ	6
パッシング	0
パッシングザセンターライン	0
パッシングショット	6
パッセージ	1
パッセンジャー	3
パッチ	0
パッチテスト	4
パッチポケット	5
パッチワーク	4
パット	1
パッド	1
パップ	1
パップ剤	3
パテ	1
パティオ	1
パティス	1
パテント	0
パトカー	3
パトグラフィー	3
パトス	1
パトリアルク	4
パトリキ	2
パトローネ	3
パトロール	3
パトロールカー	5
パトロールマン	5
パトロン	0
パドック	1
パドリング	0
パドル	1
パナマ帽	3
パニック	1
パニックディスオーダー	7
パニック障害	5
パネトーネ	3
パネラー	1
パネリスト	3
パネル	1
パネルテクニック	4
パネルディスカッション	6
パネルヒーター	4
パネルヒーティング	4
パノプティコン	3
パノラマ	0
パノラマ撮影	5
パノラマ台	0
パバーヌ	2
パパ	1
パパイア	2
パパイヤ	2
パパイン	2
パパベリン	0
パパラッチ	3
パビリオン	2
パピヨン	1
パピルス	1
パフ	1
パフェ	1
パフォーマンス	2
パフスリーブ	4
パフューム	2
パブ	1
パブリシティー	3
パブリック	3
パブリックオピニオン	7
パブリックコース	6
パブリックコーポレーション	9
パブリックスクール	7
パブリックスペース	7
パブリックドメインソフトウエア	0
パブリックハウス	6
パブリックリレーションズ	7
パプアニューギニア	1
パプリカ	2
パペット	2
パラオ	1
パラグライダー	4
パラグラフ	1
パラコート	3
パラゴム	0
パラゴムの木	6
パラサイコロジー	6
パラシュート	3
パラジウム	3
パラジクロロベンゼン	7
パラソル	1
パラダイス	1
パラダイム	3
パラダイムシフト	6
パラチオン	3
パラチノース	4
パラチフス	3
パラチフス菌	0
パラトルモン	3
パラドキシカル	4
パラドックス	3
パラノ	1
パラノイア	3
パラフィン	1
パラフィン紙	3
パラフレーズ	4
パラプレーン	4
パラペット	3
パラボラ	0
パラボラアンテナ	5
パラメーター	3
パラメディカルスタッフ	8
パラメトロン	3
パララックス	3
パラリンピック	5
パラレル	1
パラレルスラローム	7
パラレルターン	5
パラレルローン	5
パラレルワールド	5
パリーグ	2
パリジェンヌ	3
パリジャン	2
パリティー	1
パリティーチェック	5
パリパリ	1
パルサー	1
パルス	1
パルス変調	4
パルタイ	0
パルチザン	3
パルティータ	3
パルテノン	3
パルナシアン	3
パルフェ	1
パルプ	1
パルプマガジン	4
パルミチン酸	0
パルメザン	3
パルメット	3
パルランド	3
パレート最適	2
パレード	2
パレオ	1
パレオグラフィー	4
パレス	1
パレスチナ	2
パレット	2
パレットナイフ	5
パロール	2
パロチン	1
パロディー	1
パワー	1
パワーアップ	4
パワーアンプ	4
パワーウインドー	5
パワーエリート	5
パワーゲーム	4
パワーショベル	4
パワーステアリング	5
パワーポリティックス	6
パワーランチ	4
パワーリフティング	4
パワステ	0
パワフル	1
パン	1
パンの木	1
パンアメリカニズム	7
パンク	0
パンクチュアル	1
パンクチュエーション	5
パンクレアチン	5
パンクロ	0
パンクロマチックフィルム	9
パンケーキ	3
パンサー	1
パンジー	1
パンジャブ語	0
パンスト	0
パンタグラフ	4
パンタロン	1
パンダ	1
パンチ	1
パンチカード	4
パンチドランカー	5
パンチパーマ	4
パンチャー	1
パンチング	0
パンツ	1
パンティー	1
パンティーストッキング	6
パンテオン	3
パント	1
パントグラフ	4
パントテン酸	0
パントマイム	4
パントリー	1
パンナコッタ	4
パンパイプ	3
パンパス	1
パンパスグラス	5
パンパン	3
パンピング	0
パンフ	1
パンフォーカス	3
パンフレット	4
パンプキン	1
パンプス	1
パンヤ	0
パンヤの木	5
パン屋	1
パン屑	3
パン種	3
パン食	0
パン粉	3
パ行	1
ヒース	1
ヒーター	1
ヒート	1
ヒートアイランド	4
ヒートポンプ	4
ヒーメン	1
ヒーラー	1
ヒーラ細胞	4
ヒーリング	0
ヒーリングミュージック	6
ヒール	1
ヒールアウト	4
ヒーロー	1
ヒアリング	1
ヒアルロニダーゼ	6
ヒアルロン酸	0
ヒエラティック	4
ヒエラルキー	3
ヒエラルヒー	3
ヒエログリフ	4
ヒス	1
ヒスタミン	0
ヒスチジン	0
ヒステリー	3
ヒステリシス	4
ヒステリック	4
ヒストグラム	4
ヒストリー	1
ヒストン	1
ヒスノイズ	3
ヒスパニック	4
ヒッコリー	1
ヒッシング	1
ヒッタイト語	0
ヒッチハイク	4
ヒッティング	0
ヒット	1
ヒットエンドラン	7
ヒットソング	4
ヒットチャート	4
ヒットパレード	5
ヒットマン	1
ヒッピー	1
ヒップ	1
ヒップホップ	4
ヒドラ	1
ヒドラジド	3
ヒドラジン	3
ヒドロキシル基	6
ヒドロキシ酸	0
ヒドロキノン	4
ヒドロコルチゾン	6
ヒドロニウムイオン	7
ヒドロポリプ	4
ヒドロ虫類	4
ヒビスカス	2
ヒプノシス	3
ヒポクリット	4
ヒポコンデリー	5
ヒマラヤン	2
ヒマラヤ杉	4
ヒマラヤ雪の下	7
ヒム	1
ヒヤシンス	3
ヒヤリング	1
ヒューズ	1
ヒューマニスティック	6
ヒューマニスト	4
ヒューマニズム	4
ヒューマニティー	3
ヒューマノイド	4
ヒューマン	1
ヒューマンウエーブ	6
ヒューマンドキュメント	5
ヒューマンリソース	6
ヒューマンリレーションズ	6
ヒューム管	0
ヒューモア	1
ヒューリスティックス	5
ヒュッテ	1
ヒュリスティックス	4
ヒュレー	1
ヒヨス	1
ヒラコテリウム	5
ヒル	1
ヒルクライム	4
ヒルジン	1
ヒルビリー	3
ヒルベルト空間	6
ヒレ	0
ヒロイズム	3
ヒロイック	3
ヒロイン	2
ヒロポン	1
ヒンジ	1
ヒンズー	1
ヒンズー教	0
ヒンターランド	5
ヒンディー語	0
ヒント	1
ヒンドゥー	1
ヒンドゥー教	0
ヒンドゥスターニー語	0
ヒ素	1
ビー	1
ビーエス	3
ビーカー	1
ビーグル	1
ビーコン	1
ビーズ	1
ビーター	1
ビーチ	1
ビーチウエア	5
ビーチサンダル	4
ビーチハウス	4
ビーチバレー	4
ビーチパラソル	4
ビーチボール	4
ビート	1
ビート族	3
ビート板	0
ビードロ	0
ビーナス	1
ビーバー	1
ビーバップ	3
ビーフ	1
ビーフカツレツ	4
ビーフシチュー	4
ビーフジャーキー	4
ビーフステーキ	5
ビーフストロガノフ	7
ビーム	1
ビームアンテナ	4
ビームライフル	4
ビール	1
ビールス	1
ビール瓶	3
ビーンズ	1
ビーンボール	4
ビー玉	0
ビア	1
ビアガーデン	3
ビアデッドコリー	6
ビアホール	3
ビエラ	2
ビエンナーレ	4
ビオール	2
ビオス	1
ビオチン	2
ビオラ	0
ビオラダガンバ	5
ビオラダモーレ	5
ビオロン	0
ビオロンチェロ	5
ビキニ	1
ビキューナ	2
ビギナー	1
ビギナーズラック	6
ビクティム	1
ビクトリー	1
ビクトリーラン	6
ビザ	1
ビザンチン式	0
ビザンチン様式	6
ビショップ	2
ビジター	1
ビジターフィー	5
ビジティングチーム	6
ビジネス	1
ビジネスガール	5
ビジネスクラス	5
ビジネススクール	6
ビジネスセンター	5
ビジネスホテル	5
ビジネスマン	4
ビジネスライク	5
ビジネスランチ	5
ビジュアル	1
ビジュアルデザイン	6
ビジョン	1
ビス	1
ビスク	1
ビスクドール	4
ビスケット	3
ビスコース	3
ビスコースレーヨン	6
ビスタ	1
ビストロ	0
ビスマス	1
ビターズ	1
ビタミン	2
ビタミンＡ	5
ビタミンＢ複合体	5
ビタミンＣ	5
ビタミンＤ	5
ビタミンＥ	5
ビタミンＨ	5
ビタミンＫ	5
ビタミンＬ	5
ビタミンＭ	5
ビタミンＰ	5
ビタミン過剰症	0
ビタミン欠乏症	0
ビチューメン	2
ビッグ	1
ビッグイベント	4
ビッグカード	4
ビッグゲーム	4
ビッグサイエンス	4
ビッグニュース	4
ビッグバン	4
ビッグバンド	4
ビッグビジネス	4
ビッグベン	4
ビッグホーン	4
ビット	0
ビップ	1
ビデ	1
ビデオ	1
ビデオＣＤ	6
ビデオアート	4
ビデオオンディマンド	7
ビデオカセット	5
ビデオカメラ	4
ビデオクリップ	5
ビデオゲーム	4
ビデオシーディー	6
ビデオジャーナリスト	7
ビデオテープ	4
ビデオテープレコーダー	8
ビデオテックス	4
ビデオディスク	4
ビデオデッキ	4
ビデオプロジェクター	6
ビニール	2
ビニールハウス	5
ビニル	1
ビニル基	3
ビニル樹脂	4
ビニロン	1
ビネガー	1
ビネグレットソース	7
ビハインド	2
ビバ	1
ビバーク	2
ビバップ	2
ビヒクル	1
ビビッド	1
ビビンバ	2
ビフィズス菌	0
ビフェニル	1
ビフテキ	0
ビブラート	3
ビブラフォーン	3
ビブラフォン	3
ビブラホン	3
ビブリオ	2
ビブリオグラフィー	5
ビブリオマニア	5
ビヘイビア	2
ビヘイビアリズム	6
ビヤ	1
ビヤガーデン	3
ビヤホール	3
ビヤ樽	0
ビューアー	1
ビューグル	1
ビューゲル	1
ビューティー	1
ビューティーコンテスト	5
ビューティーサロン	5
ビューティースポット	6
ビューティーパーラー	5
ビューティフル	1
ビューフォート風力階級	10
ビューロー	1
ビューロクラシー	4
ビュッフェ	1
ビュレット	2
ビラ	1
ビリオネア	3
ビリオン	1
ビリジアン	2
ビリヤード	3
ビリルビン	0
ビル	1
ビルジ	1
ビルジキール	4
ビルダーリング	3
ビルディング	1
ビルディングオートメーション	9
ビルトイン	4
ビルトインスタビライザー	9
ビルトゥオーソ	4
ビルドゥングスロマン	7
ビルブローカー	4
ビルボード	3
ビルマ	1
ビルマ語	0
ビル風	2
ビレー	1
ビレット	2
ビロード	0
ビンゴ	1
ビンテージ	3
ビンテージイヤー	6
ビンディング	1
ピーアール	3
ピーエッチ	3
ピーエルワン	5
ピーク	1
ピークドラペル	5
ピークロードプライシング	8
ピーコート	3
ピーコック	3
ピーコックグリーン	7
ピーコックブルー	7
ピース	1
ピーターパンシンドローム	10
ピーチ	1
ピート	1
ピートモス	3
ピーナッツ	1
ピーナツ	1
ピーナツバター	5
ピービーエックス	5
ピーピーエム	5
ピーピングトム	6
ピープル	1
ピーマン	1
ピール	1
ピー波	1
ピア	1
ピアス	1
ピアストル	2
ピアニカ	2
ピアニスト	3
ピアニッシモ	3
ピアノ	0
ピアノトリオ	4
ピアノフォルテ	4
ピアノ線	0
ピエゾ電気	4
ピエタ	1
ピエロ	1
ピオニール	3
ピオネール	3
ピカタ	2
ピカドール	3
ピカドン	1
ピカレスク	3
ピギーバック	4
ピクセル	1
ピクチャー	1
ピクチャーウインドウ	6
ピクチャーレール	5
ピクチャレスク	4
ピクトグラフ	4
ピクトグラム	4
ピクニック	1
ピクリン酸	0
ピクル	1
ピクルス	1
ピグミー	1
ピグミーチンパンジー	7
ピケ	2
ピケッティング	2
ピケット	2
ピケットライン	5
ピコ	1
ピコット	2
ピコファラド	3
ピザ	1
ピザパイ	3
ピジャマ	1
ピジン	1
ピスタチオ	3
ピストル	0
ピストン	1
ピストンエンジン	5
ピストンピン	5
ピストンポンプ	5
ピストンリング	5
ピストン棒	3
ピストン輸送	5
ピタゴラス音律	6
ピチカート	3
ピック	1
ピックアップ	4
ピックオフプレー	7
ピックルス	1
ピッケル	1
ピッコロ	1
ピッチ	1
ピッチアウト	4
ピッチカート	4
ピッチゲージ	4
ピッチブレンド	5
ピッチャー	1
ピッチング	0
ピッチングマシン	7
ピッツァ	1
ピット	1
ピットイン	4
ピットクルー	5
ピテカントロプスエレクトゥス	10
ピトン	1
ピナクル	1
ピニオン	1
ピネン	1
ピペット	2
ピボット	2
ピメント	2
ピューマ	1
ピューリタン	1
ピューレ	1
ピューレックス法	0
ピュア	1
ピュレ	1
ピヨピヨ	1
ピラスター	2
ピラゾロン	3
ピラニア	0
ピラフ	1
ピラミッド	3
ピラミッドセリング	6
ピラミッド型	0
ピラミッド形	0
ピラルク	2
ピリオド	1
ピリジン	1
ピリドキシン	3
ピリミジン	3
ピリング	2
ピリン系	0
ピル	1
ピルビン酸	0
ピレトリン	0
ピレノイド	3
ピレン	1
ピロー	2
ピローケース	4
ピロートーク	4
ピロカルピン	3
ピロガロール	4
ピロシキ	2
ピロティ	1
ピロン	1
ピン	1
ピンぼけ	0
ピンアップ	3
ピンカール	3
ピンキング鋏	6
ピンク	1
ピンクッション	3
ピンクノイズ	4
ピンセット	3
ピンタック	3
ピンチ	1
ピンチコック	4
ピンチヒッター	4
ピンチランナー	4
ピント	0
ピントグラス	4
ピンナップ	3
ピンホール	3
ピンホールカメラ	6
ピンホールカラー	6
ピンポイント	3
ピンポン	1
ピン音	0
ピン撥ね	0
フーガ	1
フーズ	1
フーズフー	4
フーゼル油	4
フート	1
フートポンド	4
フード	1
フードプロセッサー	6
フープ	1
フーリエ級数	5
フーリエ変換	5
フーリガン	1
フール	1
フールスキャップ	5
フールプルーフ	5
ファ	1
ファー	1
ファーザー	1
ファージ	1
ファース	1
ファースト	0
ファーストインプレッション	8
ファーストカラー	5
ファーストクラス	5
ファーストネーム	5
ファーストバック	5
ファーストフード	5
ファーストラブ	5
ファーストラン	5
ファーストレディー	5
ファーニチャー	1
ファーマシー	1
ファーム	1
ファームウェア	4
ファームウエア	5
ファームチーム	4
ファームバンキング	4
ファイア	1
ファイアストーム	5
ファイアプレース	5
ファイアマン	1
ファイター	1
ファイティングスピリット	7
ファイト	1
ファイトマネー	4
ファイナル	1
ファイナンシャルプランニング	8
ファイナンス	1
ファイバー	1
ファイバーコンクリート	8
ファイバースコープ	6
ファイバーツーザホーム	8
ファイバーボード	5
ファイブ	1
ファイリング	0
ファイル	1
ファイルサーバー	4
ファイルシステム	4
ファイン	1
ファインアート	4
ファインケミカル	4
ファインセラミックス	6
ファインダー	0
ファインチューニング	4
ファインプレー	5
ファインポリマー	4
ファウナ	1
ファウル	1
ファウルスロー	5
ファウルチップ	4
ファウルボール	4
ファウルライン	4
ファウンデーション	4
ファクシミリ	3
ファクター	1
ファクタリング	0
ファクト	1
ファクトデータベース	7
ファクトリー	1
ファクトリーオートメーション	9
ファクトリアル	3
ファゴット	1
ファサード	2
ファシスト	2
ファシズム	2
ファシリティ	2
ファシリティマネジメント	6
ファジー	1
ファジー理論	4
ファストフード	4
ファスナー	1
ファズ	1
ファセット	1
ファック	1
ファックス	1
ファックスモデム	5
ファッショ	1
ファッショナブル	1
ファッション	1
ファッションショー	5
ファッションモデル	5
ファド	1
ファナティシズム	4
ファナティック	3
ファニーフェース	4
ファブリック	1
ファブレス	1
ファミコン	0
ファミリー	1
ファミリーサイズ	5
ファミリーネーム	5
ファミリーブランド	6
ファミリーレストラン	5
ファミリア	2
ファラオ	1
ファラッド	1
ファラド	1
ファランドール	4
ファリシズム	3
ファルス	1
ファルセット	1
ファン	1
ファンキー	1
ファンク	1
ファンクショナリズム	6
ファンクション	1
ファンクションキー	6
ファンコイルユニット	6
ファンシー	1
ファンシーグッズ	5
ファンシーボール	5
ファンジェット	3
ファンタジー	1
ファンタジア	3
ファンタジック	4
ファンタスティック	5
ファンダメンタル	4
ファンダメンタルズ	4
ファンダンゴ	3
ファンデーション	3
ファンデルワールス力	8
ファントラ	0
ファンド	1
ファンドトラスト	5
ファンドマネージャー	5
ファンヒーター	3
ファンファーレ	3
ファンブル	1
ファンレター	3
フィージビリティー	4
フィージビリティースタディ	9
フィーダー	1
フィーチャー	1
フィート	1
フィードバック	4
フィードバック制御	7
フィードロット	4
フィーバー	1
フィービジネス	3
フィーリング	0
フィールディング	0
フィールド	0
フィールドアーチェリー	5
フィールドアスレチック	8
フィールドグラス	5
フィールドスタディー	6
フィールドノート	5
フィールドホッケー	5
フィールドワーク	5
フィールド競技	5
フィアンセ	2
フィギュア	1
フィギュアスケート	5
フィクサー	1
フィクション	1
フィコエリトリン	5
フィコシアニン	4
フィジー	1
フィジオロジー	4
フィジカル	1
フィジックス	1
フィスカル	1
フィスカルイヤー	5
フィスカルドラッグ	6
フィスカルポリシー	5
フィズ	1
フィックス	1
フィッシャーマン	3
フィッシャーマンズセーター	8
フィッシュ	1
フィッシュミール	4
フィッシング	1
フィッシングキャット	6
フィッシングジャケット	6
フィッティングルーム	6
フィット	1
フィットネス	1
フィットネスクラブ	6
フィトクロム	3
フィトンチッド	4
フィドル	1
フィナーレ	2
フィニッシュ	1
フィフティーフィフティー	5
フィフティーン	3
フィブリノーゲン	4
フィブリン	1
フィブロイン	3
フィヨルド	2
フィラメント	1
フィラリア	0
フィラリア症	0
フィラリア病	0
フィランソロピー	4
フィリップス曲線	6
フィリバスター	3
フィリピノ語	0
フィリング	0
フィルター	0
フィルタープレス	5
フィルダーズチョイス	6
フィルハーモニー	3
フィルム	1
フィルムスピード	5
フィルムバッジ	4
フィルムライブラリー	4
フィレ	0
フィロソファー	2
フィロソフィー	2
フィロソマ	2
フィロデンドロン	5
フィロロジー	3
フィン	1
フィンウゴル語派	6
フィンガー	1
フィンガージョイント	5
フィンガーペインティング	6
フィンガーボード	5
フィンガーボール	5
フィンランド語	0
フェーク	1
フェークファー	4
フェーザー	1
フェーシャル	1
フェース	1
フェースオフ	4
フェースバリュー	4
フェーズ	1
フェータリスト	4
フェータル	1
フェーディング	0
フェードアウト	4
フェードイン	4
フェードボール	4
フェーブル	1
フェーリング液	5
フェールセーフ	4
フェーン	1
フェーン現象	4
フェア	1
フェアー	1
フェアウエー	4
フェアキャッチ	3
フェアプレー	4
フェアボール	3
フェアリー	1
フェアリーテール	5
フェイク	1
フェイジョア	1
フェイルセーフ	4
フェイント	0
フェザー	1
フェザープレーン	5
フェザー級	0
フェスタ	1
フェスティバル	1
フェップ	1
フェティシズム	3
フェティッシュ	1
フェデラルファンド	5
フェデレーション	3
フェトチーネ	3
フェナセチン	0
フェナントレン	4
フェニキア文字	5
フェニックス	2
フェニルアラニン	5
フェニルケトン尿症	7
フェニル基	3
フェネル	1
フェノール	2
フェノールフタレイン	7
フェノール樹脂	5
フェノバルビタール	6
フェノメノン	3
フェミニスト	3
フェミニズム	3
フェミニティーテスト	5
フェミニン	1
フェムト	1
フェライト	2
フェラチオ	0
フェリー	1
フェリーボート	4
フェリシアン化カリウム	8
フェルト	0
フェルトペン	0
フェルマータ	3
フェルマ予想	4
フェルミウム	3
フェルミオン	3
フェルミ粒子	4
フェレット	2
フェローシップ	4
フェロアロイ	3
フェロシアン化カリウム	8
フェロセン	2
フェロタイプ	3
フェロモン	1
フェンシング	1
フェンス	1
フェンダー	0
フェンネル	1
フォー	1
フォーウエーフラッシャー	7
フォーカス	1
フォーカルプレーンシャッター	9
フォーク	1
フォークギター	4
フォークソング	4
フォークダンス	4
フォークボール	4
フォークリフト	4
フォークロア	4
フォークロック	4
フォーサイクルエンジン	7
フォース	1
フォースアウト	4
フォートラン	1
フォーナイン	3
フォービート	3
フォービスム	3
フォーブ	1
フォーマット	1
フォーマリズム	4
フォーマル	1
フォーマルウエア	6
フォーミュラ	1
フォーミュラカー	5
フォーミュラプラン	5
フォーム	1
フォームラバー	4
フォーメーション	3
フォーラム	1
フォーラムディスカッション	7
フォール	1
フォールアウト	4
フォールト	1
フォールトトレランス	5
フォーン	1
フォア	1
フォアインハンド	5
フォアグラ	0
フォアハンド	3
フォアボール	3
フォアマン	1
フォアレターワード	6
フォイル	1
フォグランプ	3
フォゲットミーノット	7
フォスゲン	1
フォスファターゼ	4
フォスフォリラーゼ	5
フォックス	1
フォックステリア	5
フォックストロット	6
フォックスハウンド	5
フォックスフェイス	5
フォッグライト	4
フォッグランプ	4
フォト	1
フォトクロミック	5
フォトグラフ	3
フォトグラフィ	3
フォトジェニー	3
フォトジャーナリスト	6
フォトジャーナリズム	6
フォトスタジオ	4
フォトセル	3
フォトダイオード	5
フォトトランジスタ	6
フォトファブリケーション	6
フォトモンタージュ	5
フォトレジスト	4
フォトン	1
フォトンファクトリー	4
フォニーム	1
フォネーム	1
フォネティックス	3
フォノグラフ	3
フォノロジー	2
フォノン	1
フォブポケット	4
フォリオ	1
フォルクローレ	4
フォルダー	1
フォルテ	1
フォルティッシモ	3
フォルト	1
フォルマリズム	4
フォルマリン	0
フォルマント	3
フォルム	1
フォルムアルデヒド	6
フォロー	1
フォローアップ	4
フォロースルー	5
フォワード	0
フォン	1
フォンダン	1
フォンデュ	1
フォント	1
フガート	2
フコキサンチン	4
フタル酸	0
フッカー	1
フッキング	0
フック	1
フッター	1
フット	1
フットサル	4
フットノート	4
フットフォールト	4
フットブレーキ	5
フットボール	4
フットライト	4
フットワーク	4
フッ素	1
フューエル	1
フューエルゲージ	5
フュージョン	1
フューズ	1
フューダリズム	4
フューチャー	1
フューネラルマーチ	6
フューラー	1
フュエル	1
フラー	1
フライ	0
フライイングバットレス	7
フライキャスチング	4
フライギャラリー	4
フライス	0
フライス盤	0
フライズ	2
フライデー	2
フライト	0
フライトレコーダー	6
フライパン	0
フライフィッシング	4
フライホイール	5
フライング	0
フライングスタート	7
フライングタックル	6
フライングディスク	6
フライ級	0
フラウ	2
フラウンホーファー線	0
フラクション	2
フラクション活動	6
フラクタル	2
フラグメント	2
フラジオマイシン	5
フラジョレット	4
フラスコ	0
フラストレーション	5
フラダンス	3
フラッグ	2
フラッグキャリア	5
フラッシャー	2
フラッシュ	2
フラッシュオーバー	5
フラッシュガン	5
フラッシュニュース	5
フラッシュバック	5
フラッシュバルブ	5
フラッシュメモリー	5
フラッター	2
フラット	2
フラットカラー	5
フラットシューズ	5
フラッパー	2
フラップ	2
フラッペ	2
フラノ	1
フラビン	2
フラフープ	3
フラボノイド	4
フラマン語	0
フラミンゴ	3
フラメンコ	3
フラメンコギター	6
フラワー	2
フラワーアレンジメント	6
フラワーデザイン	6
フラン	1
フランカー	2
フランク	2
フランクフルトソーセージ	8
フランクフルト学派	8
フラングレ	2
フランシウム	4
フランジ	2
フランジ継ぎ手	5
フランジ継手	5
フランスパン	0
フランス革命	5
フランス菊	4
フランス語	0
フランス刺繍	5
フランス人	4
フランス窓	5
フランス料理	5
フランチャイズ	4
フランチャイズチェーン	7
フランドル楽派	6
フランドル派	0
フランネル	2
フランベ	2
フランボワーズ	5
フリー	2
フリーアクセスフロア	9
フリーウェア	4
フリーウエー	5
フリーエージェント	4
フリーキック	4
フリーク	2
フリークライミング	5
フリーサイズ	4
フリーザー	2
フリージア	2
フリージャズ	4
フリージング	2
フリースクール	5
フリースケーティング	5
フリースタイル	5
フリースタイルスキー	9
フリースロー	5
フリーズ	2
フリーズドライ	6
フリーソフトウエア	8
フリーター	2
フリータイム	4
フリーダイビング	4
フリーダイヤル	4
フリーダム	2
フリートーキング	4
フリーハンド	4
フリーバッティング	4
フリーパス	4
フリーピストル	4
フリーフォール	4
フリーブッキング	4
フリーポート	4
フリーマーケット	4
フリーメーソン	4
フリーライダー	4
フリーライフル	4
フリーランサー	4
フリーランス	4
フリカッセ	3
フリクション	2
フリクテン	2
フリゲート	3
フリジア語	0
フリスビー	2
フリッカーテスト	6
フリッター	2
フリッパー	2
フリップ	2
フリップフロップ	6
フリュート	2
フリル	1
フリンジ	2
フリンジベネフィット	5
フリント	2
フル	1
フルーツ	2
フルーツカクテル	5
フルーツケーキ	5
フルーツサラダ	5
フルーツパーラー	5
フルーツポンチ	5
フルーティー	2
フルート	2
フルーレ	2
フルオロカーボン	5
フルカウント	3
フルカラープリンター	7
フルクトース	4
フルコース	3
フルコスト原則	6
フルショット	3
フルスイング	4
フルスカート	4
フルストップ	4
フルスピード	4
フルセット	3
フルタイム	3
フルネーム	3
フルネルソン	3
フルハウス	1
フルバック	1
フルファッション	3
フルベース	1
フルマラソン	3
フルマ鴎	4
フルンケル	2
フル回転	3
フレー	2
フレーク	2
フレージング	0
フレーズ	2
フレーバー	2
フレーム	0
フレームアップ	5
フレームリレー	5
フレームワーク	5
フレーメン	2
フレア	2
フレオン	2
フレキシビリティー	5
フレキシブル	2
フレキシブルバック	7
フレキシブルマニュファクチャリングシステム	0
フレグランス	2
フレスコ	0
フレックスタイム	6
フレッシュ	2
フレッシュマン	2
フレット	2
フレンチ	2
フレンチカンカン	5
フレンチスリーブ	6
フレンチトースト	5
フレンチドレッシング	6
フレンチホルン	5
フレンド	2
フレンドシップ	5
フレンドリー	2
フロー	2
フローズン	2
フローズンフード	6
フローズンヨーグルト	8
フローターサーブ	6
フローチャート	4
フロート	2
フローラ	2
フローリスト	4
フローリング	2
フロア	2
フロアシフト	4
フロアスタンド	5
フロアダクト	4
フロアディレクター	5
フロアプライス	5
フロアマネージャー	5
フロイライン	2
フロギストン	3
フロスト	2
フロック	2
フロックコート	5
フロックス	2
フロッグマン	2
フロッタージュ	4
フロッピー	2
フロッピーディスク	6
フロップス	2
フロラ	2
フロリスト	3
フロリダ	0
フロン	1
フロンガス	4
フロンティア	2
フロンティアスピリット	7
フロンティア電子理論	9
フロント	0
フロントエンドプロセッサー	10
フロントガラス	5
フロントロー	5
フン族	1
ブーイング	0
ブーケ	1
ブーケガルニ	4
ブーゲンビリア	5
ブーゲンビレア	5
ブース	1
ブースター	1
ブースター局	4
ブーツ	1
ブート	1
ブートレグ	1
ブードゥー教	0
ブービー	1
ブーム	1
ブーメラン	1
ブーメラン効果	6
ブールバール	4
ブールマニエ	4
ブール代数	4
ブーレ	1
ブイ	1
ブイアイピー	5
ブイエルエスアイ	7
ブイディーティー	5
ブイトール	3
ブイネック	3
ブイヤベース	4
ブイヨン	1
ブギ	1
ブギウギ	1
ブザー	1
ブズーキ	2
ブタジエン	2
ブタノール	3
ブタン	1
ブチルアルコール	4
ブッキッシュ	1
ブッキング	0
ブック	1
ブックエンド	4
ブックカバー	4
ブックキーピング	4
ブックケース	4
ブックディテクションシステム	9
ブックバンド	4
ブックメーカー	4
ブックレット	4
ブックレビュー	4
ブッシェル	1
ブッシュベビー	4
ブッシュマン	1
ブッシング	1
ブッチャー	1
ブティック	1
ブナ	1
ブラ	1
ブラーフミー文字	7
ブラーマン	2
ブライアー	2
ブライダル	2
ブライダルベール	6
ブライド	2
ブラインシュリンプ	6
ブラインド	0
ブラインドサイド	6
ブラインドタッチ	6
ブラインドテスト	6
ブラウザ	2
ブラウジング	0
ブラウス	2
ブラウン	2
ブラウンシュガー	5
ブラウンスイス	5
ブラウンソース	5
ブラウン運動	5
ブラウン管	0
ブラケット	2
ブラケットクリープ	7
ブラザー	2
ブラシ	1
ブラシの木	1
ブラジャー	2
ブラジルナッツ	5
ブラス	1
ブラスバンド	4
ブラスリー	2
ブラスロック	4
ブラック	2
ブラックアウト	5
ブラックコンテンポラリー	7
ブラックジャーナリズム	8
ブラックジャック	5
ブラックスピリチュアルズ	6
ブラックタイ	5
ブラックタイガー	5
ブラックチェンバー	5
ブラックティー	5
ブラックバード	5
ブラックバス	5
ブラックパワー	5
ブラックベリー	5
ブラックペッパー	5
ブラックホール	5
ブラックボード	5
ブラックボックス	5
ブラックマーケット	5
ブラックマネー	5
ブラックマンデー	5
ブラックユーモア	5
ブラックリスト	5
ブラッシュ	2
ブラッシュアップ	5
ブラッシング	2
ブラボー	2
ブラマンジェ	3
ブランク	2
ブランケット	2
ブランケットエリア	7
ブランケットステッチ	8
ブランコ	1
ブランチ	2
ブランデー	0
ブランド	0
ブランド商品	5
ブランマンジェ	4
ブリー	2
ブリーダー	2
ブリーチ	2
ブリーフ	2
ブリーフィング	2
ブリーフケース	5
ブリオシュ	3
ブリガンチン	3
ブリザード	3
ブリスケ	2
ブリックチーズ	5
ブリッグ	2
ブリッジ	2
ブリム	1
ブリリアンティン	4
ブリリアント	2
ブリリアントカット	7
ブリンカー	2
ブル	1
ブルー	2
ブルーカラー	4
ブルーギル	4
ブルーグラス	4
ブルース	2
ブルーストッキング	5
ブルーチーズ	4
ブルーチップ	4
ブルーテソース	5
ブルーデージー	4
ブルートレーン	5
ブルーノート	4
ブルーバード	4
ブルーフィルム	4
ブルーブック	4
ブルーブラック	5
ブループリント	5
ブルーベリー	4
ブルーマー	2
ブルーマウンテン	4
ブルーム	2
ブルーリボン	4
ブルカ	1
ブルガリア語	0
ブルキナファソ	5
ブルジョア	0
ブルジョアジー	4
ブルジョア革命	5
ブルジョア社会	5
ブルゾン	1
ブルテリア	3
ブルドーザー	3
ブルドッグ	3
ブルネイ	1
ブルネット	3
ブルペン	1
ブルマー	1
ブルンジ	2
ブレーカー	2
ブレーキ	2
ブレーキシュー	5
ブレーキドラム	5
ブレーク	2
ブレークスルー	6
ブレークダウン	5
ブレークダンス	5
ブレーサー	2
ブレース	2
ブレード	0
ブレーン	2
ブレーンストーミング	6
ブレーントラスト	6
ブレイン	2
ブレオマイシン	4
ブレザー	2
ブレザーコート	5
ブレス	2
ブレスト	2
ブレストストローク	7
ブレスレット	2
ブレゼ	2
ブレッド	2
ブレトンウッズ体制	8
ブレンステッド酸塩基	10
ブレンダー	2
ブレンド	0
ブロー	2
ブローカー	2
ブロークン	2
ブロークンイングリッシュ	6
ブロークンハート	6
ブローチ	2
ブロード	0
ブロードキャスティング	5
ブローニー	2
ブローニング	2
ブローホール	4
ブローランプ	4
ブロイラー	2
ブロケード	3
ブロッキング	0
ブロック	2
ブロックゲージ	5
ブロックサイン	5
ブロックブッキング	5
ブロックプラン	5
ブロックポイント	5
ブロック建築	5
ブロック塀	4
ブロッケン現象	6
ブロッコリー	2
ブロマイド	3
ブロマイド紙	5
ブロム	2
ブロメライン	4
ブロンズ	0
ブロンズ色	0
ブロンド	0
ブンゼンバーナー	5
プーア	1
プーアル茶	4
プード	1
プードル	1
プーリー	1
プール	1
プールサイド	4
プールバー	4
プール制	0
プール熱	3
プア	1
プアー	1
プエルトリコ	4
プシケ	1
プシュケー	1
プシロフィトン	4
プスプス	2
プチ	1
プチアリン	3
プチトマト	3
プチフール	3
プチブル	0
プチブルジョア	4
プッシュ	1
プッシュアップ	4
プッシュバント	4
プッシュプル	4
プッシュホン	3
プッシング	0
プットオプション	4
プテラノドン	4
プディング	1
プトマイン	3
プラージュ	2
プライウッド	4
プライオリティー	4
プライス	2
プライステーカー	5
プライスメーカー	5
プライスリーダー	5
プライド	0
プライバシー	2
プライベート	4
プライベートブランド	8
プライベートルーム	7
プライマー	2
プライマリー	2
プライマリーケア	7
プライマリースクール	8
プライマリーヘルスケア	10
プライムタイム	5
プライムレート	5
プライヤー	2
プラウ	2
プラカード	3
プラクティカル	2
プラクティス	2
プラグ	1
プラグマチズム	5
プラグマティズム	5
プラグマティック	5
プラグマティックス	5
プラザ	2
プラザ合意	4
プラシーボ	3
プラス	0
プラスター	2
プラスターボード	6
プラスチック	4
プラスチックタイル	7
プラスチックモデル	7
プラスチック爆弾	7
プラストマー	4
プラスドライバー	5
プラスマイナス	4
プラスミド	3
プラズマ	0
プラズマジーン	5
プラズマディスプレー	5
プラズマフェレーシス	6
プラズマ細胞	5
プラセオジム	4
プラセボ	0
プラタナス	3
プラチナ	0
プラチナペーパー	5
プラッシュ	2
プラットホーム	5
プラトー	2
プラトニック	4
プラトニックラブ	7
プラトン主義	5
プラナリア	3
プラニメーター	4
プラニング	2
プラヌラ	0
プラネタリウム	5
プラネット	2
プラマイ	0
プラム	1
プラムケーキ	4
プラモデル	3
プラン	1
プランクトン	4
プランク定数	5
プランジャー	2
プランター	2
プランタン	2
プランテーション	4
プラント	0
プラント輸出	5
プランナー	2
プランニング	2
プリーズ	2
プリーツ	2
プリアンプ	3
プリズム	0
プリティー	2
プリペイドカード	6
プリマ	1
プリマスロック	5
プリマドンナ	4
プリマバレリーナ	6
プリミティブ	2
プリムラ	2
プリムローズ	4
プリン	1
プリンシプル	2
プリンス	2
プリンスメロン	5
プリンセス	2
プリンセスライン	6
プリンター	2
プリント	0
プリントアウト	5
プリント合板	5
プリント配線	5
プリン塩基	4
プル	1
プルークボーゲン	5
プルートー	2
プルーフ	2
プルーフコイン	5
プルーン	2
プルオーバー	3
プルキニエ現象	6
プルケ	1
プルサーマル	3
プルシャンブルー	6
プルス	1
プルタブ	3
プルダウンメニュー	6
プルトップ	3
プルトニウム	4
プルトニウム爆弾	7
プルメリア	0
プレー	2
プレーイングマネジャー	8
プレーオフ	4
プレーガイド	4
プレース	2
プレースキック	5
プレーセラピー	4
プレート	0
プレートアンパイア	7
プレートテクトニクス	8
プレーバック	4
プレーボーイ	4
プレーボール	4
プレーヤー	2
プレーリー	2
プレーリードッグ	6
プレーン	2
プレーンオムレツ	5
プレーンソーダ	5
プレーントー	5
プレーンノット	5
プレーンヨーグルト	7
プレアデス星団	6
プレイ	2
プレイガイド	4
プレオリンピック	6
プレカット	3
プレキャストコンクリート	9
プレジデント	2
プレス	1
プレスカード	4
プレスキャンペーン	6
プレスクラブ	4
プレスコ	0
プレスコード	4
プレスセンター	4
プレスティージ	4
プレスト	2
プレストレストコンクリート	11
プレスハム	4
プレスリリース	5
プレゼンス	2
プレゼンテーション	5
プレゼント	2
プレタポルテ	4
プレッシャー	2
プレッシャーグループ	7
プレッシング	2
プレッピー	2
プレハブ	0
プレパラート	4
プレパラトリースクール	9
プレビュー	3
プレファブ	0
プレブス	2
プレミア	0
プレミアショー	5
プレミアム	0
プレリュード	2
プロ	1
プロージット	2
プローズ	2
プローブ	2
プローン	2
プロカイン	3
プログラマー	4
プログラミング	4
プログラム	3
プログラムピクチャー	6
プログラム学習	6
プログラム言語	6
プログラム売買	6
プログレス	2
プログレッシブ	4
プログレッシブロック	8
プロゲスチン	3
プロゲステロン	5
プロジェクション	3
プロジェクター	3
プロジェクト	2
プロジェクトチーム	6
プロジェクトメソッド	6
プロスタグランジン	6
プロスティチュート	5
プロセス	2
プロセスチーズ	5
プロセスチャート	5
プロセス制御	5
プロセッサー	3
プロセニアム	3
プロセニアムアーチ	7
プロソディー	3
プロタミン	0
プロダクション	3
プロダクト	3
プロダクトミックス	6
プロッター	2
プロット	2
プロップジェット	5
プロテアーゼ	4
プロテイナーゼ	5
プロテイン	3
プロテインキナーゼ	7
プロテオース	4
プロテクター	3
プロテクト	3
プロテスタンティズム	7
プロテスタント	3
プロテスト	3
プロテストソング	6
プロデューサー	3
プロデュース	3
プロトアクチニウム	7
プロトコル	3
プロトタイピング	4
プロトタイプ	4
プロトプラスト	5
プロトロンビン	4
プロトン	2
プロドラッグ	4
プロナーゼ	3
プロバイダー	3
プロバビリティー	4
プロパー	2
プロパガンダ	4
プロパン	2
プロパンガス	5
プロビタミン	4
プロピレン	3
プロピレングリコール	8
プロフィール	3
プロフィット	3
プロフェッサー	3
プロフェッショナル	3
プロブレム	2
プロブレムメソッド	6
プロペラ	0
プロペラポンプ	5
プロペラ水車	5
プロペラ船	0
プロボクシング	3
プロポーション	3
プロポーズ	3
プロポリス	3
プロミックス	3
プロミネンス	2
プロムナード	4
プロメチウム	4
プロモーション	3
プロモーションビデオ	7
プロモーター	3
プロモート	3
プロラクチン	4
プロリン	2
プロレス	0
プロレタリア	4
プロレタリアート	6
プロレタリア革命	7
プロレタリア国際主義	11
プロレタリア独裁	7
プロレタリア文学	7
プロローグ	3
プロログ	0
プロンプター	2
プロンプト	2
プロ野球	3
ヘ	1
ヘーゼル	1
ヘア	1
ヘアアイロン	3
ヘアオイル	3
ヘアクリーム	4
ヘアケア	3
ヘアコンディショナー	5
ヘアスタイル	4
ヘアスプレー	4
ヘアダイ	3
ヘアトニック	4
ヘアドライヤー	4
ヘアドレッサー	4
ヘアネット	3
ヘアバンド	3
ヘアピース	3
ヘアピン	0
ヘアピンカーブ	5
ヘアピンショット	5
ヘアピンレース	5
ヘアブラシ	3
ヘアリキッド	4
ヘアリンス	3
ヘアローション	3
ヘイ	1
ヘキサクロロエタン	7
ヘキサシアノ鉄酸カリウム	12
ヘキサデカン	4
ヘキサン	1
ヘキソース	3
ヘクタール	3
ヘクト	1
ヘクトグラム	4
ヘクトパスカル	4
ヘクトメートル	4
ヘクトリットル	4
ヘゲモニー	2
ヘシアンクロス	5
ヘッジ	1
ヘッダー	1
ヘッディング	0
ヘット	1
ヘッド	1
ヘッドアップ	4
ヘッドギア	4
ヘッドクォーター	4
ヘッドコーチ	4
ヘッドシザース	4
ヘッドスライディング	5
ヘッドハンター	4
ヘッドハンティング	4
ヘッドホーン	4
ヘッドホン	3
ヘッドボード	4
ヘッドライト	4
ヘッドライン	4
ヘッドランプ	4
ヘッドルーム	4
ヘッドレスト	4
ヘッドロック	4
ヘッドワーク	4
ヘテロ	1
ヘテロカリオン	4
ヘテロシス	3
ヘテロダイン	4
ヘテロドキシー	4
ヘテロドックス	4
ヘテロ接合	4
ヘテロ接合体	0
ヘディング	0
ヘドニズム	3
ヘドバン	0
ヘパリン	1
ヘビー	1
ヘビースモーカー	5
ヘビーメタル	4
ヘビー級	0
ヘブライズム	4
ヘブライ語	0
ヘブン	1
ヘボン式	0
ヘマトクリット	5
ヘミセルロース	5
ヘム	1
ヘムステッチ	4
ヘム蛋白質	6
ヘモグロビン	4
ヘモシアニン	4
ヘリ	1
ヘリウム	2
ヘリオスコープ	5
ヘリオスタット	5
ヘリオトロープ	5
ヘリオメーター	4
ヘリカルギヤ	5
ヘリコイド	3
ヘリコプター	3
ヘリックス	2
ヘリポート	3
ヘリンボーン	4
ヘル	1
ヘルクレス座	0
ヘルシー	1
ヘルス	1
ヘルスケア	4
ヘルスセンター	4
ヘルスメーター	4
ヘルツ	1
ヘルツシュプルングラッセル図	12
ヘルニア	0
ヘルパー	1
ヘルパンギーナ	5
ヘルプ	1
ヘルペス	1
ヘルメス	1
ヘルメット	1
ヘレニズム	3
ヘロイン	2
ヘンナ	1
ヘンプ	1
ヘンリー	1
ヘンリーネック	5
ヘンルーダ	3
ヘ音記号	4
ヘ調	1
ベーカリー	1
ベーキングパウダー	6
ベークドチーズケーキ	8
ベークドポテト	5
ベークライト	4
ベーグル	1
ベーコン	1
ベーシスト	3
ベーシック	1
ベーシックイングリッシュ	6
ベーシックドレス	6
ベージュ	0
ベース	1
ベースアップ	4
ベースキャンプ	4
ベースギター	4
ベースボール	4
ベースメント	1
ベースライン	4
ベースランニング	4
ベーゼ	1
ベータガラクトシダーゼ	9
ベータトロン	4
ベータバージョン	4
ベータラクタム系	0
ベータ線	0
ベータ波	3
ベータ崩壊	4
ベーチェット病	0
ベーパロック	4
ベーラム	0
ベール	1
ベア	1
ベアトップ	3
ベアハッグ	3
ベアリング	0
ベイ	1
ベイウインドー	4
ベイリーフ	3
ベイルアウト	4
ベガ	1
ベクター	1
ベクトル	1
ベクトルポテンシャル	6
ベクトル空間	5
ベクトル積	4
ベクトル量	4
ベクレル	1
ベゴニア	0
ベシャメルソース	5
ベジタブル	1
ベジタリアン	3
ベスト	1
ベストコンディション	6
ベストセラー	4
ベストタイム	4
ベストテン	3
ベストドレッサー	5
ベストメンバー	4
ベスト盤	0
ベタ	1
ベター	1
ベターハーフ	4
ベタ記事	0
ベッド	1
ベッドイン	4
ベッドサイド	4
ベッドシーン	4
ベッドタウン	4
ベッドメーキング	4
ベッドルーム	4
ベテラン	0
ベトコン	0
ベトナム	0
ベトナム語	0
ベトン	1
ベナン	1
ベニエ	1
ベニヤ	0
ベニヤ板	4
ベネシャン	1
ベネルックス	3
ベビー	1
ベビーカー	4
ベビーサークル	4
ベビーシッター	4
ベビーバギー	4
ベビーパウダー	4
ベビーピンク	4
ベビーフェース	4
ベビーブーマー	4
ベビーブーム	4
ベビーブルー	5
ベビーホテル	4
ベビー箪笥	4
ベビー服	2
ベラドンナ	3
ベラム	1
ベラルーシ	3
ベラルーシ語	0
ベランダ	0
ベリー	1
ベリーズ	1
ベリーダンス	4
ベリーロール	4
ベリファイ	1
ベリリウム	3
ベリル	1
ベル	1
ベルーガ	2
ベルカント	3
ベルガモット	4
ベルト	0
ベルトコンベヤー	6
ベルト車	4
ベルベット	3
ベルベリン	0
ベルボーイ	3
ベルボトム	3
ベルミチェリ	3
ベルモット	3
ベレー	1
ベレー帽	2
ベローズ	2
ベロア	2
ベロナール	3
ベンガラ	0
ベンガル語	0
ベンガル山猫	5
ベンジルアルコール	5
ベンジン	1
ベンズアルデヒド	6
ベンゼン	1
ベンゼンスルホン酸	0
ベンゼン環	0
ベンゾール	3
ベンゾピレン	4
ベンダー	1
ベンチ	1
ベンチウォーマー	5
ベンチシート	4
ベンチプレス	5
ベンチマーク	4
ベンチマークテスト	7
ベンチャー	1
ベンチャーキャピタル	5
ベンチャービジネス	5
ベンチレーター	4
ベンツ	1
ベント	1
ベントス	1
ベントナイト	4
ベンド	1
ベン図	0
ページェント	1
ページプリンター	5
ページボーイ	4
ページャー	1
ページ記述言語	7
ペース	1
ペースト	1
ペースメーカー	4
ペーズリー	1
ペーソス	1
ペーパー	0
ペーパーカンパニー	5
ペーパークラフト	6
ペーパークロマトグラフィー	9
ペーパーゴールド	5
ペーパータオル	5
ペーパーテスト	5
ペーパードライバー	6
ペーパーナイフ	5
ペーパーバック	5
ペーパープラン	5
ペーブメント	1
ペール	1
ペア	1
ペアガラス	3
ペアスケーティング	4
ペアリング	0
ペアルック	3
ペアレント	1
ペイ	1
ペイオフ	3
ペイテレビ	3
ペイパービュー	5
ペイメント	1
ペイロードスペシャリスト	9
ペインクリニック	5
ペインティング	2
ペイント	0
ペイントシステム	5
ペカン	1
ペガサス	1
ペガスス座	0
ペキニーズ	3
ペキン料理	4
ペクチン	1
ペグ	1
ペグマタイト	4
ペケ	1
ペザント	2
ペシミスティック	5
ペシミスト	3
ペシミズム	3
ペスト	1
ペストリー	1
ペスト菌	0
ペセタ	1
ペソ	1
ペタンク	2
ペダル	0
ペダンチズム	4
ペダンチック	4
ペダント	2
ペダントリー	2
ペチコート	3
ペチュニア	2
ペッカリー	1
ペッグ	1
ペッサリー	1
ペッティング	0
ペット	1
ペットフード	4
ペット病	0
ペッパー	1
ペッパーミル	5
ペティナイフ	3
ペテン	0
ペテン師	2
ペディキュア	2
ペディメント	1
ペデストリアン	4
ペデストリアンデッキ	8
ペトリ皿	3
ペトロダラー	4
ペトロラタム	4
ペドフィリア	3
ペドメーター	3
ペナルティー	2
ペナルティーエリア	6
ペナルティーキック	6
ペナルティーゴール	6
ペナルティーボックス	6
ペナント	0
ペナントレース	5
ペニー	1
ペニシリン	0
ペニシリンアレルギー	8
ペニス	1
ペニヒ	1
ペパーミント	4
ペパロニ	3
ペプシノーゲン	4
ペプシン	1
ペプチダーゼ	4
ペプチド	0
ペプチドホルモン	5
ペプチド結合	5
ペプトン	1
ペプラム	1
ペヘレイ	2
ペペロミア	3
ペラグラ	2
ペラルゴニウム	5
ペリカン	0
ペリスコープ	4
ペルオキシソーム	6
ペルシャ語	0
ペルシャ猫	5
ペルセウス座	0
ペルセウス座流星群	9
ペルソナ	0
ペルソナノングラータ	8
ペルム紀	3
ペレストロイカ	5
ペレット	2
ペン	1
ペンキ	0
ペンキ屋	0
ペンギン	0
ペンクラブ	3
ペンション	1
ペンシル	1
ペンシルベニア	5
ペンス	1
ペンステモン	4
ペンタゴン	3
ペンタスロン	3
ペンタン	1
ペンダント	1
ペンチ	1
ペンディング	0
ペントース	3
ペントハウス	4
ペンナイフ	3
ペンネ	1
ペンネーム	3
ペンパル	1
ペンフレンド	4
ペンプロッター	4
ペンホルダー	3
ペンホルダーグリップ	8
ペンマンシップ	5
ペンライト	3
ペン画	0
ペン字	0
ペン軸	0
ペン先	3
ペン胼胝	0
ホ	1
ホー	1
ホーク	1
ホース	1
ホースアウト	4
ホースラディッシュ	4
ホーデン	1
ホーバークラフト	6
ホープ	1
ホーマー	1
ホーミング	1
ホーム	1
ホームアンドアウェー	8
ホームイン	3
ホームウエア	5
ホームエレクトロニクス	9
ホームオートメーション	7
ホームグラウンド	5
ホームゲーム	4
ホームシック	4
ホームスチール	5
ホームステイ	5
ホームストレート	6
ホームストレッチ	6
ホームスパン	4
ホームタウン	4
ホームタウンディシジョン	8
ホームタウンデシジョン	8
ホームチーム	4
ホームトレーディング	5
ホームドクター	4
ホームドラマ	4
ホームドレス	4
ホームバー	4
ホームバンキング	4
ホームパーティー	4
ホームプレート	5
ホームヘルパー	4
ホームベース	4
ホームページ	4
ホームポジション	5
ホームメード	4
ホームラン	3
ホームルーム	4
ホームレス	1
ホーリー	1
ホール	1
ホールアウト	4
ホールインワン	6
ホールターネック	6
ホールディング	0
ホールド	1
ホールドアップ	5
ホールピペット	5
ホールホイートブレッド	9
ホーン	1
ホイール	2
ホイールアライメント	6
ホイールキャップ	5
ホイールスピン	6
ホイールベース	5
ホイスト	1
ホイッスル	2
ホイップ	2
ホイペット	3
ホイル	1
ホイル焼	0
ホイル焼き	0
ホエー	2
ホエール	2
ホエールウオッチング	6
ホキ	1
ホサナ	1
ホジキン病	0
ホスゲン	1
ホスジャンプ	3
ホステス	1
ホステラー	1
ホステル	1
ホスト	1
ホストコンピューター	6
ホストファミリー	4
ホスピス	1
ホスピタリズム	5
ホスピタリティー	4
ホスピタル	1
ホスファゲン	3
ホスファターゼ	4
ホスファチジルエタノールアミン	12
ホスフィン	1
ホスフィン酸	0
ホスホキナーゼ	5
ホスホリラーゼ	5
ホスホン酸	0
ホチキス	1
ホック	1
ホッケー	1
ホッチキス	1
ホッテントット	5
ホット	1
ホットアトム	4
ホットウイスキー	5
ホットウオー	5
ホットカーペット	4
ホットカーラー	4
ホットケーキ	4
ホットコーナー	4
ホットコーヒー	4
ホットジャズ	4
ホットスポット	5
ホットタイプ	4
ホットドッグ	4
ホットニュース	4
ホットパンツ	4
ホットプレート	5
ホットマネー	4
ホットライン	4
ホットラボラトリー	6
ホッパー	1
ホップ	1
ホテル	1
ホテルマン	3
ホバークラフト	5
ホバリング	0
ホビー	1
ホピ語	0
ホフマン方式	5
ホブ	1
ホマトロピン	4
ホミニゼーション	4
ホメオスタシス	5
ホメオパチー	4
ホモ	1
ホモエコノミクス	6
ホモエレクトゥス	4
ホモカリオン	3
ホモサピエンス	3
ホモセクシュアル	3
ホモニム	1
ホモハビリス	3
ホモファベル	3
ホモフォニー	3
ホモルーデンス	3
ホモ牛乳	3
ホラー	1
ホリゾント	1
ホリデー	1
ホリホック	3
ホルスター	1
ホルスタイン	4
ホルダー	1
ホルマリン	0
ホルミウム	3
ホルムアルデヒド	6
ホルモン	1
ホルモン剤	3
ホルモン焼	0
ホルモン焼き	0
ホルン	1
ホルンフェルス	4
ホローバック	4
ホログラフィー	3
ホログラム	3
ホロコースト	3
ホロスコープ	4
ホワイエ	2
ホワイト	2
ホワイトアウト	5
ホワイトアスパラガス	8
ホワイトカラー	5
ホワイトゴールド	5
ホワイトシャツ	5
ホワイトソース	5
ホワイトタイ	5
ホワイトチョコレート	7
ホワイトデー	4
ホワイトノイズ	5
ホワイトハウス	5
ホワイトペッパー	5
ホワイトホール	5
ホワイトメタル	5
ホワイトリカー	5
ホン	1
ホンキートンク	5
ホンコン	1
ホンコンシャツ	5
ホンジュラス	1
ホ調	1
ボー	1
ボーア磁子	4
ボーア半径	4
ボーイ	1
ボーイスカウト	5
ボーイソプラノ	4
ボーイッシュ	3
ボーイハント	4
ボーイフレンド	5
ボーイング	0
ボーカリスト	4
ボーカル	1
ボーカルスコア	6
ボーカルソロ	5
ボーカルミュージック	5
ボーガン	1
ボーキサイト	4
ボーク	1
ボーゲン	1
ボージョレ・ヌーボー	5
ボージョレヌーボー	5
ボースン	1
ボース粒子	4
ボータイ	3
ボーダー	1
ボーダープリント	6
ボーダーライト	5
ボーダーライン	5
ボーダーレス	1
ボーテル	1
ボーディング	0
ボーディングカード	6
ボーディングスクール	7
ボーディングパス	6
ボート	1
ボートネック	4
ボートハウス	4
ボートピープル	4
ボートマン	1
ボートレース	4
ボード	1
ボードゲーム	4
ボードセーリング	4
ボードビリアン	4
ボードビル	4
ボーナス	1
ボーマン嚢	3
ボーリング	0
ボーリングマシン	7
ボール	0
ボールアンパイア	6
ボールカウント	4
ボールゲーム	4
ボールト	0
ボールド	1
ボールパーソン	4
ボールベアリング	4
ボールペン	0
ボール紙	0
ボール投げ	0
ボール爆弾	4
ボール箱	0
ボール盤	0
ボーロ	0
ボーンチャイナ	4
ボーンヘッド	4
ボア	1
ボイコット	3
ボイス	1
ボイスメール	4
ボイスレコーダー	5
ボイラー	1
ボイル	1
ボイルド	1
ボイル油	3
ボウウインドー	4
ボウガン	1
ボウラー	1
ボウリング	0
ボウル	1
ボウルゲーム	4
ボキャブラリー	2
ボギー	1
ボギー車	2
ボクサー	1
ボクシング	1
ボコーダー	2
ボサノバ	0
ボス	1
ボストンバッグ	5
ボスニアヘルツェゴビナ	0
ボソン	1
ボタニカルアート	6
ボタン	0
ボタンの木	1
ボタンダウン	4
ボタンホール	4
ボタン穴	2
ボタン孔	2
ボタン戦争	4
ボタン電池	4
ボックス	1
ボックスカメラ	5
ボックスコート	5
ボックスシート	5
ボックスストア	6
ボックススパナ	6
ボックスプリーツ	6
ボッブ	1
ボツリヌス菌	0
ボツワナ	0
ボデー	1
ボディー	1
ボディーウエーブ	5
ボディーガード	4
ボディーコンシャス	4
ボディーシザーズ	4
ボディースーツ	4
ボディースカルプチャー	6
ボディースラム	4
ボディーチェック	4
ボディービル	4
ボディーブロー	5
ボディーライン	4
ボディーランゲージ	4
ボディコン	0
ボトム	1
ボトムアウト	4
ボトムアップ	4
ボトムライン	4
ボトル	0
ボトルキープ	4
ボトルグリーン	5
ボトルシップ	4
ボトルネック	4
ボナンザグラム	5
ボノボ	1
ボビン	1
ボビンレース	4
ボブ	1
ボブキャット	3
ボブスレー	1
ボヘミアン	2
ボラ	1
ボラード	2
ボラティリティ	3
ボラン	1
ボランタリーチェーン	7
ボランタリズム	5
ボランティア	2
ボリシェビキ	3
ボリューム	0
ボルシェビキ	3
ボルシチ	0
ボルゾイ	1
ボルタンメトリー	5
ボルタ電池	4
ボルツマン定数	6
ボルテージ	3
ボルト	0
ボルトアンペア	6
ボルトメーター	4
ボルドー液	3
ボルボックス	3
ボレー	1
ボレーキック	4
ボレーシュート	4
ボレロ	1
ボローニャソーセージ	5
ボロメーター	3
ボロン	1
ボンゴ	1
ボンゴレ	1
ボンジュール	3
ボンソワール	4
ボンド	1
ボンド紙	3
ボンネット	3
ボンバックス	3
ボンベ	1
ボンボワイヤージュ	6
ボンボン	3
ボンレスハム	5
ポーカー	1
ポーカーフェース	5
ポーク	1
ポークカツ	4
ポークカツレツ	4
ポークソテー	4
ポークチョップ	4
ポーション	1
ポースレン	1
ポーズ	1
ポーセレン	1
ポーター	1
ポータブル	1
ポーチ	1
ポーチドエッグ	5
ポーティング	0
ポート	1
ポートフォリオ	4
ポートフォリオセレクション	8
ポートレート	4
ポートワイン	4
ポープ	1
ポーポー	1
ポーラ	1
ポーラー	1
ポーラーフロント	6
ポーラーメソッド	5
ポーラログラフィー	5
ポーランド語	0
ポール	0
ポールジャンプ	4
ポールタックス	4
ポールポジション	5
ポーン	1
ポアズ	2
ポアソン	2
ポアソン比	4
ポインセチア	4
ポインター	2
ポインティングデバイス	8
ポイント	0
ポイントアンドフィギュア	8
ポイントオブビュー	7
ポイントゲッター	5
ポエジー	1
ポエト	1
ポエトリー	2
ポエム	1
ポグロム	1
ポケッタブル	4
ポケット	2
ポケットコンピューター	7
ポケットサイズ	5
ポケットチーフ	5
ポケットパーク	5
ポケットブック	5
ポケットベル	5
ポケットマネー	5
ポケベル	0
ポシェット	2
ポシビリティー	3
ポシブル	1
ポシャる	2
ポジ	1
ポジショニング	2
ポジション	2
ポジティビズム	4
ポジティブ	1
ポジトロン	3
ポスター	1
ポスターカラー	5
ポスト	1
ポストカード	4
ポストケインジアン	5
ポストスクリプト	6
ポストハーベスト	4
ポストフェミニズム	6
ポストプロダクション	6
ポストモダニズム	6
ポストモダン	4
ポストモダンフェミニズム	9
ポスト構造主義	8
ポタージュ	2
ポタシウム	3
ポッケ	1
ポット	1
ポップ	1
ポップアート	4
ポップアップ	4
ポップコーン	4
ポップス	1
ポップフライ	4
ポテト	1
ポテトチップ	4
ポテンシオメーター	6
ポテンシャル	2
ポテンシャルエネルギー	7
ポトス	1
ポトフ	1
ポトラッチ	3
ポドゾル	1
ポニー	1
ポニーテール	4
ポピー	1
ポピーシード	4
ポピュラー	1
ポピュラーソング	5
ポピュラーミュージック	5
ポピュラリティ	3
ポピュリスム	3
ポピュレーション	3
ポプラ	1
ポプリ	1
ポプリン	1
ポポー	1
ポマード	2
ポメラニアン	3
ポラリス	1
ポラロイドカメラ	6
ポリ	1
ポリープ	2
ポリアセタール	5
ポリアセチレン	5
ポリアミド	3
ポリアンドリー	3
ポリイン	2
ポリウレタン	3
ポリエステル	3
ポリエチレン	3
ポリエン	2
ポリオ	1
ポリオウイルス	5
ポリオキシメチレン	7
ポリオレフィン	4
ポリオワクチン	4
ポリカーボネート	3
ポリガミー	2
ポリクロミー	4
ポリクロロプレン	6
ポリグラフ	3
ポリグロット	4
ポリゴン	1
ポリシー	1
ポリシーミックス	5
ポリジーン	3
ポリス	1
ポリスチレン	4
ポリスボックス	4
ポリセントリズム	6
ポリティカルコレクトネス	7
ポリティシャン	3
ポリティックス	3
ポリヌクレオチド	6
ポリネシア	3
ポリノジック	4
ポリバケツ	3
ポリビニルアルコール	6
ポリフェニレンオキシド	7
ポリフェニレンスルフィド	7
ポリフォニー	3
ポリブタジエン	5
ポリプ	1
ポリプロピレン	5
ポリペプチド	3
ポリマー	1
ポリマーアロイ	5
ポリメーター	3
ポリューション	2
ポリ塩化ビニル	6
ポリ塩化ビフェニル	7
ポリ酢酸ビニル	7
ポリ袋	3
ポルカ	1
ポルカドット	4
ポルターガイスト	5
ポルタメント	4
ポルダー	1
ポルトガル語	0
ポルトランドセメント	7
ポルノ	1
ポルノグラフィー	4
ポルフィリン症	0
ポレミック	3
ポレンタ	2
ポロ	1
ポロコート	3
ポロシャツ	0
ポロニウム	3
ポロネーズ	3
ポワレ	2
ポンス	1
ポンチ	1
ポンチョ	1
ポンチ絵	3
ポンツーン	3
ポンド	1
ポンプ	1
ポンプ座	0
ポンポン	1
ポンポンダリア	5
ポン柑	3
ポン酢	0
マーカー	1
マーカンティリズム	6
マーガリン	1
マーガレット	1
マーキーズ	3
マーキュリー	1
マーキュロ	0
マーキュロクロム	5
マーキング	0
マーク	1
マークシート	4
マーケット	1
マーケットシェア	6
マーケットメカニズム	8
マーケットリサーチ	7
マーケティング	3
マーケティングリサーチ	8
マーシャルアーツ	5
マーシャルプラン	5
マージ	1
マージナル	1
マージナルスポーツ	7
マージナルマン	5
マージョラム	1
マージン	1
マージン取引	5
マース	1
マーチ	1
マーチャンダイジング	5
マーチャント	1
マーチャントバンク	6
マーティニ	1
マート	1
マーブル	1
マーボー豆腐	5
マーマレード	4
マーメード	3
マーモセット	4
マーモット	1
マール	1
マールブルク学派	7
マイ	1
マイカ	1
マイカー	3
マイカコンデンサー	6
マイク	1
マイクロ	0
マイクロウエーブ	6
マイクロエレクトロニクス	10
マイクロキュリー	5
マイクログラビティー	6
マイクロケ	4
マイクロコンピューター	7
マイクロサージェリー	5
マイクロスコピック	7
マイクロステート	6
マイクロトーム	5
マイクロバースト	5
マイクロバス	5
マイクロファラド	5
マイクロフィッシュ	5
マイクロフィルム	5
マイクロフロッピーディスク	10
マイクロプロセッサー	7
マイクロホン	4
マイクロボディー	5
マイクロマシン	6
マイクロメーター	5
マイクロメートル	5
マイクロライト	5
マイクロリーダー	5
マイクロ波	4
マイクロ波加熱	6
マイコトキシン	5
マイコプラズマ	5
マイコプラズマ肺炎	8
マイコン	0
マイスター	1
マイスタージンガー	6
マイトマイシン	4
マイナー	1
マイナーチェンジ	5
マイナーリーグ	5
マイナス	0
マイナスシーリング	5
マイナスドライバー	6
マイノリティー	3
マイノリティーグループ	8
マイペース	3
マイホーム	3
マイム	1
マイラー	1
マイル	1
マイルストーン	5
マイルド	1
マイルレース	4
マインド	1
マインドコントロール	8
マウス	1
マウスオポッサム	5
マウスピース	4
マウンティング	2
マウンテン	2
マウンテンゴリラ	6
マウンテンバイク	6
マウント	1
マウンド	0
マエストロ	2
マカオ	1
マカデミアナッツ	6
マカロニ	0
マカロニウエスタン	6
マカロニグラタン	6
マガジン	1
マガジンラック	5
マキアベリズム	5
マキシ	1
マキシマム	1
マキシミンルール	6
マキシム	1
マキャベリズム	4
マギ	1
マクシマム	1
マクラメ	0
マクロ	1
マクロコスモス	4
マクロスコピック	6
マクロバースト	4
マクロファージ	4
マクロモデル	4
マクロレンズ	4
マクロ経済学	6
マグ	1
マグナカルタ	4
マグナム	1
マグニチュード	1
マグネシア	3
マグネシウム	4
マグネタイト	4
マグネチック	4
マグネット	3
マグネトロン	4
マグマ	1
マグマ溜り	4
マケドニア	0
マコロン	1
マサチューセッツ	5
マザー	1
マザーインロー	6
マザーカントリー	4
マザーコンプレックス	7
マザーテープ	4
マザーリング	0
マザコン	0
マザリング	0
マシーン	2
マシニングセンター	6
マシマロ	0
マシュマロ	0
マシン	2
マシンガン	2
マシン語	0
マシン油	2
マジシャン	2
マジック	2
マジックアイ	5
マジックインキ	4
マジックテープ	5
マジックナンバー	5
マジックハンド	5
マジックミラー	5
マジパン	0
マジョリカ	2
マジョリティー	2
マス	2
マスカット	3
マスカラ	0
マスカルチャー	3
マスキング	0
マスク	1
マスクメロン	4
マスクラット	4
マスゲーム	3
マスコット	3
マスコミ	0
マスコミュニケーション	6
マスセール	3
マスソサエティー	4
マスター	1
マスターオブセレモニー	7
マスターキー	5
マスターコース	5
マスターテープ	4
マスタード	3
マスタードガス	6
マスタードソース	6
マスターピース	5
マスターファイル	5
マスタープラン	5
マスターベーション	5
マスターモニター	5
マスターワーク	5
マスタバ	0
マスタング	3
マスチフ	1
マスデモクラシー	6
マスト	1
マストドン	3
マスプロ	0
マスプロダクション	5
マスメディア	3
マズルカ	2
マゼラン雲	3
マゼンタ	2
マゾ	1
マゾヒスト	3
マゾヒズム	3
マタドール	3
マタニティー	2
マタニティードレス	6
マタニティーブルー	7
マダム	1
マダムキラー	4
マチエール	3
マチネー	1
マッカーシズム	5
マッカリ	0
マックス	1
マックスミンルール	7
マッコリ	0
マッサージ	3
マッサージ師	5
マッシュ	1
マッシュポテト	4
マッシュルーム	4
マッシュルームカット	7
マッス	1
マッチ	1
マッチプレー	5
マッチポイント	4
マッチポンプ	4
マッチング	0
マット	1
マットカラー	4
マットペインティング	5
マットレス	1
マッドサイエンティスト	8
マッハ	1
マッハ主義	4
マッハ数	3
マッピング	0
マップ	1
マティーニ	2
マテリアリズム	5
マテリアル	2
マテ茶	2
マデイラ酒	4
マトリックス	3
マトリックス力学	7
マトン	1
マドモアゼル	4
マドラー	1
マドラスチェック	5
マドリガル	3
マドレーヌ	3
マドロス	0
マドンナ	2
マナ	1
マナー	1
マナティー	1
マニア	1
マニアック	3
マニエリスム	4
マニキュア	0
マニッシュ	1
マニピュレーター	4
マニフェスト	3
マニフェストデスティニー	8
マニヤ	1
マニュアル	0
マニュスクリプト	5
マニュファクチャー	3
マニラ麻	3
マニ教	0
マヌーバー	2
マヌカン	0
マネー	1
マネーゲーム	4
マネーサプライ	6
マネージ	2
マネージドフロート	7
マネージメント	2
マネージャー	2
マネービル	4
マネーフロー	5
マネーポジション	5
マネーロンダリング	4
マネキン	0
マネタリズム	4
マノメーター	3
マフ	1
マフィア	1
マフィン	1
マフラー	1
マペット	2
マホガニー	2
マホメット教	0
ママ	1
ママレード	3
ママン	1
マミー	1
マヨネーズ	3
マラウイ	1
マラカイト	3
マラカイトグリーン	7
マラカス	0
マラソン	0
マラソン剤	3
マラヨポリネシア語族	9
マラリア	0
マラリア蚊	4
マラリア原虫	5
マラリア療法	5
マリ	1
マリー	1
マリーゴールド	4
マリーナ	2
マリーン	2
マリア	1
マリアッチ	3
マリオネット	4
マリオン	1
マリッジ	2
マリネ	1
マリファナ	0
マリワナ	0
マリン	2
マリンスノー	5
マリンスポーツ	5
マリンバ	2
マリンビーフ	4
マリンブルー	5
マルーン	2
マルカ	1
マルカート	3
マルガリータ	4
マルキシスト	4
マルキシズム	4
マルキスト	3
マルク	1
マルクスレーニン主義	1
マルクス経済学	7
マルクス主義	5
マルクス主義フェミニズム	7
マルコフ過程	5
マルサス主義	5
マルタ	1
マルターゼ	3
マルタ熱	3
マルチ	1
マルチーズ	3
マルチウインドー	5
マルチキャリアパス	7
マルチスキャン	5
マルチスクリーン	6
マルチタスク	4
マルチタレント	4
マルチチャンネル	4
マルチハビテーション	6
マルチプルチョイス	6
マルチベンダー	4
マルチメディア	4
マルチユーザー	4
マルチョイ	0
マルチラテラリズム	7
マルチング	0
マルチ商法	4
マルティーニ	3
マルテンサイト	5
マルトース	3
マルピーギ管	0
マルピーギ小体	6
マルファン症候群	7
マルメロ	0
マル優	2
マレー熊	2
マレー語	0
マレット	2
マロニエ	0
マロン	1
マロングラッセ	5
マロン酸	0
マン	1
マンアワー	3
マンガン	1
マンガン乾電池	7
マンガン鋼	0
マンガン団塊	5
マングース	3
マングローブ	4
マンゴスチン	3
マンサード屋根	6
マンション	1
マンスリー	1
マンセル表色系	7
マンダリン	0
マンツーマン	3
マンツーマンディフェンス	7
マンテル	1
マンデー	1
マント	1
マントー反応	5
マントル	1
マントルピース	5
マント狒狒	4
マンドリル	1
マンドリン	0
マンナン	1
マンネリ	0
マンネリズム	4
マンネリ化	0
マンノース	3
マンパワー	3
マンホール	3
マンボ	1
マンボズボン	4
マンマシンインターフェース	10
マンマシンシステム	6
マンモス	1
マンモン	1
マ行	1
ミ	1
ミー	1
ミーアキャット	4
ミーティング	0
ミート	1
ミートソース	4
ミートパイ	4
ミートボール	4
ミートローフ	4
ミール	1
ミーンズテスト	5
ミイラ	1
ミエリン鞘	3
ミオグロビン	4
ミオシン	3
ミオパシー	2
ミキサー	1
ミキサー車	3
ミキシング	0
ミクサー	1
ミクスチュア	1
ミクストダブルス	5
ミクロ	1
ミクロコスモス	4
ミクロスコピック	6
ミクロトーム	4
ミクロネシア	4
ミクロン	1
ミクロ経済学	6
ミグマタイト	4
ミサ	1
ミサイル	2
ミザントロープ	5
ミシガン	1
ミシン	1
ミス	1
ミスる	2
ミスアンドアウトレース	9
ミスキャスト	3
ミスジャッジ	3
ミスター	1
ミステーク	3
ミスティシズム	4
ミスティック	3
ミスティフィケーション	5
ミステイク	3
ミステリー	1
ミステリアス	3
ミストレス	1
ミスプリ	0
ミスプリント	4
ミスマッチ	3
ミスリード	3
ミズ	1
ミズーリ	2
ミセス	1
ミセル	1
ミソジニー	3
ミソロジー	2
ミックス	1
ミッシュメタル	4
ミッション	1
ミッションスクール	6
ミッシングリンク	6
ミット	1
ミッドナイト	4
ミッドナイトショー	7
ミッドナイトブルー	8
ミッドフィールダー	4
ミップス	1
ミティゲーション	3
ミディ	1
ミディアム	1
ミトコンドリア	5
ミトス	1
ミトラ教	0
ミトン	1
ミドル	1
ミドルアイアン	4
ミドルエージ	4
ミドルクラス	4
ミドルティーン	4
ミドルネーム	4
ミドルホール	4
ミドルマネージメント	5
ミドル級	0
ミナレット	1
ミニ	1
ミニアチュール	4
ミニアチュア	3
ミニカー	3
ミニコミ	0
ミニコンピューター	5
ミニサイクル	3
ミニシアター	3
ミニスカート	4
ミニチュア	0
ミニチュアカー	4
ミニッツステーキ	6
ミニディスク	3
ミニバイク	3
ミニフロッピーディスク	8
ミニマム	1
ミニマムアクセス	5
ミニマリズム	4
ミニマルアート	5
ミニマルミュージック	5
ミニュエット	1
ミニレター	3
ミニ新幹線	5
ミネストローネ	5
ミネソタ	0
ミネラル	1
ミネラルウオーター	6
ミネラルコルチコイド	8
ミネルバ	2
ミノ	1
ミノルカ	2
ミミクリー	2
ミミック	1
ミメシス	1
ミモザ	1
ミモザサラダ	4
ミモレ	1
ミャンマー	1
ミューオン	1
ミュージアム	1
ミュージカル	1
ミュージカルショー	6
ミュージカルソー	6
ミュージシャン	3
ミュージック	1
ミュージックコンクレート	9
ミュージックテープ	6
ミュージックホール	6
ミュージックボックス	6
ミューズ	1
ミュータント	1
ミューチュアルファンド	6
ミュート	1
ミュール	1
ミュー粒子	3
ミュゼット	1
ミュトス	1
ミラー	1
ミラージュ	2
ミラーボール	4
ミラクル	1
ミリ	1
ミリアンペア	5
ミリオネア	4
ミリオン	1
ミリオンセラー	5
ミリキュリー	3
ミリグラム	3
ミリタリー	1
ミリタリーマーチ	6
ミリタリスト	4
ミリタリズム	4
ミリバール	3
ミリボルト	3
ミリミクロン	3
ミリメートル	3
ミリリットル	3
ミリングマシン	6
ミリ波	2
ミル	1
ミルカー	1
ミルキングアクション	6
ミルク	1
ミルクセーキ	4
ミルクチョコレート	6
ミルクティー	4
ミルクプラント	5
ミルクホール	4
ミルフィーユ	3
ミルラ	1
ミロナイト	3
ミロンガ	2
ミンク	1
ミンク鯨	4
ミンコフスキー時空	8
ミンサー	1
ミンス	1
ミンストレル	1
ミンチ	1
ミンチパイ	4
ミンチボール	4
ミント	1
ミンネザング	4
ミンネゼンガー	4
ムーア人	3
ムース	1
ムーディー	1
ムートン	1
ムード	1
ムードミュージック	4
ムード音楽	4
ムービー	1
ムーブマン	1
ムーブメント	1
ムームー	3
ムール貝	3
ムーン	1
ムーンウオーク	5
ムーンサルト	4
ムーンストーン	5
ムーンフェース	4
ムーンルーフ	4
ムコ多糖類	4
ムサカ	1
ムスカリ	3
ムスカリン	0
ムスク	1
ムスコン	1
ムスタング	3
ムスリム	1
ムック	1
ムックリ	0
ムッシュー	1
ムトン	1
ムニエル	1
ムラート	2
ムライト	2
ムンダー諸語	5
ムンプス	1
メーカー	1
メーキャップ	3
メーク	1
メークアップ	4
メークイン	4
メーザー	1
メース	1
メーター	0
メータク	0
メーデー	1
メート	1
メートル法	0
メード	0
メードインジャパン	7
メープル	1
メープルシロップ	5
メール	1
メールオーダー	4
メールシュート	4
メールボックス	4
メーン	1
メーンアンプ	4
メーンイベント	4
メーンエベント	4
メーンシャフト	4
メーンスタジアム	5
メーンスタンド	5
メーンストリート	6
メーンタイトル	4
メーンテーブル	4
メーンディッシュ	4
メーンデッキ	4
メーンバンク	4
メーンフレーム	5
メーンポール	4
メーンマスト	4
メーンメモリー	4
メアンダー	2
メイ	1
メイク	1
メイズ	1
メイド	1
メイン	1
メインイベント	4
メインスタンド	5
メインストリート	6
メインタイトル	4
メインテナンス	2
メインポール	4
メカ	1
メカトロニクス	5
メカニカル	2
メカニズム	3
メカニック	3
メガ	1
メガエレクトロンボルト	9
メガサイクル	3
メガストラクチャー	5
メガトン	1
メガバイト	3
メガヘルツ	3
メガホン	1
メガロパ	0
メガロポリス	4
メキシコ湾	4
メキシコ湾流	5
メグオーム	3
メサイア	2
メシア	1
メジアン	1
メジシンボール	5
メジャー	1
メジャートーナメント	4
メジャーリーグ	4
メス	1
メスカリン	0
メスシリンダー	4
メスティソ	0
メスバウアー効果	7
メスピペット	4
メセナ	1
メソジスト	3
メソジスト教会	6
メソッド	1
メソポタミア	4
メソポタミア文明	7
メソン	1
メゾ	1
メゾソプラノ	3
メゾチント	3
メゾネット	3
メゾピアノ	3
メゾフォルテ	3
メゾン	1
メタ	1
メタクリル酸	0
メタクリル樹脂	6
メタセコイア	4
メタセンター	3
メタノール	3
メタファー	1
メタフィジカル	3
メタフィジックス	4
メタボリズム	4
メタモルフォーゼ	5
メタリック	3
メタル	0
メタルウッド	4
メタルフォーム	4
メタルフレーム	5
メタルラス	4
メタン	1
メタンガス	4
メタン系炭化水素	9
メタン細菌	4
メタ言語	3
メタ数学	3
メタ倫理学	5
メダリスト	3
メダル	0
メチオニン	0
メチシリン	0
メチシリン耐性黄色葡萄球菌	0
メチル	1
メチルアルコール	4
メチルエーテル	4
メチルオレンジ	5
メチル水銀	4
メチレンブルー	6
メッカ	1
メッシュ	1
メッシュデータ	4
メッセ	1
メッセージ	1
メッセンジャー	3
メッセンジャーＲＮＡ	12
メッセンジャーボーイ	7
メッチェン	1
メディア	1
メディアミックス	4
メディアン	1
メディカル	1
メディカルエンジニアリング	8
メディカルチェック	5
メディケイド	3
メディシンボール	5
メディテーション	3
メトリック	3
メトロ	1
メトロノーム	4
メトロポリス	4
メドック	2
メドレー	1
メドレーリレー	5
メニエール病	0
メニスカス	2
メニュー	1
メニューバー	4
メヌエット	1
メモ	1
メモる	2
メモランダム	3
メモリー	1
メモリーカード	5
メモリアル	2
メモリアルパーク	6
メモワール	3
メモ帳	0
メモ魔	2
メラトニン	0
メラニン	0
メラノーマ	3
メラノサイト	4
メラミン	2
メラミン樹脂	5
メランコリー	2
メランコリア	4
メランコリック	5
メリークリスマス	6
メリーゴーラウンド	6
メリーランド	4
メリケン粉	0
メリスマ	2
メリット	1
メリトクラシー	5
メリノ	1
メリヤス	0
メリヤス編み	0
メリライト	3
メリンス	0
メルカトル図法	6
メルクマール	4
メルシー	1
メルティングポット	6
メルトダウン	4
メルトン	1
メルバトースト	4
メルヘン	1
メルルーサ	3
メレンゲ	2
メロー	1
メロゴニー	2
メロディー	1
メロドラマ	3
メロン	1
メンシェビキ	3
メンス	1
メンソール	3
メンター	1
メンタリティー	3
メンタル	1
メンタルテスト	5
メンタルトレーニング	6
メンタルヘルス	5
メンタルリハーサル	6
メンチ	1
メンチカツ	4
メンチボール	4
メンテナンス	1
メンデリズム	4
メンデル集団	5
メンデレビウム	5
メントール	3
メンバー	1
メンバーシップ	5
メンヒル	1
メンマ	1
モー	1
モーグルスキー	6
モーゲージ	3
モーゲージファンド	6
モーゲージローン	6
モーション	1
モーションピクチャー	5
モーゼル	1
モーター	1
モーターカー	5
モーターグライダー	6
モーターサイクル	5
モーターショー	5
モータースポーツ	6
モーターバイク	5
モータープール	5
モーターボート	5
モータリゼーション	5
モーダルシフト	5
モーテル	1
モード	1
モーニング	1
モーニングカップ	6
モーニングコート	6
モーニングコール	6
モーニングサービス	6
モーニングショー	6
モービル	1
モーブ	1
モーメント	1
モーメントマグニチュード	9
モーラ	1
モーリタニア	4
モール	1
モールスキン	5
モールス符号	5
モールディング	1
モア	1
モアゲージ	3
モアレ	2
モイスチャー	2
モカ	1
モカシン	2
モガ	1
モケット	2
モザイク	2
モザイクタイル	5
モザイク病	0
モザイク卵	4
モザンビーク	4
モジュール	2
モジュラー	1
モジュラーコーディネーション	8
モスク	1
モスグリーン	4
モスレム	1
モダニスト	3
モダニズム	3
モダリティ	2
モダン	0
モダンアート	4
モダンガール	4
モダンジャズ	4
モダンダンス	4
モダンバレエ	4
モダンボーイ	4
モチーフ	2
モチベーション	3
モチベーションリサーチ	8
モックアップ	4
モッズ	1
モッツァレラ	3
モットー	1
モッブ	1
モッブシーン	4
モップ	0
モティーフ	2
モテット	1
モテル	1
モディファイ	1
モディフィケーション	4
モデム	1
モデュール	2
モデュラー	1
モデュラーコーディネーション	8
モデラート	3
モデリング	1
モデル	1
モデルカー	3
モデルケース	4
モデルチェンジ	4
モデルノロジー	4
モデルハウス	4
モデルルーム	4
モデレーター	3
モトクロス	3
モナーキー	2
モナズ石	3
モナド	1
モナド論	3
モナミ	1
モニター	1
モニタリング	0
モニュメンタル	3
モニュメント	1
モニリア症	0
モネラ	1
モネルメタル	4
モノ	1
モノカイン	3
モノカルチャー	3
モノガミー	2
モノクル	1
モノクロ	0
モノクローム	4
モノグラフ	3
モノグラム	3
モノコード	3
モノコックボディー	6
モノスキー	4
モノセックス	3
モノタイプ	3
モノチス	1
モノディー	1
モノトーン	3
モノトナス	3
モノドラマ	3
モノフォニー	3
モノポール	3
モノポリー	2
モノマー	1
モノマニア	3
モノラル	1
モノレール	3
モノローグ	3
モノロック	3
モビール	2
モビールホーム	5
モビリティー	2
モビング	0
モヘア	1
モホロビチッチ不連続面	12
モホ面	2
モボ	1
モメント	1
モラール	2
モラトリアム	3
モラトリアム人間	7
モラリスト	3
モラリティー	2
モラル	1
モラルハザード	5
モリブデン	3
モリブデン鉛鉱	6
モリブデン鋼	0
モル	1
モルジブ	0
モルタル	0
モルダー	1
モルデント	1
モルト	1
モルドバ	0
モルヒネ	0
モルヒネ中毒	5
モルモット	3
モルモン教	0
モル熱	2
モル沸点上昇	7
モレーン	2
モレキュラーシーブ	6
モロッコ革	4
モロヘイヤ	3
モンキー	1
モンキースパナ	6
モンキーレンチ	5
モンク海豹	5
モンゴル	1
モンゴル語	0
モンゴロイド	4
モンスーン	3
モンスター	1
モンタージュ	3
モンタージュ写真	6
モンタナ	0
モンテカルロ法	0
モンブラン	1
モンモリロナイト	6
モンロー主義	5
ヤーデージ	3
ヤードポンド法	0
ヤーパン	1
ヤール	1
ヤーン	1
ヤク	1
ヤッケ	1
ヤッホー	1
ヤハウェ	1
ヤポンスキー	5
ヤム	1
ヤラッパ	2
ヤンガージェネレーション	7
ヤンキー	1
ヤング	1
ヤングアダルト	5
ヤングパワー	4
ヤング率	3
ヤ行	1
ユー	1
ユーカラ	0
ユーカリ	0
ユーカリスト	4
ユーカリ油	4
ユークリッド幾何学	8
ユークリッド空間	7
ユーグレナ	3
ユーゴスラビア	5
ユーサネイジア	4
ユーザー	1
ユーザーインターフェース	9
ユーザー辞書	5
ユーザンス	1
ユージェニックス	4
ユージオメーター	5
ユース	1
ユースホステル	4
ユーズドカー	4
ユーティリティー	3
ユーティリティープログラム	8
ユーティリティールーム	7
ユートピア	3
ユートピアン	3
ユーモア	1
ユーモラス	1
ユーモリスト	4
ユーモレスク	4
ユーラシア	3
ユーロ	1
ユーロカレンシー	5
ユーロコミュニズム	6
ユーロダラー	4
ユーロマネー	4
ユーロ円債	4
ユウロピウム	4
ユタ	1
ユダヤ教	0
ユダヤ人	3
ユダヤ暦	3
ユッカ	1
ユッケ	1
ユニーク	2
ユニオン	1
ユニオンショップ	5
ユニオンジャック	5
ユニコーン	3
ユニセックス	3
ユニゾン	1
ユニタリータックス	6
ユニックス	2
ユニット	1
ユニットバス	5
ユニット家具	5
ユニット型投資信託	10
ユニティー	1
ユニバーサル	3
ユニバーサルサービス	7
ユニバーサルジョイント	7
ユニバーサルタイム	7
ユニバーシアード	6
ユニバーシティー	3
ユニバース	1
ユニホーム	3
ユマニスム	3
ユモレスク	3
ユリア樹脂	4
ユリイカ	2
ユリウス暦	4
ヨーガ	1
ヨーク	1
ヨークシャーテリア	6
ヨークシャープディング	6
ヨーグルト	3
ヨーシン	1
ヨーチン	0
ヨーデル	1
ヨード	1
ヨードチンキ	4
ヨーマン	1
ヨーヨー	3
ヨーロピアン	3
ヨーロピアンプラン	7
ヨガ	1
ヨジウム	2
ヨジウムチンキ	5
ヨット	1
ヨットハーバー	4
ヨットパーカ	4
ヨットレース	4
ヨヒンビン	2
ヨヒンベ	2
ヨルダン	1
ヨルバ語	0
ラ	1
ラーガ	1
ラーク	1
ラーゲ	1
ラーゲリ	1
ラーゲル	1
ラージ	1
ラージヒル	4
ラージボール	4
ラージラケット	5
ラード	1
ラーニングカーブ	6
ラーニングディスアビリティー	9
ラーメン	1
ラーメン橋	0
ラー油	0
ライ	1
ライアテール	4
ライオン	0
ライオンズクラブ	6
ライオンタマリン	5
ライカ判	0
ライガー	1
ライス	1
ライスカレー	4
ライスペーパー	4
ライセンス	1
ライセンス生産	6
ライソゾーム	4
ライター	1
ライダー	1
ライチー	1
ライティング	0
ライティングデスク	6
ライティングビューロー	6
ライディングアーチェリー	6
ライデン瓶	3
ライト	1
ライトアップ	4
ライトオペラ	4
ライトハウス	4
ライトバリュー	4
ライトバン	0
ライトブルー	5
ライトヘビー級	0
ライトペン	0
ライトモチーフ	5
ライト級	0
ライナー	1
ライナーノート	5
ライニング	1
ライノウイルス	5
ライノタイプ	4
ライバル	1
ライフ	1
ライフサイエンス	4
ライフサイクル	4
ライフサイクルアナリシス	9
ライフジャケット	5
ライフスタイル	5
ライフステージ	5
ライフセーバー	4
ライフヒストリー	4
ライフベスト	4
ライフボート	4
ライフライン	4
ライフラフト	4
ライフル	1
ライフル射撃	5
ライフル銃	4
ライフワーク	4
ライブ	1
ライブハウス	4
ライブラリー	1
ライブレコーディング	5
ライム	1
ライムライト	4
ライラック	3
ライン	1
ラインアウト	4
ラインアップ	4
ラインアンドスタッフ	8
ラインストーン	5
ラインズマン	1
ラインダンス	4
ラインドライブ	5
ラインナップ	4
ラインプリンター	5
ラインメン	2
ライ小麦	3
ライ症候群	5
ライ豆	1
ライ麦	0
ラウドスピーカー	5
ラウンジ	1
ラウンド	1
ラウンドナンバー	5
ラオチュー	2
ラオ語	0
ラガー	1
ラガービール	4
ラガーマン	2
ラクーン	2
ラクトース	3
ラクトアイス	4
ラクトフラビン	5
ラクロス	1
ラグ	1
ラグー	2
ラグーン	2
ラグジュアリー	2
ラグタイム	3
ラグビー	1
ラグラン	1
ラグランスリーブ	6
ラケット	2
ラケットボール	5
ラザーニャ	2
ラザニア	0
ラショナリズム	4
ラショナル	1
ラジアル	1
ラジアルタイヤ	5
ラジアン	1
ラジウス	2
ラジウム	2
ラジウム泉	0
ラジウム療法	5
ラジエーション	3
ラジエーター	3
ラジオ	1
ラジオアイソトープ	7
ラジオイムノアッセイ	7
ラジオカー	3
ラジオカーボン	4
ラジオカーボンデーティング	8
ラジオカセット	5
ラジオグラフィー	4
ラジオコントロール	7
ラジオコンパス	4
ラジオゾンデ	4
ラジオドラマ	4
ラジオビーコン	4
ラジオブイ	4
ラジオメーター	4
ラジオ体操	4
ラジカセ	0
ラジカリスト	4
ラジカリズム	4
ラジカル	1
ラジカルエコノミックス	8
ラジカルフェミニズム	7
ラジコン	0
ラス	1
ラスク	1
ラスター	1
ラスト	1
ラストシーン	4
ラストスパート	5
ラストヘビー	4
ラストリゾート	5
ラスパイレス指数	7
ラスボード	3
ラズベリー	3
ラセミ体	0
ラタトゥイユ	3
ラタン	1
ラチェット	1
ラチチュード	3
ラッカー	1
ラッキー	1
ラッキーセブン	5
ラッキーゾーン	5
ラッキーボーイ	5
ラック	1
ラッコ	0
ラッサ熱	3
ラッシー	1
ラッシュ	1
ラッシュアワー	4
ラッシュ時	3
ラッセル	1
ラッセル音	4
ラッセル車	4
ラッチ	1
ラット	1
ラッパー	1
ラッピング	0
ラップ	1
ラップコート	4
ラップジョイント	4
ラップタイム	4
ラップトップ	4
ラティフンディウム	5
ラテックス	2
ラテライト	3
ラテン	0
ラテンアメリカ	4
ラテンリズム	4
ラテン音楽	4
ラテン語	0
ラテン文学	4
ラテン文字	4
ラテン方陣	4
ラテン民族	4
ラディカリズム	4
ラディカル	1
ラディッシュ	1
ラトビア	0
ラトビア語	0
ラド	1
ラドン	1
ラニーニャ	2
ラノリン	2
ラバ	1
ラバー	1
ラバーセメント	4
ラバーソール	4
ラバーブ	2
ラバトリー	1
ラビ	1
ラビオリ	0
ラビット	1
ラビリンス	1
ラピスラズリ	4
ラフ	1
ラファエル前派	5
ラフィア椰子	4
ラフスケッチ	4
ラフティング	1
ラフプレー	4
ラブ	1
ラブアフェア	4
ラブオール	3
ラブオブザグリーン	7
ラブゲーム	3
ラブコール	3
ラブシーン	3
ラブストーリー	4
ラブセット	3
ラブソング	3
ラブバード	3
ラブホテル	3
ラブレター	3
ラプソディー	1
ラベイカ	2
ラベル	1
ラベンダー	2
ラペル	1
ラボ	1
ラボラトリー	3
ラポール	2
ラマ	1
ラマーズ法	0
ラマルク説	4
ラマン効果	4
ラマ教	0
ラミー	1
ラミネート	3
ラム	1
ラムウール	3
ラムジェット	3
ラムダファージ	4
ラムチョップ	3
ラムネ	0
ラム酒	2
ラメ	1
ラメラ	1
ララバイ	1
ラリー	1
ラルゲット	1
ラルゴ	1
ラレンタンド	2
ラワン	1
ラン	1
ランウエー	1
ランガージュ	3
ランキング	1
ランク	1
ラング	1
ラングール	3
ランゲージ	1
ランゲージラボラトリー	8
ランゲルハンス島	0
ランジェリー	1
ランスルー	4
ランセット	3
ランタナ	0
ランタニド	3
ランタノイド	4
ランタン	3
ランダム	1
ランダムアクセス	5
ランダムアクセスメモリー	9
ランダムウオーク	5
ランダムサンプリング	5
ランチ	1
ランチャー	1
ランチョン	1
ランチョンマット	5
ランチョンミート	5
ランディング	0
ランデブー	3
ランド	1
ランドサット	4
ランドスケープ	5
ランドスケープアーキテクチュア	11
ランドセル	4
ランドマーク	4
ランドリー	1
ランナー	1
ランナーズハイ	6
ランニング	0
ランニングキャッチ	6
ランニングコスト	6
ランニングシャツ	6
ランニングシューズ	6
ランニングショット	6
ランニングステッチ	7
ランニングストック	7
ランニングホーマー	6
ランニングマシン	7
ランバーサポート	6
ランブータン	3
ランプ	1
ランプウエー	5
ランプシェード	4
ランマー	1
ラヴ	1
ラ音	0
ラ行	1
ラ行変格活用	1
ラ変	1
リーガー	1
リーキ	1
リーク	1
リーグ	1
リーグ戦	0
リージョナリズム	5
リース	1
リーズナブル	1
リーゼント	1
リーゼントスタイル	7
リーダー	1
リーダーシップ	5
リーチ	1
リーディング	1
リーディングジョッキー	6
リーディングヒッター	6
リート	0
リード	1
リードオフマン	4
リードオルガン	4
リードギター	4
リードボーカル	4
リード楽器	4
リーフ	1
リーフグリーン	5
リーフレット	1
リーベ	1
リーマー	1
リーム	1
リール	0
リーンバーン	4
リアーゼ	2
リアール	2
リアエンジン	3
リアクション	2
リアクター	2
リアクタンス	2
リアス式海岸	6
リアライズ	3
リアリスティック	5
リアリスト	3
リアリズム	3
リアリティー	2
リアル	1
リアルタイム	4
リアルタイム処理	7
リウマチ	0
リウマチス	3
リエゾン	2
リエンジニアリング	5
リカー	1
リカオン	2
リカバー	2
リガーゼ	2
リキッド	1
リキュール	2
リギン	1
リクエスト	3
リクライニングシート	8
リクリエーション	4
リクルート	3
リグ	1
リグナムバイタ	5
リグニン	2
リグロイン	3
リケッチア	2
リゲル	1
リコーダー	2
リコール	2
リコメンデーション	5
リコンストラクション	6
リコンファーム	4
リゴリスト	3
リゴリズム	3
リサーチ	2
リサイクル	2
リサイタル	2
リザーブ	2
リザーブファンド	5
リシプロシティー	5
リシン	1
リジン	1
リス	1
リスキー	1
リスク	1
リスクアセスメント	5
リスクヘッジ	4
リスクマネージメント	5
リスケジューリング	4
リスト	1
リストアップ	4
リストバンド	4
リストラ	0
リストラクチュアリング	4
リスナー	1
リスニング	1
リスニングルーム	6
リスプ	1
リズミカル	3
リズム	1
リズムアンドブルース	8
リズムギター	4
リズムセクション	4
リセ	1
リセール	2
リセッション	2
リセット	2
リソース	2
リソグラフィー	3
リソスフェア	4
リソソーム	3
リソルジメント	2
リゾート	2
リゾートウエア	6
リゾートホテル	5
リゾチーム	3
リゾット	2
リターナブル	2
リターン	2
リターンエース	5
リターンマッチ	5
リタイア	2
リタッチ	2
リタルダンド	2
リダクション	2
リダンダンシー	4
リチウム	2
リチウム電池	5
リッジ	1
リッター	0
リッチ	1
リットル	0
リットル病	0
リッパー	1
リップ	1
リップクリーム	5
リップサービス	4
リップスティック	5
リップリーディング	4
リップル	1
リテール	2
リテラシー	2
リテラチュア	3
リトアニア	0
リトアニア語	0
リトグラフ	3
リトマス	0
リトマス試験紙	6
リトミック	3
リトル	1
リトルマガジン	4
リトルリーグ	4
リナロール	3
リニア	1
リニアアクセレレーター	8
リニアプログラミング	7
リニアモーター	4
リニアモーターカー	6
リニューアル	2
リネージ	2
リネン	1
リノール酸	0
リノタイル	3
リノベーション	3
リノリウム	3
リノレン酸	0
リハーサル	2
リハビリ	0
リハビリテーション	5
リバーサイド	4
リバーサルフィルム	6
リバーシブル	2
リバーシブルレーン	7
リバース	2
リバースエンジニアリング	7
リバースターン	5
リバースロール	5
リバーレース	4
リバイバル	2
リバウンド	2
リバティー	1
リバランシング	3
リバリュエーション	4
リパーゼ	2
リパブリカン	3
リパブリック	2
リヒテンシュタイン	6
リビジョニスト	4
リビドー	2
リビング	1
リビングウイル	6
リビングキッチン	5
リビングダイニング	5
リビングダイニングキッチン	10
リビングルーム	5
リピート	2
リピド	1
リファイナンス	2
リファイン	2
リファレンダム	3
リフィル	2
リフォーミスト	4
リフォーミング	2
リフォーム	2
リフト	1
リフトバック	4
リフレーション	3
リフレーミング	3
リフレーン	3
リフレイン	3
リフレクター	3
リフレッシュ	3
リブ	1
リブボールト	3
リブロース	3
リプリント	3
リプレー	3
リプレゼンテーション	6
リプレッサー	3
リプロダクション	4
リプロダクティブライツ	8
リベート	2
リベッター	2
リベット	2
リベラリスト	4
リベラリズム	4
リベラル	1
リベラルアーツ	5
リベラルフェミニズム	7
リベリア河馬	5
リホーミング	2
リボース	2
リボソーム	3
リボフラビン	4
リボルバー	2
リボルビング	2
リボルビングファンド	7
リボルビングローン	7
リボン	1
リボングラス	4
リボ核酸	3
リポーター	2
リポート	2
リポイド	2
リポ酸	0
リポ蛋白質	6
リミックス	2
リミッター	2
リミット	1
リミットゲージ	5
リミナリティー	3
リム	1
リムーバー	2
リムクラッチ	4
リムジン	1
リメーク	2
リモート	2
リモートコントロール	8
リモートセンシング	5
リモコン	0
リモネン	2
リャマ	1
リヤール	2
リヤカー	3
リュージュ	1
リュート	1
リューマチ	0
リューマチ熱	4
リュック	1
リュックサック	4
リユース	1
リョーマチ	0
リラ	1
リライアビリティー	5
リライト	2
リラクセーション	4
リラックス	2
リリー	1
リリーサー	2
リリース	2
リリーフ	2
リリカル	1
リリシズム	3
リリック	1
リリヤン	1
リレー	0
リレーション	2
リレーレース	4
リロケーション	3
リンガー液	3
リンガラ	0
リンギング	1
リンク	1
リンクス	1
リンク制	0
リング	1
リングサイド	4
リングネーム	4
リングブック	4
リンケージ	3
リンゲル	1
リンゲル液	4
リンス	1
リンター	1
リンチ	1
リンデン	1
リンデンバウム	5
リント	1
リンネル	1
リンパ	1
リンパ液	3
リンパ管	0
リンパ球	3
リンパ節	3
リンパ節炎	5
リンパ腺	0
リンホカイン	4
リンボー	1
ルー	1
ルーキー	1
ルーク	1
ルーサン	1
ルージュ	1
ルーススクラム	5
ルーズ	1
ルーズリーフ	4
ルーター	1
ルーチン	1
ルーツ	1
ルーティン	1
ルーデサック	4
ルート	1
ルートセールス	4
ルーバー	1
ルーピン	1
ルーフ	1
ルーフィング	1
ルーフガーデン	4
ルーフベンチレーター	7
ルーフラック	4
ルーブル	1
ループ	1
ループアンテナ	4
ループタイ	4
ループヤーン	4
ループ線	0
ルーペ	1
ルーマニア語	0
ルーム	1
ルームクーラー	4
ルームサービス	4
ルームチャージ	4
ルームミラー	4
ルームメート	4
ルームライト	4
ルーメン	1
ルーラー	1
ルール	1
ルールブック	4
ルール違反	4
ルーレット	1
ルーン文字	4
ルアー	1
ルイサイト	3
ルイジアナ	3
ルイベ	1
ルクス	1
ルクセンブルク	5
ルゴール	2
ルサンチマン	2
ルシフェラーゼ	4
ルシフェリン	0
ルチン	1
ルック	1
ルックザック	4
ルックス	1
ルッツジャンプ	4
ルテチウム	3
ルテニウム	3
ルネサンス	2
ルネッサンス	2
ルバート	2
ルバーブ	2
ルバシカ	0
ルビ	1
ルビー	1
ルビーガラス	4
ルビー蝋虫	4
ルビジウム	3
ルピー	1
ルピア	1
ルピナス	1
ルフラン	1
ルポ	1
ルポライター	3
ルポルタージュ	4
ルミネセンス	3
ルミノール	3
ルミノール反応	6
ルレット	2
ルワンダ	2
ルワンダ語	0
ルンゲ	1
ルンゼ	1
ルンバ	1
ルンペン	1
ル又	0
レ	1
レーウィン	1
レーガノミックス	5
レーキ	1
レーキドーザー	4
レーク	1
レークサイド	4
レーコン	1
レーサー	1
レーザー	1
レーザーディスク	5
レーザープリンター	6
レーザーメス	5
レーザー光線	5
レーシズム	3
レーシングカー	5
レース	1
レースクイーン	5
レースグラス	4
レース編み	0
レーズン	1
レーゾンデートル	5
レーダー	1
レーダーサイト	5
レーティング	0
レート	1
レードル	1
レーニン主義	5
レーバーユニオン	5
レーベル	0
レーマ	1
レーヨン	1
レール	0
レールウエー	5
レールバス	4
レールロード	4
レーン	1
レーンコート	4
レーンシューズ	4
レーンジャー	1
レーンハット	4
レーンボー	1
レア	1
レアチーズケーキ	6
レアメタル	3
レアリスム	3
レアリテ	0
レイ	1
レイアウト	3
レイオフ	3
レイシズム	3
レイバーユニオン	5
レイブ	1
レイプ	1
レイヤードカット	6
レイリー波	3
レイン	1
レインコート	4
レインジャー	2
レインボー	2
レオスタット	4
レオタード	3
レオパード	3
レオポン	1
レオロジー	2
レガーズ	1
レガート	2
レガッタ	2
レキシコン	3
レギュラー	1
レギュラーガソリン	5
レギュラーコーヒー	5
レギュラーバッティング	5
レギュラーポジション	6
レギュラーメンバー	5
レギュレーション	3
レギュレーター	3
レギンス	1
レクイエム	2
レクチャー	1
レクチン	1
レクリエーション	4
レクリエーションセンター	8
レクリエーション療法	8
レグホン	1
レグルス	1
レゲエ	1
レコーダー	2
レコーディング	0
レコード	2
レコードコンサート	5
レコードプレーヤー	6
レコードホルダー	5
レコード盤	0
レザー	1
レザーカット	4
レザークラフト	5
レザークロス	4
レシート	2
レシーバー	2
レシーブ	2
レシタティーブ	4
レシチン	1
レシテーション	3
レシピ	1
レシピエント	3
レシプロエンジン	5
レシプロシティー	5
レジ	1
レジオンドヌール	6
レジスター	2
レジスタンス	2
レジデンス	1
レジメ	0
レジメンタルタイ	7
レジャー	1
レジャーウエア	5
レジャーセンター	4
レジャーランド	4
レジャー産業	4
レジューム	2
レジュメ	0
レジン	1
レス	1
レスキュー	1
レスキュー隊	0
レスト	1
レストア	1
レストハウス	4
レストラン	1
レストルーム	4
レスビアン	3
レスビアンフェミニズム	8
レスピレーター	4
レスポンシビリティー	6
レスポンス	3
レスラー	1
レスリング	1
レズ	1
レズビアニズム	5
レセプション	2
レセプター	2
レセプト	2
レセルピン	2
レソト	1
レゾリューション	3
レゾルシノール	5
レゾルシン	3
レター	1
レターヘッド	4
レターペーパー	4
レタス	1
レタックス	2
レタッチ	2
レタリング	0
レダマ	1
レチクル座	0
レチノール	3
レッカー	1
レッカー車	3
レック	1
レッグウォーマー	5
レッグウオーマー	5
レッサーパンダ	5
レッスン	1
レッセフェールレッセパッセ	4
レッツゴー	1
レッテル	0
レット	1
レッド	1
レッドカード	4
レッドキャベツ	4
レッドゾーン	4
レッドデータブック	7
レッドパージ	4
レッドペッパー	4
レディー	1
レディース	1
レディーファースト	4
レディーメード	4
レディネス	1
レトリーバー	3
レトリック	3
レトルト	0
レトルトカーボン	5
レトルト食品	5
レトロ	1
レトロウイルス	5
レトロマン語	0
レニウム	2
レニン	1
レバー	1
レバーペースト	4
レバレッジ	3
レパートリー	2
レビュー	1
レビューガール	4
レビレート	3
レビレート婚	5
レピート	2
レフ	1
レファレンス	1
レファレンスサービス	6
レファレンダム	3
レフィル	1
レフェリー	1
レフェリーストップ	6
レフト	1
レフュジー	2
レフリー	1
レフレクター	3
レフレックス	3
レフレックスカメラ	7
レプチャ語	0
レプトセファルス	5
レプトン	1
レプラ	1
レプリカ	2
レプレッサー	3
レベニュー	2
レベニューニュートラル	5
レベル	1
レベルアップ	4
レベルダウン	4
レボリューション	3
レポ	1
レポーター	2
レポート	2
レミニセンス	3
レミング	1
レム睡眠	3
レモネード	3
レモン	1
レモングラス	4
レモンスカッシュ	5
レモンティー	2
レモンバター	4
レモンピール	4
レモン色	0
レモン水	2
レリーズ	2
レリーフ	2
レリック	2
レンジ	1
レンジャー	1
レンズ	1
レンズシャッター	4
レンズフード	4
レンズ雲	4
レンズ豆	3
レンタカー	3
レンタサイクル	4
レンタル	1
レンタルビデオ	5
レンダリング	1
レンチ	1
レント	1
レントゲン	0
レントゲン写真	6
レントゲン線	0
レントラー	1
レンニン	1
レンネット	3
レンマ	1
レ点	0
ロ	1
ロー	1
ローカリズム	4
ローカル	1
ローカルエリアネットワーク	8
ローカルカラー	5
ローカルコスト	5
ローカルニュース	5
ローカル線	0
ローキー	3
ローコスト	3
ローザンヌ学派	6
ローション	1
ローシルク	3
ロージン	1
ロージンバッグ	5
ロース	1
ロースクール	4
ロースター	1
ロースト	1
ローズ	1
ローズアニリン	4
ローズウッド	4
ローズグレー	5
ローズピンク	4
ローズマダー	4
ローズマリー	4
ローゼル	1
ローター	1
ロータス	1
ロータリー	1
ロータリーエンジン	6
ロータリークラブ	6
ロータリースイッチ	7
ロータリーポンプ	6
ロータリーレース	6
ロータリー車	4
ローダー	1
ローテーション	3
ローティーン	3
ローディング	1
ローデンクロス	5
ロード	1
ロードアイランド	4
ロードゲーム	4
ロードショー	3
ロードスター	5
ロードテスト	4
ロードホールディング	4
ロードマップ	4
ロードレース	4
ロードローラー	4
ロードワーク	4
ローネック	3
ローハードル	3
ローヒール	3
ローファー	1
ローファット	3
ローファットミルク	6
ローブ	1
ローブデコルテ	5
ローブロー	4
ロープ	1
ロープウエー	5
ローボレー	3
ローマカトリック教会	9
ローマナイズ	4
ローマン	1
ローマンス	1
ローマン主義	5
ローマン的	0
ローマン派	0
ローマ教会	4
ローマ教皇	4
ローマ教皇庁	6
ローマ字	3
ローマ字つづり	5
ローマ字綴り	5
ローマ神話	4
ローマ数字	4
ローマ法	0
ローマ法王	6
ローム	1
ローヤル	1
ローヤルストレートフラッシュ	11
ローヤルゼリー	5
ローラー	1
ローラーゲーム	5
ローラースケート	6
ローラーベアリング	5
ローラーホッケー	5
ローラー作戦	5
ローリエ	1
ローリング	0
ローリングミル	6
ロール	1
ロールオーバー	4
ロールカラー	4
ロールキャベツ	4
ロールコール	4
ロールシャッハテスト	7
ロールバー	4
ロールバック	4
ロールパン	0
ロールフィルム	4
ロールプレーイング	5
ロールプレーイングゲーム	10
ロールプレイング	5
ロール雲	4
ロール紙	3
ローレル	1
ローレンシウム	5
ローレンツ収縮	6
ローレンツ変換	6
ローレンツ力	5
ローン	1
ローンスキー	5
ローンテニス	4
ローンポジション	5
ロイシン	1
ロイド眼鏡	4
ロイマチス	3
ロイヤリティー	3
ロイヤル	1
ロイヤルゼリー	5
ロイヤルティー	3
ロイヤルボックス	5
ロイヤルミルクティー	6
ロカビリー	3
ロガリズム	3
ログ	1
ログアウト	3
ログイン	3
ログキャビン	3
ログハウス	3
ロケ	1
ロケーション	2
ロケット	2
ロケット弾	4
ロケハン	0
ロココ	1
ロゴ	1
ロゴス	1
ロゴセラピー	3
ロゴタイプ	3
ロゴマーク	3
ロザリオ	0
ロシアンルーレット	5
ロシア語	0
ロシア人	3
ロシア文字	4
ロジウム	2
ロジカル	1
ロジスティックス	4
ロジスティック曲線	7
ロジック	1
ロジン	1
ロジンバッグ	4
ロス	1
ロスター	1
ロスタイム	3
ロストボール	4
ロゼ	1
ロゼット	2
ロッカー	1
ロッキングチェア	6
ロック	1
ロックアウト	4
ロックウール	4
ロッククライミング	5
ロックフィルダム	6
ロックフォール	4
ロックミシン	4
ロックンロール	5
ロッグウッドの木	4
ロッシェル塩	4
ロッジ	1
ロッジング	0
ロット	1
ロッド	1
ロッドアンテナ	4
ロップ	1
ロデオ	1
ロトンダ	2
ロドプシン	2
ロハ	1
ロハ台	0
ロビー	1
ロビー活動	4
ロビイスト	3
ロビン	1
ロビング	0
ロフト	1
ロフトジャズ	4
ロブ	1
ロブスター	2
ロベリア	2
ロボット	1
ロボトミー	2
ロマーニー語	0
ロマネスク	3
ロマネスク建築	6
ロマン	1
ロマンシュ語	0
ロマンス	2
ロマンスカー	4
ロマンスグレー	6
ロマンスシート	5
ロマンス語	0
ロマンチシスト	5
ロマンチシズム	5
ロマンチスト	4
ロマンチック	4
ロマン主義	4
ロマン派	0
ロマン派音楽	5
ロム	1
ロヤリティー	2
ロリータコンプレックス	8
ロリコン	0
ロリス	1
ロリポップ	3
ロング	1
ロングアイアン	4
ロングショット	4
ロングスカート	5
ロングストライド	6
ロングセラー	4
ロングトン	3
ロングドリンク	5
ロングパス	4
ロングヒット	4
ロングヘア	4
ロングホール	4
ロングライフミルク	7
ロングラン	3
ロングリリーフ	5
ロンダリング	0
ロンド	1
ロンパース	1
ロンパリ	1
ロ調	1
ワーカー	1
ワーカーズコレクティブ	7
ワーカホリック	5
ワーキングホリデー	6
ワーク	1
ワークシート	4
ワークシェアリング	4
ワークショップ	4
ワークステーション	5
ワークハウス	4
ワークブック	4
ワースト	1
ワード	1
ワードプロセッサー	6
ワードローブ	4
ワープ	1
ワープロ	0
ワーム	1
ワールド	1
ワールドカップ	5
ワールドシリーズ	6
ワールドミュージック	5
ワールドワイド	5
ワーレット	1
ワイスマン説	4
ワイド	1
ワイドショー	4
ワイドスクリーン	6
ワイドレンズ	4
ワイナリー	1
ワイパー	1
ワイフ	1
ワイプ	1
ワイヤ	1
ワイヤグラス	4
ワイヤゲージ	4
ワイヤブラシ	4
ワイヤラス	1
ワイヤレス	1
ワイヤレスマイク	6
ワイヤレスマイクロホン	9
ワイヤロープ	4
ワイルド	1
ワイルドウオーター	6
ワイルドピッチ	5
ワイルドライス	5
ワイル病	0
ワイン	1
ワインカラー	4
ワインクーラー	4
ワイングラス	4
ワインセラー	4
ワインドアップ	5
ワインドアップポジション	9
ワインビネガー	4
ワインレッド	4
ワウ	1
ワウフラッター	4
ワキ正面	3
ワギナ	1
ワクチン	1
ワゴン	1
ワゴンサービス	4
ワゴンセール	4
ワシントン	2
ワスプ	1
ワセリン	0
ワックス	1
ワッシャー	1
ワッセルマン反応	7
ワット	1
ワットマン紙	4
ワット計	0
ワット時	3
ワット秒	3
ワッフル	1
ワッフルスラブ	5
ワッペン	1
ワニス	1
ワラビー	1
ワラルー	1
ワラント債	4
ワルツ	1
ワン	1
ワンウエー	4
ワンオブゼム	5
ワンクッション	3
ワンゲル	1
ワンサイドゲーム	6
ワンステップ	4
ワンスモア	4
ワンセット	3
ワンタッチ	3
ワンダーフォーゲル	5
ワンダーランド	5
ワンダフル	1
ワンダン	1
ワンツーパンチ	5
ワンデルング	1
ワンナウト	3
ワンパターン	4
ワンピース	3
ワンポイント	3
ワンマン	1
ワンマンカー	5
ワンマンショー	5
ワンマンバス	5
ワンライティングシステム	8
ワンルーム	3
ワンルームマンション	6
ワンレングス	3
ワ冠	2
ヶ国	0
Π	1
α	1
α化	3
α線	0
α波	3
α米	0
α崩壊	4
α粒子	4
β	1
βカロテン	1
β線	0
β波	3
β崩壊	4
γ	1
γアミノ酪酸	7
γ線	0
δ	1
ε	3
ζ	1
η	1
θ	1
ι	1
κ	1
λ	1
μ	1
μ粒子	3
ν	1
ξ	1
ο	3
π	1
π中間子	5
π電子	3
ρ	1
σ	1
σ電子	4
τ	1
τ粒子	3
υ	1
φ	1
χ	1
ψ	1
ω	1
亜ぐ	0
亜ヒ酸	0
亜鉛	0
亜鉛華	0
亜鉛華軟膏	5
亜鉛中毒	4
亜鉛鉄板	4
亜鉛凸版	4
亜欧	1
亜音速	2
亜科	1
亜界	0
亜寒帯	0
亜綱	1
亜高山帯	0
亜酸化窒素	5
亜種	1
亜硝酸	2
亜硝酸アンモニウム	9
亜硝酸カリウム	7
亜硝酸ナトリウム	8
亜硝酸塩	4
亜硝酸菌	4
亜成層圏	4
亜聖	1
亜属	1
亜族	1
亜大陸	2
亜炭	1
亜熱帯	2
亜熱帯気候	6
亜熱帯高気圧	8
亜熱帯植物	7
亜父	1
亜米利加山法師	7
亜米利加杉	4
亜麻	1
亜麻糸	0
亜麻色	0
亜麻仁	0
亜麻仁油	0
亜目	1
亜門	1
亜流	0
亜硫酸	0
亜硫酸ガス	6
亜硫酸ナトリウム	8
亜硫酸パルプ	6
亜硫酸塩	4
亜燐酸	0
亜鈴	1
亜砒酸	0
唖	0
唖々	1
唖唖	1
唖者	1
唖蝉	2
唖然	0
唖鈴	1
阿	2
阿うん	0
阿しゅく	0
阿ねる	3
阿る	3
阿翁	1
阿亀	2
阿亀蕎麦	4
阿亀鸚哥	4
阿菊虫	3
阿兄	1
阿古屋貝	3
阿候鯛	2
阿国歌舞伎	4
阿字	1
阿修羅	1
阿修羅道	3
阿世	1
阿仙薬	2
阿漕	1
阿漕ぎ	1
阿多福	2
阿多福豆	4
阿多福風邪	4
阿多福面	4
阿檀	1
阿婆擦	0
阿婆擦れ	0
阿比	1
阿毘達磨	3
阿鼻	1
阿鼻叫喚	1
阿鼻地獄	3
阿武船	4
阿片	0
阿片窟	2
阿片中毒	4
阿呆	2
阿呆たれ	4
阿呆らしい	4
阿呆臭い	2
阿呆垂れ	4
阿呆陀羅	2
阿呆陀羅経	0
阿呆鳥	2
阿呆面	0
阿房	2
阿房鳥	2
阿房払い	4
阿弥陀	0
阿弥陀堂	0
阿弥陀如来	4
阿弥陀被り	4
阿弥陀仏	3
阿弥陀籤	3
阿羅漢	2
阿頼耶識	3
阿蘭若	2
阿蘭陀海芋	5
阿列布油	4
阿吽	0
阿吽の呼吸	0
阿娜っぽい	4
阿彌陀	0
阿諛	1
阿諛追従	1
阿闍世コンプレックス	7
阿闍梨	1
阿魏	1
哀々	1
哀しい	0
哀しげ	0
哀しさ	2
哀しみ	0
哀しむ	3
哀し気	0
哀れ	1
哀れっぽい	5
哀れみ	0
哀れむ	3
哀哀	0
哀咽	0
哀韻	0
哀歌	1
哀楽	0
哀感	0
哀歓	0
哀願	0
哀求	0
哀泣	0
哀号	0
哀史	1
哀思	1
哀詞	1
哀詩	1
哀辞	1
哀愁	0
哀傷	0
哀傷歌	3
哀情	0
哀惜	0
哀切	0
哀絶	0
哀訴	1
哀調	0
哀痛	0
哀悼	0
哀別	0
哀慕	1
哀憐	0
哀話	0
哀哭	0
哀恤	0
哀愍	0
哀憫	0
愛	1
愛々しい	5
愛おしい	4
愛おしむ	4
愛がん	0
愛がん動物	5
愛きょう	3
愛くるしい	5
愛しい	3
愛しみ	0
愛しむ	4
愛し子	3
愛す	1
愛すべき	4
愛する	3
愛でたい	3
愛でる	2
愛の結晶	1
愛の巣	1
愛ぶ	1
愛らしい	4
愛愛しい	5
愛育	0
愛飲	0
愛煙家	0
愛楽	0
愛玩	0
愛玩動物	5
愛翫	0
愛器	1
愛機	1
愛妓	1
愛郷	0
愛郷心	3
愛玉子	3
愛吟	0
愛敬	1
愛敬紅	5
愛敬黒子	5
愛敬者	0
愛敬毛	3
愛犬	0
愛顧	1
愛護	1
愛好	0
愛好家	0
愛好者	3
愛校	0
愛校心	3
愛国	0
愛国者	3
愛国心	4
愛妻	0
愛妻家	0
愛餐	0
愛子	3
愛児	1
愛執	0
愛社	0
愛車	0
愛重	0
愛書	0
愛唱	0
愛唱歌	3
愛妾	0
愛称	0
愛嬢	0
愛情	0
愛人	0
愛惜	0
愛染	0
愛染妙王	7
愛染明王	7
愛想	3
愛想笑い	4
愛想尽かし	4
愛憎	0
愛蔵	0
愛息	0
愛孫	0
愛他主義	4
愛着	0
愛聴	0
愛鳥	0
愛鳥週間	5
愛弟子	0
愛読	0
愛読者	3
愛読書	3
愛日	0
愛猫	0
愛念	0
愛馬	1
愛撫	1
愛別離苦	5
愛慕	1
愛娘	3
愛用	0
愛用者	3
愛慾	0
愛欲	0
愛憐	0
愛嬌	3
愛嬌黒子	5
愛嬌者	0
愛嬌商売	5
愛嬌笑い	5
愛嬌付く	5
愛恤	0
愛誦	0
挨拶	1
挨拶語	0
逢い引き	0
逢い見る	1
逢う	1
逢う魔が刻	1
逢う魔が時	1
逢う魔ヶ刻	1
逢う魔ヶ時	1
逢わせる	3
逢引	0
逢瀬	1
逢着	0
逢魔が刻	1
逢魔が時	4
逢魔ヶ刻	1
逢魔ヶ時	1
葵	0
葵祭	4
茜	0
茜色	0
悪	1
悪あがき	3
悪い	2
悪がき	0
悪さ	1
悪し	1
悪しからず	3
悪しき	1
悪し様	0
悪し様に	0
悪じゃれ	0
悪ずれ	0
悪たれ	0
悪たれる	4
悪たれ口	4
悪だくみ	3
悪のり	0
悪びれる	4
悪ふざけ	3
悪ぶる	3
悪む	2
悪らつ	0
悪悪戯	3
悪意	1
悪意占有	1
悪衣	1
悪因	0
悪因悪果	5
悪因縁	3
悪運	0
悪影響	3
悪液質	4
悪疫	0
悪縁	0
悪化	0
悪果	1
悪貨	1
悪餓鬼	0
悪寒	0
悪感	0
悪感情	3
悪漢	0
悪漢小説	5
悪気	0
悪鬼	1
悪戯	0
悪戯っ子	0
悪戯子	0
悪戯者	0
悪戯書	0
悪戯書き	0
悪戯小僧	6
悪戯盛り	5
悪戯坊主	5
悪虐	0
悪虐無道	0
悪逆	0
悪逆無道	0
悪怯れる	4
悪業	0
悪玉	0
悪玉化	0
悪形	0
悪計	2
悪血	0
悪賢い	5
悪言	0
悪口	0
悪口雑言	3
悪巧み	3
悪行	0
悪妻	0
悪才	0
悪材料	3
悪擦	0
悪擦れ	0
悪事	1
悪疾	0
悪質	0
悪者	0
悪手	1
悪趣味	3
悪酒	0
悪習	0
悪臭	0
悪循環	3
悪所	1
悪書	1
悪女	1
悪症	3
悪乗り	0
悪場	0
悪条件	3
悪食	0
悪心	0
悪神	0
悪人	0
悪人正機	5
悪推量	3
悪水	0
悪酔	0
悪酔い	0
悪摺れ	0
悪性	0
悪性リンパしゅ	7
悪性リンパ腫	7
悪性黒色腫	8
悪性腫瘍	5
悪性貧血	5
悪政	0
悪声	0
悪税	0
悪舌	0
悪宣伝	3
悪戦	0
悪戦苦闘	0
悪銭	0
悪阻	1
悪僧	0
悪相	3
悪送球	3
悪騒ぎ	3
悪足掻き	3
悪太郎	3
悪態	0
悪達者	3
悪知恵	0
悪知識	3
悪地	1
悪天	0
悪天候	3
悪徒	1
悪党	3
悪投	0
悪童	0
悪道	0
悪徳	0
悪日	0
悪熱	0
悪念	0
悪婆	1
悪罵	1
悪馬	1
悪筆	0
悪評	0
悪病	0
悪婦	1
悪風	0
悪文	0
悪平等	3
悪弊	0
悪癖	0
悪報	0
悪方	0
悪法	0
悪魔	1
悪魔主義	4
悪魔払い	4
悪夢	1
悪名	0
悪木盗泉	0
悪役	0
悪訳	0
悪友	0
悪遊び	3
悪用	0
悪令	0
悪例	0
悪霊	0
悪路	1
悪露	1
悪巫山戯	3
悪洒落	0
悪辣	0
握らす	0
握らせる	0
握り	0
握りこぶし	4
握りしめる	5
握りずし	3
握りつぶし	0
握りつぶす	5
握りばさみ	4
握り屋	0
握り緊める	5
握り拳	4
握り寿司	3
握り潰し	0
握り潰す	5
握り締める	5
握り箸	3
握り飯	0
握り鋏	4
握り鮨	3
握る	0
握手	1
握寿司	3
握髪吐哺	5
握飯	0
握斧	1
握力	2
握力計	0
握鮨	3
旭	1
旭蟹	3
旭旗	1
旭光	0
旭日	0
旭日旗	4
旭日昇天	0
旭日章	4
旭日大綬章	7
旭暉	1
葦	1
葦鴨	3
葦原	2
葦原雀	5
葦戸	2
葦五位	2
葦鹿	0
葦手	0
葦雀	0
葦切	0
葦切鮫	4
葦船	0
葦笛	0
葦登	3
葦登り	3
葦辺	0
葦毛	0
葦簾	0
葦簀	0
芦毛	0
梓	1
梓弓	3
梓巫女	4
圧し	0
圧しおる	3
圧しころす	4
圧しつぶす	4
圧し曲げる	4
圧し殺す	4
圧し折る	3
圧し潰す	4
圧す	2
圧する	0
圧延	0
圧延機	3
圧壊	0
圧覚	0
圧巻	0
圧砕	0
圧搾	0
圧搾器	4
圧搾機	4
圧搾空気	5
圧殺	0
圧死	0
圧縮	0
圧縮器	4
圧縮機	4
圧縮空気	5
圧縮空気機械	9
圧縮酸素	5
圧縮率	4
圧出	0
圧勝	0
圧条	0
圧制	0
圧政	0
圧接	0
圧雪	0
圧痛	0
圧痛点	3
圧潰	0
圧潰す	4
圧点	3
圧電気	3
圧電効果	5
圧倒	0
圧倒的	0
圧入	0
圧迫	0
圧迫感	4
圧迫包帯	5
圧麦	0
圧伏	0
圧服	0
圧粉磁心	5
圧密	0
圧面	0
圧力	2
圧力釜	0
圧力計	0
圧力団体	5
圧力鍋	5
斡旋	0
扱い	0
扱う	0
扱き	3
扱きおろす	4
扱き下ろす	4
扱き交ぜる	4
扱き混ぜる	4
扱き雑ぜる	4
扱き使う	1
扱き落とす	4
扱く	1
扱ぐ	1
扱下ろす	4
扱混ぜる	4
扱使う	1
宛	0
宛がう	3
宛て	0
宛てがい扶持	0
宛てがう	0
宛てる	0
宛て字	0
宛て先	0
宛て名	0
宛も	1
宛ら	0
宛字	0
宛所	0
宛先	0
宛然	0
宛転	0
宛名	0
姐	0
姐さん	1
姐や	1
姐御	0
姐御肌	3
虻	1
虻蜂取らず	5
飴	0
飴ん棒	0
飴屋	0
飴玉	0
飴細工	3
飴煮	0
飴色	0
飴湯	0
飴売	0
飴売り	0
飴粕	1
飴坊	0
絢爛	0
綾	2
綾なす	3
綾錦	3
綾絹	3
綾子	0
綾糸	0
綾取	3
綾取り	3
綾織	0
綾織り	0
綾織物	3
綾羅	1
綾綺殿	3
綾藺笠	4
鮎	1
鮎擬	3
鮎魚女	0
鮎釣り	2
鮎並	0
或	1
或いは	2
或は	2
或る	1
或る時	1
或る人	1
或る程度	1
或る日	1
粟	1
粟おこし	3
粟飯	0
粟餅	2
粟立つ	3
粟粒	3
粟粒結核	5
袷	3
安々	3
安い	2
安かろう悪かろう	4
安っぽい	4
安ぴか	0
安まる	3
安らい	3
安らう	3
安らか	2
安らぎ	0
安らぐ	3
安んじる	4
安んぞ	3
安安	3
安易	1
安逸	0
安永	0
安穏	0
安価	1
安臥	1
安楽	0
安楽いす	4
安楽椅子	4
安楽死	4
安閑	0
安危	1
安気	1
安居	1
安月給	3
安固	1
安康	0
安座	0
安山岩	3
安産	1
安死術	3
安者	1
安車	0
安手	0
安酒	0
安住	0
安宿	0
安上がり	3
安上り	3
安心	0
安心感	3
安心立命	0
安神	0
安政	0
安請け合い	3
安請合い	3
安静	0
安全	0
安全ガラス	5
安全パイ	3
安全ピン	3
安全器	3
安全期	3
安全係数	5
安全圏	3
安全港	3
安全性	0
安全装置	5
安全地帯	5
安全剃刀	5
安全灯	0
安全牌	3
安全弁	3
安全保障	5
安全保障会議	8
安全保障条約	8
安全保障理事会	9
安全帽	3
安全率	3
安全瓣	3
安息	0
安息香	0
安息香酸	5
安息日	4
安打	0
安泰	0
安宅船	4
安値	2
安置	1
安着	0
安直	0
安貞	0
安定	0
安定株主	6
安定感	3
安定器	3
安定期	3
安定恐慌	5
安定性	0
安定成長	5
安定操作	5
安定多数	6
安定同位体	0
安定陸塊	5
安堵	1
安土	1
安土時代	4
安土桃山時代	1
安南語	0
安寧	0
安寧秩序	6
安排	3
安倍川餅	4
安売り	0
安泊まり	3
安泊り	3
安否	1
安普請	3
安物	0
安保	1
安保条約	4
安本丹	3
安眠	0
安佚	0
庵	0
庵室	0
庵主	1
庵点	3
按じる	0
按ずる	0
按察	1
按察使	1
按司	0
按手	1
按手礼	3
按針	0
按排	3
按配	3
按腹	0
按分	0
按摩	0
按摩マッサージ指圧師	11
暗々裏	3
暗々裡	3
暗い	0
暗うつ	0
暗がり	0
暗きょ	1
暗たん	0
暗に	1
暗ます	0
暗む	0
暗やみ	0
暗ゆ	0
暗れる	1
暗暗裏	3
暗暗裡	3
暗闇	0
暗欝	0
暗雲	0
暗影	0
暗褐色	3
暗記	0
暗記力	3
暗渠	1
暗渠排水	4
暗愚	1
暗君	0
暗穴	0
暗剣殺	3
暗語	0
暗紅色	3
暗香	0
暗号	0
暗号文	3
暗合	0
暗刻	1
暗黒	0
暗黒街	4
暗黒時代	5
暗黒星雲	5
暗黒大陸	5
暗黒物質	5
暗黒面	4
暗殺	0
暗算	0
暗紫色	3
暗視	0
暗視装置	4
暗示	0
暗示療法	4
暗室	0
暗愁	0
暗順応	3
暗唱	0
暗唱番号	5
暗礁	0
暗証	0
暗証番号	5
暗色	0
暗赤色	4
暗線	0
暗然	0
暗中	0
暗中飛躍	0
暗中摸索	0
暗中模索	0
暗潮	0
暗転	0
暗点	0
暗闘	0
暗函	0
暗箱	0
暗譜	0
暗部	1
暗幕	0
暗黙	0
暗黙知	4
暗夜	1
暗躍	0
暗流	0
暗緑	0
暗緑色	4
暗涙	0
暗喩	0
暗鬱	0
暗澹	0
暗翳	0
暗誦	0
案	1
案じる	0
案じ顔	0
案ずる	0
案の上	3
案の条	3
案の定	3
案下	1
案外	1
案件	0
案山子	0
案出	0
案内	3
案内係	5
案内広告	5
案内者	3
案内所	0
案内書	5
案内嬢	3
案内状	0
案内人	0
案内役	0
案配	3
案分	0
案文	0
闇	2
闇々	3
闇カルテル	3
闇闇	3
闇雲	0
闇屋	2
闇金融	3
闇愚	1
闇穴	0
闇黒	0
闇市	2
闇取り引き	3
闇取引	3
闇汁	0
闇商人	3
闇将軍	3
闇然	0
闇相場	3
闇打ち	0
闇値	2
闇討ち	0
闇鍋	0
闇米	0
闇夜	1
闇路	0
鞍	2
鞍掛海豹	6
鞍瓦	1
鞍橋	1
鞍骨	1
鞍擦れ	0
鞍上	0
鞍替え	0
鞍馬	0
鞍敷	2
鞍部	1
杏	0
杏花	1
杏子	0
杏仁	1
杏仁豆腐	5
杏茸	3
杏林	0
以って	1
以て	1
以ての外	3
以遠	1
以遠権	2
以往	1
以下	1
以外	1
以後	1
以降	1
以上	1
以心伝心	1
以西	1
以前	1
以東	1
以内	1
以南	1
以北	1
以来	1
以呂波歌留多	4
以呂波紅葉	4
伊	1
伊佐木	1
伊寿墨	2
伊集	1
伊須墨	2
伊吹	1
伊吹虎の尾	6
伊吹虎尾	6
伊吹柏槙	4
伊勢えび	2
伊勢蝦	2
伊勢海老	2
伊勢乞食	3
伊勢鯉	0
伊勢講	0
伊勢参り	3
伊勢神宮	5
伊勢防風	3
伊達	0
伊達巻	0
伊達巻き	0
伊達眼鏡	3
伊達姿	3
伊達者	0
伊達女	3
伊達男	3
伊達着	3
伊達締	0
伊達締め	0
伊富	0
伊万里焼	0
伊予柑	0
伊留満	1
伊良	1
伊呂波	2
伊呂波ガルタ	4
伊呂波歌	3
伊呂波歌留多	4
伊呂波順	0
伊呂波楓	4
伊弉諾景気	5
位	0
位する	0
位階	1
位階勲等	1
位冠	1
位官	1
位記	1
位次	1
位取り	0
位相	0
位相幾何学	5
位相空間	4
位相差顕微鏡	0
位相速度	4
位地	1
位置	1
位置づけ	0
位置づける	4
位置エネルギー	4
位置ベクトル	3
位置天文学	5
位置付け	0
位置付ける	4
位倒れ	4
位牌	0
位牌所	0
位牌堂	0
位付け	0
位負	0
位負け	0
依って	0
依りて	0
依り代	0
依る	0
依願	1
依願退職	4
依願免官	1
依拠	1
依嘱	0
依然	0
依存	0
依代	0
依託	0
依託射撃	4
依報	0
依命	0
依頼	0
依頼状	0
依頼心	2
依估	1
依估地	0
依估贔屓	3
依怙	1
依怙地	0
依怙贔負	3
依怙贔屓	3
偉	0
偉い	2
偉がる	3
偉そう	3
偉ぶる	3
偉観	0
偉挙	1
偉業	0
偉勲	0
偉功	0
偉効	0
偉才	0
偉材	0
偉丈夫	2
偉人	0
偉跡	0
偉蹟	0
偉大	0
偉物	0
偉容	0
偉力	1
囲い	0
囲い込み	0
囲い込む	4
囲い者	0
囲う	0
囲にょう	0
囲み	0
囲み記事	4
囲む	0
囲碁	1
囲障	0
囲壁	0
囲炉裏	0
囲炉裡	0
囲繞	0
夷	0
夷講	0
夷国	1
夷人	1
夷則	1
夷俗	1
夷狄	0
委しい	3
委せる	3
委ねる	3
委員	1
委員会	2
委員長	2
委棄	1
委曲	1
委細	1
委縮	0
委譲	0
委嘱	0
委託	0
委託者	3
委託生	2
委託売買	4
委託販売	4
委任	0
委任状	0
委任代理人	0
委任統治	4
委任立法	4
委付	1
威	0
威かす	0
威す	0
威圧	0
威嚇	0
威喝	0
威儀	1
威儀細	0
威権	1
威厳	0
威光	0
威丈高	0
威信	0
威勢	0
威張る	2
威徳	0
威迫	0
威武	1
威部	1
威風	1
威風堂々	1
威風堂堂	1
威服	0
威名	0
威容	0
威力	1
威力業務妨害	7
威令	0
威霊	0
尉	1
尉官	1
尉鶲	0
惟	0
惟う	2
惟うに	2
惟みる	4
惟る	4
惟神	0
意	1
意外	0
意気	1
意気軒昂	1
意気軒高	1
意気込み	0
意気込む	3
意気昇天	1
意気消沈	1
意気衝天	1
意気組	4
意気組み	4
意気阻喪	1
意気地	1
意気地なし	3
意気地無し	3
意気投合	1
意気揚々	1
意気揚揚	1
意気銷沈	1
意義	1
意義深い	4
意義素	2
意見	1
意見広告	4
意見書	0
意固地	0
意向	0
意志	1
意志決定	1
意志的	0
意志薄弱	1
意思	1
意思決定	1
意思能力	3
意思表示	3
意字	1
意識	1
意識の流れ	1
意識一般	1
意識障害	4
意識的	0
意識不明	1
意趣	1
意趣晴らし	3
意趣返し	3
意匠	0
意匠権	2
意匠登録	4
意図	1
意図的	0
意想外	2
意地	2
意地ずく	0
意地っ張り	4
意地ばる	3
意地悪	3
意地悪い	4
意地汚い	5
意地汚ない	5
意地尽	0
意地尽く	0
意地張る	3
意地穢い	5
意中	0
意中の人	0
意張る	2
意馬心猿	1
意表	0
意表外	2
意味	1
意味ありげ	4
意味合	0
意味合い	0
意味慎重	1
意味深	0
意味深重	1
意味深長	1
意味付ける	4
意味有りげ	4
意味論	2
意訳	0
意慾	1
意欲	1
意欲的	0
意力	1
意臨	0
意嚮	0
慰み	0
慰み者	0
慰み半分	5
慰み物	0
慰む	3
慰め	0
慰める	4
慰め顔	0
慰安	0
慰安会	2
慰安婦	2
慰安旅行	4
慰謝	1
慰謝料	2
慰撫	1
慰問	0
慰問袋	4
慰問品	0
慰留	0
慰霊	0
慰霊祭	2
慰霊塔	0
慰労	0
慰労会	2
慰労金	0
慰藉	1
慰藉料	2
易	0
易々	3
易い	2
易き	1
易しい	0
易易	1
易学	0
易行道	2
易者	0
易姓革命	5
易損品	0
易断	0
易動度	2
易簀	0
椅子	0
椅子取りゲーム	5
為	2
為さる	2
為される	3
為し遂げる	4
為す	1
為せる	0
為てやる	0
為て遣る	0
為に	2
為り	2
為り手	0
為る	0
為れる	0
為ん術	1
為ん方無い	5
為悪い	3
為果せる	4
為業	0
為銀	0
為合う	2
為済ます	3
為残す	3
為始める	4
為手	0
為終える	0
為出かす	3
為出来す	3
為初	0
為初め	0
為所	0
為書	0
為書き	0
為人	0
為尽くす	3
為尽す	3
為遂げる	3
為政	1
為政者	2
為送り	0
為損じる	4
為損ずる	4
為損なう	4
為体	3
為替	0
為替ダンピング	4
為替マリー	4
為替レート	4
為替管理	4
為替銀行	4
為替差益	4
為替裁定	4
為替市場	4
為替取引	4
為替手形	4
為替尻	0
為替相場	4
為替投機	4
為替平価	4
為替予約	4
為着	0
為直す	3
為難い	3
為納め	0
為付ける	3
為放題	2
為様	0
為来り	0
為落し	0
為落す	3
為落とす	3
畏	1
畏い	3
畏くも	3
畏まる	4
畏る	2
畏るべき	4
畏れ	3
畏れながら	4
畏れる	3
畏れ多い	4
畏れ入る	2
畏敬	0
畏縮	0
畏怖	1
畏怖嫌厭	1
畏服	0
畏友	0
畏懼	1
異	1
異な	1
異なる	3
異に	1
異にする	2
異る	3
異域	1
異音	1
異化	1
異化効果	3
異界	0
異義	1
異議	1
異境	0
異教	0
異教徒	2
異郷	0
異句同音	1
異型	0
異型接合体	0
異型分裂	4
異形	0
異形配偶子	6
異系交配	4
異見	0
異言	0
異口同音	1
異香	1
異国	0
異国趣味	4
異国情緒	4
異国情調	4
異国人	3
異彩	0
異才	0
異歯性	0
異字	1
異字同訓	1
異次元	2
異質	0
異種	1
異種移植	3
異種交配	3
異趣	1
異宗	0
異臭	0
異称	0
異常	0
異常気象	4
異常光線	4
異常心理学	6
異常震域	4
異常性欲	4
異常妊娠	4
異常分娩	4
異状	0
異色	0
異食症	0
異心	0
異人	0
異人館	2
異図	1
異数	2
異数体	0
異姓	0
異性	1
異性化酵素	5
異性化糖	0
異性体	0
異星人	2
異説	0
異洗浄	2
異装	0
異存	0
異体	0
異体字	2
異体同心	0
異体文字	4
異端	0
異端視	2
異端児	2
異端者	2
異端審問	4
異朝	0
異動	0
異同	0
異能	0
異派	1
異板	0
異版	0
異父	1
異風	0
異腹	0
異物	0
異分子	2
異文	1
異文化	2
異聞	0
異変	0
異母	1
異母兄弟	3
異方性	0
異邦	0
異邦人	2
異本	0
異民族	2
異名	0
異名同音	0
異様	0
異類	1
異例	0
異論	0
異和感	2
移す	2
移り	3
移りゆく	4
移り気	3
移り行く	4
移り香	3
移り住む	4
移り箸	4
移り変り	0
移り変る	5
移り変わり	0
移り変わる	5
移る	2
移ろい	0
移ろう	3
移管	0
移行	0
移項	0
移住	0
移住者	2
移住民	2
移出	0
移乗	0
移譲	0
移植	0
移植ごて	3
移植手術	4
移植免疫	4
移植鏝	3
移籍	0
移設	0
移送	0
移替	0
移築	0
移駐	0
移牒	0
移調	0
移転	0
移転価格	4
移転収支	4
移転所得	4
移転先	0
移動	0
移動局	2
移動図書館	5
移動性高気圧	8
移動性盲腸	6
移動体通信	6
移動大使	4
移動平均	4
移入	0
移封	0
移牧	0
移民	0
移民法	0
移流	0
維管束	2
維管束植物	7
維持	1
維持費	2
維新	1
維那	1
緯	0
緯糸	0
緯書	1
緯線	0
緯度	1
緯度観測所	1
緯度変化	3
胃	0
胃がん	0
胃の腑	0
胃もたれ	2
胃アトニー	2
胃カタル	2
胃カメラ	2
胃液	0
胃炎	0
胃下垂	2
胃拡張	2
胃癌	0
胃鏡	0
胃散	0
胃酸	0
胃酸過多症	5
胃酸欠乏症	6
胃弱	0
胃石	0
胃洗浄	2
胃穿孔	2
胃腺	0
胃袋	2
胃腸	0
胃腸病	0
胃腸薬	2
胃痛	0
胃潰瘍	2
胃嚢	2
胃病	0
胃壁	0
胃痙攣	2
胃靠れ	2
萎える	2
萎びる	0
萎む	0
萎れる	0
萎黄病	0
萎縮	0
萎縮腎	3
萎縮病	0
萎靡	1
衣	0
衣々	2
衣かつぎ	3
衣衣	2
衣架	1
衣蛾	1
衣冠	1
衣冠束帯	1
衣魚	0
衣魚虫	2
衣桁	0
衣更え	0
衣更着	0
衣香	0
衣擦れ	0
衣手	0
衣裳	1
衣食	1
衣食住	3
衣摺れ	0
衣装	1
衣装合せ	4
衣装合わせ	4
衣装箪笥	4
衣装道楽	4
衣装方	0
衣帯	1
衣替え	0
衣嚢	0
衣鉢	0
衣被ぎ	3
衣服	1
衣偏	0
衣紋	0
衣紋掛	2
衣紋掛け	2
衣料	1
衣料品	0
衣糧	1
衣類	1
衣虱	4
謂	1
謂う	1
謂れ	0
謂れない	4
謂れ因縁	0
謂れ無い	4
謂わば	2
謂われ	0
違い	0
違いめ	0
違い棚	2
違い無い	4
違い目	0
違う	0
違える	0
違警罪	2
違憲	0
違憲立法審査権	10
違作	0
違算	0
違式	0
違棚	2
違勅	0
違背	0
違反	0
違反者	2
違反車	2
違反切符	4
違犯	0
違犯者	2
違法	0
違法性	0
違命	0
違約	0
違約金	0
違乱	0
違令	0
違例	0
違和	1
違和感	2
遺す	2
遺る	2
遺愛	0
遺影	0
遺詠	0
遺家族	2
遺戒	0
遺灰	0
遺骸	0
遺憾	0
遺憾なく	4
遺憾無く	4
遺棄	1
遺棄罪	2
遺棄児	1
遺業	0
遺訓	0
遺賢	0
遺言	0
遺言書	5
遺言証書	4
遺言状	0
遺言能力	4
遺孤	1
遺功	0
遺構	0
遺稿	0
遺骨	0
遺恨	0
遺財	0
遺作	0
遺産	0
遺産相続	4
遺産相続人	0
遺産分割	4
遺子	1
遺志	1
遺事	1
遺児	1
遺失	0
遺失物	3
遺習	0
遺臭	0
遺集	0
遺書	1
遺臣	0
遺制	0
遺精	0
遺跡	0
遺蹟	0
遺草	0
遺贈	0
遺族	1
遺族給付	4
遺族年金	4
遺族補償	4
遺体	0
遺脱	0
遺著	1
遺伝	0
遺伝暗号	4
遺伝因子	4
遺伝学	2
遺伝子	2
遺伝子銀行	5
遺伝子型	0
遺伝子工学	5
遺伝子座	4
遺伝子治療	5
遺伝子組み換え	5
遺伝子組換え	5
遺伝子操作	5
遺伝子突然変異	2
遺伝情報	4
遺伝性	0
遺伝毒性	4
遺伝病	0
遺徳	0
遺尿	0
遺髪	0
遺筆	0
遺品	0
遺風	0
遺物	0
遺文	0
遺芳	0
遺墨	0
遺命	0
遺留	0
遺留品	0
遺留分	2
遺漏	0
遺址	1
遺誡	0
医	1
医する	2
医員	1
医院	1
医院長	2
医化学	2
医家	1
医科	1
医科学	2
医科大学	3
医会	1
医界	0
医学	1
医学界	2
医学史	2
医学士	2
医学書	1
医学博士	4
医学部	3
医官	1
医業	1
医局	0
医原病	0
医師	1
医師会	2
医師団	0
医師法	2
医事	1
医事訴訟	3
医者	0
医術	1
医書	1
医食同源	1
医生	1
医聖	0
医籍	0
医大	0
医長	1
医道	1
医伯	1
医博	1
医方	0
医方明	2
医務	1
医務室	2
医薬	1
医薬品	0
医薬部外品	0
医薬分業	1
医用	0
医療	1
医療過誤	4
医療器械	4
医療廃棄物	6
医療費	2
医療費用保険	7
医療品	0
医療保険	4
医療保障	4
医療保障保険	7
医療法人	4
井	0
井の中の蛙	1
井堰	0
井蛙	1
井桁	0
井戸	1
井戸屋形	3
井戸掘り	3
井戸車	3
井戸水	2
井戸側	0
井戸替え	0
井戸端	0
井戸端会議	5
井戸浚え	3
井綱	1
井守	1
井水	0
井泉	0
井底	0
井筒	1
井目	0
井篭	3
井籠	3
亥	0
亥の子	0
亥の子の祝	0
亥の子の祝い	0
亥の子餅	3
域	1
域外	2
域内	2
育くむ	3
育ち	3
育ち盛り	4
育つ	2
育て	3
育てあげる	5
育ての親	6
育てる	3
育て上げる	5
育む	3
育英	0
育英会	3
育英資金	5
育休	0
育児	1
育児休業	4
育児食	3
育児嚢	3
育児法	0
育種	0
育雛	0
育成	0
育生	0
育苗	0
育毛	0
育毛剤	3
育林	0
郁々	0
郁郁	0
郁子	0
磯	0
磯あそび	3
磯蟹	0
磯魚	0
磯巾着	3
磯臭い	4
磯焼け	0
磯城島	0
磯千鳥	3
磯釣	0
磯釣り	2
磯笛	0
磯伝い	3
磯馴	0
磯馴れ松	4
磯馴松	4
磯波	0
磯辺	0
磯目	0
磯遊び	3
磯蚯蚓	0
磯鵯	3
磯鷸	0
一	2
一々	2
一きわ	2
一くさり	2
一こま	2
一ころ	0
一しきり	2
一すじ	2
一たび	2
一っ走り	2
一つ	2
一つかみ	2
一つ一つ	5
一つ家	3
一つ覚え	4
一つ釜	2
一つ穴	2
一つ事	2
一つ書き	0
一つ身	3
一つ星	3
一つ置き	4
一つ目	4
一つ目小僧	6
一つ葉たご	5
一つ葉田子	5
一つ話	4
一とたび	2
一に	1
一の宮	2
一の糸	2
一の松	2
一の膳	2
一の鳥居	2
一の酉	0
一まず	2
一まとまり	2
一まとめ	2
一タ偏	0
一ノ貝	2
一握	2
一握り	2
一葦	2
一安心	2
一案	0
一位	0
一尉	2
一意	2
一意専心	2
一意的	0
一衣帯水	2
一一	2
一一〇番	3
一一九番	5
一員	0
一因	0
一飲み	2
一院制	0
一宇	2
一雨	2
一円	0
一円札	3
一塩	2
一塩基酸	5
一往	0
一応	0
一押し	0
一億	2
一下	1
一価関数	4
一夏	2
一家	1
一家言	3
一家心中	4
一家団欒	1
一家眷属	1
一稼ぎ	2
一箇	1
一花	2
一荷	1
一過	1
一過性	0
一画	0
一介	0
一回	3
一回り	3
一回忌	3
一回生	3
一回転	3
一塊	0
一塊り	3
一階	0
一概に	0
一劃	0
一廓	0
一獲	0
一獲千金	0
一角	0
一角犀	4
一角獣	4
一角獣座	5
一郭	0
一楽	0
一喝	0
一括	0
一括り	2
一巻	3
一巻き	2
一汗	2
一環	0
一竿	0
一管	0
一貫	0
一貫作業	5
一貫性	0
一間	0
一閑張り	0
一丸	0
一眼	0
一眼レフ	5
一喜一憂	1
一旗	2
一期	2
一期一会	2
一気	1
一気に	1
一気飲み	0
一気呵成	1
一季	1
一騎	1
一騎打	3
一騎打ち	3
一騎当千	1
一騎討	3
一騎討ち	3
一儀	2
一義	2
一義的	0
一議	2
一掬	0
一菊	0
一休み	2
一級	0
一級河川	5
一級品	0
一挙	1
一挙に	1
一挙一動	1
一挙手一投足	3
一挙両全	1
一挙両得	1
一虚一実	1
一興	0
一驚	0
一局	4
一曲	4
一極集中	0
一斤染	0
一斤染め	0
一筋	2
一筋道	4
一筋縄	4
一筋繩	4
一句	1
一区	1
一区切り	2
一苦労	2
一駒	2
一具	2
一遇	0
一隅	0
一群	0
一群れ	2
一軍	0
一系	0
一茎	0
一計	0
一芸	0
一撃	0
一桁	2
一欠けら	2
一欠片	2
一決	0
一穴	0
一月	2
一件	0
一犬	0
一献	0
一見	0
一見識	3
一軒	1
一軒屋	3
一軒家	3
一元	0
一元化	0
一元的	0
一元論	3
一弦琴	0
一絃琴	0
一言	2
一言一句	5
一言一行	0
一言居士	5
一言半句	5
一個	1
一個人	3
一呼吸	2
一己	1
一戸	1
一戸建	0
一戸建て	0
一顧	1
一鼓	1
一語	2
一口	2
一口話	5
一向	0
一向一揆	5
一向宗	3
一工夫	2
一更	0
一考	0
一荒れ	2
一行	2
一行物	0
一高一低	0
一号	2
一刻	4
一刻み	3
一刻千金	0
一国	0
一国一城	0
一国者	0
一頃	2
一佐	1
一差し	2
一座	2
一再	0
一再ならず	5
一妻多夫	5
一才	1
一歳	1
一際	2
一昨	0
一昨々日	5
一昨々年	4
一昨昨日	5
一昨昨年	4
一昨日	3
一昨年	2
一昨晩	4
一昨夜	4
一策	0
一冊	4
一撮	2
一撮み	2
一札	0
一殺多生	0
一殺那	3
一皿	2
一山	0
一散に	3
一酸化	0
一酸化炭素	6
一酸化炭素細菌	9
一酸化炭素中毒	9
一酸化窒素	6
一酸化二窒素	7
一仕事	2
一士	1
一子	1
一子相伝	1
一思いに	3
一指	1
一指し	2
一死	1
一死報国	1
一私人	3
一糸	1
一糸一毫	1
一紙半銭	1
一視同人	1
一視同仁	1
一事	2
一事不再議	5
一事不再理	5
一字	2
一字一句	4
一字千金	2
一時	2
一時しのぎ	4
一時に	2
一時解雇	4
一時間	3
一時期	3
一時帰休	4
一時金	0
一時磁石	4
一時所得	4
一時的	0
一時逃れ	4
一時払	4
一時払い	4
一時預かり	4
一時預け	4
一時凌ぎ	4
一次	2
一次エネルギー	5
一次宇宙線	0
一次関数	4
一次産業	4
一次産品	4
一次遷移	4
一次電池	4
一次変換	4
一次方程式	6
一次冷却水	7
一式	0
一軸	2
一雫	2
一失	0
一室	4
一実	2
一芝居	2
一尺	4
一手	1
一手販売	4
一手販売契約	8
一朱銀	0
一種	1
一首	1
一樹	2
一周	0
一周忌	3
一周期	3
一周年	3
一宗	0
一蹴	0
一週	0
一週間	3
一汁一菜	0
一重	2
一重まぶた	4
一重桜	4
一重瞼	4
一宿	0
一宿一飯	0
一縮	0
一瞬	0
一瞬間	3
一旬	0
一巡	0
一巡り	3
一処	2
一所	0
一所懸命	4
一所不住	1
一緒	0
一緒くた	0
一書	0
一助	2
一女	2
一勝	0
一升	1
一唱三嘆	0
一将	0
一渉り	0
一笑	0
一上一下	6
一乗	2
一場	0
一条	2
一畳	3
一錠	2
一色	0
一触即発	0
一食	2
一寝入り	2
一審	0
一心	3
一心に	3
一心三観	3
一心同体	3
一心不乱	3
一振り	2
一新	0
一新紀元	5
一神教	0
一親等	3
一身	3
一身上	0
一進一退	3
一人	2
一人っ子	3
一人でに	0
一人ひとり	4
一人ぼっち	4
一人まえ	0
一人よがり	4
一人一人	4
一人会社	5
一人稽古	4
一人言	0
一人合点	2
一人残らず	5
一人子	3
一人芝居	4
一人者	0
一人住まい	4
一人勝ち	0
一人称	3
一人寝	0
一人親	3
一人占め	0
一人前	0
一人善がり	4
一人相撲	4
一人息子	4
一人天下	4
一人当千	2
一人負け	0
一人舞台	4
一人物	3
一人歩き	4
一人暮し	4
一人暮らし	4
一人娘	4
一人立ち	0
一人旅	3
一陣	0
一図	2
一推し	0
一水	0
一睡	0
一睡り	2
一寸	3
一寸した	1
一寸も	3
一寸見	0
一寸先	0
一寸逃れ	5
一寸法師	5
一世	1
一世一元	6
一世一代	5
一世紀	3
一生	0
一生けん命	5
一生涯	3
一生懸命	5
一生精進	5
一生不犯	0
一生面	3
一盛り	2
一声	1
一斉	0
一斉に	0
一隻	4
一隻眼	4
一席	0
一昔	2
一石	4
一石二鳥	0
一切	1
一切り	2
一切れ	2
一切皆空	1
一切経	0
一切合財	5
一切合切	5
一切衆生	5
一節	0
一節切り	0
一説	0
一先	2
一先ず	2
一千	3
一戦	0
一洗	3
一線	0
一銭	3
一閃	0
一膳	2
一膳飯屋	6
一組	0
一双	0
一叢	2
一掃	0
一荘	0
一走り	2
一息	2
一束	4
一足	4
一足違い	5
一足飛び	4
一族	2
一族郎党	2
一続き	2
一揃い	2
一存	0
一太刀	2
一打	2
一打ち	2
一駄	2
一体	0
一体に	0
一体化	0
一体全体	0
一対	0
一対一	3
一対一対応	7
一帯	0
一隊	0
一代	2
一代記	3
一代雑種	5
一代年寄	5
一代年寄り	5
一代分限	5
一台	2
一大	0
一大決心	5
一大事	3
一諾	0
一諾千金	0
一旦	0
一端	0
一団	0
一段活用	5
一段落	3
一男	2
一知半解	1
一致	0
一致団結	1
一致点	3
一着	4
一中節	0
一昼夜	3
一丁	1
一丁字	3
一丁前	0
一帖	2
一帳羅	3
一張	1
一張一弛	5
一張羅	3
一朝	0
一朝一夕	0
一長一短	0
一直	0
一直線	3
一通	3
一通り	0
一掴み	2
一定	0
一定量	3
一摘み	2
一滴	0
一徹	0
一徹者	0
一天	0
一天四海	5
一天万乗	0
一纏	2
一纏まり	2
一纏め	2
一転	0
一転機	3
一点	3
一点一画	0
一点機	3
一点張り	0
一兎	1
一斗	1
一斗枡	3
一渡	0
一渡り	0
一途	2
一度	3
一度ならず	4
一度に	3
一度も	0
一党	0
一刀	0
一刀彫り	0
一刀両断	0
一棟	2
一等国	3
一等車	3
一等賞	3
一等親	3
一等星	3
一等鯛	3
一等地	3
一等兵	3
一統	0
一頭	1
一同	3
一堂	2
一道	2
一得	0
一得一失	0
一徳	0
一読	0
一突き	2
一呑み	2
一難	2
一二	2
一日	4
一日じゅう	0
一日一善	6
一日一夜	6
一日三秋	0
一日千秋	0
一日増しに	0
一日置き	6
一日中	0
一日片時	5
一入	0
一如	2
一任	0
一年	2
一年じゅう	0
一年生	3
一年生植物	8
一年草	0
一年中	0
一念	0
一念ほっき	5
一念発起	5
一捻り	2
一派	1
一敗	0
一杯一杯	5
一杯飲み屋	6
一杯飲屋	6
一杯機嫌	5
一杯呑屋	6
一倍	0
一倍体	0
一拍	0
一泊	0
一白	0
一箱	2
一八	0
一発	4
一発屋	0
一発回答	5
一髪	0
一罰百戒	2
一半	3
一斑	0
一般	0
一般に	0
一般意志	5
一般意味論	6
一般化	0
一般会計	5
一般概念	5
一般角	3
一般管理費	7
一般教育	5
一般教書	5
一般教養	5
一般均衡理論	9
一般言語学	7
一般向き	0
一般向け	0
一般歳出	5
一般式	3
一般質問	5
一般消費税	7
一般職	3
一般色	3
一般人	3
一般性	0
一般選挙	5
一般相対性理論	11
一般大衆	0
一般的	0
一般法	0
一般論	3
一飯	0
一晩	2
一晩中	0
一番	2
一番鶏	3
一番手	3
一番出世	5
一番勝負	5
一番乗り	3
一番星	3
一番太鼓	5
一番茶	3
一番弟子	3
一番風呂	3
一番目	5
一皮	2
一尾	0
一匹	4
一匹狼	5
一疋	4
一筆	0
一筆啓上	0
一筆書き	0
一姫二太郎	2
一俵	1
一瓢	0
一票	1
一病息災	2
一秒	2
一品	0
一品料理	5
一頻り	2
一夫一妻	1
一夫一婦	4
一夫多妻	1
一部	2
一部始終	4
一部分	3
一部保険	4
一封	0
一風	0
一風呂	2
一幅	0
一服	0
一腹	0
一物	0
一物一価の法則	5
一分	2
一分一厘	5
一分金	0
一分銀	0
一分判金	0
一分別	2
一文	2
一文字	2
一文惜しみ	5
一文惜み	5
一文無し	3
一癖	2
一別	0
一別以来	5
一瞥	0
一変	0
一片	0
一篇	3
一編	3
一辺	3
一辺倒	3
一遍に	3
一歩	1
一歩一歩	4
一歩金	0
一歩銀	0
一報	0
一抱え	2
一方	3
一方ならぬ	6
一方通行	5
一方的	0
一泡	2
一暴十寒	2
一望	0
一望千里	5
一本	1
一本やり	3
一本化	0
一本気	3
一本橋	3
一本歯	3
一本勝ち	0
一本勝負	5
一本松	3
一本杉	3
一本占地	5
一本槍	3
一本調子	5
一本釣	2
一本釣り	0
一本道	3
一本背負い	5
一本箸	3
一本立ち	0
一枚	2
一枚貝	3
一枚看板	5
一枚岩	3
一幕	2
一幕物	0
一抹	0
一味	2
一味徒党	2
一味唐辛子	6
一味同心	2
一脈	0
一眠	0
一眠り	2
一名	0
一命	0
一面	0
一面観	3
一面識	3
一面的	0
一毛	0
一毛作	3
一網打尽	0
一儲け	2
一木	0
一木一草	0
一目	2
一目ぼれ	0
一目惚れ	0
一目散	3
一目散に	3
一目十行	2
一目千本	4
一目瞭然	0
一問	2
一問一答	0
一門	2
一夜	2
一夜さ	0
一夜づけ	0
一夜干	0
一夜干し	0
一夜乞食	4
一夜妻	4
一夜造り	4
一夜大臣	4
一夜大尽	4
一夜漬	0
一夜漬け	0
一矢	1
一役	2
一躍	0
一夕	0
一夕話	4
一様	0
一葉	0
一陽来復	0
一陽来腹	0
一翼	0
一卵性	0
一卵性双生児	9
一覧	0
一覧表	0
一利	2
一利一害	2
一理	2
一里	2
一里塚	3
一律	0
一流	0
一粒	2
一粒種	5
一粒選り	0
一粒万倍	0
一両	2
一両日	3
一両年	3
一輪	2
一輪車	3
一輪挿	0
一輪挿し	0
一塁	2
一塁手	3
一類	2
一例	0
一礼	0
一列	2
一廉	0
一蓮托生	0
一連	0
一路	2
一路平安	2
一浪	0
一六銀行	5
一六勝負	5
一倡三歎	0
一刹那	3
一匕	1
一嗹	0
一揆	1
一擲	0
一擲千金	0
一攫	0
一攫千金	0
一朶	2
一毫	0
一瀉千里	1
一眸	0
一籌	0
一縷	2
一臂	1
一顰一笑	0
一齣	0
壱	2
壱越	0
壱越調	0
溢し	3
溢す	2
溢れ	0
溢れだす	4
溢れでる	4
溢れる	3
溢れ出す	4
溢れ出る	4
溢血	0
溢水	0
溢流	0
逸する	0
逸らす	2
逸り気	0
逸る	2
逸れる	2
逸れ玉	0
逸れ弾	0
逸れ矢	2
逸楽	0
逸機	1
逸球	0
逸言	0
逸材	0
逸散に	3
逸史	0
逸事	1
逸失利益	5
逸出	0
逸書	1
逸早く	3
逸走	0
逸足	0
逸速く	3
逸脱	0
逸品	0
逸物	0
逸文	0
逸聞	0
逸民	0
逸話	0
稲	1
稲の髄虫	1
稲の螟虫	1
稲むら	0
稲わら	0
稲扱き	2
稲科	0
稲架	1
稲荷	1
稲荷ずし	3
稲荷寿司	3
稲荷鮨	3
稲掛	2
稲掛け	2
稲刈	2
稲刈り	2
稲光	3
稲根喰い葉虫	6
稲根喰葉虫	6
稲妻	0
稲妻横這	5
稲作	0
稲子	0
稲象虫	3
稲水象虫	5
稲雀	3
稲叢	0
稲置	0
稲虫	2
稲田	0
稲熱	0
稲熱病	0
稲穂	0
稲木	0
稲藁	0
茨	0
茨の冠	0
茨の道	0
茨垣	3
芋	2
芋づる	0
芋づる式	0
芋の子	0
芋貝	2
芋粥	0
芋掘り	3
芋茎	0
芋煮会	3
芋焼酎	3
芋虫	2
芋頭	3
芋版	0
芋堀り	3
芋蔓	0
芋蔓式	0
芋羊羹	3
芋羊羮	3
鰯	0
鰯雲	4
鰯鯨	4
鰯酸	0
鰯粕	4
鰯油	3
鰯滓	4
允可	1
允許	1
允文允武	5
印	0
印す	2
印する	3
印影	0
印欧語	0
印欧語族	5
印欧祖語	5
印可	1
印画	0
印画紙	3
印環	3
印鑑	0
印鑑証明	5
印契	0
印形	0
印行	0
印刻	0
印材	0
印刷	0
印刷屋	0
印刷機	4
印刷業	4
印刷局	4
印刷工	0
印刷術	4
印刷所	0
印刷物	4
印紙	0
印紙税	3
印字	0
印字機	3
印璽	1
印綬	1
印書	1
印章	0
印象	0
印象づける	6
印象主義	5
印象的	0
印象派	0
印象批評	5
印象付ける	6
印税	0
印地	0
印池	1
印哲	0
印度人	3
印度哲學	5
印刀	0
印肉	0
印箱	0
印判	0
印半天	4
印半纏	4
印譜	0
印房	0
印本	0
印綿	0
印面	0
印篭	3
印匣	0
印籠	0
印褥	0
印顆	1
咽	1
咽せる	0
咽せ返る	3
咽び泣き	0
咽び泣く	4
咽ぶ	0
咽喉	0
咽頭	0
咽頭炎	3
咽頭結膜熱	8
員	1
員外	1
員数	3
員數	1
因	1
因って	0
因って来たる	5
因って来る	5
因みに	0
因む	2
因りけり	2
因りて	0
因る	0
因縁	0
因果	1
因果応報	1
因果関係	4
因果者	0
因果性	0
因果法則	4
因果律	3
因果覿面	1
因子	1
因子分析	4
因習	0
因習的	0
因襲	0
因循	0
因循姑息	0
因数	3
因数定理	5
因数分解	5
因明	0
因由	1
姻戚	0
姻族	1
引かされる	0
引かす	0
引かれる	0
引き	0
引きあう	3
引きいれる	4
引きおこす	4
引きかえす	3
引きこむ	3
引きこもる	4
引きさがる	4
引きさく	3
引きさる	3
引きしぼる	4
引きしまる	4
引きずり	0
引きずり回す	6
引きずり込む	5
引きずり出す	5
引きずる	0
引きたつ	3
引きだす	3
引きちぎる	4
引きつぐ	3
引きつける	4
引きつり	0
引きつる	3
引きつれる	4
引きとる	3
引きなおす	4
引きぬく	3
引きはがす	4
引きはなす	4
引きはらう	4
引きまわす	4
引きもどす	4
引きも切らず	2
引きよせる	4
引きわける	4
引きわたす	4
引き移る	4
引き越す	3
引き延ばし	0
引き延ばす	4
引き下がる	4
引き下げ	0
引き下げる	4
引き下ろす	4
引き菓子	3
引き回す	4
引き開ける	4
引き換え	0
引き換える	4
引き換え券	3
引き寄せる	4
引き起こす	4
引き起す	4
引き技	0
引き去る	3
引き金	0
引き継ぎ	0
引き継ぐ	3
引き戸	0
引き絞る	4
引き綱	0
引き降ろす	4
引き合い	0
引き合う	3
引き合せる	5
引き合わせ	0
引き合わせる	5
引き込み線	0
引き込む	3
引き札	0
引き算	2
引き止める	4
引き汐	0
引き写し	0
引き取り	0
引き取り手	0
引き取り人	0
引き取る	3
引き手	0
引き手茶屋	3
引き受け	0
引き受ける	4
引き受け人	0
引き出し	0
引き出す	3
引き出物	0
引き上げ	0
引き上げる	4
引き伸ばし	0
引き伸ばし写真	6
引き伸ばす	4
引き据える	4
引き摺り	0
引き摺りこむ	5
引き摺り回す	6
引き摺り込む	5
引き摺り出す	5
引き摺る	0
引き切る	3
引き千切る	4
引き染	0
引き染め	0
引き船	0
引き窓	0
引き続き	0
引き続く	4
引き替え	0
引き替える	4
引き潮	0
引き直す	4
引き吊り	0
引き釣	0
引き釣り	0
引き締まる	4
引き締め	0
引き締める	4
引き締る	4
引き鉄	0
引き渡し	0
引き渡す	4
引き倒す	4
引き当て	0
引き当てる	4
引き入れる	4
引き波	0
引き破る	4
引き馬	0
引き剥がす	4
引き剥ぐ	3
引き抜き	0
引き抜く	3
引き眉	3
引き付け	0
引き付ける	4
引き払う	4
引き物	0
引き分け	0
引き分ける	4
引き返し	0
引き返す	3
引き放つ	4
引き幕	0
引き明け	0
引き綿	0
引き網	0
引き戻す	4
引き揚げ	0
引き揚げる	4
引き揚げ者	4
引き落す	4
引き落とし	0
引き落とす	4
引き離す	4
引き立つ	3
引き立て	0
引き立てる	4
引き立て役	0
引き留める	4
引き裂く	3
引き連れる	4
引き篭もる	4
引き篭る	4
引き攣り	0
引き攣る	3
引き籠もる	4
引き籠る	4
引く	0
引く手	0
引く手あまた	4
引く手数多	4
引け	0
引ける	0
引け際	0
引け時	0
引け値	0
引け目	0
引ずる	0
引っかかり	0
引っかかる	4
引っかく	3
引っかける	4
引っくり返す	5
引っくり返る	5
引っくるめる	5
引っこす	3
引っこむ	3
引っこめる	4
引っこ抜く	4
引ったくり	0
引ったくる	4
引っつかむ	4
引っぱたく	4
引っぱりあう	5
引っぱる	3
引っぺがす	4
引っ越し	0
引っ越す	3
引っ掛かり	0
引っ掛かる	4
引っ掛け	0
引っ掛ける	4
引っ掛り	0
引っ掛る	4
引っ括める	5
引っ括る	4
引っ詰め	0
引っ詰める	4
引っ繰り返す	5
引っ繰り返る	5
引っ懸かり	0
引っ懸け	0
引っ懸ける	4
引っ懸り	0
引っ込ます	4
引っ込み	0
引っ込み思案	5
引っ込む	3
引っ込める	4
引っ手繰り	0
引っ手繰る	4
引っ切り無し	5
引っ掻き回す	6
引っ掻き傷	4
引っ掻き疵	4
引っ掻く	3
引っ叩く	4
引っ張たく	4
引っ張り	0
引っ張りだす	5
引っ張り応力	5
引っ張り合う	5
引っ張り込む	5
引っ張り試験	6
引っ張り出す	5
引っ張り上げる	6
引っ張り凧	5
引っ張り蛸	5
引っ張る	3
引っ掴む	4
引っ釣り	0
引っ提げる	4
引っ剥がす	4
引っ剥ぐ	3
引っ被る	4
引っ付く	3
引っ付ける	4
引っ返す	3
引っ捕える	5
引っ捕らえる	5
引っ抱える	5
引っ立てる	4
引っ攣り	0
引っ攫う	4
引っ浚う	4
引ん剥く	3
引ん抜く	3
引移る	4
引越	0
引越し	0
引越し蕎麦	5
引越す	3
引延ばし	0
引延ばす	4
引下がる	4
引下げる	4
引下ろす	4
引火	0
引火点	3
引回す	4
引開ける	4
引換	0
引換え	0
引換える	4
引換券	3
引寄せる	4
引去る	3
引金	0
引屈	0
引繰り返す	5
引繰り返る	5
引継	0
引継ぎ	0
引継ぐ	3
引見	0
引戸	0
引絞る	4
引綱	0
引航	0
引合	0
引合い	0
引合う	3
引合せる	5
引合わせる	5
引込み線	0
引込む	3
引込思案	5
引込線	0
引札	0
引算	2
引止める	4
引汐	0
引写し	0
引取	0
引取り	0
引取り手	0
引取り人	0
引取る	3
引手	0
引手茶屋	3
引受	0
引受け	0
引受ける	4
引受け人	0
引受る	4
引受時刻	5
引受人	0
引舟	0
引出し	0
引出す	3
引出物	0
引照	0
引証	0
引上げ	0
引上げる	4
引伸ばし	0
引伸ばし写真	6
引伸ばす	4
引数	3
引据える	4
引摺り	0
引摺り回す	6
引摺り込む	5
引摺り出す	5
引摺る	4
引責	0
引赤	0
引赤薬	4
引切る	3
引接	0
引染	0
引染め	0
引船	0
引掻き回す	6
引掻く	3
引窓	0
引続き	0
引続く	4
引卒	0
引替え	0
引替え券	3
引替る	4
引退	0
引致	1
引張り	0
引張り試験	6
引張る	3
引張試験	6
引潮	0
引直す	4
引釣	0
引釣り	0
引締め	0
引締める	4
引鉄	0
引渡し	0
引渡す	4
引当	0
引当て	0
引当てる	4
引当る	4
引当金	0
引導	3
引入れる	4
引波	0
引破る	4
引抜き	0
引抜く	3
引眉	3
引付け	0
引付ける	4
引付る	4
引払う	4
引分け	0
引分ける	4
引返し	0
引返す	3
引幕	0
引明け	0
引網	0
引目	0
引目鈎鼻	4
引目鉤鼻	5
引戻す	4
引揚げ	0
引揚げる	4
引揚者	4
引用	0
引用書	0
引用符	3
引落す	4
引落とし	0
引落とす	4
引離す	4
引率	0
引率者	4
引立つ	3
引立て	0
引立てる	4
引立て役	0
引立役	0
引力	1
引例	0
引裂く	3
引連れる	4
引喩	0
引攣り	0
引攣る	3
引攣れる	4
引籠る	4
飲	1
飲ます	2
飲まず食わず	4
飲ませる	3
飲まれる	3
飲み	1
飲みあかす	4
飲みかけ	0
飲みかける	4
飲みくだす	4
飲みつぶす	4
飲みつぶれる	5
飲みで	0
飲みほす	3
飲みまわす	4
飲みまわる	4
飲み屋	2
飲み下す	4
飲み過ぎ	0
飲み会	0
飲み回し	0
飲み回す	4
飲み回る	4
飲み掛け	0
飲み掛ける	0
飲み乾す	3
飲み干す	3
飲み口	2
飲み込み	0
飲み込む	0
飲み止す	0
飲み手	3
飲み助	2
飲み食い	1
飲み水	2
飲み代	0
飲み仲間	3
飲み潰す	0
飲み潰れる	5
飲み倒す	4
飲み逃げ	0
飲み抜け	0
飲み付ける	0
飲み物	3
飲み歩く	0
飲み明かす	4
飲み薬	3
飲み料	2
飲む	1
飲める	2
飲んだくれ	0
飲んだくれる	0
飲んべえ	1
飲ん兵衛	1
飲屋	2
飲下す	4
飲過ぎ	0
飲掛け	0
飲掛ける	0
飲乾す	3
飲干す	3
飲口	2
飲込み	0
飲込む	0
飲手	3
飲酒	0
飲助	2
飲食	1
飲食店	4
飲食物	4
飲水	0
飲泉	0
飲代	0
飲茶	2
飲仲間	3
飲潰す	0
飲倒す	4
飲逃げ	0
飲抜け	0
飲付ける	0
飲物	3
飲兵衛	1
飲歩く	0
飲薬	3
飲用	0
飲用水	3
飲料	3
飲料水	3
淫	1
淫する	3
淫ら	1
淫逸	0
淫雨	1
淫具	1
淫語	0
淫行	0
淫事	1
淫心	0
淫蕩	0
淫売	0
淫売宿	5
淫婦	1
淫風	0
淫奔	0
淫夢	1
淫羊かく	3
淫慾	1
淫欲	1
淫乱	0
淫佚	0
淫猥	0
淫祠	1
淫賣	0
淫靡	1
胤	1
胤違い	3
胤裔	0
蔭	1
蔭間	0
蔭口	2
院	1
院外	1
院外団	3
院議	1
院号	3
院主	0
院政	0
院生	0
院宣	0
院卒	0
院長	1
院内	1
院内会派	5
院内感染	5
院本	0
陰	1
陰々滅々	0
陰うつ	0
陰ながら	3
陰に	1
陰り	3
陰る	2
陰イオン	3
陰圧	0
陰萎	1
陰陰	0
陰陰滅滅	0
陰欝	0
陰影	0
陰画	0
陰画紙	3
陰核	0
陰乾	0
陰乾し	0
陰干	0
陰干し	0
陰間	0
陰関数	3
陰気臭い	5
陰極	0
陰極管	0
陰極線	0
陰極線管	0
陰金	3
陰金田虫	5
陰茎	0
陰険	0
陰言	2
陰口	2
陰刻	0
陰祭	3
陰祭り	3
陰惨	0
陰事	1
陰湿	0
陰樹	1
陰唇	0
陰神	0
陰性	0
陰性反応	5
陰晴	0
陰旋法	3
陰線処理	5
陰膳	2
陰電気	3
陰電子	3
陰道	0
陰徳	0
陰乍ら	3
陰日向	1
陰忍	0
陰嚢	0
陰武者	0
陰部	1
陰文	0
陰蔽	0
陰弁慶	3
陰謀	0
陰毛	0
陰門	0
陰陽	0
陰陽家	4
陰陽師	1
陰陽道	4
陰陽暦	3
陰陽和合	1
陰暦	0
陰裂	0
陰鬱	0
陰翳	0
陰霖	1
隠くす	2
隠し	3
隠しくぎ	3
隠しマイク	4
隠し球	0
隠し芸	3
隠し言葉	4
隠し撮り	0
隠し子	3
隠し詞	4
隠し事	0
隠し持つ	4
隠し所	4
隠し女	4
隠し男	4
隠し釘	3
隠し田	0
隠し包丁	4
隠し縫い	3
隠し味	3
隠し立て	0
隠す	2
隠ぺい	0
隠り世	3
隠る	2
隠れ	3
隠れみの	4
隠れもない	5
隠れも無い	5
隠れる	3
隠れん坊	3
隠れキリシタン	5
隠れ家	3
隠れ蟹	3
隠れ魚	3
隠れ処	3
隠れ場所	0
隠れ切支丹	6
隠れ蓑	4
隠れ里	3
隠逸	0
隠花植物	5
隠蟹	3
隠居	0
隠居仕事	4
隠形	0
隠見	0
隠顕	0
隠顕インク	5
隠元	1
隠元豆	3
隠語	0
隠士	1
隠事	0
隠者	1
隠世	3
隠棲	0
隠栖	0
隠線	0
隠線処理	5
隠然	0
隠退	0
隠退蔵物資	7
隠宅	0
隠頭花序	5
隠匿	0
隠遁	0
隠忍	0
隠忍自重	0
隠秘	1
隠避	1
隠微	1
隠伏	0
隠蔽	0
隠蔽色	3
隠亡	0
隠坊	0
隠謀	0
隠密	0
隠滅	0
隠喩	0
隠翅虫	3
韻	0
韻脚	0
韻語	0
韻事	1
韻字	0
韻書	0
韻尾	1
韻文	0
韻母	1
韻律	0
吋	1
右	0
右へ習え	5
右へ倣え	5
右縁	0
右往左往	4
右回り	3
右巻	0
右巻き	0
右岸	1
右寄り	0
右記	1
右近の橘	1
右傾	0
右肩上がり	5
右舷	0
右顧左眄	1
右左	2
右四つ	0
右手	0
右書き	0
右上がり	3
右上り	3
右心室	2
右心房	2
右図	1
右折	0
右旋性	0
右側	0
右足	0
右大臣	2
右端	0
右中間	2
右党	0
右脳	1
右派	1
右筆	1
右文	0
右辺	1
右方	1
右方高麗楽	5
右翼	1
右利き	0
右隣	3
右腕	0
宇	0
宇賀神	2
宇宙	1
宇宙の地平線	1
宇宙ステーション	5
宇宙ロケット	5
宇宙医学	4
宇宙化学	4
宇宙科学	4
宇宙開発	4
宇宙観	2
宇宙空間	4
宇宙原理	4
宇宙工学	4
宇宙産業	4
宇宙進化論	6
宇宙人	2
宇宙塵	2
宇宙線	0
宇宙船	0
宇宙船地球号	7
宇宙速度	4
宇宙探査機	6
宇宙中継	4
宇宙通信	4
宇宙背景放射	8
宇宙飛行士	5
宇宙服	2
宇宙物理学	6
宇宙兵器	4
宇宙遊泳	4
宇宙論	2
宇宙論的証明	0
宇内	1
宇立	0
烏	1
烏の濡れ羽色	1
烏羽玉	0
烏羽色	0
烏瓜	3
烏貝	3
烏桓	1
烏丸	1
烏魚子	0
烏玉	0
烏金	3
烏口	3
烏口骨	2
烏口突起	4
烏合の衆	5
烏骨鶏	3
烏座	0
烏犀角	2
烏犀帯	2
烏鷺	1
烏紙	3
烏蛇	4
烏珠	0
烏賊	0
烏賊の甲	4
烏賊の墨	5
烏賊墨	0
烏啄骨	3
烏天狗	4
烏兎	1
烏兎匆々	0
烏兎匆匆	0
烏猫	4
烏麦	4
烏鳩	4
烏文木	2
烏帽子	0
烏帽子貝	3
烏帽子名	3
烏鳴き	0
烏木	1
烏野豌豆	5
烏有	0
烏有先生	6
烏揚羽	4
烏竜茶	3
烏龍茶	3
烏喙骨	2
烏滸	1
烏滸がましい	5
烏滸言	2
羽	1
羽つき	0
羽ばたく	3
羽衣	2
羽隠	3
羽音	0
羽化	1
羽化登仙	1
羽蒲団	3
羽蟻	0
羽撃き	2
羽撃く	3
羽交い	0
羽交い絞め	0
羽交い締め	0
羽交絞め	0
羽交締め	0
羽黒蜻蛉	4
羽根	0
羽根つき	0
羽根蒲団	3
羽根車	3
羽根突き	4
羽根付き	0
羽子	2
羽子つき	0
羽子突	2
羽子板	2
羽子板市	4
羽軸	0
羽車	2
羽状複葉	4
羽状脈	2
羽織	0
羽織ひも	3
羽織る	2
羽織芸者	4
羽織袴	6
羽織紐	3
羽振り	0
羽繕い	2
羽太	0
羽団扇	3
羽団扇楓	5
羽虫	0
羽蝶蘭	2
羽突き	2
羽二重	1
羽二重餅	3
羽白	0
羽白鴨	4
羽斑蚊	4
羽布団	3
羽風	0
羽毛	0
羽目	2
羽目板	0
羽翼	1
羽裏	0
羽搏き	2
羽箒	3
羽虱	2
迂遠	0
迂回	0
迂回生産	4
迂曲	0
迂愚	1
迂言	0
迂散	0
迂生	1
迂拙	1
迂路	1
迂叟	1
迂闊	0
迂濶	0
雨	1
雨あられ	1
雨がえる	3
雨がさ	3
雨がっぱ	3
雨ざらし	3
雨だれ	0
雨どい	2
雨ふり	2
雨もよい	3
雨よけ	0
雨域	1
雨雲	0
雨燕	3
雨音	0
雨下	1
雨蛙	3
雨笠	3
雨冠	3
雨間	0
雨奇晴好	1
雨期	1
雨気	3
雨季	1
雨脚	0
雨久花	3
雨魚	3
雨具	2
雨空	3
雨靴	2
雨月	1
雨戸	2
雨虎	3
雨後	1
雨乞い	0
雨降	3
雨降り	2
雨降り星	4
雨合羽	3
雨催い	3
雨晒し	3
雨傘	3
雨傘蛇	5
雨仕度	3
雨子	0
雨支度	3
雨止み	0
雨宿り	3
雨女	3
雨除け	0
雨勝ち	0
雨承け	0
雨障子	3
雨上がり	3
雨上り	3
雨垂	0
雨垂れ	0
雨水	2
雨声	1
雨請い	0
雨雪	2
雨足	0
雨台風	3
雨男	3
雨着	3
雨中	1
雨注	1
雨滴	1
雨天	1
雨天順延	1
雨曇	0
雨曇り	0
雨波貝	2
雨曝し	3
雨避け	0
雨樋	2
雨氷	0
雨風	2
雨覆い	3
雨模様	3
雨夜	2
雨落ち	0
雨落ち石	4
雨落石	4
雨粒	3
雨量	1
雨量計	0
雨緑樹林	4
雨林	0
雨露	1
雨漏	2
雨漏り	2
雨霰	1
卯	0
卯の花	1
卯の花月	4
卯月	3
卯建	0
卯木	0
鵜	1
鵜の目鷹の目	1
鵜飼	0
鵜飼い	0
鵜匠	0
鵜松明樺	4
鵜呑み	3
窺いしる	5
窺い知る	5
窺う	0
窺知	1
丑	0
丑の刻	4
丑の刻参り	6
丑の時参り	6
丑の日	4
丑三つ時	0
丑寅	0
碓	1
臼	1
臼歯	0
臼状火山	5
臼砲	1
渦	1
渦巻	2
渦巻き	2
渦巻き銀河	5
渦巻き線	0
渦巻く	3
渦巻銀河	5
渦巻線	0
渦状	0
渦状銀河	4
渦中	0
渦虫類	4
渦潮	0
渦動	0
渦紋	0
渦雷	0
渦流	0
嘘	1
嘘っぱち	4
嘘っ八	4
嘘つき	2
嘘の皮	1
嘘ぶく	3
嘘偽り	1
嘘泣き	2
嘘字	0
嘘吐き	2
嘘八百	1
嘘発見器	1
嘘付き	2
唄	2
唄う	0
唄物	0
唄方	0
欝金	0
欝血	0
欝状態	3
欝積	0
欝蒼	0
欝憤	0
鰻	0
鰻ざく	0
鰻の寝床	0
鰻屋	0
鰻巻き	0
鰻作	0
鰻重	2
鰻上り	4
鰻茶漬	3
鰻茶漬け	3
鰻登り	4
鰻筒	3
鰻飯	0
鰻丼	4
姥	1
姥貝	2
姥桜	3
姥鮫	0
姥捨て山	0
姥目樫	3
厩	0
厩舎	1
厩肥	1
厩務員	3
浦	2
浦回	3
浦廻	3
浦曲	3
浦人	2
浦島草	0
浦波	0
浦風	2
浦辺	1
浦里	2
瓜	1
瓜の木	1
瓜羽虫	3
瓜科	0
瓜金花虫	3
瓜実顔	0
瓜実条虫	5
瓜実蝿	3
瓜実蠅	3
瓜田	0
瓜二つ	1
瓜蝿	2
瓜坊	2
瓜木	1
瓜蠅	2
閏	2
閏月	2
閏日	2
閏年	2
閏秒	2
噂	0
噂話	4
噂話し	4
云々	0
云う	1
云為	1
云云	0
云爾	1
運	1
運び	0
運びこむ	4
運びだす	4
運び屋	0
運び込む	4
運び出す	4
運び上げる	5
運び足	3
運ぶ	0
運まかせ	3
運よく	1
運営	0
運河	1
運気	1
運休	0
運弓	0
運弓法	0
運航	0
運行	0
運根鈍	1
運座	0
運算	0
運指	0
運試し	3
運次第	3
運上	0
運針	0
運勢	1
運漕	0
運送	0
運送業	3
運送契約	5
運送取扱人	0
運送人	0
運送船	0
運送店	3
運送費	3
運送保険	5
運送料	3
運賃	1
運賃保険	5
運転	0
運転系統	5
運転士	3
運転資金	5
運転資本	5
運転手	3
運転席	3
運転台	0
運転免許	5
運動	0
運動の法則	0
運動エネルギー	6
運動員	3
運動家	0
運動会	3
運動界	3
運動学	3
運動競技	5
運動具	3
運動靴	3
運動障害	5
運動場	0
運動神経	5
運動性	0
運動星団	5
運動費	3
運動不足	5
運動部	3
運動方程式	7
運動摩擦	5
運動野	3
運動療法	5
運動量	3
運動量保存の法則	3
運動領	3
運任せ	3
運搬	0
運搬ＲＮＡ	10
運搬作用	5
運搬船	0
運否天賦	4
運筆	0
運命	1
運命づける	6
運命共同体	1
運命的	0
運命付ける	6
運命論	3
運命論者	5
運輸	1
運輸省	3
運輸相	3
運輸大臣	4
運用	0
運良く	1
雲	1
雲の上	1
雲の峰	1
雲の峯	1
雲ゆき	0
雲井	0
雲隠れ	3
雲影	0
雲煙	0
雲煙過眼	5
雲煙飛動	0
雲霞	1
雲海	0
雲間	0
雲気	1
雲脚	0
雲級	0
雲居	0
雲鏡	0
雲形	0
雲形定規	5
雲行き	0
雲高	0
雲合い	0
雲散	0
雲散霧消	0
雲脂	0
雲珠	1
雲集	0
雲集霧散	0
雲助	2
雲助根性	5
雲上	0
雲上人	3
雲壌	0
雲水	1
雲雀	0
雲雀骨	0
雲切れ	0
雲足	0
雲孫	0
雲台	0
雲丹	1
雲梯	0
雲泥	0
雲呑	3
雲伯方言	5
雲表	0
雲豹	0
雲母	1
雲母虫	2
雲霧	1
雲麺	0
雲竜型	0
雲龍型	0
雲量	3
雲烟飛動	0
雲鑼	1
荏の油	3
荏胡麻	0
荏苒	0
餌	2
餌場	0
餌食	1
餌箱	2
餌付く	2
餌付け	0
叡感	0
叡旨	1
叡知	1
叡智	1
叡覧	0
叡慮	1
営々	0
営み	0
営む	3
営為	1
営営	0
営業	0
営業案内	5
営業所	0
営業譲渡	5
営業停止	0
営業年度	5
営業費	3
営業部	3
営業保険	5
営業報告書	0
営業利益	5
営舎	1
営所	1
営繕	0
営倉	0
営巣	0
営造	0
営造物	3
営団	0
営団地下鉄	5
営庭	0
営農	0
営養	0
営利	1
営利会社	4
営利行為	4
営利事業	4
営利主義	4
営利的	0
営利保険	4
営利法人	4
営林	0
営林局	3
営林署	5
嬰	1
嬰音	1
嬰記号	3
嬰児	1
影	1
影の内閣	1
影印	0
影画	2
影絵	2
影響	0
影響力	3
影口	2
影身	1
影像	0
影富士	3
影武者	0
影法師	3
映え	2
映える	2
映し絵	3
映し出す	4
映じる	0
映す	2
映ずる	0
映り	3
映り行く	4
映り込み	0
映る	2
映画	1
映画音楽	4
映画化	0
映画会	3
映画界	3
映画監督	4
映画館	3
映画祭	3
映研	0
映写	0
映写機	3
映写幕	3
映射	0
映像	0
映日	0
映日果	2
映倫	0
曳々	0
曳き山	0
曳き船	0
曳き網	0
曳く	0
曳曳	0
曳光弾	3
曳航	0
曳船	0
曳網	0
栄	1
栄え	0
栄えある	3
栄える	3
栄え有る	3
栄位	1
栄華	1
栄冠	0
栄枯	1
栄枯盛衰	1
栄光	0
栄爵	0
栄職	0
栄辱	0
栄進	0
栄達	0
栄典	0
栄転	0
栄名	0
栄誉	1
栄誉礼	3
栄耀	0
栄耀栄華	5
栄養	0
栄養塩類	5
栄養価	3
栄養学	3
栄養器官	6
栄養源	3
栄養士	3
栄養失調	5
栄養生殖	5
栄養素	3
栄養不良	5
栄養物	3
栄養分	3
栄螺	1
栄落	0
永	0
永々	0
永い	2
永え	0
永き	1
永の	1
永らえる	4
永らく	2
永永	0
永延	0
永遠	0
永遠回帰	5
永楽銭	0
永観	0
永久	0
永久革命論	7
永久機関	6
永久欠番	5
永久公債	5
永久硬水	5
永久歯	3
永久磁石	5
永久性	0
永久選挙人名簿	10
永久組織	5
永久凍土	5
永享	0
永訣	0
永劫	0
永劫回帰	5
永子作	3
永子作権	4
永字八法	4
永寿	1
永住	0
永住権	3
永住者	3
永小作	3
永小作権	4
永承	0
永世	0
永世中立	5
永正	0
永生	0
永逝	0
永続	0
永続き	3
永続性	0
永存	1
永代	1
永代供養	5
永代借地	5
永日	0
永年	0
永別	0
永眠	0
永良部海蛇	4
永良部大蝙蝠	6
永牢	0
永和	0
泳がせる	4
泳ぎ	3
泳ぎ回る	5
泳ぐ	2
泳者	1
泳動	0
泳法	0
泳力	1
洩らす	2
洩る	1
洩れ	2
洩れる	2
盈ちる	2
盈虚	1
盈虧	1
穎	1
穎果	1
穎割	0
穎割り	0
穎割れ大根	5
穎悟	1
穎才	0
穎脱	0
英	1
英トン	0
英音	1
英貨	1
英会話	3
英気	1
英京	0
英傑	0
英検	0
英語	0
英国	0
英魂	0
英才	0
英才教育	5
英作	0
英作文	3
英姿	1
英詩	0
英資	1
英字	0
英主	1
英俊	0
英書	0
英人	0
英数字	3
英断	0
英知	1
英桃	2
英噸	1
英屯	1
英武	1
英仏	1
英文	0
英文科	0
英文学	3
英文法	3
英米	1
英米法	0
英法	0
英名	0
英明	0
英訳	0
英雄	0
英雄主義	5
英雄崇拝	0
英雄譚	3
英蘭	1
英領	0
英霊	0
英和	0
英和辞典	4
英國	0
英邁	0
衛士	1
衛視	1
衛所	1
衛星	0
衛星航法	5
衛星国	3
衛星船	0
衛星中継	5
衛星通信	5
衛星都市	5
衛星放送	5
衛生	0
衛生学	3
衛生管理者	7
衛生局	3
衛生検査技師	8
衛生的	0
衛生兵	3
衛兵	0
衛戊	1
衛戍	1
衛戍地	3
衛戌	1
詠じる	0
詠ずる	0
詠み込む	0
詠み手	3
詠み人	0
詠み人知らず	5
詠む	1
詠歌	1
詠吟	0
詠史	1
詠手	3
詠唱	0
詠進	0
詠人知らず	5
詠草	0
詠嘆	0
詠歎	0
詠誦	0
鋭	1
鋭い	3
鋭意	1
鋭角	0
鋭角三角形	7
鋭角的	0
鋭感	0
鋭気	1
鋭才	0
鋭敏	0
鋭兵	0
鋭鋒	0
鋭利	1
液	1
液化	0
液化天然ガス	8
液果	1
液剤	0
液汁	0
液晶	0
液状	0
液状化	0
液状化現象	6
液相	0
液体	0
液体アンモニア	0
液体ヘリウム	6
液体空気	5
液体酸素	5
液体窒素	5
液体燃料	5
液肥	1
液泡	0
液胞	0
液面	0
液量	2
液量計	0
疫学	2
疫鬼	1
疫神	0
疫病	2
疫病神	3
疫痢	1
疫癘	0
益	0
益々	2
益する	3
益益	2
益金	0
益荒男	0
益荒猛男	0
益者三友	1
益獣	0
益虫	0
益鳥	0
益友	0
駅	1
駅ビル	0
駅員	2
駅止め	0
駅舎	1
駅手	0
駅前	3
駅長	0
駅逓	0
駅逓局	3
駅伝	0
駅伝競走	5
駅頭	0
駅馬	1
駅馬車	0
駅売り	0
駅夫	1
駅弁	0
駅名	0
駅留め	0
駅路	1
悦	1
悦ばしい	5
悦ばす	4
悦び	0
悦ぶ	3
悦んで	3
悦楽	0
謁す	0
謁する	0
謁見	0
越える	0
越し	0
越し屋根	0
越す	0
越屋根	0
越境	0
越境入学	5
越権	0
越後獅子	4
越前水母	5
越訴	1
越中ふんどし	5
越中褌	5
越度	1
越冬	0
越冬資金	5
越年	0
越年生植物	8
越年蝶	3
越流	0
閲す	0
閲する	3
閲読	0
閲兵	0
閲覧	0
閲覧室	3
閲覧者	3
閲歴	0
榎	0
榎茸	3
厭	2
厭々	0
厭う	2
厭がらせ	0
厭がる	3
厭きる	2
厭き厭き	3
厭き性	3
厭み	3
厭みたらしい	6
厭む	2
厭や	2
厭らしい	4
厭わしい	4
厭悪	1
厭厭	0
厭人	0
厭世	0
厭世家	0
厭世観	3
厭世主義	5
厭世的	0
厭戦	0
厭味	3
厭魅	1
厭離	1
厭離穢土	3
円	1
円い	0
円か	1
円み	0
円やか	2
円ら	0
円ら椎	3
円グラフ	3
円タク	0
円安	0
円為替	3
円運動	3
円屋根	0
円価	1
円花蜂	4
円貨	1
円蓋	0
円滑	0
円環	0
円環面	3
円関数	3
円顔	0
円規	1
円丘	0
円居	2
円鏡	0
円曲	0
円型	0
円形	0
円形劇場	5
円形脱毛症	0
円建て	0
円弧	1
円光	0
円口類	3
円高	0
円座	0
円匙	0
円借款	3
円寂	0
円周	0
円周角	3
円周率	3
円熟	0
円唇母音	5
円心	0
円陣	0
円錐	1
円錐曲線	5
円錐形	0
円錐振子	5
円錐図法	5
円錐面	3
円石	0
円石藻	4
円相	0
円相場	3
円窓	0
円卓	0
円卓会議	5
円柱	0
円虫類	3
円頂	0
円椎	3
円塚	0
円天井	3
円転	0
円転滑脱	0
円筒	0
円筒形	0
円筒図法	5
円内	1
円板	0
円板クラッチ	6
円盤	0
円盤投げ	0
円舞	1
円舞曲	3
円墳	0
円偏光	3
円本	0
円盆	0
円満	0
円満具足	0
円味	0
円領	0
円鱗	0
円鉋	3
円鑿	0
円顱	1
園	1
園芸	0
園芸農業	5
園児	1
園舎	1
園生	0
園地	1
園池	1
園丁	0
園長	1
園庭	0
園内	1
園遊会	3
堰	1
堰き止める	4
堰き止め湖	4
堰き止湖	4
堰く	1
堰塞	0
堰止め湖	4
堰止湖	4
堰堤	0
堰板	0
奄々	0
奄奄	0
奄美の黒兎	1
宴	0
宴会	0
宴楽	0
宴席	0
宴遊	0
延々	0
延いて	1
延いては	1
延う	1
延て	1
延ばす	2
延び	2
延びる	2
延び延び	0
延び率	2
延べ	1
延べる	2
延べ金	2
延べ語数	4
延べ紙	2
延べ人員	3
延べ坪	2
延べ日数	3
延べ板	0
延べ払い	3
延べ払い輸出	6
延べ棒	0
延引	0
延延	0
延会	0
延期	0
延金	0
延紙	2
延寿	1
延焼	0
延伸	0
延人員	3
延髄	1
延性	0
延滞	0
延滞金	0
延滞税	3
延滞利息	5
延滞料	3
延着	0
延長	0
延長戦	0
延長保育	5
延坪	2
延縄	0
延日数	3
延年	0
延納	0
延泊	0
延発	0
延板	0
延払い	3
延宝	0
延棒	0
延命	0
延命草	0
延齢	0
延齢草	0
延繞	0
怨しい	4
怨ずる	0
怨み	3
怨みつらみ	6
怨み言	0
怨み辛み	6
怨む	2
怨めしい	4
怨言	0
怨語	0
怨恨	0
怨色	0
怨声	0
怨憎会苦	5
怨敵	1
怨敵退散	1
怨念	0
怨霊	0
怨嗟	1
掩い	2
掩う	0
掩蓋	0
掩撃	0
掩護	1
掩護射撃	4
掩壕	0
掩蔽	0
援ける	3
援引	0
援軍	0
援護	1
援護射撃	4
援助	1
援兵	0
援用	0
沿う	1
沿海	0
沿海州	3
沿革	0
沿岸	0
沿岸漁業	5
沿岸警備隊	0
沿岸流	3
沿線	0
沿道	0
沿路	1
演し物	3
演じる	0
演ずる	0
演る	0
演歌	1
演戯	1
演技	1
演技者	0
演技派	0
演技力	3
演義	1
演曲	0
演芸	0
演芸会	3
演芸場	0
演劇	0
演算	0
演算子	3
演算子法	0
演算装置	5
演者	1
演習	0
演習林	3
演出	0
演出家	0
演述	0
演色性	0
演説	0
演説会	4
演奏	0
演奏家	0
演奏会	3
演奏者	3
演題	0
演壇	0
演能	0
演武	1
演武場	0
演舞	1
演舞場	0
演目	0
演繹	0
演繹法	0
演繹論理学	7
炎	1
炎々	0
炎炎	0
炎夏	1
炎暑	1
炎症	0
炎上	0
炎色	0
炎天	0
炎天下	3
炎熱	0
炎熱地獄	5
焔	1
焔硝	0
煙	0
煙い	0
煙たい	3
煙たがる	4
煙り出し	0
煙る	0
煙雨	1
煙火	1
煙霞	1
煙害	0
煙感知器	6
煙管	1
煙管ボイラー	5
煙管乗り	0
煙死	0
煙出し	0
煙硝	0
煙塵	0
煙水晶	4
煙草	0
煙草屋	0
煙草銭	0
煙草入れ	3
煙草盆	3
煙筒	0
煙道	0
煙毒	0
煙突	0
煙波	1
煙幕	1
煙霧	1
燕	0
燕の巣	5
燕楽	0
燕去り月	5
燕去月	5
燕魚	5
燕子	0
燕子花	3
燕脂	0
燕雀	0
燕巣	3
燕麦	0
燕尾服	3
燕窩	1
猿	1
猿ぐつわ	3
猿の腰掛け	1
猿まね	0
猿回し	3
猿楽	0
猿楽能	4
猿滑	3
猿滑り	3
猿轡	3
猿袴	3
猿股	0
猿公	3
猿子	0
猿子鳥	3
猿芝居	3
猿酒	2
猿真似	0
猿人	0
猿知恵	0
猿捕茨	5
猿梨	0
猿猴	0
猿臂	1
縁	2
縁って	0
縁づく	3
縁どる	3
縁の下	3
縁むすび	3
縁る	3
縁遠い	3
縁家	1
縁覚	0
縁起	0
縁起もの	0
縁起直し	4
縁起物	0
縁結び	3
縁故	1
縁故疎開	4
縁語	0
縁合	0
縁合い	0
縁座	0
縁者	1
縁取り	0
縁取る	3
縁飾り	3
縁神獣鏡	0
縁戚	0
縁石	0
縁切り	0
縁切り寺	0
縁先	0
縁組	0
縁組み	0
縁側	0
縁続き	3
縁台	0
縁談	0
縁定め	3
縁内障	0
縁日	1
縁付く	3
縁付ける	4
縁辺	0
艶	0
艶々	1
艶々しい	5
艶かしい	5
艶く	3
艶っぽい	4
艶めかしい	5
艶めく	2
艶やか	2
艶艶	1
艶艶しい	5
艶歌	1
艶言	0
艶姿	3
艶事	0
艶種	0
艶出し	0
艶書	1
艶消し	0
艶消しガラス	5
艶消し硝子	5
艶笑	0
艶然	0
艶美	1
艶福	0
艶福家	0
艶物	0
艶文	1
艶聞	0
艶容	0
艶麗	0
苑	1
苑地	0
苑池	1
遠	1
遠々しい	5
遠い	0
遠からず	3
遠ざかる	4
遠ざける	4
遠っ走り	0
遠のく	3
遠のける	4
遠の昔	1
遠まわし	3
遠め	0
遠因	0
遠泳	0
遠縁	0
遠遠しい	5
遠音	0
遠火	0
遠回し	3
遠回り	3
遠海	0
遠隔	0
遠隔教育	5
遠隔視	4
遠隔操作	5
遠隔測定	5
遠隔地	3
遠巻き	0
遠眼	0
遠眼鏡	3
遠忌	1
遠距離	3
遠近	0
遠近法	0
遠駆け	0
遠景	0
遠見	0
遠古登点	0
遠交近攻	0
遠行	0
遠郊	0
遠国	0
遠山	0
遠山里	4
遠視	0
遠視眼	0
遠侍	3
遠州行灯	5
遠出	0
遠称	0
遠乗り	0
遠心	0
遠心花序	5
遠心性神経	7
遠心鋳造	5
遠心分離機	7
遠心力	3
遠征	0
遠逝	0
遠戚	0
遠浅	0
遠祖	1
遠足	0
遠退く	3
遠退ける	4
遠大	0
遠地	1
遠地点	3
遠点	1
遠島	0
遠投	0
遠道	0
遠日点	4
遠方	0
遠望	0
遠謀	0
遠謀深慮	5
遠吠え	0
遠鳴り	0
遠目	0
遠矢	0
遠洋	0
遠洋漁業	5
遠洋航海	5
遠洋航路	5
遠来	0
遠雷	0
遠離	1
遠流	1
遠慮	0
遠慮がち	0
遠慮勝ち	0
遠慮深い	5
遠恋	0
遠路	1
遠諱	1
鉛	0
鉛ガラス	4
鉛管	0
鉛室法	0
鉛樹	1
鉛色	0
鉛酢	0
鉛錘	0
鉛丹	0
鉛蓄電池	6
鉛中毒	4
鉛直	0
鉛直圏	4
鉛直線	4
鉛直面	4
鉛毒	0
鉛白	0
鉛板	0
鉛版	0
鉛筆	0
鉛筆の木	6
鉛筆画	0
鉛筆削り	5
鉛筆柏槙	5
鉛粉	0
鉛槧	0
鴛鴦	0
塩	2
塩から	3
塩っぱい	3
塩ビ	0
塩安	0
塩引	0
塩引き	0
塩化	0
塩化アルミニウム	7
塩化アンモニウム	7
塩化エチル	4
塩化エチレン	4
塩化カリウム	5
塩化カルシウム	6
塩化コバルト	4
塩化ナトリウム	6
塩化バリウム	5
塩化ビニール	5
塩化ビニル	4
塩化ビニル樹脂	7
塩化マグネシウム	7
塩化亜鉛	4
塩化金	3
塩化金酸	4
塩化銀	3
塩化錫	3
塩化水銀	4
塩化水素	4
塩化鉄	3
塩化銅	3
塩化物	3
塩化物イオン	6
塩加減	3
塩花	0
塩害	1
塩干し	0
塩基	1
塩基性	0
塩基性塩	4
塩基性岩	4
塩基性酸化物	8
塩基性染料	6
塩基対	3
塩基度	3
塩気	3
塩魚	3
塩湖	1
塩胡椒	3
塩昆布	3
塩鮭	3
塩酸	0
塩煮	3
塩汁	3
塩汁鍋	5
塩出し	0
塩焼	0
塩焼き	0
塩場菜	0
塩辛	3
塩辛い	4
塩辛声	5
塩辛蜻蛉	5
塩酢	1
塩水	2
塩水湖	3
塩水黽	3
塩生植物	6
塩泉	0
塩煎餅	3
塩噌	1
塩素	1
塩素酸	3
塩素酸カリウム	7
塩素酸ナトリウム	8
塩素水	3
塩素爆鳴気	6
塩蔵	0
塩断ち	0
塩漬	0
塩漬け	0
塩田	0
塩湯	2
塩豆	2
塩梅	3
塩梅酢	3
塩抜	0
塩抜き	0
塩風	2
塩風呂	0
塩物	2
塩分	1
塩味	2
塩浴	0
塩類	1
塩類泉	3
塩類腺	3
塩茹で	0
於いて	0
於ける	2
於て	1
於多福	2
汚	0
汚い	3
汚し	0
汚す	0
汚ない	3
汚らしい	5
汚らわしい	5
汚れ	0
汚れる	0
汚れ物	0
汚れ役	0
汚言	0
汚行	0
汚臭	0
汚職	0
汚辱	0
汚水	0
汚染	0
汚染者負担原則	8
汚損	0
汚濁	0
汚泥	0
汚点	0
汚涜	0
汚部屋	0
汚物	0
汚名	0
汚吏	1
汚穢	0
汚穢屋	0
甥	0
甥っ子	0
甥御	0
甥子	0
凹	1
凹ます	0
凹ませる	0
凹まる	0
凹み	0
凹む	0
凹める	0
凹レンズ	3
凹角	0
凹形	0
凹多角形	4
凹地	1
凹田	0
凹凸	0
凹版	0
凹面	0
凹面鏡	0
凹目	0
奥	1
奥さま	1
奥さん	1
奥つ城	2
奥の院	3
奥の間	1
奥の手	3
奥まる	3
奥ゆかしい	5
奥意	1
奥印	0
奥義	1
奥義書	0
奥宮	2
奥許し	3
奥勤め	3
奥御殿	3
奥向き	0
奥行	0
奥行き	0
奥行き知覚	5
奥行知覚	5
奥座敷	3
奥山	2
奥旨	1
奥歯	1
奥社	1
奥手	0
奥書	0
奥書き	0
奥女中	3
奥床しい	5
奥深い	4
奥地	1
奥津城	0
奥底	0
奥庭	0
奥伝	0
奥都城	0
奥陶紀	3
奥之院	3
奥付	0
奥付け	0
奥附	0
奥方	0
奥妙	0
奥様	1
往々	0
往々にして	0
往き	0
往き交い	2
往き返り	0
往き来	2
往く	1
往なす	0
往ぬ	1
往往	0
往還	0
往古	1
往航	0
往事	1
往時	1
往者	1
往信	0
往診	0
往生	1
往生際	0
往昔	0
往代	0
往日	0
往年	0
往復	0
往復はがき	5
往復ポンプ	5
往復機関	6
往復乗車券	7
往復切符	5
往復葉書	5
往返	0
往訪	0
往来	0
往来物	0
往路	1
応	1
応え	1
応える	3
応じる	0
応ずる	0
応援	0
応援歌	3
応援団	3
応化	1
応器	1
応急	0
応急手当	5
応急手当て	5
応供	1
応札	0
応手	1
応需	1
応酬	0
応召	0
応鐘	0
応身	0
応接	0
応接間	0
応接室	4
応戦	0
応訴	1
応対	0
応諾	0
応長	0
応答	0
応分	0
応変	0
応募	1
応募者	3
応報	0
応用	0
応用化学	5
応用科学	5
応用心理学	7
応用数学	5
応用物理学	7
応用問題	5
応用力学	6
応用倫理学	7
応竜	0
応龍	0
応量器	3
応力	1
応力腐食割れ	0
押え	3
押えつける	5
押える	3
押え込む	4
押え付ける	5
押さえ	3
押さえつける	5
押さえる	3
押さえ込み	0
押さえ込む	4
押さえ付ける	5
押し	0
押しあう	3
押しあける	4
押しあげる	4
押しあてる	4
押しいる	3
押しかえす	3
押しかける	4
押しかけ女房	5
押しきる	3
押しくらまんじゅう	5
押しくら饅頭	5
押しこむ	3
押しころす	4
押しずし	2
押したおす	4
押したてる	4
押しだまる	4
押しつけがましい	7
押しつける	4
押しつぶす	4
押しつまる	4
押しつめる	4
押して	0
押しとどめる	5
押しながす	4
押しのける	4
押しひろめる	5
押しまくる	4
押しもどす	4
押しやる	3
押しよせる	4
押しわける	4
押しピン	0
押しボタン	3
押し隠す	4
押し下げる	4
押し花	2
押し回し	0
押し回す	4
押し絵	0
押し開く	4
押し開ける	4
押し掛け	0
押し掛ける	4
押し掛け女房	5
押し割り麦	5
押し寄せる	4
押し詰まる	4
押し詰める	4
押し詰る	4
押し競	0
押し競べ	3
押し競饅頭	5
押し捲くる	4
押し遣る	3
押し広げる	5
押し広める	5
押し合い	0
押し合いへし合い	3
押し合い圧し合い	3
押し合う	3
押し込み	0
押し込み強盗	5
押し込む	3
押し込める	4
押し殺す	4
押し止める	4
押し紙	0
押し借り	0
押し手	0
押し寿司	2
押し出し	0
押し出す	3
押し上げる	4
押し上げポンプ	5
押し進める	5
押し切り	0
押し切る	3
押し相撲	3
押し戴く	5
押し退ける	4
押し頂く	5
押し通す	3
押し潰す	4
押し渡る	4
押し倒し	0
押し倒す	4
押し当てる	4
押し入る	3
押し入れ	0
押し入れる	4
押し破る	4
押し売	0
押し売り	0
押し迫る	4
押し麦	0
押し被せ構造	6
押し付け	0
押し付けがましい	7
押し付ける	4
押し分ける	4
押し並べて	3
押し返す	3
押し釦	3
押し黙る	4
押し目	0
押し目買い	0
押し戻す	4
押し問答	3
押し葉	0
押し立てる	4
押し流す	4
押し留める	5
押し鮨	2
押す	0
押すな押すな	2
押せ押せ	0
押っ広げる	5
押っ魂消る	5
押っ始める	5
押っ死ぬ	3
押っ取り刀	5
押っ被さる	5
押っ被せる	5
押っ付け	0
押っ放り出す	5
押っ立つ	3
押っ立てる	4
押ボタン	3
押印	0
押隠す	4
押韻	0
押回す	4
押絵	0
押開ける	4
押掛ける	4
押掛け女房	5
押寄せる	4
押詰める	4
押広げる	5
押広める	5
押合い	0
押合い圧し合い	3
押合う	3
押込み	0
押込み強盗	5
押込める	4
押殺す	4
押止める	4
押紙	0
押借り	0
押手	0
押収	0
押出し	0
押出す	3
押上げる	4
押上げポンプ	5
押切	0
押切り	0
押切る	3
押切帳	0
押送	0
押通す	3
押潰す	4
押渡る	4
押倒す	4
押捺	0
押入	0
押入る	3
押入れ	0
押売	0
押売り	0
押迫る	4
押麦	0
押付ける	4
押分ける	4
押返す	3
押放り出す	5
押釦	3
押黙る	4
押戻す	4
押立てる	4
押流す	4
旺盛	0
旺然	0
横	0
横ぎる	3
横ぐわえ	3
横ずれ	0
横たえる	4
横たわる	4
横ちょ	0
横っちょ	0
横っ腹	0
横っ面	0
横なぎ	0
横にらみ	3
横ばい	0
横溢	0
横雲	0
横泳ぎ	3
横殴り	0
横架材	3
横蝦	0
横臥	1
横海老	0
横隔膜	4
横隔膜ヘルニア	7
横滑り	0
横顔	0
横議	1
横筋	0
横穴	0
横言	0
横向き	0
横坑	0
横好き	0
横綱	0
横行	0
横行闊歩	5
横降り	0
横合い	0
横根	0
横坐り	0
横座り	0
横四方固	6
横四方固め	6
横死	0
横糸	0
横紙破り	5
横軸	0
横縞	0
横車	3
横取り	0
横手	0
横書き	0
横条笛鯛	6
横寝	0
横切る	3
横線	0
横組み	0
横槍	0
横太り	0
横隊	0
横奪	0
横断	0
横断歩道	5
横断歩道橋	0
横断幕	3
横断面	3
横着	3
横着者	0
横丁	0
横町	0
横長	0
横綴じ	0
横笛	0
横転	0
横倒し	0
横投げ	0
横道	0
横薙ぎ	0
横波	0
横這い	0
横帆	0
横板	0
横浜	0
横付け	0
横風	1
横幅	0
横腹	0
横物	0
横文	0
横文字	0
横兵庫	3
横柄	1
横並び	3
横歩き	3
横抱き	0
横暴	0
横棒	0
横堀	2
横面	0
横木	0
横目	0
横紋筋	0
横揺れ	0
横様	0
横流	0
横流し	0
横流れ	0
横領	0
横領罪	3
横列	0
横恋慕	3
横睨み	3
横膈膜	4
横褌	0
横銜え	3
欧亜	1
欧化	0
欧化主義	4
欧州	1
欧州通貨単位	8
欧風	0
欧文	0
欧米	0
欧露	1
殴りつける	5
殴り合い	0
殴り込み	0
殴り込む	4
殴り書き	0
殴り飛ばす	5
殴り付ける	5
殴る	2
殴殺	0
殴打	1
王	1
王さま	0
王位	1
王化	1
王家	1
王冠	0
王宮	0
王権	0
王権神授説	7
王侯	0
王公	0
王后	0
王国	0
王座	1
王子	1
王師	1
王事	1
王室	0
王者	1
王蛇	1
王手	1
王手飛車	3
王女	1
王将	0
王城	0
王水	0
王制	0
王政	0
王政復古	5
王族	0
王孫	0
王朝	0
王朝時代	5
王都	1
王土	1
王党	0
王統	0
王道	0
王道楽土	5
王妃	1
王府	1
王父	1
王物	0
王偏	0
王母	1
王法	0
王様	0
王様ペンギン	5
王立	0
翁	1
翁恵比須	4
翁草	3
襖	0
襖絵	0
鴬	2
鴬嬢	4
鴬色	0
鴬張り	0
鴎	0
鴎髱	3
黄	1
黄いろい	0
黄な粉	1
黄な粉餅	3
黄にら	0
黄ばむ	2
黄み	0
黄りん	0
黄葵	4
黄緯	1
黄衣	1
黄瓜	1
黄瓜菜	0
黄鉛	0
黄化	0
黄河	1
黄河文明	4
黄禍	1
黄花石楠花	4
黄海	1
黄褐色	3
黄蟻	1
黄菊	1
黄脚鷸	4
黄玉	0
黄金	0
黄金時代	5
黄金週間	5
黄金色	0
黄金蜘蛛	4
黄金虫	3
黄金比	3
黄金分割	5
黄金律	3
黄金率	3
黄経	1
黄鶏	0
黄血塩	4
黄犬契約	5
黄枯茶	3
黄口	0
黄口児	3
黄昏	0
黄昏れる	4
黄昏時	0
黄昏鳥	4
黄沙	1
黄砂	1
黄酒	1
黄綬褒章	4
黄熟	0
黄菖蒲	2
黄鐘	0
黄鐘調	0
黄色	0
黄色い	0
黄色人種	5
黄色猩々蠅	6
黄色猩猩蠅	6
黄心樹	6
黄身	0
黄身時雨	3
黄塵	0
黄塵万丈	0
黄水	0
黄水晶	2
黄水仙	2
黄雀	0
黄雀風	4
黄星円跳虫	7
黄泉	0
黄泉の国	1
黄泉路	1
黄素馨	2
黄体	0
黄体ホルモン	5
黄体形成ホルモン	9
黄体刺激ホルモン	8
黄鯛	1
黄丹	1
黄蝶	0
黄長石	3
黄鳥	0
黄鉄鉱	3
黄土	1
黄土色	0
黄桃	0
黄道	0
黄道吉日	0
黄道光	3
黄道座標	5
黄道十二宮	7
黄道帯	0
黄道眉	0
黄道面	3
黄銅	0
黄銅鉱	3
黄韮	0
黄熱	0
黄熱病	0
黄巴旦	2
黄梅	0
黄柏	0
黄白	1
黄櫨	1
黄幡	0
黄肌	0
黄肌鮪	4
黄八丈	3
黄斑	0
黄飯	0
黄皮木	1
黄枇	1
黄表紙	2
黄膚	1
黄吻	0
黄粉	1
黄粉餅	3
黄変	0
黄変米	0
黄麻	1
黄麻布	3
黄繭	0
黄楊	0
黄葉	0
黄立羽	2
黄緑	1
黄緑色	4
黄燐	0
黄檗	0
黄檗宗	4
黄蘗	0
黄蘗色	0
黄疸	0
黄癬	0
黄蜀葵	3
黄頷蛇	3
黄鶲	2
黄鶺鴒	2
黄鼬	1
岡	0
岡っ引き	0
岡虎の尾	5
岡虎尾	5
岡惚	0
岡惚れ	0
岡持ち	0
岡宿借	3
岡焼き	0
岡場所	0
岡目	2
岡目八目	5
沖	0
沖する	3
沖巨頭	3
沖言葉	3
沖合	0
沖合い	0
沖合い漁業	5
沖詞	3
沖醤蝦	0
沖積	0
沖積世	4
沖積層	4
沖積土	4
沖積統	4
沖積平野	5
沖仲仕	4
沖漬	0
沖漬け	0
沖釣	0
沖釣り	0
沖天	0
沖縄	0
沖縄そば	5
沖縄蕎麦	5
沖縄豆腐	5
沖波	0
沖浪	0
荻	1
荻江節	0
荻野学説	4
荻野式	0
億	1
億ション	1
億劫	3
億兆	0
億万	3
億万長者	5
屋	1
屋外	2
屋久杉	2
屋形	0
屋形船	4
屋戸	1
屋号	1
屋根	1
屋根屋	2
屋根瓦	3
屋根替え	0
屋根板	0
屋根裏	0
屋根裏部屋	0
屋舎	1
屋上	0
屋上庭園	5
屋前	1
屋体	1
屋台	1
屋台骨	0
屋台店	2
屋内	2
屋内プール	5
屋敷	3
屋敷町	3
憶う	0
憶える	3
憶見	0
憶説	0
憶測	0
憶断	0
憶念	0
憶病	3
臆す	2
臆する	3
臆見	0
臆説	0
臆測	0
臆断	0
臆念	0
臆病	3
臆病者	0
臆病神	3
臆病風	3
臆面	0
桶	1
桶屋	0
牡	1
牡蛎	0
牡牛	0
牡牛座	0
牡鶏	0
牡鹿	1
牡丹	1
牡丹杏	0
牡丹桜	4
牡丹雪	2
牡丹鍋	4
牡丹皮	2
牡丹防風	4
牡丹餅	2
牡丹鸚哥	4
牡鳥	0
牡馬	1
牡羊座	0
牡蠣	1
牡蠣飯	0
牡蠣油	3
乙	1
乙亥	0
乙卯	0
乙丑	0
乙種	1
乙女	2
乙女座	0
乙女子	3
乙女心	4
乙張	0
乙張り	0
乙酉	0
乙姫	2
乙姫蝦	4
乙姫海老	4
乙未	1
乙夜	1
乙矢	2
俺	0
俺たち	2
俺っち	2
俺ら	1
俺達	2
俺等	1
俺様	0
卸	3
卸し	3
卸したて	0
卸し金	0
卸し商	3
卸し大根	4
卸し値	3
卸し売り	0
卸し問屋	4
卸し立て	0
卸し和え	0
卸す	2
卸下	1
卸金	3
卸商	3
卸値	3
卸売	0
卸売り	0
卸売り価格	6
卸売り業者	6
卸売価格	6
卸売業者	6
卸売市場	6
卸売物価指数	10
卸問屋	4
恩	1
恩愛	0
恩威	1
恩義	1
恩誼	1
恩給	0
恩恵	0
恩恵期間	6
恩顧	1
恩倖	0
恩幸	0
恩師	1
恩賜	1
恩赦	1
恩借	0
恩讐	0
恩賞	0
恩情	0
恩人	0
恩沢	0
恩知らず	3
恩着せがましい	7
恩寵	0
恩典	0
恩徳	2
恩返し	3
恩命	0
恩讎	0
温	0
温々	1
温い	2
温か	4
温かい	4
温かみ	0
温まる	4
温み	3
温む	2
温める	4
温め酒	4
温もり	0
温もる	3
温温	1
温雅	1
温海	0
温覚	0
温顔	0
温気	1
温灸	0
温血動物	5
温言	0
温古知新	1
温故知新	1
温厚	0
温厚篤実	0
温室	0
温室育ち	5
温室効果	5
温室効果ガス	8
温湿布	3
温州蜜柑	5
温習	0
温順	0
温床	0
温情	0
温情主義	5
温色	0
温水	0
温水器	3
温製	1
温石	0
温泉	0
温泉たまご	6
温泉マーク	5
温泉華	3
温泉街	3
温泉郷	0
温泉玉子	6
温泉宿	5
温泉場	0
温泉卵	6
温泉療法	5
温存	0
温帯	0
温帯低気圧	7
温帯林	3
温暖	0
温暖化	0
温暖湿潤気候	9
温暖前線	5
温点	1
温度	1
温度感覚	4
温度計	0
温度目盛	4
温湯	0
温突	0
温熱	0
温熱療法	5
温排水	3
温風	0
温明殿	3
温麺	0
温野菜	3
温容	0
温浴	0
温良	0
温和	0
温和しい	4
温罨法	3
穏やか	2
穏健	0
穏健派	0
穏当	0
穏便	0
穏和	0
音	2
音いろ	0
音さ	1
音ずれ	0
音なし	2
音に聞く	2
音の壁	0
音圧	0
音域	0
音引き	0
音韻	0
音韻学	3
音韻論	3
音仮名	0
音価	1
音画	0
音階	0
音楽	1
音楽家	0
音楽会	4
音楽界	4
音楽学	4
音楽学校	5
音楽祭	4
音楽史	3
音楽隊	0
音楽的	0
音楽堂	0
音楽美学	5
音楽療法	5
音感	0
音感教育	5
音義	1
音響	0
音響カプラー	5
音響学	3
音響効果	5
音響測深	5
音曲	0
音訓	0
音源	0
音高	0
音合せ	3
音合わせ	3
音叉	1
音沙汰	0
音詩	0
音字	0
音質	0
音写	0
音色	0
音信	0
音信不通	5
音図	0
音数	3
音数律	3
音声	1
音声メール	5
音声学	3
音声器官	5
音声記号	5
音声言語	5
音声合成	5
音声生理学	7
音声多重放送	1
音声認識	5
音声表記	5
音節	0
音節文字	5
音栓	0
音素	1
音素体系	4
音素論	3
音像	0
音速	0
音痴	1
音調	0
音程	0
音締	0
音締め	0
音吐	1
音吐朗々	1
音吐朗朗	1
音頭	1
音頭取り	3
音読	0
音読み	0
音波	1
音博士	3
音盤	0
音姫	2
音標文字	5
音符	0
音譜	0
音部記号	4
音物	0
音便	0
音便形	0
音無し	2
音名	0
音訳	0
音容	0
音律	0
音量	0
音寫	1
下	2
下々	2
下がり	3
下がり松	3
下がり目	3
下がる	2
下げ	2
下げる	2
下げわたす	4
下げ札	2
下げ渋る	4
下げ緒	2
下げ振り	0
下げ足	2
下げ潮	0
下げ渡す	4
下げ髪	2
下げ幕	2
下げ翼	0
下ごしらえ	3
下さい	3
下さる	3
下し金	0
下し大根	4
下し薬	4
下す	0
下って	0
下っ端	0
下っ腹	0
下の句	3
下ばき	0
下ぶくれ	0
下らない	0
下らぬ	0
下らん	0
下り	0
下りもの	2
下りる	2
下り口	2
下り坂	0
下り上り	0
下り線	0
下り腹	0
下り物	2
下り目	4
下り立つ	3
下り列車	4
下る	0
下ろし	3
下ろしたて	0
下ろし金	0
下ろし立て	0
下ろし和え	0
下ろす	2
下位	1
下位分類	3
下位方言	3
下意	1
下意識	2
下意上達	1
下医	1
下一段活用	7
下院	0
下院議員	4
下押し	0
下屋	1
下屋敷	3
下下	2
下家	1
下火	0
下回り	3
下回る	4
下廻り	3
下界	0
下絵	0
下絵の具	3
下学上達	1
下顎	1
下顎骨	3
下掛かる	4
下掛る	4
下刈り	0
下巻	0
下慣らし	3
下期	2
下記	1
下宮	2
下級	0
下級裁判所	0
下級財	2
下級審	2
下級生	2
下金	0
下愚	1
下稽古	3
下血	0
下検分	3
下見	0
下見板	4
下弦	0
下限	0
下戸	1
下向	0
下向き	0
下向く	3
下校	0
下降	0
下降気流	4
下降線	0
下合	0
下克上	3
下刻	0
下国	0
下獄	0
下座	1
下剤	0
下阪	0
下作	0
下策	0
下刷り	0
下山	0
下仕事	3
下司	0
下司ばる	3
下士	1
下士官	3
下枝	0
下肢	1
下賜	1
下歯	0
下煮	0
下車	1
下取り	0
下手	2
下手くそ	4
下手出し投げ	0
下手人	0
下手投げ	0
下手捻り	4
下手物	0
下手糞	4
下種	0
下種ばる	3
下種張る	3
下衆	0
下衆張る	3
下襲	3
下宿	0
下宿屋	0
下宿人	0
下旬	0
下準備	3
下緒	0
下書き	0
下女	1
下女中	3
下乗	0
下城	0
下情	0
下職	0
下唇	4
下心	3
下臣	1
下人	0
下図	1
下垂	0
下垂体	0
下水	0
下水管	0
下水溝	0
下水処理	4
下水道	2
下世話	0
下生え	0
下請	0
下請け	0
下請負	3
下積み	0
下洗い	3
下染	0
下染め	0
下穿	0
下穿き	0
下線	0
下船	0
下賎	0
下前	0
下層	0
下層階級	4
下層社会	4
下層土	2
下相談	3
下草	0
下側	0
下足	0
下足場	0
下足番	0
下属音	3
下駄	0
下駄屋	0
下駄掛け	0
下駄直し	3
下駄箱	0
下駄番	0
下駄履き	0
下駄履き住宅	5
下帯	0
下腿	0
下腿骨	2
下台所	3
下大静脈	4
下達	0
下端	1
下段	0
下男	1
下値	0
下知	1
下地	0
下地っ子	0
下着	0
下張り	0
下町	0
下町言葉	5
下町風	0
下脹れ	3
下調べ	3
下剃り	0
下貼	0
下殿	0
下田	0
下塗り	0
下等	0
下等植物	5
下等動物	4
下働き	3
下道	0
下読	0
下読み	0
下馴し	3
下二段活用	6
下忍	0
下熱	0
下馬	1
下馬先	0
下馬評	0
下輩	0
下半	0
下半期	3
下半身	2
下番	0
下盤	0
下卑る	2
下肥	0
下紐	0
下描き	0
下品	2
下付	1
下敷	0
下敷き	0
下部	1
下部機関	3
下部構造	3
下風	0
下腹	1
下腹部	3
下物	1
下文	0
下聞き	0
下篇	0
下編	0
下方	0
下縫い	0
下萌え	0
下膨れ	3
下僕	0
下味	0
下民	1
下無	0
下名	0
下命	0
下面	1
下目	0
下問	0
下野	1
下野草	0
下役	0
下訳	0
下様	0
下葉	0
下落	0
下欄	0
下履	0
下履き	0
下痢	0
下痢止め	0
下立つ	3
下略	1
下流	0
下僚	0
下劣	0
下露	0
下郎	2
下剋上	3
下婢	1
下拵え	3
下疳	0
下瞰	0
下膊	0
下賤	0
化	1
化かす	2
化け	2
化けの皮	5
化ける	2
化け猫	0
化け物	3
化け物屋敷	5
化す	1
化する	2
化の皮	5
化育	1
化外	1
化学	1
化学エネルギー	5
化学ポテンシャル	5
化学化石	4
化学機械	5
化学記号	4
化学結合	4
化学元素	4
化学工学	4
化学工業	4
化学合成	4
化学作用	4
化学式	3
化学者	2
化学進化	4
化学戦	0
化学線	0
化学繊維	4
化学調味料	6
化学的	0
化学的性質	0
化学天秤	4
化学伝達物質	8
化学当量	4
化学熱力学	7
化学反応	4
化学反応式	6
化学肥料	4
化学物質	4
化学物理学	6
化学分析	4
化学兵器	4
化学平衡	4
化学変化	4
化学方程式	6
化学薬品	4
化学療法	4
化学量論	4
化楽天	2
化合	0
化合物	2
化合物半導体	0
化骨	0
化粧	2
化粧下	0
化粧回し	4
化粧廻し	4
化粧紙	2
化粧室	2
化粧水	3
化粧石鹸	4
化粧代	0
化粧台	0
化粧直し	4
化粧箱	2
化粧品	0
化粧柳	4
化粧料	2
化身	0
化成	0
化成肥料	4
化生	0
化石	0
化石人類	4
化石燃料	4
化繊	0
化転	1
化導	0
化内	1
化膿	0
化膿菌	0
化仏	0
化物	3
化物屋敷	5
仮	0
仮す	0
仮に	0
仮にも	3
仮の世	0
仮屋	0
仮勘定	3
仮議長	3
仮宮	0
仮橋	0
仮寓	0
仮契約	3
仮決	0
仮現運動	4
仮言	0
仮言的	0
仮言的三段論法	10
仮言的判断	6
仮言命法	4
仮根	2
仮差し押え	0
仮差し押さえ	0
仮差押	0
仮差押え	0
仮作	0
仮刷り	0
仮死	1
仮歯	1
仮字	0
仮執行	3
仮漆	0
仮借	0
仮釈放	3
仮種皮	2
仮受け金	0
仮住	3
仮住い	3
仮住まい	3
仮住居	3
仮住所	3
仮出獄	4
仮出所	3
仮処分	3
仮初	0
仮初にも	5
仮初め	0
仮初めにも	5
仮小屋	0
仮称	0
仮粧	2
仮象	0
仮条約	3
仮植	0
仮植え	0
仮色	0
仮寝	0
仮親	0
仮睡	0
仮数	2
仮性	0
仮性近視	4
仮性小児コレラ	7
仮政府	3
仮声	0
仮設	0
仮説	0
仮説検定	4
仮想	0
仮想記憶	4
仮想現実	4
仮想私設通信網	9
仮想敵国	4
仮相	0
仮葬	0
仮装	0
仮装行列	4
仮足	0
仮題	0
仮宅	0
仮託	0
仮調印	3
仮綴	0
仮綴じ	0
仮定	0
仮定形	0
仮定条件	4
仮定法	0
仮諦	0
仮貼り	0
仮殿	0
仮渡し	0
仮登記	3
仮痘	0
仮導管	0
仮道管	0
仮納	0
仮泊	0
仮髪	0
仮病	0
仮普請	3
仮葺	0
仮葺き	0
仮払い	3
仮分数	2
仮縫い	0
仮埋葬	3
仮眠	0
仮名	0
仮名漢字変換	6
仮名遣い	3
仮名交じり	3
仮名交じり文	5
仮名使い	3
仮名手本	3
仮名書き	0
仮名草子	3
仮名草紙	3
仮名文字	0
仮名本	0
仮免	0
仮免許	3
仮免状	3
仮面	0
仮面劇	2
仮面舞踏会	5
仮役	0
仮訳	0
仮有	1
仮令	0
仮拵え	3
何	1
何々	1
何か	1
何かしら	0
何かと	0
何から何まで	1
何から何迄	1
何か月	3
何か知ら	0
何か彼にか	1
何がな	1
何が何でも	4
何くれ	0
何ごと	0
何さま	1
何しろ	1
何じゃもんじゃ	4
何じょう	1
何せ	1
何ぞ	0
何たって	1
何たる	1
何だ	1
何だか	1
何だって	1
何て	1
何で	1
何でも	0
何でもかでも	5
何でもかんでも	5
何でもない	5
何でも屋	0
何でも彼でも	5
何でも彼んでも	5
何でも無い	5
何と	1
何という	1
何といっても	1
何とか	1
何としても	1
何とぞ	0
何となく	4
何となれば	4
何とは無しに	5
何とも	0
何と言う	1
何と言っても	1
何と無く	4
何なら	3
何なり	1
何にも	0
何の	1
何のくらい	0
何のその	1
何の位	0
何の其の	1
何の道	0
何の辺	0
何の様	1
何はさておき	1
何はともあれ	1
何はなくとも	1
何は無くとも	1
何は扨措き	1
何ひとつ	1
何びと	0
何ぶん	0
何べん	1
何も	0
何もかも	1
何も彼も	1
何やら	1
何や彼や	1
何ゆえ	0
何より	1
何ら	1
何らか	4
何れ	1
何れか	0
何れ程	0
何ヶ月	3
何一つ	1
何箇	1
何箇月	3
何回	1
何気ない	4
何気なく	4
何気無い	4
何気無く	4
何月	1
何個	1
何故	1
何故か	1
何故なら	1
何故ならば	1
何呉	0
何事	0
何時	1
何時か	1
何時かしら	1
何時かは	1
何時しか	1
何時ぞや	1
何時でも	1
何時なんどき	1
何時の間にか	5
何時まで	1
何時までも	1
何時も	1
何時もながら	4
何時何時	2
何時何時までも	1
何時何時迄も	1
何時間	3
何時頃	0
何時時分	0
何時迄	1
何時迄も	1
何者	0
何十	1
何処	1
何処いら	2
何処か	1
何処となく	4
何処と無く	4
何処までも	1
何処やら	1
何処ら	1
何処其処	1
何処迄も	1
何所	1
何所いら	2
何所やら	1
何所ら	1
何条	1
何食わぬ顔	4
何心ない	6
何心なく	6
何心無い	6
何心無く	6
何人	0
何千	3
何卒	0
何程	0
何点	1
何度	1
何奴	1
何等	3
何等か	4
何日	1
何年	1
何年生	0
何番	1
何彼と	0
何百	1
何物	0
何分	0
何糞	4
何遍	1
何方	1
何方も何方	5
何方道	0
何方付かず	5
何某	1
何枚	1
何名	0
何曜日	3
何様	1
何用	0
何處	1
伽	1
伽羅	1
伽羅蕗	0
伽藍	0
伽藍鳥	0
価	0
価する	0
価格	0
価格カルテル	4
価格革命	4
価格協定	4
価格効果	4
価格帯	0
価格弾力性	7
価格破壊	4
価額	0
価値	1
価値観	3
価値哲学	4
価値判断	3
価値分析	3
価値法則	3
価値倫理学	5
価値論	2
価電子	2
佳	1
佳き	1
佳宴	0
佳境	0
佳句	1
佳景	0
佳月	1
佳肴	0
佳作	0
佳酒	1
佳什	0
佳賞	0
佳人	1
佳人薄命	1
佳節	0
佳辰	0
佳調	0
佳日	1
佳品	0
佳賓	0
佳篇	0
佳編	0
佳味	1
佳容	0
佳良	0
佳例	0
佳麗	0
佳話	1
加	1
加うるに	3
加えて	0
加える	0
加え算	3
加わる	0
加圧	0
加圧器	3
加圧水型原子炉	10
加塩	0
加温	0
加賀紋	2
加害	0
加害者	2
加冠	0
加虐	0
加給	0
加減	0
加減乗除	4
加減酢	2
加護	1
加工	0
加工業	2
加工紙	2
加工食品	4
加工賃	2
加工乳	2
加工品	0
加工貿易	4
加号	1
加算	0
加算税	2
加餐	0
加持	1
加持祈祷	1
加持身	2
加湿	0
加湿器	3
加湿機	3
加重	0
加重平均	4
加除	1
加水	0
加水分解	4
加水分解酵素	8
加数	2
加勢	0
加増	0
加速	0
加速器	2
加速度	3
加速度計	0
加速度原理	5
加速度的	0
加速度病	0
加担	0
加点	0
加電圧	2
加答児	1
加糖練乳	4
加特力	3
加入	0
加入者	2
加入電信	4
加入電話	4
加熱	0
加熱器	3
加熱炉	3
加年	1
加之	5
加農砲	2
加配	0
加配米	0
加判	0
加筆	0
加俸	0
加法	1
加味	1
加密爾列	2
加密列	2
加盟	0
加盟国	2
加役	1
加薬	0
加薬飯	3
加養	0
加里石鹸	3
加留多	1
加硫	0
加療	0
加齢	0
加禄	1
可	1
可き	1
可哀想	4
可哀相	4
可愛い	3
可愛がる	4
可愛げ	3
可愛らしい	5
可愛気	3
可汗	1
可逆	0
可逆機関	5
可逆性	0
可逆電池	4
可逆反応	4
可逆変化	4
可及的	0
可決	0
可算集合	4
可算名詞	4
可視	1
可視光線	3
可住地	2
可祝	1
可処分所得	5
可笑しい	3
可成	1
可惜	0
可塑	1
可塑剤	2
可塑材	2
可塑性	0
可塑性物質	5
可塑物	2
可鍛性	0
可鍛鋳鉄	4
可動	0
可動堰	2
可動橋	0
可読性	0
可燃	0
可燃ゴミ	2
可燃性	0
可燃物	2
可能	0
可能性	0
可能動詞	4
可能法	2
可否	1
可分	0
可変	0
可変コンデンサー	6
可変ピッチプロペラ	7
可変資本	4
可変長	2
可変抵抗器	6
可変費用	4
可也	1
可融合金	0
可溶	0
可溶性	0
可溶片	0
可用性	0
可憐	0
可撓	0
可鎔性	0
可鎔片	0
嘉応	1
嘉月	1
嘉言	0
嘉肴	0
嘉祥	0
嘉賞	0
嘉節	0
嘉辰	0
嘉日	1
嘉納	0
嘉留太	1
嘉例	0
嘉暦	1
夏	2
夏ばて	0
夏めく	3
夏やせ	0
夏安居	2
夏衣	3
夏羽	0
夏羽織	3
夏雲	0
夏掛け	0
夏官	0
夏柑	0
夏館	3
夏期	1
夏期学校	3
夏期休暇	3
夏季	1
夏季休暇	3
夏季熱	2
夏菊	0
夏休み	3
夏空	0
夏枯れ	0
夏胡頽子	3
夏向	0
夏向き	0
夏座敷	3
夏祭	3
夏祭り	3
夏作	0
夏山	0
夏蚕	0
夏至	0
夏至線	0
夏至点	2
夏時	1
夏時間	3
夏時刻	3
夏芝居	3
夏場	0
夏場所	0
夏水仙	3
夏蝉	0
夏痩	0
夏痩せ	0
夏草	0
夏大根	3
夏着	0
夏中	1
夏虫	2
夏鳥	2
夏椿	3
夏藤	2
夏日	1
夏櫨	3
夏布団	3
夏負け	0
夏風邪	0
夏服	0
夏物	0
夏帽子	3
夏蜜柑	3
夏眠	0
夏霧	0
夏木立	3
夏野	0
夏炉冬扇	1
夏茱萸	3
嫁	0
嫁いびり	3
嫁が笠	4
嫁が君	5
嫁ぎ先	0
嫁ぐ	2
嫁ご	0
嫁す	1
嫁する	2
嫁笠	4
嫁御	0
嫁菜	0
嫁取り	4
嫁入	0
嫁入り	0
嫁入り支度	5
嫁入り道具	5
嫁入る	3
嫁入婚	4
家	2
家々	2
家じゅう	0
家だに	0
家の子郎党	0
家の人	5
家運	1
家屋	1
家屋税	3
家屋敷	3
家家	2
家蚊	2
家格	0
家学	1
家鴨	0
家居	0
家郷	1
家業	1
家禽	0
家筋	0
家具	1
家具屋	2
家君	1
家訓	0
家兄	0
家系	0
家計	0
家計簿	2
家憲	0
家元	0
家構え	3
家根	1
家裁	0
家財	1
家財道具	4
家作	0
家産	0
家蚕	0
家司	0
家事	1
家事労働	3
家持ち	0
家主	1
家守	1
家集	0
家什	0
家従	0
家塾	1
家出	0
家出人	0
家書	1
家常	0
家常茶飯	4
家職	0
家信	0
家臣	1
家人	1
家雀	3
家政	0
家政科	0
家政学	2
家政婦	2
家声	0
家捜し	2
家相	0
家蔵	0
家族	1
家族計画	4
家族主義	4
家族手当	4
家族制度	4
家族法	0
家族療法	4
家続き	3
家台	1
家宅	0
家宅侵入罪	6
家宅捜索	4
家探し	2
家畜	0
家中	0
家長	1
家長権	2
家賃	1
家庭	0
家庭医	2
家庭科	0
家庭教育	4
家庭教師	4
家庭劇	2
家庭菜園	4
家庭裁判所	0
家庭裁判所調査官	11
家庭争議	4
家庭着	2
家庭的	0
家庭内暴力	6
家庭福祉員	6
家庭訪問	4
家庭欄	2
家伝	0
家電	0
家兎	3
家督	0
家督相続	4
家内	1
家内工業	4
家内中	0
家猫	0
家蝿	2
家白蟻	4
家鳩	0
家付き	0
家扶	1
家父	1
家父長制	0
家父入	0
家譜	1
家風	1
家柄	0
家並	0
家並み	0
家壁蝨	0
家宝	1
家法	1
家僕	0
家務	1
家名	0
家鳴り	0
家紋	0
家門	1
家来	1
家頼	1
家令	0
家例	0
家礼	1
家路	0
家老	0
家禄	0
家蝙蝠	3
家蠅	0
寡	0
寡い	3
寡居	1
寡言	0
寡作	0
寡少	0
寡人	1
寡勢	0
寡占	0
寡頭制	0
寡頭政治	4
寡夫	1
寡婦	1
寡婦暮らし	4
寡聞	0
寡兵	1
寡暮し	4
寡暮らし	4
寡黙	0
寡慾	0
寡欲	0
科	1
科す	1
科する	2
科の木	1
科学	1
科学革命	4
科学技術	4
科学技術庁	6
科学者	2
科学捜査	4
科学的	0
科学的管理法	8
科学的社会主義	9
科学哲学	5
科学博物館	7
科挙	1
科人	0
科斗	1
科白	0
科白劇	3
科名	0
科目	0
科料	0
暇	0
暇々	2
暇つぶし	0
暇にあかす	5
暇に飽かす	5
暇ねた	0
暇暇	2
暇乞	0
暇乞い	4
暇取る	3
暇人	0
暇潰し	0
果	1
果して	2
果し状	0
果す	2
果せる	3
果せる哉	3
果たして	2
果たし合い	0
果たし状	0
果たす	2
果たせる哉	3
果て	2
果てし	0
果てしない	4
果てし無い	4
果ては	0
果てる	2
果ない	3
果核	0
果敢	0
果敢い	3
果敢ない	3
果敢なむ	3
果敢無い	3
果敢無む	3
果菜	0
果菜類	2
果実	1
果実酒	3
果実酢	3
果樹	1
果樹園	2
果汁	0
果然	0
果断	0
果糖	0
果肉	0
果皮	1
果物	2
果物屋	0
果物時計草	0
果報	1
果報者	0
果無い	3
架	0
架かる	2
架ける	2
架け橋	2
架する	2
架間	0
架橋	0
架空	0
架構	0
架上	0
架設	0
架線	0
架装	0
架台	0
歌	2
歌い手	0
歌い出し	0
歌い女	0
歌い上げる	5
歌い物	0
歌う	0
歌の道	0
歌ガルタ	3
歌詠み	0
歌加留多	3
歌会	0
歌会始	5
歌会始め	5
歌垣	2
歌格	0
歌学	1
歌妓	1
歌境	0
歌曲	1
歌曲集	2
歌劇	1
歌語	1
歌口	2
歌稿	0
歌合	3
歌合せ	3
歌合わせ	3
歌合戦	3
歌詞	1
歌手	1
歌集	0
歌書	1
歌唱	0
歌心	3
歌神	0
歌人	1
歌聖	0
歌声	0
歌仙	1
歌袋	3
歌題	0
歌沢	0
歌壇	0
歌道	1
歌碑	1
歌姫	2
歌舞	1
歌舞伎	0
歌舞伎狂言	4
歌舞伎劇	3
歌舞伎座	0
歌舞伎芝居	4
歌舞伎十八番	7
歌舞伎舞踊	4
歌舞伎踊	4
歌舞伎踊り	4
歌舞妓	0
歌風	0
歌物	0
歌枕	3
歌謡	0
歌謡曲	2
歌留多	1
歌論	0
河	2
河烏	3
河鵜	0
河沿い	0
河海豚	3
河漢	1
河岸	1
河岸段丘	4
河渠	1
河系	0
河原	0
河原乞食	4
河原者	0
河原鳩	4
河原撫子	5
河原蓬	4
河原艾	4
河原鶸	4
河口	0
河口港	2
河港	0
河骨	0
河鹿	0
河鹿蛙	4
河床	0
河食	0
河蝕	0
河神	0
河水	0
河清	0
河跡湖	3
河川	1
河川工学	4
河川敷	2
河船	1
河鼠	3
河太郎	2
河谷	0
河端	0
河竹	2
河底	0
河童	0
河童巻	0
河童巻き	0
河道	0
河豚	1
河豚中毒	3
河豚毒	2
河馬	1
河伯	0
河畔	0
河風	2
河鱒	0
河明かり	3
河明り	3
河面	2
河流	0
河郎	0
河獺	0
河蜻蛉	3
火	1
火あぶり	2
火だるま	2
火ともし	2
火ともし頃	5
火のし	3
火の気	1
火の玉	1
火の見	0
火の見やぐら	4
火の見櫓	4
火の元	2
火の車	1
火の手	1
火の神	1
火の番	2
火の粉	1
火の用心	3
火ばさみ	2
火ぶくれ	2
火ぶた	1
火よけ	0
火移り	2
火影	0
火炎	0
火炎瓶	2
火炎放射器	6
火焔	0
火焔放射器	6
火屋	1
火桶	2
火加減	2
火花	1
火花放電	4
火蓋	1
火格子	2
火干し	3
火器	1
火気	1
火脚	0
火急	0
火球	0
火玉	3
火刑	0
火元	3
火口	1
火口丘	2
火口原	2
火口原湖	4
火口湖	2
火口壁	2
火工品	0
火攻め	3
火災	0
火災保険	4
火災報知器	6
火災報知機	6
火災流	2
火砕岩	2
火砕丘	2
火砕物	2
火砕流	2
火祭	2
火祭り	2
火匙	1
火皿	1
火皿貝	3
火山	1
火山ガス	4
火山灰	2
火山灰地	4
火山灰土壌	6
火山活動	4
火山岩	2
火山群	2
火山砂	2
火山砕屑岩	7
火山砕屑丘	7
火山砕屑物	7
火山昇華物	6
火山塵	2
火山性地震	6
火山前線	4
火山帯	0
火山弾	2
火山泥流	4
火山島	0
火山脈	2
火山毛	2
火山雷	2
火山列	2
火山礫	2
火事	1
火事見舞	3
火事見舞い	3
火事場	0
火事場泥棒	4
火事泥	0
火持ち	0
火車	1
火取	2
火取蛾	3
火手	1
火種	0
火酒	1
火除け	0
火傷	0
火床	1
火消	0
火消し	3
火消し壷	3
火消し役	0
火消し壺	3
火消壷	3
火消役	0
火消壺	3
火焼	0
火焼き	0
火照り	3
火照る	2
火色	0
火食	0
火食鳥	2
火針	0
火吹き竹	3
火水	1
火勢	0
火成活動	4
火成岩	2
火成鉱床	4
火星	0
火星人	2
火責め	3
火切り	3
火先	3
火箭	1
火線	1
火掻き	3
火葬	0
火葬場	0
火足	0
火打ち金	3
火打ち石	3
火打金	0
火打石	3
火袋	2
火宅	0
火叩き	2
火達磨	2
火中	0
火柱	2
火脹れ	2
火点し	0
火点しごろ	5
火点し頃	5
火点頃	5
火田	0
火渡り	2
火灯	1
火灯し頃	5
火鍋子	3
火縄	0
火縄銃	3
火難	0
火入れ	3
火熱	1
火廼要慎	3
火箸	1
火鉢	1
火付	0
火付き	3
火付け	0
火付け役	0
火夫	1
火風	1
火焚	0
火焚き	0
火糞	0
火偏	0
火保ち	0
火砲	1
火膨れ	2
火防	0
火明かり	2
火明り	2
火木	0
火矢	1
火薬	0
火薬庫	3
火遊び	2
火曜	0
火曜日	2
火力	1
火力発電	4
火炉	1
火弄り	2
火炙り	2
火焙り	2
火熨斗	3
火燵	0
火燵布団	4
火蜥蜴	0
火迺要慎	3
火鍼	0
火鑽り	3
禍	0
禍々しい	5
禍因	0
禍禍しい	5
禍害	1
禍言	0
禍根	0
禍事	0
禍福	1
禾穀類	3
禾偏	0
禾本科	0
禾予	0
稼ぎ	1
稼ぎ高	3
稼ぎ手	0
稼ぎ出す	0
稼ぎ人	0
稼ぐ	2
稼業	1
稼働	0
稼働率	2
稼穡	0
箇	1
箇箇	1
箇国	0
箇所	1
箇条	0
箇条書	0
箇条書き	0
花	2
花々しい	5
花かご	2
花かんざし	3
花がたみ	3
花がつお	3
花がるた	3
花ぎれ	0
花ござ	2
花ざかり	3
花しょうぶ	3
花だより	3
花づな	0
花のかんばせ	0
花の雨	4
花の顔	0
花の木	3
花はずかしい	6
花びら	3
花びら餅	4
花ふぶき	3
花やか	2
花やぐ	3
花ガルタ	3
花キャベツ	3
花葵	3
花虻	3
花烏賊	2
花園	0
花押	0
花王	0
花屋	2
花屋敷	3
花嫁	2
花嫁学校	5
花嫁御寮	5
花火	1
花火師	3
花火線香	4
花花しい	5
花芽	1
花魁	0
花魁道中	5
花貝	2
花蓋	0
花街	0
花角力	3
花笠	3
花鰹	3
花冠	0
花環	0
花丸	0
花器	1
花期	1
花客	0
花供養	3
花金	0
花形	0
花形株	4
花形役者	5
花茎	0
花鶏	0
花結び	3
花月	1
花見	3
花見月	3
花見時	0
花見酒	3
花言葉	3
花虎の尾	5
花虎魚	4
花梗	0
花綱	0
花香	0
花合わせ	3
花祭	3
花祭り	3
花菜漬	0
花菜漬け	0
花材	0
花咲蟹	4
花札	2
花糸	1
花紙	0
花詞	3
花持ち	0
花時	0
花時計	3
花自動車	4
花式図	3
花軸	1
花実	1
花蕊	0
花車	0
花守	2
花守り	2
花樹	1
花序	1
花床	0
花菖蒲	3
花色	0
花信	0
花信風	2
花心	0
花神	0
花尽くし	3
花吹雪	3
花水木	3
花生け	3
花盛り	3
花潜	3
花潜り	3
花蘇芳	3
花相撲	3
花束	2
花苔	2
花代	0
花台	0
花托	0
花壇	1
花恥ずかしい	6
花蜘蛛	0
花柱	0
花町	2
花鳥	1
花鳥画	0
花鳥風月	1
花鳥諷詠	1
花椿	3
花摘み	4
花天月地	4
花電車	3
花盗人	3
花灯籠	3
花豆	2
花道	2
花独活	0
花曇	0
花曇り	0
花入	3
花入れ	0
花売り	4
花売り娘	5
花畑	3
花筏	3
花疲れ	3
花被	1
花菱	2
花菱草	0
花氷	3
花瓶	0
花布	0
花譜	1
花物	2
花粉	0
花粉管	0
花粉症	0
花粉情報	4
花粉分析	4
花文字	0
花柄	0
花片	0
花便り	3
花弁	3
花弁餅	4
花圃	1
花穂	0
花蜂	2
花房	2
花蜜	0
花婿	3
花明かり	3
花模様	3
花毛氈	3
花木	1
花紋	0
花野	0
花野菜	3
花柳	0
花柳界	2
花柳病	0
花葉	0
花落ち	4
花梨	0
花立て	2
花林	0
花林糖	0
花輪	0
花冷え	0
花暦	3
花卉	1
花卉園芸	3
花崗岩	2
花崗閃緑岩	7
花椒塩	4
花椰菜	3
花櫚	0
花瓣	0
花筐	3
花筺	3
花筵	3
花籠	1
花簪	3
花綵	2
花綵列島	4
花茗荷	3
花茣蓙	0
花蕾	2
花鋏	3
苛つく	3
苛む	3
苛め	0
苛めっ子	0
苛める	0
苛虐	0
苛酷	0
苛性	0
苛性アルカリ	4
苛性カリ	4
苛性ソーダ	4
苛性加里	4
苛政	0
苛税	0
苛立たしい	5
苛立ち	0
苛立つ	3
苛立てる	4
苛烈	0
苛斂	0
苛斂誅求	0
茄	1
茄子	1
茄子科	0
荷	1
荷う	2
荷が勝つ	1
荷ない	2
荷なう	2
荷扱い	2
荷鞍	0
荷為替	2
荷為替手形	5
荷印	2
荷卸し	2
荷下ろし	2
荷作り	2
荷札	1
荷捌	2
荷捌き	2
荷姿	2
荷車	2
荷主	0
荷受	3
荷受け	3
荷受け人	0
荷受人	0
荷重	0
荷積	0
荷積み	0
荷船	1
荷送	0
荷送り	2
荷送り人	0
荷送人	0
荷造り	2
荷足	0
荷足り	0
荷足り船	4
荷駄	1
荷台	0
荷担	0
荷電	0
荷電粒子	4
荷渡し指図書	0
荷渡指図書	0
荷動き	2
荷縄	0
荷馬	1
荷馬車	2
荷抜き	0
荷物	1
荷物電車	4
荷崩れ	2
荷厄介	2
荷役	0
荷揚げ	0
荷葉	0
荷拵え	2
華	2
華々しい	5
華やか	2
華やぐ	3
華夷	1
華華しい	5
華魁	0
華客	0
華僑	1
華金	0
華厳	0
華厳経	0
華厳宗	2
華語	1
華甲	1
華氏	1
華氏温度	3
華字	1
華商	1
華燭	0
華燭の典	5
華族	1
華壇	0
華中	1
華道	1
華南	1
華美	1
華表	0
華瓶	1
華北	1
華麗	0
華奢	1
華筥	1
華胥	1
華鬘	0
華鬘草	0
菓子	1
菓子パン	0
菓子屋	0
菓子器	2
菓子皿	2
菓子司	3
菓子折	0
菓子折り	0
菓子箱	2
菓子鉢	2
菓子盆	2
菓物	2
蝦	0
蝦夷	1
蝦夷菊	2
蝦夷鹿	2
蝦夷松	2
蝦夷雷鳥	3
蝦夷狼	3
蝦芋	2
蝦蟹	0
蝦虎魚	1
蝦腰	0
蝦錠	0
蝦責め	0
蝦尾	2
蝦蔓	0
蝦蛄	1
蝦蛄葉サボテン	4
蝦蟇	0
蝦蟇口	0
蝦蟇腫	2
蝦蟆	1
課	1
課す	1
課する	2
課員	1
課外	0
課外活動	4
課業	1
課金	0
課税	0
課税所得	4
課税標準	4
課題	0
課徴金	0
課長	0
課程	0
課目	0
課役	1
貨	3
貨客	1
貨客船	0
貨財	1
貨車	1
貨車渡し	3
貨殖	0
貨物	1
貨物駅	3
貨物自動車	5
貨物船	0
貨物列車	4
貨幣	1
貨幣価値	4
貨幣経済	4
貨幣錯覚	4
貨幣数量説	6
貨幣制度	4
貨幣石	2
貨幣同盟	4
迦楼羅	1
過	1
過ぎ	2
過ぎる	2
過ぎ越しの祭	0
過ぎ去る	0
過ぎ行く	3
過ぎ者	0
過ぎ物	0
過ぐ	1
過ごす	2
過す	2
過ち	3
過つ	3
過る	2
過マンガン酸カリウム	9
過越しの祭	0
過換気症候群	7
過雁	0
過客	0
過給機	2
過去	1
過去る	0
過去完了	3
過去形	0
過去七仏	4
過去帳	0
過去分詞	3
過勤	0
過激	0
過激思想	4
過激派	0
過現未	2
過言	0
過呼吸	2
過誤	1
過行く	3
過酷	0
過酸化ナトリウム	7
過酸化バリウム	6
過酸化水素	5
過酸化物	4
過酸症	0
過失	0
過失傷害罪	6
過失責任主義	8
過失致死	4
過失致死罪	5
過者	0
過重	0
過熟児	3
過小	0
過小評価	4
過少	0
過少申告	4
過賞	0
過剰	0
過剰生産	4
過剰虹	2
過剰防衛	4
過剰流動性	0
過食	0
過食症	0
過信	0
過振り	1
過疎	1
過疎地	2
過疎地域	3
過多	1
過怠	0
過大	0
過大視	2
過大評価	4
過程	0
過電圧	2
過電流	2
過渡	1
過渡期	2
過渡現象	3
過渡的	0
過度	1
過当	0
過当競争	4
過日	1
過熱	0
過熱器	3
過熱気味	0
過熱蒸気	4
過年度	2
過半	0
過半数	2
過般	1
過般来	2
過敏	0
過敏症	0
過不及	2
過不足	2
過負荷	1
過払	2
過物	0
過分	0
過保護	2
過褒	0
過飽和	2
過飽和蒸気	5
過飽和溶液	5
過密	0
過硫酸	2
過料	0
過量	0
過燐酸石灰	6
過冷却	2
過労	0
過労死	2
霞	0
霞む	0
霞桜	4
霞山椒魚	6
霞石	3
霞草	0
霞網	3
霞目	0
蚊	0
蚊とりせんこう	4
蚊とり線香	4
蚊屋	0
蚊火	0
蚊遣	0
蚊遣り	0
蚊遣り火	3
蚊取り線香	4
蚊取線香	4
蚊食い鳥	2
蚊食鳥	2
蚊針	1
蚊絶	2
蚊絶やし	2
蚊柱	2
蚊帳	0
蚊帳吊草	4
蚊母鳥	1
蚊燻	2
蚊燻り火	3
蚊蜻蛉	2
蚊鉤	0
俄	1
俄か	1
俄か雨	4
俄雨	4
俄狂言	4
俄仕込み	4
俄仕立て	4
俄成金	4
俄雪	3
俄然	0
俄造り	4
俄分限	4
峨々	1
峨峨	1
我	1
我々	0
我が	1
我がちに	5
我がまま	3
我がもの	1
我が家	1
我が国	1
我が事	1
我が身	1
我が党	1
我が輩	0
我が夫	1
我が物	1
我が物顔	0
我が方	1
我が侭	3
我が儘	3
我しらず	1
我ながら	5
我にもなく	1
我にも無く	1
我ら	1
我意	1
我家	1
我我	0
我見	0
我国	1
我事	1
我執	0
我勝ちに	0
我身	1
我人	1
我先に	1
我僧	0
我知らず	1
我田引水	1
我党	1
我等	1
我乍ら	0
我輩	0
我武者羅	0
我物	1
我物顔	0
我方	1
我褒め	0
我侭	3
我慢	1
我慢強い	5
我鳴り立てる	5
我鳴る	2
我欲	0
我利	1
我利我利	0
我利我利亡者	5
我利勉	0
我流	0
我儘	3
牙	1
牙関緊急	4
牙城	0
牙虫	1
牙保	1
牙竜	0
牙龍	0
牙纛	1
画	1
画く	2
画す	2
画する	3
画びょう	0
画コンテ	2
画意	1
画一	0
画一的	0
画因	1
画引	0
画引き	0
画家	0
画架	0
画架座	0
画会	0
画角	0
画学	1
画学紙	3
画学生	2
画期	0
画期的	0
画境	0
画業	1
画工	0
画稿	0
画才	0
画材	0
画策	0
画讃	0
画賛	0
画師	1
画紙	1
画時代的	0
画室	0
画質	0
画手	1
画趣	1
画集	0
画塾	1
画匠	0
画商	0
画障	0
画心	0
画人	0
画数	3
画聖	0
画仙紙	2
画然	0
画素	1
画僧	0
画像	0
画像処理	4
画像診断	4
画題	0
画壇	0
画談	0
画帖	0
画帳	0
画調	0
画定	0
画道	1
画派	1
画伯	1
画板	0
画眉	1
画眉鳥	0
画筆	0
画鋲	0
画布	1
画譜	1
画風	0
画幅	0
画報	0
画法	0
画法幾何学	5
画房	0
画本	0
画面	1
画餅	1
画用紙	2
画竜天睛	1
画竜点睛	1
画龍点睛	1
画廊	0
画楼	1
画舫	0
画讚	0
臥し所	2
臥し転ぶ	4
臥す	1
臥する	2
臥せる	2
臥やす	2
臥具	1
臥所	2
臥床	0
臥薪嘗胆	1
臥竜	1
臥竜鳳雛	0
臥龍	1
臥龍点睛	1
芽	1
芽ぐむ	2
芽ぶく	2
芽キャベツ	2
芽株	1
芽出し	3
芽出度い	3
芽条変異	4
芽吹き	3
芽吹く	2
芽生え	0
芽生える	3
芽接ぎ	3
芽茶	1
芽胞	0
芽立ち	3
芽鱗	1
蛾	0
賀	1
賀する	2
賀の祝	4
賀の祝い	4
賀意	1
賀宴	1
賀儀	1
賀慶	0
賀詞	1
賀寿	1
賀春	0
賀状	0
賀正	0
賀表	0
雅	0
雅び	0
雅びやか	3
雅やか	3
雅歌	1
雅懐	0
雅楽	1
雅楽寮	3
雅客	1
雅兄	1
雅言	1
雅語	1
雅号	1
雅趣	1
雅称	0
雅人	0
雅俗	1
雅致	1
雅馴	1
雅文	0
雅味	1
雅量	0
餓え	2
餓える	2
餓え死に	0
餓鬼	1
餓鬼大将	3
餓鬼道	2
餓死	1
餓狼	0
駕篭	0
駕籠	0
介す	1
介する	3
介意	1
介音	1
介殻	0
介殻虫	4
介護	1
介護福祉士	6
介在	0
介在配列	5
介錯	1
介助	1
介助犬	3
介添	0
介添え	0
介添え人	0
介添人	0
介党鱈	5
介入	0
介病	0
介副	0
介抱	1
会	1
会う	1
会す	1
会する	3
会わす	2
会わせる	3
会意	1
会意文字	4
会員	0
会員券	3
会飲	0
会陰	1
会陰切開	4
会厭	1
会歌	1
会館	0
会期	1
会期中	0
会規	1
会議	1
会議所	0
会議場	0
会議録	3
会計	0
会計課	0
会計学	3
会計監査	5
会計検査	5
会計検査院	7
会計検査官	7
会計士	3
会計年度	5
会見	0
会合	0
会合周期	5
会誌	1
会式	1
会社	0
会社ごろ	4
会社員	3
会社更生法	0
会社法	0
会者定離	1
会釈	1
会主	1
会衆	0
会集	0
会所	0
会商	0
会場	0
会食	0
会心	0
会席	0
会席膳	4
会席料理	5
会戦	0
会葬	0
会葬者	3
会則	0
会談	0
会長	0
会津塗	0
会党	0
会頭	0
会同	0
会堂	0
会得	0
会読	0
会派	1
会費	0
会報	0
会話	0
解	1
解かす	2
解きほぐす	4
解き解す	4
解き櫛	2
解き洗い	3
解き物	2
解き放す	4
解き放つ	0
解き方	3
解き明かす	0
解く	1
解ぐす	2
解ける	2
解け合い	0
解け合う	3
解け込む	0
解ごす	2
解す	1
解する	3
解せない	2
解せる	2
解り	3
解り悪い	5
解り難い	5
解る	2
解れ	3
解れる	3
解解す	4
解禁	0
解決	0
解決策	3
解決法	0
解雇	1
解語	1
解合	0
解合い	0
解合う	3
解込む	0
解散	0
解散権	3
解字	0
解式	0
解釈	1
解釈学	4
解集合	3
解除	1
解除反応	4
解消	0
解錠	0
解職	0
解析	0
解析学	4
解析幾何学	6
解析力学	6
解説	0
解説者	3
解説書	5
解洗い	3
解像	0
解像度	3
解像力	3
解体	0
解体工法	5
解題	0
解脱	0
解団	0
解党	0
解凍	0
解答	0
解答欄	3
解糖	0
解毒	0
解毒剤	3
解読	0
解任	0
解熱	0
解熱剤	3
解熱薬	3
解版	0
解氷	0
解物	5
解放	0
解放の神学	0
解放感	3
解放区	3
解法	0
解剖	0
解剖学	3
解剖図	3
解明	0
解約	0
解離	1
解離熱	3
解纜	0
回	1
回し	0
回し飲み	0
回し者	0
回し文	3
回す	0
回り	0
回りくどい	5
回り縁	3
回り遠い	4
回り合う	4
回り合せ	0
回り合わせ	0
回り込む	4
回り灯籠	4
回り燈籠	4
回り道	3
回り番	0
回り舞台	4
回り路	3
回る	0
回れ右	5
回縁	3
回音	0
回忌	1
回帰	1
回帰式	0
回帰線	0
回帰熱	3
回議	1
回教	1
回教徒	3
回訓	0
回顧	1
回顧録	3
回向	1
回向文	2
回航	0
回国	0
回収	0
回春	0
回章	0
回状	0
回心	1
回診	0
回数	3
回数券	3
回生	0
回折	0
回折格子	5
回旋	0
回旋塔	0
回線	0
回線交換	5
回船	0
回想	0
回想録	3
回漕	0
回漕業	3
回送	0
回送車	3
回族	0
回虫	0
回腸	1
回勅	0
回天	0
回転	0
回転ずし	3
回転椅子	3
回転運動	5
回転角	3
回転機	3
回転儀	3
回転競技	5
回転計	0
回転子	3
回転資金	5
回転軸	3
回転寿司	3
回転窓	5
回転楕円体	0
回転体	0
回転半径	5
回転扉	4
回転偏光	5
回転変流機	7
回転面	3
回転木馬	5
回転翼	3
回転率	3
回転篩	5
回答	0
回答者	3
回読	0
回避	1
回付	0
回復	0
回復期	4
回文	0
回報	0
回峰行	3
回盲部	3
回遊	0
回遊式庭園	7
回覧	0
回覧板	0
回流	0
回礼	0
回路	1
回路素子	4
回廊	0
回游	0
回游魚	3
塊	0
塊茎	0
塊鉱	0
塊根	0
塊状	0
塊然	0
塊村	0
塊土	1
壊す	2
壊れる	3
壊れ物	0
壊血病	0
壊劫	0
壊死	1
壊変	0
壊崩	0
壊滅	0
壊乱	0
壊疽	1
廻し	0
廻す	0
廻り	0
廻り合う	4
廻り道	3
廻り路	3
廻る	0
廻縁	3
廻向	1
廻航	0
廻国	0
廻章	0
廻状	0
廻心	0
廻船	0
廻送	0
廻転	0
廻文	0
廻覧	0
廻廊	0
快	1
快い	4
快音	0
快快的	3
快楽	1
快楽原則	5
快楽主義	5
快活	0
快感	0
快漢	0
快気	1
快気祝	4
快気祝い	4
快挙	1
快哉	0
快作	0
快削鋼	0
快事	1
快勝	0
快食	0
快心	0
快進撃	3
快晴	0
快絶	0
快然	0
快走	0
快足	0
快速	0
快速電車	5
快打	1
快諾	0
快男子	3
快男児	3
快調	0
快適	0
快刀	0
快投	0
快復	0
快便	0
快弁	0
快報	0
快方	0
快味	1
快眠	0
快癒	1
快腕	0
快闊	0
快濶	0
怪	1
怪しい	0
怪しからん	4
怪しげ	0
怪しむ	3
怪異	1
怪雨	1
怪火	1
怪我	2
怪我人	0
怪我負け	0
怪漢	0
怪奇	1
怪奇小説	4
怪魚	1
怪傑	0
怪光	0
怪死	0
怪事件	3
怪獣	0
怪情報	0
怪人	0
怪人物	3
怪石	0
怪談	0
怪鳥	0
怪鳥音	3
怪盗	0
怪童	0
怪猫	0
怪物	0
怪文書	3
怪聞	0
怪夢	1
怪力	0
怪力乱神	0
怪腕	0
怪訝	0
怪鴟	1
悔い	1
悔いる	2
悔い改め	3
悔い改める	6
悔しい	3
悔しがる	4
悔しまぎれ	4
悔しん坊	3
悔し泣き	0
悔し紛れ	4
悔し涙	4
悔み	3
悔み状	3
悔む	2
悔やしい	3
悔やし涙	4
悔やみ	3
悔やみ状	3
悔やむ	2
悔改め	3
悔改める	6
悔泣	0
悔悟	1
悔恨	0
悔悛	0
恢復	0
懐	0
懐う	0
懐かしい	4
懐かしむ	4
懐く	2
懐ける	3
懐こい	3
懐しい	3
懐っこい	4
懐メロ	0
懐勘定	5
懐疑	1
懐疑派	0
懐疑論	3
懐旧	0
懐旧談	3
懐郷	0
懐郷病	0
懐具合	5
懐剣	0
懐古	1
懐工合	5
懐紙	1
懐手	0
懐柔	0
懐石	0
懐石料理	5
懐胎	0
懐中	0
懐中鏡	5
懐中時計	5
懐中電灯	5
懐中電燈	5
懐中物	0
懐都合	5
懐刀	5
懐妊	0
懐抱	0
懐炉	1
懐炉灰	3
戒	1
戒め	0
戒める	4
戒厳	0
戒厳令	3
戒護	1
戒行	1
戒告	0
戒心	0
戒慎	0
戒壇	0
戒名	1
戒律	0
戒律宗	4
戒飭	0
拐かす	4
拐引	0
拐取	1
拐帯	0
改ざん	0
改まる	4
改め	3
改めて	3
改める	4
改ページ	3
改悪	0
改案	0
改易	0
改印	0
改革	0
改憲	0
改元	0
改悟	1
改稿	0
改行	0
改号	0
改作	0
改札	0
改札口	4
改質	0
改宗	0
改修	0
改称	0
改心	1
改新	0
改進	0
改姓	0
改正	0
改製	0
改選	0
改善	0
改組	1
改葬	0
改装	0
改造	0
改題	0
改築	0
改鋳	0
改定	0
改定版	0
改訂	0
改訂版	0
改廃	0
改版	0
改頁	3
改変	0
改編	0
改名	1
改訳	0
改良	0
改良主義	5
改良種	3
改良半紙	5
改暦	0
改悛	0
改竄	0
魁	0
魁偉	1
晦	0
晦ます	0
晦む	0
晦朔	0
晦渋	0
晦日	0
晦日そば	4
晦日蕎麦	4
晦冥	0
海	1
海がめ	0
海の家	1
海の幸	1
海イグアナ	3
海域	0
海芋	1
海員	0
海烏	3
海鵜	0
海鰻	0
海運	0
海運業	3
海運同盟	5
海雲	0
海燕	3
海王星	0
海黄	0
海開き	3
海外	1
海外渡航	5
海外貿易	5
海角	0
海関	0
海岸	0
海岸気候	5
海岸植物	6
海岸線	0
海岸段丘	5
海岸平野	5
海気	1
海亀	0
海牛	2
海魚	1
海峡	0
海禁	0
海区	1
海栗	1
海軍	1
海軍工廠	5
海軍省	3
海軍大臣	5
海軍兵学校	1
海景	0
海月	0
海原	0
海幸	0
海港	0
海溝	0
海国	0
海参	0
海山	1
海産	0
海産物	3
海酸漿	3
海士	1
海事	1
海事衛星	4
海事代理士	6
海自	1
海蛇	0
海蛇座	0
海手	0
海秋沙	3
海獣	0
海女	1
海商法	0
海将	0
海松	1
海松貝	2
海松菜	2
海松食	2
海松茶	2
海象	0
海鞘	1
海上	0
海上権	3
海上自衛隊	0
海上都市	5
海上封鎖	5
海上保安庁	6
海上保険	5
海上法	0
海食	0
海食崖	4
海食台	4
海食洞	4
海蝕	0
海深	0
海神	0
海進	0
海震	0
海人	1
海図	0
海水	0
海水パンツ	5
海水魚	3
海水着	3
海水帽	3
海水浴	3
海水浴場	5
海雀	3
海成層	3
海星	0
海跡湖	4
海雪	0
海千山千	0
海戦	0
海扇	3
海鮮料理	5
海鼠	1
海鼠子	2
海鼠腸	2
海鼠板	4
海曹	0
海相	0
海草	0
海藻	0
海藻類	3
海賊	0
海賊船	0
海賊版	0
海損	0
海苔	2
海苔巻	2
海苔巻き	2
海退	0
海台	0
海狸	1
海胆	1
海蜘蛛	3
海中	0
海中公園	5
海潮音	3
海鳥	2
海鳥糞	3
海釣	0
海釣り	0
海底	0
海底ケーブル	5
海底トンネル	5
海底火山	5
海底谷	3
海底地震	5
海底油田	5
海道	0
海豚	0
海内	1
海軟風	3
海難	0
海難救助	5
海難審判	5
海難審判庁	7
海猫	0
海馬	0
海髪	1
海抜	0
海鳩	0
海百合	2
海氷	0
海豹	2
海豹肢症	5
海浜	0
海浜植物	6
海風	2
海淵	0
海兵	0
海兵隊	0
海兵団	3
海壁	0
海辺	0
海泡石	3
海坊主	3
海膨	0
海防	0
海盆	0
海霧	2
海鳴	0
海鳴り	0
海綿	0
海綿質	3
海綿状組織	7
海綿体	0
海綿鉄	3
海綿動物	5
海面	0
海毛虫	3
海門	0
海容	0
海洋	0
海洋開発	5
海洋気象台	0
海洋自由	6
海洋性	0
海洋性気候	7
海洋生態学	7
海洋底	0
海洋投棄	5
海洋物理学	7
海洋法	0
海洋牧場	5
海蘭	0
海里	1
海陸	1
海陸風	4
海流	0
海流瓶	3
海猟	0
海緑石	4
海嶺	0
海路	0
海老	0
海老芋	2
海老蟹	0
海老腰	0
海老錠	0
海老責め	0
海老茶	0
海老反り	0
海老尾	1
海鰐	3
海嘯	0
海堡	0
海棠	1
海獺	0
海菴	0
海蘊	0
海蘿	0
海蜷	0
海邊	0
海驢	0
海鰓	0
海鴉	3
海鷂魚	1
灰	0
灰暗い	4
灰押さえ	3
灰押し	0
灰貝	2
灰褐色	3
灰器	0
灰均し	3
灰匙	0
灰皿	0
灰汁	0
灰汁洗い	3
灰汁抜き	0
灰汁抜け	0
灰重石	3
灰色	0
灰色熊	4
灰色狐	5
灰神楽	3
灰吹き	4
灰吹法	0
灰洗い	3
灰長石	3
灰塗れ	3
灰土	1
灰猫	0
灰白	0
灰白質	4
灰白色	3
灰分	1
灰落し	3
灰落とし	3
灰緑色	4
灰燼	0
灰篩	3
灰釉	3
界	1
界隈	1
界標	0
界面	0
界面化学	5
界面活性剤	7
界面張力	5
界雷	0
皆	2
皆々	2
皆々様	2
皆さん	2
皆の者	2
皆の衆	2
皆皆	2
皆皆様	2
皆既	0
皆既月食	4
皆既食	3
皆既蝕	3
皆既日食	4
皆勤	0
皆済	0
皆殺し	0
皆伝	0
皆納	0
皆伐	0
皆兵	0
皆無	1
皆目	0
皆様	2
絵	1
絵かき	3
絵の具	0
絵はがき	2
絵グラフ	2
絵コンテ	2
絵羽	1
絵羽羽織	3
絵羽織	2
絵羽模様	3
絵画	1
絵画館	3
絵解き	0
絵巻	0
絵巻物	0
絵看板	2
絵具	0
絵空言	0
絵空事	0
絵絹	2
絵札	1
絵皿	1
絵姿	2
絵師	1
絵書き	3
絵心	2
絵図	1
絵図面	2
絵扇	2
絵組	0
絵組み	0
絵双紙	2
絵双紙屋	0
絵双六	2
絵捜し	2
絵草子	2
絵草紙	2
絵草紙屋	0
絵像	0
絵探し	2
絵端書	2
絵伝	0
絵日記	2
絵日傘	3
絵入り	0
絵入り根本	4
絵入根本	4
絵馬	1
絵馬堂	0
絵筆	1
絵描	3
絵描き	3
絵付	0
絵付け	0
絵物語	4
絵文字	2
絵柄	0
絵本	2
絵様	0
絵葉書	2
絵暦	2
絵蝋燭	2
芥	1
芥菜	0
芥子	0
芥子菜	0
芥子色	0
芥子酢味噌	5
芥子漬け	0
芥子油	3
芥子粒	3
芥川賞	5
芥箱	3
芥溜め	0
蟹	0
蟹みそ	0
蟹玉	0
蟹股	0
蟹工船	0
蟹行文字	5
蟹座	0
蟹食猿	5
蟹星雲	3
蟹草	0
蟹虫	2
蟹味噌	0
蟹目釘	3
蟹屎	0
蟹蝙蝠	3
開かずの	0
開かる	3
開き	3
開き戸	3
開き直る	5
開き封	0
開く	2
開けたて	2
開けっぱなし	0
開けっぴろげ	0
開けっ広げ	0
開けっ放し	0
開ける	0
開け広げ	0
開け広げる	0
開け渡す	4
開け払う	4
開け閉て	2
開け閉め	2
開け放し	0
開け放す	4
開け放つ	4
開院	0
開運	0
開園	0
開演	0
開音	1
開音節	3
開化	1
開架	0
開花	1
開花期	3
開会	0
開会式	3
開会日	3
開学	0
開巻	0
開管	0
開館	0
開眼	0
開眼供養	5
開基	1
開脚	0
開渠	1
開教師	3
開業	0
開業医	3
開局	0
開襟	0
開襟シャツ	5
開区間	3
開経	0
開経偈	3
開悟	1
開口	0
開口一番	6
開口音	3
開口数	3
開口部	3
開坑	0
開校	0
開港	0
開講	0
開国	0
開墾	0
開墾地	3
開梱	0
開催	0
開削	0
開札	0
開山	1
開山堂	0
開始	0
開示	1
開式	0
開集合	3
開所	0
開城	0
開場	0
開設	0
開設者	3
開先	0
開戦	0
開祖	1
開創	0
開拓	0
開拓使	3
開拓者	4
開拓地	3
開帳	0
開庁	0
開陳	0
開通	0
開通式	3
開廷	0
開店	0
開店休業	0
開発	0
開発途上国	6
開発輸入	5
開発領主	5
開板	0
開版	0
開扉	1
開票	0
開封	0
開腹	0
開腹手術	5
開平	0
開閉	0
開閉器	3
開閉機	3
開閉橋	0
開放	0
開放感	3
開放経済	5
開放血管系	0
開放性結核	7
開放的	0
開法	0
開幕	0
開枕	0
開明	0
開門	0
開立	0
開裂	0
開炉	1
開豁	0
開鑿	0
開闢	0
階	1
階位	1
階隠し	3
階下	1
階級	0
階級意識	5
階級性	0
階級政党	5
階級闘争	5
階高	0
階差	1
階子	0
階上	0
階乗	0
階数	3
階層	0
階段	0
階段教室	5
階段耕作	5
階段室	3
階調	0
階梯	0
階名	0
階名唱法	5
貝	1
貝がら	3
貝ざいく	3
貝貨	0
貝殻	3
貝殻骨	0
貝殻虫	4
貝殻追放	5
貝割	0
貝割り	0
貝割り菜	4
貝割れ菜	4
貝割れ大根	5
貝割菜	4
貝寄	0
貝寄せ	0
貝寄風	0
貝合せ	3
貝合わせ	3
貝細工	3
貝紫	4
貝杓子	3
貝焼	0
貝焼き	0
貝多羅	0
貝多羅葉	4
貝蛸	3
貝柱	3
貝塚	0
貝独楽	0
貝偏	0
貝母	0
貝類	1
貝殼	1
凱歌	1
凱旋	0
凱旋将軍	5
凱旋門	3
凱風	0
劾奏	0
外	1
外す	0
外ならない	4
外ならぬ	4
外また	0
外れ	0
外れる	0
外リンパ	3
外圧	0
外囲	1
外囲い	3
外為	0
外衣	1
外鰯	3
外因	0
外陰部	3
外延	0
外縁	0
外苑	0
外科	0
外科医	2
外果皮	3
外貨	1
外貨債	3
外貨準備高	6
外貨預金	4
外回り	3
外海	0
外界	0
外蓋	0
外廓	0
外殻	0
外角	0
外郭	0
外郭団体	5
外掛	0
外掛け	0
外釜	0
外官	0
外患	0
外観	0
外眼筋	3
外気	1
外気圏	3
外気浴	3
外客	0
外宮	2
外教	0
外局	0
外勤	0
外銀	0
外形	0
外径	0
外嫌い	3
外見	0
外呼吸	3
外股	0
外語	0
外交	0
外交員	3
外交家	0
外交官	3
外交機関	6
外交使節	5
外交辞令	5
外交団	3
外交的	0
外交特権	5
外交文書	5
外光	0
外向	0
外向き	0
外向性	0
外向的	0
外構え	3
外港	0
外航船	0
外項	0
外剛内柔	0
外合	0
外壕	0
外濠	0
外国	0
外国為替	5
外国為替銀行	8
外国為替市場	8
外国為替相場	8
外国語	0
外国航路	5
外国債	4
外国産	0
外国人	4
外国人登録法	4
外国人労働者	9
外国税額控除	9
外国米	0
外国貿易	5
外国郵便	5
外国郵便為替	9
外骨格	3
外婚	0
外債	0
外在	0
外材	0
外山	1
外史	1
外紙	1
外資	1
外資導入	1
外事	1
外字	0
外字新聞	4
外耳	1
外耳炎	3
外耳道	3
外車	0
外車船	0
外需	1
外周	0
外柔内剛	0
外出	0
外出血	3
外書	0
外傷	0
外傷神経症	0
外商	0
外妾	0
外障眼	0
外食	0
外食産業	5
外信	0
外寝	0
外心	0
外臣	0
外人	0
外人部隊	5
外陣	0
外姓	0
外征	0
外性器	3
外政	0
外税	2
外戚	0
外積	0
外接	0
外接円	4
外線	0
外祖父	3
外祖母	3
外層	0
外挿	0
外挿法	0
外相	0
外装	0
外側	0
外孫	0
外帯	0
外腿	0
外題	0
外端	0
外地	1
外注	0
外張	0
外張り	0
外敵	0
外的	0
外典	0
外転	0
外転筋	0
外転神経	5
外伝	0
外電	0
外套	0
外套膜	3
外湯	2
外灯	0
外道	2
外乳	0
外猫	0
外燃機関	6
外泊	0
外発的	0
外罰的	0
外反母趾	5
外反拇趾	5
外板	0
外販	0
外皮	1
外被	1
外賓	0
外部	1
外部監査	4
外部寄生	4
外部経済	4
外物	0
外分	0
外分泌	3
外分泌腺	0
外聞	0
外米	0
外壁	0
外辺	0
外歩き	3
外報	0
外方	1
外法	0
外貌	0
外堀	0
外務	1
外務員	3
外務省	3
外務大臣	4
外無双	3
外面	0
外面的	0
外野	0
外野手	3
外野席	3
外憂	0
外遊	0
外様	0
外様大名	4
外洋	0
外用	0
外用薬	3
外来	0
外来患者	5
外来語	0
外来種	3
外乱	0
外履き	0
外力	1
外輪	0
外輪山	3
外輪船	0
外連	0
外路地	3
外露地	3
外郎	0
外惑星	3
外枠	0
外鰐	0
外罐	0
外胚葉	3
咳	2
咳き込む	3
咳き上げる	0
咳き払い	3
咳く	1
咳込む	3
咳止め	0
咳払い	3
咳嗽	0
害	1
害す	1
害する	3
害悪	1
害意	1
害者	0
害獣	0
害心	0
害人	0
害虫	0
害鳥	0
害毒	1
崖	0
崖っぷち	0
崖っ縁	0
崖上	0
崖道	0
崖崩れ	3
慨する	3
慨世	0
慨然	0
慨嘆	0
慨歎	0
概して	1
概ね	0
概括	0
概観	0
概況	0
概言	0
概算	0
概算要求	5
概数	3
概説	0
概則	0
概日リズム	5
概念	1
概念的	0
概念論	3
概評	0
概要	0
概略	0
概論	0
涯	2
碍子	1
蓋	0
蓋う	0
蓋し	1
蓋果	1
蓋開け	0
蓋然	0
蓋然性	0
蓋然的	0
蓋置き	0
蓋付き	0
蓋物	0
蓋明け	0
街	2
街々	2
街外れ	3
街街	2
街角	0
街区	1
街商	0
街娼	0
街宣	0
街談巷説	0
街着	0
街中	0
街灯	0
街頭	0
街頭演説	5
街頭募金	5
街頭録音	5
街道	0
街並	0
街並み	0
街路	1
街路樹	3
街衢	1
該	1
該当	0
該当者	3
該博	0
鎧	0
鎧う	2
鎧球	0
鎧戸	3
鎧鼠	4
鎧草	3
鎧袖一触	0
鎧板	4
鎧櫃	3
鎧鼬魚	6
骸	1
骸骨	1
浬	1
馨しい	4
馨香	0
蛙	0
蛙泳ぎ	4
蛙股	0
蛙跳	3
蛙跳び	3
蛙又	0
蛙鳴蝉噪	1
垣	2
垣間見る	4
垣根	2
垣根越し	0
垣繕う	5
柿	0
柿の種	4
柿の木	3
柿渋	0
柿色	0
柿葺き	0
柿落し	4
柿落とし	4
鈎股弦	3
鈎爪	2
鈎鼻	0
劃	0
劃す	2
劃する	3
劃一	0
劃期	0
劃期的	0
劃策	0
劃時代的	0
劃数	3
劃然	0
劃定	0
嚇々	1
嚇かす	0
嚇しつける	5
嚇し付ける	5
嚇す	0
嚇嚇	1
各	1
各々	2
各位	1
各員	1
各駅	1
各駅停車	5
各科	1
各回	0
各界	0
各各	2
各月	1
各個	1
各戸	1
各校	1
各行	1
各項	1
各国	1
各紙	1
各自	1
各社	1
各種	1
各種学校	4
各週	1
各所	1
各省	1
各条	1
各人	1
各人各説	1
各人各様	1
各層	1
各地	1
各派	1
各般	1
各部	1
各方面	1
各様	1
各論	0
廓	0
廓言葉	4
廓詞	4
廓清	0
拡がり	0
拡がる	0
拡げる	0
拡散	0
拡散ポンプ	5
拡充	0
拡声器	3
拡声機	3
拡大	0
拡大解釈	5
拡大鏡	0
拡大均衡	5
拡大再生産	7
拡張	0
拡販	0
拡幅	0
撹拌機	3
格	0
格安	0
格下	0
格下げ	0
格外	2
格技	1
格言	0
格好	0
格差	1
格子	0
格子欠陥	4
格子戸	3
格子縞	0
格子窓	4
格子造	4
格子造り	4
格子定数	4
格子点	3
格式	0
格式張る	5
格助詞	3
格上	0
格上げ	0
格段	0
格調	0
格天井	3
格闘	0
格闘技	3
格納	0
格納庫	3
格付け	0
格物致知	5
格別	0
格変化	3
格律	0
格率	0
核	1
核の傘	1
核の冬	1
核エネルギー	4
核シェルター	3
核ミサイル	4
核医学	3
核黄疸	3
核家族	3
核果	1
核外遺伝子	5
核拡散	3
核軍縮	3
核型	0
核酸	0
核子	0
核磁気共鳴	5
核磁気共鳴映像法	5
核質	0
核実験	3
核種	1
核小体	0
核心	0
核仁	1
核戦争	3
核戦略	3
核戦力	3
核相	0
核相交代	5
核蛋白質	6
核弾頭	3
核燃料	3
核燃料サイクル	7
核廃棄物	5
核爆発	3
核反応	3
核武装	3
核物理学	5
核分裂	3
核文法	3
核兵器	3
核膜	2
核融合	3
核抑止	3
核力	2
殻	2
殻竿	0
殻斗	1
獲る	1
獲れる	2
獲得	0
獲得形質	5
獲得免疫	5
獲物	0
獲麟	0
確	1
確か	1
確かめる	4
確たる	1
確と	0
確とした	1
確り	3
確り者	0
確言	0
確乎	1
確乎不抜	1
確固	1
確執	0
確実	0
確実性	0
確守	1
確証	0
確信	0
確信犯	3
確説	0
確然	0
確定	0
確定裁判	5
確定申告	5
確定的	0
確定日付	5
確定判決	5
確定利付証券	8
確定力	3
確度	1
確答	0
確認	0
確認書	0
確聞	0
確保	1
確報	0
確約	0
確率	0
確率過程	5
確率分布	5
確率変数	5
確率論	4
確立	0
穫る	1
穫れる	2
覚	0
覚え	3
覚えず	2
覚える	3
覚え込む	4
覚え書き	0
覚せい剤	3
覚ます	2
覚める	2
覚め際	0
覚り	0
覚る	0
覚悟	1
覚込む	4
覚者	1
覚書	0
覚書き	0
覚醒	0
覚醒剤	3
覚束ない	0
覚束無い	0
角	1
角々しい	5
角がっこ	3
角す	1
角すい	0
角印	1
角隠し	3
角運動量	5
角化	0
角化症	0
角家	2
角茄子	0
角界	0
角貝	2
角蛙	3
角角しい	5
角括弧	3
角刈り	0
角巻	0
角巻き	0
角岩	2
角距	1
角距離	3
角型	0
角形	0
角行	1
角行灯	3
角叉	0
角砂糖	3
角細工	3
角材	0
角鮫	2
角字	1
角質	0
角質化	0
角質層	4
角煮	0
角宿	0
角書き	0
角状	0
角食	0
角榛	3
角錐	0
角切り	0
角蝉	2
角閃石	3
角藻	0
角速度	3
角袖	0
角帯	0
角苔類	4
角樽	0
角地	0
角逐	0
角柱	0
角張る	3
角通	0
角抵	0
角笛	0
角店	0
角度	1
角灯	0
角突き合い	0
角突合い	0
角髪	0
角番	0
角皮	1
角瓶	0
角偏	0
角帽	0
角盆	0
角膜	0
角膜移植	5
角膜炎	4
角膜銀行	5
角膜反射	5
角目鳥	3
角目立つ	4
角落ち	0
角立つ	3
角立てる	4
角力	2
角礫岩	4
角蜥蜴	3
角觝	0
角鴟	2
赫々	1
赫う	3
赫かしい	5
赫き	0
赫く	3
赫赫	1
赫然	0
赫怒	1
赫奕	1
較べ	0
較べる	0
較差	1
郭	1
郭言葉	4
郭公	1
郭詞	4
閣員	0
閣下	1
閣外	2
閣議	1
閣議決定	4
閣内	2
閣僚	0
隔たり	0
隔たる	3
隔て	3
隔てる	3
隔意	1
隔靴掻痒	1
隔月	0
隔週	1
隔世	0
隔世遺伝	5
隔絶	0
隔日	0
隔年	0
隔壁	0
隔膜	0
隔離	1
隔離説	3
隔離病舎	4
革	2
革ひも	0
革まる	4
革める	4
革ジャン	0
革亀	0
革具	2
革靴	0
革細工	3
革質	0
革新	0
革新的	0
革製	0
革製品	3
革装	0
革帯	0
革袋	3
革張り	0
革綴	0
革綴じ	0
革砥	0
革嚢	3
革紐	0
革表紙	3
革偏	0
革命	0
革命家	0
革命歌	3
革命軍	3
革命児	3
革命政府	5
革命的	0
革令	0
革籠	0
学	1
学び	0
学びの園	5
学びの庭	0
学び舎	0
学び取る	4
学ぶ	0
学らん	0
学位	1
学位論文	4
学院	0
学園	0
学科	0
学課	0
学会	0
学界	0
学外	2
学割	0
学割り	0
学監	0
学期	0
学期末	3
学究	0
学級	0
学級委員	5
学業	2
学区	0
学兄	0
学芸	0
学芸員	3
学芸会	3
学校	0
学校医	3
学校給食	5
学校教育	5
学校群制度	7
学校行事	5
学校図書館	6
学校法人	5
学債	0
学才	0
学際	0
学参	0
学士	1
学士院	3
学士院賞	4
学士号	3
学資	0
学事	1
学識	0
学識経験者	7
学舎	1
学者	0
学者振る	4
学者肌	3
学者膚	3
学修	0
学習	0
学習漢字	5
学習機能	5
学習参考書	9
学習指導	5
学習指導要領	8
学習塾	3
学習障害	5
学術	0
学術会議	5
学術団体	5
学術用語	5
学匠	0
学殖	0
学食	0
学制	0
学生	0
学生運動	5
学生割引	5
学生服	3
学生帽	3
学生寮	3
学籍	0
学籍簿	4
学績	0
学説	0
学僧	0
学窓	0
学則	0
学卒	0
学長	0
学的	0
学徒	1
学童	0
学童疎開	5
学童保育	5
学徳	0
学内	2
学年	0
学派	1
学閥	0
学費	0
学府	1
学部	0
学部長	3
学風	0
学報	0
学法	0
学帽	0
学僕	0
学務	1
学名	0
学問	2
学問所	0
学問的	0
学友	0
学用品	0
学理	1
学寮	0
学力	2
学齢	0
学歴	0
学歴社会	5
岳	2
岳烏	3
岳樺	3
岳人	0
岳父	1
岳麓	0
岳鴉	3
楽々	3
楽しい	3
楽しげ	3
楽しませる	5
楽しみ	3
楽しむ	3
楽しめる	4
楽む	3
楽員	0
楽隠居	3
楽園	0
楽屋	0
楽屋落ち	0
楽屋裏	0
楽屋話	4
楽音	0
楽界	0
楽楽	3
楽観	0
楽観的	0
楽観論	3
楽器	0
楽器店	3
楽曲	0
楽句	0
楽劇	0
楽座	2
楽才	0
楽士	1
楽市楽座	6
楽師	1
楽事	1
楽車	0
楽所	1
楽書	0
楽書き	0
楽勝	0
楽匠	0
楽焼	0
楽焼き	0
楽章	0
楽寝	2
楽人	0
楽聖	0
楽節	0
楽想	0
楽隊	0
楽団	0
楽壇	0
楽茶碗	3
楽調	0
楽長	0
楽典	0
楽天	0
楽天家	0
楽天観	3
楽天主義	5
楽天地	3
楽天的	0
楽天論	3
楽土	1
楽日	0
楽髪	2
楽譜	0
楽舞	1
楽部	1
楽変化天	0
楽律	0
楽箏	0
額	0
額ずく	3
額ぶち	0
額烏帽子	4
額縁	0
額縁舞台	5
額際	0
額紫陽花	3
額衝く	3
額突く	3
額突虫	4
額髪	0
額付き	0
額面	0
額面価格	5
額面割れ	0
額面株	3
顎	2
顎ひげ	0
顎下腺	0
顎骨	0
顎沙魚	0
顎髭	2
顎紐	2
顎門	0
顎鬚	2
顎鯊	0
掛	2
掛かり	1
掛かりきり	0
掛かりつけ	0
掛かり合い	0
掛かり合う	4
掛かり切り	0
掛かり湯	3
掛かり付け	0
掛かり負け	0
掛かる	2
掛け	2
掛けうどん	3
掛けそば	0
掛ける	2
掛け違う	0
掛け引き	2
掛け蒲団	3
掛け橋	2
掛け蕎麦	0
掛け襟	0
掛け金	2
掛け構い	0
掛け合い	0
掛け合う	3
掛け合せる	0
掛け合わす	0
掛け合わせる	0
掛け札	2
掛け算	2
掛け詞	3
掛け字	2
掛け持ち	0
掛け持つ	0
掛け時計	3
掛け軸	2
掛け捨て	0
掛け取り	0
掛け汁	3
掛け小屋	0
掛け図	2
掛け声	3
掛け接	0
掛け接ぎ	0
掛け替え	0
掛け替える	4
掛け値	2
掛け茶屋	2
掛け渡す	0
掛け倒れ	0
掛け投げ	0
掛け買い	0
掛け売り	0
掛け矧ぎ	0
掛け反り	0
掛け布団	3
掛け物	2
掛け目	2
掛け矢	2
掛け離れる	5
掛け饂飩	3
掛り	1
掛りつけ	0
掛り切り	0
掛り付け	0
掛り負け	0
掛る	2
掛蒲団	3
掛橋	2
掛蕎麦	0
掛金	0
掛構い	0
掛行灯	3
掛合い	0
掛合う	3
掛算	2
掛子	2
掛詞	3
掛持ち	0
掛時計	3
掛軸	2
掛小屋	0
掛図	2
掛声	3
掛接ぎ	0
掛値	2
掛茶屋	2
掛長	3
掛投げ	0
掛買い	0
掛売り	0
掛矧ぎ	0
掛布団	3
掛物	2
掛目	2
掛羅	1
掛絡	1
掛落	1
掛離れる	5
掛留	0
掛袱紗	3
笠	1
笠雲	0
笠貝	2
笠子	0
笠木	2
樫	1
樫粉	1
橿	1
梶	1
梶の木	1
梶棒	0
梶木	1
梶木座	0
梶木鮪	4
梶苺	3
鰍	0
潟	2
潟湖	1
割	0
割かし	0
割く	1
割と	0
割に	0
割ぽう	0
割ぽう着	3
割り	0
割りかし	0
割りつける	4
割りと	0
割りに	0
割りばし	0
割り安	0
割り印	0
割り引	0
割り引き	0
割り引き券	4
割り引く	3
割り下	0
割り勘	0
割り干し	0
割り干し大根	5
割り栗	0
割り栗石	4
割り高	0
割り合い	0
割り込み	0
割り込む	3
割り算	2
割り子	0
割り出し	0
割り出す	3
割り書き	0
割り振り	0
割り振る	3
割り石	2
割り切る	3
割り切れない	4
割り切れる	4
割り接ぎ	0
割り前	0
割り前勘定	5
割り増し	0
割り増し金	0
割り竹	0
割り注	0
割り当て	0
割り当てる	4
割り麦	0
割り箸	0
割り付け	0
割り付ける	4
割り普請	3
割り符	0
割り方	0
割り木	0
割り目	0
割り戻す	4
割り楔	3
割り籠	0
割る	0
割れ	0
割れる	0
割れ鐘	0
割れ鍋	0
割れ物	0
割れ返る	3
割れ目	0
割れ目噴火	4
割愛	0
割安	0
割印	0
割引	0
割引き	0
割引く	3
割引券	4
割引債	4
割引市場	5
割引手形	5
割引発行	5
割引歩合	5
割下	0
割殻	1
割勘	0
割干	0
割干し	0
割干し大根	5
割球	0
割拠	1
割腔	0
割高	0
割合	0
割合に	0
割込	0
割込み	0
割込む	3
割算	2
割子	0
割出し	0
割出す	3
割書き	0
割鐘	0
割譲	0
割振り	0
割振る	3
割石	0
割切る	3
割切れる	4
割線	0
割前	0
割前勘定	5
割増	0
割増し	0
割注	0
割当	0
割当て	0
割当てる	4
割麦	0
割箸	0
割判	0
割付	0
割付け	0
割付ける	4
割付る	4
割符	0
割賦	1
割賦販売	4
割腹	0
割物	0
割方	0
割烹	0
割烹着	3
割烹店	3
割木	0
割目	0
割戻す	4
割礼	0
割籠	0
喝	1
喝采	0
喝食	1
喝破	1
恰も	1
恰好	0
恰度	0
恰幅	0
括り	0
括りつける	5
括り染	0
括り染め	0
括り付ける	5
括り枕	4
括る	0
括れ	0
括れる	0
括弧	1
括枕	4
括約筋	0
活	1
活〆	0
活かす	2
活かる	2
活きる	2
活き餌	0
活き活き	3
活く	1
活け〆	0
活ける	2
活け花	2
活け間	2
活け魚	0
活け造り	3
活け炭	2
活け締め	0
活火山	3
活花	2
活眼	0
活気	0
活気づく	4
活気付く	4
活魚	2
活況	0
活計	0
活劇	0
活殺	0
活殺自在	0
活字	0
活字メディア	4
活字体	0
活字本	0
活写	0
活人画	0
活人剣	3
活性	0
活性アルミナ	5
活性汚泥	5
活性化	0
活性化エネルギー	7
活性酸素	5
活性炭	0
活性中心	5
活栓	0
活線	0
活断層	3
活締	0
活締め	0
活動	0
活動家	0
活動写真	5
活動的	0
活動力	3
活溌	0
活溌溌地	5
活発	0
活発発地	5
活版	0
活版印刷	5
活版所	0
活版本	0
活仏	0
活物	0
活物寄生	5
活弁	0
活躍	0
活用	0
活用形	0
活用語	0
活用語尾	5
活量	2
活力	2
活歴	0
活路	1
渇	1
渇き	3
渇く	2
渇ごう	0
渇する	0
渇愛	0
渇仰	0
渇死	1
渇水	0
渇水期	3
渇望	0
滑々	1
滑か	2
滑らか	2
滑らす	3
滑り	3
滑り下りる	5
滑り降りる	5
滑り込み	0
滑り込む	4
滑り止め	0
滑り車	4
滑り出し	0
滑り出す	4
滑り出る	4
滑り台	3
滑り入る	4
滑り摩擦	4
滑り落ちる	5
滑る	2
滑液	2
滑液膜	4
滑滑	1
滑空	0
滑空機	3
滑稽	0
滑稽者	0
滑稽本	0
滑降	0
滑降競技	5
滑降風	3
滑剤	0
滑子	3
滑車	0
滑車神経	4
滑出し	0
滑昇風	3
滑席	0
滑石	0
滑走	0
滑走路	3
滑多鰈	4
滑台	3
滑沢剤	4
滑茸	2
滑脱	0
滑落	0
葛	1
葛あん	0
葛芋	2
葛掛け	2
葛根	0
葛根湯	0
葛切り	0
葛折	0
葛折り	0
葛湯	2
葛藤	0
葛藤科	0
葛布	2
葛粉	3
葛餅	2
葛鬱金	3
葛籠	0
葛餡	0
葛饅頭	3
褐色	0
褐色脂肪組織	8
褐藻	0
褐炭	0
褐鉄鉱	3
褐変	0
褐毛和種	3
轄	0
且つ	1
且つ又	1
且又	1
鰹	0
鰹の烏帽子	5
鰹節	0
鰹節虫	5
鰹鳥	3
鰹木	3
叶う	2
叶える	3
樺	1
樺の木	1
樺桜	3
樺色	0
樺太犬	0
樺太鱒	4
鞄	0
鞄語	0
鞄持	2
鞄持ち	2
株	0
株屋	0
株価	2
株価指数	5
株価収益率	7
株金	0
株券	0
株式	2
株式会社	5
株式金融	5
株式公開	5
株式公開買い付け	9
株式公開買付	9
株式公開買付け	9
株式市場	5
株式取引所	0
株式仲買人	0
株式配当	5
株式分割	5
株主	2
株主権	4
株主資本利益率	10
株主総会	5
株主代表訴訟	9
株仲間	3
株分け	0
兜	1
兜蝦	3
兜海老	3
兜蟹	3
兜魚	3
兜焼	0
兜焼き	0
兜虫	3
兜頭巾	4
兜率	1
兜率天	3
竃	0
竃神	3
竃馬	3
蒲	1
蒲葵	0
蒲公英	1
蒲桜	3
蒲焼	0
蒲焼き	0
蒲色	0
蒲薦	0
蒲団	0
蒲団蒸し	0
蒲団皮	0
蒲伏	0
蒲鉾	0
蒲柳	0
蒲柳の質	0
釜	0
釜めし	0
釜場	0
釜飯	0
釜敷	0
釜敷き	0
釜風呂	0
釜揚げうどん	5
釜揚げ饂飩	5
釜茹で	0
鎌	1
鎌海豚	3
鎌継	0
鎌継ぎ	0
鎌止め	0
鎌首	2
鎌状赤血球貧血	11
鎌切	1
鎌倉時代	5
鎌倉彫り	0
鎌倉幕府	5
鎌槍	0
鎌足	2
鎌髭	2
鎌柄	2
鎌鼬	3
噛しめる	4
噛ます	2
噛ませる	3
噛みこなす	4
噛みしだく	0
噛みつく	0
噛みタバコ	3
噛み煙草	3
噛み合う	3
噛み合せ	0
噛み合せる	0
噛み合わせる	0
噛み砕く	4
噛み殺す	4
噛み熟す	0
噛み切る	0
噛み潰す	4
噛み締める	4
噛み付く	0
噛み分ける	4
噛む	1
噛りつく	2
噛り付き	0
噛り付く	2
噛る	2
噛煙草	3
噛合う	3
噛合せ	0
噛合わせ	0
噛合わせる	5
噛砕く	4
噛殺す	4
噛熟す	0
噛傷	2
噛潰す	4
噛締める	4
噛付く	4
噛分ける	4
鴨	1
鴨ねぎ	0
鴨の嘴	3
鴨る	2
鴨茅	2
鴨居	0
鴨南蛮	3
鴨葱	0
鴨猟	2
鴨嘴	3
茅	1
茅の輪	0
茅ぶき	0
茅屋	0
茅萱	1
茅舎	1
茅場	0
茅潜	3
茅潜り	3
茅台酒	3
茅葺	0
茅葺き	0
茅門	3
茅渟	1
茅渟鯛	2
茅蜩	0
萱	1
萱ぶき	0
萱鼠	3
萱草	0
萱堂	1
萱葺	0
萱門	0
粥	0
粥かき棒	4
粥杖	3
粥占	0
粥掻き棒	4
粥掻棒	4
粥柱	3
粥腹	0
刈り株	0
刈り込み	0
刈り込み鋏	5
刈り込む	3
刈り根	0
刈り取り	0
刈り取り機	4
刈り取る	3
刈り手	0
刈り上げ	0
刈り上げる	4
刈り入れ	0
刈り入れる	4
刈り払い	3
刈り払い機	5
刈り穂	0
刈る	0
刈茅	2
刈萱	2
刈込む	3
刈取る	3
刈除	1
刈草	2
刈入れ	0
刈入れる	4
刈払い	3
刈払い機	5
刈穂	0
苅る	0
瓦	0
瓦屋	3
瓦屋根	4
瓦家	3
瓦解	0
瓦斯	1
瓦斯灯	0
瓦斯燈	0
瓦人形	4
瓦煎餅	4
瓦全	0
瓦灯	0
瓦当	0
瓦版	0
瓦葺	0
瓦葺き	0
瓦無	1
瓦毛	0
瓦礫	0
乾	1
乾かす	3
乾き	3
乾ききる	4
乾き物	0
乾く	2
乾し	0
乾し柿	2
乾し菜	2
乾し藷	2
乾し場	0
乾し肉	2
乾し飯	2
乾し物	3
乾す	1
乾っ風	2
乾びる	3
乾ドック	3
乾パン	3
乾位	1
乾果	1
乾海苔	2
乾咳	0
乾柿	2
乾干し	0
乾期	1
乾季	1
乾魚	1
乾舷	0
乾固	1
乾枯	1
乾枯らびる	4
乾坤	0
乾坤一擲	0
乾菜	1
乾材	0
乾鮭	3
乾式	0
乾式工法	5
乾式製錬	5
乾湿	0
乾湿球湿度計	0
乾漆像	4
乾上がる	3
乾場	1
乾拭	0
乾拭き	0
乾性	0
乾性油	3
乾生植物	6
乾生姜	3
乾船渠	3
乾燥	0
乾燥果	3
乾燥器	3
乾燥期	3
乾燥機	3
乾燥気候	5
乾燥季	3
乾燥血漿	5
乾燥剤	3
乾燥材	3
乾燥室	3
乾燥地形	5
乾燥無味	5
乾燥野菜	5
乾燥炉	3
乾草	0
乾竹	2
乾田	0
乾電池	3
乾徳	0
乾杯	0
乾板	0
乾皮	1
乾瓢	0
乾布	1
乾布摩擦	4
乾風	0
乾物	0
乾物屋	0
乾麺	0
乾麺麭	3
乾葉	1
乾酪	0
乾酪素	4
乾溜	0
乾留	0
乾裂	0
乾涸びる	4
乾癬	0
乾薑	0
侃々諤々	0
侃々諤諤	0
侃侃諤諤	0
冠	0
冠す	0
冠する	3
冠たる	1
冠る	2
冠位	1
冠位十二階	1
冠羽	1
冠婚葬祭	0
冠座	0
冠詞	0
冠辞	0
冠者	1
冠省	0
冠状	0
冠状動脈	5
冠水	0
冠雪	0
冠絶	0
冠鶴	5
冠動脈	3
冠鳩	5
冠不全	3
冠物	0
冠毛	0
冠木	0
冠木門	3
冠鷲	4
冠纓	0
寒	1
寒々	3
寒々しい	5
寒い	2
寒がり	3
寒がる	3
寒さ	1
寒ぞら	3
寒の入り	0
寒葵	3
寒烏	3
寒雨	1
寒雲	0
寒煙	0
寒害	0
寒寒	3
寒寒しい	5
寒気	3
寒気団	3
寒気立つ	4
寒菊	1
寒郷	0
寒暁	0
寒極	0
寒九	1
寒苦	1
寒苦鳥	3
寒空	3
寒稽古	3
寒月	1
寒鯉	0
寒垢離	0
寒紅梅	3
寒行	0
寒国	1
寒剤	0
寒桜	3
寒晒し	0
寒参り	3
寒酸	0
寒暑	1
寒色	0
寒心	0
寒水	0
寒菅	0
寒雀	3
寒蝉	0
寒村	0
寒帯	0
寒帯気団	5
寒帯前線	5
寒帯林	3
寒鯛	3
寒暖	0
寒暖計	0
寒地	1
寒竹	0
寒中	0
寒中見舞	5
寒中見舞い	5
寒中水泳	5
寒椿	3
寒天	3
寒天培地	5
寒点	1
寒熱	1
寒熱往来	5
寒波	1
寒梅	0
寒肥	0
寒風	0
寒鮒	0
寒明け	0
寒餅	1
寒夜	1
寒雷	0
寒卵	3
寒流	0
寒冷	0
寒冷高気圧	7
寒冷紗	3
寒冷前線	5
寒冷地	3
寒露	1
寒烟	0
寒鰤	0
寒鴉	1
刊	1
刊行	0
刊行物	3
刊本	1
勘	0
勘える	4
勘ぐる	3
勘づく	3
勘案	0
勘違い	3
勘気	1
勘繰る	3
勘検	0
勘校	0
勘考	0
勘合	0
勘合貿易	5
勘査	1
勘所	0
勘亭流	0
勘定	3
勘定ずく	6
勘定科目	5
勘定高い	6
勘定取り	3
勘定書	0
勘定書き	0
勘定場	0
勘定尻	0
勘定尽	0
勘定尽く	0
勘定日	3
勘当	0
勘忍	1
勘能	0
勘八	0
勘付く	3
勘弁	1
勧め	0
勧める	0
勧化	1
勧学	0
勧業	0
勧業博覧会	7
勧工	0
勧工場	0
勧降	0
勧告	0
勧告案	4
勧奨	0
勧賞	0
勧進	0
勧進元	0
勧進相撲	5
勧進帳	3
勧世縒	0
勧請	0
勧説	0
勧善懲悪	5
勧農	0
勧農鳥	0
勧誘	0
勧誘員	3
巻	1
巻き	1
巻きかえし	0
巻きじゃく	0
巻きす	0
巻きずし	0
巻きつく	3
巻きつける	4
巻きひげ	0
巻きもの	0
巻きタバコ	3
巻き雲	0
巻き煙草	3
巻き貝	2
巻き起こす	4
巻き起こる	4
巻き起す	4
巻き起る	4
巻き込む	3
巻き紙	0
巻き尺	0
巻き取り紙	4
巻き狩り	0
巻き寿司	0
巻き上がる	4
巻き上げる	4
巻き舌	0
巻き帯	0
巻き替え	0
巻き添え	0
巻き髪	0
巻き付く	3
巻き付ける	4
巻き物	0
巻き返し	0
巻き返す	3
巻き毛	0
巻き網	0
巻き戻す	4
巻き揚げる	4
巻き落し	0
巻き落とし	0
巻き簾	0
巻き藁	0
巻き簀	0
巻き鬚	0
巻き鮨	2
巻く	0
巻タバコ	3
巻雲	0
巻煙草	3
巻回	0
巻貝	2
巻起こる	4
巻起る	4
巻込む	3
巻子本	0
巻紙	0
巻耳	0
巻軸	0
巻尺	0
巻取り紙	4
巻狩	0
巻狩り	0
巻首	1
巻寿司	2
巻上げる	4
巻積雲	3
巻煎	1
巻線	0
巻繊	3
巻繊汁	5
巻層雲	3
巻帯	0
巻添え	0
巻土重来	1
巻頭	0
巻頭言	3
巻柏	2
巻髪	0
巻尾	1
巻付く	3
巻物	0
巻返し	0
巻末	0
巻毛	0
巻網	0
巻戻す	4
巻藁	0
巻纓	0
巻鬚	0
巻鮨	2
喚き声	4
喚き立てる	0
喚く	2
喚び起こす	4
喚び起す	4
喚び出す	3
喚ぶ	0
喚起	1
喚呼	1
喚子鳥	3
喚声	0
喚問	0
堪えかねる	4
堪える	3
堪え兼ねる	4
堪え性	0
堪え難い	4
堪え忍ぶ	4
堪まる	0
堪らない	0
堪り兼ねる	5
堪る	0
堪航能力	5
堪忍	1
堪忍ぶ	4
堪忍袋	5
堪能	0
姦	1
姦しい	4
姦する	3
姦悪	0
姦淫	0
姦計	0
姦策	0
姦臣	0
姦人	0
姦賊	0
姦智	1
姦通	0
姦通罪	3
姦夫	1
姦婦	1
姦物	0
姦譎	0
姦黠	0
完	1
完ぺき	0
完結	0
完工	0
完済	0
完治	1
完熟	0
完勝	0
完晶質	3
完新世	3
完遂	0
完成	0
完成品	0
完全	0
完全花	3
完全気体	5
完全競争	5
完全雇用	5
完全試合	5
完全主義	5
完全数	3
完全弾性	5
完全導体	5
完全燃焼	5
完全犯罪	5
完全平方	5
完全変態	5
完全無欠	0
完全葉	3
完走	0
完存	0
完調	0
完徹	0
完投	0
完納	0
完敗	0
完売	0
完備	1
完膚	1
完封	0
完本	0
完訳	0
完了	0
完了形	0
完璧	0
官	1
官々接待	5
官位	1
官印	0
官員	0
官営	0
官界	0
官学	0
官官接待	5
官紀	1
官求品	0
官給	0
官給品	0
官許	1
官業	0
官金	0
官軍	0
官憲	0
官権	0
官庫	1
官公署	3
官公庁	3
官公吏	3
官司	1
官事	1
官寺	1
官治	1
官舎	1
官爵	0
官需	1
官署	1
官女	1
官職	0
官人	0
官制	0
官製	0
官製葉書	5
官設	0
官撰	0
官選	0
官選弁護人	0
官尊民卑	5
官宅	0
官庁	1
官邸	0
官展	0
官途	1
官奴婢	0
官等	0
官能	0
官能基	3
官能的	0
官版	0
官費	1
官府	1
官武	1
官幣社	3
官辺	0
官報	1
官房	0
官房学	3
官房長	3
官房長官	5
官民	0
官名	0
官命	0
官有	0
官有地	3
官用	0
官窯	0
官吏	1
官立	0
官僚	0
官僚主義	5
官僚制	0
官僚政治	5
官僚的	0
官禄	0
官話	0
官廨	0
官衙	1
寛	1
寛い	2
寛ぎ	0
寛ぐ	3
寛げる	4
寛衣	1
寛永	0
寛永通宝	5
寛延	1
寛解	0
寛寛	0
寛厳	0
寛厚	0
寛弘	0
寛骨	0
寛骨臼	4
寛恕	1
寛仁	0
寛仁大度	5
寛然	0
寛大	0
寛文	0
寛平	1
寛容	0
寛和	3
寛闊	0
干	0
干からびる	4
干し	0
干し海老	2
干し柿	2
干し魚	2
干し固める	0
干し菜	2
干し藷	2
干し場	0
干し草	0
干し肉	2
干し飯	2
干し葡萄	3
干し物	3
干す	1
干ばつ	0
干る	1
干鰯	0
干菓子	2
干害	0
干柿	2
干潟	0
干潟星雲	4
干割れ	0
干割れる	3
干乾し	3
干乾びる	4
干魚	1
干枯びる	4
干枯らびる	4
干菜	1
干支	1
干渉	0
干渉計	0
干渉縞	0
干渉性	0
干渉的	0
干上がる	3
干城	0
干場	0
干草	0
干拓	0
干拓地	3
干鱈	0
干潮	1
干潮線	0
干天	0
干肉	2
干犯	0
干瓢	0
干葡萄	3
干物	0
干満	0
干与	1
干葉	1
干姜	0
干戈	1
干涸びる	4
干魃	0
幹	1
幹細胞	3
幹事	1
幹事会	3
幹事長	3
幹線	0
幹竹	2
幹竹割り	0
幹部	1
幹理	1
幹流	0
患い	0
患い付く	0
患う	0
患者	0
患畜	0
患難	1
患部	1
感	1
感ける	3
感じ	0
感じとる	4
感じやすい	5
感じる	0
感じ易い	5
感じ取る	4
感じ入る	4
感ずる	0
感づく	3
感圧紙	4
感応	0
感応精神病	0
感化	1
感化院	3
感懐	0
感慨	0
感慨深い	6
感慨無量	0
感覚	0
感覚器	4
感覚細胞	5
感覚遮断	5
感覚上皮	5
感覚神経	5
感覚的	0
感覚点	4
感覚毛	4
感覚野	4
感覚論	4
感官	0
感泣	0
感興	0
感吟	0
感激	0
感光	0
感光材料	5
感光紙	3
感光性	0
感光性樹脂	7
感光度	3
感光乳剤	5
感光板	0
感作	1
感謝	1
感謝祭	3
感謝状	0
感取	1
感受	1
感受性	0
感傷	0
感傷主義	5
感傷的	0
感情	0
感情移入	5
感情家	0
感情的	0
感情論	3
感状	0
感色性	0
感触	0
感心	0
感性	1
感性界	3
感性論	3
感染	0
感染経路	5
感染原	3
感染源	3
感染症	0
感想	0
感想文	3
感嘆	0
感嘆詞	3
感嘆符	3
感嘆文	3
感歎	0
感歎詞	3
感歎符	3
感知	1
感潮河川	5
感電	0
感度	1
感動	0
感動詞	3
感動文	0
感得	0
感熱紙	4
感付く	3
感服	0
感奮	0
感冒	0
感無量	1
感銘	0
感涙	0
感佩	0
慣らう	2
慣らし	3
慣らす	2
慣れ	2
慣れっこ	2
慣れる	2
慣わし	0
慣わす	3
慣行	0
慣手段	3
慣習	0
慣習法	0
慣性	0
慣性の法則	0
慣性モーメント	5
慣性系	0
慣性航法	5
慣用	0
慣用音	3
慣用句	3
慣用語	0
慣用読み	0
慣用名	3
慣例	0
憾み	3
憾む	2
憾むらくは	2
換え	0
換える	0
換る	0
換わる	0
換位	1
換羽	1
換価	1
換気	0
換気口	0
換気扇	0
換金	0
換言	0
換骨奪胎	1
換算	0
換質	0
換質換位	5
換物	0
換毛	0
換喩	0
敢えて	1
敢えない	3
敢えなく	2
敢え無い	3
敢え無く	2
敢て	1
敢ない	3
敢為	1
敢行	0
敢死	0
敢然	0
敢闘	0
敢闘賞	3
敢無く	2
柑果	1
柑橘類	4
柑子色	0
棺	1
棺おけ	3
棺桶	3
款	1
款待	0
款冬	1
歓	1
歓び	0
歓ぶ	3
歓楽	0
歓楽街	4
歓喜	1
歓喜天	3
歓迎	0
歓迎会	3
歓呼	1
歓心	0
歓声	0
歓然	0
歓送	0
歓送会	3
歓待	0
歓談	0
歓天喜地	5
汗	1
汗する	1
汗だく	0
汗っかき	2
汗っ掻き	2
汗ばむ	3
汗ふき	2
汗まみれ	3
汗みずく	3
汗みどろ	3
汗顔	0
汗牛充棟	0
汗血	0
汗国	1
汗止め	0
汗取り	3
汗臭い	4
汗拭	2
汗拭き	2
汗疹	0
汗水	1
汗水漬	3
汗水漬く	3
汗染みる	4
汗腺	0
汗掻き	2
汗知らず	3
汗塗れ	3
汗馬	1
汗疣	3
汗疱	0
汗衫	0
汗袗	3
漢	3
漢英	0
漢音	0
漢学	0
漢学者	3
漢語	0
漢才	0
漢詩	0
漢字	0
漢字音	3
漢書	0
漢人	0
漢数字	3
漢籍	0
漢族	1
漢竹	0
漢朝	1
漢土	1
漢文	0
漢文学	3
漢文訓読	0
漢文典	3
漢文法	3
漢方	1
漢方医	3
漢方薬	3
漢民族	3
漢名	0
漢薬	0
漢訳	0
漢和	0
漢和字典	4
漢和辞典	4
漢奸	0
澗	1
潅木	0
環	1
環海	0
環境	0
環境アセスメント	6
環境スワップ	6
環境衛生	5
環境汚染	5
環境基準	5
環境教育	5
環境権	3
環境条件	5
環境税	3
環境庁	3
環境法	3
環境容量	5
環形動物	5
環視	0
環礁	0
環状	0
環状星雲	5
環状線	0
環状列石	5
環節	0
環節動物	5
環太平洋	1
環椎	0
甘い	0
甘え	0
甘えっ子	0
甘えび	2
甘える	0
甘えん坊	0
甘ずっぱい	5
甘たるい	4
甘ったるい	5
甘ったれる	5
甘っちょろい	5
甘み	1
甘みそ	0
甘やか	2
甘やかす	4
甘んじる	4
甘んずる	4
甘塩	0
甘夏	0
甘夏柑	0
甘海苔	2
甘海老	2
甘柿	2
甘干し	0
甘橘類	4
甘苦	1
甘栗	2
甘言	0
甘口	0
甘菜	0
甘酸	0
甘酸っぱい	5
甘子	0
甘煮	0
甘酒	0
甘受	1
甘薯	1
甘藷	1
甘食	0
甘心	0
甘辛	0
甘辛い	4
甘酢	0
甘糟	0
甘草	0
甘藻	0
甘鯛	0
甘茶	0
甘茶の木	5
甘茶蔓	3
甘党	0
甘納豆	3
甘粕	0
甘皮	0
甘美	1
甘味	0
甘味噌	0
甘味料	3
甘藍	0
甘露	1
甘露煮	0
甘汞	1
甘蔗	1
甘蔗糖	0
監禁	0
監護	1
監護義務	4
監獄	0
監査	1
監査委員	4
監査法人	4
監査役	0
監察	0
監察医	4
監察官	3
監察御史	5
監視	0
監視員	3
監視哨	3
監視船	0
監視網	3
監事	1
監寺	0
監主	0
監守	1
監修	0
監的	0
監督	0
監督官	4
監督教会	5
監房	0
監訳	0
監理	1
看過	1
看貫	0
看客	0
看経	0
看護	1
看護学	3
看護学校	4
看護士	3
看護師	3
看護人	0
看護卒	3
看護婦	3
看護兵	3
看視	0
看取	1
看取る	2
看守	1
看的	0
看破	1
看破る	0
看板	0
看板倒れ	5
看板方式	5
看板娘	5
看病	1
看病人	0
看做す	0
竿	2
竿竹	0
竿頭	0
竿秤	3
竿立ち	0
管	1
管下	1
管外	1
管楽器	3
管轄	0
管轄権	4
管区	1
管区気象台	0
管継ぎ手	3
管継手	3
管見	0
管弦	0
管弦楽	3
管弦楽器	5
管弦楽団	5
管絃楽	3
管狐	3
管財	0
管財人	0
管珊瑚	3
管掌	0
管状	3
管状花	3
管制	0
管制塔	0
管長	1
管内	1
管理	1
管理価格	4
管理会計	4
管理社会	4
管理職	3
管理人	0
管理通貨制度	7
管理棟	0
管理貿易	4
管領	0
管路	1
簡	1
簡易	1
簡易言語	4
簡易裁判所	0
簡易食堂	4
簡易生命保険	8
簡易保険	4
簡易郵便局	6
簡潔	0
簡裁	0
簡札	0
簡素	1
簡素化	0
簡体字	3
簡単	0
簡単服	3
簡短	0
簡抜	0
簡便	0
簡保	1
簡明	0
簡明直截	0
簡約	0
簡略	0
緩い	2
緩まる	3
緩み	3
緩む	2
緩める	3
緩やか	2
緩り	2
緩下剤	3
緩解	0
緩緩	0
緩急	0
緩急記号	5
緩急車	3
緩球	0
緩行	0
緩手	1
緩徐	1
緩衝	0
緩衝液	3
緩衝器	3
緩衝国	3
緩衝装置	5
緩衝地帯	5
緩染剤	3
緩速	0
緩怠	0
緩歩動物	4
緩慢	0
緩目	0
緩和	0
缶	1
缶ビール	3
缶詰	3
缶詰め	3
缶蹴り	3
缶切り	3
缶入り	0
缶偏	0
翰長	0
翰墨	0
翰林	0
翰林院	3
肝	2
肝いり	0
肝ったま	4
肝っ玉	4
肝っ魂	4
肝炎	1
肝炎ウイルス	6
肝管	0
肝機能	3
肝吸	2
肝吸い	2
肝吸虫	3
肝玉	4
肝硬変	3
肝魂	4
肝細胞	3
肝試し	3
肝所	0
肝心	0
肝心要	0
肝腎	0
肝煎	0
肝煎り	0
肝臓	0
肝臓がん	3
肝臓炎	3
肝臓癌	3
肝臓茸	3
肝胆	0
肝動脈	3
肝入り	0
肝斑	0
肝蛭	0
肝不全	3
肝銘	0
肝門脈	3
肝油	0
肝要	0
艦	1
艦橋	0
艦載	0
艦載機	3
艦首	1
艦上	0
艦船	0
艦隊	0
艦長	1
艦艇	0
艦尾	1
艦砲	1
艦齢	0
莞	2
莞爾	1
莞然	0
観	1
観じる	0
観ずる	0
観閲	0
観閲式	4
観音	0
観音開き	5
観音経	0
観音堂	0
観音様	6
観艦式	3
観菊	0
観客	0
観客席	4
観客層	4
観経	0
観劇	0
観月	1
観月会	4
観護	1
観護措置	4
観光	0
観光ビザ	5
観光客	3
観光資源	5
観光団	3
観光地	3
観光都市	5
観桜	0
観桜会	3
観察	0
観察眼	4
観察力	4
観自在	3
観衆	0
観照	0
観照的	0
観賞	0
観賞魚	3
観賞植物	6
観心	0
観世音	3
観世音菩薩	6
観戦	0
観想	0
観相	0
観相学	3
観測	0
観測気球	5
観測所	0
観測船	0
観測網	4
観潮	0
観点	1
観入	0
観念	1
観念形態	5
観念的	0
観念念仏	5
観念連合	5
観念論	3
観能	0
観梅	0
観楓	0
観楓会	3
観仏	0
観兵式	3
観法	0
観望	0
観葉植物	6
観覧	0
観覧者	3
観覧車	3
観覧席	3
諌め	0
諌める	3
貫	1
貫き通す	5
貫く	3
貫主	1
貫手	0
貫首	1
貫通	0
貫通銃創	5
貫徹	0
貫頭衣	3
貫入	0
貫入岩	3
貫木	3
貫目	0
貫流	0
貫禄	0
貫録	0
還す	1
還り	3
還る	1
還啓	0
還元	0
還元剤	3
還元鉄	3
還元糖	0
還元分裂	5
還俗	0
還都	1
還付	1
還付金	0
還流	0
還暦	0
鑑	3
鑑みる	4
鑑査	1
鑑札	0
鑑識	0
鑑識眼	4
鑑賞	0
鑑賞眼	3
鑑定	0
鑑定家	0
鑑定官	3
鑑定書	5
鑑定人	0
鑑別	0
鑑別所	0
間	0
間々	1
間がら	0
間が抜ける	0
間けつ泉	4
間けつ熱	4
間じきり	2
間だるい	3
間だるっこしい	6
間にあう	3
間に合う	3
間に合せ	0
間に合わす	4
間に合わせ	0
間に合わせる	5
間のび	0
間の間	0
間の狂言	1
間の子	0
間の子船	5
間の手	3
間の楔	1
間びき	3
間もなく	2
間も無く	2
間違い	3
間違う	3
間違え	3
間違える	4
間一髪	1
間引き	0
間引く	2
間延び	0
間遠	0
間隔	0
間鴨	0
間間	1
間狂言	3
間狭	1
間近	1
間近い	3
間銀	0
間駒	0
間隙	0
間欠	0
間欠泉	4
間欠的	0
間欠熱	4
間口	1
間合	0
間合い	0
間細胞	3
間際	1
間作	0
間擦疹	4
間仕切り	2
間紙	0
間質	0
間者	0
間遮	0
間借り	0
間借り人	0
間尺	0
間取り	0
間充織	3
間色	0
間食	0
間食い	0
間数	3
間性	0
間切	0
間切り	0
間切る	2
間接	0
間接喫煙	5
間接撮影	5
間接照明	5
間接証拠	5
間接正犯	5
間接税	4
間接選挙	5
間接的	0
間接費	4
間接目的語	0
間接話法	5
間銭	0
間然	0
間奏	0
間奏曲	3
間怠っこい	5
間貸し	0
間代	0
間断	0
間男	2
間着	0
間柱	2
間諜	0
間釘	0
間投詞	3
間投助詞	5
間道	0
間脳	0
間八	0
間髪	1
間伐	0
間抜け	0
間判	0
間氷期	3
間夫	1
間服	0
間柄	0
間葉	0
間話	0
間歇	0
間歇泉	4
間歇的	0
間歇熱	4
閑	1
閑か	1
閑雲野鶴	5
閑暇	1
閑雅	1
閑閑	0
閑却	0
閑居	1
閑古鳥	3
閑散	0
閑寂	0
閑職	0
閑人	0
閑静	1
閑談	0
閑地	1
閑日月	3
閑文字	3
閑話	0
閑話休題	1
関	1
関する	3
関の山	5
関らず	3
関る	3
関わらず	3
関わり	0
関わりあう	5
関わり合う	5
関わる	3
関ケ原	3
関ヶ原	3
関係	0
関係づける	6
関係筋	3
関係詞	3
関係者	3
関係代名詞	7
関係付ける	6
関係副詞	5
関鍵	0
関取	0
関守	2
関所	3
関所破り	4
関心	0
関心事	3
関数	3
関数解析	5
関数空間	5
関数方程式	7
関数論	3
関西	1
関西弁	0
関西辯	0
関税	0
関税自主権	6
関税障壁	5
関税同盟	5
関税率	3
関節	0
関節リューマチ	5
関節炎	4
関節技	4
関節腔	4
関説	0
関船	3
関代	0
関知	1
関東	1
関東軍	3
関東煮	0
関東煮き	0
関東炊き	0
関東地方	5
関東八州	1
関頭	0
関白	1
関八州	1
関門	0
関与	1
関聯	0
関連	0
関脇	0
陥せい	0
陥る	3
陥れる	5
陥入	0
陥入爪	3
陥没	0
陥没湖	4
陥落	0
陥穽	0
韓	1
韓衣	3
韓語	0
韓国	1
韓国語	0
韓国人	4
韓人	0
韓日	0
韓流	0
館	1
館娃	1
館員	0
館外	1
館主	1
館長	1
館内	1
丸	0
丸々	0
丸Ｃ	3
丸い	0
丸かっこ	3
丸きり	0
丸ごと	0
丸っきり	0
丸っこい	4
丸っ切り	0
丸つぶれ	0
丸で	0
丸のこ	0
丸のみ	0
丸まっちい	5
丸まる	0
丸み	0
丸める	0
丸め込む	4
丸暗記	3
丸一日	6
丸屋根	0
丸花蜂	4
丸刈	0
丸刈り	0
丸瓦	3
丸干し	0
丸丸	3
丸顔	0
丸鋸	0
丸曲	2
丸襟	0
丸型	0
丸形	0
丸見え	0
丸公	2
丸行灯	3
丸鋼	0
丸腰	0
丸剤	0
丸材	0
丸鯖	0
丸山ワクチン	5
丸事	0
丸字	0
丸持ち	0
丸耳象	4
丸写し	3
丸煮	0
丸取り	0
丸首	0
丸出し	0
丸傷	2
丸勝ち	0
丸焼き	0
丸焼け	0
丸菅	0
丸切り	0
丸洗い	3
丸窓	0
丸損	0
丸太	0
丸太ん棒	0
丸太舟	4
丸太船	4
丸帯	0
丸竹	0
丸柱	3
丸彫り	0
丸塚	0
丸潰れ	0
丸天井	3
丸禿	0
丸呑み	0
丸八	0
丸秘	0
丸負け	0
丸仏手柑	0
丸文字	0
丸抱え	3
丸坊主	3
丸本	0
丸盆	0
丸毎	0
丸味	0
丸儲け	3
丸木	0
丸木橋	3
丸木舟	4
丸木船	4
丸薬	0
丸優	2
丸葉朝顔	5
丸葉萩	4
丸裸	3
丸諳記	3
丸鑿	0
丸髷	0
丸齧り	0
含ます	3
含まれる	4
含み	3
含み資産	4
含み笑い	4
含み声	4
含む	2
含める	3
含め煮	0
含意	1
含水	0
含水炭素	5
含蓄	0
含糖	0
含味	1
含油	1
含油軸受け	4
含油層	3
含油頁岩	4
含有	0
含有量	3
含量	3
含嗽	0
含嗽剤	3
含嗽薬	3
含漱	0
含羞	0
含羞屋	0
含羞草	0
岸	2
岸頭	0
岸壁	0
岸辺	0
巌	2
巌蔭	0
巌窟	0
巌頭	0
巌壁	0
玩ぶ	4
玩具	2
玩具屋	0
玩物喪志	5
玩味	1
玩弄	0
玩弄物	3
癌	1
癌ウイルス	4
癌遺伝子	4
癌化	0
癌研	0
癌細胞	3
癌腫	0
癌抑制遺伝子	7
眼	1
眼つき	0
眼の当たり	3
眼の当り	3
眼圧	0
眼医者	1
眼下	1
眼科	0
眼科医	3
眼界	0
眼蓋	1
眼梶木	2
眼間	0
眼旗魚	2
眼球	0
眼球銀行	5
眼球振盪	5
眼鏡	1
眼鏡違い	4
眼鏡猿	4
眼鏡橋	3
眼鏡蛇	4
眼筋	0
眼光	0
眼孔	0
眼高手低	0
眼差し	0
眼指	0
眼脂	3
眼識	0
眼疾	0
眼尻	1
眼振	0
眼深	0
眼仁奈	1
眼精疲労	5
眼前	0
眼帯	0
眼中	1
眼張	0
眼底	0
眼底検査	5
眼底出血	5
眼点	0
眼奈太	0
眼白	0
眼病	0
眼付	0
眼付き	0
眼福	0
眼目	0
眼力	0
眼瞼	0
眼瞼閉鎖反射	8
眼窩	1
岩	2
岩タバコ	3
岩磯目	3
岩磯蚯蚓	3
岩陰	0
岩雲雀	3
岩燕	3
岩塩	0
岩屋	0
岩塊	0
岩絵	0
岩絵の具	3
岩絵具	3
岩蟹	0
岩角	0
岩間	0
岩魚	0
岩苦菜	4
岩窟	0
岩群	0
岩穴	0
岩圏	0
岩戸	0
岩戸景気	4
岩高蘭	3
岩根	0
岩座	0
岩山	0
岩室	0
岩床	0
岩礁	0
岩乗	0
岩場	0
岩清水	3
岩石	1
岩石学	4
岩石圏	4
岩組	0
岩組み	0
岩倉	0
岩層	0
岩沢瀉	4
岩茸	2
岩棚	0
岩狸	3
岩虫	2
岩田帯	4
岩登り	3
岩頭	0
岩肌	0
岩板	0
岩盤	0
岩風呂	0
岩壁	0
岩脈	0
岩綿	0
岩面	0
岩面高	4
岩稜	0
岩緑青	3
岩蓮華	3
岩檜葉	2
岩漿	0
岩菲	1
翫ぶ	4
翫具	1
贋	0
贋アカシア	3
贋印	0
贋金	0
贋作	0
贋札	0
贋者	0
贋首	0
贋造	0
贋物	0
雁	1
雁が音	0
雁ケ音	0
雁ヶ音	0
雁擬き	3
雁金	0
雁金草	0
雁行	0
雁字がらめ	4
雁字搦め	4
雁首	0
雁書	1
雁垂れ	0
雁草	0
雁足	0
雁爪	1
雁渡し	3
雁皮	1
雁皮紙	3
雁木	0
雁木えい	3
雁木車	4
雁木鑢	4
雁来紅	3
頑	0
頑として	1
頑な	0
頑火輝石	4
頑強	0
頑愚	1
頑健	0
頑固	1
頑固一徹	1
頑丈	0
頑是ない	4
頑是無い	4
頑然	0
頑張り	0
頑張り屋	0
頑張る	3
頑冥	0
頑冥不霊	0
頑迷	0
頑迷固陋	0
頑癬	1
頑陋	0
顔	0
顔いろ	0
顔かたち	0
顔だち	0
顔つき	0
顔つなぎ	0
顔なじみ	3
顔ぶれ	0
顔パス	0
顔汚し	3
顔形	0
顔繋ぎ	0
顔見せ	0
顔見世	0
顔見世狂言	5
顔見知り	0
顔向け	0
顔合せ	0
顔合わせ	0
顔写真	3
顔出し	0
顔色	0
顔触れ	0
顔馴染	3
顔馴染み	0
顔付	0
顔付き	0
顔負け	0
顔貌	0
顔面	0
顔面筋	0
顔面神経	5
顔面蒼白	0
顔役	0
顔容	0
顔立	0
顔立ち	0
顔立て	0
顔料	3
願	1
願い	2
願いごと	0
願い下げ	0
願い下げる	5
願い事	0
願い主	2
願い出	0
願い出る	4
願う	2
願ってもない	2
願っても無い	2
願わくは	3
願わくわ	3
願わしい	4
願意	1
願解き	3
願掛	0
願掛け	0
願事	0
願主	1
願書	1
願状	0
願人坊主	5
願文	0
願望	0
願面	0
願立て	0
願力	1
企て	0
企てる	4
企み	0
企む	3
企画	0
企画課	0
企劃	0
企及	0
企業	1
企業化	0
企業家	0
企業会計	4
企業会計原則	8
企業間信用	6
企業合同	4
企業者	2
企業整備	4
企業責任	4
企業内教育	6
企業内組合	6
企業年金	4
企業買収	4
企業別組合	6
企業有地	4
企業連合	4
企図	1
企望	0
伎楽	1
伎芸	1
伎女	1
伎能	1
伎倆	1
伎癢	0
危	1
危うい	0
危うく	0
危ぐ	1
危ない	0
危ながる	4
危なく	0
危なげない	5
危なっかしい	6
危な絵	0
危な気	0
危ぶむ	3
危める	3
危絵	0
危害	1
危機	1
危機一発	1
危機一髪	1
危機感	2
危機管理	3
危機神学	3
危気	0
危疑	1
危急	0
危急存亡	0
危局	2
危極	1
危険	0
危険思想	4
危険信号	4
危険人物	4
危険性	0
危険地帯	4
危険負担	4
危険物	2
危険率	2
危坐	1
危座	1
危地	1
危篤	0
危難	1
危弁	0
危峰	1
危殆	0
危惧	1
危懼	1
喜々	1
喜がる	2
喜の字	2
喜ばしい	5
喜ばす	4
喜び	0
喜び事	0
喜び勇む	6
喜ぶ	3
喜んで	3
喜雨	1
喜悦	0
喜歌劇	2
喜劇	1
喜捨	1
喜寿	1
喜色	0
喜色満面	0
喜知次	2
喜怒	1
喜怒哀楽	1
器	0
器械	2
器械運動	4
器械体操	4
器楽	1
器楽曲	3
器官	1
器機	1
器具	1
器材	1
器財	1
器物	1
器用	1
器用貧乏	4
器量	1
器量人	2
器量負け	0
基	1
基く	3
基ずく	3
基づく	3
基因	0
基音	0
基幹	0
基幹産業	4
基金	2
基語	1
基剤	1
基軸	0
基軸通貨	4
基質	0
基準	0
基準線	0
基準地価	4
基準点	2
基準内賃金	6
基準法	0
基数	2
基石	0
基線	0
基礎	1
基礎医学	3
基礎化粧品	4
基礎研究	3
基礎控除	3
基礎体温	3
基礎代謝	3
基礎知識	3
基礎的	0
基層	0
基体	0
基地	1
基地局	2
基調	0
基底	0
基底状態	4
基底膜	2
基点	0
基督教	0
基板	0
基盤	0
基付く	3
基部	1
基本	0
基本ソフト	4
基本給	2
基本設計	4
基本単位	4
基本的	0
基本的人権	0
基本法	0
奇	1
奇々怪々	1
奇しき	1
奇しくも	1
奇っ怪	3
奇異	1
奇縁	0
奇貨	1
奇怪	0
奇怪しい	3
奇怪千万	4
奇観	0
奇関数	2
奇巌	1
奇岩	1
奇奇怪怪	1
奇矯	0
奇偶	0
奇遇	0
奇形	0
奇形児	2
奇計	0
奇警	0
奇幻	0
奇古	1
奇功	0
奇効	0
奇行	0
奇骨	0
奇才	0
奇祭	0
奇策	0
奇手	1
奇習	0
奇襲	0
奇術	1
奇術師	3
奇書	1
奇勝	0
奇捷	0
奇人	0
奇瑞	0
奇数	2
奇声	0
奇石	0
奇跡	0
奇跡的	0
奇蹟	0
奇絶	0
奇想	0
奇想曲	2
奇想天外	2
奇体	2
奇態	2
奇胎	0
奇談	1
奇知	1
奇智	1
奇蹄類	2
奇特	0
奇乳	0
奇抜	0
奇病	0
奇聞	0
奇兵	1
奇兵隊	0
奇癖	0
奇弁	0
奇妙	1
奇木	0
奇問	0
奇利	1
奇麗	1
奇麗さっぱり	1
奇麗どころ	4
奇麗好き	0
奇麗事	0
奇麗所	4
奇峭	0
奇譚	0
嬉しい	3
嬉しがらせ	0
嬉しがる	4
嬉し泣き	0
嬉し涙	4
嬉嬉	1
嬉戯	1
嬉泣	0
嬉泣き	0
嬉笑	0
嬉遊曲	2
寄える	0
寄こす	2
寄す	0
寄せ	0
寄せかける	4
寄せつける	4
寄せる	0
寄せ掛ける	4
寄せ合う	3
寄せ算	2
寄せ手	0
寄せ集め	0
寄せ集める	5
寄せ書き	0
寄せ場	0
寄せ植え	0
寄せ席	0
寄せ切れ	0
寄せ太鼓	3
寄せ棟	0
寄せ棟造り	5
寄せ鍋	0
寄せ箸	0
寄せ付ける	4
寄せ木	0
寄せ木細工	4
寄せ木造り	4
寄っかかる	4
寄ってたかって	0
寄って集って	0
寄っ掛る	4
寄り	0
寄りかかる	4
寄りつく	3
寄り掛かる	4
寄り掛る	4
寄り寄り	0
寄り合い	0
寄り合い所帯	5
寄り合う	3
寄り集まる	5
寄り身	0
寄り切り	0
寄り切る	3
寄り藻	0
寄り添う	3
寄り倒し	0
寄り道	0
寄り付き	0
寄り付く	3
寄り目	0
寄り縋る	4
寄る	0
寄る辺	0
寄越す	2
寄居虫	3
寄金	2
寄寓	0
寄語	1
寄港	0
寄稿	0
寄航	0
寄合	0
寄合い	0
寄合う	3
寄合所帯	5
寄集め	0
寄宿	0
寄宿舎	3
寄宿生	3
寄書	1
寄書き	0
寄場	0
寄植え	0
寄食	0
寄進	0
寄生	0
寄生火山	4
寄生植物	5
寄生虫	0
寄生虫症	4
寄生蝿	3
寄生蜂	3
寄生木	0
寄生蠅	3
寄席	0
寄切る	3
寄藻	0
寄贈	0
寄託	0
寄添う	3
寄棟	0
寄棟造り	5
寄鍋	0
寄付	1
寄付く	3
寄付ける	4
寄付金	2
寄付行為	3
寄附	1
寄附金	2
寄木	0
寄木細工	4
寄与	1
寄留	0
寄留地	2
寄縋る	4
岐	0
岐阜	0
岐路	1
希	0
希う	1
希わくは	3
希ガス類	3
希塩酸	0
希求	0
希元素	2
希釈	0
希釈熱	3
希書	1
希少	0
希少価値	4
希少性	0
希図	2
希世	0
希代	1
希代未聞	1
希土類	2
希土類元素	5
希薄	0
希望	0
希望者	2
希望的	0
希有	1
希硫酸	0
希覯	0
幾	1
幾たび	1
幾つ	1
幾つか	1
幾つも	1
幾ばく	0
幾らか	1
幾らでも	1
幾らも	1
幾何	1
幾何もなく	6
幾何も無く	6
幾何学	2
幾何学的	0
幾何学的精神	7
幾何級数	3
幾何級数的	0
幾何光学	3
幾何平均	3
幾久しく	1
幾許	0
幾許もなく	6
幾許も無く	6
幾歳	1
幾重	1
幾重にも	1
幾人	2
幾人か	1
幾多	1
幾程	0
幾度	1
幾度も	1
幾日	1
幾日か	1
幾日も	1
幾年	1
幾分	0
幾夜	1
忌	1
忌々しい	5
忌まわしい	4
忌ま忌ましい	5
忌み	1
忌み嫌う	1
忌み言葉	3
忌み詞	3
忌み日	2
忌み明け	0
忌む	1
忌引	0
忌引き	0
忌忌しい	5
忌嫌う	1
忌言葉	3
忌中	0
忌日	2
忌避	1
忌服	0
忌明け	0
忌憚	0
忌諱	1
揮う	0
揮発	0
揮発性	0
揮発油	3
揮発油税	4
揮毫	0
机	0
机下	1
机上	0
机上の空論	0
机辺	0
旗	2
旗印	3
旗下	1
旗竿	0
旗艦	0
旗挙	4
旗挙げ	4
旗魚	1
旗魚座	0
旗鼓	1
旗行列	3
旗手	1
旗章	0
旗章学	2
旗色	0
旗振り	4
旗亭	0
旗頭	3
旗日	2
旗標	3
旗弁	0
旗本	0
旗本八万騎	7
旗門	0
旗揚	0
旗揚げ	4
旗幟	1
旗幟鮮明	1
既に	1
既にして	1
既の事	6
既往	0
既往症	0
既往歴	2
既刊	0
既決	0
既決囚	3
既婚	0
既婚者	2
既済	0
既視感	2
既習	0
既出	0
既述	0
既遂	0
既成	0
既成概念	4
既成事実	4
既製	0
既製品	0
既製服	2
既設	0
既卒	0
既存	0
既知	1
既知数	2
既定	0
既倒	0
既得	0
既得権	3
既判力	2
既払い	2
既報	0
既望	0
既約	0
既約分数	4
期	1
期す	1
期する	2
期せずして	2
期間	2
期近	0
期限	1
期限付き	0
期首	1
期成	0
期成同盟	4
期待	0
期待はずれ	4
期待外れ	4
期待権	2
期待値	2
期待薄	0
期日	1
期望	0
期末	0
期末テスト	4
期末試験	4
棋	1
棋院	1
棋界	0
棋客	0
棋局	1
棋士	1
棋聖	0
棋戦	0
棋道	1
棋譜	1
棋風	0
棋力	1
棄てる	0
棄て子	0
棄て児	0
棄て石	0
棄て売り	0
棄却	0
棄教	0
棄権	0
棄権者	2
棄言葉	3
棄子	0
棄市	1
棄児	0
棄石	0
棄損	0
棄民	0
棄約	0
棄老	0
棄捐	0
機	1
機運	1
機影	0
機縁	1
機屋	2
機会	2
機会均等	2
機会原因論	6
機会費用	4
機械	2
機械化	0
機械科	0
機械語	0
機械工学	4
機械工業	4
機械仕掛け	4
機械室	2
機械体操	4
機械的	0
機械的エネルギー	7
機械的唯物論	9
機械文明	4
機械編み	0
機械翻訳	4
機械命令	4
機械油	4
機械類	2
機械論	2
機関	1
機関庫	2
機関士	2
機関紙	2
機関誌	2
機関室	2
機関車	2
機関銃	0
機関人形	5
機関長	2
機関投資家	0
機器	1
機宜	1
機業	1
機業家	0
機具	1
機嫌	0
機嫌気褄	5
機嫌伺	4
機嫌伺い	4
機嫌取り	2
機嫌上戸	4
機嫌買い	2
機巧	0
機構	0
機甲	0
機根	0
機才	0
機材	1
機軸	1
機種	1
機首	1
機銃	0
機銃掃射	4
機序	1
機上	0
機織	3
機織り	3
機織り虫	4
機織鳥	4
機先	0
機体	0
機知	1
機智	1
機長	1
機転	0
機動	0
機動性	0
機動隊	0
機動部隊	4
機動力	2
機内	1
機内食	2
機能	1
機能語	0
機能主義	4
機能障害	4
機能性食品	6
機能的	0
機能美	2
機帆船	0
機尾	1
機微	1
機敏	0
機変	0
機鋒	0
機密	0
機密費	3
機雷	0
機雷原	2
機略	0
機躡	0
帰す	1
帰する	2
帰り	3
帰りがけ	0
帰りしな	0
帰り花	3
帰り掛け	0
帰り支度	4
帰り着く	4
帰り道	3
帰り路	3
帰る	1
帰依	1
帰一	0
帰営	0
帰化	1
帰化植物	4
帰化人	2
帰化動物	3
帰臥	1
帰艦	0
帰還	0
帰還者	2
帰還兵	2
帰休	0
帰去来	2
帰京	0
帰郷	0
帰結	0
帰校	0
帰港	0
帰航	0
帰国	0
帰国子女	4
帰参	0
帰社	1
帰趣	1
帰順	0
帰省	0
帰心	0
帰趨	0
帰巣	0
帰巣性	0
帰巣本能	4
帰蔵	0
帰属	0
帰村	0
帰宅	0
帰着	0
帰朝	0
帰天	0
帰途	1
帰島	0
帰投	0
帰日	0
帰任	0
帰納	0
帰納的	0
帰納法	0
帰納論理学	6
帰農	0
帰帆	0
帰謬法	0
帰伏	0
帰服	0
帰米	0
帰来	0
帰洛	0
帰路	1
毅然	0
気	0
気おされる	4
気がかり	2
気さく	0
気ぜわしい	4
気だて	0
気だるい	3
気っ風	0
気つけ薬	4
気づかう	3
気づかれ	2
気づく	2
気どる	0
気にいる	0
気に入り	0
気に入る	0
気のどく	3
気の毒	3
気の病	3
気まかせ	0
気まぐれ	0
気まじめ	2
気まずい	0
気まま	0
気むずかしい	5
気を付け	4
気圧	0
気圧される	4
気圧計	0
気圧配置	4
気安い	3
気安め	0
気位	2
気慰み	0
気易い	3
気移り	2
気違い	3
気違いじみる	6
気違い沙汰	0
気違い染みる	6
気韻	0
気韻生動	4
気宇	1
気宇壮大	1
気欝	0
気欝症	0
気運	1
気鋭	0
気炎	0
気炎万丈	0
気焔	0
気焔万丈	0
気押される	0
気温	0
気化	1
気化器	2
気化熱	2
気概	0
気学	1
気楽	0
気掛かり	2
気掛り	2
気管	0
気管支	2
気管支炎	4
気管支肺炎	5
気管支喘息	5
気管切開	4
気詰まり	2
気詰り	2
気休め	0
気球	0
気強い	3
気狂い	3
気狂いじみる	6
気狂い沙汰	0
気狂い染みる	6
気胸	0
気苦労	2
気軽	0
気軽い	0
気兼ね	0
気圏	0
気懸かり	2
気遣い	2
気遣う	3
気遣わしい	5
気後れ	0
気候	0
気候学	2
気候帯	0
気候変動	4
気功	0
気功師	2
気孔	0
気孔体	0
気構え	2
気高い	3
気合	0
気合い	0
気合い負け	0
気骨	0
気込み	0
気根	0
気散じ	2
気死	1
気持	0
気持ち	0
気室	0
気質	0
気弱	0
気取り	0
気取り屋	0
気取る	0
気腫	1
気受け	0
気重	0
気象	0
気象衛星	4
気象学	2
気象観測	4
気象台	0
気象庁	2
気象通報	4
気象予報士	5
気障	1
気障っぽい	4
気障り	2
気丈	0
気丈夫	2
気乗り	0
気乗り薄	0
気乗薄	0
気色	0
気色ばむ	4
気触れ	0
気触れる	0
気心	2
気振り	1
気真面目	2
気吹	1
気吹く	2
気随	0
気随気儘	0
気嵩	0
気勢	0
気性	0
気晴し	0
気晴らし	0
気絶	0
気前	0
気組み	0
気早	0
気相	0
気送管	0
気息	0
気息奄々	0
気息奄奄	0
気体	0
気体定数	4
気怠い	3
気短	0
気団	0
気恥かしい	5
気恥しい	5
気恥ずかしい	5
気張る	0
気長	0
気転	0
気筒	0
気働き	2
気動車	2
気道	0
気難しい	5
気任せ	0
気嚢	0
気配	1
気配り	2
気迫	0
気抜け	0
気疲れ	2
気品	0
気不味い	0
気付	0
気付く	2
気付け	1
気付け薬	4
気負い	0
気負い立つ	4
気負う	2
気風	0
気分	1
気分一新	1
気分屋	0
気分障害	4
気分転換	4
気紛れ	0
気変り	0
気変わり	0
気保養	2
気泡	0
気胞	0
気忙しい	4
気侭	0
気味	2
気味わるい	2
気味悪い	4
気密	0
気密室	3
気脈	0
気迷い	0
気鳴楽器	4
気門	1
気落ち	0
気立	0
気立て	0
気流	0
気力	0
気儘	0
気儘放題	4
気鬱	0
気鬱症	0
気稟	0
気褄	0
気魄	0
汽圧	0
汽缶	2
汽缶室	2
汽車	2
汽車ぽっぽ	2
汽車賃	2
汽水	0
汽水湖	2
汽船	0
汽艇	0
汽笛	0
汽罐	2
畿内	1
祈とう	0
祈とう書	0
祈り	3
祈る	2
祈願	1
祈願所	0
祈誓	0
祈請	0
祈祷	0
祈祷師	2
祈祷書	0
祈年祭	2
祈念	0
季	1
季夏	1
季刊	0
季寄せ	0
季語	1
季候	0
季子	1
季秋	0
季春	0
季節	2
季節はずれ	4
季節回遊	4
季節外れ	4
季節感	3
季節調整	4
季節風	0
季節労働	4
季節労働者	6
季題	0
季冬	0
季末	0
稀	0
稀に見る	4
稀塩酸	0
稀元素	2
稀釈	0
稀書	1
稀少	0
稀少価値	4
稀世	0
稀代	0
稀薄	0
稀有	1
稀硫酸	0
稀覯	0
稀覯本	0
紀	1
紀元	1
紀元節	2
紀元前	4
紀行	0
紀行文	2
紀事本末体	1
紀州蜜柑	4
紀伝体	0
紀要	0
紀律	0
徽章	0
規格	0
規格化	0
規格判	0
規格品	0
規矩	1
規矩準縄	1
規準	0
規制	0
規制緩和	4
規正	0
規則	1
規則書	3
規則正い	6
規則正しい	6
規則的	0
規則動詞	4
規則立つ	4
規定	0
規程	0
規那	1
規範	0
規範文法	4
規模	1
規約	0
規律	0
記	1
記す	0
記する	2
記憶	0
記憶障害	4
記憶素子	4
記憶喪失	4
記憶装置	4
記憶媒体	4
記憶容量	4
記憶力	3
記紀	1
記号	0
記号学	2
記号論	2
記号論理学	6
記載	0
記事	1
記事文	2
記者	1
記者クラブ	3
記者会見	3
記者団	2
記述	0
記述言語学	6
記述子	3
記述的科学	6
記述文法	4
記章	0
記数法	0
記性	0
記帳	0
記入	0
記念	0
記念スタンプ	5
記念祭	2
記念樹	2
記念切手	4
記念日	2
記念碑	2
記念品	0
記念物	2
記譜法	0
記名	0
記名投票	4
記銘	0
記録	0
記録映画	4
記録係	4
記録的	0
記録破り	4
記録媒体	4
記録文学	4
記誦	0
貴	1
貴い	3
貴ぶ	3
貴意	1
貴下	1
貴家	1
貴学	1
貴官	2
貴簡	2
貴翰	2
貴金属	2
貴君	1
貴兄	1
貴顕	2
貴公	2
貴公子	2
貴校	2
貴国	2
貴札	0
貴姉	1
貴紙	1
貴誌	1
貴社	1
貴種	1
貴酬	0
貴重	0
貴重品	0
貴所	1
貴女	1
貴職	1
貴信	1
貴紳	0
貴人	0
貴石	0
貴僧	1
貴族	1
貴族院	3
貴族的	0
貴台	1
貴地	1
貴店	2
貴殿	1
貴賓	0
貴婦人	2
貴腐ワイン	3
貴腐人	2
貴方	2
貴方々	0
貴方がた	0
貴方任せ	4
貴方方	4
貴名	1
貴様	0
貴覧	0
貴輪	0
貴賤	0
起きあがる	4
起きぬけ	0
起きる	2
起き掛け	0
起き上がり小法師	6
起き上がる	0
起き上り小法師	6
起き上る	0
起き直る	4
起き抜け	0
起き伏し	2
起き返る	3
起こし	3
起こす	2
起こり	3
起こる	2
起す	2
起ち居	2
起ち居振る舞い	2
起ち居振舞い	2
起ち上がる	0
起り	3
起る	2
起案	0
起因	0
起臥	1
起居	1
起居振舞	2
起業	1
起業家	0
起業家精神	5
起句	1
起結	0
起原	1
起源	1
起源説	2
起工	0
起工式	2
起稿	0
起坐	1
起坐呼吸	3
起座	1
起座呼吸	3
起債	0
起算	0
起死	1
起死回生	1
起首	1
起重機	2
起床	0
起承転結	2
起上がる	4
起上る	4
起震車	2
起請	0
起請文	2
起訴	2
起訴状	2
起訴猶予	3
起草	0
起点	0
起電	0
起電機	2
起電力	2
起動	0
起動機	2
起動者	2
起動力	2
起爆	0
起爆剤	3
起爆薬	3
起抜け	0
起筆	0
起票	0
起伏	0
起毛	0
起毛筋	0
起用	0
起立	0
起龕	1
軌間	0
軌条	0
軌跡	0
軌道	0
軌道関数	4
軌道電子	4
軌範	0
輝かしい	5
輝かす	4
輝き	0
輝き渡る	6
輝く	3
輝やかしい	5
輝安鉱	2
輝輝	1
輝銀鉱	2
輝水鉛鉱	4
輝石	0
輝石安山岩	6
輝線	0
輝点	0
輝度	1
輝銅鉱	2
飢え	2
飢える	2
飢え死	0
飢え死に	0
飢きん	2
飢餓	1
飢餓療法	3
飢渇	0
飢寒	0
飢死	0
飢死に	0
飢凍	0
飢民	1
飢饉	2
騎虎	1
騎行	0
騎士	1
騎士修道会	5
騎士道	2
騎士道物語	7
騎射	2
騎手	1
騎銃	0
騎乗	0
騎馬	1
騎馬戦	0
騎馬民族	3
騎兵	0
騎兵隊	0
鬼	2
鬼が島	3
鬼ごっこ	3
鬼っ子	0
鬼の矢幹	4
鬼ばば	2
鬼ばばあ	4
鬼みそ	0
鬼ケ島	3
鬼ヶ島	3
鬼火	2
鬼海星	3
鬼瓦	3
鬼気	1
鬼胡桃	3
鬼虎魚	4
鬼才	0
鬼殺し	3
鬼子	0
鬼子母神	3
鬼歯	2
鬼宿日	3
鬼女	1
鬼神	0
鬼籍	0
鬼草	2
鬼胎	0
鬼退治	3
鬼蜘蛛	0
鬼畜	0
鬼田平子	3
鬼灯	0
鬼乳	0
鬼婆	2
鬼板	0
鬼皮	0
鬼百合	2
鬼武者	3
鬼味噌	0
鬼面	0
鬼門	0
鬼利死丹	3
鬼理死丹	3
鬼蓮	2
鬼哭	0
鬼哭啾々	0
鬼哭啾啾	0
鬼繞	0
亀	1
亀の甲	4
亀の子	3
亀の子たわし	5
亀の子束子	5
亀の手	1
亀綾	0
亀屋縞	0
亀鑑	0
亀甲	0
亀虫	2
亀頭	0
亀腹	0
亀卜	1
亀毛兎角	4
亀裂	0
偽	0
偽り	0
偽り言	0
偽る	3
偽悪	0
偽印	0
偽果	1
偽学	1
偽金	0
偽君子	2
偽経	0
偽計	0
偽言	0
偽作	0
偽札	0
偽似症	0
偽者	0
偽首	0
偽書	1
偽称	0
偽証	0
偽証罪	2
偽製	0
偽善	0
偽善者	2
偽装	0
偽造	0
偽造罪	2
偽足	0
偽電	0
偽版	0
偽筆	0
偽瓢虫	7
偽物	0
偽兵	0
偽報	0
偽膜	0
偽名	0
偽薬	0
偽陽性	2
儀	1
儀刑	0
儀型	0
儀形	0
儀式	1
儀式張る	4
儀杖兵	2
儀装	0
儀典	0
儀刀	0
儀範	0
儀表	0
儀容	0
儀礼	0
儀礼的	0
儀礼兵	2
儀仗	0
儀仗兵	2
妓	1
妓院	1
妓女	1
妓夫	0
妓楼	0
宜	0
宜しい	3
宜しく	2
宜なるかな	1
宜敷く	2
戯える	3
戯け	0
戯ける	3
戯け口	3
戯け芝居	4
戯け者	5
戯け話	4
戯す	2
戯つく	0
戯らす	2
戯れ	0
戯れつく	0
戯れる	4
戯れ歌	2
戯れ言	0
戯れ事	0
戯れ付く	0
戯歌	2
戯画	1
戯絵	2
戯曲	0
戯言	0
戯作	0
戯作者	3
戯事	0
戯書	1
戯書き	0
戯称	0
戯笑	0
戯談	0
戯評	0
戯文	0
戯弄	0
技	2
技あり	2
技官	1
技監	0
技協	0
技芸	1
技工	0
技巧	0
技巧的	0
技師	1
技手	1
技術	1
技術移転	4
技術援助	4
技術屋	0
技術科	0
技術革新	4
技術士	3
技術者	3
技術的	0
技倒	0
技能	1
技能者	2
技能賞	2
技法	0
技有り	2
技量	1
技倆	1
技癢	0
擬	3
擬い	2
擬い物	0
擬える	4
擬き	3
擬す	1
擬する	2
擬餌	1
擬餌鉤	0
擬音	0
擬音語	0
擬革	0
擬革紙	3
擬古	1
擬古主義	3
擬古文	2
擬死	1
擬似	1
擬人	0
擬人化	0
擬人観	2
擬人法	0
擬制	0
擬勢	0
擬声語	0
擬製	0
擬装	0
擬態	0
擬態語	0
擬斗	0
擬軟体動物	6
擬白蟻	5
擬娩	0
擬宝珠	2
擬宝珠虫	3
擬薬	0
擬螳螂	5
擬蠍	2
欺く	3
欺詐	1
欺瞞	0
欺罔	0
欺騙	0
犠牲	0
犠牲バント	4
犠牲フライ	4
犠牲者	2
犠牲打	2
犠牲的	0
犠打	1
犠飛	1
疑い	0
疑い深い	6
疑う	0
疑り	0
疑る	0
疑わしい	5
疑雲	0
疑感	1
疑義	1
疑獄	0
疑似	1
疑似コレラ	3
疑似体験	3
疑心	0
疑心暗鬼	4
疑団	0
疑点	0
疑念	0
疑問	0
疑問視	2
疑問詞	2
疑問代名詞	6
疑問点	2
疑問符	2
疑問文	2
疑陽性	2
疑惑	0
疑惧	1
疑懼	1
祇園祭	4
義	1
義援	0
義援金	0
義眼	0
義旗	1
義気	1
義義	1
義挙	1
義侠	0
義侠心	2
義金	0
義訓	0
義軍	0
義兄	1
義兄弟	2
義士	1
義姉	0
義子	1
義肢	1
義歯	1
義手	1
義塾	1
義心	1
義臣	1
義人	0
義絶	0
義戦	0
義足	0
義賊	1
義太夫	0
義太夫語り	5
義太夫節	0
義体	0
義弟	4
義認	0
義父	1
義憤	0
義兵	0
義母	1
義蜂	1
義妹	4
義民	0
義務	1
義務づける	4
義務感	2
義務教育	3
義務的	0
義務付ける	4
義勇	1
義勇軍	2
義勇兵	2
義理	2
義理堅い	4
義理合い	0
義理人情	3
義理立て	0
義烈	0
義捐	0
義捐金	0
蟻	0
蟻の塔	4
蟻の門渡り	5
蟻ほぞ	0
蟻巻	0
蟻吸	0
蟻継	2
蟻継ぎ	2
蟻蚕	0
蟻酸	0
蟻食	0
蟻食い	0
蟻走感	2
蟻地獄	3
蟻蜘蛛	0
蟻塚	0
誼	1
誼み	1
議	1
議す	1
議する	2
議案	0
議員	1
議員立法	4
議院	1
議院運営委員会	9
議院内閣制	0
議運	0
議会	1
議会主義	4
議会政治	4
議決	0
議決機関	5
議決権	3
議事	1
議事堂	0
議事日程	3
議事妨害	1
議事録	2
議場	0
議席	0
議題	0
議長	1
議定	1
議定書	4
議了	0
議論	1
議論百出	1
掬い	0
掬い取る	4
掬い出す	4
掬い上げる	5
掬い投げ	0
掬い網	0
掬う	0
掬する	3
菊	2
菊ごぼう	3
菊の節句	0
菊芋	0
菊科	0
菊花	0
菊花膾	4
菊花鱠	4
菊牛蒡	3
菊月	2
菊見	3
菊座	0
菊菜	0
菊作り	3
菊酒	2
菊襲	3
菊重	3
菊人形	3
菊石	2
菊戴	3
菊頭蝙蝠	6
菊畑	3
菊判	0
菊枕	3
菊膾	3
菊萵苣	2
菊鱠	3
鞠	2
鞠問	0
鞠躬如	3
吉	1
吉凶	0
吉原言葉	5
吉原雀	5
吉事	2
吉次	2
吉書	0
吉祥	0
吉祥天	3
吉相	0
吉丁虫	2
吉兆	0
吉徴	0
吉日	0
吉備団子	3
吉備奈仔	0
吉報	0
吉方	1
吉利支丹	3
吉例	0
吃	1
吃り	1
吃る	2
吃音	0
吃逆	1
吃驚	3
吃驚仰天	3
吃緊	0
吃水	0
吃水線	0
喫する	0
喫む	1
喫煙	0
喫煙室	3
喫煙者	3
喫煙車	3
喫煙席	3
喫驚	0
喫緊	0
喫水	0
喫水線	0
喫茶	0
喫茶店	3
喫飯	0
喫烟	0
桔梗	0
橘	2
橘月	4
橘鳥	4
詰	2
詰まらない	3
詰まる	2
詰まるところ	2
詰まる処	2
詰まる所	2
詰み	2
詰む	1
詰め	2
詰めかける	4
詰める	2
詰め開き	3
詰め掛ける	4
詰め換える	4
詰め寄る	0
詰め襟	0
詰め碁	2
詰め合せ	0
詰め合せる	5
詰め合わせ	0
詰め合わせる	5
詰め込み主義	5
詰め込む	0
詰め所	2
詰め将棋	3
詰め切る	3
詰め袖	0
詰め替える	4
詰め腹	0
詰め物	2
詰らない	3
詰る	2
詰開き	3
詰掛ける	4
詰換える	4
詰寄る	0
詰襟	0
詰合せ	0
詰合わせ	0
詰込む	0
詰所	2
詰将棋	3
詰責	0
詰切る	3
詰草	0
詰袖	0
詰替える	4
詰腹	0
詰物	2
詰問	0
砧	1
砧骨	3
砧木	0
杵	1
杵柄	0
黍	1
黍魚子	0
黍団子	3
却ける	4
却って	1
却下	1
客	0
客扱い	3
客員	0
客引き	0
客演	0
客観	0
客観主義	5
客観性	0
客観的	0
客観的観念論	9
客間	0
客寄せ	0
客気	0
客筋	0
客月	2
客語	1
客好き	0
客止め	0
客死	0
客室	0
客舎	1
客車	0
客種	0
客受け	0
客商売	3
客人	0
客星	0
客席	0
客船	0
客膳	0
客僧	0
客層	0
客足	0
客体	1
客待ち	0
客殿	0
客土	1
客冬	0
客年	0
客賓	2
客分	0
客用	0
脚	1
脚韻	0
脚下	1
脚下照顧	1
脚気	3
脚光	0
脚質	0
脚車	0
脚色	0
脚線美	3
脚注	0
脚註	0
脚長	0
脚長蜂	4
脚湯	0
脚半	0
脚付き	0
脚部	1
脚物	0
脚本	0
脚本家	0
脚立	0
脚力	2
脚榻	0
脚絆	0
虐げる	4
虐め	0
虐める	0
虐遇	0
虐殺	0
虐使	1
虐政	0
虐待	0
逆	0
逆さ	0
逆さくらげ	4
逆さま	0
逆さ海月	4
逆さ言葉	4
逆さ睫	4
逆しま	0
逆とったり	3
逆なで	0
逆ねじ	0
逆らう	3
逆コース	3
逆引	0
逆引き	0
逆運	0
逆援	0
逆縁	0
逆縁婚	3
逆回転	3
逆巻く	3
逆換	2
逆関数	3
逆境	0
逆光	0
逆光線	3
逆効果	3
逆向抑制	5
逆行	0
逆恨み	0
逆三角関数	7
逆三角形	5
逆産	0
逆算	0
逆子	0
逆児	0
逆写像	3
逆手	0
逆修	0
逆襲	0
逆順	0
逆鞘	0
逆上	0
逆上がり	3
逆上せ	0
逆上せる	0
逆上せ上がる	5
逆上る	4
逆心	0
逆臣	0
逆進税	3
逆数	3
逆性	0
逆性石鹸	5
逆接	0
逆説	0
逆説的	0
逆宣伝	3
逆相	0
逆走	0
逆賊	0
逆探知	3
逆断層	3
逆潮	0
逆調	0
逆剃り	0
逆転	0
逆転写	3
逆転勝ち	0
逆転層	3
逆点	0
逆徒	1
逆捻	0
逆波	0
逆剥け	0
逆函数	3
逆比	1
逆比例	3
逆飛び込み	3
逆撫で	0
逆風	0
逆夢	0
逆茂木	0
逆毛	0
逆戻り	3
逆輸出	3
逆輸入	3
逆様	0
逆用	0
逆落し	3
逆落とし	3
逆立ち	0
逆立つ	3
逆立てる	4
逆流	0
逆旅	1
逆鱗	0
逆浪	0
逆捩じ	0
逆睫	4
丘	0
丘疹	0
丘陵	0
久々	0
久しい	3
久しぶり	0
久し振り	0
久遠	0
久久	0
久堅	2
久慈目	0
久米歌	2
久方	0
久方ぶり	0
久方振り	0
久闊	0
久濶	0
仇	1
仇する	2
仇なす	3
仇成す	3
仇敵	0
仇討	0
仇討ち	0
仇同士	4
仇名	0
仇讎	0
休す	1
休する	3
休まる	3
休み	3
休み休み	4
休み所	4
休み茶屋	3
休む	2
休め	2
休める	3
休らい	0
休らう	3
休意	1
休演	0
休暇	0
休火山	3
休会	0
休会明け	0
休学	0
休刊	0
休刊日	3
休肝日	3
休閑	0
休閑地	3
休館	0
休館日	3
休漁	0
休業	0
休業日	3
休憩	0
休憩室	3
休憩所	0
休校	0
休耕	0
休航	0
休講	0
休載	0
休止	0
休止符	3
休出	0
休祥	0
休場	0
休職	0
休心	0
休神	0
休診	0
休錘	0
休戚	0
休戦	0
休息	0
休息時間	5
休茶屋	3
休廷	0
休電	0
休日	0
休符	0
休部	0
休眠	0
休眠芽	3
休養	0
及かず	2
及く	1
及ばず乍ら	5
及び	0
及びがたい	5
及び腰	0
及び難い	5
及ぶ	0
及ぼす	3
及第	0
及第点	3
及落	0
吸いがら	0
吸いこむ	3
吸いつく	3
吸いつける	4
吸いとる	3
吸い飲み	0
吸い殻	0
吸い寄せる	4
吸い口	0
吸い込み	0
吸い込む	3
吸い取り紙	4
吸い取る	3
吸い出す	3
吸い上げる	4
吸い付く	3
吸い付ける	4
吸い物	0
吸う	0
吸がら	0
吸引	0
吸飲	0
吸飲み	0
吸煙	0
吸音	0
吸殻	0
吸寄せる	4
吸気	1
吸血	0
吸血こうもり	5
吸血鬼	4
吸血動物	5
吸血蝙蝠	5
吸口	0
吸込み	0
吸込む	3
吸湿	0
吸湿性	0
吸取る	3
吸取紙	4
吸収	0
吸収合併	0
吸収剤	3
吸収線量	5
吸収力	3
吸出す	3
吸上げる	4
吸塵	0
吸水	0
吸水管	0
吸着	0
吸着音	4
吸虫	0
吸虫類	3
吸入	0
吸入器	3
吸盤	0
吸付く	3
吸付ける	4
吸物	0
宮	0
宮家	0
宮居	0
宮刑	0
宮古上布	4
宮号	0
宮座	0
宮参り	3
宮仕え	3
宮司	1
宮寺	1
宮室	0
宮守	0
宮城	0
宮城野萩	4
宮人	0
宮大工	3
宮地	0
宮中	1
宮中三殿	5
宮廷	0
宮殿	0
宮内官	2
宮内省	2
宮内庁	2
宮門	0
宮様	0
宮闕	0
弓	2
弓のこ	0
弓引く	2
弓掛け	3
弓鋸	0
弓形	0
弓懸	3
弓懸け	3
弓弦	1
弓師	2
弓取り式	4
弓取式	4
弓手	0
弓術	0
弓場	0
弓場始め	3
弓状	0
弓勢	0
弓箭	0
弓張	4
弓張り	4
弓張り月	4
弓張り提灯	5
弓張提灯	5
弓道	1
弓馬	1
弓筈	0
弓偏	0
弓矢	0
弓矢八幡	2
弓弭	0
弓籠手	1
急	0
急かす	2
急かせる	3
急がす	3
急がせる	4
急きたてる	4
急きょ	1
急き込む	3
急き立てる	4
急ぎ	3
急ぎ足	3
急く	1
急ぐ	2
急ごしらえ	3
急に	0
急カーブ	3
急テンポ	3
急ピッチ	3
急雨	1
急火	0
急角度	3
急患	0
急劇	0
急激	0
急減	0
急勾配	3
急行	0
急行券	3
急行列車	5
急降下	3
急告	0
急込む	3
急坂	0
急使	0
急死	0
急斜面	3
急襲	0
急峻	0
急所	0
急上昇	3
急場	0
急伸	0
急信	0
急進	0
急進主義	5
急進的	0
急進派	0
急須	0
急制度	3
急性	0
急性灰白髄炎	9
急性中毒	5
急性腹症	5
急逝	0
急切	0
急設	0
急先鋒	3
急送	0
急増	0
急造	0
急足	3
急速	0
急追	0
急停車	3
急転	0
急転直下	5
急度	0
急騰	0
急難	0
急派	1
急迫	0
急病	0
急病人	0
急風	0
急変	0
急募	1
急報	0
急務	1
急用	0
急落	0
急立てる	4
急流	0
急冷	0
急拵え	3
急遽	1
救い	0
救い主	3
救い出す	4
救い上げる	5
救う	0
救ける	3
救援	0
救援物資	5
救急	0
救急医療	5
救急救命士	7
救急車	3
救急箱	3
救急病院	5
救護	1
救護班	3
救荒	0
救荒作物	6
救国	0
救済	0
救出	0
救助	1
救助船	0
救助袋	4
救助隊	0
救助網	3
救世	0
救世軍	3
救世主	3
救難	0
救貧	0
救貧法	0
救民	0
救命	0
救命いかだ	5
救命ボート	5
救命具	3
救命艇	0
救命胴衣	5
救命筏	5
救命桴	5
救癩	0
朽ちる	2
朽ち果てる	4
朽ち木	0
朽ち葉	0
朽ち葉色	0
朽果てる	4
朽壊	0
朽廃	0
朽木	0
朽葉	0
朽葉色	0
求む	2
求め	3
求める	3
求愛	0
求縁	0
求刑	0
求婚	0
求償	0
求職	0
求心	0
求心性神経	7
求心的	0
求心力	3
求人	0
求人広告	5
求積	0
求積法	0
求仙	3
求道	1
求肥	0
求肥飴	3
汲々	0
汲みとる	3
汲み干す	3
汲み込む	3
汲み取り	0
汲み取り便所	5
汲み取る	3
汲み出す	3
汲み上げる	4
汲み置き	0
汲み入れる	0
汲み分ける	4
汲む	0
汲干す	3
汲汲	0
汲込む	3
汲取	0
汲取り	0
汲取る	3
汲取口	4
汲出す	3
汲上げる	4
汲置き	0
泣かされる	5
泣かす	0
泣かせる	0
泣き	0
泣きじゃくる	4
泣きっ面	0
泣きつく	3
泣きどころ	0
泣きぬれる	4
泣きはらす	4
泣きべそ	0
泣きぼくろ	3
泣きわめく	4
泣き喚く	4
泣き顔	0
泣き叫ぶ	4
泣き言	0
泣き黒子	3
泣き止む	3
泣き腫らす	4
泣き出す	3
泣き処	0
泣き所	0
泣き笑い	0
泣き上戸	3
泣き寝入り	0
泣き真似	0
泣き声	3
泣き虫	3
泣き沈む	4
泣き入る	3
泣き濡れる	4
泣き悲しむ	5
泣き頻る	4
泣き付く	3
泣き伏す	3
泣き別れ	0
泣き暮す	4
泣き暮らす	4
泣き崩れる	5
泣き味噌	0
泣き明かす	4
泣き明す	4
泣き面	0
泣き落し	0
泣き落す	4
泣き落とし	0
泣き落とす	4
泣き縋がる	4
泣き縋る	4
泣く	0
泣く泣く	0
泣ける	0
泣喚く	4
泣叫ぶ	4
泣腫らす	4
泣出す	3
泣笑	0
泣笑い	0
泣寝入り	0
泣訴	1
泣虫	3
泣沈む	4
泣入る	3
泣濡れる	4
泣悲しむ	5
泣付く	3
泣伏す	3
泣別れ	0
泣暮す	4
泣崩れる	5
泣明す	4
泣落し	0
泣落とし	0
泣縋がる	4
泣縋る	4
灸	0
灸治	0
灸点	0
球	1
球威	1
球宴	0
球界	0
球戯	1
球技	1
球筋	0
球菌	0
球形	0
球形嚢	3
球茎	0
球根	0
球座標	3
球種	0
球趣	1
球拾い	3
球乗り	3
球場	0
球状	0
球状星団	5
球状船首	5
球審	0
球速	0
球体	0
球団	0
球電	0
球磨焼酎	3
球面	0
球面幾何学	6
球面鏡	0
球面三角法	7
究める	3
究極	0
究明	0
究理	1
究竟	0
窮する	3
窮まりない	5
窮まり無い	5
窮まる	3
窮み	3
窮める	3
窮境	0
窮極	0
窮屈	1
窮屈袋	5
窮策	0
窮死	0
窮状	0
窮措大	3
窮鼠	1
窮地	1
窮鳥	0
窮追	0
窮迫	0
窮乏	0
窮民	0
窮余	1
窮理	1
笈	1
笈摺	1
級	1
級の木	1
級数	3
級長	0
級友	0
糾う	3
糾合	0
糾弾	0
糾明	0
糾問	0
給う	2
給する	3
給わる	3
給餌	1
給気	0
給金	1
給金相撲	5
給血	0
給源	0
給仕	1
給食	0
給水	0
給水管	0
給水車	3
給水制限	5
給水栓	0
給水船	0
給水池	3
給水塔	0
給送	0
給電	0
給電線	0
給湯	0
給排水	3
給費	0
給費生	3
給付	1
給油	0
給与	1
給与所得	4
給養	0
給料	1
給料袋	5
給料日	3
旧	1
旧い	2
旧悪	0
旧衣	1
旧怨	0
旧縁	0
旧恩	0
旧仮名遣	5
旧仮名遣い	5
旧仮名使い	5
旧家	1
旧懐	0
旧株	1
旧刊	0
旧慣	0
旧歓	0
旧観	0
旧館	0
旧規	1
旧記	1
旧誼	1
旧居	1
旧教	1
旧教徒	3
旧劇	0
旧憲法	3
旧故	1
旧交	0
旧口動物	5
旧好	0
旧稿	0
旧号	0
旧国	0
旧債	0
旧作	0
旧師	1
旧詩	0
旧事	1
旧字	0
旧字体	3
旧時	1
旧式	0
旧識	0
旧主	1
旧習	0
旧称	0
旧章	0
旧情	0
旧情報	3
旧臣	0
旧人	0
旧世界	3
旧世界猿	6
旧制	0
旧制度	3
旧姓	0
旧正月	3
旧製	0
旧石器	3
旧石器時代	6
旧石器文化	6
旧跡	0
旧蹟	0
旧説	0
旧蔵	0
旧俗	0
旧族	1
旧体制	3
旧態	0
旧態依然	0
旧大陸	3
旧宅	0
旧知	1
旧敵	0
旧典	0
旧都	1
旧土	1
旧冬	0
旧套	0
旧道	0
旧熱帯区	5
旧年	0
旧派	1
旧版	0
旧藩	0
旧盤	0
旧皮質	3
旧夫	1
旧婦	1
旧封	0
旧風	0
旧物	0
旧聞	0
旧幣	0
旧弊	0
旧法	0
旧北区	3
旧盆	0
旧幕	0
旧夢	1
旧名	0
旧約	0
旧訳	0
旧友	0
旧来	1
旧里	1
旧流	0
旧領	0
旧例	0
旧暦	0
旧址	1
旧痾	1
旧臘	0
牛	0
牛の舌	5
牛ふん	0
牛虻	0
牛飲馬食	0
牛疫	0
牛黄	0
牛屋	0
牛海老	0
牛蛙	3
牛革	0
牛割き	2
牛缶	0
牛後	1
牛殺し	3
牛脂	1
牛飼い	0
牛飼座	0
牛耳	1
牛耳る	3
牛舎	1
牛車	3
牛小屋	0
牛舌魚	5
牛追い	0
牛刀	0
牛痘	0
牛頭天王	5
牛頭馬頭	0
牛突	3
牛鍋	0
牛鍋屋	0
牛肉	0
牛肉屋	0
牛乳	0
牛乳屋	0
牛乳計	0
牛馬	1
牛飯	0
牛皮	0
牛尾魚	1
牛膝	3
牛糞	0
牛偏	0
牛歩	1
牛歩戦術	4
牛酪	0
牛裂き	0
牛丼	0
牛氈鹿	3
牛羚羊	3
牛蒡	0
牛蒡剣	0
牛蠅	2
去なす	0
去る	1
去んぬる	3
去月	1
去就	0
去勢	0
去声	0
去年	1
去来	0
去痰	0
去痰薬	2
居	1
居あわせる	4
居たたまれない	5
居た堪れない	5
居ながらにして	0
居る	1
居間	2
居曲	0
居候	4
居合	0
居合い	0
居合い抜き	0
居合せる	4
居合わせる	4
居合抜	0
居合抜き	0
居座り	0
居座る	3
居催促	2
居在	0
居残り	0
居残る	3
居士	1
居室	0
居酒や	0
居酒屋	0
居住	0
居住い	2
居住まい	2
居住権	2
居住者	2
居住水準	4
居住性	0
居住地	2
居処	1
居所	1
居丈高	0
居城	0
居場所	0
居常	0
居食い	0
居心地	0
居据わる	3
居然	0
居待ち	0
居宅	0
居着く	2
居中調停	4
居直り強盗	5
居直る	3
居乍ら	0
居抜き	0
居反り	0
居敷	1
居並ぶ	3
居眠り	3
居木	1
居留	0
居留守	0
居留地	2
居留民	2
居炉裏	0
巨いなる	1
巨かい	0
巨なる	1
巨悪	0
巨億	1
巨魁	0
巨額	0
巨漢	0
巨艦	0
巨岩	0
巨躯	1
巨鯨	0
巨根	0
巨細	0
巨材	0
巨財	0
巨視的	0
巨資	1
巨樹	1
巨獣	0
巨匠	0
巨商	0
巨松	0
巨象	0
巨人	0
巨星	0
巨石	0
巨石記念物	5
巨船	0
巨像	0
巨体	0
巨大	0
巨大地震	4
巨大分子	4
巨弾	0
巨塔	0
巨頭	0
巨頭鯨	5
巨舶	0
巨費	1
巨富	1
巨篇	0
巨編	0
巨歩	1
巨峰	0
巨砲	0
巨万	0
巨木	0
巨利	1
巨刹	0
巨嘴鳥座	0
巨擘	0
拒ぎ	3
拒ぐ	2
拒む	2
拒止	1
拒食	0
拒食症	0
拒絶	0
拒絶反応	4
拒否	1
拒否権	2
拒否反応	3
拠	0
拠ない	6
拠り所	0
拠る	0
拠ん所ない	6
拠ん所無い	6
拠金	0
拠守	1
拠出	0
拠所	0
拠所ない	6
拠点	0
拠無い	6
挙がる	0
挙げて	0
挙げる	0
挙げ句	0
挙げ足	0
挙げ足取り	4
挙って	2
挙る	2
挙句	0
挙行	0
挙国	1
挙国一致	1
挙止	1
挙式	0
挙手	1
挙証	0
挙措	1
挙足	0
挙党	0
挙動	0
挙尾虫	4
挙兵	0
挙用	0
渠魁	0
虚	1
虚々実々	1
虚け	0
虚ける	3
虚しい	3
虚ろ	0
虚位	1
虚栄	0
虚栄心	2
虚仮	2
虚仮威し	0
虚仮猿	0
虚学	0
虚偽	1
虚偽表示	3
虚虚実実	1
虚業	0
虚空	0
虚空蔵菩薩	6
虚血	0
虚血性心疾患	8
虚言	0
虚言症	0
虚語	1
虚構	0
虚根	0
虚字	1
虚辞	1
虚式	0
虚実	1
虚実皮膜	1
虚弱	0
虚弱児	3
虚舟	0
虚飾	0
虚心	0
虚心坦懐	0
虚心平気	0
虚数	2
虚数単位	4
虚勢	0
虚説	0
虚像	0
虚脱	0
虚誕	0
虚伝	0
虚聞	0
虚報	0
虚無	1
虚無主義	3
虚無僧	0
虚無的	0
虚無党	0
虚名	0
虚妄	0
虚礼	0
許	1
許し	3
許す	2
許可	1
許可書	2
許可証	2
許嫁	0
許婚	0
許状	0
許諾	0
許認可	2
許否	1
許容	0
許容線量	4
許容量	2
距	1
距たる	3
距てる	3
距骨	0
距爪	0
距離	1
距離空間	3
距離計	0
距離標	0
鋸	3
鋸引き	0
鋸屋根	5
鋸鎌	4
鋸屑	1
鋸鍬形虫	5
鋸鮫	4
鋸歯	1
鋸草	0
鋸挽き	0
鋸盤	0
漁	1
漁する	2
漁り	0
漁り火	3
漁り猫	5
漁る	0
漁家	1
漁火	1
漁獲	0
漁獲高	2
漁獲量	3
漁期	1
漁協	0
漁業	1
漁業協定	4
漁業協同組合	8
漁業権	2
漁業者	2
漁業水域	4
漁業専管水域	8
漁区	1
漁具	1
漁港	0
漁史	1
漁師	1
漁舟	0
漁礁	0
漁場	0
漁色	0
漁船	0
漁船員	2
漁村	0
漁夫	1
漁夫の利	1
漁法	0
漁民	0
漁網	0
漁猟	0
漁労	0
漁撈	0
禦ぎ	3
禦ぐ	2
魚	0
魚すき	2
魚つり	2
魚の目	0
魚みそ	0
魚影	0
魚屋	0
魚河岸	0
魚介	0
魚介類	2
魚貝	0
魚貝類	2
魚眼	0
魚眼レンズ	4
魚眼石	2
魚狗	0
魚群	0
魚群探知機	6
魚形	0
魚綱	0
魚座	0
魚市場	3
魚鋤	2
魚礁	0
魚醤	0
魚信	0
魚心	3
魚精	0
魚族	1
魚体	0
魚拓	0
魚鳥	0
魚釣	2
魚釣り	2
魚梯	0
魚田	0
魚灯	0
魚道	0
魚肉	0
魚粕	0
魚板	0
魚肥	1
魚腹	0
魚粉	0
魚偏	0
魚味噌	0
魚網	0
魚油	0
魚雷	0
魚雷艇	0
魚竜	0
魚鱗	0
魚鱗癬	2
魚類	1
魚滓	0
魚籠	1
魚翅	1
亨運	0
亨通	0
享く	0
享ける	2
享楽	0
享楽主義	5
享楽的	0
享持	1
享受	1
享年	0
享保	0
享保尺	3
享有	0
京	1
京ことば	3
京芋	0
京華	1
京官	0
京間	0
京形	0
京劇	0
京言葉	3
京胡	1
京菜	0
京坂	1
京阪	1
京阪神	3
京師	1
京紫	4
京詞	3
京女	3
京女鷸	4
京人	0
京人形	3
京地	1
京都	1
京童	3
京浜	0
京舞	0
京風	0
京物	0
京方	0
京葉	0
京洛	0
供	1
供え	3
供える	3
供え物	0
供え餅	3
供え餠	3
供す	1
供する	3
供に	0
供宴	0
供応	0
供花	1
供華	1
供回り	3
供廻り	3
供犠	1
供給	0
供給源	3
供給者	3
供血	0
供御	1
供祭	0
供出	0
供述	0
供述書	5
供進	0
供人	2
供僧	0
供揃い	3
供待ち	0
供託	0
供託金	0
供託物	4
供物	1
供米	0
供奉	1
供奉僧	2
供与	1
供用	0
供養	1
供養塔	0
供覧	0
侠	1
侠気	1
侠客	0
侠骨	0
侠女	1
侠勇	0
兇	1
兇悪	0
兇漢	0
兇器	1
兇具	1
兇行	0
兇手	1
兇状	3
兇状持ち	3
兇刃	0
兇賊	0
兇弾	0
兇徒	1
兇変	0
兇暴	0
兇猛	0
競	2
競い合う	4
競い肌	3
競う	2
競べ	0
競べる	0
競り	2
競り合い	0
競り合う	3
競り市	2
競り勝つ	0
競り上げる	0
競り場	3
競り売り	0
競り落す	4
競り落とす	4
競る	1
競映	0
競泳	0
競演	0
競技	1
競技会	3
競技場	0
競合	0
競合い	0
競合う	3
競作	0
競市	2
競勝つ	3
競上げる	0
競場	3
競漕	0
競争	0
競争価格	5
競争心	3
競争入札	5
競争馬	3
競争売買	5
競争率	3
競争力	3
競走	0
競走馬	3
競艇	0
競馬	0
競馬場	0
競売	0
競売り	0
競歩	1
競輪	0
競輪場	0
共	0
共々	2
共に	0
共営	0
共栄	0
共益	0
共益費	4
共演	0
共稼ぎ	0
共学	0
共学制	0
共感	0
共感覚	3
共起	1
共共	2
共襟	0
共形	0
共催	0
共済	0
共済組合	5
共在	0
共産	0
共産圏	3
共産主義	5
共産党	0
共時言語学	6
共時的	0
共修	0
共助	1
共晶	0
共色	0
共食い	0
共寝	0
共振	0
共進化	0
共進会	3
共棲	0
共生	0
共切れ	0
共存	0
共存共栄	0
共著	1
共聴	0
共通	0
共通一次試験	9
共通因数	5
共通感覚	5
共通語	0
共通項	3
共通集合	5
共通点	3
共倒れ	0
共闘	0
共働	0
共働き	3
共同	0
共同一致	5
共同海損	5
共同管理	5
共同企業体	0
共同経営	5
共同溝	3
共同支配	5
共同社会	5
共同出資	5
共同親権	5
共同正犯	5
共同声明	5
共同絶交	5
共同宣言	5
共同戦線	5
共同栓	0
共同線	0
共同疎開	5
共同祖界	5
共同租界	5
共同組合	5
共同相続	5
共同体	0
共同不法行為	8
共同便所	5
共同保険	5
共同募金	5
共同墓地	5
共同謀議	5
共同浴場	5
共白髪	3
共犯	0
共犯者	3
共布	0
共編	0
共謀	0
共謀共同正犯	9
共鳴	0
共鳴り	0
共鳴器	3
共役	0
共役角	4
共役二重結合	8
共訳	0
共有	0
共有結合	5
共有財産	5
共有地	3
共有物	3
共用	0
共用部分	5
共裏	0
共立	0
共和	0
共和国	3
共和制	0
共和政	0
共和政治	4
共和党	0
共軛	0
凶	1
凶悪	0
凶音	0
凶漢	0
凶器	1
凶器準備集合罪	9
凶具	1
凶荒	0
凶行	0
凶歳	0
凶作	0
凶事	1
凶手	1
凶状	0
凶状持ち	3
凶刃	0
凶相	0
凶賊	0
凶弾	0
凶兆	0
凶徒	1
凶党	0
凶日	0
凶年	0
凶聞	0
凶変	0
凶報	0
凶暴	0
凶夢	1
凶猛	0
凶歉	0
協会	0
協議	1
協議会	3
協議離婚	4
協業	0
協賛	0
協治	1
協商	0
協心	0
協奏曲	3
協調	0
協調介入	5
協調性	0
協定	0
協定世界時	6
協働	0
協同	0
協同戦線	5
協同組合	5
協同体	0
協約	0
協約書	0
協力	0
協力者	3
協和	0
協和音	3
匡救	0
匡正	0
卿	1
卿雲	0
叫く	2
叫び	3
叫び声	4
叫ぶ	2
叫喚	0
叫号	0
喬木	0
境	2
境する	2
境域	0
境界	0
境界線	0
境涯	0
境遇	0
境地	1
境内	1
境目	4
峡	0
峡間	0
峡谷	0
峡部	1
峡湾	0
強	1
強い	2
強いて	1
強いる	2
強い肴	3
強か	0
強か者	0
強がり	3
強がる	3
強さ	1
強じん	0
強ち	0
強って	1
強ばる	3
強まる	3
強み	3
強める	3
強圧	0
強意	1
強意見	3
強引	0
強淫	0
強雨	1
強運	0
強塩基	3
強音	0
強化	1
強化ガラス	4
強化合宿	4
強化食品	4
強化米	0
強火	0
強姦	0
強姦罪	3
強含み	3
強気	0
強気筋	3
強記	1
強弓	0
強健	0
強権	0
強肩	0
強固	1
強硬	0
強硬軍	3
強硬策	3
強硬派	0
強行	0
強行軍	3
強剛	0
強豪	0
強国	0
強腰	0
強酸	0
強持て	0
強者	1
強弱	1
強弱アクセント	5
強弱記号	5
強取	1
強襲	0
強縮	0
強将	0
強情	0
強心剤	3
強振	0
強震	0
強靭	0
強制	0
強制わいせつ罪	8
強制執行	5
強制収容所	0
強制処分	5
強制疎開	5
強制送還	5
強制的	0
強制保険	5
強制力	3
強制労働	5
強制猥褻罪	8
強勢	0
強盛	0
強精剤	3
強請	0
強請り	0
強請り取る	4
強請る	2
強訴	1
強壮	0
強壮剤	3
強打	1
強打者	3
強大	0
強奪	0
強談	0
強談判	3
強張る	3
強調	0
強直	0
強敵	0
強的	0
強電	0
強度	1
強盗	0
強盗罪	3
強盗返し	5
強突く張り	0
強突張り	0
強拍	0
強迫	0
強迫観念	5
強迫神経症	0
強飯	0
強風	0
強風注意報	7
強兵	0
強弁	0
強暴	0
強膜	1
強膜炎	4
強慢	0
強味	3
強綿薬	3
強面	0
強要	0
強慾	0
強欲	0
強力	0
強力犯	4
強力粉	0
強烈	0
怯え	0
怯える	0
怯む	2
怯弱	0
怯懦	1
恐	1
恐々	3
恐々謹言	0
恐い	2
恐がり	3
恐がる	3
恐らく	2
恐らくは	2
恐る	2
恐るべき	4
恐る恐る	4
恐れ	3
恐れおののく	6
恐れながら	4
恐れる	3
恐れ気	0
恐れ戦く	6
恐れ多い	4
恐れ乍ら	4
恐れ入る	2
恐ろしい	4
恐悦	0
恐喝	0
恐喝罪	4
恐恐	0
恐恐謹言	0
恐慌	0
恐妻	0
恐妻家	0
恐察	0
恐持て	0
恐縮	0
恐水病	0
恐鳥	0
恐怖	1
恐怖症	3
恐怖心	3
恐怖政治	4
恐面	0
恐竜	0
恐龍	0
恐悚	0
恐惶謹言	0
恐惶敬白	0
恐懼	1
恭しい	5
恭悦	0
恭賀	1
恭賀新年	4
恭敬	0
恭倹	0
恭謙	0
恭順	0
挟まる	3
挟み撃ち	3
挟み込む	4
挟み将棋	4
挟み切る	4
挟み打ち	3
挟み虫	3
挟む	2
挟撃	0
挟殺	0
挟侍	1
挟書	1
教え	0
教えさとす	5
教える	0
教え込む	4
教え子	0
教え諭す	5
教べん	0
教わる	0
教案	0
教委	1
教育	0
教育ママ	5
教育委員会	6
教育家	0
教育課程	5
教育学	4
教育学部	5
教育漢字	5
教育基本法	0
教育行政	5
教育実習	5
教育者	4
教育心理学	7
教育総監部	7
教育長	4
教育的	0
教員	0
教王	0
教化	1
教科	1
教科外活動	6
教科書	3
教科書体	0
教科用図書	6
教会	0
教会音楽	5
教会史	3
教会旋法	5
教会堂	0
教会法	3
教会暦	3
教戒	0
教戒師	3
教外別伝	1
教学	0
教官	0
教義	1
教区	1
教具	1
教訓	0
教権	0
教護	1
教護院	3
教皇	3
教皇庁	3
教唆	1
教唆犯	3
教材	0
教師	1
教示	0
教室	0
教主	1
教授	0
教授会	3
教習	0
教習所	0
教書	1
教場	0
教条	0
教条主義	5
教職	0
教職員	4
教職課程	5
教生	0
教籍	0
教祖	1
教相判釈	5
教則	0
教則本	0
教卓	0
教団	0
教壇	0
教程	0
教典	0
教徒	1
教頭	0
教導	0
教派	1
教派神道	4
教範	0
教父	1
教父学	3
教父哲学	5
教部省	3
教鞭	0
教母	1
教法	0
教本	0
教務	1
教務課	0
教門	0
教諭	0
教養	0
教養学部	5
教養小説	5
教養部	3
教理	1
教練	1
教喩	0
教誨	0
教誨師	3
教誡	0
橋	2
橋がかり	3
橋げた	0
橋架	1
橋架け	3
橋掛	3
橋掛かり	3
橋掛り	3
橋脚	0
橋桁	0
橋懸	3
橋懸かり	3
橋懸り	3
橋杭	0
橋台	0
橋渡し	3
橋頭保	3
橋頭堡	3
橋板	0
橋畔	0
橋本病	0
橋梁	0
橋杙	0
況して	1
況してや	1
況や	2
況んや	2
狂い	2
狂い花	2
狂い咲き	0
狂い死に	0
狂う	2
狂おしい	4
狂しい	4
狂する	3
狂れる	0
狂わす	3
狂わせる	4
狂歌	1
狂喜	1
狂気	1
狂牛病	0
狂句	1
狂犬	0
狂犬病	0
狂言	3
狂言回し	5
狂言廻し	5
狂言座	0
狂言作者	5
狂言師	3
狂言方	0
狂言綺語	5
狂死	0
狂詩	0
狂詩曲	3
狂者	1
狂女	1
狂信	0
狂信的	0
狂人	0
狂想曲	3
狂騒	0
狂態	0
狂的	0
狂熱	0
狂風	0
狂文	0
狂暴	0
狂奔	0
狂乱	0
狂悖	0
狂瀾	0
狂瀾怒涛	0
狂躁	0
狭い	2
狭き門	1
狭し	2
狭まる	3
狭める	3
狭域	0
狭間	0
狭軌	1
狭義	1
狭苦しい	5
狭窄	0
狭小	0
狭心症	0
狭鼻猿類	4
狭霧	0
狭量	0
狭隘	0
矯めつ眇めつ	1
矯めなおす	4
矯める	2
矯め直す	4
矯激	0
矯飾	0
矯正	0
矯正視力	5
矯風	0
矯味剤	3
胸	2
胸あて	0
胸ぐら	0
胸さわぎ	3
胸びれ	0
胸もと	0
胸やけ	0
胸悪	0
胸囲	1
胸泳	0
胸奥	0
胸臆	0
胸回り	3
胸懐	0
胸郭	0
胸掛	0
胸管	0
胸間	0
胸許	0
胸筋	0
胸襟	0
胸苦しい	5
胸繋	0
胸懸	0
胸元	0
胸甲	0
胸腔	0
胸高	0
胸黒	0
胸骨	1
胸座	0
胸三寸	3
胸算用	3
胸灼け	2
胸焼け	0
胸章	0
胸飾り	3
胸水	0
胸声	0
胸積もり	3
胸先	0
胸腺	0
胸倉	0
胸騒ぎ	3
胸像	0
胸中	1
胸椎	1
胸痛	0
胸底	0
胸当	4
胸当て	4
胸突き八丁	5
胸突八丁	5
胸板	0
胸紐	0
胸鰭	0
胸部	1
胸部大動脈	6
胸幅	2
胸糞	0
胸壁	0
胸膜	1
胸膜炎	4
胸毛	0
胸裏	1
脅え	0
脅える	0
脅かし	0
脅かす	0
脅し	0
脅しつける	5
脅し取る	4
脅し付ける	5
脅し文句	4
脅す	0
脅やかす	4
脅威	1
脅嚇	0
脅喝	0
脅迫	0
脅迫罪	4
脅迫状	0
興	0
興がる	3
興ざめ	0
興じる	0
興す	2
興ずる	0
興る	2
興亜	1
興覚め	0
興起	1
興業	0
興銀	0
興行	0
興行化	0
興行界	3
興行権	3
興行師	3
興行主	3
興国	0
興趣	1
興信所	0
興信録	3
興醒し	3
興醒まし	3
興醒め	0
興醒める	4
興廃	0
興敗	0
興奮	0
興奮剤	3
興奮性細胞	7
興亡	0
興味	1
興味しんしん	1
興味深い	5
興味津々	1
興味津津	1
興味本位	4
興隆	0
興冷め	0
蕎麦	1
蕎麦がき	2
蕎麦ボーロ	3
蕎麦屋	2
蕎麦殻	0
蕎麦切	2
蕎麦切り	2
蕎麦掻	2
蕎麦掻き	2
蕎麦湯	2
蕎麦粉	3
蕎麦滓	3
郷	1
郷学	0
郷関	0
郷国	0
郷士	1
郷社	1
郷愁	0
郷俗	0
郷村	0
郷鎮企業	5
郷土	1
郷土玩具	4
郷土芸能	4
郷土史	3
郷土色	3
郷土食	3
郷土文学	4
郷土料理	4
郷党	0
郷友	0
郷邑	0
郷里	1
郷里制	0
鏡	3
鏡の間	0
鏡ノ間	0
鏡映	0
鏡映文字	5
鏡花水月	1
鏡開き	4
鏡貝	3
鏡割	0
鏡割り	0
鏡鑑	0
鏡像	0
鏡台	0
鏡板	4
鏡文字	4
鏡磨ぎ	3
鏡面	0
鏡餅	3
鏡匣	0
鏡餠	3
響	3
響かす	3
響かせる	4
響き	3
響きわたる	5
響き渡る	5
響く	2
響めき	0
響めく	3
響岩	0
響笛	0
響動めき	0
響動めく	3
響銅	0
饗	1
饗する	3
饗宴	0
饗応	0
驚かす	4
驚がく	0
驚き	0
驚き入る	5
驚く	3
驚異	1
驚異的	0
驚喜	1
驚嘆	0
驚歎	0
驚天動地	5
驚倒	0
驚愕	0
驚駭	0
仰々しい	5
仰々子	3
仰ぎ見る	4
仰ぐ	2
仰けぞる	3
仰け反る	3
仰しゃる	3
仰せ	0
仰せつかる	5
仰せつける	5
仰せられる	5
仰せ付かる	5
仰せ付ける	5
仰っしゃる	3
仰のく	3
仰のける	4
仰むく	3
仰る	3
仰臥	1
仰角	0
仰仰しい	5
仰仰子	3
仰見る	4
仰向く	3
仰向け	0
仰向ける	4
仰山	3
仰視	1
仰天	0
仰反る	3
仰望	0
仰有る	3
凝	0
凝める	0
凝らす	2
凝り	0
凝り屋	2
凝り固まる	5
凝り性	2
凝る	1
凝塊	0
凝灰岩	3
凝議	1
凝結	0
凝血	0
凝固	1
凝固まり	0
凝固点	3
凝脂	1
凝視	1
凝集	0
凝集原	3
凝集素	3
凝集力	3
凝縮	0
凝然	0
凝滞	0
凝着	0
凝念	0
凝望	0
凝立	0
凝聚	0
尭尭	0
暁	0
暁闇	4
暁角	0
暁光	0
暁新世	3
暁星	0
暁天	0
暁鴉	1
業	1
業わい	0
業因	0
業果	1
業火	1
業界	0
業界紙	3
業界標準	5
業況	0
業苦	1
業師	2
業者	1
業種	0
業種別	0
業績	0
業績主義	5
業態	0
業突く張り	0
業突張り	0
業病	0
業腹	0
業物	0
業報	0
業法	0
業務	1
業務上過失	6
業務用	0
局	1
局員	2
局外	2
局外者	3
局外中立	5
局限	0
局在	0
局紙	1
局舎	0
局所	1
局所麻酔	4
局女郎	4
局地	1
局地戦争	4
局地的	0
局地風	0
局長	0
局番	0
局部	1
局部的	0
局部麻酔	4
局報	0
局面	0
局留め	0
曲	0
曲々	0
曲々しい	5
曲がり	0
曲がりかど	0
曲がりくねる	5
曲がりなりにも	6
曲がり角	4
曲がり金	3
曲がり尺	3
曲がり道	3
曲がり目	0
曲がり路	3
曲がる	0
曲が曲がしい	5
曲げ	0
曲げる	0
曲げモーメント	3
曲げ物	0
曲りくねる	5
曲り角	4
曲り金	3
曲り形にも	6
曲り尺	3
曲り目	0
曲る	0
曲飲み	0
曲浦	1
曲解	0
曲学	0
曲学阿世	5
曲技	1
曲曲	0
曲曲しい	5
曲玉	0
曲芸	0
曲芸師	3
曲事	1
曲射	0
曲射砲	0
曲者	0
曲尺	0
曲乗り	0
曲水	0
曲折	0
曲節	0
曲説	0
曲線	0
曲線美	3
曲想	0
曲弾	0
曲弾き	0
曲調	0
曲直	0
曲度	1
曲刀	0
曲独楽	0
曲馬	0
曲馬師	3
曲馬団	3
曲庇	1
曲筆	0
曲譜	0
曲舞	2
曲物	0
曲面	3
曲目	0
曲用	0
曲率	0
曲流	0
曲輪	0
曲路	1
曲論	0
極	1
極々	1
極まり	0
極まりない	5
極まり悪い	5
極まり無い	5
極まる	3
極み	3
極め	0
極めつき	0
極めつけ	0
極めて	2
極める	3
極め込み	0
極め込む	3
極め手	0
極め出し	0
極め所	0
極め書	0
極め書き	0
極め尽くす	5
極め倒し	0
極め付き	0
極め付け	0
極り	0
極り手	0
極る	0
極悪	0
極悪人	4
極悪非道	0
極意	1
極印	0
極右	1
極渦	1
極楽	0
極楽往生	5
極楽浄土	5
極楽鳥	0
極楽鳥花	5
極楽蜻蛉	5
極冠	0
極寒	0
極距離	3
極極	0
極刑	0
極月	2
極言	0
極限	0
極限作業ロボット	8
極光	1
極込	0
極左	1
極座標	3
極彩色	3
極細	0
極暑	1
極書	0
極書き	0
極小	0
極上	0
極性	0
極盛	0
極製	0
極線	0
極前線	3
極相	0
極太	0
極体	0
極大	0
極端	3
極地	1
極致	1
極超短波	5
極低温	3
極点	0
極度	1
極東	0
極道	2
極道者	0
極内	2
極熱	0
極板	0
極秘	0
極微	1
極貧	0
極偏東風	5
極北	0
極味	1
極洋	0
極流	0
極量	0
極力	2
極論	0
極鰺刺	3
玉	2
玉ぐし	2
玉ぐし料	4
玉ねぎ	3
玉のこし	0
玉の汗	4
玉の緒	3
玉の肌	4
玉の膚	4
玉の輿	0
玉みそ	0
玉レタス	3
玉瑛	0
玉押金亀子	5
玉屋	2
玉音	0
玉貝	2
玉垣	2
玉顔	0
玉響	0
玉筋魚	0
玉串	2
玉串料	4
玉結び	3
玉稿	0
玉鋼	3
玉砂利	0
玉座	0
玉砕	0
玉菜	2
玉算	2
玉子	2
玉子とじ	3
玉子焼	0
玉子焼き	0
玉子綴じ	3
玉子丼	4
玉璽	1
玉鴫	0
玉手箱	3
玉将	0
玉樟	2
玉章	1
玉乗り	3
玉飾り	3
玉垂れ	0
玉髄	0
玉整理	3
玉石	0
玉石混交	0
玉石混淆	0
玉藻	0
玉体	0
玉代	0
玉虫	2
玉虫色	0
玉殿	0
玉兎	1
玉突	2
玉突き	2
玉入れ	3
玉葱	3
玉杯	0
玉偏	1
玉繭	2
玉味噌	0
玉門	0
玉留め	0
玉露	1
玉摧	0
玉箒	3
玉籤	2
玉蜀黍	3
桐	0
桐一葉	4
桐畑	3
桐油	0
粁	3
僅々	0
僅か	1
僅かに	1
僅僅	0
僅差	1
僅少	0
勤しむ	3
勤まる	3
勤め	3
勤める	3
勤め帰り	4
勤め気	3
勤め口	0
勤め向き	0
勤め上げる	0
勤め振り	0
勤め人	0
勤め先	0
勤め奉公	4
勤王	0
勤王家	0
勤王攘夷	5
勤学	0
勤求	1
勤苦	1
勤倹	0
勤皇	0
勤皇家	0
勤皇攘夷	5
勤行	0
勤続	0
勤続者	3
勤惰	1
勤怠	0
勤番	0
勤勉	0
勤勉家	0
勤務	1
勤務時間	4
勤務先	0
勤務地手当て	5
勤務評定	4
勤労	0
勤労階級	5
勤労感謝の日	5
勤労者	3
勤労所得	5
勤労奉仕	5
均し	1
均しい	3
均しく	2
均す	2
均一	0
均一料金	5
均衡	0
均衡予算	5
均質	0
均整	0
均斉	0
均田制	0
均等	0
均等割	0
均等割り	0
均分	0
巾	1
巾着	3
巾着切り	4
巾着草	0
巾偏	0
巾木	0
巾零	0
錦	1
錦花鳥	0
錦華鳥	0
錦絵	3
錦旗	1
錦鶏	0
錦鯉	3
錦紗	1
錦紗縮緬	4
錦蛇	4
錦秋	0
錦繍	0
錦上	0
錦地	1
錦木	3
斤	1
斤目	3
斤量	0
欣々然	5
欣ぶ	3
欣悦	0
欣快	0
欣懐	0
欣喜	1
欣喜雀躍	1
欣求	1
欣求浄土	4
欣欣然	5
欣然	0
欽定	0
欽定憲法	5
欽慕	1
琴	1
琴曲	1
琴座	0
琴線	0
琴柱	0
琴鳥	2
琴爪	0
琴瑟	0
禁	1
禁じえない	4
禁じる	0
禁じ手	0
禁じ得ない	4
禁ずる	0
禁め	0
禁める	3
禁圧	0
禁衛	0
禁煙	0
禁忌	1
禁漁	1
禁漁期	3
禁漁区	3
禁教	0
禁句	0
禁固	1
禁獄	0
禁札	0
禁止	0
禁止法	0
禁治産	3
禁治産者	4
禁手	0
禁酒	0
禁酒法	0
禁呪	1
禁書	1
禁色	0
禁制	0
禁制原理	5
禁制品	0
禁則	0
禁則処理	5
禁足	0
禁帯出	3
禁断	0
禁断症状	5
禁中	1
禁鳥	0
禁転載	1
禁反言	3
禁物	0
禁野	1
禁輸	0
禁慾	0
禁欲	0
禁欲主義	5
禁欲生活	5
禁欲的	0
禁裏	1
禁裏様	1
禁裡	1
禁猟	0
禁猟期	3
禁猟区	3
禁令	0
禁烟	0
禁遏	0
禁錮	1
禽舎	1
禽獣	0
禽鳥	0
禽類	1
筋	1
筋ジストロフィー	1
筋萎縮	3
筋萎縮症	1
筋萎縮性側索硬化症	1
筋違い	2
筋雲	0
筋炎	1
筋蒲鉾	3
筋金	0
筋金入り	0
筋交い	2
筋向い	3
筋向う	3
筋向かい	3
筋向こう	3
筋合	0
筋合い	0
筋骨	1
筋子	3
筋腫	0
筋書	0
筋書き	0
筋注	0
筋張る	3
筋電図	3
筋道	2
筋肉	1
筋肉細胞	5
筋肉質	4
筋肉組織	5
筋肉注射	5
筋肉痛	0
筋肉労働	5
筋板	0
筋膜	1
筋無力症	1
筋目	3
筋立て	0
筋力	1
緊々	1
緊と	1
緊急	0
緊急事態	5
緊急集会	5
緊急措置	5
緊急逮捕	5
緊急動議	5
緊急発進	5
緊急避難	5
緊急炉心冷却装置	0
緊緊	1
緊縮	0
緊縮財政	5
緊縮政策	5
緊切	0
緊張	0
緊張緩和	5
緊張病	0
緊迫	0
緊迫感	3
緊縛	0
緊密	0
緊要	0
緊褌	0
緊褌一番	6
芹	2
芹科	0
菌	1
菌核	0
菌学	0
菌株	1
菌環	0
菌血症	0
菌糸	1
菌種	0
菌体	0
菌毒	1
菌輪	0
菌類	1
衿	2
衿下	0
衿元	0
衿芯	0
衿先	0
衿足	0
衿裏	0
襟	2
襟ぐり	0
襟つき	0
襟回り	3
襟懐	0
襟巻	2
襟巻き	2
襟巻き蜥蜴	5
襟巻蜥蜴	5
襟換え	0
襟元	0
襟腰	0
襟首	2
襟章	0
襟飾り	3
襟先	0
襟足	0
襟替え	0
襟度	1
襟白粉	3
襟髪	0
襟付	0
襟付き	0
襟刳り	0
謹み	0
謹む	3
謹んで	3
謹賀	1
謹賀新年	4
謹啓	0
謹厳	0
謹厳実直	0
謹言	0
謹告	0
謹書	1
謹慎	0
謹製	0
謹選	0
謹聴	0
謹勅	0
謹直	0
謹呈	0
謹話	0
謹飭	0
近々	2
近い	2
近く	2
近ごろ	2
近しい	3
近ぢか	2
近づき	0
近づく	3
近づける	4
近め	0
近よる	3
近位	1
近医	1
近因	0
近影	0
近衛	0
近衛師団	4
近衛兵	3
近詠	0
近縁	0
近縁種	3
近火	1
近回り	3
近海	0
近海漁業	5
近海魚	3
近海物	0
近刊	0
近間	2
近眼	0
近眼鏡	0
近寄せる	4
近寄る	3
近畿	1
近畿地方	4
近距離	3
近況	0
近郷	0
近業	0
近近	0
近景	0
近県	0
近古	1
近交系	0
近郊	0
近郊農業	5
近国	1
近頃	2
近在	0
近作	0
近視	0
近視眼	0
近視眼的	0
近事	1
近似	0
近似貨幣	4
近似計算	4
近似値	3
近侍	1
近時	1
近習	0
近所	1
近所合壁	1
近所迷惑	4
近称	0
近場	0
近情	0
近状	0
近臣	0
近親	0
近親結婚	5
近親婚	3
近親者	3
近親相姦	0
近世	1
近世語	0
近世文学	5
近赤外線	0
近接	0
近接学	4
近村	0
近体	0
近代	1
近代音楽	5
近代化	0
近代科学	5
近代劇	3
近代五種競技	7
近代国家	5
近代史	3
近代詩	3
近代主義	5
近代人	3
近代的	0
近代文学	5
近地点	3
近着	0
近著	1
近鉄	0
近点	1
近点月	3
近点年	3
近点離角	5
近東	0
近道	2
近日	1
近日点	4
近日点距離	7
近年	1
近付き	0
近付く	3
近付ける	4
近辺	1
近傍	0
近未来	3
近目	2
近来	1
近隣	0
近路	2
金	0
金ずく	0
金ずくで	0
金づち	3
金づる	0
金ぱく	0
金ぴか	0
金ぷら	0
金めっき	3
金もうけ	3
金ペン	0
金ボタン	3
金メダル	3
金モール	3
金位	1
金為替	3
金一封	1
金印	0
金員	0
金隠し	3
金烏	1
金烏玉兎	1
金運	0
金雲母	3
金円	0
金縁	0
金襖子	4
金科玉条	1
金花虫	0
金貨	1
金貨準備	4
金解禁	1
金回り	3
金塊	0
金塊相場	5
金額	0
金冠	0
金柑	3
金環	0
金環食	3
金環蝕	3
金看板	3
金管	0
金管楽器	5
金眼	3
金眼鯛	3
金器	1
金気	0
金亀子	3
金橘	3
金詰まり	0
金詰り	0
金牛宮	0
金鋸	3
金魚	1
金魚屋	0
金魚掬い	4
金魚草	0
金魚藻	3
金魚売り	3
金魚鉢	3
金玉	1
金巾	2
金筋	0
金銀	1
金具	0
金串	0
金屑	3
金轡	3
金繰り	0
金型	0
金欠	0
金欠病	0
金穴	0
金券	0
金券ショップ	5
金権	0
金権政治	5
金遣い	3
金言	0
金庫	1
金庫株	3
金庫破り	4
金口	0
金口木舌	0
金坑	0
金工	0
金紅石	3
金鉱	0
金高	0
金剛	1
金剛界	3
金剛界曼荼羅	7
金剛杵	3
金剛経	0
金剛砂	3
金剛桜	5
金剛手	3
金剛杖	5
金剛心	3
金剛石	3
金剛不壊	5
金剛夜叉	5
金剛薬叉	5
金剛力	3
金剛力士	5
金剛鈴	3
金剛鸚哥	5
金黒羽白	5
金婚	0
金婚式	3
金砂	1
金鎖	3
金座	0
金彩	0
金作り	3
金策	0
金錆	0
金山	0
金使い	3
金子	0
金市場	3
金枝玉葉	1
金糸	1
金糸雀	3
金糸梅	3
金歯	1
金字	1
金字塔	0
金持	3
金持ち	3
金時	1
金時計	3
金時鯛	4
金時豆	4
金漆	0
金紗	1
金紗縮緬	4
金蛇	0
金杓子	3
金主	0
金臭い	4
金準備	3
金将	0
金床	0
金賞	0
金城	0
金城鉄壁	0
金城湯池	5
金色	0
金色堂	0
金食い	3
金食い虫	3
金神	0
金針	0
金尽く	0
金尽くで	0
金水引	4
金雀枝	0
金雀児	0
金性	0
金星	1
金製	0
金石	0
金石学	4
金石文	4
金石併用時代	1
金赤	0
金切り声	5
金切声	5
金扇	0
金銭	1
金銭ずく	0
金銭債権	5
金銭信託	5
金銭尽	0
金銭尽く	0
金銭登録器	8
金銭登録機	8
金蔵	0
金側	0
金属	1
金属バット	5
金属音	4
金属器時代	6
金属結合	5
金属元素	5
金属光沢	5
金属鉱物	5
金属性	0
金属製	0
金属疲労	5
金太郎	0
金太郎飴	4
金胎	0
金胎両部	5
金貸し	3
金団	0
金談	0
金槌	3
金槌頭	5
金鍔	0
金鍔焼	0
金鍔焼き	0
金釘	0
金釘流	0
金泥	0
金的	0
金鉄	0
金殿玉楼	0
金鍍金	3
金唐革	4
金唐皮	4
金頭	3
金堂	0
金銅	0
金入れ	3
金納	0
金波	1
金波銀波	1
金杯	0
金盃	0
金牌	0
金梅	0
金梅草	0
金蝿	1
金箔	0
金縛り	3
金箱	0
金鉢	0
金髪	0
金鳩	1
金比羅	0
金肥	0
金毘羅	0
金品	1
金敷	0
金敷き	0
金腹	0
金仏	0
金物	0
金物屋	0
金鮒	3
金粉	1
金文	0
金文字	0
金平	0
金平牛蒡	5
金平糖	0
金米糖	0
金偏	0
金偏景気	5
金片	0
金鳳花	3
金棒	0
金棒引き	3
金釦	3
金本位	3
金本位制	0
金満家	0
金蔓	0
金脈	0
金無垢	0
金毛	0
金網	0
金儲け	3
金木犀	3
金目	0
金目鯛	3
金融	0
金融引き締め	5
金融引締め	5
金融界	3
金融緩和	5
金融機関	6
金融恐慌	5
金融業	3
金融業者	5
金融公庫	5
金融債	3
金融市場	5
金融資産	5
金融資本	5
金融政策	5
金融派生商品	8
金融逼迫	5
金曜	3
金曜日	3
金利	0
金利政策	4
金利生活者	7
金離れ	3
金葎	3
金龍	1
金力	1
金緑石	4
金輪	0
金輪際	3
金輪奈落	5
金蓮花	3
金聾	3
金椀	0
金壺	0
金壺眼	5
金屎	0
金屏風	3
金梃	0
金甌無欠	5
金瘡小草	0
金盞花	3
金盥	3
金蠅	1
金襴	0
金襴手	3
金襴鳥	0
金襴緞子	5
金鋏	3
金鍼	0
金鑞	0
金鵄勲章	4
金麩羅	0
吟じる	3
吟ずる	3
吟詠	0
吟唱	0
吟醸酒	3
吟味	1
吟遊詩人	5
吟誦	0
銀	1
銀ねず	0
銀ぶら	0
銀めっき	3
銀メダル	3
銀モール	3
銀杏	0
銀杏返	4
銀杏返し	4
銀位	1
銀縁	0
銀河	1
銀河群	3
銀河系	0
銀河座標	4
銀河赤道	5
銀河団	3
銀貨	1
銀塊	0
銀灰色	3
銀漢	0
銀眼	3
銀眼鯛	3
銀器	1
銀経	0
銀狐	3
銀行	0
銀行印	3
銀行員	3
銀行家	0
銀行割引	5
銀行券	3
銀鉱	0
銀婚式	3
銀砂子	3
銀座	0
銀鮭	3
銀鮫	0
銀山	1
銀山猿子	5
銀糸	1
銀紙	1
銀持	3
銀時計	3
銀舎利	0
銀将	0
銀賞	0
銀色	0
銀世界	3
銀製	0
銀雪	0
銀扇	0
銀箭	0
銀銭	0
銀鼠	0
銀側	0
銀鱈	0
銀地	0
銀着せ	0
銀泥	0
銀笛	0
銀鍍金	3
銀波	1
銀杯	0
銀盃	0
銀牌	0
銀白色	4
銀箔	0
銀髪	0
銀板写真	5
銀盤	0
銀鮒	3
銀粉	0
銀文字	0
銀宝	0
銀本位	3
銀本位制	0
銀幕	0
銀面	0
銀木犀	3
銀目	3
銀目鯛	3
銀葉	0
銀翼	0
銀流し	3
銀竜草	0
銀輪	0
銀鱗	0
銀嶺	0
銀鈴	0
銀蠅	0
銀鑞	0
九	1
九つ	2
九回	0
九回の腸	6
九絵	2
九蓋草	0
九官鳥	0
九牛の一毛	0
九牛一毛	0
九卿	0
九九	1
九月	1
九穀	1
九死	1
九紫	1
九尺二間	4
九州	1
九十九神	3
九十九折	0
九十九折り	0
九十九髪	3
九重	3
九寸五分	4
九星	0
九星術	3
九生	0
九折	0
九仙	0
九泉	0
九族	1
九谷焼	0
九地	1
九柱戯	3
九天	0
九天直下	5
九日	4
九拝	0
九尾の狐	1
九百	3
九品	0
九品浄土	4
九品蓮台	4
九分	1
九分九厘	3
九輪	0
九輪草	0
九連宝灯	5
九六	0
九竅	0
倶する	2
倶に	0
倶楽部	1
倶伎羅	1
倶発	0
倶梨伽羅紋々	5
倶梨伽羅紋紋	5
句	1
句意	1
句会	0
句義	1
句句	1
句形	0
句作	0
句集	0
句心	2
句切り	3
句切る	2
句節	0
句点	0
句読	0
句読点	2
句読法	0
句碑	1
句法	0
区	1
区々	2
区域	1
区画	0
区画整理	4
区会	0
区会議員	4
区快	0
区劃	0
区劃整理	4
区割り	0
区間	1
区議	1
区議会議員	5
区区	1
区系	0
区検	0
区検察庁	5
区処	1
区政	0
区切り	3
区切る	2
区長	1
区点	0
区内	1
区費	1
区分	0
区分け	0
区別	1
区民	1
区民税	2
区役所	2
区立	1
狗	2
狗肉	0
狗尾草	4
狗母魚	1
狗鷲	0
矩	0
矩形	0
矩差	0
矩差し	0
矩尺	0
矩象	0
苦	1
苦々しい	5
苦い	2
苦さ	1
苦しい	3
苦しがる	4
苦しさ	3
苦しみ	0
苦しむ	3
苦しめる	4
苦し紛れ	4
苦み	3
苦り切る	4
苦瓜	2
苦塩	0
苦灰石	2
苦界	1
苦学	1
苦学生	2
苦学力行	1
苦楽	1
苦寒	0
苦患	1
苦境	0
苦況	0
苦吟	0
苦苦しい	5
苦言	0
苦行	0
苦菜	0
苦参	0
苦手	0
苦酒	0
苦集滅道	1
苦汁	1
苦渋	0
苦笑	0
苦笑い	3
苦情	0
苦心	2
苦心惨憺	2
苦心談	2
苦節	0
苦戦	0
苦蘇花	3
苦竹	0
苦虫	2
苦衷	0
苦痛	0
苦諦	0
苦土	1
苦闘	0
苦難	1
苦肉	0
苦熱	1
苦悩	0
苦杯	0
苦味	3
苦味チンキ	3
苦味丁幾	3
苦無	1
苦鳴	0
苦悶	0
苦厄	1
苦役	0
苦慮	1
苦力	1
苦労	1
苦労人	0
苦労性	0
苦勞	1
苦艾	3
躯	1
躯幹	0
躯体	0
駆けずり回る	6
駆けっくら	2
駆けっこ	2
駆けっ競	2
駆けつける	0
駆けまわる	4
駆けめぐる	4
駆けよる	0
駆ける	2
駆け引き	2
駆け下りる	4
駆け回る	0
駆け寄る	0
駆け競	2
駆け競べ	3
駆け降りる	4
駆け込み	0
駆け込み寺	0
駆け込む	0
駆け出し	0
駆け出し者	0
駆け出す	3
駆け巡る	0
駆け上がる	4
駆け上る	4
駆け足	2
駆け登る	4
駆け抜ける	0
駆け比べ	3
駆け付ける	0
駆け付け三杯	5
駆け戻る	4
駆け落ち	0
駆られる	0
駆りたてる	4
駆り集める	5
駆り出す	3
駆り立てる	4
駆る	0
駆引き	2
駆下りる	4
駆下る	4
駆回る	0
駆寄る	0
駆競べ	3
駆降りる	4
駆込み	0
駆込み寺	0
駆込む	0
駆使	1
駆集める	5
駆出し	0
駆出し者	0
駆出す	0
駆巡る	0
駆除	1
駆除剤	2
駆上る	4
駆水	0
駆潜艇	0
駆足	2
駆逐	0
駆逐艦	0
駆虫剤	2
駆虫薬	2
駆動	0
駆動装置	4
駆抜ける	0
駆付ける	0
駆歩	1
駆落	0
駆落ち	0
駆立てる	4
駈けっくら	2
駈けっ競	2
駈ける	2
駈け競	2
駈け競べ	3
駈け降りる	4
駈け出し	0
駈け出す	3
駈け足	2
駈け落ち	0
駈引	2
駈降りる	4
駈出す	3
駈足	2
駈歩	2
駈落ち	0
駒	1
駒下駄	0
駒寄せ	0
駒繋	3
駒繋ぎ	3
駒座	0
駒草	0
駒鳥	2
駒落ち	0
具	1
具える	3
具する	2
具に	1
具わる	3
具案	0
具格	1
具眼	0
具現	0
具合	0
具合い	0
具象	0
具象的	0
具申	0
具足	0
具体	0
具体案	2
具体化	0
具体策	2
具体性	0
具体的	0
具陳	0
具備	1
具有	0
愚	1
愚か	1
愚かしい	4
愚か者	0
愚暗	0
愚案	0
愚闇	0
愚意	1
愚挙	1
愚兄	0
愚計	0
愚見	0
愚考	0
愚行	0
愚妻	0
愚作	0
愚策	0
愚姉	1
愚者	1
愚女	1
愚人	0
愚図	1
愚図つく	0
愚図る	2
愚図付く	0
愚生	1
愚説	0
愚息	0
愚痴	0
愚痴る	2
愚痴話	3
愚直	0
愚弟	0
愚鈍	0
愚夫	1
愚物	0
愚妹	0
愚昧	0
愚民	0
愚民政策	4
愚問	0
愚問愚答	0
愚劣	0
愚連隊	0
愚弄	0
愚論	0
愚癡	1
虞	3
虞犯	0
虞犯少年	4
虞美人草	0
喰う	1
喰べる	2
喰らい付く	4
喰らう	0
空	1
空々	0
空々しい	5
空々寂々	0
空々漠々	0
空かす	0
空き	0
空きっ腹	0
空きびん	0
空き屋	0
空き家	0
空き殻	0
空き缶	0
空き間	0
空き室	0
空き車	3
空き巣	0
空き巣ねらい	4
空き巣狙い	4
空き地	0
空き店	0
空き箱	0
空き瓶	0
空き部屋	0
空き腹	0
空き壜	0
空く	0
空け	0
空ける	1
空け者	0
空しい	3
空だき	0
空っとぼける	6
空っぽ	0
空っ穴	0
空っ惚ける	6
空っ風	2
空とぼける	5
空ろ	0
空オケ	0
空位	1
空威張り	3
空尉	1
空域	0
空引	0
空引き	0
空引き機	4
空押し	0
空屋	0
空音	0
空下手	0
空家	0
空荷	0
空解け	0
空回り	3
空咳	0
空覚え	3
空株	2
空間	0
空間芸術	5
空閑地	3
空気	1
空気シャワー	4
空気ハンマー	4
空気圧縮機	7
空気感染	4
空気機械	5
空気銃	0
空気制動機	6
空気清浄機	6
空気調和	4
空気伝染	4
空気伝送管	0
空気入れ	3
空気抜き	0
空気枕	4
空気浴	3
空気力学	5
空気冷却	4
空泣き	0
空虚	1
空恐ろしい	6
空空	0
空空しい	5
空空寂寂	0
空空漠漠	0
空薫	0
空軍	0
空景気	3
空隙	0
空拳	0
空元気	3
空言	0
空港	0
空劫	0
空合い	0
空濠	0
空惚ける	5
空佐	1
空際	0
空撮	0
空似	0
空耳	0
空室	0
空写し	3
空車	0
空寂	0
空取り引き	4
空手	0
空手形	3
空襲	0
空集合	3
空所	0
空将	0
空笑い	3
空蒸し	0
空色	0
空色朝顔	6
空寝	0
空振	0
空振り	0
空身	0
空震	0
空吹かし	3
空炊き	0
空雀鯛	5
空世辞	0
空席	0
空説	0
空蝉	0
空戦	0
空前	0
空前絶後	5
空然	0
空疎	1
空想	0
空想家	0
空想科学小説	8
空曹	0
空巣	0
空巣狙い	4
空相	0
空相場	3
空騒ぎ	3
空即是色	1
空谷	0
空談	0
空地	0
空恥ずかしい	6
空茶	0
空中	0
空中滑走	5
空中給油	5
空中権	3
空中査察	5
空中細菌	5
空中写真	5
空中戦	0
空中線	0
空中分解	5
空中楼閣	5
空腸	0
空調	0
空調設備	5
空釣り	0
空挺	0
空挺作戦	5
空挺部隊	5
空諦	0
空店	0
空転	0
空電	0
空豆	2
空洞	0
空洞化	0
空念仏	3
空燃比	3
空馬	0
空梅雨	0
空買い	0
空売り	0
空白	0
空漠	0
空爆	0
空箱	0
空箸	0
空発	0
空費	0
空飛ぶ円盤	1
空瓶	0
空部屋	0
空風	0
空腹	0
空焚	0
空焚き	0
空文	0
空返事	3
空穂	0
空母	1
空包	0
空方	0
空砲	0
空胞	0
空堀	0
空夢	0
空名	0
空模様	3
空木	0
空目	2
空也餅	3
空約束	3
空輸	0
空揚	0
空揚げ	0
空様	0
空頼み	3
空欄	0
空理	1
空理空論	1
空陸	1
空涙	3
空冷	0
空冷式	0
空路	1
空論	0
空嘯く	5
空籤	0
空閨	0
偶	1
偶々	0
偶さか	0
偶に	0
偶の	0
偶因	0
偶詠	0
偶感	0
偶関数	3
偶吟	0
偶偶	0
偶語	1
偶作	0
偶人	0
偶数	3
偶成	0
偶然	0
偶然論	3
偶像	0
偶像化	0
偶像視	3
偶像崇拝	0
偶像破壊	0
偶蹄類	3
偶発	0
偶発的	0
偶有	0
偶力	1
寓する	3
寓意	1
寓意小説	4
寓居	1
寓言	0
寓目	0
寓話	0
遇する	3
隅	1
隅々	2
隅っこ	1
隅木	2
串	2
串カツ	0
串柿	2
串刺し	0
串焼	0
串焼き	0
串揚げ	0
櫛	2
櫛形	0
櫛笥	0
櫛水母	3
櫛箱	2
櫛比	1
櫛風沐雨	5
櫛目	3
櫛匣	2
釧	1
屑	1
屑かご	2
屑屋	2
屑糸	0
屑拾い	3
屑鉄	0
屑入れ	2
屑物	2
屑米	0
屑繭	0
屑籠	2
屈す	1
屈する	0
屈まる	3
屈みこむ	4
屈み込む	4
屈む	0
屈める	4
屈強	0
屈曲	0
屈筋	0
屈光性	0
屈指	0
屈従	0
屈辱	0
屈伸	0
屈性	0
屈折	0
屈折角	4
屈折語	0
屈折望遠鏡	0
屈折率	4
屈葬	0
屈託	0
屈地性	0
屈伏	0
屈服	0
屈撓	0
屈腱炎	3
掘っ建て	0
掘っ建て小屋	0
掘っ立て	0
掘っ立て小屋	0
掘りごたつ	3
掘り井戸	3
掘り下げる	4
掘り火燵	3
掘り割り	0
掘り起こす	4
掘り起す	4
掘り込む	0
掘り出し物	0
掘り出す	3
掘り当てる	0
掘り抜き井戸	5
掘り抜く	0
掘り返す	3
掘り崩す	4
掘り炬燵	3
掘る	1
掘井戸	3
掘下げる	4
掘火燵	3
掘割	0
掘割り	0
掘起す	5
掘建て小屋	0
掘込む	0
掘採	0
掘削	0
掘削機	4
掘出し物	0
掘出す	3
掘進	0
掘当てる	0
掘抜き井戸	5
掘抜く	0
掘抜井戸	5
掘返す	3
掘立小屋	0
掘炬燵	3
掘鑿	0
窟	0
沓	2
沓として	1
沓下	2
沓脱	0
沓脱ぎ	0
沓脱ぎ石	4
靴	2
靴ずれ	0
靴ひも	0
靴べら	3
靴みがき	3
靴屋	2
靴音	0
靴下	2
靴下止め	0
靴下留	0
靴下留め	0
靴型	0
靴擦れ	0
靴跡	0
靴足袋	3
靴脱ぎ	0
靴脱ぎ石	4
靴直し	3
靴底	0
靴紐	0
靴箆	3
靴墨	2
靴磨	3
靴磨き	3
靴篦	3
轡	0
轡虫	3
窪	0
窪み	0
窪む	0
窪地	0
熊	1
熊さん八っつあん	1
熊さん八つあん	1
熊の実	0
熊の胆	3
熊ん蜂	2
熊葛	3
熊蟻	2
熊公八公	3
熊祭	3
熊祭り	3
熊笹	2
熊四手	0
熊手	0
熊狩り	0
熊襲	1
熊掌	0
熊蝉	2
熊曾	1
熊鼠	3
熊送	3
熊送り	3
熊鷹	2
熊啄木鳥	0
熊胆	3
熊虫	2
熊猫	0
熊之実	0
熊蜂	2
熊柳	3
熊羆	1
隈	2
隈なく	3
隈魚	0
隈隈	2
隈笹	0
隈取り	0
隈取る	3
隈無く	3
栗	2
栗きんとん	3
栗金団	3
栗鴫象虫	5
栗色	0
栗石	2
栗鼠	1
栗鼠猿	3
栗鼠擬	3
栗梅	2
栗飯	0
栗毛	0
繰りかえす	3
繰り越	0
繰り越し	0
繰り越し金	0
繰り越す	0
繰り延べ	0
繰り延べる	4
繰り下がる	4
繰り下げ	0
繰り下げる	4
繰り下る	4
繰り回す	4
繰り拡げる	5
繰り寄せる	0
繰り言	0
繰り戸	2
繰り広げる	5
繰り合せる	5
繰り合わす	0
繰り合わせる	5
繰り込み	0
繰り込み理論	5
繰り込む	3
繰り出す	3
繰り上がる	4
繰り上げ	0
繰り上げる	4
繰り上げ当選	5
繰り上る	4
繰り替える	4
繰り入れ	0
繰り入れる	4
繰り入れ金	0
繰り返し	0
繰り返し符号	6
繰り返す	3
繰り綿	2
繰り戻す	4
繰る	1
繰越	0
繰越し	0
繰越し金	0
繰越す	0
繰越金	0
繰延べ	0
繰延べる	4
繰下がる	4
繰下げ	0
繰下げる	4
繰下る	4
繰回す	4
繰拡げる	5
繰寄せる	0
繰言	0
繰戸	2
繰広げる	5
繰合わす	4
繰込み	0
繰込み理論	5
繰込む	3
繰糸機	0
繰出す	3
繰上	0
繰上がる	4
繰上げ	0
繰上げる	4
繰上げ当選	5
繰上る	4
繰替える	4
繰入	0
繰入れ	0
繰入れる	4
繰入れ金	0
繰入金	0
繰返し	0
繰返し符号	6
繰返す	3
繰綿	2
繰戻す	4
桑	1
桑園	0
桑海	0
桑原桑原	2
桑蚕	0
桑子	0
桑色	0
桑摘み	4
桑田	0
桑田滄海	0
桑白皮	4
桑畑	3
桑木虱	4
桑門	0
桑苺	3
鍬	0
鍬形	0
鍬形虫	4
鍬入れ	0
勲	0
勲位	1
勲記	1
勲功	0
勲爵	1
勲章	0
勲等	0
君	0
君が世	0
君が代	0
君が代蘭	4
君たち	2
君恩	0
君国	0
君子	1
君子蘭	3
君主	1
君主国	3
君主制	0
君主政	0
君主道徳	4
君臣	0
君側	0
君沢形	0
君達	2
君寵	0
君父	1
君民	0
君命	0
君臨	0
薫	0
薫き物	0
薫く	0
薫ずる	0
薫らす	3
薫り	0
薫る	0
薫育	0
薫煙	0
薫化	1
薫香	0
薫蒸	0
薫製	0
薫染	0
薫陶	0
薫風	0
薫物	0
訓	0
訓える	0
訓ずる	0
訓み下し	0
訓む	1
訓育	0
訓仮名	0
訓解	0
訓戒	0
訓義	1
訓言	0
訓告	0
訓示	0
訓示規定	4
訓辞	0
訓釈	0
訓点	0
訓電	0
訓導	0
訓読	0
訓読み	0
訓民正音	5
訓諭	1
訓令	0
訓令式	0
訓練	1
訓練所	0
訓練生	3
訓連	1
訓話	0
訓詁	1
訓詁学	3
訓誨	0
訓誡	0
群	1
群々	2
群がり	0
群がる	3
群れ	2
群れる	2
群れ集う	4
群れ集まる	5
群れ遊ぶ	0
群雨	0
群雲	0
群肝の	0
群議	1
群居	1
群群	2
群行	0
群婚	0
群山	1
群時雨	3
群衆	0
群集	0
群集心理	5
群集生態学	7
群書	1
群小	0
群臣	0
群雀	3
群棲	0
群棲地	3
群生	0
群青	0
群青色	0
群千鳥	3
群像	0
群速度	3
群俗	1
群体	0
群竹	2
群島	0
群盗	0
群発	0
群発地震	5
群舞	1
群峰	0
群盲	0
群雄	0
群雄割拠	5
群羊	0
群落	0
群立ち	0
群論	1
軍	1
軍の庭	0
軍衣	1
軍医	1
軍医監	3
軍営	0
軍歌	1
軍拡	0
軍学	0
軍楽	0
軍楽隊	0
軍管区	3
軍艦	0
軍艦巻	0
軍艦旗	3
軍艦鳥	3
軍旗	1
軍機	1
軍紀	1
軍規	1
軍記	1
軍記物語	6
軍議	1
軍靴	1
軍鶏	1
軍犬	0
軍鼓	1
軍功	0
軍港	0
軍国	0
軍国主義	5
軍産複合体	0
軍使	1
軍司令官	4
軍司令部	4
軍師	1
軍資	1
軍資金	0
軍事	1
軍事衛星	4
軍事基地	4
軍事教練	4
軍事公債	4
軍事裁判	4
軍事政権	4
軍事同盟	4
軍事費	3
軍事封鎖	4
軍事力	3
軍持	1
軍手	0
軍需	1
軍需景気	4
軍需産業	4
軍需品	0
軍縮	0
軍書	1
軍将	0
軍情	0
軍職	0
軍神	3
軍人	0
軍人恩給	5
軍陣	0
軍制	0
軍勢	0
軍政	0
軍籍	0
軍扇	0
軍船	0
軍曹	1
軍装	0
軍足	0
軍属	1
軍卒	0
軍隊	1
軍団	0
軍談	0
軍長	1
軍刀	0
軍馬	1
軍配	0
軍配虫	3
軍閥	0
軍費	1
軍備	1
軍備拡張	1
軍備管理	4
軍備縮小	1
軍票	0
軍夫	1
軍部	1
軍服	0
軍兵	0
軍法	0
軍法会議	5
軍帽	0
軍民	0
軍務	1
軍門	0
軍役	0
軍容	0
軍用	0
軍用機	3
軍用金	0
軍用犬	0
軍用鳩	5
軍用品	0
軍律	0
軍略	0
軍略家	0
軍旅	1
軍令	0
軍令部	3
軍礼	0
軍歴	0
郡	1
郡県	0
郡県制度	5
郡長	1
郡部	1
卦	1
卦算冠	5
卦辞	1
袈裟	2
袈裟懸け	0
袈裟固	3
袈裟固め	3
袈裟斬り	0
袈裟切り	0
係	1
係う	4
係り	1
係り員	3
係り官	3
係り結び	4
係り合い	0
係り助詞	4
係る	2
係わり	0
係わり合う	5
係わる	3
係員	3
係官	3
係結び	4
係合	0
係助詞	3
係数	3
係数器	3
係船	0
係争	0
係争物	3
係属	0
係長	3
係留	0
係累	0
傾	2
傾き	0
傾く	3
傾ぐ	2
傾ける	4
傾げる	3
傾れ	0
傾れる	3
傾れ込む	4
傾向	0
傾国	0
傾差	1
傾斜	0
傾斜家賃	4
傾斜計	0
傾斜生産	4
傾斜地	3
傾城	0
傾性	0
傾注	0
傾聴	0
傾度	1
傾倒	0
傾動	0
傾動地塊	5
傾覆	0
傾眠	0
傾瀉	0
刑	1
刑する	3
刑期	1
刑具	1
刑死	0
刑事	1
刑事々件	4
刑事裁判	4
刑事事件	4
刑事処分	4
刑事上	0
刑事責任	4
刑事訴訟	4
刑事訴訟法	5
刑事罰	3
刑事犯	3
刑事被告人	0
刑事補償	4
刑場	0
刑典	0
刑徒	1
刑罰	1
刑部省	3
刑法	1
刑務官	3
刑務所	3
刑名	0
刑余	1
刑余者	3
刑吏	1
刑律	1
刑戮	0
兄	1
兄い	1
兄さま	1
兄さん	1
兄ちゃん	1
兄嫁	2
兄貴	1
兄貴分	3
兄後	0
兄姉	1
兄事	1
兄上	2
兄弟	1
兄弟げんか	5
兄弟喧嘩	5
兄弟子	0
兄弟弟子	3
兄弟分	3
兄分	2
兄方	0
兄妹	0
兄矢	1
兄様	1
啓く	2
啓示	0
啓示宗教	4
啓上	0
啓発	0
啓蒙	0
啓蒙思想	5
啓蒙専制君主	9
啓蒙的	0
啓蟄	0
啓迪	0
圭璧	1
珪ニッケル鉱	0
珪化	1
珪化物	3
珪化木	3
珪灰石	3
珪岩	0
珪孔雀石	5
珪砂	1
珪酸	0
珪酸ナトリウム	7
珪酸塩	3
珪質	0
珪質海綿	5
珪石	1
珪線石	3
珪素	1
珪素鋼	3
珪素樹脂	4
珪藻	0
珪藻土	3
珪肺	0
型	2
型どおり	3
型押し	0
型紙	0
型式	0
型式証明	5
型染め	0
型通り	3
型破り	3
型付け	4
型物	0
型崩れ	3
型録	0
型枠	0
契り	3
契る	2
契印	0
契機	1
契合	0
契丹文字	5
契約	0
契約金	0
契約書	5
形	0
形づくる	5
形どる	3
形なし	0
形ばかり	4
形影	0
形骸	0
形骸化	0
形許	2
形許り	3
形見	0
形見分け	0
形作る	5
形而下	3
形而上	0
形而上絵画	6
形而上学	4
形式	0
形式ばる	5
形式言語	5
形式主義	5
形式張る	5
形式的	0
形式美	4
形式名詞	5
形式論	4
形式論理	5
形式論理学	7
形質	0
形質細胞	5
形質人類学	7
形質転換	5
形質導入	5
形取る	3
形勝	0
形象	0
形象化	0
形象文字	5
形状	0
形状記憶合金	8
形振り	2
形勢	0
形成	0
形成外科	5
形成層	3
形成体	0
形声	0
形声文字	5
形跡	0
形相	0
形相因	3
形造る	5
形体	0
形態	0
形態学	3
形態形成	5
形態素	3
形態模写	5
形態論	3
形代	0
形動	0
形付け	4
形無し	0
形木	0
形容	0
形容句	3
形容詞	3
形容動詞	5
形容矛盾	5
形臨	0
径	1
径間	0
径行	0
径庭	0
径路	1
恵	0
恵まれる	0
恵み	0
恵む	0
恵雨	1
恵贈	0
恵存	0
恵沢	0
恵比寿	1
恵比寿顔	0
恵比寿講	0
恵比須	1
恵比須講	0
恵方	0
恵方詣	4
恵方詣り	4
恵方参り	4
恵与	1
慶び	0
慶び事	0
慶ぶ	3
慶安	0
慶庵	1
慶雲	0
慶賀	1
慶賀使	3
慶事	1
慶祝	0
慶春	0
慶兆	0
慶弔	0
慶福	0
慶良間鹿	3
慧	0
慧眼	1
慧敏	0
憩	0
憩い	0
憩う	2
憩室	0
掲げる	0
掲載	0
掲示	0
掲示板	0
掲出	0
掲揚	0
携える	4
携わる	4
携挙	1
携琴	0
携行	0
携帯	0
携帯電話	5
携帯品	0
敬い	0
敬う	3
敬する	3
敬愛	0
敬意	1
敬遠	0
敬具	1
敬啓	0
敬語	0
敬称	0
敬譲語	0
敬神	0
敬体	0
敬呈	0
敬天愛人	0
敬白	0
敬服	0
敬慕	1
敬礼	0
敬老	0
敬老の日	6
敬老会	3
敬虔	0
敬虔主義	5
景	1
景雲	0
景観	0
景気	0
景気づけ	0
景気循環	4
景気動向指数	9
景気付け	0
景気変動	4
景教	0
景況	0
景仰	1
景趣	1
景勝	0
景色	1
景品	0
景物	0
桂	0
桂庵	0
桂冠	0
桂冠詩人	5
桂月	1
桂馬	0
桂剥き	0
桂皮	1
桂皮酸	0
桂林	0
渓	1
渓澗	0
渓間	0
渓水	0
渓声	0
渓泉	0
渓谷	0
渓流	0
渓壑	0
畦	1
畦道	2
畦畔	0
稽える	4
稽古	1
稽古事	0
稽古場	0
稽古台	0
稽古着	3
稽古本	0
稽首	1
稽留熱	3
系	1
系図	0
系図買い	3
系統	0
系統樹	3
系統的	0
系統発生	5
系統分類学	7
系統立てる	6
系譜	0
系列	0
系列取引	5
経	0
経つ	1
経る	1
経緯	1
経緯儀	3
経営	0
経営学	3
経営管理	5
経営協議会	7
経営権	3
経営工学	5
経営最高責任者	11
経営参加	5
経営者	3
経営難	3
経過	0
経学	0
経机	3
経協	0
経穴	0
経験	0
経験科学	5
経験者	3
経験主義	5
経験談	3
経験値	3
経験的	0
経験論	3
経口	0
経口感染	5
経口避妊薬	6
経口免疫	5
経行	0
経国	0
経国済民	0
経済	1
経済家	0
経済界	3
経済外交	5
経済学	3
経済観念	5
経済企画庁	7
経済協力	5
経済圏	3
経済行為	5
経済史	3
経済人	3
経済人類学	7
経済水域	5
経済制裁	5
経済性	0
経済成長	5
経済成長率	7
経済政策	5
経済大国	5
経済単位	5
経済地理学	6
経済的	0
経済統計	5
経済闘争	5
経済白書	5
経済封鎖	5
経済法	0
経済面	3
経済力	3
経産婦	3
経伺	1
経史	0
経師	0
経師屋	0
経死	0
経糸	0
経時的	0
経巡る	3
経書	1
経上がる	3
経常	0
経常収支	5
経常費	3
経常利益	5
経水	0
経世	0
経世家	0
経世済民	0
経畝織	0
経畝織り	0
経線	0
経蔵	0
経題	0
経団連	3
経塚	0
経典	0
経伝	0
経度	1
経堂	0
経年	0
経年変化	5
経函	0
経皮	1
経皮感染	4
経費	1
経文	0
経本	0
経木	0
経由	0
経絡	0
経理	1
経理士	3
経略	0
経歴	0
経路	1
経帷子	3
経綸	0
経膣	0
継ぎ	0
継ぎはぎ	0
継ぎ竿	0
継ぎ合せる	5
継ぎ合わせる	5
継ぎ紙	0
継ぎ歯	0
継ぎ手	0
継ぎ切れ	0
継ぎ接ぎ	0
継ぎ足し	0
継ぎ足す	3
継ぎ台	0
継ぎ端	0
継ぎ当て	0
継ぎ物	0
継ぎ穂	0
継ぎ木	0
継ぎ目	0
継ぎ立て	0
継ぐ	0
継っ子	0
継泳	0
継竿	0
継起	1
継合せる	5
継嗣	1
継子	0
継紙	0
継歯	0
継室	0
継手	0
継受	1
継承	0
継承者	3
継親	0
継切れ	0
継接ぎ	0
継戦	0
継走	0
継息子	3
継足し	0
継足す	3
継続	0
継続審査	5
継続的	0
継台	0
継端	0
継電器	3
継投	0
継当て	0
継夫	0
継父	0
継父母	3
継物	0
継粉	0
継穂	0
継母	1
継娘	3
継木	0
継目	0
継立て	0
繋がり	0
繋がる	0
繋ぎ	0
繋ぎあわせる	6
繋ぎとめる	5
繋ぎ合わせる	6
繋ぎ止める	5
繋ぎ資金	4
繋ぎ目	0
繋ぎ融資	4
繋ぎ留める	5
繋ぐ	0
繋げる	0
繋駕	1
繋辞	0
繋船	0
繋争	0
繋属	0
繋縛	0
繋留	0
繋累	0
罫	1
罫引	2
罫引き	0
罫紙	1
罫線	0
罫線表	0
茎	2
茎わかめ	3
茎若布	3
茎茶	2
茎漬	0
茎漬け	0
茎葉	0
茎葉植物	6
茎葉体	0
荊	0
荊冠	0
荊妻	0
荊棘	0
荊棘線	0
蛍	1
蛍烏賊	3
蛍火	0
蛍光	0
蛍光ペン	3
蛍光顕微鏡	0
蛍光染料	5
蛍光体	0
蛍光塗料	5
蛍光灯	0
蛍光燈	0
蛍光板	0
蛍光物質	5
蛍狩り	3
蛍石	1
蛍雪	0
蛍雪の功	6
蛍草	3
蛍袋	4
蛍蛆	3
計	1
計らい	0
計らう	3
計り	0
計り知れない	0
計る	2
計画	0
計画経済	5
計画的	0
計器	1
計器板	0
計器盤	0
計器飛行	4
計算	0
計算ずく	0
計算違い	5
計算器	3
計算機	3
計算機科学	6
計算高い	6
計算尺	0
計算書	5
計算尽	0
計算尽く	0
計時	0
計上	0
計数	3
計数管	0
計数器	3
計装	0
計測	0
計帳	0
計約	0
計理士	3
計里	2
計略	0
計量	0
計量化	0
計量器	3
計量経済学	7
計量士	3
詣で	3
詣でる	3
詣り	3
詣る	1
警め	0
警める	4
警ら	1
警衛	0
警戒	0
警戒警報	5
警戒色	3
警戒心	3
警戒宣言	5
警戒線	0
警官	0
警官隊	0
警急	0
警句	0
警固	1
警護	1
警告	0
警告色	4
警策	0
警察	0
警察医	4
警察学校	5
警察官	4
警察機動隊	0
警察権	4
警察犬	0
警察国家	5
警察手帳	5
警察署	5
警察庁	4
警視	1
警視監	3
警視正	3
警視総監	4
警視庁	3
警視長	3
警手	1
警鐘	0
警乗	0
警世	0
警世家	0
警醒	0
警笛	0
警抜	0
警備	1
警備態勢	4
警備艇	0
警部	1
警部補	3
警報	0
警報器	3
警報機	3
警棒	0
警防	0
警防団	3
警務	1
警務官	3
警吏	1
警蹕	0
警邏	1
軽	1
軽々	3
軽々しい	5
軽い	0
軽さ	0
軽しめる	4
軽はずみ	3
軽べつ	0
軽め	0
軽やか	2
軽んじる	4
軽んずる	4
軽易	1
軽演劇	3
軽音楽	3
軽歌劇	3
軽快	0
軽鴨	0
軽機	1
軽機関銃	4
軽気球	3
軽騎兵	3
軽挙	1
軽挙妄動	1
軽業	0
軽業師	4
軽金属	3
軽銀	0
軽愚	1
軽軽	3
軽軽しい	5
軽減	0
軽口	0
軽口話	5
軽工業	3
軽合金	3
軽罪	0
軽視	1
軽自動車	4
軽自動車税	6
軽質	0
軽質油	4
軽車両	3
軽舟	0
軽重	0
軽傷	0
軽傷者	3
軽少	0
軽捷	0
軽焼き	0
軽症	0
軽食	0
軽信	0
軽震	0
軽水	0
軽水炉	3
軽石	0
軽装	0
軽卒	0
軽電機	3
軽度	1
軽輩	0
軽薄	0
軽爆撃機	5
軽犯罪	3
軽犯罪法	0
軽微	1
軽浮	1
軽侮	1
軽風	0
軽蔑	0
軽蔑語	0
軽便	0
軽便鉄道	5
軽妙	0
軽妙洒脱	0
軽目	0
軽目焼	0
軽油	0
軽率	0
軽粒子	3
軽量	0
軽労働	3
軽佻	0
軽佻浮華	5
軽佻浮薄	0
軽羹	0
軽羮	0
軽衫	0
軽袗	0
軽躁	0
軽鬆土	3
頚	0
頚巻	0
頚巻き	0
頚筋	0
頚骨	1
頚飾り	3
頚静脈	3
頚椎	1
頚動脈	3
頚肉	0
頚部	1
頚輪	0
鶏	0
鶏冠	0
鶏冠海苔	3
鶏冠石	3
鶏姦	0
鶏眼	0
鶏魚	0
鶏群	0
鶏口	0
鶏舎	1
鶏小屋	0
鶏足	0
鶏頭	0
鶏鍋	0
鶏肉	0
鶏肌	0
鶏飯	1
鶏糞	0
鶏鳴	0
鶏鳴狗盗	0
鶏卵	0
鶏卵素麺	5
芸	1
芸なし	0
芸の虫	1
芸域	0
芸苑	0
芸妓	1
芸子	0
芸事	0
芸者	0
芸者屋	0
芸術	0
芸術院	4
芸術家	0
芸術祭	4
芸術至上主義	8
芸術性	0
芸術的	0
芸術品	0
芸娼妓	3
芸人	0
芸大	0
芸談	0
芸奴	1
芸当	0
芸道	0
芸能	0
芸能界	3
芸能人	3
芸風	0
芸文	0
芸無し	0
芸名	0
芸林	0
芸歴	0
迎い	0
迎え	0
迎える	0
迎え火	3
迎え角	3
迎え撃つ	4
迎え酒	3
迎え入れる	5
迎撃	0
迎合	1
迎車	0
迎春	0
迎賓	0
迎賓館	3
鯨	0
鯨ろう	3
鯨飲	0
鯨飲馬食	0
鯨骨	0
鯨座	0
鯨尺	0
鯨汁	4
鯨帯	4
鯨肉	0
鯨波	1
鯨幕	3
鯨油	0
鯨蝋	0
鯨鬚	3
劇	1
劇しい	3
劇映画	3
劇化	0
劇画	0
劇界	0
劇作	0
劇作家	0
劇詩	0
劇臭	0
劇暑	1
劇症肝炎	5
劇場	0
劇職	0
劇震	0
劇甚	0
劇戦	0
劇団	0
劇壇	0
劇談	0
劇中	0
劇中劇	3
劇痛	0
劇通	0
劇的	0
劇道	0
劇毒	0
劇評	0
劇物	0
劇文学	3
劇変	0
劇務	1
劇薬	0
劇烈	0
劇論	0
戟	1
撃ちまくる	4
撃ち合い	0
撃ち合う	3
撃ち込む	3
撃ち殺す	4
撃ち止める	4
撃ち手	3
撃ち当てる	4
撃ち抜く	3
撃ち払う	4
撃ち落とす	4
撃つ	1
撃剣	0
撃合い	0
撃砕	0
撃殺す	4
撃止める	4
撃手	3
撃壌	0
撃退	0
撃沈	0
撃墜	0
撃鉄	0
撃破	1
撃発	0
撃払う	4
撃滅	0
撃力	2
激しい	3
激する	3
激る	2
激越	0
激化	0
激減	0
激語	1
激昂	0
激高	0
激臭	0
激暑	1
激賞	0
激情	0
激職	0
激辛	0
激震	0
激甚	0
激戦	0
激戦地	3
激増	0
激痛	0
激怒	1
激闘	0
激動	0
激突	0
激発	0
激憤	0
激変	0
激務	1
激流	0
激励	0
激励会	3
激烈	0
激浪	0
激論	0
隙	0
隙かさず	0
隙き間	0
隙間	0
隙間風	3
隙人	0
隙目	0
桁	0
桁違い	3
桁外れ	3
桁橋	0
傑れる	3
傑作	0
傑士	1
傑出	0
傑人	0
傑物	0
欠	0
欠かす	0
欠き氷	3
欠き餅	2
欠く	0
欠け	0
欠けら	0
欠ける	0
欠け目	0
欠員	0
欠課	0
欠格	0
欠巻	0
欠陥	0
欠陥車	3
欠陥品	0
欠勤	0
欠航	0
欠講	0
欠号	0
欠指	0
欠字	0
欠所	0
欠除	1
欠場	0
欠食	0
欠食児童	5
欠伸	0
欠唇	1
欠席	0
欠席裁判	5
欠席者	3
欠席届	5
欠席届け	5
欠損	0
欠点	3
欠如	1
欠配	0
欠番	0
欠氷	3
欠文	0
欠片	0
欠便	0
欠乏	0
欠望	0
欠本	0
欠餅	2
欠落	0
欠礼	0
欠缺	0
決	1
決して	0
決する	3
決まって	0
決まり	0
決まり悪い	5
決まり字	0
決まり手	0
決まり切った	4
決まり文句	4
決まる	0
決め	0
決めこむ	3
決める	0
決め球	0
決め込む	3
決め手	0
決め出し	0
決め所	0
決め付ける	4
決り	0
決り悪い	5
決り手	0
決り切った	4
決り文句	4
決る	1
決れる	0
決意	1
決河	1
決壊	0
決起	1
決議	1
決議案	3
決議文	3
決行	0
決込む	3
決済	1
決裁	1
決算	1
決算期	3
決算日	3
決算報告	5
決死	0
決死隊	0
決勝	0
決勝戦	3
決勝線	3
決勝点	3
決心	1
決水	0
決戦	0
決戦投票	5
決選	0
決選投票	5
決然	0
決断	0
決断力	3
決着	0
決潰	0
決定	0
決定権	3
決定稿	0
決定打	3
決定的	0
決定版	0
決定論	3
決答	0
決闘	0
決闘状	0
決別	0
決裂	0
潔い	4
潔よい	4
潔斎	1
潔白	0
潔癖	0
穴	2
穴うめ	0
穴ぐら	0
穴じゃくし	3
穴ほり	4
穴燕	3
穴凹	3
穴冠	3
穴居	1
穴熊	0
穴隙	0
穴子	0
穴杓子	3
穴場	0
穴狙い	3
穴倉	0
穴蔵	0
穴釣り	0
穴兎	3
穴馬	0
穴蜂	2
穴堀	4
穴堀り	4
穴埋め	0
穴明き銭	0
穴門	2
穴窯	0
結い上げる	4
結い付ける	4
結い綿	0
結い目	0
結う	1
結する	0
結ばれる	0
結び	0
結びきり	0
結びつき	0
結びつく	4
結びつける	5
結びの一番	6
結びの神	5
結び合せる	6
結び状	0
結び切り	0
結び付き	0
結び付く	4
結び付ける	5
結び文	0
結び目	0
結び髮	0
結ぶ	0
結わえる	3
結わえ付ける	5
結縁	0
結果	0
結果責任	4
結果的	0
結果論	3
結界	1
結核	0
結核菌	0
結願	0
結球	0
結語	0
結合	0
結合エネルギー	6
結合組織	5
結合半径	5
結合犯	3
結合法則	5
結婚	0
結婚行進曲	7
結婚詐欺	5
結婚指輪	5
結婚式	3
結婚年齢	5
結実	0
結社	1
結社の自由	1
結集	0
結晶	0
結晶化学	5
結晶格子	5
結晶学	3
結晶系	0
結晶光学	5
結晶構造	5
結晶軸	3
結晶質	3
結晶水	3
結晶分化作用	8
結晶片岩	5
結晶面	3
結上げる	4
結城つむぎ	4
結城紬	4
結審	0
結成	0
結石	0
結節	0
結節点	4
結線	0
結像	0
結束	0
結滞	0
結託	0
結団	0
結着	0
結腸	1
結腸癌	3
結締組織	5
結党	0
結縄	0
結縄文字	5
結納	0
結髪	0
結尾	1
結氷	0
結氷期	3
結付ける	4
結膜	0
結膜炎	0
結末	0
結盟	0
結目	0
結了	0
結露	1
結論	0
結紮	0
結跏趺坐	4
結跏趺座	4
血	0
血しょう	0
血たん	0
血だらけ	0
血なまぐさい	5
血のり	0
血の雨	3
血の海	3
血の気	0
血の巡り	0
血の池	0
血の道	0
血の涙	3
血まみれ	0
血みどろ	0
血圧	0
血圧計	0
血液	2
血液ドーピング	5
血液凝固	5
血液銀行	5
血液型	0
血液検査	5
血液循環	5
血液製剤	5
血液透析	5
血液脳関門	7
血煙	2
血縁	0
血縁関係	5
血縁集団	5
血縁淘汰	5
血温	1
血塊	0
血管	0
血管拡張薬	7
血管腫	3
血管性浮腫	7
血管造影法	0
血眼	0
血気	1
血気盛り	4
血吸い蛭	2
血吸い蝙蝠	4
血吸蛭	2
血吸蝙蝠	4
血球	0
血筋	0
血筋苔	3
血糊	0
血行	0
血合	0
血合い	0
血痕	0
血祭り	2
血止め	0
血汐	0
血腫	0
血臭	0
血書	1
血小板	0
血条苔	3
血色	0
血色素	4
血色素尿	5
血清	0
血清アルブミン	0
血清肝炎	5
血清注射	5
血清病	0
血清療法	5
血生臭い	5
血税	0
血石	0
血戦	0
血栓	0
血栓症	0
血染め	0
血相	3
血走る	3
血族	2
血族結婚	5
血続き	2
血鯛	0
血達磨	2
血潮	0
血沈	0
血塗	0
血塗る	2
血塗れ	0
血刀	2
血糖	0
血糖降下剤	7
血糖値	3
血統	0
血統書	5
血豆	0
血道	0
血肉	0
血肉化	0
血尿	0
血膿	0
血抜き	0
血判	0
血反吐	0
血斑	0
血便	0
血脈	0
血盟	0
血迷う	3
血餅	0
血友病	0
血流	0
血涙	0
血路	1
血漿	0
血痰	0
血腥い	5
訣辞	0
訣絶	0
訣別	0
月	2
月々	2
月あかり	3
月がさ	3
月ぎめ	0
月の出	0
月の入り	0
月の物	5
月の輪	0
月の輪熊	4
月ロケット	4
月一	0
月影	1
月越し	0
月央	0
月下	1
月下香	3
月下美人	4
月下氷人	1
月下老人	1
月額	0
月掛け	0
月割り	0
月刊	0
月間	0
月球儀	3
月給	0
月給取り	3
月給日	3
月極	0
月極め	0
月琴	0
月形	0
月桂	0
月桂冠	3
月桂樹	3
月経	0
月経困難症	7
月決め	0
月月	2
月見	3
月見蕎麦	4
月見酒	3
月見草	0
月見団子	4
月後れ	3
月光	0
月光菩薩	5
月頃	0
月参り	3
月産	0
月始め	3
月事	0
月次	0
月謝	0
月収	0
月初め	3
月商	0
月色	0
月食	0
月蝕	0
月世界	3
月雪花	2
月相	3
月足らず	3
月待	0
月待ち	0
月代	0
月代り	3
月旦	0
月遅れ	3
月中	0
月中ば	3
月長石	3
月桃	0
月灯かり	3
月内	2
月虹	0
月日	2
月半ば	3
月番	0
月評	0
月賦	0
月賦販売	4
月払い	3
月並	0
月並み	0
月別	0
月偏	0
月俸	0
月報	0
月末	0
月明	0
月明かり	3
月明り	3
月面	0
月毛	0
月餅	0
月夜	2
月夜茸	3
月役	0
月曜	3
月曜日	3
月利	1
月輪	0
月輪熊	4
月例	0
月齢	0
月暈	3
件	1
件数	3
件名	0
倹しい	3
倹素	1
倹約	0
倹約家	0
倹約令	4
倹吝	0
倦きる	2
倦み疲れる	5
倦む	2
倦る	2
倦厭	0
倦怠	0
倦怠期	3
倦憊	0
健か	0
健か者	0
健やか	2
健胃	0
健胃剤	3
健胃錠	3
健胃薬	3
健気	1
健脚	0
健脚家	0
健康	0
健康食品	5
健康診査	5
健康診断	5
健康体	0
健康的	0
健康美	3
健康保険	5
健在	0
健児	1
健実	0
健者	0
健勝	0
健常者	3
健診	0
健全	0
健聴者	3
健投	0
健闘	0
健否	1
健筆	0
健保	1
健歩	1
健忘	0
健忘症	3
健棒	0
健啖	0
健啖家	0
兼	1
兼ねて	1
兼ねる	2
兼ね兼ね	2
兼ね合い	0
兼ね備える	5
兼ね役	0
兼営	0
兼学	0
兼官	0
兼業	0
兼業農家	5
兼勤	0
兼行	0
兼合い	0
兼修	0
兼職	0
兼摂	0
兼帯	0
兼題	0
兼任	0
兼備	1
兼併	0
兼補	1
兼務	1
兼有	0
兼用	0
券	1
券売機	3
券面	0
剣	1
剣が峰	3
剣の山	6
剣ケ峰	3
剣ヶ峰	3
剣鬼	1
剣客	0
剣玉	0
剣劇	0
剣戟	0
剣光	0
剣豪	0
剣山	1
剣士	1
剣歯虎	3
剣璽	1
剣術	0
剣術使い	5
剣峻	0
剣聖	0
剣石	1
剣先	0
剣先烏賊	4
剣帯	0
剣闘士	3
剣道	1
剣突	1
剣突く	1
剣呑	0
剣難	0
剣微塵子	3
剣付き鉄砲	5
剣舞	1
剣法	1
剣幕	1
剣竜	1
喧々囂々	0
喧しい	4
喧嘩	0
喧嘩腰	0
喧嘩早い	5
喧嘩別れ	4
喧嘩両成敗	6
喧喧囂囂	0
喧然	0
喧騒	0
喧伝	0
喧噪	0
圏	1
圏域	0
圏界面	3
圏外	1
圏谷	0
圏点	0
圏内	1
堅	1
堅い	0
堅さ	0
堅め	0
堅める	0
堅パン	0
堅果	1
堅気	0
堅魚	0
堅魚木	3
堅苦しい	5
堅固	1
堅剛	0
堅持	1
堅実	0
堅守	1
堅焼	0
堅焼き	0
堅城	0
堅信	0
堅信礼	3
堅振	0
堅人	0
堅陣	0
堅雪	0
堅太り	3
堅炭	0
堅調	0
堅忍	0
堅忍不抜	0
堅白同異	1
堅物	0
堅木	0
堅目	0
堅塁	0
堅累	0
堅牢	0
嫌	2
嫌々	0
嫌い	0
嫌う	0
嫌がらせ	0
嫌がる	3
嫌が上に	2
嫌が上にも	5
嫌み	3
嫌みたらしい	6
嫌や	1
嫌らしい	4
嫌われ者	0
嫌悪	1
嫌煙	0
嫌煙権	3
嫌韓	0
嫌忌	1
嫌気	0
嫌気性細菌	6
嫌疑	1
嫌味	3
嫌儲	1
建	1
建ち並ぶ	0
建っ端	1
建つ	1
建て	1
建てる	2
建て回す	0
建て込む	0
建て前	2
建て増し	0
建て増す	0
建て替え	0
建て替える	0
建て値	2
建て直し	0
建て直す	4
建て坪	2
建て売り	0
建て付け	0
建て網	0
建ぺい率	3
建屋	2
建学	0
建議	1
建久	0
建玉	0
建具	2
建具屋	0
建具師	3
建言	0
建国	0
建国記念の日	5
建込む	0
建材	0
建策	0
建仁	0
建水	0
建設	0
建設業	4
建設国債	5
建設省	4
建設大臣	5
建設的	0
建設費	3
建前	2
建増し	0
建造	0
建造物	3
建替え	0
建端	0
建値	2
建築	0
建築家	0
建築確認	5
建築学	4
建築業	4
建築史	4
建築士	4
建築物	4
建築面積	5
建長汁	5
建直し	0
建直す	4
建坪	2
建坪率	3
建売	0
建売り	0
建白	0
建白書	0
建碑	0
建付け	0
建武	1
建物	2
建蔽率	3
建網	0
建立	0
憲章	0
憲政	0
憲兵	0
憲法	1
憲法違反	5
憲法改正	1
憲法記念日	6
懸	0
懸かり	1
懸かる	2
懸け	0
懸ける	2
懸け隔たる	5
懸け隔てる	0
懸け橋	2
懸け合い	0
懸け紙	0
懸け詞	3
懸け巣	0
懸け物	2
懸け離れる	5
懸り	1
懸る	2
懸案	0
懸引き	2
懸架	0
懸崖	0
懸隔	0
懸隔たる	5
懸隔てる	0
懸橋	2
懸軍	0
懸合	0
懸合い	0
懸紙	0
懸詞	3
懸賞	0
懸垂	0
懸垂線	0
懸絶	0
懸想	2
懸想文	2
懸巣	0
懸濁	0
懸吊	0
懸念	0
懸仏	3
懸物	2
懸命	0
懸離れる	5
懸壅垂	3
懸獨	0
懸鉤子	2
拳	0
拳々服膺	0
拳玉	0
拳拳服膺	0
拳固	0
拳骨	0
拳銃	0
拳闘	0
拳法	1
拳万	0
拳螺	1
捲き起こる	4
捲き起る	4
捲き上げる	4
捲き落し	0
捲き落とし	0
捲く	0
捲したてる	5
捲し上げる	5
捲し立てる	5
捲り上げる	5
捲る	0
捲れる	0
捲土重来	1
検する	3
検める	4
検圧	0
検圧器	4
検案	0
検案書	0
検印	0
検疫	0
検疫所	0
検閲	0
検温	0
検温器	3
検眼	0
検眼鏡	0
検挙	1
検鏡	0
検見	1
検校	1
検査	1
検査官	3
検査法	0
検査役	3
検索	0
検察	0
検察官	4
検察審査会	7
検察庁	4
検札	0
検算	0
検屍	0
検死	0
検視	0
検事	1
検事局	3
検事控訴	4
検事正	3
検事総長	4
検字	0
検車	0
検収	0
検出	0
検証	0
検真	0
検診	0
検針	0
検束	0
検体	0
検知	1
検知器	3
検地	0
検潮器	3
検潮儀	3
検定	0
検定教科書	7
検定済	0
検定済み	0
検定試験	6
検定料	3
検電器	3
検糖計	0
検討	0
検尿	0
検認	0
検波	1
検波器	3
検番	0
検番芸者	5
検非違使	2
検非違使庁	4
検品	0
検分	0
検便	0
検面調書	5
検問	0
検問所	0
検流計	0
検痰	0
権	1
権威	1
権威筋	3
権威主義	4
権益	0
権化	1
権官	0
権原	3
権現	1
権現造	5
権現造り	5
権限	3
権衡	0
権高	1
権妻	0
権助	1
権臣	0
権瑞	0
権勢	1
権殿	0
権道	0
権能	0
権兵衛	1
権柄	0
権柄尽く	0
権謀	0
権謀術数	0
権幕	1
権門	0
権利	1
権利金	0
権利章典	4
権利落ち	0
権力	1
権力意志	5
権力者	3
権力政治	5
権力争い	5
権力闘争	5
権萃	0
牽く	0
牽引	0
牽引車	3
牽引療法	5
牽引力	3
牽牛子	3
牽牛星	3
牽強	0
牽強付会	0
牽制	0
牽制球	0
牽束	0
牽連	0
犬	2
犬かき	3
犬こうじゅ	3
犬ころ	3
犬ぞり	0
犬サフラン	4
犬猿	0
犬黄楊	2
犬香じゅ	3
犬香需	3
犬酸漿	3
犬死に	0
犬歯	1
犬侍	3
犬舎	1
犬種	1
犬儒	1
犬儒学派	4
犬小屋	0
犬樟	2
犬食い	0
犬神	0
犬神使い	5
犬掻き	3
犬畜生	5
犬張り子	3
犬張子	3
犬追物	3
犬釘	2
犬猫	3
犬馬	1
犬皮	1
犬枇杷	2
犬槙	2
犬鷲	2
犬橇	0
献げる	0
献じる	0
献ずる	0
献る	0
献詠	0
献花	1
献金	0
献血	0
献言	0
献策	0
献辞	0
献酌	0
献酬	0
献上	0
献身	0
献身的	0
献進	0
献体	0
献茶	0
献呈	0
献灯	0
献納	0
献杯	0
献盃	0
献物	0
献本	0
献木	0
献立	0
献立表	0
献饌	0
研き	0
研ぎ	2
研ぎたて	0
研ぎ師	2
研ぎ澄ます	4
研ぎ物	2
研ぎ物師	4
研ぎ立て	0
研く	0
研ぐ	1
研学	0
研究	0
研究員	3
研究家	0
研究科	0
研究会	3
研究開発	5
研究室	3
研究者	3
研究所	0
研究生	3
研究費	3
研削	0
研削盤	0
研修	0
研修医	3
研修会	3
研修所	0
研修生	3
研澄ます	4
研摩	1
研磨	1
研磨機	3
研鑽	0
研鑚	0
硯	3
硯石	3
硯洗い	4
硯箱	3
絹	1
絹ごし	0
絹ごし豆腐	5
絹さや	0
絹雲	0
絹雲母	3
絹猿	3
絹絵	2
絹行灯	3
絹漉し	0
絹漉し豆腐	5
絹糸	0
絹糸腺	0
絹糸紡績	4
絹織物	3
絹針	3
絹積雲	3
絹層雲	3
絹地	0
絹張り	0
絹皮	2
絹布	1
絹物	2
絹本	0
絹麻	2
絹綿	2
絹毛鼠	4
絹目	0
絹莢	0
県	1
県営	0
県下	1
県花	1
県会	0
県外	1
県議	1
県議会	3
県境	0
県警	0
県社	1
県人	0
県人会	3
県勢	0
県政	1
県税	0
県知事	3
県庁	1
県都	1
県道	0
県内	1
県費	1
県民	0
県有	0
県立	0
県令	0
県連	0
肩	1
肩あげ	2
肩あて	0
肩こり	2
肩ごし	0
肩すかし	3
肩たたき	3
肩衣	2
肩越し	0
肩掛	2
肩掛け	2
肩慣らし	3
肩寄せる	4
肩凝り	2
肩巾	0
肩口	2
肩甲骨	3
肩甲帯	0
肩山	0
肩車	3
肩書	0
肩書き	0
肩章	0
肩衝	2
肩上げ	2
肩身	1
肩先	0
肩息	3
肩帯	0
肩替わり	3
肩代り	3
肩代わり	3
肩叩き	3
肩当て	0
肩透かし	3
肩入れ	0
肩肘	0
肩部	1
肩幅	2
肩揚	2
肩揚げ	2
肩胛骨	3
見	1
見あげる	0
見あたる	0
見いだす	3
見い出す	3
見うける	0
見え	2
見えざる手	3
見えすく	0
見えっ張り	4
見えにくい	4
見える	2
見え隠れ	0
見え見え	0
見え透く	0
見え難い	4
見おろす	0
見かけ	0
見かける	0
見かけ倒し	4
見かねる	0
見くびる	3
見ごたえ	0
見ごろ	0
見しらぬ	0
見すえる	0
見すてる	0
見すぼらしい	5
見すます	0
見す見す	0
見ず知らず	1
見ず転	0
見せかけ	0
見せかける	0
見せしめ	0
見せつける	0
見せばや	0
見せびらかす	5
見せる	2
見せ掛け	0
見せ掛ける	0
見せ金	0
見せ所	3
見せ消ち	0
見せ場	3
見せ付ける	0
見せ物	3
見たてる	0
見たところ	1
見た所	1
見た目	1
見ちがえる	0
見つかる	0
見つくろう	4
見つけだす	4
見つける	0
見つけ出す	4
見つめる	0
見づらい	3
見てくれ	0
見て呉れ	0
見て取る	1
見とおす	0
見とがめる	0
見とる	0
見とれる	0
見どころ	0
見なおす	0
見なす	0
見なれる	0
見にくい	3
見のがす	0
見はらし	0
見ほれる	0
見まがう	3
見まごう	3
見まわす	0
見やすい	3
見やる	0
見ようみまね	2
見よう見まね	2
見よう見真似	2
見る	1
見るから	1
見る間に	1
見る見る	1
見る目	1
見れる	2
見わける	0
見わたす	0
見易い	3
見違い	0
見違える	0
見逸れる	0
見映	0
見映え	0
見栄	2
見栄え	0
見栄っぱり	4
見栄っ張り	4
見栄張る	3
見栄坊	3
見越し	0
見越す	0
見猿	2
見応え	2
見憶え	0
見下げる	0
見下げ果てる	5
見下す	0
見下ろす	0
見果てぬ	0
見果てる	0
見過ごす	3
見過す	3
見解	0
見回す	0
見回り	0
見回る	0
見廻す	0
見廻り	0
見開き	0
見開く	3
見覚え	0
見覚える	0
見較べる	0
見学	0
見学者	4
見掛け	0
見掛ける	0
見掛け倒し	4
見慣れる	0
見間違い	0
見間違える	5
見詰める	0
見境	0
見極め	0
見極める	4
見苦しい	4
見計らう	4
見兼ねる	0
見遣る	2
見限る	0
見誤る	4
見交わす	0
見向く	2
見好い	2
見好げ	2
見巧者	2
見高	1
見合	0
見合い	0
見合い結婚	4
見合う	2
見合せ	0
見合せる	0
見合わす	0
見合わせ	0
見合わせる	0
見合結婚	4
見惚れる	4
見込	0
見込み	0
見込み違い	4
見込む	0
見頃	0
見窄らしい	5
見殺し	0
見残す	3
見始	0
見始め	0
見事	1
見識	0
見識張る	5
見失う	0
見捨てる	0
見者	0
見取り図	3
見取る	0
見守る	0
見受ける	0
見収め	0
見習	0
見習い	0
見習い工	3
見習う	3
見出し	0
見出し語	0
見出す	3
見出だす	3
見処	0
見初める	0
見所	1
見上げる	0
見場	2
見神	0
見辛い	3
見尽くす	0
見据える	0
見澄ます	0
見世	2
見世構え	3
見世女郎	3
見世棚	2
見世物	3
見性	0
見晴し	0
見晴し台	0
見晴す	0
見晴らし	0
見晴らし台	0
見晴らす	0
見積	0
見積もり	0
見積もり書	0
見積もる	0
見積り	0
見積り書	0
見積る	0
見積書	0
見切り	0
見切り発車	4
見切り品	0
見切る	0
見繕う	4
見送り	0
見送り人	0
見送る	0
見送人	0
見損う	4
見損なう	4
見替える	1
見台	1
見知	1
見知らぬ	0
見知り	0
見知り越し	0
見知る	0
見地	1
見張り	0
見張り番	0
見張る	0
見直し	0
見直す	0
見通	0
見通し	0
見通す	0
見定める	4
見渡し	0
見渡す	0
見島牛	3
見当	3
見当たる	0
見当ちがい	5
見当る	0
見当違い	5
見蕩れる	0
見逃がす	0
見逃し	0
見逃す	0
見透かす	0
見透し	0
見得	1
見届ける	0
見馴れる	0
見難い	3
見入る	2
見納め	0
見破る	0
見抜く	2
見番	0
見比べる	0
見付	0
見付かる	0
見付き	0
見付け	0
見付ける	0
見付け出す	4
見附	0
見附け	0
見附ける	1
見附る	0
見舞	0
見舞い	0
見舞い客	2
見舞い金	0
見舞い状	0
見舞い品	0
見舞う	2
見仏	0
見仏聞法	5
見物	0
見物客	4
見物人	0
見分	0
見分け	0
見分ける	0
見紛う	3
見聞	0
見聞き	1
見聞覚知	5
見変える	0
見返	0
見返し	0
見返す	0
見返り	0
見返り資金	5
見返る	0
見放す	0
見方	3
見飽きる	0
見忘れる	4
見本	0
見本市	2
見本組み	0
見幕	1
見目	1
見目形	1
見目良い	3
見目麗しい	6
見様	2
見様見真似	2
見落	0
見落し	0
見落す	0
見落とし	0
見落とす	0
見離す	0
見立て	0
見立てる	0
見料	1
見良い	2
見劣り	0
見做す	0
見咎める	4
見戍る	0
見縊る	3
見霽かす	0
謙そん	0
謙る	4
謙虚	1
謙辞	1
謙称	0
謙譲	0
謙譲語	0
謙遜	0
謙遜語	0
謙抑	0
賢	1
賢い	3
賢しい	3
賢しら	0
賢愚	1
賢兄	0
賢妻	0
賢才	0
賢察	0
賢者	0
賢主	1
賢所	4
賢臣	0
賢人	0
賢弟	0
賢哲	0
賢答	0
賢夫人	3
賢母	1
賢明	0
賢木	0
賢慮	1
軒	0
軒下	0
軒丸瓦	5
軒昂	0
軒丈	2
軒数	3
軒先	0
軒端	0
軒灯	0
軒忍	3
軒樋	0
軒平瓦	5
軒並	0
軒並み	0
軒別	0
軒荵	3
軒輊	1
遣い	0
遣い果す	5
遣い果たす	5
遣い捨て	0
遣い手	0
遣い出	0
遣い切る	4
遣い物	0
遣い方	0
遣う	0
遣す	0
遣っつける	4
遣って行く	0
遣って退ける	0
遣って来る	4
遣っ付ける	4
遣っ付け仕事	5
遣らかす	0
遣らす	0
遣らずの雨	5
遣らせる	0
遣りこなす	4
遣りっ放し	0
遣りつける	4
遣りなおす	4
遣りにくい	4
遣り過ぎ	0
遣り過ぎる	4
遣り過す	4
遣り掛け	0
遣り繰り	2
遣り繰り算段	5
遣り口	2
遣り甲斐	0
遣り合う	3
遣り込める	4
遣り取り	2
遣り手	0
遣り手婆	4
遣り熟す	4
遣り出す	3
遣り場	0
遣り水	2
遣り遂げる	4
遣り損じ	0
遣り損じる	5
遣り損なう	5
遣り直し	0
遣り直す	4
遣り通す	3
遣り難い	4
遣り抜く	3
遣り付ける	4
遣り返す	3
遣り方	0
遣り様	0
遣る	0
遣るかたない	5
遣るかた無い	5
遣る気	0
遣る瀬ない	4
遣る瀬無い	4
遣る方ない	5
遣る方無い	5
遣わす	0
遣外	0
遣手	0
遣水	0
遣直	0
遣唐使	3
遣米	0
遣隋使	3
鍵	2
鍵っ子	0
鍵の手	3
鍵括弧	3
鍵穴	0
鍵盤	0
鍵盤楽器	5
険	1
険しい	3
険悪	0
険峻	0
険阻	1
険相	0
険呑	0
険難	0
険路	1
顕	1
顕す	3
顕れる	4
顕花植物	5
顕界	1
顕教	0
顕現	0
顕在	0
顕示	1
顕示性	3
顕彰	0
顕職	0
顕色	0
顕色剤	4
顕性	0
顕正	0
顕然	0
顕著	1
顕熱	1
顕微	1
顕微鏡	0
顕微鏡座	0
顕揚	0
顕要	0
顕露	1
験	0
験し	3
験す	2
験する	3
験の証拠	4
験算	0
験者	1
験直し	3
鹸化	0
元	1
元々	0
元い	2
元どおり	3
元の木阿弥	1
元へ	2
元より	1
元永	0
元応	0
元価	1
元歌	0
元気	1
元気づける	5
元気付く	4
元気付ける	5
元亀	1
元兇	0
元凶	0
元金	1
元勲	0
元型	0
元慶	0
元結	3
元結い	3
元元	0
元高	2
元号	3
元込め	0
元込め銃	4
元三	0
元始	1
元始祭	3
元手	0
元首	1
元仁	0
元帥	1
元帥府	3
元姓	0
元正	0
元請	0
元請け	0
元栓	0
元祖	1
元素	1
元素記号	4
元素鉱物	4
元素周期律	6
元旦	0
元値	0
元中	0
元帳	0
元朝	0
元通り	3
元締	0
元締め	0
元徳	0
元日	0
元年	1
元売	0
元売り	0
元肥え	0
元標	0
元服	0
元払い	3
元文	0
元方	0
元本	1
元来	1
元利	1
元老	0
元老院	3
元禄	1
元禄袖	4
元和	0
元寇	0
原	1
原っぱ	1
原案	0
原意	1
原因	0
原因療法	5
原液	0
原猿類	3
原音	0
原価	1
原価管理	4
原価計算	4
原価主義	4
原画	0
原核生物	5
原器	1
原義	1
原級	0
原牛	0
原拠	1
原曲	0
原句	0
原型	0
原形	0
原形質	3
原語	0
原口	0
原稿	0
原稿用紙	5
原稿料	3
原鉱	0
原告	0
原告適格	5
原裁判	3
原裁判所	0
原材料	3
原罪	0
原作	0
原作者	3
原索動物	5
原産	0
原産地	3
原史時代	4
原始	1
原始時代	4
原始宗教	4
原始人	3
原始星	3
原始的	0
原始仏教	4
原始林	3
原子	1
原子エネルギー	5
原子雲	4
原子価	3
原子核	3
原子核分裂	6
原子核崩壊	6
原子時計	4
原子時代	4
原子説	3
原子団	3
原子爆弾	4
原子番号	4
原子病	0
原子物理学	6
原子兵器	4
原子砲	0
原子量	3
原子力	3
原子力潜水艦	0
原子力船	0
原子力発電	6
原子力発電所	0
原子炉	3
原子論	3
原糸	0
原紙	0
原詩	0
原資	1
原資料	3
原種	0
原酒	0
原住民	3
原獣類	3
原初	1
原書	0
原状	0
原色	0
原色版	0
原審	0
原人	0
原図	0
原水爆	3
原寸	0
原生	0
原生代	3
原生動物	5
原生林	3
原石	0
原籍	0
原潜	0
原素	1
原像	0
原則	0
原則的	0
原体験	3
原隊	1
原題	0
原茸	2
原単位	3
原注	0
原虫	0
原註	0
原著	1
原腸	1
原典	0
原点	1
原頭	0
原動	0
原動機	3
原動力	3
原乳	0
原爆	0
原爆症	0
原発	0
原発性免疫不全症候群	0
原発巣	4
原判決	3
原反	0
原板	0
原版	0
原盤	0
原被	1
原尾類	3
原票	0
原品	0
原付	0
原付き	0
原風景	3
原物	0
原文	0
原簿	0
原本	1
原末	0
原綿	0
原毛	0
原木	0
原野	1
原薬	0
原油	0
原由	0
原理	1
原理主義	4
原理主義者	5
原料	3
原論	0
厳	1
厳い	0
厳か	2
厳しい	3
厳しさ	3
厳つい	0
厳に	1
厳めしい	4
厳科	1
厳戒	0
厳戒態勢	5
厳格	0
厳寒	0
厳禁	0
厳君	1
厳訓	0
厳刑	0
厳酷	0
厳守	1
厳重	0
厳粛	0
厳暑	1
厳正	0
厳責	0
厳選	0
厳然	0
厳存	0
厳達	0
厳探	0
厳談	0
厳冬	0
厳冬期	3
厳罰	0
厳秘	1
厳父	1
厳封	0
厳密	0
厳命	0
厳逹	0
幻	0
幻影	0
幻影肢	3
幻怪	0
幻覚	0
幻覚症状	5
幻月	1
幻肢痛	0
幻視	0
幻歯痛	0
幻獣	0
幻術	0
幻想	0
幻想曲	3
幻想的	0
幻像	0
幻聴	0
幻灯	0
幻日	0
幻夢	1
幻滅	0
幻妖	0
幻惑	0
弦	1
弦音	0
弦歌	1
弦楽	0
弦楽器	3
弦楽四重奏	6
弦巻	2
弦妓	1
弦鋸	1
弦月	1
弦袋	3
弦鍋	0
弦鳴楽器	5
減	1
減じる	0
減ずる	0
減らす	0
減らず口	0
減り	0
減り込む	3
減り張り	0
減る	0
減圧	0
減圧症	0
減員	0
減益	0
減塩	0
減塩食	3
減価	0
減価償却	4
減額	0
減感	0
減却	0
減給	0
減菌	0
減刑	0
減光	0
減号	3
減債	0
減債基金	6
減作	0
減殺	0
減産	0
減算	0
減資	0
減車	0
減収	0
減少	0
減食	0
減水	0
減衰	0
減衰器	3
減衰量	3
減数	3
減数分裂	5
減税	0
減速	0
減速材	4
減損	0
減退	0
減段	0
減点	0
減配	0
減反	0
減封	0
減俸	0
減法	0
減摩	1
減磨	1
減免	0
減耗	0
減量	0
源	0
源五郎	0
源五郎鮒	6
源氏	0
源氏星	3
源氏名	3
源泉	0
源泉課税	5
源泉徴収	5
源平	0
源平時代	5
源流	0
玄翁	3
玄黄	0
玄関	1
玄関口	3
玄関先	0
玄関番	3
玄関払い	5
玄室	0
玄昌石	3
玄人	1
玄人はだし	5
玄人筋	4
玄人裸足	1
玄人跣	1
玄孫	0
玄猪	1
玄鳥	0
玄兎	1
玄冬	0
玄同	0
玄能	3
玄麦	0
玄蕃寮	3
玄武	1
玄武岩	3
玄米	1
玄米茶	3
玄圃梨	3
玄妙	0
現	1
現し世	3
現す	3
現ずる	0
現つ	0
現つ御神	4
現なま	0
現に	1
現の証拠	4
現れ	0
現れる	4
現わす	3
現われる	4
現われ出る	5
現員	0
現下	1
現価	1
現況	0
現業	0
現業員	3
現業官庁	5
現金	3
現金自動支払機	10
現金書留	5
現金通貨	5
現金買い	0
現金売り	0
現金払い	5
現金問屋	5
現御神	4
現行	0
現行犯	3
現行法	0
現高	0
現号	3
現国	0
現今	1
現在	1
現在価値	5
現在完了	5
現在形	0
現在高	3
現在世	3
現在値	3
現在地	3
現在分詞	5
現時点	1
現実	0
現実化	0
現実界	4
現実主義	5
現実主義者	6
現実性	0
現実的	0
現実味	4
現実離れ	5
現尺	0
現住所	3
現出	0
現象	0
現象界	3
現象学	3
現象学的社会学	10
現象論	3
現場	0
現場監督	4
現場検証	4
現場中継	4
現状	0
現状維持	5
現職	0
現神	3
現人神	4
現数	3
現世	1
現世利益	4
現勢	0
現生	0
現先取引	5
現前	0
現然	0
現送	0
現像	0
現像液	3
現存	0
現存在	3
現代	1
現代音楽	5
現代化	0
現代仮名遣	7
現代仮名遣い	7
現代劇	3
現代語	0
現代人	3
現代的	0
現代版	0
現代文	0
現段階	3
現地	1
現地報告	4
現地法人	4
現調	1
現津御神	4
現任	0
現認	0
現品	1
現物	0
現物給付	5
現物給与	5
現法	0
現役	0
現有	0
絃	0
絃歌	1
絃楽	0
絃楽器	3
絃妓	1
絃声	0
舷	0
舷窓	0
舷側	0
舷梯	0
舷灯	0
舷頭	0
舷門	0
言	1
言々	0
言々句々	5
言いかえる	3
言いかける	4
言いがかり	0
言いがたい	4
言いきかせる	5
言いきる	3
言いくるめる	5
言いこなす	4
言いさす	3
言いそびれる	5
言いたい放題	5
言いだす	3
言いつけ	0
言いつける	4
言いなおす	4
言いなり	0
言いにくい	4
言いはる	3
言いふらす	4
言いまくる	4
言いやる	3
言いよう	0
言い違い	0
言い違える	5
言い過ぎ	0
言い過ぎる	4
言い過ごす	4
言い回し	0
言い回す	4
言い開き	0
言い開く	4
言い掛かり	0
言い掛ける	4
言い換え	0
言い換える	4
言い間違い	0
言い丸める	5
言い含める	5
言い寄る	3
言い及ぶ	4
言い継ぐ	3
言い兼ねる	4
言い捲る	4
言い遣る	3
言い現す	5
言い古す	4
言い誤る	5
言い交す	4
言い交わす	4
言い広める	5
言い甲斐	0
言い合い	0
言い合う	3
言い合わせる	5
言い込める	4
言い散らす	4
言い残す	4
言い始める	5
言い止す	3
言い捨てる	4
言い種	0
言い習わし	0
言い習わす	5
言い渋る	4
言い熟す	4
言い出しっ屁	4
言い出す	3
言い条	0
言い触らす	4
言い振り	0
言い尽くす	4
言い尽す	4
言い成り	0
言い成り放題	5
言い切る	3
言い繕う	5
言い争い	0
言い争う	5
言い草	0
言い送る	4
言い足す	3
言い続ける	5
言い損なう	5
言い替え	0
言い替える	4
言い値	0
言い知れぬ	4
言い置く	3
言い張る	3
言い直し	0
言い直す	4
言い通す	3
言い添える	4
言い伝え	0
言い伝える	5
言い渡し	0
言い渡す	4
言い当てる	4
言い逃がれ	0
言い逃れ	0
言い逃れる	5
言い難い	4
言い破る	4
言い抜け	0
言い抜ける	4
言い表す	5
言い表わす	5
言い付かる	4
言い付け	0
言い付ける	4
言い負かす	4
言い負ける	4
言い伏せる	4
言い分	0
言い分け	0
言い紛らす	5
言い聞かす	4
言い聞かせる	5
言い返す	3
言い募る	4
言い暮らす	4
言い包める	5
言い放つ	4
言い方	0
言い訳	0
言い諭す	4
言い様	0
言い淀む	4
言い落す	4
言い立てる	4
言い漏らす	4
言い做す	3
言い囃す	4
言い籠める	4
言う	0
言うなれば	3
言える	3
言っぱ	1
言づける	4
言づて	0
言の葉	3
言わす	0
言わずもがな	0
言わず語らず	0
言わでも	3
言わぬが花	6
言わば	1
言わんや	2
言わ猿	3
言違い	0
言違える	5
言下	0
言過ぎ	0
言過ぎる	4
言過ごす	4
言回し	0
言回す	4
言開き	0
言開く	4
言外	0
言掛かり	0
言掛ける	4
言換え	0
言換える	4
言丸める	5
言含める	5
言寄る	3
言及	0
言及ぶ	4
言挙げ	0
言継ぐ	3
言兼ねる	4
言捲る	4
言遣る	3
言言	0
言言句句	5
言古す	4
言語	1
言語運用	4
言語学	3
言語活動	4
言語行為	4
言語行動	4
言語社会学	5
言語障害	4
言語心理学	6
言語生活	4
言語相対説	6
言語地図	4
言語地理学	5
言語中枢	4
言語同断	1
言語道断	1
言語道斷	1
言語能力	4
言語遊戯	4
言語論的転回	8
言誤る	5
言交す	4
言交わす	4
言広める	5
言甲斐	0
言行	0
言行一致	0
言行録	3
言合い	0
言合う	3
言合わせる	5
言込める	4
言魂	0
言散らす	4
言残す	4
言止す	3
言辞	1
言質	1
言捨てる	4
言種	0
言習わし	0
言習わす	5
言渋る	4
言祝ぐ	3
言出しっ屁	4
言出す	3
言述	0
言上	0
言条	0
言触らす	4
言振り	0
言尽くす	4
言成り	0
言責	0
言切る	3
言説	0
言繕う	5
言争い	0
言争う	5
言草	0
言送る	4
言足す	3
言損なう	5
言替え	0
言替える	4
言値	0
言知れぬ	4
言置く	3
言張る	3
言直し	0
言直す	4
言通す	3
言添える	4
言伝	0
言伝え	0
言伝える	5
言伝て	0
言渡し	0
言渡す	4
言当てる	4
言逃れ	0
言逃れる	5
言動	0
言難い	1
言破る	4
言抜け	0
言抜ける	4
言表す	5
言付かる	4
言付け	0
言付ける	4
言負かす	4
言負ける	4
言伏せる	4
言分	0
言分け	0
言紛らす	5
言文一致	0
言聞かす	4
言聞かせる	5
言偏	0
言返す	3
言募る	4
言暮らす	4
言放つ	4
言方	0
言明	0
言訳	0
言諭す	4
言様	0
言葉	3
言葉つき	0
言葉づかい	4
言葉のあや	6
言葉の綾	6
言葉遣い	4
言葉後	0
言葉使い	4
言葉質	0
言葉書き	0
言葉少な	4
言葉尻	0
言葉数	4
言葉典	0
言葉付き	0
言葉遊び	4
言淀む	4
言落す	4
言立てる	4
言霊	0
言漏らす	4
言論	0
言論の自由	7
言論機関	8
言論統制	5
言做す	3
言囃す	4
言籠める	4
諺	0
諺語	1
諺文	0
限	2
限り	1
限りない	4
限り無い	4
限り無し	0
限る	2
限界	0
限界効用	5
限界効用逓減の法則	5
限界消費性向	8
限界状況	5
限界貯蓄性向	8
限界費用	5
限外	0
限外顕微鏡	0
限外濾過	5
限局	0
限月	0
限性遺伝	5
限定	0
限定子	3
限定詞	3
限定出版	5
限定戦争	5
限定版	0
限度	1
限度額	3
限無し	0
乎古止点	0
乎己止点	0
個	1
個々	1
個々に	0
個々人	2
個々別々	1
個々別別	1
個個	1
個個に	0
個個人	2
個個別別	1
個室	0
個社	1
個所	1
個条	0
個条書き	0
個人	1
個人タクシー	4
個人企業	4
個人教授	4
個人経営	4
個人語	0
個人差	2
個人主義	4
個人戦	0
個人的	0
個人年金	4
個人名	2
個人倫理	4
個数	2
個性	1
個性的	0
個体	0
個体群	2
個体群生態学	8
個体差	2
個体発生	4
個虫	1
個展	0
個当り	2
個物	1
個別	0
個目	1
古	0
古い	2
古え	0
古き	0
古く	1
古くさい	4
古す	0
古びる	3
古ぼける	4
古めかしい	5
古意	1
古医方	2
古井戸	0
古往今来	1
古屋	2
古音	1
古家	1
古歌	1
古河	2
古画	1
古雅	1
古格	0
古学	1
古楽	1
古株	0
古顔	0
古器	1
古希	1
古期造山帯	5
古稀	1
古記	1
古記録	2
古儀	1
古義	1
古強者	4
古曲	1
古金	0
古句	1
古訓	0
古血	2
古賢	1
古言	0
古諺	0
古狐	3
古語	1
古語辞典	3
古豪	0
古惚ける	4
古今	1
古今東西	1
古今独歩	1
古今無双	1
古細菌	2
古参	0
古史	1
古紙	1
古詩	1
古事	1
古事記	3
古事来歴	1
古字	1
古寺	1
古時計	3
古式	1
古写本	2
古社寺	2
古手	0
古酒	1
古臭い	4
古書	1
古女	0
古傷	0
古称	0
古城	0
古色	1
古色蒼然	1
古新聞	3
古神道	2
古人	1
古制	1
古生界	2
古生代	2
古生物	2
古生物学	5
古聖	0
古昔	1
古跡	0
古蹟	0
古切れ	0
古拙	0
古説	0
古川	2
古戦場	0
古泉学	2
古銭	0
古銭学	2
古創	0
古層	0
古巣	0
古草	0
古俗	1
古体	0
古代	1
古代語	0
古代紫	5
古狸	3
古地図	2
古地理	2
古池	0
古茶	1
古着	0
古着屋	0
古注	0
古註	0
古漬	0
古漬け	0
古鉄	0
古典	0
古典音楽	4
古典芸能	4
古典語	0
古典主義	4
古典的	0
古典的条件づけ	0
古典的条件付け	0
古典物理学	6
古典文学	4
古典力学	5
古典論理学	6
古伝	0
古渡り	2
古都	1
古刀	0
古陶	0
古道	0
古道具	3
古道具屋	0
古馴染み	3
古馬	1
古版	0
古皮質	2
古備前	2
古美術	2
古筆	0
古筆家	0
古武士	1
古風	1
古服	0
古物	1
古物商	3
古墳	0
古墳時代	4
古文	1
古文学	2
古文字	0
古文書	0
古文書学	4
古兵	1
古米	0
古方	1
古法	1
古墨	1
古本	0
古本屋	0
古名	0
古木	0
古訳	0
古謡	0
古来	1
古里	2
古流	1
古例	0
古老	0
古刹	0
古址	1
古潭	1
古疵	0
古祠	1
古譚	1
呼ばれる	0
呼ばわり	0
呼ばわる	3
呼び	0
呼びかけ	0
呼びかける	4
呼びつける	4
呼びりん	0
呼び塩	0
呼び屋	0
呼び覚ます	4
呼び掛け	0
呼び掛ける	4
呼び慣れる	4
呼び寄せる	4
呼び起こす	4
呼び起す	4
呼び交わす	4
呼び合う	3
呼び込み	0
呼び込む	3
呼び子	0
呼び止める	4
呼び捨て	0
呼び習わす	5
呼び集める	5
呼び出し	0
呼び出し状	0
呼び出し電話	5
呼び出す	3
呼び上げる	4
呼び水	0
呼び声	0
呼び値	0
呼び入れる	4
呼び売り	0
呼び樋	0
呼び付ける	4
呼び物	0
呼び返す	3
呼び名	0
呼び戻し	0
呼び戻す	4
呼び立てる	4
呼び留める	4
呼び鈴	0
呼ぶ	0
呼ぶ子鳥	3
呼応	0
呼格	0
呼掛ける	4
呼慣れる	4
呼寄せる	4
呼気	1
呼起	1
呼起こす	4
呼起す	4
呼吸	0
呼吸運動	4
呼吸器	2
呼吸筋	0
呼吸酵素	4
呼吸困難	4
呼吸鎖	2
呼吸中枢	4
呼号	0
呼込み	0
呼子	0
呼子鳥	3
呼習わす	5
呼出	0
呼出し	0
呼出し電話	5
呼出す	3
呼出電話	5
呼称	0
呼水	0
呼声	1
呼値	0
呼入れる	4
呼付ける	4
呼名	0
呼戻し	0
呼戻す	4
呼鈴	0
固い	0
固さ	0
固まり	0
固まる	0
固め	0
固める	0
固より	1
固化	1
固苦しい	5
固形	0
固形燃料	4
固形物	2
固結び	3
固持	1
固辞	1
固執	0
固守	1
固焼	0
固焼き	0
固相	0
固太り	0
固唾	0
固体	0
固体燃料	4
固体物理学	6
固着	0
固着観念	4
固定	0
固定為替相場制	0
固定観念	4
固定給	2
固定金利	4
固定子	2
固定資産	4
固定資産税	5
固定相場制	0
固定長	2
固定費	2
固定費用	4
固定票	0
固定負債	4
固電	0
固目	0
固有	0
固有運動	4
固有種	2
固有値	2
固有名詞	4
固溶体	0
固練り	0
固茹で	0
固陋	0
姑	0
姑洗	0
姑息	0
姑娘	1
孤	3
孤影	0
孤雁	1
孤客	0
孤軍	1
孤軍奮闘	1
孤剣	1
孤高	0
孤児	1
孤児院	2
孤弱	0
孤愁	0
孤舟	0
孤城	1
孤城落日	0
孤絶	0
孤島	0
孤灯	0
孤独	0
孤帆	0
孤立	0
孤立化	0
孤立語	0
孤立主義	4
孤立無援	0
孤塁	0
己	0
己がじし	4
己が自	4
己れ	0
己卯	0
己丑	0
己惚れ	0
己惚れ鏡	5
己惚鏡	5
己等	1
己巳	1
己様	0
庫	2
庫院	2
庫堂	0
庫内	1
庫入れ	0
庫裏	1
庫裡	1
弧	1
弧光	0
弧状	0
弧線	0
弧度	1
弧灯	0
戸	0
戸外	1
戸冠	2
戸建	0
戸建て	0
戸戸	1
戸口	0
戸口調査	4
戸車	2
戸主	1
戸主権	2
戸障子	2
戸垂れ	0
戸数	2
戸籍	0
戸籍抄本	4
戸籍謄本	4
戸籍簿	3
戸袋	2
戸棚	0
戸締まり	2
戸締り	2
戸当たり	2
戸当り	2
戸板	0
戸板平目	4
戸板返し	4
戸部	1
戸閉蜘蛛	4
戸別	0
戸別訪問	4
戸毎	2
戸立蜘蛛	4
戸惑い	0
戸惑う	3
故	0
故ありげ	4
故あり気	4
故ない	2
故に	2
故意	1
故意犯	2
故旧	1
故郷	2
故吾	1
故国	1
故殺	0
故山	1
故紙	1
故事	1
故事来歴	1
故実	1
故主	1
故障	0
故人	1
故知	1
故智	1
故買	0
故無い	2
故里	2
故老	0
故址	1
枯らす	0
枯らびる	3
枯ればむ	3
枯れる	0
枯れ果てる	4
枯れ枯れ	0
枯れ山水	3
枯れ枝	0
枯れ草	0
枯れ尾花	3
枯れ木	0
枯れ野	0
枯れ葉	0
枯渇	0
枯山水	3
枯枝	0
枯死	1
枯燥	0
枯草	0
枯草菌	0
枯草熱	2
枯淡	0
枯尾花	3
枯木	0
枯木寒巌	0
枯野	0
枯葉	0
枯葉剤	3
枯露柿	2
湖	3
湖岸	0
湖沼	0
湖沼学	2
湖沼型	0
湖上	0
湖心	0
湖水	0
湖底	0
湖畔	0
湖風	1
湖面	0
狐	0
狐うどん	4
狐の嫁入り	0
狐の手袋	6
狐猿	4
狐火	3
狐格子	4
狐疑	1
狐疑逡巡	1
狐拳	0
狐色	0
狐窓	4
狐鯛	3
狐狸	1
狐塚	3
狐日和	4
狐付き	3
狐憑き	3
狐薊	4
狐饂飩	4
糊	2
糊する	2
糊空木	3
糊口	0
糊精	0
糊代	0
糊塗	1
糊付け	0
袴	3
袴着	3
袴能	3
股	2
股引	0
股引き	0
股下	0
股火	2
股割り	0
股間	0
股間節	2
股関節	2
股肱	1
股座	0
股座膏薬	5
股上	0
股摺れ	0
股動脈	2
股肉	2
股白蝙蝠	5
股木	2
股立	0
股立ち	0
股旅	0
胡瓜	1
胡瓜魚	3
胡鬼板	2
胡弓	0
胡琴	0
胡国	1
胡坐	0
胡坐鼻	3
胡散	0
胡散臭い	5
胡床	0
胡孫眼	1
胡蝶	1
胡蝶蘭	2
胡桃	0
胡桃割り	3
胡桃油	4
胡銅器	0
胡粉	0
胡蜂	3
胡魔化す	3
胡麻	0
胡麻すり	0
胡麻の蝿	0
胡麻みそ	0
胡麻塩	0
胡麻塩頭	5
胡麻化し	0
胡麻化す	3
胡麻鯖	2
胡麻酢	0
胡麻垂れ	0
胡麻豆腐	3
胡麻斑海豹	5
胡麻磨り	0
胡麻味噌	0
胡麻木	0
胡麻油	3
胡麻和え	0
胡麻擂	3
胡麻擂り	0
胡麻韲え	0
胡乱	0
胡椒	2
胡椒鯛	2
胡盧	1
胡蘆	1
胡蘿蔔	0
胡頽子	1
菰	1
菰蓆	3
虎	0
虎の巻	0
虎の子	0
虎の尾	3
虎の尾羊歯	5
虎ばさみ	3
虎河豚	0
虎刈り	0
虎冠	3
虎魚	2
虎挟み	3
虎穴	0
虎口	0
虎子	0
虎視眈々	1
虎視眈眈	1
虎児	1
虎狩り	0
虎杖	0
虎頭	3
虎猫	0
虎斑	0
虎斑木菟	3
虎髭	0
虎落	0
虎落笛	4
虎狼	0
虎嘯	0
虎榜	0
虎鬚	0
虎鱚	0
虎鶫	3
誇らか	2
誇らしい	4
誇らしげ	4
誇らし気	4
誇り	0
誇り顔	0
誇る	2
誇示	1
誇称	0
誇色	0
誇大	0
誇大広告	4
誇大妄想	4
誇大妄想狂	0
誇張	0
誇張法	0
跨がる	3
跨ぎ	0
跨ぐ	2
跨る	3
跨座式	2
跨線橋	0
跨道橋	0
雇	2
雇い	0
雇い主	3
雇い人	0
雇い入れる	0
雇う	2
雇員	1
雇主	2
雇人	0
雇傭	0
雇傭者	2
雇用	0
雇用者	2
雇用主	2
雇用調整	4
雇用保険	4
顧みる	4
顧る	4
顧客	0
顧問	1
顧問官	2
顧問弁護士	6
顧慮	1
鼓	3
鼓す	1
鼓する	2
鼓弓	0
鼓索	0
鼓室	0
鼓手	1
鼓吹	0
鼓騒	0
鼓脹	0
鼓腸	0
鼓笛	0
鼓笛隊	0
鼓動	0
鼓舞	1
鼓腹	1
鼓腹撃壌	1
鼓膜	0
鼓譟	0
五	1
五つ	2
五つ子	0
五悪	1
五位鷺	0
五右衛門風呂	0
五黄	0
五音	0
五音々階	4
五音音階	4
五加	0
五加木	0
五果	1
五菓	1
五戒	0
五街道	2
五角	3
五角形	2
五官	0
五感	0
五眼	1
五畿	1
五畿七道	1
五畿内	2
五具足	2
五刑	0
五形	0
五経	0
五月	1
五月闇	0
五月雨	0
五月雨式	0
五月祭	3
五月人形	4
五月晴	0
五月晴れ	0
五月蝿い	3
五月病	0
五月幟	4
五月蠅い	3
五月躑躅	4
五絃	0
五言絶句	4
五言律詩	4
五胡十六国	1
五光	0
五公五民	0
五更	0
五行	1
五香粉	3
五穀	1
五彩	0
五罪	1
五山	1
五指	1
五七	0
五七の桐	0
五七桐	0
五七調	0
五七日	3
五舎	1
五爵	1
五種競技	3
五十	0
五十音	2
五十音順	0
五十音図	4
五十肩	2
五十三次	4
五十雀	2
五十日	2
五十歩百歩	5
五十路	0
五重	0
五重の塔	4
五重唱	2
五重奏	2
五重塔	5
五旬節	2
五書	1
五女	1
五常	0
五情	1
五色	1
五色鳥	3
五色揚	3
五色揚げ	3
五色鶸	4
五辛	1
五人組	0
五人囃子	4
五寸くぎ	2
五寸釘	2
五摂家	2
五節	0
五節句	2
五線	0
五線記譜法	5
五線紙	2
五線譜	2
五臓	0
五臓六腑	4
五族共和	1
五族協和	1
五体	1
五体投地	4
五代	1
五代十国	1
五大	1
五大湖	2
五大州	2
五大洲	2
五大明王	6
五大洋	2
五大老	2
五段	0
五段活用	4
五男	2
五智如来	3
五斗米	0
五斗米道	3
五斗味噌	0
五島鯨	4
五等爵	2
五徳	0
五日	3
五念門	2
五倍子	1
五倍子の木	3
五番目物	0
五百	1
五風十雨	4
五分	1
五分刈り	0
五分五分	0
五文字	2
五辺形	2
五奉行	2
五味	1
五明	0
五目	0
五目そば	4
五目蕎麦	4
五目寿司	3
五目飯	0
五目並べ	4
五目鮨	3
五夜	1
五葉	0
五葉松	2
五里霧中	1
五倫	0
五輪	0
五輪の塔	5
五輪旗	2
五芒	0
五葷	0
五蘊	0
五體	1
互い	0
互いに	0
互い違い	4
互角	0
互換	0
互換機	2
互換性	0
互恵	0
互恵関税	4
互恵条約	4
互恵貿易	4
互市	1
互酬性	0
互助	1
互助会	2
互譲	0
互生	0
互先	0
互選	0
伍	1
伍す	1
伍する	2
伍つ	2
伍長	1
午	2
午すぎ	0
午過ぎ	0
午後	1
午後一	2
午后	1
午刻	1
午餐	0
午餐会	2
午睡	0
午前	1
午前中	0
午前様	4
午飯	1
午砲	0
呉々も	3
呉れる	0
呉れ呉れも	3
呉れ手	0
呉越	1
呉越同舟	1
呉音	0
呉呉も	3
呉須	0
呉竹	0
呉服	0
呉服屋	0
呉服尺	0
呉服商	3
呉服店	3
呉服物	0
呉茱萸	0
呉蓙	2
吾	1
吾が	1
吾が輩	0
吾ら	1
吾兄	1
吾妻	1
吾妻コート	4
吾妻鏡	4
吾子	1
吾人	1
吾嬬	1
吾等	1
吾輩	0
吾妹	1
吾妹子	3
吾亦紅	3
吾木香	3
娯しい	3
娯楽	0
娯楽室	3
娯楽場	0
後	1
後々	0
後じさり	3
後じさる	4
後じん	0
後ずさり	3
後ずさる	4
後の月	2
後の祭	1
後の祭り	1
後の世	4
後ほど	0
後らす	0
後らせる	0
後れ	0
後ればせ	0
後れる	0
後れ馳せ	0
後れ毛	0
後ろ	0
後ろだて	0
後ろめたい	5
後ろ暗い	5
後ろ影	4
後ろ向き	0
後ろ合せ	4
後ろ合わせ	4
後ろ姿	4
後ろ指	3
後ろ手	0
後ろ楯	0
後ろ身頃	4
後ろ前	3
後ろ足	0
後ろ鉢巻	5
後ろ髪	0
後ろ明き	0
後ピン	0
後遺症	0
後逸	0
後胤	0
後臼歯	3
後衛	0
後援	0
後援会	3
後援者	3
後押し	2
後家	0
後家蜘蛛	0
後架	1
後回し	3
後悔	1
後学	0
後釜	0
後患	0
後期	1
後期印象派	1
後期中等教育	1
後記	1
後詰め	0
後脚	2
後宮	0
後金	0
後屈	0
後軍	0
後形質	3
後景	0
後継	0
後継ぎ	2
後継者	3
後月	2
後件	0
後見	0
後見座	0
後見人	0
後顧	1
後顧の憂い	1
後後	0
後光	1
後口	0
後口動物	5
後向き	0
後攻	0
後攻め	0
後甲板	3
後項	0
後刻	1
後込み	3
後昆	0
後座	2
後妻	0
後作	0
後山	0
後産	2
後仕舞	3
後嗣	1
後始末	3
後姿	4
後指	0
後肢	1
後事	1
後七日	3
後室	0
後者	1
後車	1
後取息子	5
後手	0
後出	0
後述	0
後書	0
後書き	0
後場	1
後身	0
後進	0
後進国	3
後人	0
後塵	0
後陣	0
後世	1
後世方	2
後成説	3
後生	0
後生一生	1
後生大事	1
後生動物	5
後先	1
後送	0
後足	2
後続	0
後退	0
後退り	3
後退る	1
後退的論証	0
後代	1
後炭	0
後端	0
後段	0
後知恵	0
後置	1
後置詞	3
後朝	2
後追い	0
後追い心中	5
後程	0
後天	0
後天性	0
後天性免疫不全症候群	16
後天的	0
後添い	0
後添え	0
後転	0
後唐	0
後頭	0
後頭部	3
後頭葉	3
後難	0
後日	1
後日談	3
後日物語	6
後日譚	3
後任	0
後年	0
後納	0
後脳	0
後背地	3
後輩	0
後配株	3
後発	0
後発々展途上国	10
後発発展途上国	10
後半	0
後半期	3
後半生	3
後半戦	0
後備	1
後尾	1
後氷期	3
後付け	0
後腐れ	0
後部	1
後腹	0
後腹膜	3
後払い	3
後仏	0
後片付け	3
後篇	0
後編	0
後便	0
後報	0
後方	0
後棒	0
後味	0
後目	0
後戻り	3
後門	0
後夜	1
後夜祭	3
後厄	0
後葉	0
後略	0
後流	0
後梁	1
後輪	0
後列	1
後翅	1
後裔	0
後鰓類	3
御々	1
御々足	0
御したし	3
御しやすい	4
御し易い	4
御する	2
御す文字	2
御の字	3
御ませ	2
御愛でたい	4
御愛想	2
御挨拶	2
御握り	2
御姐さん	2
御安い	0
御偉方	0
御意	1
御意見番	3
御為ごかし	4
御衣	1
御一新	2
御稲荷さん	2
御蔭	0
御蔭参り	4
御蔭様	0
御陰	0
御隠れ	0
御宇	1
御羽車	3
御影	1
御影石	3
御詠	0
御詠歌	2
御越し	0
御宴	0
御苑	0
御恩	2
御下がり	2
御下り	2
御下地	3
御下問	0
御化け	2
御化け暦	4
御伽	0
御伽の国	0
御伽草子	4
御伽噺	4
御伽話	4
御家芸	3
御家人	0
御家騒動	4
御家流	0
御暇	0
御河童	0
御火焼	0
御火焚	0
御花畑	4
御花料	3
御荷物	2
御菓子	2
御芽出度い	4
御芽出度う	0
御会式	0
御絵書き	2
御絵描き	2
御開き	2
御殻	0
御岳	1
御株	0
御釜	0
御粥	0
御冠	0
御寒い	0
御丸	0
御眼鏡	2
御願い	0
御器噛	3
御器蔓	2
御機嫌	0
御機嫌よう	5
御機嫌斜め	6
御帰り	0
御帰りなさい	6
御気に入り	0
御詰	0
御詰め	0
御客さん	0
御客様	4
御休み	0
御許	0
御供	2
御供え	0
御侠	2
御強	0
御局	0
御玉	2
御玉杓子	4
御勤め	0
御勤め品	0
御金	0
御苦労	2
御苦労様	2
御兄さん	2
御形	0
御慶	0
御経	0
御迎え	0
御欠	2
御欠き	2
御決まり	0
御決り	0
御結び	2
御月様	1
御見逸れ	0
御見外れ	0
御遣い	0
御言	0
御言葉	0
御古	2
御呼ばれ	2
御呼び	0
御虎子	2
御雇外国人	8
御互い	0
御互いに	0
御互い様	0
御御	1
御御御付	3
御御御付け	3
御御足	0
御御籤	0
御光	1
御好み焼	0
御好み焼き	0
御幸	1
御広目	0
御構い	0
御構いなし	5
御構い無し	5
御絞り	2
御綱柏	4
御香	1
御高い	3
御高祖頭巾	4
御告	0
御国	1
御国言葉	4
御国詞	4
御国自慢	4
御腰	2
御惚け	0
御魂	0
御沙汰	2
御座います	4
御座す	2
御座なり	0
御座ります	4
御座る	2
御座んす	2
御座所	2
御座成り	0
御座船	0
御座敷	0
御歳暮	0
御祭	0
御祭り	0
御祭り騒ぎ	5
御斎会	3
御菜	0
御作り	0
御札	2
御雑煮	0
御三家	2
御三卿	2
御三時	2
御参り	0
御山	1
御山の大将	5
御山雀	4
御産	0
御仕置き	0
御仕着せ	0
御仕舞	0
御仕舞い	0
御使い	0
御史台	2
御姉さん	2
御子	1
御子さん	0
御子様ランチ	5
御師	1
御旨	1
御歯黒	0
御歯黒蜻蛉	5
御寺	0
御寺さん	0
御寺様	5
御持たせ	2
御次	0
御璽	1
御辞儀	0
御辞儀草	0
御叱り	0
御湿	2
御社	1
御者	1
御者座	0
御邪魔	0
御酌	0
御釈迦	0
御釈迦様	4
御主	2
御守	0
御守り	2
御手	0
御手の物	5
御手塩	2
御手許	0
御手許金	0
御手玉	2
御手元	0
御手手	0
御手柔らかに	7
御手上げ	0
御手盛り	0
御手洗	0
御手洗い	3
御手洗川	4
御手洗団子	5
御手伝い	2
御手付き	2
御手並み拝見	0
御手並拝見	0
御朱印	0
御朱印船	0
御種人参	4
御酒	1
御愁傷様	7
御終い	2
御重	2
御祝	0
御祝い	0
御出で	0
御出でなさる	5
御出でになる	5
御出まし	0
御出座し	0
御出木偶	0
御出来	2
御巡りさん	2
御初	0
御所	1
御所車	3
御召	0
御召し	0
御召し縮緬	4
御召し替え	2
御召し物	3
御召縮緬	4
御召列車	4
御小言	2
御焦げ	2
御笑い	0
御上	2
御上さん	0
御嬢	2
御嬢さん	2
御嬢様	2
御情け	2
御錠口	2
御飾り	2
御色直し	4
御触れ	0
御触書	0
御食い初め	0
御尻	0
御心	0
御新香	0
御新造	2
御浸し	2
御真影	0
御神火	2
御神楽	2
御神酒	0
御神体	0
御神渡り	0
御神灯	0
御神燈	0
御神輿	2
御神籤	0
御身	1
御針	0
御針子	0
御仁	2
御水取り	0
御睡	2
御数	0
御裾分け	0
御澄まし	2
御世	0
御世辞	0
御世話	2
御世話様	0
御成	0
御成り	0
御成り道	3
御成道	3
御成門	3
御清まし	2
御生	2
御生憎様	0
御声掛かり	4
御製	0
御節	2
御節介	2
御先	0
御先真っ暗	6
御先棒	0
御煎	0
御薦	0
御銭	0
御前	1
御前さん	0
御前会議	4
御前掛かり	4
御前橘	5
御前試合	4
御前様	4
御膳	1
御膳立て	0
御祖師様	5
御粗末	2
御倉	0
御掻	2
御早う	0
御曹司	3
御曹子	3
御草々	0
御草々様	0
御草草	0
御草草様	0
御蔵	0
御蔵入り	0
御造り	0
御側	2
御足	0
御足労	3
御揃い	0
御存じ	2
御存知	2
御多分	0
御太鼓	0
御太鼓結び	5
御陀仏	2
御駄賃	2
御待ち遠様	0
御待ち兼ね	0
御袋	0
御代	1
御代り	2
御代わり	2
御台	0
御台所	2
御大	0
御大層	2
御題	0
御題目	0
御宅	0
御託	0
御託宣	0
御達し	0
御弾き	2
御談義	2
御馳走	0
御馳走様	0
御茶	0
御茶くみ	0
御茶の子	0
御茶の子さいさい	0
御茶汲み	0
御茶請け	0
御中	1
御中元	0
御昼	2
御猪口	2
御喋り	2
御調子者	0
御通し	0
御通夜	2
御釣	0
御釣り	0
御定まり	0
御摘まみ	2
御摘み	2
御天気	2
御天気屋	0
御天道様	2
御店	0
御転婆	0
御殿	1
御殿女中	4
御田	2
御田屋	0
御田植え祭	5
御田植え祭り	5
御電話	2
御都合主義	5
御土産	0
御奴	0
御湯	1
御灯	0
御灯明	0
御当地	2
御頭	2
御頭付き	0
御堂	0
御得	0
御徳	0
御内	1
御内儀さん	0
御鍋	1
御馴染み	0
御縄	0
御難	2
御肉	1
御日様	0
御忍び	0
御忍び駕籠	4
御年玉	0
御念	2
御捻り	2
御破算	0
御拝	0
御買い上げ	0
御買上げ	0
御萩	2
御薄	2
御箱	0
御八つ	2
御髪	1
御飯	1
御飯蒸し	2
御飯粒	4
御晩菜	0
御番菜	0
御披露目	0
御疲れ様	0
御膝下	0
御膝許	0
御膝元	0
御姫さま	1
御姫様	2
御百度	0
御廟	1
御不沙汰	0
御不浄	0
御付き	0
御布令	0
御府内	2
御父さん	2
御父様	2
御符	1
御負け	0
御負けに	0
御部屋	0
御封	1
御風呂	2
御腹	0
御払い箱	3
御払い物	0
御仏前	0
御物	1
御分	0
御幣	0
御幣担ぎ	4
御辺	0
御返し	0
御母	0
御母さん	2
御母様	2
御包み	2
御宝	0
御方	0
御法度	2
御坊	0
御坊さん	0
御坊ちゃん	2
御坊っちゃん	2
御墨付き	0
御盆	2
御味御汁	3
御味御付	3
御眠	2
御無沙汰	0
御無理御尤も	2
御名	0
御名御璽	1
御明かし	0
御免	0
御面相	0
御目	0
御目玉	2
御目見	0
御目見得	0
御目出度い	4
御目出度う	0
御目出糖	0
御目通り	0
御目文字	0
御尤も	2
御紋	2
御門	0
御門違い	4
御役ごめん	0
御役ご免	0
御役御免	0
御役所仕事	5
御役目	0
御遊	0
御輿	0
御用	2
御用学者	4
御用始め	4
御用商人	4
御用新聞	4
御用人	2
御用組合	4
御用達	2
御用邸	0
御用納め	4
御用部屋	0
御用聞き	2
御来迎	0
御来光	0
御覧	0
御覧なさる	5
御利益	2
御里	0
御立ち	0
御立ち台	0
御立台	0
御旅所	0
御寮人	2
御料	1
御料地	2
御陵	1
御領	1
御涙頂戴	2
御礼	1
御礼参り	4
御礼奉公	4
御零れ	2
御霊	1
御霊屋	0
御霊会	2
御霊前	0
御霊代	3
御歴々	0
御歴歴	0
御簾	0
御簾草	0
御話	0
御話し中	0
御話中	0
御國	0
御嶽	1
御恍け	0
御櫃	0
御洒落	2
御浚い	0
御祓い	0
御竈	0
御籤	0
御襁褓	2
御誂え向き	0
御鬮	0
悟り	0
悟る	0
悟性	1
悟道	1
悟入	0
悟了	0
梧桐	0
碁	1
碁会所	0
碁子麺	0
碁笥	1
碁席	0
碁石	0
碁打ち	0
碁敵	2
碁盤	0
碁盤割り	0
碁盤縞	0
碁盤目	0
語	1
語らい	0
語らう	3
語り	0
語りあう	4
語りぐさ	0
語りつくす	5
語りつぐ	4
語り掛ける	5
語り句	3
語り継ぐ	4
語り古す	5
語り口	0
語り合う	4
語り手	0
語り種	0
語り尽くす	5
語り尽す	5
語り草	0
語り伝える	6
語り部	0
語り物	0
語り明かす	5
語る	0
語意	1
語音	0
語格	0
語学	1
語学者	2
語幹	0
語感	0
語間	0
語気	1
語義	1
語句	1
語形	0
語形変化	4
語原	0
語源	0
語源学	2
語根	0
語史	0
語志	1
語誌	1
語釈	0
語種	1
語順	0
語序	1
語数	2
語勢	0
語族	1
語調	0
語頭	0
語派	1
語尾	1
語尾変化	3
語部	0
語弊	0
語法	0
語末	0
語脈	0
語用論	2
語例	0
語呂	0
語呂合せ	3
語呂合わせ	3
語路	0
語路合せ	3
語路合わせ	3
語録	1
語彙	1
語彙論	2
誤ち	3
誤つ	3
誤り	3
誤る	3
誤飲	0
誤解	0
誤記	1
誤差	1
誤作動	2
誤算	0
誤字	1
誤写	1
誤射	1
誤称	0
誤植	0
誤食	0
誤信	0
誤審	0
誤診	0
誤脱	0
誤伝	0
誤答	0
誤動作	2
誤読	0
誤認	0
誤配	0
誤爆	0
誤判	0
誤謬	0
誤文	0
誤聞	0
誤報	0
誤摩化す	3
誤魔かす	3
誤魔化し	0
誤魔化す	3
誤訳	0
誤用	0
誤嚥	0
護り	3
護る	2
護衛	0
護衛艦	2
護衛兵	2
護岸	0
護教論	2
護憲	0
護憲運動	4
護国	1
護国神社	4
護持	1
護身	0
護身術	2
護身刀	0
護身用	0
護送	0
護符	1
護法	0
護摩	0
護摩の灰	0
護摩壇	2
護摩木	0
護民官	2
護謨	1
乞い	1
乞い願う	1
乞い願わくは	5
乞い受ける	4
乞う	1
乞巧奠	2
乞士	1
乞児	0
乞食	3
乞食根性	4
乞食坊主	4
乞婿	3
乞丐	1
鯉	1
鯉のぼり	3
鯉口	0
鯉幟	3
交	2
交々	3
交う	1
交える	3
交ざる	2
交じり	3
交じり合う	4
交じる	2
交ず	1
交ぜる	2
交ぜ合せる	5
交ぜ合わせる	5
交ぜ書き	0
交ぜ織り	0
交る	2
交わす	0
交わり	0
交わる	3
交易	0
交易条件	5
交角	1
交感	0
交感神経	5
交換	0
交換価値	5
交換局	3
交換手	3
交換条件	5
交換船	0
交換台	0
交換法則	5
交換留学	5
交歓	0
交歓会	3
交宜	1
交誼	1
交響	0
交響楽	3
交響楽団	5
交響曲	3
交響詩	3
交互	1
交互計算	4
交互作用	4
交互作用説	5
交交	2
交合	0
交叉	1
交叉点	0
交差	1
交差点	0
交際	0
交際家	0
交際費	3
交錯	0
交雑	0
交渉	0
交渉人	0
交情	0
交譲	0
交譲木	0
交織	0
交織り	0
交信	0
交声曲	3
交接	0
交戦	0
交戦権	3
交戦国	3
交戦者	3
交戦団体	5
交替	0
交代	0
交通	0
交通まひ	5
交通違反	5
交通遺児	5
交通禍	3
交通課	3
交通機関	6
交通事故	5
交通渋滞	5
交通巡査	5
交通信号	5
交通戦争	5
交通地獄	5
交通道徳	5
交通費	3
交通麻痺	5
交通網	3
交通量	3
交点	1
交配	0
交配種	3
交番	0
交番応力	5
交番電流	5
交尾	1
交尾む	2
交尾期	3
交付	0
交付金	0
交友	0
交遊	0
交絡	0
交流	0
交霊	0
交霊術	3
交喙	0
交喙の嘴	6
交媾	0
交詢	0
交驩	0
侯	1
侯国	1
侯爵	1
侯伯	1
候	1
候鳥	0
候文	3
候補	1
候補者	3
候補生	3
倖せ	0
光	3
光らす	3
光り輝く	6
光り物	0
光る	2
光カード	4
光ディスク	4
光ファイバー	4
光圧	0
光一	0
光陰	0
光栄	0
光炎	0
光焔	0
光化学	3
光化学スモッグ	7
光害	0
光覚	1
光学	0
光学異性	5
光学器械	6
光学機械	6
光学顕微鏡	0
光学式文字読み取り装置	0
光学式文字読取り装置	0
光学繊維	5
光冠	0
光環	0
光輝	1
光輝く	6
光景	0
光源	0
光行差	3
光合成	3
光合成細菌	7
光彩	0
光彩陸離	5
光子	1
光磁気ディスク	6
光軸	0
光周性	0
光線	0
光線束	3
光藻	3
光束	0
光速	0
光速度	3
光沢	0
光沢紙	4
光通信	4
光点	1
光伝導	3
光電管	0
光電子	3
光電池	3
光電導	3
光度	1
光度計	0
光桃	3
光頭	0
光熱	0
光熱費	4
光年	0
光波	1
光背	0
光物	0
光分解	3
光明	0
光明真言	5
光来	0
光量	3
光量子	3
光力	1
光臨	0
光輪	0
光芒	0
光蘚	3
公	0
公安	0
公安委員会	6
公安調査庁	7
公案	0
公印	0
公営	0
公営企業	5
公営住宅	5
公益	0
公益事業	5
公益質屋	6
公益法人	5
公園	0
公演	0
公家	0
公暇	1
公課	1
公会	0
公会議	3
公会堂	0
公海	0
公海上	0
公開	0
公開ヒアリング	5
公開株	3
公開裁判	5
公開市場操作	8
公開状	0
公開捜査	5
公害	0
公害病	0
公刊	0
公館	0
公企業	3
公器	1
公儀	1
公義	1
公議	1
公休	0
公休日	3
公許	1
公魚	0
公共	0
公共企業体	0
公共財	3
公共施設	5
公共事業	5
公共職業安定所	0
公共心	3
公共性	0
公共組合	5
公共団体	5
公共投資	5
公共放送	5
公共料金	5
公卿	1
公教育	3
公教会	3
公金	0
公空	0
公権	0
公権力	3
公言	0
公庫	1
公侯	0
公告	0
公国	0
公差	1
公債	0
公算	0
公使	1
公使館	3
公司	1
公子	1
公私	1
公試	1
公事	1
公時	1
公示	0
公示地価	4
公式	0
公式主義	5
公式戦	0
公式的	0
公舎	1
公社	1
公社債	3
公爵	1
公主	1
公取委	4
公衆	0
公衆衛生	5
公衆電話	5
公衆道徳	5
公衆便所	5
公衆浴場	5
公住	1
公述	0
公述人	0
公準	0
公署	1
公序	1
公序良俗	1
公傷	0
公傷制度	5
公娼	0
公称	0
公称馬力	5
公証	0
公証人	0
公証役場	5
公職	0
公職追放	0
公人	0
公図	0
公正	0
公正取引委員会	10
公正証書	5
公生涯	3
公請	0
公設	0
公設市場	5
公設秘書	5
公選	0
公然	0
公然わいせつ罪	8
公然猥褻罪	8
公租	1
公租公課	4
公訴	1
公訴権	3
公訴時効	4
公葬	0
公孫樹	0
公達	1
公団	0
公団住宅	5
公知	1
公地	1
公地公民	1
公聴会	3
公定	0
公定価格	5
公定相場	5
公定歩合	5
公邸	0
公敵	0
公的	0
公的医療機関	9
公的年金	5
公的扶助	5
公転	0
公転面	3
公田	0
公電	0
公党	0
公道	0
公徳	0
公徳心	4
公認	0
公認会計士	7
公認記録	5
公認候補	5
公倍数	3
公売	0
公判	0
公判廷	0
公妃	1
公比	1
公費	1
公表	0
公評	0
公布	0
公武	1
公武合体	1
公分母	3
公憤	0
公文	0
公文所	0
公文書	5
公平	0
公平無私	5
公辺	0
公募	1
公簿	1
公報	1
公方	1
公法	1
公法人	3
公僕	0
公民	0
公民科	0
公民館	3
公民教育	5
公民権	3
公民権運動	7
公務	1
公務員	3
公明	0
公明正大	0
公役	0
公約	0
公約数	4
公有	0
公有財産	5
公有水面	5
公有地	3
公有林	3
公用	0
公用語	0
公用物	3
公用文	0
公利	1
公吏	1
公理	1
公理系	0
公理的方法	0
公立	0
公立学校	5
公領	0
公路	1
公労委	3
公労協	3
公労法	3
公論	0
公衙	1
功	0
功り	0
功過	1
功業	0
功罪	0
功臣	0
功績	0
功程	0
功徳	1
功能	0
功夫	0
功名	0
功名心	3
功利	1
功利主義	4
功利的	0
功力	1
功労	0
功労者	3
効	1
効き	0
効き目	0
効く	0
効果	1
効果音	3
効果的	0
効験	0
効能	0
効能書き	0
効目	0
効用	0
効率	0
効率的	0
効力	1
勾かす	4
勾引	0
勾引かす	4
勾引し	0
勾引状	3
勾玉	0
勾股弦	3
勾配	0
勾欄	0
勾留	0
厚い	0
厚かましい	5
厚さ	0
厚ぼったい	5
厚み	0
厚め	0
厚意	1
厚恩	0
厚化粧	3
厚角細胞	5
厚岸草	0
厚顔	0
厚顔無恥	5
厚誼	1
厚遇	0
厚司	0
厚子	0
厚志	1
厚紙	0
厚謝	1
厚手	0
厚焼き	0
厚情	0
厚生	0
厚生経済学	7
厚生施設	5
厚生省	3
厚生大臣	5
厚生年金	5
厚切り	0
厚相	0
厚地	0
厚着	0
厚薄	1
厚板	0
厚皮	0
厚表紙	3
厚壁細胞	5
厚朴	0
厚膜細胞	5
厚味	0
厚目	0
厚揚げ	0
厚様	0
厚葉	0
口	0
口々	2
口うら	0
口うるさい	5
口きき	0
口ぐせ	0
口げんか	3
口ごたえ	3
口ごもる	4
口さがない	5
口さき	0
口ずから	3
口ずさむ	4
口だし	0
口つき	0
口づけ	0
口の端	0
口ひげ	0
口ぶり	0
口べた	0
口べらし	3
口まめ	0
口もと	0
口やかましい	0
口コミ	0
口パク	0
口移し	0
口演	0
口炎	0
口汚い	5
口汚し	0
口汚ない	5
口応え	3
口下手	0
口火	0
口過ぎ	0
口絵	0
口開け	0
口外	0
口蓋	0
口蓋音	3
口蓋骨	3
口蓋垂	3
口蓋裂	3
口角	0
口渇	0
口慣らし	0
口器	1
口奇麗	3
口寄	0
口寄せ	0
口気	1
口許	0
口供	0
口巾ったい	6
口琴	0
口金	0
口吟	0
口吟む	4
口径	0
口径食	3
口径比	3
口軽	0
口撃	0
口喧しい	6
口喧嘩	3
口堅い	4
口元	0
口減らし	3
口言葉	3
口固い	4
口固め	0
口語	0
口語形	0
口語体	0
口語文	3
口語文法	4
口口	2
口巧者	3
口紅	0
口腔	0
口腔外科	5
口号む	4
口座	0
口塞ぎ	3
口才	0
口細	0
口三味線	3
口止め	0
口止め料	4
口詞	3
口耳	1
口耳の学	1
口実	0
口写し	0
口車	3
口寂しい	5
口取	0
口取り	0
口受	1
口授	1
口臭	0
口重	0
口重い	4
口出し	0
口述	0
口述試験	6
口述書	0
口述筆記	5
口書	0
口書き	0
口小言	3
口承	0
口承文芸	5
口称	0
口上	0
口上手	3
口上書	0
口上書き	0
口触り	3
口尻	0
口唇	0
口唇期	3
口唇裂	3
口振り	0
口真似	0
口数	0
口性ない	5
口性無い	5
口惜しい	3
口切り	0
口説	0
口説き	3
口説き落す	5
口説き落とす	5
口説く	2
口舌	0
口舌の争い	8
口先	0
口占	0
口銭	0
口前	0
口早	0
口争い	3
口走る	4
口達者	3
口茶	0
口中	1
口忠実	0
口調	0
口直し	3
口蹄疫	3
口笛	0
口添え	0
口伝	0
口伝え	0
口伝て	0
口当たり	0
口答	0
口答え	3
口答試問	5
口頭	0
口頭語	0
口頭試問	5
口頭審理	5
口頭弁論	5
口内	1
口内炎	3
口馴らし	0
口入れ	0
口入れ屋	0
口入れ人	0
口入屋	0
口任せ	3
口拍子	3
口八丁	3
口抜き	4
口煩い	5
口煩さい	5
口碑	1
口髭	0
口不調法	4
口付き	0
口付け	0
口幅ったい	6
口腹	0
口分け	0
口分田	2
口吻	0
口癖	0
口偏	0
口辺	0
口返答	3
口弁	0
口味	1
口無し	0
口明け	0
口約	0
口約束	3
口遊む	4
口利き	0
口裏	0
口凌ぎ	3
口糧	0
口篭る	4
口論	1
口話	0
口話法	0
口脇	0
口籠もる	4
口籠る	4
口誦	0
口髯	0
口鬚	0
向い	0
向い合う	4
向い合せる	6
向い合わせる	6
向い側	0
向い風	3
向う	0
向う河岸	0
向う岸	0
向う見ず	2
向う側	0
向かい	0
向かい火	0
向かい合う	4
向かい合せる	6
向かい合わせ	0
向かい合わせる	6
向かい側	0
向かい風	3
向かう	0
向かっ腹	0
向か腹	0
向き	1
向き向き	1
向き合う	3
向き直る	4
向き不向き	1
向く	0
向け	0
向けなおす	4
向ける	0
向け直す	4
向こう	0
向こうぎし	0
向こうっ気	0
向こうみず	2
向こう意気	4
向こう河岸	0
向こう岸	0
向こう気	0
向こう見ず	2
向こう向き	0
向こう持ち	0
向こう傷	2
向こう正面	4
向こう側	0
向こう鉢巻	5
向こう鉢巻き	5
向こう疵	2
向こう脛	0
向っ腹	0
向河岸	0
向学心	4
向寒	0
向岸	0
向後	0
向光性	3
向暑	1
向上	0
向上心	3
向心力	3
向性	0
向精神薬	5
向地性	0
向日葵	2
向日性	0
向拝	0
向背	0
向付	0
向付け	0
向附	0
向腹	0
后	0
后妃	1
喉	1
喉ちんこ	3
喉越	0
喉越し	0
喉元	0
喉元思案	5
喉自慢	3
喉笛	0
喉頭	0
喉頭炎	3
喉頭蓋	3
喉頭癌	3
喉頭隆起	5
喉仏	3
喉輪	0
坑	1
坑外	1
坑口	0
坑儒	1
坑道	0
坑内	1
坑内掘り	0
坑夫	1
坑木	0
垢	2
垢すり	4
垢擦り	4
垢染みる	4
垢抜	0
垢抜け	0
垢抜ける	4
垢離	1
垢膩	0
好	1
好々爺	3
好い	1
好い加減	0
好い顔	1
好い気	1
好い気味	1
好い事	1
好い人	1
好い線	1
好い仲	1
好き	2
好きずき	2
好き嫌い	2
好き好き	2
好き好む	4
好き者	0
好き勝手	3
好き放題	3
好く	1
好ましい	4
好み	1
好む	2
好んで	2
好悪	1
好意	1
好意的	0
好一対	1
好運	0
好餌	1
好影響	3
好演	0
好塩菌	0
好下物	3
好加減	0
好角家	0
好学	0
好感	0
好漢	0
好奇	1
好奇心	3
好期	1
好機	1
好気性細菌	6
好宜	1
好誼	1
好客	0
好球	0
好況	0
好景気	3
好結果	3
好個	1
好古	1
好好爺	3
好材料	3
好事	0
好事家	0
好取組	3
好守	1
好手	1
好尚	0
好条件	3
好色	0
好色家	0
好色本	0
好人物	3
好成績	3
好青年	3
好戦	0
好戦国	3
好走	0
好打	1
好打者	3
好対照	3
好男子	3
好著	1
好調	0
好敵手	4
好適	0
好天	0
好天気	3
好転	0
好都合	3
好投	0
好配	0
好発	0
好発年齢	5
好評	0
好物	1
好望	0
好味	1
好例	0
好逑	0
孔	2
孔隙率	4
孔子	0
孔雀	0
孔雀座	0
孔雀石	3
孔雀草	0
孔雀蝶	3
孔雀羊歯	4
孔版	0
孔版印刷	5
孔孟	0
孔孟の教え	0
孔門	0
孝	1
孝行	1
孝子	1
孝順	0
孝女	1
孝心	0
孝弟	0
孝悌	0
孝道	0
孝養	0
宏い	2
宏遠	0
宏壮	0
宏大	0
宏弁	0
工	0
工員	0
工科	1
工学	0
工学科	0
工学士	3
工学博士	5
工学部	3
工期	1
工業	1
工業デザイン	6
工業意匠	5
工業化	0
工業化学	5
工業界	3
工業規格	5
工業高等学校	9
工業所有権	6
工業製品	5
工業団地	5
工業地域	5
工業地区	5
工業地帯	5
工業用	0
工業用水	5
工区	1
工具	1
工芸	0
工芸品	0
工合	0
工作	0
工作員	4
工作機械	6
工作船	0
工作物	4
工事	1
工事現場	4
工事費	3
工手	1
工順	0
工匠	0
工廠	0
工場	3
工場長	3
工場閉鎖	5
工人	0
工数	3
工船	0
工大	0
工賃	1
工程	0
工程表	0
工博	0
工費	1
工夫	0
工部	1
工兵	0
工法	1
工房	0
工務	1
工務店	3
工面	1
工率	0
巧い	2
巧く	1
巧み	0
巧む	2
巧技	1
巧言	0
巧言令色	0
巧咲	0
巧者	1
巧手	1
巧笑	0
巧拙	0
巧知	1
巧遅	1
巧妙	0
巧緻	1
巷	0
巷間	0
巷説	0
巷談	0
幸	1
幸い	0
幸いする	0
幸い茸	3
幸せ	0
幸せ者	0
幸運	0
幸運児	3
幸若	0
幸若舞	4
幸甚	0
幸先	0
幸福	0
幸福主義	5
幸福追求権	7
幸便	0
広々	3
広い	2
広がり	0
広がる	0
広く	0
広げる	0
広さ	1
広まる	0
広め	0
広める	3
広域	0
広域行政	5
広縁	2
広遠	0
広角	0
広角レンズ	5
広間	1
広軌	1
広義	1
広狭	0
広原	0
広言	0
広口	0
広広	0
広告	0
広告業	4
広告主	4
広告代理店	7
広告塔	0
広告媒体	5
広小路	0
広場	1
広場恐怖症	6
広壮	0
広袖	0
広帯域	3
広大	0
広大無辺	0
広聴	0
広島	0
広東	1
広東語	0
広東料理	5
広背筋	0
広漠	0
広汎	0
広範	0
広範囲	3
広鼻猿類	4
広幅	0
広報	1
広報誌	3
広目	0
広目天	4
広野	1
広葉樹	3
広量	0
広闊	0
庚	0
庚午	1
庚申	0
庚申待	0
庚申待ち	0
庚申薔薇	3
康寧	1
弘い	2
弘まる	3
弘め	3
弘める	3
弘誓	0
弘大	0
弘通	0
弘法	0
恒温	0
恒温動物	5
恒河沙	3
恒久	0
恒久的	0
恒産	0
恒常	0
恒常所得仮説	8
恒常性	0
恒常的	0
恒心	0
恒数	3
恒星	0
恒星月	3
恒星時	3
恒星天	3
恒星日	3
恒星年	3
恒星表	0
恒等式	3
恒例	0
慌しい	5
慌ただしい	5
慌てふためく	6
慌てる	0
慌てんぼう	0
慌てん坊	0
慌て者	0
抗	1
抗う	3
抗がん剤	3
抗する	3
抗ウイルス剤	6
抗コリン剤	4
抗ヒスタミン剤	6
抗癌剤	3
抗議	1
抗拒	1
抗菌	0
抗菌性	0
抗血清	3
抗原	0
抗原抗体反応	9
抗言	0
抗告	0
抗酸菌	0
抗生物質	5
抗戦	0
抗争	0
抗体	0
抗張力	3
抗抵	0
抗毒素	3
抗日	0
抗日運動	5
抗弁	1
抗力	1
拘う	4
拘らず	3
拘る	3
拘わらず	3
拘わる	3
拘引	0
拘引状	3
拘禁	0
拘束	0
拘束時間	5
拘束名簿式比例代表制	0
拘束力	4
拘置	1
拘置所	0
拘泥	0
拘留	0
拘枳羅	1
拘耆羅	1
控え	3
控えめ	0
控える	3
控え室	3
控え書き	0
控え帳	0
控え目	0
控え力士	4
控室	3
控所	0
控除	1
控訴	1
控訴院	3
控訴期間	5
控訴棄却	1
控訴権	3
控訴裁判所	0
控訴審	3
控目	0
控力士	4
攻め	2
攻める	2
攻め苛む	5
攻め寄せる	4
攻め倦む	4
攻め口	2
攻め合い	0
攻め込む	3
攻め手	3
攻め上る	4
攻め太鼓	3
攻め道具	3
攻め入る	3
攻め馬	2
攻め抜く	0
攻め滅ぼす	0
攻め落す	4
攻め落とす	4
攻め立てる	4
攻囲	1
攻寄せる	4
攻究	0
攻撃	0
攻撃機	3
攻合い	0
攻守	1
攻守同盟	4
攻上る	4
攻城	0
攻勢	0
攻馬	2
攻防	0
攻立てる	4
攻略	0
昂じる	0
昂ずる	0
昂ぶる	3
昂り	0
昂る	3
昂進	0
昂然	0
昂騰	0
昂揚	0
晃晃	0
更	1
更々	0
更かす	2
更け	0
更ける	2
更なり	1
更なる	1
更に	1
更位	1
更衣	0
更衣室	3
更科蕎麦	5
更改	0
更更	0
更始	1
更紗	1
更紗馬蹄螺	5
更新	0
更新世	3
更新料	3
更正	0
更正施設	5
更生	0
更生会社	5
更生施設	5
更代	0
更地	0
更訂	0
更迭	0
更湯	0
更年期	3
更年期障害	6
杭	1
杭打ち	0
校	1
校医	1
校閲	0
校歌	1
校外	1
校旗	1
校紀	1
校規	1
校区	1
校具	1
校訓	0
校合	0
校舎	1
校章	0
校正	0
校正刷	0
校正刷り	0
校正室	3
校倉	0
校倉造り	5
校葬	0
校則	0
校注	0
校註	0
校長	0
校長先生	7
校定	0
校庭	0
校訂	0
校内	1
校内暴力	5
校風	0
校服	0
校僕	0
校本	0
校務	1
校務員	3
校名	0
校門	0
校友	0
校友会	3
校了	0
梗概	0
梗塞	0
構	1
構い手	4
構う	2
構え	2
構える	3
構の木	1
構音障害	5
構外	1
構図	0
構成	0
構成主義	5
構成節	3
構成要件	5
構想	0
構想力	3
構造	0
構造遺伝子	6
構造汚職	5
構造化プログラミング	9
構造改革論	8
構造言語学	7
構造式	3
構造主義	5
構造線	0
構造体	0
構造地震	5
構造調整プログラム	11
構造的失業	0
構造不況	5
構造物	3
構築	0
構築物	4
構内	1
構内交換機	7
構文	0
構苺	3
江	1
江河	1
江戸	0
江戸っ子	0
江戸っ児	0
江戸みそ	0
江戸歌舞伎	3
江戸間	0
江戸狂言	3
江戸言葉	3
江戸語	0
江戸紫	4
江戸時代	3
江戸城	2
江戸切り子	3
江戸切子	3
江戸前	0
江戸彼岸	3
江戸弁	0
江戸幕府	3
江戸味噌	0
江湖	1
江鮭	3
江山	1
江上	0
江村	0
江都	1
洪基	1
洪業	0
洪水	0
洪水神話	5
洪積	0
洪積世	4
洪積層	4
洪大	0
浩然	0
浩然の気	6
浩瀚	0
港	0
港外	1
港口	0
港市	1
港図	1
港町	3
港内	1
港湾	0
溝	0
溝渠	1
溝五位	0
溝酸漿	3
溝川	0
溝鼠	3
溝泥	0
溝萩	0
溝板	0
溝浚い	3
甲	1
甲烏賊	1
甲乙	1
甲蟹	3
甲殻	0
甲殻類	4
甲掛け	0
甲午	0
甲高	0
甲高い	4
甲骨文	4
甲骨文字	5
甲子	1
甲種	1
甲種合格	1
甲巡	0
甲所	0
甲状せん	0
甲状せんしゅ	5
甲状腺	0
甲状腺がん	5
甲状腺ホルモン	7
甲状腺癌	5
甲状腺機能低下症	7
甲状腺機能亢進症	7
甲状腺刺激ホルモン	10
甲状腺腫	5
甲状軟骨	5
甲申	0
甲声	3
甲走る	4
甲卒	0
甲虫	3
甲鉄艦	0
甲板	0
甲板員	3
甲斐	1
甲斐ない	0
甲斐犬	1
甲斐絹	1
甲斐甲斐しい	5
甲斐性	0
甲斐性なし	3
甲斐性無し	3
甲斐無い	0
甲比丹	1
甲皮	1
甲必丹	1
甲兵	0
甲夜	1
甲矢	1
甲羅	0
甲羅干し	0
甲論乙駁	0
甲冑	0
甲冑魚	3
甲冑師	3
甲胄	0
皇位	1
皇位継承	1
皇胤	0
皇漢医学	5
皇紀	1
皇宮	3
皇宮警察	5
皇居	1
皇軍	0
皇后	3
皇后宮	3
皇考	0
皇国	0
皇嗣	1
皇子	0
皇室	0
皇室神道	5
皇室典範	5
皇室費	4
皇寿	1
皇宗	0
皇女	1
皇城	0
皇親	0
皇籍	0
皇祖	1
皇祖皇宗	1
皇族	0
皇族費	4
皇孫	0
皇太后	3
皇太子	3
皇太子妃	5
皇太孫	3
皇大神宮	5
皇朝十二銭	7
皇帝	0
皇帝ペンギン	5
皇典	0
皇天	0
皇都	1
皇統	0
皇統譜	3
皇道	0
皇妃	1
皇別	0
皇民化	0
皇民化政策	6
皇陵	0
皇霊	0
皇霊祭	3
皇霊殿	3
皇祚	1
硬い	0
硬さ	0
硬音	0
硬化	1
硬化剤	3
硬化症	0
硬化油	3
硬貨	1
硬球	0
硬玉	0
硬結	0
硬口蓋	3
硬口蓋音	5
硬膏	0
硬骨	0
硬骨漢	4
硬骨魚類	5
硬式	0
硬質	0
硬質陶器	5
硬水	0
硬性	0
硬性憲法	5
硬石膏	3
硬調	0
硬直	0
硬度	1
硬軟	1
硬派	1
硬筆	0
硬変	0
硬膜	0
硬葉樹	3
硬葉樹林	5
稿	1
稿本	0
稿料	1
糠	2
糠雨	3
糠蝦	2
糠蚊	2
糠喜び	3
糠子	0
糠床	0
糠袋	3
糠漬	0
糠漬け	0
糠蝿	2
糠味噌	0
糠味噌臭い	6
糠味噌漬け	0
糠油	3
糠蠅	2
紅	0
紅い	0
紅しょうが	3
紅一点	1
紅衛兵	3
紅炎	0
紅焔	0
紅猿子	3
紅花	1
紅花隠元	5
紅霞	1
紅海	1
紅貝	2
紅殻	0
紅顔	0
紅玉	0
紅型	0
紅差し指	4
紅鮭	3
紅樹	1
紅樹林	3
紅綬褒章	4
紅色	0
紅唇	0
紅塵	0
紅雀	3
紅生姜	3
紅生薑	3
紅赤	0
紅藻	0
紅茶	0
紅柱石	3
紅潮	0
紅鶴	2
紅天蛾	3
紅灯	0
紅梅	0
紅梅焼	0
紅梅焼き	0
紅白	1
紅白試合	5
紅白粉	3
紅斑	0
紅斑性狼瘡	7
紅筆	2
紅粉	0
紅鱒	0
紅毛	0
紅毛人	3
紅毛船	0
紅毛碧眼	0
紅葉	0
紅葉おろし	4
紅葉葵	4
紅葉卸し	4
紅葉貝	3
紅葉笠	4
紅葉月	3
紅葉狩	0
紅葉狩り	0
紅葉苺	4
紅涙	0
紅簾石	3
紅蓮	0
紅楼	0
紅鶸	0
絞まる	2
絞める	2
絞め殺す	4
絞め上げる	4
絞り	3
絞りたて	0
絞り込む	4
絞り取る	4
絞り汁	4
絞り出す	4
絞り上げる	5
絞り染	0
絞り染め	0
絞り弁	3
絞り立て	0
絞り滓	4
絞り瓣	3
絞る	2
絞込む	4
絞罪	0
絞殺	0
絞殺す	4
絞首	1
絞首刑	3
絞首台	0
絞扼	0
綱	2
綱引き	2
綱曳き	2
綱紀	1
綱紀粛正	1
綱具	2
綱取り	0
綱手	0
綱常	0
綱渡り	3
綱麻	0
綱目	0
綱要	0
綱領	0
耕うん機	3
耕す	3
耕運機	3
耕具	1
耕作	0
耕作地	3
耕作物	4
耕種	1
耕地	1
耕地整理	4
耕田	0
耕土	1
耕耘機	3
考え	3
考えつく	5
考えなおす	6
考えもの	0
考える	4
考え違い	5
考え合わせる	7
考え込む	5
考え事	0
考え出す	5
考え深い	6
考え直す	6
考え抜く	5
考え付く	5
考え物	0
考え方	5
考案	0
考案者	3
考課	1
考課表	0
考究	0
考現学	3
考古学	3
考古学者	4
考査	1
考察	0
考試	1
考証	0
考証学	3
考慮	1
考量	0
肯く	3
肯ずる	4
肯んずる	4
肯定	0
肯定的	0
肯定文	0
肯定命題	5
肯綮	0
肱	2
肱かけ椅子	4
肱掛椅子	4
腔線	0
腔腸	0
腔腸動物	5
腔綫	0
膏	0
膏汗	4
膏血	0
膏薬	4
膏沃	0
膏肓	0
膏腴	0
航する	3
航宇	1
航海	1
航海士	3
航海術	3
航海図	3
航海長	3
航海日誌	5
航空	0
航空医学	5
航空会社	5
航空管制官	7
航空管制塔	0
航空機	3
航空券	3
航空交通管制	9
航空自衛隊	0
航空写真	5
航空書簡	5
航空障害灯	0
航空隊	0
航空燃料	5
航空病	0
航空便	0
航空保険	5
航空母艦	5
航空輸送	5
航空郵便	5
航空路	3
航行	0
航時機	0
航跡	0
航走	0
航送	0
航続	0
航続距離	5
航続力	4
航程	0
航法	0
航路	1
航路標識	4
荒	2
荒々しい	5
荒い	0
荒くれ	0
荒くれ者	0
荒くれ男	5
荒げる	3
荒ごなし	0
荒す	3
荒っぽい	4
荒びき	0
荒びれる	0
荒ぶ	0
荒ぶる	3
荒む	0
荒らげる	4
荒らし	1
荒らし回る	5
荒らす	0
荒ら屋	3
荒ら家	3
荒れ	0
荒れどめ	0
荒れる	0
荒れ果てる	4
荒れ狂う	4
荒れ止め	0
荒れ寺	0
荒れ性	0
荒れ地	0
荒れ肌	0
荒れ放題	3
荒れ模様	3
荒れ野	0
荒夷	3
荒磯	0
荒淫	0
荒隠元	3
荒屋	3
荒家	3
荒果てる	4
荒稼ぎ	3
荒海	0
荒巻	0
荒肝	0
荒技	0
荒業	0
荒玉	0
荒筋	0
荒駒	0
荒研ぎ	0
荒原	0
荒荒しい	5
荒行	0
荒削り	0
荒仕事	3
荒事	0
荒事師	4
荒者	0
荒城	0
荒神	1
荒神目抜	5
荒人神	4
荒石	0
荒薦	0
荒誕	0
荒地	0
荒天	0
荒砥	0
荒土	1
荒唐	0
荒唐無稽	0
荒縄	0
荒波	0
荒馬	0
荒廃	0
荒粕	0
荒漠	0
荒挽き	0
荒布	0
荒武者	0
荒物	0
荒物屋	0
荒壁	0
荒法師	3
荒木	0
荒野	1
荒利益	3
荒立つ	3
荒立てる	4
荒涼	0
荒療治	3
荒寥	0
荒筵	3
行	1
行々子	3
行い	0
行う	0
行き	0
行きあたりばったり	6
行きがかり	0
行きがけ	0
行きずり	0
行きつけ	0
行きつ戻りつ	2
行きとどく	2
行き逢う	3
行き違い	0
行き違う	4
行き過ぎ	0
行き過ぎる	4
行き会う	0
行き掛かり	0
行き掛かる	4
行き掛け	0
行き掛り	0
行き帰り	0
行き詰まり	0
行き詰まる	4
行き詰り	0
行き詰る	4
行き交い	2
行き交う	3
行き合う	3
行き合わせる	5
行き止まり	0
行き止り	0
行き手	3
行き所	0
行き場	0
行き摺り	0
行き成り	0
行き先	0
行き着く	3
行き渡る	4
行き倒れ	0
行き当たり	0
行き当たりばったり	8
行き当たる	0
行き当り	0
行き当りばったり	6
行き当る	4
行き道	0
行き届く	4
行き悩む	4
行き付け	0
行き付ける	4
行き暮れる	4
行き方	0
行き戻り	0
行き来	2
行き路	0
行く	0
行く行く	0
行く手	0
行く春	3
行く先	0
行く先先	4
行く年	4
行く末	0
行ける	0
行ずる	3
行ない	0
行なう	0
行なわれる	0
行る	0
行われる	0
行逢う	3
行為	1
行為能力	4
行違い	0
行員	0
行雲流水	0
行衛	0
行火	0
行過ぎる	4
行会う	3
行革	0
行楽	0
行楽客	4
行楽地	4
行楽日和	5
行掛	0
行間	0
行儀	0
行儀作法	4
行詰まり	0
行詰まる	4
行詰る	4
行脚	1
行脚僧	3
行宮	3
行金	0
行軍	0
行啓	0
行乞	0
行交い	2
行交う	3
行幸	0
行構え	3
行行子	3
行在所	0
行使	1
行司	0
行司溜	4
行司溜り	4
行止まり	0
行止り	0
行事	1
行者	1
行者忍辱	4
行者葫	4
行手	0
行住坐臥	5
行住座臥	5
行所	0
行書	0
行商	0
行商人	0
行賞	0
行状	0
行進	0
行進曲	3
行人	0
行人偏	3
行水	0
行成り	0
行政	0
行政改革	5
行政学	3
行政官	3
行政官庁	5
行政管理庁	7
行政機関	6
行政区	3
行政区画	5
行政権	3
行政指導	5
行政事務	5
行政手続	6
行政手続き	6
行政処分	5
行政書士	5
行政組織	5
行政訴訟	5
行政府	3
行政法	3
行政命令	5
行跡	0
行先	0
行草	0
行体	0
行着く	0
行中	0
行程	0
行程表	0
行渡る	4
行灯	0
行灯袴	5
行灯水母	5
行燈	0
行当たり	0
行当たる	3
行当り	0
行当る	4
行頭	0
行動	0
行動科学	5
行動主義	5
行動生物学	8
行動半径	5
行動療法	5
行道	0
行徳	0
行年	0
行悩む	4
行付け	0
行付ける	4
行文	0
行平鍋	5
行暮れる	4
行方	0
行方不明	4
行末	0
行務	1
行来	2
行李	1
行李柳	3
行旅	1
行列	0
行列式	4
行路	1
行路病者	4
衡	1
衡器	1
衡平	0
衡平法	0
衡量	3
講	1
講じる	0
講ずる	0
講演	0
講演会	3
講演者	3
講会	0
講義	1
講義録	3
講究	0
講座	0
講師	1
講社	1
講釈	1
講釈師	4
講習	0
講習会	3
講述	0
講書	1
講書始	4
講説	0
講壇	0
講談	0
講談師	3
講談本	0
講中	1
講堂	0
講読	0
講評	0
講武	1
講和	0
講和条約	4
講話	0
貢	1
貢ぎ	0
貢ぎ物	0
貢ぐ	2
貢献	0
貢進	0
貢租	1
貢納	0
貢物	0
購う	3
購求	0
購書	1
購読	0
購読者	3
購読料	4
購入	0
購買	0
購買組合	5
購買部	3
購買力	3
購買力平価説	3
郊外	1
郊野	1
酵素	1
酵母	1
酵母菌	3
鉱	0
鉱員	0
鉱害	0
鉱業	1
鉱区	1
鉱坑	0
鉱工業	3
鉱工業生産指数	3
鉱山	1
鉱山業	3
鉱産物	3
鉱質コルチコイド	8
鉱床	0
鉱床学	3
鉱水	0
鉱石	0
鉱石検波器	7
鉱泉	0
鉱層	0
鉱毒	0
鉱夫	1
鉱物	1
鉱物学	4
鉱脈	0
鉱油	0
鉱滓	0
鋼	0
鋼管	0
鋼玉	0
鋼材	0
鋼索	0
鋼索鉄道	5
鋼製	0
鋼線	0
鋼鉄	0
鋼鉄製	0
鋼板	0
鋼枠	0
降す	0
降って	0
降ひょう	0
降らす	2
降らせる	3
降り	2
降りかかる	4
降りしきる	4
降りそそぐ	4
降りそぼつ	4
降りだす	3
降りみ降らずみ	1
降りる	2
降り掛かる	4
降り掛る	4
降り懸かる	4
降り懸る	4
降り口	2
降り込む	0
降り込める	0
降り始める	5
降り止む	3
降り出す	0
降り積もる	4
降り続く	0
降り注ぐ	4
降り濡つ	4
降り頻る	4
降り敷く	0
降り募る	0
降り立つ	3
降り籠める	0
降る	1
降ろす	2
降圧剤	4
降雨	1
降雨量	3
降下	1
降嫁	1
降河回遊	4
降河魚	3
降海型	0
降灰	0
降格	0
降掛かる	4
降掛る	4
降給	0
降懸かる	4
降懸る	4
降込む	0
降参	0
降車	0
降車口	3
降順	0
降職	0
降神	0
降神術	3
降水	0
降水確率	5
降水量	3
降積もる	4
降雪	0
降霜	0
降誕	0
降誕祭	3
降壇	0
降着	0
降注ぐ	4
降等	0
降任	0
降濡つ	4
降板	0
降頻る	4
降敷く	0
降伏	0
降服	0
降魔	1
降立つ	3
降流魚	3
降臨	0
降霊術	3
降鑒	0
降雹	0
項	0
項垂れる	0
項目	0
香	0
香しい	4
香の物	5
香ばしい	4
香り	0
香る	0
香煙	0
香花	1
香華	1
香蒲	1
香気	1
香魚	1
香具	1
香具師	3
香香	0
香合	0
香合わせ	3
香菜	0
香匙	1
香車	0
香辛料	3
香水	0
香煎	3
香草	0
香袋	3
香典	0
香典返し	5
香道	0
香道具	3
香嚢	0
香箱	0
香箸	1
香物	5
香盆	0
香味	1
香味野菜	4
香味料	3
香木	0
香油	0
香料	3
香炉	1
香奠	0
香盒	3
香蕈	1
高	2
高々	3
高々指	4
高々度	3
高い	2
高が	1
高さ	1
高じる	0
高ずる	0
高ぶり	0
高ぶる	3
高まり	0
高まる	3
高み	0
高める	3
高らか	2
高圧	0
高圧酸素療法	8
高圧線	0
高圧的	0
高位	1
高緯度	3
高域	0
高遠	0
高恩	0
高温	0
高温ガス炉	6
高温計	0
高音	0
高音部	3
高音部記号	6
高下	1
高下駄	0
高価	1
高価格	3
高架	1
高架橋	0
高架線	0
高架鉄道	4
高歌	1
高雅	1
高角	0
高角砲	0
高閣	0
高学年	3
高額	0
高巻	0
高官	0
高機	2
高気圧	3
高貴	1
高誼	1
高黍	3
高脚蟹	4
高級	0
高級アルコール	5
高級言語	5
高級脂肪酸	6
高級車	3
高級品	0
高給	0
高教	0
高金利政策	6
高吟	0
高空	0
高潔	0
高血圧	4
高血圧症	0
高血糖	3
高検	0
高見	0
高原	0
高言	0
高御座	3
高校	0
高校生	3
高高	3
高高指	4
高高度	3
高根	0
高砂	0
高砂台	4
高砂百合	4
高座	0
高菜	0
高裁	0
高察	0
高札	0
高山	1
高山植物	6
高山帯	0
高山蝶	3
高山病	0
高山流水	1
高士	1
高姿勢	3
高師	1
高止まり	0
高止り	3
高歯	0
高次	1
高次言語	4
高次方程式	6
高蒔絵	3
高射砲	0
高手小手	0
高周波	3
高処	0
高所	1
高所恐怖症	1
高唱	0
高尚	0
高床	0
高笑い	3
高障害	3
高上がり	3
高進	0
高瀬舟	4
高性能	3
高声	0
高積雲	3
高説	0
高専	0
高祖	1
高祖父	3
高祖母	3
高僧	0
高層	0
高層ビル	5
高層雲	3
高層天気図	7
高燥	0
高窓	0
高足	0
高足蟹	4
高足駄	3
高速	0
高速増殖炉	8
高速度	3
高速度鋼	5
高速度撮影	6
高速度写真	6
高速道路	5
高卒	0
高帯域	3
高台	0
高台教	0
高大	0
高段	0
高談	0
高値	2
高値引け	3
高地	1
高地トレーニング	5
高著	1
高張り提灯	5
高潮	0
高潮線	0
高調	0
高調子	3
高跳び	0
高直	0
高低	0
高低アクセント	5
高弟	0
高天原	4
高点	0
高殿	0
高度	1
高度計	0
高度差	3
高度成長	4
高土間	0
高島田	3
高灯台	3
高燈台	3
高等	0
高等科	0
高等学校	5
高等官	3
高等教育	5
高等工業学校	9
高等裁判所	0
高等師範学校	8
高等専門学校	9
高等動物	5
高等部	3
高等弁務官	7
高踏	0
高踏的	0
高踏派	0
高騰	0
高堂	0
高徳	0
高曇	0
高尿酸血症	7
高熱	0
高年	0
高年者	3
高波	0
高配	0
高批	1
高飛び	0
高飛び込み	3
高飛車	0
高評	0
高品位テレビ	6
高浮き彫り	3
高浮彫り	3
高風	0
高分子	3
高分子化学	6
高分子化合物	7
高塀	2
高峰	0
高帽子	3
高望み	3
高枕	3
高慢	0
高慢ちき	3
高密度星	5
高名	0
高鳴り	0
高鳴る	3
高木	0
高目	3
高野紙	3
高野聖	4
高野切れ	3
高野豆腐	4
高野槙	3
高野槇	3
高揚	0
高楊子	3
高楊枝	3
高欄	0
高覧	0
高利	1
高利貸し	3
高率	0
高梁	1
高陵土	3
高嶺	0
高嶺の花	6
高嶺桜	4
高麗	1
高麗楽	2
高麗芝	3
高麗尺	2
高麗人参	5
高麗鼠	3
高麗茶碗	5
高麗笛	3
高麗雉	3
高麗鶯	6
高齢	0
高齢化	0
高齢化社会	6
高齢者	3
高炉	1
高楼	0
高禄	0
高論	0
高話	3
高坏	2
高粱	1
高粱酒	3
高邁	0
高鼾	3
鴻	0
鴻基	1
鴻業	0
剛	1
剛の者	1
剛毅	1
剛気	1
剛球	0
剛強	0
剛健	0
剛柔	1
剛情	0
剛性	0
剛速球	3
剛体	0
剛体力学	6
剛胆	3
剛直	0
剛腹	0
剛毛	0
剛勇	0
剛力	0
剛腕	0
剛愎	0
劫	1
劫かす	4
劫火	1
劫盗	0
劫掠	0
劫略	0
号	1
号する	3
号音	0
号外	0
号泣	0
号数	3
号笛	0
号俸	0
号砲	0
号令	0
合	1
合い	1
合いの子	0
合いの子弁当	5
合いの手	3
合いの楔	1
合い印	0
合い引き	0
合い縁	0
合い火	0
合い間	0
合い駒	0
合い見積もり	3
合い見積り	3
合い鍵	0
合い言葉	3
合い口	0
合い札	0
合い詞	3
合い乗り	0
合い性	3
合い席	0
合い着	0
合い判	0
合い挽き	0
合い標	3
合い符	0
合い服	0
合い方	0
合い棒	0
合う	1
合える	2
合かぎ	0
合さる	3
合す	2
合する	0
合せて	2
合せる	3
合せ鏡	4
合せ持つ	4
合せ醤油	4
合せ酢	3
合せ味噌	4
合せ目	0
合の子	0
合の子弁当	5
合の手	3
合の楔	1
合わさる	3
合わす	2
合わせ	3
合わせて	2
合わせる	3
合わせ技	0
合わせ鏡	4
合わせ持つ	4
合わせ醤油	4
合わせ酢	3
合わせ砥	3
合わせ物	0
合わせ味噌	4
合わせ目	0
合コン	0
合意	1
合意点	3
合一	0
合印	0
合引き	0
合羽	0
合縁	0
合縁奇縁	5
合音	1
合火	0
合格	0
合格者	4
合格点	3
合格率	4
合鴨	0
合巻	0
合歓	0
合歓の木	1
合歓木	1
合間	0
合器蔓	2
合気道	3
合議	1
合議制	0
合議体	0
合金	0
合銀	0
合駒	0
合計	0
合欠き	0
合決	3
合決り	3
合憲	0
合鍵	0
合言葉	3
合口	0
合口音	3
合刻	0
合祭	0
合剤	0
合作	0
合冊	0
合札	0
合算	0
合算課税	5
合資	0
合資会社	4
合字	0
合州国	3
合衆国	3
合従	0
合従連衡	0
合宿	0
合唱	0
合唱曲	3
合唱隊	0
合唱団	3
合掌	0
合掌組	0
合掌組み	0
合掌造	5
合掌造り	5
合掌捻り	5
合焦	0
合図	1
合性	3
合成	0
合成ゴム	5
合成語	0
合成酵素	5
合成写真	5
合成酒	3
合成樹脂	5
合成数	3
合成石油	5
合成洗剤	5
合成繊維	5
合成皮革	5
合成物	3
合成力	3
合席	0
合切	0
合切袋	5
合接	0
合折れ釘	4
合折釘	4
合戦	0
合繊	0
合奏	0
合憎	0
合体	0
合致	0
合着	0
合著	1
合釘	0
合点	3
合同	0
合同行為	5
合判	0
合板	0
合挽	0
合挽き	0
合否	1
合皮	1
合標	3
合評	0
合符	0
合舞	0
合服	0
合併	0
合併集合	5
合併症	0
合弁	0
合弁会社	5
合抱	0
合方	0
合法	0
合法性	0
合法的	0
合本	0
合名会社	5
合目的	3
合目的性	0
合目的的	0
合理	1
合理化	0
合理主義	4
合理性	0
合理的	0
合理的期待仮説	9
合流	0
合力	1
合氣道	3
合祀	1
合衾	0
壕	1
拷問	0
濠	1
濠州	1
濠洲	1
豪	0
豪い	2
豪の者	1
豪飲	0
豪雨	1
豪家	1
豪華	1
豪華絢爛	1
豪華版	0
豪快	0
豪毅	1
豪気	1
豪儀	1
豪球	0
豪傑	0
豪傑笑い	5
豪健	0
豪語	1
豪州	1
豪商	0
豪勢	1
豪雪	0
豪然	0
豪壮	0
豪爽	0
豪族	0
豪胆	3
豪猪	3
豪邸	0
豪的	0
豪農	0
豪腹	0
豪物	0
豪放	0
豪放磊落	0
豪勇	0
豪遊	0
豪腕	0
豪奢	1
豪邁	0
轟々	0
轟かす	4
轟き	0
轟く	3
轟音	0
轟轟	0
轟然	0
轟沈	0
麹	0
麹菌	0
麹塵	0
麹漬	0
麹漬け	0
麹黴	3
克つ	1
克鯨	3
克己	1
克己心	3
克己復礼	1
克復	0
克服	0
克明	0
刻	1
刻々	0
刻する	3
刻み	0
刻みたばこ	4
刻みつける	5
刻みタバコ	4
刻み煙草	4
刻み込む	4
刻み足	3
刻み付ける	5
刻み目	0
刻む	0
刻一刻	1
刻印	0
刻下	1
刻苦	1
刻苦勉励	1
刻限	3
刻刻	1
刻子	1
刻字	0
刻足	3
刻薄	0
刻本	0
告ぐ	0
告げる	0
告げ口	0
告解	0
告口	0
告朔	0
告示	0
告辞	0
告訴	1
告訴人	0
告達	0
告知	0
告知板	0
告天子	0
告白	0
告発	0
告発状	0
告文	0
告別	0
告別式	4
告諭	1
国	0
国々	2
国威	1
国一揆	3
国運	0
国営	0
国営企業	5
国営農場	5
国益	0
国王	3
国恩	0
国家	1
国家経済	4
国家権力	4
国家元首	4
国家公安委員会	9
国家公務員	6
国家財政	4
国家試験	5
国家社会主義	7
国家主義	4
国家神道	4
国家地方警察	7
国家的	0
国家補償	4
国家連合	4
国歌	1
国花	1
国華	1
国会	0
国会議員	5
国会議事堂	0
国会対策委員会	10
国界	3
国絵図	3
国外	2
国学	0
国学者	3
国漢	0
国旗	0
国技	1
国許	0
国境	0
国境線	0
国教	0
国禁	0
国訓	0
国軍	0
国郡里制	0
国慶節	3
国警	0
国憲	0
国権	0
国元	0
国言葉	3
国庫	1
国庫債権	4
国語	0
国語科	0
国語学	3
国語辞典	4
国語審議会	6
国交	0
国交断絶	0
国光	0
国公立	3
国構え	3
国号	0
国国	2
国債	0
国際	0
国際カルテル	5
国際バカロレア	7
国際音声記号	9
国際化	0
国際会議	5
国際機関	6
国際機構	5
国際緊急援助隊	0
国際金融	5
国際空港	5
国際軍事裁判	8
国際契約	5
国際警察	5
国際結婚	5
国際見本市	6
国際語	0
国際公法	5
国際私法	5
国際主義	5
国際収支	5
国際条約	5
国際色	3
国際人	3
国際人権規約	9
国際人道法	7
国際線	0
国際組織	5
国際単位系	0
国際通貨	5
国際通貨基金	9
国際的	0
国際電話	5
国際犯罪	5
国際標準図書番号	11
国際分業	5
国際紛争	5
国際保護鳥	6
国際保護動物	7
国際放送	5
国際法	0
国際貿易	5
国際問題	5
国際郵便	5
国際流動性	0
国際連合	5
国際連合軍	7
国際連合事務総長	5
国際連盟	5
国堺	3
国策	0
国産	0
国産車	3
国産品	0
国司	1
国史	1
国士	1
国士無双	4
国詞	3
国事	1
国事行為	4
国事犯	3
国侍	3
国字	0
国字問題	4
国璽	1
国自慢	3
国主	1
国守	1
国手	1
国書	1
国章	0
国情	0
国辱	0
国人	0
国尽くし	3
国粋	0
国粋主義	5
国是	1
国勢	0
国勢調査	5
国政	0
国政調査権	7
国税	0
国税局	3
国税庁	3
国籍	0
国選弁護人	0
国礎	1
国喪	0
国葬	0
国造	5
国賊	0
国体	0
国対	0
国恥	1
国鳥	0
国定	0
国定教科書	7
国定公園	5
国鉄	0
国典	0
国電	0
国都	1
国土	1
国土計画	4
国土地理院	5
国土庁	3
国道	0
国内	2
国内均衡	5
国内市場	5
国内線	0
国内総生産	7
国内法	0
国難	0
国入り	0
国費	1
国表	3
国賓	0
国富	1
国府	1
国父	1
国風	0
国分寺	0
国文	0
国文科	0
国文学	3
国文法	3
国幣社	3
国柄	0
国保	1
国母	1
国宝	0
国法	0
国防	0
国防会議	5
国防色	3
国防総省	5
国防費	3
国本	0
国鱒	2
国民	0
国民の祝日	0
国民栄誉賞	7
国民皆兵	0
国民皆保険	7
国民学校	5
国民議会	5
国民休暇村	0
国民軍	3
国民経済	5
国民健康保険	9
国民国家	5
国民主権	0
国民宿舎	6
国民純生産	7
国民所得	5
国民審査	5
国民性	0
国民政府	5
国民総支出	7
国民総生産	7
国民体育大会	9
国民的	0
国民投票	5
国民年金	5
国民服	3
国民福祉指標	8
国務	1
国務院	3
国務省	3
国務大臣	4
国務長官	4
国名	0
国訳	0
国有	0
国有化	0
国有財産	5
国有地	3
国有鉄道	5
国有林	3
国有林野	5
国利	1
国利民福	1
国立	0
国立銀行	5
国立劇場	5
国立公園	5
国立大学	5
国力	2
国連	0
国連軍	3
国労	0
国論	0
国衙	1
国衙領	3
国訛	3
穀つぶし	3
穀雨	1
穀象虫	3
穀食	0
穀倉	0
穀倉地帯	5
穀潰	3
穀潰し	3
穀物	2
穀物メジャー	5
穀粉	2
穀粒	2
穀類	2
酷	1
酷い	2
酷く	1
酷しい	3
酷たらしい	5
酷寒	0
酷遇	0
酷刑	0
酷使	1
酷似	0
酷暑	1
酷税	0
酷道	0
酷熱	0
酷薄	0
酷評	0
酷吏	1
酷烈	0
黒	1
黒々	3
黒あざ	0
黒い	2
黒こげ	0
黒こしょう	3
黒すぐり	3
黒ずむ	3
黒だい	0
黒っぽい	4
黒ばむ	3
黒ぶち	0
黒ぼく	0
黒み	0
黒みつ	0
黒む	2
黒める	3
黒ん坊	0
黒ダイヤ	3
黒パン	0
黒ビール	3
黒衣	1
黒雲	0
黒雲母	3
黒影	0
黒液	0
黒円	0
黒煙	0
黒縁	0
黒鉛	0
黒歌鳥	4
黒海	1
黒革	0
黒樫	2
黒梶木	3
黒褐色	3
黒鴨	0
黒丸	0
黒丸花蜂	6
黒眼	2
黒眼鏡	3
黒旗魚	3
黒蟻	0
黒牛の舌	7
黒牛舌魚	7
黒玉	0
黒金	0
黒熊	0
黒血	0
黒鍵	0
黒胡椒	3
黒後家蜘蛛	3
黒御影	3
黒光り	3
黒黒	3
黒砂糖	3
黒犀	0
黒鷺	0
黒作り	3
黒山	0
黒酸塊	3
黒子	0
黒死病	0
黒字	0
黒字倒産	4
黒慈姑	3
黒鹿毛	0
黒漆	0
黒酒	0
黒松	0
黒焼	0
黒焼き	0
黒焦げ	0
黒色	0
黒色火薬	5
黒色人種	5
黒身	0
黒人	0
黒人霊歌	5
黒酢	0
黒水引	4
黒雀蜂	5
黒星	2
黒石	0
黒線	0
黒船	0
黒鼠	3
黒藻	0
黒装束	3
黒体	0
黒体放射	5
黒帯	0
黒鯛	0
黒大蟻	3
黒炭	2
黒胆汁質	5
黒檀	3
黒地	0
黒竹	0
黒茶	2
黒潮	0
黒蝶貝	3
黒鳥	0
黒鶴	0
黒底翳	3
黒鉄黐	4
黒点	0
黒点周期	5
黒田売買	4
黒塗り	0
黒土	2
黒奴	1
黒糖	0
黒豆	0
黒豆の木	6
黒豆木	6
黒豚	0
黒内障	3
黒南風	0
黒猫	0
黒熱病	0
黒梅擬	5
黒梅擬き	5
黒白	1
黒駁	0
黒麦	3
黒八丈	3
黒髪	2
黒斑	0
黒斑病	0
黒板	0
黒板拭き	3
黒皮症	0
黒百合	2
黒表	0
黒豹	0
黒風	0
黒風白雨	5
黒文字	0
黒米	0
黒穂	0
黒穂菌	0
黒穂病	0
黒鳳蝶	3
黒房	0
黒幕	0
黒鮪	3
黒味	0
黒蜜	0
黒毛	0
黒毛和種	4
黒木	0
黒目	2
黒紋付き	3
黒揚羽	3
黒曜石	3
黒耀石	3
黒竜	2
黒龍	2
黒枠	0
黒檜	0
黒猩々	3
黒猩猩	3
黒痣	0
黒絽	0
黒繻子	0
黒翳	0
黒蠅	2
黒貂	0
黒鵐	0
黒鶫	3
黒黴	0
獄	1
獄衣	1
獄屋	1
獄死	0
獄舎	1
獄囚	0
獄所	1
獄窓	0
獄卒	0
獄中	0
獄道	2
獄道者	0
獄門	0
獄吏	1
漉き返す	3
漉く	0
漉し器	2
漉し紙	0
漉し袋	3
漉し油	3
漉し餡	0
漉す	0
漉餡	0
腰	0
腰かけ	3
腰かける	4
腰ぎんちゃく	3
腰だめ	0
腰の物	5
腰羽目	0
腰屋根	0
腰回り	3
腰垣	2
腰掛	3
腰掛け	3
腰掛ける	4
腰掛け仕事	5
腰掛る	4
腰掛仕事	5
腰巻	0
腰巻き	0
腰間	0
腰気	0
腰強	0
腰巾着	3
腰筋	0
腰元	0
腰高	0
腰高障子	5
腰骨	0
腰砕け	0
腰細	0
腰細蜂	4
腰弱	0
腰上げ	0
腰赤燕	5
腰折	0
腰折れ	0
腰折れ屋根	5
腰帯	0
腰張	0
腰張り	0
腰椎	0
腰椎穿刺	5
腰痛	0
腰刀	3
腰投げ	0
腰湯	0
腰当て	2
腰縄	0
腰抜け	0
腰板	0
腰紐	0
腰付き	0
腰布	0
腰布団	3
腰部	1
腰弁	0
腰弁当	3
腰蓑	0
腰揚げ	0
腰撓め	0
腰簑	0
甑	2
甑炉	1
忽	1
忽ち	0
忽然	0
忽焉	0
惚け	2
惚ける	3
惚け茄子	0
惚れる	0
惚れ惚れ	3
惚れ込む	3
惚れ薬	3
惚気	0
惚気る	0
惚気話	4
骨	2
骨っぽい	4
骨っ節	0
骨つぼ	0
骨なし	0
骨ばる	3
骨炎	2
骨化	0
骨灰	0
骨灰磁器	5
骨格	0
骨格筋	0
骨角器	3
骨幹	0
骨休め	3
骨細	0
骨細胞	3
骨材	0
骨仕事	3
骨子	1
骨脂	1
骨質	0
骨腫	0
骨拾い	3
骨身	3
骨髄	0
骨髄移植	5
骨髄炎	3
骨髄腫	3
骨惜しみ	3
骨切り	4
骨接ぎ	0
骨折	0
骨折り	0
骨折り損	5
骨折る	3
骨節	0
骨粗しょう症	4
骨粗鬆症	4
骨組	0
骨組み	0
骨組織	3
骨相	0
骨相学	3
骨太	0
骨炭	0
骨端炎	3
骨張る	3
骨頂	0
骨壷	0
骨董	0
骨董屋	0
骨董品	0
骨堂	0
骨軟化症	5
骨肉	0
骨肉腫	4
骨年齢	3
骨牌	1
骨箱	0
骨抜き	0
骨盤	0
骨盤位	3
骨皮筋右衛門	2
骨粉	0
骨柄	0
骨偏	0
骨片	0
骨法	0
骨膜	0
骨膜炎	4
骨無し	0
骨迷路	3
骨油	2
骨揚げ	0
骨鱗	0
骨壺	0
骨棘	0
骨骼	0
狛	1
狛犬	0
狛笛	3
込み	2
込み合う	3
込み上げる	4
込み入る	3
込む	1
込める	2
込合う	3
込上げる	4
込入る	3
此うした	0
此から	4
此の	0
此の位	0
此の間	3
此の期	0
此の後	2
此の頃	0
此の際	3
此の手	3
此の所	0
此の上	4
此の上とも	5
此の上無い	5
此の世	3
此の節	2
此の先	0
此の前	3
此の中	0
此の程	2
此の度	2
此の辺	0
此の方	3
此の様	3
此の儘	4
此れ	0
此れから	4
此れっぽっち	4
此れっ許り	4
此れっ切り	5
此れは	0
此れ位	0
此れ許り	3
此れ見よがし	4
此れ此れ	2
此れ式	0
此れ丈	4
此れ切り	4
此れ程	0
此れ等	2
此れ迄	3
此間	4
此岸	1
此見よがし	4
此処	0
此処いら	2
此処に於て	4
此処の所	6
此処ら	2
此処等	2
此処彼処	3
此所	0
此所ら	2
此度	2
此奴	0
此方	0
此方人等	0
頃	1
頃おい	3
頃合	0
頃合い	0
頃刻	0
頃日	0
今	1
今ごろ	0
今さら	0
今しがた	0
今しも	1
今し方	0
今だに	0
今どき	0
今なお	1
今に	1
今にも	1
今のところ	0
今の所	6
今の内	0
今ひとつ	4
今まで	3
今めかしい	5
今もって	3
今や	1
今わ	0
今わの際	6
今以て	3
今一	2
今一つ	4
今一度	0
今夏	1
今芽樫	3
今回	1
今期	1
今季	1
今暁	0
今月	0
今月分	4
今古	1
今戸焼	0
今吾	1
今後	0
今更	0
今頃	0
今際	0
今際の際	6
今時	0
今時分	0
今次	1
今秋	0
今週	0
今出来	0
今春	0
今宵	0
今少し	4
今尚	1
今上	0
今上天皇	7
今上陛下	5
今人	0
今世紀	3
今生	0
今昔	0
今川焼	0
今川焼き	0
今朝	1
今朝方	0
今度	1
今冬	0
今日	1
今日は	1
今日び	1
今日的	0
今日日	1
今日明日	1
今日様	1
今年	0
今年度	3
今般	1
今晩	1
今晩は	5
今風	0
今方	2
今迄	3
今明日	3
今夜	1
今猶	1
今夕	0
今様	0
今様歌	3
困じる	0
困ずる	0
困らせる	4
困り果てる	5
困り者	0
困り切る	4
困り抜く	4
困る	2
困却	0
困窮	0
困窮者	3
困苦	1
困難	1
困厄	0
困惑	0
困憊	0
困阨	0
坤	1
墾田	0
婚	2
婚衣	1
婚姻	0
婚姻色	3
婚姻適齢	5
婚姻届	5
婚家	1
婚外子	3
婚期	1
婚儀	1
婚交	0
婚前	0
婚前交渉	5
婚約	0
婚約者	3
婚礼	0
恨しい	4
恨み	3
恨みがましい	6
恨みつらみ	6
恨み言	0
恨み辛み	6
恨む	2
恨むらくは	2
恨めしい	4
恨事	1
恨布	1
懇	0
懇々	1
懇ろ	0
懇意	1
懇願	0
懇懇	0
懇書	1
懇情	0
懇親	0
懇親会	3
懇請	0
懇切	0
懇切丁寧	5
懇談	0
懇談会	3
懇到	0
懇篤	0
懇望	0
懇命	0
懇話	0
懇話会	3
昏々	0
昏昏	0
昏睡	0
昏倒	0
昏冥	0
昏迷	0
昆孫	0
昆虫	0
昆虫ホルモン	5
昆布	1
昆布巻	4
昆布巻き	0
昆布茶	2
根	1
根から	1
根こそぎ	2
根ざす	2
根っから	1
根っこ	3
根っ子	3
根っ木	0
根っ木打ち	3
根づく	2
根の国	1
根ほり葉ほり	1
根も葉もない	1
根扱ぎ	3
根引き	3
根音	0
根回し	2
根回り	2
根株	1
根冠	0
根幹	0
根管	0
根基	1
根気	0
根気負け	0
根拠	1
根拠地	3
根競べ	3
根強い	3
根喰葉虫	4
根掘り葉掘り	1
根茎	0
根元	0
根原	3
根源	3
根限り	3
根号	3
根差す	2
根菜	0
根菜類	3
根笹	0
根子	3
根治	1
根城	0
根深	0
根深い	3
根深汁	4
根性	1
根石	1
根切り	0
根切り虫	3
根切虫	3
根接ぎ	3
根雪	0
根絶	0
根絶やし	0
根太	1
根太板	0
根底	0
根締め	3
根比べ	3
根付	3
根付く	2
根付け	3
根負け	0
根分け	0
根保証	2
根方	3
根堀り葉堀り	1
根本	0
根本悪	3
根本主義者	6
根本的	0
根無し	3
根無し草	3
根毛	0
根問い	1
根来	1
根来塗り	0
根粒	0
根粒菌	3
根刮ぎ	0
根柢	0
根瘤	0
梱	1
梱る	1
梱包	0
混ざり物	0
混ざる	2
混じり	3
混じり気	0
混じり合う	4
混じり物	0
混じる	2
混ず	0
混ずる	0
混ぜっ返す	4
混ぜる	2
混ぜ合せる	0
混ぜ合わす	4
混ぜ合わせる	0
混ぜ書き	0
混ぜ物	2
混ぜ返す	3
混み合う	3
混む	1
混獲	0
混血	0
混血児	4
混交	0
混交林	3
混合	0
混合う	3
混合ワクチン	5
混合機	3
混合経済	5
混合酒	3
混合農業	5
混合物	3
混合保険	5
混合薬	3
混混	0
混載	0
混在	0
混作	0
混雑	1
混酸	0
混種語	0
混植	0
混色	0
混信	0
混成	0
混成岩	3
混成競技	5
混成酒	3
混声	0
混声合唱	5
混戦	0
混線	0
混然	0
混然一体	0
混濁	0
混炭	1
混同	0
混沌	0
混入	0
混入物	3
混播	1
混紡	0
混迷	0
混用	0
混浴	0
混乱	0
混和	0
混淆	0
痕跡	0
痕跡器官	6
紺	1
紺屋	0
紺屋の白袴	7
紺四郎	0
紺珠	1
紺綬褒章	4
紺色	0
紺青	0
紺青鬼	3
紺地	0
紺飛白	3
紺碧	0
紺絣	3
艮	0
魂	1
魂迎え	3
魂迎え鳥	5
魂祭	3
魂祭り	3
魂讃め星	4
魂消る	3
魂送り	3
魂胆	1
魂柱	0
魂魄	1
些か	0
些さか	2
些と	1
些とも	3
些些	1
些細	1
些事	1
些少	0
些末	0
佐ける	3
佐官	1
佐保姫	2
佐幕	0
叉	2
叉骨	0
叉手網	0
叉銃	0
叉焼	3
叉焼麺	3
叉木	2
唆す	4
唆る	0
嵯峨	1
左	0
左右	1
左右相称	1
左回り	4
左楽	1
左巻	0
左巻き	0
左官	0
左岸	0
左寄り	0
左記	1
左義長	0
左近の桜	1
左傾	0
左遣い	4
左舷	1
左顧右眄	1
左向き	0
左四つ	0
左手	0
左心室	2
左心房	2
左図	1
左折	0
左旋性	0
左遷	0
左前	3
左側	0
左足	0
左大臣	2
左端	0
左団扇	5
左中間	2
左程	0
左党	1
左投げ	0
左脳	0
左派	1
左辺	1
左弁官	2
左方	1
左方唐楽	4
左様	0
左様なら	4
左翼	1
左利	0
左利き	0
左隣	4
左腕	1
左袒	0
左褄	0
差	0
差し	2
差しかける	4
差しぐむ	3
差しつ差されつ	1
差し違える	0
差し引き	2
差し引き勘定	5
差し引く	3
差し越える	4
差し越す	3
差し延べる	4
差し押え	0
差し押える	5
差し押さえ	0
差し押さえる	5
差し回す	0
差し掛かる	4
差し掛け	0
差し掛ける	0
差し掛る	4
差し換える	0
差し含む	0
差し詰め	0
差し許す	0
差し挟む	4
差し響く	0
差し金	0
差し繰る	0
差し遣す	0
差し遣わす	0
差し固める	0
差し交わす	0
差し向かい	0
差し向かう	0
差し向ける	4
差し控える	5
差し合い	0
差し込み	0
差し込む	0
差し傘	3
差し支え	0
差し支える	0
差し止め	0
差し止める	4
差し紙	0
差し歯	3
差し手	3
差し出がましい	6
差し出し人	0
差し出す	3
差し出る	3
差し出口	3
差し招く	4
差し昇る	4
差し障り	0
差し障る	0
差し上げる	0
差し上る	4
差し伸べる	4
差し身	3
差し水	2
差し声	0
差し前	0
差し足	2
差し替え	0
差し替える	0
差し担い	0
差し置く	0
差し潮	0
差し添え	0
差し渡し	0
差し土	0
差し湯	2
差し当たって	0
差し当たり	0
差し当たる	0
差し当る	0
差し縄	0
差し入れ	0
差し入れる	4
差し覗く	0
差し迫る	4
差し付ける	0
差し物	2
差し毛	2
差し戻す	4
差し薬	3
差し油	3
差し立て	0
差し立てる	0
差し挾む	4
差す	1
差っ引く	3
差異	1
差違え	0
差違える	0
差引き	2
差引く	3
差引勘定	5
差羽	0
差益	0
差延	0
差延べる	4
差押	0
差押え	0
差押える	5
差押さえ	0
差押さえる	5
差回す	0
差額	0
差掛け	0
差掛ける	0
差換える	0
差詰め	0
差響く	0
差金	0
差遣	0
差遣す	5
差遣わす	0
差固める	0
差交す	5
差交わす	0
差口	2
差向い	0
差向かい	0
差向かう	0
差向ける	4
差込	0
差込み	0
差込む	0
差傘	3
差支え	0
差支える	0
差支え無い	6
差止める	4
差歯	3
差出す	3
差出る	3
差出人	0
差招く	4
差上げる	0
差上る	4
差伸べる	4
差声	0
差足	2
差損	0
差替え	0
差替える	0
差置く	0
差当たり	0
差当り	0
差当る	4
差等	0
差縄	0
差入れ	0
差入れる	4
差覗く	0
差配	1
差配人	0
差迫る	4
差付ける	0
差物	2
差分	0
差別	1
差別化	0
差別関税	4
差別待遇	4
差戻す	4
差立て	0
差立てる	0
差閊	0
差閊え	0
査閲	0
査察	0
査収	0
査証	0
査定	0
査読	0
査問	0
沙	0
沙丘	0
沙魚	1
沙穀	1
沙蚕	0
沙子	0
沙石	0
沙汰	2
沙虫	3
沙漠	0
沙門	1
沙弥	1
沙弥尼	2
沙羅	1
沙羅双樹	3
砂	0
砂ぎも	0
砂ぼこり	3
砂煙	3
砂絵	0
砂蟹	0
砂滑	0
砂肝	0
砂岩	1
砂丘	0
砂金	0
砂原	0
砂山	0
砂子	0
砂時計	3
砂州	0
砂洲	0
砂上	0
砂場	0
砂塵	0
砂吹き	0
砂摺り	0
砂石	0
砂鼠	3
砂袋	3
砂地	0
砂張	0
砂鉄	0
砂土	1
砂湯	0
砂糖	2
砂糖きび	2
砂糖黍	2
砂糖水	2
砂糖大根	4
砂糖漬	0
砂糖漬け	0
砂糖楓	4
砂糖椰子	4
砂糖蜀黍	4
砂嚢	0
砂蚤	0
砂漠	0
砂漠化	0
砂八目	3
砂被り	3
砂浜	0
砂風呂	0
砂防	0
砂摩り	0
砂遊び	3
砂嵐	3
砂利	0
砂嘴	1
砂埃	3
砂礫	0
詐り	0
詐る	3
詐害	1
詐偽	1
詐欺	1
詐欺罪	2
詐欺師	2
詐取	1
詐術	1
詐称	0
鎖	0
鎖かたびら	4
鎖す	0
鎖陰	0
鎖鎌	3
鎖国	0
鎖骨	0
鎖歯車	5
鎖式化合物	5
鎖車	4
鎖蛇	4
鎖状	0
鎖線	0
鎖編み	0
鎖帷子	5
坐す	1
坐する	2
坐り	0
坐り込む	4
坐る	0
坐蒲団	2
坐骨	0
坐剤	0
坐視	1
坐礁	0
坐乗	0
坐禅	0
坐像	0
坐敷	3
坐法	0
坐薬	0
座	1
座す	1
座する	2
座ぶとん	2
座り	0
座りだこ	4
座り込み	0
座り込む	4
座り心地	0
座り相撲	4
座り胼胝	4
座る	0
座椅子	0
座員	0
座右	0
座右の銘	5
座臥	1
座学	0
座蒲団	2
座観式庭園	6
座興	0
座業	0
座金	0
座屈	0
座元	3
座高	0
座骨	0
座骨神経	4
座骨神経痛	0
座剤	0
座視	1
座持ち	0
座主	1
座州	1
座洲	1
座所	1
座礁	0
座乗	0
座職	0
座食	0
座席	0
座禅	0
座禅草	0
座像	0
座卓	0
座談	0
座談会	2
座中	0
座長	0
座頭	2
座頭鯨	4
座頭虫	2
座入り	0
座標	0
座標系	0
座標軸	2
座標変換	4
座付	0
座付き	0
座布団	2
座敷	3
座敷着	3
座敷童	4
座敷童子	4
座敷牢	3
座法	0
座薬	0
座浴	0
座礼	0
座刳り	0
挫く	2
挫ける	3
挫骨	0
挫傷	0
挫折	0
挫創	0
挫滅	0
挫滅症候群	6
債	1
債鬼	1
債券	0
債権	0
債権国	3
債権者	3
債主	1
債務	1
債務国	3
債務者	3
債務超過	4
債務不履行	1
債務保証	4
催し	0
催し物	0
催す	3
催淫剤	3
催奇形性	0
催行	0
催合う	2
催告	0
催事	1
催事場	0
催促	1
催促状	0
催吐薬	3
催馬楽	0
催物	0
催眠	0
催眠剤	3
催眠術	3
催眠薬	3
催眠療法	5
催涙	0
催涙ガス	5
催涙弾	3
再々	0
再び	0
再映	0
再演	0
再縁	0
再嫁	1
再会	0
再開	0
再開発	3
再確認	3
再割引	3
再刊	0
再感染	3
再帰	1
再帰代名詞	6
再帰動詞	4
再帰熱	3
再起	1
再議	1
再挙	1
再教育	3
再興	0
再吟味	3
再軍備	3
再掲	0
再結晶	3
再建	0
再検査	3
再検討	3
再見	0
再現	0
再雇用	3
再抗弁	3
再校	0
再構	0
再考	0
再告	0
再婚	0
再再	0
再三	0
再三再四	5
再思	1
再試験	3
再試合	3
再従兄	3
再従兄弟	2
再従兄妹	2
再従姉弟	2
再従姉妹	2
再従弟	3
再出	0
再出発	3
再処理	3
再審	0
再審査	3
再審裁判	5
再審請求	5
再診	0
再生	0
再生産	3
再生紙	3
再生繊維	5
再生不良性貧血	10
再製	0
再設	0
再説	0
再戦	0
再選	0
再選挙	3
再送	0
再築	0
再注	1
再鋳	1
再調	0
再調査	3
再訂	0
再転	0
再度	1
再投票	3
再読	0
再読文字	5
再突入	3
再入	0
再入学	3
再任	0
再認識	3
再燃	0
再拝	0
再発	0
再発見	3
再発行	3
再発足	3
再版	0
再犯	0
再販	0
再評価	3
再変	0
再編	0
再編成	3
再保険	3
再放送	3
再訪	0
再輸出	3
再輸入	3
再遊	0
再来	0
再来月	0
再来週	0
再来年	0
再履	1
再臨	0
再録	0
最	1
最たる	1
最も	3
最愛	0
最悪	0
最安値	4
最右	1
最右翼	3
最遠	0
最下	1
最下位	0
最果て	0
最外	0
最寄	0
最寄り	0
最期	1
最強	0
最近	0
最恵国	3
最恵国待遇	7
最敬礼	3
最古	1
最後	1
最後っ屁	3
最後通告	4
最後通牒	4
最後尾	3
最後列	3
最高	0
最高学府	5
最高級	3
最高検	3
最高検察庁	8
最高限	3
最高裁	3
最高裁判所	0
最高神	3
最高値	4
最高潮	3
最高点	3
最高峰	3
最高法規	5
最左	1
最左翼	3
最終	0
最終案	3
最終回	3
最終需要	5
最終戦	0
最終日	3
最終弁論	5
最重点	3
最初	0
最小	0
最小２乗法	0
最小限	3
最小限度	5
最小公倍数	7
最小値	3
最小二乗法	0
最少	0
最上	0
最上級	3
最新	0
最新式	0
最新世	3
最深	0
最盛期	3
最先端	3
最前	0
最前戦	3
最前線	3
最前列	3
最善	0
最早	1
最速	0
最多	0
最多数	3
最大	0
最大許容線量	8
最大限	3
最大公約数	8
最大値	3
最短	0
最短距離	5
最中	1
最長	0
最長不倒距離	8
最低	0
最低温度計	0
最低限	3
最低限度	5
最低生活費	8
最低賃金制	0
最適	0
最適化	0
最南	3
最年少	3
最年長	3
最年長者	5
最貧国	3
最頻値	3
最北	0
最北端	3
最優秀選手	7
最優先	3
最良	0
哉	0
塞がり	0
塞がる	0
塞き止める	4
塞ぎ込む	4
塞く	1
塞ぐ	0
塞げる	0
塞の神	3
塞源	0
塞栓	0
塞栓症	0
妻	1
妻せる	4
妻戸	2
妻合せる	4
妻合わせる	4
妻黒	0
妻子	1
妻女	1
妻妾	0
妻神	1
妻帯	0
妻帯者	3
妻入	0
妻入り	0
妻問婚	3
妻楊枝	3
宰相	0
宰領	0
彩なす	3
彩やか	2
彩り	0
彩る	3
彩雲	0
彩画	1
彩管	0
彩飾	0
彩色	0
彩層	0
彩度	1
才	1
才穎	0
才英	0
才覚	0
才学	0
才幹	0
才器	1
才気	1
才気煥発	1
才芸	0
才子	1
才子佳人	1
才子多病	1
才取り	4
才取り会員	5
才取り棒	4
才取会員	5
才女	1
才色	0
才色兼備	5
才人	0
才藻	0
才走る	4
才弾ける	5
才知	1
才智	1
才槌	4
才槌頭	5
才徳	0
才能	0
才筆	0
才媛	0
才物	0
才分	0
才名	0
才略	0
才量	0
才力	1
才六	0
才腕	0
採り込む	0
採り上げる	0
採り入れる	4
採る	1
採れたて	0
採れる	2
採れ立て	0
採金	0
採掘	0
採掘権	4
採決	0
採血	0
採光	0
採鉱	0
採算	0
採算割れ	0
採算株	3
採算性	0
採取	1
採集	0
採寸	0
採石	0
採択	0
採炭	0
採長補短	0
採点	0
採尿	0
採番	1
採否	1
採譜	0
採油	0
採用	0
採卵	0
採卵鶏	3
採録	0
栽培	0
歳	2
歳々	0
歳の市	4
歳の瀬	0
歳刑	1
歳計	0
歳月	1
歳差	1
歳差運動	4
歳歳	0
歳殺	0
歳時記	3
歳次	1
歳取る	3
歳出	0
歳神	0
歳星	0
歳旦	0
歳徳神	4
歳入	0
歳破	1
歳晩	0
歳費	1
歳暮	0
歳末	0
済し崩し	0
済ます	2
済ませる	3
済み	2
済みません	4
済む	1
済世	0
済度	1
済民	0
災い	0
災いする	0
災禍	1
災害	0
災害地	3
災害保険	5
災害補償	5
災難	3
災厄	0
采	1
采の目	0
采女	0
采振木	4
采配	0
犀	1
犀角	1
犀鳥	0
犀利	1
砕く	2
砕け	3
砕ける	3
砕け波	0
砕屑岩	4
砕屑丘	0
砕鉱	0
砕石	0
砕波	1
砕氷	0
砕氷船	0
砕片	0
砦	0
祭	0
祭り	0
祭り込む	4
祭り上げる	5
祭る	0
祭器	1
祭儀	1
祭具	1
祭司	1
祭事	1
祭式	0
祭主	1
祭上げる	5
祭場	0
祭神	0
祭政	0
祭政一致	0
祭壇	0
祭壇座	0
祭典	0
祭殿	0
祭日	0
祭服	0
祭文	0
祭礼	0
祭祀	1
祭祀料	3
祭禮	0
斎	1
斎う	2
斎く	2
斎み	1
斎む	1
斎屋	2
斎戒	0
斎戒もく浴	0
斎戒沐浴	0
斎宮	3
斎言	0
斎主	1
斎場	0
斎食	0
斎日	2
斎服	0
細	1
細々	3
細い	2
細か	2
細かい	3
細め	0
細める	3
細やか	2
細ら	0
細る	2
細れ	0
細れ石	3
細引	0
細引き	0
細雨	1
細蟹	0
細巻	0
細巻き	0
細管	0
細魚	0
細菌	0
細菌ウイルス	6
細菌学	3
細菌毒素	5
細菌兵器	5
細菌類	3
細謹	0
細金	0
細君	1
細隙	0
細結び	3
細見	0
細孔	0
細工	0
細工師	3
細工所	0
細工物	0
細腰	0
細腰鼓	3
細細	3
細作り	3
細枝	0
細事	1
細字	1
細書き	0
細小	0
細心	0
細身	0
細辛	0
細塵	0
細石	3
細切り	0
細切れ	0
細説	0
細雪	3
細則	0
細帯	0
細大	0
細長い	4
細動	0
細動脈	3
細道	2
細波	0
細微	1
細筆	0
細氷	0
細部	1
細分	0
細分化	0
細別	0
細片	0
細編み	0
細胞	0
細胞遺伝学	6
細胞運動	5
細胞核	3
細胞学	3
細胞工学	5
細胞質	3
細胞質遺伝	7
細胞小器官	8
細胞診	3
細胞性免疫	7
細胞内消化	7
細胞培養	5
細胞分裂	5
細胞壁	3
細胞膜	3
細胞融合	5
細密	0
細密画	0
細民	0
細面	3
細目	0
細螺	0
細流	0
細粒	0
細鱗	0
細論	0
細腕	0
細緻	1
菜	1
菜っ葉	1
菜っ葉服	3
菜の花	1
菜ばし	3
菜園	0
菜種	2
菜種菜	3
菜種梅雨	4
菜種油	4
菜食	0
菜食主義	5
菜切り包丁	4
菜単	0
菜漬け	0
菜箸	3
菜飯	1
菜蕗	0
菜葉	1
菜葉服	3
裁き	1
裁く	2
裁ちばさみ	3
裁ち割る	0
裁ち屑	3
裁ち上がり	0
裁ち切る	3
裁ち板	3
裁ち物	2
裁ち方	3
裁ち縫い	2
裁ち鋏	3
裁つ	1
裁可	1
裁許	1
裁決	0
裁断	0
裁定	0
裁定取引	5
裁判	1
裁判ざた	0
裁判官	3
裁判官訴追委員会	3
裁判官弾劾裁判所	0
裁判権	3
裁判沙汰	0
裁判所	0
裁判所書記官	7
裁判長	3
裁縫	0
裁縫い	2
裁量	0
裁量労働	5
裁量労働制	0
載	1
載す	1
載せる	0
載っかる	0
載っける	0
載る	0
載積	0
載録	0
際	1
際して	1
際する	3
際どい	3
際会	0
際涯	0
際限	3
際疾い	3
際物	0
際立つ	3
剤型	0
剤形	0
在	1
在す	3
在らしめる	4
在り	1
在りか	1
在りし	1
在りし日	1
在りつく	3
在り合す	4
在り合せる	5
在り合わす	4
在り合わせる	5
在り処	1
在り所	1
在り付く	0
在り方	3
在り来たり	0
在り来り	0
在る	1
在位	1
在院	0
在園	0
在家	0
在荷	0
在外	0
在外公館	5
在外資産	5
在学	0
在学生	3
在官	0
在館	0
在居	1
在京	0
在郷	0
在郷軍人	5
在勤	0
在庫	0
在庫管理	4
在庫循環	4
在庫調整	4
在庫投資	4
在庫品	0
在校	0
在校生	3
在室	0
在社	0
在住	0
在宿	0
在処	1
在所	3
在職	0
在世	0
在籍	0
在俗	0
在宅	0
在宅医療	5
在宅勤務	5
在地	1
在中	0
在朝	0
在天	0
在日	0
在日外国人	8
在日朝鮮人	9
在任	0
在任中	0
在米	0
在方	0
在野	1
在役	0
在来	0
在来種	3
在来線	0
在留	0
在留邦人	5
在留民	3
材	1
材器	1
材質	0
材棒	0
材木	0
材木屋	0
材料	3
材料費	3
材料力学	6
罪	1
罪がない	1
罪が無い	1
罪する	3
罪ほろぼし	3
罪悪	1
罪悪感	4
罪科	1
罪過	1
罪業	0
罪刑法定主義	9
罪源	3
罪作り	3
罪囚	0
罪証	0
罪障	0
罪状	0
罪深い	4
罪人	0
罪数	3
罪責	0
罪跡	0
罪体	0
罪名	0
罪滅ぼし	3
財	1
財テク	0
財貨	1
財界	0
財界人	3
財形	0
財形貯蓄	5
財経	0
財源	0
財産	1
財産家	0
財産区	3
財産権	3
財産税	3
財産相続	5
財産分与	5
財産目録	5
財政	0
財政々策	5
財政家	0
財政学	3
財政関税	5
財政再建団体	9
財政政策	5
財政的	0
財政投融資	7
財政難	3
財政年度	5
財団	0
財団法人	5
財投	0
財閥	0
財閥解体	0
財番	0
財布	0
財物	1
財宝	0
財務	1
財務官	3
財務管理	4
財務諸表	4
財力	1
冴	2
冴え	2
冴える	2
冴え冴え	3
冴え渡る	4
冴え返る	0
冴返る	3
坂	2
坂田鮫	3
坂東	1
坂道	2
坂路	1
阪	1
阪神	1
阪路	1
榊	0
肴	0
咲い	0
咲う	0
咲かせる	4
咲きこぼれる	5
咲き溢れる	5
咲き誇る	4
咲き残る	4
咲き始める	5
咲き出す	3
咲き初める	4
咲き揃う	4
咲き匂う	4
咲き分け	0
咲き乱れる	5
咲く	0
咲誇る	4
咲匂う	4
咲乱れる	5
崎	0
埼玉	1
鷺	1
鷺草	0
鷺苔	0
鷺笛	2
作	1
作す	2
作する	3
作り	3
作りかえる	5
作りつけ	0
作りつける	0
作りなおす	5
作り換える	5
作り顔	0
作り泣き	0
作り言	0
作り込み	0
作り事	0
作り手	0
作り酒屋	4
作り出す	4
作り笑い	4
作り上げる	5
作り身	3
作り声	4
作り損なう	6
作り替える	5
作り茸	3
作り置き	0
作り直す	5
作り皮	0
作り眉	4
作り付け	0
作り付ける	0
作り物	0
作り方	4
作り木	3
作り立てる	5
作り話	4
作る	2
作意	1
作為	1
作為的	0
作為犯	3
作家	0
作歌	0
作画	0
作監	0
作況	0
作況指数	6
作興	0
作業	1
作業衣	2
作業員	2
作業仮説	4
作業場	0
作業服	2
作業療法	4
作業療法士	6
作曲	0
作曲家	0
作曲者	4
作劇	0
作詞	0
作詩	0
作者	1
作出	0
作場	0
作図	0
作成	0
作製	0
作戦	0
作戦計画	5
作男	3
作庭	0
作土	1
作当たり	3
作陶	0
作動	0
作病	0
作品	0
作付	0
作付け	0
作風	0
作物	2
作文	0
作柄	0
作法	1
作務	1
作務衣	2
作用	1
作用因	2
作用点	2
作例	0
作話	0
削ぎ切り	0
削ぎ落とす	0
削ぐ	1
削げる	2
削り	0
削りかす	4
削り花	3
削り屑	4
削り取る	4
削り節	0
削り粕	4
削り滓	4
削る	0
削れる	0
削岩機	3
削減	0
削除	1
削摩	0
搾めかす	3
搾め糟	3
搾め滓	3
搾り	3
搾りかす	4
搾りたて	0
搾り込む	4
搾り取る	4
搾り汁	4
搾り出す	4
搾り上げる	5
搾り立て	0
搾り滓	4
搾る	2
搾込む	4
搾菜	0
搾取	1
搾乳	0
搾乳器	3
搾乳機	3
搾油	0
搾滓	0
昨	1
昨夏	1
昨暁	0
昨今	1
昨秋	0
昨週	0
昨春	0
昨朝	0
昨冬	0
昨日	2
昨日今日	2
昨年	0
昨年度	3
昨年来	3
昨晩	2
昨非今是	1
昨夜	3
昨夕	0
朔	1
朔日	2
朔風	0
朔望	0
朔望月	3
朔望潮	0
柵	2
柵状組織	5
窄まる	0
窄む	0
窄める	0
策	1
策する	3
策応	0
策源地	3
策士	1
策戦	0
策定	0
策動	0
策謀	0
策略	0
策略家	0
策励	0
索	1
索引	0
索餌	0
索具	1
索子	0
索条	2
索条鉄道	5
索然	0
索梯	0
索敵	0
索道	0
索漠	0
索莫	0
索麺	1
索寞	0
錯	3
錯そう	0
錯イオン	3
錯化合物	4
錯覚	0
錯角	0
錯簡	0
錯誤	1
錯雑	0
錯視	0
錯綜	0
錯体	0
錯落	0
錯乱	0
桜	0
桜えび	3
桜みそ	4
桜んぼ	0
桜花	1
桜蝦	3
桜海老	3
桜貝	3
桜月	3
桜紙	3
桜狩り	3
桜樹	1
桜色	0
桜吹雪	4
桜前線	4
桜草	0
桜鯛	3
桜漬け	0
桜島大根	6
桜桃	0
桜桃忌	3
桜湯	3
桜鍋	4
桜肉	3
桜飯	3
桜皮	1
桜鱒	3
桜味噌	4
桜餅	3
鮭	1
笹	0
笹がき	0
笹蟹	0
笹牛の舌	7
笹原	0
笹舟	0
笹身	0
笹掻き	0
笹蜘蛛	0
笹竹	0
笹鳴き	0
匙	1
匙加減	3
冊	0
冊子	1
冊数	3
冊立	0
刷	1
刷り	2
刷り込み	0
刷り込む	3
刷り出す	0
刷り上がる	4
刷り上げる	0
刷り物	2
刷り本	0
刷る	1
刷込む	3
刷子	1
刷新	0
刷毛	2
刷毛先	0
刷毛目	0
察	1
察し	0
察する	0
察知	1
拶双魚	0
撮み	0
撮み菜	0
撮み出す	4
撮み食い	0
撮み洗い	4
撮み物	0
撮む	0
撮りなおす	4
撮り直し	0
撮り直す	4
撮る	1
撮れる	2
撮影	0
撮影機	3
撮影所	0
撮像管	0
撮棒	0
撮要	0
擦った揉んだ	4
擦り	1
擦りつける	5
擦りむく	3
擦りガラス	3
擦り寄る	3
擦り減らす	4
擦り減る	3
擦り合い	0
擦り合せ	0
擦り合せる	0
擦り合わせ	0
擦り合わせる	2
擦り込む	3
擦り傷	3
擦り硝子	3
擦り切り	0
擦り切る	0
擦り切れる	4
擦り替える	0
擦り剥く	3
擦り剥ける	4
擦り抜ける	4
擦り半	0
擦り半鐘	3
擦り付ける	5
擦り疵	2
擦る	1
擦れ	1
擦れっ枯し	0
擦れっ枯らし	0
擦れる	3
擦れ違い	0
擦れ違う	4
擦れ合う	3
擦れ擦れ	0
擦ガラス	3
擦過	0
擦過傷	3
擦寄る	3
擦込む	3
擦痕	0
擦傷	3
擦硝子	3
擦切り	0
擦切る	0
擦切れる	4
擦剥く	3
擦剥ける	4
擦抜ける	4
擦半	0
擦半鐘	3
擦付ける	4
擦疵	2
札	0
札止め	0
札所	0
札束	0
札入れ	4
札付	0
札付き	0
札片	0
札幌	0
殺ぐ	1
殺げる	2
殺し	0
殺し屋	0
殺し場	0
殺し文句	4
殺す	0
殺める	3
殺りく	0
殺る	0
殺意	1
殺害	0
殺気	0
殺気だつ	4
殺気立つ	4
殺菌	0
殺菌剤	3
殺傷	0
殺人	0
殺人鬼	3
殺人剣	3
殺人罪	3
殺人的	0
殺人犯	3
殺陣	0
殺陣師	2
殺生	1
殺生禁断	1
殺鼠剤	3
殺虫	0
殺虫剤	3
殺到	0
殺伐	0
殺風景	3
殺戮	0
薩長	1
薩摩	1
薩摩の守	4
薩摩芋	0
薩摩汁	4
薩摩焼	0
薩摩琵琶	4
薩摩揚げ	3
雑	0
雑える	3
雑ざる	2
雑じる	2
雑ず	0
雑ぜっ返す	4
雑ぜる	2
雑ぜ返す	3
雑益	0
雑音	0
雑歌	0
雑貨	0
雑貨屋	0
雑貨商	3
雑学	0
雑楽	0
雑株	0
雑感	0
雑観	0
雑伎	1
雑記	0
雑記帳	0
雑技	1
雑居	0
雑居ビル	4
雑居寝	0
雑居地	3
雑居房	3
雑魚	1
雑魚寝	0
雑曲	0
雑巾	0
雑巾掛け	0
雑巾摺	0
雑菌	0
雑沓	0
雑芸	0
雑件	0
雑犬	0
雑言	0
雑交	0
雑喉	1
雑穀	0
雑婚	0
雑砕	2
雑作	1
雑纂	0
雑誌	0
雑誌社	3
雑事	1
雑煮	0
雑種	0
雑種強勢	4
雑種細胞	4
雑酒	0
雑収入	3
雑所得	3
雑書	1
雑色	0
雑食	0
雑食性	0
雑人	0
雑炊	0
雑税	0
雑節	0
雑然	0
雑草	0
雑則	0
雑損	0
雑多	0
雑題	0
雑談	0
雑著	0
雑踏	0
雑肉	0
雑念	0
雑嚢	0
雑俳	0
雑駁	0
雑費	0
雑品	0
雑布	0
雑物	0
雑文	0
雑兵	0
雑報	0
雑務	1
雑木	0
雑木林	4
雑役	0
雑用	0
雑録	0
雑話	0
雑徭	0
雑鬧	0
皐月	0
皐月晴れ	0
皐月鱒	3
鯖	0
鯖雲	0
鯖折	0
鯖折り	0
鯖節	0
捌かす	2
捌き	1
捌く	2
捌け	2
捌ける	3
捌け口	3
捌す	2
錆	2
錆つく	0
錆びつく	0
錆びる	2
錆び付く	4
錆止め	0
錆色	0
錆付く	0
鮫	0
鮫鞘	0
鮫肌	0
鮫皮	0
鮫膚	0
皿	0
皿うどん	3
皿ばかり	3
皿回し	3
皿洗い	3
皿秤	3
皿饂飩	3
晒	0
晒し	0
晒し飴	3
晒し者	0
晒し首	3
晒し粉	0
晒し木綿	4
晒す	0
晒者	0
晒首	3
晒木綿	4
三	0
三々九度	5
三々五々	5
三が日	3
三すくみ	3
三つ	3
三つまた	0
三つ角	0
三つ股	0
三つ口	0
三つ叉	0
三つ子	0
三つ指	0
三つ身	0
三つ星	2
三つ折	0
三つ折り	0
三つ組	0
三つ揃い	3
三つ鼎	3
三つ巴	0
三つ編み	0
三つ紋	0
三つ葉	0
三の丸	0
三の鼓	0
三の糸	4
三の松	4
三の焦	2
三悪	2
三悪趣	3
三悪道	4
三位	1
三位一体	1
三尉	1
三易	0
三井寺芥虫	6
三井寺歩行虫	6
三育	0
三一	3
三一侍	5
三一致	3
三因	0
三羽がらす	4
三羽烏	4
三益友	3
三猿	0
三猿主義	5
三塩基酸	5
三温糖	0
三下	0
三下り半	5
三下奴	5
三下半	5
三化螟蛾	4
三夏	1
三家	1
三河万歳	4
三河萬歳	4
三箇日	3
三回忌	3
三界	0
三界流転	0
三階	0
三角	1
三角貝	4
三角関係	5
三角関数	5
三角巾	3
三角筋	3
三角形	3
三角座	0
三角州	4
三角洲	4
三角錐	4
三角草	0
三角測量	5
三角柱	4
三角定規	5
三角点	4
三角波	4
三角函数	5
三角帆	4
三角比	4
三角布	4
三角法	0
三角帽子	5
三角貿易	5
三革	0
三学	0
三割自治	5
三冠王	3
三冠馬	3
三寒四温	5
三竿	0
三韓	3
三脚	0
三脚椅子	4
三脚架	4
三宮	0
三級	0
三卿	1
三強	0
三教	0
三業	0
三業地	3
三曲	1
三具足	3
三軍	0
三景	0
三繋	0
三月	1
三月尽	4
三権	0
三権分立	0
三元色	3
三原色	3
三弦	0
三絃	0
三股	0
三鈷	1
三鼓	1
三光	0
三光鳥	0
三公	0
三公社五現業	3
三后	0
三更	0
三校	0
三皇五帝	0
三皇后	5
三綱	0
三行広告	5
三行半	5
三号雑誌	5
三国	1
三国一	6
三国干渉	5
三国志	4
三国時代	5
三国人	4
三国同盟	5
三混	0
三佐	1
三叉	1
三叉神経	4
三叉神経痛	0
三叉路	3
三差路	3
三才	0
三災	0
三三九度	5
三三五五	5
三山	1
三酸	0
三酸化硫黄	6
三士	1
三思	1
三死	1
三時	1
三次	1
三次元	3
三七日	1
三舎	1
三社祭	4
三者	1
三尺	0
三尺の秋水	1
三尺の童子	1
三尺帯	5
三手楓	4
三種	1
三種の神器	5
三秋	1
三十	1
三十三回忌	1
三十三才	1
三十三所	1
三十日	0
三十日蕎麦	4
三十番神	5
三十路	0
三十六計	1
三従兄弟	5
三重	1
三重苦	3
三重結合	5
三重殺	3
三重唱	3
三重水素	5
三重奏	3
三重母音	5
三春	0
三所攻め	0
三助	1
三女	1
三唱	0
三焦	0
三省	0
三乗	0
三乗根	3
三条舞舞	4
三条蝸牛	4
三畳紀	3
三色	0
三色旗	3
三色版	0
三色菫	5
三食	1
三審制度	5
三振	0
三親等	3
三身	0
三人	3
三人遣い	5
三人三様	0
三人称	3
三水	0
三寸	1
三世	0
三世因果	4
三世諸仏	4
三世相	3
三聖	0
三千	3
三千世界	5
三千大千世界	9
三尖弁	3
三線	0
三選	0
三遷	0
三相交流	5
三蔵	0
三族	0
三尊	1
三尊仏	3
三損友	3
三体	0
三態	1
三代	1
三大	0
三大節	3
三大洋	3
三題噺	5
三題咄	5
三嘆	0
三歎	0
三段構え	5
三段跳	0
三段跳び	3
三段目	5
三段論法	5
三男	3
三柱鳥居	6
三鳥	0
三直	0
三諦	0
三途の河	6
三途の川	6
三度	1
三度笠	4
三度豆	3
三度入り	0
三冬	0
三等	3
三等親	3
三頭政治	5
三徳	0
三毒	0
三日	0
三日ばしか	4
三日ぼうず	4
三日月	0
三日月湖	4
三日月藻	4
三日月眉	5
三日天下	4
三日熱	3
三日坊主	4
三日麻疹	4
三年	0
三拝	0
三拝九拝	0
三杯酢	3
三倍体	0
三博士	3
三拍子	3
三白眼	4
三半規管	6
三斑鶉	3
三板	3
三番	0
三番出世	5
三番勝負	5
三美神	3
三筆	0
三百	1
三百諸侯	5
三百代言	5
三府	1
三府鶉	3
三部	1
三部会	3
三部経	0
三部合唱	4
三部作	3
三幅対	4
三分	0
三分法	3
三文	1
三文々士	5
三文小説	5
三文判	0
三文文士	5
三平汁	5
三碧	1
三宝	0
三宝柑	3
三宝荒神	5
三方	3
三法印	3
三蓬莱	3
三本	1
三本締め	0
三盆	1
三盆白	3
三摩耶	3
三摩耶戒	4
三摩耶形	4
三昧	0
三昧耶	3
三昧耶戒	4
三昧耶形	4
三枚	1
三枚肉	3
三枚目	5
三味	1
三味線	0
三味線貝	3
三味線弾	3
三味線弾き	3
三密	0
三民主義	5
三明	0
三面	0
三面記事	5
三面鏡	0
三面六臂	5
三毛	1
三毛作	3
三毛猫	0
三門	0
三役	1
三役揃い踏み	1
三遊間	3
三葉	0
三葉芹	3
三葉虫	0
三流	0
三稜鏡	0
三稜草	0
三輪	0
三輪車	3
三塁	1
三塁手	3
三塁打	3
三礼	0
三連	0
三郎	0
三論	0
三論宗	3
三和音	3
三和土	3
三惑	2
三尸	1
三椏	0
三毬杖	0
三竦み	3
三鞅	0
傘	1
傘はり	2
傘下	1
傘紙	2
傘歯車	4
傘持ち	2
傘寿	1
傘地	0
傘張り	2
傘貼り	2
傘立て	2
参	0
参じる	0
参する	3
参ずる	0
参った	1
参り	3
参る	1
参院	0
参加	0
参加者	3
参画	0
参賀	1
参会	0
参会者	3
参観	0
参観者	3
参議	1
参議院	3
参議院議員	6
参宮	3
参勤交替	0
参勤交代	0
参詣	0
参詣人	0
参鶏湯	3
参向	0
参考	0
参考書	5
参考人	0
参考文献	5
参差	1
参事	1
参事会	3
参事官	3
参酌	0
参集	0
参宿	0
参照	0
参上	0
参政	0
参政権	3
参戦	0
参禅	0
参着	0
参朝	0
参殿	0
参堂	0
参道	0
参内	0
参入	0
参入障壁	5
参拝	0
参拝者	3
参謀	0
参謀長	3
参謀本部	5
参与	1
参与官	3
参洛	0
参列	0
参列者	3
参籠	0
参覲交代	0
山	2
山々	2
山あい	0
山おろし	3
山っ気	0
山なみ	0
山なり	0
山の芋	5
山の幸	4
山の手	0
山の手言葉	5
山の神	3
山の端	0
山びこ	0
山ほど	2
山もがし	3
山葵	1
山葵の木	1
山葵醤油	4
山葵大根	4
山葵漬	0
山葵漬け	0
山芋	0
山陰	0
山烏	3
山姥	2
山越え	0
山越し	0
山沿	0
山沿い	0
山猿	0
山塩	1
山奥	3
山卸	3
山卸し	3
山家	1
山河	1
山火事	0
山稼ぎ	3
山塊	0
山懐	3
山海	0
山開き	3
山岳	0
山岳会	4
山岳信仰	5
山岳病	0
山掛け	0
山冠	3
山勘	0
山間	0
山間部	3
山奇量	3
山帰来	3
山気	1
山蟻	2
山魚狗	0
山峡	0
山桑	0
山形	2
山径	0
山系	0
山鯨	3
山月	1
山犬	0
山元	0
山原手長黄金虫	8
山原水鶏	5
山言葉	3
山袴	1
山幸	0
山荒	3
山荒らし	3
山行	0
山高帽	4
山高帽子	5
山号	3
山合い	0
山国	2
山査子	0
山塞	0
山砦	0
山菜	0
山際	0
山桜	3
山桜桃	3
山師	2
山紫水明	1
山紫陽花	3
山詞	3
山寺	2
山漆	3
山車	1
山守	2
山手	0
山狩り	0
山出し	0
山女	0
山女魚	0
山小屋	0
山焼き	0
山焼け	0
山上	0
山上の垂訓	0
山城	1
山場	0
山人	0
山吹	2
山吹色	0
山吹草	0
山水	1
山水画	0
山雀	0
山裾	0
山盛	0
山盛り	0
山積	0
山積み	0
山折	2
山折り	0
山雪	2
山川	0
山川万里	5
山鼠	0
山草	1
山荘	0
山側	0
山賊	0
山村	0
山谷風	4
山男	3
山地	1
山地帯	0
山茶	0
山茶花	2
山中	1
山頂	0
山鳥	0
山鳥茸	4
山津波	3
山程	2
山添	0
山添い	0
山顛	0
山伝い	3
山兎	3
山杜鵑	5
山杜鵑草	5
山登り	3
山刀	3
山桃	0
山藤	1
山道	2
山内	1
山猫	0
山猫スト	5
山猫座	0
山背	0
山背風	3
山萩	2
山薄荷	3
山櫨	2
山肌	0
山畑	0
山鳩	0
山番	0
山枇杷	0
山彦	0
山姫	0
山百合	2
山蛭	0
山膚	0
山葡萄	3
山風	1
山蕗	2
山伏	2
山伏茸	4
山腹	0
山分け	0
山並み	0
山偏	0
山辺	0
山歩き	3
山崩れ	3
山法師	3
山砲	1
山蓬	3
山帽子	3
山鉾	0
山繭	0
山繭蛾	4
山脈	0
山霧	2
山鳴	3
山鳴らし	3
山鳴り	0
山毛欅	1
山門	0
山野	1
山容	0
山容水態	0
山羊	1
山羊座	0
山羊髭	2
山陽	0
山嵐	3
山藍	2
山梨	2
山里	0
山立	0
山立ち	0
山稜	0
山陵	0
山林	0
山瑠璃草	0
山嶺	0
山霊	0
山路	1
山篭り	3
山麓	0
山巓	0
山彙	1
山梔子	0
山椒	0
山椒魚	3
山椒喰	3
山椒藻	3
山窩	1
山籠り	3
山翡翠	0
山艾	3
山茱萸	0
山襞	0
山躑躅	3
山辣韮	3
山颪	3
山鴉	3
山鶉	3
山鷸	3
惨い	2
惨たらしい	5
惨め	1
惨禍	1
惨害	0
惨況	0
惨苦	1
惨劇	0
惨酷	0
惨殺	0
惨死	0
惨事	1
惨状	0
惨敗	0
惨落	0
惨烈	0
惨憺	0
惨澹	0
撒き餌	2
撒き散らす	4
撒く	1
撒水	0
撒布	1
散	1
散々	0
散ける	3
散じる	0
散ずる	0
散らかす	0
散らかる	0
散らし	0
散らしずし	3
散らし寿司	3
散らし書き	0
散らし髪	0
散らし模様	4
散らし鮨	3
散らす	0
散らばる	0
散りしく	0
散りばめる	4
散り散り	0
散り残る	4
散り敷く	0
散り乱れる	5
散り蓮華	3
散り嵌める	4
散る	0
散逸	0
散華	1
散会	0
散開	0
散開星団	5
散楽	2
散形花序	5
散見	0
散光	0
散光星雲	5
散骨	0
散剤	0
散在	0
散在神経系	0
散財	0
散策	0
散蒔く	3
散水	0
散水車	3
散切り	0
散切り頭	5
散銭	0
散村	0
散大	0
散弾	0
散弾銃	3
散茶	0
散茶女郎	4
散瞳	0
散瞳薬	3
散播き	0
散播く	3
散売り	0
散発	0
散発的	0
散髪	0
散髪屋	0
散票	0
散布	1
散布度	3
散敷く	0
散文	0
散文詩	3
散文的	0
散兵	0
散兵線	3
散歩	0
散房花序	5
散漫	0
散薬	1
散乱	0
散蓮華	3
散佚	0
桟	1
桟瓦	3
桟橋	0
桟戸	1
桟竹	3
桟唐戸	4
桟道	0
桟俵	3
桟敷	1
燦	1
燦々	0
燦燦	0
燦然	0
燦爛	0
珊瑚	1
珊瑚樹	3
珊瑚礁	3
産	1
産す	1
産する	3
産の飯	5
産まれる	0
産み	0
産みの子	0
産み月	2
産み出す	3
産み付ける	4
産み落とす	4
産む	0
産れる	0
産衣	0
産院	0
産屋	0
産科	0
産科医	3
産学	1
産学協同	1
産額	0
産官学	3
産気	0
産気づく	4
産気付く	4
産休	0
産業	0
産業スパイ	5
産業革命	5
産業機械	6
産業構造	5
産業資本	5
産業社会	5
産業政策	5
産業組合	5
産業組織	5
産業廃棄物	7
産業別組合	7
産業予備軍	6
産業用ロボット	7
産業連関表	0
産業連関分析	9
産金	0
産軍複合体	1
産後	0
産児	1
産児制限	4
産室	0
産出	0
産出高	4
産神	0
産制	0
産生	0
産声	0
産前	0
産炭	0
産地	1
産着	0
産痛	0
産土神	4
産湯	0
産道	0
産婆	0
産婆術	3
産品	0
産婦	1
産婦人科	0
産物	0
産別	0
産別会議	5
産毛	0
産油国	3
産卵	0
産卵回遊	5
産卵管	0
産卵期	3
産立て飯	4
産量	3
産褥	0
産褥期	4
産褥熱	4
算	1
算える	3
算賀	1
算額	0
算式	0
算出	0
算術	0
算術級数	5
算術平均	5
算数	3
算段	1
算定	0
算程	0
算道	0
算入	0
算盤	0
算盤ずく	0
算盤勘定	5
算盤高い	6
算盤尽	0
算盤尽く	0
算法	0
算木	1
算用	0
算用数字	5
算籌	1
纂奪	0
蚕	1
蚕業	0
蚕具	1
蚕座	0
蚕糸	1
蚕糸業	3
蚕紙	1
蚕児	1
蚕室	0
蚕種	1
蚕食	0
蚕豆	2
蚕糞	1
蚕簿	0
蚕卵	0
蚕卵紙	3
讃	1
讃する	3
讃歌	1
讃岐岩	3
讃辞	1
讃賞	0
讃嘆	0
讃歎	1
讃談	0
讃美	1
讃美歌	0
賛	1
賛する	3
賛意	1
賛歌	1
賛辞	1
賛助	1
賛助員	3
賛成	0
賛成者	3
賛嘆	0
賛同	0
賛否	1
賛美	1
賛美歌	0
酸	1
酸い	1
酸っぱい	3
酸塩化物	5
酸塩基指示薬	7
酸化	0
酸化アルミニウム	7
酸化カルシウム	6
酸化クロム	4
酸化チタン	4
酸化バリウム	5
酸化マグネシウム	7
酸化亜鉛	4
酸化還元酵素	8
酸化還元反応	8
酸化酵素	4
酸化剤	3
酸化水銀	4
酸化数	3
酸化窒素	4
酸化的燐酸化	0
酸化鉄	3
酸化銅	3
酸化物	3
酸化防止剤	6
酸化砒素	4
酸塊	1
酸基	1
酸欠	0
酸性	0
酸性雨	3
酸性塩	3
酸性岩	3
酸性酸化物	7
酸性紙	3
酸性食品	5
酸性泉	3
酸性染料	5
酸性土	3
酸性土壌	5
酸性白土	5
酸性反応	5
酸性肥料	5
酸素	1
酸素アセチレン炎	7
酸素マスク	4
酸素吸入	4
酸素呼吸	4
酸素酸	0
酸度	1
酸桃	0
酸敗	0
酸鼻	1
酸味	1
酸模	0
酸類	1
酸漿	0
酸漿貝	4
酸漿草	0
餐	1
斬	1
斬りかかる	4
斬りつける	4
斬り掛かる	4
斬り掛る	4
斬り合い	0
斬り合う	3
斬り刻む	4
斬り込み	0
斬り込む	3
斬り殺す	4
斬り死に	0
斬り捨てる	4
斬り取り	0
斬り倒す	4
斬り付ける	4
斬り払う	4
斬り返す	3
斬る	1
斬掛かる	4
斬掛る	4
斬撃	0
斬合い	0
斬刻む	4
斬罪	0
斬殺	0
斬取り	0
斬首	1
斬新	0
斬奸状	0
暫く	2
暫く振り	0
暫し	1
暫らく	2
暫且	1
暫時	1
暫定	0
暫定的	0
暫定予算	5
残	1
残す	2
残った	2
残らず	2
残り	3
残りかす	4
残りすくない	6
残り火	3
残り香	3
残り少ない	6
残り惜しい	5
残り粕	4
残り物	0
残り滓	4
残る	2
残んの	0
残影	0
残炎	0
残花	1
残骸	0
残額	0
残寒	0
残基	1
残機	1
残菊	1
残虐	0
残響	0
残業	0
残金	1
残月	1
残光	0
残香	0
残高	1
残酷	0
残痕	0
残菜	0
残暑	1
残暑見舞	4
残暑見舞い	4
残照	0
残心	0
残生	0
残雪	0
残像	0
残存	0
残置	1
残敵	0
残土	1
残党	0
残尿	0
残忍	0
残念	3
残念賞	3
残飯	0
残品	0
残部	1
残物	0
残兵	0
残片	0
残務	1
残余	1
残留	0
残留応力	5
残量	3
残塁	0
残喘	0
残渣	1
残滓	0
仕	1
仕える	3
仕かける	3
仕なおす	3
仕る	4
仕掛	0
仕掛かり	0
仕掛かり品	0
仕掛かる	3
仕掛け	0
仕掛ける	3
仕掛け花火	4
仕掛け人	0
仕掛け品	0
仕掛け物	0
仕掛り品	0
仕掛る	3
仕掛人	0
仕掛品	0
仕掛物	0
仕官	1
仕儀	1
仕業	0
仕形	0
仕形噺	4
仕兼ねる	3
仕懸かる	3
仕懸る	3
仕口	0
仕向け	0
仕向ける	3
仕向る	3
仕合	0
仕合せ	0
仕合せ者	0
仕合わせ	0
仕合わせ者	0
仕込	0
仕込み	0
仕込み桶	4
仕込み杖	4
仕込む	2
仕済ます	3
仕始める	4
仕事	0
仕事ぶり	0
仕事始	4
仕事始め	4
仕事師	3
仕事場	0
仕事振り	0
仕事着	3
仕事箱	3
仕事部屋	0
仕事柄	0
仕事量	3
仕手	0
仕手株	0
仕手戦	0
仕手柱	3
仕種	1
仕出かす	3
仕出し	0
仕出し屋	0
仕出し弁当	4
仕出す	2
仕出来す	3
仕初	0
仕初め	0
仕所	0
仕勝ち	3
仕上	0
仕上がり	0
仕上がる	3
仕上げ	0
仕上げる	3
仕上る	3
仕遂げる	3
仕切り	0
仕切り書	0
仕切り線	0
仕切り値段	4
仕切り直し	0
仕切り板	4
仕切る	2
仕切書	4
仕切値段	4
仕組	0
仕組み	0
仕組む	2
仕草	1
仕送り	0
仕損じる	4
仕損ずる	4
仕損なう	4
仕打ち	0
仕替える	3
仕置	0
仕置き	0
仕置者	0
仕置場	0
仕着	0
仕着せ	0
仕直す	3
仕度	0
仕馴れる	3
仕入	0
仕入れ	0
仕入れる	3
仕入れ先	0
仕入れ値	3
仕入れ物	0
仕入先	0
仕納め	0
仕付け	0
仕付ける	3
仕付け糸	4
仕舞	0
仕舞い	0
仕舞い込む	4
仕舞う	0
仕舞うた	2
仕舞うた屋	0
仕舞た屋	0
仕舞屋	0
仕舞物	0
仕服	0
仕覆	0
仕分け	0
仕分ける	3
仕返し	0
仕放題	2
仕方	0
仕方ない	4
仕方噺	4
仕方無い	4
仕方無しに	4
仕方話	4
仕末	1
仕訳	0
仕訳ける	3
仕訳帳	0
仕様	0
仕様書	0
仕様書き	0
仕来たり	0
仕来り	0
仕立て	0
仕立てる	3
仕立て屋	0
仕立て下ろし	4
仕立て上がり	4
仕立て上げる	5
仕立て直し	0
仕立て物	0
仕立屋	0
仕立券	3
仕立物	0
仕留める	3
仔細	0
仔虫	1
仔豚	0
仔猫	2
仔馬	0
仔羊	3
伺	0
伺い	0
伺い書	0
伺い知る	5
伺う	0
伺候	0
使	1
使い	0
使いがって	4
使いきる	4
使いこなす	5
使いで	0
使いどころ	0
使いなれる	5
使いわけ	0
使いわける	5
使い果す	5
使い果たす	5
使い過ぎ	0
使い過ぎる	5
使い慣らす	5
使い慣れる	5
使い古す	5
使い込み	0
使い込む	4
使い残し	0
使い捨	0
使い捨て	0
使い手	0
使い熟す	5
使い出	0
使い処	0
使い所	0
使い勝手	4
使い切る	4
使い先	0
使い走り	0
使い賃	2
使い道	0
使い馴れる	5
使い物	0
使い分け	0
使い分ける	5
使い歩き	0
使い方	0
使い立て	0
使い料	2
使う	0
使える	0
使む	2
使わす	0
使君子	2
使者	1
使臣	0
使節	2
使節団	3
使丁	0
使徒	1
使徒信条	3
使途	1
使途不明金	1
使命	1
使命感	2
使役	0
使用	0
使用価値	4
使用済み	0
使用者	2
使用人	0
使用方	0
使用法	0
使用料	2
使用量	2
使令	0
使嗾	0
使聘	1
刺	2
刺々しい	5
刺さる	2
刺し	2
刺し違える	0
刺し貫く	0
刺し殺す	4
刺し子	3
刺し傷	3
刺し身	3
刺し身包丁	4
刺し通す	3
刺し箸	2
刺し縫い	0
刺し網	0
刺す	1
刺羽	0
刺蛾	0
刺亀虫	2
刺客	3
刺魚	2
刺戟	0
刺戟剤	3
刺戟性	0
刺戟的	0
刺戟物	3
刺激	0
刺激剤	3
刺激臭	0
刺激性	0
刺激的	0
刺激伝導系	0
刺激物	3
刺激閾	3
刺股	0
刺叉	0
刺細胞	2
刺殺	0
刺刺しい	5
刺子	3
刺繍	0
刺傷	0
刺衝	0
刺身	3
刺身包丁	4
刺身庖丁	4
刺青	0
刺鼠	3
刺創	0
刺草	0
刺通す	3
刺椿象	2
刺刀	0
刺突	0
刺蝿	2
刺抜き	3
刺胞	1
刺胞動物	4
刺毛	0
刺絡	0
刺蠅	2
司	1
司どる	4
司る	4
司会	0
司会者	2
司教	2
司教区	2
司空	2
司祭	1
司式	1
司書	1
司直	0
司馬	1
司法	0
司法解剖	4
司法官	2
司法機関	5
司法権	2
司法研修所	0
司法裁判	4
司法試験	5
司法取引	4
司法書士	4
司法省	2
司法大臣	4
司令	0
司令官	2
司令長官	4
司令塔	0
司令部	2
史	1
史家	1
史学	1
史官	1
史観	0
史眼	1
史劇	1
史詩	1
史実	1
史書	1
史上	0
史乗	0
史籍	1
史跡	0
史跡名勝天然記念物	13
史蹟	0
史談	0
史的	0
史的現在	4
史的唯物論	7
史伝	0
史筆	0
史略	1
史料	1
史論	0
嗣業	0
嗣子	1
四	1
四つ	3
四つんばい	0
四つん這い	0
四つ角	0
四つ手網	3
四つ身	0
四つ切り	0
四つ相撲	3
四つ足	0
四つ辻	0
四つ目	0
四つ目垣	3
四つ目鹿	3
四つ葉	0
四阿	3
四暗刻	3
四囲	1
四夷	1
四塩化珪素	5
四塩化炭素	5
四王天	2
四海	2
四海兄弟	2
四海同胞	2
四角	3
四角い	0
四角形	4
四角号碼	4
四角四面	4
四角柱	3
四角張る	4
四角豆	3
四気	1
四畿内	2
四季	1
四季咲き	0
四季施	0
四季報	2
四脚門	4
四球	0
四強雄蕊	4
四苦	2
四苦八苦	3
四隅	1
四君子	2
四計	0
四月	3
四月馬鹿	4
四股	2
四股名	0
四胡	1
四顧	1
四光	0
四公六民	0
四更	0
四劫	0
四国	1
四国巡礼	4
四国順礼	4
四国地方	4
四国八十八箇所	1
四国稗	3
四国遍路	4
四散	0
四死球	2
四肢	1
四至	3
四字熟語	3
四時	1
四次元	3
四捨五入	1
四手	1
四手の木	3
四種姓	2
四種曼荼羅	3
四周	0
四衆	1
四十	1
四十九日	4
四十肩	2
四十七士	5
四十雀	2
四十雀雁	6
四十八手	4
四十路	1
四獣	0
四重	0
四重禁	2
四重唱	2
四重奏	2
四旬節	2
四書	1
四書五経	1
四象	0
四畳半	2
四神	1
四神相応	1
四人	0
四姓	1
四聖	0
四声	0
四川	1
四川料理	4
四則	1
四足動物	4
四体	1
四大	0
四大節	2
四大不調	4
四端	0
四段活用	4
四柱推命	0
四通八達	2
四辻	0
四諦	0
四天王	4
四土	1
四等官	2
四日	0
四日市ぜんそく	6
四日市喘息	6
四倍体	5
四拍子	3
四半期	2
四半世紀	4
四半分	4
四百四病	4
四不像	2
四部合唱	3
四分	0
四分音符	2
四分儀	2
四分五裂	4
四分法	0
四分六	0
四辺	1
四辺形	2
四方	2
四方山話	5
四方竹	2
四方拝	2
四方八方	2
四房	1
四本柱	4
四魔	1
四民	1
四面	1
四面楚歌	4
四面体	0
四有	1
四緑	1
四輪	0
四輪駆動	5
四輪車	3
四隣	1
四六時中	0
四六判	0
四曼	0
士	0
士官	1
士官学校	4
士官候補生	6
士気	2
士君子	2
士魂商才	2
士師	1
士師記	1
士庶	1
士女	1
士人	1
士族	1
士卒	1
士大夫	2
士長	1
士道	1
士農工商	1
士分	1
始まり	0
始まる	0
始め	0
始めて	2
始めまして	4
始める	0
始期	1
始球式	2
始業	0
始業式	2
始原	1
始終	1
始新世	2
始生代	2
始祖	1
始祖鳥	0
始端	0
始値	3
始点	0
始動	0
始発	0
始発駅	3
始末	1
始末屋	0
始末書	0
姉	0
姉さん	1
姉さんかぶり	5
姉さん女房	5
姉さん被り	5
姉や	1
姉羽鶴	3
姉貴	0
姉君	2
姉御	0
姉御肌	3
姉上	2
姉弟	2
姉分	2
姉妹	1
姉妹語	0
姉妹都市	4
姉妹編	0
姉婿	3
姉様人形	5
姿	1
姿絵	3
姿形	1
姿見	3
姿煮	0
姿焼き	0
姿図	3
姿勢	0
姿勢反射	4
姿造り	4
姿体	0
姿態	0
子	0
子々孫々	1
子ども	0
子どもたち	3
子どもっぽい	5
子どもらしい	5
子ども達	3
子のう菌	0
子の日	2
子安	0
子安貝	3
子安観音	4
子安地蔵	4
子育て	2
子芋	0
子胤	0
子院	1
子猿	0
子音	0
子会社	2
子株	0
子鴨	0
子規	1
子規忌	2
子宮	0
子宮がん	2
子宮外妊娠	6
子宮癌	2
子宮筋腫	4
子宮後屈	4
子宮体癌	4
子宮脱	2
子宮内膜炎	7
子宮内膜症	0
子宮頸管	4
子宮頸癌	4
子牛	1
子供	0
子供たち	3
子供っぽい	5
子供の日	5
子供らしい	5
子供扱い	4
子供会	3
子供衆	3
子供心	4
子供達	3
子供部屋	0
子供服	3
子供騙し	4
子共っぽい	5
子局	1
子熊	0
子犬	0
子見出し	2
子狐	2
子午環	0
子午線	0
子項目	2
子骨	0
子祭	2
子祭り	2
子細	0
子殺し	2
子山羊	0
子子孫孫	1
子指	0
子飼い	0
子持	0
子持ち	0
子持ち甘藍	4
子爵	1
子守	3
子守り	3
子守唄	3
子守歌	3
子守蛙	4
子守蜘蛛	4
子種	0
子女	1
子息	1
子孫	1
子袋	2
子沢山	2
子達	1
子弟	2
子等	1
子豚	0
子猫	2
子嚢	0
子嚢菌	0
子馬	1
子煩悩	4
子福者	3
子分	1
子偏	0
子捕り	3
子宝	0
子方	0
子房	0
子役	0
子羊	3
子葉	0
子離れ	2
子連れ	0
子癇	0
屍	0
屍骸	0
屍姦	0
屍山血河	1
屍体	0
屍肉	0
屍蝋	0
市	1
市井	0
市営	0
市価	1
市会	0
市外	1
市外通話	4
市街	1
市街化区域	5
市街戦	0
市街地	2
市議	1
市議会	2
市議会議員	5
市況	0
市区	1
市警	0
市債	0
市参事会	4
市子	0
市女笠	4
市松	0
市松人形	5
市松模様	5
市章	0
市上	0
市場	1
市場の失敗	1
市場価格	4
市場価値	4
市場機構	5
市場均衡	4
市場経済	4
市場占有率	6
市場調査	4
市神	0
市人	1
市塵	0
市制	0
市勢	0
市政	0
市税	1
市葬	0
市中	0
市中銀行	4
市庁	2
市庁舎	2
市町村	2
市長	1
市庭	1
市電	0
市道	0
市内	1
市日	2
市販	0
市費	1
市姫	2
市部	1
市報	1
市民	1
市民運動	4
市民階級	4
市民革命	4
市民権	2
市民社会	4
市民税	2
市民戦争	4
市民法	2
市門	1
市役所	2
市有	0
市有財産	4
市有地	2
市邑	0
市立	1
市立学校	4
師	1
師の坊	1
師恩	0
師家	1
師子	1
師資	1
師資相承	1
師事	1
師匠	1
師説	1
師僧	1
師走	0
師団	1
師団長	2
師長	1
師弟	0
師伝	0
師道	1
師範	1
師範学校	4
師範代	0
師表	0
師父	1
師部	1
師門	1
師友	1
師傅	1
志	0
志す	4
志っぽく	0
志学	1
志願	1
志願者	2
志願兵	2
志気	1
志向	0
志向性	0
志士	1
志操	0
志望	0
志望校	2
志望者	2
思い	2
思いあがる	5
思いあぐねる	6
思いあたる	5
思いいれ	0
思いがけず	4
思いがけない	5
思いがち	0
思いきって	4
思いきや	2
思いきり	0
思いきる	4
思いこがれる	6
思いこみ	0
思いしらせる	6
思いすごし	0
思いだす	4
思いちがい	0
思いっきり	0
思いっ切り	0
思いつき	0
思いつく	4
思いつめる	5
思いで	0
思いとどまる	6
思いどおり	4
思いなおす	5
思いのたけ	6
思いのまま	6
思いの外	0
思いの丈	6
思いめぐらす	6
思いやり	0
思いやる	4
思いわずらう	6
思い違い	0
思い過ごし	0
思い過ごす	5
思い過す	5
思い回す	5
思い掛けず	5
思い掛けない	5
思い掛け無い	5
思い寄る	4
思い起こす	5
思い起す	5
思い詰める	5
思い及ぶ	5
思い倦ねる	6
思い見る	4
思い遣り	0
思い遣る	4
思い合う	4
思い合せる	6
思い合わせる	6
思い込み	0
思い込む	4
思い残す	5
思い思い	4
思い止どまる	6
思い止まる	6
思い至る	5
思い者	0
思い出	0
思い出し笑い	6
思い出す	4
思い出話	5
思い巡らす	6
思い勝ち	0
思い焦がれる	6
思い焦れる	6
思い上がる	5
思い切った	4
思い切って	4
思い切り	0
思い切る	4
思い設ける	6
思い続ける	0
思い耽る	5
思い知らせる	6
思い知る	4
思い直す	5
思い通り	4
思い定める	6
思い当たる	5
思い当る	5
思い入れ	0
思い悩む	5
思い煩う	6
思い描く	5
思い付き	0
思い付く	4
思い浮かぶ	0
思い浮かべる	0
思い返す	4
思い迷う	5
思い余る	5
思い乱れる	6
思い立つ	4
思い惑う	5
思う	2
思うぞんぶん	2
思うつぼ	2
思うに	2
思うまま	2
思う存分	2
思う壷	2
思う様	2
思う儘	2
思う壺	2
思える	3
思しい	3
思しめす	4
思し召し	0
思し召す	4
思し食す	4
思わく	0
思わしい	4
思わず	2
思わせぶり	0
思わせ振り	0
思われる	4
思案	1
思案顔	0
思案投げ首	1
思案投首	1
思惟	1
思起す	5
思議	1
思考	0
思考力	2
思索	0
思出	0
思出す	4
思春期	2
思召	0
思召す	4
思食す	4
思想	0
思想家	0
思想界	2
思想警察	4
思想劇	2
思想犯	2
思潮	0
思入れ	0
思念	1
思弁	0
思弁哲学	5
思慕	1
思慮	1
思慮分別	1
思量	0
思惑	0
思惑違い	5
思惑師	4
思惑買	0
思惑買い	0
指	2
指さし	4
指さす	3
指し	2
指し掛け	0
指し示す	4
指し手	3
指し図	1
指し声	0
指し値	2
指し値注文	4
指し縄	0
指し箸	2
指し物	2
指し物師	4
指す	1
指ぬき	3
指圧	0
指圧療法	4
指羽	0
指猿	3
指環	0
指貫	0
指貫き	3
指揮	2
指揮官	2
指揮権	2
指揮者	2
指揮棒	0
指金	2
指矩	0
指遣い	3
指呼	2
指向	0
指向性	0
指向性アンテナ	6
指行性	0
指骨	2
指叉	0
指差	4
指差し	4
指差す	3
指使い	3
指事	1
指示	1
指示す	4
指示語	0
指示子	2
指示詞	2
指示代名詞	5
指示薬	2
指小辞	2
指針	0
指人形	3
指図	1
指数	2
指数関数	4
指声	0
指切り	3
指折り	0
指折り数える	7
指先	0
指相撲	3
指弾	0
指値	2
指定	0
指定席	2
指摘	0
指笛	0
指頭	0
指導	0
指導員	2
指導原理	4
指導者	2
指導主事	4
指導要領	4
指導要録	4
指導力	2
指縄	0
指南	1
指南車	2
指南番	2
指南役	2
指箸	2
指標	0
指物	2
指文字	2
指名	0
指名手配	4
指名打者	4
指名通話	4
指名投票	4
指紋	0
指紋押捺	3
指了図	2
指輪	0
指令	0
指話法	2
指嗾	0
指麾	2
支う	1
支え	0
支える	0
支院	1
支援	0
支給	0
支給額	2
支局	0
支索	0
支持	1
支持者	2
支持層	2
支持率	2
支社	1
支出	0
支出額	3
支所	1
支署	1
支障	0
支石墓	3
支線	0
支族	1
支隊	0
支柱	0
支庁	2
支店	0
支店長	2
支点	0
支度	0
支度金	0
支度部屋	0
支那	1
支那そば	0
支那チベット諸語	7
支那蕎麦	0
支那畜	2
支那竹	2
支配	1
支配下	2
支配階級	4
支配株	2
支配権	2
支配者	2
支配人	2
支配層	2
支配的	0
支藩	0
支部	1
支払	0
支払い	0
支払い額	3
支払い勘定	5
支払い手形	5
支払い準備率	7
支払い人	0
支払い日	3
支払い猶予	5
支払う	3
支払額	3
支払手形	5
支払準備率	7
支払日	3
支払不能	0
支払猶予	5
支弁	0
支脈	0
支離滅裂	1
支流	0
支繞	3
孜々	1
孜孜	1
斯う	1
斯うした	0
斯うして	0
斯う斯う	1
斯かる	2
斯く	1
斯くして	1
斯くて	1
斯くも	1
斯く斯く	1
斯の	0
斯の如く	4
斯界	0
斯学	1
斯業	1
斯道	1
斯文	1
斯様	0
施し	0
施し物	0
施す	3
施餓鬼	0
施工	0
施行	0
施行規則	4
施策	0
施主	1
施術	1
施錠	0
施政	0
施政方針	4
施設	1
施入	0
施肥	1
施物	0
施米	0
施薬	0
施療	0
旨	2
旨い	2
旨く	1
旨み	0
旨み調味料	6
旨煮	0
旨酒	1
旨念	1
旨味	0
旨味調味料	6
枝	0
枝る	0
枝院	1
枝宮	0
枝尺	0
枝尺取	3
枝尺蠖	3
枝振り	0
枝垂れ	3
枝垂れる	3
枝垂れ桜	4
枝垂れ桃	3
枝垂れ梅	3
枝垂れ彼岸	4
枝垂れ柳	4
枝垂桜	4
枝垂柳	4
枝接ぎ	0
枝折	0
枝折り	0
枝折り戸	3
枝折戸	3
枝族	1
枝豆	0
枝道	0
枝肉	0
枝分かれ	3
枝毛	0
枝葉	0
枝葉末節	1
止し	2
止す	1
止まり	0
止まり木	0
止まる	0
止み難い	4
止む	0
止むなく	3
止む無く	3
止め	1
止めど	0
止める	0
止め金	0
止め具	0
止め処	0
止め針	3
止め立て	0
止め椀	0
止り木	0
止る	0
止ん事ない	5
止ん事無い	5
止渇	0
止観	0
止具	0
止血	0
止血剤	3
止宿	0
止処	0
止針	3
止水	0
止偏	0
止木	0
止揚	0
止椀	0
止瀉剤	2
死	1
死がい	0
死する	2
死なす	0
死に	0
死にかかる	4
死にかける	4
死にぎわ	0
死に化粧	3
死に花	0
死に学問	4
死に掛かる	4
死に掛ける	4
死に顔	0
死に急ぐ	4
死に金	0
死に後れる	5
死に際	0
死に時	0
死に所	0
死に場所	0
死に神	0
死に身	0
死に水	0
死に絶える	4
死に装束	3
死に損ない	0
死に損なう	5
死に体	0
死に恥	0
死に遅れる	5
死に馬	0
死に物狂い	5
死に別れる	5
死に変る	4
死に変わる	4
死に目	0
死に様	0
死ぬ	0
死の灰	1
死の舞踏	1
死因	0
死火山	2
死荷重	2
死海文書	4
死灰	0
死骸	0
死角	0
死活	0
死活問題	4
死顔	0
死期	1
死球	0
死去	1
死菌ワクチン	4
死苦	1
死刑	2
死刑囚	2
死後	1
死後硬直	3
死語	1
死際	0
死罪	1
死産	1
死屍	1
死児	1
死者	1
死守	1
死臭	0
死出	1
死出の旅	1
死処	1
死所	1
死傷	0
死傷者	2
死神	0
死人	0
死生	1
死生観	2
死絶	0
死線	0
死相	0
死蔵	0
死体	0
死体検案書	8
死地	1
死中	0
死点	0
死都	1
死闘	0
死毒	0
死肉	0
死馬	1
死斑	0
死票	0
死病	0
死物	0
死物寄生	4
死文	0
死別	0
死亡	0
死亡広告	4
死亡者	2
死亡診断書	0
死亡届け	4
死亡保険	4
死亡率	2
死没	0
死魔	1
死脈	0
死命	1
死滅	0
死有	1
死力	1
死霊	1
死歿	0
氏	1
氏ぬ	0
氏子	0
氏子札	3
氏寺	2
氏神	0
氏姓制度	4
氏素姓	1
氏素性	1
氏族	1
氏文	0
氏名	1
獅子	1
獅子猿	3
獅子宮	2
獅子座	0
獅子座流星群	6
獅子身中の虫	1
獅子唐	0
獅子唐辛子	5
獅子頭	3
獅子鼻	0
獅子舞	0
獅子舞い	0
獅子奮迅	1
獅子吼	2
私	0
私する	0
私たち	3
私ども	3
私案	0
私意	1
私印	0
私雨	5
私営	0
私益	0
私怨	0
私家	1
私家集	2
私家版	0
私学	1
私感	0
私企業	2
私記	1
私擬憲法案	5
私議	1
私供	3
私共	3
私曲	0
私刑	0
私権	0
私見	0
私語	0
私語く	3
私考	0
私行	0
私恨	0
私財	1
私事	1
私室	0
私淑	0
私塾	1
私書	1
私書函	2
私書箱	2
私娼	0
私娼窟	2
私小説	2
私消	0
私情	0
私信	0
私心	0
私人	0
私生活	2
私生子	2
私生児	2
私製	0
私製はがき	4
私製葉書	4
私設	0
私説	0
私選	0
私蔵	0
私大	0
私宅	0
私達	3
私地	1
私地私民	1
私鋳銭	0
私通	0
私邸	0
私的	0
私的年金	4
私鉄	0
私田	0
私奴婢	2
私党	0
私闘	0
私道	0
私年号	2
私版	0
私費	1
私服	0
私腹	0
私物	0
私憤	0
私文書	2
私兵	0
私保険	2
私募	1
私募債	2
私報	0
私法	0
私有	0
私有財産	4
私有地	2
私用	0
私慾	0
私欲	0
私利	1
私立	1
私立学校	4
私立大学	4
私立探偵	4
私掠船	0
私領	0
私論	0
私窩子	2
糸	1
糸くず	3
糸じり	2
糸づくり	3
糸まき	0
糸印	3
糸引鰺	4
糸瓜	0
糸屋	2
糸価	1
糸巻えい	4
糸巻き	0
糸巻河豚	4
糸球体	0
糸球体腎炎	6
糸球体嚢	4
糸鋸	0
糸魚	2
糸屑	3
糸繰り	2
糸繰り車	5
糸繰車	5
糸口	2
糸作り	3
糸桜	3
糸車	3
糸状菌	2
糸状虫	2
糸織	0
糸織り	0
糸尻	0
糸杉	2
糸切り歯	4
糸切歯	4
糸倉	0
糸操り	3
糸蔵	0
糸竹	1
糸爪	0
糸底	0
糸電話	3
糸頭	3
糸道	2
糸入り	0
糸撚鯛	4
糸姫	2
糸偏	0
糸目	3
糸柳	3
糸遊	2
糸蘭	2
糸枠	0
糸毬体	0
糸蒟蒻	3
糸蚯蚓	3
糸蜻蛉	3
糸鬢	2
糸鬢奴	5
紙	2
紙きれ	3
紙くず	3
紙つぶて	3
紙やすり	3
紙コップ	3
紙テープ	3
紙衣	0
紙一重	4
紙屋	2
紙価	1
紙花	0
紙巻	0
紙巻き	0
紙巻き煙草	5
紙巻煙草	5
紙器	1
紙魚	0
紙挟み	3
紙屑	3
紙屑拾い	5
紙屑籠	4
紙型	0
紙腔琴	2
紙漉き	2
紙婚式	3
紙細工	3
紙子	0
紙質	0
紙芝居	3
紙上	0
紙吹雪	3
紙垂	1
紙数	2
紙製品	3
紙切り	4
紙切れ	3
紙相撲	3
紙送り	3
紙袋	3
紙帳	0
紙鉄砲	3
紙纏頭	0
紙鳶	0
紙入	3
紙入れ	3
紙捻	0
紙捻り	0
紙撚	0
紙撚り	0
紙粘土	3
紙背	1
紙箱	0
紙飛行機	4
紙筆	1
紙風船	3
紙幅	0
紙幣	1
紙片	1
紙包み	3
紙面	1
紙礫	3
紙縒	0
紙縒り	0
紙鋏	3
紙鑢	3
紫	2
紫雲	0
紫雲英	0
紫煙	0
紫苑	1
紫苑色	0
紫貝	4
紫外線	0
紫外線療法	6
紫蒲公英	5
紫君子蘭	7
紫根	0
紫紺	0
紫鷺苔	6
紫式部	6
紫湿地	5
紫綬褒章	3
紫綬褒賞	3
紫色	0
紫震殿	2
紫酢漿草	5
紫水晶	5
紫占地	5
紫蘇	0
紫檀	1
紫電	0
紫斑	0
紫斑病	0
紫微	1
紫微垣	2
紫片喰	5
紫木蘭	2
紫木蓮	2
紫陽花	0
紫蘭	1
紫露草	6
紫宸殿	2
紫貽貝	5
紫闥	0
肢体	0
肢体不自由児	6
肢帯	0
脂	0
脂ぎる	4
脂っこい	5
脂っ濃い	5
脂びれ	3
脂下がる	4
脂汗	4
脂環式化合物	7
脂気	0
脂質	1
脂身	3
脂性	0
脂染みる	5
脂腺	0
脂足	3
脂太り	4
脂濃い	5
脂肥り	4
脂鰭	3
脂粉	0
脂坊主	4
脂肪	0
脂肪ぶとり	4
脂肪肝	2
脂肪細胞	4
脂肪酸	0
脂肪質	2
脂肪腫	2
脂肪組織	4
脂肪族化合物	7
脂肪太り	4
脂肪油	2
脂薬	4
脂油	1
脂溶性ビタミン	6
脂漏	0
至って	0
至り	3
至る	2
至るところ	2
至る処	2
至る所	2
至れりつくせり	3
至れり尽くせり	3
至れり尽せり	3
至急	0
至急便	0
至極	1
至近	0
至軽風	2
至芸	0
至言	0
至公	0
至公至平	0
至孝	0
至高	0
至純	0
至上	0
至上神	2
至上命令	4
至情	0
至心	0
至正	0
至聖所	0
至誠	0
至善	0
至尊	1
至大	0
至点	0
至当	0
至難	1
至日	1
至福	0
至福千年説	6
至便	0
至宝	0
至妙	0
至要	0
至論	0
視界	0
視覚	0
視覚系	2
視覚言語	4
視覚野	3
視角	0
視学	1
視学官	3
視交叉	2
視紅	0
視告朔	0
視差	1
視座	1
視細胞	2
視察	0
視準	0
視準儀	2
視床	0
視床下部	4
視神経	2
視診	0
視線	0
視線速度	4
視聴	0
視聴覚	2
視聴者	2
視聴率	2
視程	0
視点	0
視度	1
視等級	2
視認	0
視能訓練士	6
視野	1
視野狭窄	3
視力	1
視力障害	4
視話法	2
詞	3
詞華集	2
詞宗	0
詞書	0
詞書き	0
詞章	0
詞藻	0
詞賦	1
詩	0
詩家	1
詩歌	1
詩学	1
詩巻	0
詩眼	1
詩客	0
詩境	0
詩興	0
詩業	0
詩吟	0
詩句	1
詩型	0
詩形	0
詩経	0
詩劇	1
詩語	1
詩稿	0
詩行	0
詩魂	0
詩才	0
詩作	0
詩趣	1
詩宗	0
詩集	0
詩書	1
詩抄	0
詩情	0
詩心	0
詩神	0
詩人	0
詩聖	0
詩仙	0
詩想	0
詩藻	0
詩体	0
詩壇	0
詩的	0
詩碑	1
詩美	1
詩賦	1
詩文	0
詩篇	1
詩編	1
詩友	0
詩論	0
試し	3
試し刷り	0
試し算	3
試し斬り	0
試し切り	0
試す	2
試み	0
試みる	4
試案	0
試飲	0
試運転	2
試演	0
試技	1
試供	0
試供品	0
試筋	2
試金	0
試金石	2
試掘	0
試掘権	3
試験	2
試験官	2
試験管	0
試験管ベビー	6
試験済み	0
試験紙	2
試験場	0
試験台	0
試験地獄	4
試験的	0
試験片	2
試行	0
試行錯誤	4
試合	0
試作	0
試算	0
試算表	0
試写	0
試射	1
試乗	0
試食	0
試走	0
試着	0
試聴	0
試筆	0
試補	1
試問	0
試薬	0
試訳	0
試用	0
試料	1
試煉	1
試練	1
試錬	1
試論	0
誌す	0
誌上	0
誌代	1
誌面	1
諮る	2
諮問	0
諮問機関	5
諮詢	0
資す	1
資する	2
資格	0
資金	2
資金繰り	0
資金源	2
資金循環	4
資金洗浄	4
資金難	2
資金保険	4
資源	1
資源エネルギー庁	7
資材	1
資財	1
資産	0
資産家	0
資産株	2
資産再評価	6
資産評価	4
資質	0
資性	1
資本	0
資本コスト	4
資本家	0
資本家階級	5
資本勘定	4
資本金	0
資本形成	4
資本構成	4
資本財	2
資本主義	4
資本取引	4
資本収支	4
資本集約的産業	10
資本蓄積	4
資本逃避	4
資料	1
資力	1
賜	0
賜り物	0
賜る	3
賜わる	3
賜暇	1
賜金	2
賜杯	0
賜物	0
賜与	1
雌	2
雌しべ	1
雌ねじ	0
雌の万年草	5
雌黄	0
雌花	1
雌刈萱	2
雌牛	0
雌鶏	0
雌鹿	1
雌蕊	1
雌性	0
雌滝	1
雌竹	1
雌鳥	0
雌日芝	2
雌捻子	2
雌馬	1
雌蛭木	2
雌伏	0
雌木	1
雌雄	1
雌雄モザイク	5
雌雄異株	1
雌雄異体	1
雌雄淘汰	4
雌雄同株	1
雌雄同体	1
雌螺子	2
雌蘂	1
雌蕋	1
飼いならし	0
飼いならす	4
飼い桶	3
飼い慣らし	0
飼い慣らす	4
飼い犬	0
飼い殺し	0
飼い主	2
飼い鳥	2
飼い馴らし	0
飼い馴らす	4
飼い猫	0
飼い鳩	0
飼い葉	0
飼い葉おけ	4
飼い葉桶	4
飼う	1
飼育	0
飼犬	0
飼主	2
飼鳥	2
飼兎	3
飼猫	0
飼葉	0
飼葉桶	4
飼養	0
飼料	1
歯	1
歯がゆい	3
歯ぎしり	2
歯くそ	1
歯ぐき	1
歯ごたえ	2
歯ざわり	2
歯の根	1
歯みがき粉	4
歯ブラシ	2
歯医者	1
歯応え	2
歯音	0
歯科	1
歯科医	2
歯科医師	3
歯科衛生士	5
歯科技工士	4
歯科大学	3
歯牙	1
歯芽	1
歯鰹	2
歯噛み	0
歯冠	0
歯型	0
歯形	0
歯茎	1
歯茎音	3
歯鯨	2
歯元	0
歯固	2
歯固め	2
歯向う	3
歯向かう	3
歯垢	0
歯骨	0
歯根	0
歯止め	0
歯質	0
歯車	2
歯周炎	2
歯周病	0
歯触り	2
歯神経	2
歯髄	1
歯髄腔	2
歯石	0
歯切り	3
歯切れ	0
歯槽	0
歯槽膿漏	4
歯脱け	3
歯痛	0
歯肉	0
歯肉炎	3
歯入れ	3
歯抜け	3
歯糞	1
歯並び	2
歯並み	0
歯偏	0
歯磨	2
歯磨き	2
歯磨き粉	4
歯列	0
歯屎	1
歯朶	1
歯滓	2
歯痒い	3
歯軋り	2
歯齦	0
歯齦炎	2
事	2
事々しい	5
事々物々	1
事がら	0
事なかれ主義	6
事なく	2
事にする	2
事によると	0
事のついで	0
事の序で	0
事ほどさように	2
事ほど左様に	2
事もなげ	4
事も無げ	4
事案	0
事寄せて	3
事寄せる	0
事宜	1
事業	1
事業化	0
事業家	0
事業協同組合	8
事業者	2
事業主	2
事業所	0
事業税	2
事業団	2
事業年度	4
事業部制	0
事局	1
事欠く	3
事件	1
事件記者	4
事故	1
事故る	2
事故原因	3
事故死	2
事後	1
事後従犯	3
事後承諾	3
事項	1
事細か	4
事始め	3
事事しい	5
事事物物	1
事実	1
事実婚	3
事実無根	1
事象	0
事情	0
事情通	0
事新しい	6
事績	0
事跡	0
事蹟	0
事切れる	4
事前	0
事前運動	4
事相	1
事足りる	0
事態	1
事大	0
事大主義	4
事程さように	2
事程左様に	2
事典	0
事犯	0
事物	1
事柄	0
事変	1
事毎に	3
事務	1
事務員	2
事務屋	2
事務家	0
事務官	2
事務局	2
事務局長	3
事務次官	3
事務室	2
事務取り扱い	1
事務取扱	1
事務取扱い	1
事務所	2
事務総長	3
事務長	2
事務的	0
事務当局	3
事務服	2
事務用品	3
事無く	2
事勿れ主義	6
事由	0
事理	1
事例	0
事例研究法	0
似せる	0
似たり	0
似たりよったり	2
似たり寄ったり	2
似た者	4
似た者夫婦	5
似つかわしい	5
似つく	2
似て非なる	3
似る	0
似我蜂	2
似顔	0
似顔画	0
似顔絵	0
似寄り	0
似寄る	2
似気ない	3
似気無い	3
似義須	0
似鯨	4
似五郎鮒	4
似鯉	0
似合い	0
似合う	2
似合しい	4
似合わしい	4
似而非	0
似通う	3
似非	0
似付かわしい	5
似付く	2
似鱚	0
侍	0
侍する	2
侍る	2
侍医	1
侍衛	0
侍気質	5
侍蟻	3
侍講	0
侍祭	0
侍史	1
侍者	1
侍従	0
侍従職	2
侍従長	2
侍従武官	4
侍所	5
侍女	1
侍臣	0
侍僧	0
侍読	0
侍立	0
侍婢	1
児	0
児戯	1
児子	1
児女	1
児曹	0
児相	0
児孫	1
児童	1
児童画	0
児童館	2
児童劇	2
児童手当	4
児童心理学	6
児童相談所	0
児童福祉	5
児童福祉施設	7
児童文学	4
字	1
字一色	3
字引	3
字引学問	5
字音	0
字画	0
字解	0
字間	0
字眼	0
字義	1
字詰め	0
字句	1
字訓	0
字形	0
字源	0
字号	0
字種	1
字書	1
字数	2
字足らず	2
字体	0
字典	0
字配り	2
字母	1
字幕	0
字面	0
字訳	0
字余り	2
字彙	1
寺	2
寺域	0
寺院	1
寺格	0
寺号	1
寺参り	3
寺子	0
寺子屋	0
寺社	1
寺社奉行	3
寺小屋	0
寺請	0
寺請け	0
寺銭	0
寺檀制度	4
寺男	3
寺中	0
寺内	1
寺内町	2
寺入り	0
寺務	1
寺務所	2
寺領	0
慈しみ	0
慈しむ	4
慈愛	0
慈雨	1
慈眼	0
慈訓	0
慈恵	0
慈姑	0
慈心	0
慈善	0
慈善家	0
慈善市	2
慈善事業	4
慈善団体	4
慈善鍋	4
慈鳥	0
慈童	0
慈悲	1
慈悲心	2
慈悲心鳥	3
慈父	1
慈母	1
持する	2
持たせる	3
持ち	2
持ちかける	4
持ちきり	0
持ちこたえる	5
持ちつ持たれつ	1
持ちなおす	4
持ちまえ	0
持ちもの	2
持ち運び	0
持ち運ぶ	4
持ち越し	0
持ち越す	0
持ち家	0
持ち歌	0
持ち回り	0
持ち回り閣議	6
持ち回る	0
持ち掛ける	4
持ち株	0
持ち株会社	5
持ち堪える	5
持ち寄る	0
持ち帰り	0
持ち帰る	3
持ち去る	3
持ち金	0
持ち駒	0
持ち芸	2
持ち古す	0
持ち合い	0
持ち合う	0
持ち合せ	0
持ち合せる	5
持ち合わせ	0
持ち合わせる	5
持ち込み	0
持ち込む	0
持ち札	2
持ち時間	3
持ち主	2
持ち手	3
持ち出し	0
持ち出す	0
持ち上がる	0
持ち上げる	0
持ち上る	0
持ち場	3
持ち切り	0
持ち切る	3
持ち船	0
持ち前	0
持ち替える	0
持ち直す	4
持ち添える	0
持ち点	0
持ち逃げ	0
持ち腐れ	0
持ち物	2
持ち分	2
持ち歩く	4
持ち崩す	4
持ち味	2
持ってくる	4
持って回る	1
持って生まれた	1
持って来る	4
持つ	1
持てあます	4
持てなし	0
持てる	2
持て扱う	6
持て栄す	4
持て持て	0
持て成し	0
持て成す	3
持て余す	4
持て囃す	4
持運び	0
持運ぶ	4
持越し	0
持家	0
持戒	0
持掛ける	4
持株	0
持株会社	5
持堪える	5
持帰り	0
持帰る	3
持久	0
持久戦	0
持久走	2
持久力	2
持芸	2
持碁	1
持合	0
持合せ	0
持合わせ	0
持込み	0
持込む	0
持札	2
持参	0
持参金	0
持参人	0
持子	0
持主	2
持手	3
持出	0
持出し	0
持出す	0
持将棋	2
持上がる	0
持上げる	0
持上る	5
持説	0
持前	0
持続	0
持替える	0
持直す	4
持添える	0
持逃	0
持逃げ	0
持病	0
持仏	1
持物	2
持分	2
持崩す	4
持味	2
持明院統	0
持薬	0
持論	0
持佛堂	0
時	1
時々	0
時々刻々	1
時おり	0
時たま	0
時として	2
時ならぬ	4
時に	2
時の氏神	0
時の鐘	0
時めく	3
時んば	2
時雨	0
時雨忌	3
時雨月	3
時雨模様	4
時運	1
時疫	1
時下	1
時化	2
時化る	2
時価	1
時価発行	3
時花	1
時間	0
時間つぶし	4
時間外	2
時間外手当て	6
時間割	0
時間割り	0
時間給	2
時間芸術	4
時間生物学	7
時間切れ	0
時間帯	0
時間知覚	4
時間潰し	4
時間反転	4
時間表	0
時期	1
時期尚早	1
時機	1
時機尚早	1
時季	1
時儀	1
時宜	1
時給	0
時局	1
時空	0
時偶	0
時系列	2
時系列分析	6
時計	0
時計屋	0
時計回り	4
時計座	0
時計皿	2
時計仕掛け	4
時計信管	4
時計草	0
時計台	0
時限	0
時限スト	4
時限装置	4
時限爆弾	4
時限立法	4
時候	0
時候外れ	4
時効	0
時効期間	5
時好	0
時刻	1
時刻表	0
時差	1
時差ぼけ	0
時差惚け	0
時差出勤	3
時事	1
時時刻刻	1
時宗	0
時習	0
時衆	1
時鐘	0
時針	0
時人	1
時数	2
時世	1
時世時節	2
時制	0
時勢	0
時折	0
時折り	0
時節	1
時節柄	0
時相	0
時速	0
時代	0
時代がかる	5
時代掛かる	5
時代掛る	5
時代感覚	4
時代劇	2
時代後れ	4
時代考証	4
時代錯誤	4
時代思潮	4
時代小説	4
時代色	2
時代精神	4
時代相	2
時代遅れ	4
時代物	0
時辰儀	2
時短	0
時鳥	3
時鳥草	0
時点	1
時祷書	0
時日	1
時評	0
時分	1
時分割システム	6
時分時	0
時文	0
時弊	0
時報	0
時務	1
時流	0
時論	0
時艱	1
次	2
次々	2
次いで	0
次ぐ	0
次ぐ身	0
次なる	2
次に	2
次の間	2
次位	1
次回	1
次官	1
次期	1
次客	0
次兄	0
次元	0
次号	1
次子	1
次次	2
次式	0
次週	1
次女	1
次序	1
次将	0
次条	1
次数	2
次世代	2
次席	0
次善	0
次代	1
次第	0
次第に	0
次第次第に	0
次第書き	0
次男	1
次長	0
次点	0
次点者	2
次年	0
次発	0
次表	0
次便	0
次鋒	0
次葉	1
次郎柿	2
滋る	0
滋雨	1
滋殖	0
滋味	1
滋養	0
滋養物	2
滋養分	2
治す	2
治する	1
治まり	0
治まる	3
治む	2
治める	3
治り	3
治る	2
治安	0
治安維持法	0
治安出動	4
治下	1
治外法権	4
治験	0
治験薬	2
治効	0
治国	0
治山	0
治産	0
治者	1
治水	0
治世	1
治績	0
治部煮	0
治部省	2
治平	0
治癒	1
治乱	1
治乱興亡	1
治略	1
治療	0
治療代	0
治療法	0
治暦	1
爾	0
爾り	2
爾後	1
爾今	1
爾汝	1
爾余	1
爾来	1
璽書	1
璽符	1
痔	0
痔核	0
痔疾	0
痔瘻	0
磁化	1
磁界	0
磁器	1
磁気	1
磁気カード	3
磁気テープ	3
磁気ディスク	3
磁気モーメント	3
磁気記録	3
磁気共鳴映像法	9
磁気双極子	5
磁気浮上	3
磁気嵐	3
磁気録音	3
磁極	0
磁区	1
磁鉱鉄	2
磁場	1
磁針	0
磁性	0
磁性層	2
磁性体	0
磁石	1
磁束	0
磁鉄鉱	2
磁土	1
磁壁	0
磁硫鉄鉱	4
磁力	1
磁力計	0
磁力線	0
示し	3
示し合せる	6
示し合わす	5
示し合わせる	6
示す	2
示威	1
示威運動	3
示教	0
示現	0
示唆	1
示差	1
示寂	0
示相化石	4
示達	0
示談	1
示談金	0
示度	1
示導動機	4
示偏	0
而して	2
而も	2
而るを	2
而後	2
而今	1
而立	1
耳	2
耳あか	0
耳あて	3
耳かす	3
耳くそ	2
耳たぶ	3
耳とう	0
耳ぬき	3
耳もと	0
耳隠し	3
耳炎	0
耳遠い	3
耳下腺	0
耳下腺炎	3
耳介	0
耳貝	2
耳殻	0
耳学問	4
耳慣れる	4
耳環	0
耳管	0
耳寄り	0
耳許	0
耳鏡	0
耳金	0
耳元	0
耳語	1
耳垢	1
耳孔	0
耳擦り	3
耳疾	0
耳珠	1
耳順	0
耳小骨	2
耳障り	3
耳飾り	3
耳触り	3
耳新しい	6
耳垂れ	0
耳石	0
耳栓	0
耳掃除	3
耳掻き	3
耳掻草	4
耳聡い	4
耳打	2
耳打ち	0
耳袋	3
耳痛	0
耳塚	2
耳底	0
耳当	0
耳当て	3
耳馴れる	4
耳年増	3
耳抜き	3
耳鼻	1
耳鼻咽喉科	0
耳鼻科	0
耳標	0
耳付き	0
耳糞	0
耳偏	0
耳鳴り	0
耳目	1
耳輪	0
耳漏	0
耳屎	0
耳朶	1
耳滓	3
耳絎	0
自	1
自ずから	0
自ずと	0
自と	0
自ら	1
自愛	0
自意識	2
自意識過剰	2
自慰	1
自営	0
自衛	0
自衛官	2
自衛権	2
自衛隊	0
自園	0
自演	0
自家	1
自家受精	3
自家受粉	3
自家製	0
自家中毒	3
自家撞着	3
自家発電	3
自家用	0
自家用車	3
自火	1
自我	1
自我実現	3
自画	1
自画自賛	1
自画自讚	1
自画像	2
自壊	0
自戒	0
自害	1
自覚	0
自覚症状	4
自学自習	4
自活	0
自棄	1
自棄っぱち	0
自棄っ腹	0
自棄飲み	0
自棄酒	0
自棄腹	0
自棄糞	0
自記	1
自虐	0
自虐的	0
自給	0
自給自足	0
自給率	2
自供	0
自業自得	0
自軍	1
自警	0
自警団	2
自決	0
自己	1
自己愛	2
自己暗示	3
自己意識	3
自己運動	3
自己概念	3
自己株式	4
自己完結	3
自己欺瞞	3
自己犠牲	3
自己金融	3
自己決定権	5
自己血輸血	5
自己嫌悪	3
自己顕示	3
自己抗体	3
自己資金	3
自己資本	3
自己資本比率	6
自己実現	3
自己主義	3
自己消化	3
自己紹介	3
自己疎外	3
自己組織化	0
自己中心性	1
自己同一性	1
自己破産	3
自己否定	3
自己批判	3
自己分解	3
自己弁護	3
自己保存	3
自己本位	3
自己満足	3
自己矛盾	3
自己免疫	3
自己免疫疾患	7
自己誘導	3
自己流	0
自国	0
自惚	0
自惚れ	0
自惚れる	0
自惚れ鏡	5
自惚鏡	5
自今	1
自今以後	1
自在	0
自在かぎ	2
自在スパナ	5
自在画	0
自在継ぎ手	4
自在継手	4
自在鉤	2
自作	0
自作自演	0
自作農	3
自撮り	0
自殺	0
自殺行為	4
自殺的	0
自讃	0
自賛	0
自死	1
自治	1
自治会	2
自治機関	4
自治区	2
自治権	2
自治行政	3
自治省	2
自治体	0
自治大臣	3
自治都市	3
自治領	2
自失	0
自室	0
自社	1
自社株買	0
自社株買い	0
自若	0
自主	1
自主トレ	0
自主規制	3
自主権	2
自主性	0
自主的	0
自主独往	1
自主流通米	0
自首	0
自宗	1
自修	0
自習	0
自重	0
自粛	0
自署	1
自書	1
自助	1
自叙	1
自叙伝	2
自序	1
自傷	0
自小作	2
自省	0
自称	0
自乗	0
自乗根	2
自浄	0
自浄作用	4
自殖	0
自色	0
自信	0
自信満々	0
自信満満	0
自身	1
自身番	0
自刃	0
自尽	0
自陣	0
自炊	0
自制	0
自制心	2
自生	0
自生地	2
自製	0
自席	0
自責	0
自責点	3
自切	1
自説	0
自薦	0
自選	0
自前	0
自然	0
自然科学	4
自然界	2
自然学	2
自然環境	4
自然休会	4
自然権	2
自然現象	4
自然言語	4
自然光	2
自然公園	4
自然災害	4
自然史	2
自然死	2
自然治癒	4
自然主義	4
自然宗教	4
自然薯	0
自然状態	4
自然食品	4
自然神学	4
自然人	2
自然人類学	6
自然崇拝	4
自然数	2
自然生	0
自然石	2
自然選択	4
自然増	2
自然増加率	6
自然増収	4
自然体	0
自然対数	4
自然地理学	5
自然的	0
自然的短音階	8
自然哲学	5
自然淘汰	4
自然独占	4
自然農法	4
自然発火	4
自然発生	4
自然犯	2
自然美	2
自然描写	4
自然分娩	4
自然分類	4
自然弁証法	0
自然保護	4
自然法	2
自然法則	4
自然免疫	4
自然木	2
自然律	2
自然力	2
自然林	2
自走	0
自走砲	2
自足	0
自存	0
自尊	0
自尊心	2
自損	0
自他	1
自堕落	2
自宅	0
自知	1
自注	0
自註	0
自著	1
自沈	0
自邸	0
自適	0
自転	0
自転軸	2
自転車	2
自転車操業	5
自転周期	4
自伝	0
自党	0
自働	0
自働化	0
自動	0
自動ピアノ	4
自動化	0
自動改札	4
自動楽器	4
自動巻き	0
自動拳銃	4
自動詞	2
自動式	0
自動車	2
自動車教習所	0
自動車取得税	7
自動車重量税	7
自動車整備士	7
自動車税	4
自動車損害賠償責任保険	2
自動車電話	5
自動車道	3
自動車保険	5
自動小銃	4
自動織機	4
自動制御	4
自動操縦装置	8
自動的	0
自動電話	4
自動二輪車	5
自動販売器	6
自動販売機	6
自動変速機	6
自動翻訳	4
自動列車制御装置	10
自動列車停止装置	10
自同律	2
自得	0
自涜	0
自縄自縛	0
自任	0
自認	0
自派	1
自賠責保険	6
自賠法	2
自白	0
自爆	0
自爆霊	3
自縛	0
自縛霊	3
自発	0
自発性	0
自発的	0
自発的失業	0
自罰的	0
自販	0
自販機	2
自費	0
自費出版	3
自筆	0
自負	1
自負心	2
自腹	0
自分	0
自分かって	4
自分史	2
自分自身	4
自分勝手	4
自噴	0
自噴井	0
自閉	0
自閉症	2
自弁	0
自暴	0
自暴自棄	4
自慢	0
自慢たらしい	6
自慢話	4
自民族中心主義	10
自明	0
自鳴琴	0
自滅	0
自摸	1
自毛	0
自問	0
自問自答	0
自由	2
自由エネルギー	5
自由意志	4
自由意志論	5
自由営業	4
自由化	0
自由画	0
自由競争	4
自由教育	4
自由業	2
自由刑	2
自由型	0
自由契約	4
自由契約選手	8
自由形	0
自由経済	4
自由結婚	4
自由権	2
自由港	2
自由行動	4
自由裁量	4
自由財	2
自由思想家	0
自由詩	2
自由自在	2
自由主義	4
自由主義者	5
自由勝手	4
自由人	2
自由世界	4
自由席	2
自由電子	4
自由都市	4
自由度	2
自由放任	2
自由放任主義	8
自由貿易	4
自由貿易地域	8
自由奔放	2
自由民	2
自由民権論	2
自由落下	4
自由恋愛	4
自由連想	4
自由労働者	6
自由豁達	2
自由闊達	2
自余	1
自用	0
自利	1
自律	0
自律訓練法	0
自律神経	4
自律神経失調症	4
自立	0
自立語	0
自立心	3
自力	0
自力更正	4
自力更生	4
自儘	0
自刎	0
自剄	0
自嘲	0
蒔きつける	4
蒔き灰	2
蒔き付け	0
蒔き付ける	0
蒔く	1
蒔絵	0
辞	3
辞す	1
辞する	2
辞める	0
辞意	1
辞儀	0
辞宜	0
辞去	1
辞書	1
辞譲	0
辞職	0
辞職願	4
辞職願い	4
辞色	1
辞世	0
辞退	1
辞典	0
辞任	0
辞表	0
辞柄	0
辞林	0
辞令	0
辞彙	1
汐	0
汐干狩	3
汐干狩り	3
汐汲み	3
汐合い	0
鹿	0
鹿の角切り	0
鹿の子	1
鹿の子絞	4
鹿の子絞り	4
鹿の子斑	4
鹿の子餅	3
鹿威し	3
鹿垣	2
鹿革	0
鹿驚	3
鹿砦	0
鹿子	1
鹿子の木	3
鹿子絞り	4
鹿狩	0
鹿狩り	0
鹿島立ち	0
鹿肉	0
鹿皮	0
鹿尾菜	1
鹿毛	1
式	2
式楽	0
式構え	3
式叉摩那	3
式次	0
式次第	3
式辞	0
式場	0
式神	0
式台	0
式典	0
式日	0
式年	0
式年祭	3
式年遷宮	0
式年遷宮祭	7
式微	0
式部	2
式部官	3
式部省	3
式部職	3
式服	0
式法	0
式目	0
識	2
識す	0
識見	0
識語	2
識字	0
識者	2
識神	0
識別	0
識閾	3
鴫	1
軸	2
軸距	2
軸索	0
軸受け	0
軸性	0
軸組	0
軸組み	0
軸装	0
軸足	0
軸吊	0
軸吊り	0
軸物	0
軸木	0
軸流	0
軸流水車	5
雫	3
七	2
七々日	4
七つ	2
七つの海	2
七つ屋	3
七つ時	0
七つ星	3
七屋	3
七回忌	3
七竃	3
七観音	3
七曲がり	3
七月	4
七賢	2
七賢人	3
七弦琴	0
七絃琴	0
七言絶句	5
七言律詩	5
七五三	0
七五三飾	3
七五三縄	0
七五調	0
七光	3
七光り	3
七三	0
七事式	3
七七日	4
七種	2
七種がゆ	4
七種粥	4
七種競技	4
七衆	2
七十	3
七十二候	5
七十路	2
七重	0
七情	2
七色	0
七色唐辛子	7
七星	2
七星天道虫	5
七星瓢虫	5
七生	0
七赤	2
七節	2
七草	2
七草がゆ	4
七草粥	4
七大私学	5
七大寺	3
七珍万宝	0
七転び八起き	3
七転八起	5
七転八倒	0
七顛八起	5
七顛八倒	2
七堂伽藍	5
七道	2
七難	2
七難八苦	5
七日	0
七日鮫	3
七年忌	3
七半	0
七不思議	3
七福神	4
七仏	0
七分三分	4
七分袖	3
七分搗き	0
七並べ	3
七変化	3
七宝	0
七宝焼	0
七宝焼き	0
七味	2
七味唐辛子	6
七面鳥	0
七面倒	5
七夜	3
七夕	0
七曜	0
七曜星	3
七曜表	0
七厘	2
七輪	2
七竈	3
叱	0
叱り	0
叱りつける	5
叱り飛ばす	5
叱り付ける	5
叱る	0
叱正	0
叱責	0
叱咤	1
叱咤激励	1
執	3
執りなす	3
執り行う	0
執り成す	3
執る	1
執権	0
執行	0
執行委員	5
執行機関	6
執行部	3
執行猶予	5
執行吏	3
執事	2
執心	0
執成し	0
執成す	3
執政	0
執政官	3
執達吏	4
執着	0
執著	0
執刀	0
執念	1
執念い	3
執念深い	6
執筆	0
執務	2
執拗	0
失う	0
失くす	3
失す	1
失する	0
失せる	2
失せ物	0
失意	1
失火	0
失格	0
失活	0
失陥	0
失脚	0
失業	0
失業者	3
失業対策	5
失業保険	5
失業率	3
失禁	0
失敬	3
失敬千万	5
失血	0
失権	0
失言	0
失語	0
失語症	0
失効	0
失行	0
失策	0
失錯	0
失笑	0
失職	0
失心	0
失神	0
失政	0
失声症	0
失跡	0
失速	0
失体	0
失対	0
失態	0
失地	0
失着	0
失調	0
失墜	0
失点	0
失投	0
失当	0
失透	0
失念	0
失敗	0
失費	0
失望	0
失望感	3
失名	0
失名氏	3
失命	0
失明	0
失礼	2
失礼ながら	5
失礼乍ら	5
失恋	0
失踪	0
失踪宣告	5
嫉む	2
嫉視	1
嫉妬	0
嫉妬心	3
嫉妬深い	5
室	2
室鯵	2
室温	0
室外	2
室咲き	0
室町	2
室町時代	5
室町幕府	5
室長	0
室内	2
室内楽	3
室内管弦楽団	9
室内装飾	5
室内遊戯	5
室料	2
室鰺	2
悉く	3
悉に	1
悉皆	3
悉曇	0
悉無律	3
湿す	0
湿っぽい	4
湿らす	0
湿り	0
湿り気	0
湿る	0
湿気	0
湿気る	1
湿原	0
湿式	0
湿潤	0
湿疹	0
湿性	0
湿生	0
湿生植物	6
湿雪	0
湿舌	0
湿地	0
湿田	0
湿電池	3
湿度	1
湿度計	0
湿板	0
湿布	0
漆	0
漆かぶれ	4
漆絵	3
漆器	0
漆喰	0
漆芸	0
漆工	0
漆黒	0
漆樹	0
漆食	0
漆塗り	0
漆負け	0
疾う	1
疾うに	1
疾うの昔	1
疾く	1
疾く疾く	1
疾っく	0
疾っくに	3
疾っくの昔	0
疾患	0
疾苦	1
疾駆	1
疾呼	1
疾視	1
疾走	0
疾病	0
疾病保険	5
疾風	0
疾風迅雷	0
疾風怒濤	0
疾雷	0
質	0
質す	2
質屋	2
質感	0
質疑	1
質疑応答	2
質券	2
質権	2
質権者	3
質権設定者	7
質札	2
質実	0
質実剛健	0
質種	2
質素	1
質草	0
質的	0
質店	0
質点	3
質点系	3
質入れ	0
質物	2
質朴	0
質問	0
質問者	3
質流れ	3
質料	2
質料因	3
質量	2
質量スペクトル	6
質量欠損	5
質量数	5
質量中心	5
質量分析器	8
質樸	0
実	2
実しやか	4
実に	2
実のところ	2
実は	2
実り	0
実る	2
実意	2
実印	0
実員	0
実益	0
実演	0
実家	0
実科	0
実害	0
実学	0
実葛	3
実株	0
実感	0
実機	1
実記	0
実技	1
実況	0
実況見分	5
実況放送	5
実業	0
実業家	0
実業界	3
実業学校	5
実業団	3
実栗	1
実刑	0
実兄	0
実景	0
実検	0
実権	0
実見	0
実験	0
実験科学	5
実験現象学	7
実験式	3
実験室	3
実験小説	5
実験場	0
実験心理学	7
実験台	0
実験的	0
実験動物	5
実現	0
実現性	0
実効	0
実効税率	5
実効値	3
実行	0
実行力	3
実際	0
実際家	0
実際的	0
実在	0
実在気体	5
実在論	3
実桜	2
実姉	0
実子	0
実施	0
実施設計	4
実視等級	4
実時間処理	6
実質	0
実質国民所得	9
実質賃金	5
実質的	0
実写	0
実射	0
実社会	3
実車	0
実手	0
実需	0
実収	0
実習	0
実習生	3
実証	0
実証主義	5
実証的	0
実証論	3
実情	0
実状	0
実食	0
実親	0
実数	3
実世界	3
実勢	0
実勢価格	5
実生	0
実生活	3
実績	0
実説	0
実戦	0
実線	0
実践	0
実践哲学	6
実践理性	5
実践躬行	0
実相	0
実装	0
実像	0
実測	0
実存	0
実存主義	5
実存哲学	6
実体	0
実体化	0
実体鏡	0
実体法	0
実態	0
実態調査	5
実弾	0
実地	0
実地検証	4
実地試験	5
実直	0
実定法	0
実弟	0
実働	0
実働時間	5
実動	0
実入	0
実入り	0
実年	0
実念論	3
実梅	1
実否	1
実費	0
実父	0
実物	0
実物取引	5
実物大	0
実母	1
実包	0
実妹	0
実務	1
実務家	0
実名	0
実用	0
実用化	0
実用向き	0
実用主義	5
実用新案	5
実用的	0
実利	1
実利主義	4
実理	1
実力	0
実力行使	5
実力者	3
実例	0
実録	0
実録物	0
実話	0
実蠅	0
蔀	0
蔀戸	3
篠	0
篠懸の木	6
篠笹	2
篠竹	0
篠笛	0
篠突く	3
偲ぶ	2
柴	0
柴垣	2
柴刈り	3
柴犬	0
柴折戸	3
柴漬	0
柴漬け	0
芝	0
芝えび	0
芝海老	0
芝刈	3
芝刈り	3
芝居	0
芝居がかる	5
芝居掛かる	5
芝居掛る	5
芝居気	0
芝居者	0
芝居小屋	0
芝桜	3
芝生	0
芝草	0
芝地	0
屡	1
屡々	1
屡屡	1
屡叩く	4
蕊	1
縞	2
縞河豚	0
縞鰹	3
縞牛の舌	5
縞牛舌	5
縞栗鼠	0
縞蛇	0
縞織物	3
縞曹以	0
縞泥鰌	3
縞馬	0
縞物	0
縞柄	0
縞味	2
縞模様	3
縞瑪瑙	3
縞蚯蚓	3
縞蠅	2
縞鰺	2
舎	1
舎営	0
舎監	0
舎兄	0
舎人	0
舎宅	0
舎弟	0
舎費	1
舎利	1
舎利殿	2
舎利塔	0
舎利別	2
写し	3
写し絵	3
写し取る	4
写し出す	4
写す	2
写り	3
写り込み	0
写る	2
写経	0
写字	0
写実	0
写実主義	4
写実的	0
写象	0
写植	0
写真	0
写真うつり	4
写真レンズ	4
写真屋	0
写真家	0
写真館	2
写真顔	0
写真器	2
写真機	2
写真写り	4
写真植字	4
写真製版	4
写真測量	4
写真帳	0
写真天頂筒	0
写真等級	4
写真凸版	4
写真判定	4
写真版	0
写生	0
写生画	0
写生文	2
写像	0
写譜	0
写本	0
射	1
射かける	3
射し込む	0
射す	1
射る	1
射影	0
射角	0
射掛ける	3
射干玉	0
射貫く	2
射儀	1
射芸	1
射撃	0
射倖	0
射倖心	2
射幸	0
射幸心	2
射込み	0
射殺	0
射殺す	0
射止める	3
射手	1
射手座	0
射出	0
射術	1
射場	0
射精	0
射創	0
射通す	3
射程	0
射的	0
射爆場	0
射抜く	2
射返す	2
射法	0
射落とす	3
射利	1
射竦める	4
射籠手	1
射翳	1
射藝	1
捨てる	0
捨て印	0
捨て仮名	0
捨て去る	3
捨て金	0
捨て駒	0
捨て犬	0
捨て子	0
捨て所	0
捨て場	0
捨て身	0
捨て石	0
捨て台詞	3
捨て値	0
捨て置く	3
捨て頭巾	3
捨て売り	0
捨て鉢	0
捨印	0
捨仮名	0
捨駒	0
捨子	0
捨象	0
捨場	0
捨身	0
捨石	0
捨頭巾	3
捨売り	0
捨鉢	0
捨離	1
赦し	3
赦す	2
赦免	0
赦免状	2
斜	1
斜め	2
斜めならず	2
斜め読み	0
斜影	0
斜格	0
斜角	1
斜角柱	3
斜滑降	2
斜眼	1
斜頚	0
斜交い	0
斜光	0
斜向い	3
斜向かい	3
斜坑	0
斜視	1
斜歯歯車	5
斜線	0
斜体	0
斜張橋	0
斜長石	2
斜塔	0
斜辺	1
斜方形	2
斜面	1
斜陽	0
斜陽族	2
斜頸	0
煮	0
煮えたぎる	4
煮える	0
煮え繰り返る	5
煮え切らない	4
煮え湯	0
煮え返る	3
煮え立つ	3
煮え滾る	4
煮きり	0
煮くずれ	0
煮こごり	0
煮こぼれる	4
煮しめ	0
煮しめる	3
煮つけ	0
煮つめる	3
煮ばな	0
煮びたし	2
煮やす	0
煮る	0
煮溢れる	4
煮花	0
煮干	0
煮干し	0
煮詰まる	3
煮詰める	3
煮詰る	3
煮魚	2
煮凝り	0
煮合	0
煮込み	0
煮込む	2
煮頃鮒	4
煮汁	0
煮出し汁	4
煮出す	2
煮出汁	4
煮上がる	3
煮浸し	2
煮炊き	1
煮切り	0
煮切る	2
煮染め	0
煮染める	3
煮端	0
煮凍り	0
煮豆	0
煮売り屋	0
煮付	0
煮付け	0
煮付ける	3
煮沸	0
煮物	0
煮返し酢	4
煮返す	3
煮崩れ	0
煮方	0
煮麺	1
煮溶かす	3
煮立つ	2
煮立てる	3
煮零れる	4
社	1
社印	0
社員	1
社運	0
社屋	1
社家	1
社歌	1
社会	1
社会ダーウィニズム	7
社会悪	2
社会意識	4
社会医学	4
社会運動	4
社会化	0
社会科	0
社会科学	4
社会学	2
社会教育	4
社会契約説	7
社会権	2
社会現象	4
社会言語学	6
社会構造	4
社会資本	4
社会事業	4
社会主義	4
社会主義リアリズム	8
社会主義者	5
社会心理学	6
社会進化論	6
社会人	2
社会人類学	6
社会制度	4
社会性	0
社会性昆虫	6
社会政策	4
社会正義	4
社会生活	4
社会生物学	7
社会層	2
社会秩序	5
社会通念	4
社会的	0
社会党	0
社会淘汰	4
社会鍋	4
社会部	2
社会復帰	4
社会福祉	5
社会福祉施設	7
社会福祉法人	7
社会分化	4
社会変動	4
社会保険	4
社会保険庁	5
社会保険労務士	9
社会保障	4
社会奉仕	4
社会方言	4
社会民主々義	7
社会民主主義	7
社会面	2
社会問題	4
社会倫理	4
社外	1
社格	0
社共	0
社協	0
社業	1
社訓	0
社交	0
社交ダンス	4
社交家	0
社交界	2
社交辞令	4
社交性	0
社交的	0
社告	0
社債	0
社史	1
社寺	1
社主	1
社章	0
社食	0
社是	1
社説	0
社線	0
社僧	0
社葬	0
社則	0
社大	0
社宅	0
社団	0
社団法人	4
社地	1
社中	1
社長	0
社殿	0
社頭	0
社内	1
社内報	2
社日	0
社費	1
社賓	0
社風	0
社務	1
社務所	2
社名	0
社命	0
社友	0
社用	0
社用族	2
社領	0
社歴	0
社稷	1
紗	0
者	2
者ども	2
者共	2
謝々	1
謝す	1
謝する	2
謝り	0
謝る	3
謝意	1
謝恩	0
謝恩会	2
謝金	0
謝罪	0
謝辞	1
謝謝	1
謝状	0
謝絶	0
謝肉祭	3
謝礼	0
車	0
車いす	3
車椅子	3
車井戸	4
車屋	0
車蝦	3
車回し	4
車海老	3
車外	1
車轄	0
車間距離	4
車寄	0
車寄せ	0
車券	0
車検	0
車検証	0
車庫	1
車高	0
車座	0
車載	0
車止め	0
車軸	0
車軸草	0
車軸藻	2
車軸藻植物	6
車室	0
車社会	4
車種	1
車掌	0
車上	0
車上荒し	4
車上荒らし	4
車線	0
車前	0
車前子	2
車前草	0
車窓	0
車速	0
車体	0
車代	0
車台	0
車大工	4
車知	1
車地	1
車中	1
車中談	2
車賃	3
車糖	0
車道	0
車内	1
車内灯	0
車馬	1
車夫	1
車風	0
車偏	0
車両	0
車力	1
車輪	0
車輪石	2
車裂き	3
車輛	0
車輌	0
遮へい	0
遮る	3
遮音	0
遮光	0
遮断	0
遮断器	2
遮断機	2
遮二無二	0
遮蔽	0
遮蔽物	2
蛇	1
蛇いちご	3
蛇の目	0
蛇の目傘	4
蛇の目蝶	3
蛇の鬚	1
蛇管	1
蛇遣い	3
蛇遣い座	0
蛇遣座	0
蛇口	0
蛇行	0
蛇座	0
蛇使い	3
蛇食鷲	3
蛇責め	0
蛇足	0
蛇体	0
蛇毒	2
蛇皮	1
蛇皮線	0
蛇腹	0
蛇目蝶	3
蛇紋石	2
蛇籠	0
蛇舅母	0
蛇苺	3
蛇蜻蛉	3
蛇蝎	0
蛇蠍	0
邪	0
邪ま	0
邪悪	0
邪淫	0
邪気	1
邪鬼	1
邪教	0
邪曲	0
邪見	0
邪険	1
邪視	1
邪宗	0
邪術	1
邪心	0
邪神	0
邪推	0
邪推深い	5
邪説	1
邪知	1
邪智	1
邪道	0
邪念	0
邪飛	1
邪法	0
邪魔	0
邪魔くさい	4
邪魔っ気	0
邪魔者	0
邪魔臭い	4
邪魔物	0
邪魔立て	0
邪欲	0
邪恋	0
邪慳	1
借り	0
借りっ放し	0
借りる	0
借り越し	0
借り越し金	0
借り越す	3
借り家	0
借り換え	0
借り換える	3
借り込む	3
借り字	0
借り主	2
借り手	0
借り受ける	4
借り受け金	0
借り集める	5
借り住い	3
借り出す	3
借り上げる	4
借り切る	3
借り貸し	2
借り宅	0
借り地	0
借り着	0
借り賃	2
借り倒す	4
借り入れ	0
借り入れる	4
借り入れ金	0
借り払い	3
借り物	0
借り方	0
借り名	0
借る	2
借屋	0
借屋住居	4
借音	0
借家	0
借家人	0
借款	0
借間	0
借金	3
借金取り	3
借訓	0
借景	0
借財	0
借字	0
借主	2
借手	0
借集める	5
借上げる	4
借銭	3
借貸	0
借地	0
借地権	3
借入	0
借入金	0
借払い	3
借物	0
借方	0
借問	0
借用	0
借用語	0
借用書	0
借覧	0
借料	2
勺	0
尺	2
尺蛾	0
尺貫法	0
尺骨	0
尺取	0
尺取り虫	4
尺取虫	4
尺寸	0
尺地	1
尺度	1
尺拍子	3
尺八	0
尺牘	0
尺鷸	0
杓	1
杓子	1
杓子定規	4
杓鴫	0
杓文字	1
灼か	2
灼ける	0
灼た	1
灼たか	2
灼然	0
灼熱	0
爵	1
爵位	1
酌	0
酌みかわす	4
酌み交わす	4
酌む	0
酌交わす	4
酌婦	1
酌量	0
釈迦	0
釈迦三尊	1
釈迦如来	3
釈義	1
釈然	0
釈尊	3
釈典	1
釈放	0
釈明	0
錫	1
錫ペスト	3
錫婚式	3
錫杖	0
錫杖草	0
錫石	2
若	1
若々しい	5
若い	2
若いもの	2
若い燕	2
若い者	2
若い者頭	6
若い衆	2
若かず	2
若き	1
若く	0
若さ	1
若さま	1
若し	1
若しか	1
若しかしたら	1
若しかして	1
若しかすると	1
若しくは	1
若しも	1
若しものこと	1
若しもの事	1
若しや	1
若やか	2
若やぐ	3
若鮎	0
若隠居	3
若芽	2
若干	0
若気	0
若宮	2
若君	2
若鶏	2
若向き	0
若菜	1
若鷺	0
若作り	3
若子	0
若枝	0
若死に	0
若紫	4
若侍	3
若者	0
若者頭	6
若若しい	5
若手	0
若衆	2
若衆歌舞伎	4
若松	2
若人	2
若水	2
若盛り	3
若僧	0
若草	2
若草色	0
若蔵	0
若造	0
若大将	3
若旦那	3
若潮	2
若鳥	2
若殿	3
若殿原	4
若党	0
若湯	0
若頭	3
若禿げ	0
若年	0
若年寄	3
若年寄り	3
若年者	0
若輩	0
若輩者	0
若白髪	3
若夫婦	3
若布	1
若武者	0
若返り	0
若返る	3
若木	0
若様	1
若葉	1
若葉マーク	4
若緑	3
若榴	1
寂	2
寂々	0
寂しい	3
寂しがり屋	0
寂しがる	4
寂しさ	2
寂れる	0
寂光	0
寂光浄土	5
寂寂	0
寂静	0
寂然	0
寂莫	0
寂滅	0
寂滅為楽	5
寂寞	0
寂寥	0
寂靜	0
弱	1
弱々しい	5
弱い	2
弱さ	1
弱まる	3
弱み	3
弱める	3
弱り果てる	5
弱り込む	0
弱り切る	4
弱り目	0
弱る	2
弱塩基	3
弱音	0
弱音器	3
弱化	0
弱火	0
弱冠	0
弱含み	3
弱気	0
弱気筋	3
弱起	1
弱行	0
弱国	0
弱腰	0
弱材料	3
弱酸	0
弱志	1
弱視	0
弱者	1
弱弱しい	5
弱小	0
弱少	0
弱震	0
弱僧	0
弱卒	0
弱体	0
弱体化	0
弱竹	2
弱虫	2
弱敵	0
弱点	3
弱電	0
弱毒	0
弱毒ワクチン	5
弱肉強食	0
弱年	0
弱年者	0
弱輩	0
弱拍	0
弱味	3
弱味噌	0
弱齢	0
惹かれる	0
惹きつける	4
惹き付ける	4
惹く	0
惹起	1
惹句	1
主	1
主あど	0
主たる	1
主として	1
主な	1
主に	1
主の祈り	1
主の晩餐	1
主位	1
主意	1
主意主義	3
主因	0
主演	0
主屋	1
主恩	0
主音	0
主家	1
主我	1
主格	0
主幹	0
主管	0
主観	0
主観主義	4
主観性	0
主観的	0
主観的観念論	8
主眼	0
主記憶装置	5
主義	1
主義者	2
主客	0
主客転倒	4
主客顛倒	4
主教	0
主筋	3
主君	1
主刑	0
主系列星	4
主計	0
主計局	2
主桁	1
主権	0
主権国	2
主権在民	0
主権者	2
主遣い	3
主語	1
主公	1
主根	0
主査	1
主催	0
主催者	2
主宰	0
主宰者	2
主菜	0
主材	0
主殺し	3
主産地	2
主使い	3
主旨	1
主事	1
主持	4
主持ち	4
主治医	2
主辞	1
主軸	0
主取	0
主取り	4
主従	0
主述	1
主唱	0
主唱者	2
主将	0
主上	0
主情主義	4
主色	0
主食	0
主食物	3
主審	0
主神	0
主人	1
主人顔	0
主人公	2
主人持ち	2
主成分	2
主成分分析	6
主税局	2
主席	0
主節	0
主戦	0
主戦論	2
主訴	1
主体	0
主体思想	3
主体性	0
主体的	0
主題	0
主題歌	2
主知主義	3
主柱	0
主著	1
主張	0
主潮	0
主調	0
主典	0
主殿	1
主殿造	4
主殿造り	4
主祷文	0
主動	0
主動的	0
主導	0
主導権	2
主日	1
主任	0
主任制	0
主脳	0
主脳会議	4
主脳会談	4
主脳者	2
主脳部	2
主馬	1
主帆	0
主犯	0
主班	0
主筆	0
主賓	0
主夫	1
主婦	1
主部	1
主物	1
主文	0
主峰	0
主砲	0
主謀	0
主謀者	2
主脈	0
主務	1
主命	0
主役	0
主薬	0
主用	0
主要	0
主要紙	2
主要点	2
主翼	0
主立った	3
主立つ	3
主流	0
主流派	0
主力	0
主力株	3
主力艦	3
取	1
取っかえ引っかえ	5
取っかかり	0
取っつく	0
取っておく	1
取ってくる	4
取ってつけたよう	1
取って代わる	1
取って置き	0
取って置く	1
取って付けたよう	1
取って付けた様	1
取って返す	1
取って来る	4
取っ掛かり	0
取っ掛り	0
取っ手	0
取っ組み合い	0
取っ組み合う	0
取っ組む	3
取っ組合う	0
取っ付き	0
取っ付く	0
取っ払う	4
取っ捕まえる	6
取っ捕まる	5
取り	2
取りあえず	3
取りあげる	0
取りあわせる	5
取りいる	3
取りいれる	4
取りえ	3
取りかえる	0
取りかかる	4
取りかこむ	0
取りこぼす	4
取りこむ	0
取りさる	3
取りざた	0
取りすがる	0
取りそろえる	5
取りたてる	4
取りだす	3
取りつかれる	5
取りつく	0
取りつける	4
取りとめる	4
取りなおす	4
取りなす	3
取りまく	3
取りまとめ	0
取りまとめる	5
取りも直さず	1
取りやめ	0
取りやめる	0
取り扱	0
取り扱い	0
取り扱い所	0
取り扱い注意	7
取り扱う	0
取り囲む	0
取り違え	0
取り違える	0
取り引き	2
取り引き先	0
取り運ぶ	0
取り越し苦労	5
取り押える	5
取り押さえる	5
取り下げ	0
取り下げる	4
取り下ろす	0
取り回し	0
取り回す	4
取り壊し	0
取り壊す	4
取り廻し	0
取り外し	0
取り外す	0
取り掛かる	4
取り掛る	4
取り巻き	0
取り巻く	3
取り換える	0
取り敢えず	3
取り寄せる	0
取り急ぎ	0
取り急ぐ	0
取り去る	0
取り極め	0
取り極める	0
取り継ぐ	0
取り計らい	0
取り計らう	5
取り決め	0
取り決める	0
取り結ぶ	4
取り交わす	4
取り口	2
取り広げる	0
取り合い	0
取り合う	3
取り合わせ	0
取り合わせる	5
取り込み	0
取り込み詐欺	5
取り込み事	0
取り込む	0
取り混ぜる	4
取り沙汰	0
取り札	2
取り殺す	0
取り捌く	4
取り皿	2
取り散らかる	0
取り散らす	4
取り残し	0
取り残す	4
取り仕切る	4
取り止め	0
取り止める	0
取り持ち	0
取り持つ	3
取り次ぎ	0
取り次ぐ	0
取り捨てる	0
取り取り	2
取り手	3
取り集める	5
取り出し口	4
取り出す	3
取り所	3
取り除く	0
取り消し	0
取り消す	0
取り上げ	0
取り上げる	0
取り尽くす	0
取り澄ます	4
取り成し	0
取り成す	3
取り切る	0
取り前	2
取り繕う	5
取り組み	0
取り組む	3
取り揃える	5
取り損なう	5
取り舵	0
取り替え	0
取り替えっこ	0
取り替える	0
取り置き	0
取り調べ	0
取り調べる	5
取り直し	0
取り直す	4
取り鎮める	0
取り締まり	0
取り締まる	4
取り締り	0
取り的	0
取り纏め	0
取り纏める	0
取り逃がす	4
取り逃す	4
取り得	3
取り鍋	0
取り入る	0
取り入れ	0
取り入れる	4
取り入れ口	4
取り箸	2
取り付かれる	0
取り付く	0
取り付け	0
取り付ける	4
取り付け騒ぎ	5
取り払い	0
取り払う	4
取り分	2
取り分け	0
取り分けて	0
取り分ける	0
取り粉	3
取り紛れる	5
取り柄	3
取り片付ける	6
取り返し	0
取り返す	3
取り崩す	4
取り放題	3
取り方	4
取り木	0
取り戻す	4
取り抑える	5
取り落とす	4
取り乱す	4
取り離す	0
取り立て	0
取り立てて	0
取り立てる	4
取り立て金	0
取り留める	0
取り零す	4
取り毀し	0
取り毀す	4
取り憑かれる	0
取り拉ぐ	0
取り籠める	0
取り縋る	0
取る	1
取れたて	0
取れる	2
取れ立て	0
取扱	0
取扱い	0
取扱い所	0
取扱う	0
取扱人	0
取扱注意	7
取囲む	0
取違え	0
取違える	0
取引	2
取引き	2
取引高	4
取引所	0
取引先	0
取運ぶ	0
取越し苦労	5
取越苦労	5
取押える	5
取下げ	0
取下げる	4
取下ろす	0
取回し	0
取回す	4
取壊し	0
取壊す	4
取廻し	0
取外し	0
取外す	0
取掛る	4
取巻き	0
取巻く	3
取換える	0
取換る	0
取敢えず	3
取寄せる	0
取急ぎ	0
取急ぐ	0
取去る	0
取極め	0
取極める	0
取継ぐ	0
取計らい	0
取計らう	5
取決	0
取決め	0
取決める	0
取結ぶ	4
取交わす	4
取口	2
取広げる	0
取合い	0
取合う	3
取合わせる	5
取込み	0
取込み詐欺	5
取込む	0
取込詐欺	5
取混ぜる	4
取沙汰	0
取材	0
取材班	2
取札	2
取殺す	0
取捌く	4
取皿	2
取散らかる	0
取散らす	4
取残し	0
取残す	4
取仕切る	4
取止め	0
取止める	4
取持ち	0
取持つ	3
取次	0
取次ぎ	0
取次ぐ	0
取次店	4
取捨	1
取捨てる	0
取捨選択	1
取取り	2
取手	3
取集める	5
取出す	3
取出口	4
取所	3
取除く	0
取消	0
取消し	0
取消す	0
取上げ	0
取上げる	0
取尽くす	4
取水	0
取水口	2
取澄ます	4
取成す	3
取切る	0
取前	2
取繕う	5
取組	0
取組み	0
取組む	3
取揃える	5
取損なう	5
取舵	0
取替	0
取替える	0
取調	0
取調べ	0
取調べる	5
取直し	0
取直す	4
取鎮める	0
取締	0
取締まり	0
取締まる	4
取締り	0
取締法	0
取締役	0
取締役会	7
取的	0
取纏める	5
取逃す	4
取得	0
取得原価	4
取入る	0
取入れ	0
取入れる	4
取入れ口	4
取入口	4
取瓶	0
取付	0
取付かれる	0
取付く	3
取付け	0
取付ける	4
取払い	0
取払う	4
取分	2
取分けて	0
取分ける	0
取粉	3
取紛れる	5
取柄	3
取片付ける	6
取返し	0
取返す	3
取崩す	4
取放題	3
取方	4
取木	0
取戻す	4
取抑える	5
取落とす	4
取乱す	4
取離す	0
取立て	0
取立てて	0
取立てる	4
取立て金	0
取立金	0
取留める	0
取零す	4
取毀し	0
取毀す	4
取拉ぐ	4
取籠める	4
取縋る	4
守	1
守り	3
守り札	3
守り神	3
守り袋	4
守り刀	4
守り抜く	4
守り本尊	4
守り立てる	4
守る	2
守衛	0
守株	1
守宮	1
守旧	0
守護	1
守護神	2
守護聖人	3
守護代	2
守護大名	3
守公	2
守勢	0
守成	0
守戦	0
守銭奴	2
守秘義務	3
守備	1
守備隊	0
守備兵	2
守兵	0
守役	2
手	1
手々	1
手あぶり	2
手いっぱい	2
手おち	3
手おの	0
手かご	1
手かせ	1
手がかり	2
手がける	3
手ぎわ	0
手ぐすねひく	2
手ぐすね引く	2
手こずる	3
手ごたえ	2
手ごろ	0
手ごわい	3
手さぐり	2
手ざわり	2
手じまい	2
手すき	0
手すり	3
手ずから	1
手ずれ	0
手だて	1
手っ甲	3
手っ取り早い	6
手つかず	2
手つき	1
手つだい	3
手つだう	3
手づかみ	2
手づくり	2
手づよい	3
手なし	3
手なずける	4
手なべ	0
手に手に	1
手ぬぐい	0
手のひら	2
手の甲	1
手の者	1
手の内	1
手の腹	1
手の物	1
手の平	1
手はず	1
手ばやい	3
手びねり	2
手ぶくろ	2
手ぶら	0
手ぶれ	0
手ほどき	2
手まね	1
手まねき	2
手まめ	1
手まり	0
手もと	3
手もなく	1
手も無く	1
手ん棒	0
手暗がり	3
手慰み	2
手萎	1
手違い	2
手一杯	2
手引	1
手引き	1
手引き書	0
手引書	0
手淫	0
手羽	1
手羽先	0
手延べ	0
手塩	0
手塩皿	3
手応え	2
手押し	0
手押し車	4
手桶	0
手下	3
手加減	2
手荷物	2
手解き	2
手回し	2
手回しオルガン	5
手回り	2
手回り品	0
手懐ける	4
手械	0
手掛かり	2
手掛け	3
手掛ける	3
手掛り	2
手活け	0
手巻	0
手巻き	0
手慣し	2
手慣らし	2
手慣れる	3
手管	1
手簡	0
手緩い	3
手翰	0
手鑑	2
手間	2
手間どる	3
手間ひま	2
手間暇	2
手間隙	2
手間仕事	3
手間取る	3
手間賃	2
手奇麗	2
手旗	0
手旗信号	4
手機	1
手記	1
手技	1
手鞠	0
手詰まり	2
手詰め	0
手詰り	2
手脚	0
手許	3
手許金	0
手強い	3
手狭	0
手鏡	2
手業	3
手玉	0
手巾	0
手筋	1
手近	0
手近か	0
手金	0
手駒	0
手空き	3
手繰り	0
手繰り寄せる	5
手繰り込む	4
手繰る	2
手型千鳥	4
手形	0
手形割引	4
手形交換所	0
手形千鳥	4
手軽	0
手頚	1
手芸	0
手隙	0
手堅い	3
手懸かり	2
手懸け	3
手懸り	2
手元	3
手元金	0
手元流動性	6
手厳しい	4
手古摺る	3
手後れ	2
手交	0
手厚い	0
手口	1
手向かい	2
手向かう	3
手向け	3
手向ける	3
手垢	3
手工	0
手工業	2
手工芸	2
手広い	3
手控え	2
手控える	4
手甲	3
手稿	0
手綱	0
手綱さばき	4
手綱捌き	4
手荒	0
手荒い	0
手合	0
手合い	0
手合わせ	2
手酷い	3
手漉	0
手漉き	0
手骨	0
手込め	3
手頃	0
手根骨	2
手妻	1
手妻人形	4
手細工	2
手際	0
手作り	2
手作業	2
手冊	0
手刷り	3
手擦れ	0
手擦れる	3
手札	0
手札型	0
手札判	0
手捌き	2
手仕事	2
手仕舞	2
手仕舞い	2
手始め	2
手子摺る	3
手指	1
手紙	0
手紙文	0
手飼い	0
手事	1
手持	3
手持ち	3
手持ちぶさた	4
手持ち品	0
手持ち無沙汰	4
手持無沙汰	4
手写	1
手車	2
手酌	0
手弱女	0
手取り	3
手手	1
手首	1
手習	2
手習い	2
手出し	1
手術	1
手術室	3
手順	0
手書	1
手書き	0
手助け	2
手傷	1
手抄	0
手招き	2
手招く	3
手掌	0
手焼き	0
手杖	0
手錠	0
手拭	3
手拭い	0
手拭き	3
手植え	3
手燭	0
手織	0
手織り	0
手織り機	3
手織機	3
手職	0
手触り	2
手心	2
手振り	1
手振れ	0
手真似	1
手吹き	3
手水	1
手水舎	3
手水鉢	3
手数	2
手数入り	0
手数料	2
手摺	3
手摺り	3
手勢	0
手生け	0
手盛り	3
手製	0
手跡	0
手蹟	0
手切れ	0
手切れ金	0
手折る	2
手先	3
手洗	2
手洗い	2
手洗い鉢	3
手前	0
手前ども	4
手前共	4
手前勝手	4
手前定規	4
手前味噌	4
手早い	3
手相	2
手相見	2
手相術	2
手造り	2
手捉み	2
手足	1
手足れ	3
手足口病	0
手続	2
手続き	2
手続き型言語	7
手続き形言語	7
手続き法	4
手続法	4
手打ち	3
手打ちそば	4
手打ち蕎麦	4
手打ち式	3
手打蕎麦	4
手袋	2
手代	0
手沢	0
手沢本	0
手探り	2
手短	0
手短い	4
手段	1
手談	1
手遅れ	2
手中	0
手忠実	1
手帖	0
手帳	0
手張り	0
手長	0
手長猿	4
手長蝦	3
手長海老	3
手長蛸	4
手直し	2
手痛い	3
手掴み	2
手釣	0
手釣り	0
手堤	3
手堤げ	3
手提	3
手提げ	3
手提げ鞄	4
手提げ金庫	4
手提げ袋	4
手提金庫	4
手纏	1
手伝い	3
手伝う	3
手渡し	2
手渡す	3
手土産	2
手刀	0
手投げ弾	3
手投弾	3
手当	1
手当たり次第	5
手当て	1
手答え	2
手討ち	3
手透き	0
手動	0
手内職	2
手鍋	0
手馴し	2
手馴らし	2
手馴れる	3
手入らず	2
手入れ	3
手捻り	2
手牌	0
手配	1
手配り	2
手配師	2
手拍子	2
手薄	0
手箱	1
手筈	1
手八丁	2
手八丁口八丁	2
手抜かり	2
手抜き	3
手番	2
手鼻	0
手描	0
手描き	0
手品	1
手品師	3
手不足	2
手付	3
手付かず	2
手付き	1
手付け	3
手付け金	0
手付金	0
手斧	3
手負い	0
手風琴	2
手分け	3
手文庫	2
手兵	0
手柄	3
手柄顔	0
手柄話	4
手並	1
手並み	1
手癖	3
手偏	0
手編み	0
手弁当	2
手捕り	3
手放し	2
手放す	3
手法	0
手縫い	0
手棒	0
手本	2
手摩れる	3
手枕	2
手蔓	1
手蔓藻蔓	4
手蔓縺	4
手無し	3
手明き	3
手役	0
手薬煉引く	2
手薬練引く	2
手遊び	2
手踊り	2
手落ち	3
手利き	3
手裏剣	0
手離れ	2
手立て	1
手料理	2
手礼	0
手練	1
手練れ	3
手練手管	4
手篭	1
手話	1
手話法	0
手腕	1
手腕か	0
手腕家	0
手枷	1
手枷足枷	1
手桎	1
手梏	1
手榴弾	2
手毬	0
手毬花	3
手焙り	2
手箒	2
手籠	0
手籠め	3
手綺麗	2
手繦	0
手鉤	0
手頸	1
朱	0
朱い	0
朱印	0
朱印状	0
朱印船	0
朱顔	0
朱鷺	1
朱子学	2
朱儒	1
朱書	1
朱書き	0
朱鞘	0
朱色	0
朱唇	0
朱唇皓歯	4
朱雀	1
朱珍	0
朱泥	0
朱点	0
朱塗	0
朱塗り	0
朱肉	0
朱筆	0
朱文金	2
朱墨	0
朱盆	0
朱門	0
朱嘴鸛	3
殊に	1
殊の外	0
殊の他	0
殊遇	0
殊勲	2
殊勲賞	2
殊功	0
殊更	0
殊勝	0
狩	1
狩り	1
狩り込み	0
狩り集める	5
狩り出す	3
狩り小屋	0
狩り場	0
狩り立てる	4
狩る	1
狩衣	0
狩集める	5
狩出す	3
狩場	0
狩人	2
狩猟	0
狩猟期	2
狩猟豹	2
狩猟免許	4
珠	2
珠芽	1
珠貝	2
珠玉	0
珠鶏	0
珠算	0
珠心	0
珠数	2
珠暖簾	3
種	1
種々	1
種々雑多	1
種々相	2
種あかし	3
種なし	0
種なし西瓜	5
種まき	2
種違い	3
種芋	0
種牡馬	2
種下ろし	3
種火	2
種概念	2
種間雑種	4
種牛	0
種菌	0
種芸	0
種差	1
種子	1
種子植物	4
種子島	3
種紙	0
種蒔	2
種蒔き	2
種取り	2
種種	1
種種雑多	1
種種相	2
種姓	1
種切れ	0
種族	1
種畜	0
種漬花	4
種痘	0
種馬	0
種板	0
種皮	1
種苗	0
種付け	0
種付花	4
種物	2
種別	0
種変わり	3
種本	0
種無し	0
種無し西瓜	5
種名	0
種明かし	3
種目	0
種籾	2
種油	3
種類	1
腫らす	0
腫れ	0
腫れぼったい	5
腫れる	0
腫れ上がる	4
腫れ物	0
腫大	0
腫脹	0
腫物	1
腫瘍	0
腫瘍壊死因子	6
腫瘤	0
趣	0
趣き	0
趣く	3
趣意	1
趣意書	2
趣向	0
趣旨	1
趣味	1
酒	0
酒かす	0
酒さ	1
酒やけ	0
酒飲み	3
酒宴	0
酒屋	0
酒家	1
酒器	1
酒旗	0
酒機嫌	3
酒気	1
酒気帯び運転	5
酒客	0
酒興	0
酒好き	0
酒豪	0
酒肴	0
酒手	0
酒臭い	4
酒処	3
酒焼け	0
酒場	0
酒蒸	0
酒蒸し	0
酒色	0
酒食	0
酒食らい	3
酒浸し	3
酒浸り	0
酒盛	0
酒盛り	0
酒精	0
酒税	1
酒席	0
酒石	0
酒石酸	0
酒仙	0
酒倉	0
酒槽	0
酒糟	0
酒蔵	0
酒造	0
酒造り	3
酒造家	0
酒息	0
酒太り	3
酒代	0
酒樽	0
酒断ち	4
酒池肉林	1
酒虫	0
酒壷	0
酒店	0
酒徒	1
酒盗	0
酒毒	1
酒呑	3
酒呑み	3
酒杯	0
酒盃	0
酒粕	0
酒販	0
酒瓶	0
酒米	0
酒癖	0
酒保	1
酒母	1
酒名	0
酒乱	0
酒量	0
酒類	1
酒楼	0
酒壺	0
酒甕	0
酒肆	1
酒饌	0
首	0
首くくり	0
首すじ	0
首ったけ	0
首っ引き	0
首っ玉	4
首っ丈	0
首つり	0
首まき	0
首位	1
首回り	3
首魁	0
首巻	0
首巻き	0
首記	1
首級	0
首筋	0
首肯	0
首肯く	3
首根っこ	3
首座	1
首斬り	0
首紙	2
首実検	3
首実験	3
首狩り	0
首唱	0
首唱者	2
首将	0
首飾り	3
首席	0
首石	2
首切り	0
首切り台	0
首鼠	1
首鼠両端	1
首相	0
首相官邸	0
首相指名	0
首足	1
首陀羅	2
首題	0
首長	2
首長国	2
首長竜	4
首塚	0
首吊り	0
首途	1
首都	1
首都圏	2
首投げ	0
首捻り	3
首脳	0
首脳会議	4
首脳会談	4
首脳者	2
首脳部	2
首班	0
首尾	1
首尾よく	1
首尾一貫	1
首尾良く	1
首府	1
首謀	0
首謀者	2
首領	0
首輪	0
首枷	0
首縊り	0
儒家	1
儒家神道	3
儒学	1
儒官	1
儒教	1
儒艮	1
儒者	1
儒生	1
儒道	1
儒仏	1
儒良	1
受	1
受かる	2
受く	0
受け	2
受けいれる	4
受けつぐ	0
受けつける	4
受けとめる	4
受けとる	0
受ける	2
受け継ぐ	0
受け口	2
受け合う	3
受け腰	2
受け皿	2
受け止める	4
受け賜る	5
受け持ち	0
受け持つ	3
受け取	0
受け取り	0
受け取る	0
受け手	3
受け出す	3
受け身	0
受け人	0
受け太刀	0
受け渡し	0
受け答え	0
受け入れ	0
受け入れる	0
受け売り	0
受け箱	2
受け付	0
受け付け	0
受け付ける	4
受け払い	0
受け戻し	0
受け戻す	4
受け容れる	0
受け流す	4
受け壺	2
受益	0
受益者	3
受益証券	4
受花	2
受戒	0
受給	0
受刑	0
受刑者	2
受検	0
受験	0
受験者	2
受験生	2
受験票	0
受験料	2
受口	2
受講	0
受皿	2
受持	0
受持ち	0
受取	0
受取り	0
受取る	0
受取勘定	5
受取手形	5
受取書	0
受取証書	5
受取人	0
受章	0
受賞	0
受賞式	2
受賞者	2
受嘱	0
受信	0
受信器	2
受信機	2
受信者	2
受信人	0
受信料	2
受診	0
受身	0
受精	0
受精卵	2
受洗	0
受像	0
受像機	2
受贈	0
受胎	0
受胎告知	4
受胎調節	4
受託	0
受託者	3
受託収賄罪	6
受託販売	4
受諾	0
受注	0
受註	0
受電	0
受渡し	0
受動	0
受動喫煙	4
受動素子	4
受動態	0
受動的	0
受動免疫	4
受難	0
受難曲	2
受難劇	2
受難週	2
受肉	0
受入	0
受入れ	0
受入れる	0
受任	0
受納	0
受売り	0
受付	0
受付け	0
受付ける	4
受払い	0
受粉	0
受容	0
受容れる	0
受容器	2
受容者	2
受理	1
受療	0
受領	0
受話	1
受話器	2
受壺	2
呪	1
呪い	0
呪う	2
呪わしい	4
呪禁	0
呪言	0
呪術	1
呪縛	0
呪符	1
呪物	1
呪物崇拝	1
呪文	0
呪法	0
呪力	1
呪咀	1
呪詛	1
寿	2
寿く	3
寿ぐ	3
寿永	0
寿賀	1
寿甘	0
寿喜焼	0
寿司	2
寿司屋	2
寿司詰め	0
寿司飯	2
寿星桃	2
寿像	0
寿盃	0
寿福	1
寿命	0
寿齢	0
寿老人	2
授かりもの	0
授かり物	0
授かる	3
授ける	3
授戒	0
授記	1
授業	1
授業料	2
授権	0
授産	0
授産所	0
授爵	0
授受	1
授章	0
授賞	0
授賞式	2
授精	0
授乳	0
授乳期	2
授与	1
授与式	2
樹	1
樹医	1
樹蔭	0
樹陰	0
樹雨	0
樹影	0
樹液	0
樹下	1
樹海	0
樹冠	0
樹幹	0
樹間	0
樹形	0
樹芸	0
樹脂	1
樹脂加工	3
樹梢	0
樹上	0
樹状突起	4
樹皮	1
樹氷	0
樹蜂	1
樹木	1
樹木医	3
樹木崇拝	1
樹立	0
樹林	0
樹齢	0
樹懶	0
樹杪	0
綬	1
綬章	0
需給	0
需品	0
需用	0
需要	0
需要者	2
囚われ	4
囚われる	4
囚衣	1
囚獄	0
囚人	0
囚人のジレンマ	7
囚徒	1
囚役	0
収まり	0
収まる	3
収む	2
収める	3
収れん	0
収益	0
収獲	0
収穫	0
収穫祭	4
収穫物	4
収監	0
収監状	3
収去	1
収金	0
収骨	0
収差	1
収載	0
収支	1
収受	1
収拾	0
収集	0
収集家	0
収集癖	3
収縮	0
収縮胞	4
収税	0
収税吏	3
収蔵	0
収蔵庫	3
収束	0
収奪	0
収着	0
収得	0
収入	0
収入印紙	5
収入関税	5
収入源	3
収入役	0
収納	0
収納家具	5
収容	0
収容所	0
収用	0
収覧	0
収率	0
収量	3
収録	0
収賄	0
収賄罪	3
収攬	0
収斂	0
収斂剤	3
周	1
周く	3
周り	0
周囲	1
周易	0
周縁	0
周回	0
周忌	1
周期	1
周期性	0
周期的	0
周期表	0
周期律	3
周極星	4
周航	0
周産期	3
周尺	0
周章	0
周章てる	0
周章狼狽	0
周旋	0
周旋屋	0
周旋人	0
周旋料	3
周知	1
周天	0
周転円	3
周到	0
周年	0
周波	1
周波数	3
周波数変調	6
周壁	0
周辺	0
周辺装置	5
周密	0
周遊	0
周遊券	3
周覧	0
周流	0
宗	1
宗家	1
宗学	0
宗規	1
宗義	1
宗教	1
宗教々育	5
宗教音楽	5
宗教家	0
宗教画	0
宗教改革	5
宗教学	3
宗教騎士団	6
宗教教育	5
宗教劇	3
宗教裁判	5
宗教史	3
宗教心	3
宗教戦争	5
宗教団体	5
宗教哲学	6
宗教都市	5
宗教法人	5
宗旨	1
宗主	1
宗主権	3
宗主国	3
宗匠	1
宗祖	1
宗族	1
宗太鰹	4
宗徒	1
宗派	1
宗廟	0
宗法	1
宗務	1
宗門	0
宗門改	5
宗門改め	5
宗論	0
就いて	1
就いては	1
就きましては	3
就く	1
就ける	2
就学	0
就学義務	5
就学児童	5
就学生	4
就学率	4
就業	0
就業規則	5
就業時間	5
就業人口	5
就航	0
就床	0
就職	0
就職口	4
就職先	0
就職難	4
就寝	0
就中	0
就任	0
就任式	3
就縛	0
就眠	0
就役	0
就労	0
州	1
州外	1
州境	0
州俗	1
州都	1
州内	1
州浜	0
州浜草	0
州兵	0
州法	1
修する	3
修まる	3
修む	2
修める	3
修営	0
修改	0
修学	0
修学旅行	5
修業	0
修験者	2
修験道	2
修交	0
修好	0
修好条約	5
修行	0
修行者	2
修史	1
修士	1
修士課程	4
修辞	0
修辞学	3
修辞法	0
修習	0
修熟	0
修飾	0
修飾語	0
修身	1
修成	0
修整	0
修正	0
修正案	3
修正資本主義	8
修正主義	5
修正予算	5
修撰	0
修善	0
修繕	0
修繕費	3
修造	0
修築	0
修訂	0
修道	0
修道院	3
修道会	3
修道士	3
修道女	3
修道僧	3
修得	0
修復	0
修覆	0
修補	1
修法	0
修養	0
修羅	1
修羅場	0
修羅道	2
修理	1
修了	0
修練	1
修錬	1
修論	0
修惑	0
修祓	0
愁い	3
愁い顔	0
愁える	3
愁傷	0
愁色	0
愁然	0
愁訴	1
愁嘆	0
愁嘆場	0
愁歎	0
愁眉	1
拾	1
拾いもの	0
拾い屋	0
拾い主	2
拾い出す	4
拾い上げる	5
拾い読み	0
拾い物	0
拾い歩き	4
拾う	0
拾遺	1
拾得	0
拾得物	4
洲	1
洲走	2
洲浜	0
秀	1
秀つ枝	0
秀でる	3
秀逸	0
秀歌	1
秀吟	0
秀句	1
秀才	0
秀作	0
秀抜	0
秀麗	0
秋	1
秋の空	1
秋の七草	1
秋の蝉	1
秋の扇	1
秋の暮れ	1
秋の野芥子	1
秋めく	3
秋茜	3
秋鯵	2
秋袷	3
秋意	1
秋雨	0
秋雨前線	5
秋茄子	1
秋海棠	3
秋寒	0
秋官	0
秋期	1
秋気	1
秋季	1
秋季皇霊祭	1
秋興	0
秋空	3
秋月	1
秋口	2
秋耕	1
秋沙	1
秋祭り	3
秋作	0
秋桜	3
秋鯖	2
秋蚕	0
秋思	1
秋蒔き	0
秋出水	3
秋暑	1
秋場所	0
秋色	0
秋水	0
秋晴	0
秋晴れ	0
秋声	0
秋雪	0
秋蝉	1
秋扇	1
秋草	0
秋霜	0
秋霜烈日	0
秋津島	3
秋田犬	3
秋田県	0
秋刀魚	0
秋唐松	4
秋日	0
秋日和	3
秋波	1
秋風	2
秋分	0
秋分の日	6
秋分点	3
秋味	2
秋明菊	3
秋落ち	0
秋涼	0
秋冷	0
秋簾	3
秋楡	2
秋茱萸	0
秋霖	0
秋霖前線	5
終	0
終い	0
終う	0
終える	0
終えん	0
終ぞ	1
終に	1
終り	0
終り値	3
終る	0
終わり	0
終わり値	3
終わる	0
終バス	0
終映	0
終演	0
終刊	0
終期	1
終業	0
終業時間	5
終業式	3
終局	0
終曲	0
終極	0
終劇	0
終決	0
終結	0
終始	1
終始一貫	1
終止	1
終止形	0
終止符	3
終車	0
終助	1
終助詞	3
終宵	0
終章	0
終審	0
終身	0
終身官	3
終身刑	3
終身雇用	5
終身年金	5
終身保険	5
終世	1
終生	1
終戦	0
終戦後	0
終息	0
終端	0
終値	3
終着	0
終着駅	4
終点	0
終電	0
終電車	3
終日	0
終脳	0
終発	0
終板	0
終盤	0
終盤戦	0
終筆	0
終幕	0
終末	0
終末医療	5
終末論	4
終夜	1
終夜灯	0
終油	0
終油礼	3
終了	0
終礼	0
終列車	3
終焉	0
終熄	0
習い	2
習い事	0
習う	2
習わし	0
習わす	3
習慣	0
習慣性	0
習合	0
習合神道	5
習作	0
習字	0
習習	1
習熟	0
習性	0
習俗	1
習得	0
習得観念	5
習癖	0
習練	1
臭い	2
臭う	2
臭み	3
臭化	0
臭化カリウム	5
臭化銀	3
臭化水素	4
臭化物	3
臭覚	0
臭気	1
臭亀	3
臭橘	0
臭細胞	3
臭跡	0
臭腺	0
臭素	1
臭素紙	3
臭味	3
臭木	0
舟	1
舟唄	2
舟運	0
舟歌	2
舟脚	0
舟形	0
舟券	0
舟航	0
舟行	0
舟状	0
舟人	2
舟盛り	2
舟足	0
舟大工	3
舟棚	0
舟着き場	0
舟着場	0
舟底	0
舟艇	0
舟腹	0
舟偏	0
舟遊び	3
蒐集	0
蒐集癖	3
衆	1
衆意	1
衆院	0
衆寡	1
衆議	1
衆議院	3
衆議院議員	6
衆愚	1
衆愚政治	4
衆庶	1
衆人	0
衆人環視	0
衆生	0
衆生済度	4
衆説	0
衆俗	0
衆多	1
衆知	1
衆智	1
衆徒	0
衆道	0
衆評	0
衆望	0
衆目	0
衆論	0
襲	0
襲いかかる	5
襲い掛かる	5
襲い掛る	5
襲う	0
襲の色目	7
襲衣	1
襲撃	0
襲爵	0
襲歩	1
襲名	0
襲名披露	5
襲用	0
襲来	0
襲雷	0
讐	2
蹴っ飛ばす	4
蹴とばす	0
蹴り	2
蹴りあげる	4
蹴りだす	3
蹴り込む	3
蹴り出す	3
蹴り上げる	4
蹴り返す	3
蹴る	1
蹴鞠	0
蹴球	0
蹴合い	0
蹴込み	0
蹴込む	2
蹴散らす	0
蹴手繰り	0
蹴出す	0
蹴上	0
蹴上がり	0
蹴上げ	0
蹴上げる	3
蹴爪	0
蹴倒す	3
蹴破る	3
蹴飛ばす	0
蹴返し	0
蹴返す	0
蹴放し	0
蹴放す	0
蹴落す	3
蹴落とす	3
蹴立てる	3
蹴躓く	4
週	1
週あけ	0
週案	0
週刊	0
週刊紙	3
週刊誌	3
週間	0
週休	0
週休二日制	0
週給	0
週内	1
週日	0
週番	0
週報	0
週末	0
週明け	0
酋長	1
酬い	3
酬いる	3
酬う	2
集	1
集い	2
集う	2
集まり	3
集まる	3
集め	0
集める	3
集り	3
集る	0
集印	0
集印帖	3
集英	0
集音機	3
集荷	0
集貨	1
集会	0
集塊	0
集客	0
集魚灯	0
集金	0
集計	0
集結	0
集権	0
集光	0
集光器	3
集合	0
集合フェロモン	5
集合住宅	5
集合体	0
集合的無意識	8
集合犯	3
集合名詞	5
集合論	3
集札	0
集札係	5
集散	0
集散花序	5
集散主義	5
集散地	3
集産主義	5
集輯	0
集住	0
集塵	0
集成	0
集積	0
集積回路	5
集積点	4
集束	0
集村	0
集大成	3
集団	0
集団安全保障	9
集団意識	5
集団遺伝学	6
集団検診	5
集団就職	5
集団訴訟	5
集団的自衛権	8
集団農場	5
集団犯	3
集団力学	6
集中	0
集中攻撃	5
集中豪雨	5
集中治療室	6
集中神経系	0
集中的	0
集中砲火	5
集中力	3
集注	0
集註	0
集電装置	5
集配	0
集配人	0
集票	0
集約	0
集約農業	5
集落	0
集録	0
醜	1
醜い	3
醜悪	0
醜怪	0
醜業	0
醜業婦	3
醜行	0
醜女	1
醜状	0
醜態	0
醜男	2
醜聞	0
醜貌	0
醜名	0
醜類	1
什一	0
什器	1
什物	0
什宝	0
住	1
住い	1
住う	2
住する	3
住まい	1
住まう	2
住みか	1
住みつく	3
住みにくい	4
住み家	1
住み慣れる	4
住み荒らす	0
住み込み	0
住み込む	3
住み処	1
住み心地	0
住み替える	0
住み着く	0
住み馴れる	4
住み難い	4
住み分け	0
住む	1
住家	0
住環境	3
住居	1
住居侵入罪	1
住居跡	4
住居費	3
住居表示	4
住血吸虫	5
住戸	1
住劫	0
住持	1
住処	1
住所	1
住所録	3
住職	1
住人	0
住専	1
住僧	0
住宅	0
住宅ローン	5
住宅街	4
住宅手当	5
住宅地	3
住宅難	4
住着く	0
住民	0
住民運動	5
住民監査請求	8
住民基本台帳	8
住民税	3
住民登録	5
住民投票	5
住民票	0
充たす	2
充ちる	2
充つ	1
充てがう	0
充てる	0
充溢	0
充員	0
充血	0
充塞	0
充実	0
充足	0
充足理由律	6
充填	0
充填剤	3
充電	0
充電器	3
充当	0
充備	1
充満	0
充満る	4
充用	0
十	1
十悪	0
十一	4
十一月	6
十一面観音	7
十王	3
十億	0
十回	0
十戒	0
十界	0
十干	0
十脚目	4
十月	4
十月革命	5
十月十日	1
十五	1
十五日	1
十五夜	0
十号	0
十才	0
十歳	0
十三	1
十三仏	3
十三夜	3
十四	1
十姉妹	3
十指	0
十死一生	1
十字	1
十字架	0
十字火	3
十字街	3
十字軍	3
十字形	0
十字砲火	4
十字路	3
十七殿	4
十手	0
十種競技	4
十重	1
十重二十重	1
十進	0
十進分類法	0
十進法	0
十人十色	1
十人並	0
十人並み	0
十寸鏡	3
十善	0
十全	0
十代	1
十大弟子	3
十地	1
十中八九	5
十哲	0
十二	3
十二因縁	4
十二宮	3
十二経	3
十二月	5
十二使徒	4
十二指腸	4
十二指腸虫	5
十二指腸潰瘍	7
十二支	3
十二神将	4
十二単	5
十二直	3
十二天	3
十二分	0
十二門	3
十二律	3
十日	0
十日の菊	0
十日戎	4
十日夜	3
十如是	3
十年	1
十年一日	1
十能	3
十把ひとからげ	6
十把一からげ	6
十把一絡	2
十把一絡げ	1
十八禁	0
十八金	0
十八檀林	5
十八番	0
十八羅漢	5
十分	3
十分の一税	7
十分条件	5
十文字	0
十方	3
十方世界	5
十枚目	5
十万	0
十万億土	5
十目	0
十夜	1
十薬	0
十両	3
十露盤	0
十六	4
十六進法	5
十六夜	0
十六羅漢	5
十腕類	3
十刹	0
十誡	0
従	1
従い	0
従う	0
従える	0
従って	0
従因	0
従価税	3
従業	0
従業員	3
従軍	0
従軍慰安婦	6
従軍記者	5
従兄	0
従兄弟	2
従兄弟違い	4
従兄弟煮	0
従兄弟半	4
従姉	1
従姉妹	2
従事	1
従者	1
従順	0
従節	0
従前	0
従祖父	1
従属	0
従属国	4
従属節	4
従属変数	5
従卒	0
従弟	0
従的	0
従犯	0
従物	1
従僕	0
従妹	0
従容	0
従来	1
従量税	3
戎	1
戎講	0
戎克	1
柔	1
柔い	2
柔かい	4
柔ら	0
柔らか	3
柔らかい	4
柔らかみ	0
柔らか目	0
柔細胞	3
柔弱	0
柔術	0
柔順	0
柔組織	3
柔道	1
柔道征服師	1
柔道整復師	1
柔道整復術	1
柔道着	3
柔軟	0
柔軟性	0
柔軟体操	5
柔肌	0
柔毛	0
柔和	0
柔婉	0
汁	1
汁液	1
汁気	3
汁物	0
汁粉	0
汁粉屋	0
汁椀	0
渋	2
渋々	1
渋い	2
渋り腹	0
渋る	2
渋柿	2
渋紙	0
渋渋	1
渋色	0
渋滞	0
渋団扇	4
渋茶	0
渋抜き	0
渋皮	0
渋味	3
渋面	0
獣	0
獣医	1
獣医師	3
獣姦	0
獣行	0
獣脂	1
獣心	0
獣人	0
獣性	0
獣帯	0
獣炭	0
獣的	0
獣道	3
獣鍋	0
獣肉	0
獣皮	1
獣偏	0
獣毛	0
獣慾	0
獣欲	0
獣類	1
縦	1
縦し	1
縦しや	1
縦しんば	2
縦じま	0
縦びき	0
縦んば	2
縦横	3
縦横無尽	3
縦横無礙	5
縦隔	0
縦割り	0
縦貫	0
縦型	0
縦穴	0
縦結び	3
縦坑	0
縦四方固	6
縦四方固め	6
縦糸	0
縦軸	0
縦縞	0
縦射	1
縦社会	3
縦書	0
縦書き	0
縦陣	0
縦線	0
縦組み	0
縦走	0
縦続	0
縦隊	0
縦断	0
縦長	0
縦笛	0
縦波	0
縦挽き	0
縦樋	2
縦棒	0
縦堀	0
縦揺れ	0
縦覧	0
縦列	0
重	1
重々	0
重々しい	5
重あど	0
重い	0
重き	3
重さ	0
重し	0
重たい	0
重なり	0
重なり合う	5
重なる	0
重ね	0
重ねて	0
重ねる	0
重ね継ぎ手	4
重ね言葉	4
重ね合せの原理	8
重ね合わせの原理	8
重ね詞	4
重ね重ね	4
重ね着	0
重ね餅	3
重み	0
重め	0
重り	0
重る	3
重んじる	4
重んずる	4
重クロム酸	0
重クロム酸カリウム	9
重クロム酸ナトリウム	10
重圧	0
重囲	1
重嬰記号	5
重液	1
重縁	0
重恩	0
重加算税	4
重科	1
重火器	3
重荷	0
重灰	0
重患	0
重器	1
重機	1
重機関銃	4
重詰	0
重詰め	0
重金主義	5
重金属	3
重苦	1
重苦しい	5
重刑	0
重慶政府	5
重軽傷	3
重言	0
重言葉	4
重厚	0
重工業	3
重合	0
重合体	0
重刻	0
重国籍	3
重婚	0
重罪	0
重殺	0
重視	1
重詞	4
重手	0
重重	0
重重しい	5
重出	0
重巡	0
重巡洋艦	0
重傷	0
重傷者	3
重商主義	5
重唱	0
重晶石	3
重症	0
重症筋無力症	0
重症者	3
重賞	0
重賞レース	5
重畳	0
重職	0
重心	0
重臣	0
重吹く	2
重水	0
重水素	3
重水炉	3
重星	0
重税	0
重石	0
重積	0
重積分	3
重責	0
重説	0
重奏	0
重層	0
重層信仰	5
重層的	0
重曹	0
重体	0
重態	0
重代	1
重大	0
重大視	3
重大性	0
重炭酸ソーダ	7
重鎮	0
重点	0
重点主義	5
重点的	0
重電	0
重電機	3
重電気	3
重度	1
重盗	0
重湯	0
重篤	0
重任	0
重農主義	5
重馬場	0
重爆	0
重爆撃機	5
重箱	0
重箱読	0
重箱読み	0
重罰	0
重版	0
重犯	0
重病	0
重病人	0
重複	0
重文	0
重変	0
重変記号	5
重母音	3
重宝	1
重宝がる	5
重砲	1
重味	0
重目	0
重役	0
重訳	0
重油	0
重用	0
重要	0
重要参考人	0
重要視	3
重要性	0
重要文化財	7
重要無形文化財	10
重陽	0
重陽子	3
重利	1
重立った	3
重立つ	3
重粒子	3
重量	3
重量トン	3
重量感	3
重量挙げ	0
重量上げ	0
重量噸数	7
重量分析	5
重力	1
重力ダム	5
重力レンズ	5
重力加速度	7
重力計	0
重力質量	5
重力場	0
重力相互作用	1
重力波	4
重力崩壊	5
重労働	3
重屏禁	3
重祚	1
銃	1
銃架	1
銃火	1
銃丸	0
銃眼	0
銃器	1
銃刑	0
銃撃	0
銃撃戦	0
銃剣	0
銃剣術	3
銃後	1
銃口	0
銃座	0
銃殺	0
銃傷	0
銃床	0
銃身	0
銃声	0
銃創	0
銃弾	0
銃刀法	3
銃把	1
銃砲	0
銃猟	0
叔父	0
叔父さん	0
叔父貴	0
叔父御	0
叔母	0
叔母さん	0
夙	1
夙に	2
夙志	2
夙成	0
夙夜	2
宿	1
宿す	2
宿り	3
宿り木	3
宿る	2
宿悪	0
宿意	1
宿引き	2
宿運	0
宿営	0
宿駅	0
宿怨	0
宿縁	0
宿屋	0
宿下がり	3
宿学	0
宿願	0
宿業	0
宿恨	0
宿根草	0
宿志	2
宿舎	2
宿借	0
宿借り	0
宿主	2
宿所	2
宿将	0
宿場	0
宿場町	3
宿酔	0
宿世	0
宿雪	0
宿銭	2
宿替え	0
宿題	0
宿帳	0
宿直	0
宿直室	4
宿賃	2
宿敵	0
宿禰	0
宿泊	0
宿泊所	0
宿泊料	4
宿弊	0
宿便	0
宿坊	0
宿望	0
宿無し	0
宿命	0
宿命通	3
宿命的	0
宿命論	3
宿木	0
宿曜	0
宿曜道	3
宿料	2
宿老	0
宿六	0
宿痾	2
淑やか	2
淑女	2
淑徳	0
祝	0
祝い	0
祝いごと	0
祝い唄	3
祝い歌	3
祝い言	0
祝い事	0
祝い酒	3
祝い着	2
祝い箸	4
祝い物	0
祝い棒	2
祝う	2
祝す	2
祝する	3
祝意	2
祝唄	3
祝宴	0
祝歌	3
祝賀	0
祝賀会	3
祝儀	1
祝儀袋	4
祝言	1
祝祭	0
祝祭日	3
祝詞	2
祝事	0
祝辞	0
祝酒	3
祝女	1
祝勝	0
祝典	0
祝電	0
祝祷	0
祝日	0
祝杯	0
祝箸	4
祝福	0
祝砲	0
祝棒	2
祝融	0
縮	2
縮かむ	0
縮こまる	0
縮まる	0
縮み	0
縮み上がる	5
縮む	0
縮める	0
縮らす	0
縮らせる	0
縮れる	0
縮れ毛	0
縮減	0
縮刷	0
縮刷版	0
縮写	0
縮尺	0
縮小	0
縮図	0
縮退	0
縮瞳	0
縮閉線	0
縮緬	0
縮緬じゃこ	5
縮緬雑魚	5
縮緬紙	0
縮緬皺	0
縮毛	0
縮約	0
縮絨	0
粛々	0
粛として	1
粛学	0
粛軍	0
粛啓	0
粛殺	0
粛粛	0
粛正	0
粛清	0
粛然	0
粛党	0
粛白	0
塾	1
塾生	0
塾長	0
熟	3
熟々	2
熟し	1
熟す	0
熟する	3
熟む	1
熟れ	0
熟れる	2
熟れ寿司	2
熟れ鮨	2
熟柿	1
熟柿臭い	5
熟議	1
熟語	0
熟考	0
熟思	1
熟視	1
熟字	0
熟字訓	3
熟寿司	2
熟熟	3
熟女	1
熟食	0
熟睡	0
熟成	0
熟達	0
熟談	0
熟知	1
熟読	0
熟読玩味	5
熟年	0
熟眠	0
熟覧	0
熟慮	1
熟慮断行	1
熟練	0
熟練工	0
熟練者	3
熟鮨	2
出	0
出々し	0
出かかる	3
出かける	0
出かす	2
出かせぎ	0
出がけ	0
出くわす	0
出し	2
出しっぱなし	0
出しっ放し	0
出しな	0
出しぬけ	0
出しゃばり	0
出しゃばる	3
出し殻	0
出し巻き卵	5
出し見世	0
出し合う	3
出し子	0
出し汁	0
出し渋る	4
出し惜しみ	0
出し惜しむ	4
出し切る	3
出し前	0
出し遅れ	0
出し店	0
出し投げ	0
出し入れ	2
出し抜く	0
出し抜け	0
出し物	3
出す	1
出ず	1
出ずっぱり	0
出ずっ張り	0
出ず入らず	3
出そろう	3
出たとこ勝負	5
出た所勝負	5
出だし	0
出っぱり	0
出っ歯	1
出っ尻	1
出っ端	0
出っ張り	0
出っ張る	0
出っ鼻	0
出づ	1
出で湯	0
出で立ち	0
出で立つ	3
出どころ	0
出なおす	0
出べそ	1
出まかせ	0
出る	1
出逢う	2
出雲系神話	6
出演	0
出演者	3
出演料	3
出家	0
出火	0
出稼ぎ	0
出花	0
出荷	0
出荷料	3
出過ぎる	3
出芽	0
出駕	0
出会	0
出会い	0
出会い頭	4
出会う	2
出会す	0
出会頭	4
出回り	0
出回る	0
出外れ	0
出外れる	0
出格	0
出格子	2
出殻	0
出角	0
出掛	0
出掛かる	3
出掛け	0
出掛ける	0
出掛る	3
出棺	0
出監	0
出願	0
出願者	3
出居	1
出漁	1
出京	0
出郷	0
出勤	0
出勤者	3
出勤簿	3
出金	0
出金者	3
出喰わす	0
出隅	0
出群	0
出軍	0
出稽古	2
出迎え	0
出迎える	0
出撃	0
出欠	0
出血	0
出嫌い	2
出懸かる	3
出懸る	3
出現	0
出庫	0
出御	1
出語り	0
出口	1
出口調査	4
出向	0
出向く	2
出好き	0
出校	0
出港	0
出稿	0
出航	0
出講	0
出合い	0
出合い頭	4
出合う	2
出合頭	4
出国	0
出国管理	5
出獄	0
出際	0
出札	0
出札掛	5
出札係	5
出札口	4
出札所	0
出産	0
出産休暇	5
出産率	3
出仕	0
出仕事	2
出始め	0
出師	1
出糸突起	4
出資	0
出資金	0
出資者	3
出資法	0
出歯	1
出歯かめ	0
出歯る	2
出歯亀	0
出時	0
出自	2
出射	0
出社	0
出州	0
出洲	0
出渋る	0
出出し	0
出処	0
出処進退	4
出初め	0
出初め式	3
出所	0
出所進退	4
出女	2
出商い	2
出城	0
出場	0
出場権	3
出場者	3
出場所	0
出色	0
出身	0
出身校	3
出身者	3
出刃	1
出刃包丁	3
出刃庖丁	3
出尽くす	0
出尽す	0
出陣	0
出水	0
出世	0
出世間	3
出世間的	0
出世魚	3
出世作	3
出世頭	4
出征	0
出生	0
出生地	4
出生届	5
出生届け	5
出生率	4
出盛り	0
出盛る	3
出精	0
出席	0
出席者	4
出席簿	4
出席率	4
出切る	0
出先	0
出先機関	5
出船	0
出前	0
出前持ち	3
出訴	1
出窓	0
出走	0
出遭う	2
出足	0
出揃う	3
出替わり	0
出題	0
出鱈目	0
出炭	0
出端	2
出遅れる	0
出張	0
出張り	0
出張る	2
出張所	0
出潮	0
出超	0
出直し	0
出直す	0
出陳	0
出定	0
出廷	0
出典	0
出展	0
出店	0
出度	0
出土	0
出土品	0
出湯	0
出頭	0
出頭命令	5
出動	0
出突っ張り	0
出入	0
出入り	0
出入り口	3
出入口	3
出入国	3
出任せ	0
出納	0
出納係	5
出納係り	5
出納責任者	7
出納帳	0
出納簿	3
出馬	0
出這入り	0
出発	0
出発点	4
出発便	0
出帆	0
出版	0
出版業	3
出版権	3
出版社	3
出版者	3
出版費	3
出版物	3
出版法	0
出番	0
出費	0
出鼻	0
出品	0
出不精	2
出府	0
出払う	3
出物	0
出兵	0
出歩く	0
出穂	0
出放題	2
出方	2
出没	0
出奔	0
出無精	2
出目	1
出目金	0
出戻り	0
出門	0
出様	2
出養生	4
出来	0
出来ごと	2
出来す	2
出来たて	0
出来ばえ	0
出来る	2
出来映え	0
出来栄え	0
出来過ぎ	0
出来過ぎる	0
出来具合	3
出来高	2
出来高払い	5
出来合い	0
出来合う	0
出来事	2
出来次第	3
出来秋	0
出来上がり	0
出来上がる	0
出来上る	0
出来心	3
出来星	2
出来損い	0
出来損ない	0
出来損なう	0
出来値	2
出来不出来	1
出来物	0
出来立て	0
出藍	0
出立	0
出立て	0
出猟	0
出力	2
出力装置	5
出塁	0
出來る	2
出囃子	2
出廬	2
出捐	0
出涸らし	0
出臍	1
術	2
術計	0
術後	0
術語	0
術策	0
術師	1
術数	3
術前	0
術中	0
述べる	2
述べ立てる	0
述懐	0
述語	0
述語論理	4
述作	0
述部	1
俊	1
俊逸	0
俊英	0
俊傑	0
俊賢	0
俊豪	0
俊才	0
俊士	1
俊秀	0
俊足	0
俊童	0
俊馬	1
俊抜	0
俊彦	0
俊敏	0
峻下剤	3
峻拒	1
峻険	0
峻厳	0
峻刻	0
峻酷	0
峻別	0
峻峰	0
峻嶺	0
峻烈	0
峻峭	0
峻嶮	0
春	1
春の七草	1
春の色	1
春の水	1
春の日	1
春めく	3
春意	1
春衣	1
春一番	1
春陰	0
春雨	1
春夏秋冬	1
春歌	1
春花	1
春霞	3
春画	0
春寒	0
春巻	0
春巻き	0
春官	0
春期	1
春機	1
春機発動期	1
春気	1
春季	1
春季皇霊祭	1
春菊	1
春休	3
春休み	3
春窮	0
春暁	0
春慶塗	0
春慶塗り	0
春光	0
春耕	0
春荒れ	0
春郊	0
春祭り	3
春山	0
春蚕	0
春時雨	3
春蒔き	0
春疾風	3
春社	1
春車菊	3
春愁	0
春秋	0
春秋時代	5
春秋戦国時代	9
春宵	0
春場所	0
春情	0
春色	0
春塵	0
春水	0
春雪	0
春先	0
春早手	3
春霜	0
春待ち月	4
春待月	4
春暖	0
春着	3
春昼	0
春潮	0
春泥	0
春田	1
春田打ち	3
春灯	0
春闘	1
春日	0
春日遅々	5
春日遅遅	5
春風	0
春風駘蕩	0
春服	0
春分	0
春分の日	6
春分点	3
春本	0
春眠	0
春陽	0
春雷	0
春嵐	0
春蘭	1
春竜胆	3
春楡	2
春炬燵	3
春霖	0
春霰	0
瞬き	2
瞬く	3
瞬く間に	3
瞬ぐ	3
瞬間	0
瞬間湯沸し器	8
瞬間風速	5
瞬刻	0
瞬時	1
瞬速	0
瞬断	0
瞬発	0
瞬発力	4
竣功	0
竣工	0
竣成	0
駿才	0
駿足	0
駿馬	1
准える	4
准尉	1
准看	0
准看護婦	5
准許	1
准教員	3
准士官	4
准将	0
循環	0
循環器	3
循環系	0
循環小数	5
循環論法	5
循行	0
循良	0
旬	1
旬刊	0
旬間	0
旬月	1
旬日	0
旬報	0
旬余	1
楯	1
楯つく	1
楯状火山	5
楯突く	1
楯鱗	0
楯籠る	4
殉じる	0
殉教	0
殉教者	3
殉国	0
殉死	0
殉職	0
殉難	0
淳風美俗	5
淳朴	0
淳良	0
準	1
準々決勝	5
準える	4
準え歌	4
準じる	0
準ずる	0
準安定	3
準学士	3
準急	0
準拠	1
準教員	3
準禁治産	5
準禁治産者	6
準決勝	3
準結晶	3
準社員	3
準尺	0
準準決勝	5
準星	0
準正	0
準則	0
準体言	3
準体助詞	5
準的	0
準縄	0
準備	1
準備金	3
準備書面	4
準優勝	3
準用	0
潤い	0
潤う	3
潤ける	3
潤す	3
潤びる	3
潤み	0
潤む	2
潤滑	0
潤滑剤	4
潤滑油	4
潤色	0
潤沢	0
潤筆料	4
潤目	0
潤目鰯	4
盾	1
盾突く	1
純	1
純トン数	5
純愛	0
純一	0
純益	0
純化	0
純金	0
純銀	0
純系	0
純潔	0
純潔教育	5
純血	0
純絹	0
純減	0
純資産	3
純種	1
純収入	3
純情	0
純情可憐	0
純真	0
純真無垢	5
純水	0
純粋	0
純粋培養	5
純粋理性	5
純正	0
純正調	3
純正律	3
純然	0
純増	0
純度	1
純白	0
純分	0
純文学	3
純米酒	0
純朴	0
純綿	0
純毛	0
純利	1
純利益	3
純理	1
純良	0
純量	0
巡らす	0
巡り	0
巡り逢う	4
巡り会う	4
巡り合い	0
巡り合う	4
巡り合わせ	0
巡る	0
巡演	0
巡回	0
巡回図書館	6
巡業	0
巡警	0
巡検	0
巡見使	3
巡幸	0
巡航	0
巡航ミサイル	6
巡航船	3
巡航速度	5
巡行	0
巡査	0
巡査長	3
巡査派出所	0
巡査部長	4
巡察	0
巡視	0
巡視船	0
巡視艇	0
巡錫	0
巡狩	0
巡拝	0
巡遊	0
巡洋艦	0
巡覧	0
巡礼	0
巡歴	0
巡邏	1
遵行	0
遵守	1
遵奉	0
遵法	0
醇化	0
醇乎	1
醇正	0
醇風美俗	5
醇朴	0
順	0
順々	3
順々に	3
順う	0
順に	0
順位	1
順延	0
順縁	0
順応	0
順応性	0
順化	0
順逆	0
順境	0
順繰り	0
順光	0
順向抑制	5
順行	0
順子	1
順次	1
順守	1
順順	3
順順に	3
順序	1
順序だてる	5
順序数	3
順序不同	1
順序立てる	5
順接	0
順送り	3
順調	0
順当	0
順番	0
順不同	1
順風	0
順風満帆	0
順奉	0
順法	0
順法闘争	5
順良	0
順礼	0
順列	0
順路	1
処	0
処々方々	1
処す	1
処する	2
処遇	0
処刑	0
処決	0
処処	1
処処方方	1
処暑	1
処女	1
処女宮	2
処女航海	3
処女降誕	3
処女作	2
処女地	2
処女峰	2
処女膜	2
処女林	2
処世	0
処世訓	2
処世術	2
処生訓	2
処断	0
処置	1
処罰	1
処分	1
処方	0
処方せん	0
処方箋	0
処理	1
処理系	0
初	2
初々しい	5
初っぱな	0
初っ切り	0
初っ端	0
初に	0
初め	0
初めて	2
初めまして	4
初める	2
初袷	3
初一念	3
初烏	3
初演	0
初鴬	4
初音	0
初夏	1
初花	0
初荷	0
初会	0
初回	0
初学者	2
初鰹	3
初釜	0
初冠	3
初冠雪	3
初顔合わせ	5
初期	1
初期化	0
初球	0
初級	0
初給	0
初句	1
初空	3
初経	0
初詣	3
初詣で	3
初鶏	2
初月	1
初見	0
初午	0
初口	0
初更	0
初校	0
初項	0
初号	1
初婚	0
初朔日	3
初刷	0
初刷り	2
初参	3
初参り	3
初産	1
初産婦	2
初姿	3
初子	0
初市	0
初志	1
初時雨	3
初耳	0
初七日	2
初手	1
初秋	0
初出	0
初出場	3
初春	0
初旬	0
初初しい	5
初商い	4
初松魚	3
初笑い	3
初乗り	0
初場所	0
初審	0
初心	0
初心者	2
初心者マーク	5
初診	0
初診料	2
初陣	0
初生	0
初生り	0
初生児	2
初節供	3
初節句	3
初雪	0
初戦	0
初祖	1
初霜	0
初霜月	4
初速	0
初孫	0
初体験	3
初対面	2
初代	1
初段	0
初値	0
初潮	0
初度	1
初土俵	3
初冬	0
初湯	0
初当選	3
初等	0
初等科	0
初等教育	4
初等数学	4
初頭	0
初動	0
初動捜査	4
初凪	0
初日	0
初日の出	3
初乳	0
初任給	2
初年	0
初年度	2
初年兵	2
初買い	0
初売り	0
初発	0
初版	0
初犯	0
初氷	3
初表	2
初富士	0
初舞台	3
初風	2
初風呂	0
初物	0
初篇	0
初編	0
初歩	1
初歩的	0
初穂	0
初盆	0
初巳	0
初夢	0
初夜	1
初役	0
初優勝	3
初葉	0
初恋	0
初老	0
初穗	0
初鴉	3
初鶯	4
所	0
所々	4
所々方々	1
所せまし	4
所以	0
所為	1
所謂	3
所員	0
所縁	0
所懐	0
所格	0
所轄	0
所感	0
所管	0
所願	0
所期	1
所記	1
所議	1
所狭い	5
所狭し	4
所業	0
所嫌わず	0
所見	0
所構わず	5
所行	0
所載	0
所在	0
所在ない	4
所在地	2
所在無い	4
所作	1
所作事	0
所産	0
所思	1
所持	1
所持者	2
所持品	0
所収	0
所出	0
所所	1
所所方方	1
所書き	0
所掌	0
所信	0
所生	0
所説	0
所詮	0
所相	0
所蔵	0
所属	0
所存	0
所帯	2
所帯じみる	5
所帯やつれ	4
所帯持ち	2
所帯主	2
所帯染みる	5
所帯道具	4
所長	0
所定	0
所得	0
所得顔	4
所得効果	4
所得控除	4
所得政策	4
所得税	3
所得分配	4
所内	1
所番地	4
所払い	4
所柄	0
所望	0
所有	0
所有格	2
所有権	2
所有者	2
所有地	2
所有物	2
所与	1
所用	0
所要	0
所領	0
所労	0
所論	0
暑	1
暑い	2
暑がり	3
暑がる	3
暑さ	1
暑さ中り	4
暑さ凌ぎ	4
暑夏	1
暑気	1
暑気あたり	3
暑気中り	3
暑気払い	3
暑苦しい	5
暑中	0
暑中休暇	4
暑中見舞	4
暑中見舞い	4
暑中伺	4
暑中伺い	4
暑熱	0
曙	0
曙光	0
曙色	0
曙草	0
渚	0
庶幾	1
庶幾う	1
庶子	1
庶事	1
庶出	0
庶政	0
庶民	1
庶民金融	4
庶民的	0
庶務	1
庶流	0
緒	1
緒言	1
緒戦	0
緒締め	0
緒論	1
署	1
署する	2
署員	1
署長	0
署名	0
署名運動	4
署名捺印	0
書	0
書いとく	0
書きうつす	4
書きおくる	4
書きかえる	4
書きかた	3
書きつける	4
書きつづる	0
書きとめる	4
書きなおす	4
書きなぐる	4
書きにくい	4
書きもの	2
書き違える	5
書き殴る	4
書き下し文	0
書き下す	4
書き下ろし	0
書き下ろす	4
書き加える	5
書き改める	6
書き割	0
書き割り	0
書き換え	0
書き換える	4
書き間違える	6
書き記す	4
書き起こし	0
書き起こす	4
書き起す	4
書き捲くる	0
書き捲る	0
書き言葉	3
書き誤る	5
書き込み	0
書き込む	3
書き散らす	4
書き残す	4
書き始める	5
書き止める	4
書き写す	4
書き捨てる	4
書き取り	0
書き取る	3
書き手	3
書き集める	5
書き出し	0
書き出す	3
書き順	0
書き初め	0
書き上げる	4
書き振り	0
書き尽くす	4
書き尽す	4
書き送る	4
書き足す	3
書き損ない	0
書き損なう	5
書き替え	0
書き替える	4
書き置き	0
書き著す	5
書き直す	4
書き綴る	0
書き添える	4
書き伝える	5
書き難い	4
書き入れ	0
書き入れる	4
書き入れ時	0
書き抜き	0
書き抜く	3
書き判	2
書き飛ばす	4
書き表す	5
書き表わす	5
書き付ける	4
書き物	2
書き分ける	4
書き並べる	0
書き変え	0
書き方	3
書き味	2
書き役	2
書き落す	4
書き落とす	4
書き立てる	4
書き流す	4
書き留め	0
書き留める	4
書き連ねる	5
書き漏らす	4
書く	1
書院	0
書院造	4
書院造り	4
書家	0
書架	1
書画	1
書割	0
書換え	0
書換える	4
書簡	0
書簡体小説	6
書簡文	0
書簡箋	0
書翰	0
書翰箋	0
書間違える	6
書記	0
書記官	2
書記局	2
書記長	2
書経	1
書見	0
書見台	0
書庫	1
書込み	0
書斎	0
書冊	0
書札	0
書散らす	4
書誌	1
書誌学	2
書字	1
書式	0
書写	1
書写す	4
書取	0
書出し	0
書初	0
書初め	0
書証	0
書状	0
書信	0
書生	0
書生論	2
書聖	0
書籍	1
書籍館	3
書跡	1
書蹟	1
書送る	4
書損ない	0
書体	0
書替え	0
書棚	0
書痴	1
書中	0
書店	0
書添える	4
書道	1
書入れ時	0
書肺	0
書函	0
書箱	0
書抜き	0
書抜く	3
書皮	1
書評	0
書付	0
書付ける	4
書風	0
書物	1
書法	0
書房	0
書名	0
書面	0
書面審理	4
書目	1
書役	2
書留	0
書留め	0
書留小包	6
書林	0
書類	0
書類選考	4
書類送検	4
書連ねる	5
書牘	0
書痙	0
書肆	1
薯	2
薯蕷	1
薯蕷汁	4
藷	2
藷掘り	3
藷焼酎	3
藷蕷	1
諸々	0
諸に	1
諸悪	1
諸家	1
諸外国	2
諸学	1
諸掛かり	2
諸共	0
諸君	1
諸兄	1
諸芸	1
諸賢	1
諸元	0
諸侯	1
諸口	1
諸行	1
諸行無常	0
諸国	1
諸腰	0
諸差し	0
諸姉	1
諸子	1
諸子百家	1
諸氏	1
諸事	1
諸式	1
諸車	1
諸手	0
諸種	1
諸処	1
諸所	1
諸諸	0
諸飾り	3
諸神	2
諸人	0
諸刃	0
諸政	0
諸説	1
諸説紛々	1
諸説紛紛	1
諸相	1
諸尊	1
諸天	1
諸点	1
諸島	1
諸道	1
諸派	1
諸肌	0
諸肌脱ぎ	0
諸般	1
諸蕃	1
諸彦	1
諸膝	0
諸膚	0
諸仏	1
諸方	1
諸法	1
諸法実相	4
諸味	0
諸問題	2
諸役御免	1
諸訳	1
助	1
助かる	3
助け	3
助ける	3
助け合い	0
助け合う	4
助け手	0
助け舟	4
助け出す	4
助け船	4
助け平	2
助っ人	0
助演	0
助監督	2
助教	0
助教授	2
助教諭	2
助業	0
助言	0
助酵素	2
助祭	0
助産	0
助産婦	2
助詞	0
助辞	0
助手	0
助手席	0
助宗鱈	5
助数詞	2
助勢	0
助成	0
助成金	0
助惣鱈	5
助走	0
助太刀	0
助長	0
助動詞	2
助番	0
助兵衛	2
助兵衛根性	5
助平	2
助平根性	5
助命	0
助役	0
助力	0
叙す	1
叙する	2
叙位	1
叙階	0
叙勲	0
叙景	0
叙賜	1
叙事	0
叙事詩	2
叙事文	2
叙爵	0
叙述	0
叙情	0
叙情詩	2
叙説	0
叙任	0
叙文	0
叙法	0
女	3
女々しい	3
女たらし	4
女だてらに	4
女っ気	0
女っ振り	0
女ねじ	2
女の子	3
女の児	3
女の節句	0
女の童	3
女ひでり	4
女やもめ	4
女らしい	5
女医	0
女院	1
女陰	1
女運	3
女王	2
女王蟻	2
女王蜂	2
女仮名	3
女寡	4
女寡婦	4
女歌舞伎	4
女怪	0
女学院	3
女学校	2
女学生	2
女楽	1
女官	1
女気	0
女給	0
女教師	2
女狂い	4
女形	0
女系	0
女芸者	4
女傑	0
女結び	4
女嫌い	4
女権	0
女袴	4
女御	1
女護	1
女護が島	3
女護の島	4
女護島	3
女好き	0
女工	0
女皇	0
女坂	0
女殺し	4
女山	0
女史	1
女姿	4
女子	1
女子学生	3
女子供	4
女子大	0
女子大学	3
女子大生	3
女子竹	3
女子挺身隊	1
女子部	2
女児	1
女持	0
女持ち	0
女自慢	4
女主	4
女主人公	5
女手	0
女囚	0
女臭い	5
女所帯	4
女女しい	3
女将	2
女丈夫	2
女色	0
女心	4
女振り	0
女真	1
女真文字	4
女神	1
女親	0
女人	0
女人禁制	0
女人結界	0
女人成仏	4
女垂し	4
女垂らし	4
女雛	1
女世帯	4
女性	0
女性ホルモン	4
女性解放運動	8
女性学	2
女性語	0
女性的	0
女性徒	2
女性美	2
女生	0
女生徒	2
女盛り	4
女声	0
女相撲	4
女装	0
女尊男卑	4
女体	0
女帯	4
女滝	1
女竹	1
女中	0
女中奉公	4
女直	0
女帝	0
女店員	2
女湯	0
女道楽	4
女難	0
女日芝	2
女波	1
女髪結	4
女髪結い	4
女犯	0
女部屋	0
女腹	0
女物	0
女文字	4
女癖	0
女偏	0
女方	0
女房	1
女房言葉	5
女房詞	5
女房持ち	3
女房装束	5
女房天下	5
女房役	0
女婿	0
女冥利	4
女名前	4
女木	1
女優	0
女遊び	4
女流	0
女流作家	4
女牢	3
女郎	1
女郎屋	0
女郎花	3
女郎蜘蛛	4
女郎買	3
女郎買い	2
女墻	2
女旱	4
女旱り	4
女臈	2
女衒	0
女誑し	4
女鯒	1
序	1
序で	0
序でながら	4
序でに	0
序ながら	4
序に	4
序の口	0
序開き	2
序曲	1
序言	0
序詞	0
序次	1
序章	0
序数	2
序説	0
序奏	0
序二段	2
序破急	2
序盤	0
序盤戦	0
序文	0
序幕	0
序列	0
序論	0
徐々	1
徐に	0
徐ろに	0
徐行	0
徐徐	1
徐歩	1
徐脈	0
恕する	2
鋤	0
鋤き起こす	4
鋤き起す	4
鋤き返す	3
鋤く	0
鋤起こす	4
鋤起す	4
鋤鍬	0
鋤骨	0
鋤焼	0
鋤焼き	0
鋤返す	3
鋤簾	0
除々	1
除く	0
除け	2
除ける	0
除け者	0
除する	2
除塩	0
除外	0
除外例	2
除核	0
除感作	2
除却	0
除去	1
除菌	0
除光液	2
除号	0
除災	0
除細動	2
除算	0
除湿	0
除湿器	3
除湿機	3
除除	1
除塵	1
除塵機	2
除数	2
除斥	0
除斥期間	5
除籍	0
除雪	0
除雪車	3
除染	0
除草	0
除草剤	2
除霜	0
除隊	0
除虫菊	2
除服	0
除法	0
除幕	0
除幕式	3
除名	0
除目	1
除夜	1
除霊	0
傷	0
傷々しい	5
傷あと	0
傷つく	3
傷つける	4
傷ましい	4
傷み	3
傷む	2
傷める	3
傷もの	0
傷害	0
傷害罪	3
傷害致死	5
傷害致死罪	6
傷害保険	5
傷口	0
傷痕	0
傷者	1
傷傷しい	5
傷心	0
傷跡	0
傷創	0
傷嘆	0
傷病	0
傷病兵	3
傷付く	3
傷付ける	4
傷物	0
傷兵	0
傷薬	3
傷咎め	3
傷悴	0
傷痍	1
傷痍軍人	4
償い	0
償う	3
償還	0
償却	0
償金	0
勝	1
勝ち	2
勝ちっ放し	0
勝ちとる	0
勝ちどき	0
勝ち越し	0
勝ち越す	0
勝ち気	0
勝ち栗	2
勝ち誇る	4
勝ち残り	0
勝ち残る	4
勝ち取る	0
勝ち上がる	4
勝ち進む	4
勝ち星	2
勝ち戦	3
勝ち投手	3
勝ち逃げ	0
勝ち得る	3
勝ち馬	2
勝ち抜く	3
勝ち負け	1
勝ち味	3
勝ち名乗り	3
勝ち目	3
勝ち鬨	0
勝つ	1
勝どき	2
勝る	2
勝れる	3
勝れ物	0
勝因	0
勝運	0
勝概	0
勝機	1
勝気	0
勝栗	2
勝景	0
勝差	1
勝山	2
勝算	0
勝者	1
勝手	0
勝手に	0
勝手気まま	0
勝手気儘	0
勝手元	0
勝手口	3
勝手向き	0
勝手次第	4
勝手知ったる	6
勝勢	0
勝絶	0
勝訴	1
勝地	1
勝着	0
勝投手	3
勝得る	3
勝馬	2
勝敗	0
勝負	1
勝負師	3
勝負事	0
勝負所	0
勝負服	3
勝報	0
勝利	1
勝利投手	4
勝率	0
勝鬨	0
匠	1
匠気	1
升	1
升形	0
升酒	0
升席	0
升売り	0
升目	0
召される	3
召し	2
召し寄せる	0
召し使い	3
召し使う	0
召し取る	3
召し出す	3
召し上がり物	0
召し上がる	0
召し上げる	4
召し上る	0
召し替え	0
召し物	2
召し捕る	3
召し抱える	5
召し連れる	0
召す	1
召喚	0
召喚状	0
召還	0
召使	3
召使い	3
召使う	0
召取る	3
召集	0
召集令	3
召集令状	5
召上がる	0
召上げる	4
召状	0
召人	2
召致	1
召天	0
召捕る	3
召募	1
召命	0
哨戒	0
哨戒機	3
哨舎	1
哨兵	0
哨吶	1
哨吶草	0
商	1
商い	2
商う	3
商運	0
商屋	3
商家	1
商科	1
商会	0
商学	0
商学士	3
商学博士	5
商学部	3
商慣習	3
商慣習法	0
商館	0
商機	1
商議	1
商議員	3
商況	0
商業	1
商業化	0
商業学	3
商業学校	5
商業銀行	5
商業高等学校	9
商業資本	5
商業主義	5
商業手形	5
商業信用状	0
商業登記	5
商業都市	5
商業道徳	5
商業美術	5
商業文	3
商業放送	5
商圏	0
商権	0
商工	0
商工会議所	0
商工業	3
商港	0
商行為	3
商号	0
商魂	0
商才	0
商材	0
商事	1
商事会社	4
商社	1
商取引	4
商状	0
商人	1
商人気質	5
商戦	0
商船	0
商船学校	5
商船大学	5
商大	0
商談	0
商店	1
商店街	3
商店主	3
商売	1
商売がたき	5
商売往来	5
商売気	0
商売気質	5
商売仇	5
商売筋	3
商売女	5
商売人	0
商売替え	0
商売敵	5
商売道具	5
商売柄	0
商標	0
商標権	3
商標登録	5
商品	1
商品化	0
商品化権	5
商品回転率	7
商品券	3
商品取引所	0
商品切手	5
商品名	3
商舗	1
商法	1
商務	1
商務官	3
商用	0
商用文	0
商利	1
商略	0
商流	0
商量	0
唱える	3
唱歌	1
唱導	0
唱道	0
唱和	0
嘗て	1
嘗め	2
嘗める	2
嘗糞	0
奨め	0
奨める	0
奨学	0
奨学金	0
奨学資金	5
奨学生	3
奨励	0
奨励金	0
奨励賞	3
妾	3
妾出	0
妾宅	0
妾腹	0
妾奉公	4
娼家	1
娼館	0
娼妓	1
娼婦	1
娼楼	0
宵	0
宵っぱり	0
宵っ張り	0
宵の口	0
宵の明星	0
宵闇	0
宵越し	0
宵宮	1
宵月	0
宵祭	3
宵祭り	3
宵山	0
宵寝	0
宵待草	4
将	1
将に	1
将官	0
将棋	0
将棋指し	3
将棋倒し	4
将棋盤	0
将軍	0
将軍家	3
将軍職	3
将校	1
将士	1
将帥	0
将星	0
将卒	0
将兵	1
将又	1
将来	1
将来性	0
将几	1
小	1
小うるさい	4
小がら	0
小ぎれい	2
小さ	1
小さい	3
小さじ	0
小さな	1
小さめ	0
小さ目	0
小せがれ	2
小ぜり合い	2
小ちゃい	3
小っ恥ずかしい	6
小の月	1
小ばかにする	0
小ぶり	0
小まめ	1
小わき	0
小わっぱ	2
小アジア	3
小ブルジョア	3
小葦切	2
小安貝	3
小暗い	3
小暗がり	2
小委員会	4
小意気	0
小為替	2
小異	1
小一時間	4
小芋	0
小鰯鯨	5
小引	0
小陰唇	3
小宇宙	3
小雨	0
小臼歯	3
小唄	0
小宴	0
小猿	0
小汚い	4
小屋	2
小屋掛	0
小屋掛け	0
小屋根	0
小屋組	0
小屋組み	0
小家	1
小歌	0
小火	1
小火器	3
小茄子	2
小荷物	2
小過	1
小我	1
小賀玉の木	6
小賀玉木	6
小雅	0
小会派	3
小回り	2
小芥子	0
小貝	0
小学	0
小学校	3
小学生	3
小学部	3
小額	0
小笠原猿子	6
小笠原大蝙蝠	8
小笠原流	0
小括弧	3
小鴨	0
小冠者	2
小寒	0
小官	0
小間	1
小間結び	3
小間使	3
小間使い	3
小間物	0
小間物屋	0
小閑	0
小企業	3
小器	1
小奇麗	2
小気味	0
小気味よい	4
小気味好い	4
小気味良い	4
小規模	3
小菊	1
小吉	0
小休止	3
小牛	0
小魚	2
小京都	3
小供	0
小競り合い	2
小競合い	2
小業	0
小曲	0
小玉貝	3
小金	0
小熊	0
小熊座	0
小型	0
小型車	3
小形	0
小径	1
小憩	0
小景	0
小計	0
小劇場	3
小結	2
小結び	2
小喧しい	5
小犬	0
小犬座	0
小見出し	2
小見世	0
小賢しい	4
小遣	1
小遣い	1
小遣い銭	0
小遣い帳	0
小遣銭	0
小遣帳	0
小言	0
小姑	2
小狐	2
小狐座	0
小股	0
小股掬い	4
小鼓	2
小口	0
小口扱い	4
小康	0
小康状態	5
小糠	0
小糠雨	4
小降り	0
小高い	3
小刻み	2
小国	0
小腰	0
小骨	0
小差	1
小座敷	2
小才	0
小斎	0
小細工	2
小鷺	0
小作	0
小作り	2
小作権	3
小作人	0
小作農	3
小作米	0
小作料	3
小策	0
小匙	0
小冊	0
小冊子	3
小札	0
小皿	0
小山	1
小使	1
小使い	1
小史	1
小子	0
小市民	3
小指	0
小枝	0
小止み	0
小歯朶	0
小事	1
小児	1
小児科	0
小児病	0
小児麻痺	4
小児喘息	4
小字	0
小耳	0
小耳木兎	3
小実	0
小社	1
小者	0
小車	2
小尺	0
小手	0
小手先	0
小手調べ	3
小手投げ	0
小手返し	3
小手毬	2
小首	0
小綬鶏	2
小舟	0
小銃	0
小出し	0
小春	0
小春びより	4
小春日	3
小春日和	4
小循環	3
小楯	1
小暑	1
小書	0
小書き	0
小女	4
小女子	0
小商い	2
小商人	3
小松	0
小松引き	3
小松菜	0
小象	2
小上がり	2
小上り	2
小乗	0
小乗的	0
小乗仏教	5
小食	0
小尻	0
小信天翁	3
小心	0
小心者	0
小心翼々	0
小心翼翼	0
小振り	0
小新聞	2
小身	0
小身者	0
小辛	0
小人	0
小人河馬	4
小人症	0
小人数	3
小水	0
小粋	0
小数	3
小数点	3
小杉	0
小杉原	2
小雀	0
小勢	0
小姓	2
小成	0
小正月	2
小生	1
小生意気	3
小声	0
小石	0
小切れ	0
小切子	2
小切手	2
小節	1
小説	0
小説家	0
小雪	0
小千鳥	2
小川	0
小戦	0
小船	0
小選挙区	5
小選挙区制	0
小選挙区比例代表並立制	5
小銭	0
小前提	3
小善	0
小僧	2
小倉あん	0
小倉アイス	4
小倉織	0
小倉百人一首	8
小倉餡	0
小窓	0
小走り	2
小憎らしい	5
小足	0
小袖	0
小村	0
小太り	2
小太鼓	2
小太刀	1
小袋	2
小隊	0
小鷹	1
小鷹狩	0
小鷹狩り	0
小啄木	0
小啄木鳥	0
小宅	0
小谷渡	4
小谷渡り	4
小胆	3
小男	2
小知	1
小地震	3
小恥ずかしい	5
小智	1
小畜	0
小竹	0
小忠実	1
小昼	0
小柱	2
小著	1
小潮	0
小町	1
小腸	1
小鳥	0
小槌	1
小爪	0
小庭	0
小敵	0
小的	0
小天地	3
小店	0
小伝	0
小田	0
小田原提灯	5
小田原評定	5
小都市	3
小党	0
小刀	2
小刀細工	5
小島	0
小盗人	2
小豆	3
小豆粥	3
小豆象虫	4
小豆色	0
小豆飯	3
小豆蒄	0
小頭	2
小頭症	0
小童	2
小道	0
小道具	2
小突き回す	5
小突く	2
小鍋	0
小楢	0
小難	0
小難しい	5
小猫	2
小脳	1
小農	0
小波	0
小破	1
小馬	0
小馬座	0
小馬鹿	0
小馬鹿にする	0
小買い	1
小売	0
小売り	0
小売り店	3
小売商	3
小売値	3
小売店	3
小売物価指数	7
小麦	0
小麦色	0
小麦粉	0
小箱	1
小肌	0
小鉢	1
小発作	3
小判	1
小判型	0
小判形	0
小判鮫	2
小半時	5
小半日	2
小板	0
小肥り	2
小鼻	0
小膝	0
小紐	0
小百合	0
小百姓	2
小鰭	0
小品	0
小瓶	0
小父	0
小父さん	0
小舞	1
小部	1
小部屋	0
小部分	3
小幅	0
小腹	0
小物	0
小分け	0
小文字	0
小兵	0
小幣	0
小柄	0
小米	0
小変	0
小片	0
小編	0
小返り	2
小便	3
小便臭い	6
小便袋	5
小母	0
小母さん	0
小包	2
小包み	2
小包郵便物	7
小法廷	3
小胞子	3
小胞体	0
小坊主	2
小望月	3
小麻	0
小妹	0
小繭蜂	3
小満	0
小味	0
小椋鳥	3
小娘	2
小名	3
小鳴き	0
小面	3
小面憎い	5
小網	0
小目	0
小戻り	2
小紋	1
小門	1
小夜	1
小夜曲	2
小夜時雨	3
小夜鳴き鳥	4
小夜嵐	3
小夜啼鳥	4
小野	0
小役人	2
小躍り	2
小勇	0
小用	0
小羊	3
小羊歯	0
小踊り	2
小欲	0
小翼羽	4
小利	1
小利口	2
小吏	1
小理屈	2
小理窟	2
小粒	0
小料理	2
小料理屋	4
小量	3
小瑠璃	0
小路	0
小禄	0
小論	0
小話	2
小脇	0
小惑星	3
小倅	2
小匣	1
小咄	2
小婢	1
小孩児	3
小癪	0
小皺	0
小筥	1
小篆	0
小綺麗	2
小舅	2
小荳蒄	0
小逕	1
小鬢	0
小鰺刺	2
少々	1
少い	3
少くとも	3
少し	2
少しく	2
少しずつ	4
少しも	2
少と	1
少ない	3
少なからず	4
少なくとも	3
少なくも	3
少なげ	0
少なめ	0
少な目	0
少尉	1
少雨	1
少恩	0
少額	0
少監	0
少閑	0
少許	1
少憩	0
少国民	3
少佐	0
少子	1
少子化	0
少時	1
少者	1
少女	1
少女子	3
少将	1
少少	1
少食	0
少人数	3
少数	3
少数意見	5
少数精鋭	3
少数点	3
少数党	0
少数派	0
少数民族	5
少壮	0
少敵	0
少糖類	3
少童	0
少年	0
少年院	3
少年鑑別所	0
少年刑務所	7
少年審判所	0
少年団	3
少年犯罪	5
少年兵	3
少納言	3
少妹	0
少欲	0
少量	0
少林寺拳法	6
少婢	1
尚	1
尚々	1
尚かつ	1
尚さら	0
尚の事	0
尚以て	1
尚且つ	1
尚古	1
尚更	0
尚書き	0
尚書省	3
尚尚	1
尚早	0
尚武	1
尚又	1
庄	1
庄園	0
庄屋	0
床	0
床しい	3
床ずれ	0
床の間	0
床運動	3
床屋	0
床下	0
床擦れ	0
床山	0
床上	0
床上げ	0
床上浸水	5
床飾り	3
床暖房	3
床柱	3
床店	0
床入り	0
床板	1
床敷	0
床伏	0
床払い	3
床面積	3
床離れ	3
床脇	0
床几	1
床榻	0
床虱	3
彰義隊	0
彰徳	0
承	1
承く	0
承ける	2
承る	5
承安	0
承允	0
承引	0
承応	0
承久	0
承句	1
承継	0
承元	0
承口	2
承前	0
承諾	0
承知	0
承知の助	0
承知之助	0
承徳	1
承認	0
承認図	3
承伏	0
承服	0
承平	0
承暦	0
承和	1
抄	1
抄い	0
抄き返す	3
抄く	0
抄紙	1
抄出	0
抄物	0
抄本	0
抄訳	0
抄録	0
招き	3
招き入れる	5
招き猫	4
招く	2
招じる	0
招じ入れる	5
招ずる	0
招へい	0
招宴	0
招魂	0
招集	0
招請	0
招待	1
招待券	3
招待状	3
招致	1
招福	0
招婿婚	3
招木	0
招来	0
招聘	0
掌	2
掌る	4
掌握	0
掌客	0
掌骨	1
掌中	0
掌中の玉	1
掌篇	0
掌篇小説	5
掌編	0
掌紋	0
掌理	1
捷い	2
捷径	0
昇り	0
昇り坂	0
昇り藤	3
昇り竜	3
昇る	0
昇華	0
昇華熱	3
昇格	0
昇級	0
昇給	0
昇降	0
昇降機	3
昇降口	3
昇降舵	3
昇順	0
昇叙	1
昇進	0
昇段	0
昇天	0
昇殿	0
昇藤	3
昇任	0
昇流魚	3
昇竜	0
昇汞	1
昇汞水	3
昌運	0
昌平	0
昭栄	0
昭昭	1
昭然	0
昭代	1
昭和	0
昭和維新	4
昭和恐慌	4
晶子	1
晶析	0
晶洞	0
松	1
松かさ	3
松の材線虫	6
松の雪	1
松の内	3
松の木	1
松の緑	1
松ぼっくり	3
松やに	0
松韻	0
松煙	0
松果腺	0
松果体	0
松花堂弁当	6
松過ぎ	4
松笠	3
松魚	0
松原	2
松根油	3
松材線虫	6
松阪牛	4
松脂	0
松手入れ	3
松飾	3
松飾り	3
松食虫	3
松雪草	0
松蝉	2
松川	0
松藻	2
松藻虫	3
松茸	0
松茸狩り	0
松竹梅	4
松虫	2
松虫草	0
松煤	1
松柏	1
松皮	0
松風	0
松明	1
松葉	1
松葉づえ	4
松葉牡丹	4
松葉蟹	3
松葉菊	3
松葉杖	4
松葉蘭	3
松林	3
松露	1
松毬	3
松毬魚	4
松濤	0
松籟	0
梢	0
樟	1
樟科	0
樟脳	1
樵	0
樵夫	0
沼	2
沼蛙	3
沼気	1
沼湖	1
沼虎の尾	5
沼杉	2
沼沢	0
沼沢植物	6
沼地	0
沼田	0
沼田鰻	3
沼縄	0
沼萩	2
沼鰈	3
消えうせる	4
消える	0
消え果てる	4
消え去る	3
消え残る	4
消え失せる	4
消え消え	0
消え入る	3
消しとぶ	3
消しゴム	0
消し印	0
消し去る	3
消し込み	0
消し止める	4
消し炭	0
消し飛ぶ	3
消し壺	0
消す	0
消する	3
消印	0
消炎剤	0
消音	0
消音器	3
消化	0
消化液	3
消化管	0
消化器	3
消化酵素	4
消化剤	3
消化性潰瘍	6
消化腺	0
消化不良	4
消夏	0
消火	0
消火器	3
消火栓	0
消閑	0
消却	0
消去	1
消去法	0
消極	0
消極的	0
消光	0
消災呪	3
消散	0
消磁	0
消磁器	3
消失	0
消臭	0
消臭剤	3
消石灰	3
消雪	0
消息	0
消息筋	4
消息子	4
消息通	0
消息不明	0
消息文	4
消長	0
消沈	0
消灯	0
消毒	0
消毒液	4
消毒薬	4
消波ブロック	5
消費	0
消費関数	4
消費財	3
消費社会	4
消費者	3
消費者運動	5
消費者価格	5
消費者金融	5
消費者主権	5
消費者信用	5
消費者物価指数	9
消費者余剰	5
消費性向	4
消費生活協同組合	12
消費税	3
消費都市	4
消費量	3
消防	0
消防ポンプ	5
消防士	3
消防車	3
消防署	5
消防隊	0
消防団	3
消防庁	3
消防艇	0
消防夫	3
消磨	1
消滅	0
消滅時効	5
消耗	0
消耗戦	0
消耗品	0
渉る	0
渉外	0
渉外部	3
渉禽類	3
渉猟	0
焼	0
焼うどん	3
焼き	0
焼きいも	0
焼きうどん	3
焼きごて	0
焼きそば	0
焼きたて	0
焼きつく	3
焼きつける	4
焼きなおす	4
焼きなまし	0
焼きのり	0
焼きふ	0
焼きみそ	0
焼きもち	3
焼きもの	0
焼き芋	0
焼き印	0
焼き塩	0
焼き菓子	3
焼き海苔	0
焼き絵	0
焼き魚	3
焼き蕎麦	0
焼き玉機関	6
焼き金	0
焼き串	0
焼き栗	2
焼き肴	3
焼き殺す	4
焼き捨てる	4
焼き上がる	4
焼き上げる	4
焼き場	0
焼き刃	0
焼き尽くす	4
焼き尽す	4
焼き切る	3
焼き接ぎ	0
焼き増し	0
焼き打ち	0
焼き鳥	0
焼き直し	0
焼き直す	4
焼き討ち	0
焼き豆腐	3
焼き豚	0
焼き鈍し	0
焼き鍋	0
焼き肉	0
焼き入れ	0
焼き畑	0
焼き蛤	4
焼き飯	0
焼き筆	0
焼き付く	3
焼き付け	0
焼き付ける	4
焼き払う	4
焼き物	0
焼き米	0
焼き味噌	0
焼き網	0
焼き餅	3
焼き餅やき	4
焼き餅焼き	4
焼き戻し	0
焼き立て	0
焼き鏝	0
焼き餠	3
焼き饂飩	3
焼き麩	0
焼く	0
焼け	0
焼けただれる	5
焼けつく	3
焼けぼっくい	3
焼ける	0
焼け火ばし	3
焼け火箸	3
焼け穴	0
焼け山	0
焼け残る	4
焼け死ぬ	3
焼け失せる	4
焼け酒	0
焼け出される	5
焼け焦げ	0
焼け石	0
焼け跡	0
焼け太り	0
焼け付く	3
焼け腹	0
焼け棒杭	3
焼け木杭	3
焼け野	0
焼け野原	3
焼け落ちる	4
焼け爛れる	5
焼そば	0
焼っ腹	0
焼のり	0
焼べる	2
焼もち	3
焼夷弾	3
焼芋	0
焼印	0
焼飲み	0
焼火ばし	3
焼火箸	3
焼菓子	3
焼海苔	0
焼却	0
焼魚	3
焼串	0
焼栗	2
焼結	0
焼香	0
焼死	0
焼死体	0
焼失	0
焼灼	0
焼酒	0
焼藷	0
焼場	0
焼身	0
焼身自殺	5
焼成	0
焼跡	0
焼増し	0
焼損	0
焼打	0
焼打ち	0
焼酎	3
焼鳥	0
焼討	0
焼討ち	0
焼豚	0
焼鈍し	0
焼鍋	0
焼肉	0
焼入れ	0
焼売	0
焼畑	0
焼飯	0
焼筆	0
焼付く	3
焼付け	0
焼付ける	4
焼物	0
焼糞	0
焼味噌	0
焼網	0
焼餅	3
焼戻し	0
焼野原	3
焼鏝	0
焼饂飩	3
焦がし	3
焦がす	2
焦がれる	3
焦がれ死に	0
焦げつく	0
焦げる	2
焦げ臭い	4
焦げ茶	0
焦げ付き	0
焦げ付く	0
焦げ目	3
焦らす	2
焦り	3
焦る	2
焦れったい	4
焦れる	2
焦臭い	4
焦心	0
焦燥	0
焦点	1
焦点ガラス	5
焦点距離	5
焦点深度	5
焦電気	3
焦土	1
焦土戦術	4
焦熱	0
焦熱地獄	5
焦眉	1
焦慮	1
焦躁	0
照々坊主	5
照らし合わせる	6
照らし出す	0
照らす	0
照り	2
照りかえし	0
照りつける	4
照り雨	0
照り映える	4
照り輝く	5
照り合う	3
照り込む	4
照り焼	0
照り焼き	0
照り渡る	0
照り付ける	4
照り返し	0
照り返す	0
照り葉	0
照る	1
照る照る坊主	5
照れくさい	4
照れる	2
照れ隠し	3
照れ屋	2
照れ臭い	4
照れ笑い	3
照れ性	2
照影	0
照映	0
照応	0
照会	0
照会状	0
照合	0
照査	1
照射	1
照射線量	4
照尺	0
照準	0
照焼	0
照焼き	0
照照坊主	5
照星	0
照度	1
照度計	0
照付ける	4
照明	0
照明弾	3
照明灯	0
照葉	0
照葉狂言	4
照葉樹林	5
照葉樹林文化	8
照覧	0
照臨	0
症候	0
症候群	3
症状	3
症例	0
省	1
省く	2
省みる	4
省エネ	0
省エネルギー	4
省営	0
省察	0
省資源	3
省字	0
省線	0
省庁	1
省内	1
省筆	0
省略	0
省力	0
省力化	0
省令	0
硝安	0
硝煙	0
硝煙弾雨	5
硝化	0
硝化細菌	4
硝酸	0
硝酸アンモニウム	8
硝酸セルロース	7
硝酸ナトリウム	7
硝酸塩	3
硝酸菌	0
硝酸銀	3
硝酸繊維素	7
硝子	0
硝子戸	3
硝子体	0
硝石	1
硝薬	0
祥雲	0
祥月	0
祥月命日	5
祥瑞	0
称	1
称える	0
称する	3
称める	2
称呼	1
称号	0
称賛	0
称嘆	0
称歎	0
称美	1
称名	0
称揚	0
称量	0
章	1
章魚	1
章句	1
章節	0
章程	0
笑	1
笑い	0
笑いこける	5
笑いごと	0
笑いもの	0
笑い絵	3
笑い顔	0
笑い事	0
笑い者	0
笑い種	0
笑い出す	4
笑い上戸	4
笑い声	4
笑い川蝉	0
笑い草	0
笑い茸	2
笑い転ける	5
笑い転げる	6
笑い倒ける	5
笑い飛ばす	5
笑い物	0
笑い本	0
笑い話	4
笑い翡翠	0
笑い蕈	2
笑う	0
笑える	0
笑み	1
笑み割れる	4
笑む	1
笑われ者	0
笑顔	1
笑気	1
笑窪	1
笑劇	0
笑殺	0
笑止	1
笑止千万	1
笑声	0
笑茸	2
笑談	0
笑納	0
笑覧	0
笑話	0
笑翡翠	0
粧う	0
粧し屋	0
粧し込む	4
粧す	2
紹介	0
紹介者	3
紹介状	0
紹興酒	3
肖り者	0
肖る	3
肖像	0
肖像画	0
肖像権	3
菖蒲	0
菖蒲湯	3
蕉風	0
衝	1
衝き当たる	4
衝き当る	4
衝羽根	0
衝羽根樫	4
衝羽根空木	5
衝羽根草	0
衝羽根朝顔	6
衝撃	0
衝撃波	4
衝上断層	5
衝心	0
衝天	0
衝動	0
衝動タービン	5
衝動的	0
衝動買い	0
衝突	0
衝立	0
衝立て	0
衝立障子	5
裳	0
裳階	0
裳裾	0
裳層	1
裳着	1
訟務	1
証	0
証し	0
証す	1
証する	3
証印	0
証拠	0
証拠がため	4
証拠だてる	5
証拠金	0
証拠固め	4
証拠書類	4
証拠物	3
証拠物件	4
証拠立てる	5
証券	0
証券アナリスト	7
証券化	0
証券会社	5
証券市場	5
証券取引所	0
証言	0
証左	1
証紙	1
証書	0
証人	0
証人喚問	5
証人席	3
証人台	0
証跡	0
証票	0
証文	0
証明	0
証明書	5
証憑	0
詔	0
詔書	0
詔勅	0
詔命	0
詔令	0
詳しい	3
詳らか	3
詳解	0
詳記	1
詳言	0
詳細	0
詳察	0
詳述	0
詳説	0
詳注	0
詳註	0
詳伝	0
詳報	0
詳密	0
詳録	0
詳論	0
象	1
象さん	0
象る	3
象牙	0
象牙の塔	5
象牙細工	4
象牙質	3
象牙色	0
象牙椰子	4
象海豹	4
象眼	0
象棋	0
象亀	0
象戯	0
象形	0
象形文字	5
象限	0
象限儀	3
象使い	3
象虫	1
象徴	0
象徴詩	3
象徴主義	5
象徴的	0
象徴天皇制	0
象徴派	0
象皮病	0
象貌	0
象嵌	0
賞	1
賞する	3
賞める	2
賞玩	0
賞翫	0
賞金	0
賞讃	0
賞賛	0
賞詞	1
賞辞	1
賞状	0
賞嘆	0
賞歎	0
賞典	0
賞杯	0
賞牌	0
賞罰	1
賞美	1
賞品	0
賞味	1
賞味期間	5
賞与	1
醤	0
醤蝦	2
醤油	0
醤油粕	4
鉦	0
鉦鼓	1
鍾	1
鍾乳石	3
鍾乳洞	3
鍾馗	1
鍾馗水仙	4
鍾馗蘭	3
鐘	0
鐘状火山	5
鐘声	0
鐘鼎文	0
鐘堂	0
鐘撞堂	0
鐘乳石	3
鐘乳洞	3
鐘楼	0
障がい者	3
障の神	3
障む	2
障り	0
障る	0
障害	0
障害児	3
障害者	3
障害者教育	6
障害年金	5
障害物	3
障害物競走	7
障碍	0
障碍者	3
障子	0
障子紙	0
障泥	3
障泥烏賊	3
障蔽	0
障壁	0
障壁画	0
障屏	0
障礙	0
障礙者	3
鞘	1
鞘取り	0
鞘尻	4
鞘走る	4
鞘長	0
鞘当て	0
鞘味泥	3
鞘翅類	3
上	0
上々	0
上あご	0
上がけ	0
上がったり	4
上がり	0
上がりがまち	4
上がり下がり	3
上がり下り	3
上がり花	0
上がり口	0
上がり降り	3
上がり高	0
上がり込む	4
上がり場	0
上がり端	0
上がり段	3
上がり湯	0
上がり物	0
上がり目	0
上がり框	4
上がる	0
上げ	0
上げる	0
上げ下げ	2
上げ下ろし	0
上げ蓋	0
上げ床	0
上げ石	0
上げ膳	2
上げ膳据え膳	2
上げ足	0
上げ潮	0
上げ底	0
上げ板	0
上さん	0
上す	0
上ずる	3
上せる	0
上っ側	0
上っ張り	0
上っ調子	4
上っ皮	0
上っ面	0
上つ方	3
上の句	3
上の空	4
上べ	0
上まぶた	3
上り	0
上りつめる	5
上り下り	3
上り詰める	5
上り口	3
上り坂	0
上り線	0
上り端	0
上り調子	4
上り藤	3
上り列車	4
上る	0
上梓	1
上位	1
上位概念	4
上位互換性	1
上意	1
上意下達	1
上意討	0
上意討ち	0
上衣	0
上一段活用	7
上院	0
上院議員	5
上臼	0
上映	0
上越	0
上円下方墳	6
上演	0
上屋	0
上屋敷	3
上音	0
上下	1
上下水道	4
上下動	3
上家	0
上荷	0
上菓子	3
上回る	4
上廻る	4
上海語	0
上海料理	5
上界	0
上絵	0
上顎	0
上顎骨	4
上掛	0
上掛け	0
上滑べり	3
上滑り	3
上官	0
上期	2
上機嫌	3
上気	0
上気道	3
上記	1
上議	1
上客	0
上宮	0
上級	0
上級裁判所	0
上級財	3
上級生	3
上京	0
上玉	0
上句	1
上駒	0
上空	0
上靴	0
上掲	0
上景気	3
上計	0
上弦	0
上限	0
上古	1
上戸	1
上御一人	1
上向	0
上向き	0
上向く	3
上向線	3
上溝桜	5
上甲板	3
上皇	3
上綱	0
上行結腸	5
上刻	0
上告	0
上告審	4
上告理由	5
上座	0
上座部	3
上裁	0
上作	0
上策	0
上擦る	3
上使	1
上司	1
上枝	0
上紙	0
上肢	1
上歯	0
上質	0
上手	3
上手い	2
上手く	1
上手者	0
上手出し投げ	4
上手投げ	0
上手捻り	4
上手物	0
上酒	0
上首	1
上首尾	3
上寿	1
上宿	0
上出来	0
上述	0
上旬	0
上書	0
上書き	0
上女中	3
上床	0
上昇	0
上昇気流	5
上昇線	0
上昇率	3
上上	0
上乗	0
上乗せ	0
上乗り	0
上場	0
上場会社	5
上場株	3
上伸	0
上唇	4
上新粉	3
上申	0
上進	0
上人	1
上図	1
上水	0
上水道	3
上澄	0
上澄み	0
上世	1
上声	0
上製	0
上製本	0
上席	0
上石	0
上積み	0
上線	0
上船	0
上前	0
上疏	1
上訴	1
上奏	0
上層	0
上層雲	3
上層階級	5
上層気流	5
上層部	3
上層風	3
上草履	3
上側	0
上足	0
上体	0
上帯	0
上腿	0
上代	1
上代語	0
上達	0
上達部	4
上端	0
上段	0
上段の間	0
上値	0
上知	1
上智	1
上着	0
上張り	0
上調子	3
上長	0
上通	0
上帝	0
上底	0
上提	0
上程	0
上天	0
上天気	3
上貼り	0
上田	0
上塗	0
上塗り	0
上棟	0
上棟式	3
上湯	1
上等	0
上等品	0
上等兵	3
上騰	0
上得意	3
上二段活用	6
上忍	0
上納	0
上馬	1
上背	0
上白	0
上白糖	0
上半	0
上半期	3
上半身	3
上番	0
上盤	0
上皮	0
上皮細胞成長因子	4
上皮組織	4
上紐	0
上表	0
上表紙	3
上品	3
上不見桜	5
上付く	0
上布	1
上敷き	0
上部	1
上部構造	4
上物	0
上分別	3
上文	0
上聞	0
上米	2
上篇	0
上編	0
上辺	0
上包み	3
上方	0
上方歌舞伎	5
上方狂言	5
上方語	0
上方才六	5
上方贅六	0
上巳	1
上無	0
上面	0
上目	0
上目づかい	4
上目遣い	4
上目使い	4
上役	0
上薬	3
上諭	1
上様	1
上翼	0
上洛	0
上欄	0
上覧	0
上覧相撲	5
上履	0
上履き	0
上陸	0
上陸用舟艇	0
上略	0
上流	0
上流階級	5
上流社会	5
上例	0
上腕	0
上腕骨	3
上腕二頭筋	0
上框	4
上瞼	3
上簇	0
上翳	0
上膊	0
上臈	0
上蓆	3
上蔟	0
上釉	3
上鶲	3
丈	2
丈長	0
丈比べ	3
丈夫	0
丈余	1
丞相	0
乗	1
乗じる	0
乗す	1
乗ずる	0
乗せる	0
乗っかる	0
乗っける	0
乗っ取り	0
乗っ取る	3
乗っ切る	3
乗り	0
乗りうつる	4
乗りかえ	0
乗りかえる	4
乗りかかる	4
乗りかける	4
乗りこえる	4
乗りこなす	4
乗りそこなう	5
乗りつける	4
乗りまわす	4
乗り移る	4
乗り越える	4
乗り越し	0
乗り越す	3
乗り過ごす	4
乗り過す	4
乗り回す	4
乗り回る	4
乗り掛かる	4
乗り掛ける	4
乗り掛る	4
乗り換え	0
乗り換える	4
乗り換え駅	4
乗り気	0
乗り継ぐ	3
乗り降り	2
乗り合い	0
乗り合い船	5
乗り合い馬車	5
乗り合わす	4
乗り合わせる	5
乗り込む	3
乗り捨てる	4
乗り手	0
乗り出す	3
乗り上げる	4
乗り場	0
乗り心地	0
乗り切る	3
乗り組む	3
乗り続ける	5
乗り損なう	5
乗り替え	0
乗り替える	4
乗り遅れる	5
乗り潰す	4
乗り逃げ	0
乗り馴らす	4
乗り入る	3
乗り入れ	0
乗り入れる	4
乗り馬	0
乗り付ける	4
乗り物	0
乗り物酔い	0
乗る	0
乗るか反るか	4
乗移る	4
乗員	0
乗越える	4
乗越し	0
乗越す	3
乗回す	4
乗換	0
乗換え	0
乗換駅	4
乗換券	4
乗艦	0
乗気	0
乗客	0
乗継ぐ	3
乗降	0
乗降客	3
乗号	3
乗合	0
乗合い船	5
乗合い馬車	5
乗合自動車	6
乗合船	5
乗合馬車	5
乗根	0
乗算	0
乗車	0
乗車駅	3
乗車券	3
乗車口	3
乗手	0
乗出す	3
乗除	1
乗場	0
乗心地	0
乗数	3
乗数効果	5
乗積	0
乗船	0
乗組	0
乗組員	4
乗替え	0
乗逃げ	0
乗入れ	0
乗馬	0
乗馬服	3
乗物	0
乗物酔い	0
乗法	0
乗務	1
乗務員	3
乗用車	3
乗冪	0
乗羃	0
冗	1
冗員	0
冗官	0
冗句	1
冗語	0
冗舌	0
冗多	1
冗談	3
冗談口	3
冗談事	0
冗談半分	5
冗長	0
冗長性	0
冗長度	3
冗費	1
冗筆	0
冗物	1
冗文	0
冗漫	0
冗用	0
剰	1
剰え	1
剰す	2
剰員	0
剰語	0
剰銭	0
剰余	1
剰余価値	4
剰余金	0
城	0
城下	1
城下町	3
城外	1
城廓	0
城郭	0
城郭都市	5
城塞	0
城砦	0
城市	1
城主	1
城跡	0
城蹟	0
城代	1
城内	1
城府	1
城兵	0
城壁	0
城門	0
城塁	0
城楼	0
城址	0
場	0
場ちがい	2
場つなぎ	2
場なれ	0
場違い	2
場外	1
場外株	3
場外取引	5
場外馬券	5
場慣れ	0
場繋ぎ	2
場合	0
場所	0
場所塞ぎ	3
場所入	0
場所柄	0
場数	0
場代	0
場当たり	2
場当り	0
場内	1
場馴れ	0
場末	0
場味	0
場面	0
場立ち	0
嬢	1
嬢さん	0
嬢核	0
嬢細胞	3
嬢子	1
常	1
常々	2
常しえ	0
常しなえ	0
常とう	0
常とう句	3
常とう手段	5
常ならず	1
常に	1
常闇	0
常衣	1
常飲	0
常温	0
常夏	0
常夏月	4
常会	0
常滑焼	0
常滑焼き	0
常規	1
常軌	1
常客	0
常勤	0
常雇い	3
常光線	3
常香盤	0
常座	0
常在	0
常在戦場	0
常事	1
常時	1
常磁性	0
常磁性体	4
常識	0
常識家	0
常識的	0
常識哲学	6
常寂光土	5
常習	0
常習者	3
常習犯	3
常住	0
常住坐臥	5
常住不断	0
常住不滅	0
常宿	0
常春	0
常勝	0
常常	2
常食	0
常人	0
常数	3
常世	0
常世の国	0
常設	0
常設館	4
常節	0
常染色体	0
常体	0
常態	0
常談	0
常置	1
常駐	0
常套	0
常套句	3
常套手段	5
常灯	0
常灯明	3
常燈明	3
常道	0
常得意	3
常日頃	1
常任	0
常任委員	5
常任委員会	6
常任理事国	6
常磐黄櫨	4
常磐御柳	4
常磐津	0
常磐津節	0
常磐木	0
常備	1
常備軍	3
常備薬	3
常不軽	3
常歩	1
常法	0
常民	0
常務	1
常務取締役	1
常夜灯	0
常夜鍋	4
常用	0
常用漢字	5
常用者	3
常用手段	5
常用対数	5
常緑	0
常緑樹	4
常例	0
常連	0
情	0
情け	1
情けない	4
情け深い	5
情け知らず	4
情け無い	4
情け容赦	4
情ない	4
情愛	0
情意	1
情意投合	4
情炎	0
情歌	1
情火	1
情感	0
情宜	1
情義	1
情誼	1
情況	0
情況証拠	5
情景	0
情交	0
情死	0
情事	1
情実	0
情趣	1
情緒	1
情緒てんめん	1
情緒障害	4
情緒纒綿	1
情状	0
情状酌量	0
情深い	5
情人	0
情勢	0
情操	0
情操教育	5
情態	0
情知らず	4
情痴	1
情調	0
情動	0
情熱	0
情熱家	0
情念	1
情夫	2
情婦	1
情報	0
情報システム	5
情報スーパーハイウエー	12
情報化社会	6
情報科学	5
情報開示	5
情報管理	5
情報機器	5
情報検索	5
情報源	3
情報産業	5
情報誌	3
情報処理	5
情報処理技術者	9
情報通	0
情報通信	5
情報網	3
情報理論	5
情味	1
情無い	4
情慾	1
情欲	1
情理	1
情話	0
擾乱	0
条	0
条海豚	3
条款	0
条規	1
条件	3
条件づけ	0
条件闘争	5
条件反射	5
条件付き	0
条件付け	0
条件法	0
条項	0
条黒白蝶	6
条痕	0
条線	0
条虫	0
条幅	0
条文	0
条片	0
条目	0
条約	0
条理	1
条里制	0
条令	0
条例	0
杖	1
杖鼓	1
杖術	0
杖柱	1
杖道	0
浄い	2
浄め	3
浄める	3
浄衣	1
浄域	0
浄化	1
浄化槽	3
浄火	1
浄界	0
浄血	0
浄罪	0
浄財	0
浄写	0
浄書	0
浄水	0
浄水器	3
浄水場	0
浄水地	3
浄土	1
浄土教	0
浄土三部経	6
浄土宗	3
浄土真宗	4
浄瑠璃	0
浄瑠璃語	5
浄瑠璃語り	5
浄霊	0
浄玻璃	0
浄玻璃の鏡	8
状	0
状況	0
状況証拠	5
状況判断	5
状差し	3
状勢	0
状態	0
状態変化	5
状袋	3
畳	0
畳まる	3
畳みかける	5
畳みじわ	0
畳み椅子	3
畳み掛ける	5
畳み込む	4
畳み尺	0
畳み皴	0
畳み皺	0
畳む	0
畳鰯	4
畳韻	0
畳縁	0
畳屋	0
畳語	0
畳紙	3
畳字	0
畳尺	0
畳床	3
畳職	3
畳針	4
畳水練	4
畳替え	0
畳表	4
畳敷	0
畳敷き	0
蒸かす	2
蒸ける	2
蒸し	2
蒸しもの	2
蒸しパン	0
蒸し菓子	3
蒸し器	2
蒸し暑い	4
蒸し焼	0
蒸し焼き	0
蒸し蒸し	1
蒸し鳥	4
蒸し鍋	0
蒸し飯	2
蒸し風呂	0
蒸し物	2
蒸し返す	3
蒸す	1
蒸らす	2
蒸れる	2
蒸パン	0
蒸菓子	3
蒸器	2
蒸気	1
蒸気タービン	4
蒸気圧	3
蒸気機関	5
蒸気機関車	5
蒸気船	0
蒸気霧	3
蒸汽	1
蒸汽船	0
蒸散	0
蒸暑い	4
蒸焼	0
蒸焼き	0
蒸着	0
蒸発	0
蒸発計	0
蒸発皿	4
蒸発熱	4
蒸飯	2
蒸風呂	0
蒸物	2
蒸返す	3
蒸民	0
蒸餅	0
蒸溜	0
蒸留	0
蒸留酒	3
蒸留水	3
蒸篭	3
蒸籠	3
蒸餾	0
譲り	0
譲りうける	5
譲りわたす	5
譲り合い	0
譲り合う	4
譲り受ける	5
譲り状	0
譲り渡す	5
譲る	0
譲位	1
譲合	0
譲渡	1
譲渡可能定期預金証書	1
譲渡所得	4
譲渡性預金	6
譲渡担保	4
譲歩	1
譲与	1
譲葉	3
醸しだす	4
醸し出す	4
醸す	2
醸成	0
醸造	0
醸造酒	3
醸母	1
錠	1
錠剤	0
錠前	0
嘱する	2
嘱託	0
嘱託医	4
嘱託殺人	5
嘱望	0
嘱目	0
埴生	0
埴猪口	0
埴輪	0
飾り	0
飾りつけ	0
飾りつける	5
飾り鞍	0
飾り気	0
飾り車	4
飾り職	3
飾り石	3
飾り窓	4
飾り棚	0
飾り付け	0
飾り付ける	5
飾り物	0
飾り立てる	5
飾る	0
飾緒	1
飾職	3
飾窓	4
飾付	0
拭い去る	4
拭い取る	4
拭う	2
拭き込む	3
拭き取る	3
拭き消す	3
拭き掃除	3
拭く	0
植えつける	4
植える	0
植え込み	0
植え込む	3
植え替え	0
植え替える	4
植え付け	0
植え付ける	4
植え木	0
植わる	0
植込	0
植込み	0
植込む	3
植栽	0
植字	0
植字機	3
植樹	0
植樹祭	3
植生	0
植皮	0
植付	0
植付ける	4
植物	2
植物ウイルス	6
植物プランクトン	6
植物ホルモン	5
植物園	4
植物界	4
植物学	4
植物極	4
植物区系	5
植物群落	5
植物質	4
植物状態	5
植物人間	5
植物性	0
植物生態学	7
植物繊維	5
植物相	4
植物地理学	6
植物油	4
植民	0
植民地	3
植民地主義	6
植毛	0
植木	0
植木屋	0
植木鉢	3
植林	0
殖える	2
殖やす	2
殖財	0
殖産	0
殖産興業	5
殖民	0
殖民地	3
燭	1
燭魚	0
燭光	0
燭台	0
織	1
織り	1
織りあげる	4
織りなす	3
織り元	0
織り交ぜる	4
織り込み	0
織り込み済み	0
織り込む	3
織り子	0
織り糸	0
織り出す	0
織り上げる	4
織り色	0
織り成す	3
織り地	0
織り姫	2
織り模様	3
織り目	3
織る	1
織機	1
織元	0
織交ぜる	4
織工	0
織込み	0
織込む	3
織女	1
織女星	3
織成す	3
織地	0
織姫	2
織布	0
織物	2
織豊時代	5
織目	3
職	0
職として	1
職安	0
職位	1
職域	0
職印	0
職員	2
職員録	3
職階	0
職階制	0
職業	2
職業安定所	0
職業意識	5
職業教育	5
職業訓練	5
職業軍人	5
職業紹介所	0
職業団体	5
職業的	0
職業病	0
職業婦人	5
職業柄	0
職業別組合	7
職権	0
職権乱用	0
職工	0
職種	0
職住	1
職住一体	1
職掌	0
職場	0
職場闘争	4
職杖	0
職神	0
職人	0
職人気質	5
職制	0
職責	0
職層	0
職長	0
職能	0
職能給	3
職能代表制	0
職分	2
職別	0
職務	1
職務給	3
職務質問	4
職名	0
職歴	0
色	2
色々	0
色あせる	4
色ち買い	3
色っぽい	4
色つや	2
色づく	3
色とりどり	4
色どり	0
色は順	0
色み	3
色むら	0
色めき立つ	5
色めく	3
色んな	0
色ガラス	3
色悪	0
色違い	3
色艶	2
色鉛筆	3
色温度	3
色価	2
色界	2
色絵	0
色街	2
色覚	0
色覚異常	5
色感	0
色眼鏡	3
色気	3
色気違い	3
色鬼	2
色狂	3
色狂い	4
色見本	3
色遣い	3
色好い	3
色好み	3
色校正	3
色香	2
色合	0
色合い	0
色黒	0
色彩	0
色彩感覚	5
色彩調節	5
色刷	0
色刷り	0
色仕掛け	3
色使い	3
色指数	4
色止め	0
色糸	0
色紙	0
色視	0
色事	2
色事師	4
色弱	0
色取り	0
色取り取り	4
色取る	3
色収差	3
色出し	0
色女	3
色消し	0
色焼け	0
色硝子	3
色情	0
色情狂	0
色色	0
色神	0
色身	0
色数	3
色摺	0
色摺り	0
色盛り	3
色染め	0
色素	2
色素細胞	4
色素体	0
色素沈着	4
色素胞	0
色相	0
色即是空	5
色沢	0
色男	3
色値	0
色茶屋	2
色町	2
色聴	0
色調	0
色直し	3
色度	2
色道	2
色濃い	3
色白	0
色抜き	0
色斑	0
色付く	3
色付け	0
色物	2
色分け	0
色分解	3
色文	2
色柄	2
色変り	3
色変わり	3
色魔	2
色味	0
色無地	0
色模様	3
色盲	0
色目	3
色揚げ	4
色慾	0
色欲	0
色落ち	0
色里	2
色良い	3
色恋	2
色褪せる	4
触	1
触り	0
触り金	0
触り合う	3
触る	0
触れ	0
触れる	0
触れ回る	4
触れ合い	0
触れ合う	3
触れ込み	0
触れ込む	3
触れ書き	0
触れ太鼓	3
触回る	4
触覚	0
触覚器官	6
触角	0
触官	0
触感	0
触合い	0
触合う	3
触肢	1
触手	1
触手動物	4
触書	0
触書き	0
触診	0
触太鼓	3
触媒	0
触発	0
触法少年	5
食	1
食あたり	0
食い	1
食いかけ	0
食いしばる	4
食いしんぼう	3
食いしん坊	3
食いだめ	0
食いちがう	4
食いちぎる	0
食いっぱぐれ	0
食いっぱぐれる	6
食いっ逸れ	0
食いっ逸れる	6
食いつく	3
食いつなぐ	4
食いつぶす	4
食いとめる	4
食いはぐれる	5
食い意地	0
食い違い	0
食い違う	0
食い逸れ	0
食い逸れる	5
食い延ばす	4
食い下がる	4
食い下る	4
食い過ぎ	0
食い過ぎる	4
食い掛け	0
食い気	3
食い詰める	4
食い繋ぐ	4
食い荒す	4
食い荒らす	4
食い合い	0
食い合う	3
食い合せ	0
食い合わせ	0
食い込み	0
食い込む	3
食い頃	0
食い殺す	4
食い散らす	4
食い残し	0
食い残す	4
食い止める	4
食い初め	0
食い上げ	0
食い伸ばす	4
食い尽くす	4
食い積み	0
食い切る	3
食い千切る	0
食い足りない	0
食い代	0
食い潰す	4
食い摘み	0
食い倒す	4
食い倒れ	0
食い逃げ	0
食い道楽	3
食い入る	3
食い破る	4
食い縛る	4
食い付き	0
食い付く	3
食い扶持	0
食い物	3
食い放題	3
食い溜め	0
食う	1
食うや食わず	1
食えない	2
食す	2
食する	3
食ってかかる	1
食って掛かる	1
食べかけ	0
食べかける	4
食べかす	3
食べごろ	0
食べざかり	3
食べず嫌い	4
食べつける	4
食べもの	3
食べる	2
食べ汚す	0
食べ過ぎ	0
食べ過ぎる	4
食べ掛け	0
食べ掛ける	4
食べ合わせ	0
食べ頃	0
食べ散らす	4
食べ残し	0
食べ残す	4
食べ酔う	3
食べ盛り	3
食べ粕	3
食べ付ける	4
食べ物	3
食べ物屋	0
食べ歩き	0
食べ方	3
食べ滓	3
食み	2
食み出し	0
食み出す	3
食み出る	3
食む	1
食もたれ	3
食らいつく	4
食らい込む	4
食らい付く	4
食らう	0
食らわす	0
食らわせる	0
食わす	2
食わずぎらい	4
食わず嫌い	4
食わせる	3
食わせ者	0
食わせ物	0
食パン	0
食安	0
食違い	0
食違う	0
食餌	0
食餌療法	4
食塩	2
食塩水	3
食下がる	4
食下る	4
食火鶏	2
食害	0
食管法	0
食間	0
食器	0
食器棚	0
食蟻獣	0
食客	0
食休み	3
食券	0
食言	0
食後	0
食後酒	3
食紅	0
食合い	0
食合う	3
食合せ	0
食刻	0
食込む	3
食頃	0
食細胞	3
食材	0
食作用	3
食指	1
食止める	4
食事	0
食事療法	4
食習慣	3
食出	0
食初め	0
食傷	0
食傷気味	0
食人	0
食人種	3
食尽	0
食酢	0
食性	0
食生活	3
食積み	0
食切る	3
食千切る	0
食前	0
食前酒	3
食膳	0
食草	0
食卓	0
食卓塩	4
食中り	3
食中毒	3
食虫虻	5
食虫植物	6
食通	0
食摘み	0
食倒れ	0
食堂	0
食堂車	3
食道	0
食道がん	3
食道楽	3
食道癌	3
食道鏡	0
食肉	0
食肉加工品	0
食肉植物	6
食肉類	4
食入る	3
食破る	4
食縛る	4
食費	0
食品	0
食品衛生監視員	11
食品添加物	7
食品標準成分表	0
食付き	0
食付く	3
食物	2
食物繊維	5
食物油	4
食物連鎖	5
食分	0
食偏	0
食編	0
食胞	0
食味	0
食油	0
食用	0
食用蛙	5
食用菊	3
食用菌	0
食用色素	6
食用油	5
食養	0
食養生	3
食慾	0
食欲	0
食料	2
食料品	0
食糧	2
食糧管理制度	8
食糧管理法	0
食糧庁	3
食連星	3
食靠れ	3
食饌	0
蝕	1
蝕む	3
蝕害	0
蝕甚	0
辱	2
辱い	5
辱しめ	0
辱め	0
辱める	5
辱知	1
尻	2
尻からげ	3
尻がる	0
尻ごみ	3
尻すぼみ	3
尻たたき	3
尻っぺた	0
尻っ端折	4
尻っ端折り	4
尻つぼみ	3
尻ぬぐい	3
尻ぺた	0
尻隠し	3
尻押し	3
尻下がり	3
尻繋	2
尻軽	0
尻込み	3
尻窄まり	3
尻窄み	3
尻子玉	0
尻取	3
尻取り	3
尻重	0
尻焼烏賊	4
尻上がり	3
尻拭い	3
尻切れ	0
尻切れとんぼ	5
尻切れ蜻蛉	5
尻叩き	3
尻端折	3
尻端折り	3
尻当て	0
尻馬	0
尻抜け	0
尻尾	3
尻癖	0
尻毛	0
尻目	0
尻餅	3
尻輪	0
尻紮げ	3
尻餠	2
伸し	2
伸し掛かる	4
伸し掛る	4
伸し上がる	4
伸し上げる	4
伸し歩く	4
伸し餅	2
伸す	1
伸ばす	2
伸び	2
伸びやか	2
伸びる	2
伸び縮み	0
伸び上がる	4
伸び伸び	3
伸び盛り	3
伸び悩む	4
伸び率	2
伸べる	2
伸るか反るか	4
伸開線	0
伸筋	0
伸縮	0
伸縮自在	0
伸張	0
伸暢	0
伸長	0
伸展	0
伸度	1
伸餅	2
信	1
信じる	3
信じ込む	4
信ずる	3
信ぴょう性	0
信愛	0
信越	0
信楽焼	0
信楽焼き	0
信管	0
信義	1
信義則	3
信教	1
信仰	0
信仰告白	5
信仰者	3
信金	0
信玄袋	5
信号	0
信号旗	3
信号機	3
信号所	0
信号待ち	0
信士	1
信施	1
信実	1
信者	1
信受	1
信書	1
信書の秘密	1
信女	1
信証	0
信賞必罰	0
信条	0
信心	3
信心家	0
信組	1
信託	0
信託会社	5
信託銀行	5
信託契約	5
信託統治	5
信天翁	2
信徒	1
信任	0
信任状	0
信任投票	5
信認	0
信念	1
信濃金梅	4
信販	0
信夫摺り	0
信服	0
信奉	0
信望	0
信約	0
信用	0
信用協同組合	9
信用金庫	5
信用経済	5
信用残	3
信用取引	5
信用状	0
信用組合	5
信用貸し	0
信用調査	5
信用販売	5
信用保険	5
信用銘柄	5
信頼	0
信頼感	3
信頼係数	5
信頼醸成措置	9
信頼性	0
信頼度	3
信憑	0
信憑性	0
侵す	2
侵害	0
侵撃	0
侵攻	0
侵襲	0
侵食	0
侵蝕	0
侵奪	0
侵入	0
侵犯	0
侵掠	0
侵略	0
侵略者	4
侵略戦争	5
唇	0
唇音	0
唇歯音	3
唇歯輔車	1
唇腺	0
寝	0
寝かしつける	5
寝かし付ける	5
寝かす	0
寝かせる	0
寝がえり	0
寝ぐせ	0
寝ころぶ	3
寝ござ	0
寝ずの番	4
寝そべる	3
寝たきり	0
寝たきり老人	5
寝たばこ	2
寝だめ	0
寝つき	0
寝つく	2
寝ても覚めても	2
寝どこ	0
寝なおす	3
寝ぼける	3
寝る	0
寝れる	2
寝タバコ	2
寝圧し	0
寝椅子	0
寝衣	1
寝違え	0
寝違える	4
寝煙草	2
寝汚い	4
寝押し	0
寝屋	1
寝化粧	2
寝過ぎる	3
寝過ごす	3
寝覚め	0
寝掛け	3
寝巻	0
寝巻き	0
寝棺	0
寝汗	0
寝間	2
寝間着	0
寝顔	0
寝起き	0
寝技	0
寝業	0
寝業師	3
寝苦しい	4
寝具	1
寝言	0
寝惚け	3
寝惚ける	3
寝惚け眼	4
寝込み	0
寝込む	2
寝際	0
寝姿	2
寝耳	0
寝室	0
寝取る	2
寝酒	0
寝首	0
寝所	1
寝小便	4
寝床	0
寝場所	0
寝食	1
寝食い	0
寝心地	0
寝刃	0
寝正月	2
寝静まる	4
寝相	0
寝装品	0
寝息	0
寝待ち月	3
寝待月	3
寝袋	0
寝台	0
寝台券	3
寝台車	3
寝直す	3
寝転がる	4
寝転ぶ	3
寝殿	0
寝殿造	5
寝殿造り	5
寝道具	2
寝入り端	0
寝入る	2
寝泊まり	2
寝泊り	2
寝不足	0
寝付き	0
寝付く	2
寝部屋	0
寝物語	4
寝癖	0
寝返り	0
寝返る	3
寝坊	0
寝坊助	2
寝忘れる	4
寝様	0
寝乱れ髪	4
寝溜め	0
寝冷え	0
寝藁	0
寝穢い	4
寝茣蓙	0
寝蓙	0
審らか	3
審議	1
審議会	3
審議官	3
審議未了	1
審級	0
審決	0
審査	1
審査員	3
審査官	3
審尋	0
審訊	0
審判	0
審判委員	5
審判員	3
審判官	3
審判長	3
審美	1
審美学	3
審美眼	3
審美的	0
審問	0
審理	1
心	3
心から	2
心がけ	0
心がける	5
心がまえ	4
心して	3
心する	2
心づかい	4
心づく	4
心づくし	4
心づもり	4
心ない	4
心なし	0
心なしか	6
心ならずも	4
心のまま	2
心の底	0
心の友	5
心の糧	6
心の儘	0
心ばかり	4
心もとない	6
心より	3
心安い	5
心安立て	0
心意	1
心意気	0
心易い	5
心移り	4
心遺い	4
心因	0
心因反応	5
心猿	0
心温まる	7
心音	0
心外	0
心覚え	4
心学	0
心掛け	0
心掛ける	5
心肝	0
心眼	0
心願	0
心機	1
心機一転	1
心気	1
心気くさい	5
心気一転	1
心気臭い	5
心気症	0
心技	1
心休め	4
心許ない	6
心許り	4
心境	0
心強い	5
心筋	0
心筋梗塞	5
心筋症	0
心苦しい	6
心喰い虫	3
心喰虫	3
心血	1
心懸け	0
心懸ける	5
心遣い	4
心遣り	0
心後れ	4
心構え	4
心行く	0
心根	0
心魂	1
心細い	5
心材	0
心雑音	3
心算	0
心残り	4
心使い	4
心事	1
心耳	1
心室	0
心室細動	5
心寂しい	2
心弱い	5
心祝い	4
心緒	1
心証	0
心象	0
心丈夫	4
心情	0
心情的	0
心情倫理	5
心神	0
心神喪失	1
心神耗弱	1
心身	1
心身医学	5
心身症	3
心身障害児	7
心身障害者	7
心身二元論	6
心尽くし	4
心尽し	4
心酔	0
心髄	0
心性	0
心成し	0
心成しか	6
心静か	4
心積もり	4
心積り	4
心組	0
心組み	0
心像	0
心憎い	5
心臓	0
心臓まひ	5
心臓マッサージ	7
心臓移植	5
心臓形	0
心臓死	3
心臓神経症	0
心臓肥大	0
心臓病	0
心臓部	3
心臓弁膜症	0
心臓麻痺	5
心太	0
心打	1
心打ち	1
心待ち	0
心胆	0
心暖まる	7
心地	0
心地よい	4
心地好い	4
心地良い	4
心恥かしい	6
心置きなく	6
心置き無く	6
心中	0
心柱	3
心張り棒	0
心痛	0
心停止	3
心底	1
心的	0
心的外傷	5
心天	0
心添え	0
心電図	3
心土	1
心当たり	4
心当て	0
心当り	4
心頭	0
心得	3
心得る	4
心得違い	5
心得顔	0
心得難い	6
心内膜炎	6
心任せ	4
心念口称	5
心嚢	0
心肺	0
心配	0
心配り	4
心配事	0
心配性	0
心拍	0
心悲しい	5
心皮	1
心不全	3
心付く	4
心付け	0
心服	0
心腹	0
心柄	0
心変わり	4
心忙しい	6
心房	0
心房細動	5
心棒	1
心膜	1
心膜炎	4
心密かに	4
心無い	4
心有る	4
心頼み	4
心理	1
心理学	3
心理検査	4
心理言語学	6
心理主義	4
心理小説	4
心理戦	0
心理的	0
心理描写	4
心理療法	4
心立て	0
心療内科	5
心淋しい	5
心霊	0
心霊現象	5
心霊術	3
心労	0
心做し	0
心悸昂進	1
心悸亢進	1
慎しみ	0
慎ましい	4
慎ましやか	4
慎み	0
慎み深い	6
慎む	3
慎重	0
慎重論	3
振う	0
振られる	0
振り	0
振りあげる	4
振りかける	4
振りかざす	4
振りかぶる	4
振りがな	0
振りしぼる	4
振りそで	0
振りっ子	2
振りまく	3
振りまわす	4
振り下ろす	4
振り仮名	0
振り解く	4
振り回す	4
振り掛け	0
振り掛ける	4
振り起こす	4
振り起す	4
振り仰ぐ	4
振り向く	3
振り向ける	4
振り絞る	4
振り合い	0
振り合う	3
振り込み	0
振り込む	3
振り撒く	3
振り子	0
振り子時計	4
振り捨てる	4
振り出	0
振り出し	0
振り出し薬	5
振り出す	3
振り上げる	4
振り切る	3
振り袖	0
振り替え	0
振り替える	4
振り替え休日	5
振り当てる	4
振り逃げ	0
振り被る	4
振り付け	0
振り付け師	4
振り幅	0
振り払う	4
振り分け	0
振り分ける	4
振り分け荷物	5
振り分け髪	4
振り返る	3
振り放す	4
振り方	0
振り落す	4
振り落とす	4
振り乱す	4
振り離す	4
振り立てる	4
振り翳ざす	4
振り翳す	4
振る	0
振るい落す	5
振るい落とす	5
振るう	0
振るまい	0
振る舞い	0
振る舞う	3
振れる	0
振仮名	0
振回す	4
振掛け	0
振起	1
振興	0
振仰ぐ	4
振向く	3
振向ける	4
振絞る	4
振合い	0
振合う	3
振込み	0
振込む	3
振作	0
振子	1
振子時計	4
振捨てる	4
振粛	0
振出	0
振出し	0
振出し薬	5
振出す	3
振出人	0
振切る	3
振戦せん妄	5
振戦譫妄	5
振袖	0
振袖柳	5
振替	0
振替え	0
振替える	4
振旦	0
振当てる	4
振動	0
振動数	3
振付	0
振付け	0
振付け師	4
振付師	4
振舞	0
振舞い	0
振舞い酒	3
振舞い水	3
振舞う	3
振幅	0
振幅変調	5
振払う	4
振分ける	4
振返る	3
振放す	4
振方	0
振離す	4
振鈴	0
振盪	0
振顫	0
新	1
新しい	4
新しがり屋	0
新しがる	5
新た	1
新ためて	3
新らしい	4
新ジャガ	0
新スコラ学	5
新マルサス主義	7
新案	0
新案特許	5
新鋭	0
新円	0
新仮名遣	5
新仮名遣い	5
新芽	0
新海苔	0
新開	0
新開地	3
新学期	3
新潟	0
新株	1
新株引受権	8
新刊	0
新刊書	0
新巻	0
新幹線	3
新患	0
新館	0
新顔	0
新奇	1
新機軸	3
新紀元	3
新規	1
新記録	3
新妓	0
新宮	3
新旧	1
新居	1
新教	1
新教徒	3
新興	0
新興国	3
新興財閥	5
新興宗教	5
新蕎麦	0
新局面	4
新曲	0
新玉	0
新型	0
新形	0
新劇	0
新月	1
新券	0
新建ち	0
新建材	3
新憲法	3
新古	1
新古典派	0
新語	0
新口動物	5
新香	1
新穀	0
新婚	0
新婚旅行	5
新左翼	3
新妻	0
新作	0
新札	0
新参	0
新参者	0
新子	0
新字	0
新字体	3
新時代	3
新自由主義	6
新式	0
新車	0
新釈	0
新手	0
新種	0
新酒	0
新樹	1
新宗教	3
新修	0
新重商主義	7
新春	0
新所帯	3
新書	0
新書判	0
新嘗祭	4
新植民地主義	8
新進	0
新進気鋭	0
新進党	3
新人	0
新人王	3
新人類	3
新世界	3
新世界猿	6
新世帯	3
新制	0
新制度	3
新政	0
新政府	3
新星	0
新生	0
新生活	3
新生児	3
新生児メレナ	6
新生児黄疸	6
新生代	3
新生面	3
新精霊	3
新製品	3
新石器時代	6
新設	0
新説	0
新雪	0
新撰	0
新船	0
新選	0
新鮮	0
新素材	3
新装	0
新造	0
新造語	0
新卒	0
新多角的貿易交渉	12
新体	0
新体詩	3
新体制	3
新体操	3
新宅	0
新地	0
新築	0
新築祝い	5
新茶	0
新着	0
新著	1
新調	0
新陳代謝	5
新漬	0
新漬け	0
新弟子	0
新訂	0
新天地	3
新田	0
新党	1
新刀	0
新湯	0
新豆腐	3
新道	0
新内	0
新内節	0
新入	0
新入り	0
新入生	3
新入幕	3
新任	0
新熱帯区	5
新年	1
新年宴会	5
新年会	3
新派	1
新発	0
新発意	0
新版	0
新盤	0
新皮質	3
新品	0
新婦	1
新譜	0
新風	0
新仏	3
新聞	0
新聞屋	0
新聞記事	5
新聞記者	5
新聞広告	5
新聞紙	3
新聞辞令	5
新聞社	3
新聞種	0
新兵	1
新平民	3
新柄	0
新米	0
新篇	0
新編	0
新保守主義	5
新甫	1
新報	0
新法	0
新北区	3
新盆	0
新枕	3
新味	1
新蜜	0
新面目	3
新木	0
新約	0
新約聖書	5
新薬	1
新訳	0
新来	0
新涼	0
新緑	0
新例	0
新暦	0
新郎	0
新郎新婦	5
新論	0
新藁	0
晋山	0
森	0
森閑	0
森厳	0
森森	0
森青蛙	5
森羅万象	1
森林	0
森林公園	5
森林帯	0
森林地帯	5
森林鉄道	5
森林浴	3
森薊	3
榛	0
榛の木	1
浸かる	0
浸く	0
浸けっ放し	0
浸ける	0
浸し物	0
浸す	0
浸みる	0
浸る	0
浸剤	0
浸出	0
浸潤	0
浸食	0
浸蝕	0
浸水	0
浸染	0
浸漬	1
浸透	0
浸透圧	3
浸入	0
浸礼	0
深	0
深々	0
深い	2
深ける	2
深さ	2
深まる	3
深み	3
深める	3
深意	1
深遠	0
深奥	0
深化	1
深海	0
深海魚	3
深間	0
深閑	0
深沓	0
深靴	0
深見草	3
深呼吸	3
深交	0
深厚	0
深更	0
深紅	1
深耕	0
深刻	0
深刻化	0
深山	0
深山烏	4
深山嫁菜	4
深山鍬形	4
深山桜	4
深山幽谷	1
深山樒	4
深山鴉	4
深紫	4
深謝	1
深手	0
深酒	0
深秋	0
深傷	0
深情け	3
深深	0
深甚	0
深成岩	3
深青	0
深切	1
深雪	0
深川めし	4
深川飯	4
深浅	0
深層	0
深層心理学	7
深層水	3
深窓	0
深蒼	0
深長	0
深追い	0
深爪	0
深度	1
深読み	0
深入り	0
深発地震	5
深緋	2
深部	1
深部感覚	4
深淵	0
深編み笠	5
深謀	0
深謀遠慮	5
深味	3
深夜	1
深夜業	3
深憂	0
深履	0
深慮	1
深慮遠謀	1
深緑	0
深林	0
深潭	0
申	1
申し	1
申しあげる	5
申しつける	5
申しわけ	0
申し越し	0
申し越す	4
申し開き	0
申し開らく	5
申し兼ねる	5
申し合い	0
申し合わせ	0
申し合わせる	6
申し込み	0
申し込み順	0
申し込み書	0
申し込む	4
申し子	3
申し受ける	5
申し出	0
申し出で	0
申し出る	4
申し述べる	5
申し上げる	5
申し送る	0
申し遅れる	0
申し添える	5
申し伝える	0
申し渡す	5
申し入れ	0
申し入れる	5
申し付ける	5
申し分	0
申し分け	0
申し聞かせる	0
申し訳	0
申し訳け	0
申し訳ない	6
申し立て	0
申し立てる	5
申す	1
申楽	2
申合い	0
申合せ	0
申告	0
申告書	5
申込	0
申込み	0
申込み順	0
申込む	4
申込者	5
申込書	0
申出	0
申出で	0
申述	0
申述べる	5
申上げる	5
申請	0
申請者	3
申請書	0
申達	0
申伝える	0
申毒	0
申入	0
申付ける	5
申分け	0
申訳	0
申立	0
申立て	0
真	1
真しやか	4
真すぐ	1
真っしぐら	3
真っすぐ	3
真っ暗	3
真っ暗闇	4
真っ逆さま	3
真っ逆様	3
真っ向	3
真っ黒	3
真っ黒い	4
真っ黒け	0
真っ黒気	0
真っ最中	3
真っ心	3
真っ新	3
真っ芯	3
真っ正直	3
真っ正面	3
真っ盛り	3
真っ青	3
真っ赤	3
真っ先	3
真っ只中	4
真っ昼間	3
真っ直	3
真っ直ぐ	3
真っ直中	4
真っ当	0
真っ二つ	3
真っ白	3
真っ白い	4
真っ平	3
真っ平ご免	3
真っ平御免	3
真っ唯中	4
真っ裸	3
真に	1
真の	1
真ん円	0
真ん円い	4
真ん丸	0
真ん丸い	4
真ん真ん中	3
真ん前	3
真ん中	0
真鯵	0
真暗	3
真暗闇	4
真意	1
真意義	3
真一文字	4
真鰯	2
真因	0
真烏賊	1
真羽太	0
真影	0
真猿	0
真猿類	3
真横	0
真牡蠣	2
真下	3
真価	1
真夏	0
真夏日	3
真果	1
真河豚	0
真箇	1
真海鞘	2
真海豚	2
真核生物	5
真梶木	2
真割引	3
真葛	3
真鴨	0
真贋	0
真雁	1
真顔	0
真旗魚	2
真偽	1
真義	1
真弓	0
真魚鰹	3
真魚箸	3
真魚板	0
真菌	0
真菌症	0
真近	0
真近い	3
真空	0
真空管	0
真空蒸着	5
真空掃除機	7
真空包装	5
真桑瓜	3
真穴子	2
真剣	0
真剣勝負	5
真賢木	2
真言	0
真言宗	3
真言神道	5
真個	1
真菰	0
真後ろ	2
真鯉	0
真向	3
真向い	2
真向かい	2
真向き	0
真向こう	2
真孔雀	2
真紅	1
真黒	3
真骨頂	3
真昆布	2
真砂	0
真最中	3
真際	1
真榊	2
真作	0
真鯖	0
真四角	2
真子鰈	3
真似	0
真似る	0
真似事	0
真字	1
真字本	0
真実	1
真実一路	6
真実味	0
真珠	0
真珠貝	3
真珠婚式	4
真珠色	0
真珠層	3
真宗	0
真獣類	3
真書	1
真症	0
真章魚	2
真上	3
真情	0
真心	2
真新しい	5
真深	0
真芯	0
真人	0
真人間	2
真水	0
真髄	0
真澄鏡	3
真性	0
真正	0
真正直	2
真正面	2
真清水	2
真盛り	0
真西	0
真青	3
真赤	3
真跡	0
真蹟	0
真説	0
真先	3
真薦	0
真善美	3
真祖	1
真相	0
真打	1
真打ち	1
真鯛	0
真蛸	2
真只中	4
真鱈	0
真丹	0
真旦	0
真竹	0
真中	1
真昼	0
真昼間	3
真柱	3
真直	0
真直ぐ	3
真鶴	2
真諦	1
真田	0
真田虫	3
真田紐	3
真冬	0
真冬日	3
真東	2
真南	2
真如	1
真白	3
真白い	4
真麦	2
真帆	1
真犯人	3
真否	1
真皮	1
真美	1
真筆	0
真風	1
真物	1
真分数	3
真平	3
真壁	1
真北	1
真味	1
真婿	0
真名	1
真名鶴	2
真名本	0
真綿	0
真面	0
真面目	0
真面目腐る	5
真木	1
真夜中	2
真勇	0
真裸	3
真理	1
真理値	3
真率	0
真拆	1
真拆の葛	0
真摯	1
真鍮	0
真鯊	0
真鰺	0
真鰈	2
真鶸	0
神	1
神々	2
神々しい	5
神がかり	3
神さびる	4
神の言	1
神の言葉	1
神の使い	1
神の子	1
神の死	1
神の民	1
神位	1
神威	1
神意	1
神域	0
神隠し	3
神韻	0
神韻縹渺	0
神苑	0
神恩	0
神化	1
神火	1
神階	0
神格	0
神格化	0
神学	0
神学校	3
神学士	3
神楽	1
神楽歌	3
神楽月	3
神楽鮫	3
神楽獅子	4
神楽笛	3
神楽殿	3
神楽堂	0
神掛けて	1
神官	0
神器	1
神機	1
神気	1
神鬼	1
神亀	1
神技	1
神祇	1
神祇院	3
神祇官	3
神祇省	3
神祇伯	3
神義論	3
神宮	3
神宮寺	3
神去月	4
神境	0
神橋	0
神鏡	0
神業	0
神具	1
神経	1
神経ガス	5
神経ブロック	6
神経炎	3
神経科	0
神経過敏	1
神経系	0
神経細胞	5
神経質	3
神経症	0
神経衰弱	5
神経節	3
神経戦	0
神経線維	5
神経繊維	5
神経組織	5
神経叢	3
神経痛	0
神経伝達物質	9
神経毒	3
神経病	0
神経膠細胞	7
神詣で	3
神迎え	3
神剣	0
神懸かり	3
神懸り	3
神権	0
神権政治	5
神庫	1
神戸	1
神降ろし	3
神国	1
神座	0
神彩	0
神采	0
神在月	4
神札	0
神参り	3
神使	1
神子	1
神事	0
神事相撲	4
神璽	1
神鹿	0
神式	0
神社	1
神社神道	4
神社仏閣	1
神蛇	1
神主	1
神酒	1
神儒仏	1
神呪	0
神授	1
神樹	1
神州	1
神獣	0
神獣鏡	0
神出鬼没	0
神助	1
神嘗祭	4
神将	0
神職	1
神色	1
神色自若	0
神信心	3
神神	2
神神しい	5
神身	1
神人	0
神髄	0
神性	0
神政	0
神聖	0
神聖視	3
神仙	0
神仙思想	5
神前	0
神前結婚	5
神相撲	3
神葬	0
神送り	3
神像	0
神速	0
神族	1
神体	1
神代	2
神代杉	3
神代文字	5
神託	0
神棚	0
神勅	0
神通力	3
神典	0
神伝	0
神殿	0
神田	0
神田祭	4
神灯	0
神童	0
神道	1
神道五部書	1
神道十三派	1
神徳	0
神農	3
神馬	1
神罰	1
神秘	1
神秘主義	4
神秘的	0
神品	0
神父	1
神符	1
神武	1
神武以来	1
神武景気	4
神武天皇祭	6
神風	2
神仏	1
神仏混淆	1
神仏習合	1
神仏同体説	1
神兵	1
神別	0
神変	1
神宝	0
神妙	0
神無月	3
神名	0
神明	0
神明裁判	5
神明社	3
神明造	5
神明造り	5
神木	2
神門	0
神佑	0
神有月	4
神祐	0
神輿	0
神様	1
神頼み	3
神慮	1
神力	1
神霊	0
神話	0
神話学	3
神僊	0
神巫	0
神憑	3
神憑り	3
神漿	0
神祠	1
神籤	0
神籬	0
神饌	0
秦皮	0
紳士	1
紳士協定	4
紳士的	0
紳士服	3
紳士録	3
紳商	0
臣	1
臣下	1
臣事	1
臣従	0
臣籍	0
臣籍降下	5
臣節	0
臣服	0
臣民	3
芯	1
芯地	0
薪	0
薪割	0
薪割り	0
薪水	0
薪炭	0
薪能	3
親	2
親がかり	3
親しい	3
親しく	2
親しみ	0
親しみ深い	6
親しむ	3
親せき	0
親なし	0
親なし子	4
親ばか	0
親ぼく会	4
親もと	0
親愛	0
親芋	0
親衛	0
親衛隊	0
親閲	0
親王	3
親王家	0
親会社	3
親掛かり	3
親株	2
親機	2
親許	0
親局	2
親玉	0
親近	0
親近感	3
親兄弟	3
親権	0
親権者	3
親犬	0
親見出し	3
親元	0
親御	0
親交	0
親好	0
親孝行	3
親告	0
親告罪	4
親骨	0
親祭	0
親裁	0
親子	1
親子電話	4
親子丼	4
親思い	3
親指	0
親字	0
親時計	3
親署	1
親書	1
親勝り	3
親譲り	3
親心	3
親身	1
親仁	0
親水	0
親水コロイド	6
親水基	3
親水性	0
親征	0
親政	0
親戚	0
親石	2
親切	1
親切ごかし	5
親切気	4
親船	0
親善	0
親疎	1
親族	1
親族結婚	5
親代々	3
親代り	3
親代わり	3
親代代	3
親知らず	3
親柱	3
親潮	0
親鳥	2
親展	0
親電	0
親等	0
親日	0
親日家	0
親日派	0
親任	0
親任官	3
親任式	3
親猫	0
親馬鹿	0
親拝	0
親藩	0
親筆	0
親不孝	3
親不知	3
親父	0
親分	1
親文字	3
親兵	1
親米	0
親方	3
親睦	0
親睦会	4
親密	0
親無し	0
親無し子	4
親娘	1
親木	0
親爺	0
親油性	0
親友	0
親里	2
親離れ	3
親臨	0
親類	0
親類縁者	5
親類書き	0
親類付き合い	5
親和	0
親和力	3
親炙	1
親睨	3
診る	1
診査	1
診察	0
診察室	4
診断	0
診断書	5
診療	0
診療所	0
診療放射線技師	10
身	0
身がまえ	2
身がる	0
身ぐるみ	0
身ごしらえ	2
身ごなし	0
身ごもる	3
身じたく	2
身じろぎ	2
身じろぐ	3
身すぎ世すぎ	4
身だしなみ	0
身づくろい	2
身なり	1
身のほど	0
身のまわり	0
身の回り	0
身の廻り	0
身の上	0
身の上話	5
身の丈	2
身の代金	0
身の程	0
身の程知らず	5
身の毛	0
身びいき	2
身ぶり	1
身ぶるい	2
身もだえ	2
身もだえる	4
身もと	1
身も蓋もない	6
身も蓋も無い	6
身より	0
身位	1
身一つ	3
身屋	1
身過ぎ	0
身過ぎ世過ぎ	4
身奇麗	2
身寄り	0
身許	0
身共	1
身巾	1
身近	0
身近い	3
身空	0
身形	1
身軽	0
身軽い	3
身欠き鰊	4
身元	0
身元保証	4
身元保証人	0
身光	0
身口意	3
身構え	2
身構える	4
身頃	1
身仕度	2
身仕舞い	2
身支度	2
身持	0
身持ち	0
身舎	1
身受け	0
身重	0
身熟し	0
身勝手	2
身障児	3
身障者	3
身上	1
身上持ち	3
身丈	1
身心	0
身振	1
身振い	2
身振り	1
身神	0
身震い	2
身請	0
身請け	0
身銭	0
身繕い	2
身体	1
身体検査	5
身体障害	5
身体障害者	7
身体障害者手帳	10
身体装検器	7
身体髪膚	1
身体変工	5
身代	1
身代り	0
身代わり	0
身代金	0
身代限り	5
身知らず	2
身中	1
身長	0
身投げ	0
身動き	2
身動ぎ	2
身動ぐ	3
身毒	0
身内	0
身売り	0
身罷る	3
身幅	1
身分	1
身分証明	4
身分証明書	8
身分相応	1
身柄	0
身偏	0
身辺	1
身包み	0
身方	0
身命	1
身悶え	2
身悶える	4
身廊	0
身嗜み	0
身拵え	2
身滌	0
身籠る	3
身綺麗	2
身贔屓	2
辛	1
辛い	2
辛うじて	0
辛くも	1
辛さ	0
辛み	3
辛みそ	0
辛め	0
辛らつ	0
辛夷	0
辛亥	0
辛亥革命	5
辛卯	0
辛気	1
辛気くさい	5
辛気臭い	5
辛苦	1
辛口	0
辛酸	0
辛子	0
辛酒	3
辛勝	0
辛辛	0
辛党	0
辛酉	0
辛抱	1
辛抱強い	6
辛味	3
辛味噌	0
辛未	1
辛目	0
辛労	0
辛辣	0
進ずる	3
進ぜる	3
進ぶ	0
進み	0
進み出る	4
進む	0
進める	0
進んで	0
進化	1
進化主義	4
進化論	3
進学	0
進学率	4
進級	0
進境	0
進軍	0
進撃	0
進言	0
進攻	0
進航	0
進行	0
進行係	5
進行形	0
進行波	3
進行麻痺	5
進講	0
進貢	0
進士	1
進取	1
進出	0
進上	0
進水	0
進水式	3
進数	3
進奏	0
進退	1
進退伺	5
進退伺い	5
進退両難	1
進駐	0
進駐軍	3
進捗	0
進呈	0
進展	0
進度	1
進入	0
進発	0
進物	0
進物所	5
進歩	1
進歩主義	4
進歩的	0
進塁	0
進路	1
進路指導	4
針	1
針ねずみ	3
針のむしろ	1
針の穴	1
針の孔	1
針の山	1
針の筵	1
針もぐら	3
針医	2
針烏賊	2
針鰻	3
針眼	0
針灸	0
針魚	0
針供養	3
針金	0
針金虫	4
針桑	2
針穴写真機	6
針孔	0
針孔写真機	6
針山	0
針仕事	3
針刺し	3
針子	0
針術	1
針小棒大	0
針状	0
針千本	3
針鼠	3
針鉄鉱	3
針土竜	3
針箱	0
針目	3
針葉樹	3
針葉樹林	5
針路	1
針槐	3
針樅	2
震	1
震い	0
震いつく	4
震い付く	4
震う	0
震え	0
震える	0
震え音	3
震え上がる	5
震え声	4
震わす	0
震わせる	0
震央	0
震央距離	5
震害	0
震源	0
震源域	3
震源距離	5
震源時	3
震源地	3
震災	0
震災記念日	6
震旦	0
震天動地	5
震度	1
震蕩	0
震動	0
震幅	0
震撼	0
震盪	0
震顫	0
震駭	0
人	0
人々	2
人いきれ	0
人かげ	0
人ごと	0
人ごみ	0
人さし指	4
人さま	2
人さらい	3
人たち	2
人たらし	3
人だかり	0
人っ子	0
人っ子１人	6
人っ子ひとり	6
人っ子一人	6
人づて	0
人でなし	0
人で無し	0
人となり	0
人なつっこい	6
人の口	0
人の子	0
人びと	2
人べん	0
人まかせ	3
人もなげ	0
人も無げ	0
人らしい	4
人ゲノム解析計画	3
人位	1
人為	1
人為選択	4
人為的	0
人為淘汰	4
人為突然変異	8
人為分類	4
人違い	3
人違え	3
人一倍	0
人員	0
人員整理	5
人影	0
人煙	0
人屋	0
人家	1
人我	1
人懐かしい	6
人懐こい	5
人懐っこい	6
人海戦術	5
人界	0
人外	0
人外境	0
人垣	0
人格	0
人格化	0
人格権	4
人格者	3
人格主義	5
人格障害	5
人格神	4
人格神論	5
人慣れる	4
人間	0
人間くさい	6
人間らしい	6
人間ドック	5
人間科学	5
人間界	3
人間学	3
人間学的証明	0
人間関係	5
人間業	0
人間嫌い	5
人間工学	5
人間国宝	5
人間臭い	6
人間性	0
人間生態学	7
人間疎外	5
人間像	3
人間的	0
人間道	3
人間並み	0
人間味	0
人間模様	5
人間離れ	5
人寄せ	0
人気	0
人気稼業	4
人気株	3
人気者	0
人気取り	3
人気商売	4
人気投票	4
人泣かせ	3
人魚	1
人境	0
人喰い	0
人君	0
人形	0
人形回し	5
人形劇	3
人形遣い	5
人形使い	5
人形芝居	5
人形焼	0
人形焼き	0
人形浄瑠璃	5
人傑	0
人穴	0
人件費	3
人嫌い	3
人権	0
人権侵害	0
人権宣言	5
人権蹂躙	0
人権蹂躪	0
人絹	0
人見	0
人見知り	0
人減らし	0
人後	1
人語	1
人交り	3
人口	0
人口静態	5
人口統計	5
人口動態	5
人口密度	5
人口問題	5
人好き	0
人工	0
人工ふ化	5
人工栄養	5
人工衛星	5
人工甘味料	7
人工元素	5
人工言語	5
人工呼吸	5
人工呼吸器	6
人工呼吸法	6
人工降雨	5
人工芝	3
人工受精	5
人工受紛	5
人工授精	5
人工心肺	5
人工生命	5
人工雪	3
人工臓器	5
人工知能	5
人工地震	5
人工的	0
人工島	0
人工透析	5
人工妊娠中絶	9
人工放射性核種	10
人工放射性元素	10
人工林	3
人工孵化	5
人皇	0
人国記	3
人骨	0
人込	0
人込み	0
人混み	0
人魂	0
人差し指	4
人差指	4
人妻	0
人才	0
人災	0
人材	0
人材銀行	5
人材派遣業	6
人作り	3
人擦れ	0
人殺し	0
人参	0
人参エキス	5
人山	0
人斬り	0
人使い	3
人士	1
人指し指	4
人死に	0
人事	1
人事異動	4
人事院	3
人事課	0
人事管理	4
人事考課	4
人事訴訟	4
人事不省	1
人事部	3
人質	0
人車	1
人爵	0
人取り	0
人手	0
人手不足	4
人種	0
人種学	3
人種差別	4
人種主義	4
人種的偏見	0
人受け	0
人寿	1
人集り	0
人出	0
人助け	3
人称	0
人称代名詞	7
人笑わせ	3
人笑われ	3
人証	0
人情	1
人情噺	5
人情本	0
人情味	3
人情話	5
人食い	0
人食い人種	5
人心	0
人心地	0
人真似	0
人臣	0
人身	0
人身御供	4
人身攻撃	5
人身事故	5
人身売買	5
人身保護法	6
人人	2
人数	1
人摺れ	0
人世	1
人性	0
人生	1
人生観	3
人生航路	5
人生行路	5
人生哲学	6
人生派	0
人生模様	5
人生論	3
人声	0
人跡	1
人跡未到	0
人跡未踏	0
人雪崩	3
人選	0
人前	0
人捜し	3
人相	1
人相学	3
人相見	3
人相書	0
人相書き	0
人騒がせ	3
人造	0
人造バター	5
人造絹糸	5
人造湖	3
人造人間	5
人造石	3
人造石油	5
人造繊維	5
人造肥料	5
人造米	0
人造藍	5
人足	1
人足寄せ場	5
人足寄場	5
人体	1
人待ち顔	0
人代名詞	5
人達	2
人探し	3
人知	1
人知れず	0
人知れぬ	0
人智	1
人畜	0
人中	0
人柱	3
人長	0
人鳥類	3
人通り	0
人定	0
人定質問	5
人定尋問	5
人的	0
人的資源	5
人的資本	5
人的証拠	5
人伝	0
人当たり	0
人頭	0
人頭税	4
人道	1
人道主義	5
人道的	0
人徳	0
人馴れ	0
人馴れる	4
人肉	0
人日	0
人任せ	3
人熱れ	0
人脳	3
人波	0
人馬	1
人馬宮	3
人買い	0
人白血球抗原	9
人肌	0
人疲れ	3
人非人	0
人品	0
人付	0
人付き合い	3
人夫	1
人怖じ	0
人払い	3
人物	1
人物画	0
人物考査	5
人物像	4
人物評	4
人糞	0
人文	0
人文科学	5
人文字	0
人文主義	5
人文地理	5
人聞き	0
人柄	0
人並	0
人並み	0
人別	0
人別帳	0
人偏	0
人望	0
人本主義	5
人毎	3
人脈	0
人民	3
人民委員	5
人民解放軍	7
人民公社	5
人民裁判	5
人民主義	5
人民戦線	5
人民投票	5
人名	0
人名簿	3
人名用漢字	7
人名録	3
人命	0
人免疫不全ウイルス	11
人面	0
人面獣心	0
人面瘡	3
人目	0
人様	2
人欲	0
人頼み	3
人頼り	3
人里	0
人立ち	0
人力	0
人力車	4
人倫	0
人類	1
人類愛	3
人類学	3
人恋しい	5
人狼	0
人攫い	3
人籟	0
人繞	0
人虱	3
人誑し	3
仁	1
仁愛	0
仁王	2
仁王門	2
仁王立ち	0
仁王力	2
仁義	1
仁侠	0
仁君	0
仁兄	1
仁恵	0
仁座鯛	2
仁慈	1
仁者	1
仁術	1
仁恕	1
仁心	0
仁人	0
仁政	0
仁智	1
仁道	1
仁徳	0
仁輪加狂言	4
刃	1
刃こぼれ	2
刃金	0
刃向かう	3
刃傷	1
刃傷沙汰	0
刃針	0
刃先	0
刃渡	2
刃渡り	2
刃物	1
刃物三昧	4
刃物師	3
刃文	0
刃毀れ	2
塵	0
塵灰	0
塵界	0
塵芥	0
塵芥虫	2
塵紙	0
塵紙交換	5
塵捨て場	0
塵取り	3
塵手水	3
塵塚	0
塵肺	0
塵箱	3
塵払い	3
塵溜め	0
塵埃	0
壬	1
壬午	1
壬子	1
壬申	0
壬生菜	2
壬寅	0
壬戌	1
尋	1
尋ねる	3
尋ね者	0
尋ね人	3
尋ね物	0
尋常	0
尋常一様	0
尋常茶飯	5
尋問	0
甚い	2
甚く	1
甚しい	5
甚だ	0
甚だしい	5
甚だ以て	5
甚寒	0
甚句	1
甚振る	0
甚深	0
甚大	0
甚兵衛	1
甚兵衛鮫	3
甚平	0
甚平鮫	3
甚六	0
尽	1
尽かす	2
尽きせぬ	3
尽きはてる	4
尽きる	2
尽き果てる	4
尽く	3
尽くす	2
尽す	2
尽れる	0
尽忠	0
尽忠報国	5
尽日	0
尽未来	3
尽未来際	5
尽無し	0
尽滅	0
尽力	1
尽瘁	0
腎炎	1
腎結石	3
腎小体	3
腎症	0
腎石	0
腎臓	0
腎臓炎	3
腎臓結石	5
腎臓病	0
腎単位	3
腎不全	3
腎盂	1
腎盂炎	3
訊き返す	3
訊ねる	3
訊問	0
迅速	0
迅雷	0
陣	1
陣羽織	3
陣営	0
陣屋	3
陣笠	0
陣形	0
陣取り	3
陣取る	3
陣鉦	1
陣鐘	1
陣陣	0
陣太鼓	3
陣地	1
陣中	1
陣中見舞	5
陣中見舞い	5
陣痛	0
陣頭	0
陣頭指揮	5
陣皮	0
陣風	0
陣没	0
陣幕	1
陣門	0
陣容	0
陣立て	4
陣列	0
靭性	0
靭帯	1
靭皮	1
須く	3
須らく	3
須義	0
須恵器	2
須磨琴	3
須弥山	2
須弥壇	2
須要	0
須臾	2
須髯	0
酢	1
酢の物	2
酢貝	1
酢橘	0
酢肴	2
酢酸	0
酢酸エチル	5
酢酸鉛	5
酢酸菌	0
酢酸繊維素	7
酢洗い	2
酢蛸	2
酢漬	0
酢漬け	0
酢豚	1
酢憤	2
酢憤り	2
酢母草	0
酢味噌	2
酢和え	0
酢漿草	0
酢韲え	0
図	0
図々しい	5
図らずも	3
図る	2
図案	0
図案家	0
図画	1
図会	1
図解	0
図絵	1
図鑑	0
図形	0
図工	0
図子	1
図示	1
図式	0
図取り	0
図書	1
図書館	2
図書券	2
図書室	2
図書目録	3
図図しい	5
図星	0
図説	0
図像	0
図像学	2
図太い	3
図体	1
図南	0
図抜ける	0
図版	0
図表	0
図譜	1
図柄	0
図法	0
図面	0
図録	0
厨	0
厨芥	0
厨宰	0
厨子	1
厨子棚	0
厨人	0
厨房	0
逗留	0
吹かす	2
吹きかける	4
吹きこぼれる	5
吹きさらし	0
吹きしきる	4
吹きすさぶ	4
吹きつける	4
吹きぬける	4
吹きまくる	4
吹きよせ	0
吹き下ろす	4
吹き回し	0
吹き掛ける	4
吹き寄せ	0
吹き寄せる	4
吹き捲くる	4
吹き捲る	4
吹き荒ぶ	4
吹き荒む	4
吹き荒れる	4
吹き降り	0
吹き込み	0
吹き込む	3
吹き晒し	0
吹き散す	4
吹き散らす	4
吹き出し	0
吹き出す	3
吹き出る	3
吹き出物	0
吹き消す	3
吹き上げ	0
吹き上げる	4
吹き替え	0
吹き替える	4
吹き着ける	4
吹き通し	0
吹き通す	3
吹き渡る	0
吹き倒す	4
吹き曝し	0
吹き抜き	0
吹き抜け	0
吹き抜ける	4
吹き飛ばす	4
吹き飛ぶ	3
吹き頻る	4
吹き付ける	4
吹き払う	4
吹き物	2
吹き分ける	4
吹き変える	4
吹き返す	3
吹き募る	4
吹き矢	2
吹き遊ぶ	4
吹き流し	0
吹き溜まり	0
吹き溜り	0
吹く	1
吹っかける	4
吹っきれる	4
吹っ掛ける	4
吹っ切る	3
吹っ切れる	4
吹っ飛ばす	4
吹っ飛ぶ	3
吹革	0
吹掛ける	4
吹管	0
吹貫	0
吹貫き	0
吹寄せ	0
吹挙	1
吹荒れる	4
吹込み	0
吹込む	3
吹散らす	4
吹子	0
吹出す	3
吹出る	3
吹出物	0
吹上げ	0
吹雪	1
吹雪く	2
吹禅	0
吹奏	0
吹奏楽	3
吹奏楽器	5
吹奏楽団	5
吹替	0
吹替え	0
吹替える	4
吹聴	0
吹通し	0
吹渡る	0
吹抜け	0
吹抜ける	4
吹飛ばす	4
吹飛ぶ	3
吹付ける	4
吹物	2
吹変える	4
吹鳴	0
吹矢	2
吹螺	2
吹流し	0
垂	1
垂げ	2
垂らし	3
垂らし込む	4
垂らす	2
垂り穂	0
垂れ	2
垂れこめる	0
垂れる	2
垂れ下がる	4
垂れ絹	3
垂れ込み	0
垂れ込む	0
垂れ込める	0
垂れ桜	4
垂れ耳	2
垂れ桃	3
垂れ梅	3
垂れ髪	2
垂れ彼岸	4
垂れ壁	2
垂れ幕	0
垂れ目	0
垂れ柳	4
垂れ流し	0
垂れ流す	0
垂れ篭める	0
垂れ籠める	0
垂んとする	3
垂下	1
垂加神道	4
垂教	1
垂訓	0
垂死	0
垂示	0
垂耳	2
垂準	0
垂心	0
垂水	0
垂線	1
垂直	0
垂直圏	4
垂直思考	5
垂直線	4
垂直分布	5
垂乳根	0
垂髪	2
垂範	0
垂幕	0
垂木	0
垂楊	0
垂領	0
垂涎	1
垂纓	0
垂迹	0
帥	1
帥先	0
推して	0
推して知るべし	6
推し計る	4
推し進める	5
推し測る	4
推し立てる	4
推し量る	4
推す	0
推移	1
推鞠	0
推挙	1
推計	0
推計学	3
推考	0
推察	0
推参	0
推算	0
推奨	0
推称	0
推賞	0
推進	0
推進器	3
推進機	3
推進剤	3
推進力	3
推薦	0
推薦状	0
推測	0
推測る	4
推戴	0
推断	0
推知	1
推定	0
推定相続人	0
推認	0
推服	0
推問	0
推薬	1
推理	1
推理式	3
推理小説	4
推量	0
推量る	4
推力	1
推論	0
推論式	3
推敲	0
推鞫	0
水	0
水あげ	0
水あたり	3
水あめ	0
水いらず	3
水かき	3
水かけ論	4
水かさ	0
水がめ	0
水ぎわ	0
水くさい	4
水げんか	3
水こし	2
水こぼし	3
水しぶき	3
水すまし	3
水たき	0
水たまり	0
水っぱな	0
水っぽい	4
水っ鼻	0
水っ洟	0
水の花	5
水の華	5
水の泡	5
水の面	0
水はけ	0
水ぶくれ	0
水べ	0
水ほう	0
水まき	4
水まわり	3
水やり	0
水ようかん	3
水ガラス	3
水葵	3
水圧	0
水圧機	4
水虻	0
水飴	0
水位	1
水位計	0
水域	0
水稲	0
水引	0
水引幕	4
水飲み	4
水飲み百姓	5
水烏賊	2
水運	0
水雲	0
水泳	0
水泳競技	5
水煙	1
水屋	0
水桶	0
水温	0
水音	0
水化	0
水加減	3
水火	1
水禍	1
水菓子	3
水回り	3
水廻り	3
水貝	2
水害	0
水害地	3
水涯	0
水掛け論	4
水掛論	4
水割り	0
水干	0
水管	0
水癌	0
水機関	3
水気	0
水飢饉	3
水亀	0
水汲み	4
水球	0
水牛	0
水魚	1
水魚の交わり	1
水狂言	3
水郷	0
水鏡	3
水玉	0
水玉模様	5
水琴窟	3
水禽	0
水金	0
水金梅	3
水銀	0
水銀温度計	0
水銀気圧計	0
水銀剤	3
水銀整流器	7
水銀中毒	5
水銀柱	0
水銀電池	5
水銀灯	0
水軍	0
水系	0
水茎	0
水鶏	0
水芸	0
水月	1
水喧嘩	3
水圏	0
水遣り	0
水源	0
水源地	3
水虎の尾	5
水口	0
水垢	0
水垢離	0
水攻め	0
水耕	0
水耕法	0
水漉し	4
水差	3
水差し	3
水彩画	0
水彩絵の具	5
水栽培	3
水菜	0
水際	0
水際だつ	5
水際作戦	5
水際立つ	5
水捌け	0
水撒き	4
水産	0
水産学	3
水産業	3
水産庁	3
水産物	3
水酸化	0
水酸化アルミニウム	9
水酸化カリウム	7
水酸化カルシウム	8
水酸化ナトリウム	8
水酸化バリウム	7
水酸化鉄	5
水酸化物	5
水酸化物イオン	8
水酸基	3
水仕事	3
水子	0
水指	3
水指し	3
水死	0
水死体	0
水資源	3
水歯磨	4
水歯磨き	4
水字貝	3
水時計	3
水治療法	4
水質	0
水煮	0
水車	1
水車小屋	0
水蛇座	0
水主	1
水手	0
水腫	0
水周り	3
水臭い	4
水循環	3
水準	0
水準器	3
水準儀	3
水準測量	5
水商売	3
水晶	1
水晶貝	3
水晶玉	0
水晶婚式	5
水晶時計	5
水晶体	0
水松	1
水松貝	2
水松食	2
水松茶	2
水章魚	0
水上	0
水上スキー	6
水上機	3
水上競技	5
水上警察	5
水上生活者	8
水上飛行機	6
水場	0
水蒸気	3
水拭き	0
水色	0
水食	0
水蝕	0
水心	0
水浸し	0
水深	0
水神	0
水水しい	5
水水母	3
水炊	0
水炊き	0
水嵩	0
水澄	3
水澄し	3
水澄まし	3
水勢	0
水性	0
水性塗料	5
水成岩	3
水星	0
水棲	0
水棲動物	5
水生	0
水生昆虫	5
水生植物	6
水生動物	5
水盛り	2
水精	1
水石	0
水責め	0
水切り	0
水仙	0
水先	0
水先案内	5
水栓	0
水浅葱	3
水洗	0
水洗い	3
水線	0
水船	0
水素	1
水素イオン	4
水素イオン濃度	7
水素結合	4
水素細菌	4
水素添加	4
水素電極	4
水素爆弾	4
水掻き	3
水槽	0
水争い	3
水草	0
水葬	0
水葬礼	3
水霜	0
水増し	0
水族館	4
水損	0
水太り	3
水苔	0
水蛸	0
水蜘蛛	0
水茶屋	0
水着	0
水中	0
水中り	3
水中花	3
水中眼鏡	5
水中銃	3
水中毒	3
水中翼船	5
水柱	0
水注	0
水注ぎ	0
水虫	0
水張り	0
水脹れ	0
水鳥	0
水漬く	2
水底	0
水締め	0
水滴	0
水鉄砲	3
水天	0
水天彷彿	0
水天髣髴	0
水田	0
水当り	3
水痘	0
水筒	0
水頭症	0
水道	0
水道管	0
水道局	3
水毒	1
水遁	0
水呑み	4
水呑み百姓	5
水凪鳥	4
水薙鳥	4
水楢	0
水難	0
水入らず	3
水入り	0
水入れ	4
水嚢	0
水芭蕉	3
水馬	0
水杯	3
水盃	3
水媒花	3
水秤	3
水白粉	3
水爆	0
水抜き	0
水斑	0
水飯	0
水盤	0
水肥	0
水飛沫	3
水尾	0
水鼻	0
水瓶	0
水瓶座	0
水不足	3
水夫	0
水風呂	0
水腹	0
水物	0
水分	1
水文	0
水文学	3
水兵	1
水兵服	3
水平	0
水平器	3
水平距離	5
水平思考	5
水平線	0
水平動	3
水平尾翼	5
水平分布	5
水平面	3
水辺	0
水母	0
水泡	0
水膨れ	0
水防	0
水墨	0
水墨画	0
水墨山水	5
水没	0
水翻し	0
水魔	1
水枕	3
水俣病	0
水沫	0
水蜜	0
水蜜桃	0
水脈	0
水無月	2
水無月祓	5
水明	0
水明かり	3
水明り	3
水綿	3
水面	0
水面下	3
水木	0
水餅	0
水紋学	3
水門	0
水薬	1
水油	3
水遊び	3
水揚げ	0
水曜	3
水曜日	3
水様液	3
水溶液	3
水溶性	0
水羊かん	3
水羊羹	3
水羊羮	3
水浴	0
水浴び	0
水雷	0
水雷艇	0
水絡繰	3
水絡繰り	3
水落	0
水落ち	2
水利	1
水利権	3
水理	1
水理学	3
水陸	1
水陸両用	1
水流	0
水流ポンプ	5
水溜	0
水溜まり	0
水溜り	0
水量	0
水量計	0
水力	1
水力学	4
水力発電	5
水冷	0
水冷式	0
水練	1
水路	1
水漏れ	0
水牢	0
水和	0
水和物	3
水洟	0
水濾	2
水濾し	2
水烟	1
水爬虫	0
水甕	0
水疱	0
水疱瘡	3
水蘚	0
水蟇	0
水蟷螂	3
水黽	0
炊きたて	0
炊き合せ	0
炊き合わせ	0
炊き込みご飯	5
炊き込み御飯	5
炊き込む	3
炊き出し	0
炊き立て	0
炊く	0
炊ぐ	2
炊ける	0
炊さん	0
炊たて	0
炊込みご飯	5
炊込み御飯	5
炊事	0
炊事場	0
炊出し	0
炊飯	0
炊飯ジャー	5
炊飯器	3
炊夫	1
炊婦	1
炊立て	0
炊爨	0
睡い	0
睡たい	0
睡らす	0
睡らせる	0
睡る	0
睡気	0
睡魔	1
睡眠	0
睡眠剤	3
睡眠不足	5
睡眠薬	3
睡蓮	1
粋	0
粋がる	3
粋狂	1
粋作り	3
粋人	0
翠	1
翠玉	0
翠松	0
翠色	0
翠黛	0
翠嵐	0
衰え	0
衰える	4
衰え果てる	6
衰運	0
衰残	0
衰死	0
衰弱	0
衰色	0
衰世	0
衰勢	0
衰退	0
衰兆	0
衰微	1
衰亡	0
衰滅	0
衰耗	0
衰頽	0
遂げる	0
遂せる	3
遂に	1
遂行	0
酔い	2
酔いしれる	4
酔いつぶす	4
酔いつぶれる	5
酔いどれ	0
酔い覚め	0
酔い止め	0
酔い心地	0
酔い醒め	0
酔い痴れる	4
酔い潰す	4
酔い潰れる	5
酔う	1
酔っぱらい	0
酔っぱらう	0
酔っ払い	0
酔っ払う	0
酔漢	0
酔眼	0
酔眼もうろう	0
酔眼朦朧	0
酔顔	0
酔客	1
酔狂	1
酔興	1
酔拳	0
酔象	0
酔生夢死	5
酔態	0
酔払い	0
酔払う	5
酔歩	1
酔余	1
錐	1
錐もみ	0
錐体路	3
錐揉み	0
錘	2
錘形	0
錘状	0
錘鰤	3
随う	0
随に	2
随意	1
随意に	0
随意筋	0
随意契約	4
随一	1
随員	0
随感	0
随喜	0
随喜の涙	1
随行	0
随行員	3
随時	1
随従	0
随順	0
随処	1
随所	1
随神	0
随身	0
随星	0
随想	0
随想録	3
随伴	0
随伴植物	6
随筆	0
随筆家	0
随分	1
瑞	1
瑞雲	0
瑞気	0
瑞獣	0
瑞祥	0
瑞瑞しい	5
瑞兆	0
瑞鳥	0
瑞穂の国	0
瑞宝章	3
髄	1
髄液	1
髄質	0
髄鞘	0
髄虫	1
髄脳	0
髄膜	0
髄膜炎	4
崇める	3
崇敬	0
崇高	0
崇拝	0
崇拝者	3
嵩	2
嵩ずる	4
嵩む	0
嵩呼	1
嵩高	0
嵩高い	4
嵩上げ	0
嵩張る	3
数	1
数々	1
数え	3
数える	3
数え歌	3
数え上げる	5
数え切れない	5
数え年	3
数え立てる	5
数か月	3
数か所	3
数の子	0
数カ月	3
数カ所	3
数ケ月	3
数ケ所	3
数ヶ月	3
数ヶ所	3
数箇所	3
数回	0
数学	0
数学者	3
数学的帰納法	0
数学的論理学	9
数奇	1
数奇屋	0
数奇屋造り	4
数寄	2
数寄屋	0
数寄屋造り	4
数寄屋足袋	4
数寄者	2
数限りない	1
数個	1
数行	0
数刻	0
数詞	0
数字	0
数字句	0
数字譜	3
数時間	3
数次	1
数次旅券	4
数式	0
数社	1
数取り	2
数珠	1
数珠つなぎ	3
数珠玉	0
数珠繋ぎ	3
数珠藻	0
数種類	3
数人	0
数数	1
数多	1
数値	1
数値解析	4
数値制御	4
数直線	3
数滴	0
数的	0
数度	1
数等	0
数日	0
数年	0
数表	0
数分	0
数枚	0
数理	1
数理言語学	6
数理哲学	5
数理論理学	6
数量	3
数量的	0
数列	0
枢	1
枢機	1
枢機卿	3
枢戸	3
枢軸	0
枢軸国	4
枢密	0
枢密院	4
枢要	0
趨く	3
趨る	2
趨向	0
趨勢	0
雛	0
雛あられ	3
雛の錫杖	1
雛菓子	3
雛芥子	2
雛妓	1
雛菊	2
雛型	0
雛形	0
雛祭	3
雛祭り	3
雛諸子	3
雛人形	3
雛僧	0
雛壇	2
雛段	2
雛鳥	2
雛豆	3
雛遊び	3
雛罌粟	2
雛霰	3
据えつける	4
据える	0
据え膳	2
据え置き	0
据え置く	0
据え付け	0
据え付ける	4
据え風呂	0
据え物	0
据る	3
据わる	0
据膳	0
据置き	0
据付	0
据風呂	0
杉	0
杉垣	0
杉原紙	4
杉戸	0
杉菜	0
杉材	0
杉叢	2
杉苔	0
杉箸	0
杉皮	2
杉並木	3
杉林	3
椙	0
菅	0
菅笠	3
菅藻	0
頗る	3
頗梨	1
雀	0
雀の槍	0
雀の鉄砲	0
雀の稗	5
雀の涙	5
雀蛾	3
雀色	0
雀荘	0
雀鯛	3
雀鷹	1
雀卓	0
雀斑	3
雀蜂	3
雀躍	0
雀羅	1
雀卵斑	3
雀榕	1
雀鷂	1
裾	0
裾よけ	0
裾回し	3
裾刈り	0
裾取り	0
裾除け	0
裾着	0
裾払い	3
裾分け	0
裾模様	3
裾野	0
澄し汁	4
澄まし	3
澄ましバター	4
澄まし屋	0
澄まし汁	4
澄ます	2
澄みきる	3
澄み切る	3
澄み渡る	4
澄む	1
澄明	0
摺り	2
摺りガラス	3
摺り合せ	0
摺り合せる	0
摺り合わせ	0
摺り合わせる	0
摺り込み染	0
摺り込み染め	0
摺り込む	3
摺り硝子	3
摺り染	0
摺り染め	0
摺り足	0
摺り替える	0
摺り箔	0
摺り鉢	2
摺り付ける	4
摺り本	0
摺る	1
摺ガラス	3
摺硝子	3
摺足	0
摺箔	0
寸	1
寸々	0
寸暇	1
寸詰まり	0
寸劇	0
寸隙	0
寸言	0
寸刻	0
寸志	1
寸止め	0
寸時	1
寸借	0
寸借詐欺	5
寸進尺退	0
寸寸	0
寸前	0
寸善尺魔	5
寸足らず	3
寸断	0
寸鉄	0
寸土	1
寸胴	0
寸評	0
寸描	0
寸秒	0
寸分	0
寸法	0
寸毫	0
世	1
世々	1
世にも	1
世のならい	1
世の習い	1
世の常	1
世の中	2
世過ぎ	0
世界	1
世界一	2
世界観	2
世界記録	4
世界恐慌	4
世界銀行	4
世界経済	4
世界語	0
世界公民	4
世界史	2
世界時	2
世界主義	4
世界宗教	4
世界新記録	6
世界政策	4
世界像	2
世界大戦	4
世界中	0
世界的	0
世界貿易機関	1
世慣れる	3
世間	1
世間ずれ	0
世間なみ	0
世間ばなれ	4
世間擦れ	0
世間体	0
世間知らず	4
世間的	0
世間並み	0
世間離れ	4
世間話	4
世紀	1
世紀末	3
世局	0
世銀	0
世継	0
世継ぎ	0
世故	1
世才	0
世嗣	0
世子	1
世事	1
世辞	0
世辞者	0
世捨て人	3
世襲	0
世上	0
世情	0
世人	1
世世	1
世相	0
世俗	0
世俗化	0
世俗的	0
世尊	1
世帯	2
世帯主	2
世態	0
世代	1
世代間倫理	6
世代交代	4
世知	1
世知辛い	4
世智	1
世直し	2
世伝	0
世渡り	2
世途	1
世道人心	1
世馴れる	3
世評	0
世柄	0
世変	0
世務	1
世迷い言	0
世迷言	0
世離れる	4
世論	1
世論調査	4
世話	2
世話好き	0
世話女房	3
世話焼き	4
世話人	0
世話物	0
世話役	0
瀬	1
瀬戸	1
瀬戸引き	0
瀬戸際	0
瀬戸焼	0
瀬戸焼き	0
瀬戸物	0
瀬取り	0
瀬取り船	4
瀬取船	4
瀬田蜆	3
瀬踏み	0
畝	1
畝間	0
畝織	0
畝織り	0
是	0
是々非々	3
是が非でも	1
是っ切り	5
是位	0
是見よがし	4
是式	0
是丈	4
是是非非	3
是是非非主義	5
是正	0
是生滅法	0
是切り	4
是程	0
是等	2
是認	0
是非	1
是非とも	1
是非ない	1
是非もない	1
是非も無い	1
是非共	1
是非曲直	1
是非是非	1
是非無い	1
凄い	2
凄く	2
凄じい	4
凄まじい	4
凄み	3
凄む	2
凄艶	0
凄惨	0
凄絶	0
凄文句	3
凄味	3
凄烈	0
凄腕	0
制	1
制す	1
制する	3
制圧	0
制海権	3
制汗剤	3
制癌剤	3
制球	0
制球力	3
制禦	1
制空権	3
制限	3
制限酵素	5
制限時間	5
制限戦争	5
制御	1
制御器	3
制御機	3
制御盤	0
制御棒	3
制裁	0
制作	0
制作費	4
制札	0
制酸剤	3
制酸薬	3
制止	0
制式	0
制勝	0
制震	0
制水弁	3
制定	0
制度	1
制度化	0
制度学派	4
制統	0
制動	0
制動機	3
制動放射	5
制覇	1
制服	0
制服組	0
制帽	0
制約	0
制欲	0
制令	0
制馭	1
勢	1
勢い	3
勢いづく	5
勢いよく	5
勢い込む	5
勢い付く	5
勢い良く	5
勢ぞろい	3
勢み	0
勢み車	4
勢む	1
勢威	1
勢家	1
勢子	1
勢至菩薩	4
勢車	4
勢揃	3
勢揃い	3
勢門	0
勢力	1
勢力家	0
勢力均衡	1
勢力圏	4
勢力伯仲	1
勢力範囲	5
姓	1
姓氏	1
姓名	1
姓名判断	5
征する	3
征圧	0
征夷	1
征夷大将軍	1
征衣	1
征韓論	3
征戦	0
征途	1
征討	0
征伐	1
征服	0
征矢	1
征露	1
性	1
性フェロモン	3
性ホルモン	3
性愛	0
性悪	0
性悪説	3
性科学	3
性海	0
性格	0
性格検査	5
性格描写	5
性感	0
性感染症	5
性感帯	0
性器	1
性技	1
性急	0
性教育	3
性具	1
性形質	3
性交	0
性向	0
性行	0
性行為	3
性行為感染症	8
性行動	3
性根	0
性差	1
性差別	3
性細胞	3
性質	0
性情	0
性状	0
性生活	3
性染色体	0
性腺	0
性腺刺激ホルモン	8
性善	0
性善説	3
性体験	3
性徴	0
性懲り	0
性的	0
性的倒錯	0
性転換	3
性淘汰	3
性道徳	3
性能	0
性反応	3
性犯罪	3
性比	1
性病	0
性風俗	3
性分	0
性癖	0
性別	0
性別役割分業	9
性暴力	3
性役割	3
性慾	0
性欲	0
性理学	3
成さしめる	4
成し遂げる	4
成す	1
成り	2
成りすます	4
成り下がる	4
成り下る	4
成り果てる	4
成り金	0
成り駒	0
成り行き	0
成り行き注文	5
成り込む	3
成り済ます	4
成り手	3
成り上がり	0
成り上がり者	0
成り上がる	4
成り上る	4
成り丈	0
成り切る	0
成り代わる	4
成り変わる	4
成り木責め	0
成り立ち	0
成り立つ	3
成る	1
成るたけ	0
成るべく	0
成る可く	0
成る丈	0
成る程	0
成れの果て	0
成案	0
成育	0
成員	0
成因	0
成下がる	4
成下る	4
成果	1
成果てる	4
成果物	3
成吉思汗鍋	7
成吉思汗料理	7
成魚	1
成業	0
成金	0
成句	1
成型	0
成形	0
成形手術	5
成犬	0
成語	0
成功	0
成功報酬	5
成功裡	3
成功率	3
成行	0
成行き	0
成行き注文	5
成行注文	5
成劫	0
成婚	0
成算	0
成手	3
成就	1
成熟	0
成熟分裂	5
成書	1
成女	1
成上がる	4
成上り	0
成丈	0
成人	0
成人の日	6
成人映画	5
成人教育	5
成人式	3
成人病	0
成績	0
成層	0
成層火山	5
成層圏	3
成体	0
成虫	0
成長	0
成長ホルモン	5
成長株	3
成長期	3
成長曲線	5
成長点	3
成長率	3
成鳥	0
成程	0
成典	0
成道	0
成道会	3
成年	0
成年式	3
成年者	3
成敗	1
成否	1
成仏	1
成分	1
成文	0
成文化	0
成文憲法	5
成文法	0
成文律	3
成約	0
成立	0
成立ち	0
成立つ	3
政	0
政界	0
政客	0
政教	0
政教分離	5
政局	0
政経	0
政権	0
政権争い	5
政見	0
政見放送	5
政綱	0
政策	0
政事	1
政治	0
政治意識	4
政治運動	4
政治屋	0
政治家	0
政治過程	4
政治学	3
政治活動	4
政治経済学	6
政治結社	4
政治権力	4
政治献金	4
政治資金	4
政治生命	4
政治責任	4
政治団体	4
政治的	0
政治哲学	5
政治道徳	4
政治犯	3
政治力	3
政所	3
政商	0
政情	0
政争	0
政体	0
政談	0
政庁	0
政敵	0
政党	0
政党交付金	0
政党政治	5
政党内閣	5
政道	0
政府	1
政府案	3
政府開発援助	8
政府管掌健康保険	12
政府筋	3
政府短期証券	7
政府米	0
政府保証債	5
政柄	0
政変	0
政務	1
政務官	3
政務次官	4
政略	0
政略結婚	5
政令	0
政令指定都市	8
政論	0
整う	3
整える	4
整形	0
整形外科	5
整形手術	5
整合	0
整合性	0
整合説	3
整骨	0
整骨院	4
整式	0
整序	1
整除	1
整数	3
整数論	3
整斉	0
整然	0
整体	0
整地	0
整腸	0
整調	0
整頓	0
整髪	0
整髪料	4
整版	0
整備	1
整備士	3
整風	0
整復	0
整容	0
整理	1
整理屋	0
整理箪笥	4
整流	0
整流器	3
整流子	3
整流板	0
整列	0
星	0
星くず	0
星ぞら	0
星まつり	3
星葦毛	3
星烏	3
星雲	0
星雲説	3
星影	3
星河	1
星回り	3
星学	0
星間	0
星間雲	3
星間吸収	5
星間塵	3
星間物質	5
星空	0
星屑	0
星型	0
星形	0
星月	2
星月夜	3
星座	0
星座図	3
星座早見	4
星彩	0
星祭り	3
星鮫	2
星取り表	0
星取表	0
星寿	1
星宿	0
星条旗	3
星状体	0
星食	0
星図	0
星石	2
星占い	3
星草	0
星霜	0
星辰	0
星団	0
星虫	0
星斗	1
星表	0
星味泥	3
星明かり	3
星明り	3
星目	0
星夜	1
星屎	0
星鴉	3
晴	2
晴々	3
晴々しい	5
晴やか	2
晴らす	2
晴れ	2
晴れがましい	5
晴れて	1
晴ればれ	3
晴れやか	2
晴れる	2
晴れ間	3
晴れ姿	3
晴れ上がる	4
晴れ晴	3
晴れ晴れ	3
晴れ晴れしい	5
晴れ着	3
晴れ渡る	4
晴れ舞台	3
晴雨	1
晴雨計	0
晴間	3
晴眼者	3
晴好雨奇	5
晴耕雨読	5
晴晴	1
晴着	3
晴天	0
晴天の霹靂	0
晴天域	3
晴渡る	4
晴曇	0
晴舞台	3
晴夜	1
晴嵐	0
晴朗	0
棲み分け	0
棲む	1
棲家	1
棲息	0
栖	1
栖む	1
栖息	0
正	1
正々堂々	0
正しい	3
正しく	2
正す	2
正に	1
正悪	0
正安	0
正位	1
正意	1
正一位	4
正員	0
正閏	0
正塩	0
正応	0
正横	0
正音	1
正価	1
正課	1
正貨	1
正解	0
正格	0
正格活用	5
正確	0
正覚	0
正覚坊	4
正楽	0
正割	0
正観音	3
正眼	0
正気	1
正気づく	4
正気付く	4
正規	1
正規曲線	4
正規軍	3
正規表現	4
正規分布	4
正義	1
正義感	3
正義漢	3
正客	0
正教	1
正教員	3
正業	0
正極	0
正金	0
正金銀行	5
正訓	0
正慶	0
正系	0
正月	4
正絹	0
正見	0
正元	0
正弦	0
正弦曲線	5
正弦波	3
正午	1
正誤	1
正誤表	0
正孔	0
正攻法	3
正行	0
正号	0
正鵠	0
正坐	0
正座	0
正妻	0
正朔	0
正札	0
正三角形	5
正餐	0
正使	1
正史	1
正四面体	0
正子	0
正視	0
正視眼	0
正字	0
正字法	0
正時	1
正式	0
正室	0
正写	1
正社員	3
正邪	1
正宗	2
正出	0
正書	0
正書法	0
正称	0
正常	0
正常化	0
正常財	3
正常値	3
正触媒	3
正真正銘	0
正数	3
正正	0
正正堂堂	3
正切	0
正接	0
正先	0
正倉	0
正装	0
正則	0
正則関数	5
正則曲線	5
正続	1
正多角形	4
正多面体	0
正体	1
正対	0
正大	0
正断層	3
正嫡	0
正中	0
正中線	0
正丁	0
正調	0
正長石	3
正直	3
正直一遍	7
正直者	0
正定業	3
正典	0
正伝	0
正殿	0
正電気	3
正当	0
正当化	0
正当性	0
正当防衛	5
正答	0
正統	0
正統派	0
正道	0
正徳	0
正南	0
正肉	0
正念	1
正念場	0
正八面体	0
正反合	1
正反対	3
正犯	0
正否	1
正比	1
正比例	3
正賓	0
正負	1
正風	0
正副	1
正服	0
正物	0
正文	0
正兵	0
正編	0
正報	0
正方	0
正方形	3
正方行列	5
正法	0
正帽	0
正北	0
正本	0
正味	1
正夢	0
正命	3
正銘	0
正面	3
正面玄関	5
正面衝突	5
正面図	3
正面切って	3
正木	0
正目	0
正門	0
正油	0
正立	0
正路	3
正六面体	0
正論	0
清々	3
清々しい	5
清い	2
清か	1
清し	3
清し汁	4
清まし	3
清まし汁	4
清ます	2
清まる	3
清む	1
清め	3
清める	3
清め塩	3
清ら	0
清らか	2
清栄	0
清音	0
清楽	0
清鑑	0
清閑	0
清教徒	3
清教徒革命	6
清潔	0
清元	2
清元節	0
清算	0
清算会社	5
清算取引	5
清算書	0
清算人	0
清算法人	5
清酒	0
清秀	0
清秋	0
清汁	3
清純	0
清書	0
清勝	0
清祥	0
清浄	0
清拭	0
清新	0
清水	1
清粋	0
清澄	0
清政府	3
清清	3
清清しい	5
清楚	1
清爽	0
清掃	0
清掃車	3
清濁	1
清談	0
清朝	1
清聴	0
清笛	0
清適	0
清白	0
清貧	0
清風	0
清福	0
清穆	0
清明	0
清遊	0
清流	0
清涼	0
清涼飲料	5
清涼飲料水	7
清涼剤	3
清冷	0
清廉	0
清廉潔白	0
清老頭	3
清和	1
清冽	0
清鑒	0
生	1
生々	0
生々しい	5
生々流転	0
生あくび	3
生いたち	0
生い先	0
生い茂る	4
生い立ち	0
生える	2
生え際	0
生え抜き	0
生え変わる	4
生かじり	0
生かす	2
生かる	2
生き	0
生きかえる	3
生きがい	0
生きのびる	4
生きる	2
生き餌	0
生き永らえる	6
生き延びる	4
生き肝	0
生き血	0
生き甲斐	0
生き作り	3
生き残り	0
生き残る	4
生き死に	2
生き字引	3
生き字引き	3
生き写し	0
生き証人	3
生き神	2
生き神様	3
生き身	2
生き人形	3
生き生き	3
生き存える	6
生き存らえる	6
生き体	0
生き胆	0
生き地獄	3
生き恥	0
生き長らえる	6
生き馬	0
生き抜く	3
生き腐れ	0
生き仏	3
生き物	3
生き別れ	0
生き返る	3
生き方	4
生き埋め	0
生き様	0
生き霊	0
生く	1
生ける	2
生ける屍	2
生け花	2
生け垣	0
生け間	2
生け魚	0
生け作り	3
生け造り	3
生け捕り	0
生け捕る	0
生け擒	0
生け簀	0
生け贄	0
生ごみ	0
生さぬ仲	2
生じる	0
生じろい	4
生す	1
生ずる	0
生そば	2
生っちろい	5
生っ白い	5
生なか	0
生ぬるい	4
生まじめ	2
生まれ	0
生まれかわり	0
生まれたて	0
生まれつき	0
生まれつく	4
生まれながら	0
生まれる	0
生まれ育つ	5
生まれ故郷	4
生まれ合わせる	6
生まれ出る	4
生まれ乍ら	0
生まれ付き	0
生まれ付く	4
生まれ変わり	0
生まれ変わる	5
生まれ落ちる	5
生まれ立て	0
生み	0
生みの子	0
生みの親	5
生み出す	3
生み付ける	4
生み落す	4
生み落とす	4
生む	0
生めかしい	5
生めく	3
生もと	0
生もの	2
生やす	2
生り	0
生り節	0
生り年	2
生り物	2
生り木責め	0
生る	1
生れ	0
生れたて	0
生れつき	0
生れながら	0
生れる	0
生れ育つ	5
生れ乍ら	0
生れ付く	4
生れ落ちる	5
生れ立て	0
生クリーム	4
生コンクリート	6
生ゴム	0
生ハム	0
生ビール	3
生ワクチン	3
生意気	0
生易しい	0
生育	0
生一本	2
生飲み込み	3
生餌	0
生演奏	3
生温い	4
生化学	3
生家	1
生花	2
生菓子	3
生芥	0
生貝	2
生害	1
生涯	1
生涯学習	5
生涯教育	5
生垣	0
生学問	4
生活	0
生活音	4
生活科	0
生活感	4
生活環	4
生活環境	5
生活協同組合	9
生活苦	4
生活空間	5
生活圏	4
生活史	4
生活指導	5
生活誌	4
生活者	4
生活習慣病	0
生活水準	5
生活設計	5
生活難	4
生活年齢	5
生活反応	5
生活費	4
生活扶助	5
生活保護	5
生活様式	5
生活力	4
生噛じり	0
生乾き	0
生干し	0
生汗	3
生還	0
生気	1
生起	1
生魚	1
生協	0
生蕎麦	0
生業	0
生禽	0
生菌	0
生型法	0
生形	0
生計	0
生計費	3
生計費指数	7
生欠伸	3
生血	3
生検	0
生絹	0
生後	0
生悟り	3
生甲斐	0
生硬	0
生合成	3
生国	0
生痕	0
生砂	1
生彩	0
生殺	0
生殺し	0
生殺与奪	0
生産	0
生産コスト	5
生産過剰	0
生産額	3
生産管理	5
生産関数	5
生産高	3
生産財	3
生産者	3
生産者価格	6
生産者余剰	6
生産手段	5
生産性	0
生産組合	5
生産地	3
生産的	0
生産的思考	0
生産年齢	5
生産年齢人口	9
生産費	3
生産物	3
生産要素	5
生産量	3
生産力	3
生残	0
生死	1
生死流転	1
生糸	1
生紙	1
生歯	1
生字引	3
生漆	2
生煮え	0
生者	1
生者必滅	1
生若い	4
生酒	0
生首	2
生臭	0
生臭い	4
生臭物	0
生臭坊主	5
生熟り	0
生熟れ	0
生傷	2
生焼け	0
生醤油	2
生殖	0
生殖器	3
生殖細胞	5
生殖腺	0
生殖腺刺激ホルモン	10
生色	0
生食	0
生新	0
生新しい	6
生真面目	2
生身	0
生塵	2
生酢	1
生水	2
生粋	0
生酔い	0
生成	0
生成り	0
生成文法	5
生生	0
生生しい	5
生生流転	0
生石灰	3
生節	0
生鮮	0
生鮮食料品	0
生前	0
生禅	2
生憎	0
生息	0
生息子	2
生存	0
生存競争	5
生存権	3
生存者	3
生存保険	5
生唾	0
生体	0
生体学	3
生体工学	3
生体反応	5
生体膜	3
生態	0
生態学	3
生態型	0
生態系	0
生誕	0
生暖い	6
生暖かい	6
生地	1
生地獄	3
生中	0
生中継	3
生長	0
生長らえる	6
生長ホルモン	5
生直ぐ	0
生爪	0
生徒	1
生徒会	3
生徒指導	4
生動	0
生得	1
生得観念	5
生得的	0
生肉	0
生日	0
生乳	0
生年	0
生年月日	5
生馬	1
生剥	0
生剥げ	0
生白い	4
生半	0
生半可	0
生販在	3
生番組	3
生蕃	0
生皮	0
生物	1
生物化学	5
生物化学的酸素要求量	0
生物化学兵器	8
生物界	4
生物学	4
生物学者	5
生物学主義	7
生物学的応答調節物質	0
生物学的製剤	9
生物圏	4
生物検定	5
生物工学	5
生物地理学	6
生物統計学	7
生物濃縮	5
生物物理学	7
生物兵器	5
生聞き	0
生兵法	3
生米	0
生壁	2
生別	0
生変	0
生返る	3
生返事	3
生保	1
生捕る	0
生母	1
生放送	3
生没年	4
生埋め	0
生娘	2
生命	1
生命科学	5
生命感	3
生命権	3
生命工学	5
生命線	0
生命保険	5
生命力	3
生命倫理	4
生滅	0
生滅滅已	5
生面	0
生麺	0
生茂る	4
生毛	0
生毛体	0
生木	0
生野菜	3
生薬	2
生優しい	0
生有	1
生揚げ	0
生来	0
生卵	3
生理	1
生理学	3
生理休暇	4
生理的	0
生理的食塩水	8
生立ち	0
生類	0
生霊	0
生老病死	5
生蝋	1
生録	0
生姜	0
生姜酒	3
生姜湯	3
生擒	0
生簀	0
生臙脂	3
生茹で	0
生薑	0
生薑酢	3
生薑湯	3
生贄	0
生麩	1
生齧り	0
盛	0
盛っ相	3
盛り	0
盛りあがる	4
盛りあげる	4
盛りそば	0
盛りだくさん	3
盛りつける	4
盛り塩	0
盛り花	0
盛り菓子	3
盛り蕎麦	0
盛り合せ	0
盛り合わせ	0
盛り合わせる	5
盛り込む	3
盛り砂	0
盛り殺す	4
盛り上がり	0
盛り上がる	4
盛り上げる	4
盛り上る	4
盛り場	0
盛り切り	0
盛り沢山	3
盛り土	0
盛り付け	0
盛り付ける	4
盛り返す	3
盛る	0
盛ん	0
盛運	0
盛宴	0
盛塩	0
盛夏	1
盛花	0
盛菓子	3
盛会	0
盛観	0
盛期	1
盛儀	1
盛挙	1
盛況	0
盛蕎麦	0
盛業	0
盛行	0
盛合せ	0
盛合わせ	0
盛砂	0
盛事	1
盛時	1
盛者	1
盛者必衰	3
盛暑	1
盛上がる	4
盛上る	4
盛衰	0
盛相	0
盛糟	0
盛装	0
盛代	0
盛大	0
盛典	0
盛土	0
盛徳	0
盛年	0
盛付け	0
盛名	0
精	1
精々	1
精いっぱい	3
精げる	3
精しい	3
精一	0
精一杯	3
精鋭	0
精液	1
精華	1
精確	0
精管	0
精機	1
精気	1
精義	1
精強	0
精勤	0
精原	3
精原細胞	5
精巧	0
精根	1
精魂	1
精査	1
精彩	0
精細	0
精細胞	3
精算	0
精算所	0
精算書	0
精算人	0
精子	1
精舎	1
精出す	1
精神	1
精神安定剤	7
精神医学	5
精神衛生	5
精神科	0
精神科学	5
精神界	3
精神鑑定	5
精神主義	5
精神修養	5
精神障害	5
精神身体医学	9
精神遅滞	5
精神的	0
精神的外傷	7
精神年齢	5
精神薄弱	5
精神発達遅滞	9
精神病	0
精神病院	5
精神物理学	7
精神分析	5
精神分裂症	8
精神分裂病	0
精神文化	5
精神療法	5
精神力	3
精神労働	5
精神論	3
精進	0
精進潔斎	5
精進日	3
精進物	0
精進揚げ	0
精進落し	5
精進落ち	0
精進落とし	5
精進料理	5
精粋	0
精髄	0
精精	1
精製	0
精選	0
精粗	1
精巣	0
精巣炎	3
精巣上体	5
精虫	0
精通	0
精度	1
精糖	0
精到	0
精銅	0
精読	0
精肉	0
精嚢	0
精農	0
精白	0
精白米	0
精薄	0
精麦	0
精粉	0
精兵	0
精米	0
精米所	0
精母細胞	4
精密	0
精密機械	6
精妙	0
精油	0
精留	0
精力	1
精力絶倫	1
精力的	0
精励	0
精励恪勤	0
精霊	0
精霊会	3
精霊舟	5
精霊信仰	5
精霊船	5
精霊飛蝗	5
精霊飛蝗擬	8
精霊飛蝗擬き	8
精霊流し	5
精練	0
精錬	0
精錬所	0
精悍	0
精緻	1
精舍	1
聖	1
聖なる	1
聖域	0
聖恩	0
聖家族	3
聖歌	1
聖歌隊	0
聖火	1
聖菓	1
聖楽	0
聖観音	3
聖教	0
聖句	1
聖具	1
聖血	0
聖賢	0
聖公会	3
聖告	0
聖痕	0
聖祭	0
聖算	0
聖餐	0
聖餐式	3
聖旨	1
聖者	1
聖寿	1
聖樹	1
聖所	1
聖書	1
聖書考古学	6
聖女	1
聖上	0
聖職	0
聖職者	4
聖人	0
聖人君子	5
聖水	0
聖跡	0
聖蹟	0
聖戦	0
聖遷	0
聖像	0
聖体	0
聖体拝領	5
聖代	1
聖卓	0
聖誕祭	3
聖壇	0
聖断	0
聖地	1
聖地巡礼	1
聖哲	0
聖典	0
聖天	1
聖伝	0
聖徒	1
聖都	1
聖堂	0
聖徳	0
聖日	0
聖杯	0
聖廟	0
聖別	0
聖母	1
聖母被昇天	1
聖夜	1
聖油	0
聖霊	0
聖霊会	3
聖霊降臨祭	7
聖櫃	0
声	1
声がかり	3
声域	0
声援	0
声音	0
声価	1
声楽	0
声楽家	0
声掛かり	3
声掛り	3
声高	0
声質	0
声色	0
声帯	0
声帯模写	5
声調	0
声点	1
声聞	1
声変わり	3
声母	1
声望	0
声明	0
声明書	5
声明文	3
声紋	0
声門	0
声優	0
声誉	1
声量	0
声涙	0
製	1
製する	3
製塩	0
製菓	1
製革	0
製缶	0
製靴	1
製鋼	0
製鋼所	0
製剤	0
製材	0
製材所	0
製作	0
製作者	3
製作所	0
製作費	4
製糸	0
製糸業	3
製糸工場	4
製紙	0
製紙業	3
製紙工場	4
製織	0
製図	0
製図板	0
製銑	0
製造	0
製造業	3
製造元	0
製造所	0
製造物責任	7
製炭	0
製茶	0
製鉄	0
製鉄業	4
製鉄所	0
製糖	0
製陶	0
製肉	0
製版	0
製番	0
製氷	0
製品	0
製粉	0
製法	0
製本	0
製本屋	0
製麻	0
製麺	0
製薬	0
製薬会社	5
製油	0
製錬	0
西	0
西の丸	0
西の対	4
西アジア	3
西サハラ	3
西域	0
西瓜	0
西瓜割り	0
西欧	1
西王母	3
西下	1
西夏文字	4
西岸	0
西寄り	0
西紀	1
西京	0
西京焼	0
西京焼き	0
西京味噌	5
西経	0
西向き	0
西向くさむらい	3
西向く士	3
西向く侍	3
西郊	0
西高東低	0
西国	0
西国三十三所	0
西国巡礼	5
西戎	0
西序	1
西進	0
西陣	2
西陣織	0
西陣織り	0
西漸	0
西側	0
西端	0
西哲	0
西土	1
西独	0
西南	0
西南西	0
西南日本	6
西日	0
西日本	4
西半球	3
西表山猫	6
西部	1
西部劇	3
西部戦線	4
西風	0
西壁	0
西方	0
西方浄土	5
西北	0
西北西	0
西明かり	3
西遊	0
西洋	1
西洋すぐり	5
西洋わさび	5
西洋カボチャ	5
西洋医学	5
西洋画	0
西洋蒲公英	5
西洋館	0
西洋鋸草	0
西洋山葵	5
西洋酸塊	5
西洋史	3
西洋紙	3
西洋式	0
西洋実桜	6
西洋種	3
西洋将棋	5
西洋松露	5
西洋人	3
西洋薄荷	5
西洋箱柳	7
西洋柊	5
西洋風	0
西洋風蝶草	7
西洋梨	3
西洋料理	5
西暦	0
西和	1
誠	0
誠しやか	4
誠に	0
誠意	1
誠実	0
誠照寺派	0
誠心	0
誠心誠意	5
誠忠	0
誓い	0
誓う	0
誓って	0
誓願	0
誓言	0
誓紙	1
誓詞	1
誓文	0
誓文払い	5
誓約	0
誓約書	0
請い	1
請い願う	1
請い受ける	4
請う	1
請く	0
請け	2
請ける	2
請け合い	0
請け合う	3
請け取	0
請け取り	0
請け取る	0
請け出す	3
請け書	0
請け人	0
請け売り	0
請け判	0
請け負い	0
請け負う	3
請け戻し	0
請じる	3
請じ入れる	5
請ずる	3
請謁	0
請暇	1
請花	2
請願	0
請願権	3
請願者	3
請求	0
請求額	3
請求権	3
請求書	5
請訓	0
請合い	0
請合う	3
請取	0
請取り	0
請取る	0
請出す	3
請書	0
請人	0
請待	0
請託	0
請売り	0
請負	0
請負う	3
請負業	3
請負師	3
請負人	0
請負制度	5
逝く	1
逝去	1
醒ます	2
醒める	2
醒覚	0
青	1
青々	3
青あざ	0
青い	2
青い鳥	2
青かび	0
青かん	0
青きな粉	3
青ざめる	4
青じそ	0
青じろい	4
青っぱな	0
青っぽい	4
青っ洟	0
青ぬた	2
青のり	2
青ばな	0
青ぶくれ	0
青雲	0
青黄な粉	3
青黄粉	3
青化物	3
青化法	0
青果	1
青果物	3
青花	0
青花紙	4
青華	1
青海亀	4
青海原	4
青海苔	2
青貝	2
青蛙	3
青姦	0
青眼	0
青鬼	0
青魚	3
青玉	0
青桐	0
青筋	0
青空	3
青空教室	5
青枯れ病	0
青枯病	0
青光り	3
青梗菜	3
青紅葉	3
青黒い	4
青菜	0
青鷺	0
青鮫	0
青山	1
青酸	0
青酸カリ	5
青史	1
青紫	4
青紫蘇	0
青歯	1
青磁	0
青鹿毛	3
青軸	0
青写真	3
青臭い	4
青汁	0
青春	0
青書	1
青少年	3
青松	0
青畳	3
青色	0
青色申告	5
青信号	3
青酢	0
青図	0
青星	2
青青	3
青石	0
青草	0
青息	0
青息吐息	3
青足鴫	5
青苔	0
青黛	0
青大将	3
青丹	0
青短	0
青地	0
青竹	0
青虫	2
青苧	0
青脹れ	0
青底翳	3
青天	0
青天のへきれき	0
青天の霹靂	0
青天井	3
青天白日	0
青田	0
青田うり	0
青田刈り	0
青田買い	0
青田売り	0
青田売買	4
青電話	3
青砥	0
青豆	0
青銅	0
青銅器	3
青銅器時代	6
青鈍	0
青内障	3
青二才	3
青二歳	3
青年	0
青年期	3
青年団	3
青馬	0
青梅	0
青蝿	2
青白い	4
青鳩	0
青斑猫	3
青瓢箪	3
青票	0
青浮草	3
青膚	0
青物	2
青物屋	0
青物市場	5
青粉	0
青文字	0
青坊主	3
青房	0
青膨れ	0
青麻	0
青蔓藤	5
青味	0
青味泥	3
青面金剛	2
青毛	0
青木	0
青目	2
青柳	0
青葉	1
青葉木菟	3
青葉梟	3
青嵐	3
青藍	0
青梨	0
青立ち	0
青竜	0
青緑	3
青嶺	0
青楼	0
青洟	0
青痣	0
青萍	3
青蠅	0
青褪める	4
青豌豆	3
青鞜	0
青鞜派	0
青饅	2
青髯	0
青黴	0
静	1
静々	1
静か	1
静かの海	1
静けさ	3
静ひつ	0
静まりかえる	5
静まり返る	5
静まる	3
静める	0
静岡	2
静穏	0
静荷重	3
静観	0
静菌	0
静菌剤	3
静坐	0
静座	0
静思	1
静止	0
静止エネルギー	5
静止衛星	4
静止画放送	5
静止質量	5
静止電位	4
静寂	0
静寂主義	5
静粛	0
静心	3
静振	0
静水圧	3
静静	1
静態	0
静注	0
静聴	0
静的	0
静電	0
静電気	3
静電単位	5
静電容量	5
静寧	0
静物	1
静物画	0
静脈	0
静脈血	4
静脈注射	5
静脈瘤	4
静夜	1
静養	0
静力学	4
静謐	0
斉える	4
斉しい	3
斉しく	2
斉一	0
斉一説	4
斉家	1
斉魚	1
斉射	0
斉唱	0
税	1
税引き	0
税額	0
税関	0
税金	0
税源	0
税込	0
税込み	0
税収	0
税収入	3
税制	0
税制改革	5
税調	0
税抜き	0
税法	0
税務	1
税務署	3
税目	0
税吏	1
税理士	3
税率	0
脆い	2
脆化	0
脆弱	0
脆性	0
隻影	0
隻眼	0
隻句	1
隻語	1
隻手	1
隻腕	0
席	1
席画	0
席巻	0
席捲	0
席次	0
席順	0
席上	0
席替え	0
席入り	0
席料	2
惜しい	2
惜しがる	3
惜しくも	1
惜しげ	3
惜しみなく	4
惜しみ無く	4
惜しむ	2
惜しむらくは	2
惜し気	2
惜気	3
惜春	0
惜敗	0
惜別	0
斥く	3
斥ける	4
斥候	0
斥力	2
昔	0
昔々	0
昔かたぎ	4
昔ながら	4
昔なじみ	4
昔気質	4
昔堅気	4
昔語り	4
昔時	1
昔者	0
昔昔	0
昔兎	4
昔馴染	4
昔馴染み	4
昔日	0
昔年	0
昔風	0
昔話	4
昔蜻蛉	4
昔蜥蜴	4
析出	0
石	1
石うす	0
石けり	3
石けん石	3
石こう	0
石ころ	3
石さじ	0
石だたみ	3
石づき	0
石臼	0
石英	2
石英ガラス	5
石塩	2
石黄	0
石屋	2
石化	0
石果	0
石火	1
石火矢	0
石塊	0
石灰	1
石灰海綿	5
石灰岩	3
石灰水	3
石灰石	3
石灰洞	3
石灰乳	3
石灰肥料	5
石蟹	0
石崖	0
石垣	0
石垣鯛	4
石瓦	3
石棺	0
石器	0
石器時代	4
石基	1
石亀	0
石弓	0
石橋	0
石窟	0
石経	0
石決明	1
石剣	0
石鹸	0
石鹸石	3
石工	0
石膏	0
石高	2
石合戦	3
石刻	0
石細胞	3
石材	0
石匙	0
石山	0
石蚕	3
石子詰め	0
石持	0
石室	0
石狩鍋	5
石首魚	0
石蹴り	3
石獣	0
石女	0
石匠	0
石焼	0
石焼き	0
石焼き芋	4
石菖	3
石畳	3
石神	0
石人	0
石摺り	0
石製	0
石製品	3
石積み	4
石切り	0
石切り場	0
石組	0
石組み	0
石像	0
石造	0
石造り	3
石打	0
石打ち	0
石帯	0
石鯛	0
石炭	3
石炭液化	5
石炭化学	5
石炭殻	0
石炭紀	3
石炭酸	0
石炭袋	5
石段	0
石地蔵	3
石竹	0
石竹色	0
石柱	0
石庭	0
石塔	0
石投	0
石投げ	0
石灯篭	3
石灯籠	3
石燈篭	3
石燈籠	3
石頭	3
石道	2
石突き	0
石南花	0
石楠花	0
石斑魚	0
石版	0
石版画	0
石盤	0
石碑	0
石筆	0
石百足	3
石敷	0
石斧	0
石部金吉	0
石風呂	0
石蕗	2
石仏	3
石粉	0
石文	0
石塀	0
石壁	0
石偏	0
石抱き	0
石墨	0
石綿	0
石木	1
石門心学	5
石油	0
石油ショック	4
石油ランプ	4
石油危機	4
石油頁岩	4
石竜子	0
石塁	0
石蝋	0
石匕	0
石榴	1
石榴口	3
石榴石	3
石榴鼻	3
石槨	0
石櫃	2
石碣	0
石礫	0
石筍	0
石蓴	0
石蜈蚣	3
石鏃	0
石鰈	3
石鼈	0
積	1
積みおろし	0
積みなおす	4
積み卸し	0
積み下ろし	0
積み荷	0
積み換え	0
積み金	2
積み降ろし	0
積み込み	0
積み込む	3
積み残し	0
積み残す	4
積み重なる	5
積み重ね	0
積み重ねる	5
積み出し	0
積み出す	3
積み上げる	4
積み替え	0
積み替える	4
積み直す	4
積み肥	0
積み木	0
積み立て	0
積み立てる	4
積む	0
積もり	0
積もり書き	0
積もり積もる	5
積もる	2
積り	0
積り書き	0
積る	2
積ん読	0
積悪	0
積雲	0
積卸	0
積卸し	0
積下ろし	0
積荷	0
積荷保険	4
積換え	0
積極	0
積極性	0
積極的	0
積金	2
積降ろし	0
積載	0
積載量	3
積算	0
積算電力計	0
積雪	0
積雪量	4
積善	0
積層	0
積層乾電池	7
積替え	0
積年	0
積分	0
積分学	3
積分方程式	7
積分法	0
積弊	0
積木	0
積乱雲	3
積立	0
積立て	0
積立金	0
籍	1
籍船	0
績む	1
脊	1
脊黄青鸚哥	5
脊広	0
脊骨	0
脊索	0
脊索動物	5
脊髄	2
脊髄炎	3
脊髄小脳変性症	5
脊髄神経	5
脊髄性小児麻痺	10
脊髄反射	5
脊髄癆	3
脊柱	0
脊柱管	0
脊柱側湾症	0
脊柱側彎症	0
脊椎	0
脊椎カリエス	5
脊椎炎	3
脊椎骨	3
脊椎側湾症	7
脊椎側彎症	7
脊椎動物	5
脊椎湾曲	5
脊負う	2
脊梁	0
責	1
責っ付く	0
責め	2
責めさいなむ	5
責めつける	4
責める	2
責め苛む	5
責め苦	0
責め具	2
責め道具	3
責め馬	2
責め付ける	4
責め立てる	4
責苦	0
責具	2
責道具	3
責任	0
責任感	3
責任者	3
責任能力	5
責任保険	5
責馬	2
責付く	0
責務	1
責了	0
赤	1
赤あざ	0
赤い	0
赤い羽根	0
赤えい	2
赤かび病	0
赤かぶ	0
赤じそ	0
赤すぐり	3
赤だし	0
赤だに	0
赤ちゃん	1
赤ちょうちん	3
赤っ恥	0
赤とんぼ	3
赤の他人	1
赤み	0
赤むけ	0
赤むつ	3
赤める	3
赤らむ	3
赤らめる	4
赤ら顔	0
赤ん坊	0
赤キャベツ	3
赤チン	0
赤パン黴	3
赤ランプ	3
赤ワイン	3
赤緯	1
赤鰯	3
赤烏帽子	3
赤羽太	0
赤化	0
赤家蚊	4
赤禍	0
赤花	0
赤茄子	0
赤蝦	2
赤芽芋	0
赤芽細胞	4
赤芽柏	4
赤海亀	4
赤海老	2
赤絵	0
赤貝	2
赤外線	0
赤外線写真	7
赤外線電球	7
赤外放射	5
赤蛙	3
赤革	0
赤樫	0
赤褐色	3
赤眼	0
赤旗	0
赤鬼	0
赤蟻	0
赤脚	0
赤魚	0
赤魚鯛	2
赤玉	0
赤玉の木	6
赤金	0
赤苦津	0
赤靴	0
赤熊	0
赤熊髷	3
赤軍	0
赤経	0
赤血球	3
赤血球沈降速度	3
赤狐	3
赤口	1
赤行嚢	3
赤黒い	4
赤砂糖	3
赤札	0
赤錆	0
赤珊瑚	3
赤酸塊	3
赤四手	0
赤子	0
赤紙	0
赤紫	4
赤紫蘇	0
赤児	0
赤字	0
赤字国債	4
赤字財政	4
赤鹿	0
赤手	1
赤狩り	0
赤十字	3
赤十字社	5
赤出し	0
赤出汁	0
赤松	2
赤色	0
赤色テロ	5
赤色巨星	5
赤色野鶏	5
赤信号	3
赤心	0
赤新聞	3
赤身	0
赤酢	0
赤杉	0
赤星病	0
赤誠	0
赤赤	3
赤切符	3
赤雪	2
赤線	0
赤線地帯	5
赤鼠	3
赤鯛	0
赤啄木鳥	0
赤丹	0
赤短	0
赤地	0
赤恥	0
赤茶	0
赤茶ける	4
赤茶色	0
赤虫	2
赤潮	0
赤沈	0
赤提灯	3
赤鉄鉱	3
赤点	0
赤電車	3
赤電話	3
赤土	0
赤道	0
赤道ギニア	5
赤道気団	5
赤道儀	3
赤道座標	5
赤道祭	3
赤道反流	5
赤道無風帯	0
赤銅	0
赤銅色	0
赤日	0
赤熱	0
赤剥け	0
赤白珪石	5
赤白橡	5
赤肌	0
赤飯	0
赤鼻	0
赤髭	0
赤貧	0
赤富士	0
赤膚	0
赤葡萄酒	4
赤蕪	0
赤腹	0
赤幣	0
赤米	0
赤穂浪士	4
赤方偏移	5
赤坊鯨	5
赤帽	0
赤房	0
赤棒振	3
赤墨	0
赤本	0
赤翻車魚	3
赤味	0
赤味噌	0
赤面	0
赤面恐怖症	0
赤毛	0
赤毛猿	4
赤木	0
赤目	0
赤目河豚	4
赤目魚	0
赤門	0
赤矢柄	3
赤螺	2
赤裸	3
赤裸々	0
赤裸裸	0
赤痢	1
赤痢菌	0
赤燐	0
赤煉瓦	3
赤孑孑	3
赤痣	0
赤翡翠	3
赤蜻蛉	3
赤鬚	0
赤黴病	0
跡	1
跡かた	0
跡づける	4
跡形	0
跡継	2
跡継ぎ	2
跡始末	3
跡取り	2
跡取り息子	5
跡切れ	3
跡切れる	3
跡絶える	3
跡地	0
跡追い	0
跡追い心中	5
跡付ける	4
跡片付け	3
跡方	0
跡目	3
跡目相続	4
碩学	0
碩儒	1
碩老	0
切	1
切々	0
切っ掛け	0
切っ先	0
切っ端	0
切ない	3
切なる	1
切に	1
切らす	2
切らず	0
切り	2
切りあげ	0
切りかかる	4
切りくず	3
切りそろえる	5
切りたつ	0
切りたんぽ	3
切りつける	4
切りもち	2
切り羽	0
切り下げ	0
切り下げる	4
切り下ろす	4
切り火	0
切り花	2
切り苛む	5
切り解く	4
切り回す	4
切り絵	0
切り開く	4
切り外す	0
切り拡げる	5
切り掛かる	4
切り掛る	4
切り割る	3
切り株	2
切り乾し	0
切り干し	0
切り干し大根	5
切り換え	0
切り換える	4
切り岸	0
切り詰める	4
切り狂言	3
切り金	2
切り屑	3
切り継ぎ	0
切り欠き	0
切り結ぶ	4
切り捲る	4
切り戸	2
切り戸口	3
切り口	2
切り口上	3
切り合い	0
切り合う	3
切り刻む	4
切り込み	0
切り込み炭	0
切り込む	3
切り妻	0
切り妻屋根	5
切り細裂く	5
切り札	2
切り殺す	4
切り山椒	3
切り子	3
切り子ガラス	4
切り死に	0
切り紙	2
切り紙絵	4
切り紙細工	5
切り捨て	0
切り捨てる	4
切り捨て御免	0
切り取り	0
切り取り線	0
切り取る	3
切り出し	0
切り出す	3
切り傷	2
切り上げ	0
切り上げる	4
切り場	0
切り身	3
切り盛り	0
切り石	2
切り接ぎ	0
切り組む	0
切り創	2
切り窓	0
切り揃える	5
切り替え	0
切り替える	4
切り替わる	4
切り拓く	4
切り炭	2
切り端	0
切り暖簾	3
切り張り	0
切り賃	2
切り通し	0
切り釘	2
切り貼り	0
切り倒す	4
切り破る	4
切り売り	0
切り畑	0
切り髪	0
切り抜き	0
切り抜き絵	4
切り抜き細工	5
切り抜き帳	0
切り抜く	0
切り抜ける	4
切り付ける	4
切り伏せる	4
切り払う	4
切り分ける	4
切り粉	3
切り変える	4
切り返し	0
切り返す	3
切り崩す	4
切り放す	4
切り方	4
切り幕	2
切り目	3
切り餅	2
切り落し	0
切り落す	4
切り落とし	0
切り落とす	4
切り離す	4
切り立つ	0
切り立て	0
切り裂く	3
切り疵	2
切り籠	3
切る	1
切れ	2
切れっ戸	2
切れっ処	2
切れっ端	0
切れる	2
切れ間	3
切れ口	2
切れ込み	0
切れ込む	0
切れ字	0
切れ痔	2
切れ者	0
切れ上がる	0
切れ上る	0
切れ切れ	0
切れ端	0
切れ地	0
切れ長	0
切れ物	2
切れ味	2
切れ目	3
切愛	0
切韻	0
切羽	0
切羽詰まる	1
切火	0
切花	2
切回す	4
切絵	0
切開	1
切開く	4
切掛	0
切掛かる	4
切掛る	4
切株	2
切干	0
切干し	0
切干し大根	5
切換	0
切換え	0
切換える	4
切願	0
切詰める	4
切狂言	3
切金	2
切継ぎ	0
切言	0
切戸口	3
切口	2
切合い	0
切込み	0
切妻	2
切妻屋根	5
切妻造	5
切妻造り	5
切削	0
切札	2
切山椒	3
切子	3
切子ガラス	4
切支丹	3
切死丹	3
切紙	2
切紙絵	4
切歯	1
切歯扼腕	1
切字	0
切痔	2
切実	0
切捨て	0
切捨てる	4
切捨て御免	0
切者	0
切取り	0
切取る	3
切手	0
切出す	3
切除	1
切傷	2
切上げ	0
切上げる	4
切情	0
切身	3
切盛り	0
切石	2
切切	0
切接ぎ	0
切先	0
切尖	0
切線	1
切創	0
切替	0
切替え	0
切替える	4
切端	0
切断	0
切断面	3
切地	0
切張り	0
切通	0
切通し	0
切貼	0
切貼り	0
切点	1
切倒す	4
切破る	4
切迫	0
切迫流産	5
切畑	0
切抜き	0
切抜き絵	4
切抜き細工	5
切抜く	0
切抜ける	4
切付ける	4
切符	0
切腹	0
切払う	4
切物	0
切分法	0
切幣	0
切片	0
切返す	3
切望	0
切麻	0
切幕	2
切味	2
切目	3
切餅	2
切要	0
切落す	4
切落とす	4
切立	0
切立て	0
切裂く	3
切論	0
切磋	1
切磋琢磨	1
切籠	3
拙	1
拙い	3
拙悪	0
拙技	1
拙句	1
拙稿	0
拙作	0
拙策	0
拙者	0
拙守	1
拙僧	1
拙速	0
拙宅	0
拙著	1
拙筆	0
拙文	0
拙訳	0
拙劣	0
拙論	0
接ぎ合わせる	5
接ぎ足す	3
接ぎ台	0
接ぎ穂	0
接ぎ木	0
接ぎ目	0
接ぐ	1
接する	3
接岸	0
接眼レンズ	5
接眼鏡	0
接客	0
接客業	4
接客婦	4
接近	0
接遇	0
接見	0
接舷	0
接合	0
接合菌類	5
接合剤	3
接合子	3
接合藻類	5
接骨	0
接骨医	4
接骨木	0
接辞	0
接写	0
接種	1
接受	1
接受国	3
接収	0
接助	1
接触	0
接触感染	5
接触変成帯	0
接心	0
接戦	0
接線	1
接続	0
接続る	0
接続語	0
接続詞	4
接続助詞	5
接続水域	5
接続法	0
接待	1
接待係	5
接待費	3
接台	0
接断	0
接地	0
接着	0
接着剤	4
接中辞	3
接点	1
接頭	0
接頭語	0
接頭辞	3
接伴	1
接尾	1
接尾語	0
接尾辞	0
接吻	0
接穂	0
接木	0
摂る	1
摂家	1
摂関	1
摂関家	3
摂関政治	5
摂護腺	0
摂氏	1
摂社	1
摂取	1
摂食	0
摂食障害	5
摂心	0
摂政	1
摂生	0
摂待	1
摂動	0
摂動論	3
摂理	1
折	2
折々	0
折から	2
折ぎ板	3
折ぐ	1
折しも	2
折よく	3
折り	2
折りから	2
折りしも	2
折りたたみ	0
折りたたむ	0
折りよく	3
折り悪しく	3
折り鞄	3
折り詰め	0
折り曲げる	4
折り襟	0
折り句	0
折り戸	2
折り好く	3
折り合い	0
折り合う	3
折り込み	0
折り込む	3
折り山	0
折り紙	0
折り紙付き	4
折り尺	0
折り重なる	5
折り重ねる	5
折り畳み	0
折り畳む	4
折り節	2
折り丁	0
折り鶴	2
折り入って	0
折り箱	0
折り敷き	0
折り柄	2
折り返し	0
折り返し運転	6
折り返し点	5
折り返す	3
折り方	3
折り本	0
折り目	3
折り目正しい	6
折る	1
折れる	2
折れ曲がる	4
折れ口	2
折れ合う	3
折れ込む	3
折れ線	0
折れ線グラフ	5
折れ釘	2
折れ目	3
折悪しく	3
折曲げる	4
折句	0
折罫	0
折戸	2
折好く	3
折込	0
折込む	3
折紙	0
折衝	0
折畳み	0
折折	0
折節	2
折線	0
折中	0
折衷	0
折衷案	3
折衷尺	3
折衷主義	5
折丁	0
折鶴	2
折鶴蘭	4
折箱	0
折半	1
折板	0
折敷	0
折伏	0
折柄	2
折返し	0
折目	3
折目正しい	6
折良く	3
折檻	1
設い	0
設え	0
設える	4
設け	3
設ける	3
設営	0
設計	0
設計者	3
設計図	3
設置	0
設定	0
設備	1
設備過剰	1
設備投資	4
設変	1
設問	0
設立	0
設立者	4
窃か	2
窃取	1
窃盗	0
窃盗罪	3
窃用	0
節	1
節々	2
節する	3
節煙	0
節介	1
節会	0
節会相撲	4
節回し	3
節間	0
節気	1
節季	1
節季仕舞い	4
節義	1
節供	0
節句	0
節句働き	4
節穴	0
節倹	0
節減	0
節糸	0
節酒	0
節織り	0
節食	0
節水	0
節制	0
節税	0
節節	2
節奏	0
節操	0
節足動物	5
節点	1
節電	0
節度	1
節度使	3
節博士	3
節付け	0
節婦	1
節分	0
節米	0
節名	0
節目	3
節約	0
節用	0
節慾	0
節欲	0
節理	1
節旁	3
節榑	0
節榑立つ	5
説	1
説きつける	0
説き勧める	0
説き起こす	4
説き及ぶ	4
説き付ける	0
説き伏せる	4
説き分ける	0
説き聞かせる	0
説き明かす	4
説く	1
説勧める	0
説及ぶ	4
説教	3
説教師	3
説経	0
説経節	0
説示	0
説述	0
説得	0
説得力	4
説破	1
説付ける	0
説伏	0
説伏せる	4
説服	0
説法	3
説明	0
説明会	3
説明書	0
説明文	3
説諭	1
説話	0
説話集	3
説話文学	4
雪	2
雪あられ	3
雪うさぎ	3
雪おろし	3
雪かき	3
雪ぐ	0
雪しまき	3
雪しろ	0
雪だるま	3
雪だるま式	0
雪つばき	3
雪つり	0
雪どけ	0
雪の下	3
雪の果て	5
雪の花	5
雪の華	5
雪まつり	3
雪よけ	0
雪ん子	0
雪囲い	3
雪隠	0
雪隠詰	0
雪隠詰め	0
雪隠金亀子	4
雪隠大工	5
雪雲	0
雪煙	3
雪下	1
雪下ろし	3
雪化粧	3
雪加	1
雪花	0
雪花菜	0
雪花石膏	4
雪解	0
雪解け	0
雪塊	0
雪害	0
雪割り草	0
雪割草	0
雪間	0
雪眼鏡	3
雪起こし	3
雪起し	3
雪玉	0
雪空	3
雪沓	2
雪靴	0
雪形	0
雪景	0
雪景色	3
雪渓	0
雪月花	3
雪見	3
雪見酒	3
雪見障子	4
雪見灯籠	4
雪原	0
雪袴	3
雪交じり	3
雪降り	3
雪降ろし	3
雪合戦	3
雪国	2
雪催い	3
雪祭り	3
雪笹	2
雪雑じり	3
雪山	1
雪山偈	3
雪止	0
雪止め	0
雪持	0
雪持ち	0
雪質	0
雪女	3
雪女郎	3
雪除け	0
雪消	0
雪消え	0
雪消え月	4
雪消月	4
雪焼け	0
雪上	0
雪上車	3
雪辱	0
雪辱戦	0
雪水	2
雪晴れ	0
雪折れ	0
雪占	0
雪線	1
雪掻き	3
雪像	0
雪駄	0
雪待ち月	4
雪待月	4
雪代	0
雪達磨	3
雪達磨式	0
雪男	3
雪中	0
雪椿	3
雪吊	0
雪吊り	0
雪釣	0
雪釣り	0
雪堤	0
雪泥	0
雪転がし	3
雪兎	3
雪投げ	0
雪踏	0
雪踏み	0
雪洞	0
雪道	2
雪曇	3
雪曇り	3
雪白	0
雪肌	0
雪庇	0
雪氷	0
雪豹	0
雪膚	0
雪風	2
雪風巻	3
雪腹	0
雪片	0
雪崩	0
雪崩れる	3
雪崩れ込む	4
雪娘	3
雪明かり	3
雪明り	3
雪面	0
雪模様	3
雪盲	0
雪目	0
雪夜	2
雪柳	3
雪遊び	3
雪融け	0
雪嵐	3
雪溜まり	3
雪輪	0
雪嶺	0
雪路	1
雪冤	0
雪寃	0
雪礫	3
雪霰	3
絶えざる	3
絶えず	1
絶える	2
絶え果てる	0
絶え間	3
絶え間ない	4
絶え絶え	0
絶え入る	3
絶する	0
絶つ	1
絶やす	2
絶縁	0
絶縁体	0
絶縁抵抗	5
絶佳	1
絶家	0
絶果てる	0
絶海	0
絶技	1
絶叫	0
絶句	0
絶景	0
絶後	0
絶交	0
絶交状	0
絶好	0
絶好調	3
絶讃	0
絶賛	0
絶勝	0
絶唱	0
絶食	0
絶世	0
絶息	0
絶体絶命	0
絶対	0
絶対安静	0
絶対温度	5
絶対音楽	5
絶対音感	5
絶対君主制	0
絶対敬語	5
絶対誤差	5
絶対視	3
絶対湿度	5
絶対者	3
絶対主義	5
絶対数	3
絶対絶命	0
絶対多数	6
絶対値	3
絶対知	3
絶対的	0
絶対的観念論	9
絶対等級	5
絶対年代	5
絶対評価	5
絶対量	3
絶対零度	5
絶待	0
絶大	0
絶頂	0
絶倒	0
絶島	0
絶入る	3
絶念	0
絶版	0
絶筆	0
絶品	0
絶壁	0
絶望	0
絶望的	0
絶妙	0
絶無	1
絶命	0
絶滅	0
絶滅種	4
絶倫	0
舌	2
舌たらず	3
舌たるい	4
舌っ足らず	4
舌なめずり	3
舌圧子	4
舌咽神経	5
舌炎	0
舌音	2
舌下	1
舌下錠	3
舌下神経	4
舌下腺	0
舌禍	1
舌革	0
舌癌	2
舌鼓	3
舌耕	0
舌骨	0
舌根	0
舌三寸	3
舌触り	3
舌先	0
舌先三寸	5
舌尖	0
舌戦	0
舌足らず	3
舌打ち	0
舌苔	0
舌代	2
舌端	0
舌頭	0
舌平目	3
舌偏	0
舌鋒	0
舌舐めずり	3
舌鮃	3
蝉	0
蝉海老	2
蝉時雨	3
仙	1
仙翁	3
仙花紙	3
仙界	0
仙客	0
仙宮	0
仙境	0
仙郷	0
仙窟	0
仙骨	0
仙術	1
仙女	1
仙人	3
仙人掌	0
仙台	1
仙台虫喰	5
仙丹	0
仙椎	0
仙洞御所	5
仙薬	0
先	0
先々	2
先々月	3
先々週	0
先ごろ	2
先ず	1
先ずもって	1
先ず以って	1
先ず以て	1
先ず先ず	1
先だって	5
先っちょ	0
先っぽ	0
先どり	0
先に	0
先の世	4
先の日	4
先ほど	0
先もって	1
先んじる	4
先んずる	4
先カンブリア時代	8
先安	0
先以って	1
先以て	1
先鋭	0
先鋭化	0
先延ばし	0
先王	0
先回	0
先回り	3
先覚	0
先覚者	3
先学	0
先割れスプーン	6
先願主義	5
先議	1
先客	0
先金	0
先駆	1
先駆け	0
先駆ける	4
先駆者	3
先君	1
先決	0
先決問題	5
先月	1
先見	0
先賢	0
先遣	0
先験的	0
先古	1
先公	0
先口	0
先攻	0
先皇	0
先考	0
先行	0
先行き	0
先行馬	3
先高	0
先刻	0
先頃	0
先妻	0
先細	0
先細り	0
先山	0
先史	1
先史学	3
先史時代	4
先師	1
先借り	0
先主	1
先取	1
先取り	0
先取点	3
先取特権	4
先手	0
先手必勝	0
先週	0
先住	0
先住者	3
先住民	3
先住民族	5
先出	0
先述	0
先勝	0
先触れ	0
先進	0
先進国	3
先人	0
先陣	0
先陣争い	5
先制	0
先制攻撃	5
先生	3
先生方	3
先聖	0
先先	2
先先月	3
先先週	0
先染め	0
先潜り	3
先祖	1
先祖伝来	1
先走る	4
先送り	0
先太	0
先貸し	0
先代	0
先達	0
先達て	0
先端	0
先端技術	5
先端巨大症	0
先端的	0
先知	1
先着	0
先着順	0
先帝	0
先程	0
先哲	0
先天	0
先天的	0
先天梅毒	5
先渡し	0
先登	0
先途	1
先度	0
先土器時代	5
先頭	0
先導	0
先読み	0
先縄文時代	7
先日	0
先入	0
先入観	3
先入見	3
先入主	3
先任	0
先任者	3
先年	0
先輩	0
先買い	0
先売り	0
先発	0
先発隊	0
先般	1
先番	0
先非	1
先付	0
先付け	0
先夫	1
先婦	1
先父	1
先負	1
先附	0
先払い	3
先物	0
先物市場	5
先物取り引き	5
先物取引	5
先物買い	0
先兵	1
先便	0
先鞭	0
先方	0
先鋒	0
先棒	0
先務	1
先夜	1
先役	0
先約	0
先憂後楽	0
先様	0
先立ち	0
先立つ	3
先立てる	4
先隣	3
先例	0
先妣	1
千	1
千すじ	1
千一夜	4
千羽鶴	4
千円	0
千億	1
千客万来	0
千客万來	0
千客萬来	0
千客萬來	0
千筋	1
千金	0
千軍万馬	5
千言万語	5
千古	1
千古不易	1
千差万別	1
千歳	0
千歳飴	3
千載	0
千載一遇	0
千載不磨	5
千擦り	0
千三屋	0
千山万水	0
千姿万態	1
千思万考	1
千紫万紅	1
千社札	3
千手観音	4
千種	1
千種万様	1
千秋	0
千秋楽	3
千重	1
千緒万端	1
千状万態	0
千振	0
千辛万苦	5
千人針	5
千人力	0
千尋	0
千摺り	0
千世	1
千成り	0
千成り瓢箪	5
千生	0
千生り	0
千石船	5
千切り	0
千切る	2
千切れる	3
千切れ雲	4
千千	1
千草	1
千草色	0
千態万状	0
千代	1
千代紙	2
千代萩	3
千鳥	1
千鳥格子	4
千鳥掛け	0
千鳥草	0
千鳥足	3
千度	1
千島鵜烏	5
千島鵜鴉	5
千日	4
千日紅	4
千日手	4
千日草	0
千入	0
千年	0
千年王国説	8
千年期	3
千年紀	3
千年鯛	3
千波万波	1
千倍	0
千分	0
千分比	3
千分率	3
千変万化	5
千篇	0
千篇一律	0
千編一律	0
千本格子	5
千本占地	5
千本槍	3
千枚	1
千枚張り	0
千枚通し	5
千枚漬	0
千枚漬け	0
千万	1
千万無量	5
千木	1
千夜	1
千葉	1
千里	1
千里眼	0
千里竹	0
千里同風	1
千里馬	3
千慮	1
千慮の一失	1
千慮一失	1
千両	1
千両箱	3
千両役者	5
千六本	3
千仞	0
千鈞	0
占い	0
占い師	3
占う	3
占む	2
占めた	1
占める	2
占居	1
占拠	1
占算	2
占師	3
占取権	3
占術	1
占星術	3
占地	0
占法	0
占卜	0
占有	0
占有権	3
占有率	3
占用	0
占領	0
占領軍	3
占筮	0
宣する	3
宣ふ	3
宣べる	2
宣下	1
宣教	0
宣教師	3
宣言	3
宣言子	3
宣言書	0
宣言的	0
宣告	0
宣旨	1
宣誓	0
宣誓書	0
宣戦	0
宣戦布告	0
宣伝	0
宣伝戦	0
宣伝費	3
宣布	1
宣撫	1
宣命	0
宣命体	0
宣明暦	3
宣揚	0
専	1
専ら	0
専一	0
専横	0
専科	1
専管	0
専管水域	5
専管租界	5
専業	0
専業主夫	5
専業主婦	5
専業農家	5
専決	0
専権	0
専攻	0
専攻科	0
専行	0
専守防衛	1
専修	0
専修科	0
専修学校	5
専従	0
専従者	3
専心	0
専制	0
専制君主	5
専制政治	5
専属	0
専断	0
専任	0
専念	0
専売	0
専売局	3
専売特許	5
専務	1
専務取締役	1
専門	0
専門医	3
専門化	0
専門家	0
専門学校	5
専門教育	5
専門語	0
専門紙	3
専門誌	3
専門書	0
専門職	3
専門的	0
専門店	3
専有	0
専有権	3
専用	0
専用回線	5
専用車	3
専用線	0
尖	0
尖がる	3
尖み	0
尖む	2
尖らす	3
尖り声	4
尖り帽子	5
尖る	2
尖んがり	0
尖んがる	3
尖鋭	0
尖角	0
尖圭	0
尖形	0
尖晶石	3
尖鼠	4
尖端	0
尖塔	0
尖頭	0
尖頭器	3
尖兵	1
尖棒	0
川	2
川づら	0
川べり	0
川むつ	0
川鵜	0
川越し	0
川沿い	0
川縁	2
川下	0
川下り	3
川蝦	0
川海豚	3
川開き	3
川岸	0
川魚	3
川魚料理	5
川筋	0
川原	0
川原松葉	4
川原毛	0
川原鶸	4
川口	2
川向かい	3
川向こう	3
川骨	0
川崎病	0
川施餓鬼	3
川止め	0
川蛇	0
川洲	0
川秋沙	3
川床	0
川上	0
川尻	0
川真珠貝	5
川水雲	3
川瀬	0
川蝉	0
川千鳥	3
川船	0
川鼠	3
川太郎	2
川端	0
川竹	2
川虫	2
川釣	0
川釣り	0
川底	0
川伝い	3
川波	0
川八つ目	3
川八目	3
川風	2
川幅	0
川辺	0
川霧	0
川明かり	3
川明り	3
川面	2
川柳	1
川遊び	3
川楊	3
川流れ	3
川獺	0
川蜻蛉	3
戦	3
戦々恐々	0
戦々兢々	0
戦い	0
戦い抜く	5
戦う	0
戦き	0
戦く	3
戦ぐ	2
戦わす	0
戦意	1
戦域	0
戦渦	1
戦雲	0
戦果	1
戦火	1
戦禍	1
戦艦	0
戦旗	1
戦機	1
戦記	1
戦況	0
戦局	0
戦後	0
戦後恐慌	4
戦後派	0
戦功	0
戦国	0
戦国時代	5
戦国大名	5
戦災	0
戦災孤児	5
戦災者	3
戦史	1
戦士	1
戦死	0
戦死者	3
戦時	1
戦時下	3
戦時公債	4
戦時国際法	0
戦時色	3
戦時体制	4
戦時中	0
戦車	1
戦車隊	0
戦術	0
戦術家	0
戦傷	0
戦勝	0
戦勝国	3
戦場	0
戦塵	0
戦陣	0
戦績	0
戦跡	0
戦戦恐恐	0
戦戦兢兢	0
戦線	0
戦前	0
戦前派	0
戦争	0
戦争犯罪	5
戦争犯罪人	0
戦争文学	5
戦隊	0
戦端	0
戦地	1
戦中	0
戦中派	0
戦闘	0
戦闘員	3
戦闘艦	0
戦闘機	3
戦闘的	0
戦闘帽	3
戦闘力	3
戦敗	0
戦犯	0
戦費	1
戦備	1
戦病死	3
戦斧	1
戦法	0
戦没	0
戦没者	4
戦務	1
戦役	0
戦友	0
戦乱	0
戦利品	0
戦略	0
戦略情報システム	9
戦略爆撃	5
戦略物資	5
戦力	1
戦歴	0
戦列	0
戦慄	0
戦慄く	3
戦歿	0
扇	3
扇ぎ立てる	5
扇ぐ	2
扇貝	3
扇形	0
扇子	0
扇歯鯨	5
扇情	0
扇情的	0
扇状	0
扇状地	3
扇動	0
扇芭蕉	4
扇風器	3
扇風機	3
撰	1
撰する	3
撰ぶ	2
撰者	1
撰修	0
撰集	0
撰述	0
撰録	0
栓	1
栓抜	3
栓抜き	3
栴檀	0
泉	0
泉下	1
泉貨	1
泉貨紙	3
泉質	0
泉水	0
泉石	0
泉熱	3
泉門	0
浅い	0
浅はか	2
浅ましい	4
浅黄	0
浅黄斑蝶	4
浅海	0
浅学	0
浅学非才	0
浅学菲才	0
浅茅	0
浅間しい	4
浅見	0
浅紅	0
浅黒い	4
浅才	0
浅紫	4
浅酌低唱	0
浅手	0
浅瀬	0
浅草海苔	4
浅知恵	0
浅漬	0
浅漬け	0
浅葱	0
浅葱色	0
浅葱斑	4
浅薄	0
浅発地震	5
浅緋	0
浅墓	2
浅木炭	3
浅慮	1
浅緑	3
浅縹	3
浅蜊	0
洗	3
洗い	0
洗いざらい	4
洗いざらし	0
洗いざらす	5
洗いだす	4
洗いなおす	5
洗い桶	4
洗い熊	3
洗い晒し	0
洗い晒す	5
洗い出し	0
洗い出す	4
洗い上げる	5
洗い場	0
洗い替え	0
洗い濯ぎ	0
洗い張り	3
洗い直す	5
洗い髪	0
洗い物	0
洗い粉	0
洗い落とす	5
洗い立て	0
洗い立てる	5
洗い流す	5
洗い浚い	4
洗う	0
洗たく機	4
洗眼	0
洗顔	0
洗熊	2
洗骨	0
洗剤	0
洗車	0
洗浄	0
洗浄器	3
洗浄剤	3
洗足	0
洗濯	0
洗濯ばさみ	5
洗濯屋	0
洗濯機	4
洗濯挟み	5
洗濯場	0
洗濯石鹸	5
洗濯板	5
洗濯物	0
洗湯	1
洗脳	0
洗髪	0
洗物	0
洗米	0
洗面	0
洗面器	3
洗面所	0
洗面台	0
洗礼	0
洗礼堂	0
洗礼名	3
洗煉	0
洗練	0
洗錬	0
洗滌	0
染	0
染まる	0
染み	0
染みつく	3
染みる	0
染み込む	3
染み出す	3
染み出る	3
染み着く	3
染み渡る	4
染み透る	3
染み入る	3
染み抜き	0
染み付く	3
染め	0
染めつける	4
染めなおす	4
染める	0
染め衣	0
染め型	0
染め込む	3
染め糸	0
染め出す	3
染め上がり	0
染め上げる	4
染め色	0
染め直す	4
染め抜く	3
染め付け	0
染め付ける	4
染め物	0
染め物屋	0
染め分け	0
染め分ける	4
染め粉	0
染め返す	3
染め模様	3
染井吉野	4
染込む	3
染出す	3
染織	0
染色	0
染色質	4
染色体	0
染色体異常	7
染色体地図	7
染色体突然変異	11
染着く	3
染透る	3
染髪	0
染筆	0
染付	0
染付く	3
染物	0
染物屋	0
染料	3
潜く	2
潜む	2
潜める	3
潜らせる	4
潜り	3
潜り戸	3
潜り込む	4
潜り抜ける	5
潜り門	3
潜る	2
潜航	0
潜航艇	0
潜行	0
潜在	0
潜在意識	5
潜在失業	5
潜在主権	5
潜在的	0
潜時	1
潜心	0
潜水	0
潜水艦	0
潜水艇	0
潜水病	0
潜水夫	3
潜水服	3
潜水母艦	5
潜勢力	3
潜性	0
潜像	0
潜脱	0
潜入	0
潜熱	1
潜函	0
潜函病	0
潜伏	0
潜伏期	4
潜望鏡	0
潜門	3
煎	1
煎じる	3
煎じ詰める	5
煎じ出す	4
煎じ茶	3
煎じ薬	4
煎ずる	3
煎りつける	4
煎り豆	0
煎り豆腐	3
煎り付ける	4
煎り粉	0
煎り卵	3
煎る	1
煎れる	2
煎海鼠	0
煎剤	0
煎茶	0
煎豆腐	3
煎鍋	3
煎餅	1
煎餅蒲団	5
煎餅布団	5
煎薬	0
煽ぎ立てる	5
煽ぐ	2
煽て	0
煽てる	0
煽り	3
煽り止め	0
煽り足	3
煽り立てる	5
煽る	2
煽情	0
煽情的	0
煽動	0
旋回	0
旋廻	0
旋光性	0
旋転	0
旋頭歌	2
旋盤	0
旋盤工	0
旋風	0
旋法	0
旋毛	0
旋毛曲がり	4
旋律	0
旋律的短音階	9
穿く	0
穿ちすぎ	0
穿ち過ぎ	0
穿つ	2
穿り出す	5
穿り返す	5
穿る	3
穿孔	0
穿孔機	3
穿山甲	3
穿刺	1
穿通	0
穿鑿	0
箭	1
箭竹	1
線	1
線スペクトル	4
線維素	3
線引き	0
線画	0
線区	1
線型	0
線形	0
線形計画法	0
線形写像	5
線形動物	5
線径	0
線源	3
線香	1
線香花火	5
線香代	0
線香立て	3
線材	0
線上	0
線条	0
線条体	0
線状	0
線審	0
線素	1
線対称	3
線虫	1
線虫類	3
線表	0
線描	0
線描画	0
線分	0
線毛	0
線量	3
線量計	0
線量当量	5
線路	1
繊	1
繊維	1
繊維工業	4
繊維細胞	4
繊維素	3
繊維素原	4
繊維組織	4
繊維板	0
繊月	1
繊巧	0
繊細	0
繊弱	0
繊手	1
繊条	0
繊切り	0
繊度	1
繊毛	0
繊毛虫	3
繊六本	3
羨ましい	5
羨む	3
羨望	0
腺	1
腺ペスト	3
腺癌	1
腺腫	1
腺熱	1
腺熱リケッチア症	9
腺病質	3
腺房	0
腺毛	0
舛	1
船	1
船だまり	3
船びき網	4
船べり	0
船医	1
船員	0
船員保険	5
船員労働委員会	10
船引き網	4
船引網	4
船影	0
船曳き網	4
船曳網	4
船縁	0
船架	1
船歌	2
船火事	0
船荷	0
船荷証券	4
船会社	3
船外	1
船外機	3
船掛かり	3
船客	0
船脚	1
船級	0
船渠	1
船競べ	3
船橋	2
船玉	0
船具	1
船軍	1
船型	0
船形	1
船魂	0
船室	0
船主	1
船守り	0
船首	1
船首像	3
船首楼	3
船宿	0
船出	0
船小屋	0
船床	0
船上	0
船乗り	2
船食虫	3
船人	2
船酔い	0
船積み	0
船籍	0
船籍港	4
船倉	0
船窓	0
船側	0
船側渡し	5
船足	0
船体	0
船待ち	0
船隊	0
船台	0
船大工	3
船蛸	3
船棚	2
船端	0
船団	0
船着き場	0
船着場	0
船中	1
船虫	2
船長	1
船賃	2
船釣	0
船釣り	0
船底	0
船艇	0
船渡し	3
船灯	0
船頭	3
船内	1
船舶	1
船舶職員	6
船舶保険	5
船板	0
船板塀	4
船尾	1
船幅	0
船腹	1
船便	0
船方	0
船名	0
船遊び	3
船溜まり	3
船留め	0
船旅	0
船霊	0
船齢	0
船路	0
船檣	0
船艙	0
船饅頭	3
薦	1
薦め	0
薦める	0
薦挙	1
薦骨	1
薦椎	0
薦被り	3
薦筵	3
詮	1
詮ない	3
詮議	1
詮議立て	0
詮索	0
詮術	1
詮方	0
詮方無い	5
詮無い	3
賎業	0
賎業婦	3
賎民	0
践む	0
践言	3
践祚	1
選	1
選する	3
選ばれる	4
選びとる	4
選び取る	4
選び出す	4
選び方	0
選ぶ	2
選りすぐる	4
選りに選って	2
選り屑	3
選り好み	0
選り取り	0
選り取り見取り	5
選り出す	3
選り抜き	0
選り抜く	3
選り分ける	4
選る	1
選科	1
選果	1
選歌	1
選外	1
選外佳作	5
選管	0
選球	0
選球眼	3
選挙	1
選挙違反	4
選挙運動	4
選挙管理委員会	8
選挙区	3
選挙権	3
選挙公報	4
選挙人	0
選挙人名簿	6
選挙戦	0
選挙母体	4
選挙法	0
選局	0
選曲	0
選言	0
選言的	0
選言的三段論法	11
選言的判断	7
選好	0
選考	0
選考会	3
選鉱	0
選時	1
選者	1
選取り	0
選手	1
選手権	3
選手権大会	6
選手村	0
選手団	3
選集	0
選出	0
選書	1
選奨	0
選対	0
選択	0
選択科目	5
選択子	4
選択肢	4
選炭	0
選定	0
選日	0
選任	0
選抜	0
選評	0
選別	0
選民	0
選良	0
遷す	2
遷る	2
遷移	1
遷移元素	4
遷延	0
遷化	1
遷客	0
遷宮	3
遷宮祭	3
遷幸	0
遷座	0
遷座祭	3
遷都	1
銭	1
銭葵	3
銭貨	1
銭勘定	3
銭亀	0
銭金	1
銭形海豹	6
銭遣い	3
銭苔	0
銭湯	1
銭入れ	2
銭箱	0
銑	1
銑鉄	0
閃かす	4
閃き	0
閃く	3
閃ウラン鉱	4
閃亜鉛鉱	4
閃光	0
閃光信号	5
閃光電球	5
閃光灯	0
閃電	0
鮮か	2
鮮やか	2
鮮鋭	0
鮮魚	1
鮮魚店	3
鮮血	0
鮮紅	0
鮮紅色	3
鮮少	0
鮮新世	3
鮮度	1
鮮肉	0
鮮卑	1
鮮明	0
鮮緑	0
鮮麗	0
鮮烈	0
前	1
前々	0
前かがみ	3
前だれ	0
前のめり	3
前ぶれ	0
前もって	3
前ピン	0
前以って	3
前以て	3
前意識	3
前医	1
前臼歯	3
前衛	0
前衛芸術	5
前衛的	0
前衛派	0
前下がり	3
前科	1
前科者	0
前回	1
前額	0
前額部	4
前掛	0
前掛け	0
前勘定	3
前官	0
前官礼遇	5
前癌状態	5
前期	1
前期中等教育	1
前記	1
前脚	2
前胸腺	0
前近代的	0
前金	0
前駆	1
前駆症状	4
前駆体	0
前屈	0
前屈み	3
前軍	0
前傾	0
前掲	0
前景	0
前景気	3
前月	1
前件	1
前賢	0
前言	0
前言往行	0
前古	1
前後	1
前後ろ	1
前後左右	1
前後撞着	1
前後不覚	1
前口上	3
前口動物	5
前向き	0
前行	1
前項	1
前号	0
前座	0
前妻	0
前栽	0
前菜	0
前罪	3
前作	0
前捌き	3
前山	0
前史	1
前肢	1
前歯	1
前時代的	0
前室	0
前者	1
前車	1
前借	0
前借り	0
前借金	0
前週	0
前祝い	3
前出	0
前述	0
前書	1
前書き	0
前哨	0
前哨戦	0
前哨線	0
前照灯	0
前章	0
前場	0
前条	1
前職	1
前触れ	0
前審	0
前身	0
前身頃	3
前進	0
前進的論証	0
前人	0
前人未到	0
前人未踏	0
前垂	0
前垂れ	0
前世	1
前世界	3
前世紀	3
前成説	3
前生	1
前節	0
前説	0
前宣伝	3
前線	0
前前	0
前奏	0
前奏曲	3
前相撲	3
前装	0
前装砲	0
前足	0
前貸し	0
前代	1
前代未聞	1
前端	0
前段	0
前置	1
前置き	0
前置詞	3
前著	1
前兆	0
前庭	0
前庭器官	5
前庭窓	3
前提	0
前程	0
前哲	0
前轍	0
前転	0
前電	0
前渡し	0
前途	1
前途遼遠	1
前倒し	3
前頭	3
前頭筋	0
前頭骨	3
前頭葉	3
前日	0
前任	0
前任者	3
前年	0
前年度	3
前年比	3
前納	0
前脳	0
前売	0
前売り	0
前売り券	4
前売券	4
前髪	0
前半	0
前半期	3
前半生	3
前半戦	0
前板	0
前非	1
前表	0
前評判	3
前付け	0
前夫	1
前婦	1
前部	1
前払	3
前払い	3
前仏	1
前文	0
前壁	0
前篇	0
前編	0
前便	0
前方	0
前方後円墳	7
前坊	0
前房	0
前名	0
前面	0
前門	0
前夜	1
前夜祭	3
前厄	0
前約	0
前輿	0
前葉	0
前立て	0
前立腺	0
前立腺癌	5
前立腺肥大症	0
前略	1
前輪	0
前輪駆動	5
前例	0
前歴	0
前列	1
前腕	0
前翅	1
前膊	0
前褌	0
前蹤	0
前鰓類	3
善	1
善い	1
善う	1
善かれ	1
善かれ悪しかれ	1
善き	1
善く	1
善くする	1
善くぞ	1
善くも	1
善く善く	0
善し悪し	1
善悪	1
善悪不二	1
善意	1
善意銀行	4
善意占有	4
善因	0
善因善果	5
善果	1
善感	0
善業	0
善玉	0
善狐	1
善後	1
善後策	3
善後処置	4
善行	0
善根	0
善根宿	5
善哉	3
善事	1
善処	1
善書	1
善女	1
善心	0
善神	0
善人	3
善政	0
善逝	0
善戦	0
善男善女	5
善知識	3
善智識	3
善導	0
善道	0
善徳	0
善美	1
善友	0
善用	0
善良	0
善隣	0
善隣外交	5
漸	1
漸々	0
漸う	0
漸く	0
漸て	0
漸近	0
漸近線	0
漸減	0
漸悟	1
漸次	1
漸新世	3
漸進	0
漸進主義	5
漸進的	0
漸漸	0
漸増	0
漸落	0
然	0
然々	2
然あらぬ	0
然うして	0
然うゆう	0
然う言う	0
然う斯う	1
然し	2
然したる	1
然して	1
然しながら	4
然し乍ら	4
然せる	2
然のみ	1
然のみならず	5
然も	2
然もあらばあれ	1
然もないと	1
然もなければ	1
然も無いと	1
然も無ければ	1
然らしめる	5
然らずば	3
然らずんば	4
然らば	1
然り	2
然りげ無い	4
然りとて	1
然りながら	1
然り気ない	4
然り気無い	4
然り乍ら	3
然る	1
然るに	2
然るべく	4
然るを	2
然る可く	4
然る後	2
然る者	1
然れど	1
然れども	2
然れば	1
然ればこそ	1
然許り	2
然然	2
然諾	0
然程	0
然迄	1
然有らぬ	0
然様	0
全	1
全うする	0
全き	3
全く	0
全て	1
全域	0
全員	0
全員一致	0
全英	0
全欧	0
全音	0
全音音階	5
全音階	3
全音符	3
全家	1
全科	1
全会	0
全会一致	0
全壊	0
全快	0
全開	0
全角	0
全学	0
全学連	3
全額	0
全割	0
全巻	0
全館	1
全岸	0
全期	1
全休	0
全休止符	5
全級	0
全局	0
全曲	0
全躯	1
全軍	0
全形	0
全景	0
全権	0
全権委員	5
全権公使	5
全権大使	5
全戸	1
全校	1
全高	0
全国	1
全国区	3
全国紙	4
全国大会	5
全国中継	5
全国的	0
全国放送	5
全作	0
全山	1
全史	1
全市	1
全紙	1
全治	1
全室	0
全射	0
全社	1
全州	1
全集	0
全書	1
全勝	0
全焼	0
全称	0
全身	0
全身性	3
全身性エリテマトーデス	11
全身全霊	0
全身麻酔	5
全人	0
全人教育	5
全図	1
全数	3
全世界	1
全勢力	1
全盛	0
全盛期	3
全線	0
全船	1
全然	0
全速	0
全速力	4
全損	0
全村	0
全体主義	5
全体主義国家	7
全体集合	5
全体論	3
全隊	0
全単射	3
全段	0
全知	1
全知全能	1
全地	1
全智	1
全長	0
全通	0
全潰	0
全摘出	3
全的	0
全天	0
全天候	3
全店	1
全都	1
全土	1
全島	1
全道	1
全日	0
全日制	0
全乳	0
全納	0
全能	0
全廃	0
全敗	0
全反射	3
全反射プリズム	7
全般	0
全般的	0
全否定	3
全備	1
全豹	0
全品	1
全部	1
全幅	0
全文	0
全米	0
全篇	0
全編	0
全便	0
全方位	3
全貌	0
全北区	3
全滅	0
全面	0
全面広告	5
全面講和	5
全面戦争	5
全面的	0
全盲	0
全問	0
全訳	0
全癒	1
全容	0
全裸	1
全粒粉	3
全寮	0
全寮制	0
全量	0
全力	0
全力投球	5
全霊	0
禅	1
禅院	0
禅家	1
禅画	0
禅学	0
禅語	0
禅師	1
禅寺	0
禅室	0
禅宗	0
禅宗様	0
禅譲	0
禅僧	0
禅知	1
禅智	1
禅定	0
禅堂	0
禅道	0
禅那	1
禅尼	1
禅法	0
禅坊主	3
禅味	1
禅問答	3
禅門	0
禅林	0
禅話	0
繕い	3
繕う	3
膳	0
膳越し	0
膳所	1
膳部	1
膳立て	4
塑性	0
塑像	0
塑造	0
措いて	0
措く	0
措辞	1
措置	1
措置入院	3
措定	0
曾て	0
曾祖父	3
曾祖母	3
曾孫	0
曾遊	0
曽祖父	3
曽祖父母	4
曽祖母	3
曽孫	0
楚	3
楚々	1
楚蟹	3
楚楚	1
狙い	0
狙い撃ち	0
狙い所	0
狙い澄ます	5
狙い目	0
狙う	0
狙撃	0
狙撃兵	3
疏水	0
疏通	0
疎	1
疎々しい	5
疎い	2
疎か	2
疎ましい	4
疎む	2
疎ら	0
疎んじる	4
疎遠	0
疎音	0
疎開	0
疎外	0
疎外感	2
疎隔	0
疎水	0
疎水コロイド	5
疎水基	2
疎水性	0
疎疎しい	5
疎通	0
疎抜く	3
疎放	0
疎慢	0
疎密	0
疎明	0
疎略	0
疎林	0
疎漏	0
礎	0
礎材	0
礎石	0
祖	1
祖型	0
祖語	1
祖国	1
祖国愛	3
祖師	1
祖師禅	2
祖宗	1
祖述	0
祖先	1
祖先崇拝	4
祖先伝来	1
祖廟	1
祖父	1
祖父さん	1
祖父祖母	1
祖父母	2
祖母	1
祖母さん	1
祖霊	1
租界	0
租借	0
租借地	3
租税	1
租庸調	2
粗	2
粗い	0
粗ごなし	0
粗っぽい	4
粗びき	0
粗悪	0
粗悪品	0
粗衣	1
粗衣粗食	1
粗塩	0
粗菓	1
粗樫	0
粗玉	0
粗筋	0
粗金	0
粗研ぎ	0
粗言	0
粗鉱	0
粗鋼	0
粗忽	0
粗忽者	0
粗削り	0
粗雑	0
粗餐	0
粗煮	0
粗酒	1
粗食	0
粗製	0
粗製品	0
粗製乱造	0
粗製濫造	0
粗薦	0
粗粗	0
粗捜し	3
粗相	1
粗造り	3
粗大	0
粗大ごみ	2
粗大塵	2
粗探し	3
粗茶	1
粗塗り	0
粗砥	0
粗糖	0
粗銅	0
粗縄	0
粗熱	0
粗播き	0
粗飯	0
粗挽き	0
粗皮	0
粗描	0
粗品	0
粗布	1
粗服	0
粗粉	1
粗壁	0
粗放	0
粗放農業	4
粗方	0
粗暴	0
粗末	1
粗慢	0
粗密	0
粗木	0
粗目	0
粗目雪	3
粗目糖	0
粗野	1
粗利	0
粗利益	3
粗略	0
粗漏	0
粗朶	0
粗碾き	0
粗笨	0
粗筵	3
素	1
素うどん	2
素っぴん	0
素っ気ない	4
素っ気無い	4
素っ首	1
素っ頓狂	3
素っ破抜き	0
素っ破抜く	4
素っ飛ぶ	3
素っ裸	3
素もぐり	2
素より	1
素袷	2
素案	0
素因	0
素因数	2
素襖	2
素懐	0
素馨	0
素寒貧	4
素干し	0
素甘	0
素顔	1
素気ない	3
素気無い	1
素魚	0
素絹	0
素元	0
素股	0
素語り	2
素行	0
素材	0
素札	1
素子	1
素志	1
素質	0
素手	1
素首	1
素首落し	4
素首落とし	4
素書	0
素書き	0
素焼	0
素焼き	0
素食	0
素振	1
素振り	0
素人	1
素人下宿	5
素人筋	4
素人芸	4
素人細工	5
素人芝居	5
素人臭い	6
素人目	0
素人離れ	5
素数	2
素姓	0
素性	0
素晴しい	4
素晴らしい	4
素生	0
素声	0
素潜り	2
素早い	3
素足	1
素速い	3
素知らぬ	4
素地	0
素直	1
素通し	0
素通り	0
素敵	0
素敵滅法	6
素的	0
素適	0
素湯	1
素読	0
素読み	0
素破抜き	0
素破抜く	4
素拍子	3
素泊まり	2
素泊り	2
素肌	1
素反応	2
素描	0
素描き	0
素封家	0
素朴	0
素朴実在論	6
素本	1
素面	1
素麺	1
素揚	0
素揚げ	0
素養	0
素裸	3
素粒子	2
素粒子論	4
素浪人	2
素樸	0
素饂飩	2
組	2
組する	3
組み	2
組みつく	3
組み唄	2
組み下	0
組み歌	2
組み換え	0
組み換えＤＮＡ	9
組み換える	0
組み合い	0
組み合う	3
組み合す	4
組み合せ	0
組み合せる	5
組み合わす	4
組み合わせ	0
組み合わせる	5
組み込み関数	5
組み込む	3
組み糸	3
組み写真	3
組み手	3
組み重	2
組み上げる	4
組み打ち	0
組み体操	3
組み替え	0
組み替える	0
組み天井	3
組み討ち	0
組み入れ	0
組み入れる	4
組み入れ天井	5
組み杯	3
組み盃	3
組み版	0
組み紐	2
組み付く	3
組み付け	0
組み敷く	3
組み伏せる	4
組み物	2
組み分け	0
組み方	3
組み立て	0
組み立てる	4
組み立て単位	5
組む	1
組員	2
組唄	2
組屋敷	3
組歌	2
組閣	0
組換え	0
組換えＤＮＡ	9
組換える	0
組曲	2
組合	0
組合せ	0
組合せる	5
組合わせ	0
組合わせる	5
組合員	3
組合主義	5
組込み関数	5
組込む	3
組子	0
組手	3
組織	1
組織化	0
組織学	3
組織球	0
組織神学	4
組織的	0
組織適合抗原	1
組織適合性	1
組織培養	4
組織票	0
組織立つ	4
組織力	3
組織労働者	6
組職	1
組成	0
組積造	3
組打ち	0
組体操	3
組替え	0
組替える	0
組長	2
組討ち	0
組頭	3
組入れ	0
組入れる	4
組入れ天井	5
組版	0
組紐	2
組付く	3
組付け	0
組敷く	3
組物	2
組分け	0
組立	0
組立て	0
組立てる	4
組立て住宅	5
組立て単位	5
蘇	1
蘇える	3
蘇り	0
蘇る	3
蘇生	0
蘇張	1
蘇鉄	0
蘇方	2
蘇芳	2
蘇枋	2
訴え	0
訴える	4
訴え出る	5
訴因	0
訴願	0
訴求	0
訴権	0
訴訟	0
訴訟記録	4
訴訟係属	4
訴訟繋属	4
訴訟行為	4
訴訟指揮	4
訴訟事件	4
訴訟当事者	6
訴訟費用	4
訴訟法	0
訴状	0
訴人	0
訴追	0
阻む	2
阻害	0
阻隔	0
阻却	0
阻止	1
阻喪	0
阻礙	0
遡る	4
遡河魚	3
遡及	0
遡求	0
遡源	0
遡航	0
遡行	0
遡上	0
鼠	0
鼠カンガルー	4
鼠チフス菌	0
鼠花火	4
鼠海豚	4
鼠害	0
鼠径	0
鼠径ヘルニア	4
鼠径管	0
鼠径部	2
鼠頚部	2
鼠穴	3
鼠講	0
鼠鮫	3
鼠算	3
鼠子	0
鼠取り	3
鼠色	0
鼠窃	0
鼠賊	1
鼠族	1
鼠盗	0
鼠頭魚	1
鼠毒	0
鼠入らず	4
鼠輩	0
鼠捕り	3
鼠坊	0
鼠鳴き	0
鼠落し	4
鼠李	5
鼠咬症	0
鼠蹊	0
鼠蹊ヘルニア	4
鼠蹊管	0
鼠蹊部	2
鼠頸部	2
鼠鯒	3
鼠黐	3
僧	1
僧庵	0
僧位	1
僧衣	1
僧院	0
僧伽	1
僧伽藍摩	4
僧家	1
僧形	0
僧綱	0
僧号	3
僧寺	1
僧衆	1
僧職	0
僧正	1
僧籍	0
僧俗	1
僧体	0
僧徒	1
僧都	1
僧堂	0
僧尼	1
僧服	0
僧兵	0
僧坊	0
僧帽筋	0
僧帽弁	3
僧房	0
僧門	0
僧侶	1
創める	0
創り出す	4
創る	2
創案	0
創意	1
創開	0
創刊	0
創刊号	3
創業	0
創業者	3
創業費	3
創建	0
創見	0
創痕	0
創作	0
創作家	0
創始	1
創始者	3
創氏改名	1
創出	0
創傷	0
創世	0
創世期	3
創世記	3
創世神話	5
創生	0
創製	0
創設	0
創設者	4
創造	0
創造主	3
創造性	0
創造的	0
創造的進化	7
創造力	3
創部	0
創面	1
創立	0
創痍	1
双	1
双ぶ	0
双べる	0
双ポン	1
双殻類	4
双眼	0
双眼鏡	0
双脚	0
双球菌	0
双魚宮	3
双曲線	0
双曲面	4
双極子	3
双極子モーメント	6
双極性障害	7
双肩	0
双互	1
双差し	0
双子	0
双子座	0
双子葉植物	7
双紙	1
双児	1
双手	1
双十節	3
双書	1
双刃	0
双成り	0
双生	0
双生児	3
双節棍	0
双調	0
双頭	0
双頭の鷲	0
双発	0
双発機	4
双幅	0
双壁	0
双方	1
双方向	3
双方向通信	7
双方独占	5
双頬	0
双務	1
双務契約	4
双葉	2
双葉葵	4
双葉柿	3
双翼	0
双陸	0
双輪	0
双六	0
双璧	0
双眸	0
双鬢	0
叢	2
叢々	2
叢がる	3
叢り	0
叢雨	0
叢雲	0
叢雲剣	8
叢時雨	3
叢書	1
叢生	0
叢叢	1
叢談	0
叢氷	0
叢立ち	0
叢林	0
叢祠	1
倉	2
倉づくり	3
倉荷	0
倉庫	1
倉庫会社	4
倉庫業	3
倉皇	0
倉主	2
倉出し	0
倉造り	3
倉卒	0
倉渡し	3
倉入れ	0
倉敷	2
倉敷料	4
倉廩	0
喪	0
喪う	0
喪家	1
喪家の狗	1
喪具	1
喪祭	0
喪失	0
喪主	1
喪章	0
喪心	0
喪神	0
喪中	0
喪服	0
壮	1
壮快	0
壮観	0
壮挙	1
壮健	0
壮言大語	5
壮語	1
壮行	0
壮行会	3
壮士	1
壮者	1
壮図	1
壮絶	0
壮大	0
壮丁	0
壮途	1
壮年	0
壮美	1
壮麗	0
壮齢	0
壮烈	0
奏する	3
奏でる	3
奏楽	0
奏曲	1
奏功	0
奏効	0
奏者	1
奏上	0
奏請	0
奏聞	0
奏法	0
奏鳴曲	3
爽やか	2
爽快	0
爽秋	0
爽涼	0
宋	1
宋音	1
宋学	0
宋詞	1
層	1
層雲	0
層群	0
層序学	3
層状	0
層積雲	3
層相	3
層別	0
層流	0
層楼	0
惣構	3
惣菜	0
惣太鰹	4
惣領	0
惣領制	0
想	1
想いこがれる	6
想いで	0
想い出	0
想い焦がれる	6
想い焦れる	6
想い到る	5
想い入れ	0
想う	2
想起	1
想察	0
想像	0
想像妊娠	5
想像力	3
想定	0
想到	0
想入れ	0
想念	1
想望	0
捜しだす	4
捜し回る	5
捜し求める	6
捜し出す	4
捜し当てる	5
捜し物	0
捜す	0
捜査	1
捜査員	3
捜査線	0
捜査本部	4
捜索	0
捜索願	5
捜索願い	5
捜索隊	0
掃き寄せる	0
掃き手	3
掃き出し窓	5
掃き出す	3
掃き清める	5
掃き掃除	3
掃き立て	0
掃き溜め	0
掃く	1
掃海	0
掃海艇	0
掃射	0
掃除	0
掃除器	3
掃除機	3
掃除魚	3
掃蕩	0
掃討	0
掃滅	0
掃溜	0
掃溜め	0
挿げる	0
挿げ替える	0
挿し花	2
挿し絵	0
挿し替える	4
挿し物	2
挿し木	0
挿す	1
挿む	2
挿れる	0
挿花	1
挿画	0
挿絵	0
挿図	0
挿入	0
挿入句	3
挿物	2
挿話	0
掻いくぐる	4
掻い巻	0
掻い巻き	0
掻い掘り	0
掻い繰る	3
掻い込む	3
掻い出す	3
掻い潜る	4
掻い摘まむ	0
掻い摘む	0
掻い撫で	0
掻きむしる	0
掻き回す	0
掻き壊す	4
掻き寄せる	0
掻き起こす	4
掻き玉	0
掻き均す	4
掻き交ぜる	5
掻き口説く	4
掻き合せる	5
掻き合わせる	5
掻き込む	3
掻き混ぜる	4
掻き集める	5
掻き出す	3
掻き傷	2
掻き消える	0
掻き消す	3
掻き上げる	4
掻き切る	0
掻き退ける	0
掻き曇る	4
掻き分ける	4
掻き暮れる	0
掻き抱く	4
掻き鳴らす	0
掻き餅	2
掻き揚げ	0
掻き落とす	4
掻き乱す	4
掻き立てる	4
掻き毟る	0
掻く	1
掻っさらう	4
掻っ込む	0
掻っ捌く	4
掻っ切る	3
掻っ穿じる	4
掻っ穿る	4
掻っ払い	0
掻っ払う	4
掻っ攫う	4
掻巻	0
掻巻き	0
掻玉	0
掻餅	2
掻揚	0
掻攫う	4
掻爬	1
掻痒	0
操	0
操す	3
操り	0
操り芝居	5
操り浄瑠璃	5
操り人形	5
操る	3
操業	0
操業短縮	0
操業費	3
操業率	3
操行	0
操作	1
操車	0
操車場	0
操守	1
操縦	0
操縦士	3
操縦席	3
操縦桿	0
操浄瑠璃	5
操人形	5
操船	0
操舵	1
操舵手	3
操短	0
操典	0
操法	1
早	1
早々	0
早い	2
早いこと	2
早い事	2
早い者勝ち	0
早い所	2
早い話が	2
早う	1
早く	1
早くとも	1
早くも	1
早さ	1
早すぎる	4
早とちり	3
早まき	0
早まる	3
早め	0
早める	3
早よ	1
早わかり	3
早わざ	0
早稲	1
早稲田	1
早引き	0
早引け	0
早桶	3
早乙女	0
早過ぎる	4
早期	1
早期癌	3
早期診断	4
早起き	2
早技	0
早急	0
早教育	3
早暁	0
早業	0
早慶	0
早慶戦	0
早計	0
早撃ち	0
早見	0
早見表	0
早口	2
早口言葉	5
早合点	3
早婚	0
早咲	0
早咲き	0
早産	1
早産児	3
早仕舞い	3
早指し	0
早死に	0
早耳	0
早蒔き	0
早射ち	0
早手	0
早手回し	4
早舟	0
早熟	0
早出	0
早春	0
早少女	0
早鐘	0
早場米	0
早食い	0
早寝	2
早世	0
早瀬	0
早成	0
早生	1
早生まれ	3
早生児	3
早船	0
早早	0
早送り	3
早足	2
早速	0
早打ち	0
早替り	3
早替わり	3
早退	0
早朝	0
早天	0
早道	2
早呑み込み	3
早馬	0
早発ち	0
早飯	0
早晩	0
早番	0
早苗	0
早苗月	3
早苗鳥	3
早分かり	3
早変り	3
早変わり	3
早弁	0
早目	0
早矢	1
早立ち	0
早漏	0
早老	0
早蕨	2
早贄	0
早鮓	2
早鮨	2
曹司	1
曹達	1
曹長	1
曹長石	3
曹洞宗	3
曹洞禅	3
巣	1
巣くう	2
巣引き	0
巣窟	0
巣箱	1
巣立ち	0
巣立つ	2
巣籠り	2
巣籠る	3
槍	0
槍烏賊	2
槍騎兵	3
槍玉	0
槍持ち	4
槍術	1
槍先	0
槍投げ	0
槍衾	3
槽	1
漕ぎ寄せる	0
漕ぎ手	0
漕ぎ出す	3
漕ぎ着ける	4
漕ぐ	1
漕寄せる	0
漕艇	0
燥ぐ	0
争い	0
争い事	0
争う	3
争えない	4
争で	2
争われない	5
争議	1
争議権	3
争議行為	4
争議団	3
争訟	0
争奪	0
争奪戦	0
争端	0
争点	1
争闘	0
争覇	1
争覇戦	0
争乱	0
争論	0
痩ける	2
痩せ	1
痩せぎす	0
痩せこける	4
痩せっぽち	4
痩せても枯れても	3
痩せる	0
痩せ我慢	3
痩せ型	0
痩せ形	0
痩せ細る	4
痩せ山	0
痩せ衰える	6
痩せ男	3
痩せ地	0
痩せ土	0
痩せ肉	0
痩せ馬	0
痩せ腕	0
痩る	0
痩果	1
痩我慢	3
痩躯	1
痩身	0
痩肉	0
相	1
相々	1
相々傘	5
相する	3
相づち	0
相の間	0
相の手	3
相まって	1
相も変らぬ	1
相も変わらぬ	1
相愛	0
相異なる	1
相違	0
相引	0
相引き	0
相縁	0
相縁機縁	5
相応	0
相応しい	4
相加平均	4
相会う	1
相悔み	3
相悔やみ	3
相姦	0
相姦婚	3
相関	0
相関関係	5
相関係数	5
相客	0
相共に	1
相挟み	3
相勤める	1
相銀	0
相携える	1
相継ぐ	1
相撃ち	0
相欠き	0
相決	3
相決り	3
相肩	0
相見る	1
相互	1
相互会社	4
相互銀行	4
相互作用	4
相互主義	4
相互扶助	4
相互保険	4
相碁	0
相好	0
相合	1
相合い	0
相合い駕籠	3
相合い傘	5
相合駕籠	3
相合傘	5
相克	0
相済まぬ	1
相済む	1
相作	0
相作り	3
相殺	0
相殺関税	5
相子	1
相思	1
相思相愛	1
相似	0
相似る	1
相似器官	5
相似形	0
相持ち	0
相次ぐ	1
相識	0
相酌	0
相手	3
相手国	3
相手次第	4
相手取る	4
相手方	0
相手役	0
相宿	0
相承	0
相照らす	1
相称	0
相乗	0
相乗り	0
相乗効果	5
相乗作用	5
相乗積	3
相乗平均	5
相場	0
相場師	3
相場操縦	4
相食む	1
相身互い	1
相図	1
相制説	3
相性	3
相成る	1
相成る可くは	1
相星	0
相生い	0
相生の松	6
相生結び	5
相席	0
相接する	1
相前後する	1
相相	0
相相傘	5
相即	0
相即不離	5
相続	0
相続権	4
相続財産	5
相続人	0
相続税	4
相続分	4
相打ち	0
相対	0
相対す	1
相対する	1
相対ずく	0
相対運動	5
相対誤差	5
相対湿度	5
相対主義	5
相対尽	0
相対尽く	0
相対性原理	7
相対性理論	7
相対速度	5
相対的	0
相対年代	5
相対売買	5
相対評価	5
相対論	3
相待	0
相談	0
相談所	0
相談役	0
相知る	1
相調う	1
相槌	0
相鎚	0
相通ずる	1
相弟子	0
相店	0
相転移	3
相伝	0
相殿	0
相当	0
相当数	3
相等	0
相等しい	1
相討ち	0
相同	0
相同器官	6
相同染色体	0
相年	0
相伴	0
相伴う	1
相判	0
相半ばする	1
相反	0
相番	0
相舞	2
相部屋	0
相変らず	0
相変わらず	0
相補	1
相補性	0
相補分布	4
相方	0
相棒	0
相貌	0
相撲	0
相撲取り	2
相撲甚句	4
相撲部屋	0
相役	0
相容れない	1
相擁	0
相輪	0
相隣る	1
相老い	0
相和す	1
相和する	1
相俟って	1
相剋	0
窓	1
窓ごし	0
窓ガラス	3
窓越し	0
窓貝	2
窓外	0
窓掛け	2
窓口	2
窓際	0
窓際族	4
窓硝子	3
窓拭き	2
窓台	2
窓辺	0
窓明り	3
窓枠	0
糟	1
糟糠	0
糟糠の妻	6
糟鮫	2
糟取り	0
糟汁	3
糟酢	2
糟漬	0
糟粕	0
糟毛	2
総	2
総ざらい	3
総じて	0
総て	1
総なめ	0
総べて	1
総べる	2
総まとめ	3
総ルビ	0
総意	1
総員	0
総花	0
総画	0
総会	0
総会屋	0
総角	2
総革	0
総額	0
総掛かり	3
総括	0
総括質問	5
総括主宰者	6
総括的	0
総轄	0
総勘定	3
総勘定元帳	7
総監	0
総監督	3
総記	1
総局	1
総桐	0
総計	0
総決算	3
総捲り	3
総見	0
総元締	3
総元締め	3
総攻撃	3
総構え	3
総高	0
総合	0
総合課税	5
総合開発	5
総合芸術	5
総合口座	5
総合雑誌	5
総合主義	5
総合収支	5
総合商社	5
総合職	3
総合大学	5
総合的	0
総菜	0
総裁	0
総索引	3
総仕舞	3
総司令官	4
総司令部	4
総指揮	3
総支配人	4
総辞職	3
総重量	3
総出	0
総嘗め	0
総称	0
総状花序	5
総飾り	3
総身	0
総人口	3
総帥	0
総数	3
総勢	0
総説	0
総選挙	3
総総	2
総則	0
総体	0
総代	0
総大将	3
総胆管	3
総長	1
総締め	0
総点	0
総当たり	3
総当り	3
総統	0
総動員	3
総同盟罷業	7
総督	0
総督府	4
総二階	3
総入れ歯	3
総排出腔	6
総髪	0
総皮	0
総罷業	3
総評	0
総譜	0
総柄	0
総別	0
総穂花序	5
総包	0
総崩れ	3
総本家	3
総本山	3
総務	1
総務会	3
総務庁	3
総模様	3
総毛立つ	4
総目録	3
総門	0
総予算	3
総揚げ	4
総覧	0
総理	1
総理大臣	4
総理府	3
総裏	0
総立ち	0
総量	3
総量規制	5
総領	0
総領事	3
総領事館	5
総領息子	5
総領娘	5
総力	1
総力戦	0
総論	0
総和	0
総攬	0
総浚い	3
総苞	0
綜	2
綜芸	0
綜合	0
綜麻繰	0
綜覧	0
綜理	1
綜絖	0
聡い	2
聡敏	0
聡明	0
草	2
草々	0
草々不一	5
草いきれ	3
草する	3
草の根	4
草の根民主主義	8
草ぶき	0
草むしり	3
草むす	3
草むら	2
草庵	0
草案	0
草雲雀	3
草屋	0
草屋根	3
草仮名	0
草河豚	0
草花	2
草蝦	3
草臥れる	4
草臥れ儲け	5
草臥儲	5
草刈り	3
草刈り鎌	4
草刈鎌	4
草冠	3
草亀	3
草魚	1
草競馬	3
草原	0
草枯れ	0
草稿	0
草根	0
草根木皮	5
草産す	3
草子	1
草市	2
草紙	1
草紙剥	3
草取り	3
草書	0
草書体	0
草丈	2
草場の影	5
草色	0
草食	0
草食性	0
草食動物	5
草深い	4
草杉蔓	5
草摺	0
草生す	3
草石蚕	1
草蘇鉄	3
草創	0
草創期	3
草双紙	3
草叢	0
草相撲	3
草草	0
草草不一	5
草卒	0
草体	0
草炭	0
草団子	3
草地	0
草蜘蛛	0
草笛	0
草藤	0
草堂	0
草薙の剣	8
草薙剣	8
草入り水晶	5
草肥	0
草付	0
草付き	0
草葺	0
草葺き	0
草物	0
草分け	0
草本	0
草枕	3
草木	2
草木瓜	0
草餅	2
草野球	3
草葉	0
草履	0
草履取り	3
草履虫	3
草藁	3
草毟り	3
草箒	3
草苺	3
草莽	0
草藪	0
草蜉蝣	4
草蜻蛉	4
草鞋	0
草鞋虫	3
草餠	2
荘	1
荘る	0
荘園	0
荘屋	0
荘官	0
荘厳	0
荘司	1
荘重	0
葬り去る	5
葬る	3
葬儀	1
葬儀屋	0
葬儀社	3
葬具	1
葬祭	0
葬式	0
葬送	0
葬送曲	3
葬礼	0
葬列	0
蒼	1
蒼々	3
蒼い	2
蒼ざめる	4
蒼鉛	0
蒼海	0
蒼空	0
蒼古	1
蒼枯	1
蒼梧	1
蒼黒い	4
蒼生	0
蒼然	0
蒼蒼	3
蒼天	0
蒼波	1
蒼蝿	2
蒼白	0
蒼白い	4
蒼竜	0
蒼浪	0
蒼惶	0
蒼氓	0
蒼穹	0
蒼茫	0
蒼蠅	3
蒼褪める	4
藻	0
藻塩	0
藻塩草	3
藻菌類	3
藻屑	0
藻屑蟹	3
藻場	0
藻掻く	2
藻草	0
藻抜け	0
藻抜けの殻	6
藻付	0
藻類	1
装	1
装い	3
装う	3
装荷	1
装画	0
装具	1
装甲	0
装甲車	3
装飾	0
装飾音	4
装飾的	0
装飾品	0
装身具	3
装束	0
装束能	4
装弾	0
装置	1
装着	0
装丁	0
装蹄	0
装釘	0
装填	0
装備	1
装薬	0
装用	0
装幀	0
走らせる	4
走り	3
走りまわる	5
走り回る	5
走り寄る	4
走り去る	4
走り高跳び	4
走り込む	4
走り使い	4
走り出る	4
走り書	0
走り書き	0
走り読み	0
走り抜く	4
走り抜ける	5
走り幅跳び	4
走る	2
走化性	0
走禽類	3
走狗	1
走光性	0
走行	0
走行会	3
走査	1
走査線	0
走時	1
走時曲線	4
走時表	0
走者	1
走性	0
走鳥類	3
走破	1
走馬灯	0
走馬燈	0
走法	0
走野老	4
走力	1
走塁	0
走路	1
走繞	0
送り	0
送りがな	0
送りつける	5
送り仮名	0
送り火	3
送り迎え	4
送り込み	0
送り込む	4
送り主	3
送り手	0
送り出し	0
送り出す	4
送り状	0
送り先	0
送り足	3
送り倒し	0
送り届ける	6
送り付ける	5
送り返す	4
送り狼	4
送る	0
送還	0
送球	0
送金	0
送金為替	5
送金小切手	6
送迎	0
送検	0
送稿	0
送辞	0
送受	1
送出	0
送信	0
送信器	3
送信機	3
送信所	0
送水	0
送水管	0
送籍	0
送葬	0
送像	0
送達	0
送致	1
送呈	0
送電	0
送電線	0
送配	0
送付	1
送風	0
送風機	3
送別	0
送別会	4
送料	1
送話	0
送話器	3
遭う	1
遭す	2
遭わす	2
遭わせる	3
遭遇	0
遭遇説	3
遭遇戦	0
遭難	0
遭難者	3
遭難信号	5
鎗	0
霜	2
霜よけ	0
霜囲い	3
霜解け	0
霜害	0
霜月	2
霜剣	0
霜枯れ	0
霜枯れる	4
霜枯れ時	0
霜降	0
霜降り	0
霜降り月	4
霜降り作り	5
霜降月	4
霜取り	2
霜除け	0
霜焼	0
霜焼け	0
霜雪	0
霜柱	3
霜夜	2
騒々しい	5
騒がしい	4
騒がす	3
騒がせる	4
騒がれる	4
騒ぎ	1
騒ぎたてる	5
騒ぎ出す	4
騒ぎ立てる	5
騒ぐ	2
騒めき	0
騒めく	3
騒音	0
騒擾	0
騒擾罪	3
騒人	0
騒然	0
騒騒しい	5
騒動	1
騒乱	0
騒乱罪	3
騒霊	0
像	1
像主	1
増	1
増々	2
増える	2
増さる	2
増し	0
増し刷り	0
増す	0
増す増す	2
増やす	2
増員	0
増益	0
増援	0
増加	0
増加率	3
増額	0
増刊	0
増感	0
増給	0
増強	0
増結	0
増血	0
増血剤	4
増減	0
増作	0
増刷	0
増産	0
増資	0
増車	0
増収	0
増床	0
増殖	0
増殖炉	4
増進	0
増水	0
増勢	0
増税	0
増税案	3
増設	0
増増	2
増大	0
増置	1
増築	0
増徴	0
増長	0
増訂	0
増派	0
増配	0
増発	0
増幅	0
増幅器	4
増分	0
増兵	0
増便	0
増補	1
増俸	0
増量	0
憎々しい	5
憎い	2
憎さ	1
憎しみ	0
憎たらしい	5
憎まれっ子	4
憎まれ口	4
憎まれ役	0
憎む	2
憎らしい	4
憎悪	1
憎気	3
憎憎しい	5
臓	1
臓器	1
臓器移植	4
臓物	0
臓腑	1
蔵	2
蔵う	0
蔵する	3
蔵づくり	3
蔵屋敷	3
蔵開き	3
蔵元	0
蔵骨器	4
蔵出し	0
蔵書	0
蔵書印	3
蔵書家	0
蔵書票	0
蔵人	2
蔵精器	3
蔵相	0
蔵造り	3
蔵匿	0
蔵入れ	0
蔵版	0
蔵払い	3
蔵米	0
蔵本	0
蔵面	0
蔵卵器	3
蔵浚	3
贈り号	3
贈り主	3
贈り物	0
贈り名	0
贈る	0
贈位	1
贈号	0
贈収賄	3
贈呈	0
贈答	0
贈答品	0
贈物	0
贈与	1
贈与税	3
贈賄	0
贈賄罪	3
造り	3
造りつけ	0
造りつける	0
造り花	3
造り込み	0
造り手	0
造り酒屋	4
造り出す	4
造り上げる	5
造り付け	0
造り付ける	0
造り物	0
造る	2
造営	0
造影剤	3
造園	0
造化	0
造花	0
造岩鉱物	5
造機	1
造型	0
造形	0
造形美術	5
造詣	0
造血	0
造血幹細胞	7
造血剤	4
造言	0
造語	0
造語成分	4
造作	1
造作ない	4
造作無い	4
造山運動	5
造山帯	0
造次	1
造次顛沛	4
造酒	0
造酒屋	4
造成	0
造精器	3
造船	0
造船業	3
造船所	0
造像	0
造替	0
造反	0
造反有理	5
造仏	0
造仏所	0
造物主	4
造兵	0
造兵廠	3
造幣	0
造幣局	3
造胞体	0
造本	0
造面	0
造卵器	3
造林	0
促す	0
促音	0
促音便	3
促進	0
促成	0
促成栽培	5
促迫	0
側	1
側か	1
側める	3
側ら	0
側圧	0
側火山	3
側臥	1
側芽	1
側近	0
側近者	3
側近政治	5
側溝	0
側根	0
側鎖	0
側妻	3
側索	0
側仕え	3
側室	0
側射	0
側車	0
側女	0
側杖	0
側生動物	5
側線	0
側転	0
側頭骨	3
側頭葉	3
側背	0
側板	0
側部	1
側聞	0
側壁	0
側辺	0
側面	0
側面音	3
側面観	3
側面図	3
側役	0
側廊	0
側湾症	0
側彎症	0
則	1
則する	3
則ち	2
則る	3
則天去私	5
即	1
即かず離れず	2
即く	1
即ける	2
即す	2
即する	3
即ち	2
即位	1
即位式	3
即応	0
即乾	0
即急	0
即興	0
即興曲	3
即興詩	3
即興詩人	5
即興的	0
即金	0
即吟	0
即決	0
即決裁判	5
即効	0
即効性	0
即効薬	3
即行	0
即刻	0
即今	0
即座	1
即死	0
即時	1
即時抗告	4
即時払い	4
即自	1
即身成仏	5
即身仏	3
即製	0
即席	0
即戦力	3
即題	0
即諾	0
即断	0
即値	0
即答	0
即日	0
即納	0
即売	0
即売会	3
即物的	0
即妙	0
即夜	1
息	1
息せき	1
息せき切る	1
息つく	3
息づかい	3
息づく	3
息の下	1
息の根	1
息の緒	1
息む	2
息巻く	3
息詰まる	4
息休め	3
息急き	1
息急き切る	1
息苦しい	5
息継ぎ	3
息遣い	3
息込む	3
息災	0
息災延命	0
息子	0
息女	1
息衝く	3
息吹	1
息吹き	1
息吹く	2
息切れ	0
息張る	3
息吐く	3
息抜き	3
息付く	3
捉える	3
捉まえる	0
捉まる	0
捉む	2
捉われる	4
束	1
束ね	0
束ねる	3
束の間	0
束子	0
束帯	0
束柱	3
束縛	0
束縛電子	5
束縛変項	5
束髪	0
束脩	0
測る	2
測位	1
測鉛	0
測距儀	3
測候	0
測候所	0
測光	0
測光器	3
測高器	3
測鎖	0
測深	0
測深機	3
測地	0
測地学	3
測地線	0
測定	0
測定器	3
測程器	3
測度	1
測微計	0
測量	0
測量機械	6
測量士	3
測量図	3
測量船	0
足	2
足あと	3
足かけ	0
足かせ	0
足がかり	3
足ごしらえ	3
足ざわり	3
足し	0
足しげく	3
足し算	2
足し前	0
足す	0
足つき	0
足どり	0
足ぶみ	3
足まとい	3
足まめ	0
足もと	3
足りる	0
足る	0
足囲	1
足萎え	0
足温器	3
足音	3
足下	3
足回り	3
足廻り	3
足械	0
足掛	0
足掛かり	3
足掛け	0
足掛り	3
足慣らし	3
足技	0
足許	3
足業	0
足型	0
足形	0
足継ぎ	4
足軽	0
足芸	0
足遣い	3
足元	3
足固め	3
足高蜘蛛	5
足腰	3
足骨	0
足根骨	3
足捌き	3
足止め	0
足弱	0
足取り	0
足手まとい	4
足手纏い	4
足手纒い	2
足首	2
足蹴	3
足場	3
足触り	3
足垂れ星	4
足垂星	4
足摺	0
足摺り	0
足跡	3
足切り	0
足先	0
足掻き	3
足掻く	2
足早	0
足相撲	3
足駄	0
足袋	1
足代	0
足台	0
足中	0
足忠実	0
足長	0
足長蜘蛛	5
足長蜂	4
足底	0
足纏い	3
足刀	0
足湯	0
足踏み	3
足馴らし	3
足乳根	0
足入れ	4
足入れ婚	4
足任せ	3
足背	0
足拍子	3
足半	0
足繁く	3
足付き	0
足部	1
足払い	3
足並	0
足並み	0
足癖	0
足偏	0
足無し井守	5
足無し蜥蜴	5
足無井守	5
足無蜥蜴	5
足利時代	5
足利幕府	5
足裏	0
足溜り	0
足留め	0
足労	0
足拵え	3
足搦	0
足搦み	3
足枷	0
足趾	1
足蹠	0
足頸	2
速	1
速い	2
速く	1
速さ	1
速まる	3
速め	0
速める	3
速やか	2
速乾	0
速記	0
速記者	3
速記術	3
速記録	3
速急	0
速球	0
速業	0
速決	0
速効	0
速効性肥料	7
速口	2
速攻	0
速算	0
速写	0
速射	0
速射砲	0
速修	0
速成	0
速戦即決	0
速足	0
速達	0
速達郵便	5
速断	0
速度	1
速度計	0
速度標語	4
速読	0
速筆	0
速分かり	0
速歩	1
速報	0
速目	0
速力	2
速贄	0
俗	0
俗っぽい	4
俗に	0
俗悪	0
俗縁	0
俗化	0
俗歌	0
俗画	0
俗解	0
俗界	0
俗学	0
俗楽	0
俗間	0
俗眼	0
俗気	0
俗曲	0
俗形	0
俗見	0
俗言	0
俗諺	0
俗語	0
俗才	0
俗事	1
俗字	0
俗耳	1
俗趣	1
俗儒	1
俗受け	0
俗習	0
俗臭	0
俗衆	0
俗書	0
俗称	0
俗情	0
俗信	0
俗神道	3
俗人	0
俗塵	0
俗世	0
俗世界	3
俗世間	3
俗姓	0
俗説	0
俗僧	0
俗体	0
俗談	0
俗談平話	5
俗調	0
俗諦	0
俗伝	0
俗念	0
俗輩	0
俗筆	0
俗物	0
俗文	0
俗務	1
俗名	0
俗用	0
俗謡	0
俗吏	1
俗離れ	3
俗流	0
俗了	0
俗累	0
俗論	0
俗話	0
俗箏	0
俗筝	0
属	1
属す	0
属する	3
属格	0
属官	0
属国	0
属人	0
属人主義	5
属人法	0
属性	0
属託	0
属地	1
属地主義	4
属島	0
属望	0
属名	0
属目	0
属吏	1
属僚	0
属領	0
賊	0
賊害	2
賊軍	0
賊子	1
賊将	0
賊心	0
賊臣	0
賊徒	1
賊名	0
族	0
族議員	3
族称	0
族生	0
族籍	0
族長	0
族滅	0
続	1
続々	0
続いて	0
続き	0
続き間	0
続き合い	0
続き物	0
続き柄	0
続く	0
続けざま	0
続ける	0
続け様	0
続映	0
続演	0
続開	0
続刊	0
続稿	0
続航	0
続行	0
続合い	0
続出	0
続伸	0
続続	0
続投	0
続騰	0
続発	0
続物	0
続柄	0
続篇	0
続編	0
続報	0
続落	0
卒	1
卒える	0
卒する	4
卒わる	0
卒園	0
卒煙	0
卒去	1
卒業	0
卒業式	3
卒業証書	5
卒業制作	5
卒業生	3
卒業論文	5
卒伍	1
卒後	0
卒爾	0
卒寿	1
卒先	0
卒然	0
卒族	3
卒中	0
卒直	0
卒都婆	2
卒倒	0
卒塔婆	0
卒論	0
袖	0
袖の下	5
袖下	0
袖垣	2
袖看板	3
袖乞い	0
袖口	0
袖香炉	3
袖山	0
袖手傍観	1
袖丈	2
袖柱	3
袖珍本	0
袖付	2
袖付け	2
袖無し	0
袖裏	0
袖刳り	0
其	1
其の	0
其のまま	4
其の為	0
其の間	3
其の儀	0
其の筋	3
其の後	2
其の実	0
其の上	4
其の場	0
其の場限り	4
其の場逃れ	4
其の場凌ぎ	4
其の昔	0
其の折	0
其の節	2
其の他	2
其の内	0
其の日	3
其の日暮し	4
其の日暮らし	4
其の筈	0
其の物	4
其の分	3
其の癖	0
其の辺	0
其の方	2
其の儘	4
其れ	0
其れしき	0
其れだけ	4
其れっ切り	5
其れどころか	3
其れなり	0
其れまで	3
其れ許り	3
其れ形	0
其れ故	0
其れ自身	3
其れ自体	3
其れ式	0
其れ者	2
其れ処	3
其れ処か	3
其れ所か	3
其れ丈	4
其れ切り	4
其れ相応	0
其れ其れ	2
其れ程	0
其れ等	2
其れ迄	3
其許	2
其許り	3
其式	0
其者	2
其処	0
其処いら	2
其処で	0
其処な	2
其処ら	2
其処許	2
其処此処	2
其処彼処	3
其所彼所	3
其奴	0
其等	2
其方	0
其方退け	2
其迄	3
揃い	0
揃いも揃って	2
揃い踏み	0
揃う	2
揃える	3
揃え箸	4
揃目	0
存じ	0
存じる	3
存じ上げる	5
存する	3
存ずる	3
存外	0
存在	0
存在感	3
存在者	3
存在理由	5
存在論	3
存在論的証明	0
存生	0
存続	0
存知	0
存置	1
存念	3
存否	1
存分	0
存亡	0
存命	0
存立	0
孫	2
孫の手	3
孫引き	0
孫子	1
孫請け	0
孫息子	3
孫太郎虫	4
孫弟子	0
孫文主義	5
孫娘	3
尊	1
尊い	3
尊ぶ	3
尊意	1
尊影	0
尊王	0
尊王攘夷	5
尊下	1
尊家	1
尊簡	0
尊顔	0
尊貴	1
尊君	1
尊兄	1
尊敬	0
尊敬語	0
尊厳	0
尊厳死	3
尊公	1
尊皇	0
尊皇王	0
尊皇王攘夷	5
尊皇攘夷	5
尊号	3
尊師	1
尊者	1
尊重	0
尊書	1
尊称	0
尊上	0
尊信	0
尊崇	0
尊像	0
尊属	1
尊属殺人	5
尊体	1
尊台	0
尊大	0
尊大語	0
尊宅	0
尊長	0
尊堂	1
尊卑	1
尊父	1
尊名	0
尊命	0
尊容	0
尊来	0
尊慮	1
尊攘	0
損	1
損う	3
損じ	1
損じる	3
損する	1
損なう	3
損ねる	3
損益	1
損益勘定	5
損益計算書	1
損益分岐点	7
損壊	0
損害	0
損害賠償	5
損害保険	5
損気	1
損金	0
損減	0
損失	0
損失補填	5
損所	3
損傷	0
損切り	0
損得	1
損保	1
損亡	0
損耗	0
損率	0
損流	0
損料	1
村	2
村々	2
村おこし	3
村はずれ	3
村雨	0
村雲	0
村翁	3
村会	0
村外れ	3
村肝の	0
村起こし	3
村議会	3
村興し	3
村時雨	3
村芝居	3
村社	1
村人	0
村村	2
村長	1
村童	0
村道	0
村内	1
村八分	4
村費	1
村夫子	3
村民	0
村役場	3
村有	0
村落	0
村落共同体	0
村里	0
村立	0
遜る	4
遜色	0
他	1
他ならない	4
他ならぬ	4
他愛	0
他愛ない	0
他愛無い	3
他意	1
他屋	1
他化自在天	4
他家	0
他家受精	3
他家受粉	3
他界	0
他覚症状	4
他覚的	0
他教	0
他郷	1
他県	1
他見	0
他言	0
他校	1
他行	0
他国	0
他国者	0
他殺	0
他山	1
他山の石	1
他誌	1
他事	1
他社	1
他者	1
他種	1
他宗	1
他州	1
他出	0
他所	1
他所行き	2
他所者	0
他称	0
他色	0
他心	0
他人	0
他人扱い	4
他人行儀	4
他人事	0
他人任せ	3
他人様	2
他人丼	4
他姓	0
他生	0
他生の縁	5
他説	0
他薦	0
他損	0
他村	0
他店	1
他動	0
他動詞	2
他動的	0
他日	1
他年	0
他念	0
他派	1
他物	1
他聞	0
他方	2
他面	0
他律	0
他流	0
他流試合	4
他領	0
他力	0
他力本願	4
多	1
多々	1
多い	1
多かれ少なかれ	7
多く	1
多め	0
多らか	2
多飲	1
多淫	0
多雨	1
多価	1
多価アルコール	3
多価ワクチン	3
多寡	1
多角	0
多角化	0
多角形	4
多角経営	4
多角的	0
多角貿易	4
多額	0
多感	0
多汗症	2
多岐	1
多岐亡羊	1
多義	1
多義語	0
多義的	0
多客	0
多極	1
多極化	0
多極分散	4
多型	0
多形	0
多形性	0
多芸	0
多血質	3
多元	0
多元的	0
多元放送	4
多元方程式	6
多元論	2
多言	0
多孔	0
多幸	0
多項式	2
多国籍	2
多国籍企業	6
多国籍軍	5
多恨	0
多妻	0
多彩	0
多才	0
多細胞生物	6
多作	0
多産	0
多産系	0
多士済々	3
多士済済	3
多肢選択法	0
多事	1
多事多端	1
多事多難	1
多時	1
多湿	0
多謝	1
多種	1
多種多様	1
多趣味	2
多衆	0
多重	0
多重処理	4
多重人格	4
多重塔	0
多重放送	4
多少	0
多祥	0
多情	0
多情多感	0
多情多恨	0
多情仏心	0
多色	0
多色刷り	0
多食	0
多神教	0
多人数	2
多数	2
多数決	2
多数決原理	6
多数派	0
多勢	0
多勢に無勢	0
多生	0
多選	0
多層	0
多層塔	0
多足類	3
多多	1
多体	0
多胎	0
多大	0
多端	0
多値論理学	5
多島海	2
多糖類	2
多動	0
多読	0
多難	0
多肉	0
多肉果	3
多肉植物	5
多尿	0
多年	0
多年生	0
多年生植物	7
多年草	0
多能	0
多売	0
多発	0
多発性硬化症	0
多病	0
多夫	1
多文化主義	5
多変量解析	6
多辺形	2
多弁	0
多宝塔	0
多峰	2
多方面	2
多忙	0
多望	0
多民族国家	6
多面	0
多面角	2
多面性	0
多面体	0
多面的	0
多毛	0
多毛作	2
多毛類	2
多目	0
多目的	2
多様	0
多様化	0
多様性	0
多様体	0
多用	0
多羅	1
多羅樹	2
多羅波蟹	3
多羅葉	0
多量	0
太	2
太々しい	5
太々神楽	5
太い	2
太っちょ	2
太っ腹	0
太め	0
太もも	0
太り肉	0
太る	2
太陰	0
太陰月	3
太陰崇拝	5
太陰太陽暦	7
太陰潮	3
太陰暦	3
太巻	0
太巻き	0
太虚	1
太極	0
太極拳	4
太古	1
太古代	3
太股	0
太鼓	0
太鼓橋	0
太鼓持ち	3
太鼓焼	0
太鼓焼き	0
太鼓打	0
太鼓台	3
太鼓虫	3
太鼓判	0
太鼓腹	0
太公望	3
太后	0
太皇太后	5
太閤	1
太歳	0
太子	1
太師	1
太糸	0
太字	0
太守	1
太初	1
太書き	0
太上天皇	6
太織り	0
太食調	0
太神楽	3
太政官	2
太政大臣	4
太占	0
太祖	1
太太しい	5
太太神楽	5
太腿	0
太兆	0
太笛	3
太刀	1
太刀さばき	3
太刀魚	2
太刀筋	2
太刀捌き	3
太刀持	3
太刀持ち	0
太刀先	0
太刀打ち	0
太刀袋	3
太白	0
太白飴	4
太白砂糖	5
太白星	4
太箸	3
太夫	1
太夫元	0
太腹	0
太物	0
太物店	4
太平	0
太平楽	3
太平洋	3
太平洋プレート	8
太平洋岸	0
太平洋戦争	7
太保	1
太目	0
太陽	1
太陽エネルギー	6
太陽系	0
太陽光発電	7
太陽黒点	5
太陽神	3
太陽族	3
太陽柱	0
太陽虫	0
太陽潮	3
太陽鳥	0
太陽電池	5
太陽電波	5
太陽灯	0
太陽日	3
太陽熱	3
太陽熱発電	7
太陽年	3
太陽風	3
太陽放射	5
太陽面通過	7
太陽暦	3
太陽炉	3
太郎月	2
太傅	1
太簇	1
太藺	2
汰る	1
唾	1
唾する	1
唾液	0
唾液腺	0
唾液腺染色体	0
唾棄	1
唾腺	0
堕す	1
堕する	2
堕ちる	2
堕つ	0
堕獄	0
堕罪	0
堕弱	0
堕胎	0
堕胎罪	2
堕天使	2
堕落	0
妥協	0
妥協案	2
妥協点	3
妥結	0
妥当	0
妥当性	0
惰気	1
惰弱	0
惰性	0
惰眠	0
惰力	0
打けん	0
打ちこわす	4
打ちたてる	4
打ちっぱなし	0
打ちっ放し	0
打ちつける	4
打ちのめす	4
打ちひも	2
打ちまくる	4
打ちまける	4
打ちまもる	4
打ち萎れる	0
打ち下ろす	4
打ち果す	4
打ち果たす	4
打ち荷	0
打ち過ぎる	4
打ち臥す	0
打ち解ける	0
打ち壊す	4
打ち開ける	0
打ち掛かる	4
打ち掛け	0
打ち割る	0
打ち噛まし	0
打ち噛ます	4
打ち貫く	3
打ち寄せる	4
打ち挙げる	0
打ち見る	3
打ち合い	0
打ち合う	3
打ち合せ	0
打ち合せる	5
打ち合わせ	0
打ち合わせる	5
打ち克つ	3
打ち込み	0
打ち込む	0
打ち砕く	4
打ち殺す	4
打ち撒ける	4
打ち止め	0
打ち止める	0
打ち捨てる	0
打ち取る	3
打ち守る	4
打ち手	3
打ち首	2
打ち出し	0
打ち出す	3
打ち出の小槌	5
打ち所	0
打ち傷	3
打ち勝つ	3
打ち消し	0
打ち消す	0
打ち上げ	0
打ち上げる	0
打ち上げ花火	5
打ち振る	3
打ち身	3
打ち水	2
打ち据える	0
打ち切り	0
打ち切る	3
打ち続く	0
打ち続ける	0
打ち着	0
打ち眺める	5
打ち沈む	0
打ち倒す	4
打ち当たる	0
打ち当てる	0
打ち破る	4
打ち抜き	0
打ち抜く	3
打ち紐	2
打ち付ける	4
打ち負かす	4
打ち負ける	0
打ち伏す	0
打ち払う	4
打ち物	2
打ち物師	4
打ち粉	3
打ち返す	3
打ち歩	0
打ち方	3
打ち明ける	0
打ち明け話	5
打ち鳴らす	4
打ち滅ぼす	5
打ち揚げ	0
打ち揚げる	4
打ち落す	4
打ち落とす	4
打ち立てる	4
打ち留め	0
打ち留める	0
打ち連れる	0
打ち毀す	4
打ち拉ぐ	4
打っかける	4
打ったくり	0
打ったくる	4
打った切る	4
打っちゃり	0
打ってつけ	0
打って出る	1
打って付け	0
打って変わる	1
打っ違い	0
打っ壊す	4
打っ掛け	0
打っ掛ける	4
打っ掛け蕎麦	5
打っ棄る	3
打っ欠く	3
打っ遣らかす	5
打っ遣る	3
打っ込み	0
打っ込み釣り	0
打っ込む	3
打っ殺す	4
打っ手繰り	0
打っ手繰る	4
打っ手切る	4
打っ切る	3
打っ千切り	0
打っ千切る	4
打っ続け	0
打っ叩く	4
打っ潰す	4
打っ倒す	4
打っ倒れる	5
打っ飛ばす	4
打っ飛ぶ	3
打っ付かる	0
打っ付ける	0
打っ放す	4
打っ毀す	4
打つ	1
打つかり稽古	5
打つかり合う	5
打つかる	0
打つ手	1
打つ切り	0
打ん殴る	4
打ん投げる	4
打解ける	0
打解策	2
打壊す	4
打開	0
打開策	2
打楽器	2
打掛	0
打掛け	0
打割羽織	5
打感	1
打球	0
打撃	0
打見る	3
打遣らかす	5
打鍵	0
打合う	3
打合せ	0
打合せる	5
打合わせ	0
打合わせる	5
打克つ	3
打刻	0
打込む	0
打殺す	4
打算	0
打算的	0
打止め	0
打止める	0
打捨てる	0
打捨る	4
打者	1
打取る	3
打守る	4
打手	3
打出し	0
打順	0
打傷	3
打勝つ	3
打消	0
打消し	0
打消す	0
打上げ	0
打上げる	4
打振る	3
打診	0
打身	3
打水	2
打数	2
打席	0
打席数	3
打切り	0
打切る	3
打設	0
打線	0
打続く	0
打眺める	5
打点	0
打電	0
打倒	0
打刀	3
打破	1
打破る	4
打抜き	0
打抜く	3
打付ける	4
打負かす	4
打伏す	0
打払う	4
打物師	4
打返す	3
打法	0
打棒	0
打撲	0
打撲傷	0
打明ける	0
打明け話	5
打目戍る	4
打揚げ	0
打揚げる	4
打落す	4
打率	0
打留め	0
打留める	0
打力	0
打裂き羽織	5
打裂羽織	5
打擲	0
舵	1
舵取り	2
舵手	1
舵柄	2
舵棒	0
舵面	0
楕円	0
楕円銀河	4
楕円形	0
楕円体	0
楕円面	2
陀羅助	2
陀羅尼	1
陀羅尼助	3
駄々	1
駄々っ子	2
駄々っ児	2
駄じゃれ	0
駄荷	1
駄菓子	2
駄菓子屋	0
駄句	1
駄犬	0
駄作	0
駄酒落	0
駄駄	1
駄駄っ子	2
駄駄っ児	2
駄袋	3
駄賃	0
駄津	1
駄馬	1
駄物	0
駄文	0
駄弁	0
駄弁る	2
駄法螺	0
駄目	2
駄目押し	0
駄目元	0
駄目出し	0
駄洒落	0
体	0
体さばき	3
体する	3
体たらく	3
体つき	0
体よく	3
体位	1
体育	1
体育の日	1
体育館	4
体育祭	4
体液	1
体液性免疫	7
体温	1
体温器	3
体温計	0
体温調節	5
体外	1
体外受精	5
体外授精	5
体格	0
体格検査	5
体幹	0
体感	0
体感温度	5
体技	1
体躯	1
体刑	0
体型	0
体形	0
体系	0
体系的	0
体験	0
体現	0
体言	1
体言止	0
体言止め	0
体腔	0
体細胞	3
体細胞分裂	7
体裁	0
体裁振る	5
体捌き	3
体脂肪	3
体質	0
体質改善	0
体質的	0
体臭	0
体重	0
体重計	0
体術	1
体循環	3
体色	0
体制	0
体制側	0
体勢	0
体性感覚	5
体積	1
体積弾性率	7
体節	0
体節動物	5
体操	0
体操競技	5
体操場	0
体操着	3
体調	0
体長	0
体当たり	3
体当り	3
体得	0
体内	1
体内時計	5
体内受精	5
体認	0
体熱	0
体罰	0
体表	0
体付き	0
体文	0
体貌	0
体鳴楽器	5
体面	0
体毛	0
体様	0
体養	0
体落し	3
体落とし	3
体良く	3
体量	0
体量器	3
体力	1
堆い	4
堆高い	4
堆朱	0
堆石	0
堆積	0
堆積学	4
堆積岩	4
堆積作用	5
堆肥	1
対	1
対う	1
対して	1
対す	1
対する	3
対の屋	3
対案	0
対位法	0
対応	0
対応策	3
対応説	3
対欧	0
対屋	3
対価	1
対華	0
対外	0
対外投資	5
対格	1
対角	1
対角線	0
対岸	0
対顔	0
対義語	0
対局	0
対極	0
対句	0
対空	0
対偶	0
対決	0
対語	1
対向	0
対向車	3
対向車線	5
対抗	0
対抗策	3
対抗試合	5
対抗馬	3
対抗文化	5
対校	0
対校試合	5
対坐	0
対座	0
対策	0
対子	1
対治	1
対自	0
対質	0
対手	3
対処	1
対消滅	3
対照	0
対照言語学	7
対照的	0
対症	0
対症的	0
対症療法	5
対称	0
対称性	0
対称代名詞	7
対称的	0
対象	0
対象者	3
対審	0
対人	0
対人関係	5
対人恐怖症	0
対陣	0
対数	3
対数関数	5
対数表	0
対数方眼紙	7
対数螺線	5
対世効	0
対生	0
対生成	3
対生葉	3
対戦	0
対戦車砲	5
対潜哨戒機	7
対談	0
対地	0
対地速度	4
対置	1
対中	0
対頂角	3
対敵	0
対当	0
対等	0
対等関係	5
対内	0
対日	0
対日感情	5
対日照	4
対馬音	3
対馬山猫	4
対馬貂	4
対比	0
対比的	0
対物	0
対物レンズ	5
対辺	1
対面	0
対面交通	5
対訳	0
対立	0
対立遺伝子	6
対立形質	5
対流	0
対流圏	3
対聯	0
対露	0
対論	0
対話	0
対話者	3
対峙	1
対蹠	0
対蹠的	0
耐える	2
耐え難い	4
耐え忍ぶ	4
耐え抜く	3
耐圧	0
耐火	0
耐火建築	4
耐火性	0
耐火被覆	4
耐火煉瓦	4
耐乾性	0
耐寒	0
耐久	0
耐久消費財	7
耐久性	0
耐久力	3
耐候性	0
耐酸	0
耐湿	0
耐食	0
耐蝕	0
耐震	0
耐震構造	5
耐水	0
耐水性	0
耐性	0
耐性菌	0
耐雪	0
耐忍ぶ	4
耐熱	0
耐熱ガラス	5
耐熱合金	5
耐熱材料	5
耐病性	0
耐風	0
耐乏	0
耐用	0
耐用年数	5
帯	1
帯びる	2
帯グラフ	3
帯ドラマ	3
帯域	0
帯域幅	4
帯下	0
帯化	1
帯革	0
帯鋸	0
帯金	0
帯剣	0
帯広告	3
帯止め	3
帯紙	0
帯祝い	3
帯出	0
帯状	0
帯状疱疹	5
帯心	0
帯芯	0
帯水層	3
帯地	0
帯締	0
帯締め	0
帯電	0
帯電体	0
帯刀	0
帯刀御免	0
帯同	0
帯板	0
帯番組	3
帯皮	0
帯封	0
帯分数	3
帯枕	3
帯揚げ	0
帯留	0
帯留め	0
帯緑	1
待たす	2
待たせる	3
待ち	2
待ちあわせ	0
待ちあわせる	5
待ちかまえる	5
待ちくたびれる	6
待ちぼうけ	0
待ちわびる	0
待ち遠しい	5
待ち駒	0
待ち倦む	0
待ち兼ね	0
待ち兼ねる	0
待ち構える	5
待ち合い	0
待ち合せる	5
待ち合わせ	0
待ち合わせる	5
待ち惚け	0
待ち時間	3
待ち受ける	4
待ち焦がれる	5
待ち針	1
待ち人	0
待ち切れない	0
待ち設ける	0
待ち伏せ	0
待ち伏せる	0
待ち暮らす	0
待ち望む	0
待ち明かす	0
待ち詫びる	0
待ち佗びる	0
待ち侘びる	0
待った	1
待ったなし	4
待った無し	4
待つ	1
待てど暮せど	1
待てど暮らせど	1
待遠しい	5
待機	1
待遇	0
待遇表現	5
待兼ね	0
待降節	3
待合	0
待合い	0
待合室	3
待合政治	5
待合茶屋	3
待宵	1
待宵草	3
待針	1
待人	0
待設ける	0
待雪草	0
待避	1
待避壕	3
待避所	0
待避線	0
待伏せ	0
待伏せる	0
待望	0
待命	0
怠い	2
怠けぐせ	0
怠ける	3
怠け者	0
怠け癖	0
怠り	0
怠る	0
怠業	0
怠屈	0
怠情	1
怠惰	1
怠慢	0
態	2
態々	1
態と	1
態とらしい	5
態勢	0
態態	1
態度	1
態様	0
戴き	0
戴き物	0
戴く	0
戴ける	0
戴冠	0
戴冠式	3
戴勝	3
戴白	0
替え	0
替える	0
替えズボン	3
替え歌	0
替え玉	0
替え心	0
替え芯	0
替え刃	0
替え地	0
替え着	0
替え名	0
替え紋	0
替り	0
替り狂言	4
替り目	0
替る	0
替わり	0
替わり狂言	4
替わり目	0
替わる	0
替歌	0
替玉	0
替刃	0
替地	0
替名	0
替紋	0
泰国	0
泰山	1
泰山北斗	1
泰山鳴動	1
泰山木	3
泰西	0
泰然	0
泰然自若	0
泰斗	1
泰平	0
滞り	0
滞る	0
滞英	0
滞欧	0
滞貨	1
滞京	0
滞空	0
滞在	0
滞在客	3
滞陣	0
滞日	0
滞納	0
滞納者	3
滞納処分	5
滞留	0
胎	1
胎位	1
胎芽	1
胎教	0
胎座	0
胎児	1
胎生	0
胎生動物	5
胎蔵	0
胎蔵界	3
胎蔵界曼荼羅	7
胎動	0
胎毒	1
胎内	1
胎嚢	0
胎盤	0
胎便	0
胎膜	1
胎齢	0
腿	1
腿上げ	0
腿肉	2
苔	2
苔むす	3
苔状	0
苔植物	4
苔生す	3
苔虫類	4
苔庭	0
苔桃	0
苔類	1
苔癬	0
袋	3
袋とじ	0
袋のねずみ	0
袋の鼠	0
袋果	1
袋熊	3
袋形動物	5
袋戸	3
袋戸棚	4
袋狐	4
袋耳	3
袋小路	4
袋織り	0
袋鼠	4
袋帯	4
袋茸	3
袋叩き	4
袋棚	3
袋地	3
袋蜘蛛	4
袋虫	3
袋綴じ	3
袋土竜	4
袋入り	0
袋猫	4
袋物	0
袋縫い	0
袋網	3
袋狼	4
貸し	0
貸しつけ	0
貸しつける	4
貸しビル	0
貸しボート	3
貸し衣装	3
貸し越し	0
貸し屋	0
貸し下げる	4
貸し家	0
貸し株	0
貸し間	0
貸し金	0
貸し金庫	3
貸し元	0
貸し座敷	3
貸し室	0
貸し借り	2
貸し主	2
貸し手	0
貸し渋り	0
貸し出し	0
貸し出し金	0
貸し出す	3
貸し席	0
貸し切り	0
貸し切る	3
貸し地	0
貸し賃	2
貸し倒れ	0
貸し売り	0
貸し付	0
貸し付け	0
貸し付ける	4
貸し別荘	3
貸し方	0
貸し本	0
貸し本屋	0
貸し料	2
貸す	0
貸越	0
貸越し	0
貸屋	0
貸下げる	4
貸家	0
貸株	0
貸間	0
貸金	0
貸金庫	3
貸座敷	3
貸室	0
貸借	1
貸借対照表	1
貸主	2
貸手	0
貸渋り	0
貸出	0
貸出し	0
貸出し金	0
貸出す	3
貸出金	0
貸席	0
貸切	0
貸切り	0
貸賃	2
貸倒	0
貸倒れ	0
貸費	0
貸付	0
貸付け	0
貸付ける	4
貸付金	0
貸付信託	5
貸方	0
貸本	0
貸本屋	0
貸与	1
貸与権	3
貸料	2
退かす	0
退き時	0
退く	3
退ける	0
退っ引き	0
退位	1
退院	0
退嬰的	0
退化	1
退化器官	5
退会	0
退学	0
退官	0
退館	0
退却	0
退去	1
退京	0
退勤	0
退屈	0
退屈しのぎ	5
退屈凌ぎ	5
退校	0
退紅	0
退紅色	3
退耕	0
退行	0
退行性	0
退座	0
退散	0
退治	1
退治る	3
退室	0
退社	0
退縮	0
退出	0
退場	0
退職	0
退職金	0
退職年金	5
退色	0
退陣	0
退勢	0
退席	0
退蔵	0
退団	0
退庁	0
退潮	0
退廷	0
退転	0
退任	0
退廃	0
退廃的	0
退避	1
退部	0
退歩	1
退役	0
退路	1
逮捕	1
逮捕監禁罪	6
逮捕許諾請求	1
逮捕状	3
逮夜	0
隊	1
隊員	0
隊形	0
隊伍	1
隊士	1
隊商	0
隊長	0
隊列	0
黛	2
黛青	0
鯛	1
鯛焼	0
鯛焼き	0
鯛飯	0
代	1
代々	1
代え	0
代える	0
代え名	0
代り	0
代りに	0
代り栄え	0
代り合う	4
代る	0
代る代る	4
代わり	0
代わりに	0
代わりばんこ	4
代わり映え	0
代わり栄え	0
代わり合う	4
代わり番こ	4
代わる	0
代わる代わる	4
代案	0
代位	0
代位弁済	4
代印	0
代員	0
代引	0
代引き	0
代演	0
代価	1
代官	1
代願	0
代議	1
代議員	3
代議士	3
代議制	0
代議政治	4
代休	0
代金	0
代金引き換え	1
代金引き替え	0
代金引換	0
代金引替	0
代稽古	3
代言	0
代言人	0
代行	0
代講	0
代作	0
代参	0
代執行	3
代謝	0
代車	0
代署	0
代書	0
代書人	0
代償	0
代将	0
代神楽	3
代親	0
代診	0
代人	0
代数	3
代数学	3
代数関数	5
代数幾何学	6
代数式	3
代数方程式	7
代僧	0
代掻き	3
代走	0
代打	1
代待ち	0
代替	0
代替え	0
代替り	3
代替わり	3
代替エネルギー	6
代替フロン	5
代替効果	5
代替物	3
代代	3
代地	0
代置	0
代動詞	3
代読	0
代入	0
代任	0
代燃車	3
代納	0
代筆	0
代表	0
代表権	3
代表作	3
代表社員	5
代表者	3
代表取締役	9
代表団	3
代表的	0
代表電話	5
代表理事	5
代品	0
代父	1
代物	0
代変り	3
代変わり	3
代返	0
代弁	0
代弁者	3
代母	0
代務	1
代名詞	3
代役	0
代用	0
代用漢字	5
代用監獄	5
代用教員	5
代用証券	5
代用食	3
代用品	0
代用有価証券	8
代理	0
代理業	3
代理権	3
代理公使	4
代理者	3
代理人	0
代理戦争	4
代理店	3
代理投票	4
代理母	4
代赭	0
代赭色	0
台	1
台下	1
台閣	0
台割	0
台割り	0
台割れ	0
台顔	0
台形	0
台座	0
台子	0
台紙	0
台詞	0
台詞回し	4
台辞	0
台車	0
台所	0
台場	0
台尻	0
台数	3
台石	0
台船	0
台替り	3
台替わり	3
台地	0
台帳	1
台頭	0
台秤	3
台布巾	3
台風	3
台風の眼	6
台風の目	6
台風一過	1
台本	0
台密	1
台無し	0
台木	0
台覧	0
台臨	0
台輪	0
台湾	3
台湾栗鼠	5
台湾鹿	3
台湾茶	3
台湾泥鰌	5
台湾坊主	5
大	1
大々神楽	5
大々的	0
大あり	0
大あわて	3
大い	2
大いなる	1
大いに	1
大いばり	3
大かっこ	3
大き	1
大きい	3
大きく	1
大きさ	0
大きな	1
大きに	1
大きめ	0
大き目	0
大げさ	0
大さじ	0
大ざっぱ	3
大しけ	0
大した	1
大して	1
大ぜい	0
大それた	3
大っきい	3
大っぴら	0
大つごもり	4
大づかみ	3
大なた	0
大の	1
大の月	1
大の字	3
大の男	1
大ばか	0
大まか	0
大みそか	3
大もて	0
大よそ	0
大らか	2
大わらわ	3
大リーグ	3
大悪	0
大葦切	3
大粟反	5
大安	0
大安吉日	0
大威張り	3
大尉	1
大意	1
大域	0
大一番	4
大引き	0
大引け	0
大陰	0
大陰唇	3
大隠	0
大宇宙	3
大羽	0
大雨	3
大臼歯	3
大嘘	0
大鰻	3
大映	0
大永	0
大英断	3
大円	0
大円鏡智	5
大猿子	3
大奥	3
大奥様	3
大往生	3
大王	3
大王烏賊	3
大王松	3
大王椰子	5
大黄	3
大岡裁き	5
大屋	1
大屋根	3
大恩	0
大恩人	3
大音声	3
大化の改新	1
大化前代	4
大伽藍	3
大家	1
大家族	3
大歌	1
大河	1
大河ドラマ	4
大河小説	4
大火	1
大禍時	4
大過	1
大過去	3
大蚊	0
大雅	0
大会	0
大会社	3
大回り	3
大回転	3
大晦	4
大晦日	3
大海	1
大海烏	5
大海原	4
大貝	1
大外刈	0
大概	0
大垣	0
大角鹿	4
大角豆	0
大角羊	5
大革	0
大学	0
大学芋	4
大学院	4
大学教授	5
大学校	3
大学士	3
大学者	3
大学生	3
大学入学資格検定	12
大学入試センター試験	13
大学病院	5
大学寮	4
大掛かり	3
大喝	0
大括弧	3
大樺斑	5
大寒	0
大寒小寒	1
大官	0
大患	0
大汗	3
大甘	0
大看板	3
大観	0
大鑑	0
大関	1
大韓民国	5
大願	0
大願成就	5
大企業	3
大喜び	3
大喜利	0
大器	1
大器晩成	1
大寄	0
大気	1
大気圧	3
大気汚染	4
大気圏	3
大気光	3
大気差	3
大気大循環	6
大規模	3
大規模集積回路	9
大飢饉	3
大鬼蓮	4
大儀	1
大技	0
大義	1
大義名分	1
大蟻食	3
大蟻食い	3
大吉	0
大詰	0
大詰め	0
大逆	0
大逆罪	4
大逆無道	5
大宮	0
大宮司	3
大宮人	4
大弓	0
大急ぎ	3
大挙	1
大虚	1
大鋸	1
大鋸屑	3
大漁	0
大漁旗	3
大漁貧乏	5
大魚	1
大凶	0
大恐慌	3
大胸筋	3
大饗	0
大仰	0
大業	0
大業物	0
大局	0
大局的	0
大曲がり	3
大極殿	4
大筋	0
大金	0
大吟醸	3
大銀杏	3
大愚	1
大空	3
大熊座	0
大勲位	3
大君	3
大群	0
大軍	0
大袈裟	0
大兄	0
大型	0
大形	0
大慶	0
大系	0
大計	0
大穴	0
大圏	0
大圏航路	5
大嫌い	1
大検	0
大権	0
大犬の陰嚢	6
大犬座	0
大見出し	3
大見得	0
大賢	0
大元帥	3
大原女	0
大言	0
大言壮語	5
大呼	1
大戸	0
大股	0
大鼓	1
大御	1
大御所	3
大御所時代	5
大御代	3
大悟	1
大悟徹底	1
大公	1
大公国	3
大功	0
大口	0
大口バス	5
大口魚	1
大向う	3
大向こう	3
大好き	1
大好物	3
大工	1
大巧	0
大広間	3
大慌て	3
大洪水	3
大綱	0
大航海時代	7
大荒れ	0
大行	0
大降り	0
大国	0
大国主義	5
大黒	0
大黒黄金	5
大黒鼠	5
大黒柱	5
大黒天	4
大獄	0
大骨	0
大婚	0
大根	0
大根おろし	5
大根卸し	5
大根足	3
大根焚き	0
大根役者	5
大混乱	3
大佐	0
大佐賀	0
大差	1
大宰府	2
大才	0
大歳	0
大災	0
大祭	0
大罪	0
大阪弁	0
大阪鮨	4
大鷺	0
大作	0
大匙	0
大冊	0
大雑把	3
大三元	3
大山	1
大山猫	3
大山鳴動	1
大山木	3
大山椒魚	5
大惨事	3
大賛成	3
大仕掛け	3
大仕事	3
大使	1
大使館	3
大司教	3
大姉	1
大師	1
大師堂	0
大志	1
大旨	0
大死一番	1
大至急	3
大資本	3
大事	0
大事業	3
大事件	3
大事故	3
大字	1
大慈大悲	1
大持て	0
大時化	0
大時代	3
大自在	3
大自在天	4
大自然	3
大鹿	0
大写し	3
大赦	1
大社	1
大社造り	4
大車輪	3
大蛇	1
大蛇貝	4
大尺	1
大尺鷸	5
大杓鷸	5
大弱り	3
大主教	3
大取	0
大取り	0
大手	1
大手筋	3
大手毬	3
大酒	0
大酒飲み	0
大儒	1
大受け	0
大寿林	3
大樹	1
大宗	0
大衆	0
大衆運動	5
大衆化	0
大衆魚	3
大衆紙	3
大衆社会	5
大衆小説	5
大衆食堂	5
大衆性	0
大衆的	0
大衆部	3
大衆文化	5
大衆文学	5
大衆薬	3
大叔父	1
大叔母	1
大出来	0
大循環	3
大所	1
大所高所	1
大所帯	3
大暑	1
大書	1
大薯	1
大助かり	3
大女	3
大勝	0
大勝利	3
大商い	4
大商人	4
大嘗会	3
大嘗祭	3
大将	1
大将軍	3
大小	1
大小前	3
大小便	3
大笑	0
大笑い	3
大詔	0
大象虫	3
大賞	0
大上段	3
大丈夫	3
大乗	0
大乗り	0
大乗的	0
大乗仏教	5
大食	0
大食い	0
大食漢	4
大食細胞	5
大食調	0
大振り	0
大新聞	3
大真面目	3
大神	1
大神楽	3
大神宮	5
大臣	1
大臣柱	5
大身	1
大辛	0
大震	0
大震災	3
大人	0
大人げ	0
大人げない	5
大人しい	4
大人しやか	4
大人っぽい	5
大人びる	4
大人ぶる	4
大人気	0
大人気ない	5
大人気無い	5
大人数	3
大人物	3
大尽	1
大水	3
大水青	3
大水凪鳥	6
大水薙鳥	6
大酔	0
大数	3
大瀬	1
大勢	3
大成	0
大成功	3
大政	0
大政奉還	0
大正	0
大正デモクラシー	8
大正琴	5
大盛	0
大盛り	0
大聖	0
大声	3
大声疾呼	5
大西洋	3
大静脈	3
大昔	3
大石	0
大赤啄木鳥	4
大赤斑	3
大切	0
大切り	0
大雪	0
大川	1
大戦	0
大船	0
大選挙区制	0
大前提	3
大全	0
大膳	0
大祖	1
大組み	0
大僧正	3
大喪	0
大層	1
大掃除	3
大相撲	3
大草原	3
大葬	0
大騒ぎ	3
大蔵	0
大蔵経	0
大蔵省	4
大蔵省証券	7
大蔵大臣	5
大息	0
大足	0
大卒	0
大損	3
大多数	3
大太鼓	3
大太刀	1
大打撃	3
大待宵草	5
大腿	0
大腿筋	3
大腿骨	3
大腿四頭筋	0
大腿部	3
大隊	0
大台	0
大大神楽	5
大大的	0
大鷹	0
大鷹狩	3
大鷹狩り	3
大谷石	3
大谷渡	5
大谷渡り	5
大旦那	3
大胆	3
大胆不敵	3
大団円	3
大男	3
大知	1
大地	1
大地鴫	4
大地震	3
大地鷸	4
大智	1
大著	1
大潮	1
大腸	1
大腸がん	3
大腸炎	3
大腸癌	3
大腸菌	0
大鳥	0
大通り	3
大掴み	3
大帝	0
大抵	0
大敵	0
大典	0
大天使	3
大店	0
大殿	0
大都会	3
大都市	3
大度	1
大刀	1
大島桜	5
大島紬	5
大東亜共栄圏	3
大東大蝙蝠	7
大棟	0
大当たり	3
大当り	3
大筒	0
大統一理論	7
大統領	3
大統領補佐官	8
大豆	0
大豆粕	4
大豆油	2
大頭	5
大動脈	3
大動脈炎症候群	11
大同	0
大同小異	5
大同団結	0
大童	3
大道	0
大道具	3
大道芸	3
大道芸人	5
大道商人	5
大徳	0
大内裏	3
大難	0
大日	0
大日如来	5
大入り	0
大入り袋	5
大入道	3
大任	0
大年	0
大年増	3
大納会	3
大納言	3
大脳	0
大脳基底核	6
大脳皮質	5
大脳辺縁系	0
大農	0
大巴旦	3
大波	0
大破	1
大馬鹿	0
大敗	0
大杯	0
大盃	0
大売り出し	3
大売出し	3
大陪審	3
大伯父	1
大伯母	1
大白	0
大白鳥	3
大麦	0
大箱	0
大八車	5
大八洲	3
大発会	3
大発作	3
大判	0
大半	0
大藩	0
大飯	0
大盤振る舞い	5
大盤振舞い	5
大盤石	3
大磐石	3
大尾	1
大病	0
大蒜	0
大不敬	4
大夫	1
大負け	0
大部	1
大部屋	0
大部隊	3
大部分	3
大風	3
大風呂敷	3
大幅	0
大服	2
大服茶	4
大福	4
大福茶	4
大福帳	0
大福餅	4
大仏	0
大物	0
大物食い	0
大分	1
大文字	0
大兵	0
大幣	0
大平洋	3
大柄	0
大壁	0
大別	0
大変	0
大便	3
大便所	3
大保	1
大母音推移	6
大宝	0
大方	0
大法	0
大法廷	3
大砲	0
大胞子	3
大邦	0
大鵬	0
大忙し	3
大暴れ	3
大望	0
大本	0
大本営	3
大本教	0
大本山	3
大凡	0
大麻	1
大麻蠅	2
大枚	0
大味	0
大名	3
大名屋敷	5
大名行列	5
大名旅行	5
大命	0
大毛蓼	3
大網	0
大木	0
大木葉木菟	5
大目	0
大目玉	3
大目付	3
大門	0
大野	1
大野貝	3
大厄	0
大役	0
大躍進	3
大勇	0
大有り	0
大揚	0
大様	0
大洋	0
大洋州	3
大用	1
大葉	0
大葉擬宝珠	5
大葉子	0
大要	0
大欲	0
大乱	0
大理石	3
大陸	0
大陸プレート	6
大陸移動説	6
大陸横断鉄道	9
大陸性	0
大陸性気候	7
大陸棚	4
大陸的	0
大陸法	0
大陸浪人	5
大立ち回り	5
大立者	0
大略	0
大流行	3
大粒	0
大猟	0
大量	0
大量生産	5
大力	0
大輪	0
大瑠璃	0
大礼	0
大礼服	3
大呂	2
大路	0
大老	0
大和	1
大和鞍	3
大和芋	3
大和歌	3
大和絵	3
大和琴	4
大和言葉	4
大和魂	4
大和時代	4
大和煮	0
大和小灰蝶	4
大和心	4
大和島根	4
大和撫子	5
大和文	3
大和文字	4
大和民族	4
大和蜆	4
大和蜆蝶	4
大枠	0
大鷲	0
大嘴	0
大學	0
大廈高楼	1
大弯	3
大旆	0
大棗	0
大祓	3
大祓い	3
大祓え	3
大篆	0
大簇	0
大纛	0
大茴香	3
大蜥蜴	3
大蝙蝠	3
大辟	0
大鉈	0
大鬚回り	5
大鮃	0
大鷭	0
第	1
第１	1
第１次世界大戦	1
第２次世界大戦	1
第３	0
第３種郵便物	8
第４	1
第一	1
第一印象	5
第一巻	1
第一義	1
第一義的	1
第一形容詞	7
第一次産業	6
第一次世界大戦	1
第一審	1
第一人者	1
第一人称	5
第一声	1
第一線	1
第一哲学	6
第一歩	1
第一報	1
第一流	1
第九	1
第五	1
第五列	1
第三	1
第三セクター	5
第三階級	5
第三紀	1
第三国	1
第三国人	6
第三次	3
第三次産業	6
第三者	1
第三者割当株	6
第三種郵便物	8
第三人称	5
第三世界	5
第三勢力	5
第三帝国	5
第四	1
第四階級	5
第四紀	0
第四脳室	5
第宅	0
第二	1
第二義	1
第二共和政	0
第二形容詞	6
第二次産業	5
第二次世界大戦	1
第二次性徴	5
第二人称	4
第二組合	4
第六感	1
第六天	1
醍醐	1
醍醐味	3
題	1
題する	3
題意	1
題詠	0
題画	0
題言	0
題号	3
題材	0
題字	0
題辞	0
題名	0
題目	0
題簽	0
鷹	0
鷹の羽鯛	4
鷹の爪	0
鷹詞	3
鷹狩	0
鷹狩り	0
鷹匠	0
鷹派	0
鷹隼	0
鷹揚	0
滝	0
滝つぼ	0
滝口	0
滝川	0
滝壷	0
滝登り	0
滝壺	0
卓	0
卓逸	0
卓越	0
卓越風	0
卓球	0
卓見	0
卓効	0
卓香炉	3
卓子	1
卓識	0
卓出	0
卓上	0
卓上演説	5
卓上電話	5
卓説	0
卓絶	0
卓抜	0
卓筆	0
卓立	0
卓論	0
卓袱	0
卓袱台	0
卓袱料理	5
啄む	3
啄木	0
啄木鳥	2
宅	0
宅扱い	3
宅診	0
宅送	0
宅地	0
宅地建物取引主任者	5
宅地造成	4
宅内装置	5
宅配	0
宅配便	0
托す	2
托する	3
托子	1
托鉢	0
托鉢修道会	7
托葉	0
托卵	0
択ぶ	2
択る	1
択一	0
拓く	2
拓殖	0
拓本	0
沢	2
沢庵	2
沢庵漬	0
沢庵漬け	0
沢蟹	0
沢桔梗	3
沢胡桃	3
沢山	3
沢紫陽花	3
沢柴	0
沢登り	3
沢辺	0
沢瀉	0
濯ぐ	3
琢磨	1
託かる	4
託け	0
託ける	4
託す	2
託する	3
託つ	2
託つけ	0
託つける	0
託言	0
託児	0
託児所	0
託宣	0
託送	0
託卵	0
鐸	1
濁す	2
濁り	3
濁り江	3
濁り酒	3
濁り水	3
濁り点	3
濁る	2
濁音	0
濁酒	3
濁水	0
濁世	1
濁声	0
濁点	3
濁度計	0
濁流	0
濁醪	0
諾	0
諾々	0
諾う	3
諾する	3
諾足	0
諾諾	0
諾否	1
諾約者	3
茸	1
茸雲	4
茸取り	3
茸狩り	0
茸飯	3
凧	1
凧あげ	2
凧上げ	2
凧揚げ	2
蛸	1
蛸の足	1
蛸の木	1
蛸引き	2
蛸烏賊	2
蛸樹	1
蛸焼	0
蛸焼き	0
蛸船	3
蛸足	0
蛸足配線	5
蛸壷	2
蛸入道	3
蛸配当	3
蛸部屋	0
蛸坊主	3
蛸壺	2
只	1
只々	1
只管	0
只管打坐	4
只言	0
只事	0
只者	0
只取	4
只取り	2
只乗り	0
只人	0
只只	1
只中	2
只働き	3
叩き	3
叩きあげる	5
叩きつける	5
叩きなおす	5
叩きのめす	5
叩き会う	4
叩き壊す	5
叩き割る	4
叩き起こす	5
叩き起す	5
叩き牛蒡	4
叩き合う	4
叩き込み	0
叩き込む	4
叩き殺す	5
叩き出す	4
叩き上げ	0
叩き上げる	5
叩き切る	4
叩き台	0
叩き大工	4
叩き直す	5
叩き潰す	5
叩き売り	3
叩き箸	4
叩き付ける	5
叩き伏せる	5
叩き落とす	5
叩く	2
叩首	1
叩頭	0
叩頭く	3
叩頭虫	4
但	1
但し	1
但し書き	0
但書	0
但書き	0
但馬牛	3
達し	0
達す	0
達する	0
達て	1
達意	1
達観	0
達見	0
達士	1
達示	0
達識	0
達者	0
達人	0
達成	0
達筆	0
達文	0
達弁	0
達磨	0
達磨歌	3
達磨忌	3
達磨宗	3
達磨船	0
辰	0
辰砂	1
辰巳	0
辰巳芸者	4
奪い去る	4
奪い合う	4
奪い取る	4
奪い返す	4
奪う	2
奪回	0
奪格	0
奪還	0
奪取	1
奪掠	0
奪略	0
脱がす	2
脱ぎ捨てる	4
脱ぎ着	2
脱ぐ	1
脱ける	0
脱け殻	0
脱け出す	3
脱け出る	3
脱け毛	0
脱げる	2
脱する	0
脱サラ	0
脱亜入欧	1
脱衣	0
脱衣所	0
脱衣場	0
脱臼	0
脱営	0
脱塩	0
脱会	0
脱殻	0
脱感作	3
脱却	0
脱原発	3
脱構築	3
脱稿	0
脱穀	0
脱穀機	3
脱獄	0
脱獄囚	4
脱魂	0
脱酸	0
脱酸素剤	5
脱脂	0
脱脂乳	3
脱脂粉乳	4
脱脂綿	3
脱字	0
脱磁	0
脱捨てる	4
脱錫	0
脱臭	0
脱臭剤	3
脱出	0
脱出速度	5
脱硝	0
脱色	0
脱色剤	4
脱水	0
脱水機	3
脱水症	3
脱水症状	5
脱水素酵素	6
脱髄疾患	5
脱税	0
脱線	0
脱走	0
脱俗	0
脱退	0
脱窒	0
脱着	0
脱腸	0
脱腸帯	0
脱兎	1
脱党	0
脱藩	0
脱皮	0
脱分化	3
脱糞	0
脱文	0
脱法	0
脱法行為	5
脱帽	0
脱毛	0
脱毛剤	3
脱毛症	0
脱落	0
脱離反応	4
脱硫	0
脱力	2
脱力感	4
脱輪	0
脱漏	0
脱疽	1
脱肛	0
巽	1
竪	1
竪琴	2
竪穴	0
竪穴住居	5
竪坑	0
竪子	1
竪縞	0
竪笛	0
竪樋	2
竪物	0
竪堀	0
竪框	3
辿々しい	5
辿たどしい	5
辿りつく	4
辿り着く	4
辿る	2
辿辿しい	5
棚	0
棚ぼた	0
棚引く	3
棚曳く	3
棚牡丹	0
棚卸	0
棚卸し	0
棚卸資産	6
棚機	0
棚機つ女	4
棚機津女	4
棚上げ	0
棚蜘蛛	3
棚田	0
棚幡	0
棚氷	3
棚浚え	3
谷	2
谷あい	0
谷まる	3
谷懐	3
谷間	3
谷空木	3
谷水	2
谷川	0
谷地	1
谷地だも	0
谷地鼠	3
谷町	0
谷底	0
谷風	2
狸	1
狸蕎麦	4
狸汁	4
狸寝入り	4
狸親父	4
狸藻	3
狸囃子	4
狸饂飩	4
鱈	1
鱈子	3
鱈場	0
鱈場ガニ	3
鱈場蟹	3
鱈腹	0
樽	0
樽柿	0
樽酒	2
樽俎	1
樽俎折衝	4
誰	1
誰々	1
誰か	1
誰かさん	1
誰かれ	1
誰しも	1
誰それ	1
誰も	0
誰もかも	1
誰一人	1
誰何	1
誰人	0
誰誰	1
誰知らぬ	1
誰彼	1
誰彼無しに	5
誰某	1
丹	1
丹い	0
丹花	1
丹砂	1
丹朱	1
丹色	0
丹心	0
丹精	1
丹誠	1
丹青	1
丹前	3
丹頂	0
丹頂鶴	5
丹田	0
丹塗	0
丹塗り	0
丹毒	1
丹念	1
丹碧	1
丹礬	0
単	1
単１	0
単２	1
単４	0
単なる	1
単に	1
単位	1
単位組合	4
単為生殖	4
単衣	1
単衣物	0
単一	0
単一神教	5
単音	0
単価	1
単科大学	4
単果	0
単花果	3
単簡	0
単眼	0
単機	1
単記	1
単記投票	4
単騎	1
単級	0
単句	1
単結合	3
単結晶	3
単元	0
単原子分子	6
単語	0
単孔類	3
単行	0
単行本	0
単項式	3
単婚	0
単座	0
単細胞	3
単細胞生物	7
単剤	0
単作	0
単三	0
単産	0
単四	0
単子	1
単子葉植物	7
単子論	3
単紙	1
単試合	3
単式	0
単式火山	5
単式簿記	5
単射	0
単車	0
単従陣	3
単純	0
単純化	0
単純語	0
単純再生産	7
単純脂質	5
単純泉	0
単純蛋白質	8
単純平均	5
単純労働	5
単勝	0
単勝式	0
単称	0
単色	0
単色光	4
単振動	3
単身	0
単身赴任	5
単数	3
単性	0
単性花	3
単性生殖	5
単成火山	5
単線	0
単層	0
単相	0
単走	0
単打	1
単体	0
単帯	4
単調	0
単刀直入	0
単糖類	3
単独	0
単独海損	5
単独行為	5
単独行動	5
単独講和	5
単独正犯	5
単独内閣	5
単二	0
単発	0
単発機	4
単発銃	4
単板	0
単比	1
単皮	1
単票	0
単品	0
単複	1
単物	0
単文	0
単弁	0
単弁花	3
単母音	3
単本位	3
単葉	0
単葉機	3
単利	1
単利法	0
単離	1
単立	0
単量体	0
単于	1
単于都護府	5
単鉤法	0
嘆	1
嘆かわしい	5
嘆き	3
嘆く	2
嘆ずる	0
嘆願	0
嘆願書	0
嘆称	0
嘆賞	0
嘆声	0
嘆息	0
嘆美	1
坦懐	0
坦坦	0
担い	2
担いおけ	4
担い桶	4
担い手	0
担う	2
担ぎ	3
担ぎだす	4
担ぎ屋	0
担ぎ込む	5
担ぎ出す	4
担ぎ上げる	5
担ぐ	2
担架	1
担子器	3
担子菌類	4
担体	0
担担麺	3
担当	0
担任	0
担保	1
担保責任	4
担保物件	4
担保物権	4
探しだす	4
探し回る	5
探し求める	6
探し出す	4
探し当てる	5
探し物	0
探す	0
探り	0
探り合い	0
探り出す	4
探り足	3
探り当てる	5
探り箸	4
探る	0
探海灯	0
探求	0
探究	0
探検	0
探検家	0
探検隊	0
探険	0
探鉱	0
探査	1
探索	0
探春	0
探勝	0
探照灯	0
探照燈	0
探測	0
探題	0
探知	1
探鳥	0
探偵	0
探偵小説	5
探湯	0
探番	0
探聞	0
探訪	0
旦つく	0
旦過	1
旦那	0
旦那さま	0
旦那芸	3
旦那衆	3
旦那様	0
旦暮	1
旦夕	0
歎	1
歎き	3
歎く	2
歎じる	0
歎ずる	0
歎願	0
歎称	0
歎賞	0
歎声	0
歎息	0
歎美	1
淡々	0
淡い	2
淡す	2
淡黄色	3
淡褐色	3
淡湖	1
淡口醤油	5
淡紅色	3
淡彩	0
淡彩画	0
淡紫色	3
淡色	0
淡色野菜	5
淡水	0
淡水魚	3
淡水湖	3
淡水藻	3
淡青	0
淡雪	2
淡淡	0
淡竹	0
淡泊	1
淡白	1
淡味	1
淡路結び	4
湛える	0
湛水	0
炭	2
炭化	0
炭化カルシウム	6
炭化珪素	4
炭化水素	4
炭化物	3
炭火	0
炭坑	0
炭鉱	0
炭酸	0
炭酸カリウム	6
炭酸カルシウム	7
炭酸ガス	5
炭酸ナトリウム	7
炭酸マグネシウム	8
炭酸飲料	5
炭酸塩	3
炭酸紙	3
炭酸水	3
炭酸水素ナトリウム	10
炭酸同化作用	8
炭質	0
炭車	1
炭取	4
炭取り	4
炭手前	3
炭焼	0
炭焼き	0
炭焼き窯	4
炭焼窯	4
炭塵	0
炭水化物	5
炭素	1
炭素１４	1
炭素一四	1
炭素鋼	0
炭素税	3
炭素繊維	4
炭層	0
炭団	0
炭点前	3
炭田	0
炭肺	0
炭俵	3
炭窯	0
炭疽	1
炭疽菌	0
炭疽病	0
炭礦	0
短	1
短い	3
短かい	3
短かめ	0
短か目	0
短か夜	3
短め	0
短パン	0
短音	0
短音階	3
短歌	1
短観	0
短期	1
短期間	3
短期記憶	4
短期金利	4
短期国債	4
短期手形	4
短期貸付	4
短期大学	4
短気	1
短距離	3
短距離競走	5
短距離離着陸機	9
短句	1
短躯	1
短靴	0
短剣	0
短見	0
短呼	1
短冊	0
短冊形	0
短詩	0
短資	1
短時間	3
短時日	3
短軸	0
短尺	4
短銃	0
短縮	0
短所	1
短小	0
短信	0
短針	0
短水路	3
短籍	0
短足	0
短打	1
短大	0
短調	1
短艇	0
短刀	3
短刀直入	0
短筒	0
短頭	0
短日	0
短日月	3
短日植物	6
短波	1
短波放送	4
短髪	0
短評	0
短文	0
短兵急	0
短篇	0
短篇小説	5
短編	0
短編小説	5
短母音	3
短報	0
短命	0
短毛	0
短目	0
短夜	1
短絡	0
短慮	1
短路	1
端	0
端々	2
端から	1
端くれ	0
端た	0
端たない	4
端た金	0
端た女	0
端っこ	0
端ない	4
端唄	0
端黄卵	3
端雅	1
端株	0
端居	0
端境期	3
端近	0
端金	0
端月	1
端厳	0
端午	1
端午の節句	1
端綱	0
端黒	0
端坐	1
端座	1
端山	0
端子	1
端取	0
端取り	0
端緒	1
端書	0
端書き	0
端女	0
端数	2
端整	1
端正	1
端切れ	0
端折る	0
端先	0
端線	0
端銭	0
端然	0
端端	2
端艇	0
端的	0
端点	1
端脳	0
端反り	2
端布	0
端武者	0
端物	0
端本	0
端末	0
端末機	4
端末装置	5
端無くも	3
端面	0
端役	0
端麗	0
端倪	0
箪笥	0
綻ばす	4
綻び	0
綻びる	4
綻ぶ	3
耽ける	2
耽る	2
耽溺	0
耽読	0
耽美	1
耽美主義	4
耽美派	0
胆	2
胆のう	0
胆管	0
胆気	1
胆玉	4
胆汁	0
胆汁酸	0
胆汁質	3
胆汁色素	6
胆石	1
胆石症	0
胆大心小	0
胆嚢	0
胆嚢炎	3
胆略	1
胆力	1
胆礬	0
蛋白	1
蛋白質	4
蛋白質分解酵素	11
蛋白石	4
蛋白尿	4
誕生	0
誕生祝い	5
誕生石	3
誕生日	3
誕生仏	3
誕辰	0
鍛え	3
鍛える	3
鍛え上げる	5
鍛金	0
鍛工	0
鍛鋼	0
鍛治	1
鍛接	0
鍛造	0
鍛鉄	1
鍛冶	1
鍛冶屋	0
鍛冶場	0
鍛練	1
鍛錬	1
団	1
団らん	0
団員	0
団塊	0
団栗	1
団栗眼	5
団結	0
団結権	4
団結心	4
団交	0
団子	0
団子虫	3
団子鼻	3
団扇	2
団扇海老	3
団体	0
団体競技	5
団体協約	5
団体交渉	5
団体戦	0
団体保険	5
団地	0
団地族	3
団茶	0
団長	0
団欒	0
壇	1
壇家	1
壇上	0
壇場	0
弾	2
弾き	1
弾き語り	0
弾き手	0
弾き出す	4
弾き初め	0
弾き飛ばす	5
弾き物	0
弾く	2
弾ける	3
弾け豆	3
弾け飛ぶ	0
弾じる	3
弾ずる	3
弾み	0
弾み車	4
弾む	0
弾よけ	0
弾圧	0
弾雨	1
弾劾	0
弾劾裁判所	0
弾丸	0
弾丸道路	5
弾丸列車	5
弾機	1
弾琴	0
弾痕	0
弾車	4
弾除け	0
弾傷	2
弾性	0
弾性振動	5
弾性体	0
弾性波	3
弾性率	3
弾正	0
弾正台	0
弾倉	0
弾奏	0
弾着	0
弾着距離	5
弾着点	4
弾頭	0
弾道	0
弾道トランジスタ	8
弾道学	3
弾道弾	3
弾発	0
弾物	0
弾幕	0
弾薬	0
弾薬庫	4
弾力	0
弾力性	0
弾力的	0
断	1
断じて	0
断じる	0
断ずる	3
断ち割る	3
断ち切る	3
断ち物	2
断つ	1
断り	0
断り書き	0
断る	3
断わり	0
断わる	3
断ヤオ	0
断案	0
断崖	0
断岩	0
断金	0
断吟	0
断言	3
断言的	0
断乎	1
断固	1
断交	0
断口	0
断行	0
断郊競争	5
断郊競走	5
断獄	0
断裁	0
断裁器	3
断裁機	3
断罪	0
断種	0
断酒	0
断章	0
断章取義	5
断食	0
断水	0
断切る	3
断絶	0
断線	0
断然	0
断層	0
断層海岸	5
断層崖	3
断層湖	3
断層撮影	5
断層山地	5
断層線	0
断層帯	0
断層谷	3
断層粘土	5
断層盆地	5
断層面	3
断続	0
断続的	0
断断乎	3
断断固	3
断腸	0
断定	0
断頭	0
断頭台	0
断乳	0
断熱	0
断熱材	4
断念	3
断髪	0
断髪式	4
断碑	1
断尾	1
断片	0
断片的	0
断末間	3
断末摩	3
断末魔	3
断面	3
断面図	3
断裂	0
断路	1
暖	1
暖い	4
暖か	3
暖かい	4
暖かさ	3
暖かみ	0
暖まる	4
暖める	4
暖め酒	4
暖衣飽食	1
暖機	1
暖気	1
暖国	0
暖色	0
暖帯	0
暖地	1
暖竹	0
暖冬	0
暖冬異変	5
暖房	0
暖房装置	5
暖流	0
暖簾	0
暖簾代	0
暖炉	1
檀越	0
檀家	1
檀尻	0
檀徒	1
檀那	0
檀那寺	0
檀林	0
檀林派	0
段	1
段々	1
段々畑	5
段々畠	5
段どり	0
段ボール	3
段位	1
段違い	3
段違い平行棒	8
段階	0
段葛	3
段間	0
段丘	0
段差	0
段取り	0
段収	0
段袋	3
段段畑	5
段段畠	5
段鼻	1
段物	4
段平	4
段別	0
段歩	1
段幕	1
段落	0
男	3
男々しい	3
男っぽい	5
男っ気	0
男っ振り	0
男の子	3
男の児	3
男の節句	0
男ひでり	4
男やもめ	4
男らしい	5
男伊達	0
男一匹	7
男運	3
男仮名	3
男気	0
男泣き	0
男狂い	4
男系	0
男芸者	4
男結び	4
男嫌い	4
男好き	0
男工	0
男根	0
男根期	3
男坂	0
男殺し	4
男山	0
男姿	4
男子	1
男児	1
男持ち	0
男自慢	4
男爵	1
男手	0
男囚	0
男臭い	5
男衆	3
男出入り	4
男所帯	4
男女	1
男女共学	1
男女同権	1
男勝り	4
男妾	0
男娼	0
男色	0
男心	4
男振り	0
男神	1
男親	0
男雛	1
男性	0
男性ホルモン	5
男性語	0
男性的	0
男性美	3
男盛り	4
男声	0
男声合唱	5
男前	0
男装	0
男尊女卑	5
男帯	4
男滝	1
男達	0
男男しい	3
男湯	0
男舞	0
男部屋	0
男腹	0
男物	0
男文字	4
男冥利	4
男名	3
男木	1
男役	0
男優	0
男旱	4
男旱り	4
男鰥	4
談	1
談じる	3
談じ込む	4
談ずる	3
談義	1
談義本	0
談語	0
談合	0
談笑	0
談叢	0
談判	1
談林	0
談林派	0
談論	0
談論風発	0
談話	0
談話室	3
談藪	0
値	0
値うち	0
値する	0
値安	0
値域	1
値引	0
値引き	0
値下がり	0
値下げ	0
値巾	0
値遇	0
値頃	0
値札	0
値鞘	0
値上	0
値上がり	0
値上げ	0
値上り	0
値嵩	0
値嵩株	3
値切る	2
値洗い	2
値打	0
値打ち	0
値段	0
値段表	0
値踏み	0
値動き	2
値幅	0
値崩れ	2
知	1
知ったかぶり	0
知ったか振り	0
知らす	0
知らず識らず	4
知らず知らず	4
知らせ	0
知らせる	0
知らぬが仏	3
知らぬ顔	0
知らんぷり	2
知らん顔	2
知らん振り	2
知り合	0
知り合い	0
知り合う	3
知り初める	4
知り尽くす	4
知り抜く	3
知る	0
知る辺	0
知れる	0
知れ渡る	4
知ろしめす	4
知ろし召す	4
知ろし食す	4
知育	1
知音	0
知解	0
知覚	0
知覚神経	4
知客	1
知遇	0
知恵	2
知恵の輪	4
知恵歯	2
知恵者	2
知恵袋	3
知恵遅れ	3
知恵熱	2
知恵負け	0
知見	0
知己	1
知行	0
知行合一	1
知合	0
知合い	0
知合う	3
知歯	1
知事	1
知識	1
知識ベース	4
知識階級	4
知識工学	4
知識産業	4
知識情報処理	8
知識人	3
知識層	3
知識欲	3
知悉	0
知者	1
知初める	4
知将	0
知情意	2
知人	0
知性	1
知性的	0
知知武	0
知的	0
知的財産権	6
知的所有権	5
知的障害	4
知得	0
知徳	0
知日	0
知日家	0
知日派	0
知能	1
知能ロボット	4
知能検査	4
知能指数	5
知能年齢	4
知能犯	2
知藩事	2
知謀	0
知名	0
知名度	2
知命	0
知木	1
知勇	1
知友	0
知略	1
知慮	1
知力	1
地	1
地すべり	2
地の文	3
地の利	1
地ばれ	0
地べた	1
地ビール	2
地位	1
地異	1
地衣	1
地衣植物	4
地衣類	2
地域	1
地域開発	4
地域社会	4
地域主義	4
地域紛争	4
地域冷暖房	6
地引	0
地引き	0
地引き網	3
地引網	3
地唄	0
地曳き	0
地曳き網	3
地曳網	3
地縁	0
地縁集団	4
地温	0
地下	1
地下運動	3
地下家蚊	3
地下街	2
地下茎	2
地下工作	3
地下資源	3
地下室	2
地下水	2
地下線	2
地下組織	3
地下足袋	0
地下鉄	0
地下道	2
地価	1
地歌	0
地回り	2
地塊	0
地塊運動	4
地界	0
地階	0
地核	0
地殻	0
地殻均衡説	6
地殻変動	4
地学	1
地割り	0
地割れ	0
地滑り	2
地気	1
地祇	1
地久節	2
地球	0
地球温暖化	0
地球化学	4
地球科学	4
地球環境	4
地球観測衛星	8
地球儀	2
地球局	2
地球照	0
地球物理学	6
地境	2
地峡	0
地響き	2
地均し	2
地金	0
地銀	0
地区	1
地形	0
地形学	2
地形図	2
地蛍	3
地鶏	0
地検	0
地権者	2
地肩	0
地元	0
地固め	2
地口	0
地溝	0
地合い	0
地獄	0
地獄絵	3
地獄耳	0
地獄道	3
地獄変	3
地獄変相	4
地裁	0
地士	2
地子	1
地紙	0
地誌	1
地侍	2
地磁気	2
地軸	0
地質	0
地質学	3
地質構造	4
地質時代	4
地質図	3
地質調査	4
地主	0
地取り	0
地取り捜査	4
地腫れ	0
地酒	0
地所	1
地象	0
地上	0
地上げ	0
地上茎	2
地上権	2
地上波	2
地場	2
地場産業	3
地色	0
地心	0
地神五代	1
地震	0
地震モーメント	4
地震学	2
地震記象	4
地震計	0
地震国	2
地震帯	0
地震断層	4
地震津波	4
地震動	2
地震波	2
地震保険	4
地震予知	4
地震予知情報	6
地図	1
地吹雪	2
地垂木	2
地水火風	4
地水火風空	5
地勢	0
地政学	2
地声	0
地税	1
地積	0
地籍	0
地染め	0
地租	2
地鼠	2
地層	0
地相	0
地蔵	0
地蔵顔	2
地蔵尊	2
地蔵盆	2
地続き	2
地対空ミサイル	7
地帯	1
地袋	2
地代	0
地胆	3
地弾き	0
地蜘蛛	0
地中	0
地中海	2
地中海実蝿	6
地中海実蠅	6
地虫	0
地鳥	0
地鎮祭	2
地坪	1
地底	0
地点	1
地塗り	0
地頭	0
地動説	2
地道	0
地熱	0
地熱発電	4
地縛	2
地縛り	2
地縛霊	3
地肌	0
地髪	0
地番	0
地盤	0
地盤沈下	4
地百足	2
地表	0
地付き	3
地膚	0
地物	0
地文	0
地文学	2
地平	0
地平座標	4
地平線	0
地平面	2
地米	0
地変	0
地歩	1
地方	2
地方官	2
地方官庁	4
地方議会	4
地方競馬	4
地方銀行	4
地方区	2
地方型	0
地方検察庁	7
地方交付税	6
地方公共団体	8
地方公務員	6
地方行政	4
地方行政機関	9
地方債	2
地方裁判所	8
地方財政	4
地方史	2
地方紙	2
地方事務所	5
地方時	2
地方自治	4
地方自治体	0
地方色	2
地方税	2
地方選挙	4
地方団体	4
地方版	0
地方病	0
地方分権	4
地蜂	0
地味	2
地民	1
地無し	0
地名	0
地明かり	2
地鳴り	0
地面	1
地毛	0
地目	1
地紋	0
地役権	3
地揚げ	0
地謡	2
地謡座	0
地雷	0
地雷火	2
地雷原	2
地卵	2
地理	1
地理学	2
地理的隔離	5
地理的品種	5
地竜	0
地力	0
地霊	0
地歴	0
地炉	1
地和	1
地辷り	2
弛まる	3
弛み	0
弛みない	4
弛み無い	4
弛む	0
弛める	0
弛緩	0
恥	2
恥さらし	3
恥じらい	0
恥じらう	3
恥じる	2
恥じ入る	3
恥ずかしい	4
恥ずかしがりや	0
恥ずかしがり屋	0
恥ずかしがる	5
恥ずかしげ	5
恥ずかしめる	5
恥ずかし気	5
恥ずべき	3
恥らい	0
恥らう	3
恥丘	0
恥垢	0
恥骨	2
恥晒し	3
恥辱	0
恥知らず	3
恥曝し	3
恥部	1
恥毛	0
智	1
智解	0
智恵	2
智慧	2
智歯	1
智識	1
智者	1
智将	0
智水	0
智日	0
智嚢	1
智能	1
智謀	0
智勇	1
智略	1
智慮	1
智力	1
池	2
池沼	0
池水	0
池泉	0
池泉回遊式	0
池蝶貝	3
池亭	0
池汀	0
池畔	0
痴	1
痴ほう	0
痴れ言	0
痴れ者	0
痴漢	0
痴愚	1
痴言	1
痴情	0
痴人	0
痴態	0
痴鈍	0
痴呆	0
痴呆症	0
痴話	1
痴話げんか	3
痴話喧嘩	3
稚	1
稚い	4
稚鮎	0
稚海藻	1
稚気	1
稚魚	1
稚子	1
稚児	0
稚拙	0
稚鰤	0
置いてきぼり	0
置いてけぼり	0
置きざり	0
置きっぱなし	0
置きっ放し	0
置きどころ	0
置きみやげ	3
置き引き	0
置き屋	0
置き火燵	3
置き換え	0
置き換える	4
置き去り	0
置き碁	0
置き傘	0
置き字	0
置き時計	3
置き手紙	3
置き所	0
置き床	0
置き場	0
置き場所	0
置き石	0
置き替える	4
置き土	0
置き土産	3
置き物	0
置き忘れる	5
置き炬燵	3
置く	0
置引き	0
置屋	0
置火燵	3
置換	0
置換え	0
置碁	0
置時計	3
置手紙	3
置所	0
置床	0
置場	0
置物	0
置忘れる	5
置炬燵	3
致し方	0
致す	2
致仕	1
致死	1
致死遺伝子	4
致死突然変異	7
致死量	2
致傷	0
致命	0
致命傷	0
致命的	0
蜘蛛	1
蜘蛛の子	1
蜘蛛の巣	1
蜘蛛の巣黴	4
蜘蛛猿	0
蜘蛛海星	3
蜘蛛形類	4
蜘蛛人手	3
蜘蛛膜	2
蜘蛛膜下出血	6
遅々	1
遅い	0
遅かれ早かれ	5
遅く	0
遅くとも	4
遅す	0
遅まき	0
遅まきながら	5
遅め	0
遅らす	0
遅らせる	0
遅れ	0
遅ればせ	0
遅れる	0
遅れ馳せ	0
遅延	0
遅疑	1
遅効	0
遅効性肥料	6
遅刻	0
遅咲	0
遅咲き	0
遅参	0
遅蒔き	0
遅蒔きながら	5
遅出	0
遅場米	0
遅進児	2
遅生まれ	3
遅霜	0
遅速	0
遅滞	0
遅知恵	0
遅遅	1
遅鈍	0
遅日	0
遅配	0
遅発	0
遅番	0
遅筆	0
遅払い	2
遅脈	0
遅漏	0
馳せる	2
馳せ参じる	5
馳駆	2
馳走	0
築	1
築き上げる	5
築く	2
築垣	0
築後	0
築港	0
築山	0
築城	0
築造	0
築地	0
築地塀	3
築堤	0
築庭	0
築墻	0
築牆	0
畜犬	0
畜殺	0
畜産	0
畜産物	3
畜舎	2
畜生	3
畜生道	3
畜力	2
畜類	2
竹	0
竹かご	0
竹でっぽう	3
竹とんぼ	3
竹の園生	5
竹の子	0
竹の皮	5
竹ひご	0
竹むら	2
竹やぶ	0
竹縁	0
竹屋	0
竹垣	2
竹笠	0
竹冠	3
竹竿	0
竹簡	0
竹串	0
竹光	2
竹細工	3
竹材	0
竹席	3
竹切れ	0
竹節人参	5
竹節虫	2
竹叢	2
竹槍	0
竹束	0
竹笛	0
竹鉄砲	3
竹刀	1
竹筒	0
竹糖	0
竹馬	0
竹馬の友	5
竹柏	0
竹麦魚	0
竹箸	3
竹筏	0
竹箆	0
竹箆返し	5
竹矢来	3
竹薮	0
竹林	3
竹輪	0
竹輪麩	3
竹帛	0
竹箒	3
竹篦	3
竹篦返し	5
竹籠	0
竹簀	0
竹籤	0
竹蔗	2
竹藪	0
竹蜻蛉	3
筑子	2
筑紫鴨	4
筑紫石楠花	4
筑前煮	0
蓄え	3
蓄える	4
蓄音器	3
蓄音機	3
蓄光	3
蓄財	0
蓄妾	0
蓄積	0
蓄積管	0
蓄電	0
蓄電器	3
蓄電池	3
蓄膿症	0
逐う	0
逐一	2
逐語	0
逐語訳	3
逐字訳	0
逐次	2
逐次刊行物	6
逐条	0
逐条審議	5
逐電	0
逐日	0
逐年	0
秩序	2
秩序立つ	4
秩序立てる	5
秩父三十三所	2
秩禄	0
窒化	0
窒化物	3
窒塞	0
窒死	0
窒素	1
窒素固定	4
窒素酸化物	6
窒素循環	4
窒素族元素	6
窒素代謝	4
窒素肥料	4
窒息	0
窒息死	4
茶	0
茶々	1
茶いろ	0
茶きん	0
茶さじ	0
茶しぶ	0
茶せん	0
茶の間	0
茶の湯	0
茶の木	0
茶わん	0
茶引き草	3
茶飲み	3
茶飲み茶碗	4
茶飲み友達	4
茶飲み話	4
茶臼	0
茶園	0
茶屋	0
茶屋酒	2
茶屋女	3
茶化す	2
茶花	0
茶菓	1
茶菓子	2
茶会	1
茶懐石	2
茶殻	0
茶掛け	0
茶褐色	2
茶釜	0
茶粥	0
茶器	1
茶汲み	0
茶巾	0
茶巾ずし	2
茶巾寿し	2
茶巾寿司	2
茶巾鮨	2
茶漉し	0
茶匙	0
茶事	1
茶室	0
茶杓	0
茶寿	1
茶渋	0
茶所	2
茶色	0
茶色い	0
茶人	0
茶請け	0
茶席	0
茶鼠	2
茶袋	2
茶代	0
茶托	0
茶棚	0
茶箪笥	0
茶断ち	0
茶茶	1
茶柱	2
茶柱虫	3
茶漬	0
茶漬け	0
茶庭	0
茶摘み	0
茶摘み歌	3
茶店	1
茶湯	0
茶筒	0
茶陶	0
茶道	1
茶道具	2
茶入	0
茶入れ	0
茶箱	0
茶畑	2
茶飯	0
茶飯事	2
茶挽き草	3
茶挽草	3
茶番	0
茶番狂言	4
茶番劇	2
茶瓶	0
茶腹	0
茶柄杓	2
茶舗	1
茶坊主	2
茶房	0
茶盆	0
茶名	0
茶銘	0
茶目	1
茶目っ気	0
茶利	1
茶寮	0
茶話	2
茶話会	4
茶碗	0
茶碗蒸	0
茶碗蒸し	0
茶壺	1
茶筌	0
茶筅	0
茶筅髪	0
茶筅羊歯	4
茶籠	0
茶籃	0
嫡妻	0
嫡嗣	1
嫡子	1
嫡室	0
嫡出	0
嫡出子	4
嫡孫	0
嫡男	2
嫡流	0
着	1
着々	0
着く	1
着ける	2
着け所	0
着こなし	0
着こなす	3
着こむ	2
着する	3
着せる	0
着せ替える	4
着せ替え人形	5
着せ代える	4
着た切り雀	5
着なおす	3
着のみ着のまま	1
着の身着のまま	1
着の身着の侭	1
着の身着の儘	1
着ぶくれる	4
着やせ	0
着る	0
着れる	2
着意	1
着衣	1
着映え	0
着駅	0
着果	0
着火	0
着火点	3
着荷	0
着回	0
着回し	0
着換える	3
着岸	0
着眼	0
着眼点	3
着金	0
着剣	0
着古し	0
着古す	3
着呼	1
着袴	1
着御	1
着工	0
着込む	2
着座	0
着彩	0
着磁	1
着実	0
着尺	0
着尺地	3
着手	1
着順	0
着初め	0
着所	0
着床	0
着丈	0
着飾る	3
着色	0
着色料	4
着信	0
着心	0
着心地	0
着水	0
着生	0
着生植物	6
着席	0
着雪	0
着船	0
着想	0
着痩せ	0
着装	0
着太り	2
着帯	0
着替え	0
着替える	3
着脱	0
着弾	0
着地	0
着着	0
着脹れる	4
着直す	3
着底	0
着電	0
着倒れ	0
着道楽	2
着任	0
着発	0
着氷	0
着付け	0
着付ける	3
着服	0
着払	3
着払い	3
着物	0
着物地	0
着物虱	4
着崩れ	0
着方	3
着帽	0
着膨れ	0
着膨れる	4
着味	0
着目	0
着用	0
着陸	0
着流し	0
着良い	2
着類	1
中	1
中々	0
中かっこ	3
中ごろ	0
中たる	0
中っ腹	0
中づり	0
中てる	0
中でも	1
中ぶらりん	0
中り	0
中る	0
中位	1
中位数	3
中尉	1
中医学	3
中稲	3
中陰	0
中衛	0
中越	0
中央	3
中央アジア	5
中央アフリカ	5
中央アメリカ	5
中央委員会	6
中央海嶺	5
中央官庁	5
中央競馬	5
中央銀行	5
中央構造線	0
中央集権	5
中央処理装置	7
中央政府	5
中央値	3
中央標準時	7
中央分離帯	0
中奥	3
中押	0
中押し	0
中欧	0
中屋敷	3
中音	0
中夏	1
中果皮	3
中火	0
中華	1
中華そば	4
中華まんじゅう	4
中華蕎麦	4
中華人民共和国	10
中華鍋	4
中華料理	4
中華丼	0
中華饅頭	4
中外	1
中蓋	0
中垣	2
中核	0
中核市	4
中隔	0
中学	1
中学校	3
中学生	3
中学年	3
中括弧	3
中間	0
中間管理職	7
中間期	3
中間圏	3
中間財	3
中間搾取	5
中間子	3
中間小説	5
中間色	3
中間選挙	5
中間層	3
中間体	0
中間派	0
中間報告	5
中間法人	5
中期	1
中期国債ファンド	1
中気	0
中休み	3
中宮	3
中級	0
中居	0
中距離	3
中距離核戦力	7
中距離競争	5
中距離競走	5
中京	0
中京間	3
中共	0
中興	0
中近東	3
中空	0
中啓	0
中型	0
中形	0
中景	0
中継	0
中継ぎ	0
中継ぎ貿易	5
中継局	3
中継車	3
中継放送	5
中継貿易	5
中堅	0
中堅企業	5
中堅手	3
中元	0
中原	0
中限	0
中古	0
中古車	3
中古品	0
中口	2
中甲板	3
中紅	4
中項	0
中高	0
中高生	3
中高年	3
中刻	0
中国	1
中国語	0
中国酒	4
中国将棋	5
中国象棋	5
中国人	4
中国地方	5
中国茶	4
中国哲学	6
中国料理	5
中黒	0
中腰	0
中骨	0
中頃	0
中佐	0
中座	0
中細	0
中鷺	0
中皿	0
中山道	3
中産階級	5
中仕	2
中仕切	3
中仕切り	3
中子	2
中指	2
中支	1
中止	0
中止形	0
中止法	0
中次	0
中耳	1
中耳炎	3
中軸	0
中執	0
中杓鷸	5
中手	3
中手骨	3
中州	0
中洲	0
中秋	0
中春	0
中旬	0
中書省	3
中傷	0
中将	1
中小	1
中小企業	5
中小企業診断士	10
中小企業庁	6
中小姓	3
中小性	3
中称	0
中食	0
中心	0
中心街	3
中心核	3
中心角	3
中心人物	5
中心線	0
中心体	0
中心地	3
中心的	0
中心点	3
中心部	3
中新世	3
中神	2
中身	2
中震	0
中人	0
中水道	3
中数	0
中枢	0
中枢神経	5
中枢神経系	0
中枢性	0
中世	1
中世語	0
中世史	3
中性	0
中性塩	3
中性子	3
中性子回折	6
中性子星	5
中性子爆弾	6
中性紙	3
中性脂肪	5
中性洗剤	5
中性微子	5
中正	0
中正面	3
中生	3
中生代	3
中生動物	5
中席	0
中石器時代	6
中積み	0
中折り	0
中折れ	0
中折れ帽子	5
中折帽	4
中折帽子	5
中絶	0
中仙道	3
中選挙区制	0
中蘇	1
中層	0
中足骨	3
中卒	0
中太	0
中退	0
中隊	0
中隊長	3
中台	0
中台八葉院	7
中断	0
中段	0
中値	2
中地震	3
中弛み	0
中中	0
中柱	3
中潮	0
中通り	3
中吊り	0
中低	0
中剃り	0
中底	0
中庭	0
中程	0
中諦	0
中哲	0
中天	0
中店	0
中点	0
中点連結定理	9
中塗	0
中塗り	4
中途	0
中途採用	4
中途半端	4
中砥	0
中度	0
中島	0
中東	0
中等	0
中等学校	5
中等教育	5
中堂	0
中道	0
中毒	1
中毒死	4
中南米	3
中二階	3
中肉	0
中肉中背	0
中日	0
中入	0
中入り	0
中年	0
中年者	0
中年増	3
中納言	3
中脳	0
中農	0
中波	1
中破	1
中背	0
中売り	0
中抜き	4
中判	0
中半	0
中飯	0
中盤	0
中盤戦	0
中飛	0
中表	3
中敷	0
中敷き	0
中部	1
中部地方	4
中風	1
中幅	0
中幅帯	5
中腹	0
中物	0
中分	0
中米	0
中篇	0
中篇小説	5
中編	0
中編小説	5
中保者	3
中坊	0
中帽	0
中墨	2
中幕	2
中味	2
中務省	5
中綿	0
中門	0
中門廊	3
中夜	1
中有	1
中庸	0
中葉	0
中落ち	0
中立	0
中立ち	0
中立国	4
中立主義	5
中立説	4
中立地帯	5
中略	0
中流	0
中量	3
中力粉	4
中呂	1
中労委	3
中廊下	3
中老	0
中肋	0
中和	0
中和熱	3
中刳り盤	0
中夭	0
中胚葉	3
中臈	0
仲	1
仲よし	2
仲違い	3
仲卸	3
仲夏	1
仲介	0
仲介者	3
仲介貿易	5
仲核	0
仲間	3
仲間意識	4
仲間外れ	4
仲間割れ	0
仲間喧嘩	4
仲間受け	0
仲間同士	4
仲間内	0
仲間入り	0
仲居	0
仲兄	0
仲継貿易	5
仲見世	0
仲好し	2
仲好し小好し	2
仲裁	0
仲裁々判	5
仲裁裁定	5
仲裁裁判	5
仲裁人	0
仲仕	2
仲秋	0
仲春	0
仲人	2
仲人口	4
仲値	2
仲直り	3
仲店	0
仲冬	0
仲働き	3
仲買	0
仲買人	0
仲保者	3
仲立	0
仲立ち	0
仲立ち営業	5
仲立営業	5
仲立人	0
仲良し	2
仲良しこよし	2
仲呂	2
宙	1
宙ぶらりん	0
宙乗り	0
宙釣り	0
宙返り	3
忠	1
忠愛	0
忠義	1
忠義立て	0
忠勤	0
忠君	0
忠君愛国	5
忠犬	0
忠言	0
忠孝	0
忠告	0
忠魂	0
忠魂碑	3
忠実	0
忠実やか	2
忠実忠実しい	5
忠実度	4
忠純	0
忠順	0
忠恕	1
忠信	0
忠臣	0
忠誠	0
忠誠心	3
忠節	0
忠僕	0
忠勇	0
忠良	0
忠霊	0
忠霊塔	0
忠烈	0
抽き出し	0
抽せん	0
抽んでる	4
抽出	0
抽出し	0
抽出法	0
抽象	0
抽象化	0
抽象概念	5
抽象芸術	5
抽象性	0
抽象代数学	7
抽象的	0
抽象表現主義	9
抽象名詞	5
抽象論	3
抽水植物	6
抽選	0
抽斗	0
抽匣	0
抽籤	0
昼	2
昼ごはん	3
昼ご飯	3
昼すぎ	0
昼めし	0
昼下がり	3
昼過ぎ	0
昼間	3
昼間人口	5
昼顔	0
昼休み	3
昼御飯	3
昼光	0
昼光色	3
昼行性	0
昼行灯	3
昼頃	3
昼餐	0
昼時	0
昼食	0
昼食会	4
昼寝	0
昼席	0
昼前	3
昼中	0
昼鳶	3
昼日中	3
昼飯	0
昼夜	1
昼夜兼行	1
昼夜帯	4
昼礼	0
昼寐	0
昼餉	0
柱	3
柱間	3
柱時計	4
柱状	0
柱石	0
柱礎	1
柱体	0
柱頭	0
柱暦	4
柱廊	0
注	0
注ぎ口	0
注ぎ込む	4
注ぎ足す	3
注ぐ	0
注す	1
注する	3
注意	1
注意義務	4
注意書	0
注意書き	0
注意深い	5
注意人物	4
注意報	3
注意力	3
注解	0
注解者	3
注記	1
注口	0
注視	0
注射	0
注射液	3
注射器	3
注釈	0
注進	0
注水	0
注疏	1
注疎	1
注入	0
注入教育	5
注文	0
注文取り	3
注文書	0
注文生産	5
注文先	0
注文品	0
注目	0
注油	0
注連	2
注連飾	3
注連飾り	3
注連縄	0
虫	0
虫えい	0
虫かご	0
虫けら	0
虫ず	0
虫とり	4
虫の音	0
虫の息	4
虫の知らせ	0
虫よけ	0
虫ピン	0
虫曳虻	5
虫押え	3
虫下し	3
虫害	0
虫干し	0
虫眼鏡	3
虫気	0
虫魚	1
虫喰い	0
虫酸	0
虫刺され	3
虫歯	0
虫取り	4
虫取り網	4
虫除け	0
虫食い	0
虫食い歯	3
虫食む	3
虫垂	0
虫垂炎	3
虫送り	3
虫唾	0
虫媒	0
虫媒花	3
虫売り	0
虫部	1
虫封じ	3
虫腹	0
虫偏	0
虫薬	3
虫様突起	5
虫卵	0
虫篭	0
虫籠	0
虫籠窓	4
虫螻	0
虫鰈	3
衷情	0
衷心	0
註	0
註する	3
註解	0
註記	1
註釈	0
註疏	1
註文	0
酎	1
酎ハイ	0
鋳る	1
鋳貨	1
鋳塊	0
鋳掛	0
鋳掛け	0
鋳掛け屋	0
鋳掛屋	0
鋳金	0
鋳型	0
鋳鋼	0
鋳込	0
鋳込み	0
鋳込む	2
鋳造	0
鋳潰す	0
鋳鉄	0
鋳物	0
鋳物師	3
鋳片	0
駐まる	3
駐英	0
駐機場	0
駐在	0
駐在員	3
駐在所	0
駐車	0
駐車場	0
駐独	1
駐屯	0
駐日	0
駐仏	0
駐兵	0
駐米	0
駐留	0
駐留軍	3
駐輪	0
駐輪場	0
樗	0
樗才	0
樗材	0
猪	3
猪の子	0
猪牙舟	3
猪垣	2
猪口	1
猪口才	3
猪子	1
猪狩	0
猪狩り	0
猪首	1
猪独活	3
猪突	1
猪突猛進	1
猪豚	0
猪鍋	0
猪武者	5
猪勇	0
猪苓	0
苧	2
苧環	2
苧実	1
苧麻	2
著	1
著しい	5
著す	3
著する	3
著わす	3
著作	0
著作家	0
著作権	3
著作権法	4
著作者	3
著作者人格権	8
著作集	3
著作物	3
著者	1
著述	0
著述家	0
著述業	3
著書	1
著大	0
著聞	0
著名	0
著名人	2
著明	0
著莪	1
貯え	3
貯える	4
貯まる	0
貯める	0
貯め込む	3
貯金	0
貯金通帳	4
貯金箱	2
貯水	0
貯水槽	2
貯水池	2
貯水量	2
貯蔵	0
貯蔵庫	2
貯炭	0
貯蓄	0
貯蓄銀行	4
貯蓄保険	4
貯木	0
貯留	0
丁	1
丁々発止	5
丁と	1
丁卯	0
丁銀	0
丁合	0
丁合い	0
丁子	1
丁子油	3
丁字	1
丁字形	0
丁字桜	4
丁字帯	0
丁字定規	4
丁字路	3
丁種	1
丁重	0
丁数	3
丁石	1
丁稚	0
丁稚奉公	4
丁丁	1
丁丁発止	5
丁定規	3
丁度	0
丁酉	0
丁寧	1
丁寧語	0
丁年	0
丁半	1
丁番	0
丁付け	0
丁目	3
丁夜	1
丁髷	0
丁髷物	0
兆	1
兆し	0
兆す	2
兆候	0
兆民	0
凋む	0
凋れる	0
凋残	0
凋落	0
喋々喃々	0
喋くる	3
喋り	3
喋り捲る	0
喋る	2
喋喋喃喃	0
寵	1
寵愛	0
寵幸	0
寵児	1
寵臣	0
寵姫	1
寵物	0
帖	1
帳	1
帳元	0
帳合	0
帳消し	0
帳場	3
帳場格子	4
帳尻	0
帳台	3
帳台構	5
帳台構え	5
帳票	0
帳付け	0
帳簿	0
帳本人	3
帳幕	0
帳面	3
帳面面	0
庁	1
庁舎	1
弔い	0
弔い合戦	5
弔い上げ	0
弔う	3
弔する	3
弔意	1
弔慰	1
弔慰金	0
弔歌	1
弔花	1
弔旗	1
弔客	0
弔祭	0
弔詞	0
弔事	1
弔辞	0
弔銃	0
弔鐘	0
弔電	0
弔文	0
弔砲	0
弔問	0
弔問客	3
張	1
張り	0
張りあげる	4
張りつく	3
張りつける	4
張りぼて	0
張りめぐらす	5
張り詰める	4
張り見世	0
張り合い	0
張り合う	3
張り合わせる	5
張り込み	0
張り込む	3
張り札	0
張り子	0
張り子の虎	0
張り紙	0
張り手	0
張り出	0
張り出し	0
張り出す	3
張り巡らす	5
張り上げる	4
張り切る	3
張り扇	3
張り替え	0
張り替える	4
張り店	0
張り渡す	4
張り倒す	4
張り抜き	0
張り番	0
張り飛ばす	4
張り付く	3
張り付ける	4
張り裂ける	4
張る	0
張形	0
張見世	0
張袴	3
張合い	0
張札	0
張三李四	5
張子	0
張紙	0
張手	0
張出	0
張出し	0
張出す	3
張替	0
張替え	0
張替える	4
張店	0
張渡す	4
張板	0
張番	0
張付く	3
張付ける	4
張本人	3
張力	1
張裂ける	4
彫	2
彫り	2
彫りつける	0
彫り師	2
彫り上げ	0
彫り上げる	0
彫り付ける	0
彫り物	3
彫り物師	4
彫る	1
彫金	0
彫工	0
彫刻	0
彫刻家	0
彫刻具座	0
彫刻師	3
彫刻室座	0
彫刻刀	0
彫師	2
彫上げ	0
彫心鏤骨	0
彫塑	1
彫像	0
彫琢	0
彫付ける	0
彫物	3
彫物師	4
徴	0
徴す	0
徴する	3
徴候	0
徴収	0
徴集	0
徴証	0
徴税	0
徴発	0
徴表	0
徴兵	0
徴兵忌避	5
徴兵検査	5
徴兵制	0
徴募	1
徴用	0
懲しめる	4
懲らしめ	0
懲らしめる	4
懲らす	2
懲りる	2
懲り懲り	3
懲悪	0
懲戒	0
懲戒処分	5
懲戒免職	5
懲治監	3
懲罰	1
懲罰委員会	6
懲役	0
挑む	2
挑戦	0
挑戦者	3
挑戦状	0
挑発	0
挑発的	0
挑撥	0
暢気	1
暢達	0
朝	1
朝々暮々	5
朝ごはん	3
朝ご飯	3
朝っぱら	0
朝っ腹	0
朝な朝な	4
朝な夕な	4
朝ぼらけ	0
朝まだき	3
朝もや	3
朝一	2
朝雲暮雨	5
朝恩	0
朝家	1
朝霞	3
朝賀	1
朝会	0
朝寒	0
朝刊	0
朝顔	2
朝顔貝	4
朝帰り	3
朝起き	2
朝議	1
朝菌	0
朝駆け	0
朝熊黄楊	3
朝型	0
朝稽古	3
朝憲	0
朝見	0
朝御飯	3
朝貢	0
朝三暮四	5
朝参り	3
朝市	2
朝酒	0
朝焼	0
朝焼け	0
朝食	0
朝寝	2
朝寝坊	3
朝臣	1
朝政	0
朝鮮	3
朝鮮語	0
朝鮮鐘	3
朝鮮人参	5
朝鮮朝顔	6
朝鮮蛤	6
朝鮮鮒	5
朝鮮文字	5
朝鮮民主主義人民共和国	3
朝鮮料理	5
朝霜	0
朝朝暮暮	5
朝潮	0
朝廷	0
朝敵	0
朝湯	2
朝曇り	0
朝凪	0
朝日	1
朝日影	3
朝飯	0
朝飯前	5
朝晩	1
朝風	2
朝風呂	0
朝服	0
朝方	0
朝霧	2
朝霧草	0
朝明け	0
朝野	1
朝夕	1
朝陽	0
朝来	1
朝立ち	0
朝涼	0
朝令暮改	0
朝礼	0
朝練	0
朝露	2
朝靄	0
朝餉	0
潮	2
潮の目	0
潮位	1
潮煙	3
潮音	0
潮花	0
潮解	0
潮干	3
潮干狩	3
潮干狩り	3
潮間	0
潮間帯	0
潮気	3
潮汲み	3
潮境	3
潮合い	0
潮差	1
潮際河豚	5
潮時	0
潮汐	0
潮汐表	0
潮汐摩擦	5
潮煮	0
潮汁	4
潮招	3
潮招き	3
潮焼け	0
潮吹き	3
潮吹貝	4
潮垂れる	0
潮水	2
潮先	0
潮前河豚	5
潮騒	0
潮足	0
潮待ち	4
潮津波	3
潮入り	0
潮風	2
潮風呂	0
潮目	0
潮流	0
潮溜まり	3
潮溜り	3
潮力	1
潮力発電	5
潮路	0
町	2
町はずれ	3
町医者	0
町域	0
町育ち	3
町営	0
町屋	0
町家	0
町駕篭	0
町駕籠	0
町会	0
町外れ	3
町角	0
町議	1
町議会	3
町議会議員	6
町筋	0
町工場	3
町衆	2
町人	0
町人物	0
町制	0
町政	0
町石	1
町石卒塔婆	5
町村	1
町村合併	5
町村制	0
町中	0
町長	1
町奴	3
町道場	3
町内	1
町内会	3
町並	0
町並み	0
町歩	1
町奉行	3
町方	0
町民	0
町娘	3
町名	0
町役場	3
町役人	3
町立	0
眺め	3
眺めやる	0
眺める	3
眺め回す	0
眺め遣る	0
眺望	0
眺望権	3
聴える	0
聴き込む	3
聴き耳	0
聴き取り	0
聴き取る	3
聴き手	0
聴き入る	3
聴く	0
聴こえる	0
聴す	2
聴音	1
聴音器	3
聴音機	3
聴覚	1
聴覚障害者	7
聴覚中枢	5
聴許	1
聴講	0
聴講生	3
聴罪	0
聴視	1
聴耳	0
聴者	1
聴取	1
聴取り	0
聴取る	3
聴取者	3
聴手	0
聴衆	0
聴従	0
聴神経	3
聴診	0
聴診器	3
聴入る	3
聴牌	0
聴斑	1
聴聞	0
聴聞会	3
聴力	1
脹よか	2
脹らか	2
脹らかす	0
脹らし粉	0
脹らす	0
脹らせる	0
脹らみ	0
脹らむ	0
脹ら脛	3
脹れ	0
脹れっ面	0
脹れぼったい	5
脹れる	0
脹れ上がる	5
脹れ上る	5
脹満	1
脹脛	3
腸	1
腸がん	1
腸カタル	3
腸チフス	3
腸液	1
腸炎	1
腸炎ビブリオ	6
腸管	0
腸管膜	3
腸間膜	3
腸癌	1
腸詰	0
腸詰め	0
腸詰め菌	0
腸詰菌	0
腸結核	3
腸香	0
腸骨	1
腸石	1
腸線	0
腸腺	0
腸内	1
腸内細菌	5
腸捻転	3
腸閉塞	3
腸壁	0
腸満	1
腸鰓類	3
蝶	1
蝶々	1
蝶々魚	3
蝶つがい	3
蝶ネクタイ	3
蝶貝	1
蝶形骨	3
蝶形弁	4
蝶結び	3
蝶鮫	1
蝶蝶	1
蝶蝶魚	3
蝶斑	1
蝶番	3
蝶番い	3
蝶目	0
調	1
調う	3
調える	4
調べ	3
調べなおす	5
調べる	3
調べ革	3
調べ車	4
調べ上げる	0
調べ帯	4
調べ直す	5
調べ物	0
調印	0
調印式	3
調音	0
調音器官	6
調教	0
調教師	3
調弦	0
調光	0
調号	0
調合	0
調査	1
調査官	3
調剤	0
調子	0
調子づく	4
調子はずれ	4
調子外れ	4
調子者	0
調子笛	4
調子付く	4
調子物	0
調書	1
調色	0
調色板	0
調進	0
調性	0
調整	0
調製	0
調製粉乳	5
調節	0
調節遺伝子	6
調節卵	4
調速機	4
調達	0
調停	0
調停委員会	6
調停離婚	5
調度	0
調度品	0
調波	1
調馬	0
調馬師	3
調髪	0
調伏	0
調味	1
調味料	3
調薬	0
調理	1
調理師	3
調理人	0
調理台	0
調律	0
調律師	4
調略	0
調練	1
調和	0
調和数列	4
調和平均	4
諜す	1
諜者	1
諜報	0
超	1
超える	0
超す	0
超ひも理論	4
超ウラン元素	6
超越	0
超越関数	5
超越主義	5
超越数	4
超越的	0
超越論的	0
超越論的意識	9
超越論的観念論	11
超遠心機	5
超音速	3
超音速機	5
超音速流	6
超音速旅客機	9
超音波	3
超音波洗浄	6
超音波探傷器	8
超過	0
超過勤務	4
超過勤務手当	7
超過保険	4
超過利潤	4
超回復	3
超海洋	3
超格子	3
超巨星	3
超勤	0
超弦理論	5
超現実主義	7
超現実的	0
超限	0
超光速	3
超高圧送電	7
超高真空	5
超高層	3
超高速	3
超高速度	5
超高速度撮影	8
超合金	3
超克	0
超国家主義	6
超自我	3
超自然	3
超自然主義	6
超常	0
超常現象	5
超常的	0
超心理学	5
超新星	3
超人	0
超人的	0
超絶	0
超然	0
超然内閣	5
超俗	0
超対称性	0
超大国	3
超脱	0
超短波	3
超伝導	3
超電導	3
超党派	3
超特急	3
超能力	3
超紐理論	4
超凡	0
超満員	3
超訳	0
超流動	3
超弩級	0
跳ね	2
跳ねかける	0
跳ねっ返り	0
跳ねのける	4
跳ねる	2
跳ね回る	4
跳ね掛ける	0
跳ね起きる	4
跳ね橋	0
跳ね除ける	4
跳ね上がり	0
跳ね上がる	4
跳ね上げる	4
跳ね上り	0
跳ね馬	2
跳ね飛ばす	4
跳ね返す	3
跳ね返り	0
跳ね返る	3
跳び	1
跳びつく	3
跳びはねる	4
跳び越える	4
跳び越す	3
跳び回る	4
跳び掛かる	4
跳び降りる	4
跳び出す	3
跳び出る	3
跳び上がる	4
跳び乗る	3
跳び退く	3
跳び跳ねる	4
跳び箱	0
跳び板	0
跳び付く	3
跳ぶ	0
跳る	3
跳越す	3
跳回る	4
跳鼠	3
跳虫	2
跳兎	3
跳馬	0
跳箱	0
跳板	0
跳付く	3
跳躍	0
跳躍力	4
跳梁	0
跳梁跋扈	5
跳鯊	0
銚子	0
長	1
長々	0
長々しい	5
長い	2
長いす	0
長き	1
長ける	2
長さ	1
長しえ	0
長じる	0
長ずる	0
長たらしい	5
長ったらしい	6
長っ細い	5
長っ尻	0
長ねぎ	0
長の	1
長びく	3
長め	0
長らえる	4
長らく	2
長ジバン	3
長ジュバン	3
長ズボン	3
長椅子	0
長芋	0
長引く	3
長雨	0
長唄	0
長円	0
長煙管	3
長押	0
長屋	0
長音	1
長音階	3
長音符	3
長家	0
長歌	0
長火鉢	3
長角	1
長角果	4
長巻	0
長官	0
長患い	3
長閑	1
長期	1
長期化	0
長期間	3
長期記憶	4
長期金利	4
長期国債	4
長期手形	4
長期信用銀行	8
長期戦	0
長亀	0
長久	0
長球	0
長居	1
長距離	3
長距離競走	5
長距離電話	5
長享	0
長銀	0
長躯	1
長駆	1
長靴	0
長兄	0
長径	0
長月	2
長剣	0
長元	0
長元坊	3
長呼	1
長弧	1
長袴	1
長鼓	1
長広舌	3
長江	0
長考	0
長講	0
長講一席	0
長骨	1
長座	0
長細い	4
長崎	2
長崎奉行	5
長四角	3
長姉	1
長子	1
長詩	1
長持	2
長持ち	3
長時間	3
長軸	0
長者	0
長者貝	3
長者番付	4
長蛇	1
長尺	0
長手	0
長寿	1
長春花	3
長所	1
長薯	0
長女	1
長上	0
長尻	4
長身	0
長身痩躯	5
長辛螺	0
長針	0
長須鯨	4
長水路	3
長征	0
長生	0
長生き	4
長逝	0
長石	1
長槍	0
長足	0
長続き	3
長袖	0
長打	1
長大	0
長大息	3
長嘆	0
長歎	0
長短	1
長男	1
長談義	3
長談議	3
長着	0
長虫	2
長丁場	3
長調	1
長長	3
長長しい	5
長追い	0
長汀	0
長汀曲浦	5
長途	1
長刀	0
長湯	0
長頭	0
長道	2
長日月	3
長日植物	6
長葱	0
長年	0
長波	1
長髪	0
長半径	3
長板	0
長煩い	3
長尾鶏	3
長尾鳥	3
長鼻	1
長鼻類	3
長風呂	0
長物	0
長吻虻	0
長文	0
長柄	0
長篇	0
長篇小説	5
長編	0
長編み	0
長編小説	5
長辺	1
長母音	3
長方形	3
長方体	0
長命	0
長鳴き	0
長目	0
長夜	1
長幼	0
長螺	0
長旅	0
長路	2
長老	0
長老教会	5
長和	0
長話	3
長熨斗	0
長簀鯨	0
長翅目	3
長襦袢	0
長跪	1
頂	0
頂き	0
頂き物	0
頂く	0
頂ける	0
頂芽	1
頂角	1
頂上	3
頂上会談	5
頂戴	3
頂戴物	0
頂端細胞	5
頂点	1
頂辺	3
頂門の一針	0
鳥	0
鳥かご	0
鳥の子	0
鳥の子紙	4
鳥の子色	0
鳥の子餅	4
鳥もち	0
鳥威し	3
鳥餌	3
鳥影	1
鳥屋	1
鳥貝	2
鳥兜	3
鳥観図	3
鳥寄せ	0
鳥居	0
鳥撃ち	0
鳥甲	3
鳥刺	4
鳥刺し	4
鳥刺し竿	4
鳥刺竿	4
鳥獣	0
鳥獣保護区	6
鳥銃	0
鳥小屋	0
鳥食蜘蛛	5
鳥人	0
鳥葬	0
鳥打ち	0
鳥打ち帽	4
鳥打帽	4
鳥追	3
鳥追い	3
鳥追い歌	3
鳥追歌	3
鳥渡	1
鳥頭	3
鳥曇	3
鳥曇り	3
鳥鍋	0
鳥肉	0
鳥媒花	3
鳥肌	0
鳥飯	0
鳥盤類	3
鳥糞石	3
鳥偏	0
鳥捕蜘蛛	5
鳥網	0
鳥目	0
鳥竜茶	3
鳥龍茶	3
鳥類	1
鳥篭	0
鳥瞰	0
鳥瞰図	3
鳥瞰的	0
鳥籠	0
鳥黐	0
勅	1
勅意	1
勅額	0
勅勘	0
勅願	0
勅願寺	0
勅許	1
勅語	0
勅祭	0
勅祭社	3
勅裁	0
勅使	0
勅使門	3
勅旨	1
勅書	1
勅宣	0
勅撰	0
勅撰集	3
勅撰和歌集	6
勅選	0
勅選集	3
勅題	0
勅答	0
勅任	0
勅任官	3
勅筆	0
勅命	0
勅問	0
勅諭	0
勅令	0
勅諚	0
捗々しい	5
捗る	3
捗捗しい	5
直	1
直々	0
直き	1
直ぐ	1
直ぐに	1
直ぐ様	1
直し	3
直し物	0
直す	2
直ちに	1
直と	2
直に	1
直ばき	0
直る	2
直衣	1
直隠し	0
直営	0
直円錐	3
直円柱	3
直往	0
直往邁進	0
直押しに	0
直音	2
直下	1
直下型地震	6
直火	0
直覚	0
直覚的	0
直角	0
直角プリズム	6
直角座標	5
直角三角形	7
直角二等辺三角形	12
直滑降	3
直轄	0
直感	0
直感的	0
直観	0
直観像	3
直観的	0
直間比率	5
直帰	0
直球	0
直近	0
直径	0
直系	0
直系血族	6
直系尊属	5
直系卑属	5
直撃	0
直撃弾	4
直結	0
直言	0
直言歌	4
直後	1
直交	0
直交座標	5
直向	0
直向き	0
直航	0
直行	0
直根	0
直鎖	1
直参	0
直視	1
直示	1
直射	0
直謝り	3
直取引	3
直叙	1
直焼き	0
直上	0
直情	0
直情径行	0
直臣	0
直進	0
直人	0
直垂れ	0
直税	0
直接	0
直接教授法	7
直接行動	5
直接照明	5
直接証拠	5
直接正犯	5
直接請求	5
直接税	4
直接選挙	5
直接的	0
直接投資	5
直接費	4
直接分裂	5
直接法	0
直接民主制	0
直接目的語	0
直接話法	5
直説法	4
直穿き	0
直線	0
直線コース	5
直線運動	5
直線距離	5
直線的	0
直銭形	0
直閃石	3
直前	0
直訴	1
直奏	0
直走り	0
直走る	4
直走路	3
直送	0
直足袋	0
直属	0
直達	0
直段	0
直談	0
直談判	3
直中	2
直腸	0
直腸がん	3
直腸癌	3
直腸脱	3
直長	0
直直	0
直通	0
直弟子	0
直伝	0
直刀	0
直答	0
直読	0
直配	0
直売	0
直販	0
直披	0
直筆	0
直噴ディーゼル	5
直方体	0
直面	0
直毛	0
直訳	0
直輸	0
直輸出	3
直輸入	3
直覧	0
直履	0
直履き	0
直立	0
直立猿人	5
直立茎	4
直立不動	0
直流	0
直留	0
直列	0
直路	1
直話	0
直喩	0
直截	0
直諫	0
朕	1
沈々	0
沈みこむ	4
沈み込む	4
沈む	0
沈め	0
沈める	0
沈下	0
沈魚落雁	1
沈金	0
沈吟	0
沈降	0
沈降海岸	5
沈香	1
沈子	2
沈思	1
沈思黙考	1
沈水海岸	5
沈水植物	6
沈酔	0
沈静	0
沈積	0
沈積岩	4
沈潜	0
沈滞	0
沈着	0
沈丁花	3
沈沈	0
沈痛	0
沈溺	0
沈殿	0
沈殿物	3
沈澱	0
沈澱物	3
沈没	0
沈埋工法	5
沈黙	0
沈黙交易	5
沈勇	0
沈倫	0
沈鬱	0
珍	1
珍しい	4
珍しがる	5
珍らしい	4
珍案	0
珍果	1
珍花	1
珍菓	1
珍貨	1
珍器	1
珍奇	1
珍稀	1
珍貴	1
珍客	0
珍魚	1
珍芸	0
珍語	0
珍肴	0
珍至梅	3
珍事	1
珍種	0
珍寿	0
珍什	0
珍獣	0
珍重	0
珍書	1
珍籍	0
珍説	0
珍膳	0
珍蔵	0
珍談	0
珍鳥	0
珍答	0
珍品	0
珍物	0
珍糞漢	3
珍糞漢糞	5
珍紛漢	3
珍紛漢紛	5
珍聞	0
珍宝	0
珍本	0
珍味	1
珍味佳肴	1
珍妙	0
珍無類	1
珍名	0
珍問	0
珍優	0
賃下げ	0
賃金	1
賃金カット	5
賃金格差	5
賃金水準	5
賃金体系	5
賃金率	3
賃銀	1
賃仕事	3
賃借	0
賃借り	0
賃借権	4
賃借人	0
賃上げ	0
賃銭	1
賃貸	0
賃貸し	0
賃貸借	3
賃貸人	0
賃餅	1
賃料	3
鎮	1
鎮まる	3
鎮め	0
鎮める	0
鎮め物	0
鎮圧	0
鎮火	0
鎮護	1
鎮護国家	4
鎮魂	0
鎮魂歌	3
鎮魂曲	3
鎮魂祭	3
鎮座	1
鎮子	1
鎮守	0
鎮守社	3
鎮守府	3
鎮星	0
鎮静	0
鎮静剤	3
鎮台	0
鎮痛	0
鎮痛剤	3
鎮痛薬	3
鎮定	0
鎮撫	1
鎮木	1
鎮痙剤	3
鎮痙薬	3
陳こびる	4
陳ねこびる	4
陳ねる	2
陳べる	2
陳謝	1
陳述	0
陳述副詞	5
陳情	0
陳皮	0
陳腐	1
陳奮翰	3
陳弁	0
陳列	0
陳列室	4
陳列窓	5
陳列台	0
陳列棚	4
陳列品	0
津	1
津々	0
津々浦々	4
津液	1
津津	0
津津浦浦	1
津波	0
津波警報	4
津波地震	4
津波予報	4
津免多貝	3
津浪	0
墜ちる	2
墜つ	1
墜子	2
墜死	0
墜落	0
椎	1
椎の木	1
椎間板	0
椎間板ヘルニア	8
椎骨	1
椎茸	1
槌	2
槌の子	0
槌鯨	3
槌骨	1
追々	0
追いかける	4
追いこす	3
追いすがる	4
追いたてる	4
追いつく	3
追いつめる	4
追いはぎ	0
追いまくる	4
追いまわす	4
追いやる	3
追い羽根	0
追い越し	0
追い越す	3
追い回す	4
追い掛ける	4
追い詰める	4
追い求める	5
追い駆ける	4
追い撃ち	0
追い捲くる	4
追い捲る	4
追い遣る	3
追い込み	0
追い込む	3
追い散らす	4
追い手	0
追い出し	0
追い出す	3
追い上げる	4
追い炊き	0
追い銭	0
追い打ち	0
追い着く	3
追い追い	0
追い討ち	0
追い剥ぎ	0
追い抜き	0
追い抜く	3
追い肥	0
追い付く	3
追い風	0
追い腹	0
追い払い	3
追い払う	4
追い焚き	0
追い返す	3
追い落し	0
追い落とし	0
追い落とす	4
追い立て	0
追い立てる	4
追い縋る	4
追う	0
追っかけ	0
追っかける	4
追っつく	3
追って	0
追って書き	0
追っぱらう	4
追っ掛け	0
追っ掛ける	4
追っ手	0
追っ着く	3
追っ付く	3
追っ付け	0
追っ払う	4
追ん出す	3
追羽根	0
追羽子	0
追越す	3
追憶	0
追加	0
追加予算	4
追河	0
追回す	4
追懐	0
追掛ける	4
追刊	0
追完	0
追記	0
追起訴	3
追及	0
追求	0
追求める	5
追究	0
追窮	0
追給	0
追啓	0
追撃	0
追撃戦	0
追行	0
追号	0
追散らす	4
追試	0
追試験	4
追而	0
追而書	0
追而書き	0
追手	0
追従	0
追従笑い	5
追出	0
追出し	0
追伸	0
追申	0
追随	0
追跡	0
追跡調査	5
追善	0
追善供養	5
追善興行	5
追訴	1
追想	0
追走	0
追送	0
追送検	3
追贈	0
追体験	3
追着く	3
追弔	0
追徴	0
追徴金	0
追追	0
追悼	0
追悼会	3
追討	0
追突	0
追認	0
追納	0
追白	0
追抜く	3
追肥	0
追尾	1
追付く	3
追風	0
追福	0
追腹	0
追複曲	4
追払う	4
追分	0
追分節	0
追焚き	0
追捕	1
追補	1
追慕	1
追放	0
追立てる	4
追録	0
追儺	0
痛	1
痛々しい	5
痛い	2
痛い痛い病	0
痛がる	3
痛し痒し	4
痛ましい	4
痛み	3
痛みわけ	0
痛み止め	0
痛み入る	4
痛み分け	0
痛む	2
痛めつける	5
痛める	3
痛め付ける	5
痛飲	0
痛快	0
痛覚	0
痛感	0
痛苦	1
痛撃	0
痛言	0
痛恨	0
痛手	0
痛心	0
痛惜	0
痛切	0
痛打	1
痛嘆	0
痛歎	0
痛痛しい	5
痛点	1
痛罵	1
痛風	0
痛分	0
痛憤	0
痛棒	0
痛烈	0
痛論	0
痛哭	0
痛痒	0
通	1
通い	0
通い詰める	5
通い合う	4
通い婚	3
通い船	4
通い帳	0
通い箱	2
通い路	3
通う	0
通がる	3
通し	3
通し狂言	4
通し切符	4
通し番号	4
通し矢	3
通じ	0
通じて	0
通じる	0
通じ合う	4
通す	1
通ずる	0
通せん坊	3
通ぶる	3
通り	3
通りがかり	0
通りすがり	0
通りすがる	5
通りぬける	5
通り一遍	6
通り雨	4
通り越す	4
通り過ぎる	5
通り掛かり	0
通り掛かる	5
通り掛け	0
通り掛り	0
通り言葉	4
通り合わせる	6
通り相場	4
通り道	3
通り抜け	0
通り抜ける	5
通り物	0
通り魔	3
通り名	3
通る	1
通院	0
通運	0
通園	0
通貨	1
通貨供給量	6
通貨収縮	4
通貨政策	4
通貨同盟	4
通貨膨張	4
通過	0
通過駅	3
通過儀礼	4
通過貿易	4
通解	0
通学	0
通学生	3
通学路	4
通巻	0
通観	0
通貫	0
通関	0
通期	1
通気	0
通気孔	0
通気性	0
通級	0
通暁	0
通勤	0
通勤手当	5
通計	0
通語	0
通交	0
通好	0
通航	0
通行	0
通行券	3
通行権	3
通行止	0
通行止め	0
通行手形	5
通行上	0
通行人	0
通行税	3
通行本	0
通告	0
通婚	0
通産省	3
通産相	3
通算	0
通史	1
通紙	1
通詞	1
通事	1
通時言語学	6
通時的	0
通辞	1
通釈	0
通商	0
通商航海条約	9
通商産業省	7
通商産業大臣	9
通商条約	5
通称	0
通常	0
通常国会	5
通常戦力	5
通常選挙	5
通常兵器	5
通常葉書	5
通信	0
通信の秘密	0
通信員	3
通信衛星	5
通信機関	5
通信機器	5
通信教育	5
通信工学	5
通信事業	5
通信社	3
通信販売	5
通信文	3
通信簿	3
通信網	3
通信理論	5
通人	0
通性	0
通性嫌気性細菌	10
通説	0
通船	0
通奏低音	5
通草	0
通則	0
通俗	0
通俗化	0
通俗小説	5
通俗的	0
通達	0
通知	0
通知書	0
通知状	0
通知票	0
通知表	0
通知簿	3
通帳	0
通牒	0
通底	0
通電	0
通読	0
通年	0
通念	1
通函	2
通箱	3
通販	0
通風	0
通風機	3
通物	0
通分	0
通弊	0
通弁	1
通報	0
通宝	0
通謀	0
通名	0
通夜	1
通約	0
通訳	1
通訳官	4
通訳人	0
通有	0
通有性	0
通用	0
通用期間	6
通用口	3
通用門	3
通覧	0
通力	1
通例	0
通路	1
通論	0
通話	0
塚	2
塚穴	0
塚造	3
栂	0
栂椹	3
掴まえる	0
掴まる	0
掴み	3
掴みあう	4
掴み掛かる	5
掴み合う	4
掴み取り	0
掴み取る	4
掴み出す	4
掴み所	0
掴み投げ	0
掴む	2
槻	0
槻欅	3
佃煮	0
漬かる	0
漬く	0
漬け	2
漬けっ放し	0
漬ける	0
漬け込む	3
漬け菜	0
漬け汁	0
漬け焼き	0
漬け物	0
漬る	0
漬込む	3
漬焼	0
漬焼き	0
漬物	0
漬物屋	0
漬麺	0
柘	2
柘植	0
柘榴	1
柘榴石	3
辻	0
辻々	2
辻駕籠	0
辻強盗	3
辻君	0
辻芸	0
辻講釈	3
辻札	2
辻斬り	0
辻自動車	4
辻社	3
辻説法	3
辻占	0
辻相撲	3
辻待ち	0
辻辻	2
辻店	0
辻堂	0
辻馬車	0
辻噺	3
辻番	0
辻風	2
辻褄	0
蔦	0
蔦葛	3
蔦紅葉	3
蔦漆	3
蔦蔓	3
蔦蘿	3
綴	3
綴じる	2
綴じ蓋	0
綴じ合せる	0
綴じ合わせる	0
綴じ込み	0
綴じ込む	0
綴じ糸	2
綴じ針	3
綴じ代	0
綴じ本	0
綴じ目	3
綴じ暦	3
綴り	3
綴り合せる	6
綴り合わせる	6
綴り字	0
綴り方	4
綴る	0
綴れ錦	4
綴れ織り	0
綴込む	4
綴糸	2
綴字	0
綴方	0
綴暦	3
鍔	1
鍔音	0
鍔迫り合い	3
椿	1
椿事	1
椿寿	1
椿象	2
椿説	0
椿庭	0
椿桃	1
椿堂	1
椿餅	3
椿油	4
潰え	0
潰える	3
潰し値段	4
潰し島田	4
潰し餡	0
潰す	0
潰れる	0
潰走	0
潰崩	0
潰滅	0
潰乱	0
潰瘍	0
坪	0
坪数	3
坪庭	0
坪当たり	3
坪量	2
紬	0
紬糸	4
爪	0
爪だに	0
爪の垢	5
爪印	0
爪羽鶏	3
爪音	0
爪牙	1
爪蛙	3
爪革	0
爪冠	3
爪繰る	3
爪痕	0
爪車	3
爪跡	0
爪切	3
爪切り	3
爪先	0
爪先下がり	5
爪先上がり	5
爪先上り	5
爪先立つ	5
爪弾き	3
爪弾く	3
爪半月	3
爪皮	0
爪糞	0
爪楊枝	3
爪立ち	0
爪立つ	3
爪繞	0
吊し	0
吊し柿	3
吊し上げ	0
吊し上げる	5
吊し責め	0
吊す	0
吊り	0
吊り屋根	0
吊り下がる	4
吊り下げる	4
吊り革	0
吊り環	0
吊り橋	0
吊り戸棚	3
吊り行灯	3
吊り手	0
吊り出し	0
吊り出す	3
吊り書き	0
吊り床	0
吊り鐘	0
吊り上がる	4
吊り上げ	0
吊り上げる	4
吊り棚	0
吊り天井	3
吊り灯籠	3
吊り目	0
吊り落し	0
吊り落とし	0
吊り輪	0
吊り籠	0
吊る	0
吊るし雲	4
吊るし柿	3
吊るし上げ	0
吊るし上げる	5
吊るし責め	0
吊るす	0
吊虻	0
吊花	0
吊革	0
吊環	0
吊橋	0
吊書	0
吊書き	0
吊上げ	0
吊輪	0
釣	0
釣ざお	0
釣られる	0
釣り	0
釣りざお	0
釣り餌	0
釣り下がる	4
釣り下げる	4
釣り花	0
釣り柿	2
釣り革	0
釣り釜	0
釣り竿	0
釣り球	0
釣り橋	0
釣り具	0
釣り戸棚	3
釣り行灯	3
釣り合い	0
釣り合う	3
釣り込まれる	5
釣り込む	3
釣り師	2
釣り糸	0
釣り手	0
釣り舟	0
釣り出す	3
釣り書	0
釣り書き	0
釣り床	0
釣り鐘	0
釣り鐘草	0
釣り鐘虫	4
釣り上がる	4
釣り上げ	0
釣り上げる	4
釣り場	0
釣り針	0
釣り人	0
釣り船	0
釣り銭	0
釣り台	0
釣り棚	0
釣り天井	3
釣り殿	0
釣り灯籠	3
釣り道具	3
釣り堀	0
釣り籠	0
釣り鉤	0
釣る	0
釣餌	0
釣下げる	4
釣果	1
釣革	0
釣釜	0
釣竿	0
釣魚	1
釣橋	0
釣具	0
釣戸棚	3
釣行灯	3
釣合	0
釣合い	0
釣合う	3
釣込む	3
釣師	2
釣糸	0
釣舟	0
釣書	0
釣書き	0
釣鐘	0
釣鐘草	0
釣上げ	0
釣上げる	4
釣針	0
釣船	0
釣銭	0
釣台	0
釣殿	0
釣道具	3
釣瓶	0
釣瓶打ち	0
釣瓶落とし	4
釣堀	0
釣鉤	0
鶴	1
鶴の子餅	4
鶴亀	1
鶴亀算	4
鶴座	0
鶴首	1
鶴嘴	2
亭	1
亭々	0
亭午	0
亭主	1
亭主関白	4
亭亭	0
低い	2
低まる	3
低める	3
低圧	0
低位	1
低温	0
低温殺菌	5
低音	0
低音部	3
低音部記号	6
低下	0
低回	0
低回趣味	5
低開発国	6
低学年	3
低額	0
低気圧	3
低級	0
低教会	3
低金利	3
低金利政策	6
低吟	0
低空	0
低空飛行	5
低血圧	4
低血圧症	0
低血糖	3
低減	0
低語	0
低山帯	0
低姿勢	3
低脂肪乳	4
低次元	3
低湿	0
低周波	3
低処	1
低所	1
低唱	0
低障碍	3
低成長	3
低声	0
低層	0
低速	0
低俗	0
低体温法	5
低地	0
低潮	0
低調	0
低賃金	3
低度	1
低糖	0
低頭	0
低頭平身	0
低能	0
低脳	0
低物価	3
低辺	1
低迷	0
低木	0
低目	0
低翼	0
低落	0
低利	1
低率	0
低劣	0
低廉	0
低徊	0
低徊趣味	5
停まる	2
停める	0
停会	0
停学	0
停止	0
停止線	0
停車	0
停車場	0
停職	0
停戦	0
停船	0
停滞	0
停滞前線	5
停電	0
停頓	0
停年	0
停泊	0
停留	0
停留所	0
停留場	0
停留睾丸	5
偵察	0
偵察機	4
偵察飛行	5
偵知	1
剃り上げる	0
剃り跡	0
剃り落とす	0
剃る	1
剃刀	3
剃刀菜	4
剃刀触	5
剃刀負	0
剃髪	0
剃立て	0
貞	1
貞永	0
貞観時代	5
貞観殿	3
貞潔	0
貞淑	0
貞女	1
貞節	0
貞操	0
貞操帯	0
貞婦	1
貞烈	0
貞和	0
呈す	1
呈する	3
呈示	0
呈出	0
呈上	0
呈色	0
堤	1
堤出	0
堤防	0
定か	1
定まり	0
定まる	3
定め	3
定めし	2
定めて	2
定めない	4
定める	3
定め無い	4
定圧	0
定位	1
定位置	3
定員	0
定温	0
定温動物	5
定価	0
定価表	0
定家葛	4
定火消	3
定火消し	3
定格	0
定額	0
定額貯金	5
定額保険	5
定滑車	3
定冠詞	3
定款	0
定期	1
定期刊行物	6
定期券	3
定期試験	5
定期取引	4
定期昇給	4
定期乗車券	6
定期戦	0
定期船	0
定期的	0
定期入れ	3
定期便	0
定期保険	4
定期預金	4
定規	1
定規座	0
定義	1
定義域	3
定詰	0
定詰め	0
定休	0
定休日	3
定業	0
定型	0
定型詩	3
定形	0
定形外郵便物	9
定形郵便物	7
定見	0
定言	0
定言的	0
定言的三段論法	11
定言的判断	7
定言命法	5
定向進化	5
定刻	0
定時	1
定時制	0
定時性	0
定式	0
定収入	3
定住	0
定宿	0
定昇	0
定常	0
定常状態	5
定常波	3
定植	0
定職	0
定食	0
定数	3
定性	0
定性分析	5
定席	0
定石	0
定跡	0
定説	0
定旋律	3
定礎	1
定礎式	3
定則	0
定足数	4
定置	0
定置漁業	4
定置網	3
定着	0
定着液	4
定点	1
定点観測	5
定動詞	3
定年	0
定年制	0
定番	0
定盤	0
定評	0
定法	0
定本	0
定命	0
定木	1
定紋	0
定訳	0
定理	1
定律	0
定率	0
定立	0
定量	0
定量分析	5
定例	0
定例会	3
定連	0
定論	0
帝	0
帝位	1
帝威	1
帝王	3
帝王学	3
帝王神権説	7
帝王切開	5
帝京	0
帝業	0
帝国	0
帝国議会	5
帝国主義	5
帝国大学	5
帝座	1
帝室	0
帝釈	0
帝釈天	3
帝政	0
帝大	0
帝展	1
帝都	1
帝徳	0
帝日	0
帝廟	0
帝命	0
帝揚羽	4
帝陵	0
帝闕	0
底	0
底なし	0
底意	0
底意地	0
底意地悪い	6
底引き網	4
底引網	4
底曳き網	4
底曳網	4
底荷	0
底角	1
底革	0
底割れ	0
底寒い	4
底気味わるい	6
底気味悪い	6
底魚	0
底堅い	4
底光り	3
底止	0
底質	0
底上げ	0
底深い	4
底数	3
底生生物	5
底積み	0
底層水	3
底値	0
底知れず	0
底土	0
底豆	0
底入れ	0
底抜け	0
底辺	1
底本	0
底無し	0
底面	1
底流	0
底力	3
底冷え	0
底翳	0
庭	0
庭いじり	3
庭園	0
庭下駄	0
庭火	0
庭球	0
庭訓	0
庭見草	3
庭口	0
庭仕事	3
庭師	2
庭漆	3
庭常	0
庭石	0
庭石菖	3
庭先	0
庭先相場	5
庭前	0
庭内	1
庭梅	2
庭番	0
庭木	0
庭木戸	0
庭柳	3
庭弄り	3
庭燎	0
廷臣	0
廷丁	0
廷内	1
廷吏	1
弟	4
弟々子	4
弟御	4
弟子	2
弟子入り	0
弟切草	0
弟弟子	4
弟姫	2
弟分	4
弟妹	0
弟矢	2
悌順	0
抵抗	0
抵抗運動	5
抵抗感	3
抵抗器	3
抵抗率	3
抵抗力	3
抵触	0
抵当	0
抵当権	3
抵当保険	5
抵当流れ	5
抵牾	3
挺す	1
挺する	3
挺銀	0
挺身	0
挺身隊	0
挺進	0
挺進隊	0
提	0
提げ	2
提げる	4
提げ重	2
提げ重箱	3
提案	0
提起	1
提議	1
提供	0
提琴	0
提携	0
提言	0
提子	0
提示	1
提示部	3
提重箱	3
提出	0
提唱	0
提訴	1
提題	0
提灯	3
提灯行列	5
提灯持	3
提灯持ち	3
提灯鮟鱇	5
提燈	3
提督	0
提要	0
提喩	0
梯	2
梯形	0
梯姑	0
梯梧	0
梯子	0
梯子車	3
梯子酒	3
梯子乗り	3
梯子段	0
梯団	0
汀	0
汀渚	1
汀線	0
碇	0
碇綱	3
碇草	0
碇泊	0
程	0
程々	0
程なく	2
程遠い	0
程近い	4
程経て	3
程好い	3
程合い	3
程朱学	3
程程	0
程度	0
程度副詞	4
程度問題	4
程無く	3
程良い	3
程良く	3
締まらない	3
締まり	1
締まり屋	0
締まり雪	3
締まる	2
締め	2
締めくくり	0
締めくくる	4
締めつけ	0
締めつける	4
締めて	1
締める	2
締め括り	0
締め括る	0
締め技	0
締め金	0
締め高	2
締め込み	0
締め込む	0
締め殺す	4
締め鯖	2
締め出し	0
締め出す	0
締め焼き	0
締め上げる	4
締め切り	0
締め切り日	4
締め切る	3
締め太鼓	3
締め直す	4
締め付け	0
締め付ける	4
締り	1
締り屋	0
締り雪	3
締技	0
締結	0
締高	2
締込	0
締込み	0
締出し	0
締切	0
締切り	0
締切る	3
締切日	4
締付	0
締付け	0
締付ける	4
締盟	0
締約	0
艇	1
艇庫	1
艇首	1
艇身	0
艇長	1
訂する	3
訂正	0
諦め	0
諦める	4
諦観	0
諦念	0
蹄	0
蹄行性	0
蹄叉	1
蹄鉄	0
逓減	0
逓次	1
逓信	0
逓信省	3
逓送	0
逓増	0
逓伝	0
邸	3
邸宅	0
邸内	1
鄭重	0
鄭声	0
釘	0
釘づけ	0
釘隠	3
釘隠し	3
釘頭	0
釘抜き	3
釘付け	0
鼎	0
鼎坐	0
鼎座	0
鼎談	0
鼎立	0
泥	2
泥いじり	3
泥だらけ	3
泥の木	3
泥はね	0
泥まみれ	3
泥む	2
泥よけ	0
泥んこ	0
泥火山	3
泥海	0
泥灰岩	3
泥絵	2
泥絵の具	3
泥岩	1
泥亀	0
泥靴	2
泥沙	1
泥砂	1
泥仕合	3
泥試合	3
泥臭い	4
泥舟	0
泥除け	0
泥沼	0
泥障	3
泥状	0
泥深い	4
泥人形	3
泥水	0
泥水稼業	5
泥酔	0
泥船	0
泥塑	1
泥足	2
泥炭	0
泥炭地	3
泥炭土	3
泥中	0
泥跳ね	0
泥田	0
泥塗れ	3
泥土	1
泥道	2
泥縄	0
泥板岩	3
泥坊	0
泥棒	0
泥棒根性	5
泥棒猫	5
泥目	0
泥柳	3
泥流	0
泥路	2
泥弄り	3
泥濘	0
泥濘む	3
泥濘る	0
泥鏝	0
泥鰌	0
摘まみ	0
摘まみ菜	0
摘まみ出す	4
摘まみ食い	0
摘まみ物	0
摘まむ	0
摘み	0
摘み菜	0
摘み取る	3
摘み食い	0
摘み洗い	4
摘み草	0
摘み物	0
摘む	0
摘果	0
摘芽	0
摘記	1
摘取	1
摘出	0
摘心	0
摘芯	0
摘入	0
摘発	0
摘要	0
摘録	0
擢んでる	4
敵	0
敵う	2
敵意	1
敵営	0
敵影	0
敵王	0
敵艦	0
敵機	1
敵軍	0
敵国	0
敵視	1
敵失	0
敵社	1
敵手	1
敵襲	0
敵将	0
敵城	0
敵情	0
敵状	0
敵陣	0
敵勢	0
敵性	0
敵前	0
敵対	0
敵弾	0
敵地	1
敵中	0
敵討	3
敵討ち	3
敵同士	4
敵飛	1
敵兵	0
敵方	0
敵本主義	5
敵味方	0
敵役	0
敵塁	0
敵愾心	3
滴	3
滴し	3
滴り	0
滴る	3
滴下	0
滴定	0
滴滴	0
的	0
的はずれ	3
的屋	0
的外れ	3
的確	0
的射	2
的場	0
的鯛	0
的中	0
的矢	0
笛	0
笛座	0
笛吹	3
笛吹き	4
笛鯛	2
笛柱	3
適	1
適う	2
適える	3
適す	2
適する	3
適に	0
適応	0
適応機制	5
適応症	0
適応性	0
適応放散	5
適温	0
適格	0
適格者	4
適確	0
適期	1
適宜	1
適業	0
適合	0
適材	0
適材適所	5
適作	0
適時	1
適時打	3
適者	1
適者生存	1
適所	1
適職	0
適性	0
適性検査	5
適正	0
適正価格	5
適切	0
適地	1
適中	0
適度	1
適当	0
適任	0
適任者	3
適否	1
適評	0
適不適	1
適法	0
適法手続	6
適法性	0
適役	0
適薬	0
適訳	0
適用	0
適量	0
適例	0
適齢	0
適齢期	3
鏑	0
鏑矢	3
溺れる	0
溺れ死に	0
溺愛	0
溺死	0
溺死者	3
溺死体	0
哲学	2
哲学史	4
哲学者	3
哲学的	0
哲人	0
哲理	1
徹す	1
徹する	0
徹マン	0
徹見	0
徹甲弾	3
徹宵	0
徹底	0
徹底的	0
徹頭徹尾	5
徹夜	0
撤回	0
撤去	1
撤収	0
撤退	0
撤頭徹尾	5
撤廃	0
撤兵	0
轍	1
轍叉	1
轍鮒	1
鉄	0
鉄かぶと	3
鉄ちり	0
鉄のカーテン	4
鉄の肺	0
鉄亜鈴	3
鉄火	0
鉄火巻	0
鉄火巻き	0
鉄火場	0
鉄火味噌	4
鉄火丼	4
鉄塊	0
鉄格子	3
鉄兜	3
鉄管	0
鉄管ビール	5
鉄器	1
鉄器時代	4
鉄球	0
鉄魚	1
鉄橋	0
鉄琴	0
鉄筋	0
鉄筋コンクリート	8
鉄屑	0
鉄血	0
鉄剣	0
鉄拳	0
鉄拳制裁	5
鉄工	0
鉄工所	0
鉄工場	0
鉄甲	3
鉄鉱	0
鉄鉱石	3
鉄鋼	0
鉄鋼業	3
鉄骨	0
鉄鎖	1
鉄細菌	3
鉄剤	2
鉄材	0
鉄柵	0
鉄索	0
鉄傘	0
鉄山	2
鉄刺	1
鉄尺	0
鉄十字勲章	6
鉄渋	0
鉄重石	3
鉄床	0
鉄床雲	5
鉄条網	3
鉄色	0
鉄心	0
鉄心石腸	0
鉄人	0
鉄製	0
鉄石	0
鉄石心	4
鉄石心腸	0
鉄扇	0
鉄泉	0
鉄線	0
鉄窓	0
鉄則	0
鉄柱	0
鉄槌	0
鉄鎚	2
鉄挺	0
鉄塔	0
鉄道	0
鉄道橋	0
鉄道馬車	5
鉄道便	0
鉄道網	3
鉄鍋	0
鉄鉢	0
鉄板	0
鉄板焼き	0
鉄扉	1
鉄菱	0
鉄筆	0
鉄瓶	0
鉄敷	0
鉄敷き	0
鉄分	2
鉄粉	0
鉄平石	3
鉄壁	0
鉄片	0
鉄砲	0
鉄砲魚	3
鉄砲玉	0
鉄砲水	3
鉄砲弾	0
鉄砲虫	3
鉄砲百合	3
鉄砲風呂	0
鉄砲和え	0
鉄帽	0
鉄棒	0
鉄棒引き	3
鉄無地	0
鉄面皮	3
鉄葉	0
鉄輪	0
鉄路	1
鉄聾	3
鉄腕	0
鉄屎	0
鉄梃	0
鉄漿	0
鉄漿蜻蛉	5
鉄炮	0
鉄鏃	0
典	1
典雅	1
典拠	1
典型	0
典型的	0
典故	1
典獄	0
典座	0
典侍	1
典籍	0
典則	0
典範	0
典物	0
典薬	0
典礼	0
典麗	0
填まりこむ	4
填まり込む	4
填まり役	0
填まる	0
填める	0
填め込む	3
填り込む	4
填り役	0
填詞	0
填星	0
填補	1
填料	0
天	1
天かす	0
天が下	1
天こ盛	0
天こ盛り	0
天つ	1
天つゆ	0
天の河	3
天の原	3
天の邪鬼	3
天の川	3
天びん	0
天ぷら	0
天位	1
天威	1
天意	1
天為	1
天衣	1
天衣無縫	1
天井	0
天井画	0
天井桟敷	5
天井値	3
天井知らず	5
天井抜け	0
天井板	3
天井裏	0
天井棧敷	5
天一	0
天一神	4
天一太郎	5
天一天上	5
天引き	0
天瓜粉	3
天運	0
天雲	0
天延	0
天王	3
天王山	3
天王星	0
天恩	0
天下	1
天下ご免	1
天下り	0
天下る	0
天下一	1
天下一品	1
天下御免	1
天下国家	1
天下取り	3
天下晴れて	1
天下太平	1
天下泰平	1
天下布武	1
天下分け目	1
天下無双	1
天河	1
天火	1
天花	1
天花粉	3
天華	1
天蛾	3
天界	0
天外	0
天涯	0
天涯孤独	0
天涯地角	5
天蓋	0
天冠	1
天官	0
天漢	0
天眼	0
天眼鏡	0
天眼通	0
天顔	0
天喜	1
天機	1
天気	1
天気雨	3
天気概況	3
天気記号	4
天気祭	4
天気祭り	4
天気図	3
天気予報	4
天泣	0
天球	0
天球儀	3
天球座標	5
天牛	4
天魚	0
天業	0
天金	0
天狗	0
天狗茸	3
天狗風	3
天狗話	4
天狗蝙蝠	4
天空	0
天空海闊	0
天空海濶	0
天刑	0
天刑病	0
天啓	0
天恵	0
天慶	0
天険	0
天元	0
天減	0
天候	0
天候相場	5
天工	0
天皇	3
天皇旗	3
天皇機関説	6
天皇制	0
天皇誕生日	7
天皇杯	3
天皇陛下	5
天降り	0
天降る	0
天国	1
天才	0
天才児	3
天才的	0
天災	0
天災地変	5
天際	0
天産	0
天産物	3
天蚕	0
天蚕糸	0
天使	1
天子	1
天糸瓜	0
天資	1
天賜	1
天爾遠波	0
天耳通	3
天竺	1
天竺葵	5
天竺牡丹	5
天竺楽	4
天竺鼠	5
天竺鯛	4
天竺木綿	5
天竺浪人	5
天軸	1
天質	1
天赦日	3
天社蛾	4
天邪鬼	3
天邪久	3
天爵	0
天主	1
天主教	0
天守	1
天守閣	3
天手古舞	4
天手古舞い	4
天寿	1
天授	1
天汁	0
天重	0
天助	1
天女	1
天承	0
天象	0
天象儀	3
天上	0
天上界	3
天上川	3
天上天下	5
天壌	0
天壌無窮	0
天職	1
天色	0
天心	0
天真	0
天真爛漫	0
天神	0
天神七代	6
天神地祇	5
天神地祗	5
天神髭	3
天神髷	3
天人	1
天人鳥	0
天水	0
天水桶	5
天性	1
天成	0
天晴	3
天晴れ	3
天正	0
天正カルタ	5
天正大判	5
天生	0
天声	0
天仙果	2
天然	0
天然ウラン	5
天然ガス	5
天然ゴム	5
天然記念物	6
天然資源	5
天然自然	0
天然色	3
天然染料	5
天然繊維	5
天然痘	0
天祖	1
天鼠	1
天窓	0
天草	0
天則	0
天測	0
天孫	0
天孫降臨	0
天体	0
天体観測	5
天体座標	5
天体写真	5
天体物理学	7
天体望遠鏡	0
天体力学	6
天体暦	3
天袋	0
天台	0
天台宗	3
天台神道	5
天地	1
天地開闢	1
天地玄黄	1
天地神明	1
天地人	3
天地創造	1
天地無用	1
天柱	0
天朝	0
天聴	0
天長	0
天長節	3
天長地久	0
天頂	0
天頂儀	3
天頂距離	5
天津	1
天帝	0
天底	0
天敵	0
天動説	3
天堂	1
天童	1
天道	1
天道乾	0
天道干し	0
天道虫	3
天徳	0
天南星	3
天日	0
天日塩	4
天馬	1
天秤	0
天秤宮	3
天秤座	0
天秤棒	0
天罰	1
天罰覿面	1
天板	0
天婦羅	0
天府	1
天父	1
天賦	1
天賦人権	1
天部	1
天福	0
天分	0
天文	0
天文学	3
天文学者	5
天文学的数字	0
天文航法	5
天文時計	5
天文台	0
天文単位	5
天文博士	5
天文方	0
天聞	0
天兵	0
天平	0
天平尺	3
天変	0
天変地異	5
天変地異説	6
天辺	3
天遍	0
天保	0
天保暦	3
天鳳	1
天魔	1
天幕	1
天満宮	3
天命	0
天明	0
天明調	0
天面	0
天網	0
天目	0
天目山	4
天目台	0
天門冬	3
天佑	0
天佑神助	5
天祐	0
天与	1
天養	0
天来	0
天雷	0
天覧	0
天覧相撲	5
天理	1
天理教	0
天竜八部衆	7
天龍八部衆	7
天領	1
天狼星	3
天禄	0
天和	1
天丼	0
天滓	0
天稟	0
天籟	0
天翔ける	4
天翔る	4
天蠍宮	4
天誅	0
天譴	0
天鵝絨	3
天鵞絨	3
天麩羅	0
展く	2
展げる	0
展開	0
展開図	3
展観	0
展示	0
展示会	3
展示室	3
展示場	0
展性	0
展転	0
展転反側	0
展墓	1
展望	0
展望車	3
展望台	0
展覧	0
展覧会	3
店	2
店じまい	3
店印	0
店員	0
店屋	2
店屋物	0
店卸	0
店卸し	0
店開き	3
店構え	3
店晒し	0
店仕舞	3
店仕舞い	3
店子	0
店借り	0
店主	1
店是	1
店請け	0
店先	0
店前	0
店棚	2
店蜘蛛	0
店長	1
店賃	2
店頭	0
店頭株	3
店頭取引	5
店内	1
店番	0
店閉まい	3
店舗	1
店鋪	1
店名	0
店立	0
店立て	0
添い臥し	0
添い歯	0
添い寝	0
添い遂げる	4
添い星	0
添う	0
添える	0
添え字	0
添え書き	0
添え状	0
添え乳	0
添え物	2
添え木	0
添わせる	3
添加	0
添加物	3
添景	0
添削	0
添字	0
添書	0
添乗	0
添乗員	3
添寝	0
添水	0
添星	0
添乳	0
添付	1
纏いつく	4
纏い付く	4
纏う	2
纏まり	0
纏まる	0
纏め	0
纏める	0
纏め役	0
纏る	2
纏わりつく	3
纏わり付く	5
纏わる	3
纏足	0
纏頭	0
纏縛	0
纏綿	0
纏繞	0
甜菜	0
甜茶	0
甜麺醤	3
貼りつく	3
貼りつける	4
貼り合わせる	5
貼り札	0
貼り紙	0
貼り出し	0
貼り出す	3
貼り替える	4
貼り付く	3
貼り付け	0
貼り付ける	4
貼る	0
貼紙	0
貼替える	4
貼付	1
貼付く	3
貼付け	0
転	1
転々	0
転がし	0
転がし釣	0
転がし釣り	0
転がす	0
転がり込む	5
転がり落ちる	6
転がる	0
転ける	0
転げる	0
転げ回る	5
転げ込む	4
転げ落ちる	5
転じて	4
転じる	0
転ずる	0
転た寝	0
転てつ機	4
転ばす	0
転び	0
転び寝	0
転ぶ	0
転ぷく	0
転めく	3
転位	1
転移	1
転移ＲＮＡ	9
転移酵素	4
転移巣	3
転院	0
転音	0
転化	0
転化糖	0
転嫁	1
転科	0
転回	0
転柿	2
転学	0
転換	0
転換期	3
転換社債	5
転換炉	3
転機	1
転記	0
転義	1
転居	1
転居先	0
転業	0
転勤	0
転筋	0
転句	0
転呼音	3
転向	0
転校	0
転座	0
転載	0
転作	0
転質	0
転写	0
転写紙	3
転借	0
転手	1
転住	0
転出	0
転職	0
転寝	0
転身	0
転進	0
転針	0
転成	0
転生	0
転石	0
転籍	0
転折	0
転戦	0
転送	0
転属	0
転貸	0
転貸借	3
転宅	0
転地	0
転置	1
転注	0
転調	0
転轍	0
転轍機	4
転轍手	4
転転	0
転倒	0
転入	0
転任	0
転売	0
転部	0
転封	0
転覆	0
転変	0
転補	1
転法輪	3
転法輪堂	0
転用	0
転落	0
転炉	1
転路器	3
転訛	1
転軫	1
顛倒	0
顛覆	0
顛末	0
顛落	0
点	0
点々	0
点く	1
点けっぱなし	0
点けっ放し	0
点ける	2
点じる	0
点す	0
点ずる	0
点てる	2
点る	2
点火	0
点火プラグ	4
点火器	3
点火栓	0
点火薬	3
点画	0
点眼	0
点眼水	3
点景	0
点穴	0
点検	0
点呼	1
点光源	3
点差	0
点在	0
点字	0
点字ブロック	5
点耳薬	0
点者	1
点取り	4
点取り虫	4
点出	0
点鐘	0
点心	1
点水	0
点数	3
点線	0
点前	2
点袋	3
点茶	0
点着	0
点綴	0
点滴	0
点灯	0
点灯管	0
点頭	0
点頭く	3
点播	1
点鼻薬	3
点描	0
点棒	0
点本	0
点滅	0
点滅器	4
点薬	0
点訳	0
点睛	0
伝	2
伝い歩き	0
伝う	0
伝え	0
伝える	0
伝え聞く	0
伝わる	0
伝家	1
伝奇	1
伝奇小説	4
伝奇的	0
伝記	0
伝言	0
伝言板	0
伝写	0
伝手	2
伝受	1
伝授	1
伝習	0
伝書鳩	4
伝唱	0
伝承	0
伝承文学	5
伝世	0
伝声	0
伝声管	0
伝説	0
伝染	0
伝染性	0
伝染性紅斑	7
伝染病	0
伝線	0
伝奏	0
伝送	0
伝送路	3
伝達	0
伝単	0
伝統	0
伝統工芸	5
伝統主義	5
伝統的	0
伝統的論理学	9
伝動	0
伝導	0
伝導率	3
伝道	0
伝道師	3
伝道者	3
伝播	1
伝馬	0
伝馬船	0
伝搬	0
伝票	0
伝聞	0
伝法	0
伝法肌	3
伝法灌頂	5
伝来	0
伝来語	0
伝令	0
伝令ＲＮＡ	10
伝録	0
伝誦	0
殿	1
殿宇	1
殿下	1
殿閣	0
殿軍	0
殿原	2
殿御	2
殿舎	1
殿上	0
殿上人	3
殿中	1
殿堂	0
殿方	0
殿様	0
殿様育ち	5
殿様蛙	5
殿様芸	4
殿様仕事	5
殿様商売	5
殿様蝗虫	5
殿楼	0
澱	1
澱み	0
澱む	2
澱粉	0
澱粉質	3
田	1
田の神	1
田の面	1
田ぼ	1
田んぼ	0
田鰻	2
田雲雀	2
田園	0
田園詩	3
田園詩人	5
田園都市	5
田苑	0
田家	1
田芥	2
田芥子	2
田楽	0
田楽刺し	0
田楽焼	0
田楽焼き	0
田楽豆腐	5
田楽返し	5
田楽法師	5
田計里	1
田作	0
田作り	2
田鴫	0
田舎	0
田舎くさい	5
田舎っ兵衛	4
田舎びる	4
田舎みそ	4
田舎めく	4
田舎家	3
田舎回り	4
田舎間	3
田舎気質	4
田舎蕎麦	4
田舎言葉	4
田舎侍	4
田舎芝居	4
田舎者	0
田舎臭い	5
田舎大尽	4
田舎道	3
田舎風	0
田舎兵衛	4
田舎味噌	4
田舎訛り	4
田守	1
田所	2
田薯	0
田諸子	2
田沼時代	4
田植	3
田植え	3
田植え歌	3
田植え祭り	4
田植え踊り	4
田紳	0
田畝	1
田租	1
田鼠	2
田荘	2
田打ち	3
田代芋	3
田代薯	3
田地	1
田虫	0
田長鳥	3
田鶴	1
田畑	1
田畠	1
田夫	1
田夫野人	1
田平子	0
田偏	1
田圃	1
田野	1
田遊	2
田遊び	2
田螺	1
田鳧	1
田鵑	3
田鷸	0
田麩	1
田鼈	0
電	0
電しんばしら	5
電圧	0
電圧計	0
電位	1
電位計	0
電位差	3
電化	0
電荷	1
電荷結合素子	8
電解	0
電解コンデンサー	7
電解液	3
電解質	3
電解槽	3
電界	0
電界効果トランジスタ	11
電器	1
電機	1
電機子	3
電気	1
電気かみそり	4
電気こんろ	4
電気アイロン	4
電気ギター	4
電気ショック療法	7
電気スタンド	5
電気ストーブ	5
電気ドリル	4
電気ブラン	4
電気メス	4
電気椅子	3
電気陰性度	6
電気鰻	4
電気泳動	4
電気屋	0
電気化学	4
電気解離	4
電気回路	4
電気釜	3
電気器具	4
電気機関車	5
電気工	0
電気工学	4
電気時計	4
電気自動車	5
電気水母	4
電気炊飯器	6
電気生理学	6
電気石	3
電気洗濯機	7
電気双極子	6
電気掃除機	6
電気代	0
電気蓄音機	6
電気通信	4
電気剃刀	4
電気抵抗	4
電気伝導	4
電気伝導率	6
電気分解	4
電気盆	3
電気毛布	4
電気容量	4
電気溶接	4
電気量	3
電気力線	4
電気冷蔵庫	6
電気炉	3
電気焜炉	4
電気鯰	4
電休	0
電球	0
電極	0
電極電位	5
電喰	0
電撃	0
電撃的	0
電鍵	0
電顕	0
電源	0
電源コード	5
電源開発	5
電源車	3
電光	0
電光ニュース	5
電光掲示板	0
電光石火	5
電光朝露	5
電工	0
電算	0
電算機	3
電子	1
電子オルガン	4
電子スピン共鳴	7
電子デバイス	5
電子ボルト	4
電子マネー	4
電子メール	4
電子レンジ	4
電子レンズ	4
電子雲	3
電子音	3
電子音楽	4
電子殻	3
電子楽器	4
電子管	0
電子機器	4
電子掲示板	0
電子計算機	6
電子顕微鏡	0
電子光学	4
電子工学	4
電子写真	4
電子手帳	4
電子銃	3
電子出版	4
電子図書館	5
電子戦	0
電子線	0
電子素子	4
電子対	3
電子伝達系	0
電子郵便	4
電視	1
電磁	0
電磁気	3
電磁気学	4
電磁場	3
電磁石	3
電磁相互作用	7
電磁単位	4
電磁波	3
電磁誘導	4
電磁力	3
電車	0
電車賃	3
電車道	3
電鐘	0
電場	0
電情	0
電飾	0
電食	0
電信	0
電信為替	5
電信機	3
電信柱	5
電請	0
電線	0
電装品	0
電送	0
電卓	0
電探	0
電池	1
電蓄	0
電着	0
電柱	0
電鋳	0
電停	0
電鉄	0
電灯	0
電灯線	0
電動	0
電動機	3
電動式	0
電熱	0
電熱器	4
電脳	0
電波	1
電波銀河	4
電波探知器	6
電波探知機	6
電波天体	4
電波天文学	6
電波望遠鏡	0
電波料	3
電文	0
電報	0
電報為替	5
電報料	3
電命	1
電離	0
電離圏	3
電離層	3
電離箱	3
電流	0
電流計	0
電力	1
電力会社	5
電力計	0
電力量	4
電鈴	0
電炉	1
電路	1
電話	0
電話ボックス	4
電話機	3
電話局	3
電話交換機	6
電話交換手	6
電話口	3
電話室	3
電話線	0
電話帳	0
電話番号	4
電話料	3
電纜	0
兎	0
兎にも角にも	1
兎に角	1
兎の毛	1
兎も角	1
兎も角も	1
兎角	0
兎欠	0
兎結び	4
兎口	0
兎座	0
兎児尾苗	5
兎耳	3
兎狩り	0
兎小屋	0
兎唇	1
兎跳び	0
兎肉	0
兎馬	3
兎網	3
兎脣	0
兎蝙蝠	4
吐かす	3
吐きけ	3
吐き下し	0
吐き棄てる	4
吐き気	3
吐き散らす	0
吐き捨てる	0
吐き出す	3
吐き薬	3
吐く	1
吐気	3
吐血	0
吐根	0
吐剤	0
吐散らす	0
吐出	0
吐息	0
吐乳	0
吐物	0
吐薬	3
吐露	1
吐瀉	1
塗	0
塗す	2
塗り	0
塗りたくる	4
塗りつける	4
塗りつぶす	4
塗り隠す	4
塗り下駄	0
塗り絵	0
塗り笠	3
塗り固める	5
塗り込む	3
塗り込める	4
塗り替える	4
塗り潰す	4
塗り箸	3
塗り板	0
塗り付ける	4
塗り物	0
塗り壁	0
塗り薬	3
塗り立て	0
塗り立てる	4
塗る	0
塗れる	0
塗絵	0
塗笠	3
塗固める	5
塗工	0
塗擦	0
塗擦剤	3
塗装	0
塗替える	4
塗炭	0
塗炭の苦しみ	8
塗板	1
塗布	1
塗布剤	2
塗物	0
塗壁	0
塗抹	0
塗薬	3
塗油	1
塗立て	0
塗料	1
塗篭	0
塗籠	0
妬く	0
妬ける	0
妬ましい	4
妬み	3
妬む	2
妬心	0
屠る	2
屠殺	0
屠所	1
屠所の羊	1
屠場	0
屠蘇	1
屠蘇機嫌	3
屠蘇散	2
屠畜場	0
屠腹	0
徒	2
徒ならぬ	4
徒に	0
徒めく	3
徒ら	0
徒らに	0
徒花	0
徒競走	2
徒金	0
徒刑	0
徒言	0
徒言歌	4
徒広い	5
徒行	0
徒罪	0
徒桜	3
徒士衆	2
徒士組	0
徒死	1
徒事	0
徒侍	3
徒爾	1
徒者	0
徒手	1
徒手空拳	1
徒手体操	3
徒書き	0
徒渉	0
徒食	0
徒人	0
徒然	0
徒疎か	4
徒組	0
徒卒	1
徒弟	0
徒弟制度	4
徒党	0
徒輩	0
徒費	1
徒歩	1
徒名	0
徒毛	0
徒労	0
斗	1
斗形	2
斗酒	1
斗組	0
斗組み	0
斗掻き星	3
斗南	1
斗枡	0
杜	0
杜宇	1
杜衡	3
杜氏	1
杜若	3
杜松	1
杜絶	0
杜撰	0
杜仲	0
杜父魚	0
杜漏	0
杜鵑	1
杜鵑花	2
杜鵑草	0
渡し	0
渡し込み	0
渡し守	3
渡し守り	3
渡し舟	4
渡し場	0
渡し船	4
渡し銭	3
渡し賃	3
渡し箸	3
渡す	0
渡り	0
渡り烏	4
渡り蟹	3
渡り間	0
渡り合う	4
渡り者	0
渡り初め	0
渡り鳥	3
渡り殿	0
渡り箸	4
渡り板	4
渡り歩く	5
渡り奉公	4
渡り廊下	4
渡る	0
渡烏	4
渡英	0
渡欧	0
渡河	1
渡海	0
渡蟹	3
渡御	1
渡航	0
渡守	3
渡渉	0
渡場	0
渡世	1
渡世人	0
渡船	0
渡船場	0
渡中	0
渡殿	0
渡唐	0
渡独	0
渡日	0
渡仏	0
渡米	0
渡洋	0
渡来	0
渡来人	2
渡鴉	4
登り	0
登りつめる	5
登り下り	3
登り詰める	5
登り口	3
登り坂	0
登り切る	4
登り竜	3
登る	0
登院	0
登園	0
登科	1
登記	1
登記所	0
登記簿	3
登極	0
登舷礼	3
登校	0
登校拒否	5
登高	0
登載	0
登坂	0
登坂車線	3
登山	1
登山家	0
登山靴	2
登山口	2
登山者	2
登山隊	0
登山鉄道	4
登山道	2
登司	1
登城	0
登場	0
登場人物	5
登仙	0
登第	0
登壇	0
登庁	0
登頂	0
登板	0
登庸	0
登用	0
登竜門	3
登龍門	3
登臨	0
登楼	0
登録	0
登録商標	5
登攀	0
菟	0
菟葵	3
賭	2
賭け	2
賭ける	2
賭け屋	2
賭け金	2
賭け碁	2
賭け事	2
賭け物	2
賭す	1
賭する	2
賭弓	0
賭事	2
賭射	0
賭場	0
賭博	0
賭物	0
途	1
途子	1
途次	1
途上	0
途上国	2
途切らす	3
途切らせる	4
途切れ	3
途切れる	3
途切れ途切れ	4
途絶	0
途絶える	3
途端	0
途中	0
途中下車	4
途中計時	4
途方	0
都	1
都々一	2
都々逸	2
都て	1
都育ち	4
都営	0
都下	1
都雅	1
都会	0
都会人	2
都会的	0
都議	1
都議会	2
都銀	0
都護	1
都護府	2
都合次第	4
都市	1
都市ガス	0
都市化	0
都市銀行	3
都市計画	3
都市計画税	6
都市工学	3
都市国家	3
都市再開発	5
都市生態学	5
都寺	1
都城	1
都心	0
都人	0
都人士	2
都政	1
都節音階	6
都草	3
都卒	1
都知事	2
都庁	1
都鳥	3
都電	0
都都逸	2
都度	1
都道府県	4
都督	1
都内	1
都入り	0
都風	0
都忘	4
都忘れ	4
都民	1
都民税	2
都邑	1
都落ち	0
都立	1
都鄙	1
鍍金	0
砥ぐ	1
砥の粉	0
砥石	0
砥草	0
砥粉	0
砥糞	0
努	1
努々	0
努む	2
努めて	2
努める	3
努努	0
努力	1
努力家	0
度	2
度々	0
度し難い	4
度する	2
度外れ	2
度外視	2
度肝	3
度胸	1
度胸試し	4
度合	0
度合い	0
度重なる	0
度数	2
度盛り	3
度胆	3
度度	0
度忘	2
度忘れ	2
度量	0
度量衡	2
土	2
土いじり	3
土のう	0
土ぼこり	3
土圧	0
土一揆	3
土雲	0
土煙	3
土下座	0
土塊	0
土蛙	3
土釜	0
土管	0
土間	2
土器	1
土寄せ	0
土気色	0
土橋	0
土偶	0
土栗	2
土圭	0
土建	0
土建業	2
土語	1
土侯	0
土侯国	2
土功	0
土工	0
土豪	0
土根性	2
土佐犬	0
土佐水木	3
土左衛門	0
土砂	1
土砂降り	0
土砂崩れ	3
土産	0
土産物	0
土産話	4
土止め	0
土湿	0
土質	0
土手	0
土手っ腹	0
土臭い	4
土焼き	0
土壌	0
土壌汚染	4
土壌学	2
土色	0
土真ん中	2
土神	0
土人	0
土人形	3
土性骨	0
土星	0
土製	0
土石	0
土石流	3
土船	0
土倉	0
土葬	0
土蔵	0
土蔵づくり	4
土蔵造り	4
土足	0
土俗	1
土俗学	3
土代	0
土台	0
土団子	3
土壇	0
土壇場	0
土地	0
土地改良	3
土地勘	0
土地鑑	0
土地言葉	3
土地収用	3
土地柄	0
土地利用	3
土蜘蛛	0
土着	0
土中	0
土踏まず	3
土豚	0
土鍋	0
土日	0
土嚢	0
土鳩	0
土斑猫	3
土匪	1
土筆	0
土百姓	2
土俵	0
土俵祭り	4
土俵際	0
土俵入り	0
土俵溜まり	4
土瓶	0
土瓶蒸	0
土瓶蒸し	0
土付かず	3
土塀	0
土壁	0
土偏	0
土崩瓦解	0
土方	0
土蜂	2
土民	0
土面	0
土木	1
土木建築	4
土木工学	4
土木工事	4
土遊び	3
土曜	0
土曜日	2
土用	0
土用干し	0
土用休み	4
土用波	2
土窯	0
土窯炭	3
土留め	0
土竜	0
土竜打ち	3
土龍	0
土塁	0
土類金属	4
土鈴	0
土弄り	3
土牢	0
土埃	3
土瀝青	2
土竈	0
土竈炭	3
土茯苓	2
土饅頭	2
奴	1
奴さん	0
奴め	0
奴ら	1
奴原	2
奴凧	4
奴智鮫	2
奴等	1
奴豆腐	4
奴頭	4
奴輩	1
奴髭	3
奴僕	1
奴隷	0
奴隷解放	0
奴隷制度	4
奴隷道徳	4
奴隷貿易	4
奴隷労働	4
奴儕	2
奴婢	1
怒らす	3
怒らせる	4
怒り	3
怒りっぽい	5
怒りん坊	3
怒り狂う	5
怒り肩	3
怒り上戸	4
怒り鼻	3
怒る	2
怒気	1
怒号	0
怒声	0
怒張	0
怒涛	0
怒鳴りつける	5
怒鳴り込む	4
怒鳴り散らす	5
怒鳴り声	4
怒鳴り付ける	5
怒鳴り立てる	5
怒鳴る	2
怒面	0
怒濤	0
倒	0
倒ける	0
倒さ	0
倒さま	0
倒す	2
倒れる	3
倒れ掛かる	5
倒れ掛る	5
倒れ込む	4
倒れ伏す	0
倒影	0
倒壊	0
倒閣	0
倒句	0
倒懸	0
倒語	0
倒錯	0
倒産	0
倒叙	0
倒置	0
倒置法	0
倒潰	0
倒伏	0
倒幕	0
倒木	0
倒様	0
倒立	0
倒立振り子	5
倒立振子	5
党	1
党員	0
党紀	1
党規	1
党議	1
党首	1
党職	1
党人	0
党是	1
党勢	0
党籍	0
党争	0
党則	0
党内	1
党派	1
党派心	3
党閥	0
党費	1
党弊	0
党務	1
党名	0
党利	1
党利党略	1
党略	0
冬	2
冬めく	3
冬葵	3
冬瓜	1
冬瓜子	3
冬越し	0
冬牡丹	3
冬芽	1
冬期	1
冬季	1
冬季オリンピック	7
冬菊	2
冬休み	3
冬空	0
冬型	0
冬型気圧配置	8
冬景色	3
冬月	1
冬枯れ	0
冬向き	0
冬菜	0
冬作	0
冬作物	4
冬桜	3
冬山	0
冬仕度	3
冬支度	3
冬至	0
冬至カボチャ	4
冬至粥	3
冬至線	0
冬至点	3
冬尺	0
冬将軍	3
冬場	0
冬着	0
冬虫夏草	5
冬鳥	2
冬頭	3
冬日	0
冬葱	0
冬服	0
冬物	0
冬北斗	3
冬眠	0
冬眠鼠	0
冬毛	0
冬木	1
冬木立	3
冬隣	3
冬篭り	3
冬籠り	3
冬苺	3
凍える	0
凍え死に	0
凍え死ぬ	4
凍おる	3
凍てつく	4
凍てる	2
凍て解け	0
凍て付く	0
凍みつく	3
凍みる	0
凍み付く	3
凍り	0
凍りつく	4
凍り付く	4
凍り餅	3
凍る	0
凍雨	1
凍解け	0
凍害	0
凍寒	0
凍結	0
凍原	0
凍港	0
凍死	0
凍傷	0
凍石	0
凍土	1
凍豆腐	4
凍瘡	0
凍餒	0
刀	3
刀下	1
刀架	1
刀掛け	3
刀圭	0
刀圭家	0
刀剣	0
刀懸け	3
刀工	0
刀痕	0
刀子	0
刀持ち	3
刀自	1
刀傷	0
刀匠	0
刀身	0
刀刃	0
刀尖	0
刀銭	0
刀鍛冶	3
刀豆	0
刀背	0
刀背打ち	0
刀布	1
刀礼	0
刀疵	3
唐	1
唐の芋	0
唐の昔	1
唐鞍	0
唐衣	3
唐芋	0
唐臼	3
唐音	0
唐歌	2
唐茄子	1
唐菓子	3
唐芥子	3
唐楽	0
唐机	3
唐黍	3
唐錦	3
唐金	0
唐犬	0
唐戸	2
唐胡麻	0
唐胡頽子	0
唐紅	4
唐行き	2
唐菜	0
唐三盆	3
唐傘	0
唐山	0
唐子	0
唐獅子	3
唐糸	0
唐糸草	0
唐紙	0
唐紙障子	5
唐詩	0
唐尺	0
唐手	0
唐縮緬	3
唐薯	0
唐鋤	0
唐鋤星	4
唐松	2
唐辛子	3
唐人	0
唐人稗	3
唐宋音	3
唐草	2
唐草文	4
唐草模様	5
唐竹	0
唐朝	1
唐津焼き	0
唐天竺	3
唐土	1
唐突	0
唐破風	0
唐撫子	4
唐楓	3
唐風	0
唐物	0
唐文字	0
唐変木	3
唐墨	0
唐本	0
唐箕	1
唐名	0
唐木	0
唐門	0
唐揚	0
唐揚げ	0
唐様	0
唐檜	0
唐棕梠	3
唐棕櫚	3
唐棹	0
唐櫃	0
唐茱萸	0
塔	1
塔屋	0
塔中	0
塔頭	0
塔婆	1
島	2
島々	2
島じま	2
島育ち	3
島陰	0
島宇宙	3
島影	0
島寒菊	3
島国	2
島国根性	5
島根	1
島山	0
島司	1
島守	2
島巡り	3
島人	0
島台	2
島中	0
島伝い	3
島田	0
島田髷	3
島島	2
島内	1
島破り	3
島民	0
島流し	3
島嶼	1
島梟	4
悼む	2
悼辞	0
投	1
投かん	0
投げ	2
投げかける	4
投げつける	4
投げやり	0
投げる	2
投げキス	3
投げ下ろす	4
投げ荷	0
投げ掛ける	4
投げ技	0
投げ業	0
投げ遣り	0
投げ合う	3
投げ込む	0
投げ捨てる	0
投げ首	2
投げ出す	0
投げ銭	2
投げ槍	0
投げ打つ	3
投げ倒す	0
投げ縄	0
投げ入れ	0
投げ入れる	4
投げ売り	0
投げ飛ばす	4
投げ付ける	0
投げ物	2
投げ文	0
投げ返す	3
投げ網	0
投げ与える	5
投じる	0
投ずる	0
投影	0
投影図	3
投影図法	5
投影法	0
投下	1
投下ろす	4
投棄	1
投機	1
投機心	3
投機的	0
投技	0
投球	0
投句	0
投光器	3
投光照明	5
投稿	0
投稿者	3
投降	0
投降者	3
投合	0
投合う	3
投獄	0
投資	0
投資家	0
投資銀行	4
投資信託	4
投写	0
投射	0
投捨てる	0
投手	1
投手戦	0
投手板	0
投宿	0
投書	0
投書家	0
投書欄	3
投信	0
投身	0
投石	0
投銭	2
投打	1
投打つ	3
投弾	0
投入	0
投入れ	0
投入産出表	0
投函	0
投票	0
投票区	3
投票者	3
投票日	3
投票箱	3
投票用紙	5
投票率	3
投錨	0
投付ける	0
投物	2
投網	0
投薬	0
投融資	3
投与	1
投了	0
投擲	0
投擲競技	5
搭載	0
搭乗	0
搭乗員	3
搭乗口	3
東	0
東の対	5
東シナ海	5
東ティモール	5
東亜	1
東夷	4
東雲	0
東縁	0
東欧	0
東屋	3
東下り	4
東海	0
東海地方	5
東海道	3
東海道五十三次	3
東学	0
東鑑	4
東岸	0
東宮	3
東宮職	3
東京	0
東京語	0
東京裁判	5
東京大空襲	7
東経	0
東向き	0
東行	0
東郊	0
東国	0
東根笹	4
東司	1
東周	0
東証株価指数	9
東上	0
東浄	0
東進	0
東征	0
東西	1
東西屋	0
東西東西	1
東西南北	5
東遷	0
東漸	0
東側	0
東端	0
東男	4
東天	0
東天紅	3
東都	1
東南	0
東南アジア	5
東南東	0
東日本	5
東半球	4
東彼岸	4
東部	1
東風	2
東壁	0
東方	0
東方教会	5
東北	0
東北地方	5
東北東	0
東北日本	6
東北弁	0
東奔西走	0
東毎	0
東密	0
東名	0
東面	0
東遊	4
東遊び	4
東洋	1
東洋医学	5
東洋学	3
東洋区	3
東洋人	3
東洋段通	5
東洋風	0
東亞	1
東瀛	0
桃	0
桃の節句	0
桃園	0
桃花	1
桃花鳥	1
桃割れ	0
桃源	0
桃源境	0
桃源郷	0
桃山時代	5
桃色	0
桃尻	0
桃李	1
桃林	0
棟	2
棟割長屋	5
棟瓦	3
棟札	2
棟上げ	0
棟上げ式	4
棟木	0
棟梁	1
盗っ人	0
盗み	3
盗み見	0
盗み見る	4
盗み取る	4
盗み出す	4
盗み笑い	4
盗み食い	0
盗み足	3
盗み読み	0
盗み聞き	0
盗む	2
盗る	1
盗汗	0
盗掘	0
盗見	0
盗作	0
盗撮	0
盗視	0
盗取	1
盗心	0
盗人	0
盗人根性	5
盗人上戸	5
盗人猫	5
盗賊	0
盗賊鴎	5
盗聴	0
盗聴器	3
盗電	0
盗難	0
盗難保険	5
盗伐	0
盗犯	0
盗品	0
盗癖	0
盗用	0
盗塁	0
淘る	0
淘汰	1
湯	1
湯あか	3
湯あがり	2
湯あたり	2
湯がく	1
湯けむり	2
湯たんぽ	2
湯でる	2
湯で麺	2
湯のし	3
湯のみ	3
湯の花	1
湯の華	1
湯ぶね	1
湯引く	2
湯飲み	3
湯液	1
湯煙	2
湯屋	2
湯桶	0
湯桶読	0
湯桶読み	0
湯加減	2
湯花	1
湯華	1
湯巻き	3
湯潅	0
湯気	1
湯玉	0
湯具	1
湯元	3
湯口	1
湯垢	3
湯治	0
湯治場	0
湯煮	2
湯取り飯	0
湯舟	1
湯女	1
湯女風呂	0
湯上がり	2
湯上り	2
湯水	1
湯炊き	0
湯煎	0
湯船	1
湯銭	1
湯掻く	2
湯槽	1
湯中り	2
湯通し	2
湯殿	0
湯湯婆	2
湯当たり	2
湯豆腐	2
湯呑み	3
湯波	1
湯番	1
湯疲れ	2
湯沸かし	2
湯沸かし器	4
湯沸し	2
湯沸器	4
湯文字	2
湯麺	1
湯葉	1
湯浴み	0
湯立	3
湯立ち	0
湯立て	1
湯量	0
湯冷まし	2
湯冷め	3
湯帷子	2
湯灌	0
湯熨	3
湯熨斗	3
灯	1
灯し火	0
灯す	2
灯る	2
灯ろう	0
灯影	0
灯下	1
灯火	1
灯火管制	4
灯蛾	3
灯光	0
灯心	0
灯芯	0
灯台	0
灯台守	3
灯台草科	0
灯点し頃	5
灯明	0
灯明かり	2
灯明り	2
灯油	0
灯篭	0
灯籠	0
灯籠流し	5
燈す	2
燈ともし頃	5
燈火	0
燈台草科	0
燈籠鬢	3
当	1
当せん	0
当せん者	3
当たらず障らず	0
当たり	0
当たりくじ	3
当たりさわり	0
当たりめ	0
当たり屋	0
当たり外れ	0
当たり狂言	4
当たり芸	3
当たり散らす	5
当たり障り	0
当たり前	0
当たり年	0
当たり鉢	3
当たり役	0
当たり籤	3
当たる	0
当て	0
当てこすり	0
当てこする	4
当てこむ	3
当てずっぽう	0
当てっこ	0
当てつけ	0
当てつける	4
当てはまる	4
当てはめる	4
当てられる	0
当てる	0
当て外れ	3
当て込む	3
当て擦り	0
当て擦る	4
当て事	0
当て字	0
当て所	0
当て身	0
当て推量	3
当て逃げ	0
当て馬	0
当て付け	0
当て付けがましい	7
当て付ける	4
当て物	0
当て嵌まる	4
当て嵌める	4
当に	1
当の	1
当の昔	1
当り	0
当りさわり	0
当りまえ	0
当りめ	0
当り屋	0
当り散らす	5
当り障り	0
当り前	0
当り鉢	3
当り籤	3
当る	0
当意即妙	1
当為	1
当院	1
当駅	1
当家	1
当該	0
当確	0
当期	1
当帰	1
当局	1
当局者	4
当月	1
当限	0
当行	1
当今	1
当座	0
当座帳	0
当座預金	4
当座凌ぎ	4
当歳	1
当山	1
当事	1
当事国	3
当事者	3
当事者能力	5
当字	0
当寺	1
当時	1
当社	1
当主	1
当初	1
当所	1
当職	1
当人	1
当世	1
当世向き	0
当世風	0
当世流	0
当接	1
当節	1
当選	0
当選確実	0
当選者	3
当然	0
当代	1
当地	1
当直	0
当店	1
当日	0
当年	1
当番	1
当否	1
当付	0
当付がましい	7
当付けがましい	7
当分	0
当方	1
当面	0
当夜	1
当薬	0
当用	0
当用漢字	5
当用買い	0
当来	0
当落	1
当量	0
当路	1
当惑	0
当籤	0
当籤者	3
痘	2
痘痕	0
痘痕面	0
痘苗	0
痘瘡	0
祷り	3
祷る	2
等	1
等しい	3
等しく	2
等圧線	0
等位	1
等黄卵	3
等温	0
等温線	0
等価	1
等価交換	4
等外	0
等角	0
等割	0
等活地獄	5
等閑	0
等脚台形	5
等脚類	4
等級	0
等距離	3
等語線	0
等高線	0
等号	0
等差	1
等差級数	4
等差数列	4
等時性	0
等式	0
等質	0
等色	0
等深線	0
等親	0
等身	0
等身大	0
等速	0
等値	1
等張	0
等比	1
等比級数	4
等比数列	4
等分	0
等辺	0
等辺三角形	7
等量	0
答	2
答え	2
答える	3
答案	0
答辞	0
答申	0
答弁	1
答弁書	0
答礼	0
筒	2
筒井	0
筒井筒	3
筒音	0
筒丸	0
筒子	0
筒切り	0
筒先	0
筒袖	0
筒鳥	2
筒抜け	0
糖	1
糖衣	1
糖衣錠	3
糖化	0
糖脂質	3
糖質	0
糖蛋白質	6
糖度	1
糖尿	0
糖尿病	0
糖分	1
糖蜜	0
糖類	1
統べる	2
統一	0
統一科学	5
統一公判	5
統一行動	5
統一場理論	6
統一戦線	5
統一地方選挙	8
統一的	0
統覚	0
統括	0
統轄	0
統監	0
統計	0
統計学	3
統計的	0
統計年鑑	5
統計表	0
統計力学	6
統御	1
統語	0
統語的関係	0
統語論	3
統合	0
統合幕僚会議	9
統治	1
統治機関	5
統治権	3
統治者	3
統辞論	3
統帥	0
統帥権	3
統制	0
統制経済	5
統廃合	3
統率	0
統領	0
統馭	1
到る	2
到達	0
到着	0
到底	0
到頭	1
到来	0
到来物	0
蕩々	0
蕩かす	3
蕩ける	0
蕩す	0
蕩児	1
蕩尽	0
蕩蕩	0
藤	0
藤黄	0
藤花	1
藤海鼠	3
藤灰	2
藤空木	3
藤原時代	5
藤袴	3
藤五郎鰯	6
藤四郎	0
藤氏	1
藤紫	4
藤色	0
藤棚	0
藤豆	0
藤八拳	4
藤撫子	4
藤本	0
藤蔓	0
討ち果す	4
討ち果たす	4
討ち合う	3
討ち止める	4
討ち死に	0
討ち取る	3
討ち入り	0
討ち入る	0
討ち破る	4
討ち滅ぼす	5
討っ手	0
討つ	1
討議	1
討議倫理学	6
討究	0
討止める	4
討死	0
討取る	3
討首	2
討伐	0
討匪	1
討幕	0
討滅	0
討論	1
討論会	3
謄写	0
謄写版	0
謄本	0
豆	2
豆まき	2
豆みそ	0
豆黄金	3
豆科	0
豆果	1
豆殻	0
豆絞り	3
豆桜	3
豆撒き	2
豆蒔き	2
豆鹿	2
豆汁	0
豆象虫	3
豆蔵	0
豆打	0
豆台風	3
豆炭	0
豆男	3
豆鉄砲	3
豆電球	3
豆乳	0
豆粕	0
豆斑猫	3
豆板	0
豆板銀	4
豆板醤	3
豆苗	0
豆富	3
豆冨	3
豆腐	0
豆腐屋	0
豆腐皮	1
豆偏	0
豆本	0
豆味噌	0
豆油	3
豆粒	3
豆瓣醤	3
踏まえる	3
踏みこたえる	5
踏みしめる	4
踏みだす	3
踏みつける	4
踏みつぶす	4
踏みとどまる	5
踏みならす	4
踏みにじる	4
踏み違える	5
踏み越える	4
踏み絵	0
踏み外す	4
踏み堪える	5
踏み換える	4
踏み均す	4
踏み固める	5
踏み荒す	4
踏み荒らす	4
踏み込み	0
踏み込む	3
踏み殺す	4
踏み止まる	5
踏み車	3
踏み出す	3
踏み場	0
踏み石	0
踏み切り	0
踏み切り番	4
踏み切る	3
踏み台	0
踏み段	0
踏み潰す	4
踏み締める	4
踏み倒す	4
踏み入れる	4
踏み破る	4
踏み抜く	3
踏み板	0
踏み俵	3
踏み付ける	4
踏み分ける	4
踏み迷う	4
踏み鳴らす	4
踏み面	0
踏み留まる	5
踏み拉く	4
踏み躙る	4
踏む	0
踏んだり蹴ったり	3
踏んづける	4
踏んばる	3
踏ん切り	0
踏ん張る	3
踏ん反り返る	5
踏ん付ける	4
踏歌	1
踏絵	0
踏換える	4
踏荒らす	4
踏査	1
踏殺す	4
踏車	3
踏襲	0
踏出す	3
踏青	0
踏石	0
踏切	0
踏切り	0
踏切番	4
踏台	0
踏段	0
踏破	1
踏板	0
踏付ける	4
踏鞴	0
逃がす	2
逃げ	2
逃げうせる	4
逃げおおせる	5
逃げだす	3
逃げのびる	4
逃げまどう	4
逃げる	2
逃げ隠れる	0
逃げ延びる	4
逃げ果せる	5
逃げ回る	4
逃げ帰る	3
逃げ去る	3
逃げ後れる	5
逃げ口	2
逃げ口上	3
逃げ腰	0
逃げ込む	3
逃げ支度	3
逃げ失せる	4
逃げ出す	0
逃げ場	3
逃げ水	2
逃げ遂せる	5
逃げ切る	0
逃げ足	0
逃げ道	2
逃げ馬	0
逃げ落ちる	4
逃げ路	2
逃げ惑う	4
逃す	2
逃れ	3
逃れる	3
逃延びる	4
逃腰	0
逃散	0
逃出す	0
逃場	3
逃走	0
逃道	2
逃馬	0
逃避	0
逃避行	3
逃亡	0
逃亡者	3
逃亡犯罪人	0
逃惑う	4
逃竄	0
透かさず	0
透かし	0
透かし絵	3
透かし彫り	0
透かす	0
透き	0
透き綾	2
透き間	0
透き見	0
透き通す	3
透き通る	3
透き目	0
透く	0
透ける	0
透け透け	0
透す	1
透っ破抜き	0
透り	3
透る	1
透綾	2
透過	0
透過性	0
透間	0
透察	0
透視	0
透視画法	4
透視図	3
透視図法	4
透磁性	0
透磁率	3
透湿防水性素材	11
透写	0
透写紙	3
透水性	0
透析	0
透閃石	3
透通す	3
透徹	0
透渡殿	3
透破	0
透破抜き	0
透明	0
透明人間	5
透明体	0
透明帯	0
透明度	3
透目	0
鐙	0
鐙瓦	4
鐙骨	3
陶器	1
陶芸	0
陶工	0
陶砂	0
陶磁	1
陶磁器	3
陶酔	0
陶酔境	0
陶製	0
陶然	0
陶土	1
陶板	0
陶物	0
陶片	0
陶片追放	5
陶枕	0
陶冶	1
頭	1
頭から	3
頭ごなし	4
頭じらみ	4
頭だし	0
頭つき	0
頭でっかち	4
頭の皿	0
頭の鉢	0
頭韻	0
頭越し	0
頭花	1
頭蓋	1
頭蓋骨	2
頭骸骨	4
頭角	0
頭割り	0
頭株	3
頭寒足熱	1
頭胸部	3
頭巾	2
頭金	0
頭血腫	4
頭五郎鰯	6
頭語	0
頭光	0
頭垢	0
頭骨	0
頭索類	4
頭字	3
頭字語	0
頭取	0
頭首	1
頭首工	0
頭重	0
頭出し	0
頭書	1
頭書き	0
頭上	0
頭状花	3
頭状花序	5
頭身	0
頭数	3
頭声	0
頭足類	4
頭打ち	0
頭陀袋	3
頭注	0
頭註	0
頭頂	0
頭頂骨	3
頭頂葉	3
頭痛	0
頭突き	0
頭捻り	0
頭脳	1
頭脳集団	4
頭脳流出	4
頭髪	0
頭抜ける	0
頭付き	0
頭部	1
頭分	3
頭文字	4
頭目	0
頭領	1
頭虱	4
騰貴	1
騰勢	0
騰落	0
闘い	0
闘い構え	5
闘う	0
闘わす	0
闘技	1
闘牛	0
闘牛士	3
闘牛場	0
闘魚	1
闘鶏	0
闘犬	0
闘構え	4
闘魂	0
闘士	1
闘志	1
闘将	0
闘争	0
闘茶	0
闘病	0
闘諍	0
働かす	0
働かせる	0
働き	0
働きかけ	0
働きかける	6
働きづめ	0
働き掛け	0
働き掛ける	6
働き蟻	4
働き詰め	0
働き口	0
働き者	0
働き手	0
働き振り	0
働き盛り	5
働き蜂	4
働く	0
動	1
動かす	3
動き	3
動きだす	4
動き回る	5
動き出す	4
動く	2
動じる	0
動ずる	0
動ともすれば	1
動めく	3
動もすると	1
動もすれば	1
動員	0
動員令	3
動因	0
動画	0
動滑車	3
動眼神経	5
動機	0
動議	1
動径	0
動原体	0
動向	0
動作	1
動産	0
動産保険	5
動詞	0
動植物	4
動静	0
動線	0
動体	0
動態	0
動態統計	5
動的	0
動天	0
動転	0
動顛	0
動物	0
動物ウイルス	6
動物プランクトン	6
動物愛護	5
動物園	4
動物界	4
動物学	4
動物極	4
動物行動学	7
動物質	4
動物実験	5
動物社会学	6
動物心理学	7
動物崇拝	5
動物性	0
動物相	4
動物地理学	6
動物地理区	6
動物的	0
動物福祉	5
動物油脂	5
動摩擦	3
動脈	0
動脈血	4
動脈硬化	5
動脈硬化症	7
動脈瘤	4
動名詞	3
動揺	0
動乱	0
動量	0
動力	1
動力因	4
動力学	4
動力計	0
動力源	4
動力資源	5
動力炉	4
動輪	0
動労	0
動悸	0
同	1
同い年	2
同じ	0
同じく	2
同じくらい	4
同じる	0
同じ位	4
同ずる	0
同の字点	4
同案	0
同位	0
同位角	3
同位元素	4
同位体	0
同意	0
同意語	0
同異	1
同一	0
同一化	0
同一視	4
同一性	0
同一哲学	6
同一律	4
同音	0
同音異義語	6
同音語	0
同化	0
同化作用	4
同価	0
同家	1
同格	0
同学	0
同額	0
同感	0
同期	1
同期信号	4
同期生	3
同気	1
同義	0
同義語	0
同級	0
同級生	3
同居	0
同居人	0
同郷	0
同業	0
同業者	3
同業組合	5
同局	1
同君	1
同君連合	5
同訓	0
同訓異字	5
同型	0
同形	0
同慶	0
同系	0
同穴	0
同月	0
同権	0
同県	0
同源	0
同語	0
同語反復	4
同語反覆	4
同好	0
同好会	3
同好者	3
同工異曲	5
同校	1
同構え	3
同行	0
同行者	3
同行二人	5
同国	0
同根	0
同梱	0
同坐	0
同座	0
同罪	0
同士	1
同士打	3
同士打ち	3
同士討	3
同士討ち	3
同市	1
同志	1
同氏	1
同視	0
同歯性	0
同事	1
同字	0
同時	0
同時に	0
同時代	3
同時通訳	4
同時録音	4
同軸ケーブル	5
同室	0
同質	0
同社	1
同車	0
同種	0
同種同文	0
同宗	0
同舟	0
同宿	0
同所	1
同書	1
同小	0
同床異夢	5
同省	0
同上	0
同乗	0
同乗者	3
同情	0
同情者	3
同職	0
同色	0
同心	0
同心円	3
同人	0
同人雑誌	5
同仁	0
同数	3
同勢	1
同姓	0
同性	0
同性愛	3
同棲	0
同席	0
同説	0
同船	0
同前	0
同然	0
同祖	1
同素体	0
同相	0
同窓	0
同窓会	3
同窓生	3
同送	0
同族	0
同族会社	5
同族体	0
同族列	4
同村	1
同体	0
同大	0
同断	0
同値	1
同値関係	4
同地	1
同着	0
同町	1
同調	0
同調者	3
同定	0
同点	0
同党	0
同等	0
同道	0
同日	1
同年	0
同年輩	3
同派	1
同輩	0
同伴	0
同伴者	3
同藩	1
同筆	0
同病	0
同封	0
同腹	0
同文	0
同文同種	5
同報	0
同朋	0
同法	0
同胞	0
同邦	0
同房	0
同名	0
同名異人	5
同盟	0
同盟休校	5
同盟国	3
同盟条約	5
同盟罷業	5
同門	0
同夜	1
同役	0
同憂	0
同様	0
同率	0
同流	0
同侶	0
同僚	0
同量	0
同類	0
同類項	3
同列	0
同労	0
同和	0
同和教育	4
同衾	0
堂	1
堂々	0
堂々回り	5
堂々巡り	5
堂にいる	1
堂に入る	1
堂宇	1
堂奥	0
堂舎	1
堂守	4
堂上	0
堂塔	0
堂堂	0
堂堂回り	5
堂堂巡り	5
導	0
導き	0
導き出す	5
導く	3
導因	0
導火線	0
導管	0
導関数	3
導師	1
導出	0
導水	0
導水管	0
導線	0
導体	0
導電率	3
導入	0
導入部	3
導波管	0
憧れ	0
憧れる	0
憧憬	0
憧憬れる	0
撞く	1
撞球	0
撞着	0
撞木	0
撞木鮫	3
撞木杖	4
洞	2
洞角	0
洞窟	0
洞穴	0
洞見	0
洞察	0
洞察力	4
洞房結節	5
洞門	0
洞簫	0
瞳	0
瞳孔	0
瞳子	1
童	1
童唄	3
童歌	3
童画	0
童顔	0
童子	1
童女	1
童心	0
童男	0
童貞	0
童僕	0
童謡	0
童話	0
童話劇	3
胴	1
胴衣	1
胴回り	3
胴掛	0
胴掛け	0
胴巻き	3
胴間声	4
胴丸	0
胴元	0
胴差し	4
胴上げ	0
胴震い	3
胴切り	4
胴像	0
胴体	1
胴着	3
胴中	4
胴長	0
胴締め	0
胴当	0
胴当て	0
胴突	0
胴突き	0
胴付鋸	5
胴部	1
胴忘	3
胴忘れ	3
胴揚げ	0
胴慾	0
胴欲	0
胴乱	0
胴顫い	3
道	0
道々	0
道しるべ	3
道すがら	0
道ならぬ	4
道のり	0
道の師	3
道ばた	0
道案内	3
道央	0
道化	0
道化る	3
道化師	3
道化芝居	4
道化者	0
道化方	0
道化役者	4
道家	1
道歌	1
道会	0
道学	0
道学者	3
道楽	4
道楽者	0
道楽息子	5
道管	0
道観	0
道義	1
道義心	3
道義的	0
道議会	3
道教	0
道筋	0
道具	3
道具屋	0
道具的条件づけ	0
道具的条件付け	0
道具箱	3
道具方	0
道具立て	0
道行	0
道行き	0
道号	3
道産子	0
道産娘	0
道士	1
道師	3
道糸	0
道芝	0
道主	0
道州制	0
道順	0
道床	0
道場	1
道場破り	5
道心	0
道祖神	3
道草	0
道蔵	0
道俗	1
道端	0
道中	1
道中記	3
道聴塗説	0
道長	0
道程	0
道諦	0
道塗	1
道途	1
道導	3
道徳	0
道徳意識	5
道徳家	0
道徳感覚	5
道徳教育	5
道徳心	4
道徳性	0
道徳的	0
道徳的危険	0
道徳的証明	0
道徳哲学	6
道徳法則	5
道徳律	4
道内	1
道念	1
道破	1
道標	0
道府県	3
道普請	3
道幅	0
道仏	0
道辺	0
道傍	0
道民	0
道明寺粉	5
道柳	3
道理	3
道理で	3
道理至極	4
道陸神	4
道連れ	0
道路	1
道路橋	0
道路交通法	0
道路標示	4
道路標識	4
道話	0
銅	1
銅メダル	3
銅貨	1
銅器	1
銅器時代	4
銅鏡	0
銅剣	0
銅鉱	0
銅婚式	3
銅山	1
銅臭	0
銅賞	0
銅鉦ぶいぶい	5
銅色	0
銅製	0
銅線	0
銅銭	0
銅像	0
銅鐸	0
銅鍋	0
銅牌	0
銅板	0
銅版	0
銅盤	0
銅鉾	0
銅矛	0
銅羅	0
銅藍	0
銅戈	1
銅鑼	0
銅鑼焼き	0
峠	3
鴇	1
鴇色	0
匿う	3
匿す	2
匿れる	3
匿名	0
匿名組合	5
得	0
得々	0
得する	0
得たり	1
得たり顔	0
得てして	1
得も言われぬ	1
得る	1
得意	2
得意げ	0
得意顔	0
得意気	0
得意場	0
得意先	0
得意満面	0
得顔	0
得業士	3
得策	0
得失	0
得手	2
得手勝手	3
得手不得手	3
得心	0
得喪	0
得体	0
得点	0
得点圏	3
得度	1
得道	0
得得	0
得難い	3
得票	0
得票数	3
得票率	3
得撫草	0
得物	0
得分	2
徳	0
徳育	0
徳化	0
徳器	1
徳義	1
徳義心	3
徳行	0
徳性	0
徳政	0
徳政一揆	5
徳政令	3
徳川幕府	5
徳操	0
徳沢	0
徳俵	3
徳分	2
徳望	0
徳目	0
徳用	0
徳用品	0
徳利	0
徳利投げ	0
徳利蜂	4
涜職	0
涜神	0
特に	1
特異	0
特異性	0
特異体質	4
特異的	0
特異点	3
特化	0
特価	0
特価品	0
特科兵	3
特管	0
特記	0
特技	1
特急	0
特級	0
特級酒	3
特許	1
特許権	3
特許代理業	6
特許庁	3
特許品	0
特許法	0
特許料	3
特金	0
特区	1
特訓	0
特恵	0
特恵関税	5
特権	0
特権階級	5
特功	0
特効	0
特効薬	3
特攻	0
特攻隊	0
特講	0
特高	0
特撮	0
特産	0
特産品	0
特産物	3
特使	1
特旨	1
特質	0
特写	0
特赦	1
特殊	0
特殊学級	4
特殊鋼	0
特殊撮影	4
特殊性	0
特殊潜航艇	0
特殊相対性理論	10
特殊法人	4
特種	1
特需	0
特需景気	4
特輯	0
特集	0
特集記事	5
特集号	3
特出	0
特称	0
特賞	0
特上	0
特色	0
特色づける	6
特色付ける	6
特進	0
特性	0
特性Ｘ線	0
特性エックス線	0
特性曲線	5
特製	0
特設	0
特撰	0
特選	0
特措	0
特捜	0
特装	0
特待	0
特待生	3
特大	0
特段	0
特注	0
特徴	0
特徴づける	6
特徴的	0
特徴付ける	6
特長	0
特定	0
特定フロン	5
特定金銭信託	9
特定疾患	5
特定保健用食品	10
特定郵便局	7
特典	0
特電	0
特等	0
特等席	3
特任	0
特認	0
特派	1
特派員	3
特配	0
特売	0
特売場	0
特発	0
特発性	0
特番	0
特筆	0
特筆大書	5
特鰭	0
特別	0
特別扱い	5
特別委員会	6
特別引出し権	8
特別会	4
特別会計	5
特別活動	5
特別機	4
特別急行	5
特別区	4
特別抗告	5
特別攻撃隊	0
特別高等警察	9
特別国会	5
特別市	4
特別少年院	7
特別職	4
特別地方公共団体	12
特別配当	5
特別弁護人	0
特別法	0
特報	0
特務	1
特務機関	5
特命	0
特命全権公使	9
特命全権大使	9
特免	0
特約	0
特約店	4
特有	0
特融	0
特養	0
特落ち	0
特立	0
特例	0
特論	0
督学官	4
督戦	0
督戦隊	0
督促	0
督促状	0
督励	0
禿	1
禿げ	1
禿げる	2
禿げ山	0
禿げ上がる	4
禿げ上る	4
禿げ頭	3
禿びる	2
禿山	0
禿上がる	4
禿鷹	0
禿頭	0
禿頭病	0
禿鷲	0
篤い	0
篤と	1
篤学	0
篤行	0
篤志	0
篤志家	0
篤実	0
篤信	0
篤農	0
篤農家	0
毒	2
毒々しい	5
毒する	3
毒づく	3
毒よけ	0
毒ガス	0
毒荏	2
毒液	2
毒化	0
毒牙	1
毒蛾	0
毒害	0
毒気	3
毒魚	1
毒芹	2
毒空木	3
毒見	3
毒殺	0
毒蛇	1
毒手	0
毒酒	0
毒除け	4
毒消し	0
毒針	0
毒人参	3
毒刃	0
毒性	0
毒性学	3
毒舌	0
毒舌家	0
毒腺	0
毒素	1
毒草	0
毒茸	0
毒蜘蛛	0
毒虫	2
毒痛み	0
毒毒しい	5
毒突く	3
毒入り	0
毒杯	0
毒麦	3
毒筆	0
毒婦	1
毒物	2
毒物学	4
毒味	3
毒矢	2
毒薬	0
毒苺	3
独	1
独り	2
独りごと	0
独りっ子	3
独りでに	0
独りぼっち	4
独りよがり	4
独り稽古	4
独り決め	0
独り言	0
独り言つ	4
独り合点	0
独り子	3
独り芝居	4
独り者	0
独り住まい	4
独り勝ち	0
独り笑い	4
独り寝	3
独り身	3
独り占い	4
独り占め	0
独り善がり	4
独り相撲	4
独り天下	4
独り負け	0
独り舞台	4
独り歩き	4
独り暮らし	4
独り法師	4
独り立ち	0
独り旅	3
独泳	0
独英	0
独演	0
独演会	3
独往	0
独我論	3
独学	0
独楽	1
独楽鼠	3
独活	1
独眼	0
独居	1
独居房	3
独禁法	0
独吟	0
独言	0
独古	1
独股	1
独鈷	1
独鈷石	3
独語	0
独航船	0
独行	0
独座	1
独裁	0
独裁者	3
独裁政治	5
独裁的	0
独参湯	0
独自	1
独自性	0
独酌	0
独修	0
独習	0
独習書	0
独唱	0
独唱会	3
独身	0
独身貴族	5
独身者	3
独身生活	5
独占	0
独占企業	5
独占禁止法	0
独占資本	5
独占事業	5
独占的	0
独占的競争	0
独善	0
独善主義	5
独善的	0
独創	0
独創性	0
独創的	0
独創力	3
独奏	0
独奏者	3
独走	0
独尊	0
独壇場	0
独断	0
独断専行	0
独断的	0
独断論	3
独得	0
独特	0
独白	0
独文	0
独歩	1
独房	0
独木舟	4
独立	0
独立運動	5
独立家屋	5
独立権	4
独立語	0
独立国	4
独立国家共同体	5
独立採算制	0
独立祭	4
独立自存	0
独立自尊	0
独立住宅	5
独立心	4
独立戦争	5
独立独行	0
独立独歩	5
独立不羈	5
独立変数	5
独力	0
独和	0
独話	0
独墺	0
独擅場	0
読み	2
読みあさる	0
読みかえす	3
読みで	3
読みとる	3
読みなおす	4
読みなれる	4
読みにくい	4
読みふける	4
読み悪い	4
読み違える	0
読み応え	0
読み下し	0
読み下し文	0
読み下す	4
読み仮名	0
読み過ごす	0
読み過す	0
読み解く	3
読み掛ける	0
読み慣れる	4
読み漁る	0
読み誤まる	5
読み誤る	5
読み合せる	5
読み合わせる	5
読み込む	3
読み札	2
読み止す	3
読み取り	0
読み取る	3
読み手	0
読み終る	4
読み終わる	4
読み出	0
読み出す	3
読み書き	2
読み上げる	4
読み上げ算	4
読み進む	0
読み人	0
読み人知らず	5
読み切り	0
読み切る	3
読み替える	0
読み耽ける	4
読み耽る	4
読み直す	4
読み馴れる	4
読み難い	4
読み飛ばす	0
読み物	3
読み聞かせる	0
読み癖	0
読み返す	3
読み方	3
読み落とす	0
読み流す	4
読む	1
読違える	0
読影	0
読過	0
読会	0
読解	0
読解力	3
読掛ける	0
読慣れる	4
読経	0
読後	0
読後感	3
読札	2
読者	1
読者層	3
読者欄	3
読取り	0
読取る	3
読手	0
読書	1
読書会	3
読書界	3
読書三到	1
読書三昧	4
読書三余	1
読書室	3
読書尚友	1
読書人	3
読書力	3
読唇術	3
読心術	3
読人知らず	5
読図	0
読切	0
読切り	0
読替える	0
読点	1
読破	1
読飛ばす	0
読譜	0
読物	3
読返す	3
読本	0
読了	0
読話	0
読誦	0
栃	1
栃の木	1
栃麺	0
栃麺棒	0
栃葉人参	4
橡	0
橡の木	1
橡麺	0
凸	1
凸レンズ	3
凸凹	0
凸角	0
凸柑	3
凸鏡	0
凸形	0
凸集合	3
凸多角形	4
凸版	0
凸坊	3
凸面	0
凸面鏡	0
突き	0
突きささる	4
突きさす	3
突きだす	3
突きつける	4
突き回す	0
突き掛かる	4
突き掛る	4
突き詰める	4
突き合せる	5
突き合わせる	5
突き合わせ継ぎ手	6
突き合わせ継手	6
突き殺す	4
突き刺さる	4
突き刺す	3
突き指	0
突き止める	4
突き出し	0
突き出し看板	5
突き出す	3
突き出る	3
突き除ける	4
突き傷	2
突き上げる	4
突き進む	4
突き退ける	4
突き通す	3
突き通る	3
突き転ばす	5
突き倒し	0
突き倒す	4
突き当たり	0
突き当たる	4
突き当り	0
突き当る	4
突き動かす	5
突き破る	4
突き抜く	3
突き抜ける	4
突き飛ばす	4
突き膝	0
突き付ける	4
突き返す	3
突き崩す	4
突き放す	4
突き戻す	4
突き落す	4
突き落とし	0
突き落とす	4
突き離す	4
突き立つ	3
突き立てる	4
突き留める	4
突く	0
突っかかる	4
突っかける	4
突っきる	3
突っこみ	0
突っつく	3
突っぱねる	4
突っ掛かる	4
突っ掛け	0
突っ掛ける	4
突っ込み	0
突っ込む	3
突っ支い	0
突っ支い棒	0
突っ切る	3
突っ走る	4
突っ張り	0
突っ張る	3
突っ突く	3
突っ伏す	3
突っ返す	3
突っ放す	4
突っ立つ	3
突っ立てる	4
突っ慳貪	3
突っ撥ねる	4
突ん出す	3
突角	0
突掛かる	4
突掛ける	4
突掛る	4
突貫	0
突貫作業	5
突起	0
突撃	0
突合	0
突刺さる	4
突止める	4
突出	0
突出し	0
突出す	3
突出る	3
突進	0
突先	0
突然	0
突然死	3
突然変異	5
突然変異説	7
突然変異体	0
突端	0
突張り	0
突堤	0
突倒し	0
突当たり	0
突当り	0
突入	0
突如	1
突破	0
突破口	3
突発	0
突発的	0
突抜く	3
突抜ける	4
突抜忍冬	5
突飛	0
突付く	2
突風	0
突沸	0
突返す	3
突崩す	4
突立てる	4
突兀	0
突慳貪	3
椴	1
椴松	2
届	3
届く	2
届け	3
届ける	3
届け出	0
届け出る	4
届け出伝染病	0
届け書	0
届け先	0
届け物	0
届出	0
届書	0
鳶	1
鳶ガッパ	4
鳶口	2
鳶職	2
鳶色	0
鳶足	3
鳶尾	0
苫	1
寅	0
酉	0
酉の市	4
酉の待	5
酉の町	5
酉の日	4
酉偏	0
瀞	1
瀞み	0
瀞む	2
噸	1
屯	1
屯する	3
屯営	0
屯所	1
屯田	0
屯田兵	3
屯服	0
屯服薬	4
敦厚	0
敦盛草	0
豚	0
豚しゃぶ	0
豚まん	0
豚カツ	0
豚コレラ	3
豚骨	0
豚脂	1
豚児	1
豚舎	1
豚汁	0
豚小屋	0
豚草	0
豚肉	0
豚箱	0
豚尾猿	4
豚鼻蝙蝠	5
豚饅	0
遁れ	3
遁れる	3
遁甲	0
遁辞	1
遁世	0
遁走	0
遁走曲	3
遁竄	0
頓	0
頓て	0
頓と	2
頓に	1
頓狂	1
頓悟	1
頓挫	1
頓才	0
頓死	0
頓首	1
頓知	0
頓智	0
頓痴気	1
頓着	1
頓着ない	5
頓着無い	5
頓珍漢	3
頓馬	1
頓服	0
頓服薬	4
呑まれる	3
呑み	1
呑み屋	2
呑み口	2
呑み行為	3
呑み込み	0
呑み込む	0
呑み助	2
呑み代	0
呑み歩く	0
呑む	1
呑ん兵衛	1
呑気	1
呑気者	0
呑口	2
呑込み	0
呑込む	3
呑酸	0
呑舟の魚	0
呑吐	1
呑兵衛	1
曇	3
曇らす	3
曇らせる	4
曇り	3
曇りがち	0
曇りガラス	4
曇り空	4
曇り勝ち	0
曇り声	4
曇る	2
曇勝ち	0
曇天	0
鈍	1
鈍い	2
鈍る	2
鈍化	1
鈍角	0
鈍角三角形	7
鈍感	0
鈍間	0
鈍器	1
鈍甲	0
鈍行	0
鈍根	0
鈍才	0
鈍子	0
鈍臭い	4
鈍重	0
鈍色	0
鈍足	0
鈍痛	0
鈍刀	0
鈍頭	0
鈍物	0
鈍麻	1
奈何	2
奈辺	0
奈落	0
奈落の底	0
奈良時代	3
奈良漬	0
奈良漬け	0
那辺	0
那辺加	0
那由他	0
那由多	0
那落	0
内	0
内々	0
内の者	5
内の人	5
内ゲバ	0
内ポケット	4
内圧	0
内意	1
内衣	1
内衣嚢	3
内因	0
内隠し	3
内謁	0
内閲	0
内宴	0
内炎	0
内縁	0
内苑	0
内奥	0
内応	0
内科	0
内科医	3
内果皮	3
内火艇	0
内回り	3
内懐	3
内海	0
内界	0
内開き	3
内外	1
内外価格差	7
内外人	3
内蓋	0
内角	0
内閣	1
内閣官房	5
内閣官房長官	1
内閣書記官長	1
内閣情報局	1
内閣情報調査室	1
内閣総辞職	1
内閣総理大臣	1
内閣大学士	7
内閣不信任案	1
内閣法制局	1
内掛	0
内掛け	0
内兜	3
内釜	0
内巻	0
内巻き	0
内官	0
内患	0
内観	0
内観療法	5
内含	0
内寄合い	3
内気	0
内規	0
内儀	1
内議	1
内宮	3
内供奉	3
内教	0
内教坊	3
内局	0
内勤	0
内金	0
内訓	0
内径	0
内芸者	3
内嫌い	3
内検	0
内見	0
内鍵	0
内玄関	3
内呼吸	3
内股	0
内股膏薬	5
内交渉	3
内向	0
内向き	0
内向性	0
内向的	0
内攻	0
内港	0
内航	0
内項	0
内剛	0
内剛外柔	0
内合	0
内壕	0
内濠	0
内国	0
内国為替	5
内国債	4
内国人	4
内国民待遇	7
内国郵便	5
内骨格	3
内債	0
内妻	0
内済	0
内在	0
内旨	1
内紫	4
内視鏡	0
内事	1
内侍	1
内治	1
内示	0
内耳	1
内耳炎	3
内耳神経	4
内室	0
内実	0
内借り	0
内需	1
内柔外剛	0
内祝	3
内祝い	3
内祝言	3
内出血	3
内所	3
内緒	3
内緒事	0
内緒話	4
内助	1
内傷	0
内省	0
内証	0
内証事	0
内証話	5
内障	0
内情	0
内状	0
内職	0
内食	0
内心	0
内申	0
内申書	5
内神	0
内親王	5
内診	0
内陣	0
内数	3
内性器	3
内政	0
内政干渉	0
内整理	3
内税	2
内積	0
内接	0
内接円	4
内戦	0
内線	0
内膳司	3
内奏	0
内層	0
内挿	0
内争	0
内相	0
内装	0
内臓	0
内臓感覚	5
内蔵	0
内側	0
内属	0
内孫	0
内帯	0
内腿	0
内貸し	0
内大臣	3
内諾	0
内達	0
内探	0
内談	0
内地	1
内地米	0
内着	0
内張り	0
内調	0
内通	0
内偵	0
内定	0
内庭	0
内廷	0
内弟子	0
内的	0
内的生活	5
内典	0
内転	0
内転筋	3
内殿	0
内渡し	3
内湯	0
内道	0
内道場	3
内毒素	3
内内	0
内乳	0
内猫	0
内燃機関	6
内発	0
内発的	0
内罰的	0
内反足	3
内皮	1
内府	1
内部	1
内部エネルギー	5
内部環境	4
内部監査	4
内部工作	4
内部告発	4
内部留保	4
内風呂	0
内服	0
内服ワクチン	5
内服薬	4
内福	0
内払い	3
内分	0
内分泌	3
内分泌腺	0
内紛	0
内聞	0
内壁	0
内辺	0
内弁慶	3
内包	0
内報	0
内方	0
内法	0
内堀	0
内幕	0
内膜	1
内密	0
内務	1
内務省	3
内務大臣	4
内無双	3
内命	0
内明	0
内面	0
内面的	0
内面描写	5
内野	0
内野安打	4
内野手	3
内約	0
内訳	0
内憂	0
内憂外患	0
内遊星	3
内容	0
内容教科	5
内容見本	5
内容語	0
内容証明	5
内容証明郵便	9
内容積	3
内容美	3
内揚げ	0
内用	0
内用薬	3
内乱	0
内乱罪	3
内覧	0
内裏	0
内裏びな	4
内裏雛	4
内裏様	4
内陸	0
内陸国	4
内陸性気候	7
内力	1
内輪	0
内輪もめ	0
内輪喧嘩	4
内輪差	3
内輪揉め	0
内路地	0
内露地	0
内惑星	3
内枠	0
内鰐	0
内冑	3
内帑	1
内帑金	0
内罐	0
内肛動物	5
内胚葉	3
内訌	0
乍ら族	3
凪	2
凪ぐ	1
薙ぎ倒す	4
薙ぎ払う	4
薙ぐ	1
薙刀	0
薙鉈	3
謎	0
謎々	0
謎かけ	4
謎めく	3
謎解き	4
謎掛け	4
謎謎	0
灘	1
捺印	0
捺染	0
捺落	0
鍋	1
鍋つかみ	3
鍋蓋	0
鍋釜	1
鍋焼	0
鍋焼き	0
鍋焼きうどん	5
鍋焼き饂飩	5
鍋尻	0
鍋掴み	3
鍋鶴	2
鍋底	0
鍋島焼	0
鍋島焼き	0
鍋敷き	2
鍋物	2
鍋奉行	3
鍋墨	0
鍋料理	3
楢	1
楢茸	2
馴々しい	5
馴じみ	3
馴らし	3
馴らす	2
馴れっこ	2
馴れる	2
馴れ合い	0
馴れ合う	3
馴れ寿司	2
馴れ初め	0
馴れ馴れしい	5
馴化	0
馴鹿	2
馴染	3
馴染み	3
馴染み深い	5
馴染む	2
馴致	1
馴鮨	2
縄	2
縄ばしご	3
縄尻	0
縄暖簾	3
縄張	0
縄張り	0
縄跳び	3
縄梯子	3
縄抜け	0
縄飛び	3
縄付き	0
縄文	0
縄文字	3
縄文時代	5
縄文式土器	7
縄文土器	5
縄編	0
縄編み	0
縄墨	0
縄目	0
畷	0
南	0
南々西	0
南々東	0
南する	0
南ア	0
南アフリカ	4
南アメリカ	4
南緯	1
南瓜	0
南欧	0
南下	0
南画	0
南回帰線	0
南海	0
南岸	0
南魚座	0
南京玉	0
南京玉すだれ	7
南京玉簾	7
南京焼き	0
南京錠	3
南京鼠	5
南京袋	5
南京虫	3
南京町	3
南京豆	3
南京米	0
南京木綿	5
南京繻子	5
南極	0
南極海	4
南極気団	5
南極圏	4
南極星	4
南極大陸	5
南極点	4
南限	0
南向き	0
南郊	0
南国	0
南三角座	0
南山	1
南支	0
南十字座	0
南十字星	6
南燭	2
南進	0
南西	0
南斉	0
南船北馬	5
南鮮	0
南側	0
南大門	3
南端	0
南中	0
南朝	0
南庭	0
南天	0
南斗六星	5
南都	1
南島語族	5
南東	0
南東風	3
南南西	0
南南東	0
南半球	4
南蛮	0
南蛮菓子	5
南蛮黍	3
南蛮煮	0
南蛮辛子	5
南蛮人	5
南蛮船	0
南蛮漬	0
南蛮漬け	0
南蛮貿易	5
南氷洋	3
南部	1
南部暦	4
南風	0
南米	0
南方	0
南方仏教	5
南北	1
南北戦争	5
南北朝	4
南北朝時代	7
南北問題	5
南鮪	4
南満	3
南無	1
南無阿弥陀仏	5
南無三宝	1
南無妙法蓮華経	9
南面	0
南門	0
南洋	0
南洋材	3
南洋諸島	5
南呂	1
南溟	0
楠	1
軟	1
軟Ｘ線	0
軟ら	0
軟らか	3
軟らかい	4
軟マンガン鉱	5
軟音	0
軟化	0
軟貨	1
軟球	0
軟玉	0
軟禁	0
軟券	0
軟口蓋	3
軟口蓋音	5
軟膏	0
軟鋼	0
軟骨	0
軟骨魚類	5
軟骨組織	5
軟骨膜	4
軟式	0
軟式テニス	5
軟式野球	5
軟質	0
軟質ガラス	5
軟質硝子	5
軟弱	0
軟条	0
軟水	0
軟性	0
軟性下疳	5
軟性憲法	5
軟石鹸	3
軟体動物	5
軟着陸	3
軟調	0
軟泥	0
軟鉄	0
軟投	0
軟派	0
軟白	0
軟風	0
軟文学	3
軟便	0
軟膜	0
軟木	1
軟論	0
難	1
難い	2
難き	3
難しい	4
難じる	3
難ずる	3
難なく	1
難易	1
難易度	3
難解	0
難関	0
難儀	3
難義	1
難詰	0
難球	0
難局	0
難曲	0
難句	0
難訓	0
難件	0
難語	0
難攻不落	0
難航	0
難行	0
難行苦行	5
難行道	3
難産	1
難視聴	3
難事	1
難事業	3
難字	0
難治	1
難渋	0
難所	3
難症	0
難場	0
難色	0
難船	0
難題	0
難聴	0
難敵	0
難点	3
難度	1
難読	0
難燃加工	5
難燃性	0
難波	0
難波薔薇	4
難破	0
難破船	0
難病	0
難物	0
難文	0
難平	0
難癖	0
難民	0
難無く	1
難問	0
難問題	3
難役	0
難路	1
汝	1
二	1
二つ	3
二つながら	4
二つ割り	0
二つ折り	0
二つ乍ら	4
二つ返事	4
二つ繭	3
二つ目	0
二どと	2
二の丸	0
二の宮	2
二の句	0
二の句がつげない	3
二の句が継げない	3
二の字点	3
二の次	4
二の膳	2
二の足	0
二の舞	0
二の矢	1
二の腕	0
二クロム酸	0
二クロム酸カリウム	1
二クロム酸ナトリウム	1
二因	1
二院	1
二院制	0
二王	1
二王門	2
二化螟蛾	3
二価	1
二回	1
二階	0
二階屋	2
二階家	2
二階建	0
二階建て	0
二官	1
二間	2
二眼レフ	4
二眼レフカメラ	6
二期	1
二期作	2
二期制	2
二義的	0
二宮	2
二級	0
二級酒	2
二強雄蕊	4
二業	0
二業地	2
二極真空管	0
二筋道	4
二九	1
二君	1
二軍	0
二形	0
二桁	2
二月	3
二元	0
二元放送	4
二元方程式	6
二元論	2
二弦琴	0
二言	0
二言三言	5
二言目	5
二股	0
二股膏薬	5
二胡	2
二更	1
二項	1
二項式	2
二項定理	4
二項分布	4
二号	1
二黒	1
二叉	0
二三	1
二酸塩基	4
二酸化いおう	5
二酸化マンガン	5
二酸化珪素	5
二酸化炭素	5
二酸化窒素	5
二酸化硫黄	5
二四六九士	3
二子	0
二死	1
二至	1
二字	1
二時	1
二次	1
二次コイル	3
二次会	2
二次回路	3
二次感染	3
二次関数	3
二次曲線	3
二次曲面	3
二次元	2
二次成長	3
二次生長	3
二次的	0
二次電池	3
二次電流	3
二次方程式	5
二次林	2
二次冷却水	6
二七日	2
二者	1
二者選一	1
二者択一	1
二手	3
二種	0
二十	1
二十一代集	1
二十脚	2
二十五史	1
二十歳	1
二十三夜	1
二十四気	1
二十四史	1
二十四時間	1
二十四時間制	1
二十四節気	1
二十重	0
二十世紀	4
二十二社	1
二十日	0
二十日正月	4
二十日鼠	4
二十日大根	4
二十日兎	4
二十年	2
二十八宿	1
二十八星瓢虫	1
二従兄弟	3
二従兄妹	3
二従姉弟	3
二従姉妹	3
二重	0
二重あご	2
二重まぶた	4
二重らせん	4
二重価格制	0
二重課税	4
二重外交	4
二重顎	2
二重丸	2
二重橋	2
二重結合	4
二重結婚	4
二重拘束	4
二重国籍	4
二重腰	3
二重写し	4
二重唱	2
二重焼き付け	4
二重衝突	4
二重織り	0
二重人格	4
二重星	2
二重生活	4
二重奏	2
二重窓	4
二重底	0
二重抵当	4
二重否定	4
二重母音	4
二重盲検法	0
二重螺旋	4
二重露出	4
二重瞼	4
二女	1
二乗	0
二乗根	2
二畳紀	2
二色	1
二食	1
二伸	0
二心	1
二親	1
二親等	2
二進も三進も	1
二進法	0
二人	3
二人羽織	4
二人三脚	4
二人称	2
二人組	2
二水	0
二世	1
二世の契り	1
二成り	0
二尖弁	2
二組	2
二曹	1
二相	1
二束の草鞋	0
二束三文	4
二足	1
二足の草鞋	1
二足三文	4
二大政党制	0
二段活用	4
二段構え	4
二段目	0
二男	1
二値	1
二値論理学	5
二丁投げ	0
二直	0
二直角	2
二兎	1
二度	2
二度と	2
二度咲き	0
二度三度	3
二度手間	0
二度寝	0
二度添い	0
二度目	0
二刀流	0
二等	0
二等車	2
二等親	2
二等分	0
二等分線	4
二等兵	2
二等辺三角形	8
二糖類	2
二頭立て	0
二道	0
二日	0
二日酔	0
二日酔い	0
二年生	2
二年生植物	7
二年草	0
二念	1
二杯酢	2
二倍	0
二倍体	0
二拍子	2
二八	0
二八蕎麦	4
二番	1
二番煎じ	4
二番目	4
二番目物	0
二百十日	0
二百二十日	0
二布	2
二部	1
二部教授	3
二部合唱	3
二部合奏	3
二部作	2
二部授業	3
二幅	2
二分	0
二分音符	4
二文字	2
二返事	4
二方	2
二本	1
二本建て	0
二本差	0
二本差し	0
二本棒	2
二本立て	0
二枚	1
二枚貝	2
二枚看板	4
二枚鑑札	4
二枚腰	2
二枚蹴り	2
二枚折り	0
二枚舌	2
二枚目	4
二俣	0
二名法	0
二面性	0
二毛作	2
二目	2
二役	2
二様	0
二葉	2
二葉葵	4
二葉柿	3
二卵性	0
二卵性双生児	8
二律背反	1
二流	0
二硫化炭素	5
二輪	0
二輪車	2
二輪草	0
二塁	1
二塁手	2
二塁打	2
二連銃	0
二六時中	0
二豎	1
尼	1
尼っこ	2
尼っちょ	4
尼っ子	2
尼寺	2
尼僧	0
尼法師	3
弐	1
弐拾	1
弐心	1
匂	2
匂い	2
匂い袋	4
匂い油	4
匂い立つ	4
匂う	2
匂やか	2
匂わす	3
匂わせる	4
匂菫	4
賑々しい	5
賑やか	2
賑やかす	4
賑わい	0
賑わう	3
賑わす	3
賑賑しい	5
肉	2
肉づく	3
肉まん	0
肉ジャガ	0
肉縁	0
肉屋	2
肉芽	0
肉芽腫	3
肉芽組織	4
肉塊	0
肉界	0
肉感	0
肉感的	0
肉眼	0
肉牛	0
肉刑	0
肉桂	0
肉月	0
肉厚	0
肉合	0
肉合い	0
肉細	0
肉刺	2
肉質	0
肉腫	0
肉汁	0
肉醤	0
肉色	0
肉食	0
肉食妻帯	0
肉食性	0
肉食鳥	0
肉食動物	5
肉親	0
肉垂れ	0
肉声	0
肉製品	3
肉切り	0
肉切り包丁	5
肉切り庖丁	5
肉叢	0
肉太	0
肉体	0
肉体関係	5
肉体的	0
肉体美	3
肉体文学	5
肉体労働	5
肉団子	3
肉弾	0
肉池	0
肉柱	0
肉的	0
肉豆蒄	2
肉鍋	0
肉入れ	4
肉薄	0
肉迫	0
肉筆	0
肉付き	0
肉付く	3
肉付け	0
肉布団	3
肉片	0
肉穂花序	5
肉用種	3
肉欲	0
肉離れ	3
肉料理	3
肉類	2
肉蠅	2
肉襦袢	3
肉饅	0
肉饅頭	3
肉髯	0
肉髻	0
虹	0
虹彩	0
虹彩炎	3
虹彩毛様体炎	9
虹鱒	0
虹梁	0
虹霓	0
廿	1
廿日	0
廿日鼠	4
廿日大根	4
日	0
日々	1
日々草	0
日あたり	0
日がな一日	1
日ぐれ	0
日ごと	0
日ごろ	0
日ざかり	0
日ざし	0
日だまり	0
日どり	0
日なた	0
日なたぼっこ	4
日ならず	3
日ならずして	3
日にち	0
日に日に	1
日の丸	0
日の丸の旗	7
日の丸弁当	5
日の出	0
日の入り	0
日の本	2
日の目	0
日めくり	2
日やけ	0
日よけ	0
日ソ	1
日ロ	1
日一日と	1
日蔭	0
日陰	0
日陰の葛	0
日陰の蔓	5
日陰の鬘	5
日陰葛	0
日陰者	0
日陰蔓	0
日陰鬘	0
日運動	3
日影	0
日永	0
日英	1
日延べ	0
日加	0
日華	1
日課	0
日回り	2
日外	0
日掛け	0
日割り	0
日刊	0
日刊紙	3
日干し	3
日間	0
日韓	1
日帰り	0
日記	0
日記帳	0
日記文学	4
日脚	0
日給	0
日共	0
日勤	0
日銀	0
日銀券	3
日銀短観	5
日系	0
日経連	3
日計	0
日計表	0
日月	2
日捲り	2
日見ず	1
日限	2
日限り	0
日雇	0
日雇い	0
日雇い労働者	7
日語	0
日光	1
日光黄菅	5
日光浴	3
日向	0
日向ぼこ	0
日向ぼこり	4
日向ぼっこ	4
日向臭い	5
日向水	3
日航	1
日頃	0
日差し	0
日傘	2
日参	0
日産	0
日子	1
日誌	0
日持ち	0
日時	1
日時計	2
日次	1
日射	0
日射し	0
日射病	0
日取り	0
日収	0
日出	0
日除け	0
日商	0
日焼	0
日焼け	0
日焼け止め	0
日照	0
日照り	0
日照り雨	4
日照権	3
日照時間	5
日章旗	3
日常	0
日常言語学派	8
日常性	0
日常茶飯	5
日常茶飯事	6
日常的	0
日食	0
日蝕	0
日進月歩	5
日数	3
日雀	0
日清	1
日盛り	0
日西	0
日切り	0
日銭	0
日増し	0
日増しに	0
日足	0
日待ち	0
日替り	0
日替わり	0
日中	0
日朝	1
日長	0
日直	0
日帝	0
日程	0
日展	0
日東	0
日当	0
日当たり	0
日当り	0
日日	0
日避猿	4
日不見	1
日付	0
日付け	0
日付変更線	0
日附	0
日舞	0
日覆	0
日覆い	0
日仏	1
日柄	0
日米	1
日偏	0
日保ち	0
日歩	0
日暮	0
日暮し	0
日暮らし	0
日暮れ	0
日報	0
日没	0
日本	2
日本シリーズ	4
日本一	2
日本泳法	4
日本猿	4
日本音楽	4
日本画	0
日本海	2
日本海溝	4
日本海流	4
日本学術会議	2
日本間	0
日本記録	4
日本銀行	5
日本銀行券	6
日本犬	0
日本語	0
日本語教育	5
日本工業規格	8
日本三景	4
日本史	2
日本紙	2
日本時間	4
日本鹿	2
日本式	0
日本主義	4
日本酒	0
日本住血吸虫	8
日本住血吸虫症	10
日本十進分類法	2
日本新	4
日本人	4
日本人学校	6
日本人町	4
日本晴	0
日本晴れ	0
日本製	0
日本川獺	4
日本茶	0
日本町	2
日本庭園	4
日本的	0
日本的経営	0
日本刀	0
日本当帰	4
日本脳炎	4
日本農林規格	8
日本馬	2
日本髪	0
日本標準時	6
日本舞踊	4
日本風	0
日本文学	4
日本米	0
日本放送協会	3
日本薬局方	7
日本料理	4
日本列島	5
日本狼	4
日本氈鹿	4
日本羚羊	4
日毎	0
日面経過	5
日夜	1
日夕	0
日傭	0
日傭い	0
日傭取	2
日曜	3
日曜学校	5
日曜大工	5
日曜日	3
日用	0
日用品	0
日溜まり	0
日溜り	0
日輪	0
日輪草	0
日蓮宗	3
日露	1
日録	0
日和	0
日和る	2
日和下駄	3
日和見	0
日和見感染	5
日和見主義	5
乳	2
乳がん	1
乳くり合う	5
乳りん	0
乳飲み子	3
乳飲み児	3
乳飲料	3
乳液	1
乳化	0
乳化剤	3
乳価	1
乳菓	1
乳癌	1
乳牛	0
乳業	1
乳繰り合う	5
乳繰る	3
乳兄弟	2
乳香	0
乳剤	0
乳搾り	3
乳窄	3
乳酸	0
乳酸飲料	5
乳酸菌	0
乳姉妹	2
乳脂肪	3
乳歯	1
乳児	1
乳児院	3
乳児脚気	4
乳質	0
乳首	2
乳臭	0
乳臭い	4
乳臭児	3
乳汁	0
乳状	0
乳色	0
乳清	0
乳製品	3
乳石英	3
乳腺	0
乳腺炎	3
乳腺症	0
乳草	2
乳濁液	4
乳糖	0
乳頭	0
乳呑み子	3
乳呑児	3
乳白色	4
乳鉢	1
乳鋲	0
乳母	1
乳母車	3
乳母日傘	5
乳房	1
乳房炎	3
乳棒	1
乳幼児	3
乳様突起	5
乳酪	0
乳離れ	2
乳輪	0
乳漿	0
入	1
入り	0
入りこむ	4
入りびたる	4
入りまじる	4
入りよう	0
入り違い	0
入り荷	0
入り会い	0
入り海	3
入り角	0
入り隅	0
入り交じる	4
入り口	0
入り江	0
入り込み	0
入り込む	4
入り混じる	4
入り雑じる	4
入り浸り	0
入り浸る	4
入り船	0
入り組む	3
入り相	0
入り替わる	4
入り日	0
入り浜	0
入り母屋	0
入り方	0
入り婿	0
入り目	0
入り用	0
入り乱れる	5
入る	1
入れる	0
入れ違い	0
入れ違う	4
入れ違える	5
入れ掛け	0
入れ換え	0
入れ換える	4
入れ交ぜる	4
入れ合わせる	5
入れ込む	3
入れ混ぜる	4
入れ札	0
入れ子	0
入れ子詞	4
入れ歯	0
入れ質	0
入れ食い	0
入れ替え	0
入れ替える	4
入れ替わり	0
入れ替わり立ち替わり	0
入れ替わる	4
入れ代える	4
入れ代わり	0
入れ代わり立ち代わり	0
入れ代わる	4
入れ知恵	0
入れ智慧	0
入れ髪	0
入れ物	0
入れ墨	0
入れ毛	0
入れ目	0
入れ揚げる	4
入れ籠	0
入違い	0
入院	0
入営	0
入園	0
入園料	3
入苑	0
入家	0
入荷	0
入会	0
入会金	0
入会権	3
入会者	3
入会地	3
入海	3
入格	0
入閣	0
入学	0
入学願書	5
入学金	0
入学試験	6
入学式	4
入学難	4
入掛	0
入換	0
入換え	0
入棺	0
入監	0
入管	0
入館	0
入居	0
入居者	3
入渠	0
入漁	0
入漁権	3
入漁料	3
入京	0
入境	0
入金	0
入隅	0
入庫	0
入御	1
入交じる	4
入口	0
入坑	0
入校	0
入構	0
入江	0
入江鰐	4
入港	0
入稿	0
入貢	0
入国	0
入国管理	5
入国管理局	7
入国査証	5
入国審査官	7
入獄	0
入魂	0
入札	0
入山	0
入子詞	4
入市	0
入試	0
入歯	0
入寺	1
入室	0
入質	0
入舎	0
入射	0
入射角	3
入射光線	4
入社	0
入社試験	4
入寂	0
入手	0
入塾	0
入出力	4
入所	0
入賞	0
入城	0
入場	0
入場券	3
入場権	3
入場式	3
入場者	3
入場税	3
入場料	3
入植	0
入植者	4
入植地	4
入職率	4
入信	0
入神	0
入水	0
入声	0
入籍	0
入線	0
入船	0
入選	0
入選者	3
入宋	0
入相	0
入相の鐘	0
入替	0
入替え	0
入隊	0
入団	0
入知恵	0
入庁	0
入朝	0
入超	0
入津	0
入定	0
入廷	0
入電	0
入党	0
入刀	0
入唐	0
入湯	0
入道	1
入道雲	5
入内	0
入内雀	5
入日	0
入念	0
入梅	0
入費	0
入浜	0
入夫	0
入府	0
入部	0
入仏	0
入物	0
入母屋	0
入母屋造	5
入母屋造り	5
入方	0
入墨	0
入幕	0
入満	1
入婿	0
入滅	0
入綿	0
入麺	1
入木	0
入目	0
入門	0
入門書	0
入用	0
入浴	0
入浴剤	4
入来	0
入洛	1
入力	0
入力装置	5
入牢	0
入壻	3
入寇	0
入聟	3
入鋏	0
如かず	2
如く	0
如意	1
如意輪観音	5
如雨露	1
如何	2
如何して	1
如何しても	4
如何せん	2
如何な	2
如何なる	2
如何に	2
如何にも	2
如何の斯うの	1
如何わしい	5
如何許	3
如何致しまして	1
如何程	0
如何物	0
如何様	0
如何様師	4
如月	0
如才	0
如才ない	4
如才無い	4
如在無い	4
如実	0
如実知見	4
如上	0
如是	1
如是我聞	1
如菩薩	2
如法	0
如法暗夜	4
如来	0
如来禅	2
如来蔵	2
如露	1
如來	0
尿	1
尿意	1
尿管	0
尿器	1
尿検査	3
尿酸	0
尿失禁	3
尿素	1
尿素回路	4
尿素樹脂	4
尿道	0
尿道炎	0
尿道球腺	5
尿毒症	0
尿嚢	0
尿瓶	0
尿糞	2
尿膜	1
尿路	1
尿路結石	4
韮	0
任	1
任じる	0
任す	2
任ずる	3
任せる	3
任意	1
任意出頭	1
任意捜査	4
任意同行	4
任意保険	4
任官	0
任期	1
任侠	0
任国	1
任地	1
任務	1
任命	0
任命権	3
任免	0
任用	0
妊む	2
妊る	3
妊産婦	3
妊娠	0
妊娠中絶	5
妊娠中毒症	0
妊性	0
妊婦	1
忍	0
忍ばせる	4
忍び	0
忍びない	4
忍びの者	6
忍びの術	6
忍びやか	3
忍び逢い	0
忍び音	0
忍び会い	0
忍び寄る	4
忍び泣き	0
忍び泣く	4
忍び込む	4
忍び笑い	4
忍び声	4
忍び足	3
忍び難い	5
忍び入る	4
忍び返し	4
忍び歩き	4
忍ぶ	2
忍ぶ髷	3
忍会	0
忍苦	1
忍具	1
忍込む	4
忍者	1
忍受	1
忍従	0
忍術	1
忍辱	0
忍石	3
忍耐	1
忍耐強い	6
忍耐力	3
忍冬	3
忍刀	0
忍返し	4
忍法	1
忍髷	3
認め	0
認める	0
認め印	0
認印	0
認可	1
認許	1
認識	0
認識票	0
認識不足	0
認識論	4
認証	0
認証官	3
認証式	3
認諾	0
認知	1
認知科学	4
認知行動療法	8
認知心理学	6
認知的不協和	7
認知療法	4
認定	0
認否	1
認容	0
濡す	3
濡らす	0
濡る	0
濡れぎぬ	0
濡れそぼつ	4
濡れる	0
濡れ衣	0
濡れ羽色	0
濡れ縁	0
濡れ事	0
濡れ事師	4
濡れ手	0
濡れ場	0
濡れ色	0
濡れ鼠	3
濡れ髪	0
濡衣	0
濡縁	0
濡事	0
禰宜	1
祢宜	1
寧	1
寧ろ	1
寧楽時代	3
寧日	0
葱	1
葱頭	3
葱坊主	3
葱鮪	0
葱油	3
猫	1
猫かぶり	3
猫じゃらし	3
猫っ毛	2
猫なで声	5
猫の額	1
猫の目	1
猫ばば	0
猫可愛がり	3
猫火鉢	3
猫額	0
猫眼石	3
猫義義	3
猫脚	0
猫鮫	2
猫耳	0
猫車	3
猫脊	2
猫舌	0
猫足	0
猫背	2
猫板	0
猫被り	3
猫撫で声	5
猫糞	0
猫目石	3
猫柳	3
猫要らず	3
猫騙し	3
熱	2
熱々	0
熱い	2
熱さ	1
熱する	0
熱っぽい	4
熱の壁	0
熱め	0
熱り	3
熱り立つ	4
熱れ	3
熱エネルギー	4
熱愛	0
熱意	1
熱陰極	3
熱雲	0
熱延	0
熱演	0
熱汚染	3
熱可塑性	0
熱拡散	3
熱核反応	5
熱学	0
熱感	0
熱願	0
熱器具	3
熱機関	4
熱気	0
熱気球	3
熱狂	0
熱狂的	0
熱型	0
熱血	0
熱血漢	4
熱圏	0
熱源	0
熱交換器	5
熱効率	3
熱砂	1
熱賛	0
熱射病	0
熱臭い	4
熱処理	3
熱傷	0
熱唱	0
熱情	0
熱情的	0
熱心	1
熱水	0
熱性	0
熱盛	2
熱盛り	2
熱誠	0
熱戦	0
熱線	0
熱損失	3
熱帯	0
熱帯モンスーン気候	10
熱帯雨林	5
熱帯雨林気候	8
熱帯魚	3
熱帯植物	6
熱帯多雨林	6
熱帯低気圧	7
熱帯病	0
熱帯夜	3
熱帯林	3
熱中	0
熱中症	0
熱中性子	5
熱中性子炉	7
熱伝導	3
熱伝導率	5
熱電子	3
熱電対	3
熱度	1
熱湯	0
熱闘	0
熱熱	0
熱波	1
熱発	0
熱病	0
熱風	0
熱風炉	3
熱分解	3
熱弁	0
熱放射	3
熱望	0
熱膨張	3
熱容量	3
熱雷	0
熱量	2
熱量計	0
熱力学	4
熱涙	0
熱冷まし	3
熱烈	0
熱燗	0
年	2
年々	0
年々歳々	0
年かさ	0
年がら年中	5
年ごろ	2
年のころ	4
年の功	4
年の頃	4
年の市	4
年の瀬	0
年の暮	0
年の暮れ	0
年より	2
年益	1
年越	0
年越し	0
年越しそば	5
年越し蕎麦	5
年越蕎麦	5
年央	0
年下	0
年賀	1
年賀状	3
年賀葉書	4
年会	0
年回	0
年回り	3
年格好	3
年額	0
年割り	0
年恰好	3
年刊	0
年鑑	0
年間	0
年寄	3
年寄り	3
年寄り子	4
年寄り臭い	6
年寄り役	0
年寄る	3
年寄株	4
年寄衆	4
年忌	0
年期	0
年期者	0
年期奉公	4
年期明け	0
年季	0
年季奉公	4
年休	0
年給	0
年魚	1
年強	0
年玉	0
年金	0
年金基金	6
年金保険	5
年月	2
年月日	3
年限	3
年功	0
年功加俸	5
年功序列	0
年甲斐	0
年貢	0
年貢米	0
年号	3
年頃	0
年差	1
年祭	0
年産	0
年始	1
年始回り	4
年始状	0
年子	2
年歯	1
年次	1
年次有給休暇	8
年式	0
年若	0
年弱	0
年取る	3
年酒	1
年収	0
年初	1
年女	3
年商	0
年少	0
年少者	3
年上	0
年神	0
年嵩	0
年数	3
年生	0
年盛り	3
年税	0
年占	0
年租	1
年増	0
年増女	4
年代	0
年代記	3
年代物	0
年端	0
年男	3
年中	1
年中行事	1
年長	0
年長者	3
年度	1
年度初め	4
年度末	3
年頭	0
年頭教書	5
年内	1
年年	0
年年歳歳	0
年波	0
年輩	0
年配	0
年百年中	1
年表	0
年譜	0
年賦	0
年払い	3
年分	0
年柄年中	5
年別	0
年俸	0
年報	0
年忘れ	3
年毎	3
年末	0
年末調整	5
年明け	0
年余	1
年来	1
年利	0
年率	0
年輪	0
年令	0
年礼	0
年齢	0
年齢給	3
年齢層	3
年老いる	4
念	0
念々	0
念う	0
念じる	0
念ずる	0
念のため	0
念の為	0
念押し	0
念願	0
念校	0
念持仏	3
念写	0
念珠	1
念珠藻	3
念書	0
念晴し	3
念晴らし	3
念頭	0
念入り	0
念念	0
念仏	0
念仏往生	5
念仏三昧	5
念仏踊	5
念仏踊り	5
念無し	0
念力	0
念誦	1
捻くり回す	6
捻くる	3
捻くれる	4
捻くれ者	0
捻じる	2
捻じれる	3
捻じ曲げる	0
捻じ向ける	0
捻じ伏せる	4
捻り	3
捻り出す	4
捻り潰す	0
捻る	2
捻れる	3
捻向ける	0
捻挫	0
捻子	1
捻出	0
捻転	0
捻伏せる	4
撚り	3
撚り合せる	5
撚り合わせる	5
撚り糸	3
撚る	1
撚糸	1
撚翅	3
燃えかす	0
燃えがら	0
燃えさかる	4
燃えつく	3
燃える	0
燃え移る	4
燃え殻	0
燃え広がる	5
燃え差し	0
燃え残り	0
燃え出す	3
燃え上がる	4
燃え尽きる	4
燃え盛る	4
燃え付く	3
燃え立つ	3
燃え滓	3
燃す	1
燃やす	0
燃焼	0
燃焼炉	3
燃素	1
燃費	0
燃付く	3
燃木	0
燃油	0
燃立つ	3
燃料	3
燃料電池	5
粘っこい	4
粘つく	0
粘り	3
粘り気	0
粘り強い	5
粘り腰	0
粘り着く	0
粘り抜く	0
粘る	2
粘液	1
粘液質	4
粘液水腫	5
粘液腺	0
粘滑	0
粘菌	0
粘性	0
粘性率	3
粘弾性	0
粘着	0
粘着テープ	5
粘着剤	4
粘着性	0
粘着力	4
粘度	1
粘度計	0
粘土	1
粘土鉱物	4
粘土質	3
粘板岩	3
粘付く	0
粘膜	1
粘稠	0
乃	1
乃ち	2
乃公	0
乃至	1
乃父	1
之	0
之繞	0
埜	1
嚢	3
嚢腫	0
嚢状	0
嚢中	1
嚢胞	0
悩ましい	4
悩ます	3
悩み	3
悩みごと	0
悩み事	0
悩む	2
悩殺	0
悩乱	0
濃い	1
濃いめ	0
濃い口醤油	5
濃い仲	0
濃い目	0
濃やか	2
濃艶	0
濃化	0
濃厚	0
濃口醤油	5
濃紺	0
濃紫	3
濃縮	0
濃縮ウラン	5
濃淡	0
濃茶	1
濃度	1
濃密	0
濃霧	1
濃餅	0
濃餅汁	5
濃藍	0
濃硫酸	3
濃漿	1
納まり	0
納まり返る	5
納まる	3
納む	2
納め	3
納める	3
納め札	3
納屋	1
納会	0
納棺	0
納期	1
納金	0
納経	0
納戸	0
納戸色	0
納骨	0
納骨堂	0
納采	0
納札	0
納車	0
納受	1
納所	0
納税	0
納税額	3
納税者	3
納税申告	5
納豆	3
納豆菌	0
納豆汁	5
納得	0
納得ずく	6
納得尽く	6
納入	0
納杯	0
納品	0
納品書	0
納付	0
納付金	0
納本	0
納涼	0
能	1
能う	1
能く	1
能くする	1
能く能く	0
能なし	0
能楽	0
能楽堂	0
能掛かり	3
能管	0
能記	1
能狂言	3
能才	0
能事	1
能所	1
能書	0
能書き	0
能相	0
能装束	3
能天気	3
能転気	3
能動	0
能動態	0
能動的	0
能動免疫	5
能動輸送	5
能筆	0
能舞台	3
能文	0
能文家	0
能平	0
能平汁	5
能弁	0
能無し	0
能面	0
能役者	3
能吏	1
能率	0
能率給	4
能率的	0
能力	1
能力給	4
能辯	0
脳	1
脳いっ血	3
脳こうそく	3
脳たりん	0
脳みそ	3
脳溢血	3
脳炎	0
脳下垂体	4
脳下垂体後葉ホルモン	12
脳下垂体前葉ホルモン	12
脳回	0
脳外科	3
脳幹	0
脳橋	0
脳筋	0
脳血栓	3
脳梗塞	3
脳硬塞	3
脳挫傷	3
脳細胞	3
脳死	0
脳室	0
脳腫瘍	3
脳充血	3
脳出血	3
脳症	0
脳振盪	3
脳神経	3
脳神経節	5
脳震盪	3
脳髄	1
脳性	0
脳性麻痺	5
脳脊髄液	5
脳脊髄膜炎	8
脳足りん	0
脳卒中	3
脳底	0
脳天	3
脳天気	3
脳頭蓋	3
脳内	1
脳内出血	5
脳軟化症	5
脳波	1
脳梅毒	3
脳病	0
脳病院	3
脳貧血	3
脳浮腫	3
脳膜	1
脳膜炎	4
脳味噌	3
脳裏	1
脳裡	1
脳梁	0
脳力	1
脳漿	0
膿	2
膿む	1
膿胸	0
膿汁	0
膿尿	0
膿疱	0
膿疱疹	3
膿瘍	0
農	1
農園	0
農家	1
農科	1
農会	0
農学	0
農学校	3
農学部	3
農閑期	3
農期	1
農機具	3
農協	0
農業	1
農業革命	5
農業機械	6
農業協同組合	9
農業高等学校	9
農業試験場	0
農具	1
農芸	0
農芸化学	5
農工	0
農耕	0
農高	0
農作	0
農作業	3
農作物	4
農山村	3
農産	0
農産物	3
農事	1
農事試験場	0
農書	1
農場	0
農場主	3
農人	0
農水	0
農水省	3
農政	0
農相	0
農村	0
農村工業	5
農村部	3
農大	0
農地	1
農地委員会	5
農地改革	4
農奴	1
農奴解放	1
農道	0
農博	0
農繁期	3
農夫	1
農夫症	0
農婦	1
農兵	0
農法	0
農牧	0
農本主義	5
農民	0
農民一揆	5
農民運動	5
農民文学	5
農務	1
農薬	0
農林	0
農林水産省	7
農林水産大臣	9
覗き	0
覗きこむ	4
覗き眼鏡	4
覗き機関	4
覗き見	0
覗き込む	4
覗き絡繰り	4
覗く	0
覗眼鏡	4
覗機関	4
蚤	2
蚤の市	4
蚤取り粉	0
蚤取粉	0
蚤虫	2
巴	0
巴鴨	4
巴瓦	4
巴戦	0
巴丹	0
巴旦杏	0
巴投げ	0
巴豆	1
巴利語	0
把	1
把っ手	0
把む	2
把握	0
把持	1
把手	3
把捉	0
播く	1
播種	1
播州	0
覇	1
覇王	2
覇王樹	2
覇気	1
覇業	0
覇権	0
覇者	1
覇道	1
杷	1
波	2
波うちぎわ	0
波の花	5
波よけ	0
波音	0
波間	0
波及	0
波型	0
波形	2
波戸	1
波戸場	0
波高	0
波斯	1
波斯菊	3
波止	0
波止場	0
波旬	1
波除け	4
波乗り	0
波状	0
波状攻撃	4
波状熱	2
波食	0
波蝕	0
波数	2
波線	0
波打ち際	0
波打つ	3
波打際	0
波長	0
波頭	3
波動	0
波動関数	4
波動説	3
波動方程式	6
波板	0
波布	1
波布草	0
波布茶	2
波風	2
波枕	3
波面	0
波紋	0
波羅夷	2
波羅蜜	2
波乱	0
波乱万丈	1
波立つ	3
波路	0
波浪	0
波濤	0
波瀾	0
波瀾万丈	1
波磔	0
派	1
派遣	0
派遣軍	2
派遣労働者	6
派手	2
派手好き	0
派手好み	3
派出	0
派出所	0
派出婦	3
派生	0
派生語	0
派生需要	4
派生的	0
派閥	0
派閥主義	4
派兵	0
破	1
破く	2
破ける	3
破たん	0
破り子	0
破り籠	0
破る	2
破れ	3
破れかぶれ	4
破れる	3
破れ傘	3
破れ鐘	0
破れ鍋	0
破れ物	0
破れ目	0
破瓜	1
破瓜病	0
破屋	0
破家	1
破壊	0
破壊活動防止法	4
破壊者	2
破壊的	0
破壊分子	4
破壊力	2
破戒	0
破格	0
破殻	1
破顔	1
破顔一笑	1
破棄	1
破鏡	0
破局	0
破獄	0
破婚	0
破砕	0
破砕機	2
破擦音	3
破産	0
破産管財人	0
破産宣告	4
破算	0
破子	0
破邪	1
破邪顕正	1
破傷風	0
破傷風菌	0
破鐘	0
破水	0
破線	0
破船	0
破損	0
破題	0
破綻	0
破断	0
破談	0
破竹	0
破竹の勢い	7
破調	0
破天荒	2
破風	0
破物	0
破片	0
破防法	0
破魔	1
破魔弓	2
破魔矢	2
破滅	0
破目	2
破門	0
破約	0
破倫	0
破裂	0
破裂音	3
破廉恥	2
破廉恥罪	4
破牢	0
破毀	1
破摧	0
破籠	0
婆	1
婆あ	2
婆さん	1
婆や	3
婆婆鰈	3
婆抜き	3
婆羅門	0
婆羅門教	0
婆娑羅	0
罵り	4
罵る	3
罵言	0
罵声	0
罵倒	0
罵詈	1
罵詈雑言	1
罵詈讒謗	1
芭蕉	0
芭蕉梶木	4
芭蕉旗魚	4
馬	2
馬そり	0
馬のほね	5
馬の骨	5
馬の足	5
馬の背	0
馬虻	3
馬印	3
馬屋	0
馬珂貝	2
馬稼	1
馬回り	3
馬鎧	3
馬革	0
馬脚	0
馬具	1
馬喰	0
馬櫛	2
馬鍬	1
馬券	0
馬甲	3
馬耕	0
馬刺	0
馬刺し	0
馬子	1
馬子にも衣裳	1
馬子にも衣装	1
馬市	2
馬耳東風	1
馬鹿	1
馬鹿げる	3
馬鹿たれ	0
馬鹿でかい	4
馬鹿に	1
馬鹿ばやし	3
馬鹿やろう	3
馬鹿らしい	4
馬鹿貝	2
馬鹿穴	0
馬鹿者	0
馬鹿臭い	4
馬鹿笑い	3
馬鹿垂れ	0
馬鹿正直	3
馬鹿騒ぎ	3
馬鹿丁寧	3
馬鹿鳥	2
馬鹿当り	3
馬鹿馬鹿しい	5
馬鹿面	0
馬鹿野郎	3
馬鹿力	3
馬鹿話	3
馬鹿囃子	3
馬鹿慇懃	3
馬車	1
馬車鉄道	3
馬車馬	0
馬主	2
馬手	1
馬首	1
馬術	1
馬小屋	0
馬上	0
馬乗り	0
馬場	1
馬食	0
馬酔木	0
馬船	0
馬槽	0
馬草	0
馬賊	1
馬体	0
馬大頭	3
馬鐸	0
馬丁	0
馬跳び	3
馬追い	0
馬追虫	3
馬蹄	0
馬蹄形	0
馬蹄螺	2
馬刀貝	2
馬頭	0
馬頭観音	4
馬頭琴	2
馬頭星雲	4
馬道	1
馬肉	0
馬乳酒	2
馬蝿	2
馬蛤貝	2
馬肥	3
馬肥やし	3
馬匹	0
馬蛭	0
馬糞	0
馬糞紙	2
馬糞鷹	3
馬偏	0
馬返し	3
馬方	0
馬房	0
馬面	0
馬面剥	4
馬陸	0
馬糧	0
馬力	0
馬鈴薯	0
馬鈴薯澱粉	5
馬齢	0
馬連	0
馬梳	2
馬楝	0
馬橇	0
馬蠅	2
馬銜	0
俳画	0
俳句	0
俳号	0
俳人	0
俳聖	0
俳壇	0
俳風	0
俳文	0
俳味	3
俳名	0
俳優	0
俳友	0
俳諧	0
俳諧師	3
俳謔	0
廃す	1
廃する	3
廃り	0
廃る	0
廃れる	0
廃ガス	0
廃案	0
廃位	1
廃液	0
廃駅	0
廃園	0
廃屋	0
廃家	1
廃刊	0
廃艦	0
廃棄	1
廃棄物	3
廃却	0
廃虚	1
廃業	0
廃語	0
廃坑	0
廃校	0
廃鉱	0
廃合	0
廃材	0
廃山	0
廃残	0
廃止	0
廃寺	1
廃疾	0
廃車	0
廃除	1
廃娼	0
廃城	0
廃人	0
廃水	0
廃絶	0
廃線	0
廃船	0
廃村	0
廃退	0
廃宅	0
廃嫡	0
廃帝	0
廃刀令	3
廃熱	0
廃藩	0
廃藩置県	5
廃盤	0
廃品	0
廃部	0
廃仏毀釈	5
廃物	0
廃兵	0
廃滅	0
廃油	0
廃炉	0
廃墟	1
廃頽	0
拝	1
拝す	1
拝する	3
拝み倒す	5
拝む	2
拝謁	0
拝火教	0
拝賀	1
拝観	0
拝観料	3
拝顔	0
拝金	0
拝具	1
拝啓	1
拝見	0
拝察	0
拝辞	1
拝謝	1
拝借	0
拝受	1
拝承	0
拝趨	0
拝聴	0
拝呈	0
拝殿	0
拝読	0
拝眉	1
拝復	0
拝物教	0
拝聞	0
拝命	0
拝領	0
拝礼	0
排す	1
排する	3
排せつ	0
排ガス	0
排液	0
排煙	0
排外	0
排気	0
排気ガス	4
排気管	0
排気口	0
排気弁	0
排気量	3
排球	0
排菌	0
排撃	0
排出	0
排出基準	5
排出物	4
排除	1
排水	0
排水管	0
排水孔	0
排水溝	0
排水量	3
排水路	3
排斥	0
排雪	0
排他	0
排他的	0
排他的経済水域	10
排他的論理和	8
排中律	3
排日	0
排尿	0
排熱	0
排便	0
排卵	0
排列	0
排泄	0
排泄物	4
排簫	0
排翅	1
敗	1
敗ける	0
敗る	2
敗れ	3
敗れる	3
敗因	0
敗軍	0
敗血症	4
敗残	0
敗残兵	3
敗者	1
敗者復活戦	1
敗将	0
敗色	0
敗戦	0
敗戦投手	5
敗訴	1
敗走	0
敗退	0
敗報	0
敗亡	0
敗北	0
敗北る	0
敗北主義	5
敗滅	0
敗衄	0
杯	0
杯事	0
杯洗	0
杯洗い	5
杯盤	0
杯盤狼藉	0
盃	4
盃洗	0
牌	1
背	1
背く	2
背ける	3
背なか	0
背のび	1
背びれ	0
背ぼね	0
背もたれ	2
背圧	0
背泳	0
背泳ぎ	2
背越し	0
背延び	1
背開き	2
背格好	0
背較べ	3
背革	0
背割	0
背割り	0
背恰好	2
背競べ	3
背教	0
背筋	0
背筋力	3
背景	1
背戸	1
背後	1
背後関係	4
背広	0
背甲	0
背高	0
背高泡立草	0
背高鷸	5
背黒鴎	4
背黒鰺刺	4
背黒鶺鴒	4
背骨	0
背脂	2
背丈	1
背伸び	1
背信	0
背信行為	5
背水の陣	6
背走	0
背馳	1
背中	0
背中合せ	4
背中合わせ	4
背徳	0
背日性	0
背任	0
背任罪	3
背嚢	0
背抜き	0
背反	0
背板	1
背番号	2
背比べ	3
背皮	0
背美鯨	3
背表紙	2
背鰭	0
背負い込む	3
背負い投げ	0
背負う	2
背負子	0
背部	1
背幅	0
背文字	0
背縫い	0
背面	0
背面跳び	0
背戻	0
背約	0
背油	2
背理	1
背理法	0
背離	1
背臨	0
背凭れ	2
肺	0
肺がん	0
肺炎	0
肺炎双球菌	0
肺活量	4
肺患	0
肺肝	0
肺癌	0
肺気腫	3
肺吸虫	3
肺魚	1
肺結核	3
肺血症	4
肺呼吸	3
肺循環	3
肺書	0
肺浸潤	3
肺水腫	3
肺性心	3
肺静脈	3
肺尖	0
肺尖カタル	5
肺尖加答児	5
肺臓	0
肺臓ジストマ	5
肺動脈	3
肺病	0
肺胞	0
肺門	0
肺葉	0
肺腑	0
輩	4
輩出	0
配す	1
配する	3
配り物	0
配る	2
配位化合物	5
配位結合	4
配位子	3
配意	1
配下	1
配管	0
配管工	0
配球	0
配給	0
配給所	0
配給米	0
配偶	0
配偶子	3
配偶者	3
配偶体	0
配光	0
配向	0
配向性	0
配合	0
配合禁忌	5
配剤	0
配車	0
配所	0
配乗	0
配色	0
配信	0
配水	0
配水管	0
配線	0
配線図	3
配線盤	0
配船	0
配膳	0
配膳室	3
配送	0
配属	0
配属将校	5
配達	0
配達証明	5
配達料	4
配置	0
配置転換	4
配置薬	3
配転	0
配点	0
配電	0
配電所	0
配電線	0
配電盤	0
配当	0
配当金	0
配当落ち	0
配当率	3
配糖体	0
配備	1
配付	0
配布	0
配賦	0
配分	0
配本	0
配役	0
配流	1
配慮	1
配列	0
倍	0
倍する	3
倍音	0
倍加	0
倍角	0
倍額	0
倍旧	0
倍数	3
倍数性	0
倍数体	0
倍増	0
倍増し	0
倍大	0
倍返し	3
倍率	0
倍良	0
培う	3
培地	1
培養	0
培養液	3
培養基	3
培養土	3
媒	0
媒介	0
媒介者	3
媒介変数	5
媒質	0
媒酌	0
媒酌人	0
媒人	2
媒染	0
媒染剤	0
媒体	0
媒鳥	0
媒妁人	0
梅	0
梅雨	0
梅雨空	3
梅雨時	0
梅雨晴れ	0
梅雨前線	4
梅雨入り	0
梅雨明け	0
梅園	0
梅花	1
梅花空木	4
梅干	0
梅干し	0
梅擬	3
梅擬き	3
梅見	3
梅見月	3
梅酒	0
梅酢	0
梅桃	3
梅毒	1
梅肉	0
梅鉢草	0
梅林	0
梅暦	3
梅霖	0
楳	0
煤	1
煤ける	0
煤煙	0
煤色	0
煤塵	0
煤掃き	3
煤竹	0
煤払い	3
買い	0
買いあおる	4
買いあさる	4
買いかぶる	4
買いたて	0
買いだめ	0
買いオペレーション	5
買い掛け	0
買い掛け金	0
買い換える	4
買い気	0
買い求める	5
買い漁る	4
買い言葉	3
買い控え	0
買い込む	3
買い支え	0
買い主	2
買い取り	0
買い取る	3
買い手	0
買い手市場	4
買い受ける	4
買い出し	0
買い出す	3
買い初め	0
買い上げ	0
買い上げる	4
買い食い	0
買い切る	3
買い占め	0
買い占める	4
買い煽る	4
買い足す	3
買い駄目	0
買い替える	4
買い叩く	4
買い値	0
買い置き	0
買い得	0
買い入れ	0
買い入れる	4
買い被る	4
買い付け	0
買い付ける	4
買い物	0
買い物客	4
買い物袋	5
買い方	0
買い戻し	0
買い戻す	4
買い薬	3
買い与える	0
買い立て	0
買い溜め	0
買う	0
買だめ	0
買掛金	0
買求める	5
買込む	3
買主	2
買取り	0
買手	0
買受ける	4
買収	0
買出し	0
買出す	3
買春	0
買上げ	0
買上げる	4
買占め	0
買足す	3
買叩く	4
買値	0
買得	0
買入	0
買入れ	0
買入れる	4
買付	0
買付け	0
買物	0
買物客	4
買物袋	5
買弁	0
買弁的	0
買戻す	4
買薬	3
買溜め	0
売り	0
売りさばく	4
売りつける	4
売りオペレーション	5
売り家	0
売り掛け	0
売り掛け金	0
売り急ぐ	4
売り玉	0
売り建て	0
売り言葉	3
売り広める	5
売り込み	0
売り込む	3
売り捌き	0
売り捌く	4
売り子	0
売り児	0
売り主	2
売り手	0
売り手市場	4
売り渋る	4
売り出し	0
売り出す	3
売り上	0
売り上げ	0
売り上げ高	4
売り上げ税	4
売り場	0
売り食い	0
売り尽くす	4
売り尽す	4
売り声	0
売り惜しむ	4
売り切る	3
売り切れ	0
売り切れる	4
売り叩く	4
売り値	0
売り地	0
売り渡し	0
売り渡す	4
売り買い	2
売り飛ばす	4
売り付ける	4
売り払う	4
売り物	0
売り歩く	4
売り方	0
売り薬	3
売り立て	0
売る	0
売れっ子	0
売れる	0
売れ筋	2
売れ口	0
売れ行き	0
売れ高	0
売れ残り	0
売れ残る	4
売れ線	0
売れ足	0
売淫	0
売価	1
売家	0
売掛勘定	5
売掛金	0
売却	0
売行	0
売行き	0
売国	0
売国奴	4
売込み	0
売子	0
売主	2
売手	0
売出	0
売出し	0
売出す	3
売春	0
売春婦	3
売女	1
売娼	0
売笑	0
売笑婦	3
売上	0
売上げ	0
売上金	0
売上原価	5
売上高	4
売上税	4
売場	0
売色	0
売人	0
売切	0
売切る	3
売切れ	0
売切れる	4
売値	0
売地	0
売店	0
売渡す	4
売買	1
売買一任勘定	1
売買契約	5
売買高	3
売品	0
売付ける	4
売払う	4
売物	0
売文	0
売卜	0
売名	0
売約	0
売薬	3
売立て	0
賠償	0
賠償金	0
賠償責任保険	9
賠責	0
陪観	0
陪餐	0
陪侍	1
陪従	0
陪乗	0
陪食	0
陪審	0
陪審員	3
陪臣	0
陪席	0
陪都	1
陪堂	1
這々	0
這々の体	6
這いずる	3
這いつくばる	5
這いよる	0
這い回る	4
這い寄る	0
這い込む	3
這い出す	3
這い出る	3
這い松	0
這い上がる	4
這い上る	1
這い登る	0
這い這い	1
這い蹲う	5
這い蹲る	5
這う	1
這う這うの体	6
這入り込む	4
這入る	1
這這	0
這這の体	6
這柏槇	3
蝿座	0
蝿取	0
蝿取り	0
蝿取り紙	4
蝿取り草	0
蝿取紙	4
蝿取草	0
蝿叩き	3
蝿地獄	3
秤	0
秤動	0
秤量	0
矧ぐ	1
萩	1
萩の餅	1
萩原	2
萩焼	0
伯	1
伯家神道	4
伯楽	0
伯兄	0
伯爵	0
伯叔	0
伯仲	0
伯父	0
伯父さん	0
伯父貴	0
伯父御	0
伯母	0
伯母さん	0
剥がし暦	4
剥がす	2
剥がれる	3
剥き海老	2
剥き出し	0
剥き出す	3
剥き身	0
剥ぎ取り	0
剥ぎ取る	3
剥く	0
剥ぐ	1
剥ける	0
剥げる	2
剥げ落ちる	4
剥し暦	4
剥す	2
剥る	2
剥れる	0
剥焼	0
剥身	0
剥製	0
剥奪	0
剥脱	0
剥板	0
剥片	0
剥落	0
剥離	1
博す	2
博する	3
博愛	0
博愛主義	5
博引	0
博引傍証	0
博引旁証	0
博雅	1
博学	0
博学多才	0
博言学	3
博士	1
博士課程	4
博士号	3
博識	0
博捜	0
博打	0
博打の木	5
博打打ち	3
博大	0
博徒	1
博物	2
博物学	4
博物館	4
博聞	0
博聞強記	5
博覧	0
博覧会	3
博覧強記	5
博労	0
博奕	0
博奕打ち	3
拍	1
拍子	3
拍子記号	4
拍子抜け	0
拍子木	3
拍車	0
拍手	1
拍手喝采	1
拍数	3
拍動	0
拍板	0
柏	0
柏手	0
柏鵬時代	5
柏槙	3
柏木	0
柏餅	3
泊まり	0
泊まり込み	0
泊まり込む	4
泊まり番	0
泊まる	0
泊める	0
泊り	0
泊りがけ	0
泊り掛け	0
泊り客	3
泊り込み	0
泊り込む	4
泊り賃	3
泊る	0
泊地	1
白	1
白々	2
白々しい	5
白々明け	0
白あん	0
白い	2
白い物	2
白かゆ	2
白ける	3
白げる	3
白し	1
白っぽい	4
白み	0
白む	2
白め	2
白タク	0
白バイ	0
白ロシア	3
白ワイン	3
白亜	1
白亜館	3
白亜紀	3
白亜質	3
白衣	1
白一色	1
白芋	0
白隠元	3
白羽	0
白雨	1
白瓜	0
白雲	0
白雲石	3
白雲母	3
白雲木	3
白衛軍	3
白煙	0
白鉛鉱	3
白化	0
白河夜船	5
白禍	1
白花蒲公英	5
白海豚	3
白額	3
白樫	2
白樺	0
白樺油	4
白茅	1
白粥	2
白眼	1
白眼視	3
白雁	0
白旗	2
白蟻	0
白蟻擬	5
白菊	2
白詰め草	3
白詰草	3
白球	0
白魚	2
白玉	0
白玉椿	5
白玉粉	4
白玉楼	4
白金	0
白金イリジウム	7
白金黒	3
白金族元素	7
白銀	0
白靴	0
白熊	0
白軍	0
白血球	3
白血病	0
白絹	2
白鍵	0
白狐	3
白胡麻	0
白虎	1
白光	0
白口	0
白孔雀	3
白濠主義	5
白豪主義	5
白黒	0
白骨	0
白砂	0
白砂青松	0
白砂糖	3
白犀	0
白菜	3
白鷺	0
白鮭	3
白山石楠花	5
白子	1
白子干し	0
白子鳩	4
白糸	0
白紙	0
白紙委任	4
白磁	0
白蛇	0
白酒	0
白首	2
白寿	1
白州	1
白洲	1
白洲梯子	4
白書	1
白焼き	0
白状	1
白色	0
白色わい星	5
白色テロ	5
白色光	4
白色人種	5
白色体	0
白色矮星	5
白身	0
白人	0
白人種	3
白刃	1
白酢	0
白水	2
白水郎	3
白菅	2
白星	2
白声	0
白石	2
白雪	2
白千鳥	3
白川夜舟	5
白川夜船	5
白扇	0
白線	0
白銑	2
白組	0
白鼠	3
白装束	3
白足袋	0
白太	2
白滝	2
白沢	0
白濁	0
白炭	0
白檀	2
白檀油	3
白地	0
白地図	3
白地地域	4
白痴	0
白痴者	0
白痴美	3
白茶	2
白茶ける	4
白中夢	3
白昼	0
白昼夢	3
白蝶	2
白蝶貝	3
白長須鯨	6
白鳥	0
白鳥の歌	7
白鳥座	0
白鉄鉱	3
白点病	0
白田	1
白田売買	4
白兎	3
白塗り	0
白土	2
白桃	0
白湯	1
白湯文字	3
白灯蛾	3
白灯油	3
白頭翁	3
白頭鷲	3
白道	0
白銅	0
白銅貨	3
白禿瘡	0
白内障	0
白虹	0
白日	0
白日夢	4
白葱	0
白熱	0
白熱戦	0
白熱的	0
白熱電球	5
白熱灯	0
白波	0
白馬	1
白梅	0
白萩	2
白拍子	3
白白	3
白白しい	5
白白明け	0
白肌	0
白鉢巻	4
白髪	3
白髪まじり	4
白髪交じり	4
白髪混じり	4
白髪染め	0
白髪頭	4
白隼	3
白帆	0
白斑	0
白板	0
白飯	0
白皮症	0
白飛白	3
白眉	1
白鼻心	3
白百合	2
白票	0
白描	0
白浜	0
白膚	0
白葡萄酒	4
白腹	3
白物	0
白粉	0
白粉花	3
白粉臭い	6
白粉焼	0
白粉中毒	5
白文	0
白兵	0
白兵戦	0
白米	2
白壁	0
白鳳	0
白鳳時代	5
白房	0
白墨	0
白魔	1
白味噌	0
白妙	0
白無垢	0
白綿子樹	6
白面	1
白毛	0
白木	0
白木瓜	0
白木耳	4
白木蓮	3
白目	2
白夜	1
白楊	3
白羊宮	3
白梨樹	6
白竜	0
白燐	0
白蓮	2
白露	0
白浪	0
白浪物	0
白蝋	0
白蝋虫	1
白蝋病	0
白和え	0
白話	1
白話小説	4
白亳	0
白堊	1
白檜	3
白檜曾	0
白栲	0
白梟	4
白毫	0
白癜	3
白癡者	0
白癩	0
白癬	0
白癬菌	0
白皙	0
白絣	3
白膠木	0
白鑞	1
白雉	1
白韲え	0
白餡	0
白髯	0
白鱚	0
白鶺鴒	3
箔	1
箔押し	0
箔力粉	4
粕	1
粕取り	0
粕汁	3
粕漬け	0
舶載	0
舶来	0
舶来品	0
薄	1
薄々	0
薄い	0
薄ぎたない	5
薄っぺら	0
薄のろ	0
薄ばか	0
薄ぼんやり	5
薄まる	3
薄め	0
薄める	0
薄ら	3
薄らぐ	3
薄ら寒い	5
薄ら笑い	4
薄れる	3
薄暗い	4
薄暗がり	0
薄闇	0
薄衣	0
薄羽蜉蝣	5
薄雲	0
薄縁	0
薄塩	0
薄汚い	5
薄汚ない	5
薄汚れる	0
薄化粧	3
薄荷	0
薄荷水	3
薄荷精	3
薄荷糖	0
薄荷脳	3
薄荷油	3
薄気味わるい	6
薄気味悪い	6
薄給	0
薄遇	0
薄絹	0
薄倖	0
薄口	0
薄口醤油	5
薄幸	0
薄紅	3
薄黒い	4
薄志	1
薄志弱行	1
薄紙	0
薄紫	4
薄紗	1
薄謝	1
薄弱	0
薄手	0
薄暑	1
薄商い	4
薄焼き	0
薄笑い	3
薄情	0
薄情者	0
薄色	0
薄刃	0
薄青	0
薄切り	0
薄雪	0
薄雪草	0
薄雪鳩	5
薄層	0
薄団	0
薄地	0
薄茶	0
薄着	0
薄塗	0
薄塗り	0
薄桃色	0
薄曇	0
薄曇り	0
薄鈍	0
薄肉	0
薄肉彫り	3
薄日	0
薄馬鹿	0
薄白い	4
薄薄	0
薄板	0
薄皮	0
薄氷	0
薄物	0
薄片	0
薄暮	1
薄墨	0
薄膜	0
薄味	0
薄命	0
薄明	0
薄明かり	3
薄明り	3
薄明るい	0
薄毛	0
薄目	0
薄揚げ	0
薄様	0
薄葉	0
薄葉細辛	4
薄葉紙	3
薄利	1
薄利多売	1
薄力粉	4
薄緑	3
薄帛	0
薄靄	0
迫り出す	3
迫り上がる	0
迫り上る	0
迫る	2
迫害	0
迫撃	0
迫撃砲	0
迫持	0
迫出す	3
迫上る	4
迫真	0
迫力	2
曝けだす	4
曝け出す	4
曝し者	0
曝し首	3
曝す	0
曝気	0
曝首	3
曝書	1
曝涼	0
曝露	1
漠々	0
漠然	0
漠漠	0
爆ごう	0
爆ぜる	2
爆煙	0
爆音	0
爆撃	0
爆撃機	4
爆轟	0
爆砕	0
爆殺	0
爆死	0
爆傷	0
爆笑	0
爆心	0
爆装	0
爆走	0
爆弾	0
爆竹	0
爆沈	0
爆燃	0
爆破	0
爆発	0
爆発音	4
爆発的	0
爆発物	4
爆発力	4
爆風	0
爆薬	0
爆雷	0
爆裂	0
爆裂弾	4
縛する	3
縛め	0
縛める	4
縛り	3
縛りつける	5
縛り首	3
縛り上げる	5
縛り付ける	5
縛る	2
縛れる	3
莫れ	2
莫迦	1
莫逆	0
莫逆の友	6
莫大	0
莫大小	0
莫連	0
駁	1
駁する	3
駁撃	0
駁毛	2
駁論	0
麦	1
麦こがし	3
麦ごはん	3
麦ご飯	3
麦の秋	1
麦みそ	0
麦わら	0
麦わら帽子	5
麦扱き	2
麦価	1
麦芽	0
麦芽糖	0
麦角	0
麦角菌	0
麦刈り	0
麦御飯	3
麦麹	3
麦作	0
麦蒔	2
麦蒔き	2
麦酒	1
麦秋	0
麦焦がし	3
麦焦し	3
麦打ち	0
麦茶	2
麦笛	0
麦田	0
麦湯	2
麦踏み	2
麦畑	3
麦飯	0
麦粉	3
麦味噌	0
麦粒腫	3
麦藁	0
麦藁帽子	5
麦藁蜻蛉	5
麦搗き	2
麦稈	0
麦稈細工	5
麦稈帽子	5
麦繞	0
麦隴	0
函	0
函れる	0
函蓋	0
函渠	1
函数	3
箱	0
箱のり	0
箱屋	0
箱河豚	0
箱火鉢	3
箱海老	0
箱眼鏡	3
箱詰め	0
箱根山椒魚	6
箱師	2
箱寿司	2
箱舟	0
箱書き	0
箱乗り	0
箱船	0
箱庭	0
箱入り	0
箱入り娘	5
箱入娘	5
箱馬車	0
箱物	0
箱枕	3
箱柳	0
箸	1
箸まくら	3
箸休め	3
箸紙	2
箸初め	0
箸洗い	3
箸台	2
箸置	3
箸置き	2
箸箱	0
箸枕	3
肇国	0
筈	0
筈押し	0
筈緒	0
櫨	1
櫨の木	1
幡	0
幡幢	0
肌	1
肌あれ	0
肌ざわり	3
肌衣	3
肌掛け布団	5
肌掛布団	5
肌寒	0
肌寒い	4
肌荒	0
肌荒れ	0
肌合	0
肌合い	0
肌骨	0
肌色	0
肌触り	3
肌触わり	3
肌身	1
肌脱ぎ	0
肌着	3
肌布団	3
肌膚	1
肌理	2
肌理細か	3
肌襦袢	3
畑	0
畑違い	4
畑栗鼠	0
畑作	0
畑焼	0
畑焼き	0
畑水練	4
畑鼠	3
畑打ち	0
畑地	0
畠	0
八	2
八つ	3
八つあたり	3
八つ橋	2
八つ口	0
八つ時	0
八つ手	0
八つ手網	3
八つ切り	0
八つ当たり	0
八つ当り	0
八つ頭	3
八つ目	0
八つ目鰻	4
八つ目鏑	4
八つ裂き	0
八の字	3
八ッ橋	2
八ツ橋	2
八家	1
八戒	2
八角	4
八角形	3
八角鷹	0
八掛	3
八釜しい	4
八岐大蛇	5
八脚門	4
八虐	0
八逆	0
八橋	2
八苦	1
八卦	0
八景	1
八月	4
八月大名	5
八股	1
八股文	3
八口	0
八紘	0
八紘一宇	6
八荒	0
八坂瓊曲玉	0
八朔	0
八字髭	3
八識	2
八尺瓊の勾玉	0
八尺瓊曲玉	0
八尺瓊勾玉	0
八手	0
八宗	1
八州	1
八洲国	3
八十	3
八十八箇所	7
八十八夜	6
八十路	1
八重	1
八重垣	2
八重咲き	0
八重桜	3
八重歯	1
八重葎	3
八将神	3
八省	1
八丈	2
八丈桑	5
八丈絹	5
八丈縞	0
八色の姓	5
八色姓	4
八色鳥	0
八尋	1
八寸	3
八正道	3
八聖道	3
八切	0
八千	1
八千種	2
八千草	2
八千代	1
八専	1
八双	0
八足門	4
八大地獄	5
八大明王	7
八達	0
八端	1
八端織	0
八端織り	0
八段	1
八丁	1
八潮路	3
八珍	0
八挺	1
八頭	3
八頭身	3
八道	2
八徳	0
八日	0
八白	0
八幡	2
八幡宮	3
八反	1
八百	4
八百屋	0
八百屋防風	4
八百長	0
八百八橋	5
八百八町	5
八百万	3
八百万の神	3
八品詞	3
八部	2
八部衆	3
八分	2
八分音符	4
八分儀	3
八分儀座	0
八分目	5
八文字	3
八宝菜	3
八方	3
八方ふさがり	5
八方行灯	5
八方塞がり	5
八方破れ	5
八方美人	5
八方睨み	5
八万	2
八万四千	5
八面	2
八面玲瓏	0
八面六臂	5
八木アンテナ	3
八目鰻	4
八目鏑	4
八咫の鏡	6
八咫烏	3
八咫鏡	6
八哥鳥	0
鉢	2
鉢の木	3
鉢巻	2
鉢巻き	2
鉢合せ	3
鉢合わせ	3
鉢植	0
鉢植え	0
鉢物	0
溌剌	0
溌溂	0
発	1
発する	0
発つ	1
発案	0
発案権	3
発意	1
発育	0
発駅	0
発炎筒	0
発煙	0
発煙筒	0
発音	0
発音器	3
発音器官	6
発音記号	5
発火	0
発火点	3
発芽	0
発会	0
発会式	3
発覚	0
発刊	0
発汗	0
発艦	0
発癌	0
発癌物質	5
発願	0
発揮	0
発起	0
発起人	0
発議	1
発給	0
発狂	0
発局	0
発禁	0
発句	0
発掘	0
発券	0
発見	0
発見的方法	0
発現	0
発言	0
発言権	3
発言力	3
発呼	1
発御	1
発語	0
発光	0
発光ダイオード	7
発光器	3
発光菌	0
発光細菌	5
発光植物	6
発光体	0
発光塗料	5
発光動物	5
発効	0
発効日	3
発向	0
発航	0
発行	0
発行市場	5
発行者	3
発行所	0
発行日	3
発酵	0
発酵菌	0
発酵素	3
発酵乳	3
発作	0
発作的	0
発散	0
発止	0
発射	0
発車	0
発出	0
発症	0
発祥	0
発祥地	3
発情	0
発情ホルモン	5
発情期	3
発情周期	5
発条	1
発条仕掛け	5
発条指	2
発条秤	3
発色	0
発色団	4
発信	0
発信機	3
発信局	3
発信人	0
発心	0
発振	0
発振器	3
発疹	0
発疹チフス	5
発進	0
発水	0
発生	0
発生生物学	8
発声	0
発声器官	6
発声法	0
発赤	0
発赤薬	4
発想	0
発想標語	5
発走	0
発送	0
発足	0
発達	0
発達障害	5
発達心理学	7
発端	0
発着	0
発注	0
発註	0
発展	0
発展性	0
発展的	0
発展的解消	0
発展途上国	6
発電	0
発電機	3
発電子	3
発電所	0
発頭	3
発頭人	0
発動	0
発動機	3
発熱	0
発熱量	4
発破	0
発馬	0
発売	0
発売禁止	0
発売元	0
発表	0
発表会	3
発病	0
発布	0
発憤	0
発奮	0
発泡	0
発泡スチロール	7
発泡剤	3
発泡酒	3
発砲	0
発砲スチロール	7
発明家	0
発毛	0
発問	0
発揚	0
発令	0
発露	1
発話	0
発剌	0
発勁	1
醗酵	0
髪	2
髪の毛	3
髪の毛座	0
髪冠	3
髪型	0
髪形	0
髪結	0
髪結い	0
髪結い床	3
髪綱	2
髪床	0
髪飾り	3
髪切り虫	4
髪切虫	4
髪洗い粉	3
髪挿	0
髪置	0
髪置き	0
髪剃菜	4
髪頭	3
髪文字	0
髪油	3
伐り出す	3
伐る	1
伐採	0
伐倒	0
伐木	0
罰	2
罰する	0
罰金	0
罰則	0
罰点	3
罰当たり	3
罰当り	3
罰杯	0
罰俸	0
抜かす	0
抜かり	0
抜かる	0
抜き	1
抜きん出る	4
抜き荷	0
抜き去る	3
抜き合わせる	5
抜き差し	0
抜き差しならぬ	6
抜き刷	0
抜き刷り	0
抜き糸	3
抜き取り検査	5
抜き取る	3
抜き手	0
抜き出す	3
抜き出る	3
抜き書き	0
抜き身	0
抜き足	0
抜き足差し足	0
抜き打ち	0
抜き打ち解散	5
抜き読み	0
抜き放つ	4
抜く	0
抜けだす	3
抜ける	0
抜け殻	0
抜け駆け	0
抜け穴	0
抜け作	0
抜け参り	3
抜け出す	3
抜け出る	3
抜け上がる	4
抜け替わる	4
抜け道	0
抜け抜け	1
抜け毛	0
抜け目	0
抜け落ちる	4
抜け裏	0
抜け路	0
抜てき	0
抜殻	0
抜苦与楽	1
抜駆け	0
抜群	0
抜穴	0
抜剣	0
抜差し	0
抜刷	0
抜刷り	0
抜山蓋世	2
抜糸	0
抜歯	0
抜手	0
抜出る	3
抜書	0
抜書き	0
抜粋	0
抜染	0
抜足	0
抜足差足	0
抜擢	0
抜刀	0
抜道	0
抜錨	0
抜本	0
抜本塞源	0
抜本的	0
抜枠	0
抜萃	0
筏	0
閥	1
閥族	0
鳩	1
鳩羽色	0
鳩胸	2
鳩合	0
鳩座	0
鳩酸草	0
鳩時計	3
鳩舎	1
鳩首	1
鳩派	0
鳩麦	0
鳩尾	2
鳩目	0
噺	3
噺家	0
蛤	2
蛤仔	0
隼	0
伴	2
伴う	3
伴なう	3
伴食	0
伴性遺伝	5
伴星	0
伴船	0
伴僧	0
伴奏	0
伴走	0
伴天連	0
伴侶	1
判	1
判じる	0
判じ絵	3
判じ物	0
判ずる	0
判り	3
判り難い	5
判る	2
判官	0
判官贔屓	5
判型	0
判決	0
判決文	0
判決理由	5
判検事	3
判士	1
判子	3
判事	1
判事補	3
判示	1
判者	1
判取り	4
判取り帳	0
判然	0
判断	1
判断中止	1
判断力	3
判定	0
判定勝ち	0
判読	0
判任官	3
判別	0
判別式	4
判明	0
判例	0
半	1
半々	3
半か年	3
半ば	3
半ば過ぎ	5
半べそ	0
半ぺら	0
半ズボン	3
半ダース	3
半ドア	3
半ドン	0
半意識	3
半陰陽	3
半影	0
半永久	3
半永久的	0
半円	0
半円形	0
半音	0
半音階	3
半価	1
半可	0
半可通	3
半夏生	3
半過去	3
半解	0
半壊	0
半開	0
半開き	0
半格	0
半角	0
半額	0
半割	0
半乾き	0
半官半民	0
半間	0
半眼	0
半旗	1
半期	1
半季	1
半規管	4
半休	0
半弓	0
半泣き	0
半球	0
半狂乱	3
半玉	0
半巾	0
半衿	0
半襟	0
半金	0
半句	1
半靴	1
半径	1
半月	1
半月板	0
半月弁	4
半券	0
半減	0
半減期	3
半股引き	3
半語	0
半口	0
半裁	0
半作	0
半索動物	5
半殺し	0
半死	1
半死半生	1
半紙	1
半時	1
半煮え	0
半周	0
半獣	0
半獣神	3
半熟	0
半宵	0
半焼	0
半焼け	0
半鐘	0
半鐘泥棒	5
半畳	3
半信半疑	5
半神	0
半身	0
半身不随	0
半人前	0
半睡	0
半数	3
半数性	0
半数体	0
半世紀	3
半整数	3
半生	1
半製品	3
半醒半睡	0
半切	0
半切れ	0
半折	0
半袖	0
半濁音	4
半濁点	3
半端	0
半端仕事	4
半端者	0
半端物	0
半値	0
半知半解	1
半地下	0
半張り	0
半長	0
半長靴	3
半直線	3
半通夜	3
半天	3
半纏	3
半纏木	3
半田	0
半田付け	0
半途	1
半島	0
半透膜	3
半透明	3
半透明体	0
半導体	0
半道	1
半道海豚	5
半独立	3
半日	4
半年	4
半農	0
半農半漁	5
半白	0
半半	3
半被	0
半病人	3
半幅	0
半幅帯	5
半分	3
半平	0
半片	3
半返し	3
半歩	0
半母音	3
半面	3
半面識	3
半盲	0
半盲症	0
半夜	1
半裸	1
半里	1
半輪	0
半裂	0
半截	0
半搗き	0
半搗き米	0
半翅目	3
半臂	1
半臂の緒	1
半跏	1
半跏思惟像	5
半跏趺坐	4
反	1
反し	3
反す	1
反すう動物	5
反する	3
反っくり返る	5
反っ歯	1
反ばく	0
反らす	2
反り	3
反りくり返る	5
反り橋	2
反り身	0
反り舌音	4
反り返る	3
反る	1
反意語	0
反影	0
反映	0
反映論	3
反越	0
反応	0
反応速度	5
反歌	1
反核	0
反革命	3
反感	0
反間	0
反間苦肉	0
反旗	1
反義語	0
反逆	0
反逆罪	4
反逆児	4
反共	0
反響	0
反軍	0
反撃	0
反原発運動	7
反古	2
反故	1
反語	0
反語法	0
反抗	0
反抗期	3
反抗的	0
反攻	0
反骨	0
反魂	0
反作用	3
反歯	1
反射	0
反射運動	4
反射角	3
反射鏡	0
反射代名詞	6
反射的	0
反射能	3
反射望遠鏡	0
反射率	3
反射炉	3
反社会的	0
反収	0
反宗教改革	7
反照	0
反照代名詞	7
反省	0
反証	0
反証可能性	0
反心	0
反臣	0
反身	0
反数	3
反切	0
反戦	0
反訴	1
反側	0
反則	0
反則金	0
反俗	0
反賊	0
反体制	3
反対	0
反対給付	5
反対語	0
反対色	3
反対尋問	5
反対訊問	5
反対党	0
反対派	0
反中性子	5
反跳	0
反定立	3
反帝	0
反転	0
反転フィルム	5
反転現像	5
反吐	1
反徒	1
反騰	0
反動	0
反動タービン	5
反動形成	5
反動主義	5
反動的	0
反独	0
反日	0
反陪	0
反駁	0
反発	0
反発力	4
反比	1
反比例	3
反復	0
反復記号	5
反復説	4
反覆	0
反物	1
反物屋	0
反物質	3
反米	0
反別	0
反変	3
反歩	1
反面	3
反面教師	5
反毛	0
反目	0
反問	0
反陽子	3
反落	0
反乱	0
反流	0
反粒子	3
反例	0
反論	0
反哺	1
反嘴鷸	5
反噬	0
反撥	0
反芻	0
反芻動物	5
反閇	0
叛く	2
叛する	3
叛意	1
叛旗	1
叛逆	0
叛軍	0
叛骨	0
叛心	0
叛臣	0
叛賊	0
叛徒	1
叛服	0
叛乱	0
帆	1
帆かけ船	4
帆影	0
帆掛け船	4
帆掛船	4
帆脚	1
帆桁	0
帆綱	0
帆座	1
帆船	0
帆前船	0
帆走	0
帆足	0
帆柱	2
帆布	1
帆立貝	3
帆檣	0
帆翔	0
搬出	0
搬送	0
搬送波	3
搬入	0
斑	0
斑気	0
斑晶	0
斑消え	0
斑条	0
斑雪	2
斑蜘蛛	4
斑点	3
斑銅鉱	3
斑入り	0
斑猫	0
斑馬	0
斑白	0
斑鳩	0
斑文	0
斑毛	2
斑紋	0
斑糲岩	3
板	1
板の間	0
板の間稼ぎ	5
板ばさみ	3
板ガラス	3
板チョコ	0
板囲い	3
板屋	2
板屋貝	3
板屋根	3
板屋楓	4
板画	0
板絵	2
板寄	0
板寄せ	0
板挟み	3
板橋	2
板金	0
板戸	2
板子	0
板紙	0
板書	0
板場	0
板状	0
板畳	3
板石	2
板切れ	0
板前	0
板張り	0
板締	0
板唐戸	4
板塔婆	3
板敷	0
板敷き	0
板葺	0
板葺き	0
板塀	0
板壁	0
板木	1
板目	0
板目紙	3
板挾み	3
氾濫	0
汎愛	0
汎化	0
汎関数	3
汎称	0
汎心論	3
汎神論	3
汎適応症候群	9
汎発	0
汎用	0
汎理論	3
汎論	0
汎論理主義	6
版	1
版下	0
版画	0
版権	0
版元	0
版行	0
版図	1
版籍	0
版籍奉還	0
版彫	0
版彫り	0
版本	0
版木	0
犯し難い	5
犯す	2
犯る	0
犯意	1
犯行	0
犯罪	0
犯罪学	3
犯罪者	3
犯罪心理学	7
犯罪人	0
犯罪被害者	6
犯人	1
犯人蔵匿罪	1
犯跡	0
犯則	0
犯歴	0
班	1
班員	0
班次	1
班長	1
班田	0
畔	1
畔道	2
繁々	1
繁く	1
繁み	0
繁り	3
繁る	2
繁栄	0
繁華	1
繁華街	3
繁簡	0
繁閑	0
繁劇	0
繁雑	0
繁昌	1
繁殖	0
繁殖期	4
繁殖力	4
繁吹	3
繁吹き	3
繁吹く	2
繁盛	1
繁多	1
繁繁	1
繁分数	3
繁文縟礼	0
繁忙	0
繁茂	1
繁縷	0
繁縷塩	3
般化	0
般若	1
般若心経	4
般若湯	0
般若波羅蜜	5
般若面	3
藩	1
藩医	1
藩王	3
藩王国	3
藩学	0
藩侯	1
藩校	0
藩札	0
藩士	1
藩主	1
藩儒	1
藩祖	1
藩知事	3
藩中	1
藩鎮	1
藩邸	0
藩閥	0
販ぐ	0
販推	0
販促	0
販売	0
販売員	3
販売者	3
販売促進	5
販売店	3
販路	1
範	1
範ちゅう	0
範囲	1
範囲内	3
範士	1
範例	0
範列関係	5
範疇	0
釆偏	0
煩	1
煩い	3
煩う	0
煩がる	4
煩さい	3
煩さがる	4
煩さ型	0
煩わしい	5
煩わす	4
煩わせる	5
煩型	0
煩雑	0
煩多	1
煩悩	0
煩悩鷺	3
煩悩魔	3
煩忙	0
煩悶	0
煩累	0
煩労	0
煩瑣	1
煩瑣哲学	5
頒価	1
頒行	0
頒白	0
頒布	1
飯	2
飯ごう	0
飯屋	2
飯桐	0
飯綱	0
飯匙倩	1
飯事	0
飯時	0
飯借	0
飯杓子	3
飯場	0
飯蒸	0
飯蒸し	0
飯炊き	0
飯炊き女	5
飯盛り	2
飯盛り女	5
飯盛女	5
飯切	0
飯台	0
飯蛸	0
飯茶碗	3
飯店	0
飯米	0
飯粒	3
飯椀	0
飯碗	0
飯櫃	0
飯盒	0
挽きたて	0
挽き切る	3
挽き茶	0
挽き肉	0
挽き立て	0
挽く	0
挽歌	1
挽回	0
挽茶	0
挽肉	0
晩	0
晩い	0
晩ご飯	3
晩さん会	3
晩稲	0
晩夏	1
晩学	0
晩柑	0
晩期	1
晩景	0
晩御飯	3
晩婚	0
晩餐	0
晩餐会	3
晩蒔き	0
晩蒔きながら	5
晩酌	0
晩秋	0
晩熟	0
晩春	0
晩照	0
晩鐘	0
晩食	0
晩成	0
晩成性	0
晩生	0
晩節	0
晩霜	0
晩冬	0
晩年	0
晩飯	0
晩方	0
晩涼	0
番	1
番い	0
番う	0
番える	3
番る	3
番屋	3
番外	0
番外地	3
番記者	3
番狂わせ	3
番犬	0
番号	3
番号札	3
番傘	0
番手	0
番衆	1
番所	0
番小屋	0
番人	3
番宣	0
番線	0
番組	0
番卒	0
番太	1
番太郎	0
番代	0
番台	0
番地	0
番茶	0
番長	1
番頭	0
番付	0
番付け	0
番附	0
番兵	0
番目	0
盤	1
盤割	0
盤古	1
盤固	1
盤根	0
盤根錯節	0
盤渉	0
盤渉調	0
盤石	0
盤台	0
盤秤	3
盤面	0
盤領	0
盤踞	1
磐	2
磐石	0
蕃夷	1
蕃茄	1
蕃社	1
蕃主	1
蕃書	1
蕃殖	0
蕃神	0
蕃人	0
蕃族	1
蕃地	1
蕃別	0
蕃椒	3
蕃茘枝	3
蛮カラ	0
蛮夷	1
蛮語	1
蛮行	0
蛮骨	0
蛮習	0
蛮神	0
蛮人	0
蛮声	0
蛮族	1
蛮地	1
蛮的	0
蛮風	0
蛮民	0
蛮勇	0
蛮力	1
匪賊	1
匪団	0
匪徒	2
匪躬	0
卑しい	3
卑しむ	3
卑しめる	4
卑しん坊	3
卑下	1
卑下自慢	3
卑懐	0
卑怯	2
卑怯者	0
卑近	0
卑金属	2
卑屈	0
卑見	0
卑語	1
卑湿	0
卑小	0
卑称	0
卑俗	0
卑属	1
卑罵語	0
卑劣	0
卑猥	0
卑賤	0
卑陋	0
否	1
否々	0
否か	0
否む	2
否めない	3
否め無い	3
否や	1
否運	1
否応	0
否決	0
否定	0
否定的	0
否定文	2
否定命題	4
否認	0
否否	2
妃	1
妃殿下	2
庇	0
庇い手	2
庇い立て	0
庇う	2
庇護	1
庇髪	0
彼	1
彼の	0
彼の岸	1
彼の子	2
彼の人	2
彼の世	3
彼の方	4
彼の様	3
彼は誰時	0
彼や此れや	2
彼や是や	2
彼ら	1
彼我	1
彼岸	0
彼岸花	2
彼岸会	2
彼岸桜	4
彼此	2
彼氏	1
彼処	0
彼所	1
彼女	1
彼是	2
彼程	0
彼奴	0
彼等	1
彼方	1
彼方此方	2
彼方任せ	4
彼方方	4
悲しい	0
悲しがる	4
悲しげ	0
悲しさ	2
悲しみ	0
悲しむ	3
悲し気	0
悲哀	0
悲運	1
悲歌	1
悲歌慷慨	1
悲観	0
悲観的	0
悲観論	2
悲願	1
悲喜	1
悲喜こもごも	2
悲喜劇	2
悲喜交々	1
悲喜交交	1
悲泣	0
悲境	0
悲況	0
悲曲	2
悲劇	1
悲劇的	0
悲惨	0
悲愁	0
悲傷	0
悲壮	0
悲嘆	0
悲歎	0
悲調	0
悲痛	0
悲憤	0
悲憤慷慨	1
悲報	0
悲鳴	0
悲涙	0
悲恋	1
悲話	1
悲愴	0
扉	0
扉絵	3
批准	0
批准書	0
批点	0
批難	1
批判	0
批判的	0
批判哲学	5
批評	0
批評家	0
批評眼	2
披く	2
披見	0
披講	0
披歴	0
披露	1
披露宴	2
披露目	3
披瀝	0
斐紙	0
斐然	0
比	1
比い	0
比える	3
比おい	3
比する	2
比べ	0
比べる	0
比べ物	0
比価	1
比較	0
比較解剖学	6
比較級	2
比較言語学	6
比較広告	4
比較行動学	6
比較生理学	6
比較的	0
比較文学	4
比較法学	4
比較優位	4
比丘	1
比丘尼	0
比況	0
比肩	0
比重	0
比重計	0
比定	0
比電荷	2
比島	0
比内鶏	2
比内鳥	2
比日	0
比熱	0
比売知	1
比目魚	0
比目魚筋	3
比諭	1
比翼	0
比翼塚	3
比翼連理	4
比率	0
比良八荒	3
比良八講	3
比量	0
比量的	0
比倫	0
比隣	0
比類	0
比例	0
比例式	2
比例税	2
比例代表	4
比例代表制	0
比例中項	4
比例定数	4
比例配分	4
比喩	1
泌尿器	2
泌尿器科	0
疲らす	0
疲れ	3
疲れきる	4
疲れる	3
疲れ果てる	5
疲れ切る	4
疲れ目	0
疲男	3
疲弊	0
疲労	0
疲労感	2
疲労困憊	0
疲憊	0
皮	2
皮ひも	0
皮ふ科	0
皮衣	3
皮下	2
皮下脂肪	3
皮下組織	3
皮下注射	3
皮革	0
皮靴	0
皮細工	3
皮作り	3
皮算用	3
皮脂	1
皮脂腺	0
皮質	0
皮疹	0
皮製	0
皮切り	0
皮層	0
皮相	0
皮袋	3
皮蛋	1
皮張り	0
皮肉る	3
皮剥	0
皮剥ぎ	0
皮被り	3
皮紐	0
皮表紙	3
皮付き	0
皮膚	1
皮膚がん	2
皮膚炎	2
皮膚科	0
皮膚感覚	3
皮膚癌	2
皮膚筋炎	3
皮膚呼吸	3
皮膚腺	2
皮膚病	0
皮膜	0
皮目	1
皮癬	0
皮籠	0
碑	0
碑石	0
碑文	0
碑銘	0
秘か	2
秘し隠し	0
秘める	2
秘め事	0
秘苑	1
秘奥	0
秘儀	1
秘技	1
秘境	0
秘教	0
秘曲	2
秘計	0
秘結	0
秘訣	0
秘鍵	0
秘策	0
秘史	1
秘事	2
秘術	1
秘所	1
秘書	1
秘書科	0
秘書課	0
秘書官	2
秘跡	0
秘蹟	0
秘説	0
秘蔵	0
秘中	0
秘伝	0
秘湯	0
秘匿	0
秘部	1
秘仏	1
秘文	0
秘宝	0
秘方	0
秘法	0
秘本	0
秘密	0
秘密警察	4
秘密結社	4
秘密主義	4
秘密選挙	4
秘密投票	4
秘密兵器	4
秘密裏	3
秘密裡	3
秘密漏洩罪	7
秘薬	0
秘裂	0
秘録	0
秘話	1
緋	0
緋い	0
緋の衣	0
緋の袴	5
緋衣草	0
緋寒桜	4
緋袴	5
緋鯉	0
緋鹿の子	2
緋鹿子	2
緋縮緬	2
緋色	0
緋水鶏	2
緋鳥鴨	4
緋梅	0
緋木瓜	2
緋連雀	2
緋秧鶏	2
緋縅し	2
罷む	0
罷める	0
罷りならぬ	5
罷り越す	2
罷り間違う	6
罷り出る	2
罷り成らぬ	5
罷り通る	4
罷業	0
罷免	0
罷免権	2
肥	2
肥える	2
肥え桶	3
肥え太る	4
肥え土	2
肥え溜	0
肥し	3
肥す	2
肥たご	0
肥やし	3
肥やす	2
肥よく	0
肥る	2
肥育	0
肥桶	3
肥後ずいき	3
肥後芋茎	3
肥後随喜	3
肥厚	0
肥厚性鼻炎	6
肥取り	3
肥大	0
肥大成長	4
肥大生長	4
肥担桶	0
肥土	2
肥馬	1
肥満	0
肥満細胞	4
肥満症	0
肥満性	0
肥沃	0
肥立ち	0
肥溜	0
肥溜め	0
肥料	1
被い	0
被う	0
被く	2
被ける	3
被さる	3
被す	2
被せ	0
被せる	3
被り	3
被り笠	4
被り物	0
被る	2
被加数	2
被害	1
被害者	2
被害地	2
被害届	4
被害届け	4
被害妄想	4
被官	0
被官百姓	4
被管	0
被疑者	2
被虐	0
被検者	2
被験者	2
被減数	2
被雇用者	3
被告	0
被告人	0
被差別部落	5
被災	0
被災者	2
被災地	2
被子植物	4
被治者	2
被写界深度	5
被写体	0
被修飾語	1
被除数	2
被昇天	2
被乗数	2
被食者	3
被選挙権	1
被選挙人	1
被相続人	1
被葬者	2
被造物	2
被弾	0
被嚢類	2
被曝	0
被爆	0
被爆者	2
被扶養者	1
被服	1
被服費	3
被覆	0
被物	0
被保険者	3
被保険物	3
被保護国	1
被膜	0
被傭者	2
被用者	2
被用者保険	5
誹り	3
誹る	2
誹議	1
誹風	0
誹毀	1
誹諧	0
誹謗	0
費	0
費え	0
費える	3
費やす	3
費消	0
費途	1
費目	0
費用	1
費用便益分析	8
避け	2
避ける	2
避る	1
避寒	0
避暑	2
避暑地	2
避難	1
避難所	0
避難民	2
避妊	0
避妊リング	4
避妊具	2
避妊薬	2
避病院	2
避雷針	0
非	1
非ず	1
非と	0
非ユークリッド幾何学	9
非違	1
非運	1
非衛生	2
非課税	2
非核	0
非核三原則	6
非関税障壁	6
非議	1
非業	0
非金属	2
非金属元素	6
非経口栄養	6
非決定論	4
非現業	2
非公開	2
非公式	2
非公認	2
非行	0
非行少年	4
非合法	2
非合理	2
非国民	2
非婚	0
非才	0
非自発的失業	1
非晶質	2
非訟事件	4
非常	0
非常に	0
非常階段	4
非常勤	2
非常警戒	4
非常呼集	4
非常口	2
非常時	2
非常識	2
非常手段	4
非常召集	4
非常食	2
非常線	0
非常任理事国	7
非情	0
非職	0
非神話化	1
非人	0
非人間的	1
非人情	2
非生産的	1
非戦闘員	4
非戦論	2
非線形	0
非単調論理	6
非致死性兵器	5
非嫡出子	1
非定型精神病	0
非鉄金属	4
非点収差	4
非道	0
非道い	2
非道く	1
非特異的	0
非難	1
非日常	0
非日常性	1
非熱	0
非買同盟	4
非売品	0
非番	0
非武装	2
非武装地帯	5
非文	0
非暴力	2
非望	0
非凡	0
非命	0
非理	1
非力	0
非礼	0
非論理的	1
非毀	1
飛しょう	0
飛ばし	0
飛ばす	0
飛び	0
飛びかう	3
飛びかかる	4
飛びくら	0
飛びすさる	4
飛びつく	3
飛びはねる	4
飛び移る	4
飛び違う	4
飛び越える	4
飛び越す	3
飛び下り	0
飛び下りる	4
飛び火	0
飛び回る	4
飛び掛かる	4
飛び起きる	4
飛び級	0
飛び去る	3
飛び魚	2
飛び競	0
飛び交う	3
飛び降り	0
飛び降りる	4
飛び降り自殺	5
飛び込み	0
飛び込み競技	5
飛び込み自殺	5
飛び込み台	0
飛び込む	3
飛び散る	3
飛び蹴り	0
飛び出し	0
飛び出しナイフ	5
飛び出す	3
飛び出る	3
飛び将棋	3
飛び上がる	4
飛び乗る	3
飛び石	0
飛び石伝い	5
飛び石連休	5
飛び切り	0
飛び退く	3
飛び退る	4
飛び地	0
飛び跳ねる	4
飛び道具	3
飛び入り	0
飛び箱	0
飛び抜ける	4
飛び板	0
飛び飛び	0
飛び付く	3
飛び歩く	4
飛び離れる	5
飛び立つ	3
飛び翔る	4
飛び蝗虫	3
飛ぶ	0
飛まつ	0
飛んで	3
飛雲	1
飛越	0
飛越す	3
飛燕	1
飛燕草	0
飛火	0
飛蚊症	2
飛回る	4
飛脚	0
飛球	0
飛距離	2
飛魚	0
飛魚座	0
飛語	1
飛行	0
飛行家	0
飛行機	2
飛行機雲	5
飛行甲板	4
飛行士	2
飛行場	0
飛行船	0
飛行体	0
飛行隊	0
飛行艇	0
飛行服	2
飛行便	0
飛行夜叉	4
飛降りる	4
飛降り自殺	5
飛込み	0
飛込み競技	5
飛込み自殺	5
飛込む	3
飛込競技	5
飛込自殺	5
飛砂	1
飛札	0
飛散	0
飛散る	3
飛耳長目	1
飛七節	3
飛車	2
飛出す	3
飛将棋	3
飛石	0
飛石連休	5
飛跡	0
飛切り	0
飛節	0
飛雪	0
飛泉	0
飛鼠	2
飛地	0
飛跳ねる	4
飛鳥	0
飛鳥時代	4
飛電	0
飛道具	3
飛白	0
飛板	0
飛付く	3
飛報	0
飛膜	0
飛沫	1
飛沫感染	4
飛躍	0
飛躍的	0
飛揚	0
飛来	0
飛立つ	3
飛竜	0
飛竜子	1
飛竜頭	2
飛瀑	0
飛礫	0
飛簷	1
飛翔	0
飛翔体	0
飛蜥蜴	3
飛蝗	0
飛螻蛄	0
樋	1
備え	3
備えつける	5
備える	3
備え付け	0
備え付ける	5
備に	1
備わる	3
備後表	4
備考	0
備荒	0
備前焼	0
備蓄	0
備長	1
備長炭	3
備品	0
備付	0
備砲	0
備忘	0
備忘録	2
尾	1
尾っぽ	3
尾てい骨	2
尾の身	1
尾ひれ	1
尾びれ	1
尾羽	1
尾羽根	1
尾花	1
尾巻猿	4
尾行	0
尾骨	0
尾根	1
尾索類	3
尾肢	1
尾状	0
尾錠	0
尾扇	0
尾長	0
尾長猿	4
尾長鴨	4
尾長鶏	3
尾長鮫	3
尾長鳥	3
尾椎	0
尾灯	0
尾燈	0
尾頭付	0
尾頭付き	0
尾肉	1
尾白鹿	3
尾白鷲	3
尾鰭	1
尾翼	0
尾類	1
尾籠	1
微	1
微々	1
微か	1
微意	1
微雨	1
微温	0
微温い	2
微温める	3
微温的	0
微温湯	0
微化石	2
微吟	0
微苦笑	2
微系数	2
微減	0
微光	0
微行	0
微細	0
微罪	0
微視的	0
微弱	0
微傷	0
微小	0
微小管	0
微小地震	4
微少	0
微笑	0
微笑ましい	5
微笑み	0
微笑む	3
微震	0
微塵	0
微塵子	0
微塵切り	0
微塵粉	0
微睡	0
微睡む	3
微酔い	0
微生物	2
微生物学	5
微積分	3
微賎	0
微増	0
微速	0
微衷	0
微調整	2
微糖	0
微動	0
微熱	0
微微	1
微風	2
微服	0
微分	0
微分学	2
微分係数	4
微分方程式	6
微妙	0
微粒子	2
微粒子病	0
微量	0
微量元素	4
微量分析	4
微力	0
微禄	0
微賤	0
微醺	0
枇杷	1
毘沙門天	3
毘盧遮那	0
琵琶	1
琵琶笛	0
琵琶鱒	2
眉	1
眉つば	0
眉つばもの	0
眉宇	1
眉間	0
眉月	2
眉根	0
眉尻	2
眉雪	0
眉尖刀	0
眉唾	0
眉唾もの	0
眉唾物	0
眉頭	3
眉白	0
眉白水鶏	5
眉白秧鶏	5
眉墨	2
眉毛	1
眉目	1
眉目秀麗	1
美	1
美々しい	3
美しい	4
美意識	2
美育	1
美音	0
美化	1
美化語	0
美学	1
美感	0
美観	0
美顔	0
美顔術	2
美顔水	2
美妓	1
美技	1
美挙	1
美空	0
美君	0
美形	0
美景	0
美港	0
美事	1
美辞	1
美辞麗句	1
美質	0
美酒	1
美醜	0
美術	1
美術家	0
美術学校	4
美術館	3
美術史	3
美術商	3
美術品	0
美術部	3
美女	1
美女桜	3
美少女	2
美少年	2
美称	0
美粧	0
美粧院	2
美丈夫	2
美食	0
美人	1
美人画	0
美人局	3
美人薄命	0
美声	0
美青年	2
美俗	1
美大	0
美男	1
美男葛	4
美男子	0
美談	1
美的	0
美的感覚	0
美的生活	4
美点	0
美田	0
美道	1
美徳	0
美濃紙	0
美肌	0
美髪	0
美美しい	3
美姫	1
美品	0
美風	0
美服	0
美文	0
美文調	0
美貌	0
美本	0
美味	1
美味い	2
美味しい	0
美妙	0
美名	0
美容	0
美容院	2
美容外科	4
美容師	2
美容室	2
美容術	2
美容整形	4
美容体操	4
美容柳	4
美麗	0
美禄	0
鼻	0
鼻かぜ	0
鼻がみ	0
鼻っ柱	0
鼻っ張り	0
鼻の下	5
鼻の先	0
鼻ひげ	0
鼻ぺちゃ	0
鼻隠し	3
鼻唄	0
鼻炎	0
鼻音	0
鼻下	2
鼻下長	2
鼻歌	0
鼻歌交じり	5
鼻歌交り	5
鼻角	0
鼻汗	0
鼻眼鏡	3
鼻詰まり	0
鼻詰り	0
鼻許	2
鼻鏡	0
鼻曲がり	3
鼻曲り	3
鼻筋	0
鼻熊	0
鼻血	0
鼻元	0
鼻元思案	5
鼻口	0
鼻向け	0
鼻孔	0
鼻綱	0
鼻腔	0
鼻高	0
鼻高々	5
鼻高高	5
鼻骨	0
鼻根	0
鼻紙	0
鼻紙袋	5
鼻紙入れ	4
鼻持ちならぬ	6
鼻疾	0
鼻汁	0
鼻出血	2
鼻緒	0
鼻衝	4
鼻衝き	4
鼻拭き	0
鼻垂らし	0
鼻垂れ	0
鼻水	0
鼻盛	2
鼻盛り	2
鼻声	0
鼻先	0
鼻先思案	5
鼻栓	0
鼻祖	1
鼻息	0
鼻濁音	2
鼻茸	0
鼻端	0
鼻中隔	2
鼻柱	0
鼻摘まみ	0
鼻摘み	0
鼻頭	3
鼻突	4
鼻突き	4
鼻白む	4
鼻髭	0
鼻風	0
鼻風邪	0
鼻糞	0
鼻閉塞	2
鼻偏	0
鼻母音	2
鼻面	0
鼻毛	0
鼻木	0
鼻薬	3
鼻翼	0
鼻梁	0
鼻輪	0
鼻涙管	0
鼻漏	0
鼻屎	0
鼻瘤	0
柊	1
柊南天	5
稗	1
稗官	0
稗史	1
匹	2
匹偶	0
匹敵	0
匹夫	1
匹夫匹婦	1
匹婦	1
匹儔	0
疋	2
髭	0
髭もじゃ	0
髭剃り	3
髭面	0
彦	2
彦星	2
膝	0
膝かけ	4
膝がしら	3
膝げり	0
膝の皿	0
膝隠し	3
膝下	1
膝蓋骨	3
膝蓋腱	3
膝蓋腱反射	7
膝掛	0
膝掛け	0
膝関節	3
膝詰め	0
膝詰め談判	5
膝許	0
膝元	0
膝行	0
膝行る	2
膝皿貝	3
膝蹴り	0
膝小僧	4
膝頭	3
膝拍子	3
膝枕	3
膝窩	1
膝膕	0
菱	0
菱亜鉛鉱	4
菱垣廻船	4
菱苦土石	4
菱形	0
菱食	0
菱鉄鉱	3
菱脳	0
菱面体	0
菱餅	2
菱蝗	3
菱蝗虫	3
肘	2
肘掛	0
肘掛いす	4
肘掛け	0
肘掛けいす	4
肘掛け椅子	4
肘掛椅子	4
肘鉄	0
肘鉄砲	3
肘当て	0
肘枕	3
必	0
必ず	0
必ずしも	4
必ずや	4
必携	0
必見	0
必殺	0
必死	0
必至	0
必治	0
必需	0
必需品	0
必修	0
必修科目	5
必勝	0
必捷	0
必食	0
必須	0
必須アミノ酸	0
必須科目	4
必須脂肪酸	0
必衰	0
必然	0
必然性	0
必然的	0
必達	0
必置	0
必着	0
必中	0
必聴	0
必定	0
必読	0
必罰	0
必滅	0
必用	0
必要	0
必要悪	3
必要経費	5
必要十分条件	9
必要条件	5
必要性	0
必要品	0
必竟	0
畢	0
畢わる	0
畢宿	4
畢生	0
畢竟	0
筆	0
筆おろし	3
筆まめ	0
筆圧	0
筆意	2
筆下ろし	3
筆禍	1
筆画	0
筆柿	0
筆記	0
筆記試験	5
筆記体	0
筆記帳	0
筆遣い	3
筆耕	0
筆降ろし	3
筆才	0
筆算	0
筆使い	3
筆紙	0
筆写	0
筆写体	0
筆者	1
筆順	0
筆触	0
筆陣	0
筆勢	0
筆生	0
筆石	0
筆跡	0
筆跡学	4
筆蹟	0
筆舌	0
筆先	0
筆戦	0
筆洗	0
筆洗い	3
筆太	0
筆端	0
筆談	0
筆致	0
筆忠実	0
筆塚	2
筆答	0
筆筒	0
筆頭	0
筆頭菜	0
筆頭者	3
筆入れ	4
筆箱	0
筆不精	3
筆付き	0
筆法	0
筆鋒	0
筆墨	0
筆無精	3
筆名	0
筆立て	3
筆力	2
筆旁	3
筆誅	0
筆迹	0
逼る	2
逼塞	0
逼迫	0
桧	0
桧扇	2
桧皮	0
桧皮ぶき	0
桧皮葺	0
桧皮葺き	0
桧舞台	4
桧木	0
桧葉叉	2
姫	1
姫黄金	3
姫垣	2
姫蟻	2
姫宮	2
姫君	2
姫蛍	3
姫御子	3
姫沙羅	2
姫始め	3
姫春蝉	4
姫初め	3
姫小松	3
姫鼠	3
姫鯛	2
姫著莪	2
姫椿	3
姫萩	2
姫皮	2
姫百合	2
姫蜂	2
姫鱒	0
姫墻	2
媛	1
紐	0
紐タイ	0
紐解く	3
紐革	0
紐革饂飩	5
紐鏡	3
紐形動物	5
紐帯	0
紐虫	2
紐付き	0
紐付き融資	5
百	2
百一物	4
百家	0
百家争鳴	1
百科	1
百科事典	4
百科辞典	4
百科全書	4
百科全書派	0
百花	1
百花斉放	1
百花撩乱	1
百花繚乱	1
百貨	1
百貨店	3
百害	2
百官	0
百眼	3
百鬼夜行	1
百景	0
百計	0
百芸	0
百行	0
百合	0
百合の樹	3
百合の木	3
百合鴎	3
百合科	0
百合根	0
百合樹	3
百合木	3
百歳	2
百済楽	3
百済琴	4
百事	1
百尺竿頭	0
百獣	0
百獣の王	6
百出	0
百条委員会	6
百色眼鏡	5
百人一首	5
百人力	0
百世	0
百姓	3
百姓一揆	5
百姓家	3
百姓読み	0
百声鳥	4
百折不撓	0
百舌	1
百舌勘定	3
百舌鳥	1
百千	0
百千鳥	3
百戦百勝	0
百戦練磨	5
百戦錬磨	5
百選	0
百足	0
百足海苔	3
百態	0
百代	0
百点満点	5
百度	2
百度参り	4
百度石	3
百日	4
百日ぜき	4
百日咳	4
百日紅	3
百日草	0
百日天下	5
百日鬘	5
百年	2
百年祭	3
百年目	5
百八	4
百八十度	5
百八煩悩	5
百発百中	0
百般	0
百物語	5
百分比	3
百分率	3
百聞	0
百弊	0
百方	3
百万	3
百万言	0
百万長者	5
百万遍	0
百味	2
百脈根	3
百面相	0
百目	0
百匁	0
百薬	0
百薬の長	6
百葉箱	3
百雷	0
百錬	0
謬	4
謬り	3
謬る	3
謬見	0
謬説	0
謬伝	0
謬論	0
俵	3
俵数	3
俵責め	0
俵物	0
俵茱萸	4
標	0
標す	2
標旗	1
標記	1
標語	0
標高	0
標札	0
標示	0
標示板	0
標識	0
標識灯	0
標準	0
標準レンズ	5
標準化	0
標準価格	5
標準語	0
標準光源	5
標準時	3
標準的	0
標準電波	5
標準偏差	5
標章	0
標飾り	3
標数	3
標石	0
標題	0
標題音楽	5
標註	0
標徴	0
標定	0
標的	0
標縄	0
標本	0
標本化	0
標本抽出	0
標目	0
標榜	0
氷	0
氷あられ	4
氷のう	0
氷る	0
氷雨	0
氷屋	0
氷温	0
氷下魚	0
氷河	1
氷河期	3
氷河湖	3
氷河時代	4
氷菓	1
氷菓子	4
氷解	0
氷塊	0
氷海	0
氷滑り	4
氷鴨	4
氷期	1
氷詰め	0
氷魚	0
氷結	0
氷原	0
氷砂糖	4
氷山	1
氷室	1
氷釈	0
氷小豆	4
氷床	0
氷晶	0
氷晶石	3
氷上	0
氷食	0
氷蝕	0
氷人	0
氷刃	0
氷酢酸	3
氷水	3
氷雪	0
氷雪プランクトン	6
氷染染料	5
氷像	0
氷袋	4
氷炭	0
氷柱	0
氷点	0
氷点下	3
氷豆腐	4
氷頭	0
氷頭なます	3
氷頭膾	3
氷頭鱠	3
氷嚢	0
氷壁	0
氷片	0
氷枕	4
氷霧	1
氷面	3
氷餅	3
氷輪	0
氷醋酸	3
氷霰	4
漂々	0
漂う	3
漂わす	4
漂砂	1
漂失	0
漂石	0
漂然	0
漂着	0
漂動	0
漂泊	0
漂白	0
漂白剤	4
漂漂	0
漂木	2
漂流	0
漂浪	0
瓢	0
瓢箪	3
瓢箪鯰	5
瓢虫	3
票	0
票決	0
票差	0
票数	3
票田	0
票読み	0
表	3
表ざた	0
表す	3
表する	3
表れ	0
表れる	4
表わす	3
表われる	4
表意	1
表意文字	4
表音	0
表音式仮名遣い	9
表音文字	5
表外	0
表外字	3
表割	0
表看板	4
表記	1
表記法	0
表具	1
表具屋	0
表具師	3
表敬	0
表敬訪問	5
表計算ソフト	7
表芸	3
表決	0
表見代理	5
表玄関	4
表現	3
表現型	0
表現主義	5
表戸	3
表語文字	4
表口	0
表向き	0
表構え	4
表号	0
表沙汰	0
表座敷	4
表札	0
表紙	3
表示	0
表示板	0
表出	0
表書	0
表書き	0
表彰	0
表彰式	3
表彰状	0
表章	0
表象	0
表情	3
表情筋	3
表層	0
表層構造	5
表層雪崩	5
表装	0
表側	0
表替	0
表替え	0
表題	0
表地	0
表着	0
表徴	0
表通	4
表通り	4
表土	1
表日本	5
表白	0
表皮	1
表皮効果	4
表付き	3
表舞台	4
表編み	0
表方	0
表明	0
表面	3
表面化	0
表面活性剤	7
表面積	3
表面張力	5
表面的	0
表目	0
表門	0
表裏	1
表裏一体	1
表立つ	4
表六玉	0
評	0
評す	1
評する	3
評価	1
評価益	3
評価損	3
評議	0
評議員	3
評議会	3
評決	0
評言	0
評語	0
評者	1
評釈	0
評説	0
評注	0
評註	0
評定	3
評点	0
評伝	0
評判	0
評判記	3
評論	0
評論家	0
豹	1
豹脚蚊	0
豹変	0
廟	1
廟号	3
廟堂	0
描きだす	4
描き始める	5
描き出す	4
描く	2
描画	0
描写	0
描出	0
描破	1
描法	0
病	1
病き	1
病みつく	3
病み上がり	0
病み付き	0
病み付く	0
病み耄ける	5
病む	1
病める	2
病因	0
病院	0
病院船	0
病臥	1
病害	0
病害虫	3
病患	0
病気	0
病気見舞	4
病気見舞い	4
病菌	0
病苦	1
病躯	1
病欠	0
病犬	0
病原	0
病原菌	0
病原性大腸菌	0
病原体	0
病源菌	0
病後	0
病根	0
病死	0
病児	1
病識	0
病室	0
病舎	1
病弱	0
病床	0
病症	0
病状	0
病身	0
病人	0
病垂れ	0
病勢	0
病巣	0
病体	0
病態	0
病中	0
病虫害	3
病的	0
病棟	0
病毒	0
病難	0
病兵	0
病弊	0
病癖	0
病変	0
病没	0
病魔	1
病名	0
病友	0
病葉	0
病理	1
病理解剖学	6
病理学	3
病理生理学	6
病理的	0
病歴	0
病歿	0
病蓐	0
病褥	0
秒	1
秒針	0
秒速	0
秒読み	0
苗	1
苗字	1
苗字帯刀	1
苗床	0
苗代	0
苗代胡頽子	5
苗代時	4
苗代苺	5
苗代茱萸	5
苗頭	0
苗圃	1
苗木	3
苗裔	0
錨	0
錨綱	3
錨草	0
錨地	1
錨泊	0
鋲	1
鋲打ち機	4
鋲釘	1
蒜	0
蛭	1
蛭子	1
蛭石	2
蛭木	2
蛭蓆	3
鰭	0
鰭脚類	3
鰭酒	2
鰭条	0
品	0
品々	2
品ぞろえ	3
品位	1
品格	0
品玉	0
品行	0
品行方正	0
品詞	0
品字藻	3
品質	0
品質管理	5
品種	0
品種改良	4
品書	0
品書き	0
品数	0
品性	1
品切れ	0
品揃え	3
品題	0
品致	1
品定め	3
品等	0
品薄	0
品番	0
品評	0
品評会	3
品品	2
品部	0
品物	0
品分け	0
品文字	0
品柄	0
品名	0
品目	0
浜	2
浜茄子	0
浜芹	2
浜手	0
浜焼き	0
浜菅	2
浜千鳥	3
浜鯛	2
浜昼顔	3
浜撫子	4
浜風	0
浜辺	0
浜防風	3
浜木綿	2
浜梨	2
浜靫	3
瀕する	3
瀕死	0
貧	1
貧しい	3
貧する	3
貧栄養湖	5
貧家	1
貧寒	0
貧窮	0
貧苦	1
貧血	0
貧血症	0
貧鉱	0
貧困	0
貧困者	3
貧困線	0
貧歯類	3
貧者	1
貧弱	0
貧小	0
貧賎	0
貧相	1
貧村	0
貧打	1
貧土	1
貧道	1
貧之	1
貧農	0
貧富	1
貧乏	1
貧乏くじ	3
貧乏ゆすり	5
貧乏臭い	6
貧乏所帯	5
貧乏神	3
貧乏人	0
貧乏性	0
貧乏暮し	5
貧乏暮らし	5
貧乏揺すり	5
貧乏揺るぎ	5
貧乏籤	3
貧乏鬮	3
貧民	3
貧民窟	3
貧毛類	3
貧賤	0
賓	2
賓格	0
賓客	0
賓辞	1
賓頭盧	1
頻々	0
頻ぴん	0
頻り	0
頻りと	0
頻りに	0
頻る	2
頻回	0
頻出	0
頻数	3
頻度	1
頻度数	3
頻尿	0
頻発	0
頻繁	0
頻頻	0
頻脈	0
敏い	2
敏活	0
敏感	0
敏捷	0
敏捷い	4
敏速	0
敏腕	0
敏腕家	0
瓶	1
瓶掛	4
瓶詰	0
瓶詰め	0
瓶子	1
瓶子草	0
不ぞろい	2
不コ本	1
不愛想	2
不悪	3
不安	0
不安感	2
不安心	2
不安神経症	0
不安定	2
不案内	2
不意	0
不意に	3
不意気	1
不意打ち	0
不意討ち	0
不易	1
不易流行	1
不為	2
不育	0
不一	1
不一致	2
不印	2
不飲酒戒	4
不運	1
不衛生	2
不縁	1
不乙	1
不穏	0
不穏当	2
不可	1
不可解	2
不可逆	2
不可逆変化	5
不可欠	2
不可欠アミノ酸	0
不可抗力	3
不可算名詞	5
不可思議	2
不可視	2
不可視光線	4
不可触民	4
不可侵	2
不可侵権	3
不可侵条約	5
不可知	2
不可知論	3
不可得	2
不可能	2
不可避	2
不可分	2
不介入	2
不壊	1
不快	0
不快指数	5
不拡大	2
不格好	2
不確か	2
不確実	2
不確定	2
不確定性原理	8
不覚	0
不学	1
不恰好	2
不活化	0
不活化ワクチン	5
不活性ガス	6
不活溌	2
不活発	2
不乾性油	4
不堪	0
不完全	2
不完全競争	6
不完全菌類	6
不完全性定理	8
不完全燃焼	6
不完全変態	6
不干渉	2
不感症	0
不慣	1
不慣れ	1
不換紙幣	4
不間	1
不器用	2
不器量	2
不機嫌	2
不帰	2
不気味	0
不規則	2
不規則銀河	5
不規則動詞	5
不規律	2
不起	1
不起訴	2
不軌	1
不義	1
不義理	1
不吉	0
不急	0
不朽	0
不許可	2
不漁	0
不協和	2
不協和音	4
不況	0
不興	0
不均衡	2
不謹慎	2
不倶戴天	1
不具	1
不具合	2
不虞	1
不遇	0
不屈	0
不敬	0
不敬罪	2
不景気	2
不経済	2
不潔	0
不結果	2
不健康	2
不健全	2
不見識	2
不見転	0
不見目	1
不顕性感染	6
不言	1
不言実行	1
不言不語	4
不語	1
不公正	2
不公平	2
不向き	1
不好き	1
不孝	2
不孝者	0
不幸	2
不幸せ	3
不甲斐ない	4
不甲斐無い	4
不行き届き	4
不行儀	2
不行状	2
不行跡	2
不行届き	4
不合格	2
不合理	2
不告	0
不沙汰	0
不才	0
不採算	2
不細工	2
不裁可	2
不在	0
不在者投票	5
不在証明	4
不在地主	4
不在投票	4
不作	0
不作為	2
不作為犯	4
不作法	2
不錆鋼	2
不参	0
不参加	2
不賛成	2
不仕合わせ	3
不仕末	2
不始末	2
不思議	0
不死	2
不死身	0
不死鳥	0
不似合	2
不似合い	2
不時	1
不時着	0
不治	1
不自然	2
不自由	1
不識	1
不悉	0
不実	1
不手際	2
不首尾	2
不充分	2
不十分	2
不祝儀	2
不出来	1
不純	0
不純物	2
不順	0
不所存	2
不勝手	2
不承	0
不承知	2
不承不承	4
不消化	2
不祥	0
不祥事	2
不祥不祥	4
不肖	0
不詳	0
不条理	2
不浄	0
不浄場	0
不織布	3
不食	0
不信	0
不信感	2
不信仰	2
不信心	2
不信任	2
不信任案	4
不信用	2
不侵略	2
不侵略条約	6
不寝の番	4
不寝番	0
不審	0
不審火	2
不審尋問	4
不審訊問	4
不心得	2
不振	0
不真面目	2
不親切	2
不身持ち	2
不人気	2
不人情	2
不仁	1
不尽	0
不図	1
不粋	0
不随	0
不随意	2
不随意運動	5
不随意筋	0
不世出	2
不勢	0
不成功	2
不成績	2
不成立	2
不整	0
不整合	2
不整脈	2
不正	0
不正確	2
不正行為	4
不正視	2
不正直	2
不正咬合	4
不生女	0
不生不滅	0
不精	2
不精ひげ	2
不精巧	2
不精者	0
不精髭	2
不精不精	4
不誠実	2
不請不請	4
不斉	0
不惜身命	0
不摂生	2
不節制	2
不宣	0
不戦	0
不戦勝	0
不戦条約	4
不戦敗	0
不鮮明	2
不善	0
不善感	2
不全	0
不相応	2
不増不減	0
不側不離	4
不即不離	4
不束	2
不束者	0
不測	0
不足	0
不揃い	2
不遜	0
不体裁	2
不退	0
不退転	2
不逮捕特権	5
不鯛	0
不達	0
不断草	0
不断着	2
不知	2
不知火	0
不知火型	0
不知不識	4
不着	0
不仲	1
不忠	2
不注意	2
不調	0
不調法	2
不調和	2
不沈	0
不通	0
不釣り合い	3
不釣合	3
不釣合い	3
不貞	0
不貞寝	0
不貞腐れ	0
不貞腐れる	5
不定	0
不定冠詞	4
不定期	2
不定期刑	4
不定型詩	4
不定形	0
不定詞	2
不定愁訴	4
不定称	2
不定積分	4
不定方程式	6
不定法	2
不敵	0
不適	0
不適格	2
不適当	2
不適任	2
不徹底	2
不斗	1
不渡り	2
不渡り手形	5
不登校	2
不都合	2
不倒翁	2
不党	0
不凍	0
不凍液	2
不凍港	2
不当	0
不当表示	4
不当利得	4
不当廉売	4
不当労働行為	8
不等	0
不等号	2
不等式	2
不統一	2
不透明	2
不動	0
不動産	2
不動産取得税	8
不動産登記	6
不動産保険	6
不動心	2
不動尊	2
不動明王	6
不同	0
不同意	2
不導体	0
不道	0
不道徳	2
不道理	2
不得意	2
不得策	2
不得手	2
不得要領	4
不徳	0
不徳漢	2
不徳義	2
不特定	2
不特定多数	7
不突合	2
不届き	2
不届き者	0
不馴	1
不馴れ	1
不二	1
不日	1
不入り	0
不如意	2
不如帰	2
不妊	0
不妊手術	4
不妊症	0
不認可	2
不認承	0
不熱心	2
不燃	0
不燃性	0
不燃物	2
不納	0
不能	0
不敗	0
不買	0
不買運動	4
不買同盟	4
不発	0
不発弾	3
不抜	0
不犯	0
不備	1
不美人	2
不必要	3
不評	0
不評判	2
不品行	2
不敏	0
不符号	2
不風流	2
不服	0
不払い	2
不文	0
不文憲法	4
不文法	2
不文律	2
不平	0
不平等	2
不平等条約	6
不偏	0
不偏不党	0
不変	0
不変化	0
不変資本	4
不変性	0
不変費用	4
不便	1
不勉強	2
不抱	3
不法	0
不法監禁	4
不法行為	4
不法就労	4
不法侵入	4
不飽和	2
不飽和化合物	6
不飽和結合	5
不飽和脂肪酸	6
不本意	2
不凡	0
不磨	1
不満	0
不満足	2
不味	1
不味い	2
不稔性	0
不眠	0
不眠症	0
不眠不休	0
不名数	2
不名誉	2
不明	0
不明確	2
不明瞭	2
不明朗	2
不滅	0
不面目	2
不毛	0
不問	0
不夜城	2
不愉快	2
不予	1
不様	1
不溶	0
不溶性	0
不用	0
不用意	2
不用心	2
不要	0
不養生	2
不落	0
不利	1
不利益	2
不履行	2
不離	1
不立文字	4
不慮	1
不了見	2
不料簡	2
不猟	0
不良	0
不良債権	4
不良少女	4
不良少年	4
不良導体	0
不良品	0
不量見	2
不倫	0
不例	0
不連続	2
不連続線	0
不労	0
不労所得	4
不老	0
不老長寿	4
不老不死	4
不和	1
不惑	0
不圖	1
不埒	1
不埓	1
不愍	1
不憫	1
不撓	0
不撓不屈	0
不縹緻	2
不羈	1
不躾	0
不逞	0
不逞の輩	0
不銹鋼	2
付いて回る	1
付かず離れず	2
付かぬ事	2
付き	2
付きっ切り	0
付きまとう	4
付き合い	3
付き合う	3
付き従う	5
付き人	0
付き随う	5
付き切り	0
付き添い	0
付き添い人	0
付き添い婦	3
付き添う	3
付き纏う	4
付き馬	0
付き物	2
付く	1
付け	2
付けたり	0
付けっぱなし	0
付けっ放し	0
付けどころ	0
付ける	2
付けペン	0
付け下げ	0
付け加える	5
付け火	2
付け回す	4
付け回る	0
付け換える	4
付け景気	3
付け元気	3
付け合せ	0
付け合わせ	0
付け合わせる	5
付け黒子	3
付け込み	0
付け込む	0
付け根	0
付け札	2
付け紙	2
付け汁	0
付け出し	0
付け出す	0
付け所	0
付け焼き	0
付け焼き刃	3
付け焼刃	3
付け上がる	4
付け人	0
付け狙う	0
付け足し	0
付け足す	0
付け足り	0
付け替える	4
付け台	2
付け値	2
付け直す	0
付け届け	0
付け入る	3
付け馬	0
付け髪	2
付け鼻	2
付け髭	0
付け紐	0
付け文	0
付け方	3
付け麺	0
付け毛	0
付け木	2
付け目	3
付け薬	3
付け落ち	0
付け落とし	0
付け睫毛	3
付け髷	2
付す	1
付する	2
付ペン	0
付下げ	0
付加	1
付加える	5
付加価値	3
付加価値税	4
付加価値通信網	7
付加税	2
付加反応	3
付会	0
付回す	4
付記	1
付議	1
付近	2
付言	0
付合	0
付合い	3
付合う	3
付合せ	0
付合わせ	0
付根	0
付札	2
付子	2
付室	0
付従う	5
付汁	0
付出し	0
付所	0
付焼	0
付焼き	0
付焼き刃	3
付焼刃	3
付嘱	0
付人	0
付図	1
付随	0
付随音楽	4
付設	0
付喪神	3
付則	0
付足し	0
付足す	0
付足り	0
付属	0
付属学校	4
付属語	0
付属肢	3
付属品	0
付属物	3
付帯	0
付帯決議	4
付替える	4
付台	2
付託	0
付値	2
付着	0
付着生物	4
付着力	3
付注	0
付註	2
付添	0
付添い	0
付添い人	0
付添う	3
付添人	0
付届	0
付届け	0
付入る	3
付馬	0
付髪	2
付票	0
付表	0
付物	2
付方	3
付毛	0
付与	1
付庸	0
付落	0
付落ち	0
付落とし	0
付録	0
付和	1
付和随行	1
付和雷同	1
付箋	0
埠頭	0
夫	0
夫の君	1
夫れ夫れ	2
夫君	1
夫権	0
夫妻	1
夫子	1
夫唱婦随	0
夫人	0
夫婦	1
夫婦きどり	4
夫婦げんか	4
夫婦気取り	4
夫婦喧嘩	4
夫婦茶碗	4
夫婦仲	3
夫婦別れ	4
夫婦別姓	1
夫婦約束	4
夫婦養子	4
夫婦連れ	0
夫役	1
婦	1
婦警	2
婦女	1
婦女子	2
婦人	0
婦人運動	4
婦人科	0
婦人科医	2
婦人会	2
婦人警官	4
婦人警察官	7
婦人参政権	6
婦人病	0
婦人服	2
婦人問題	4
婦選	0
婦長	1
婦道	1
婦徳	0
富	1
富くじ	0
富ます	1
富み	1
富む	1
富栄養化	4
富栄養湖	4
富家	1
富岳	1
富貴	1
富魚	0
富強	0
富鉱	0
富豪	0
富国	2
富国強兵	2
富札	2
富士額	3
富士絹	0
富士講	2
富士桜	3
富士塚	2
富士撫子	4
富士壺	0
富士薊	3
富者	1
富農	0
富有	0
富有柿	2
富裕	0
富裕税	2
富力	1
富嶽	1
富籤	0
富饒	0
布	0
布く	0
布衣	1
布衣始	4
布衣始め	4
布引	0
布引き	0
布海苔	0
布教	0
布教師	2
布巾	2
布告	0
布子	0
布施	0
布陣	0
布石	0
布切	0
布切れ	0
布設	0
布銭	0
布袋	3
布袋葵	4
布袋腹	0
布袋蘭	2
布達	0
布団	0
布団蒸	0
布団蒸し	0
布団皮	0
布地	0
布置	2
布片	0
布目	0
布令	0
布帛	0
布衍	0
府	1
府下	1
府議会	2
府警	0
府県	1
府県制	0
府庫	1
府社	1
府税	1
府知事	2
府中	1
府庁	2
府内	1
府立	1
府連	0
怖々	0
怖い	2
怖がり	3
怖がる	3
怖じけ	0
怖じける	0
怖じる	2
怖じ気	0
怖じ気づく	4
怖じ気付く	4
怖じ気立つ	4
怖ず怖ず	1
怖めず臆せず	1
怖る	2
怖れ	3
怖れる	3
怖ろしい	4
怖気	0
怖気づく	4
怖気付く	4
怖気立つ	4
怖怖	0
怖面	0
扶ける	3
扶育	0
扶桑	0
扶持	2
扶持米	0
扶助	1
扶助料	2
扶植	0
扶養	0
扶養家族	4
扶養義務	4
扶養控除	4
扶養料	2
扶翼	1
敷	1
敷き	2
敷き革	0
敷き蒲団	3
敷き詰める	4
敷き紙	0
敷き写し	0
敷き石	0
敷き皮	0
敷き布団	3
敷き物	0
敷き藁	0
敷く	0
敷ぶとん	3
敷延	0
敷革	0
敷蒲団	3
敷詰める	4
敷居	0
敷金	2
敷紙	0
敷石	0
敷設	0
敷地	0
敷島	0
敷島の道	0
敷板	0
敷皮	0
敷布	0
敷布団	3
敷物	0
敷衍	0
斧	1
斧斤	0
斧正	0
斧足類	3
斧旁	3
斧鉞	1
斧鑿	0
普く	3
普アル茶	4
普化宗	2
普及	0
普及版	0
普及率	2
普賢	0
普請	0
普請場	0
普選	0
普段	1
普段着	2
普茶	2
普茶料理	3
普通	0
普通科	0
普通科部隊	5
普通課程	4
普通株	2
普通教育	4
普通銀行	4
普通自動車	5
普通人	2
普通選挙	4
普通文	2
普通法	2
普通名詞	4
普通郵便	4
普通郵便局	6
普通預金	4
普通葉	2
普通養子縁組	7
普通列車	4
普偏性	0
普辺性	0
普遍	0
普遍化	0
普遍性	0
普遍妥当性	0
普遍的	0
普遍文法	4
普遍論争	4
普免	0
普門品	2
浮かされる	0
浮かす	0
浮かせる	0
浮かばれない	0
浮かびあがる	5
浮かび出る	4
浮かび上がる	5
浮かび上る	5
浮かぶ	0
浮かぶ瀬	4
浮かべる	0
浮かれる	0
浮かれ出る	4
浮かれ女	0
浮かれ節	0
浮か上がる	5
浮か上る	5
浮き	0
浮きドック	3
浮き雲	0
浮き荷	0
浮き魚	0
浮き橋	0
浮き腰	0
浮き桟橋	3
浮き出す	3
浮き出る	3
浮き上がる	4
浮き上る	4
浮き織り	0
浮き寝	0
浮き身	0
浮き世	2
浮き世離れ	4
浮き石	0
浮き巣	0
浮き草	0
浮き草稼業	5
浮き足	0
浮き足立つ	5
浮き袋	3
浮き貸し	0
浮き彫	0
浮き彫り	0
浮き沈み	0
浮き島	0
浮き嚢	3
浮き浮き	1
浮き名	0
浮き立つ	3
浮き輪	0
浮く	0
浮つく	0
浮び出る	4
浮ぶ	0
浮べる	0
浮れ出る	4
浮れ女	0
浮れ歩く	5
浮わつく	0
浮雲	0
浮華	1
浮環	0
浮気	0
浮気者	0
浮気症	0
浮気性	0
浮橋	0
浮言	0
浮腰	0
浮桟橋	3
浮腫	3
浮腫む	2
浮出す	3
浮出る	3
浮上	0
浮上がる	4
浮上る	4
浮城	0
浮寝	0
浮寝鳥	3
浮心	0
浮人形	3
浮塵子	1
浮図	2
浮世	2
浮世絵	0
浮世草子	4
浮世草紙	4
浮世離れ	4
浮生	0
浮石	0
浮説	0
浮巣	0
浮草	0
浮足	0
浮足立つ	5
浮袋	3
浮彫	0
浮彫り	0
浮沈	0
浮屠	1
浮島	0
浮動	0
浮動株	2
浮動小数点表示	10
浮動票	0
浮嚢	3
浮薄	0
浮標	0
浮氷	0
浮漂	0
浮付く	0
浮名	0
浮木	0
浮矢幹	3
浮矢柄	3
浮遊	0
浮遊生物	4
浮遊物	2
浮揚	0
浮利	1
浮流	0
浮力	1
浮輪	0
浮浪	0
浮浪児	2
浮浪者	2
浮浪人	0
浮游	0
浮鮴	0
父	1
父さん	1
父ちゃん	1
父の日	2
父君	2
父兄	2
父系	0
父系制	0
父権	0
父御	0
父子	1
父子家庭	3
父子草	3
父上	2
父親	0
父性	0
父性愛	2
父祖	1
父母	1
父方	0
父無し子	4
父老	0
符	1
符号	0
符号化	0
符合	0
符呪	1
符節	0
符丁	0
符帳	0
符牒	0
腐す	0
腐らす	3
腐り	3
腐る	2
腐れ	3
腐れる	3
腐れ縁	3
腐れ金	3
腐朽	0
腐刑	0
腐儒	1
腐臭	0
腐女子	2
腐植	0
腐植栄養湖	6
腐植土	3
腐食	0
腐食剤	3
腐食銅板	4
腐食銅版	4
腐蝕	0
腐心	0
腐生	0
腐生菌	2
腐生植物	5
腐肉	0
腐敗	0
腐敗菌	0
腐葉土	2
腐乱	0
腐爛	0
膚	1
膚寒	0
膚寒い	1
膚触り	3
膚触わり	3
膚身	1
膚着	3
芙蓉	0
芙蓉峰	2
譜	0
譜代	0
譜代相伝	4
譜代大名	4
譜第	0
譜表	0
譜面	0
譜面台	0
負	1
負い革	0
負い目	0
負う	0
負える	3
負かす	0
負け	0
負けぎらい	3
負けじ魂	4
負けずぎらい	4
負けず嫌い	4
負けず劣らず	5
負ける	0
負けん気	0
負け越し	0
負け越す	3
負け嫌い	3
負け犬	0
負け色	0
負け星	2
負け惜しみ	0
負け惜み	0
負け戦	3
負け投手	3
負の所得税	1
負ぶい紐	3
負ぶう	2
負ぶさる	3
負わす	2
負わせる	0
負んぶ	1
負んぶ飛蝗	4
負越す	3
負荷	1
負郭	0
負革	0
負極	0
負号	0
負債	0
負債比率	4
負傷	0
負傷者	2
負傷兵	2
負触媒	2
負数	2
負惜しみ	0
負惜み	0
負託	0
負担	0
負担金	0
負投手	3
負飛蝗	4
負目	0
負論理	2
負蝗虫	4
賦	1
賦する	2
賦詠	0
賦課	1
賦活	0
賦形剤	2
賦性	0
賦税	0
賦存	0
賦払い	2
賦役	1
賦与	1
赴く	3
赴任	0
阜	0
阜偏	0
附け	2
附け加える	5
附け狙う	0
附す	1
附する	2
附加	2
附加える	5
附会	0
附記	1
附議	1
附近	2
附言	0
附合	0
附子	1
附図	1
附随	0
附設	0
附則	0
附属	0
附属品	0
附帯	0
附託	0
附着	0
附着力	3
附注	1
附註	0
附票	0
附表	0
附庸	0
附録	0
附和随行	1
附和雷同	1
附屆	0
附箋	0
侮り	0
侮る	3
侮言	0
侮辱	0
侮辱罪	3
侮日	0
侮蔑	0
侮慢	0
撫する	2
撫ぜる	2
撫でつけ	0
撫でつける	4
撫でつけ髪	4
撫でる	2
撫で下す	4
撫で下ろす	4
撫で回す	4
撫で肩	0
撫で斬り	0
撫で上げる	4
撫で切り	0
撫で付け	0
撫で付ける	4
撫で付け髪	4
撫育	1
撫肩	0
撫斬り	0
撫子	2
撫切り	0
武	1
武威	1
武運	1
武家	1
武家屋敷	3
武家時代	3
武家諸法度	4
武家政治	3
武家奉公	3
武学	1
武官	1
武鑑	0
武器	1
武器庫	2
武器輸出三原則	8
武技	1
武侠	0
武具	1
武勲	0
武芸	1
武芸者	2
武庫	1
武功	0
武骨	0
武骨者	0
武士	1
武士気質	3
武士詞	3
武士団	2
武士道	2
武事	1
武者	1
武者絵	2
武者修業	3
武者修行	3
武者振り	0
武者振りつく	5
武者振り付く	5
武者振るい	3
武者震い	3
武者人形	3
武者顫い	3
武術	1
武将	0
武神	0
武臣	1
武人	0
武装	0
武装解除	4
武装中立	4
武装平和	4
武装蜂起	4
武蔵	1
武蔵鐙	4
武鯛	0
武断	0
武断政治	4
武張る	2
武闘	0
武道	1
武道家	0
武道館	2
武徳	1
武備	1
武夫	1
武辺	1
武弁	0
武名	1
武門	1
武勇	1
武勇伝	2
武略	1
武陵桃源	4
武力	1
武力行使	4
武烈	1
舞	0
舞い降りる	4
舞い込む	3
舞い散る	3
舞い上がる	4
舞い上る	4
舞い納める	5
舞い戻る	4
舞い落ちる	4
舞い立つ	3
舞う	0
舞楽	1
舞楽面	3
舞妓	1
舞脚	1
舞曲	1
舞降りる	4
舞散る	3
舞姿	3
舞子	0
舞車	3
舞上がる	4
舞上る	4
舞人	0
舞錐	3
舞扇	3
舞台	1
舞台衣装	4
舞台開き	4
舞台監督	4
舞台稽古	4
舞台芸術	4
舞台劇	2
舞台効果	4
舞台照明	4
舞台装置	4
舞台中継	4
舞台度胸	4
舞台裏	0
舞茸	1
舞殿	0
舞踏	0
舞踏会	2
舞踏曲	2
舞踏病	0
舞姫	0
舞舞	3
舞戻る	4
舞踊	0
舞踊家	0
舞踊劇	2
舞落ちる	4
舞立つ	3
舞囃子	3
舞蹈	0
葡	1
葡萄	0
葡萄球菌	4
葡萄酒	2
葡萄色	0
葡萄鼠	4
葡萄棚	0
葡萄茶	0
葡萄糖	0
葡萄畑	4
葡萄膜	2
葡萄蔓虫	4
蕪	0
蕪菜	3
蕪雑	0
蕪辞	1
蕪蒸	0
蕪蒸し	0
蕪菁	0
蕪鮨	3
部	1
部位	1
部員	0
部屋	2
部屋割り	0
部屋子	0
部屋住み	0
部屋代	0
部屋着	0
部屋頭	3
部下	1
部会	0
部外	1
部活	0
部局	1
部厚い	0
部材	0
部財	0
部誌	1
部室	0
部首	1
部所	1
部署	1
部将	0
部数	2
部属	0
部族	1
部隊	1
部隊長	2
部長	0
部内	1
部派仏教	3
部費	0
部品	0
部分	1
部分け	0
部分割	2
部分冠詞	4
部分均衡	4
部分集合	4
部分食	2
部分的	0
部分否定	4
部分品	0
部別	0
部民	1
部民制	0
部面	1
部門	1
部落	1
部落解放運動	8
部類	0
封	1
封じる	0
封じ込め	0
封じ込める	5
封じ込め政策	6
封じ手	0
封じ目	0
封ずる	3
封印	0
封建	0
封建時代	5
封建社会	5
封建主義	5
封建制	0
封建制度	5
封建的	0
封鎖	0
封殺	0
封爵	0
封書	0
封状	0
封切	0
封切り	0
封切り館	4
封切る	3
封禅	0
封地	1
封土	1
封筒	0
封入	0
封蝋	0
封緘	0
封緘葉書	5
楓	0
楓属	1
楓鳥	3
楓糖	0
楓葉	0
楓林	0
風	0
風がわり	3
風とおし	0
風の子	0
風の神	4
風の便り	4
風の盆	4
風び	1
風よけ	0
風りん	0
風圧	0
風位	1
風引き	0
風韻	0
風雨	1
風雲	0
風雲児	3
風炎	1
風音	0
風下	0
風化	0
風花	0
風雅	1
風解	0
風害	0
風格	0
風乾し	0
風干し	0
風眼	1
風紀	1
風儀	1
風脚	0
風教	0
風狂	0
風琴	0
風景	1
風景画	0
風穴	0
風月	1
風見	0
風見鶏	3
風戸	0
風光	0
風光明美	5
風光明媚	5
風口	0
風向	0
風向き	0
風向計	0
風合い	0
風采	0
風刺	0
風刺画	0
風姿	1
風師	1
風車	3
風邪	0
風邪ひき	0
風邪引き	0
風邪気	0
風邪気味	0
風邪声	0
風邪薬	3
風趣	1
風樹	1
風習	0
風除け	0
風上	0
風情	1
風食	0
風蝕	0
風信子	3
風疹	0
風神	0
風塵	0
風水	0
風水害	3
風声鶴唳	0
風折れ	0
風説	0
風雪	0
風船	0
風船ガム	5
風船葛	5
風船玉	0
風船爆弾	5
風選	0
風前	0
風前のともしび	0
風前のともし火	0
風前の灯	0
風前の灯火	0
風窓	0
風草	0
風葬	0
風霜	0
風足	0
風速	0
風速計	0
風俗	1
風俗営業	5
風俗画	0
風俗小説	5
風俗犯罪	5
風太郎	0
風体	1
風帯	0
風待ち	0
風袋	1
風台風	3
風鐸	0
風致	1
風致地区	4
風致林	3
風潮	0
風蝶草	0
風鳥	0
風鳥座	0
風鎮	0
風津波	3
風通し	0
風度	1
風土	1
風土記	2
風土病	0
風倒	0
風涛	0
風当たり	0
風当り	0
風洞	0
風入れ	0
風波	1
風馬牛	3
風配図	3
風媒	0
風媒花	3
風帆船	0
風評	0
風物	1
風物詩	4
風物誌	4
風聞	0
風変り	3
風変わり	3
風貌	0
風防	0
風防ガラス	5
風防硝子	5
風味	1
風紋	0
風薬	3
風諭	1
風来	0
風来坊	3
風流	1
風流韻事	5
風力	1
風力階級	5
風力計	0
風力発電	5
風林火山	5
風鈴	0
風鈴草	0
風呂	2
風呂屋	2
風呂桶	3
風呂釜	0
風呂場	3
風呂吹き	2
風呂代	0
風呂敷	0
風呂敷包み	5
風炉	2
風露草	0
風浪	0
風喩	0
風濤	0
風靡	1
葺	0
葺き	0
葺き替える	4
葺き板	0
葺く	0
蕗	0
蕗の薹	4
伏して	1
伏し拝む	4
伏し目	0
伏す	1
伏する	3
伏せる	2
伏せ屋	2
伏せ字	0
伏せ勢	2
伏せ樋	0
伏せ縫い	0
伏屋	2
伏角	0
伏在	0
伏字	0
伏射	0
伏勢	2
伏線	0
伏兎	1
伏鉢	2
伏樋	0
伏兵	0
伏縫	0
伏魔殿	3
伏目	0
伏流	0
伏流水	3
伏竜	0
伏竜鳳雛	0
伏龍	0
副	2
副う	0
副える	0
副因	0
副音声	3
副官	0
副議長	3
副業	0
副検事	3
副見出し	3
副甲状腺	0
副甲状腺ホルモン	9
副菜	0
副作用	3
副産物	3
副使	2
副司	1
副詞	0
副寺	1
副次的	0
副尺	0
副手	0
副収入	3
副署	0
副書	0
副助詞	3
副将	0
副将軍	3
副賞	0
副食	0
副食物	4
副審	0
副神経	3
副腎	0
副腎髄質ホルモン	9
副腎皮質	5
副腎皮質刺激ホルモン	11
副総裁	3
副総理	3
副葬品	0
副題	0
副知事	3
副長	0
副都心	3
副読本	3
副鼻腔	3
副文	0
副砲	0
副本	0
副木	0
副流煙	3
副睾丸	3
復	0
復しゅう	0
復す	2
復する	3
復位	2
復員	0
復円	0
復縁	0
復学	0
復活	0
復活祭	4
復刊	0
復帰	0
復仇	0
復旧	0
復興	0
復業	0
復啓	0
復権	0
復元	0
復元力	3
復原	0
復原力	3
復古	1
復古神道	4
復古調	0
復交	0
復校	0
復航	0
復号	0
復刻	0
復社	0
復習	0
復習う	0
復習える	0
復讐	0
復唱	0
復職	0
復水器	3
復数	3
復籍	0
復調	0
復電	0
復党	0
復答	0
復配	0
復部	2
復文	0
復命	0
復路	2
復誦	0
復讎	0
幅	0
幅ったい	4
幅とび	3
幅員	0
幅寄せ	0
幅広い	4
幅跳び	3
幅飛び	3
幅木	0
幅利き	0
服	2
服す	2
服する	3
服む	1
服忌	2
服罪	0
服紗	0
服従	0
服飾	0
服飾品	0
服喪	1
服装	0
服属	0
服地	0
服毒	0
服務	2
服役	0
服役囚	4
服薬	0
服用	0
服膺	0
福	2
福々しい	5
福の神	3
福引	0
福引き	0
福運	0
福岡	2
福音	0
福音教会	5
福音主義	5
福音書	5
福笹	2
福祉	2
福祉国家	4
福祉施設	4
福祉事務所	5
福祉電話	4
福耳	2
福寿	2
福寿草	0
福助	2
福笑い	3
福神	0
福神漬け	0
福相	0
福袋	3
福茶	2
福徳	0
福徳円満	0
福福しい	5
福利	2
福利厚生	1
福利表	0
福禄寿	3
腹	2
腹いせ	0
腹いっぱい	3
腹ごしらえ	3
腹ごなし	3
腹の足し	0
腹の中	0
腹の虫	0
腹の内	0
腹ばい	0
腹びれ	0
腹ぺこ	0
腹ぼて	0
腹案	0
腹囲	2
腹違い	3
腹一杯	3
腹汚い	5
腹下し	3
腹掛け	0
腹巻き	2
腹筋	0
腹筋運動	5
腹具合	3
腹芸	0
腹鼓	3
腹腔	0
腹黒い	4
腹子	2
腹持	0
腹持ち	0
腹時計	3
腹式呼吸	5
腹熟し	3
腹笑い	3
腹上死	3
腹心	0
腹水	0
腹積もり	3
腹積り	3
腹切	0
腹切り	0
腹蔵	0
腹足類	4
腹帯	0
腹中	0
腹痛	0
腹当て	0
腹背	0
腹這い	0
腹這う	3
腹八分	4
腹鰭	0
腹部	2
腹壁	0
腹変り	3
腹変わり	3
腹膜	0
腹膜炎	4
腹鳴	0
腹面	0
腹癒	0
腹癒せ	0
腹立たしい	5
腹立ち	0
腹立ち紛れ	5
腹立つ	3
腹話術	3
腹拵え	3
腹穢い	5
複	2
複塩	0
複音	0
複眼	0
複眼的	0
複屈折	3
複号	0
複合	0
複合汚染	5
複合火山	5
複合企業	5
複合競技	5
複合語	0
複合脂質	5
複合体	0
複合蛋白質	8
複合動詞	5
複婚	0
複座	0
複雑	0
複雑怪奇	5
複雑骨折	5
複雑性	0
複散形花序	7
複視	0
複試合	3
複式	0
複式火山	5
複式学級	5
複式簿記	5
複写	0
複写機	3
複写紙	3
複十字	3
複勝	0
複勝式	0
複数	3
複成火山	5
複製	0
複製権	3
複製品	0
複占	0
複線	0
複素環式化合物	9
複素数	3
複層ガラス	5
複相	0
複総状花序	7
複電	0
複比例	3
複複線	0
複分解	3
複文	0
複方	0
複本	0
複本位	3
複葉	0
複利	2
複利法	0
覆い	0
覆いかくす	5
覆いかぶさる	3
覆いかぶせる	6
覆い隠す	5
覆い被さる	3
覆い被せる	6
覆う	0
覆す	3
覆る	3
覆刻	0
覆審	0
覆土	2
覆鉢	2
覆没	0
覆滅	0
覆面	0
覆面パトカー	7
覆輪	0
淵	2
淵源	0
淵酔	1
淵叢	0
淵底	0
弗化	0
弗化カルシウム	6
弗化水素	4
弗酸	0
弗素	1
払い	2
払いのける	5
払い下げ	0
払い下げる	5
払い込み	0
払い込む	4
払い出し	0
払い出す	4
払い除ける	5
払い清める	6
払い退ける	5
払い超	2
払い渡す	5
払い物	0
払い戻し	0
払い戻す	5
払い落とす	5
払う	2
払暁	0
払込	0
払込み	0
払込資本	6
払子	0
払出し	0
払出す	4
払拭	0
払底	0
払戻し	0
払戻す	5
沸々	2
沸かし湯	3
沸かす	0
沸き	0
沸き起こる	4
沸き起る	4
沸き出す	3
沸き出る	3
沸き上がる	4
沸き上る	4
沸き返る	3
沸き立つ	3
沸く	0
沸上がる	4
沸石	0
沸点	1
沸騰	0
沸騰水型原子炉	11
沸騰点	3
沸沸	2
仏	0
仏の座	0
仏印	0
仏縁	0
仏恩	0
仏家	1
仏果	1
仏花	0
仏牙	1
仏画	0
仏会	1
仏界	0
仏閣	0
仏学	0
仏間	0
仏眼	0
仏顔	0
仏器	1
仏気	3
仏教	1
仏教音楽	5
仏教家	0
仏教絵画	5
仏教美術	5
仏暁	0
仏具	1
仏桑花	3
仏桑華	3
仏経	0
仏詣	0
仏語	0
仏工	0
仏国	0
仏座	0
仏参	0
仏師	1
仏事	1
仏寺	0
仏式	0
仏舎利	0
仏者	1
仏手柑	0
仏種	1
仏臭い	5
仏十号	3
仏所	1
仏書	1
仏心	0
仏心宗	3
仏身	0
仏人	0
仏図	2
仏性	0
仏生会	3
仏跡	0
仏説	0
仏前	0
仏祖	1
仏僧	3
仏葬	0
仏像	0
仏足石	4
仏足石歌	6
仏足石歌体	0
仏陀	1
仏壇	0
仏恥義理	0
仏智	1
仏頂	0
仏頂面	0
仏泥鰌	4
仏典	0
仏殿	0
仏徒	1
仏土	1
仏倒し	4
仏塔	0
仏堂	0
仏道	0
仏噸	1
仏罰	0
仏文	0
仏文科	0
仏文学	3
仏菩薩	3
仏法	0
仏法僧	3
仏名	0
仏滅	0
仏滅日	4
仏門	0
仏様	4
仏領	0
仏力	0
仏刹	0
物	2
物々しい	5
物々交換	5
物うげ	3
物おじ	0
物ごい	0
物の	0
物の哀れ	4
物の怪	0
物の気	0
物の具	3
物の見事に	4
物の数	4
物の本	4
物まね	0
物わかり	3
物哀しい	5
物哀れ	3
物案じ	3
物陰	0
物影	0
物越し	0
物音	3
物化	0
物価	0
物価高	3
物価指数	5
物価統制	4
物価騰貴	4
物解り	3
物怪	0
物外	2
物覚え	3
物活論	4
物干	3
物干し	3
物干し竿	4
物干し場	0
物干し台	0
物干竿	4
物干台	0
物忌	0
物忌み	4
物議	1
物恐しい	6
物恐ろしい	6
物狂	0
物狂い	3
物狂おしい	6
物詣	3
物詣で	3
物件	0
物件費	3
物堅い	4
物権	0
物見	3
物見高い	5
物見遊山	4
物見櫓	4
物言い	3
物言う	2
物故	1
物語	3
物語る	4
物乞	0
物乞い	0
物好き	3
物腰	0
物差	3
物差し	3
物産	0
物思い	3
物指	3
物指し	3
物資	1
物事	2
物持	0
物持ち	0
物自体	3
物識り	3
物質	0
物質交代	5
物質主義	5
物質代謝	5
物質的	0
物質波	4
物質文化	5
物質名詞	5
物質量	4
物寂しい	5
物取り	3
物種	0
物臭	0
物臭い	4
物柔らか	5
物書	3
物書き	4
物笑い	3
物証	0
物象	0
物情	0
物情騒然	0
物色	0
物心	3
物心両面	0
物新しい	6
物申	0
物申す	3
物真似	0
物神論	3
物尽し	3
物数奇	3
物凄い	4
物性	0
物性物理学	7
物静か	3
物税	0
物惜しみ	3
物洗貝	4
物相	3
物相飯	3
物騒	3
物騒がしい	6
物足りない	0
物損	0
物体	0
物体ない	5
物体無い	5
物断ち	0
物知り	3
物知り顔	0
物置	3
物置き	3
物置き小屋	0
物置小屋	0
物珍しい	6
物的	0
物的証拠	0
物盗り	3
物馴れる	4
物日	2
物入り	0
物入れ	4
物納	0
物売り	3
物悲しい	5
物品	0
物品税	3
物怖じ	0
物物しい	5
物物交換	5
物分かり	3
物分り	3
物別れ	3
物忘	3
物忘れ	3
物貰い	3
物憂い	3
物憂げ	3
物慾	0
物欲	0
物欲しげ	0
物理	1
物理化学	4
物理学	3
物理工学	4
物理的	0
物理療法	4
物流	0
物療	0
物量	0
物淋しい	5
鮒	1
鮒寿司	2
分	1
分かち	3
分かち合う	4
分かち書き	0
分かち難い	5
分かつ	2
分からず屋	0
分かり	3
分かりにくい	5
分かりやすい	5
分かり悪い	5
分かり易い	5
分かり切る	0
分かり難い	5
分かり良い	4
分かる	2
分かれ	3
分かれる	3
分かれ道	3
分かれ目	0
分け	2
分けて	1
分ける	2
分け隔て	0
分け合う	0
分け取り	0
分け前	3
分け入る	0
分け売り	0
分け目	3
分け与える	0
分ち	3
分つ	2
分らず屋	0
分り	3
分り切る	0
分る	2
分れる	3
分れ道	3
分れ目	0
分引き	0
分院	0
分営	0
分液漏斗	5
分煙	0
分化	1
分家	0
分科	1
分科会	3
分課	0
分画	0
分会	0
分解	0
分解者	3
分解蒸留	5
分解能	3
分界	0
分外	0
分劃	0
分格	0
分割	0
分割統治	5
分割払い	5
分轄	0
分館	0
分岐	0
分岐点	3
分級	0
分教場	0
分業	0
分局	0
分極	0
分極化	0
分権	0
分県地図	5
分遣	0
分限	0
分限者	2
分光	0
分光学	3
分光器	3
分光計	0
分光光度計	0
分光分析	5
分厚い	0
分校	0
分国法	0
分骨	0
分載	0
分際	0
分冊	0
分散	0
分散処理システム	7
分散投資	5
分餐	0
分子	1
分子遺伝学	5
分子雲	3
分子間力	4
分子軌道	4
分子式	3
分子進化	4
分子生物学	7
分子説	3
分子量	3
分枝	0
分詞	0
分室	0
分社	0
分周	0
分宿	0
分署	1
分掌	0
分乗	0
分譲	0
分譲地	3
分蝕	0
分身	0
分進	0
分針	0
分水界	3
分水嶺	3
分数	3
分数式	3
分生子	3
分析	0
分析化学	5
分析心理学	4
分析的	0
分析哲学	6
分節	0
分相応	1
分速	0
分隊	0
分隊長	3
分担	0
分担金	0
分団	0
分断	0
分地	1
分注	0
分店	0
分点	1
分電盤	0
分度器	3
分党	0
分銅	0
分葱	2
分納	0
分派	1
分配	0
分配法則	5
分売	0
分泌	0
分泌液	4
分泌腺	0
分泌物	4
分筆	0
分秒	0
分布	0
分賦	1
分封	0
分別	1
分別書き方	7
分別書方	7
分別蒸留	5
分別盛り	5
分娩	0
分捕り	0
分捕り品	0
分捕る	3
分母	1
分蜜糖	0
分脈	0
分明	0
分野	1
分有	0
分与	1
分利	0
分離	0
分離課税	4
分離派	0
分立	0
分流	0
分溜	0
分留	0
分留塔	0
分粒	0
分量	3
分力	1
分厘	0
分類	0
分類学	3
分霊	0
分列	0
分列式	4
分裂	0
分裂組織	5
分裂病	0
分蘖	0
分祀	0
分祠	0
分袂	0
分釐	0
吻	1
吻合	0
噴きこぼれる	5
噴き出す	3
噴き出る	3
噴き上げ	0
噴き上げる	4
噴く	1
噴煙	0
噴火	0
噴火口	3
噴火孔	3
噴火山	3
噴気	1
噴射	0
噴出	0
噴出す	3
噴出る	3
噴出岩	4
噴上げ	0
噴水	0
噴泉	0
噴飯	0
噴霧	1
噴霧器	3
噴霧機	3
噴門	0
噴流	0
墳丘	0
墳丘墓	3
墳墓	1
憤り	0
憤る	3
憤慨	0
憤激	0
憤死	0
憤然	0
憤怒	1
憤悶	0
憤懣	0
扮する	3
扮装	0
焚きつける	4
焚き火	0
焚き口	0
焚き出し	0
焚き染める	4
焚き付け	0
焚き付ける	4
焚き物	0
焚き木	0
焚く	0
焚火	0
焚刑	0
焚口	0
焚書	1
焚書坑儒	1
焚物	0
奮い起こす	5
奮い起す	5
奮い立つ	4
奮う	0
奮って	0
奮起	1
奮起一番	1
奮撃	0
奮激	0
奮迅	0
奮戦	0
奮然	0
奮闘	0
奮発	0
奮励	0
粉	2
粉々	0
粉じん	0
粉だに	0
粉みじん	3
粉ミルク	3
粉屋	2
粉糠	0
粉骨砕身	0
粉砂糖	3
粉砕	0
粉砕機	3
粉状	0
粉飾	0
粉飾決算	5
粉食	0
粉塵	0
粉石鹸	3
粉雪	2
粉体	0
粉炭	0
粉茶	1
粉糖	0
粉乳	0
粉白粉	3
粉微塵	0
粉粉	0
粉米	0
粉本	0
粉末	0
粉末冶金	5
粉薬	3
糞	2
糞桶	3
糞化石	3
糞蛙	3
糞戯け	3
糞詰まり	0
糞詰り	0
糞真面目	3
糞垂れ	4
糞石	1
糞袋	3
糞虫	2
糞転がし	3
糞度胸	3
糞土	1
糞鳶	3
糞尿	0
糞嚢	3
糞蝿	2
糞便	0
糞味噌	0
糞落ち着き	3
糞溜	0
糞力	3
糞壺	2
糞蠅	2
糞鴟	3
紛々	0
紛い	0
紛い物	0
紛う	2
紛える	3
紛らす	3
紛らわしい	5
紛らわす	4
紛れ	1
紛れもない	5
紛れも無い	5
紛れる	3
紛れ込む	4
紛れ当たり	4
紛議	1
紛糾	0
紛骨砕身	0
紛失	0
紛擾	0
紛然	0
紛争	0
紛紛	0
紛乱	0
雰囲気	3
文	1
文安	0
文案	0
文意	1
文運	0
文永	0
文苑	0
文化	1
文化の日	1
文化遺産	4
文化映画	4
文化科学	4
文化革命	4
文化勲章	4
文化系	0
文化功労者	6
文化国家	4
文化祭	3
文化財	3
文化史	3
文化人	3
文化人類学	6
文化大革命	6
文化庁	3
文化的	0
文化哲学	5
文化闘争	4
文科	1
文科系	0
文科省	3
文科大学	4
文雅	1
文革	0
文学	1
文学界	4
文学史	4
文学士	3
文学者	3
文学青年	5
文学的	0
文学部	3
文学論	4
文楽	1
文官	0
文机	2
文亀	1
文教	0
文教地区	5
文句	1
文句なし	3
文句無し	3
文具	1
文型	0
文系	0
文芸	0
文芸家	0
文芸学	3
文芸批評	5
文芸復興	5
文芸欄	3
文月	1
文献	0
文献学	3
文言	3
文言葉	3
文庫	0
文庫版	0
文庫本	0
文語	0
文語形	0
文語体	0
文語文	3
文語文法	4
文豪	0
文彩	0
文才	0
文采	0
文士	1
文事	1
文字	1
文字どおり	3
文字る	2
文字化け	0
文字言語	3
文字言葉	3
文字詞	3
文字通り	3
文字読み	0
文字認識	3
文字盤	0
文字放送	3
文治	1
文質彬彬	5
文弱	0
文殊	0
文殊菩薩	4
文集	0
文書	1
文章	1
文章語	0
文章体	0
文章題	3
文章法	0
文章論	3
文飾	0
文臣	0
文身	0
文人	0
文人画	0
文人墨客	0
文勢	0
文政	0
文責	0
文節	0
文選	0
文選工	0
文相	0
文藻	0
文体	0
文体論	3
文題	0
文旦	0
文壇	0
文中	0
文調	0
文鳥	0
文鎮	0
文通	0
文典	0
文展	0
文頭	0
文尼	1
文博	0
文箱	1
文蛤	2
文範	0
文尾	1
文筆	0
文筆家	0
文筆業	4
文武	1
文武両道	1
文部	1
文部省	3
文部大臣	4
文福茶釜	1
文物	1
文保	0
文法	0
文法的	0
文房具	3
文房具屋	0
文房四宝	4
文末	0
文脈	0
文民	0
文民統制	5
文無し	0
文名	0
文明	0
文明開化	5
文明国	3
文明史	3
文明人	3
文面	0
文盲	0
文目	0
文様	0
文理	1
文例	0
文和	0
文匣	0
文繞	0
文藝	0
聞いた風	4
聞えよがし	4
聞える	0
聞かす	0
聞かせる	0
聞かん坊	0
聞か猿	3
聞きあきる	4
聞きおぼえ	0
聞きおぼえる	5
聞きかじる	4
聞きただす	4
聞きつける	4
聞きとる	3
聞きなおす	4
聞きにくい	4
聞きほれる	4
聞きもらす	4
聞き悪い	4
聞き違い	0
聞き違う	4
聞き違える	5
聞き応え	0
聞き下手	0
聞き過ごす	4
聞き過す	4
聞き外す	4
聞き覚え	0
聞き覚える	5
聞き慣れる	4
聞き及ぶ	4
聞き旧した	4
聞き苦しい	5
聞き古した	4
聞き香	0
聞き合せ	0
聞き合せる	5
聞き惚れる	4
聞き込み	0
聞き込む	3
聞き耳	0
聞き捨てる	4
聞き取り	0
聞き取る	3
聞き手	0
聞き酒	0
聞き出す	3
聞き所	0
聞き書	0
聞き書き	0
聞き上手	3
聞き辛い	4
聞き澄ます	4
聞き正す	4
聞き損なう	5
聞き知る	3
聞き置く	3
聞き茶	0
聞き直す	4
聞き伝え	0
聞き伝える	5
聞き逃す	4
聞き届ける	5
聞き馴れる	4
聞き入る	3
聞き入れる	4
聞き納め	0
聞き付ける	4
聞き物	0
聞き分け	0
聞き分ける	4
聞き返す	3
聞き方	0
聞き飽きる	4
聞き忘れる	5
聞き役	0
聞き落し	0
聞き落す	4
聞き流す	4
聞き良い	3
聞き漏らす	4
聞き做す	3
聞き咎める	5
聞き糺す	4
聞き齧る	4
聞く	0
聞こえ	0
聞こえよがし	4
聞こえる	0
聞こし召す	4
聞過ごす	4
聞外す	4
聞慣れる	4
聞苦しい	5
聞香	0
聞込み	0
聞込む	3
聞耳	0
聞取り	0
聞取る	3
聞手	0
聞酒	0
聞書	0
聞書き	0
聞上手	3
聞損なう	5
聞知	1
聞知る	3
聞茶	0
聞届ける	5
聞馴れる	4
聞入る	3
聞入れる	4
聞付ける	4
聞分ける	4
聞法	0
聞役	0
聞流す	4
丙	0
丙午	0
丙種	1
丙夜	1
丙戌	0
併さる	3
併し	2
併し乍ら	4
併せて	2
併せる	3
併せ持つ	4
併も	2
併音	0
併願	0
併記	1
併行線	0
併合	0
併合罪	3
併催	0
併殺	0
併称	0
併設	0
併走	0
併存	0
併置	0
併読	0
併呑	0
併売	0
併発	0
併有	0
併用	0
併立	0
兵	1
兵威	1
兵員	0
兵営	0
兵家	1
兵科	1
兵火	1
兵禍	1
兵学	0
兵学校	3
兵器	1
兵器廠	3
兵蟻	1
兵権	0
兵庫曲	3
兵庫髷	3
兵語	0
兵士	1
兵事	1
兵児鮎	0
兵児帯	0
兵式体操	5
兵舎	1
兵車	1
兵種	1
兵術	0
兵書	1
兵食	0
兵刃	0
兵制	0
兵籍	0
兵船	0
兵曹	1
兵曹長	3
兵装	0
兵卒	0
兵隊	0
兵隊勘定	5
兵隊蟻	3
兵端	0
兵団	0
兵長	1
兵難	0
兵農	0
兵農分離	5
兵馬	1
兵馬俑	3
兵備	1
兵法	1
兵法家	0
兵法者	3
兵鋒	0
兵役	0
兵役忌避	5
兵乱	0
兵略	0
兵糧	0
兵糧攻め	0
兵糧米	0
兵力	1
兵六玉	0
兵仗	3
兵戈	1
兵燹	0
兵站	0
兵站線	0
兵站部	3
兵粮	0
塀	0
塀越し	0
幣	1
幣串	0
幣辛夷	3
幣制	0
幣束	0
幣殿	1
幣物	0
幣帛	0
平	1
平々	1
平々凡々	0
平か	2
平し	1
平す	2
平たい	0
平ちゃら	0
平ったい	0
平に	1
平べったい	5
平ら	0
平らか	2
平らぐ	3
平らげる	4
平安	0
平安京	0
平安時代	5
平安朝	0
平易	1
平泳ぎ	3
平屋	0
平屋建	0
平屋造	4
平屋造り	4
平温	0
平穏	0
平穏無事	0
平仮名	3
平価	1
平価切り下げ	1
平価切り上げ	1
平価切下げ	1
平家	1
平家蟹	3
平家建	0
平家星	3
平家節	0
平家造	4
平家造り	4
平家琵琶	4
平家物語	6
平臥	1
平角	0
平滑	0
平滑筋	4
平瓦	3
平冠	3
平気	0
平気の平左	5
平胸類	3
平曲	0
平均	0
平均株価	6
平均気温	5
平均寿命	5
平均太陽	5
平均太陽時	7
平均太陽日	7
平均台	0
平均値	3
平均的	0
平均点	3
平均余命	5
平均律	3
平均率	3
平句	2
平絹	0
平原	0
平語	0
平行	0
平行移動	5
平行四辺形	6
平行進化	5
平行線	0
平行棒	3
平衡	0
平衡感覚	5
平衡定数	5
平作	0
平皿	0
平山城	3
平氏	1
平飼い	0
平歯車	4
平時	1
平社員	3
平謝り	3
平手	0
平準	0
平叙文	0
平上去入	0
平城	0
平城時代	3
平場	0
平常	0
平常心	3
平織	0
平織り	0
平信	0
平身低頭	0
平水	0
平成	0
平政	0
平生	0
平声	0
平静	0
平然	0
平素	1
平草	0
平俗	0
平袖	0
平打ち	0
平鯛	0
平茸	2
平坦	0
平淡	0
平地	0
平地林	3
平蜘蛛	0
平虫	2
平調	3
平爪	0
平定	0
平底	0
平庭	0
平土間	0
平等	0
平等権	3
平等主義	5
平鍋	0
平日	0
平入	0
平入り	0
平熱	0
平年	0
平年作	3
平年並み	0
平板	0
平板測量	5
平版	0
平伏	0
平伏す	3
平復	0
平服	0
平分	0
平文	0
平平	0
平平凡凡	0
平米	1
平包	3
平包み	3
平方	0
平方根	3
平凡	0
平幕	0
平脈	0
平民	0
平民主義	5
平民的	0
平明	0
平面	3
平面角	3
平面幾何学	6
平面鏡	0
平面三角法	7
平面図	3
平面図形	5
平面的	0
平目	0
平目筋	3
平野	0
平癒	1
平炉	0
平和	0
平和運動	4
平和会議	4
平和憲法	4
平和産業	4
平和主義	4
平和主義者	5
平和条項	4
平和条約	4
平和的生存権	8
平和部隊	4
平仄	0
平裹み	3
弊	1
弊え	0
弊える	3
弊衣	1
弊衣破帽	1
弊害	0
弊行	1
弊誌	1
弊社	1
弊習	0
弊所	1
弊政	0
弊村	0
弊店	1
弊風	0
弊履	1
柄	0
柄巻	0
柄巻き	0
柄鏡	2
柄杓	0
柄振	0
柄振り	0
柄樽	0
柄頭	3
柄物	0
並	0
並々	0
並いる	3
並て	1
並び	0
並びない	4
並びに	0
並び大名	4
並び無い	4
並び無き	4
並び立つ	4
並ぶ	0
並べて	1
並べる	0
並べ立てる	5
並み	0
並みいる	3
並み外れ	0
並み外れる	0
並み居る	3
並み型	0
並み足	0
並み大抵	0
並み幅	0
並み並み	0
並み歩	0
並み木	0
並外れ	0
並外れる	0
並居る	3
並巾	0
並行	0
並行輸入	5
並行論	3
並樹	0
並称	0
並進	0
並製	0
並走	0
並足	0
並存	0
並大抵	0
並置	0
並肉	0
並幅	0
並並	0
並木	0
並木道	3
並木路	3
並用	0
並立	0
並立助詞	5
並列	0
並列処理	5
並列助詞	5
蔽い	0
蔽う	0
閉ざす	2
閉じこめる	4
閉じこもる	4
閉じる	2
閉じ込む	0
閉じ込める	4
閉じ込もる	4
閉じ篭る	4
閉じ籠る	4
閉てる	2
閉まり	1
閉まる	2
閉める	2
閉め出し	0
閉め出す	0
閉め切り	0
閉め切る	3
閉院	0
閉園	0
閉音節	3
閉果	1
閉架	0
閉会	0
閉会式	3
閉回路	3
閉殻筋	4
閉館	0
閉眼	0
閉居	1
閉業	0
閉局	0
閉曲線	3
閉区間	3
閉経	0
閉経期	3
閉口	0
閉口頓首	5
閉校	0
閉講	0
閉込める	4
閉鎖	0
閉鎖的	0
閉塞	0
閉山	0
閉止	0
閉式	0
閉集合	3
閉所	1
閉所恐怖症	1
閉場	0
閉切り	0
閉切る	3
閉栓	0
閉創	1
閉息	0
閉体	0
閉廷	0
閉店	0
閉幕	0
閉門	0
閉炉	1
閉路	1
閉篭る	4
陛衛	0
陛下	1
米	2
米ぬか	0
米の飯	5
米びつ	0
米みそ	0
米トン	0
米印	3
米塩	0
米屋	2
米価	1
米価審議会	6
米菓	1
米貨	1
米語	0
米糠	0
米国	0
米穀	0
米穀取引所	0
米穀通帳	5
米差	4
米差し	4
米材	0
米作	0
米産	0
米刺	4
米刺し	4
米紙	1
米寿	1
米収	0
米州	1
米所	3
米松	0
米食	0
米食い虫	3
米人	0
米酢	2
米杉	0
米銭	0
米倉	0
米騒動	3
米蔵	0
米袋	3
米突	0
米噸	0
米麦	0
米飯	0
米俵	3
米粉	2
米偏	0
米味噌	0
米綿	0
米問屋	3
米油	3
米粒	3
米搗き	4
米搗き虫	4
米搗き飛蝗	5
米搗虫	4
米櫃	0
頁	0
頁岩	2
頁岩油	3
僻	3
僻する	3
僻み	3
僻む	2
僻遠	0
僻境	0
僻隅	0
僻見	0
僻根性	4
僻在	0
僻事	2
僻書	0
僻説	0
僻村	0
僻地	1
僻目	3
僻邑	0
僻論	0
僻陬	0
壁	0
壁一重	4
壁下地	3
壁画	0
壁掛け	3
壁際	0
壁紙	0
壁書き	0
壁新聞	3
壁訴訟	3
壁代	0
壁塗り	0
壁土	0
壁板	0
壁面	0
壁立	0
壁蝨	2
壁龕	0
癖	2
癖者	0
癖毛	0
碧	1
碧々	3
碧雲	0
碧眼	0
碧玉	0
碧空	0
碧色	0
碧水	0
碧碧	3
別	0
別々	0
別け	2
別けて	1
別ける	2
別け隔て	0
別け前	3
別して	0
別ち	3
別つ	2
別て	1
別に	0
別れ	3
別れる	3
別れ際	0
別れ霜	3
別れ道	3
別れ別れ	4
別れ目	0
別れ路	3
別れ話	4
別意	1
別院	0
別宴	0
別家	0
別科	0
別火	0
別箇	0
別格	0
別格官幣社	7
別乾坤	3
別勘定	3
別巻	0
別間	0
別館	0
別記	0
別儀	0
別宮	0
別居	0
別業	0
別形	0
別件	0
別言	0
別個	0
別戸	1
別後	1
別口	0
別行	0
別項	0
別号	0
別婚	0
別懇	0
別冊	0
別刷り	0
別使	1
別紙	0
別事	1
別時	1
別時念仏	4
別辞	1
別室	0
別種	0
別趣	0
別除権	3
別称	0
別条	0
別状	0
別人	0
別世界	3
別製	0
別席	0
別荘	3
別荘番	3
別送	0
別体	0
別宅	0
別段	0
別珍	0
別邸	0
別天地	3
別添	0
別殿	0
別途	1
別途積立金	0
別棟	0
別当	3
別働隊	0
別動隊	0
別納	0
別派	0
別杯	0
別盃	0
別表	0
別品	0
別封	0
別腹	0
別物	0
別別	0
別便	0
別報	0
別法	0
別名	0
別命	0
別問題	3
別様	0
別離	1
別立て	0
別枠	0
別册	0
別嬪	0
別誂え	3
瞥見	0
蔑する	3
蔑み	0
蔑む	3
蔑ろ	0
蔑視	0
蔑称	0
箆	1
箆鷺	0
箆鹿	2
箆太い	3
箆棒	0
偏	0
偏する	3
偏に	2
偏り	0
偏る	3
偏愛	0
偏奇	1
偏狂	0
偏狭	0
偏屈	1
偏窟	1
偏見	0
偏光	0
偏光プリズム	6
偏光板	0
偏向	0
偏向板	0
偏好	0
偏降り	0
偏差	1
偏差値	3
偏在	0
偏執	0
偏執狂	0
偏執病	0
偏斜	1
偏重	0
偏食	0
偏人	0
偏頗	1
偏西風	0
偏土	1
偏東風	3
偏頭痛	3
偏導関数	5
偏微分	3
偏微分方程式	8
偏平	0
偏平足	3
偏片	0
偏辺	3
偏流	0
偏旁	0
偏旁冠脚	0
偏諱	1
変	1
変え	0
変える	0
変じる	0
変ずる	3
変てこ	0
変に	1
変り	0
変りもの	0
変り果てる	5
変り者	0
変り種	0
変り目	0
変る	0
変わり	0
変わりやすい	5
変わり易い	5
変わり映え	0
変わり栄え	0
変わり果てる	5
変わり者	0
変わり種	0
変わり身	0
変わり模様	4
変わり目	0
変わる	0
変圧	0
変圧器	4
変圧所	0
変位	1
変位電流	4
変異	1
変異原性	4
変移	1
変域	0
変温動物	5
変化	1
変化球	3
変改	0
変格	0
変格活用	5
変革	0
変額保険	5
変換	0
変曲点	4
変屈	1
変型	0
変形	0
変形菌	0
変形生成文法	9
変形体	0
変形文法	5
変幻	0
変幻自在	0
変光星	3
変更	0
変項	0
変災	0
変死	0
変事	1
変質	0
変質者	4
変種	0
変症	0
変色	0
変心	0
変身	0
変針	0
変人	0
変数	3
変性	0
変性アルコール	5
変性意識状態	8
変性剤	3
変成	0
変成岩	3
変成器	3
変成作用	5
変成帯	0
変声期	3
変節	0
変説	0
変遷	0
変奏曲	3
変装	0
変造	0
変則	0
変則的	0
変速	0
変速機	3
変体	0
変体仮名	0
変体漢文	5
変態	0
変態性欲	5
変調	0
変通	0
変通自在	5
変哲	0
変転	0
変電所	0
変動	0
変動為替相場制	0
変動相場制	0
変動費用	5
変物	0
変分	0
変分原理	5
変法	0
変貌	0
変名	0
変目	0
変容	0
変乱	0
変量	3
変梃	0
片	2
片す	2
片すみ	0
片ちんば	3
片っぱし	0
片っ端	0
片つけ	4
片づく	3
片づけ	0
片づける	4
片まひ	3
片や	2
片意地	0
片為替	3
片一方	3
片陰	3
片雲	0
片影	0
片仮名	3
片仮名語	0
片歌	2
片開き	3
片割れ	0
片眼	0
片岩	1
片寄せる	4
片寄り	0
片寄る	3
片脚	0
片喰	0
片隅	3
片栗	2
片栗粉	4
片結び	3
片月見	3
片言	1
片言交じり	5
片言隻句	5
片言隻語	5
片戸	0
片口	0
片口鰯	5
片恨み	0
片山病	0
片山里	3
片思い	3
片持ち梁	0
片持梁	0
片時	0
片時も	2
片耳	0
片手	0
片手桶	4
片手間	0
片手間仕事	5
片手落ち	0
片笑窪	3
片親	0
片身	0
片刃	0
片前	0
片想い	3
片側	0
片側町	4
片息	3
片足	0
片袖	0
片袖机	5
片端	0
片端から	0
片田舎	3
片頭痛	3
片道	0
片道切符	5
片脳油	3
片肺	0
片肺飛行	5
片肌	0
片肌脱	0
片肌脱ぎ	0
片帆	2
片膝	0
片付く	3
片付け	0
片付ける	4
片腹痛い	6
片偏	0
片片	0
片辺	3
片便り	3
片方	2
片棒	0
片貿易	3
片麻岩	3
片麻痺	3
片務	1
片務契約	4
片面	0
片目	0
片利共生	4
片理	1
片流れ	3
片輪	0
片鱗	0
片恋	0
片恋い	0
片腕	0
片跛	3
篇	1
篇章	0
編	1
編さん	0
編みあげる	4
編みかご	2
編み笠	3
編み機	2
編み戸	2
編み込む	3
編み出す	3
編み上げ	0
編み上げる	4
編み上げ靴	4
編み上靴	4
編み針	2
編み物	2
編み棒	2
編み目	3
編み籠	2
編む	1
編笠	3
編笠茸	4
編曲	0
編戸	2
編込む	3
編纂	0
編者	1
編修	0
編輯	0
編集	0
編集者	3
編集長	3
編章	0
編鐘	0
編上げ	0
編上げ靴	4
編上靴	4
編制	0
編成	0
編製	0
編隊	0
編地	0
編著	1
編入	0
編入試験	5
編年	0
編年史	3
編年体	0
編物	2
編木	3
編目	3
辺	0
辺ぴ	1
辺り	1
辺縁系	0
辺境	0
辺塞	0
辺材	0
辺地	1
辺張	0
辺土	1
辺幅	0
辺防	0
辺疆	0
辺鄙	1
辺陬	0
返し	3
返し技	3
返し針	4
返し縫い	0
返す	1
返す返す	4
返り	3
返り花	0
返り血	3
返り咲き	0
返り咲く	4
返り忠	3
返り点	3
返り討ち	3
返る	1
返歌	1
返還	0
返却	0
返球	0
返金	0
返済	0
返咲き	0
返詞	1
返事	3
返辞	3
返書	1
返照	0
返上	0
返信	0
返信料	3
返送	0
返値	3
返電	0
返答	0
返納	0
返杯	0
返盃	0
返品	0
返付	1
返報	0
返本	0
返戻	0
返礼	0
遍く	3
遍在	0
遍照	0
遍羅	0
遍歴	0
遍路	1
遍路姿	4
便	1
便々	0
便じる	3
便ずる	0
便り	1
便る	2
便意	1
便衣	1
便衣隊	0
便益	0
便屋	0
便器	1
便宜	1
便宜主義	4
便宜上	0
便宜置籍船	0
便宜的	0
便座	0
便所	3
便所神	4
便乗	0
便船	0
便槽	0
便追	1
便通	0
便殿	0
便秘	0
便服	0
便便	0
便法	0
便覧	0
便利	1
便利屋	0
便壺	1
便佞	0
便侫	0
便箋	0
勉む	2
勉めて	2
勉める	3
勉学	0
勉強	0
勉強家	0
勉強会	3
勉強部屋	0
勉励	0
娩出	0
弁	1
弁え	0
弁える	4
弁じる	0
弁じ立てる	5
弁ずる	3
弁解	0
弁官	0
弁慶	1
弁慶蟹	3
弁慶縞	0
弁慶草	0
弁慶草科	0
弁護	1
弁護士	3
弁護士会	4
弁護人	0
弁護団	3
弁口	0
弁座	0
弁才	0
弁才船	4
弁才天	3
弁済	0
弁財	0
弁財船	4
弁財天	3
弁士	1
弁事	1
弁者	1
弁償	0
弁証	0
弁証学	3
弁証法	0
弁証法神学	7
弁証法的唯物論	12
弁証法的論理学	11
弁神論	3
弁説	0
弁舌	0
弁疏	1
弁天	0
弁当	3
弁当屋	0
弁当代	0
弁当箱	3
弁難	0
弁駁	0
弁髪	0
弁柄	0
弁別	0
弁別閾	4
弁膜	0
弁務官	3
弁明	0
弁理	1
弁理士	3
弁論	0
弁鰓類	3
鞭	1
鞭ち	0
鞭打ち	0
鞭打ち症	4
鞭打つ	1
鞭毛	0
鞭毛藻類	5
鞭毛虫	3
鞭毛虫類	5
鞭撻	0
保する	2
保ち合い	0
保つ	2
保安	0
保安官	2
保安処分	4
保安条例	4
保安庁	2
保安要員	4
保安林	2
保育	0
保育ママ	4
保育園	3
保育器	3
保育士	3
保育所	0
保育料	3
保温	0
保革	1
保革伯仲	1
保管	0
保管場所	0
保管料	2
保菌	0
保菌者	2
保健	0
保健医	2
保健師	2
保健室	2
保健所	0
保健体育	4
保健婦	2
保険	0
保険医	2
保険価額	4
保険会社	4
保険金	0
保険契約	4
保険契約者	6
保険事故	4
保険者	2
保険証券	4
保険代理店	6
保険薬	2
保険料	2
保険料率	4
保護	1
保護観察	3
保護観察所	0
保護関税	3
保護区	2
保護国	2
保護司	2
保護者	2
保護主義	3
保護処分	3
保護色	2
保護鳥	0
保護帽	2
保護貿易	3
保護預かり	3
保護林	2
保佐人	0
保持	1
保持者	2
保磁力	2
保湿	0
保釈	0
保釈金	0
保守	1
保守系	0
保守主義	3
保守的	0
保守党	0
保守派	0
保証	0
保証金	0
保証書	0
保証小切手	5
保証人	0
保証付	0
保証付き	0
保証保険	4
保障	0
保障占領	4
保障付	0
保障付き	0
保身	0
保身術	2
保税	0
保税倉庫	4
保税地域	4
保線	0
保線区	2
保全	0
保蔵	0
保存	0
保存食	2
保存食品	4
保存料	2
保存量	2
保体	0
保父	1
保母	1
保有	0
保有米	0
保養	0
保養所	0
保養地	2
保留	0
保冷	0
保冷車	2
保姆	1
舗石	0
舗装	0
舗道	0
鋪	2
鋪石	0
鋪道	0
圃場	0
捕える	3
捕まえる	0
捕まる	0
捕らえる	3
捕らえ処	0
捕らわれ	4
捕らわれる	4
捕らわれ人	4
捕り手	3
捕り縄	0
捕り物	0
捕り方	4
捕る	1
捕れる	2
捕われ	4
捕われる	4
捕逸	0
捕獲	0
捕球	0
捕鯨	0
捕鯨船	0
捕鯨砲	2
捕殺	0
捕失	0
捕手	1
捕囚	0
捕出	0
捕食	0
捕食者	3
捕捉	0
捕虫網	2
捕縄	0
捕縛	0
捕物	0
捕物帖	0
捕物帳	0
捕方	0
捕吏	1
捕虜	1
歩	1
歩き	3
歩きまわる	0
歩き回る	0
歩き廻る	0
歩き続ける	6
歩く	2
歩ぶ	1
歩み	3
歩み寄り	0
歩み寄る	0
歩む	2
歩一歩	1
歩引き	0
歩脚	0
歩行	0
歩行器	2
歩行者	2
歩行者天国	5
歩行虫	2
歩合	0
歩合給	0
歩合算	2
歩合制	0
歩哨	0
歩数	2
歩数計	0
歩測	0
歩卒	0
歩帯	0
歩調	0
歩度	1
歩道	0
歩道橋	0
歩武	1
歩幅	0
歩兵	0
歩法	0
歩留	2
歩留まり	2
歩留り	2
歩廊	0
甫めて	2
補	1
補い	0
補う	3
補する	2
補遺	1
補回	0
補外法	0
補角	0
補巻	0
補完	0
補間法	0
補記	1
補給	0
補給基地	4
補給線	0
補強	0
補強証拠	4
補欠	0
補欠選挙	4
補欠選手	4
補血	0
補語	1
補講	0
補酵素	2
補佐	1
補佐人	0
補佐役	2
補作	0
補殺	0
補修	0
補習	0
補習教育	4
補集合	2
補充	0
補充兵	2
補助	1
補助いす	2
補助椅子	2
補助機関	4
補助記憶装置	6
補助金	0
補助形容詞	5
補助参加	3
補助線	2
補助単位	3
補助定理	3
補助的	0
補助動詞	3
補助符号	3
補助用言	3
補助翼	2
補償	0
補償金	0
補職	0
補色	0
補数	2
補整	0
補正	0
補正予算	4
補説	0
補選	0
補則	0
補足	0
補体	0
補題	0
補注	0
補註	0
補聴器	2
補綴	0
補訂	0
補填	0
補導	0
補任	0
補肥	1
補筆	0
補法	0
補薬	0
輔ける	3
輔佐	1
輔佐人	0
輔導	0
輔弼	0
輔翼	1
穂	1
穂咲の総藻	6
穂状	0
穂状花序	5
穂先	0
穂波	0
穂並	0
穂木	1
募らす	3
募る	2
募金	0
募債	0
募集	0
募兵	0
墓	2
墓園	0
墓苑	0
墓掘り	0
墓穴	0
墓参	3
墓参り	3
墓誌	1
墓誌銘	2
墓守り	0
墓所	3
墓場	3
墓石	0
墓前	0
墓地	1
墓碑	0
墓碑銘	2
墓標	3
墓表	0
慕い寄る	4
慕う	0
慕わしい	4
慕情	0
戊	3
戊午	1
戊子	1
戊申	0
戊辰	0
戊辰戦争	4
戊寅	0
戊夜	1
戊戌	1
暮	0
暮し	0
暮し向き	0
暮す	0
暮の春	4
暮らし	0
暮らし向き	0
暮らす	0
暮れ	0
暮れなずむ	4
暮れる	0
暮れ果てる	4
暮れ行く	3
暮れ残る	4
暮れ泥む	4
暮れ暮れ	0
暮れ方	0
暮れ六つ	0
暮雲	0
暮果てる	4
暮秋	0
暮春	0
暮鐘	0
暮色	0
暮色蒼然	0
暮雪	0
暮方	0
暮夜	1
母	1
母さん	1
母ちゃん	1
母の日	1
母衣	1
母衣蚊屋	2
母衣蚊帳	2
母屋	1
母屋桁	0
母音	0
母音交替	4
母音三角形	6
母音調和	4
母家	1
母艦	0
母岩	1
母君	2
母型	0
母系	0
母系制	0
母権	0
母御	0
母語	1
母后	1
母校	1
母港	1
母国	1
母国語	0
母材	0
母子	1
母子家庭	3
母子健康手帳	7
母子手帳	3
母子草	3
母子年金	3
母子寮	2
母指	1
母集団	2
母上	2
母親	0
母数	2
母性	0
母性愛	2
母線	0
母船	0
母体	0
母胎	0
母堂	1
母乳	0
母斑	0
母物	0
母文字	0
母方	0
簿価	1
簿外	0
簿記	1
菩薩	1
菩提	0
菩提寺	2
菩提樹	2
菩提心	2
菩提道場	4
倣う	2
俸給	0
俸給生活者	8
俸給日	3
俸禄	0
包	1
包まる	3
包み	3
包みかくす	5
包みボタン	4
包み隠し	0
包み隠す	5
包み金	3
包み構え	4
包み込む	4
包み紙	3
包み匿す	5
包み物	0
包む	2
包める	3
包囲	1
包隠す	5
包括	0
包括的	0
包含	0
包金	3
包茎	0
包構え	4
包合語	0
包子	1
包紙	3
包摂	0
包装	0
包装紙	3
包蔵	0
包帯	0
包虫	0
包虫症	0
包丁	0
包丁師	3
包丁人	0
包皮	1
包膜	1
包容	0
包容力	3
包葉	0
包絡線	0
呆け	2
呆ける	2
呆れかえる	4
呆れる	0
呆れ果てる	5
呆れ顔	0
呆れ返る	4
呆気	0
呆気ない	4
呆気者	0
呆然	0
呆然自失	0
報	1
報い	3
報いる	3
報う	2
報える	3
報じる	0
報ずる	3
報せ	0
報せる	0
報恩	0
報恩講	0
報告	0
報告書	5
報国	0
報時	1
報謝	1
報酬	0
報償	0
報償金	0
報奨	0
報奨金	0
報身	0
報知	0
報道	0
報道官	3
報道機関	6
報道写真	5
報道人	3
報道陣	3
報徳	0
報復	0
報連相	3
奉げ物	0
奉じる	0
奉ずる	0
奉る	4
奉安	0
奉加	1
奉加帳	0
奉賀	1
奉賀帳	0
奉還	0
奉教人	0
奉迎	0
奉献	0
奉公	1
奉公口	3
奉公人	0
奉公先	0
奉行	1
奉行所	0
奉告	0
奉賛	0
奉仕	1
奉伺	1
奉侍	1
奉祝	0
奉書	0
奉書紙	0
奉唱	0
奉職	0
奉遷	0
奉送	0
奉体	0
奉戴	0
奉呈	0
奉灯	0
奉答	0
奉読	0
奉納	0
奉納相撲	5
奉拝	0
奉幣	1
奉幣使	3
奉奠	0
奉祀	1
宝	3
宝くじ	3
宝さがし	4
宝位	1
宝永	0
宝永小判	5
宝貝	3
宝冠	0
宝冠章	3
宝鑑	0
宝器	1
宝玉	0
宝剣	0
宝庫	1
宝号	0
宝算	0
宝字	0
宝珠	1
宝飾	0
宝生	0
宝石	0
宝石羽太	4
宝船	4
宝捜し	4
宝蔵	0
宝丹	0
宝探し	4
宝典	0
宝殿	0
宝刀	0
宝塔	0
宝徳	0
宝瓶	0
宝瓶宮	3
宝物	0
宝物殿	4
宝暦	4
宝祚	1
宝篋印塔	5
宝籤	3
宝鬮	3
峰	1
峰桜	3
峰続き	3
峰打ち	0
峯	2
崩し字	0
崩し書き	0
崩じる	0
崩す	2
崩ずる	0
崩れ	3
崩れかかる	5
崩れる	3
崩れ掛かる	5
崩れ掛る	5
崩れ落ちる	5
崩壊	0
崩壊系列	5
崩御	1
崩折れる	4
崩潰	0
崩落	0
庖厨	0
庖丁	0
抱え	0
抱えこむ	4
抱える	0
抱え込む	4
抱え主	3
抱え手	0
抱きかかえる	5
抱きしめる	4
抱きすくめる	5
抱きつく	3
抱きよせる	4
抱き下ろす	4
抱き寄せる	4
抱き起こす	4
抱き起す	4
抱き合う	3
抱き合わせ	0
抱き合わせる	5
抱き合わせ増資	6
抱き込む	3
抱き止める	4
抱き上げる	4
抱き寝	0
抱き身	0
抱き締める	4
抱き付く	3
抱き癖	0
抱き抱える	5
抱き留める	4
抱き竦める	5
抱く	2
抱っこ	1
抱囲	1
抱一派	0
抱下ろす	4
抱懐	0
抱合	0
抱合語	0
抱込む	3
抱手	0
抱身	0
抱水	0
抱水クロラール	7
抱締める	4
抱瓶	0
抱付く	3
抱負	0
抱腹絶倒	0
抱擁	0
抱卵	0
捧げる	0
捧げ持つ	4
捧げ銃	3
捧げ物	0
捧持	1
捧呈	0
捧腹絶倒	0
捧物	0
放く	1
放し	0
放し飼い	0
放す	2
放つ	2
放り込む	4
放り出す	4
放り上げる	5
放り投げる	5
放る	0
放れる	3
放逸	0
放映	0
放下	0
放歌	1
放歌高吟	1
放火	0
放火罪	3
放火魔	3
放課	0
放課後	0
放棄	1
放言	0
放校	0
放散	0
放散虫	3
放射	0
放射エネルギー	5
放射圧	3
放射化学	4
放射菌	0
放射計	0
放射光	3
放射状	0
放射性	0
放射性核種	6
放射性元素	6
放射性降下物	8
放射性炭素	6
放射性炭素年代測定法	6
放射性同位元素	9
放射性同位体	0
放射性廃棄物	8
放射性物質	6
放射性崩壊	6
放射線	0
放射線遺伝学	7
放射線化学	6
放射線検出器	9
放射線取扱主任者	13
放射線重合	6
放射線障害	6
放射線帯	0
放射線物理学	8
放射線療法	6
放射線量	4
放射組織	4
放射相称	4
放射熱	3
放射年代	4
放射能	3
放射能汚染	6
放射霧	3
放射冷却	4
放縦	0
放銃	0
放出	0
放出音	4
放出物資	5
放心	0
放水	0
放水路	3
放生会	3
放線菌	0
放線菌症	5
放送	0
放送衛星	5
放送局	3
放送劇	3
放送権	3
放送大学	5
放送法	0
放送網	3
放題	1
放鷹	0
放胆	3
放談	0
放置	1
放逐	0
放鳥	0
放電	0
放電管	0
放電灯	0
放蕩	0
放尿	0
放任	0
放任主義	5
放熱	0
放熱器	4
放念	0
放物線	0
放物面	4
放牧	0
放漫	0
放免	1
放流	0
放列	0
放浪	0
放浪癖	3
放佚	0
放埒	0
放埓	0
放屁	1
放屁虫	3
放恣	1
放擲	0
放肆	1
方	1
方々	2
方案	0
方位	1
方位角	3
方位測定器	6
方違え	3
方円	0
方鉛鉱	3
方音	0
方解石	3
方角	0
方眼紙	3
方形	0
方言	3
方言周圏論	7
方言量	3
方向	0
方向づけ	0
方向づける	6
方向音痴	5
方向角	3
方向係数	5
方向指示器	6
方向舵	3
方向探知器	7
方向探知機	7
方向転換	5
方向付け	0
方向付ける	6
方向余弦	5
方骨	1
方今	1
方塞がり	3
方策	0
方式	0
方舟	0
方術	0
方丈	0
方杖	3
方針	0
方陣	0
方図	0
方錐	0
方寸	0
方正	0
方尖柱	3
方竹	0
方程式	3
方途	1
方伯	0
方墳	0
方偏	0
方便	1
方方	2
方法	0
方法的	0
方法的懐疑	7
方法論	3
方面	3
方面隊	0
方里	1
方立	4
方略	0
方領	0
朋	1
朋党	0
朋輩	0
朋友	0
法	0
法る	3
法案	0
法案提出権	8
法威	1
法意	1
法衣	1
法医解剖	4
法医学	3
法域	0
法院	0
法宇	1
法雨	1
法益	0
法悦	0
法王	3
法王庁	3
法音	0
法家	1
法科	1
法華	0
法華経	0
法華宗	3
法華八講	4
法貨	1
法会	0
法解釈学	6
法界	0
法界無縁	0
法界悋気	5
法外	0
法学	0
法学士	3
法学部	4
法楽	1
法官	0
法眼	1
法規	1
法具	1
法源	0
法語	0
法皇	3
法号	3
法座	0
法師	1
法師蝉	3
法事	0
法治	1
法治国	3
法治国家	4
法式	0
法社会学	4
法主	1
法術	0
法身	0
法人	0
法人格	3
法人株主	6
法人所得	5
法人税	3
法制	0
法制局	3
法制史	3
法性	0
法政	0
法線	1
法曹	0
法曹界	3
法相	0
法相宗	3
法蔵	0
法則	0
法体	0
法談	0
法秩序	3
法帖	0
法定	0
法定貨幣	5
法定刑	3
法定準備金	0
法定準備率	7
法定代理人	0
法定伝染病	0
法定得票数	7
法定犯	3
法定平価	5
法定利息	5
法廷	0
法廷闘争	5
法廷侮辱	0
法廷侮辱罪	7
法的	0
法哲学	4
法典	0
法度	1
法灯	0
法堂	0
法難	0
法博	0
法被	0
法服	0
法文	0
法務	1
法務官	3
法務局	3
法務省	3
法務大臣	4
法名	0
法面	0
法網	0
法要	0
法螺	1
法螺貝	2
法螺吹き	2
法理	1
法理学	3
法律	0
法律案	4
法律家	0
法律学	4
法律行為	5
法律事務所	6
法律問題	5
法力	0
法輪	0
法令	0
法例	0
法蓮草	3
法論	0
法話	0
法筵	0
泡	2
泡だて器	4
泡影	0
泡吹	2
泡吹虫	4
泡盛	2
泡雪	2
泡銭	4
泡箱	2
泡沫	0
泡沫候補	5
泡沫夢幻	0
泡立ち	0
泡立つ	3
泡立てる	4
泡立て器	4
烹炊	0
砲	1
砲煙	0
砲煙弾雨	5
砲音	0
砲架	0
砲火	1
砲艦	0
砲艦外交	5
砲丸	0
砲丸投げ	0
砲金	0
砲撃	0
砲口	0
砲座	0
砲車	1
砲手	1
砲術	0
砲身	0
砲声	0
砲戦	0
砲台	0
砲弾	0
砲塔	0
砲兵	1
砲門	0
砲列	0
砲烟	0
縫い	1
縫いぐるみ	0
縫いつける	4
縫いなおす	4
縫いもの	3
縫い合せる	5
縫い合わせる	5
縫い込み	0
縫い込む	3
縫い糸	1
縫い取り	0
縫い取る	3
縫い上げる	0
縫い針	3
縫い代	0
縫い直す	4
縫い箔	0
縫い付ける	4
縫い物	3
縫い返す	3
縫い包み	0
縫い方	3
縫い模様	3
縫い目	3
縫い紋	1
縫い揚げ	0
縫う	1
縫工筋	0
縫合	0
縫合せる	5
縫合わせる	5
縫糸	1
縫針	3
縫製	0
縫物	3
縫目	3
縫腋	0
縫腋の袍	6
胞衣	1
胞子	1
胞子植物	5
胞子体	0
胞子嚢	3
胞子嚢群	4
胞子葉	3
胞状奇胎	5
胞状鬼胎	5
胞膜	1
胞胚	0
芳しい	4
芳ばしい	4
芳韻	0
芳詠	0
芳縁	0
芳恩	0
芳気	1
芳紀	1
芳香	0
芳香剤	3
芳香族化合物	8
芳香油	3
芳志	1
芳樹	1
芳潤	0
芳醇	0
芳書	1
芳情	0
芳信	0
芳心	0
芳草	0
芳眉	0
芳墨	0
芳名	0
芳名録	3
芳烈	0
萌え	0
萌える	0
萌え黄色	0
萌え出る	3
萌え木	0
萌え立つ	3
萌し	0
萌す	2
萌む	2
萌やし	3
萌やしっ子	0
萌やす	0
萌黄	0
萌黄色	0
萌芽	1
萌出	0
萌葱	0
萌葱色	0
萌木	0
萌木色	0
蓬	0
蓬客	0
蓬生	0
蓬窓	0
蓬頭	0
蓬頭垢面	0
蓬髪	0
蓬餅	3
蓬莱	0
蓬莱飾	5
蓬莱飾り	5
蓬莱竹	3
蓬莱羊歯	5
蜂	0
蜂の子	0
蜂の巣	4
蜂ろう	0
蜂屋柿	3
蜂角鷹	0
蜂起	1
蜂熊	0
蜂雀	3
蜂巣	0
蜂鳥	2
蜂蜜	0
蜂蝋	0
蜂窩	1
褒めそやす	4
褒めちぎる	4
褒める	2
褒め言葉	3
褒め殺し	0
褒め詞	3
褒め称える	5
褒め称す	4
褒め上げる	4
褒め立てる	4
褒言葉	3
褒辞	1
褒奨金	0
褒称	0
褒章	0
褒賞	0
褒状	0
褒美	0
褒貶	0
訪う	2
訪ねる	3
訪れ	0
訪れる	4
訪英	0
訪欧	0
訪客	0
訪中	0
訪日	0
訪米	0
訪問	0
訪問看護	5
訪問客	3
訪問者	3
訪問先	0
訪問地	3
訪問着	3
訪問販売	5
豊か	1
豊艶	0
豊漁	0
豊凶	0
豊胸	0
豊後梅	3
豊作	0
豊作貧乏	5
豊熟	0
豊潤	0
豊穣	0
豊水	0
豊乳	0
豊年	0
豊年蝦	3
豊富	0
豊頬	0
豊満	0
豊沃	0
豊麗	0
豊饒	0
邦	0
邦家	1
邦貨	1
邦画	0
邦楽	0
邦銀	0
邦語	0
邦字	0
邦人	0
邦船	0
邦題	0
邦土	1
邦文	0
邦訳	0
鋒	0
鋒先	2
鋒鋩	0
飽かす	2
飽かず	0
飽かせる	3
飽き	2
飽きっぽい	4
飽きる	2
飽き易い	4
飽き性	3
飽き足りない	0
飽き足りる	0
飽き足る	0
飽き飽き	3
飽く	1
飽くなき	2
飽くまで	1
飽く迄	1
飽く無き	2
飽気	0
飽食	0
飽食暖衣	5
飽足りる	0
飽足る	0
飽満	0
飽和	0
飽和化合物	5
飽和脂肪酸	0
飽和蒸気	4
飽和蒸気圧	6
飽和溶液	4
鳳	0
鳳駕	1
鳳閣	0
鳳管	0
鳳雛	0
鳳声	0
鳳仙花	3
鳳蝶	0
鳳梨	1
鳳了草	4
鳳蓮草	3
鳳楼	0
鳳凰	3
鳳凰丸	3
鳳凰座	0
鳳凰樹	3
鳳凰竹	3
鳳凰文	3
鳳凰木	3
鳳笙	0
鳳輦	0
鵬	0
鵬程	0
鵬翼	0
乏しい	3
乏しき	3
乏尿	0
亡い	1
亡き	1
亡き後	1
亡き者	1
亡き人	1
亡くす	0
亡くなす	0
亡くなる	0
亡びる	3
亡ぶ	2
亡ぼす	3
亡骸	0
亡君	1
亡兄	0
亡国	0
亡魂	1
亡妻	0
亡姉	1
亡子	1
亡児	1
亡失	0
亡者	1
亡者船	4
亡状	0
亡親	0
亡卒	0
亡弟	0
亡八	0
亡夫	1
亡婦	1
亡父	1
亡母	1
亡妹	0
亡命	0
亡命者	3
亡命政権	5
亡友	0
亡羊	0
亡霊	0
傍	0
傍ら	0
傍観	0
傍観者	3
傍訓	0
傍系	0
傍系血族	6
傍見	2
傍惚れ	0
傍視	1
傍耳	0
傍若無人	0
傍受	1
傍焼き	0
傍証	0
傍杖	0
傍人	0
傍線	0
傍題	0
傍注	0
傍聴	0
傍聴券	3
傍聴人	0
傍聴席	3
傍点	0
傍輩	0
傍白	0
傍迷惑	3
傍目	2
傍目八目	5
傍役	0
傍流	0
傍論	0
剖検	0
坊	1
坊さん	0
坊ち	0
坊ちゃん	1
坊ちゃん刈り	0
坊っちゃん	1
坊や	1
坊ん様	0
坊間	0
坊主	1
坊主くさい	5
坊主刈り	0
坊主臭い	5
坊主頭	4
坊様	0
妨げ	0
妨げる	4
妨害	0
妨碍	0
妨礙	0
帽	1
帽子	0
帽子掛	3
帽子掛け	3
帽章	0
忘る	2
忘れがたい	5
忘れがち	0
忘れっぽい	5
忘れな草	4
忘れる	0
忘れん坊	0
忘れ去る	4
忘れ形見	4
忘れ緒	3
忘れ勝ち	0
忘れ扇	4
忘れ草	3
忘れ霜	3
忘れ難い	5
忘れ物	0
忘恩	0
忘我	1
忘却	0
忘失	0
忘緒	3
忘年	0
忘年会	3
忘八	0
忙がしい	4
忙しい	4
忙しない	4
忙殺	0
忙中	0
房	2
房事	1
房室	0
房室結節	5
房室弁	4
房主	1
房術	0
房飾り	3
房水	0
房星	0
房藻	2
房中	0
房房	2
暴く	2
暴れだす	4
暴れる	0
暴れん坊	0
暴れ回る	5
暴れ込む	4
暴れ者	0
暴れ出す	4
暴れ川	3
暴れ馬	3
暴悪	0
暴圧	0
暴威	1
暴飲	0
暴飲暴食	0
暴漢	0
暴虐	0
暴挙	1
暴君	1
暴言	0
暴虎馮河	1
暴行	0
暴状	0
暴食	0
暴政	0
暴走	0
暴走運転	5
暴走族	3
暴徒	1
暴投	0
暴騰	0
暴動	0
暴発	0
暴風	3
暴風雨	3
暴風雪	3
暴慢	0
暴民	0
暴戻	0
暴落	0
暴利	1
暴力	1
暴力革命	5
暴力沙汰	0
暴力団	4
暴力団員	5
暴力的	0
暴露	1
暴論	0
望	1
望ましい	4
望み	0
望み見る	4
望み次第	4
望み通り	4
望み薄	0
望む	0
望遠	0
望遠レンズ	5
望遠鏡	0
望遠鏡座	0
望外	0
望粥	2
望郷	0
望月	2
望見	0
望潮	3
望楼	0
望樓	0
望蜀	0
某	1
某々	1
某月	1
某国	1
某氏	1
某所	1
某日	1
某某	1
棒	0
棒々鶏	3
棒きれ	3
棒つき	4
棒グラフ	3
棒暗記	3
棒引き	0
棒球	0
棒杭	0
棒紅	0
棒鋼	0
棒高跳び	3
棒磁石	3
棒縞	0
棒手振	0
棒手振り	0
棒術	0
棒状	0
棒振	0
棒振り	4
棒針	3
棒切	3
棒切れ	3
棒先	0
棒線	0
棒組み	0
棒鱈	0
棒倒し	3
棒読み	0
棒付き	4
棒腹絶倒	0
棒棒鶏	3
棒立ち	0
棒杙	0
冒す	2
冒とく	0
冒険	0
冒険家	0
冒険小説	5
冒険談	3
冒頭	0
冒頭陳述	5
冒涜	0
冒讀	0
紡ぎ	0
紡ぎ歌	3
紡ぐ	2
紡糸	1
紡車	1
紡織	0
紡錘	1
紡錘形	0
紡錘車	3
紡錘体	0
紡績	0
紡績工場	5
紡績糸	5
紡績突起	5
紡毛	0
膨よか	2
膨らか	2
膨らかす	0
膨らし粉	0
膨らす	0
膨らます	0
膨らみ	0
膨らむ	0
膨ら脛	3
膨れっ面	0
膨れる	0
膨れ上がる	5
膨れ上る	5
膨圧	0
膨潤	0
膨大	0
膨張	0
膨張宇宙	5
膨張係数	5
膨張剤	3
膨張率	3
膨脹	0
膨脹剤	3
膨満	0
膨隆	0
謀	0
謀らずも	3
謀る	3
謀議	1
謀計	0
謀殺	0
謀臣	0
謀大逆	3
謀反	1
謀反人	0
謀叛	0
謀略	0
貌	0
貿易	0
貿易外収支	7
貿易自由化	0
貿易収支	5
貿易商	4
貿易風	4
貿易摩擦	5
鉾	1
鉾杉	2
鉾先	0
防ぎ	3
防ぐ	2
防しわ加工	5
防じん	0
防雨	1
防衛	0
防衛機制	5
防衛施設庁	7
防衛庁	3
防衛費	3
防衛力	3
防疫	0
防炎	0
防煙	0
防音	0
防音装置	5
防音壁	3
防火	0
防火戸	3
防火線	0
防火塗料	4
防火壁	3
防寒	0
防寒具	3
防禦	1
防共	0
防菌	0
防具	1
防空	0
防空壕	3
防空頭巾	5
防御	1
防御率	3
防護	1
防護壁	3
防砂林	3
防塞	0
防災	0
防錆	0
防止	0
防湿	0
防湿剤	4
防臭	0
防臭剤	3
防縮	0
防縮加工	5
防暑	1
防除	1
防食	0
防食剤	4
防蝕	0
防蝕剤	4
防浸	0
防人	2
防塵	0
防水	0
防水加工	5
防水布	3
防雪	0
防雪林	4
防戦	0
防潜網	3
防弾	0
防弾ガラス	5
防弾チョッキ	5
防虫	0
防虫剤	3
防潮	0
防潮堤	0
防諜	0
防毒	0
防毒マスク	5
防熱	0
防燃	0
防波堤	0
防犯	0
防備	1
防腐	0
防腐剤	3
防風	3
防風林	3
防壁	0
防塁	0
防已	3
防皺加工	5
防銹	0
防黴	0
吠えつく	0
吠える	2
吠え声	3
吠え付く	0
吠え面	0
吠る	2
吠猿	3
吠舎	1
頬	1
頬かむり	3
頬っぺ	1
頬っぺた	3
頬っ辺	3
頬筋	0
頬桁	4
頬紅	0
頬骨	1
頬擦り	3
頬笑み	0
頬笑む	3
頬杖	0
頬摺り	3
頬袋	3
頬張る	3
頬嚢	3
頬白	0
頬白鴨	5
頬白鮫	4
頬被り	3
頬髭	0
頬髯	1
北	0
北々西	0
北々東	0
北の政所	6
北の方	5
北アイルランド	6
北アメリカ	3
北緯	1
北欧	0
北欧神話	5
北荻	0
北下ろし	3
北回帰線	5
北海	0
北海道	3
北海道犬	5
北岸	0
北寄貝	3
北京ダック	4
北京料理	4
北境	1
北極	0
北極海	4
北極熊	4
北極圏	4
北極狐	5
北極星	4
北極点	4
北限	0
北狐	3
北光	0
北向き	0
北郊	0
北国	2
北国赤海老	6
北山	0
北受け	0
北十字星	5
北上	0
北進	0
北西	0
北斉	0
北前船	5
北側	0
北大西洋条約機構	13
北辰	0
北端	0
北朝	0
北天	0
北斗	1
北斗七星	5
北斗星	3
北東	0
北堂	0
北爆	0
北半球	3
北氷洋	3
北部	1
北風	0
北米	0
北辺	0
北方	0
北方仏教	5
北方領土	5
北北西	0
北北東	0
北枕	3
北面	0
北門	0
北洋	0
北洋漁業	5
北陸	0
北陸地方	5
北嶺	0
北叟笑む	4
北狄	0
僕	1
僕たち	1
僕ら	1
僕達	1
僕等	1
僕婢	1
卜	0
卜う	3
卜する	3
卜居	1
卜骨	0
卜者	1
卜占	0
卜筮	0
墨	2
墨烏賊	2
墨家	2
墨画	0
墨絵	0
墨客	0
墨魚	1
墨刑	2
墨痕	0
墨痕淋漓	5
墨糸	0
墨守	1
墨汁	0
墨汁嚢	3
墨書	1
墨書き	0
墨場	0
墨色	0
墨跡	0
墨蹟	0
墨染め	0
墨染め衣	5
墨袋	3
墨池	1
墨堤	0
墨縄	0
墨描き	0
墨付き	2
墨流し	3
墨流蝶	3
墨繩	0
撲る	2
撲殺	0
撲滅	0
朴	0
朴とつ	0
朴の木	1
朴歯	0
朴直	0
朴念仁	3
朴訥	0
牧	1
牧歌	1
牧歌的	0
牧牛	0
牧師	1
牧舎	1
牧者	1
牧場	0
牧神	0
牧人	0
牧草	0
牧草地	3
牧地	1
牧畜	0
牧笛	0
牧童	0
牧夫	1
牧民	0
牧野	1
牧羊	0
牧羊犬	0
睦ぶ	0
睦まじい	4
睦み合う	4
睦む	2
睦月	1
睦言	0
穆々	0
穆穆	0
釦	0
勃々	0
勃起	0
勃興	0
勃然	0
勃発	0
勃勃	0
没	1
没する	3
没我	1
没義道	2
没却	0
没後	1
没交渉	3
没取	1
没趣味	3
没収	0
没収試合	5
没書	0
没常識	3
没食子	3
没食子酸	0
没前	0
没地	0
没頭	0
没入	0
没年	0
没風流	3
没風流漢	5
没分暁漢	2
没法子	3
没薬	0
没落	0
殆	0
殆ど	2
殆んど	2
堀	2
堀り割り	0
堀り出し物	0
堀り抜く	3
堀り返す	3
堀割	0
堀割り	0
堀江	0
堀切	0
堀切り	0
堀川	2
堀端	0
幌	1
幌蚊帳	2
幌馬車	0
奔る	2
奔逸	0
奔出	0
奔走	0
奔騰	0
奔馬	1
奔放	0
奔命	0
奔流	0
本	1
本々	0
本の	0
本まぐろ	3
本ビロード	3
本案	1
本位	1
本位貨幣	4
本位記号	4
本意	1
本意ない	3
本意無い	3
本員	1
本因坊	3
本院	0
本営	0
本影	0
本屋	1
本音	0
本家	1
本家本元	1
本科	1
本歌	1
本会	1
本会議	3
本懐	0
本街道	3
本格	0
本格化	0
本格小説	5
本格的	0
本格派	0
本革	0
本学	1
本割り	0
本管	0
本間	1
本館	0
本丸	0
本願	0
本機	1
本気	0
本義	1
本宮	3
本給	1
本拠	1
本拠地	3
本郷	1
本業	0
本局	0
本曲	0
本極まり	0
本筋	0
本卦還り	4
本卦帰り	4
本経	0
本決まり	0
本決り	0
本結び	3
本月	1
本件	1
本建築	3
本権	0
本絹	0
本県	1
本元	0
本源	3
本校	0
本稿	1
本降り	0
本項	0
本国	1
本腰	0
本妻	0
本祭	3
本祭り	3
本鯖	0
本山	1
本旨	1
本紙	1
本試験	4
本誌	1
本字	0
本式	0
本湿地	3
本質	0
本質的	0
本社	1
本手	0
本州	1
本初	1
本初子午線	5
本署	1
本書	1
本諸子	3
本省	1
本場	0
本場所	0
本場物	0
本状	1
本醸造酒	5
本色	0
本心	1
本真	0
本震	0
本人	1
本陣	1
本図	0
本数	3
本姓	1
本性	1
本成り	0
本星	0
本生り	0
本籍	1
本籍地	4
本節	1
本占地	3
本染分倍良	6
本線	0
本船	1
本船渡し	5
本選	0
本然	0
本膳	1
本膳料理	5
本組み	0
本訴	1
本草	0
本草学	3
本葬	0
本則	0
本尊	1
本多髷	3
本体	1
本体論	3
本隊	1
本代	0
本題	0
本宅	0
本棚	1
本地	0
本地身	3
本地垂迹説	1
本庁	1
本朝	1
本調子	3
本邸	0
本天	0
本天鵞絨	3
本店	0
本伝	0
本殿	1
本田	0
本土	1
本島	1
本当	0
本当に	5
本動詞	3
本堂	1
本道	0
本読み	0
本曇り	0
本日	1
本年	1
本年度	3
本能	1
本能的	0
本箱	1
本番	0
本皮	0
本表	0
本品	1
本舞台	3
本部	1
本復	0
本腹	2
本物	0
本分	1
本文	1
本篇	1
本編	1
本舗	1
本俸	1
本邦	1
本望	0
本本	0
本幕	0
本鮪	3
本末	1
本末転倒	1
本末顛倒	1
本務	1
本名	1
本命	0
本木	0
本目	1
本門	1
本厄	0
本有	0
本有観念	5
本有的	0
本予算	3
本来	1
本来無一物	1
本欄	1
本立て	1
本流	0
本領	0
本領安堵	5
本塁	1
本塁打	3
本鈴	0
本暦	0
本論	1
本當	0
本籤	0
翻	0
翻し	0
翻す	3
翻って	3
翻る	3
翻案	0
翻意	1
翻印	0
翻筋斗	3
翻筋斗打つ	5
翻刻	0
翻字	0
翻車魚	1
翻然	0
翻訳	0
翻訳権	4
翻訳借用	5
翻訳書	0
翻訳調	0
翻弄	0
凡	0
凡々	0
凡そ	0
凡て	1
凡ミス	0
凡眼	0
凡器	1
凡愚	1
凡骨	0
凡才	0
凡作	0
凡策	0
凡失	0
凡手	1
凡庶	1
凡書	0
凡小	0
凡常	0
凡人	0
凡戦	0
凡僧	0
凡俗	0
凡打	1
凡体	0
凡退	0
凡百	0
凡夫	1
凡凡	0
凡庸	0
凡慮	1
凡例	0
盆	0
盆の窪	3
盆暗	0
盆画	0
盆休み	3
盆景	0
盆栽	0
盆祭り	3
盆石	0
盆地	0
盆提灯	3
盆灯籠	3
盆梅	0
盆暮	1
盆暮れ	1
盆踊	3
盆踊り	3
盆踊り唄	5
盆踊り歌	5
盆踊唄	5
盆踊歌	5
摩する	2
摩りつける	4
摩り寄る	3
摩り込む	3
摩り切り	0
摩り切る	0
摩り切れる	4
摩り替える	0
摩り付ける	4
摩る	0
摩れ	1
摩れる	2
摩崖仏	2
摩寄る	3
摩擦	0
摩擦クラッチ	5
摩擦音	3
摩擦係数	4
摩擦的失業	0
摩損	0
摩多	1
摩天楼	2
摩滅	0
摩耗	0
摩羅	2
摩利支天	3
摩訶	1
摩訶不思議	1
磨き	0
磨きガラス	4
磨き砂	0
磨き上げる	5
磨き粉	0
磨き立てる	5
磨ぎ汁	0
磨く	0
磨ぐ	1
磨りつぶす	4
磨りガラス	3
磨り下ろす	0
磨り減らす	4
磨り減る	3
磨り砕く	4
磨り出す	0
磨り硝子	3
磨り潰す	4
磨る	1
磨れる	2
磨ガラス	3
磨崖仏	2
磨研紙	2
磨胡麻	0
磨汁	2
磨硝子	3
磨製石器	4
磨損	0
磨滅	0
磨耗	0
磨羯宮	3
魔	0
魔よけ	0
魔王	2
魔界	0
魔球	0
魔境	0
魔窟	0
魔手	1
魔術	1
魔術師	3
魔処	1
魔所	1
魔女	1
魔女狩	0
魔女狩り	0
魔除け	0
魔障	0
魔神	2
魔睡	0
魔酔	0
魔性	0
魔笛	0
魔道	0
魔乳	0
魔風	1
魔物	0
魔方陣	2
魔法	0
魔法つかい	4
魔法遣い	4
魔法使	4
魔法使い	4
魔法陣	2
魔法瓶	2
魔魅	1
魔羅	2
魔力	1
麻	2
麻の実	0
麻衣	1
麻冠	3
麻幹	0
麻綱	0
麻子仁	2
麻糸	0
麻実	1
麻実油	3
麻織	0
麻織り	0
麻織物	3
麻疹	3
麻垂れ	0
麻睡	0
麻酔	0
麻酔医	2
麻酔剤	2
麻酔薬	2
麻雀	0
麻縄	0
麻婆豆腐	5
麻布	0
麻薬	0
麻裏	0
麻裏草履	5
麻痺	1
麻痺性痴呆	5
麻絲	0
埋かる	2
埋ける	2
埋け炭	2
埋まる	0
埋み火	3
埋み門	3
埋めあわす	4
埋める	0
埋め合す	4
埋め合せ	0
埋め合せる	5
埋め合わす	4
埋め合わせ	0
埋め合わせる	5
埋め込む	3
埋め尽くす	4
埋め草	0
埋め木	0
埋め木細工	4
埋め立て	0
埋め立てる	4
埋め立て地	4
埋もれる	0
埋もれ木	0
埋れ木	0
埋骨	0
埋植	0
埋設	0
埋葬	0
埋葬虫	2
埋蔵	0
埋蔵物	3
埋蔵量	3
埋伏	0
埋没	0
埋立て	0
埋立地	4
妹	4
妹御	4
妹分	4
妹婿	5
枚	1
枚挙	1
枚数	3
毎	0
毎々	0
毎回	0
毎期	0
毎月	0
毎号	0
毎時	0
毎次	0
毎週	0
毎食	0
毎朝	1
毎度	0
毎日	1
毎年	0
毎晩	1
毎秒	0
毎分	0
毎毎	0
毎夜	0
毎夕	0
槙	1
槙肌	1
幕	2
幕あい	0
幕の内	3
幕の内弁当	6
幕引き	0
幕営	0
幕屋	0
幕下	0
幕開	0
幕開き	0
幕開け	0
幕間	0
幕軍	0
幕舎	1
幕尻	0
幕臣	0
幕政	0
幕切れ	0
幕電	0
幕内	0
幕藩体制	5
幕府	1
幕末	0
幕明き	0
幕明け	0
幕吏	1
幕僚	0
幕僚長	3
膜	2
膜骨	2
膜質	0
膜状	0
膜性骨	3
膜電位	3
膜迷路	3
膜鳴楽器	5
膜翅目	3
枕	1
枕もと	3
枕カバー	4
枕絵	3
枕許	3
枕経	3
枕芸者	4
枕元	3
枕言葉	4
枕詞	4
枕席	0
枕籍	1
枕捜し	4
枕草紙	4
枕探し	4
枕頭	0
枕辺	3
枕木	3
枕屏風	4
枕藉	1
鮪	1
柾	0
柾の葛	0
柾目	0
鱒	0
鱒の介	0
鱒之介	0
桝	2
桝形	0
桝酒	0
亦	0
又	0
又々	0
又しても	2
又とない	2
又と無い	2
又の日	2
又の名	2
又は	2
又も	2
又もや	2
又甥	0
又家来	3
又候	0
又四郎尺	4
又写し	0
又借り	0
又従兄	3
又従兄弟	3
又従兄妹	3
又従姉弟	3
又従姉妹	3
又従弟	3
又小作	3
又請け	0
又貸し	0
又弟子	0
又買い	0
又聞き	0
又又	0
又木	0
又頼み	3
又隣	3
抹香	0
抹香鯨	5
抹香臭い	6
抹殺	0
抹消	0
抹茶	0
抹茶色	0
末	0
末々	2
末っ子	0
末つ方	3
末の世	4
末永く	3
末家	1
末期	1
末期の水	1
末期的	0
末期養子	4
末季	1
末技	1
末吉	0
末恐ろしい	6
末枯れ	0
末枯れる	5
末広	0
末広がり	4
末項	0
末座	0
末始終	3
末子	1
末子相続	4
末寺	1
末社	0
末若い	4
末女	1
末梢	0
末梢神経	5
末梢神経系	0
末梢的	0
末世	1
末成	0
末成り	0
末生	0
末生り	0
末席	0
末節	0
末孫	0
末代	2
末代物	0
末端	0
末端価格	5
末端巨大症	0
末段	0
末男	2
末茶	0
末長く	3
末弟	0
末那識	2
末日	0
末年	0
末派	0
末輩	0
末尾	1
末筆	0
末文	0
末法	0
末法思想	5
末妹	0
末末	2
末娘	3
末木	0
末葉	0
末頼もしい	6
末流	0
末路	1
末裔	0
沫	2
沫雪	2
侭ならぬ	4
繭	1
繭玉	0
繭糸	0
繭紬	1
万	1
万々	1
万々歳	3
万が一	1
万一	1
万引	0
万引き	0
万円	0
万延	0
万屋	0
万化	1
万華鏡	0
万巻	0
万感	0
万機	1
万境	0
万金	0
万愚節	3
万言	0
万古	1
万古不易	1
万戸	1
万口	0
万更	0
万劫	3
万劫末代	6
万国	1
万国音標文字	9
万国旗	3
万国公法	5
万国博覧会	7
万骨	1
万頃	0
万才	3
万歳	3
万作	0
万策	0
万子	0
万死	1
万事	1
万字	0
万治	1
万謝	1
万寿	1
万寿菊	3
万象	0
万障	0
万丈	0
万乗	0
万場	0
万状	0
万人	0
万人向き	0
万尋	0
万世	1
万世一系	1
万世不易	1
万聖節	3
万千	0
万善	0
万全	0
万卒	1
万代	1
万代不易	1
万端	0
万天	0
万点	0
万灯	1
万灯会	3
万難	0
万年	0
万年床	3
万年青	0
万年雪	3
万年草	3
万年茸	3
万年通宝	5
万年筆	3
万年暦	5
万能	0
万博	0
万般	0
万病	0
万夫	1
万夫不当	1
万福	0
万物	1
万物流転	1
万分の一	7
万別	0
万遍なく	5
万遍無く	5
万歩計	0
万宝	0
万方	0
万邦	0
万万	1
万万一	3
万万歳	3
万民	0
万目	0
万有	0
万有引力	5
万有引力定数	9
万有内在神論	9
万葉仮名	0
万葉調	0
万来	0
万雷	0
万里	1
万両	1
万力	0
万緑	0
万霊節	3
万仞	0
万斛	0
万朶	1
慢じる	4
慢ずる	3
慢心	0
慢性	0
慢性肝炎	5
慢性疾患	5
慢性中毒	5
慢性疲労症候群	0
慢慢的	3
満	1
満々	0
満きつ	0
満たす	2
満ちる	2
満ち溢れる	5
満ち干	1
満ち欠け	2
満ち足りる	0
満ち潮	0
満ち満ちる	4
満つ	1
満タン	0
満員	0
満引き	2
満悦	0
満開	0
満額	0
満株	0
満干	0
満漢偶数官制	9
満艦飾	3
満貫	0
満願	0
満期	1
満喫	0
満月	1
満更	0
満腔	0
満座	0
満載	0
満作	0
満山	1
満室	0
満車	0
満州語	0
満州族	3
満州文字	5
満床	0
満場	0
満場一致	0
満身	0
満身創痍	5
満水	0
満席	0
満足	1
満足感	4
満卓	0
満潮	0
満鉄	0
満天	0
満天下	3
満天星躑躅	5
満点	3
満都	1
満堂	0
満年齢	3
満杯	0
満票	0
満幅	0
満腹	0
満遍なく	5
満遍無く	5
満満	0
満面	0
満目	0
満目蕭条	0
満了	0
満塁	0
漫々	0
漫々的	3
漫り	1
漫ろ	0
漫ろ言	0
漫ろ歩き	4
漫画	0
漫画化	0
漫画家	0
漫楽	0
漫喫	0
漫言	0
漫才	3
漫然	0
漫談	0
漫罵	1
漫筆	0
漫評	0
漫文	0
漫歩	1
漫漫	0
漫遊	0
漫録	0
蔓	0
蔓延	0
蔓延る	3
蔓巻	0
蔓荊	2
蔓紫	4
蔓質	0
蔓植物	4
蔓性	0
蔓生	0
蔓草	0
蔓苔桃	3
蔓梅擬	5
蔓穂	0
蔓立ち	0
蔓竜胆	3
蔓衍	0
蔓茘枝	3
味	0
味あう	3
味つけ	0
味な	0
味の素	3
味わい	0
味わう	3
味加減	3
味覚	0
味覚障害	4
味気ない	4
味気無い	3
味見	0
味噌	1
味噌あん	0
味噌すり	4
味噌っかす	4
味噌っ歯	2
味噌っ粕	4
味噌っ滓	4
味噌玉	0
味噌煮	0
味噌汁	3
味噌漬け	0
味噌豆	2
味噌糞	0
味噌和え	0
味噌擂り	4
味噌擂り坊主	5
味噌韲え	0
味噌餡	0
味着け	0
味読	0
味付け	0
味付け海苔	4
味方	0
味淋	0
味蕾	0
味醂	0
味醂干し	0
未	0
未き	1
未だ	1
未だかつて	4
未だき	1
未だし	3
未だしも	1
未だに	0
未だ嘗て	4
未だ曾て	4
未だ未だ	1
未央柳	4
未解決	2
未解放部落	6
未開	0
未開社会	4
未開拓	2
未開発	2
未確定	2
未確認	2
未確認飛行物体	9
未刊	0
未完	0
未完成	2
未帰還者	3
未経験	2
未経験者	4
未決	0
未決監	3
未決拘留	4
未決囚	3
未見	0
未墾	0
未墾地	2
未婚	0
未婚者	2
未済	0
未晒	2
未晒し	2
未収	0
未就学	2
未熟	0
未熟児	3
未熟児網膜症	8
未処分	2
未処理	2
未詳	0
未申	4
未進	0
未遂	0
未遂罪	2
未成	0
未成年	2
未成年者	4
未成品	0
未整理	2
未生	0
未生以前	4
未製品	2
未青年	2
未設	0
未然	0
未然形	0
未曾有	0
未曽有	0
未組織	2
未草	3
未知	1
未知数	2
未着	0
未通女	0
未定	0
未定稿	2
未登峰	2
未到	0
未踏	0
未踏峰	2
未読	0
未納	0
未発	0
未発見	2
未発行	2
未発達	2
未発表	2
未必の故意	5
未払	2
未払い	2
未払い勘定	5
未払勘定	5
未分化	2
未聞	0
未亡人	2
未満	1
未明	0
未訳	0
未来	1
未来永劫	1
未来学	2
未来記	2
未来像	2
未来派	0
未了	0
未練	1
未練がましい	6
魅かれる	0
魅す	2
魅する	2
魅せられる	4
魅入る	2
魅了	0
魅力	0
魅力的	0
魅惑	0
巳	0
箕	1
箕作鮫	4
岬	0
岬角	0
岬湾	0
密	1
密か	1
密やか	2
密雲	0
密画	0
密会	0
密儀	1
密議	1
密漁	0
密教	1
密計	0
密語	1
密航	0
密行	0
密告	0
密殺	0
密使	0
密事	1
密室	0
密集	0
密出国	3
密書	0
密生	0
密接	0
密栓	0
密葬	0
密送	0
密造	0
密談	0
密着	0
密通	0
密偵	0
密度	1
密入国	3
密売	0
密夫	1
密封	0
密閉	0
密謀	0
密貿易	3
密密	0
密約	0
密輸	0
密輸出	3
密輸入	3
密輸品	0
密猟	0
密林	0
蜜	1
蜜柑	1
蜜柑状果	4
蜜柑畑	4
蜜吸	0
蜜吸い	0
蜜教	3
蜜教え	3
蜜月	0
蜜接	0
蜜腺	0
蜜豆	0
蜜蜂	2
蜜蝋	0
湊	0
蓑	1
蓑笠	1
蓑笠子	3
蓑亀	0
蓑虫	2
稔り	0
稔る	2
稔性	0
脈	2
脈々	0
脈管	0
脈管系	0
脈所	3
脈診	0
脈打つ	3
脈動	0
脈拍	0
脈脈	0
脈絡	0
脈絡膜	4
脈絡膜炎	6
脈理	1
脈搏	0
妙	1
妙ちきりん	0
妙なる	0
妙案	0
妙王	3
妙音	0
妙技	1
妙境	0
妙計	0
妙策	0
妙手	1
妙趣	1
妙所	1
妙諦	0
妙法	0
妙法蓮華経	7
妙味	1
妙薬	1
妙用	0
妙齢	0
民	1
民意	1
民営	0
民家	1
民間	0
民間外交	5
民間信仰	5
民間人	3
民間伝承	5
民間放送	5
民間薬	3
民間療法	5
民業	0
民具	1
民芸	0
民芸品	0
民権	0
民権主義	5
民戸	1
民事	1
民事介入暴力	8
民事裁判	4
民事事件	4
民事訴訟	4
民主	1
民主化	0
民主国	3
民主国家	4
民主主義	4
民主政治	4
民主的	0
民需	1
民衆	0
民衆駅	3
民衆的	0
民宿	0
民情	0
民心	0
民政	0
民生	0
民生委員	5
民生用	0
民選	0
民草	0
民俗	1
民俗音楽	5
民俗学	4
民俗芸能	5
民族	1
民族意識	5
民族衣装	5
民族音楽	5
民族学	4
民族国家	5
民族史	4
民族自決	1
民族主義	5
民族性	0
民族精神	5
民族大移動	1
民族的	0
民族服	4
民団	0
民定憲法	5
民度	1
民泊	0
民部省	3
民兵	1
民放	0
民法	1
民暴	1
民望	0
民本主義	5
民約説	4
民約論	4
民有	0
民有地	3
民有林	3
民謡	0
民謡音階	5
民踊	0
民力	1
民論	0
民話	0
眠い	0
眠け	0
眠け覚し	4
眠たい	0
眠らす	0
眠らせる	0
眠り	0
眠りこける	5
眠りこむ	4
眠り込む	4
眠り草	3
眠り姫	3
眠り病	0
眠り薬	4
眠る	0
眠気	0
眠気覚まし	4
眠剤	0
務まる	3
務め	3
務める	3
務長官	2
夢	2
夢々	0
夢うつつ	0
夢にも	2
夢違え	3
夢解き	4
夢見	3
夢見る	3
夢見心地	4
夢幻	0
夢幻的	0
夢現	0
夢語り	3
夢合わせ	3
夢心地	3
夢精	0
夢占い	3
夢想	0
夢想家	0
夢中	0
夢中遊行症	0
夢判じ	3
夢判断	3
夢物語	5
夢魔	1
夢枕	3
夢夢	0
夢遊病	0
夢遊病者	4
夢路	0
夢寐	1
無	1
無い	1
無い物ねだり	5
無き	1
無きにしも非ず	1
無き者	1
無くす	0
無くなす	0
無くなる	0
無くもがな	1
無げ	1
無し	1
無しのつぶて	4
無しの礫	4
無にする	1
無みする	3
無愛敬	2
無愛想	2
無愛嬌	2
無悪不造	4
無暗	1
無闇	1
無闇やたら	1
無闇矢鱈	1
無位	1
無位無冠	1
無位無官	1
無意	1
無意義	2
無意識	2
無意識的	0
無意味	2
無為	1
無為自然	1
無為徒食	1
無為無策	1
無医村	2
無一物	3
無一文	3
無印	2
無印商品	5
無韻詩	2
無益	1
無援	0
無煙	0
無煙火薬	4
無煙炭	0
無縁	0
無縁塚	2
無縁仏	4
無縁墓地	4
無遠慮	2
無鉛ガソリン	4
無塩	0
無塩バター	4
無音	1
無下に	1
無化	1
無何有の郷	1
無価	1
無価値	2
無花果	2
無花果果	4
無花被花	3
無過失	2
無過失責任	5
無過失責任主義	9
無我	1
無我夢中	1
無害	1
無碍	1
無蓋	0
無蓋貨車	4
無格好	2
無格社	3
無角牛	3
無学	1
無学文盲	1
無額面株	4
無顎類	3
無冠	0
無官	0
無干渉	2
無患子	3
無感覚	2
無感地震	4
無感動	2
無汗症	0
無鑑査	2
無間地獄	4
無間奈落	4
無関係	2
無関心	2
無器用	2
無期	1
無期延期	1
無期刑	2
無期限	2
無期限スト	5
無期懲役	3
無機	1
無機化学	3
無機化合物	4
無機高分子	5
無機酸	2
無機質	2
無機質肥料	5
無機的	0
無機肥料	3
無機物	2
無気呼吸	3
無気肺	2
無気味	0
無気力	2
無季	1
無規律	2
無記名	2
無記名債権	5
無記名投票	5
無軌道	2
無技巧	2
無義道	2
無休	0
無窮	0
無給	0
無許可	2
無競争	2
無教育	2
無教会主義	6
無響室	2
無業	0
無極	1
無菌	0
無形	0
無形固定資産	7
無形文化財	6
無稽	0
無計画	2
無芸	1
無芸大食	1
無欠	0
無欠勤	2
無欠席	2
無血	0
無血革命	4
無月	1
無月経	2
無言	0
無言の行	5
無言劇	2
無言症	0
無限	0
無限軌道	4
無限級数	4
無限後退	4
無限集合	4
無限小	0
無限小数	4
無限数列	4
無限責任	4
無限大	0
無限連鎖講	6
無効	0
無口	1
無口湖	2
無垢	1
無考え	2
無告	0
無国籍	2
無腰	1
無骨	0
無骨者	0
無根	0
無差別	2
無差別級	0
無差別爆撃	5
無沙汰	0
無彩色	2
無才	0
無罪	1
無作為	2
無作法	2
無策	0
無札	0
無雑	0
無雑作	2
無惨	1
無産	0
無産階級	4
無産者	2
無産政党	4
無酸素	2
無残	1
無始	1
無思慮	2
無指向性	0
無死	1
無私	1
無糸分裂	3
無視	1
無試験	3
無資格	2
無資力	2
無事	0
無事故	2
無字	1
無慈悲	2
無自覚	2
無実	1
無実の罪	1
無射	1
無邪気	1
無主	1
無手	2
無手勝流	0
無趣味	2
無宗教	2
無臭	0
無住	0
無重量	2
無重力	2
無宿	1
無宿者	0
無所属	2
無所得	2
無署名	2
無傷	1
無償	0
無償契約	4
無償交付	4
無償行為	4
無上	0
無上命法	4
無常	0
無常感	2
無常観	2
無常迅速	0
無情	0
無条件	2
無条件降伏	6
無条件反射	6
無職	1
無色	1
無色界	3
無色鉱物	4
無信	0
無信心	2
無心	0
無神経	2
無神論	2
無人	0
無人島	0
無尽	0
無尽会社	4
無尽講	0
無尽蔵	2
無水	0
無水アルコール	4
無水亜砒酸	5
無水酢酸	4
無水鍋	4
無水物	2
無粋	0
無数	2
無制限	2
無勢	0
無性	0
無性に	0
無性芽	2
無性生殖	4
無政府	2
無政府主義	5
無政府主義者	6
無政府状態	5
無生忍	0
無生物	2
無精	2
無精ひげ	2
無精者	0
無精髭	2
無精卵	2
無声	0
無声映画	4
無声音	2
無税	1
無籍	0
無籍者	0
無脊椎動物	6
無責任	2
無節操	2
無線	0
無線局	2
無線操縦	4
無線通信	4
無線通信士	6
無線電信	4
無線電話	4
無線標識	4
無銭	0
無銭飲食	4
無双	0
無双仕立	4
無双仕立て	4
無双窓	4
無想	0
無想無念	0
無造作	2
無足人	0
無駄	0
無駄花	0
無駄金	0
無駄遣い	3
無駄言	0
無駄口	0
無駄骨	0
無駄骨折り	0
無駄使い	3
無駄死に	0
無駄食い	0
無駄足	0
無駄飯	0
無駄毛	0
無駄話	3
無体	1
無体物	2
無代	1
無台	1
無題	0
無担保	2
無断	0
無知	1
無知文盲	1
無知蒙昧	1
無地	1
無恥	1
無智	1
無秩序	3
無茶	1
無茶苦茶	0
無着陸	3
無着陸飛行	6
無調法	2
無賃	1
無賃乗車	4
無痛	0
無痛分娩	4
無定形	0
無定形炭素	6
無定見	2
無抵抗	2
無抵抗主義	6
無敵	0
無鉄砲	2
無添加	2
無点	0
無点本	0
無電	0
無土器時代	4
無党派	2
無投票	2
無灯	1
無灯火	2
無答責	2
無糖	1
無統制	2
無道	0
無得点	2
無徳	0
無毒	1
無届	2
無届け	2
無頓着	2
無難	0
無二	1
無二無三	1
無尿	0
無任所	2
無任所大臣	5
無認可	2
無熱	0
無念	0
無念無想	0
無能	0
無能者	2
無能力	2
無能力者	5
無農薬	2
無農薬栽培	6
無派	1
無敗	0
無配	0
無配当	2
無罰的	0
無伴奏	2
無反動砲	0
無批判	2
無比	1
無尾類	2
無筆	1
無謬	0
無表情	2
無病	1
無病息災	1
無風	0
無風帯	0
無風流	2
無分別	2
無文	1
無偏	0
無辺	0
無辺際	2
無報酬	2
無法	0
無法者	0
無帽	0
無暴	0
無謀	0
無防備	2
無防備都市	5
無味	1
無味乾燥	1
無矛盾性	0
無名	0
無名指	2
無名氏	2
無明	0
無銘	0
無免許	2
無目的	2
無役	1
無有	1
無遊病	0
無様	1
無用	0
無用の長物	0
無用心	2
無羊膜類	5
無葉蘭	2
無慾	1
無欲	1
無欲恬淡	1
無頼	0
無頼漢	0
無利子	2
無利息	2
無理	1
無理からぬ	4
無理やり	0
無理圧状	3
無理往生	3
無理押し	0
無理解	2
無理関数	3
無理強い	0
無理遣り	0
無理算段	1
無理式	2
無理心中	3
無理数	2
無理難題	1
無理方程式	5
無理無体	1
無理矢理	0
無慮	1
無料	0
無量	0
無量光仏	4
無量大数	4
無量無辺	0
無力	1
無力感	3
無類	0
無礼	1
無礼講	0
無論	0
無愧	1
無慙	1
無慚	1
無礙	1
無翅類	2
無聊	0
無辜	1
無釉	0
牟尼	1
牟礼	1
矛	1
矛盾	0
矛盾撞着	0
矛盾律	2
矛杉	2
矛先	0
矛偏	0
霧	0
霧雨	0
霧雲	0
霧散	0
霧消	0
霧吹き	2
霧雪	0
霧中	0
霧中信号	4
霧笛	0
霧箱	0
霧氷	0
椋	1
椋の木	1
椋鳥	2
椋木	1
婿	1
婿取り	3
婿選び	3
婿入	0
婿入り	0
婿入り婚	4
婿入婚	4
婿養子	3
娘	3
娘さん	0
娘核	0
娘御	3
娘細胞	3
娘子	1
娘子軍	3
娘心	4
娘盛り	4
娘分	3
娘婿	4
冥暗	0
冥闇	0
冥王星	3
冥加	1
冥加金	0
冥界	0
冥境	0
冥護	1
冥色	0
冥想	0
冥途	0
冥土	0
冥漠	0
冥府	1
冥福	0
冥冥	0
冥利	1
名	0
名うて	0
名だたる	3
名づける	3
名にし負う	4
名に負う	3
名のり	0
名のる	2
名ばかり	2
名まえ	0
名コンビ	3
名宛	0
名宛人	0
名案	0
名医	1
名演	0
名演説	3
名家	1
名歌	1
名花	1
名菓	1
名画	1
名鑑	0
名器	1
名寄	0
名寄せ	0
名機	1
名妓	1
名義	3
名義書き換え	4
名義書換	4
名義人	0
名橋	0
名局	0
名曲	0
名吟	0
名句	1
名君	1
名月	1
名剣	0
名犬	0
名言	0
名古屋	1
名古屋帯	4
名工	0
名広め	0
名香	0
名高い	3
名号	3
名告り	3
名告る	2
名作	0
名札	0
名山	1
名産	0
名残	3
名残り	3
名残り惜しい	5
名残惜しい	5
名刺	0
名刺受け	3
名刺入れ	3
名刺判	0
名士	1
名指し	0
名指す	2
名詞	0
名詞句	3
名詞節	3
名詞法	0
名詩	1
名字	1
名字帯刀	1
名辞	0
名辞論理学	6
名実	0
名車	0
名主	0
名取	0
名取り	0
名手	1
名酒	0
名所	0
名勝	0
名匠	0
名将	0
名称	0
名乗り	3
名乗り出る	4
名乗る	2
名城	0
名状	0
名色	0
名神	0
名親	0
名人	3
名人気質	5
名人芸	3
名人戦	0
名人肌	3
名水	0
名数	3
名声	0
名石	0
名跡	0
名蹟	0
名折れ	3
名説	0
名前	0
名前負け	0
名祖	0
名僧	0
名代	1
名題	0
名題役者	4
名茶	0
名著	1
名調子	3
名店	0
名店街	3
名田	0
名刀	0
名湯	0
名答	0
名入れ	0
名馬	1
名盤	0
名披露目	0
名筆	0
名品	0
名付ける	3
名付け親	0
名付親	0
名符	0
名物	1
名物男	5
名分	0
名文	0
名文家	0
名文句	3
名聞	0
名舗	1
名簿	0
名簿式比例代表制	0
名宝	0
名峰	0
名望	0
名望家	0
名無し	0
名無しの権兵衛	5
名木	0
名目	0
名目国民所得	9
名目主義	5
名目賃金	5
名目的	0
名門	0
名薬	0
名訳	0
名優	0
名誉	1
名誉き損	4
名誉棄損	4
名誉教授	4
名誉市民	4
名誉職	3
名誉心	3
名誉挽回	1
名誉慾	3
名誉毀損	4
名利	1
名立たる	3
名立る	3
名流	0
名論	0
名刹	0
命	1
命からがら	1
命がけ	0
命ごい	0
命じる	0
命ずる	0
命運	0
命掛け	0
命懸け	0
命乞	0
命乞い	0
命綱	3
命根	0
命取り	3
命拾い	4
命辛々	1
命辛辛	1
命数	3
命数法	0
命題	0
命題論理学	7
命知らず	4
命中	0
命日	1
命婦	1
命脈	0
命冥加	4
命名	0
命名式	3
命令	0
命令形	0
命令文	3
命令法	0
明	1
明々後日	3
明々白々	0
明い	0
明か	1
明かし	0
明かす	0
明かり	0
明かり採り	3
明かり取り	3
明かり障子	4
明かり窓	4
明き	0
明き家	0
明き巣	0
明き店	2
明き盲	3
明く	0
明くる	0
明くる朝	4
明くる日	4
明くる年	5
明け	0
明けがた	0
明けっぱなし	0
明けっぴろげ	0
明けっ広げ	0
明けっ放し	0
明けても暮れても	3
明けの明星	0
明けやらぬ	4
明ける	0
明け烏	3
明け荷	0
明け広げ	0
明け残る	4
明け初める	4
明け渡し	0
明け渡す	4
明け渡る	4
明け透け	0
明け番	0
明け払う	4
明け暮れ	2
明け暮れる	4
明け放し	0
明け放す	4
明け放れる	5
明け方	0
明け六つ	0
明らか	2
明らむ	3
明らめる	4
明り	0
明りとり	3
明りょう	0
明り取り	3
明り先	0
明り窓	4
明るい	0
明るみ	0
明るむ	3
明暗	0
明烏	3
明王	3
明荷	0
明解	0
明快	0
明確	0
明楽	1
明記	1
明渠	1
明鏡	0
明鏡止水	5
明君	1
明月	1
明言	0
明後日	2
明後年	0
明細	0
明細書	0
明察	0
明視	0
明治	1
明治維新	4
明治憲法	4
明治節	3
明示	1
明主	1
明呪	0
明春	0
明順応	3
明初	1
明証	0
明色	0
明神	0
明澄	0
明星	0
明清楽	3
明石焼	0
明石焼き	0
明窓浄机	5
明太	0
明太子	0
明達	0
明断	0
明知	1
明智	1
明徴	0
明朝	0
明朝体	0
明哲	0
明哲保身	5
明店	0
明渡す	4
明度	1
明答	0
明徳	0
明日	3
明日葉	0
明年	1
明年度	3
明白	0
明晩	1
明美	1
明敏	0
明文	0
明文化	0
明方	0
明明	3
明明後日	3
明明白白	0
明滅	0
明盲	3
明夜	1
明了	0
明亮	0
明瞭	0
明朗	0
明媚	1
明晰	0
明眸	0
明眸皓歯	5
明礬石	3
盟う	0
盟主	1
盟邦	0
盟約	0
盟友	0
迷い	3
迷い子	3
迷い星	2
迷い箸	4
迷う	2
迷わす	3
迷コンビ	3
迷界	0
迷宮	0
迷宮入り	0
迷曲	0
迷彩	0
迷作	0
迷子	1
迷子札	3
迷信	0
迷信家	0
迷想	0
迷走	0
迷走神経	5
迷走台風	5
迷鳥	0
迷迭香	3
迷答	0
迷夢	1
迷霧	1
迷妄	0
迷乱	0
迷路	1
迷路炎	3
迷論	0
迷惑	1
迷惑千万	1
銘	1
銘々皿	3
銘々盆	3
銘じる	0
銘する	3
銘ずる	0
銘菓	1
銘旗	1
銘記	1
銘酒	0
銘酒屋	0
銘醸	0
銘仙	0
銘打つ	1
銘茶	0
銘刀	0
銘板	0
銘文	0
銘柄	0
銘柄米	0
銘銘	3
銘銘皿	3
銘銘盆	3
銘木	0
鳴かず飛ばず	0
鳴きしきる	4
鳴き交わす	4
鳴き砂	0
鳴き出す	3
鳴き声	3
鳴き鳥	2
鳴き頻る	4
鳴く	0
鳴らす	0
鳴り	0
鳴りひびく	4
鳴り響く	4
鳴り渡る	4
鳴り物	0
鳴り物入り	0
鳴る	0
鳴る神	0
鳴咽	0
鳴管	0
鳴響く	4
鳴禽	0
鳴禽類	3
鳴戸	0
鳴砂	0
鳴子	0
鳴子百合	3
鳴出す	3
鳴神	0
鳴声	3
鳴鳥	0
鳴兎	3
鳴動	0
鳴嚢	0
鳴物	0
鳴門	0
鳴門巻	0
鳴門巻き	0
鳴門若布	4
鳴蜩	3
姪	1
姪っ子	0
姪御	0
姪子	1
姪孫	0
牝	1
牝牛	0
牝鶏	0
牝鹿	1
牝鳥	0
牝馬	1
牝鷄	0
滅する	0
滅びる	3
滅ぶ	2
滅ぼす	3
滅り込む	3
滅却	0
滅菌	0
滅金	0
滅罪	0
滅私	1
滅私奉公	1
滅失	0
滅相	3
滅相もない	3
滅相も無い	3
滅多	1
滅多に	1
滅多斬り	0
滅多切り	0
滅多打ち	0
滅多矢鱈	1
滅茶	1
滅茶苦茶	0
滅茶滅茶	0
滅諦	0
滅度	1
滅道	0
滅入る	2
滅法	3
滅亡	0
滅裂	0
免	1
免じる	3
免ずる	3
免れる	4
免疫	0
免疫グロブリン	7
免疫応答遺伝子	10
免疫学	4
免疫血清	5
免疫源	4
免疫性	0
免疫体	0
免疫反応	5
免疫賦活剤	7
免疫抑制剤	7
免疫療法	5
免官	0
免許	1
免許皆伝	1
免許証	0
免許状	0
免許停止	4
免罪	0
免罪符	3
免囚	0
免除	1
免状	0
免職	0
免震	0
免震構造	5
免税	0
免税店	3
免税点	3
免責	0
免責条項	5
免責特権	5
免租	1
免租地	3
免訴	1
免停	0
免役	0
免黜	0
棉花	1
棉実油	4
綿	2
綿々	0
綿の実	3
綿ぼこり	3
綿ネル	0
綿モスリン	3
綿飴	2
綿衣	3
綿羽	2
綿雲	0
綿火薬	3
綿花	1
綿菓子	3
綿弓	2
綿屑	3
綿繰り	4
綿繰り機	4
綿繰機	4
綿糸	1
綿実油	4
綿織り物	3
綿織物	3
綿製品	3
綿雪	2
綿打ち	0
綿津見	0
綿摘み	4
綿入れ	4
綿抜き	0
綿布	1
綿服	0
綿帽子	3
綿棒	1
綿紡	0
綿密	0
綿綿	0
綿毛	0
綿油	3
綿羊	0
綿埃	3
緬羊	0
面	2
面々	3
面くらう	4
面する	3
面ファスナー	3
面影	0
面映い	4
面映ゆい	4
面汚し	3
面桶	3
面会	0
面会人	0
面会日	3
面掛	0
面詰	0
面喰らう	4
面繋	0
面懸	0
面向不背	0
面構	3
面構え	3
面高	0
面魂	3
面差	0
面差し	0
面子	1
面持	0
面持ち	0
面識	0
面取り	0
面従後言	0
面従腹背	0
面出し	0
面色	0
面食い	0
面食らう	4
面積	1
面積グラフ	5
面積計	0
面積速度	5
面責	0
面接	0
面前	0
面相	1
面相筆	3
面憎い	4
面舵	0
面体	0
面談	0
面長	0
面通し	3
面倒	3
面倒くさい	5
面倒見	3
面倒臭い	6
面当	0
面当がましい	7
面当て	0
面当てがましい	7
面罵	1
面白い	4
面白おかしい	7
面白可笑しい	7
面白半分	5
面皮	1
面付き	0
面布	1
面部	1
面壁	0
面壁九年	0
面変り	3
面変わり	3
面忘れ	3
面貌	0
面頬	1
面面	3
面目	0
面目ない	5
面目一新	0
面目次第	5
面目無い	5
面目躍如	5
面妖	0
面容	0
面立ち	0
面輪	0
面晤	1
面梟	3
面疔	1
面皰	1
面窶れ	3
麺	1
麺棒	1
麺麻	1
麺類	1
麺媽	1
麺麭	0
摸す	1
摸する	2
摸擬	1
摸擬試験	4
摸作	0
摸索	0
摸写	1
摸造	0
摸倣	0
摸本	0
模	0
模す	1
模する	1
模る	3
模擬	1
模擬試験	4
模擬店	0
模型	0
模糊	1
模作	0
模索	0
模試	1
模式図	3
模写	1
模写説	2
模造	0
模造紙	2
模造品	0
模範	0
模範試合	4
模範生	2
模範的	0
模倣	0
模本	0
模様	0
模様替え	0
模様眺め	4
茂み	0
茂り	3
茂る	2
茂林	0
妄り	1
妄りに	1
妄挙	1
妄言	0
妄言多謝	5
妄語	1
妄語戒	3
妄執	0
妄信	0
妄心	0
妄説	0
妄想	0
妄断	0
妄動	0
妄念	0
妄評	0
妄用	0
孟夏	1
孟子	0
孟宗竹	3
孟秋	0
孟春	0
孟女	1
孟冬	0
毛	0
毛あな	0
毛がに	0
毛だま	0
毛づくろい	2
毛ぶかい	3
毛むくじゃら	0
毛衣	2
毛羽	0
毛羽だつ	3
毛羽立つ	3
毛蟹	0
毛鈎	0
毛革	0
毛顎動物	5
毛管	0
毛管現象	5
毛脚	0
毛玉	0
毛筋	0
毛穴	0
毛嫌い	2
毛見	1
毛孔	0
毛根	0
毛細管	0
毛細管現象	7
毛細血管	5
毛蚕	1
毛斯綸	0
毛糸	0
毛織	0
毛織り	0
毛織り物	3
毛織物	3
毛色	0
毛深い	3
毛生え薬	4
毛染め	0
毛繕い	2
毛足	0
毛茸	0
毛虫	0
毛彫	0
毛彫り	0
毛長鼠	4
毛長鼬	4
毛唐	2
毛唐人	2
毛頭	0
毛嚢	0
毛髪	0
毛抜き	0
毛皮	0
毛筆	0
毛布	1
毛払い	2
毛並	0
毛並み	0
毛壁蝨	0
毛包	0
毛胞	0
毛様体	0
毛裏	0
毛蓮菜	4
毛氈	3
毛氈苔	3
毛繻子	2
毛脛	0
毛臑	0
毛虱	2
毛黴	0
猛	1
猛々しい	5
猛り狂う	5
猛り立つ	4
猛る	2
猛悪	0
猛威	1
猛煙	0
猛火	1
猛牛	0
猛禽	0
猛禽類	3
猛訓練	3
猛撃	0
猛犬	0
猛虎	1
猛攻	0
猛攻撃	3
猛射	1
猛者	1
猛襲	0
猛獣	0
猛暑	1
猛将	0
猛省	0
猛進	0
猛吹雪	3
猛勢	0
猛然	0
猛打	1
猛鳥	0
猛追	0
猛毒	0
猛爆	0
猛勉	0
猛猛しい	5
猛勇	0
猛烈	0
猛練習	3
盲	3
盲いる	2
盲唖	1
盲愛	0
盲鰻	4
盲学校	3
盲管	0
盲管銃創	5
盲貫銃創	5
盲亀	1
盲亀の浮木	1
盲撃ち	0
盲縞	0
盲射	0
盲者	1
盲蛇	4
盲従	0
盲信	0
盲進	0
盲人	0
盲想	0
盲窓	4
盲打ち	0
盲探し	4
盲断	0
盲蜘蛛	4
盲腸	1
盲腸炎	3
盲長屋	4
盲点	1
盲動	0
盲導犬	0
盲爆	0
盲判	0
盲斑	0
盲壁	3
盲滅法	4
盲目	0
盲目縞	0
盲目的	0
盲暦	4
網	2
網の目	4
網シャツ	0
網干し垣	3
網干垣	3
網漁	2
網元	0
網戸	2
網杓子	3
網処	1
網焼き	0
網状	0
網打ち	0
網代	0
網代垣	3
網代笠	4
網棚	0
網地	0
網点	0
網頭	3
網入りガラス	5
網入ガラス	5
網入硝子	5
網版	0
網頁	0
網膜	0
網膜炎	4
網膜剥離	5
網目	3
網目錦蛇	7
網目版	0
網様体	0
網羅	1
網猟	2
網翅目	3
蒙	0
蒙る	3
蒙古	1
蒙古語	0
蒙古症	3
蒙古人種	4
蒙古斑	3
蒙古襞	4
蒙昧	0
儲	3
儲かる	3
儲け	3
儲ける	3
儲け口	3
儲け主義	4
儲け物	0
儲け役	0
儲位	1
儲口	3
儲蓄	0
儲物	0
儲役	0
木	1
木々	1
木いちご	2
木くず	2
木こり	0
木っ端	1
木っ端みじん	1
木っ端微塵	1
木っ片	1
木っ葉	1
木づち	1
木のぼり	2
木の下	1
木の下闇	0
木の下陰	4
木の芽	1
木の芽時	3
木の芽漬	1
木の芽漬け	0
木の間	1
木の香	1
木の実	1
木の端	1
木の葉	1
木の葉虫	3
木の葉天狗	4
木の葉木菟	3
木ノ実	1
木ノ葉	1
木暗がり	2
木印	0
木蔭	0
木陰	0
木隠れ	2
木羽	0
木瓜	1
木洩れ日	3
木洩れ陽	3
木化	0
木灰	1
木管	0
木管楽器	5
木簡	0
木魚	1
木琴	0
木偶	1
木偶の坊	3
木屑	2
木靴	1
木型	0
木剣	0
木遣り	0
木戸	1
木戸御免	1
木戸銭	2
木戸番	2
木枯	2
木枯し	2
木枯らし	2
木五倍子	0
木口	1
木工	0
木工具	3
木工所	0
木骨	0
木婚式	3
木魂	0
木犀	0
木犀草	0
木材	2
木材パルプ	5
木殺し	2
木皿	1
木耳	2
木質	0
木質繊維	5
木守	1
木守り	0
木所	2
木樵	0
木場	0
木食い虫	2
木食虫	2
木尻	0
木深い	3
木酢	0
木星	0
木生羊歯	5
木精	0
木製	0
木石	0
木石漢	4
木積もり	2
木積り	2
木切れ	0
木組	0
木組み	3
木鼠	2
木叢	0
木走	2
木走り	2
木像	0
木造	0
木賊	0
木賊板	4
木賊葺	0
木賊葺き	0
木太刀	1
木啄	2
木鐸	0
木叩	2
木炭	3
木炭画	0
木炭自動車	6
木炭車	3
木端	1
木端微塵	1
木地	1
木彫	0
木彫り	0
木賃宿	4
木槌	1
木通	0
木蔦	1
木釘	1
木天蓼	0
木登り	2
木登りカンガルー	5
木登り魚	4
木登り蜥蜴	5
木登魚	4
木登蜥蜴	5
木菟	1
木刀	0
木糖	0
木豆	0
木馬	1
木杯	0
木萩	1
木箱	1
木肌	0
木鉢	1
木版	0
木版画	0
木版刷り	0
木版摺	0
木挽き	0
木挽き歌	3
木皮	1
木付子	0
木舞	0
木部	1
木仏	1
木偏	0
木片	1
木鋒	1
木棒	0
木鉾	0
木本	0
木麻黄	3
木末	0
木棉	1
木綿	0
木綿糸	4
木綿針	4
木綿豆腐	4
木綿物	0
木綿綿	2
木木	1
木目	0
木目込	0
木目込み	0
木目込み人形	5
木目込人形	5
木目込雛	5
木目細か	3
木目塗	0
木目塗り	0
木曜	3
木曜日	3
木葉	1
木葉微塵	1
木螺子	0
木藍	0
木蘭	1
木履	1
木理	1
木立	1
木立ち百里香	6
木立百里香	6
木霊	0
木煉瓦	2
木蓮	1
木連れ格子	4
木連格子	4
木漏れ日	3
木漏れ陽	3
木蝋	0
木槿	0
木苺	2
木莓	2
木虱	2
木蝨	2
木蠧虫	2
木訥	0
木醋	0
木鋏	2
黙	0
黙々	0
黙する	3
黙とう	0
黙り	0
黙りこくる	5
黙りこむ	4
黙り込む	4
黙る	2
黙過	1
黙許	1
黙契	0
黙劇	0
黙考	0
黙座	1
黙殺	0
黙思	1
黙止	1
黙視	1
黙示	0
黙示録	3
黙従	0
黙然	0
黙想	0
黙諾	0
黙祷	0
黙読	0
黙認	0
黙念	0
黙否権	3
黙秘	1
黙秘権	3
黙黙	0
黙約	0
黙礼	0
目	1
目あて	1
目かくし	2
目がける	3
目がしら	2
目くじら	2
目くばせ	2
目くらまし	2
目くるめく	4
目こぼし	2
目ざす	2
目ざとい	3
目ざましい	4
目ざめる	3
目ざわり	2
目じり	1
目じるし	2
目す	2
目する	3
目っけ物	0
目つき	1
目つぶし	2
目に余る	1
目のあたり	3
目の玉	1
目の子勘定	4
目の子算	3
目の色	1
目の前	3
目の敵	5
目の当たり	3
目の当り	3
目の毒	1
目の辺り	3
目はし	1
目ぼし	1
目まい	2
目まぐるしい	5
目やに	3
目安	0
目安箱	3
目移り	2
目違い	2
目医者	1
目一杯	2
目溢	2
目溢し	2
目溢れ	2
目印	2
目引き袖引き	1
目隠し	2
目隠し鬼	4
目隠し葺き	0
目映い	3
目映ゆい	3
目縁	1
目下	0
目蓋	1
目覚し	2
目覚しい	4
目覚し時計	5
目覚まし	2
目覚ましい	4
目覚まし時計	5
目覚ます	3
目覚め	3
目覚める	3
目角	1
目掛	3
目掛け	3
目掛ける	3
目貫	1
目顔	1
目詰まり	2
目詰り	2
目許	3
目玉	3
目玉商品	4
目玉焼き	0
目串	1
目撃	0
目撃者	4
目結	0
目見	1
目見え	3
目見得	3
目元	3
目減り	0
目交い	0
目交ぜ	1
目垢	3
目高	0
目黒	1
目今	0
目差	0
目差し	2
目差す	2
目算	0
目刺	0
目刺し	0
目指	3
目指し	3
目指す	2
目止め	0
目脂	3
目視	1
目次	0
目出し帽	3
目出度い	3
目処	1
目障り	2
目上	0
目色	1
目尻	1
目新しい	5
目深	0
目星	1
目盛	0
目盛り	0
目先	3
目線	0
目前	0
目早い	3
目草	0
目送	0
目測	0
目打ち	0
目大千鳥	4
目端	1
目地	1
目茶	1
目茶苦茶	0
目茶目茶	0
目張	0
目張り	0
目張り寿司	3
目張り鮓	3
目張り鮨	3
目通し	2
目通り	0
目潰し	2
目釘	1
目的	0
目的意識	5
目的因	4
目的格	4
目的語	0
目的税	4
目的地	4
目的的	0
目的物	4
目的論	4
目的論的証明	0
目貼り	0
目塗り	0
目途	1
目当	1
目当て	1
目頭	2
目配せ	2
目配り	2
目白	0
目白押し	0
目白鮫	3
目八分	3
目抜	0
目抜き	0
目抜き通り	4
目板	0
目庇	2
目鼻	1
目鼻立	0
目鼻立ち	0
目標	0
目敏い	3
目付	3
目付き	1
目付ける	1
目付柱	4
目腐れ	2
目腐れ金	0
目伏し	1
目分量	2
目糞	1
目偏	0
目方	0
目明かし	2
目明き	3
目木	1
目薬	2
目利き	3
目利安	1
目立ちたがる	5
目立つ	2
目立て	3
目礼	0
目零	2
目零し	2
目録	0
目論み	0
目論む	3
目論見	0
目論見書	0
目屎	1
目戍る	0
目撥	0
目眩	2
目眩い	2
目眩く	4
目眩し	2
目眩まし	2
目笊	1
目箒	2
目籠	1
目鬘	2
杢魚	1
杢糸	0
杢調	0
勿れ	2
勿怪	0
勿体	0
勿体ない	5
勿体ぶる	5
勿体振る	5
勿体無い	5
勿忘草	4
勿論	2
餅	0
餅つき	4
餅屋	0
餅花	0
餅菓子	3
餅粥	2
餅黍	3
餅子	0
餅草	0
餅代	0
餅肌	0
餅盤	0
餅病菌	0
餅米	0
餅網	0
餅搗き	4
餅躑躅	3
餅餤	0
尤も	3
尤もらしい	6
尤物	0
戻し	3
戻し交雑	4
戻す	2
戻り	3
戻り道	3
戻る	2
戻入	0
籾	1
籾殻	0
籾擦り	3
籾摺	3
籾摺り	3
貰い泣き	0
貰い子	0
貰い手	0
貰い受ける	5
貰い乳	0
貰い物	0
貰う	0
貰泣き	0
問	0
問い	0
問いかける	4
問いただす	4
問いつめる	4
問いなおす	4
問い掛け	0
問い掛ける	4
問い詰める	4
問い合せる	5
問い合わせ	0
問い合わせる	5
問い合わせ状	0
問い質す	4
問い上げ	0
問い正す	4
問い切り	0
問い直す	4
問い返す	3
問う	1
問わず語り	4
問屋	0
問掛ける	4
問合せ	0
問合せる	5
問合わせる	5
問罪	0
問診	0
問責	0
問責決議案	7
問切り	0
問題	0
問題意識	5
問題化	0
問題外	3
問題劇	3
問題作	3
問題視	3
問題児	3
問題点	3
問注所	5
問答	3
問答法	0
問答無用	3
悶々	0
悶え	3
悶える	3
悶死	0
悶絶	0
悶着	0
悶悶	0
紋	1
紋羽二重	3
紋黄蝶	3
紋殻皮剥	5
紋所	0
紋章	0
紋章学	3
紋織り	0
紋切り型	0
紋切型	0
紋帖	0
紋帳	0
紋日	1
紋白蝶	4
紋付	1
紋付き	1
紋服	0
紋本	0
紋様	0
門	1
門違い	3
門院	0
門衛	0
門下	1
門下省	3
門下生	3
門火	2
門外	1
門外漢	3
門外不出	1
門鑑	0
門限	3
門戸	1
門戸開放	1
門口	2
門構	3
門構え	3
門札	0
門歯	1
門主	1
門出	0
門松	2
門人	0
門生	0
門跡	0
門前	0
門前雀羅	5
門前町	3
門前払い	5
門地	1
門中	0
門柱	0
門弟	0
門徒	1
門灯	0
門内	1
門閥	0
門番	1
門扉	1
門付	0
門付け	0
門付け歌	4
門付歌	4
門附	0
門附け	0
門並み	0
門脈	0
門葉	0
門涼み	3
門廊	0
匁	3
也	1
冶金	0
冶金学	2
冶工	0
夜	1
夜々	1
夜々中	1
夜ごと	1
夜っぴて	0
夜どおし	0
夜なか	3
夜なべ	0
夜な夜な	0
夜の秋	1
夜の女	1
夜の蝶	1
夜の目	1
夜ふかし	2
夜ふけ	3
夜もすがら	0
夜暗	1
夜闇	1
夜陰	0
夜烏	2
夜雨	1
夜営	0
夜永	1
夜伽	0
夜稼ぎ	2
夜蛾	1
夜会	0
夜会結び	4
夜会服	2
夜回り	2
夜開草	0
夜学	0
夜学校	2
夜寒	0
夜間	1
夜間中学	4
夜間部	2
夜顔	0
夜気	1
夜汽車	1
夜詰め	1
夜宮	1
夜泣き	0
夜驚症	0
夜業	0
夜曲	1
夜勤	0
夜具	1
夜空	1
夜景	0
夜警	0
夜見の国	1
夜見世	0
夜語り	2
夜光	0
夜光雲	2
夜光貝	2
夜光時計	4
夜光虫	0
夜光塗料	4
夜攻め	3
夜更かし	3
夜更け	3
夜更し	2
夜行	0
夜行性	0
夜行列車	4
夜香木	2
夜込み	0
夜叉	1
夜祭	2
夜祭り	2
夜桜	2
夜晒	2
夜仕事	2
夜襲	0
夜商い	2
夜商人	3
夜上がり	2
夜色	0
夜食	0
夜深け	1
夜戦	0
夜船	1
夜前	0
夜想曲	2
夜鷹	1
夜鷹蕎麦	4
夜濯ぎ	2
夜着	1
夜中	3
夜昼	1
夜長	0
夜鳥	0
夜直	0
夜通し	0
夜釣	1
夜釣り	1
夜店	0
夜盗	0
夜盗蛾	2
夜盗虫	2
夜討ち	0
夜逃げ	0
夜働き	2
夜道	1
夜凪	0
夜尿症	0
夜這い	2
夜泊	0
夜泊まり	2
夜泊り	2
夜半	0
夜飯	0
夜番	0
夜風	1
夜分	1
夜糞峰榛	4
夜歩き	2
夜毎	1
夜霧	1
夜明	3
夜明かし	2
夜明け	3
夜明し	2
夜鳴き	0
夜鳴き蕎麦	4
夜盲症	0
夜網	3
夜目	1
夜目遠目	1
夜夜	1
夜夜中	1
夜遊び	2
夜来	0
夜嵐	2
夜立ち	3
夜涼	0
夜露	1
夜露死苦	2
夜郎自大	4
夜話	1
夜咄	2
夜籠み	0
夜籠り	2
爺	1
爺が背	0
爺さん	1
爺むさい	4
爺婆	1
爺穢い	4
耶蘇	1
耶蘇教	0
野	1
野いちご	2
野ぶどう	2
野ろ	1
野育ち	2
野茨	2
野営	0
野猿	0
野牡丹	2
野火	1
野臥	1
野臥せり	2
野臥間	2
野芥子	1
野外	1
野外劇	2
野鴨	0
野萱草	2
野干玉	0
野菊	1
野球	0
野球拳	2
野球場	0
野牛	0
野禽	0
野駒	1
野鶏	0
野犬	0
野犬狩り	0
野原	1
野狐	2
野狐禅	2
野口啄木鳥	3
野合	0
野菜	0
野晒し	2
野山	1
野蚕	0
野史	1
野師	1
野次	1
野次る	2
野次馬	0
野次馬根性	5
野手	1
野趣	1
野獣	0
野獣派	0
野宿	1
野焼き	0
野心	1
野心家	0
野心的	0
野人	0
野垂れ死に	0
野性	0
野性的	0
野積み	0
野戦	0
野戦病院	4
野選	0
野鼠	2
野草	0
野太い	3
野太刀	1
野沢菜	0
野地鼠	3
野中	1
野猪	1
野鳥	0
野壷	1
野締め	0
野天	0
野天風呂	0
野点	3
野点て	0
野兎	2
野兎病	0
野党	1
野盗	0
野道	1
野猫	2
野馬	1
野梅	1
野蛮	0
野蛮人	4
野卑	1
野蒜	0
野葡萄	2
野伏	1
野分	0
野分き	0
野糞	1
野辺	1
野辺送り	3
野暮	1
野暮ったい	4
野暮天	0
野暮用	0
野放し	2
野放図	2
野放途	2
野砲	1
野望	0
野末	0
野面	0
野木瓜	1
野遊	0
野遊び	2
野羊	1
野立て	3
野良	2
野良犬	0
野良仕事	3
野良着	0
野良猫	0
野呂搗布	3
野路	1
野路子	2
野老	1
野郎	2
野壺	1
野巫	1
野罌粟	1
野苺	2
野薊	2
野薔薇	2
野衾	2
野襤褸菊	3
野鄙	1
野鵐	2
野鶲	2
弥	2
弥が上に	2
弥が上にも	5
弥栄	0
弥久	0
弥四	1
弥次	1
弥次る	2
弥次馬	0
弥次馬根性	5
弥次郎兵衛	3
弥生	0
弥生時代	4
弥生尽	3
弥生土器	4
弥増さる	4
弥増す	0
弥陀	0
弥縫	0
弥縫策	2
弥漫	0
弥猛に	1
弥猛心	4
弥立つ	2
弥勒	0
弥勒菩薩	4
矢	1
矢がら	0
矢じり	0
矢っ張り	3
矢の根	1
矢印	2
矢羽	1
矢羽根	1
矢幹	0
矢叫び	2
矢狭間	0
矢玉	0
矢継ぎ早	0
矢継早	0
矢座	0
矢作	0
矢車	2
矢車菊	4
矢車草	0
矢種	2
矢床	0
矢場	0
矢場に	0
矢場女	3
矢尻	0
矢先	0
矢倉	0
矢束	1
矢鱈	0
矢弾	0
矢竹	1
矢虫	1
矢張	2
矢張り	2
矢庭に	0
矢筒	1
矢矧	0
矢筈	0
矢飛白	2
矢文	0
矢柄	0
矢柄責め	0
矢偏	0
矢面	2
矢来	0
矢立て	3
矢絣	2
厄	2
厄よけ	0
厄介	1
厄介者	0
厄介払い	5
厄介物	0
厄災	0
厄除	0
厄除け	0
厄神	0
厄前	3
厄難	0
厄日	2
厄年	2
厄負け	0
厄払い	3
厄落し	3
厄落とし	3
役	2
役する	3
役だつ	3
役員	2
役員報酬	5
役回り	3
役割	3
役割り	3
役割演技	5
役割理論	5
役儀	1
役牛	0
役向き	0
役作り	3
役者	0
役者絵	3
役者子供	4
役所	3
役所仕事	4
役場	3
役職	0
役人	0
役人根性	5
役人風	3
役責	0
役僧	0
役替え	4
役宅	0
役畜	0
役得	0
役不足	3
役付き	0
役夫	1
役柄	0
役満	0
役務	1
役務賠償	4
役名	0
役目	3
役目柄	0
役立たず	3
役立つ	3
役立てる	4
役力士	3
約	1
約する	3
約まる	0
約める	0
約やか	3
約因	2
約音	0
約款	0
約言	0
約手	0
約数	3
約束	0
約束事	0
約束手形	5
約諾	0
約定	0
約定済み	0
約定書	0
約不足	3
約物	0
約分	0
薬	0
薬きょう	0
薬餌	0
薬液	0
薬園	0
薬屋	0
薬価	1
薬禍	1
薬害	0
薬学	0
薬学部	3
薬缶	0
薬缶頭	4
薬局	0
薬局方	4
薬局法	4
薬玉	0
薬九層倍	5
薬研	0
薬効	0
薬剤	0
薬剤師	3
薬殺	0
薬師	1
薬師如来	4
薬指	3
薬事監視員	6
薬事法	0
薬種	0
薬酒	0
薬食い	0
薬疹	0
薬石	0
薬膳	2
薬草	0
薬代	0
薬中	0
薬漬	0
薬漬け	0
薬店	0
薬湯	3
薬毒	0
薬箱	3
薬品	0
薬瓶	3
薬物	2
薬物依存	5
薬物学	4
薬物療法	5
薬舗	1
薬包	0
薬包紙	3
薬方	0
薬味	3
薬味皿	3
薬味酒	3
薬名	0
薬用	0
薬用酒	3
薬用植物	6
薬用石鹸	5
薬浴	0
薬理	1
薬理学	3
薬理作用	4
薬礼	0
薬箋	0
薬籠	0
薬罐	0
薬罐頭	4
薬莢	0
薬鑵頭	4
訳	1
訳あり	0
訳す	2
訳する	3
訳ない	1
訳解	0
訳業	0
訳語	0
訳合い	0
訳載	0
訳詞	0
訳詩	0
訳者	1
訳出	0
訳述	0
訳書	1
訳知り	0
訳注	0
訳読	0
訳文	0
訳柄	0
訳本	0
訳無い	1
訳名	0
訳有り	0
躍り	0
躍り掛かる	5
躍り掛る	5
躍り懸かる	5
躍り込む	4
躍り字	0
躍り出る	4
躍り上がる	5
躍る	0
躍起	0
躍字	0
躍進	0
躍動	0
躍如	1
靖国	0
靖寧	0
柳	0
柳び	1
柳暗花明	5
柳下駄	3
柳科	0
柳江人	3
柳行李	4
柳腰	0
柳条	0
柳刃	3
柳川鍋	5
柳樽	0
柳眉	1
柳葉	3
柳葉魚	0
柳緑花紅	5
薮	0
薮蚊	0
薮柑子	3
薮蛇	0
薮入り	0
鑓	0
愉しい	3
愉しげ	3
愉しみ	3
愉悦	0
愉快	1
愉快犯	2
愉楽	0
愉色	0
愈	2
愈々	2
愈愈	2
油	0
油かす	4
油ぎる	4
油さし	3
油っこい	5
油っ濃い	5
油もの	0
油もれ	0
油圧	0
油圧器	3
油圧計	0
油井	0
油引き	3
油煙	0
油屋	0
油火	3
油絵	3
油絵の具	4
油絵具	4
油蟹	3
油角鮫	4
油汗	4
油気	0
油菊	3
油魚	3
油桐	3
油差し	3
油彩	0
油菜	3
油菜科	0
油剤	0
油鮫	3
油子	3
油紙	3
油脂	1
油脂工業	3
油女	3
油照	0
油照り	0
油症	0
油障子	4
油状	0
油色	0
油性	0
油性塗料	4
油石	3
油蝉	3
油染みる	5
油然	0
油層	0
油槽	0
油槽船	0
油糟	4
油送管	0
油送船	0
油単	0
油団	0
油断	0
油断大敵	0
油注し	3
油虫	3
油壷	3
油点草	0
油田	0
油砥石	4
油桃	3
油粘土	4
油売り	3
油粕	4
油皮	1
油物	0
油分	0
油頁岩	2
油坊主	4
油膜	0
油目	3
油目鑢	5
油薬	4
油揚	3
油揚げ	3
油漏れ	0
油椰子	4
油滓	4
油炒め	4
油烟	0
油蝙蝠	4
油鮠	4
癒える	2
癒し	0
癒す	2
癒やし	0
癒やす	2
癒合	0
癒着	0
諭し	0
諭す	2
諭告	0
諭旨	1
諭旨免職	3
諭示	1
輸液	0
輸血	0
輸出	0
輸出検査	4
輸出港	3
輸出国	3
輸出手形	4
輸出税	3
輸出超過	4
輸出入	3
輸出品	0
輸出保険	4
輸精管	0
輸送	0
輸送機	2
輸送船	0
輸送費	2
輸送量	2
輸送力	2
輸胆管	0
輸入	0
輸入課徴金	0
輸入割り当て制	0
輸入感染症	0
輸入港	2
輸入国	2
輸入手形	4
輸入税	2
輸入超過	4
輸入品	0
輸尿管	0
輸卵管	0
輸贏	1
唯	1
唯々	1
唯々諾々	1
唯一	1
唯一神教	5
唯一無二	1
唯我独尊	1
唯我論	3
唯事	0
唯識	2
唯心	0
唯心的	0
唯心論	3
唯美主義	4
唯物	0
唯物史観	5
唯物的	0
唯物弁証法	0
唯物論	4
唯名論	3
唯唯	1
唯唯諾諾	1
佑ける	3
佑助	1
優	1
優々閑々	0
優しい	0
優しげ	3
優に	1
優る	2
優れて	2
優れる	3
優れ物	0
優渥	0
優位	1
優越	0
優越感	4
優艶	0
優雅	1
優角	1
優遇	0
優形	0
優弧	0
優姿	3
優者	1
優秀	0
優柔	0
優柔不断	0
優駿	0
優勝	0
優勝旗	3
優勝者	3
優勝戦	0
優勝争い	5
優勝杯	3
優勝劣敗	0
優勢	0
優勢勝ち	0
優性	0
優生	0
優生学	3
優生手術	5
優生保護法	6
優先	0
優先株	3
優先権	3
優先的	0
優待	0
優待券	3
優退	0
優男	3
優長	1
優等	0
優等生	3
優曇華	0
優婆夷	2
優婆塞	2
優美	1
優優閑閑	0
優良	0
優良株	3
優良児	3
優劣	1
優婉	0
優諚	0
勇	1
勇ましい	4
勇み足	3
勇み肌	3
勇み立つ	4
勇む	2
勇往	0
勇往邁進	0
勇敢	0
勇気	1
勇気づける	5
勇気付ける	5
勇侠	0
勇決	0
勇健	0
勇士	1
勇姿	1
勇者	1
勇将	0
勇進	0
勇戦	0
勇壮	0
勇退	0
勇断	0
勇夫	1
勇婦	1
勇武	1
勇名	0
勇猛	0
勇猛心	3
勇躍	0
勇力	0
勇烈	0
勇邁	0
友	1
友だち	0
友愛	0
友引	0
友垣	2
友誼	1
友軍	0
友交	0
友好	0
友好国	3
友情	0
友人	0
友成	2
友千鳥	3
友船	0
友禅	1
友禅染	0
友禅染め	0
友達	0
友釣	0
友釣り	0
友党	0
友朋	0
友邦	0
宥めすかす	5
宥める	3
宥め賺す	5
宥恕	1
宥和	0
宥和政策	4
幽々	3
幽か	1
幽し	3
幽す	1
幽暗	0
幽闇	0
幽欝	0
幽艶	0
幽遠	0
幽雅	1
幽回忌	3
幽界	0
幽閑	0
幽鬼	1
幽客	0
幽居	1
幽境	0
幽玄	0
幽香	0
幽魂	0
幽思	1
幽室	0
幽寂	0
幽趣	1
幽囚	0
幽愁	0
幽世	3
幽棲	0
幽栖	0
幽静	0
幽谷	0
幽鳥	1
幽微	1
幽閉	0
幽冥	0
幽冥界	3
幽明	0
幽門	0
幽門狭窄	5
幽幽	0
幽林	0
幽霊	1
幽霊烏賊	3
幽霊会社	5
幽霊株	3
幽霊人口	5
幽霊船	0
幽霊蜘蛛	5
幽婉	0
幽鬱	0
幽邃	0
幽篁	0
悠々	3
悠々緩々	0
悠々閑々	3
悠々自適	0
悠遠	0
悠久	0
悠然	0
悠長	1
悠悠	0
悠悠緩緩	0
悠悠閑閑	0
悠悠自適	0
悠揚	0
憂い	2
憂い顔	0
憂い事	0
憂うつ	0
憂える	3
憂き身	1
憂き世	2
憂き名	0
憂き目	0
憂さ	1
憂さばらし	3
憂さ晴らし	3
憂欝	0
憂欝症	4
憂患	0
憂苦	1
憂虞	1
憂国	0
憂思	1
憂事	0
憂愁	0
憂色	0
憂心	0
憂世	0
憂晴し	3
憂戚	0
憂憤	0
憂目	0
憂悶	0
憂慮	1
憂懼	1
憂鬱	0
憂鬱質	4
有	1
有する	3
有らしめる	4
有らずもがな	4
有らん限り	4
有り	1
有りあわせ	0
有りうる	3
有りがち	0
有りげ	3
有りったけ	0
有りっ丈	0
有りつく	3
有りとあらゆる	1
有りと有らゆる	1
有りのまま	5
有りの実	0
有りの儘	0
有り気	3
有り金	0
有り高	2
有り合う	0
有り合す	4
有り合せ	0
有り合せる	5
有り合わす	4
有り合わせ	0
有り合わせる	5
有り勝ち	0
有り丈	0
有り触れる	0
有り切れ	0
有り体	0
有り得べからざる	7
有り得べき	4
有り得る	3
有り難い	4
有り難う	2
有り難み	0
有り難味	0
有り難迷惑	5
有り難涙	5
有り付く	0
有り布	0
有り無し	1
有り明け	0
有り余る	4
有り様	0
有る	1
有るか無きか	1
有るまじき	3
有る限り	1
有る時払い	5
有る無し	1
有意	1
有意義	3
有意差	3
有為	2
有為転変	1
有益	0
有煙炭	0
有縁	0
有価	1
有価証券	4
有価物	3
有夏	1
有界	0
有害	0
有蓋	0
有蓋貨車	5
有感地震	5
有閑	0
有閑マダム	5
有閑階級	5
有期	1
有期刑	3
有期年金	4
有機	1
有機塩素化合物	8
有機化学	4
有機化合物	5
有機栽培	4
有機酸	3
有機質肥料	6
有機水銀	4
有機水銀中毒	8
有機体	0
有機的	0
有機農業	4
有機農法	4
有機肥料	4
有機物	3
有機溶剤	4
有気音	3
有休	0
有給	0
有給休暇	5
有櫛動物	5
有卦	2
有形	0
有形固定資産	8
有形文化財	7
有形無形	0
有権解釈	5
有権者	3
有言実行	0
有限	0
有限花序	5
有限会社	5
有限級数	5
有限集合	5
有限責任	5
有限体	0
有功	0
有効	0
有効期間	6
有効需要	5
有効数字	5
有孔虫	3
有彩色	3
有罪	0
有産	0
有産階級	5
有酸素運動	6
有刺鉄線	4
有司	1
有史	1
有史以前	4
有史以来	4
有志	1
有糸分裂	4
有視界飛行	6
有事	1
有事立法	4
有識	0
有識者	4
有終	0
有終の美	6
有衆	0
有償	0
有償契約	5
有象無象	4
有情	0
有職	0
有職故実	5
有色	0
有色鉱物	5
有色人種	5
有色体	0
有色野菜	5
有触れる	5
有心	0
有神論	3
有人	0
有数	0
有性	0
有性生殖	5
有生	0
有精卵	3
有声	0
有声音	3
有税	0
有線	1
有線テレビ	5
有線通信	5
有線電信	5
有線放送	5
有体	0
有体物	3
有袋類	3
有段者	3
有畜農業	5
有頂天	2
有頂天外	4
有頂点	2
有爪動物	5
有蹄類	3
有田焼	0
有田焼き	0
有道	0
有徳	1
有毒	0
有毒菌	4
有難い	4
有難う	2
有難み	0
有難味	0
有難迷惑	5
有念	0
有能	0
有肺類	3
有配	0
有髪	0
有尾類	3
有夫	1
有文	0
有平糖	0
有望	0
有無	1
有名	0
有名人	3
有名税	3
有名無実	5
有明	0
有耶無耶	0
有余	1
有余る	4
有様	2
有用	0
有要	0
有翼	0
有利	1
有利化	0
有理	1
有理化	0
有理式	3
有理数	3
有料	0
有料道路	5
有力	0
有力紙	4
有力視	4
有力者	3
有鱗類	3
有翅類	3
有鉤条虫	5
有鬚動物	4
柚	1
柚香菊	3
柚子	1
柚子湯	2
柚子坊	2
柚坊	2
柚味噌	2
柚餅子	1
湧き	0
湧き起こる	4
湧き起る	4
湧き出す	3
湧き出る	3
湧き上がる	4
湧き上る	4
湧き水	0
湧き立つ	3
湧く	0
湧出	0
湧水	0
湧泉	0
涌き	0
涌き起こる	4
涌き起る	4
涌き出す	3
涌き出る	3
涌き上る	4
涌き水	0
涌き立つ	3
涌く	0
涌出	0
涌泉	0
猶	1
猶の事	0
猶更	0
猶子	1
猶予	1
猶予う	1
猶予期間	5
由	1
由って来る	5
由る	0
由縁	0
由緒	1
由由しい	3
由婁漫	1
祐筆	1
裕福	1
誘い	0
誘いかける	5
誘い掛ける	5
誘い合う	4
誘い込む	4
誘い出す	4
誘い水	3
誘う	0
誘き寄せる	5
誘き出す	4
誘き入れる	5
誘因	0
誘引	0
誘蛾灯	0
誘拐	0
誘拐罪	3
誘拐犯	3
誘起	1
誘客	0
誘殺	0
誘致	1
誘電加熱	5
誘電体	0
誘電率	3
誘導	0
誘導コイル	5
誘導加熱	5
誘導子	3
誘導尋問	5
誘導体	0
誘導単位	5
誘導弾	3
誘導電動機	7
誘導電流	5
誘導路	3
誘爆	0
誘発	0
誘惑	0
遊ばす	0
遊ばせる	0
遊ばせ言葉	5
遊び	0
遊び回る	5
遊び戯れる	7
遊び言葉	4
遊び好き	0
遊び紙	3
遊び事	0
遊び時間	4
遊び車	4
遊び女	0
遊び場	0
遊び心	4
遊び人	0
遊び相手	4
遊び着	3
遊び道具	4
遊び半分	4
遊び歩く	5
遊び暮す	5
遊び暮らす	5
遊び呆ける	6
遊び友達	4
遊ぶ	0
遊む	0
遊泳	0
遊泳生物	5
遊泳動物	5
遊園	0
遊園地	3
遊廓	0
遊郭	0
遊学	0
遊楽	0
遊戯	1
遊戯場	0
遊戯的	0
遊戯療法	4
遊技	1
遊技場	0
遊客	0
遊休	0
遊休地	3
遊侠	0
遊興	0
遊興税	3
遊金	0
遊吟	0
遊具	1
遊君	1
遊軍	0
遊芸	0
遊撃	0
遊撃手	4
遊撃戦	0
遊撃隊	0
遊行	0
遊山	0
遊山所	4
遊山船	4
遊子	1
遊資	1
遊失	0
遊女	1
遊女屋	0
遊女歌舞伎	4
遊食	0
遊水地	3
遊星	0
遊星歯車装置	9
遊説	0
遊走細胞	5
遊走子	3
遊惰	1
遊着	3
遊底	0
遊蕩	0
遊蕩児	3
遊動円木	5
遊歩	1
遊歩道	3
遊牧	0
遊牧民	4
遊民	0
遊牝む	2
遊冶郎	3
遊覧	0
遊覧客	3
遊覧船	0
遊覧飛行	5
遊里	1
遊里語	0
遊離	1
遊離基	3
遊猟	0
遊歴	0
遊弋	0
邑	1
邑落	0
郵券	0
郵政	0
郵政省	3
郵政大臣	5
郵税	0
郵船	0
郵送	0
郵袋	0
郵貯	1
郵便	0
郵便はがき	5
郵便ポスト	5
郵便局	3
郵便私書箱	6
郵便受	3
郵便受け	3
郵便集配人	0
郵便書簡	5
郵便振替	5
郵便切手	5
郵便貯金	5
郵便年金	5
郵便配達	5
郵便箱	3
郵便番号	5
郵便物	3
郵便葉書	5
郵便料金	5
雄	2
雄々しい	3
雄しべ	1
雄たけび	0
雄ねじ	0
雄偉	1
雄黄	0
雄花	1
雄牛	0
雄叫び	2
雄鶏	0
雄姿	1
雄志	1
雄鹿	1
雄蕊	1
雄松	1
雄心	0
雄親	0
雄図	1
雄雛	1
雄性	0
雄性ホルモン	5
雄壮	0
雄大	0
雄滝	1
雄断	0
雄町	1
雄鳥	0
雄途	1
雄日芝	2
雄捻子	0
雄之万年草	5
雄馬	0
雄藩	1
雄飛	1
雄蛭木	2
雄武	1
雄風	0
雄篇	0
雄編	0
雄弁	0
雄弁家	0
雄峰	0
雄蜂	1
雄木	1
雄雄しい	3
雄螺子	0
雄螺旋	0
雄勁	0
雄渾	0
雄蘂	1
雄蕋	1
融かす	2
融く	1
融ける	2
融け合う	3
融け込む	0
融解	0
融解点	3
融解熱	3
融合	0
融剤	0
融資	1
融資額	3
融接	0
融雪	0
融通	0
融通手形	5
融通性	0
融通無碍	5
融通無礙	5
融点	1
融氷	0
融和	0
夕	0
夕がた	0
夕ご飯	3
夕べ	3
夕まぐれ	3
夕闇	0
夕雲	0
夕映え	0
夕化粧	3
夕霞	3
夕刊	0
夕間暮れ	3
夕顔	0
夕空	0
夕景	0
夕景色	3
夕月	0
夕月夜	4
夕御飯	3
夕刻	0
夕座	0
夕汐	0
夕焼	0
夕焼け	0
夕食	0
夕菅	0
夕晴れ	0
夕潮	0
夕凪	0
夕日	0
夕飯	0
夕風	0
夕暮	0
夕暮れ	0
夕方	0
夕霧	1
夕明り	3
夕陽	1
夕立	0
夕立ち	0
夕涼	3
夕涼み	3
夕冷え	0
夕凉	3
夕暉	1
夕靄	0
夕餉	0
予	1
予々	2
予て	1
予め	0
予圧	0
予価	1
予科	1
予覚	0
予感	0
予期	1
予研	0
予見	0
予言	0
予言者	2
予後	1
予行	0
予行演習	4
予告	0
予告篇	0
予告編	0
予察	0
予参	0
予算	0
予算案	2
予算委員会	5
予算措置	4
予算編成	4
予示	1
予習	0
予祝	0
予審	0
予診	0
予選	0
予選会	2
予想	0
予想屋	0
予想外	2
予測	0
予断	0
予知	1
予兆	0
予定	0
予定説	2
予定調和	4
予定日	2
予定納税	4
予定表	0
予熱	0
予納	0
予備	1
予備金	2
予備軍	2
予備交渉	3
予備校	0
予備試験	4
予備選挙	3
予備隊	0
予備知識	3
予備調査	3
予備的	0
予備費	2
予備役	2
予報	0
予謀	0
予防	0
予防医学	4
予防策	2
予防接種	4
予防戦争	4
予防線	0
予防注射	4
予防法	0
予約	0
予約金	0
予約済み	0
予約出版	4
予予	2
予令	0
予鈴	0
予餞会	2
予饌会	2
余	1
余す	2
余っ程	4
余の儀	1
余り物	0
余る	2
余韻	0
余韻嫋々	0
余韻嫋嫋	0
余栄	0
余炎	0
余煙	0
余暇	1
余角	0
余割	0
余寒	0
余儀	1
余儀ない	3
余儀なく	1
余儀無い	1
余儀無く	1
余技	1
余興	0
余響	0
余業	0
余薫	0
余慶	0
余計	0
余計者	0
余弦	0
余光	0
余香	0
余罪	0
余財	0
余事	1
余習	0
余臭	0
余集合	2
余所	2
余所見	2
余所行き	0
余所事	0
余所者	0
余所乍ら	3
余所聞き	0
余所目	0
余所余所しい	5
余剰	0
余情	0
余色	0
余震	0
余人	0
余塵	0
余水路	2
余勢	0
余生	1
余切	0
余接	0
余沢	0
余談	0
余地	1
余程	0
余滴	0
余党	0
余得	0
余徳	0
余日	0
余熱	0
余年	0
余念	0
余波	1
余輩	0
余白	0
余病	0
余風	0
余分	0
余憤	0
余聞	0
余弊	0
余芳	0
余命	0
余裕	0
余裕しゃくしゃく	0
余裕綽々	0
余裕綽綽	0
余力	0
余類	0
余齢	0
余烈	0
余禄	0
余録	0
余喘	0
余殃	0
余瀝	0
余燼	0
余蘊	0
与え	0
与える	0
与しやすい	5
与し易い	5
与する	3
与り知る	0
与る	3
与圧	0
与格	0
与件	1
与国	1
与信	0
与太	1
与太る	2
与太者	0
与太郎	0
与太話	3
与奪	0
与点	0
与党	1
与野党	2
与力	1
誉めそやす	4
誉めちぎる	4
誉める	2
誉め言葉	3
誉め殺し	0
誉め称える	5
誉れ	0
誉望	0
輿	1
輿地	1
輿丁	1
輿入れ	0
輿望	0
輿論	1
輿論調査	4
預かり	0
預かり金	0
預かり所	0
預かり証	0
預かり人	0
預かり物	0
預かる	3
預け	3
預ける	3
預け主	3
預け入れ	0
預け入れる	5
預け物	0
預り	0
預り金	0
預金	0
預金口座	4
預金者	2
預金準備率	6
預金通帳	4
預金保険	4
預血	0
預言	0
預言者	2
預参	0
預貸率	2
預託	0
預託証券	4
預貯金	2
預入	0
預入れ	0
傭	2
傭い	2
傭う	2
傭人	0
傭船	0
傭兵	0
傭聘	0
幼い	3
幼なじみ	4
幼びる	4
幼芽	1
幼顔	3
幼気	0
幼気ない	5
幼気盛り	5
幼魚	1
幼君	1
幼妻	4
幼子	3
幼児	1
幼児期	3
幼児虐待	1
幼児教育	4
幼児語	0
幼時	1
幼若	0
幼若ホルモン	5
幼弱	0
幼女	1
幼少	0
幼心	4
幼生	0
幼生器官	6
幼生生殖	5
幼稚	0
幼稚園	3
幼虫	0
幼帝	0
幼童	0
幼馴染	4
幼馴染み	4
幼年	0
幼年期	3
幼名	0
幼友達	4
幼齢	0
妖しい	0
妖異	1
妖雲	0
妖艶	0
妖花	1
妖怪	0
妖怪変化	5
妖気	1
妖言	0
妖狐	1
妖術	1
妖女	1
妖精	0
妖婆	1
妖婦	1
妖魔	1
妖力	1
容	0
容ぼう	0
容れる	0
容れ物	0
容易	0
容易い	3
容顔	0
容器	1
容儀	1
容疑	1
容疑者	3
容共	0
容作る	5
容姿	1
容子	0
容赦	1
容色	0
容積	1
容積率	4
容体	0
容体振る	5
容態	0
容認	0
容物	0
容貌	0
容貌魁偉	5
容量	3
容量分析	5
容喙	0
容躰	0
容體	0
庸	1
庸愚	1
庸君	1
庸才	0
庸人	0
揚々	0
揚がる	0
揚げ	0
揚げもの	0
揚げる	0
揚げ雲雀	3
揚げ玉	0
揚げ句	0
揚げ戸	2
揚げ斎	2
揚げ出し	0
揚げ出し豆腐	5
揚げ床	0
揚げ場	0
揚げ足	0
揚げ足取り	4
揚げ代	0
揚げ超	0
揚げ底	0
揚げ豆腐	3
揚げ鍋	0
揚げ板	0
揚げ浜	0
揚げ物	0
揚げ幕	0
揚げ油	3
揚げ滓	0
揚げ麩	0
揚羽	0
揚羽蝶	0
揚屋	0
揚音	1
揚巻	2
揚句	0
揚言	0
揚戸	2
揚抗比	3
揚出し	0
揚出し豆腐	5
揚床	0
揚水	0
揚足	0
揚足取り	4
揚代	0
揚底	0
揚程	0
揚鍋	0
揚浜	0
揚幕	0
揚揚	0
揚陸	0
揚陸艦	0
揚力	1
揺	0
揺さぶり	0
揺さぶる	0
揺さ振る	0
揺す	1
揺すぶる	0
揺すり蚊	3
揺すり起こす	5
揺する	0
揺すれる	0
揺す振る	0
揺らぎ	0
揺らぐ	0
揺らす	0
揺らめき	0
揺らめく	3
揺ら揺ら	1
揺り	0
揺りかご	0
揺り蚊	3
揺り起こす	4
揺り動かす	5
揺り動く	4
揺り返し	0
揺り返す	3
揺り戻し	0
揺り落とす	4
揺り篭	0
揺り籠	0
揺る	0
揺るがす	3
揺るぎ	0
揺るぎない	4
揺るぎ無い	4
揺るぐ	2
揺れ	0
揺れる	0
揺れ動く	4
揺曳	0
揺蚊	3
揺藻	0
揺蕩	0
揺蕩う	3
揺動	0
揺変性	0
揺篭	0
揺籠	0
揺籃	0
揺籃期	3
擁する	3
擁護	1
擁壁	0
擁立	0
曜日	0
曜霊	0
楊	0
楊弓	0
楊弓場	0
楊弓店	3
楊子	0
楊子魚	3
楊枝	0
楊梅瘡	3
楊柳	3
様	2
様々	2
様に	1
様子	0
様式	0
様式化	0
様相	0
様相論理学	7
様体	0
様態	0
様変わり	3
様様	2
洋	0
洋々	0
洋なし	0
洋もく	0
洋医	1
洋菓子	3
洋画	0
洋芥子	3
洋学	0
洋学校	3
洋楽	0
洋間	0
洋館	0
洋弓	0
洋琴	0
洋銀	0
洋形	0
洋剣	0
洋犬	0
洋語	0
洋紅	0
洋行	0
洋裁	0
洋傘	3
洋紙	0
洋字	0
洋式	0
洋室	0
洋車	1
洋種	0
洋種山牛蒡	6
洋酒	0
洋書	0
洋妾	0
洋上	0
洋食	0
洋装	0
洋装本	0
洋綴じ	0
洋刀	0
洋灯	0
洋白	0
洋髪	0
洋皮紙	3
洋品	0
洋品店	3
洋舞	1
洋風	0
洋服	0
洋服だんす	5
洋服屋	0
洋服掛け	4
洋服箪笥	5
洋物	0
洋文	0
洋本	0
洋洋	0
洋蘭	0
洋梨	0
溶かす	2
溶きがらし	3
溶きほぐす	4
溶き卵	3
溶く	1
溶けこむ	0
溶ける	2
溶け合う	3
溶け込む	0
溶液	1
溶化	0
溶解	0
溶解度	3
溶解熱	3
溶解炉	3
溶岩	1
溶岩トンネル	5
溶岩ドーム	5
溶岩円頂丘	7
溶岩尖塔	5
溶岩台地	5
溶岩流	3
溶菌	0
溶血	0
溶血性貧血	0
溶血性連鎖球菌	10
溶原菌	0
溶鉱炉	3
溶合う	3
溶込む	0
溶剤	0
溶質	0
溶出	0
溶食	0
溶蝕	0
溶接	0
溶銑	0
溶存酸素	5
溶損	0
溶着	0
溶媒	0
溶発	0
溶融	0
溶溶	0
溶連菌	0
溶滓	0
熔解	0
熔岩	1
熔鉱炉	3
熔接	0
熔銑	0
熔着	0
熔融	0
用	1
用いる	3
用たし	3
用なし	0
用意	1
用意どん	1
用意周到	1
用益	0
用益権	4
用益物権	5
用器	1
用器画	3
用金	0
用具	1
用具教科	4
用件	3
用言	1
用後	0
用語	0
用向き	0
用済み	0
用材	0
用紙	0
用事	0
用字	0
用捨	1
用心	1
用心深い	6
用心棒	3
用人	1
用水	0
用水池	3
用水堀	0
用水路	3
用船	0
用足	3
用足し	3
用達	3
用達し	3
用箪笥	3
用談	0
用地	1
用途	1
用度	1
用筆	0
用品	0
用不用説	1
用兵	0
用便	3
用法	0
用務	1
用務員	3
用無し	0
用命	0
用木	0
用役	0
用立てる	4
用量	3
用例	0
用箋	0
窯	0
窯印	3
窯業	1
窯元	0
窯出し	0
窯場	0
窯変	0
羊	0
羊雲	4
羊群	0
羊飼い	3
羊歯	1
羊歯植物	4
羊水	0
羊水検査	5
羊栖菜	1
羊腸	0
羊蹄	1
羊頭狗肉	5
羊肉	0
羊背岩	3
羊皮	0
羊皮紙	3
羊偏	0
羊膜	1
羊膜類	4
羊毛	0
羊毛猿	5
羊羹	1
羊羹色	0
耀う	3
耀かしい	5
耀き	0
耀く	3
葉	0
葉かげ	0
葉っぱ	0
葉ろう石	3
葉陰	0
葉隠れ	2
葉洩れ日	3
葉洩日	3
葉煙草	2
葉牡丹	2
葉音	0
葉芽	2
葉巻	0
葉巻きタバコ	4
葉巻タバコ	4
葉形	0
葉鶏頭	2
葉月	1
葉虎魚	3
葉菜類	3
葉桜	2
葉酸	0
葉書	0
葉序	1
葉状	0
葉状茎	3
葉状植物	6
葉状体	0
葉身	0
葉茶	0
葉虫	0
葉肉	0
葉風	0
葉物	0
葉柄	0
葉壁蝨	0
葉蜂	0
葉末	0
葉脈	0
葉蘭	0
葉理	1
葉裏	0
葉緑素	3
葉緑体	0
葉蝋石	3
葉腋	0
要	0
要す	1
要する	3
要するに	3
要は	1
要らん	0
要り	0
要りよう	0
要り用	0
要る	0
要員	0
要因	0
要解	0
要害	0
要害堅固	5
要義	1
要求	0
要具	1
要撃	0
要訣	0
要件	3
要港	0
要綱	0
要項	0
要塞	0
要塞都市	5
要旨	1
要式	0
要所	0
要所要所	4
要償	0
要衝	0
要職	0
要人	0
要図	1
要請	0
要石	3
要説	0
要素	1
要素価格	4
要素費用	4
要談	0
要地	1
要注意	3
要諦	0
要点	3
要否	1
要望	0
要務	1
要目	0
要約	0
要約者	4
要用	0
要覧	0
要略	0
要領	3
要路	1
要黐	3
謡	0
謡い	0
謡い物	0
謡う	0
謡曲	0
謡物	0
踊らす	0
踊らせる	5
踊り	0
踊り屋台	4
踊り狂う	5
踊り子	0
踊り子草	0
踊り字	0
踊り手	0
踊り出す	4
踊り上がる	5
踊り場	0
踊り食い	0
踊り念仏	4
踊る	0
踊子	0
踊子草	0
踊字	0
踊手	0
踊念仏	4
踊躍	0
遥々	3
遥か	1
遥遠	0
遥拝	0
遥遥	3
陽	1
陽だまり	0
陽に	1
陽イオン	3
陽炎	0
陽画	0
陽気	0
陽極	0
陽極線	0
陽光	0
陽刻	0
陽子	1
陽射	0
陽射し	0
陽春	0
陽焼け	0
陽性	0
陽性反応	5
陽旋法	3
陽転	0
陽電気	3
陽電子	3
陽当たり	0
陽当り	0
陽動	0
陽動作戦	5
陽物	0
陽報	0
陽明学	3
陽溜まり	0
陽溜り	0
陽暦	0
養い	0
養い子	3
養い親	0
養う	3
養育	0
養鰻	0
養家	0
養魚	1
養魚場	0
養鶏	0
養鶏場	0
養護	1
養護学級	4
養護学校	4
養護教諭	4
養護施設	4
養鯉	1
養蚕	0
養蚕業	3
養嗣子	3
養子	0
養子縁組	0
養子縁組み	4
養子論	3
養女	1
養殖	0
養殖場	0
養殖真珠	5
養親	0
養成	0
養成校	0
養成所	0
養生	3
養豚	0
養浜	0
養父	1
養父母	3
養分	1
養母	1
養蜂	0
養毛剤	3
養老	0
養老院	3
養老年金	5
養老保険	5
慾	2
慾望	0
抑	1
抑々	1
抑うつ	0
抑え	3
抑える	3
抑え込み	0
抑え込む	4
抑え付ける	5
抑圧	0
抑止	1
抑止力	3
抑制	0
抑草	1
抑揚	0
抑抑	1
抑留	0
抑鬱	0
抑鬱症	0
欲	2
欲しい	2
欲しがる	3
欲する	0
欲ばり	3
欲界	0
欲気	0
欲求	0
欲求不満	0
欲情	0
欲心	0
欲深	0
欲深い	4
欲張り	3
欲張る	3
欲得	0
欲得ずく	0
欲得尽	0
欲得尽く	0
欲念	0
欲望	0
欲目	3
沃化	0
沃化カリウム	5
沃化銀	3
沃化水素	4
沃化物	3
沃素	1
沃素一三一	1
沃素一二五	1
沃素価	3
沃素澱粉反応	8
沃地	1
沃田	0
沃度	1
沃土	1
沃野	1
浴す	2
浴する	3
浴びせかける	5
浴びせる	0
浴びせ掛ける	5
浴びせ倒し	0
浴びる	0
浴衣	0
浴衣掛け	0
浴衣地	0
浴客	0
浴後	0
浴室	0
浴場	0
浴槽	0
浴殿	0
浴用	0
翌	0
翌々	0
翌々月	0
翌々日	0
翌々年	0
翌る	0
翌月	0
翌週	0
翌春	0
翌朝	0
翌日	0
翌年	0
翌晩	0
翌桧	0
翌翌	0
翌翌月	0
翌翌日	0
翌翌年	0
翌檜	0
翼	0
翼々	0
翼下	1
翼果	1
翼鏡	0
翼賛	0
翼手類	3
翼宿	3
翼状	0
翼長	0
翼棟	0
翼翼	0
翼竜	0
翼廊	0
淀	1
淀み	0
淀む	2
羅	0
羅宇	2
羅漢	1
羅漢回し	4
羅漢柏	0
羅漢槙	2
羅紗	1
羅紗紙	0
羅紗綿	0
羅針	0
羅針儀	2
羅針盤	0
羅針盤座	4
羅利粉灰	3
羅列	0
羅刹	1
羅鱶	0
螺	1
螺子	1
螺子ポンプ	3
螺子回し	3
螺子山	0
螺子切り	0
螺子釘	2
螺旋	0
螺旋階段	4
螺線	0
螺線面	2
螺鈿	0
裸	0
裸ん坊	0
裸一貫	6
裸鰯	4
裸火	3
裸花	1
裸眼	0
裸眼視力	4
裸形	0
裸祭	4
裸祭り	4
裸参り	4
裸子植物	4
裸蛇	4
裸出	0
裸女	1
裸身	0
裸線	0
裸像	0
裸足	0
裸体	0
裸体画	0
裸虫	3
裸電球	4
裸馬	3
裸麦	4
裸婦	1
裸木	3
裸葉	0
裸蝋燭	4
来	1
来かかる	3
来がけ	0
来しな	0
来し方	1
来す	2
来たす	2
来たる	2
来たるべき	4
来る	1
来るべき	4
来る日	1
来る年	1
来意	1
来院	0
来謁	0
来園	0
来援	0
来演	0
来夏	1
来賀	1
来駕	1
来会	0
来学期	3
来掛かる	3
来掛け	0
来簡	0
来翰	0
来観	0
来観者	3
来館	0
来期	1
来季	1
来客	0
来京	0
来局	0
来迎	0
来迎柱	5
来迎和讃	5
来月	1
来県	0
来光	0
来攻	0
来校	0
来航	0
来行	0
来貢	0
来降	0
来合わせる	4
来阪	0
来札	0
来旨	1
来社	0
来者	1
来車	0
来手	2
来秋	0
来襲	0
来週	0
来集	0
来春	0
来所	1
来書	1
来城	0
来場	0
来状	0
来信	0
来診	0
来世	1
来征	0
来孫	0
来宅	0
来談	0
来着	0
来庁	0
来朝	0
来聴	0
来邸	0
来店	0
来電	0
来冬	0
来島	0
来日	0
来任	0
来年	0
来年度	3
来泊	0
来賓	0
来付け	0
来付ける	3
来復	0
来方	3
来訪	0
来訪神	3
来命	0
来由	0
来遊	0
来臨	0
来歴	0
来路	1
来話	0
頼うだ人	2
頼み	3
頼みがい	0
頼みの綱	1
頼み甲斐	0
頼み込む	4
頼み少ない	6
頼み入る	4
頼む	2
頼もう	3
頼もしい	4
頼り	1
頼りない	4
頼り甲斐	0
頼り無い	4
頼る	2
頼信紙	3
頼母子	0
頼母子講	0
雷	3
雷雨	1
雷雲	0
雷火	1
雷管	0
雷丸	0
雷魚	1
雷撃	0
雷鈷	1
雷光	0
雷公	3
雷獣	0
雷除け	0
雷神	0
雷親父	5
雷声	0
雷族	4
雷鳥	0
雷電	0
雷同	0
雷発	0
雷名	0
雷鳴	0
雷竜	0
雷汞	0
雷霆	0
洛外	2
洛学	2
洛叉	1
洛中	0
洛中尽くし	5
洛中払い	5
洛内	2
洛南	0
絡げる	3
絡ます	3
絡ませる	4
絡まり	4
絡まる	3
絡み	3
絡みつく	4
絡み合う	4
絡み付く	4
絡む	2
絡める	3
絡繰	0
絡繰り	0
絡繰り人形	5
絡糸嬢	3
絡新婦	4
絡繹	0
落し	3
落し胤	4
落し蓋	3
落し掛け	0
落し穴	3
落し懸け	0
落し子	3
落し紙	3
落し主	3
落し所	0
落し前	0
落し入れる	5
落し物	0
落し文	3
落す	2
落ち	2
落ちこぼれ	0
落ちこぼれる	5
落ちつく	0
落ちぶれる	0
落ちる	2
落ち鮎	3
落ち鰻	3
落ち延びる	0
落ち魚	2
落ち窪む	4
落ち研	0
落ち口	2
落ち行く	3
落ち合う	3
落ち込み	0
落ち込む	0
落ち札	2
落ち着き	0
落ち着き払う	6
落ち着く	0
落ち着ける	0
落ち度	1
落ち入る	3
落ち付き	0
落ち付く	0
落ち付ける	0
落ち武者	0
落ち穂	1
落ち穂拾い	4
落ち目	3
落ち葉	1
落ち葉色	0
落ち葉焚き	0
落ち落ち	1
落ち零れ	0
落ち零れる	5
落つ	0
落とし	3
落とし蓋	3
落とし掛け	0
落とし穴	3
落とし懸け	0
落とし主	3
落とし所	0
落とし前	0
落とし入れる	5
落とし物	0
落とし話	4
落とす	2
落る	2
落鮎	0
落胤	0
落羽松	3
落鰻	3
落延びる	0
落下	0
落下傘	3
落下傘部隊	6
落花	1
落花生	3
落花生油	4
落花流水	1
落花狼藉	1
落款	0
落雁	2
落球	0
落橋	0
落慶	0
落月	0
落研	0
落伍	0
落語	0
落語家	0
落合う	3
落込み	0
落込む	0
落差	1
落沙	1
落札	0
落字	0
落車	1
落手	1
落首	0
落書	0
落書き	0
落掌	0
落照	0
落城	0
落飾	0
落人	2
落勢	0
落成	0
落成式	3
落石	0
落籍	0
落籍す	0
落雪	0
落選	0
落想	0
落堕	0
落体	0
落帯	0
落第	0
落第生	3
落第点	3
落脱	0
落胆	0
落着	0
落着き	0
落着く	0
落着ける	0
落丁	0
落潮	0
落度	1
落日	0
落馬	0
落梅	0
落剥	0
落莫	0
落髪	0
落盤	0
落磐	0
落筆	0
落付き	0
落付く	0
落付ける	0
落穂拾い	4
落命	0
落綿	0
落葉	1
落葉剤	3
落葉樹	3
落葉松	2
落葉焚き	0
落陽	0
落雷	0
落涙	0
落魄	0
落魄れる	0
酪酸	0
酪素	1
酪農	0
酪漿	0
乱	1
乱す	2
乱り	1
乱れ	3
乱れる	3
乱れ箱	3
乱れ髪	3
乱れ飛ぶ	0
乱雲	0
乱開発	3
乱獲	0
乱気流	3
乱菊	1
乱逆	0
乱掘	0
乱軍	0
乱撃	0
乱交	0
乱杭	0
乱杭歯	3
乱行	0
乱高下	3
乱婚	0
乱作	0
乱雑	0
乱視	0
乱射	0
乱取	0
乱取り	0
乱酒	1
乱心	0
乱臣	0
乱臣賊子	5
乱診乱療	0
乱吹	1
乱吹く	2
乱酔	0
乱数	3
乱数表	0
乱世	1
乱切り	0
乱戦	0
乱層雲	3
乱造	0
乱打	1
乱痴気騒ぎ	5
乱丁	0
乱調	0
乱調子	3
乱泥流	3
乱塔場	0
乱闘	0
乱読	0
乱入	0
乱売	0
乱箱	3
乱発	0
乱髪	0
乱伐	0
乱反射	3
乱費	0
乱筆	0
乱舞	1
乱文	0
乱捕	0
乱捕り	0
乱暴	0
乱暴者	0
乱暴狼藉	0
乱麻	1
乱脈	0
乱用	0
乱離	1
乱離骨灰	3
乱立	0
乱流	0
乱倫	0
乱杙	0
乱鬢	0
卵	2
卵とじ	3
卵円窓	3
卵黄	0
卵黄嚢	3
卵塊	0
卵殻	0
卵割	0
卵割り	0
卵割腔	0
卵管	0
卵管炎	3
卵管妊娠	5
卵型	0
卵形	0
卵形嚢	3
卵細胞	3
卵子	1
卵酒	3
卵焼	0
卵焼き	0
卵色	0
卵生	0
卵巣	0
卵巣炎	3
卵胎生	3
卵綴	3
卵綴じ	3
卵天狗茸	6
卵塔	0
卵塔場	0
卵嚢	0
卵白	0
卵粉	0
卵胞	0
卵胞ホルモン	5
卵胞刺激ホルモン	8
卵膜	0
嵐	1
嵐気	1
欄	1
欄外	0
欄干	0
欄間	0
欄杆	0
濫り	1
濫りがましい	6
濫りがわしい	6
濫りに	1
濫獲	0
濫作	0
濫造	0
濫読	0
濫入	0
濫発	0
濫伐	0
濫費	0
濫用	0
濫立	0
濫觴	0
藍	1
藍てん	0
藍みどろ	3
藍屋	2
藍花	1
藍海松茶	4
藍絵	0
藍革	0
藍革縅	5
藍玉	0
藍隈	0
藍型	0
藍鮫	0
藍子	0
藍紙	0
藍紫色	3
藍綬褒章	4
藍汁	0
藍晶石	3
藍色	0
藍水泥	3
藍摺	0
藍摺り	0
藍染	0
藍染め	0
藍染め屋	0
藍染め付け	3
藍染屋	0
藍染付け	3
藍閃石	3
藍鼠	3
藍藻	0
藍茸	0
藍鉄鉱	3
藍銅鉱	3
藍瓶	0
藍返し	3
藍墨	0
藍蝋	0
藍蓼	0
藍褸	1
藍鞣	3
藍韋	3
蘭	1
蘭学	0
蘭月	1
蘭語	0
蘭虫	0
蘭鋳	0
蘭方	0
利	1
利いた風	4
利かす	0
利かせる	0
利かぬ気	0
利かん気	0
利かん坊	0
利き	0
利き手	0
利き酒	0
利き所	0
利き足	0
利き茶	0
利き目	0
利き腕	0
利く	0
利け者	0
利ざや	0
利する	2
利益	1
利益社会	4
利益配当	4
利益率	3
利下げ	0
利回り	2
利害	1
利害関係	4
利害得失	1
利器	1
利休色	0
利休鼠	4
利金	1
利剣	0
利権	0
利権屋	0
利己	1
利己主義	3
利己心	2
利己的	0
利口	0
利口者	0
利根	0
利札	0
利子	1
利子補給	3
利子率	2
利手	0
利酒	0
利潤	0
利潤率	2
利鞘	0
利上げ	0
利殖	0
利食い	0
利刃	0
利水	0
利生	0
利息	0
利他	1
利他主義	3
利茶	0
利敵	0
利敵行為	4
利点	0
利刀	0
利得	0
利鈍	1
利尿	0
利尿剤	2
利尿薬	2
利発	0
利付き	0
利付債	3
利幅	0
利福	1
利払い	2
利便	0
利目	0
利用	0
利用価値	4
利用者	2
利欲	1
利落ち	0
利率	0
利腕	0
吏	1
吏員	1
吏人	1
吏党	1
吏道	1
吏部	1
吏務	1
吏僚	0
履	2
履き違える	5
履き替える	4
履き物	0
履く	0
履む	0
履行	0
履修	0
履帯	0
履替える	4
履物	0
履歴	0
履歴現象	4
履歴書	4
李	0
李花	1
李朝	1
李部	1
梨	2
梨のつぶて	4
梨の礫	4
梨園	1
梨果	1
梨花	1
梨子地	0
梨地	0
理	1
理り	0
理化学	2
理科	1
理科系	0
理会	1
理解	1
理外	1
理外の理	1
理学	1
理学博士	4
理学部	3
理学療法	4
理学療法士	6
理詰	0
理詰め	0
理屈	0
理屈っぽい	5
理屈屋	0
理窟	0
理系	0
理工	0
理工系	0
理財	0
理財家	0
理財学	2
理事	1
理事会	2
理事国	2
理事長	2
理神	1
理神論	2
理数	2
理性	1
理性的	0
理性論	2
理想	0
理想化	0
理想家	0
理想気体	4
理想郷	0
理想型	0
理想主義	4
理想像	2
理想的	0
理想論	2
理体	0
理知	1
理知的	0
理智	1
理念	1
理念型	0
理髪	0
理髪師	3
理髪店	3
理非	1
理非曲直	1
理不尽	2
理法	1
理由	0
理容	0
理容師	2
理路	1
理路整然	1
理論	1
理論化学	4
理論家	0
理論空燃比	6
理論的	0
理論哲学	5
理論闘争	4
理論物理学	6
裏	2
裏ごし	0
裏っかわ	0
裏っ側	0
裏づけ	0
裏づける	4
裏ぶた	0
裏渦貝	4
裏屋	0
裏蓋	0
裏街	0
裏街道	3
裏革	0
裏鬼門	3
裏技	0
裏襟	0
裏金	0
裏芸	2
裏口	0
裏口営業	5
裏合わせ	3
裏漉し	0
裏込め	0
裏作	0
裏山	0
裏若い	4
裏取り引き	4
裏取引	3
裏手	0
裏書	0
裏書き	0
裏書譲渡	5
裏書人	0
裏声	0
裏切り	0
裏切り者	0
裏切る	3
裏切者	0
裏千家	3
裏窓	0
裏側	0
裏打ち	0
裏地	0
裏張	0
裏張り	0
裏町	0
裏長屋	3
裏通	3
裏通り	3
裏庭	0
裏釘	2
裏店	0
裏投げ	0
裏道	0
裏日本	4
裏背戸	0
裏白	0
裏白の木	6
裏帆	0
裏板	0
裏番	0
裏番組	3
裏皮	0
裏表	0
裏表紙	3
裏付	0
裏付け	0
裏付ける	4
裏腹	0
裏編み	0
裏返し	3
裏返す	3
裏返る	3
裏方	0
裏面	0
裏面工作	4
裏面史	2
裏毛	0
裏木戸	0
裏目	0
裏紋	0
裏門	0
裏話	3
裡面	1
里	1
里ことば	3
里芋	0
里芋科	0
里帰り	3
里犬	0
里言	0
里言葉	3
里桜	3
里山	0
里子	0
里詞	3
里心	3
里神楽	3
里親	0
里人	0
里数	2
里雪	0
里村	0
里程	0
里程標	0
里内裏	3
里偏	0
里方	0
里謡	0
離	1
離しょう	0
離す	2
離る	0
離れ	1
離ればなれ	4
離れる	3
離れ家	3
離れ技	0
離れ業	0
離れ座敷	4
離れ小島	4
離れ島	3
離れ離れ	4
離宴	0
離縁	1
離縁状	0
離隔	0
離間	0
離岸	0
離宮	0
離京	0
離郷	0
離苦	1
離合	0
離合集散	0
離婚	0
離婚届	4
離婚届け	4
離魂病	0
離座敷	4
離山	0
離散	0
離散的	0
離愁	0
離床	0
離昇	0
離礁	0
離職	0
離職率	3
離心率	2
離人症	0
離水	0
離水海岸	4
離席	0
離籍	0
離村	0
離脱	0
離着陸	3
離党	0
離島	0
離日	0
離乳	0
離乳期	2
離乳食	2
離任	0
離農	0
離反	0
離別	0
離陸	0
離漿	0
離筵	0
陸	0
陸々	0
陸こう	0
陸すっぽ	0
陸でなし	0
陸な	0
陸に	0
陸稲	0
陸運	0
陸屋根	0
陸海	0
陸海空	3
陸海軍	3
陸寄居虫	3
陸橋	0
陸軍	2
陸軍士官学校	2
陸軍省	3
陸軍大臣	5
陸行	0
陸産	0
陸産物	3
陸自	0
陸鹿尾菜	3
陸尺	4
陸宿借	3
陸将	0
陸上	0
陸上競技	5
陸上自衛隊	0
陸蒸気	3
陸水学	3
陸棲	0
陸生	0
陸生動物	5
陸戦	0
陸戦隊	0
陸曹	0
陸相	0
陸送	0
陸続	0
陸続き	3
陸棚	0
陸地	0
陸釣	0
陸釣り	0
陸電	0
陸島	0
陸湯	0
陸軟風	3
陸半球	3
陸封	0
陸封型	0
陸風	0
陸兵	0
陸揚げ	0
陸離	1
陸陸	0
陸路	1
陸閘	0
律	1
律々しい	3
律する	3
律音階	3
律管	0
律儀	1
律儀者	0
律義	1
律義者	0
律語	0
律師	1
律詩	1
律宗	1
律旋法	3
律動	0
律動的	0
律文	0
律法	0
律律しい	3
律令	0
律令格式	5
律令国家	5
律令時代	5
律令制	0
律呂	1
率	1
率いる	3
率爾	0
率先	0
率先垂範	0
率先躬行	0
率然	0
率直	0
率土	1
率倒	0
率塔婆	2
立ち	2
立ちあがる	0
立ちいる	3
立ちくらみ	0
立ちこめる	4
立ちすくむ	0
立ちつくす	4
立ちどまる	0
立ちなおる	0
立ちのぼる	0
立ちはだかる	5
立ちふさがる	5
立ちんぼう	0
立ちん坊	0
立ち葵	3
立ち暗み	0
立ち飲み	0
立ち泳ぎ	3
立ち越える	0
立ち往生	3
立ち会い	0
立ち会う	0
立ち回り	0
立ち回り先	0
立ち回る	0
立ち開かる	5
立ち寄る	0
立ち技	0
立ち詰め	0
立ち去る	0
立ち居	2
立ち居振る舞	2
立ち居振る舞い	2
立ち居振舞	2
立ち居振舞い	2
立ち襟	0
立ち喰い	0
立ち稽古	3
立ち見	0
立ち見席	3
立ち現れる	6
立ち枯れ	0
立ち枯れる	0
立ち枯れ病	0
立ち後れ	0
立ち後れる	5
立ち交じる	0
立ち向かう	0
立ち行く	0
立ち合い	0
立ち合う	0
立ち込める	4
立ち塞がる	0
立ち姿	3
立ち止まる	0
立ち止る	0
立ち至る	4
立ち所に	0
立ち勝る	0
立ち小便	3
立ち昇る	0
立ち消え	0
立ち消える	0
立ち上がり	0
立ち上がる	0
立ち上げる	0
立ち上る	0
立ち食い	0
立ち振る舞い	3
立ち振る舞う	5
立ち振舞う	5
立ち尽くす	4
立ち席	0
立ち騒ぐ	4
立ち続ける	5
立ち待ち月	4
立ち退き	0
立ち退く	0
立ち遅れ	0
立ち遅れる	5
立ち直り	0
立ち直る	0
立ち通し	0
立ち到る	4
立ち働く	0
立ち読み	0
立ち呑み	0
立ち入り	0
立ち入り禁止	0
立ち入り検査	5
立ち入る	0
立ち入禁止	0
立ち売り	0
立ち番	0
立ち腐れ	0
立ち幅跳び	3
立ち聞き	0
立ち並ぶ	0
立ち返る	3
立ち方	4
立ち迷う	0
立ち毛	2
立ち木	0
立ち戻る	4
立ち役	0
立ち留まる	0
立ち話	3
立ち眩	0
立ち眩み	0
立ち竦む	0
立ち籠める	4
立っ端	1
立つ	1
立つ瀬	1
立て	1
立てかける	4
立てこもる	4
立てつけ	0
立てる	2
立て掛ける	0
立て看板	3
立て坑	0
立て行司	3
立て込む	0
立て込める	4
立て札	2
立て社会	3
立て石	2
立て切る	0
立て前	2
立て続け	0
立て替え	0
立て替える	0
立て替え金	0
立て直し	0
立て直す	0
立て通す	0
立て坪	2
立て髪	2
立て版古	3
立て膝	2
立て付け	0
立て物	2
立て網	0
立て役	0
立て役者	3
立て籠る	4
立葵	3
立暗み	0
立案	0
立羽蝶	3
立泳ぎ	3
立往生	3
立夏	1
立会う	0
立会演説	5
立会人	0
立回り	0
立回り先	0
立回る	0
立願	0
立寄る	0
立詰め	0
立脚	0
立脚地	4
立脚点	4
立去る	0
立居	2
立居振る舞い	2
立居振舞	2
立居振舞い	2
立教	0
立琴	2
立襟	0
立喰い	0
立稽古	3
立件	0
立憲	0
立憲君主国	7
立憲君主制	0
立憲君主政	0
立憲主義	5
立憲政治	5
立見	0
立言	0
立枯れる	0
立鼓	1
立候補	3
立候補者	5
立坑	0
立行司	3
立項	0
立合い	0
立合う	0
立国	0
立込む	0
立込める	4
立塞がる	5
立札	2
立姿	3
立師	2
立志	1
立志伝	3
立止る	4
立至る	4
立軸	0
立縞	0
立者	2
立秋	0
立春	0
立所に	0
立女形	3
立勝る	0
立消え	0
立消える	0
立証	0
立上がり	0
立上がる	0
立上り	0
立上る	4
立場	3
立食	0
立食い	0
立心偏	3
立振舞	3
立身	1
立身出世	1
立錐	0
立錐の余地	6
立席	0
立前	2
立像	0
立続ける	5
立太子	3
立太子礼	5
立体	0
立体音響	5
立体化学	5
立体角	3
立体感	3
立体幾何学	6
立体鏡	0
立体交差	5
立体裁断	5
立体視	3
立体写真	5
立体戦	0
立体駐車場	0
立体的	0
立体派	0
立替え	0
立替え金	0
立退き	0
立退く	0
立端	0
立談	0
立地	0
立地条件	4
立直	1
立直し	0
立直す	0
立直る	0
立党	0
立冬	0
立刀	0
立読み	0
立入	0
立入り	0
立入り禁止	0
立入り検査	5
立入る	0
立入禁止	0
立入検査	5
立派	0
立破	0
立髪	0
立版古	3
立番	0
立膝	2
立腹	0
立聞き	0
立並ぶ	0
立米	0
立偏	0
立方	0
立方センチメートル	8
立方メートル	5
立方根	3
立方最密充てん	9
立方最密充填	9
立方体	0
立法	0
立法機関	6
立法権	3
立法府	3
立命	0
立面図	3
立毛筋	0
立網	0
立木	0
立戻る	4
立役	0
立役者	3
立留まる	0
立留る	0
立礼	0
立浪貝	4
立浪草	0
立論	0
立話	3
立籠る	4
立纓	0
立麝香草	4
葎	0
葎草	3
掠う	0
掠する	3
掠めとる	4
掠める	0
掠め取る	4
掠り	3
掠り傷	3
掠る	2
掠れる	3
掠奪	0
略	2
略す	2
略する	3
略画	0
略解	0
略記	0
略儀	0
略啓	0
略言	0
略語	0
略号	0
略史	1
略字	0
略式	0
略式手続き	6
略式命令	5
略取	1
略取誘拐罪	6
略述	0
略書	1
略叙	0
略称	0
略章	0
略図	0
略説	0
略装	0
略体	0
略奪	0
略伝	0
略筆	0
略譜	0
略服	0
略文	0
略帽	0
略本暦	3
略名	0
略礼服	3
略暦	0
略歴	0
流	1
流々	3
流し	3
流しだい	0
流し元	0
流し込む	4
流し撮り	0
流し場	0
流し雛	4
流し打ち	0
流し台	0
流し板	4
流し網	3
流し目	0
流す	2
流ちょう	1
流れ	3
流れる	3
流れ込む	4
流れ作業	4
流れ者	0
流れ出す	4
流れ出る	4
流れ図	3
流れ星	3
流れ弾	0
流れ着く	4
流れ歩く	5
流れ矢	3
流れ落ちる	5
流域	0
流音	1
流下	1
流会	0
流感	0
流汗	0
流汗淋漓	5
流儀	1
流刑	1
流血	0
流言	0
流言飛語	5
流言蜚語	5
流行	0
流行っ子	0
流行らす	3
流行らせる	4
流行り	3
流行りすたり	0
流行り唄	3
流行り歌	3
流行り言葉	4
流行り廃り	0
流行り風邪	3
流行り目	0
流行る	2
流行唄	3
流行歌	3
流行眼	3
流行言葉	4
流行語	0
流行児	3
流行色	3
流行性角結膜炎	10
流行性感冒	7
流行性肝炎	7
流行性結膜炎	10
流行性耳下腺炎	9
流行性脳炎	7
流行遅れ	5
流行病	0
流行風邪	3
流行目	3
流砂	1
流罪	0
流産	1
流失	0
流質	0
流出	0
流人	0
流水	0
流星	0
流星雨	3
流星群	3
流星塵	3
流石	0
流石に	0
流説	0
流線	0
流線型	0
流線形	0
流速	0
流体	0
流体力学	6
流弾	0
流暢	1
流通	0
流通コスト	5
流通革命	5
流通機構	5
流通資本	5
流通証券	5
流通税	3
流鏑馬	0
流転	0
流転生死	4
流転輪廻	4
流動	0
流動資産	5
流動資本	5
流動食	3
流動性	0
流動体	0
流動的	0
流動負債	5
流動物	3
流入	0
流派	1
流氷	0
流布	1
流布本	0
流亡	0
流民	0
流木	0
流紋岩	3
流用	0
流離	0
流離う	3
流流	0
流量	3
流量計	0
流涙症	0
流麗	0
流連	0
流連荒亡	0
流路	1
流露	1
流浪	0
流浪者	2
流氓	0
流涕	0
流竄	1
流謫	1
溜まり	0
溜まり醤油	4
溜まり場	0
溜まり水	3
溜まる	0
溜め	0
溜める	0
溜め桶	0
溜め込む	3
溜め息	3
溜め池	0
溜め塗	0
溜め塗り	0
溜り	0
溜り場	0
溜る	3
溜飲	0
溜桶	0
溜込む	3
溜息	3
溜池	0
溜分	0
琉歌	1
琉球鮎	5
琉球芋	3
琉球音階	5
琉球語	0
琉球藍	5
琉璃	1
留まる	0
留め	1
留める	3
留め金	0
留め具	0
留め山	0
留め針	3
留め袖	0
留め男	3
留め置き	0
留め置き郵便	5
留め置く	3
留め湯	0
留め風呂	0
留め木	0
留め役	0
留め立て	0
留る	0
留意	1
留飲	0
留桶	0
留学	0
留学生	3
留金	0
留具	0
留主	1
留守	1
留守居	2
留守宅	0
留守中	0
留守電	0
留守番	0
留守番電話	5
留処	0
留針	3
留袖	0
留置	0
留置き	0
留置き郵便	5
留置く	3
留置場	0
留置郵便	5
留鳥	0
留湯	0
留任	0
留年	0
留風呂	0
留分	0
留別	0
留保	1
留木	0
硫安	1
硫黄	0
硫黄華	0
硫黄細菌	4
硫黄酸化物	6
硫黄泉	0
硫化	0
硫化アンモニウム	7
硫化カドミウム	6
硫化亜鉛	4
硫化水銀	4
硫化水素	4
硫化鉄	3
硫化銅	3
硫化物	3
硫酸	0
硫酸アルミニウム	8
硫酸アンモニウム	8
硫酸カルシウム	7
硫酸ナトリウム	7
硫酸バリウム	6
硫酸マグネシウム	8
硫酸亜鉛	5
硫酸塩	3
硫酸紙	3
硫酸鉄	3
硫酸銅	3
硫砒鉄鉱	4
粒	1
粒々	0
粒々辛苦	5
粒ぞろい	3
粒だつ	3
粒より	0
粒界	0
粒銀	0
粒径	0
粒子	1
粒子線	0
粒状	0
粒状斑	3
粒食	0
粒選り	0
粒揃い	3
粒度	1
粒立つ	3
粒粒	0
粒粒辛苦	5
隆々	3
隆運	0
隆起	1
隆昌	0
隆盛	0
隆替	0
隆鼻術	3
隆隆	0
竜	1
竜の口	0
竜の髭	1
竜の落し子	0
竜の落とし子	0
竜の落子	6
竜王	3
竜蝦	2
竜駕	1
竜巻	0
竜巻き	0
竜眼	0
竜顔	0
竜騎兵	3
竜宮	3
竜宮の使い	3
竜宮城	0
竜血樹	4
竜虎	1
竜骨	0
竜骨座	0
竜骨突起	5
竜骨弁	4
竜座	0
竜舎	1
竜車	1
竜神	0
竜舌蘭	4
竜胆	1
竜笛	0
竜田姫	3
竜田揚	0
竜田揚げ	0
竜灯	0
竜頭	0
竜頭蛇尾	5
竜脳	1
竜馬	1
竜盤類	3
竜攘虎搏	5
竜涎香	3
龍王	3
龍眼	0
龍虎	1
龍神	0
龍須糖	1
龍舌蘭	4
龍笛	0
龍馬	1
龍甕	1
侶伴	0
慮り	0
慮る	5
慮外	1
旅	2
旅がらす	3
旅する	3
旅の空	4
旅衣	3
旅烏	3
旅稼ぎ	3
旅回り	3
旅慣れる	4
旅館	0
旅客	0
旅客機	3
旅客船	0
旅興行	3
旅芸人	3
旅券	0
旅行	0
旅行家	0
旅行鞄	4
旅行記	2
旅行社	2
旅行者	2
旅行小切手	5
旅行先	0
旅行鳩	4
旅支度	3
旅次	1
旅愁	0
旅住い	3
旅宿	0
旅所	3
旅商い	4
旅商人	4
旅情	0
旅信	0
旅寝	0
旅心	3
旅人	1
旅人の木	6
旅人木	2
旅先	0
旅鼠	3
旅僧	0
旅装	0
旅団	1
旅鳥	2
旅亭	0
旅程	0
旅馴れる	4
旅日記	3
旅疲れ	3
旅費	0
旅枕	3
旅役者	3
旅立ち	0
旅立つ	3
旅路	0
旅籠	0
旅籠屋	0
旅鴉	3
虜	3
虜囚	0
了	1
了い	0
了う	0
了える	0
了する	3
了わる	0
了解	0
了解心理学	7
了簡	1
了簡違い	5
了見	1
了見違い	5
了察	0
了承	0
了知	1
亮月	1
亮察	0
亮然	0
僚艦	0
僚機	1
僚船	0
僚友	0
両	1
両々	0
両にらみ	3
両の手	3
両為	0
両院	0
両院協議会	7
両院制	0
両下	1
両家	1
両界曼荼羅	5
両開き	3
両蓋	0
両岸	0
両眼	0
両義	1
両脚	0
両脚器	4
両脚規	4
両極	0
両極端	3
両軍	0
両建て	0
両建て預金	5
両舷	0
両個	1
両虎	1
両国	1
両腰	0
両差し	0
両三	0
両三日	3
両氏	1
両耳	0
両者	1
両手	0
両手利	3
両手利き	3
両唇音	3
両親	1
両人	1
両刃	0
両刃鋸	4
両性	0
両性花	3
両性具有	5
両成敗	3
両棲	0
両棲動物	5
両棲類	3
両生	0
両生動物	5
両生類	3
両切り	0
両切り煙草	5
両舌	0
両前	0
両全	0
両側	0
両足	0
両袖	0
両損	0
両替	0
両替屋	0
両替商	4
両端	0
両断	0
両天秤	3
両度	1
両党	0
両刀	0
両刀遣い	5
両刀使い	5
両頭	0
両頭政治	5
両得	0
両日	1
両肌	0
両班	0
両肘	0
両部	1
両部神道	4
両分	0
両陛下	3
両辺	1
両便	0
両方	3
両方向	3
両忘	0
両名	1
両面	0
両面価値	5
両面作戦	5
両目	0
両雄	0
両様	0
両用	0
両翼	0
両立	0
両両	0
両輪	0
両隣	3
両論	0
両脇	0
両腕	0
両睨み	3
両鬢	0
凌ぎ	3
凌ぐ	2
凌雲	0
凌駕	1
凌虐	0
凌辱	0
凌霄	0
凌霄花	5
凌霄葉蓮	5
寮	1
寮育	0
寮歌	1
寮監	0
寮舎	1
寮生	0
寮生活	3
寮長	1
寮費	1
寮父	1
寮母	1
料	1
料簡	1
料簡違い	5
料金	1
料金後納郵便	1
料金別納郵便	1
料紙	1
料地	1
料亭	0
料理	1
料理屋	3
料理学校	4
料理菊	3
料理人	0
料理茶屋	3
料理店	3
料理番	0
料理法	0
料率	0
梁	2
梁山泊	3
梁上の君子	6
梁木	0
涼	1
涼しい	3
涼しい顔	3
涼しげ	3
涼しさ	2
涼し気	3
涼み	3
涼み客	3
涼み台	0
涼む	2
涼やか	2
涼雨	1
涼感	0
涼気	1
涼秋	0
涼台	0
涼亭	0
涼風	0
涼味	1
猟	1
猟る	1
猟官	0
猟官制	0
猟奇	1
猟奇的	0
猟期	1
猟具	1
猟犬	0
猟犬座	0
猟虎	0
猟師	1
猟獣	0
猟銃	0
猟場	0
猟色	0
猟人	0
猟鳥	0
療育	0
療治	0
療病	0
療法	0
療養	0
療養所	0
瞭然	0
稜	1
稜角	0
稜線	0
糧	1
糧食	0
糧道	0
糧米	0
糧秣	0
良	1
良い	1
良い事	1
良い線	1
良い値	0
良う	1
良からぬ	3
良かれ	1
良かれ悪しかれ	1
良き	1
良く	1
良く良く	0
良さ	1
良し	1
良し悪し	1
良案	0
良医	1
良縁	0
良家	1
良貨	1
良久	0
良計	0
良好	0
良工	0
良港	0
良妻	0
良妻賢母	5
良剤	0
良材	0
良策	0
良師	1
良識	0
良質	0
良種	0
良酒	1
良書	1
良将	0
良心	1
良心的	0
良心的兵役拒否	11
良人	0
良性	0
良性腫瘍	5
良俗	0
良知	1
良知良能	1
良田	0
良導体	0
良二千石	4
良日	1
良能	0
良馬	1
良否	1
良品	0
良風	0
良法	0
良民	0
良夜	1
良薬	1
良友	0
良吏	1
諒	1
諒する	3
諒闇	0
諒察	0
遼遠	0
遼東の豕	6
量	1
量り	0
量り込む	4
量り売り	0
量る	2
量感	0
量器	1
量記号	3
量刑	0
量産	0
量子	1
量子エレクトロニクス	9
量子化	0
量子化学	4
量子仮説	4
量子色力学	7
量子数	3
量子電磁力学	8
量子物理学	6
量子力学	5
量子論	3
量水計	0
量的	0
量販店	3
量目	0
陵	0
陵雲	0
陵駕	1
陵虐	0
陵丘	0
陵戸	1
陵辱	0
陵墓	1
領	2
領する	3
領域	0
領会	0
領解	0
領海	0
領海線	0
領脚	0
領巾	0
領空	0
領空侵犯	5
領国	1
領事	1
領事館	3
領主	1
領収	0
領収書	0
領収証	0
領水	0
領袖	0
領地	1
領置	1
領土	1
領土主権	4
領土保全	4
領得	0
領内	1
領布	1
領分	1
領民	0
領有	0
領有権	3
領略	0
力	3
力いっぱい	4
力ずく	0
力づく	4
力づける	5
力ない	4
力なげ	4
力まかせ	4
力む	2
力一杯	4
力泳	0
力演	0
力革	3
力学	2
力学的エネルギー	8
力感	0
力技	0
力及ばず	0
力競べ	4
力強い	5
力業	0
力拳	4
力行	0
力作	0
力仕事	4
力士	1
力紙	3
力試し	4
力持ち	3
力自慢	4
力芝	3
力織機	3
力尽	4
力尽く	5
力尽ける	5
力水	3
力石	3
力説	0
力戦	0
力戦奮闘	0
力線	0
力漕	0
力相撲	4
力走	0
力足	3
力帯	4
力添え	0
力点	3
力投	0
力闘	0
力任せ	4
力抜け	0
力比べ	4
力不足	4
力付く	4
力付ける	5
力負	0
力負け	0
力本説	3
力無い	4
力無げ	4
力役	0
力頼み	4
力落し	4
力落とし	4
力量	0
力倆	0
力瘤	3
緑	1
緑のう菌	0
緑の黒髪	1
緑の日	1
緑一色	3
緑蔭	0
緑陰	0
緑雨	1
緑黄色	3
緑黄色野菜	7
緑化	0
緑眼	0
緑玉	0
緑玉石	4
緑酒	1
緑樹	1
緑綬褒章	4
緑十字	1
緑色	0
緑青	3
緑閃石	3
緑藻	0
緑藻植物	6
緑啄木鳥	0
緑地	0
緑地帯	0
緑茶	0
緑柱石	3
緑虫	3
緑土	1
緑豆	0
緑内障	0
緑膿菌	0
緑髪	0
緑鳩	0
緑肥	1
緑風	0
緑便	0
緑門	0
緑野	1
緑葉	0
緑葉甘藍	5
緑林	0
緑簾石	3
緑礬	0
倫社	0
倫理	1
倫理学	3
倫理神学	4
倫理的	0
倫理的宗教	6
厘	1
厘毛	0
林	0
林家	1
林学	0
林冠	0
林間	0
林間学校	5
林業	1
林業試験場	0
林檎	0
林檎園	3
林檎酸	0
林檎酒	3
林檎病	0
林産	0
林産物	3
林鐘	0
林政	0
林道	0
林務	1
林木	0
林野	1
林野庁	3
林邑楽	3
林立	0
淋しい	3
淋しがり屋	0
淋しがる	4
淋菌	0
淋疾	0
淋巴液	3
淋巴管	0
淋巴腺	0
淋病	0
淋漓	1
燐	1
燐化水素	4
燐火	1
燐灰石	3
燐光	0
燐鉱	0
燐酸	0
燐酸アンモニウム	8
燐酸カルシウム	7
燐酸コデイン	6
燐酸塩	3
燐酸肥料	5
燐脂質	3
燐寸	1
燐青銅	3
燐蛋白質	6
臨く	0
臨み	0
臨む	0
臨海	0
臨海学校	5
臨界	0
臨界圧力	6
臨界温度	5
臨界角	3
臨界実験	5
臨界状態	5
臨界点	3
臨界量	3
臨機	1
臨機応変	1
臨休	0
臨空	0
臨月	1
臨検	0
臨御	1
臨幸	0
臨港	0
臨港線	0
臨済宗	3
臨在	0
臨死	0
臨時	0
臨時記号	4
臨時雇い	4
臨時工	0
臨時国会	4
臨時政府	4
臨時費	3
臨時列車	4
臨写	0
臨終	0
臨終正念	5
臨書	0
臨床	0
臨床医	3
臨床医学	5
臨床心理学	7
臨床尋問	5
臨場	0
臨場感	3
臨席	0
臨戦	0
臨調	1
輪	1
輪かく	0
輪っか	1
輪っぱ	1
輪ゴム	0
輪タク	0
輪禍	1
輪回	1
輪回し	2
輪廻	1
輪廓	0
輪郭	0
輪姦	0
輪姦す	0
輪業	0
輪袈裟	1
輪形	0
輪形動物	5
輪湖	1
輪鼓	1
輪講	0
輪差	1
輪栽	0
輪作	0
輪子	1
輪止め	3
輪軸	0
輪唱	0
輪乗り	0
輪状	0
輪生	0
輪切り	3
輪蔵	0
輪虫	1
輪虫類	3
輪転	0
輪転機	3
輪島塗り	0
輪投げ	3
輪読	0
輪奈	1
輪伐	0
輪抜け	3
輪番	0
輪番制	0
輪舞	1
輪舞曲	3
輪宝	0
輪宝貝	3
輪紋海豹	5
輪留め	3
輪奐	1
輪寶	0
隣	0
隣り	0
隣り合う	4
隣り合せ	4
隣り合わせ	4
隣る	0
隣家	1
隣近所	4
隣合う	4
隣合せ	4
隣合わせ	4
隣国	0
隣室	0
隣人	0
隣人愛	3
隣席	0
隣接	0
隣接県	4
隣接地	4
隣組	0
隣村	0
隣地	1
隣町	3
隣通し	4
隣同士	4
隣付き合い	4
隣保	1
隣保館	3
隣保事業	4
隣邦	0
鱗	3
鱗雲	4
鱗芽	1
鱗屑	0
鱗茎	0
鱗茎菜類	5
鱗状	0
鱗板	4
鱗皮	1
鱗粉	0
鱗片	0
鱗片葉	3
鱗木	0
鱗葉	0
鱗翅目	3
瑠璃	1
瑠璃羽太	0
瑠璃瓦	3
瑠璃懸巣	3
瑠璃虎の尾	5
瑠璃色	0
瑠璃鳥	0
瑠璃立羽	3
瑠璃鶲	3
塁	1
塁審	0
塁壁	0
涙	1
涙ぐましい	6
涙ぐむ	4
涙する	1
涙ながら	4
涙もろい	5
涙雨	4
涙液	1
涙管	0
涙顔	0
涙器	1
涙金	0
涙勝ち	0
涙小管	3
涙声	4
涙脆い	5
涙腺	0
涙茸	3
涙滴型	0
涙点	1
涙堂	0
涙道	0
涙乍ら	4
涙嚢	0
涙箸	3
涙目	3
累	1
累々	0
累加	0
累計	0
累月	0
累減	0
累減税	3
累算	0
累次	1
累囚	0
累乗	0
累乗根	3
累進	0
累進税	3
累世	0
累積	0
累積債務	5
累積投票	5
累増	0
累損	0
累代	0
累日	0
累年	0
累犯	0
累累	0
類	1
類い	0
類いする	2
類いない	4
類い無い	4
類える	3
類する	3
類縁	0
類音	0
類音語	0
類歌	1
類火	0
類概念	3
類義	0
類義語	0
類句	0
類型	0
類型的	0
類語	0
類語辞典	4
類纂	0
類脂質	3
類似	0
類似点	3
類似品	0
類字	0
類従	0
類書	1
類焼	0
類人猿	3
類推	0
類題	0
類同	0
類洞	0
類比	0
類別	0
類本	0
類例	0
類聚	1
令	1
令する	3
令む	1
令甥	0
令兄	0
令月	1
令嗣	1
令姉	1
令旨	1
令室	0
令嬢	0
令状	0
令色	0
令息	0
令孫	0
令弟	0
令堂	0
令夫人	3
令聞	0
令法	1
令望	0
令妹	0
令婿	0
令名	0
令姪	0
令閨	0
伶官	0
伶人	0
伶俐	1
例	1
例え	3
例えば	2
例える	3
例し	3
例の	1
例会	0
例解	0
例外	0
例外的	0
例規	1
例月	0
例言	0
例語	1
例刻	0
例祭	0
例時	1
例示	0
例式	0
例証	0
例説	0
例大祭	3
例題	0
例日	0
例年	0
例文	0
例話	0
冷	1
冷え	2
冷える	2
冷え込み	0
冷え込む	0
冷え者	0
冷え症	2
冷え性	2
冷え切る	3
冷え腹	0
冷え物	0
冷え冷え	3
冷かす	3
冷し中華	4
冷す	2
冷たい	0
冷たい戦争	0
冷ます	2
冷める	2
冷や	1
冷やか	2
冷やかし	0
冷やかす	3
冷やし中華	4
冷やす	2
冷やっと	2
冷ややか	2
冷や汗	3
冷や酒	0
冷や汁	3
冷や水	2
冷や奴	3
冷や麦	3
冷や飯	0
冷や飯食い	4
冷や飯草履	5
冷や冷や	1
冷暗所	0
冷雨	1
冷温	0
冷夏	1
冷菓	1
冷害	0
冷覚	0
冷寒	0
冷感症	0
冷汗	3
冷汗三斗	5
冷眼	0
冷気	1
冷却	0
冷却器	4
冷却期間	6
冷却剤	4
冷却材	4
冷却水	4
冷遇	0
冷血	0
冷血漢	4
冷血動物	5
冷厳	0
冷語	1
冷光	0
冷酷	0
冷酷無情	0
冷視	1
冷湿布	3
冷者	0
冷酒	2
冷汁	3
冷笑	0
冷笑い	4
冷水	0
冷水塊	3
冷水摩擦	5
冷水浴	3
冷性	2
冷製	0
冷静	0
冷戦	0
冷泉	0
冷染染料	5
冷然	0
冷蔵	0
冷蔵庫	3
冷淡	3
冷暖房	3
冷徹	0
冷点	1
冷奴	3
冷凍	0
冷凍器	3
冷凍機	3
冷凍魚	3
冷凍庫	3
冷凍車	3
冷凍食品	5
冷凍船	0
冷肉	0
冷罵	1
冷媒	0
冷麦	3
冷飯	0
冷飯食い	0
冷評	0
冷風	0
冷物	0
冷房	0
冷麺	1
冷涼	0
冷嘲	0
冷澹	3
冷罨法	3
励まし	0
励ます	3
励み	3
励む	2
励起	1
励起状態	4
励行	0
励磁	0
励磁機	3
励磁電流	4
励振	0
励精	0
励声	0
嶺	2
嶺桜	3
嶺颪	2
怜俐	1
怜悧	1
玲玲	0
玲瓏	0
礼	1
礼回り	3
礼楽	0
礼冠	0
礼記	1
礼儀	3
礼儀作法	4
礼金	0
礼遇	0
礼参り	3
礼讃	0
礼讃舞	0
礼賛	0
礼紙	1
礼式	0
礼状	0
礼譲	0
礼節	0
礼装	0
礼典	0
礼拝	0
礼拝式	3
礼拝堂	0
礼盤	0
礼部	1
礼服	0
礼物	0
礼奉公	3
礼法	0
礼砲	0
礼帽	0
鈴	0
鈴なり	0
鈴蛙	3
鈴鴨	0
鈴懸の木	6
鈴口	0
鈴菜	0
鈴生り	0
鈴虫	2
鈴蘭	2
隷下	1
隷従	0
隷書	0
隷属	0
零	1
零し	3
零し屋	0
零す	2
零れ	3
零れる	3
零れ幸い	4
零れ種	4
零れ落ちる	5
零れ話	4
零下	1
零砕	0
零細	0
零細企業	5
零時	1
零点	3
零度	1
零敗	0
零本	0
零余子	0
零余子蕁麻	5
零落	0
零落れる	0
零露	1
零和ゲーム	4
霊	1
霊安室	3
霊位	1
霊威	1
霊異	1
霊域	0
霊園	0
霊屋	2
霊界	0
霊感	0
霊気	1
霊亀	1
霊剣	0
霊験	0
霊魂	1
霊祭	3
霊祭り	3
霊山	1
霊芝	1
霊獣	0
霊場	0
霊水	0
霊性	0
霊石	0
霊泉	0
霊前	0
霊送り	3
霊台	0
霊台郎	3
霊知	1
霊地	1
霊智	1
霊長	0
霊長類	3
霊鳥	0
霊的	0
霊的交感	5
霊殿	0
霊徳	0
霊肉	1
霊肉一致	1
霊猫	0
霊能	0
霊能者	3
霊媒	0
霊廟	0
霊符	1
霊宝	0
霊峰	0
霊妙	0
霊夢	1
霊木	0
霊薬	1
霊力	1
霊柩	0
霊柩車	3
麗々しい	5
麗か	2
麗しい	4
麗らか	2
麗句	1
麗姿	1
麗質	0
麗人	0
麗日	0
麗筆	0
麗容	0
麗麗しい	5
齢	0
暦	3
暦学	2
暦術	2
暦数	0
暦注	0
暦道	2
暦日	0
暦年	0
暦年齢	3
暦法	0
暦本	0
歴々	0
歴仕	1
歴史	0
歴史家	0
歴史科学	4
歴史画	0
歴史学	3
歴史学派	4
歴史観	3
歴史劇	3
歴史言語学	6
歴史時代	4
歴史主義	4
歴史書	4
歴史小説	4
歴史上	0
歴史的	0
歴史的仮名遣い	8
歴史的現在	6
歴史哲学	5
歴史物語	6
歴世	0
歴青	0
歴青炭	0
歴戦	0
歴然	0
歴代	0
歴朝	0
歴程	0
歴伝	0
歴日	0
歴任	0
歴年	0
歴年齢	3
歴訪	0
歴遊	0
歴覧	0
歴歴	0
列	1
列する	0
列なる	3
列ねる	3
列ぶ	0
列火	1
列記	1
列挙	1
列強	0
列侯	0
列国	0
列座	1
列車	0
列聖	0
列席	0
列席者	4
列伝	0
列伝体	0
列島	0
列藩	0
劣	1
劣る	0
劣悪	0
劣化	0
劣化ウラン	4
劣角	0
劣機	1
劣弧	1
劣後債	3
劣才	0
劣者	1
劣弱	0
劣情	0
劣勢	0
劣性	0
劣性遺伝	5
劣等	0
劣等感	3
劣等財	3
劣等生	3
劣敗	0
烈しい	3
烈火	1
烈士	1
烈女	1
烈震	0
烈日	0
烈婦	1
烈風	0
烈烈	0
裂く	1
裂ける	2
裂け目	3
裂れ痔	2
裂果	0
裂開	0
裂開果	3
裂孔	0
裂傷	0
裂創	0
裂目	3
裂帛	0
裂罅	0
裂肛	0
廉	1
廉々	1
廉価	1
廉潔	0
廉恥	1
廉恥心	3
廉直	0
廉売	0
廉廉	2
恋	1
恋い初める	0
恋い焦がれる	5
恋い慕う	4
恋う	1
恋がたき	3
恋こがれる	5
恋しい	3
恋しがる	4
恋する	3
恋の闇	1
恋の病	1
恋わずらい	3
恋愛	0
恋愛関係	5
恋愛結婚	5
恋愛至上主義	8
恋愛小説	5
恋歌	2
恋患い	3
恋仇	3
恋死	0
恋女房	3
恋焦がれる	5
恋情	0
恋心	3
恋人	0
恋着	0
恋仲	0
恋敵	3
恋猫	0
恋煩い	3
恋病	0
恋風	2
恋文	0
恋慕	1
恋慕う	4
恋恋	0
恋路	0
憐れ	1
憐れみ	0
憐れむ	3
憐情	0
憐愍	0
憐憫	0
漣	0
漣音	0
煉り餌	0
煉り芥子	3
煉り紅	2
煉り香	2
煉り歯磨き	4
煉り上げる	4
煉り辛子	3
煉り物	0
煉り味噌	0
煉る	1
煉れる	2
煉瓦	1
煉瓦造り	4
煉瓦塀	3
煉香	2
煉獄	0
煉歯磨	4
煉丹	1
煉炭	1
煉乳	0
簾	0
簾貝	3
簾戸	1
練り	2
練りあわせる	5
練りがらし	3
練りなおす	4
練り餌	0
練り菓子	3
練り絹	3
練り固める	0
練り紅	2
練り香	2
練り合せる	5
練り合わせる	5
練り込む	3
練り糸	0
練り歯磨き	4
練り上げる	4
練り辛し	3
練り辛子	3
練り製品	3
練り染め	0
練り直す	4
練り物	0
練り塀	2
練り歩く	4
練り味噌	0
練り薬	3
練る	1
練れる	2
練功	0
練紅	2
練香	2
練込む	4
練糸	0
練歯磨	4
練歯磨き	4
練習	0
練習機	3
練習曲	3
練習生	3
練習船	0
練習帳	0
練熟	0
練上げる	4
練成	0
練染め	0
練達	0
練炭	1
練直す	4
練鉄	0
練乳	0
練馬大根	4
練物	0
練兵	0
練兵場	0
練塀	2
練歩く	4
練磨	1
練味噌	0
聯句	0
聯繋	0
聯合	0
聯珠	0
聯想	0
聯隊	0
聯邦	0
聯盟	0
聯絡	0
聯立	0
聯亙	0
蓮	1
蓮っ葉	0
蓮芋	0
蓮花	0
蓮華	0
蓮華座	0
蓮華升麻	4
蓮華草	0
蓮華躑躅	4
蓮角	0
蓮根	0
蓮台	0
蓮池	0
連	1
連なり	0
連なる	3
連ねる	3
連ぱつ	0
連む	2
連れ	0
連れて	0
連れる	0
連れ去る	3
連れ合い	0
連れ込み	0
連れ込み宿	5
連れ込む	3
連れ子	0
連れ出す	3
連れ小便	3
連れ添う	3
連れ舞	2
連れ戻す	4
連れ立つ	3
連音	1
連音符	3
連歌	1
連歌師	3
連火	1
連関	0
連記	1
連記投票	4
連休	0
連休明け	0
連去る	3
連吟	0
連句	0
連係	0
連係プレー	6
連携	0
連繋	0
連結	0
連結器	4
連結決算	5
連呼	1
連語	0
連行	0
連衡	0
連合	0
連合会	3
連合艦隊	5
連合軍	3
連合国	3
連合心理学	7
連合体	0
連合野	3
連込み	0
連込み宿	5
連鎖	1
連鎖球菌	4
連鎖群	3
連鎖状球菌	6
連鎖店	3
連鎖反応	4
連坐	1
連座	1
連座制	0
連載	0
連作	0
連刷	0
連山	1
連子	0
連子窓	4
連枝	1
連辞	0
連射	1
連珠	0
連署	1
連勝	0
連勝式	0
連勝複式	0
連小便	3
連星	0
連声	0
連接	0
連戦	0
連戦連勝	0
連銭葦毛	5
連奏	0
連想	0
連想検査	5
連荘	0
連続	0
連続スペクトル	6
連続ドラマ	5
連続関数	5
連打	1
連体	0
連体形	0
連体詞	3
連体修飾語	0
連帯	0
連帯感	3
連帯債務	5
連帯責任	5
連帯保証	5
連帯保証人	0
連隊	0
連隊旗	3
連隊長	3
連濁	0
連弾	0
連中	0
連投	0
連動	0
連日	0
連日連夜	5
連年	0
連覇	1
連破	1
連敗	0
連発	0
連発銃	4
連判	0
連判状	0
連番	0
連舞	2
連峰	0
連邦	0
連邦国家	5
連邦準備銀行	8
連名	0
連盟	0
連綿	0
連夜	1
連用	0
連用形	0
連用修飾語	0
連絡	0
連絡会	4
連絡線	0
連絡船	0
連絡帳	0
連理	1
連理草	0
連立	0
連立つ	3
連立政権	5
連立内閣	5
連立方程式	7
連量	3
連累	0
連亘	0
連枷	0
連翹	1
錬り上げる	4
錬れる	2
錬金術	3
錬鋼	0
錬成	0
錬鉄	0
錬磨	1
呂	1
呂旋	0
呂旋法	2
呂律	0
魯国	1
魯鈍	0
櫓	0
櫓杭	0
櫓太鼓	4
櫓投げ	0
櫓櫂	0
櫓臍	0
炉	0
炉火	1
炉開き	2
炉座	1
炉塞ぎ	2
炉床	0
炉心	0
炉心溶融	4
炉心熔融	4
炉端	0
炉端焼き	0
炉辺	0
賂	0
賂い	0
路	0
路銀	0
路肩	0
路次	1
路床	0
路上	0
路線	0
路線バス	4
路線価	2
路地	1
路地裏	0
路程	0
路頭	0
路導	3
路盤	0
路標	0
路傍	0
路面	0
路面電車	4
路用	0
露	1
露の間	1
露わ	1
露悪	0
露悪趣味	4
露営	0
露華	1
露兜樹	1
露寒	0
露菌病	0
露見	0
露顕	0
露語	1
露光	0
露国	1
露骨	0
露座	1
露宿	0
露出	0
露出計	0
露出症	0
露場	0
露草	0
露霜	0
露台	0
露地	1
露地栽培	3
露地門	2
露呈	0
露滴	0
露天	0
露天掘	0
露天掘り	0
露天商	2
露天風呂	0
露店	0
露点	0
露頭	0
露盤	0
露払い	3
露文	1
露命	0
露訳	0
露和	1
労	1
労い	3
労う	3
労き	1
労する	3
労り	0
労る	3
労わしい	4
労わる	3
労音	0
労咳	0
労金	0
労銀	0
労苦	1
労功	0
労災	0
労災保険	5
労作	0
労作教育	5
労使	1
労使協調	1
労資	1
労政	0
労組	1
労相	0
労賃	1
労働	0
労働委員会	6
労働運動	5
労働歌	3
労働基準監督官	11
労働基準局	6
労働基準法	0
労働基本権	6
労働協約	5
労働金庫	5
労働権	3
労働災害	5
労働祭	3
労働三法	5
労働市場	5
労働時間	5
労働者	3
労働者階級	6
労働者災害補償保険	3
労働集約的産業	11
労働省	3
労働条件	5
労働生産性	0
労働組合	5
労働争議	5
労働相	3
労働大臣	5
労働党	0
労働分配率	7
労働法	0
労働力	3
労働力人口	7
労働力率	6
労動者	3
労農	0
労農政府	5
労務	1
労務管理	4
労務者	3
労役	0
労役場	0
労力	1
労連	0
婁	1
婁宿	3
廊	1
廊下	0
弄くりまわす	3
弄くり回す	3
弄くる	3
弄する	3
弄び物	0
弄ぶ	4
弄る	2
弄火	1
弄花	1
弄繰り回す	3
弄物	0
朗々	0
朗らか	2
朗詠	0
朗吟	0
朗唱	0
朗読	0
朗報	0
朗朗	0
朗誦	0
楼	1
楼閣	0
楼観	0
楼主	1
楼上	0
楼門	0
浪	2
浪々	0
浪花節	0
浪花節的	0
浪曲	0
浪士	1
浪人	0
浪費	0
浪費家	0
浪費癖	3
浪漫	1
浪漫主義	4
浪漫派	0
浪浪	0
浪曼	1
漏えい	0
漏らす	2
漏り	2
漏る	1
漏れ	2
漏れなく	2
漏れる	2
漏れ伝わる	5
漏れ聞く	0
漏れ無く	2
漏れ落ちる	4
漏洩	0
漏刻	0
漏出	0
漏水	0
漏電	0
漏斗	1
漏斗胸	3
漏話	0
漏泄	0
牢	1
牢として	1
牢屋	3
牢屋敷	3
牢記	1
牢乎	1
牢固	1
牢獄	0
牢死	0
牢人	0
牢破り	3
牢番	0
牢名主	3
牢問	0
牢役人	3
狼	1
狼煙	1
狼火	1
狼魚	4
狼座	0
狼少年	5
狼狽	0
狼狽える	0
狼烟	1
狼瘡	0
狼藉	0
狼藉者	0
篭	0
篭の鳥	0
篭む	1
篭める	2
篭る	2
篭城	0
篭絡	0
老	1
老い	1
老いさらばえる	6
老いの一徹	0
老いぼれ	0
老いぼれる	0
老いも若きも	1
老いらく	0
老いる	2
老い込む	3
老い松	1
老い先	0
老い木	0
老い耄れ	0
老い耄れる	0
老け	0
老ける	2
老け込む	0
老け役	0
老ゆ	0
老翁	3
老化	0
老化現象	4
老海鼠	1
老害	0
老冠	3
老眼	0
老眼鏡	0
老妓	1
老朽	0
老朽化	0
老境	0
老躯	1
老犬	0
老後	0
老公	1
老功	0
老巧	0
老骨	0
老妻	0
老子	0
老師	1
老死	0
老実	0
老若	0
老若男女	5
老弱	0
老手	1
老酒	1
老儒	1
老樹	1
老醜	0
老熟	0
老女	1
老将	0
老少	0
老少不定	5
老松	0
老嬢	0
老紳士	3
老臣	0
老人	0
老人ホーム	5
老人医療	5
老人語	0
老人性	3
老人性痴呆	7
老人病	0
老人病院	5
老人福祉施設	8
老人保健施設	8
老衰	0
老杉	0
老成	0
老成る	2
老生	0
老僧	0
老荘	0
老荘思想	5
老体	0
老大家	3
老大国	3
老中	1
老鳥	0
老頭	3
老頭児	0
老猫	0
老年	0
老年期	3
老農	0
老婆	1
老婆心	3
老婆心切	4
老婆親切	4
老廃	0
老廃物	3
老輩	0
老梅	0
老病	0
老夫婦	3
老婦	1
老父	1
老兵	0
老舗	0
老鋪	1
老母	1
老僕	0
老麺	2
老木	0
老爺	0
老優	0
老雄	0
老幼	0
老来	1
老齢	0
老齢年金	5
老練	0
老婢	1
老媼	0
老獪	0
聾	1
聾する	3
聾唖	1
聾唖学校	4
聾唖者	3
聾学校	3
聾桟敷	4
聾者	1
蝋	1
蝋引き	0
蝋細工	3
蝋紙	1
蝋燭	3
蝋色漆	4
蝋人形	3
蝋石	4
蝋染め	0
蝋梅	0
蝋膜	1
蝋纈染め	0
郎君	1
郎子	2
郎女	0
郎党	0
郎等	0
六	2
六つ	3
六つ時	0
六つ切り	0
六ヶ敷い	0
六淫	0
六価クロム	5
六花	1
六角	4
六角形	3
六角柱	4
六角堂	0
六官	2
六感	0
六観音	3
六気	2
六輝	1
六義	1
六卿	0
六境	0
六月	4
六月祓	5
六号記事	5
六合	0
六国	0
六根	0
六根清浄	1
六歳臼歯	5
六三制	0
六時	2
六識	0
六借しい	2
六尺	4
六尺棒	4
六尺褌	5
六種	2
六十	1
六十四卦	5
六十余州	5
六十路	1
六十六部	6
六書	0
六情	2
六神丸	0
六神通	3
六親	0
六親眷属	5
六体	0
六大	2
六大州	3
六知事	3
六地蔵	3
六朝	0
六調子	3
六道	2
六道銭	0
六道輪廻	5
六日	0
六波羅蜜	4
六派哲学	5
六白	0
六百六号	6
六府	1
六部	2
六分儀	3
六分儀座	0
六放海綿	5
六方	3
六方晶系	5
六法	0
六法全書	5
六面体	0
六曜	0
六欲天	4
六連発	3
六腑	1
六韜三略	0
麓	3
禄	1
禄高	2
禄命	0
肋	0
肋間	0
肋間神経	5
肋間神経痛	0
肋筋	0
肋骨	0
肋材	0
肋肉	2
肋膜	0
肋木	0
録する	3
録る	1
録れる	2
録音	0
録音テープ	5
録音機	3
録音盤	0
録画	0
録取	0
論	1
論い	0
論う	4
論じる	0
論ずる	3
論外	0
論議	1
論詰	0
論客	0
論及	0
論究	0
論拠	1
論結	0
論語	0
論功行賞	5
論考	0
論告	0
論策	0
論賛	0
論旨	1
論者	1
論集	0
論述	0
論証	0
論証的	0
論陣	0
論説	0
論説委員	5
論戦	0
論叢	0
論争	0
論題	0
論壇	0
論断	0
論調	0
論定	0
論敵	0
論点	3
論難	0
論破	1
論駁	0
論判	0
論評	0
論文	0
論弁	0
論法	0
論鋒	0
論孟	0
論理	1
論理演算	4
論理回路	4
論理学	3
論理記号	4
論理実証主義	8
論理主義	4
論理積	3
論理素子	4
論理的	0
論理和	3
倭	1
倭鞍	1
倭歌	3
倭絵	3
倭鏡	0
倭琴	4
倭訓	0
倭語	1
倭国	1
倭人	0
倭物	0
倭冦	1
倭寇	1
和	1
和える	2
和え物	2
和する	2
和む	2
和める	3
和やか	2
和ら	0
和らぎ	0
和らぐ	3
和らげる	4
和鞍	0
和英	0
和英辞典	4
和音	1
和歌	1
和菓子	2
和解	0
和楽	0
和姦	0
和漢	1
和漢混交文	1
和漢混淆文	1
和漢薬	2
和机	2
和気	1
和気あいあい	1
和気藹々	1
和気藹藹	1
和気靄々	1
和気靄靄	1
和議	1
和牛	0
和僑	0
和協	0
和鏡	0
和琴	0
和金	0
和訓	0
和敬清寂	0
和敬静寂	0
和語	1
和光同塵	1
和合	0
和国	1
和魂漢才	1
和魂洋才	1
和裁	0
和三盆	2
和傘	0
和産	0
和算	0
和算家	0
和讃	1
和子	1
和紙	1
和字	1
和時計	2
和式	0
和室	0
和酒	1
和習	0
和臭	0
和集合	2
和書	1
和尚	1
和上	0
和色	0
和食	0
和親	1
和人	0
和声	1
和声的短音階	8
和声法	0
和製	0
和製英語	4
和戦	1
和船	0
和僧	0
和装	0
和装本	0
和衷協同	1
和綴	0
和綴じ	0
和同開珎	4
和独	0
和独辞典	4
和布	1
和布蕪	1
和風	0
和服	0
和仏	0
和仏辞典	4
和物	2
和文	0
和文英訳	4
和文体	0
和平	1
和方	1
和睦	0
和本	0
和名	0
和毛	0
和約	0
和薬	0
和訳	0
和様	0
和洋	1
和洋折衷	0
和蘭芹	4
和了	1
和林檎	2
和暦	0
和露	1
和冦	1
和鋏	3
話	3
話し	3
話しかける	5
話しがい	0
話し掛ける	5
話し言葉	4
話し好き	0
話し甲斐	0
話し合い	0
話し合う	4
話し込む	4
話し手	0
話し出す	4
話し上手	4
話し振り	0
話し声	4
話し相手	4
話し中	0
話し方	4
話す	2
話せる	3
話のたね	5
話の種	5
話下手	0
話芸	1
話言葉	4
話好	0
話好き	0
話合い	0
話合う	4
話込む	4
話者	1
話術	1
話上手	4
話声	4
話相手	4
話題	0
話中	0
話頭	0
話半分	4
話柄	0
話変わって	0
話法	0
歪	0
歪み	0
歪む	0
歪める	0
歪曲	0
歪力	1
賄	0
賄い	0
賄い付き	0
賄い方	0
賄う	3
賄方	0
賄賂	1
脇	2
脇の下	3
脇机	3
脇句	2
脇見	3
脇戸	2
脇差	0
脇差し	0
脇座	0
脇士	1
脇侍	1
脇寺	0
脇正面	3
脇息	0
脇柱	3
脇道	0
脇能	2
脇付	0
脇腹	0
脇明け	4
脇毛	0
脇目	3
脇役	0
惑い	2
惑い箸	4
惑う	2
惑わす	3
惑星	0
惑星状星雲	7
惑溺	0
惑乱	0
枠	2
枠外	2
枠型アンテナ	5
枠形アンテナ	5
枠組	0
枠組み	0
枠内	2
枠番連勝	5
鷲	0
鷲づかみ	0
鷲座	0
鷲掴み	0
鷲鼻	0
鷲木菟	4
亙る	0
亘る	0
鰐	1
鰐魚	1
鰐口	0
鰐鮫	2
鰐足	2
鰐皮	0
鰐梨	2
詫び	0
詫びる	0
詫び言	0
詫び状	0
詫び入る	3
詫状	0
藁	1
藁ぐつ	2
藁しべ	2
藁ぶき	0
藁屋根	0
藁灰	0
藁蒲団	3
藁沓	2
藁靴	2
藁細工	3
藁仕事	3
藁紙	2
藁人形	3
藁草履	3
藁塚	0
藁半紙	3
藁布団	3
藁葺	0
藁葺き	0
藁履	2
藁筵	3
藁苞	0
蕨	1
蕨糊	3
蕨手刀	0
蕨粉	0
蕨餅	3
椀	0
椀子そば	4
椀子蕎麦	4
椀種	0
椀盛	0
椀盛り	0
椀飯振る舞い	5
椀飯振舞	5
湾	1
湾外	1
湾岸	0
湾曲	0
湾口	0
湾頭	0
湾内	1
湾入	0
湾流	0
碗	0
腕	2
腕きき	0
腕こき	0
腕ずく	0
腕ずもう	3
腕っこき	0
腕っぷし	0
腕っ扱き	0
腕っ節	0
腕まくり	3
腕扱き	4
腕貫	0
腕捲り	3
腕骨	1
腕試し	3
腕時計	3
腕自慢	3
腕首	2
腕章	0
腕飾	3
腕飾り	3
腕尽	0
腕尽く	0
腕前	0
腕組	3
腕組み	3
腕相撲	3
腕足類	4
腕袋	3
腕捻り	4
腕白	0
腕白小僧	6
腕白盛り	5
腕比べ	3
腕枕	3
腕木	0
腕利き	0
腕立	0
腕立て伏せ	4
腕立伏せ	4
腕力	1
腕力沙汰	0
腕輪	0
丼	0
丼ぶり	0
丼もの	0
丼勘定	5
丼鉢	4
丼飯	4
丼物	0
乖離	1
乘る	1
亂暴	0
于蘭盆	0
亢進	0
亢竜	0
仍って	0
仍りて	0
仍孫	0
仄々	3
仄か	1
仄めかす	4
仄めく	3
仄暗い	4
仄声	0
仄白い	4
仄聞	0
仄明かり	3
仄仄	3
仆す	2
仆れる	3
仟	1
佚する	0
佚楽	0
佚書	1
估券	0
佛教	0
佛種	1
佛像	0
佝僂	1
佝僂病	0
佗	0
佗しい	3
佗びる	2
佗び寝	0
佗言	0
佗住い	3
佗住居	3
佗寝	0
佇い	3
佇まい	3
佇む	3
佇立	0
侏儒	1
侘	0
侘しい	3
侘び	0
侘びしい	3
侘びる	2
侘び言	0
侘住い	3
佩	1
佩く	0
佩びる	2
佩剣	0
佩刀	0
佩用	0
佰	2
佯狂	0
儘	2
儘ならぬ	4
儘に	0
儘よ	2
俟つ	1
俎	1
俎上	0
俎豆	0
俎板	0
俘囚	0
俘虜	1
俚言	0
俚諺	0
俚語	1
俚耳	1
俚俗	1
俚謡	0
俤	0
俥	0
倚り懸かる	4
倚子	1
倨傲	0
倔強	0
倥偬	0
倅	0
伜	0
倡楼	0
倡和	0
倡佯	0
倩	1
俯き	0
俯く	3
俯け	0
俯ける	4
俯す	3
俯せ	0
俯せる	4
俯角	0
俯仰	0
俯向き	0
俯向く	3
俯向け	0
俯向ける	4
俯伏	0
俯伏す	3
俯瞰	0
俯瞰撮影	4
俯瞰図	2
偃臥	1
偃月	0
偃月刀	0
偃塞	0
偃武	1
假名	0
偕楽	1
偕老	0
偕老同穴	0
偈	1
偖	1
偸む	2
偸安	0
偸閑	0
偸盗	0
傀儡	0
傀儡師	3
傀儡政権	5
傚う	2
傅	1
傅く	3
傅育	0
傴僂	0
傲る	0
傲岸	0
傲岸不遜	0
傲然	0
傲慢	0
傲倨	1
僥倖	0
僭す	0
僭する	3
僭位	1
僭越	0
僭王	0
僭主	1
僭称	0
僭上	0
僭用	0
僣越	0
僮僕	0
儁才	0
儁秀	0
儂	0
儕	0
儕輩	0
儚い	3
儚む	3
儼	1
儼然	0
兀鷹	0
兀頭	0
兌	1
兌換	0
兌換銀行	4
兌換券	2
兔	0
冀う	1
冀図	2
冀望	0
冂構え	3
冏構え	3
冑	1
冑魚	3
冕	1
冕冠	1
冖冠	3
冤	1
冤罪	0
冤枉	0
冢	2
冢宰	0
冪	1
冪々	0
冪級数	3
冪指数	4
冪集合	3
冪冪	0
冱え	2
冱える	2
冱え冱え	3
冲する	3
况や	2
冽々	0
冽冽	0
凛	1
凛々	0
凛々しい	3
凛然	0
凛烈	0
凛冽	0
凛凛	0
凛凛しい	3
几案	0
几下	1
几帳	0
几帳面	4
凩	2
凭せかける	0
凭せ掛ける	0
凭り掛かる	4
凭れる	3
凭れ掛かる	5
凭れ掛る	5
凰	0
凾	0
刎ねる	2
刎ね上がる	4
刎頚	0
刎死	0
刎頸	0
刪修	0
刪定	0
刮ぐ	2
刮げる	0
刮目	0
刳い	2
刳り	2
刳り貫く	3
刳り舟	0
刳り船	0
刳り抜く	3
刳る	1
刳れる	3
刳貫く	3
刳形	0
刳舟	0
刳船	0
刳抜く	3
刳味	3
刹	1
刹帝利	3
刹那	1
刹那主義	4
刹那的	0
剔	0
剔る	2
剔出	0
剔除	1
剔抉	0
剪み切る	4
剪む	2
剪裁	0
剪枝	1
剪除	1
剪断	0
剪断応力	5
剪定	0
剪刀	0
剪毛	0
剴切	0
剳青	0
剿滅	0
剽げる	3
剽軽	3
剽軽る	3
剽軽者	0
剽窃	0
剽盗	0
剽悍	0
劍	1
劒	3
劈	1
劈く	3
劈開	0
劈頭	0
辨	1
辨え	0
辨慶	1
辨財天	3
辨当	3
辨當	3
勁捷	0
勁草	0
勁卒	0
勁敵	0
勁悍	0
勦討	0
匆匆	0
匈奴	1
匍う	1
匍球	0
匍匐	0
匍匐茎	3
匍匐前進	4
匏	0
匕首	0
匚構え	3
匣	0
匸構え	4
區別	1
卆寿	1
卆倒	0
卅	1
卍	0
卍字	0
卍巴	4
卩	0
卮	0
厂	0
厖大	0
厠	0
厠の神	5
厥冷	0
簒奪	0
簒立	0
雙六	0
曼珠沙華	3
曼陀羅	0
曼荼羅	0
叮嚀	1
叺	0
叺鰆	4
吭	1
吼える	2
吼え声	3
吼え立てる	4
吼猿	3
吶喊	0
吝い	2
吝か	0
吝しむ	2
吝ん坊	0
吝嗇	0
吝嗇ん坊	2
吝嗇家	0
吝嗇臭い	4
呵	0
呵々	1
呵々大笑	1
呵り	0
呵る	0
呵責	0
呵呵	1
呵呵大笑	1
咎	1
咎め	3
咎める	3
咎め立て	0
咎人	0
呟き	0
呟く	3
呱々	1
呱呱	1
呷る	2
咒い	0
咒詛	1
呻き	3
呻き声	4
呻く	2
呻る	2
呻吟	0
咀嚼	0
咀嚼筋	0
呶鳴り込む	4
呶鳴り散らす	5
呶鳴り声	4
呶鳴り付ける	5
呶鳴り立てる	5
呶鳴る	2
咄	3
咄々	0
咄す	2
咄家	0
咄咄	0
咄嗟	0
咄嗟に	0
咆哮	0
咥えこむ	4
咥える	0
咥え込む	4
咬み傷	2
咬む	1
咬筋	0
咬傷	0
咬創	0
哄笑	0
哄然	0
咫尺	1
哥沢	0
哮り立つ	4
哮る	2
哭く	2
哺育	0
哺乳	0
哺乳期	2
哺乳動物	4
哺乳瓶	2
哺乳類	2
啀み合い	0
啀み合う	4
啜りなく	4
啜り泣き	0
啜り泣く	4
啜り込む	4
啜り上げる	5
啜る	0
啜上げる	5
啖呵	0
唸り	3
唸り声	4
唸る	2
喙	0
喀血	0
喀痰	0
喀痰検査	5
喊声	0
喟然	0
啻ならぬ	4
啻に	1
喘ぎ	3
喘ぎ喘ぎ	4
喘ぐ	2
喘音	0
喘息	0
喘鳴	0
喞筒	0
單細胞	3
啼く	0
啼鳥	0
啼兎	3
喃語	0
喩え	3
喩える	3
喩え歌	3
喇叭	0
喇叭飲み	0
喇叭管炎	4
喇叭手	3
喇叭水仙	4
喇嘛	1
喨喨	0
嗚咽	0
嗚呼	1
嗅ぎつける	4
嗅ぎタバコ	3
嗅ぎ煙草	3
嗅ぎ回る	4
嗅ぎ取る	3
嗅ぎ出す	3
嗅ぎ茶	2
嗅ぎ当てる	4
嗅ぎ付ける	4
嗅ぎ分ける	4
嗅ぐ	0
嗅煙草	3
嗅覚	0
嗅細胞	3
嗅神経	3
嗅脳	0
嗟	1
嗟嘆	0
嗟歎	0
嗄びる	3
嗄らす	0
嗄れる	1
嗄れ声	3
嗄れ嗄れ	0
嗄声	0
嗜み	0
嗜む	3
嗜虐	0
嗜虐的	0
嗜好	0
嗜好品	0
嗜癖	0
嗜眠	0
嗜眠性脳炎	6
嗤い	0
嗤う	0
嗤笑	0
嗔恚	1
嘔き気	3
嘔気	0
嘔吐	1
嘔吐く	1
嘖む	3
嗾ける	4
嗽	0
嗽ぐ	4
噎せる	0
噎せ返る	3
噎び泣き	0
噎ぶ	0
嘴	0
嘴広鴨	5
嘴細鴉	5
嘴太鴉	5
嘶き	0
嘶く	3
嘲けり	0
嘲ける	3
嘲ら笑う	5
嘲り	0
嘲る	3
嘲笑	0
嘲笑い	4
嘲笑う	4
嘲罵	1
嘲弄	0
嘸	1
嘸かし	1
嘸や	1
噫	1
噤む	2
嘯く	3
噬斉	0
噬臍	0
噪音	0
嚆矢	1
嚊	1
嚠喨	0
嚔	2
嚏	2
嚏の木	6
嚥下	1
嚮後	0
嚮導	0
囂々	0
囂しい	5
囂囂	0
嚼む	1
囁き	0
囁く	3
囃したてる	5
囃し立てる	5
囃す	2
囃子	3
囃子言葉	4
囃子詞	4
囃子方	0
囀り	0
囀る	3
囈言	0
囈語	0
囓る	2
囗	3
囮	0
囮捜査	4
國	0
團平喜佐古	5
圖解	0
坎	1
坎軻	1
坏	0
坩堝	1
垓	1
垤	0
埃	0
埃っぽい	5
埒	1
埒が明く	1
埒もない	1
埒外	2
埒内	2
埓が明く	1
堋	1
堙滅	0
堡礁	0
堡塁	0
毀す	2
毀つ	2
毀れ	3
毀れる	3
毀壊	0
毀棄	1
毀傷	0
毀損	0
毀誉	1
毀誉褒貶	1
塒	0
塹壕	0
墻壁	0
壅がる	0
壅ぐ	0
壜	1
壜詰	0
壜詰め	0
壟畝	1
壟断	0
壺	0
壺皿	0
壺焼	0
壺焼き	0
壺庭	0
壻	1
壽	2
夊繞	0
夥しい	5
夥多	1
夭死	0
夭逝	0
夭折	0
夾角	0
夾雑物	4
夾侍	1
夾鐘	0
夾竹桃	0
奕世	0
奕奕	0
奎	1
奎宿	0
奚	0
奚琴	0
奢り	0
奢る	0
奢侈	1
奠都	1
奸	1
奸悪	0
奸計	0
奸策	0
奸臣	0
奸賊	0
奸知	1
奸智	1
奸物	0
奸譎	0
奸黠	0
佞悪	0
佞姦	0
佞者	1
佞臣	0
佞人	0
佞智	1
佞弁	0
佞奸	0
妍醜	0
姙る	3
娑婆	0
娑婆っ気	0
娑婆気	0
娑羅	1
娑羅双樹	3
婀娜	0
婀娜っぽい	4
婀娜めく	3
婬	1
婉曲	0
婉然	0
婉美	1
娵	0
娵入り	0
娶る	2
婢	1
婢女	0
媚	1
媚かしい	5
媚び	1
媚びへつらう	1
媚びる	2
媚び諂う	1
媚る	2
媚笑	0
媚態	0
媚薬	0
媼	1
媾曳き	0
媾合	0
嫋か	2
嫋やか	2
嫂	2
嫣然	0
嫗	1
嫩芽	1
嫩葉	0
嬌姿	1
嬌笑	0
嬌声	0
嬌態	0
嬌名	0
嬌羞	0
嬲り殺し	0
嬲る	2
嬶	1
嬶天下	4
嬾惰	1
孀	0
孑然	0
孑孑	0
孕み女	4
孕み箸	4
孕む	2
孕る	3
孰か	0
孰れ	0
孰れか	0
孰方	1
孳尾む	2
孵す	1
孵る	1
孵化	1
孵化器	2
孵化場	0
孵卵	0
孵卵器	2
學ぶ	0
學校	0
孺子	1
宀部	1
宦官	0
宸翰	0
寃罪	0
寇する	2
寔に	0
寐語	1
寐坊	0
實に	0
實手	0
寥寥	0
寶	3
寳	3
專門	0
尠い	3
尠からず	4
尠くとも	3
尠くも	3
尢	1
尨	1
尨犬	0
尨大	0
尨毛	0
尸	0
尸位素餐	1
尸冠	5
尸童	0
尹	1
屁	0
屁っぴり腰	4
屁っ放り	4
屁っ放り腰	4
屁っ放り虫	4
屁の河童	1
屁糞葛	4
屁放き虫	3
屁放り	3
屁理屈	2
屆ける	3
屎	2
屎尿	0
屏	0
屏居	1
屏禁	0
屏息	0
屏風	0
屏風絵	0
屏風岩	3
屹然	0
屹度	1
屹立	0
岌岌	0
峙つ	3
峭刻	0
嵌まり込む	4
嵌まり役	0
嵌まる	0
嵌める	0
嵌め込み	0
嵌め込む	3
嵌め殺し	0
嵌め木細工	4
嵌り込む	4
嵌り役	0
嵌る	3
嵌合	0
嵌入	0
嶄絶	0
嶮	1
嶮しい	3
嶮峻	0
嶮岨	1
嶮難	0
嶮路	1
巉巌	0
巉絶	0
巍然	0
巖	2
巫子	0
巫者	1
巫祝	0
巫術	1
巫女	1
巫女寄せ	0
巫女舞	2
巫覡	1
已に	1
已の事	6
已む	0
已むなく	3
已む無く	3
已める	0
已往	0
已下	1
已後	1
已上	1
已前	1
已然形	0
巵	0
巵子	0
帚	0
帚星	3
帙	2
帛紗	0
帶	1
帷	0
帷子	0
帷帳	0
帷幕	1
帷幄	0
帷幄上奏	0
幄	0
幄舎	1
幔幕	0
幟	0
幟邑	3
幢	1
幢幡	0
幇間	0
幇助	1
并合	0
并呑	0
广	0
庠	0
庠序	1
廂	0
廐	0
廏	0
廣い	2
廚	0
廚房	0
廬	1
廬舎	1
廴繞	0
弋人	0
弑逆	0
弖爾乎波	0
弩	0
弩級	0
弩級艦	0
弭	0
彌榮	0
彎曲	0
彎月	1
彎入	0
弯曲	0
弯入	0
彑頭	3
彗星	0
彙報	0
彙類	0
彡旁	3
彭湃	1
彳	3
彳む	3
彷彿	0
彷徊	0
彷徨	0
彷徨う	3
彷徨き回る	6
彷徨く	0
從う	0
徘徊	0
徭役	0
忖度	1
忻然	0
忸怩	1
忝い	5
忿然	0
忿怒	1
忿懣	0
怡悦	0
怡然	0
怡怡	1
怱卒	0
怱怱	0
怏々	0
怏怏	0
怺える	3
恟然	0
恟恟	0
恍け	3
恍ける	3
恍け顔	0
恍惚	0
恍然	0
恣	2
恣意	1
恣意性	0
恣意的	0
恃み	3
恃む	2
恤む	0
恬	0
恬として	1
恬然	0
恬淡	0
恫喝	0
恙ない	4
恙む	2
恙虫	3
恙虫病	0
恙無い	4
悍ましい	4
悍馬	1
惧れる	3
悚然	0
悄々	1
悄れる	0
悄気る	2
悄気込む	0
悄気返る	3
悄然	0
悄悄	1
悖る	2
悖徳	0
悖反	0
悒欝	0
悒鬱	0
悋気	1
悋嗇	0
惡い	2
惡るい	2
惡口	0
惡戲	0
悸える	0
悴	0
悴せる	0
悴む	0
悽惨	0
悽絶	0
悽愴	0
惘々	0
惘れる	0
惘然	0
惘惘	1
愕く	3
愕然	0
惶懼	1
惷動	0
惻々	0
惻隠	0
惻惻	0
愍笑	0
愍然	0
愍諒	0
慇懃	0
慇懃無礼	5
愧じる	2
愧死	1
愧赧	0
慊りない	0
慊りる	0
慊る	0
慄く	3
慄然	0
慷慨	0
慙じる	2
慙死	0
慙恚	1
慙愧	1
慚死	0
慚恚	1
慚愧	1
慫慂	0
慥か	1
慥かめる	4
慟哭	0
憖	0
憖い	0
憖っか	0
憬れ	0
憬れる	0
憔悴	0
憚り	0
憚り乍ら	5
憚り様	0
憚る	3
憑かれる	3
憑き物	2
憑く	1
憑み	3
憑む	2
憑依	1
憑拠	1
憑坐	0
憑子	0
憑代	0
憑物	2
憫れ	1
憫察	0
憫笑	0
憫然	0
憫諒	0
憮然	0
懊悩	0
應需	1
懷	0
懈い	2
懈怠	0
罹る	2
罹患	0
罹患率	2
罹災	0
罹災者	2
罹病	0
罹病率	2
懦弱	0
懶	0
懶い	3
懶ける	3
懶け者	0
懶げ	3
懶熊	3
懶惰	1
懺悔	1
懺法	0
懼る	2
懼れる	3
戈	0
戈構え	3
戈旁	3
戍る	2
戍卒	1
戌	2
戌亥	1
戛然	0
戛飛ばす	4
戛戛	0
截ち割る	0
截つ	1
截り金	2
截る	1
截金	0
截然	0
截断	0
截断面	3
戲ける	1
戲け者	0
戲言	0
扁たい	0
扁額	0
扁球	0
扁形	0
扁形動物	5
扁舟	0
扁蜘蛛	4
扁虫	2
扁爪	0
扁桃	0
扁桃炎	3
扁桃腺	0
扁桃油	3
扁平	0
扁平足	3
扁平苔癬	5
扁平率	3
扣え	3
扣える	3
扣除	1
扛秤	1
扠	1
扠置く	1
扨	1
扨も	1
扼す	2
扼殺	0
抉じる	2
抉じ開ける	4
抉じ入れる	4
抉り出す	4
抉る	2
抉れる	0
抒情	0
抒情詩	2
抓み	0
抓む	0
抓る	2
抔	1
拗くれる	4
拗ける	3
拗じる	2
拗ねる	2
拗ね者	0
拗らす	3
拗らせる	4
拗る	2
拗れる	3
拗音	1
拏捕	1
拿捕	1
拈くる	3
拈り	3
拈る	2
拈華微笑	1
拇印	0
拇指	0
拇趾	1
抛げ入れ	0
抛つ	3
抛る	0
抛棄	1
抛入れ	0
抛物線	0
抛物面	4
抛擲	0
拉ぐ	2
拉げる	3
拉致	1
拉麺	1
挌技	1
挌闘	0
挌闘技	3
拮抗	0
拮抗筋	0
拮据	1
拱く	3
拱ねく	3
拱手	1
拱手傍観	1
挂冠	0
拵え	0
拵える	0
拵え事	0
拵え物	0
捏ち上げ	0
捏ち上げる	5
捏っち上げ	0
捏っち上げる	5
捏ね	0
捏ねくり返す	5
捏ねる	2
捏ね回す	0
捏ね上げる	0
捏ね返す	0
捏回す	4
捏造	0
捏返す	3
掖	2
掣肘	0
掏り替える	0
掏る	1
掏児	1
掏替える	4
掏摸	1
掉尾	1
掟	0
捩じり	3
捩じり鉢巻き	5
捩じる	2
捩じれる	3
捩じ開ける	4
捩じ曲げる	0
捩じ向ける	0
捩じ込む	3
捩じ取る	0
捩じ上げる	4
捩じ切り	0
捩じ切る	3
捩じ倒す	4
捩じ鉢巻き	4
捩じ伏せる	4
捩り	3
捩り秤	4
捩る	2
捩れる	3
捩れ秤	4
捩花	0
捩開ける	4
捩曲げる	0
捩向ける	4
捩込む	3
捩子	1
捩上げる	4
捩切る	3
捩伏せる	4
揆	1
揣摩憶測	1
揣摩臆測	1
揉みくた	0
揉みくちゃ	0
揉み解す	4
揉み革	0
揉み苦茶	0
揉み合い	0
揉み合う	3
揉み手	0
揉み出す	3
揉み消す	3
揉み上げ	0
揉み皮	0
揉み返し	3
揉み立てる	4
揉み療治	3
揉む	0
揉め	0
揉める	0
揉め事	0
揉烏帽子	3
揉解す	4
揉合う	3
揉事	0
揉出す	3
揉消す	3
揉上げ	0
揉療治	3
插入	0
揶揄	1
揶揄い	3
搦み合う	4
搦める	3
搦め取る	4
搦め手	0
搦め捕る	4
搦手	0
搗き臼	3
搗き交ぜる	4
搗き立て	2
搗く	1
搗ち割り	0
搗ち栗	2
搗ち合う	0
搗栗	2
搗精	0
搗布	0
搏動	0
搏風	1
摧く	2
摧ける	3
摯実	1
攪乱	0
攪拌	1
攪拌機	3
撓	0
撓う	2
撓み	3
撓む	2
撓める	3
撓る	2
撓わ	0
撓垂れる	0
撓垂れ掛かる	6
撥	2
撥ね	2
撥ねかす	3
撥ねつける	4
撥ねる	2
撥ね除ける	4
撥ね上げる	4
撥ね退ける	4
撥ね釣瓶	3
撥ね箸	3
撥ね飛ばす	4
撥ね付ける	4
撥ね物	2
撥音	2
撥音便	3
撥条	0
撥水	0
撥皮	0
撥面	2
撥鬢	0
撩乱	0
擒	3
擅	2
擅断	0
擂りつぶす	4
擂り餌	0
擂り下ろす	0
擂り胡麻	0
擂り身	3
擂り潰す	4
擂り鉢	2
擂り半	0
擂り半鐘	3
擂り粉木	3
擂り流し	0
擂る	1
擂れる	2
擂胡麻	0
擂潰	0
擂潰す	4
擂鉢	2
擂粉木	3
擂盆	0
擱座	0
擱筆	0
擡げる	0
擡頭	0
擯斥	0
擲つ	3
擲り込む	4
擲り飛ばす	5
擲る	2
擲弾	0
擲弾筒	0
攀じる	2
攀じ上る	4
攀じ登る	4
攀援	1
攀縁	1
攀縁茎	3
擽ぐったい	5
擽ぐる	0
擽ったい	5
擽り	0
擽る	0
攘夷	1
攘夷論	3
攣	1
攣り目	0
攣る	1
攣縮	0
攫う	0
攫む	2
攴	0
攴繞	0
攵	0
攵繞	0
敲き	3
敲く	2
數度	1
斂葬	0
斃す	2
斃れる	3
斃死	0
斃仆	0
斛	1
斟酌	1
旁	3
旁々	2
旁註	0
旁点	0
旁旁	2
旌	2
无	1
无れ	2
旱	0
旱り	0
旱害	0
旱損	0
旱天	0
旱魃	0
杳	1
杳として	1
昵近	0
昵懇	0
昴	1
昴宿	0
昴星	0
晏然	0
晏如	1
晨朝	1
暈	1
暈かす	2
暈ける	2
暈し	3
暈す	2
暈繝	0
暝る	1
曉	0
曖々	0
曖昧	0
曖昧アクセント	5
曖昧宿	0
曖昧茶屋	5
曖昧模糊	5
曖曖	0
曚昧	0
曠原	0
曠古	1
曠職	0
曠世	0
曠然	0
曠野	0
曠曠	0
曩に	0
曰く	0
曰く付き	0
曰ふ	3
朦々	0
朦朦	0
朦朧	0
朧	0
朧げ	0
朧ろ	0
朧ろ月夜	5
朧ろ夜	3
朧雲	4
朧気	0
朧月	3
朧月夜	5
朧昆布	4
朧夜	3
朮	0
杆状体	0
杞憂	0
杠秤	1
杙	1
枉げる	0
枉惑	0
杼	1
杪	0
杪冬	0
枡	2
枡形	0
枡酒	0
枡席	0
枡組	0
枡組み	0
枡売り	0
枡目	0
枷	1
枳	0
枳殻	0
柩	0
柩車	1
枸橘	0
枸杞	1
枸櫞	0
枸櫞酸	0
枸櫞酸回路	6
柞	1
柝	1
枹	1
檜	0
檜扇	2
檜皮	0
檜皮色	0
檜皮葺	0
檜皮葺き	0
檜舞台	4
檜木	0
檜葉	1
栞	0
框	0
栩板	0
栩葺	0
栩葺き	0
栲	1
桎梏	0
梳かす	2
梳く	1
梳る	4
梳毛	0
梳毛織物	4
桙	0
桷	1
桿菌	0
桿状体	0
梟	2
梟する	3
梟悪	0
梟罪	0
梟首	1
梟将	0
梟敵	0
梟猛	0
梟雄	0
梏	1
梏桎	0
梭	1
梭魚	0
梭子魚	0
梭子魚鰆	4
梭尾	2
梔	0
梔子	0
梛	1
梛筏	3
梃	1
梃子	1
梃子摺る	3
梃摺る	3
梃入れ	0
桴	0
梵	1
梵唄	0
梵学	0
梵語	0
梵妻	0
梵字	0
梵鐘	0
梵僧	0
梵天	0
梵刹	0
梺	3
棊	1
棊局	1
棊子麺	0
椈	1
椈の木	1
棘	0
棘魚	2
棘鼠	3
棘皮動物	4
棍棒	0
棧橋	0
棕梠	0
棕櫚	0
棕櫚竹	0
棕櫚箒	3
椶櫚	0
椒	0
棗	0
棗椰子	4
棹	2
棹差す	2
棹秤	3
棹物	2
棹物菓子	5
棹立ち	0
棠梨	1
椨	1
椨の木	1
椪柑	3
椚	0
椣	1
楷行草	1
楷書	0
楫	1
楫取り	2
楔	0
楔形	0
楔形文字	5
楔子	1
楔状	0
楔状骨	3
楔石	3
楮	1
楮紙	0
椹	0
椽	0
椽側	0
椰胡	1
椰子	1
椰子科	0
椰子蟹	2
椰子油	2
楡	0
楝	1
楪	0
楪子	0
榮耀榮華	3
槐	0
槐樹	1
槓子	1
榾	1
榾柮	1
寨	0
榻背	0
榧	1
榧味噌	0
榕	1
榕樹	0
榴輝岩	3
榴散弾	3
榴弾	0
榴弾砲	3
槿	0
槲	0
樅	1
榱	0
槭樹	0
樒	2
橄欖	0
橄欖岩	3
橄欖石	3
橇	0
橢円	0
橙	3
橙黄色	3
橙花油	3
橙色	0
橙酢	3
橙皮油	3
橈む	2
橈める	3
橈脚類	4
橈骨	1
樸樹	1
樸直	0
檐	0
檄	1
檄文	0
檣	2
檣楼	0
檻	2
櫃	0
櫂	1
檳榔	0
檳榔子	3
檳榔樹	3
櫑子	1
櫟	0
櫪	0
櫻	0
欅	0
蘖	0
蘖え	0
櫺子	0
欒樹	3
鬱	1
鬱々	0
鬱ぎ込む	4
鬱ぐ	0
鬱気	0
鬱金	0
鬱金香	0
鬱金色	0
鬱屈	0
鬱血	0
鬱状態	3
鬱積	0
鬱然	0
鬱蒼	0
鬱滞	0
鬱陶しい	5
鬱病	0
鬱憤	0
鬱勃	0
鬱鬱	0
欹てる	4
飮み屋	2
飮む	1
飮屋	2
歔欷	1
歔欷き	0
歹偏	0
歿	1
歿する	3
歿後	1
歿前	0
歿地	0
殄滅	0
殃	0
殪す	2
殪れる	3
殯宮	0
殲滅	0
殳	0
殳旁	3
殷々	0
殷盛	0
殷賑	0
殷富	1
殷墟文字	4
殷殷	0
毋れ	2
毟り取る	4
毟る	0
毬	1
毬果	0
毬栗	2
毬栗頭	5
毬藻	0
毬投げ	3
毫も	1
毫光	0
毫末	0
毫釐	1
毳	1
麾下	1
氈瓜	2
氈鹿	0
氣儘	0
汪然	0
汪汪	0
沁みつく	3
沁みる	0
沁み込む	3
沁み着く	3
沁み透る	3
沁み付く	3
沛然	0
沐浴	0
沐猴	0
泄れ	1
沽券	0
泝る	4
沮む	2
沮止	1
沮喪	0
泛かぶ	0
泛かべる	0
泛ぶ	0
泛べる	0
泛称	0
泪	1
洟	0
洟垂らし	0
洟垂れ	0
洟垂れ小僧	6
洟水	0
衍字	0
衍文	0
洵に	0
洵美	1
洒々	1
洒々落々	1
洒脱	0
洒落	0
洒落た	0
洒落っ気	0
洒落る	0
洒落込む	3
洒落者	0
洒落臭い	4
洒落本	0
洒洒	1
洒洒落落	1
浣熊	2
浣腸	0
浚う	0
浚渫	0
浚渫船	0
涎	0
涎掛け	3
涕	1
涅槃	0
涅槃会	2
涅槃経	2
涅槃原則	4
涅槃西風	2
涅槃雪	2
淹れる	0
涵養	0
淦	2
淦水	0
涸びる	3
涸らす	0
涸れる	0
涸れ涸れ	0
涸渇	0
涸沼糸蜻蛉	6
淪落	0
湮滅	0
渙散	0
渙然	0
渾身	0
渾然	0
渾然一体	0
渾天儀	3
渾沌	0
渾名	0
渾淆	0
渾渾	0
渫う	0
渺々	0
渺渺	0
渺茫	0
滿足	1
游ぎ	3
游ぐ	2
游泳	0
游魚	1
游侠	0
游撃	0
游蛇	1
溷濁	0
滓	1
滓酢	2
溯る	4
溯河魚	4
溯及	0
溯源	0
溯航	0
滄海	0
滄海桑田	5
滄浪	0
滄溟	0
溲瓶	0
滔々	0
滔滔	0
滂沱	1
滂湃	0
灌ぐ	0
灌水	0
灌腸	0
灌頂	0
灌仏会	4
灌木	0
灌流	0
灌漑	0
滾々	0
滾る	2
滾滾	0
漿	1
漿液	1
漿果	1
漿尿膜	3
漿膜	0
滲みる	0
滲み出す	3
滲み出る	4
滲む	2
滲出	0
滲炭鋼	3
滲透	0
漱	0
漱ぐ	0
漱石枕流	0
漲る	3
澆季	1
潺潺	0
澁い	2
濳む	2
潭	2
澎湃	0
澳	0
澹澹	0
澪	0
澪標	3
濛々	0
濛濛	0
瀉する	2
瀉下	1
瀉血	0
瀉剤	0
瀉腹	0
瀉薬	0
瀑声	0
瀑布	1
瀏亮	0
濾し布	0
濾す	0
濾過	1
濾過器	2
濾過性病原体	0
濾紙	1
濾水	0
濾胞	0
瀝青	0
瀝青炭	0
瀘過器	2
瀟洒	1
瀟灑	1
瀰漫	0
炙り出し	0
炙り出す	4
炙る	2
炒め	0
炒める	3
炒め煮	0
炒め物	0
炒りつける	4
炒り玉子	3
炒り子	0
炒り豆	0
炒り豆腐	3
炒り付ける	4
炒り粉	0
炒り卵	3
炒る	1
炒れる	2
炒豆	2
炒飯	1
炒粉	0
炒麺	1
炯々	0
炯眼	0
炯然	0
炯炯	0
烱々	0
烱烱	0
炬	1
炬火	1
炬燵	0
炬燵掛	0
炬燵掛け	0
炬燵櫓	4
炸れつ	0
炸麺	1
炸薬	0
炸裂	0
炮烙	0
烟	0
烟い	3
烟たい	0
烟たがる	4
烟る	2
烟管	0
烟出し	0
烟草	0
烟突	0
烟波	1
烝民	0
烙印	0
焉んぞ	3
烽煙	0
烽火	1
烽烟	0
焜炉	1
焙じる	0
焙じ茶	3
焙ずる	0
焙り出し	0
焙り出す	4
焙る	2
焙焼	0
焙煎	0
焙炉	1
焙烙	0
煥発	0
煕煕	1
煢然	0
煢独	0
煌々	0
煌く	1
煌びやか	0
煌めき	0
煌めく	3
煌星	2
煌煌	0
煖気	1
煖房	0
煖炉	1
熏し銀	0
熏蒸	0
熏蒸剤	3
熏製	0
燻し	0
燻し銀	0
燻す	2
燻ぶる	3
燻べる	3
燻らす	3
燻り出す	4
燻る	2
燻煙	0
燻蒸	0
燻蒸剤	3
燻製	0
熨	2
熨斗	2
熨斗糸	2
熨斗紙	2
熨斗袋	3
熨斗目	3
熨斗鮑	3
熬り子	0
熬る	1
熬れる	0
燗	0
燗酒	0
燗徳利	3
燗番	0
燗冷まし	0
熾きる	2
熾す	2
熾火	0
熾烈	0
燔祭	0
燎原	0
燠	0
燠火	0
燧	3
燧石	0
燧鉄	3
燿く	3
爛々	0
爛れる	0
爛れ目	0
爛熟	0
爛漫	0
爛爛	0
爨ぐ	2
爬う	1
爬行	0
爬虫類	2
爬竜	1
爬龍	1
爲に	2
爻	1
爻辞	0
爼	0
爿偏	0
牀	1
牀几	0
牀榻	0
牆	2
牆壁	0
牴触	0
牴牾	0
犂	0
犂星	4
犇々	1
犇く	3
犇と	1
犇めき	0
犇めき合う	5
犇めく	3
犇犇	1
犒い	3
犒う	3
犢	0
犢鼻褌	0
狆	1
狆くしゃ	0
狎れる	2
狒々	1
狒狒	1
狢	0
狡	1
狡い	2
狡休み	3
狡賢い	5
狡辛い	4
狡知	1
狡智	1
狡兎	1
狡猾	0
狷介	0
猊下	1
猜む	2
猜疑	1
猜疑心	3
猩々	3
猩々蝿	3
猩々緋	3
猩々蠅	3
猩紅熱	3
猩猩	3
猩猩草	0
猩猩蝿	3
猩猩緋	3
猩猩蠅	3
猥ら	1
猥り	1
猥りがましい	6
猥りがわしい	6
猥りに	1
猥言	0
猥語	0
猥雑	0
猥談	0
猥本	0
猥褻	0
猥褻罪	4
獏	1
獨活	1
獰悪	0
獰猛	0
獺	1
獺虎	0
獺祭	0
玳瑁	0
玻璃	1
玻璃器	2
玻璃長石	3
珥とう	0
珮	1
琥珀	0
琥珀酸	0
琥珀色	0
琥珀糖	0
琺瑯	0
瑕	0
瑕瑾	0
瑕疵	1
瑕疵担保責任	6
瑟	2
瑜伽	1
瑣事	1
瑣談	0
瑣末	0
瑪瑙	1
瑶台	0
璞	0
璞玉	0
璧	1
瓠	0
瓣	1
瓩	3
瓩米	6
瓮	1
瓲	1
甃石	0
甌穴	0
甍	0
甕	2
甕棺	0
甕菜	0
甞める	2
甦える	3
甦る	3
甦生	0
畚	1
畸型	0
畸形	0
畸形児	2
畸人	0
疆域	0
疊	0
疚しい	3
疝気	0
疥癬	0
疥癬虫	0
疣	1
疣々	0
疣蛙	3
疣痔	2
疣足	2
疣鯛	0
疣猪	3
疣疣	0
疣贅	0
痂	0
痂皮	1
疳	0
疳の虫	0
疳高い	4
疳性	0
疳癪	0
疳癪玉	0
疵	0
疵つく	3
疵つける	4
疵口	0
疵痕	0
疵付く	3
疵付ける	4
疵物	0
疵薬	3
疵瑕	1
疽	1
疽腫	0
疼き	3
疼く	2
疼痛	0
疼木	1
疱疹	0
疱瘡	1
痒い	2
痒がる	3
痒み	3
痒み止め	0
痒疹	0
痙攣	0
痣	2
痞	3
痞え	3
痞える	3
痼り	0
痼る	0
痼疾	0
痰	0
痰唾	0
痰壷	0
痰壺	0
痺れ	3
痺れる	3
痺れ鰻	4
痺れ茸	3
痺れ薬	4
痺れ鯰	4
痺鰻	4
痺茸	3
痺鯰	4
痲酔	0
痲薬	0
痲痺	1
痳菌	0
痳病	0
瘋癲	0
瘧	3
瘠せ	0
瘠せる	0
瘠る	0
瘡	1
瘡蓋	0
瘡痕	0
瘡掻き	0
瘡毒	1
瘢痕	0
瘢痕文身	5
瘤	2
瘤つき	0
瘤牛	2
瘤鯛	2
瘤白鳥	3
瘤付き	0
瘴気	1
瘴癘	0
瘰癧	0
瘻管	0
癇	0
癇の虫	0
癇高い	4
癇症	1
癇性	0
癇癖	0
癇癪	0
癇癪玉	0
癇癪持ち	4
癈疾	0
癈人	0
癈兵	0
癜	0
癩	1
癩菌	0
癩病	0
癪	0
癪の種	4
癰	1
癰疽	1
癲狂	0
癲狂院	3
癲癇	3
癶	3
癸	1
癸卯	0
癸丑	0
皀莢	0
皎然	0
皎皎	0
皓々	0
皓月	1
皓歯	1
皓然	0
皓皓	0
皴	0
皸	0
皹	0
皺	0
皺くちゃ	0
皺だらけ	3
皺ばむ	3
皺胃	1
皺寄せ	0
皺苦茶	0
皺伸ばし	3
皺皺	0
皺襞	0
盂蘭盆	0
盂蘭盆会	3
盞	0
盡す	2
盥	0
盥回し	4
盥船	4
盥漱	0
盪かす	3
盪ける	0
盪す	0
眈眈	0
眇	0
眇々	0
眇たる	3
眇める	3
眇眇	0
眩い	3
眩う	0
眩く	3
眩しい	3
眩ます	0
眩む	0
眩めく	3
眩れる	0
眩草	0
眩惑	0
眩暈	2
眞言	0
眞面目	0
眥	0
眦	0
眷顧	1
眷属	1
眷族	1
眸	0
眸子	1
睇視	0
睨み	3
睨みあう	4
睨みつける	5
睨み合い	0
睨み合う	4
睨み合せる	6
睨み合わせる	6
睨み付ける	5
睨む	2
睨めっこ	3
睨めつける	4
睨め競	3
睨め付ける	5
睫	1
睫毛	1
睥睨	0
睿智	1
睾丸	0
睾丸炎	3
瞋らす	3
瞋る	2
瞋恚	1
瞑する	3
瞑る	0
瞑色	0
瞑想	0
瞑目	0
瞠る	1
瞠若	0
瞠目	0
瞞す	2
瞞着	0
瞿然	0
瞿麦	2
瞼	1
瞽	3
瞽者	1
瞽女	1
瞻望	0
矇昧	0
矍鑠	0
矜持	1
矮化	0
矮躯	1
矮鶏	1
矮鶏檜葉	2
矮鹿	2
矮樹	1
矮小	0
矮人	0
矮性	0
矮星	0
砌	0
砒化水素	3
砒酸	0
砒酸鉛	4
砒素	1
砒素剤	2
礦業	1
硅酸塩	3
硅石	1
硅素	1
硼砂	1
硼酸	0
硼素	1
碌	0
碌々	0
碌すっぽ	0
碌でなし	0
碌でもない	5
碌な	0
碌に	0
碌碌	0
磔	0
磔刑	0
磔柱	5
碾き臼	0
碾き割	0
碾き割り	0
碾き割り納豆	5
碾き割り麦	5
碾き割麦	5
碾き茶	0
碾く	0
碾臼	0
碾割り	0
碾割り麦	5
碾茶	0
碼	1
碼頭	1
碼碯	1
磊々落々	0
磊塊	0
磊落	0
磊嵬	0
磊磊	0
磊磊落落	0
磬	1
磧	0
磚子苗	6
磚茶	1
礒	0
礬水	0
礫	0
礫岩	2
礫刑	0
礫土	1
祀る	0
祠	0
祠宇	1
祠堂	0
祗管打坐	4
祟り	1
祟り目	0
祟る	0
祓	2
祓い	2
祓い清める	6
祓う	2
祓詞	4
祓川	3
祓殿	0
禊	0
禊萩	0
禊祓	4
禹歩	1
秕	0
秧	0
秧鶏	0
秣	0
稈	1
稍	1
稍重	0
稠度	1
稠密	0
稟議	1
稟議書	0
稟告	0
稟質	0
稟性	1
稟請	0
禀議	1
禀議書	0
禀告	0
禀質	0
禀性	0
稷	1
穢い	3
穢す	2
穢らわしい	5
穢れ	3
穢れる	3
穢多	1
穢土	1
穹窿	0
窗	1
窘める	4
窖	0
窩縁	0
窩主買い	3
竈	0
竈神	3
竈馬	3
竈風呂	0
窶す	2
窶れ	3
窶れる	3
竄する	3
竄匿	0
竏	3
竦み上がる	5
竦む	0
竦める	0
竦然	0
竭きる	2
笏	1
笏拍子	3
笊	2
笊そば	0
笊貝	2
笊蕎麦	0
笊法	0
笆	0
笙	1
笙の笛	1
笙歌	1
笞	1
笞刑	0
筐	0
筐体	0
筐底	0
筐筥	1
笄	0
笄髷	0
筍	0
筍医者	4
筍貝	4
筍生活	5
筍虫	4
笋	0
筌	2
筵	1
筥	0
筧	0
筬象虫	3
筬虫	2
筮	0
筮竹	0
箝げる	0
箝口	0
箝口令	3
箍	2
箜篌	1
箋	1
箒	1
箒星	3
箒虫	3
箏	2
箏曲	1
箏柱	0
筝	1
筝曲	1
筝柱	0
箙	0
篋底	0
篁	2
篏める	3
箴言	0
篆刻	0
篆字	0
篆書	0
篆隷	1
篝	0
篝火	3
篩	0
篩い分ける	5
篩い落す	5
篩い落とす	5
篩う	0
篩骨	0
篩部	1
簔笠	1
簔虫	2
篦	1
篦鹿	2
篦太い	3
篦棒	0
籠	0
籠の鳥	0
籠む	1
籠める	2
籠もる	2
籠る	2
籠球	0
籠居	1
籠手	0
籠城	0
籠脱け	0
籠鳥	0
籠抜け	0
籠枕	3
籠目	0
籠絡	0
簀	0
簀の子	3
簀巻	0
簀巻き	0
簀戸	1
簀子	0
簀垂れ	0
簇	2
簇々	0
簇がる	3
簇り	0
簇出	0
簇生	0
簇簇	0
簓	0
簓子	0
篳篥	0
篷	1
簗	1
簧	0
簪	0
簟	3
簷	0
簫	1
簫の笛	1
籌	1
籌木	1
籀書	1
籀文	0
籐	1
籐いす	0
籐椅子	0
籐四郎	0
籟籟	0
籤	1
籤引	0
籤引き	0
籤運	0
籤逃れ	3
籬	2
籬貝	3
籬垣	2
粃	0
粃糠疹	2
粳	1
粳粟	2
粳米	0
粲々	0
粲然	0
粲粲	0
粮	1
粽	0
糀	0
糂汰	1
糒	0
糜粥	0
糜爛	0
糢糊	1
鬻ぐ	0
糯	0
糯粟	0
糯黍	3
糯米	0
糶り	2
糶り市	2
糶り場	0
糶る	1
糶市	2
糺す	2
糺弾	0
糺明	0
糺問	0
紆曲	0
紆余	1
紆余曲折	1
紕	3
紕い	3
紕う	0
紊す	2
紊れ	3
紊れる	3
紊乱	0
紮げる	3
紲	0
絆	0
絆される	4
絆創膏	0
絎ける	0
絎針	3
絎縫い	0
絨毛	0
絨毯	1
絨毯爆撃	5
絨氈	1
絨緞	1
絣	0
經文	0
絛虫	0
綏撫	1
絽	0
絽縮緬	2
絽織り	0
綛	1
綛糸	3
綺想曲	2
綺談	1
綺羅	1
綺羅びやか	3
綺羅星	2
綺麗	1
綺麗さっぱり	1
綺麗どころ	4
綺麗好き	0
綺麗事	0
綺麗所	4
緇素	1
綽号	0
綽名	0
綢密	0
綢繆	0
綯い交ぜ	0
綯い交ぜる	0
綯い混ぜ	0
綯う	1
綸言	0
綸子	0
綸旨	1
綟	1
綟子	1
綰ねる	3
綰物	0
緘する	3
緘口	0
緘口令	3
緘黙	0
緘黙症	0
緝輯	0
緞子	0
緞帳	0
緞帳芝居	5
緞帳役者	5
緻密	0
縅	0
縊り殺す	5
縊る	0
縊死	1
縊首	1
縣	1
縒り	2
縒り合せる	5
縒り合わせる	5
縒り糸	3
縒る	1
縒れる	2
縟礼	0
縉紳	0
縋りつく	4
縋り付く	4
縋る	0
縢がり	0
縢がる	0
縢り	0
縢る	0
繦	0
縹	0
縹色	0
縹渺	0
縹緻	1
縹緲	0
繃帯	0
縷々	1
縷々綿々	1
縷説	0
縷縷	1
縷縷綿綿	1
縲囚	0
縲紲	0
縲絏	0
縺れ	3
縺れる	3
縺れ合う	4
縺れ込む	4
繧繝	0
繖形花序	5
繖房花序	5
繞	1
繙く	3
繚乱	0
繩張り	0
繩目	0
繻子	1
繻子織り	0
繻珍	0
繽紛	0
辮髪	0
纒わり付く	3
纐纈	0
纓	1
纛	1
纜	0
缺	0
罅	2
罅ぜる	2
罅割れ	0
罅割れる	4
罅隙	0
罅焼き	0
罌粟	0
罌粟粒	3
罍子	1
罐	0
罐焚き	0
罔羅	1
罠	1
罨法	0
罩める	2
羂	1
羆	1
羃	1
羃級数	3
羃集合	3
羃数	3
羈	0
羈束	0
羈旅	1
羈絆	0
羈縻	1
羔	3
羞い	0
羞じらい	0
羞じらう	3
羞じる	2
羞ずかしい	4
羞らい	0
羞悪	1
羞恥	1
羞恥心	3
羞明	0
羝羊	0
羚羊	0
羯	1
羯鼓	1
羹	0
羶血	0
羶肉	0
羸弱	0
翅斑蚊	4
翅脈	0
翕然	0
翔ける	2
翔ぶ	2
翔る	2
翔んでる	0
翔破	1
翡翠	0
翩々	0
翩翻	0
翩翩	0
翳	1
翳す	0
翳み	0
翳み目	0
翳む	0
翳り	3
翳る	2
翳目	0
翹望	0
飜す	3
飜って	3
飜る	3
飜訳	0
飜弄	0
耄ける	3
耄碌	1
耒	0
耒偏	0
耻じる	2
聊	0
聊か	0
聚楽	1
聚散	0
聚落	0
聚斂	0
聟	1
聢と	0
聢り	3
聳える	3
聳え立つ	4
聳やかす	4
聳り立つ	4
聳立	0
聰明	0
聿旁	3
肆	1
肆意	1
肛門	0
肛門括約筋	0
肛門期	3
肚裏	0
胙	0
胝	1
胄	1
胚	1
胚芽	0
胚芽米	0
胚子	1
胚珠	1
胚胎	0
胚乳	0
胚嚢	0
胚盤	0
胚膜	0
胚葉	0
脉	2
脉診	0
胯	2
胯間	0
脛	2
脛巾	0
脛骨	1
脛当て	0
脛齧り	3
脩竹	0
脣	0
腋	2
腋の下	3
腋下	1
腋芽	2
腋臭	0
腋生	0
腋明け	4
腋毛	0
腋窩	0
脾	1
脾腫	1
脾臓	0
脾脱疽	2
脾肉	0
脾腹	0
腓	1
腓骨	0
腓腸筋	2
腓腹筋	0
腓返り	4
腑	0
腑に落ちない	4
腑甲斐ない	4
腑甲斐無い	4
腑抜け	0
腑抜ける	3
腑分け	0
胼胝	1
胼胝体	0
腱	1
腱鞘	0
腱鞘炎	3
腱膜	1
腮	1
腥	0
腥い	4
膃肭	0
膃肭獣	3
膃肭臍	3
膈	1
膀胱	0
膀胱がん	3
膀胱炎	3
膀胱癌	3
膀胱鏡	0
膀胱結石	5
膂力	1
膠	0
膠化	1
膠原質	3
膠原線維	5
膠原病	0
膠漆	0
膠質	0
膠状	0
膠着	0
膠着語	0
膠付け	0
膕	0
膣	2
膣けいれん	3
膣トリコモナス症	8
膣炎	2
膣前庭	3
膣痙攣	3
腟	2
膰	0
膵がん	1
膵液	1
膵炎	1
膵壊死	3
膵癌	1
膵臓	0
膵臓炎	3
膵臓壊死	5
膵臓癌	3
膵島	0
膾	0
膾炙	1
臀	2
臀鰭	0
臀部	1
臂	2
膺懲	0
臍	0
臍の緒	4
臍ヘルニア	3
臍下	1
臍下丹田	1
臍曲がり	0
臍曲り	0
臍繰り	0
臍繰り金	4
臍帯	0
臍猪	3
臑	2
臙脂	0
臙脂色	0
臙脂虫	3
臘	1
臘乾	1
臘月	1
臘梅	0
臈	1
臈たける	4
臈長ける	4
臈闌ける	4
臚列	0
臠	0
臺なし	0
臺無し	0
臺處	0
舁き上げる	4
舁き入れる	4
舁く	1
舂	1
舂く	1
舅	0
舅姑	1
與太者	0
與論	1
舊字體	3
舍人	0
舐めずる	3
舐める	2
舐め回す	4
舐り箸	4
舐る	2
舫	0
舫い	0
舫う	2
舸	0
舳	2
舳先	3
艀	3
艀船	3
艙口	0
艤装	0
艨艟	0
艪	0
艪杭	0
艪櫂	0
艪臍	0
艫	1
艫綱	0
艫座	0
艱苦	1
艱難	1
艱難辛苦	5
艷やか	2
艷冶	1
艸	2
艾	1
芍薬	0
芒	0
芒果	1
芒種	1
芒硝	0
芒洋	0
芫菁	0
芟除	1
芬	1
芬々	0
芬芬	0
苟も	3
苟且	0
苳	0
苺	0
莓	0
苹果	1
苞	2
苞葉	0
苞苴	1
苜蓿	3
茉莉	1
茉莉花	3
茵	0
茴香	0
茱萸	1
茹がく	1
茹だる	2
茹で	2
茹でる	2
茹で溢す	0
茹で海老	2
茹で玉子	3
茹で汁	3
茹で蛸	0
茹で麺	2
茹で卵	3
茹る	1
茹海老	2
茹蛸	0
茯苓	0
茫	1
茫々	0
茫然	0
茫然自失	0
茫漠	0
茫洋	0
茫茫	1
茗荷	0
茘枝	1
茘枝貝	3
莚	3
莟	3
莢	1
莢隠元	3
莢迷	2
莢豌豆	3
莖茶	2
茣蓙	2
莎草	4
荼毘	1
荳	2
荳科	0
荵	1
莨	0
菴	1
菫	0
菫色	0
菫青石	3
菫草	3
菎蒻	3
菽	2
菘	0
菁莪	1
菠薐草	3
菲才	0
萍	0
萠黄	0
萠黄色	0
葭	1
葭戸	2
葭障子	3
葭切	0
葭簀	0
萼	1
萼片	0
葷酒	1
葫	0
葫蘆	1
葩餅	4
萬	0
萬子	0
葯	1
葹	0
萵苣	1
蓊蔚	0
蓊鬱	0
蒿	0
蒿雀	0
蒟醤	1
蒟蒻	3
蒟蒻問答	5
蓙	2
蓍	0
蓍萩	0
蓍木	0
蓚酸	0
蓐草	0
蓐瘡	0
蓆	3
蓖麻	1
蓖麻子	0
蓖麻子油	3
蓴	0
蓴菜	0
蔗糖	0
蔘精	0
蔬菜	0
蔟	0
蔕	0
蓼	0
蓼科	0
蓼酢	0
蓼藍	3
蕈	1
蕁麻	0
蕁麻疹	3
蘂	1
蕋	1
薀蓄	0
薤	0
薑	0
薊	0
薊馬	3
薨	1
薨ずる	0
薨去	1
蕭	0
蕭々	0
蕭索	0
蕭条	0
蕭寥	0
蕭蕭	0
薔薇	0
薔薇羽太	0
薔薇輝石	3
薔薇色	0
藪	0
藪医	2
藪医者	0
藪萱草	3
藪柑子	3
藪蕎麦	0
藪枯	3
藪枯らし	3
藪蛇	0
藪肉桂	3
藪入	0
藪睨み	0
藪茗荷	3
藪虱	3
薇	0
蕾	3
蕾む	0
藉す	0
藉口	0
薺	0
藏人	2
藝	1
藝子	0
藝術	0
藜	0
藜科	0
藹々	0
藹然	0
藹藹	0
蘊奥	0
蘊蓄	0
藺	1
藺草	1
蘆	1
蘆辺	0
蘆木	0
蘆薈	0
蘚苔	0
蘚苔植物	6
蘚類	1
蘿芋	0
蘿藷	0
蘿蔔	0
蘿蔔草	0
虔しみ	0
虔み	0
虔み深い	6
虔む	3
虱	0
虱潰し	4
虱目魚	0
蚋	1
蚌	2
蚯蚓	0
蚯蚓腫れ	0
蚯蚓脹れ	0
蛆	2
蛆虫	2
蚰蜒	1
蚰蜒眉	5
蛔虫	0
蛞蝓	3
蛞蝓魚	4
蛩	1
蛬	1
蛟竜	0
蛛形類	2
蛯	0
蜆	0
蜆汁	4
蜈蚣	0
蜀黍	0
蜀錦	0
蜀江の錦	0
蜀魂	4
蜀鳥	0
蜃気楼	3
蛻	0
蛻け	0
蛻けの殻	6
蛻の殻	6
蜑	1
蜉蝣	0
蛹	0
蛹化	0
蛹虫	0
蜊蛄	0
蜿蜒	0
蜷局	3
蜻蛉	0
蜻蛉返り	4
蜻蜒	0
蜥蜴	0
蜥蜴座	0
蜩	0
蜚ぶり	0
蜚語	1
蜚鳥	0
蝟	3
蝟集	0
蝸角	0
蝸牛	0
蝸牛角上	0
蝸廬	1
蝌蚪	1
蝌蚪文字	3
蝎座	0
蝴蝶	1
蝗	0
蝗虫	0
蝨	0
蝨潰し	4
蝮	0
蝮草	3
蝙蝠	1
蝙蝠蛾	4
蝙蝠傘	5
蠅	0
蠅虎	5
蠅取	0
蠅取り	2
蠅取り紙	4
蠅取紙	4
蠅取草	0
蠅取蜘蛛	5
蠅地獄	3
蠅帳	0
螢	1
螢火	0
螢光ペン	3
螢光灯	0
螢光燈	0
螢石	1
螢雪	0
螟蛾	1
螟虫	1
螟蛉	0
螯	3
蟋蟀	3
螽斯	3
蟀谷	0
雖も	2
蟄居	1
蟄伏	0
螳螂	1
蟇	3
蟇股	0
蟇口	0
蟇目	0
蟆	1
蟆子	1
螻	0
螻蛄	0
螻蛄芸	0
螻蛄才	0
蟯虫	0
蟲惑	0
蟠り	0
蟠る	4
蟠竜	1
蟠龍	3
蟠踞	1
蠏	0
蠏玉	0
蠏股	0
蠏工船	0
蠏座	0
蠍	0
蠍擬	4
蠍座	0
蟾	2
蟾蜍	3
蟾酥	1
蟶貝	2
蟷螂	1
蟷螂の斧	0
蟷螂擬	5
蠎	0
蟒蛇	0
蟒草	0
蠑螺	1
蠕く	3
蠕虫	0
蠕動	0
蠢かす	4
蠢く	3
蠢動	0
蠱	1
蠱毒	0
蠱惑	0
蠱惑的	0
蠧魚	1
衒い	2
衒う	2
衒学	0
衒学的	0
衒気	1
衒耀	0
衙府	1
衙門	0
衢	0
衾	0
袞竜	0
衵	0
衵扇	4
衽	0
袵	0
袂	3
袂糞	3
袙	0
袢纏	3
袍	1
袿	0
袱紗	0
裃	0
裄	1
裔	1
裘	3
裘代	0
裙蔕菜	1
裹む	2
裨益	0
裲襠	0
褄	2
褄黒横這	5
褄黒横這い	5
褄取	0
褄取り	0
褌	0
褌祝	5
褌祝い	5
褌担ぎ	5
褊狭	0
褞袍	0
褥	0
褥草	0
褥婦	1
褥瘡	0
褪せる	2
褪める	2
褪紅	0
褪紅色	3
褪色	0
襁褓	2
褻	1
褻涜	0
褶曲	0
褶襞	0
襠	1
襞	1
襦袢	0
襤褸	1
襤褸屋	2
襤褸家	2
襤褸切	2
襤褸切れ	2
襤褸糞	0
襤褸滓	0
襯衣	1
襴	0
襷	0
襷がけ	0
襷掛	0
襷掛け	0
襷星	3
襷反り	0
覘き	0
覘く	0
覺束ない	0
覿面	0
觀音	0
觀世音	3
觚	0
觜	1
觝触	0
觴	0
訃	1
訃音	1
訃報	0
訌争	0
訛	3
訛み声	0
訛り	3
訛る	2
訛音	1
訛言	0
訛語	1
訛声	0
訛伝	0
訝げ	4
訝しい	4
訝しげ	4
訝しむ	4
訝る	3
訥々	0
訥弁	0
訥訥	0
詛い	0
詛う	2
詛呪	1
詭計	0
詭策	0
詭道	0
詭弁	0
詭弁学派	4
詭謀	0
詭辯	0
誅	1
誅する	3
誅殺	0
誅伐	0
誂え	3
誂える	4
誂え向き	0
誡め	0
誡める	4
誡告	0
誑かす	4
誑し	3
誑し込む	4
誑す	2
誦する	2
誦経	1
誦習	0
誣いる	2
誣言	0
誣告	0
諄々しい	5
諄い	2
諄諄しい	5
諍い	0
諍う	0
諂い	3
諂う	3
諫め	3
諫める	3
諫言	0
諫止	0
諫死	0
諫臣	0
諳んじる	4
諳記	0
諳譜	0
諧声	0
諧調	0
諧和	1
諧謔	0
諤々	0
諤諤	0
諱	0
諱む	1
諠譁	0
諠譟	0
諢名	0
諷する	3
諷詠	0
諷歌	0
諷経	0
諷刺	0
諷喩	1
諷誦	1
諷諫	0
諛い	3
諛う	3
諡	0
諡号	0
諡法	0
謗り	3
謗る	2
謳い文句	4
謳う	0
謳われる	0
謳歌	1
鞫問	0
謦咳	0
謫所	1
譏り	3
譏る	2
譏笑	0
譏誹	1
譎詐	0
譚歌	1
譚詩	1
譚詩曲	3
譫言	0
譫語	1
譫妄	0
譬え	3
譬える	3
譬え歌	3
譬え話	4
譬諭	1
譬話	4
譬喩	1
譬喩歌	2
譴責	0
讌	0
讒する	3
讒言	3
讒口	0
讒臣	0
讒訴	1
讒誣	1
讒謗	0
讖	1
讚美歌	0
谺	0
豁然	0
豁達	0
谿	2
谿水	0
谿声	0
谿谷	0
谿壑	0
豈	1
豈図らんや	1
豌豆	1
豌豆まめ	3
豌豆豆	3
豎子	1
豕	1
豕偏	0
豸偏	0
豺	0
豺狼	0
貂	1
貉	0
貍	1
豼貅	0
貘	1
貪	1
貪り食う	5
貪り読む	5
貪る	3
貪愛	0
貪汚	1
貪食	0
貪食細胞	5
貪焚	3
貪戻	0
貪慾	0
貪欲	0
貪婪	0
貪瞋痴	3
貪瞋癡	3
貽貝	1
貶す	0
貶なす	0
貶み	0
貶む	3
貶める	4
賤	1
賤しい	3
賤しむ	3
賤業婦	3
賤女	1
賤称	0
賤民	0
賤吏	1
賽	1
賽の河原	1
賽の目	0
賽子	3
賽銭	0
賽銭箱	3
賺す	0
贄	2
贅	1
贅する	3
贅言	0
贅沢	3
贅沢屋	0
贅沢三昧	5
贅沢品	0
贅肉	0
贅六	0
贏ち得る	3
贏余	1
贐	0
齎す	3
齎らす	3
贔負	1
贔屓	1
贔屓目	0
贔屓贔屓	4
贖い	3
贖う	3
贖罪	0
贖宥	0
贖宥状	0
赧らめる	4
赧顔	0
赭い	0
赭ら顔	0
赭顔	1
赭熊	0
赭黒い	4
赭土	1
赭面	0
跂及	0
趾行性	0
趾骨	2
跛	1
跛行	0
跋	1
跋渉	0
跋文	0
跋扈	1
跪く	4
跪坐	1
跪座	1
跫音	0
跫然	0
跣	0
跣足	0
跼まる	4
踝	2
踞う	3
踞る	4
蹂躙	0
蹂躪	0
踵	0
踵骨	0
蹇	0
蹉跌	0
蹌踉	0
蹌踉ける	0
蹌踉めく	3
蹌蹌	0
蹈襲	0
蹈鞴	0
蹙める	3
蹠	0
蹠行性	0
蹠骨	0
蹣跚ける	0
蹶起	1
蹶然	0
蹲	0
蹲い	0
蹲う	3
蹲み込む	4
蹲む	3
蹲る	4
蹲踞	1
蹼	3
躁うつ	0
躁うつ病	0
躁欝病	0
躁状態	3
躁病	0
躁鬱	0
躁鬱病	0
躄	0
躄る	2
躄魚	3
躊む	3
躊躇	1
躊躇い	0
躊躇う	3
躓き	0
躓く	0
躑躅	0
躙り寄る	4
躙り口	3
躙る	2
躬行	0
躰	0
躱す	0
躾	0
躾ける	3
躾る	3
軈て	0
軋み	3
軋み合う	4
軋む	2
軋り	3
軋る	2
軋轢	0
軛	0
軫	1
軫念	0
輒	2
輓近	0
輓馬	1
輜重兵	2
輦車	1
輻	1
輻射	0
輻射エネルギー	5
輻射線	0
輻射熱	3
輻湊	0
輻輳	0
轅	0
轂	1
輾る	2
輾転	0
輾転反側	0
轆轤	0
轆轤っ首	3
轆轤師	3
轆轤首	3
轗軻	1
轢き殺す	4
轢き逃げ	0
轢く	0
轢る	2
轢殺	0
轢殺す	4
轢死	0
轢断	0
轢逃げ	0
辟	1
辟易	0
辣韮	0
辣白菜	3
辣腕	0
辣韭	0
辭典	0
辯	1
辯解	0
辯才天	3
辯士	1
辯駁	0
辯論	0
辷らす	3
辷り止め	0
辷る	2
迚も	0
迯がす	2
迯げる	2
迹	1
迹門	2
逕庭	0
逡巡	0
逍遥	0
逍遥学派	5
逞しい	4
逞しくする	4
逞しゅうする	4
迸り	0
迸る	4
遑	0
遖	3
遯世	0
遯竄	0
隨う	0
隨筆	0
隨筆家	0
隨分	1
遲い	0
邂逅	0
遽しい	5
遽然	0
邁進	0
邀える	0
邀え撃つ	4
邀撃	0
邏卒	0
邯鄲	0
邯鄲の夢	1
邯鄲師	3
扈従	2
鄙	1
鄙びる	3
鄙歌	2
鄙懐	0
鄙見	0
鄙言	0
鄙諺	0
鄙語	1
鄙人	2
鄙俗	0
鄙劣	0
鄙猥	0
鄙賤	0
鄰	0
酖	1
酖溺	0
酣	0
酥	1
酩酊	0
醋	1
醋酸	0
醂す	2
醢	0
醪	0
醵金	0
醵出	0
醴	0
醴泉	0
醺然	0
釁る	2
釉	3
釉薬	1
鈔	1
鈕	0
鈑金	0
鉞	0
鉗む	2
鉗子	1
鉉	2
鉉鍋	0
鉤	2
鉤の手	3
鉤括弧	3
鉤十字	3
鉤針	3
鉤素	1
鉤虫	2
鉤爪	2
鉤頭動物	5
鉤縄	0
鉤鼻	0
鉤裂き	0
鉈	0
鉈豆	0
鉋	3
鉋掛け	3
鉋屑	4
銜	0
銜えこむ	4
銜える	0
銜え込む	4
銜え箸	4
銜む	2
銓衡	0
銛	0
鋏	3
鋏む	2
鋏角類	4
鋏虫	3
銹菌	2
銹病	0
銷する	3
銷夏	0
銷却	0
銷沈	0
鋩	0
鋩子	0
錏	0
錚々	0
錚錚	0
錣	0
錺り職	3
錺る	0
錺職	3
錻	0
錻力	0
鍼	1
鍼医	2
鍼灸	0
鍼師	2
鍼治	0
鍼術	1
鍼麻酔	3
鎬	3
鎔かす	0
鎔解	0
鎔鉱炉	3
鎔銑	0
鎹	0
鏖	0
鏖殺	0
鏗然	0
鏗鏗	0
鏗鏘	0
鏨	0
鏃	0
鏝	0
鏈	0
鏤める	4
鏤刻	0
鏤骨	0
鐚一文	1
鐔	1
鐶	1
鐫る	1
鐺	0
鑒	1
鑒みる	4
鑒識	0
鑛	0
鑢	0
鑞	1
鑞付け	4
鑵	1
鑷子	1
鑽	0
鑽り火	0
鑽り出す	3
鑽る	1
鑽火	0
鑽孔	0
鑚り火	2
鑚火	2
鑿	1
鑿井	0
鑿岩機	3
閂	3
閂どめ	0
閂止め	0
閊え	3
閊える	3
閘門	0
閨	1
閨閤	0
閨事	2
閨秀	0
閨閥	0
閨房	0
閨門	0
閭門	1
閼伽	1
閻王	3
閻浮提	3
閻魔	1
閻魔顔	0
閻魔大王	6
閻魔帳	0
閻魔蟋蟀	4
閹人	0
閾	0
閾下	2
閾値	1
闊達	0
闊歩	1
闊葉樹	3
濶達	0
濶歩	1
闃	1
闃寂	0
闃然	0
闌	0
闌ける	2
闌れる	0
闌干	0
闕く	1
闕け	2
闕ける	0
闕所	0
闕望	0
闕腋	0
闔	0
闖入	0
闖入者	3
闡明	0
阡	1
阮朝	1
陌	2
陋屋	0
陋巷	0
陋習	0
陋劣	0
陞叙	1
陞進	0
陞任	0
隘路	1
隕石	1
隕石孔	0
隕鉄	0
隧道	0
隱くす	2
隱語	0
隴畝	1
隹	0
雎鳩	0
雉	0
雉隠	3
雉羽太	0
雉子	0
雉笛	0
雉鳩	0
霍乱	0
雕る	1
雹	1
雹害	0
霄漢	0
霄壌	0
霓	0
霑う	3
霏々	1
霏霏	1
霖	0
霖雨	1
霙	0
霰	0
霰石	3
霰弾	0
霰弾銃	3
霰餅	3
霰粒腫	3
霹靂	0
霽らす	1
霽れる	2
霾	1
靄	1
靄々	1
靄る	2
靄然	1
靄靄	0
靉靆	0
靠れる	3
靠れ掛かる	5
靠れ掛る	5
靨	1
勒する	3
靫	0
靫葛	4
靫草	3
靫蔓	4
靱	0
靱皮	1
鞅	0
鞅掌	0
鞆	1
鞆絵	0
鞋	2
鞏固	1
鞏皮症	0
鞏膜	0
鞏膜炎	4
鞐	0
鞦	2
鞦韆	1
鞣	3
鞣し革	0
鞣す	2
鞣革	0
鞣皮	0
鞴	0
鞴祭	4
鞴祭り	4
鞴韜	1
韋陀天	0
韋駄天	0
韋編	1
韋編三絶	1
韜晦	0
韜略	0
韭	0
韲える	2
韲え物	2
竟	1
竟に	1
竟わる	0
頌	1
頌する	3
頌栄	0
頌歌	1
頌詞	1
頌詩	1
頌寿	1
頌春	0
頌徳	0
頌壽	1
頸	0
頸っ丈	0
頸巻	0
頸巻き	0
頸環	0
頸筋	0
頸肩腕症候群	9
頸骨	1
頸上	2
頸飾り	3
頸静脈	3
頸椎	1
頸動脈	3
頸肉	0
頸部	1
頸木	0
頸輪	0
頸腕症候群	7
頤	2
頤使	1
頤指	1
頡頏	0
頷く	3
頽れ	0
頽れる	4
頽勢	0
頽唐	0
頽廃	0
頽齢	0
顆粒	0
顆粒球	2
顆粒白血球	6
顏	0
顋	2
顋門	0
顫える	0
顫動	0
顫動音	3
顰	0
顰めっ面	0
顰める	0
顰め面	0
顰蹙	0
顱骨	0
顴骨	0
颪	1
颯々	0
颯っと	1
颯と	1
颯爽	0
颯颯	0
颱風	3
颶風	0
飄々	0
飄逸	0
飄然	0
飄飄	0
餃子	0
餡	1
餡かけ	0
餡こ	1
餡ころ	3
餡ころ餅	4
餡パン	3
餡掛け	0
餡子	1
餡蜜	0
餡餅	1
餡饅	0
餝り車	4
餝る	0
餞	0
餞別	0
餠肌	0
餠網	0
餬口	0
饂飩	0
饂飩屋	0
饂飩鋤	2
饂飩粉	0
饂飩粉病	0
饅頭	3
饐える	2
饐え臭い	4
饋電線	2
饑い	3
饑え	2
饑える	2
饑餓	1
饑渇	0
饑寒	0
饑死	0
饑饉	2
饒舌	0
饌米	0
饕餮	0
饕餮文	0
馘す	2
馘首	1
馥郁	0
馭する	2
馭者	1
馭者座	0
駟馬	1
駝鳥	0
駘蕩	0
駑馬	1
駭く	3
駭然	0
駮	1
駱駅	0
駱駝	0
駱駝色	0
駱駝炭	3
駻馬	1
駸駸	0
騙し	3
騙しこむ	4
騙し絵	3
騙し合い	0
騙し合う	4
騙し込む	4
騙し取る	4
騙し討ち	3
騙す	2
騙り	0
騙る	0
騙取	1
騷ぐ	2
驀進	0
驀地	0
騾馬	1
驕り	0
驕る	0
驕児	1
驕慢	0
驕傲	0
驕奢	1
驕恣	1
驕肆	1
驍将	0
驟雨	1
驢	3
驢車	1
驢馬	1
驥足	0
驥尾	1
骰子	3
髀臼	0
髀肉	0
髑髏	3
體術	1
髢	0
髣髴	0
髯	0
髯もじゃ	0
髱	1
髷	0
髷物	0
髻	1
鬆	0
鬘	0
鬚	0
鬚もじゃ	0
鬚鯨	3
鬚髯	0
鬢	1
鬢きり	0
鬢差	1
鬢差し	1
鬢削ぎ	4
鬢切り	0
鬢長	1
鬢髪	0
鬢付け	4
鬢付け油	5
鬢付油	5
鬣	0
鬣犬	4
鬣狼	5
鬥構え	3
鬨	2
鬨の声	4
鬩ぎあう	4
鬩ぎ合い	0
鬩ぎ合う	4
鬩ぐ	2
鬮	1
鬲	0
魄	1
魍魎	0
魑魅	1
魑魅魍魎	1
魘される	0
魘われる	5
魘魅	1
鮓	2
鮓飯	2
鮃	0
鮑	1
鮑魚	1
鮑結び	4
鮑熨斗	3
鮗	0
鮟肝	0
鮟鱇	1
鮟鱇鍋	5
鮠	1
鮨	2
鮨屋	2
鮨詰	0
鮨詰め	0
鮨種	0
鮨飯	2
鮴	1
鮴押し	0
鯊	1
鮹	1
鯏	0
鯑	0
鯒	1
鯣	0
鯣烏賊	3
鯢波	1
鯤	1
鯔	1
鯔背	0
鯡	1
鯡粕	4
鰺	1
鰺刺	0
鯱	1
鯱蛾	4
鯱瓦	5
鯱張る	5
鯱鉾	0
鯱鉾ばる	5
鯱立ち	0
鯰	0
鯰髭	3
鰕	0
鰉	1
鰓	1
鰓蓋	0
鰓呼吸	3
鰓孔	0
鰓弁	0
鰓裂	0
鰌	0
鰆	0
鰈	1
鰒	1
鰊	1
鰊蕎麦	4
鰊曇り	4
鰊粕	4
鰮	0
鰥	0
鰥寡	1
鰥寡孤独	1
鰥夫	0
鰥暮し	4
鰥暮らし	4
鰤	1
鰤っ子	2
鰤子	2
鰡	0
鰡子	0
鰰	0
鰾	3
鱚	1
鱠	0
鱧	1
鱶	0
鱶の鰭	5
鱶潤目	3
鱶鰭	0
鱸	0
鳧	1
鳰	1
鴉	1
鴉の濡れ羽色	1
鴉天狗	4
鴉片	0
鴉片窟	2
鴉髻	1
鴈	1
鴃舌	0
鴆	1
鶯	2
鶯貝	4
鶯菜	4
鶯嬢	4
鶯色	0
鶯神楽	5
鶯茶	4
鶯張り	0
鶯餅	4
鴟	1
鴟尾	1
鵄	1
鵄尾	1
鴕鳥	0
鴿	0
鴾毛	0
鵆	1
鵝口瘡	2
鵝毛	1
鵞ペン	0
鵞口瘡	2
鵞鳥	0
鵞毛	0
鵤	0
鵙	1
鵲	0
鵲豆	0
鶉	0
鶉豆	3
鶇	0
鶫	0
鵯	0
鵯花	4
鵯上戸	5
鵺	1
鵺的	0
鶚	0
鶩	0
鶲	0
鶸	1
鶺鴒	0
鷂	0
鷓鴣	1
鷸	1
鷦鷯	3
鷽	1
鷽替	0
鸚鵡	0
鸚鵡貝	3
鸚鵡病	0
鸚鵡返し	4
鸚哥	1
鸛	1
鸛鶴	1
鸞鏡	3
鸞鳥	0
鸞輿	1
鹵獲	0
鹵石	0
鹵簿	1
鹹い	1
鹹湖	1
鹹水	0
鹹水魚	3
鹹水湖	3
鹹草	0
鹹味	1
鹽花	0
麁言	0
麁食	0
麁本	0
麈尾	1
麋	0
麒麟	0
麒麟血	2
麒麟座	0
麒麟菜	2
麒麟児	2
麒麟草	0
麒麟竭	2
麕	1
麝香	0
麝香牛	2
麝香鹿	2
麝香腺	0
麝香鼠	4
麝香猫	4
麝香鳳蝶	4
麝香揚羽	4
麝香連理草	6
麝香豌豆	4
麥繞	0
麩	1
麩質	0
麸	1
麪	1
麪包	0
麪棒	1
麪類	1
靡かす	3
靡く	2
黎元	0
黎民	0
黎明	0
黎明期	3
黏稠	0
黐	1
黐の木	1
黐竿	0
黐躑躅	3
黔首	1
黔黎	0
點穴	0
黝い	4
黥	0
黯然	0
黴	0
黴びる	3
黴る	0
黴雨	1
黴菌	0
黴臭い	4
黴毒	1
黶	2
黽勉	0
鼈	0
鼈甲	0
鼈甲飴	3
鼈甲色	0
鼈甲蜂	3
鼈茸	3
鼕鼕	0
鼡径部	2
鼬	0
鼬ごっこ	4
鼬魚	3
鼬鼠	0
鼾	3
鼾声	0
齣	3
齣撮り	2
齣落し	3
齣落とし	3
齟齬	1
齦	1
齧りつく	2
齧り付く	4
齧る	2
齧歯類	3
齷齪	1
齲	0
齲歯	0
齲蝕	0
齶	2
龕	1
龕像	0
龕灯	0
龕灯返し	5
龕燈	0
龕燈返し	5
龜の甲	4
龜の子	3
龜卜	0
龜裂	0
遙々	3
遙か	1
遙遙	3
凜々しい	3
凜凜しい	3
乾飯	2
長閑やか	2
する	0
します	2
しません	3
しました	2
しませんでした	3
しましょう	3
しない	0
しなかった	5
した	2
している	2
しています	2
していた	2
していました	2
してる	2
してます	3
ある	1
あります	3
ありません	4
ありました	3
ない	1
なかった	1
あった	1
あって	1
行きます	3
行きません	4
行きました	3
行きませんでした	4
行きましょう	4
行かない	0
行かなかった	6
行った	3
行って	0
行っている	3
行っています	3
行っていた	3
行っていました	3
行ってる	3
行ってます	4
敵わない	3
敵わなく	3
敵わなくない	3
敵わなくなかった	3
敵わなかった	3
敵わなくて	3
か弱く	3
か弱くない	3
か弱くなかった	3
か弱かった	3
か弱くて	3
擽ったく	5
擽ったくない	5
擽ったくなかった	5
擽ったかった	5
擽ったくて	5
擽ります	5
擽りません	6
擽りました	5
擽りませんでした	6
擽りましょう	6
擽らない	0
擽らなかった	8
擽った	5
擽って	0
擽っている	5
擽っています	5
擽っていた	5
擽っていました	5
擽ってる	5
擽ってます	6
草臥れます	5
草臥れません	6
草臥れました	5
草臥れませんでした	6
草臥れましょう	6
草臥れない	4
草臥れなかった	4
草臥れた	4
草臥れて	4
草臥れている	4
草臥れています	4
草臥れていた	4
草臥れていました	4
草臥れてる	5
草臥れてます	4
くっ付く	1
くっ付きます	1
くっ付きません	1
くっ付きました	1
くっ付きませんでした	1
くっ付きましょう	1
くっ付かない	1
くっ付かなかった	1
くっ付いた	1
くっ付いて	1
くっ付いている	1
くっ付いています	1
くっ付いていた	1
くっ付いていました	1
くっ付いてる	1
くっ付いてます	1
くっ付ける	4
くっ付けます	5
くっ付けません	6
くっ付けました	5
くっ付けませんでした	6
くっ付けましょう	6
くっ付けない	4
くっ付けなかった	4
くっ付けた	4
くっ付けて	4
くっ付けている	4
くっ付けています	4
くっ付けていた	4
くっ付けていました	4
くっ付けてる	5
くっ付けてます	4
拘ります	5
拘りません	6
拘りました	5
拘りませんでした	6
拘りましょう	6
拘らない	4
拘らなかった	4
拘った	3
拘って	3
拘っている	3
拘っています	3
拘っていた	3
拘っていました	3
拘ってる	5
拘ってます	3
執拗い	4
執拗く	4
執拗くない	1
執拗くなかった	1
執拗かった	4
執拗くて	4
だらし無い	4
だらし無く	4
だらし無くない	4
だらし無くなかった	4
だらし無かった	4
だらし無くて	4
怠く	2
怠くない	2
怠くなかった	2
怠かった	2
怠くて	2
詰らなく	3
詰らなくない	2
詰らなくなかった	5
詰らなかった	3
詰らなくて	3
とんでも無い	4
とんでも無く	0
とんでも無くない	4
とんでも無くなかった	4
とんでも無かった	4
とんでも無くて	4
蔓延ります	5
蔓延りません	6
蔓延りました	5
蔓延りませんでした	6
蔓延りましょう	6
蔓延らない	4
蔓延らなかった	4
蔓延った	3
蔓延って	3
蔓延っている	3
蔓延っています	3
蔓延っていた	3
蔓延っていました	3
蔓延ってる	5
蔓延ってます	3
ぶら下がります	6
ぶら下がりません	7
ぶら下がりました	6
ぶら下がりませんでした	7
ぶら下がりましょう	7
ぶら下がらない	0
ぶら下がらなかった	9
ぶら下がった	6
ぶら下がって	0
ぶら下がっている	6
ぶら下がっています	6
ぶら下がっていた	6
ぶら下がっていました	6
ぶら下がってる	6
ぶら下がってます	7
ぶら下げます	5
ぶら下げません	6
ぶら下げました	5
ぶら下げませんでした	6
ぶら下げましょう	6
ぶら下げない	0
ぶら下げなかった	8
ぶら下げた	5
ぶら下げて	0
ぶら下げている	5
ぶら下げています	5
ぶら下げていた	5
ぶら下げていました	5
ぶら下げてる	5
ぶら下げてます	6
藻掻きます	1
藻掻きません	1
藻掻きました	1
藻掻きませんでした	1
藻掻きましょう	1
藻掻かない	1
藻掻かなかった	1
藻掻いた	1
藻掻いて	1
藻掻いている	1
藻掻いています	1
藻掻いていた	1
藻掻いていました	1
藻掻いてる	1
藻掻いてます	1
遣ります	3
遣りません	4
遣りました	3
遣りませんでした	4
遣りましょう	4
遣らない	0
遣らなかった	6
遣った	3
遣って	0
遣っている	3
遣っています	3
遣っていた	3
遣っていました	3
遣ってる	3
遣ってます	4
寄越します	4
寄越しません	5
寄越しました	4
寄越しませんでした	5
寄越しましょう	5
寄越さない	3
寄越さなかった	3
寄越した	2
寄越して	2
寄越している	2
寄越しています	2
寄越していた	2
寄越していました	2
寄越してる	4
寄越してます	2
蹌踉めきます	5
蹌踉めきません	6
蹌踉めきました	5
蹌踉めきませんでした	6
蹌踉めきましょう	6
蹌踉めかない	4
蹌踉めかなかった	4
蹌踉めいた	3
蹌踉めいて	3
蹌踉めいている	3
蹌踉めいています	3
蹌踉めいていた	3
蹌踉めいていました	3
蹌踉めいてる	5
蹌踉めいてます	3
哀れみます	5
哀れみません	6
哀れみました	5
哀れみませんでした	6
哀れみましょう	6
哀れまない	4
哀れまなかった	4
哀れんだ	3
哀れんで	3
哀れんでいる	3
哀れんでいます	3
哀れんでいた	3
哀れんでいました	3
哀れんでる	5
哀れんでます	3
愛しく	3
愛しくない	3
愛しくなかった	3
愛しかった	3
愛しくて	3
悪く	2
悪くない	2
悪くなかった	2
悪かった	2
悪くて	2
悪賢く	5
悪賢くない	5
悪賢くなかった	5
悪賢かった	5
悪賢くて	5
握らします	5
握らしません	6
握らしました	5
握らしませんでした	6
握らしましょう	6
握らさない	0
握らさなかった	8
握らした	5
握らして	0
握らしている	5
握らしています	5
握らしていた	5
握らしていました	5
握らしてる	5
握らしてます	6
握り締めます	6
握り締めません	7
握り締めました	6
握り締めませんでした	7
握り締めましょう	7
握り締めない	5
握り締めなかった	5
握り締めた	5
握り締めて	5
握り締めている	5
握り締めています	5
握り締めていた	5
握り締めていました	5
握り締めてる	6
握り締めてます	5
握ります	4
握りません	5
握りました	4
握りませんでした	5
握りましょう	5
握らない	0
握らなかった	7
握った	4
握って	0
握っている	4
握っています	4
握っていた	4
握っていました	4
握ってる	4
握ってます	5
扱います	5
扱いません	6
扱いました	5
扱いませんでした	6
扱いましょう	6
扱わない	0
扱わなかった	8
扱った	5
扱って	0
扱っている	5
扱っています	5
扱っていた	5
扱っていました	5
扱ってる	5
扱ってます	6
安く	2
安くない	2
安くなかった	2
安かった	2
安くて	2
安っぽく	4
安っぽくない	4
安っぽくなかった	4
安っぽかった	4
安っぽくて	4
暗く	0
暗くない	4
暗くなかった	7
暗かった	2
暗くて	0
偉く	2
偉くない	2
偉くなかった	2
偉かった	2
偉くて	2
囲います	4
囲いません	5
囲いました	4
囲いませんでした	5
囲いましょう	5
囲わない	0
囲わなかった	7
囲った	4
囲って	0
囲っている	4
囲っています	4
囲っていた	4
囲っていました	4
囲ってる	4
囲ってます	5
囲みます	4
囲みません	5
囲みました	4
囲みませんでした	5
囲みましょう	5
囲まない	0
囲まなかった	7
囲んだ	0
囲んで	4
囲んでいる	4
囲んでいます	4
囲んでいた	4
囲んでいました	4
囲んでる	4
囲んでます	5
委ねます	4
委ねません	5
委ねました	4
委ねませんでした	5
委ねましょう	5
委ねない	3
委ねなかった	3
委ねた	3
委ねて	3
委ねている	3
委ねています	3
委ねていた	3
委ねていました	3
委ねてる	4
委ねてます	3
威張ります	4
威張りません	5
威張りました	4
威張りませんでした	5
威張りましょう	5
威張らない	3
威張らなかった	3
威張った	2
威張って	2
威張っている	2
威張っています	2
威張っていた	2
威張っていました	2
威張ってる	4
威張ってます	2
意気込みます	5
意気込みません	6
意気込みました	5
意気込みませんでした	6
意気込みましょう	6
意気込まない	4
意気込まなかった	4
意気込んだ	3
意気込んで	3
意気込んでいる	3
意気込んでいます	3
意気込んでいた	3
意気込んでいました	3
意気込んでる	5
意気込んでます	3
慰めます	5
慰めません	6
慰めました	5
慰めませんでした	6
慰めましょう	6
慰めない	0
慰めなかった	8
慰めた	5
慰めて	0
慰めている	5
慰めています	5
慰めていた	5
慰めていました	5
慰めてる	5
慰めてます	6
易く	2
易くない	2
易くなかった	2
易かった	2
易くて	2
易しく	3
易しくない	3
易しくなかった	3
易しかった	3
易しくて	3
し過ぎる	3
し過ぎます	4
し過ぎません	5
し過ぎました	4
し過ぎませんでした	5
し過ぎましょう	5
し過ぎない	0
し過ぎなかった	7
し過ぎた	4
し過ぎて	0
し過ぎている	4
し過ぎています	4
し過ぎていた	4
し過ぎていました	4
し過ぎてる	4
し過ぎてます	5
し続ける	4
し続けます	5
し続けません	6
し続けました	5
し続けませんでした	6
し続けましょう	6
し続けない	0
し続けなかった	8
し続けた	5
し続けて	0
し続けている	5
し続けています	5
し続けていた	5
し続けていました	5
し続けてる	5
し続けてます	6
異なります	5
異なりません	6
異なりました	5
異なりませんでした	6
異なりましょう	6
異ならない	4
異ならなかった	4
異なった	3
異なって	3
異なっている	3
異なっています	3
異なっていた	3
異なっていました	3
異なってる	5
異なってます	3
移します	4
移しません	5
移しました	4
移しませんでした	5
移しましょう	5
移さない	3
移さなかった	3
移した	2
移して	2
移している	2
移しています	2
移していた	2
移していました	2
移してる	4
移してます	2
移ります	4
移りません	5
移りました	4
移りませんでした	5
移りましょう	5
移らない	3
移らなかった	3
移った	2
移って	2
移っている	2
移っています	2
移っていた	2
移っていました	2
移ってる	4
移ってます	2
萎えます	3
萎えません	4
萎えました	3
萎えませんでした	4
萎えましょう	4
萎えない	2
萎えなかった	2
萎えた	2
萎えて	2
萎えている	2
萎えています	2
萎えていた	2
萎えていました	2
萎えてる	3
萎えてます	2
萎れます	4
萎れません	5
萎れました	4
萎れませんでした	5
萎れましょう	5
萎れない	0
萎れなかった	7
萎れた	4
萎れて	0
萎れている	4
萎れています	4
萎れていた	4
萎れていました	4
萎れてる	4
萎れてます	5
育ちます	4
育ちません	5
育ちました	4
育ちませんでした	5
育ちましょう	5
育たない	3
育たなかった	3
育った	2
育って	2
育っている	2
育っています	2
育っていた	2
育っていました	2
育ってる	4
育ってます	2
育てます	4
育てません	5
育てました	4
育てませんでした	5
育てましょう	5
育てない	3
育てなかった	3
育てた	3
育てて	3
育てている	3
育てています	3
育てていた	3
育てていました	3
育ててる	3
育ててます	3
溢れます	4
溢れません	5
溢れました	4
溢れませんでした	5
溢れましょう	5
溢れない	3
溢れなかった	3
溢れた	3
溢れて	3
溢れている	3
溢れています	3
溢れていた	3
溢れていました	3
溢れてる	4
溢れてます	3
逸らします	4
逸らしません	5
逸らしました	4
逸らしませんでした	5
逸らしましょう	5
逸らさない	3
逸らさなかった	3
逸らした	2
逸らして	2
逸らしている	2
逸らしています	2
逸らしていた	2
逸らしていました	2
逸らしてる	4
逸らしてます	2
依ります	3
依りません	4
依りました	3
依りませんでした	4
依りましょう	4
依らない	0
依らなかった	6
依った	3
依っている	3
依っています	3
依っていた	3
依っていました	3
依ってる	3
依ってます	4
惹かれます	4
惹かれません	5
惹かれました	4
惹かれませんでした	5
惹かれましょう	5
惹かれない	0
惹かれなかった	7
惹かれた	4
惹かれて	0
惹かれている	4
惹かれています	4
惹かれていた	4
惹かれていました	4
惹かれてる	4
惹かれてます	5
引き起こします	6
引き起こしません	7
引き起こしました	6
引き起こしませんでした	7
引き起こしましょう	7
引き起こさない	5
引き起こさなかった	5
引き起こした	4
引き起こして	4
引き起こしている	4
引き起こしています	4
引き起こしていた	4
引き起こしていました	4
引き起こしてる	6
引き起こしてます	4
引き継ぎます	5
引き継ぎません	6
引き継ぎました	5
引き継ぎませんでした	6
引き継ぎましょう	6
引き継がない	4
引き継がなかった	4
引き継いだ	3
引き継いで	3
引き継いでいる	3
引き継いでいます	3
引き継いでいた	3
引き継いでいました	3
引き継いでる	5
引き継いでます	3
引き取ります	5
引き取りません	6
引き取りました	5
引き取りませんでした	6
引き取りましょう	6
引き取らない	4
引き取らなかった	4
引き取った	3
引き取って	3
引き取っている	3
引き取っています	3
引き取っていた	3
引き取っていました	3
引き取ってる	5
引き取ってます	3
引きずります	5
引きずりません	6
引きずりました	5
引きずりませんでした	6
引きずりましょう	6
引きずらない	0
引きずらなかった	8
引きずった	5
引きずって	0
引きずっている	5
引きずっています	5
引きずっていた	5
引きずっていました	5
引きずってる	5
引きずってます	6
引き締まります	6
引き締まりません	7
引き締まりました	6
引き締まりませんでした	7
引き締まりましょう	7
引き締まらない	5
引き締まらなかった	5
引き締まった	4
引き締まって	4
引き締まっている	4
引き締まっています	4
引き締まっていた	4
引き締まっていました	4
引き締まってる	6
引き締まってます	4
引き抜きます	5
引き抜きません	6
引き抜きました	5
引き抜きませんでした	6
引き抜きましょう	6
引き抜かない	4
引き抜かなかった	4
引き抜いた	3
引き抜いて	3
引き抜いている	3
引き抜いています	3
引き抜いていた	3
引き抜いていました	3
引き抜いてる	5
引き抜いてます	3
引き返します	6
引き返しません	7
引き返しました	6
引き返しませんでした	7
引き返しましょう	7
引き返さない	5
引き返さなかった	5
引き返した	6
引き返して	0
引き返している	6
引き返しています	6
引き返していた	6
引き返していました	6
引き返してる	6
引き返してます	7
引き戻します	6
引き戻しません	7
引き戻しました	6
引き戻しませんでした	7
引き戻しましょう	7
引き戻さない	5
引き戻さなかった	5
引き戻した	4
引き戻して	4
引き戻している	4
引き戻しています	4
引き戻していた	4
引き戻していました	4
引き戻してる	6
引き戻してます	4
引き離します	6
引き離しません	7
引き離しました	6
引き離しませんでした	7
引き離しましょう	7
引き離さない	5
引き離さなかった	5
引き離した	4
引き離して	4
引き離している	4
引き離しています	4
引き離していた	4
引き離していました	4
引き離してる	6
引き離してます	4
引き裂きます	5
引き裂きません	6
引き裂きました	5
引き裂きませんでした	6
引き裂きましょう	6
引き裂かない	4
引き裂かなかった	4
引き裂いた	3
引き裂いて	3
引き裂いている	3
引き裂いています	3
引き裂いていた	3
引き裂いていました	3
引き裂いてる	5
引き裂いてます	3
引きます	3
引きません	4
引きました	3
引きませんでした	4
引きましょう	4
引かない	0
引かなかった	6
引いた	3
引いて	0
引いている	3
引いています	3
引いていた	3
引いていました	3
引いてる	3
引いてます	4
ひっくり返ります	8
ひっくり返りません	9
ひっくり返りました	8
ひっくり返りませんでした	9
ひっくり返りましょう	9
ひっくり返らない	7
ひっくり返らなかった	7
ひっくり返った	5
ひっくり返って	5
ひっくり返っている	5
ひっくり返っています	5
ひっくり返っていた	5
ひっくり返っていました	5
ひっくり返ってる	8
ひっくり返ってます	5
引っ越します	5
引っ越しません	6
引っ越しました	5
引っ越しませんでした	6
引っ越しましょう	6
引っ越さない	4
引っ越さなかった	4
引っ越した	5
引っ越して	0
引っ越している	5
引っ越しています	5
引っ越していた	5
引っ越していました	5
引っ越してる	5
引っ越してます	6
引っかかります	6
引っかかりません	7
引っかかりました	6
引っかかりませんでした	7
引っかかりましょう	7
引っかからない	5
引っかからなかった	5
引っかかった	4
引っかかって	4
引っかかっている	4
引っかかっています	4
引っかかっていた	4
引っかかっていました	4
引っかかってる	6
引っかかってます	4
引っ掛けます	5
引っ掛けません	6
引っ掛けました	5
引っ掛けませんでした	6
引っ掛けましょう	6
引っ掛けない	4
引っ掛けなかった	4
引っ掛けた	4
引っ掛けて	4
引っ掛けている	4
引っ掛けています	4
引っ掛けていた	4
引っ掛けていました	4
引っ掛けてる	5
引っ掛けてます	4
引っ込みます	5
引っ込みません	6
引っ込みました	5
引っ込みませんでした	6
引っ込みましょう	6
引っ込まない	4
引っ込まなかった	4
引っ込んだ	3
引っ込んで	3
引っ込んでいる	3
引っ込んでいます	3
引っ込んでいた	3
引っ込んでいました	3
引っ込んでる	5
引っ込んでます	3
飲みます	3
飲みません	4
飲みました	3
飲みませんでした	4
飲みましょう	4
飲まない	2
飲まなかった	2
飲んだ	1
飲んで	1
飲んでいる	1
飲んでいます	1
飲んでいた	1
飲んでいました	1
飲んでる	3
飲んでます	1
隠します	4
隠しません	5
隠しました	4
隠しませんでした	5
隠しましょう	5
隠さない	3
隠さなかった	3
隠した	3
隠して	3
隠している	3
隠しています	3
隠していた	3
隠していました	3
隠してる	4
隠してます	3
隠れます	4
隠れません	5
隠れました	4
隠れませんでした	5
隠れましょう	5
隠れない	3
隠れなかった	3
隠れた	3
隠れて	3
隠れている	3
隠れています	3
隠れていた	3
隠れていました	3
隠れてる	4
隠れてます	3
運びます	4
運びません	5
運びました	4
運びませんでした	5
運びましょう	5
運ばない	0
運ばなかった	7
運んだ	0
運んで	4
運んでいる	4
運んでいます	4
運んでいた	4
運んでいました	4
運んでる	4
運んでます	5
営みます	5
営みません	6
営みました	5
営みませんでした	6
営みましょう	6
営まない	4
営まなかった	4
営んだ	3
営んで	3
営んでいる	3
営んでいます	3
営んでいた	3
営んでいました	3
営んでる	5
営んでます	3
映ります	4
映りません	5
映りました	4
映りませんでした	5
映りましょう	5
映らない	3
映らなかった	3
映った	2
映って	2
映っている	2
映っています	2
映っていた	2
映っていました	2
映ってる	4
映ってます	2
栄えます	4
栄えません	5
栄えました	4
栄えませんでした	5
栄えましょう	5
栄えない	3
栄えなかった	3
栄えた	2
栄えて	2
栄えている	2
栄えています	2
栄えていた	2
栄えていました	2
栄えてる	4
栄えてます	2
泳ぎます	4
泳ぎません	5
泳ぎました	4
泳ぎませんでした	5
泳ぎましょう	5
泳がない	3
泳がなかった	3
泳いだ	2
泳いで	2
泳いでいる	2
泳いでいます	2
泳いでいた	2
泳いでいました	2
泳いでる	4
泳いでます	2
詠みます	3
詠みません	4
詠みました	3
詠みませんでした	4
詠みましょう	4
詠まない	2
詠まなかった	2
詠んだ	1
詠んで	1
詠んでいる	1
詠んでいます	1
詠んでいた	1
詠んでいました	1
詠んでる	3
詠んでます	1
鋭く	3
鋭くない	3
鋭くなかった	3
鋭かった	3
鋭くて	3
越します	3
越しません	4
越しました	3
越しませんでした	4
越しましょう	4
越さない	0
越さなかった	6
越した	3
越して	0
越している	3
越しています	3
越していた	3
越していました	3
越してる	3
越してます	4
沿います	3
沿いません	4
沿いました	3
沿いませんでした	4
沿いましょう	4
沿わない	2
沿わなかった	2
沿った	1
沿って	1
沿っている	1
沿っています	1
沿っていた	1
沿っていました	1
沿ってる	3
沿ってます	1
演じます	4
演じません	5
演じました	4
演じませんでした	5
演じましょう	5
演じない	0
演じなかった	7
演じた	4
演じて	0
演じている	4
演じています	4
演じていた	4
演じていました	4
演じてる	4
演じてます	5
煙く	0
煙くない	4
煙くなかった	7
煙かった	2
煙くて	0
煙たく	3
煙たくない	3
煙たくなかった	3
煙たかった	3
煙たくて	3
煙ります	4
煙りません	5
煙りました	4
煙りませんでした	5
煙りましょう	5
煙らない	0
煙らなかった	7
煙った	4
煙って	0
煙っている	4
煙っています	4
煙っていた	4
煙っていました	4
煙ってる	4
煙ってます	5
遠く	3
遠くない	3
遠くなかった	3
遠かった	2
遠くて	3
遠ざかります	6
遠ざかりません	7
遠ざかりました	6
遠ざかりませんでした	7
遠ざかりましょう	7
遠ざからない	5
遠ざからなかった	5
遠ざかった	4
遠ざかって	4
遠ざかっている	4
遠ざかっています	4
遠ざかっていた	4
遠ざかっていました	4
遠ざかってる	6
遠ざかってます	4
汚く	3
汚くない	3
汚くなかった	3
汚かった	3
汚くて	3
汚します	4
汚しません	5
汚しました	4
汚しませんでした	5
汚しましょう	5
汚さない	0
汚さなかった	7
汚した	4
汚して	0
汚している	4
汚しています	4
汚していた	4
汚していました	4
汚してる	4
汚してます	5
汚れます	4
汚れません	5
汚れました	4
汚れませんでした	5
汚れましょう	5
汚れない	0
汚れなかった	7
汚れた	4
汚れて	0
汚れている	4
汚れています	4
汚れていた	4
汚れていました	4
汚れてる	4
汚れてます	5
凹みます	4
凹みません	5
凹みました	4
凹みませんでした	5
凹みましょう	5
凹まない	0
凹まなかった	7
凹んだ	0
凹んで	4
凹んでいる	4
凹んでいます	4
凹んでいた	4
凹んでいました	4
凹んでる	4
凹んでます	5
応えます	4
応えません	5
応えました	4
応えませんでした	5
応えましょう	5
応えない	3
応えなかった	3
応えた	2
応えて	2
応えている	2
応えています	2
応えていた	2
応えていました	2
応えてる	4
応えてます	2
応じます	4
応じません	5
応じました	4
応じませんでした	5
応じましょう	5
応じない	0
応じなかった	7
応じた	4
応じて	0
応じている	4
応じています	4
応じていた	4
応じていました	4
応じてる	4
応じてます	5
押し込みます	5
押し込みません	6
押し込みました	5
押し込みませんでした	6
押し込みましょう	6
押し込まない	4
押し込まなかった	4
押し込んだ	3
押し込んで	3
押し込んでいる	3
押し込んでいます	3
押し込んでいた	3
押し込んでいました	3
押し込んでる	5
押し込んでます	3
押し切ります	5
押し切りません	6
押し切りました	5
押し切りませんでした	6
押し切りましょう	6
押し切らない	4
押し切らなかった	4
押し切った	3
押し切って	3
押し切っている	3
押し切っています	3
押し切っていた	3
押し切っていました	3
押し切ってる	5
押し切ってます	3
押し入ります	5
押し入りません	6
押し入りました	5
押し入りませんでした	6
押し入りましょう	6
押し入らない	4
押し入らなかった	4
押し入った	3
押し入って	3
押し入っている	3
押し入っています	3
押し入っていた	3
押し入っていました	3
押し入ってる	5
押し入ってます	3
押し付けます	5
押し付けません	6
押し付けました	5
押し付けませんでした	6
押し付けましょう	6
押し付けない	4
押し付けなかった	4
押し付けた	4
押し付けて	4
押し付けている	4
押し付けています	4
押し付けていた	4
押し付けていました	4
押し付けてる	5
押し付けてます	4
押します	3
押しません	4
押しました	3
押しませんでした	4
押しましょう	4
押さない	0
押さなかった	6
押した	3
押している	3
押しています	3
押していた	3
押していました	3
押してる	3
押してます	4
横たわります	6
横たわりません	7
横たわりました	6
横たわりませんでした	7
横たわりましょう	7
横たわらない	5
横たわらなかった	5
横たわった	4
横たわって	4
横たわっている	4
横たわっています	4
横たわっていた	4
横たわっていました	4
横たわってる	6
横たわってます	4
横切ります	5
横切りません	6
横切りました	5
横切りませんでした	6
横切りましょう	6
横切らない	4
横切らなかった	4
横切った	3
横切って	3
横切っている	3
横切っています	3
横切っていた	3
横切っていました	3
横切ってる	5
横切ってます	3
殴ります	4
殴りません	5
殴りました	4
殴りませんでした	5
殴りましょう	5
殴らない	3
殴らなかった	3
殴った	2
殴って	2
殴っている	2
殴っています	2
殴っていた	2
殴っていました	2
殴ってる	4
殴ってます	2
黄色く	0
黄色くない	5
黄色くなかった	8
黄色かった	3
黄色くて	0
卸します	4
卸しません	5
卸しました	4
卸しませんでした	5
卸しましょう	5
卸さない	3
卸さなかった	3
卸した	2
卸して	2
卸している	2
卸しています	2
卸していた	2
卸していました	2
卸してる	4
卸してます	2
温く	2
温くない	2
温くなかった	2
温かった	2
温くて	2
下がります	4
下がりません	5
下がりました	4
下がりませんでした	5
下がりましょう	5
下がらない	3
下がらなかった	3
下がった	2
下がって	2
下がっている	2
下がっています	2
下がっていた	2
下がっていました	2
下がってる	4
下がってます	2
下げます	3
下げません	4
下げました	3
下げませんでした	4
下げましょう	4
下げない	2
下げなかった	2
下げた	2
下げて	2
下げている	2
下げています	2
下げていた	2
下げていました	2
下げてる	3
下げてます	2
下します	4
下しません	5
下しました	4
下しませんでした	5
下しましょう	5
下さない	0
下さなかった	7
下した	4
下して	0
下している	4
下しています	4
下していた	4
下していました	4
下してる	4
下してます	5
下らなく	0
下らなくない	6
下らなくなかった	9
下らなかった	4
下らなくて	0
下ります	3
下りません	4
下りました	3
下りませんでした	4
下りましょう	5
下った	4
下っている	4
下っています	4
下っていた	4
下っていました	4
下ってる	4
下ってます	5
化けます	3
化けません	4
化けました	3
化けませんでした	4
化けましょう	4
化けない	2
化けなかった	2
化けた	2
化けて	2
化けている	2
化けています	2
化けていた	2
化けていました	2
化けてる	3
化けてます	2
加えます	4
加えません	5
加えました	4
加えませんでした	5
加えましょう	5
加えない	3
加えなかった	3
加えた	3
加えている	3
加えています	3
加えていた	3
加えていました	3
加えてる	4
加えてます	3
加わります	5
加わりません	6
加わりました	5
加わりませんでした	6
加わりましょう	6
加わらない	0
加わらなかった	8
加わった	5
加わって	0
加わっている	5
加わっています	5
加わっていた	5
加わっていました	5
加わってる	5
加わってます	6
可愛がります	6
可愛がりません	7
可愛がりました	6
可愛がりませんでした	7
可愛がりましょう	7
可愛がらない	5
可愛がらなかった	5
可愛がった	3
可愛がって	3
可愛がっている	3
可愛がっています	3
可愛がっていた	3
可愛がっていました	3
可愛がってる	6
可愛がってます	3
可愛らしく	5
可愛らしくない	5
可愛らしくなかった	5
可愛らしかった	5
可愛らしくて	5
可笑しく	3
可笑しくない	3
可笑しくなかった	3
可笑しかった	3
可笑しくて	3
嫁ぎます	4
嫁ぎません	5
嫁ぎました	4
嫁ぎませんでした	5
嫁ぎましょう	5
嫁がない	3
嫁がなかった	3
嫁いだ	2
嫁いで	2
嫁いでいる	2
嫁いでいます	2
嫁いでいた	2
嫁いでいました	2
嫁いでる	4
嫁いでます	2
果たします	4
果たしません	5
果たしました	4
果たしませんでした	5
果たしましょう	5
果たさない	3
果たさなかった	3
果たした	2
果たしている	2
果たしています	2
果たしていた	2
果たしていました	2
果たしてる	4
果たしてます	2
果てしなく	4
果てしなくない	4
果てしなくなかった	4
果てしなかった	4
果てしなくて	4
稼ぎます	4
稼ぎません	5
稼ぎました	4
稼ぎませんでした	5
稼ぎましょう	5
稼がない	3
稼がなかった	3
稼いだ	2
稼いで	2
稼いでいる	2
稼いでいます	2
稼いでいた	2
稼いでいました	2
稼いでる	4
稼いでます	2
苛めます	4
苛めません	5
苛めました	4
苛めませんでした	5
苛めましょう	5
苛めない	0
苛めなかった	7
苛めた	4
苛めて	0
苛めている	4
苛めています	4
苛めていた	4
苛めていました	4
苛めてる	4
苛めてます	5
過ぎます	3
過ぎません	4
過ぎました	3
過ぎませんでした	4
過ぎましょう	4
過ぎない	2
過ぎなかった	2
過ぎた	2
過ぎて	2
過ぎている	2
過ぎています	2
過ぎていた	2
過ぎていました	2
過ぎてる	3
過ぎてます	2
過ごします	4
過ごしません	5
過ごしました	4
過ごしませんでした	5
過ごしましょう	5
過ごさない	3
過ごさなかった	3
過ごした	2
過ごして	2
過ごしている	2
過ごしています	2
過ごしていた	2
過ごしていました	2
過ごしてる	4
過ごしてます	2
霞みます	4
霞みません	5
霞みました	4
霞みませんでした	5
霞みましょう	5
霞まない	0
霞まなかった	7
霞んだ	0
霞んで	4
霞んでいる	4
霞んでいます	4
霞んでいた	4
霞んでいました	4
霞んでる	4
霞んでます	5
会います	3
会いません	4
会いました	3
会いませんでした	4
会いましょう	4
会わない	2
会わなかった	2
会った	1
会って	1
会っている	1
会っています	1
会っていた	1
会っていました	1
会ってる	3
会ってます	1
解きます	3
解きません	4
解きました	3
解きませんでした	4
解きましょう	4
解かない	2
解かなかった	2
解いた	1
解いて	1
解いている	1
解いています	1
解いていた	1
解いていました	1
解いてる	3
解いてます	1
解けます	3
解けません	4
解けました	3
解けませんでした	4
解けましょう	4
解けない	2
解けなかった	2
解けた	2
解けて	2
解けている	2
解けています	2
解けていた	2
解けていました	2
解けてる	3
解けてます	2
回します	4
回しません	5
回しました	4
回しませんでした	5
回しましょう	5
回さない	0
回さなかった	7
回した	4
回して	0
回している	4
回しています	4
回していた	4
回していました	4
回してる	4
回してます	5
壊します	4
壊しません	5
壊しました	4
壊しませんでした	5
壊しましょう	5
壊さない	3
壊さなかった	3
壊した	2
壊して	2
壊している	2
壊しています	2
壊していた	2
壊していました	2
壊してる	4
壊してます	2
壊れます	4
壊れません	5
壊れました	4
壊れませんでした	5
壊れましょう	5
壊れない	3
壊れなかった	3
壊れた	3
壊れて	3
壊れている	3
壊れています	3
壊れていた	3
壊れていました	3
壊れてる	4
壊れてます	3
快く	4
快くない	4
快くなかった	4
快かった	4
快くて	4
怪しみます	5
怪しみません	6
怪しみました	5
怪しみませんでした	6
怪しみましょう	6
怪しまない	4
怪しまなかった	4
怪しんだ	3
怪しんで	3
怪しんでいる	3
怪しんでいます	3
怪しんでいた	3
怪しんでいました	3
怪しんでる	5
怪しんでます	3
懐かしく	4
懐かしくない	4
懐かしくなかった	4
懐かしかった	4
懐かしくて	4
懐かしみます	6
懐かしみません	7
懐かしみました	6
懐かしみませんでした	7
懐かしみましょう	7
懐かしまない	5
懐かしまなかった	5
懐かしんだ	4
懐かしんで	4
懐かしんでいる	4
懐かしんでいます	4
懐かしんでいた	4
懐かしんでいました	4
懐かしんでる	6
懐かしんでます	4
戒めます	5
戒めません	6
戒めました	5
戒めませんでした	6
戒めましょう	6
戒めない	0
戒めなかった	8
戒めた	5
戒めて	0
戒めている	5
戒めています	5
戒めていた	5
戒めていました	5
戒めてる	5
戒めてます	6
改まります	6
改まりません	7
改まりました	6
改まりませんでした	7
改まりましょう	7
改まらない	5
改まらなかった	5
改まった	4
改まって	4
改まっている	4
改まっています	4
改まっていた	4
改まっていました	4
改まってる	6
改まってます	4
改めます	5
改めません	6
改めました	5
改めませんでした	6
改めましょう	6
改めない	4
改めなかった	4
改めた	3
改めている	3
改めています	3
改めていた	3
改めていました	3
改めてる	5
改めてます	3
開き直ります	7
開き直りません	8
開き直りました	7
開き直りませんでした	8
開き直りましょう	8
開き直らない	6
開き直らなかった	6
開き直った	5
開き直って	5
開き直っている	5
開き直っています	5
開き直っていた	5
開き直っていました	5
開き直ってる	7
開き直ってます	5
開きます	4
開きません	5
開きました	4
開きませんでした	5
開きましょう	5
開かない	3
開かなかった	3
開いた	2
開いて	2
開いている	2
開いています	2
開いていた	2
開いていました	2
開いてる	4
開いてます	2
開けます	3
開けません	4
開けました	3
開けませんでした	4
開けましょう	4
開けない	0
開けなかった	6
開けた	3
開けて	0
開けている	3
開けています	3
開けていた	3
開けていました	3
開けてる	3
開けてます	4
外します	4
外しません	5
外しました	4
外しませんでした	5
外しましょう	5
外さない	0
外さなかった	7
外した	4
外して	0
外している	4
外しています	4
外していた	4
外していました	4
外してる	4
外してます	5
外れます	4
外れません	5
外れました	4
外れませんでした	5
外れましょう	5
外れない	0
外れなかった	7
外れた	4
外れて	0
外れている	4
外れています	4
外れていた	4
外れていました	4
外れてる	4
外れてます	5
確かめます	5
確かめません	6
確かめました	5
確かめませんでした	6
確かめましょう	6
確かめない	4
確かめなかった	4
確かめた	4
確かめて	4
確かめている	4
確かめています	4
確かめていた	4
確かめていました	4
確かめてる	5
確かめてます	4
覚えます	4
覚えません	5
覚えました	4
覚えませんでした	5
覚えましょう	5
覚えない	3
覚えなかった	3
覚えた	3
覚えて	3
覚えている	3
覚えています	3
覚えていた	3
覚えていました	3
覚えてる	4
覚えてます	3
覚まします	4
覚ましません	5
覚ましました	4
覚ましませんでした	5
覚ましましょう	5
覚まさない	3
覚まさなかった	3
覚ました	2
覚まして	2
覚ましている	2
覚ましています	2
覚ましていた	2
覚ましていました	2
覚ましてる	4
覚ましてます	2
覚めます	3
覚めません	4
覚めました	3
覚めませんでした	4
覚めましょう	4
覚めない	2
覚めなかった	2
覚めた	2
覚めて	2
覚めている	2
覚めています	2
覚めていた	2
覚めていました	2
覚めてる	3
覚めてます	2
隔てます	4
隔てません	5
隔てました	4
隔てませんでした	5
隔てましょう	5
隔てない	3
隔てなかった	3
隔てた	3
隔てて	3
隔てている	3
隔てています	3
隔てていた	3
隔てていました	3
隔ててる	4
隔ててます	3
学びます	4
学びません	5
学びました	4
学びませんでした	5
学びましょう	5
学ばない	0
学ばなかった	7
学んだ	0
学んで	4
学んでいる	4
学んでいます	4
学んでいた	4
学んでいました	4
学んでる	4
学んでます	5
楽しく	3
楽しくない	3
楽しくなかった	3
楽しかった	3
楽しくて	3
楽しみます	5
楽しみません	6
楽しみました	5
楽しみませんでした	6
楽しみましょう	6
楽しまない	4
楽しまなかった	4
楽しんだ	3
楽しんで	3
楽しんでいる	3
楽しんでいます	3
楽しんでいた	3
楽しんでいました	3
楽しんでる	5
楽しんでます	3
掛かります	4
掛かりません	5
掛かりました	4
掛かりませんでした	5
掛かりましょう	5
掛からない	3
掛からなかった	3
掛かった	2
掛かって	2
掛かっている	2
掛かっています	2
掛かっていた	2
掛かっていました	2
掛かってる	4
掛かってます	2
掛けます	3
掛けません	4
掛けました	3
掛けませんでした	4
掛けましょう	4
掛けない	2
掛けなかった	2
掛けた	2
掛けて	2
掛けている	2
掛けています	2
掛けていた	2
掛けていました	2
掛けてる	3
掛けてます	2
裂きます	3
裂きません	4
裂きました	3
裂きませんでした	4
裂きましょう	4
裂かない	2
裂かなかった	2
裂いた	1
裂いて	1
裂いている	1
裂いています	1
裂いていた	1
裂いていました	1
裂いてる	3
裂いてます	1
割り引きます	5
割り引きません	6
割り引きました	5
割り引きませんでした	6
割り引きましょう	6
割り引かない	4
割り引かなかった	4
割り引いた	3
割り引いて	3
割り引いている	3
割り引いています	3
割り引いていた	3
割り引いていました	3
割り引いてる	5
割り引いてます	3
割り出します	5
割り出しません	6
割り出しました	5
割り出しませんでした	6
割り出しましょう	6
割り出さない	4
割り出さなかった	4
割り出した	3
割り出して	3
割り出している	3
割り出しています	3
割り出していた	3
割り出していました	3
割り出してる	5
割り出してます	3
割り切ります	5
割り切りません	6
割り切りました	5
割り切りませんでした	6
割り切りましょう	6
割り切らない	4
割り切らなかった	4
割り切った	3
割り切って	3
割り切っている	3
割り切っています	3
割り切っていた	3
割り切っていました	3
割り切ってる	5
割り切ってます	3
割り当てます	5
割り当てません	6
割り当てました	5
割り当てませんでした	6
割り当てましょう	6
割り当てない	4
割り当てなかった	4
割り当てた	4
割り当てて	4
割り当てている	4
割り当てています	4
割り当てていた	4
割り当てていました	4
割り当ててる	4
割り当ててます	4
割ります	3
割りません	4
割りました	3
割りませんでした	4
割りましょう	4
割らない	0
割らなかった	6
割った	3
割って	0
割っている	3
割っています	3
割っていた	3
割っていました	3
割ってる	3
割ってます	4
割れます	3
割れません	4
割れました	3
割れませんでした	4
割れましょう	4
割れない	0
割れなかった	6
割れた	3
割れて	0
割れている	3
割れています	3
割れていた	3
割れていました	3
割れてる	3
割れてます	4
括ります	4
括りません	5
括りました	4
括りませんでした	5
括りましょう	5
括らない	0
括らなかった	7
括った	4
括って	0
括っている	4
括っています	4
括っていた	4
括っていました	4
括ってる	4
括ってます	5
渇きます	4
渇きません	5
渇きました	4
渇きませんでした	5
渇きましょう	5
渇かない	3
渇かなかった	3
渇いた	2
渇いて	2
渇いている	2
渇いています	2
渇いていた	2
渇いていました	2
渇いてる	4
渇いてます	2
滑ります	4
滑りません	5
滑りました	4
滑りませんでした	5
滑りましょう	5
滑らない	3
滑らなかった	3
滑った	2
滑って	2
滑っている	2
滑っています	2
滑っていた	2
滑っていました	2
滑ってる	4
滑ってます	2
叶います	4
叶いません	5
叶いました	4
叶いませんでした	5
叶いましょう	5
叶わない	3
叶わなかった	3
叶った	2
叶って	2
叶っている	2
叶っています	2
叶っていた	2
叶っていました	2
叶ってる	4
叶ってます	2
叶えます	4
叶えません	5
叶えました	4
叶えませんでした	5
叶えましょう	5
叶えない	3
叶えなかった	3
叶えた	3
叶えて	3
叶えている	3
叶えています	3
叶えていた	3
叶えていました	3
叶えてる	4
叶えてます	3
噛み付きます	5
噛み付きません	6
噛み付きました	5
噛み付きませんでした	6
噛み付きましょう	6
噛み付かない	0
噛み付かなかった	8
噛み付いた	5
噛み付いて	0
噛み付いている	5
噛み付いています	5
噛み付いていた	5
噛み付いていました	5
噛み付いてる	5
噛み付いてます	6
噛みます	3
噛みません	4
噛みました	3
噛みませんでした	4
噛みましょう	4
噛まない	2
噛まなかった	2
噛んだ	1
噛んで	1
噛んでいる	1
噛んでいます	1
噛んでいた	1
噛んでいました	1
噛んでる	3
噛んでます	1
刈り込みます	5
刈り込みません	6
刈り込みました	5
刈り込みませんでした	6
刈り込みましょう	6
刈り込まない	4
刈り込まなかった	4
刈り込んだ	3
刈り込んで	3
刈り込んでいる	3
刈り込んでいます	3
刈り込んでいた	3
刈り込んでいました	3
刈り込んでる	5
刈り込んでます	3
刈ります	3
刈りません	4
刈りました	3
刈りませんでした	4
刈りましょう	4
刈らない	0
刈らなかった	6
刈った	3
刈って	0
刈っている	3
刈っています	3
刈っていた	3
刈っていました	3
刈ってる	3
刈ってます	4
乾かします	5
乾かしません	6
乾かしました	5
乾かしませんでした	6
乾かしましょう	6
乾かさない	4
乾かさなかった	4
乾かした	3
乾かして	3
乾かしている	3
乾かしています	3
乾かしていた	3
乾かしていました	3
乾かしてる	5
乾かしてます	3
乾きます	4
乾きません	5
乾きました	4
乾きませんでした	5
乾きましょう	5
乾かない	3
乾かなかった	3
乾いた	2
乾いて	2
乾いている	2
乾いています	2
乾いていた	2
乾いていました	2
乾いてる	4
乾いてます	2
寒く	2
寒くない	2
寒くなかった	2
寒かった	2
寒くて	2
巻き込みます	5
巻き込みません	6
巻き込みました	5
巻き込みませんでした	6
巻き込みましょう	6
巻き込まない	4
巻き込まなかった	4
巻き込んだ	3
巻き込んで	3
巻き込んでいる	3
巻き込んでいます	3
巻き込んでいた	3
巻き込んでいました	3
巻き込んでる	5
巻き込んでます	3
巻きます	3
巻きません	4
巻きました	3
巻きませんでした	4
巻きましょう	4
巻かない	0
巻かなかった	6
巻いた	3
巻いて	0
巻いている	3
巻いています	3
巻いていた	3
巻いていました	3
巻いてる	3
巻いてます	4
喚きます	4
喚きません	5
喚きました	4
喚きませんでした	5
喚きましょう	5
喚かない	3
喚かなかった	3
喚いた	2
喚いて	2
喚いている	2
喚いています	2
喚いていた	2
喚いていました	2
喚いてる	4
喚いてます	2
耐えます	3
耐えません	4
耐えました	3
耐えませんでした	4
耐えましょう	4
耐えない	2
耐えなかった	2
耐えた	2
耐えて	2
耐えている	2
耐えています	2
耐えていた	2
耐えていました	2
耐えてる	3
耐えてます	2
喧しく	5
喧しくない	5
喧しくなかった	5
喧しかった	5
喧しくて	5
寛ぎます	5
寛ぎません	6
寛ぎました	5
寛ぎませんでした	6
寛ぎましょう	6
寛がない	4
寛がなかった	4
寛いだ	2
寛いで	2
寛いでいる	3
寛いでいます	3
寛いでいた	3
寛いでいました	3
寛いでる	5
寛いでます	3
患います	5
患いません	6
患いました	5
患いませんでした	6
患いましょう	6
患わない	4
患わなかった	4
患った	3
患って	3
患っている	3
患っています	3
患っていた	3
患っていました	3
患ってる	5
患ってます	3
感じます	4
感じません	5
感じました	4
感じませんでした	5
感じましょう	5
感じない	0
感じなかった	7
感じた	4
感じて	0
感じている	4
感じています	4
感じていた	4
感じていました	4
感じてる	4
感じてます	5
感じ取ります	6
感じ取りません	7
感じ取りました	6
感じ取りませんでした	7
感じ取りましょう	7
感じ取らない	5
感じ取らなかった	5
感じ取った	4
感じ取って	4
感じ取っている	4
感じ取っています	4
感じ取っていた	4
感じ取っていました	4
感じ取ってる	6
感じ取ってます	4
慣らします	4
慣らしません	5
慣らしました	4
慣らしませんでした	5
慣らしましょう	5
慣らさない	3
慣らさなかった	3
慣らした	2
慣らして	2
慣らしている	2
慣らしています	2
慣らしていた	2
慣らしていました	2
慣らしてる	4
慣らしてます	2
慣れます	3
慣れません	4
慣れました	3
慣れませんでした	4
慣れましょう	4
慣れない	2
慣れなかった	2
慣れた	2
慣れて	2
慣れている	2
慣れています	2
慣れていた	2
慣れていました	2
慣れてる	3
慣れてます	2
甘く	0
甘くない	4
甘くなかった	7
甘かった	2
甘くて	0
甘えます	4
甘えません	5
甘えました	4
甘えませんでした	5
甘えましょう	5
甘えない	0
甘えなかった	7
甘えた	4
甘えて	0
甘えている	4
甘えています	4
甘えていた	4
甘えていました	4
甘えてる	4
甘えてます	5
甘やかします	6
甘やかしません	7
甘やかしました	6
甘やかしませんでした	7
甘やかしましょう	7
甘やかさない	0
甘やかさなかった	9
甘やかした	6
甘やかして	0
甘やかしている	6
甘やかしています	6
甘やかしていた	6
甘やかしていました	6
甘やかしてる	6
甘やかしてます	7
看る	1
看ます	2
看ません	3
看ました	2
看ませんでした	3
看ましょう	3
看ない	1
看なかった	1
看た	1
看て	1
看ている	1
看ています	1
看ていた	1
看ていました	1
看てる	2
看てます	1
緩く	2
緩くない	2
緩くなかった	2
緩かった	2
緩くて	2
緩みます	4
緩みません	5
緩みました	4
緩みませんでした	5
緩みましょう	5
緩まない	3
緩まなかった	3
緩んだ	2
緩んで	2
緩んでいる	2
緩んでいます	2
緩んでいた	2
緩んでいました	2
緩んでる	4
緩んでます	2
緩めます	4
緩めません	5
緩めました	4
緩めませんでした	5
緩めましょう	5
緩めない	3
緩めなかった	3
緩めた	3
緩めて	3
緩めている	3
緩めています	3
緩めていた	3
緩めていました	3
緩めてる	4
緩めてます	3
貫きます	5
貫きません	6
貫きました	5
貫きませんでした	6
貫きましょう	6
貫かない	4
貫かなかった	4
貫いた	3
貫いて	3
貫いている	3
貫いています	3
貫いていた	3
貫いていました	3
貫いてる	5
貫いてます	3
間に合います	5
間に合いません	6
間に合いました	5
間に合いませんでした	6
間に合いましょう	6
間に合わない	4
間に合わなかった	4
間に合った	3
間に合って	3
間に合っている	3
間に合っています	3
間に合っていた	3
間に合っていました	3
間に合ってる	5
間に合ってます	3
間違えます	5
間違えません	6
間違えました	5
間違えませんでした	6
間違えましょう	6
間違えない	4
間違えなかった	4
間違えた	4
間違えて	4
間違えている	4
間違えています	4
間違えていた	4
間違えていました	4
間違えてる	5
間違えてます	4
陥ります	5
陥りません	6
陥りました	5
陥りませんでした	6
陥りましょう	6
陥らない	4
陥らなかった	4
陥った	3
陥って	3
陥っている	3
陥っています	3
陥っていた	3
陥っていました	3
陥ってる	5
陥ってます	3
丸めます	4
丸めません	5
丸めました	4
丸めませんでした	5
丸めましょう	5
丸めない	0
丸めなかった	7
丸めた	4
丸めて	0
丸めている	4
丸めています	4
丸めていた	4
丸めていました	4
丸めてる	4
丸めてます	5
丸め込みます	6
丸め込みません	7
丸め込みました	6
丸め込みませんでした	7
丸め込みましょう	7
丸め込まない	5
丸め込まなかった	5
丸め込んだ	4
丸め込んで	4
丸め込んでいる	4
丸め込んでいます	4
丸め込んでいた	4
丸め込んでいました	4
丸め込んでる	6
丸め込んでます	4
含みます	4
含みません	5
含みました	4
含みませんでした	5
含みましょう	5
含まない	3
含まなかった	3
含んだ	2
含んで	2
含んでいる	2
含んでいます	2
含んでいた	2
含んでいました	2
含んでる	4
含んでます	2
含めます	4
含めません	5
含めました	4
含めませんでした	5
含めましょう	5
含めない	3
含めなかった	3
含めた	3
含めて	3
含めている	3
含めています	3
含めていた	3
含めていました	3
含めてる	4
含めてます	3
頑張ります	5
頑張りません	6
頑張りました	5
頑張りませんでした	6
頑張りましょう	6
頑張らない	4
頑張らなかった	4
頑張った	3
頑張って	3
頑張っている	3
頑張っています	3
頑張っていた	3
頑張っていました	3
頑張ってる	5
頑張ってます	3
願います	4
願いません	5
願いました	4
願いませんでした	5
願いましょう	5
願わない	3
願わなかった	3
願った	2
願って	2
願っている	2
願っています	2
願っていた	2
願っていました	2
願ってる	4
願ってます	2
企てます	5
企てません	6
企てました	5
企てませんでした	6
企てましょう	6
企てない	4
企てなかった	4
企てた	4
企てて	4
企てている	4
企てています	4
企てていた	4
企てていました	4
企ててる	4
企ててます	4
企みます	5
企みません	6
企みました	5
企みませんでした	6
企みましょう	6
企まない	4
企まなかった	4
企んだ	3
企んで	3
企んでいる	3
企んでいます	3
企んでいた	3
企んでいました	3
企んでる	5
企んでます	3
危うくない	5
危うくなかった	8
危うかった	3
危うくて	0
危なくない	5
危なくなかった	8
危なかった	3
危なくて	0
危ぶみます	5
危ぶみません	6
危ぶみました	5
危ぶみませんでした	6
危ぶみましょう	6
危ぶまない	4
危ぶまなかった	4
危ぶんだ	3
危ぶんで	3
危ぶんでいる	3
危ぶんでいます	3
危ぶんでいた	3
危ぶんでいました	3
危ぶんでる	5
危ぶんでます	3
喜びます	5
喜びません	6
喜びました	5
喜びませんでした	6
喜びましょう	6
喜ばない	4
喜ばなかった	4
喜んだ	3
喜んでいる	3
喜んでいます	3
喜んでいた	3
喜んでいました	3
喜んでる	5
喜んでます	3
嬉しく	3
嬉しくない	3
嬉しくなかった	3
嬉しかった	3
嬉しくて	3
寄せます	3
寄せません	4
寄せました	3
寄せませんでした	4
寄せましょう	4
寄せない	0
寄せなかった	6
寄せた	3
寄せて	0
寄せている	3
寄せています	3
寄せていた	3
寄せていました	3
寄せてる	3
寄せてます	4
寄り集まります	7
寄り集まりません	8
寄り集まりました	7
寄り集まりませんでした	8
寄り集まりましょう	8
寄り集まらない	6
寄り集まらなかった	6
寄り集まった	5
寄り集まって	5
寄り集まっている	5
寄り集まっています	5
寄り集まっていた	5
寄り集まっていました	5
寄り集まってる	7
寄り集まってます	5
寄ります	3
寄りません	4
寄りました	3
寄りませんでした	4
寄りましょう	4
寄らない	0
寄らなかった	6
寄った	3
寄って	0
寄っている	3
寄っています	3
寄っていた	3
寄っていました	3
寄ってる	3
寄ってます	4
帰します	4
帰しません	5
帰しました	4
帰しませんでした	5
帰しましょう	5
帰さない	0
帰さなかった	6
帰した	1
帰して	1
帰している	1
帰しています	1
帰していた	1
帰していました	1
帰してる	4
帰してます	1
帰ります	4
帰りません	5
帰りました	4
帰りませんでした	5
帰りましょう	5
帰らない	3
帰らなかった	3
帰った	1
帰って	1
帰っている	1
帰っています	1
帰っていた	1
帰っていました	1
帰ってる	4
帰ってます	1
気取ります	4
気取りません	5
気取りました	4
気取りませんでした	5
気取りましょう	5
気取らない	0
気取らなかった	7
気取った	4
気取って	0
気取っている	4
気取っています	4
気取っていた	4
気取っていました	4
気取ってる	4
気取ってます	5
祈ります	4
祈りません	5
祈りました	4
祈りませんでした	5
祈りましょう	5
祈らない	3
祈らなかった	3
祈った	2
祈って	2
祈っている	2
祈っています	2
祈っていた	2
祈っていました	2
祈ってる	4
祈ってます	2
記します	4
記しません	5
記しました	4
記しませんでした	5
記しましょう	5
記さない	0
記さなかった	7
記した	4
記して	0
記している	4
記しています	4
記していた	4
記していました	4
記してる	4
記してます	5
起きます	3
起きません	4
起きました	3
起きませんでした	4
起きましょう	4
起きない	2
起きなかった	2
起きた	2
起きて	2
起きている	2
起きています	2
起きていた	2
起きていました	2
起きてる	3
起きてます	2
起き上がります	6
起き上がりません	7
起き上がりました	6
起き上がりませんでした	7
起き上がりましょう	7
起き上がらない	0
起き上がらなかった	9
起き上がった	6
起き上がって	0
起き上がっている	6
起き上がっています	6
起き上がっていた	6
起き上がっていました	6
起き上がってる	6
起き上がってます	7
起こします	4
起こしません	5
起こしました	4
起こしませんでした	5
起こしましょう	5
起こさない	3
起こさなかった	3
起こした	2
起こして	2
起こしている	2
起こしています	2
起こしていた	2
起こしていました	2
起こしてる	4
起こしてます	2
起こります	4
起こりません	5
起こりました	4
起こりませんでした	5
起こりましょう	5
起こらない	3
起こらなかった	3
起こった	2
起こって	2
起こっている	2
起こっています	2
起こっていた	2
起こっていました	2
起こってる	4
起こってます	2
輝かしく	5
輝かしくない	5
輝かしくなかった	5
輝かしかった	5
輝かしくて	5
輝きます	5
輝きません	6
輝きました	5
輝きませんでした	6
輝きましょう	6
輝かない	4
輝かなかった	4
輝いた	3
輝いて	3
輝いている	3
輝いています	3
輝いていた	3
輝いていました	3
輝いてる	5
輝いてます	3
飢えます	3
飢えません	4
飢えました	3
飢えませんでした	4
飢えましょう	4
飢えない	2
飢えなかった	2
飢えた	2
飢えて	2
飢えている	2
飢えています	2
飢えていた	2
飢えていました	2
飢えてる	3
飢えてます	2
宜しくない	5
宜しくなかった	8
宜しかった	3
宜しくて	0
戯れます	3
戯れません	4
戯れました	3
戯れませんでした	4
戯れましょう	4
戯れない	0
戯れなかった	6
戯れた	3
戯れて	0
戯れている	3
戯れています	3
戯れていた	3
戯れていました	3
戯れてる	3
戯れてます	4
欺きます	5
欺きません	6
欺きました	5
欺きませんでした	6
欺きましょう	6
欺かない	4
欺かなかった	4
欺いた	3
欺いて	3
欺いている	3
欺いています	3
欺いていた	3
欺いていました	3
欺いてる	5
欺いてます	3
疑います	5
疑いません	6
疑いました	5
疑いませんでした	6
疑いましょう	6
疑わない	0
疑わなかった	8
疑った	5
疑って	0
疑っている	5
疑っています	5
疑っていた	5
疑っていました	5
疑ってる	5
疑ってます	6
疑わしく	5
疑わしくない	5
疑わしくなかった	5
疑わしかった	5
疑わしくて	5
掬います	4
掬いません	5
掬いました	4
掬いませんでした	5
掬いましょう	5
掬わない	0
掬わなかった	7
掬った	4
掬って	0
掬っている	4
掬っています	4
掬っていた	4
掬っていました	4
掬ってる	4
掬ってます	5
吃ります	4
吃りません	5
吃りました	4
吃りませんでした	5
吃りましょう	5
吃らない	3
吃らなかった	3
吃った	2
吃って	2
吃っている	2
吃っています	2
吃っていた	2
吃っていました	2
吃ってる	4
吃ってます	2
詰まらせる	4
詰まらせます	5
詰まらせません	6
詰まらせました	5
詰まらせませんでした	6
詰まらせましょう	6
詰まらせない	4
詰まらせなかった	4
詰まらせた	2
詰まらせて	2
詰まらせている	2
詰まらせています	2
詰まらせていた	2
詰まらせていました	2
詰まらせてる	5
詰まらせてます	2
詰まります	4
詰まりません	5
詰まりました	4
詰まりませんでした	5
詰まりましょう	5
詰まらなかった	3
詰まった	2
詰まって	2
詰まっている	2
詰まっています	2
詰まっていた	2
詰まっていました	2
詰まってる	4
詰まってます	2
詰めます	3
詰めません	4
詰めました	3
詰めませんでした	4
詰めましょう	4
詰めない	2
詰めなかった	2
詰めた	2
詰めて	2
詰めている	2
詰めています	2
詰めていた	2
詰めていました	2
詰めてる	3
詰めてます	2
逆らいます	5
逆らいません	6
逆らいました	5
逆らいませんでした	6
逆らいましょう	6
逆らわない	4
逆らわなかった	4
逆らった	3
逆らって	3
逆らっている	3
逆らっています	3
逆らっていた	3
逆らっていました	3
逆らってる	5
逆らってます	3
逆上せます	4
逆上せません	5
逆上せました	4
逆上せませんでした	5
逆上せましょう	5
逆上せない	0
逆上せなかった	7
逆上せた	4
逆上せて	0
逆上せている	4
逆上せています	4
逆上せていた	4
逆上せていました	4
逆上せてる	4
逆上せてます	5
久しく	3
久しくない	3
久しくなかった	3
久しかった	3
久しくて	3
休まります	5
休まりません	6
休まりました	5
休まりませんでした	6
休まりましょう	6
休まらない	4
休まらなかった	4
休まった	3
休まって	3
休まっている	3
休まっています	3
休まっていた	3
休まっていました	3
休まってる	5
休まってます	3
休みます	4
休みません	5
休みました	4
休みませんでした	5
休みましょう	5
休まない	3
休まなかった	3
休んだ	2
休んで	2
休んでいる	2
休んでいます	2
休んでいた	2
休んでいました	2
休んでる	4
休んでます	2
休めます	4
休めません	5
休めました	4
休めませんでした	5
休めましょう	5
休めない	3
休めなかった	3
休めた	2
休めて	2
休めている	2
休めています	2
休めていた	2
休めていました	2
休めてる	4
休めてます	2
及びます	4
及びません	5
及びました	6
及びませんでした	5
及びましょう	0
及ばない	0
及ばなかった	7
及んだ	0
及んで	4
及んでいる	4
及んでいます	4
及んでいた	4
及んでいました	4
及んでる	4
及んでます	5
及ぼします	5
及ぼしません	6
及ぼしました	5
及ぼしませんでした	6
及ぼしましょう	6
及ぼさない	0
及ぼさなかった	8
及ぼした	5
及ぼして	0
及ぼしている	5
及ぼしています	5
及ぼしていた	5
及ぼしていました	5
及ぼしてる	5
及ぼしてます	6
吸い込みます	5
吸い込みません	6
吸い込みました	5
吸い込みませんでした	6
吸い込みましょう	6
吸い込まない	4
吸い込まなかった	4
吸い込んだ	3
吸い込んで	3
吸い込んでいる	3
吸い込んでいます	3
吸い込んでいた	3
吸い込んでいました	3
吸い込んでる	5
吸い込んでます	3
吸います	3
吸いません	4
吸いました	3
吸いませんでした	4
吸いましょう	4
吸わない	0
吸わなかった	6
吸った	3
吸って	0
吸っている	3
吸っています	3
吸っていた	3
吸っていました	3
吸ってる	3
吸ってます	4
急かします	4
急かしません	5
急かしました	4
急かしませんでした	5
急かしましょう	5
急かさない	3
急かさなかった	3
急かした	2
急かして	2
急かしている	2
急かしています	2
急かしていた	2
急かしていました	2
急かしてる	4
急かしてます	2
急ぎます	4
急ぎません	5
急ぎました	4
急ぎませんでした	5
急ぎましょう	5
急がない	3
急がなかった	3
急いだ	2
急いで	2
急いでいる	2
急いでいます	2
急いでいた	2
急いでいました	2
急いでる	4
急いでます	2
救います	4
救いません	5
救いました	4
救いませんでした	5
救いましょう	5
救わない	0
救わなかった	7
救った	4
救って	0
救っている	4
救っています	4
救っていた	4
救っていました	4
救ってる	4
救ってます	5
求めます	4
求めません	5
求めました	4
求めませんでした	5
求めましょう	5
求めない	3
求めなかった	3
求めた	3
求めて	3
求めている	3
求めています	3
求めていた	3
求めていました	3
求めてる	4
求めてます	3
汲み取ります	5
汲み取りません	6
汲み取りました	5
汲み取りませんでした	6
汲み取りましょう	6
汲み取らない	4
汲み取らなかった	4
汲み取った	3
汲み取って	3
汲み取っている	3
汲み取っています	3
汲み取っていた	3
汲み取っていました	3
汲み取ってる	5
汲み取ってます	3
汲みます	3
汲みません	4
汲みました	3
汲みませんでした	4
汲みましょう	4
汲まない	0
汲まなかった	6
汲んだ	0
汲んで	3
汲んでいる	3
汲んでいます	3
汲んでいた	3
汲んでいました	3
汲んでる	3
汲んでます	4
泣きます	3
泣きません	4
泣きました	3
泣きませんでした	4
泣きましょう	4
泣かない	0
泣かなかった	6
泣いた	3
泣いて	0
泣いている	3
泣いています	3
泣いていた	3
泣いていました	3
泣いてる	3
泣いてます	4
去ります	3
去りません	4
去りました	3
去りませんでした	4
去りましょう	4
去らない	2
去らなかった	2
去った	1
去って	1
去っている	1
去っています	1
去っていた	1
去っていました	1
去ってる	3
去ってます	1
居合わせます	5
居合わせません	6
居合わせました	5
居合わせませんでした	6
居合わせましょう	6
居合わせない	4
居合わせなかった	4
居合わせた	4
居合わせて	4
居合わせている	4
居合わせています	4
居合わせていた	4
居合わせていました	4
居合わせてる	5
居合わせてます	4
拒みます	4
拒みません	5
拒みました	4
拒みませんでした	5
拒みましょう	5
拒まない	3
拒まなかった	3
拒んだ	2
拒んで	2
拒んでいる	2
拒んでいます	2
拒んでいた	2
拒んでいました	2
拒んでる	4
拒んでます	2
許します	4
許しません	5
許しました	4
許しませんでした	5
許しましょう	5
許さない	3
許さなかった	3
許した	2
許して	2
許している	2
許しています	2
許していた	2
許していました	2
許してる	4
許してます	2
漁ります	4
漁りません	5
漁りました	4
漁りませんでした	5
漁りましょう	5
漁らない	0
漁らなかった	7
漁った	4
漁って	0
漁っている	4
漁っています	4
漁っていた	4
漁っていました	4
漁ってる	4
漁ってます	5
供えます	4
供えません	5
供えました	4
供えませんでした	5
供えましょう	5
供えない	3
供えなかった	3
供えた	3
供えて	3
供えている	3
供えています	3
供えていた	3
供えていました	3
供えてる	4
供えてます	3
競います	4
競いません	5
競いました	4
競いませんでした	5
競いましょう	5
競わない	3
競わなかった	3
競った	2
競って	2
競っている	2
競っています	2
競っていた	2
競っていました	2
競ってる	4
競ってます	2
競ります	3
競りません	4
競りました	3
競りませんでした	4
競りましょう	4
競らない	2
競らなかった	2
叫びます	4
叫びません	5
叫びました	4
叫びませんでした	5
叫びましょう	5
叫ばない	3
叫ばなかった	3
叫んだ	2
叫んで	2
叫んでいる	2
叫んでいます	2
叫んでいた	2
叫んでいました	2
叫んでる	4
叫んでます	2
強く	2
強くない	2
強くなかった	2
強かった	2
強くて	2
強います	3
強いません	5
強いました	3
強いませんでした	5
強いましょう	2
強いない	2
強いなかった	2
強いた	1
強いている	2
強いています	2
強いていた	2
強いていました	2
強いてる	4
強いてます	2
強まります	5
強まりません	6
強まりました	5
強まりませんでした	6
強まりましょう	6
強まらない	4
強まらなかった	4
強まった	3
強まって	3
強まっている	3
強まっています	3
強まっていた	3
強まっていました	3
強まってる	5
強まってます	3
強めます	4
強めません	5
強めました	4
強めませんでした	5
強めましょう	5
強めない	3
強めなかった	3
強めた	3
強めて	3
強めている	3
強めています	3
強めていた	3
強めていました	3
強めてる	4
強めてます	3
強請ります	4
強請りません	5
強請りました	4
強請りませんでした	5
強請りましょう	5
強請らない	0
強請らなかった	7
強請った	4
強請って	0
強請っている	4
強請っています	4
強請っていた	4
強請っていました	4
強請ってる	4
強請ってます	5
怯えます	4
怯えません	5
怯えました	4
怯えませんでした	5
怯えましょう	5
怯えない	0
怯えなかった	7
怯えた	4
怯えて	0
怯えている	4
怯えています	4
怯えていた	4
怯えていました	4
怯えてる	4
怯えてます	5
恐ろしく	4
恐ろしくない	4
恐ろしくなかった	4
恐ろしかった	4
恐ろしくて	4
教えます	4
教えません	5
教えました	4
教えませんでした	5
教えましょう	5
教えない	0
教えなかった	7
教えた	4
教えて	0
教えている	4
教えています	4
教えていた	4
教えていました	4
教えてる	4
教えてます	5
教わります	5
教わりません	6
教わりました	5
教わりませんでした	6
教わりましょう	6
教わらない	0
教わらなかった	8
教わった	5
教わって	0
教わっている	5
教わっています	5
教わっていた	5
教わっていました	5
教わってる	5
教わってます	6
狂います	4
狂いません	5
狂いました	4
狂いませんでした	5
狂いましょう	5
狂わない	3
狂わなかった	3
狂った	2
狂って	2
狂っている	2
狂っています	2
狂っていた	2
狂っていました	2
狂ってる	4
狂ってます	2
狭く	2
狭くない	2
狭くなかった	2
狭かった	2
狭くて	2
狭まります	5
狭まりません	6
狭まりました	5
狭まりませんでした	6
狭まりましょう	6
狭まらない	4
狭まらなかった	4
狭まった	3
狭まって	3
狭まっている	3
狭まっています	3
狭まっていた	3
狭まっていました	3
狭まってる	5
狭まってます	3
狭めます	4
狭めません	5
狭めました	4
狭めませんでした	5
狭めましょう	5
狭めない	3
狭めなかった	3
狭めた	3
狭めて	3
狭めている	3
狭めています	3
狭めていた	3
狭めていました	3
狭めてる	4
狭めてます	3
脅します	4
脅しません	5
脅しました	4
脅しませんでした	5
脅しましょう	5
脅さない	0
脅さなかった	7
脅した	4
脅して	0
脅している	4
脅しています	4
脅していた	4
脅していました	4
脅してる	4
脅してます	5
興します	4
興しません	5
興しました	4
興しませんでした	5
興しましょう	5
興さない	3
興さなかった	3
興した	2
興して	2
興している	2
興しています	2
興していた	2
興していました	2
興してる	4
興してます	2
興味深く	5
興味深くない	5
興味深くなかった	5
興味深かった	5
興味深くて	5
響きます	4
響きません	5
響きました	4
響きませんでした	5
響きましょう	5
響かない	3
響かなかった	3
響いた	2
響いて	2
響いている	2
響いています	2
響いていた	2
響いていました	2
響いてる	4
響いてます	2
驚かします	6
驚かしません	7
驚かしました	6
驚かしませんでした	7
驚かしましょう	7
驚かさない	5
驚かさなかった	5
驚かした	4
驚かして	4
驚かしている	4
驚かしています	4
驚かしていた	4
驚かしていました	4
驚かしてる	6
驚かしてます	4
驚きます	5
驚きません	6
驚きました	5
驚きませんでした	6
驚きましょう	6
驚かない	4
驚かなかった	4
驚いた	3
驚いて	3
驚いている	3
驚いています	3
驚いていた	3
驚いていました	3
驚いてる	5
驚いてます	3
仰ぎます	4
仰ぎません	5
仰ぎました	4
仰ぎませんでした	5
仰ぎましょう	5
仰がない	3
仰がなかった	3
仰いだ	2
仰いで	2
仰いでいる	2
仰いでいます	2
仰いでいた	2
仰いでいました	2
仰いでる	4
仰いでます	2
凝ります	3
凝りません	4
凝りました	3
凝りませんでした	4
凝りましょう	4
凝らない	2
凝らなかった	2
凝った	1
凝って	1
凝っている	1
凝っています	1
凝っていた	1
凝っていました	1
凝ってる	3
凝ってます	1
曲がります	4
曲がりません	5
曲がりました	4
曲がりませんでした	5
曲がりましょう	5
曲がらない	0
曲がらなかった	7
曲がった	2
曲がって	2
曲がっている	2
曲がっています	2
曲がっていた	2
曲がっていました	2
曲がってる	4
曲がってます	2
曲げます	3
曲げません	4
曲げました	3
曲げませんでした	4
曲げましょう	4
曲げない	0
曲げなかった	6
曲げた	3
曲げて	0
曲げている	3
曲げています	3
曲げていた	3
曲げていました	3
曲げてる	3
曲げてます	4
努めます	4
努めません	5
努めました	4
努めませんでした	5
努めましょう	5
努めない	3
努めなかった	3
努めた	3
努めている	3
努めています	3
努めていた	3
努めていました	3
努めてる	4
努めてます	3
勤めます	4
勤めません	5
勤めました	4
勤めませんでした	5
勤めましょう	5
勤めない	3
勤めなかった	3
勤めた	3
勤めて	3
勤めている	3
勤めています	3
勤めていた	3
勤めていました	3
勤めてる	4
勤めてます	3
禁じます	4
禁じません	5
禁じました	4
禁じませんでした	5
禁じましょう	5
禁じない	0
禁じなかった	7
禁じた	4
禁じて	0
禁じている	4
禁じています	4
禁じていた	4
禁じていました	4
禁じてる	4
禁じてます	5
近くない	1
近くなかった	1
近かった	2
近くて	1
近づきます	5
近づきません	6
近づきました	5
近づきませんでした	6
近づきましょう	6
近づかない	4
近づかなかった	4
近づいた	3
近づいて	3
近づいている	3
近づいています	3
近づいていた	3
近づいていました	3
近づいてる	5
近づいてます	3
近寄ります	5
近寄りません	6
近寄りました	5
近寄りませんでした	6
近寄りましょう	6
近寄らない	4
近寄らなかった	4
近寄った	3
近寄って	3
近寄っている	3
近寄っています	3
近寄っていた	3
近寄っていました	3
近寄ってる	5
近寄ってます	3
近づけます	5
近づけません	6
近づけました	5
近づけませんでした	6
近づけましょう	6
近づけない	4
近づけなかった	4
近づけた	4
近づけて	4
近づけている	4
近づけています	4
近づけていた	4
近づけていました	4
近づけてる	5
近づけてます	4
苦く	2
苦くない	2
苦くなかった	2
苦かった	2
苦くて	2
苦しく	3
苦しくない	3
苦しくなかった	3
苦しかった	3
苦しくて	3
苦しみます	5
苦しみません	6
苦しみました	5
苦しみませんでした	6
苦しみましょう	6
苦しまない	4
苦しまなかった	4
苦しんだ	0
苦しんで	0
苦しんでいる	3
苦しんでいます	3
苦しんでいた	3
苦しんでいました	3
苦しんでる	3
苦しんでます	3
苦しめます	5
苦しめません	6
苦しめました	5
苦しめませんでした	6
苦しめましょう	6
苦しめない	4
苦しめなかった	4
苦しめた	4
苦しめて	4
苦しめている	4
苦しめています	4
苦しめていた	4
苦しめていました	4
苦しめてる	5
苦しめてます	4
駆けます	3
駆けません	4
駆けました	3
駆けませんでした	4
駆けましょう	4
駆けない	2
駆けなかった	2
駆けた	2
駆けて	2
駆けている	2
駆けています	2
駆けていた	2
駆けていました	2
駆けてる	3
駆けてます	2
備えます	4
備えません	5
備えました	4
備えませんでした	5
備えましょう	5
備えない	3
備えなかった	3
備えた	3
備えて	3
備えている	3
備えています	3
備えていた	3
備えていました	3
備えてる	4
備えてます	3
虚しく	3
虚しくない	3
虚しくなかった	3
虚しかった	3
虚しくて	3
掘ります	3
掘りません	4
掘りました	3
掘りませんでした	4
掘りましょう	4
掘らない	2
掘らなかった	2
掘った	1
掘って	1
掘っている	1
掘っています	1
掘っていた	1
掘っていました	1
掘ってる	3
掘ってます	1
繰り広げます	6
繰り広げません	7
繰り広げました	6
繰り広げませんでした	7
繰り広げましょう	7
繰り広げない	5
繰り広げなかった	5
繰り広げた	5
繰り広げて	5
繰り広げている	5
繰り広げています	5
繰り広げていた	5
繰り広げていました	5
繰り広げてる	6
繰り広げてます	5
繰り出します	5
繰り出しません	6
繰り出しました	5
繰り出しませんでした	6
繰り出しましょう	6
繰り出さない	4
繰り出さなかった	4
繰り出した	3
繰り出して	3
繰り出している	3
繰り出しています	3
繰り出していた	3
繰り出していました	3
繰り出してる	5
繰り出してます	3
繰り上げます	5
繰り上げません	6
繰り上げました	5
繰り上げませんでした	6
繰り上げましょう	6
繰り上げない	4
繰り上げなかった	4
繰り上げた	4
繰り上げて	4
繰り上げている	4
繰り上げています	4
繰り上げていた	4
繰り上げていました	4
繰り上げてる	5
繰り上げてます	4
繰り返します	6
繰り返しません	7
繰り返しました	6
繰り返しませんでした	7
繰り返しましょう	7
繰り返さない	5
繰り返さなかった	5
繰り返した	3
繰り返して	3
繰り返している	3
繰り返しています	3
繰り返していた	3
繰り返していました	3
繰り返してる	6
繰り返してます	3
群がります	5
群がりません	6
群がりました	5
群がりませんでした	6
群がりましょう	6
群がらない	4
群がらなかった	4
群がった	3
群がって	3
群がっている	3
群がっています	3
群がっていた	3
群がっていました	3
群がってる	5
群がってます	3
群れます	3
群れません	4
群れました	3
群れませんでした	4
群れましょう	4
群れない	2
群れなかった	2
群れた	2
群れて	2
群れている	2
群れています	2
群れていた	2
群れていました	2
群れてる	3
群れてます	2
傾けます	5
傾けません	6
傾けました	5
傾けませんでした	6
傾けましょう	6
傾けない	4
傾けなかった	4
傾けた	4
傾けて	4
傾けている	4
傾けています	4
傾けていた	4
傾けていました	4
傾けてる	5
傾けてます	4
恵みます	4
恵みません	5
恵みました	4
恵みませんでした	5
恵みましょう	5
恵まない	0
恵まなかった	7
恵んだ	0
恵んで	4
恵んでいる	4
恵んでいます	4
恵んでいた	4
恵んでいました	4
恵んでる	4
恵んでます	5
掲げます	4
掲げません	5
掲げました	4
掲げませんでした	5
掲げましょう	5
掲げない	0
掲げなかった	7
掲げた	4
掲げて	0
掲げている	4
掲げています	4
掲げていた	4
掲げていました	4
掲げてる	4
掲げてます	5
携えます	5
携えません	6
携えました	5
携えませんでした	6
携えましょう	6
携えない	4
携えなかった	4
携えた	4
携えて	4
携えている	4
携えています	4
携えていた	4
携えていました	4
携えてる	5
携えてます	4
携わります	6
携わりません	7
携わりました	6
携わりませんでした	7
携わりましょう	7
携わらない	5
携わらなかった	5
携わった	4
携わって	4
携わっている	4
携わっています	4
携わっていた	4
携わっていました	4
携わってる	6
携わってます	4
敬います	5
敬いません	6
敬いました	5
敬いませんでした	6
敬いましょう	6
敬わない	4
敬わなかった	4
敬った	3
敬って	3
敬っている	3
敬っています	3
敬っていた	3
敬っていました	3
敬ってる	5
敬ってます	3
経ちます	3
経ちません	4
経ちました	3
経ちませんでした	4
経ちましょう	4
経たない	2
経たなかった	2
経った	1
経って	1
経っている	1
経っています	1
経っていた	1
経っていました	1
経ってる	3
経ってます	1
経ます	2
経ません	3
経ました	2
経ませんでした	3
経ましょう	3
経ない	1
経なかった	1
経た	1
経て	1
経ている	1
経ています	1
経ていた	1
経ていました	1
経てる	2
経てます	1
継ぎます	3
継ぎません	4
継ぎました	3
継ぎませんでした	4
継ぎましょう	4
継がない	0
継がなかった	6
継いだ	3
継いで	3
継いでいる	3
継いでいます	3
継いでいた	3
継いでいました	3
継いでる	3
継いでます	6
繋がります	5
繋がりません	6
繋がりました	5
繋がりませんでした	6
繋がりましょう	6
繋がらない	0
繋がらなかった	8
繋がった	5
繋がって	0
繋がっている	5
繋がっています	5
繋がっていた	5
繋がっていました	5
繋がってる	5
繋がってます	6
繋ぎます	4
繋ぎません	5
繋ぎました	4
繋ぎませんでした	5
繋ぎましょう	5
繋がない	4
繋がなかった	7
繋いだ	0
繋いで	4
繋いでいる	4
繋いでいます	4
繋いでいた	4
繋いでいました	4
繋いでる	4
繋いでます	5
軽く	3
軽くない	3
軽くなかった	3
軽かった	2
軽くて	3
迎えます	4
迎えません	5
迎えました	4
迎えませんでした	5
迎えましょう	5
迎えない	0
迎えなかった	7
迎えた	4
迎えて	0
迎えている	4
迎えています	4
迎えていた	4
迎えていました	4
迎えてる	4
迎えてます	5
撃ちます	3
撃ちません	4
撃ちました	3
撃ちませんでした	4
撃ちましょう	4
撃たない	2
撃たなかった	2
撃った	1
撃って	1
撃っている	1
撃っています	1
撃っていた	1
撃っていました	1
撃ってる	3
撃ってます	1
欠かします	3
欠かしません	5
欠かしました	3
欠かしませんでした	5
欠かしましょう	5
欠かさない	0
欠かさなかった	7
欠かした	3
欠かして	0
欠かしている	4
欠かしています	4
欠かしていた	4
欠かしていました	4
欠かしてる	4
欠かしてます	5
欠きます	3
欠きません	4
欠きました	3
欠きませんでした	4
欠きましょう	4
欠かない	0
欠かなかった	6
欠いた	3
欠いて	0
欠いている	3
欠いています	3
欠いていた	3
欠いていました	3
欠いてる	3
欠いてます	4
欠けます	3
欠けません	4
欠けました	3
欠けませんでした	4
欠けましょう	4
欠けない	2
欠けなかった	2
欠けた	2
欠けて	2
欠けている	2
欠けています	2
欠けていた	2
欠けていました	2
欠けてる	3
欠けてます	2
決めます	3
決めません	4
決めました	3
決めませんでした	4
決めましょう	4
決めない	0
決めなかった	6
決めた	3
決めて	0
決めている	3
決めています	3
決めていた	3
決めていました	3
決めてる	3
決めてます	4
決め付けます	5
決め付けません	6
決め付けました	5
決め付けませんでした	6
決め付けましょう	6
決め付けない	4
決め付けなかった	4
決め付けた	4
決め付けて	4
決め付けている	4
決め付けています	4
決め付けていた	4
決め付けていました	4
決め付けてる	5
決め付けてます	4
潔く	4
潔くない	4
潔くなかった	4
潔かった	4
潔くて	4
結います	3
結いません	4
結いました	3
結いませんでした	4
結いましょう	4
結わない	2
結わなかった	2
結った	1
結って	1
結っている	1
結っています	1
結っていた	1
結っていました	1
結ってる	3
結ってます	1
結びつきます	6
結びつきません	7
結びつきました	6
結びつきませんでした	7
結びつきましょう	7
結びつかない	5
結びつかなかった	5
結びついた	4
結びついて	4
結びついている	4
結びついています	4
結びついていた	4
結びついていました	4
結びついてる	6
結びついてます	4
結びます	4
結びません	5
結びました	4
結びませんでした	5
結びましょう	5
結ばない	0
結ばなかった	7
結んだ	0
結んで	4
結んでいる	4
結んでいます	4
結んでいた	4
結んでいました	4
結んでる	4
結んでます	5
兼ねます	3
兼ねません	4
兼ねました	3
兼ねませんでした	4
兼ねましょう	4
兼ねない	2
兼ねなかった	2
兼ねた	2
兼ねている	2
兼ねています	2
兼ねていた	2
兼ねていました	2
兼ねてる	3
兼ねてます	2
兼ね備えます	6
兼ね備えません	7
兼ね備えました	6
兼ね備えませんでした	7
兼ね備えましょう	7
兼ね備えない	5
兼ね備えなかった	5
兼ね備えた	5
兼ね備えて	5
兼ね備えている	5
兼ね備えています	5
兼ね備えていた	5
兼ね備えていました	5
兼ね備えてる	6
兼ね備えてます	5
硬く	0
硬くない	4
硬くなかった	7
硬かった	2
硬くて	0
嫌います	4
嫌いません	5
嫌いました	4
嫌いませんでした	5
嫌いましょう	5
嫌わない	0
嫌わなかった	7
嫌った	4
嫌って	0
嫌っている	4
嫌っています	4
嫌っていた	4
嫌っていました	4
嫌ってる	4
嫌ってます	5
嫌らしく	4
嫌らしくない	4
嫌らしくなかった	4
嫌らしかった	4
嫌らしくて	4
建てます	3
建てません	4
建てました	3
建てませんでした	4
建てましょう	4
建てない	2
建てなかった	2
建てた	2
建てて	2
建てている	2
建てています	2
建てていた	2
建てていました	2
建ててる	3
建ててます	2
捲ります	4
捲りません	5
捲りました	4
捲りませんでした	5
捲りましょう	5
捲らない	0
捲らなかった	7
捲った	4
捲って	0
捲っている	4
捲っています	4
捲っていた	4
捲っていました	4
捲ってる	4
捲ってます	5
見出します	5
見出しません	6
見出しました	5
見出しませんでした	6
見出しましょう	6
見出さない	4
見出さなかった	4
見出した	5
見出して	0
見出している	5
見出しています	5
見出していた	5
見出していました	5
見出してる	5
見出してます	6
見えます	3
見えません	4
見えました	3
見えませんでした	4
見えましょう	4
見えない	2
見えなかった	2
見えた	2
見えて	2
見えている	2
見えています	2
見えていた	2
見えていました	2
見えてる	3
見えてます	2
見せびらかします	7
見せびらかしません	8
見せびらかしました	7
見せびらかしませんでした	8
見せびらかしましょう	8
見せびらかさない	6
見せびらかさなかった	6
見せびらかした	5
見せびらかして	5
見せびらかしている	5
見せびらかしています	5
見せびらかしていた	5
見せびらかしていました	5
見せびらかしてる	7
見せびらかしてます	5
見せます	3
見せません	4
見せました	3
見せませんでした	4
見せましょう	4
見せない	2
見せなかった	2
見せた	2
見せて	2
見せている	2
見せています	2
見せていた	2
見せていました	2
見せてる	3
見せてます	2
見っともない	5
見っともなく	5
見っともなくない	5
見っともなくなかった	5
見っともなかった	5
見っともなくて	5
見ます	2
見ません	3
見ました	2
見ませんでした	3
見ましょう	3
見ない	1
見なかった	1
見た	1
見て	1
見ている	1
見ています	1
見ていた	1
見ていました	1
見てる	2
見てます	1
見違えます	5
見違えません	6
見違えました	5
見違えませんでした	6
見違えましょう	6
見違えない	4
見違えなかった	4
見違えた	4
見違えて	4
見違えている	4
見違えています	4
見違えていた	4
見違えていました	4
見違えてる	5
見違えてます	4
見下します	5
見下しません	6
見下しました	5
見下しませんでした	6
見下しましょう	6
見下さない	0
見下さなかった	8
見下した	5
見下して	0
見下している	5
見下しています	5
見下していた	5
見下していました	5
見下してる	5
見下してます	6
見下ろします	5
見下ろしません	6
見下ろしました	5
見下ろしませんでした	6
見下ろしましょう	6
見下ろさない	0
見下ろさなかった	8
見下ろした	5
見下ろして	0
見下ろしている	5
見下ろしています	5
見下ろしていた	5
見下ろしていました	5
見下ろしてる	5
見下ろしてます	6
見極めます	5
見極めません	6
見極めました	5
見極めませんでした	6
見極めましょう	6
見極めない	4
見極めなかった	4
見極めた	4
見極めて	4
見極めている	4
見極めています	4
見極めていた	4
見極めていました	4
見極めてる	5
見極めてます	4
見苦しく	4
見苦しくない	4
見苦しくなかった	4
見苦しかった	4
見苦しくて	4
見合わせます	5
見合わせません	6
見合わせました	5
見合わせませんでした	6
見合わせましょう	6
見合わせない	0
見合わせなかった	8
見合わせた	5
見合わせて	0
見合わせている	5
見合わせています	5
見合わせていた	5
見合わせていました	5
見合わせてる	5
見合わせてます	6
見込みます	4
見込みません	5
見込みました	4
見込みませんでした	5
見込みましょう	5
見込まない	3
見込まなかった	3
見込んだ	2
見込んで	2
見込んでいる	2
見込んでいます	2
見込んでいた	2
見込んでいました	2
見込んでる	4
見込んでます	2
見失います	6
見失いません	7
見失いました	6
見失いませんでした	7
見失いましょう	7
見失わない	5
見失わなかった	5
見失った	4
見失って	4
見失っている	4
見失っています	4
見失っていた	4
見失っていました	4
見失ってる	6
見失ってます	4
見捨てます	4
見捨てません	5
見捨てました	4
見捨てませんでした	5
見捨てましょう	5
見捨てない	0
見捨てなかった	7
見捨てた	4
見捨てて	4
見捨てている	4
見捨てています	4
見捨てていた	4
見捨てていました	4
見捨ててる	4
見捨ててます	5
見守ります	5
見守りません	6
見守りました	5
見守りませんでした	6
見守りましょう	6
見守らない	0
見守らなかった	8
見守った	5
見守って	0
見守っている	5
見守っています	5
見守っていた	5
見守っていました	5
見守ってる	5
見守ってます	6
見受けます	4
見受けません	5
見受けました	4
見受けませんでした	5
見受けましょう	5
見受けない	0
見受けなかった	7
見受けた	4
見受けて	0
見受けている	4
見受けています	4
見受けていた	4
見受けていました	4
見受けてる	4
見受けてます	5
見習います	5
見習いません	6
見習いました	5
見習いませんでした	6
見習いましょう	6
見習わない	0
見習わなかった	8
見習った	5
見習って	0
見習っている	5
見習っています	5
見習っていた	5
見習っていました	5
見習ってる	5
見習ってます	6
見上げます	4
見上げません	5
見上げました	4
見上げませんでした	5
見上げましょう	5
見上げない	0
見上げなかった	7
見上げた	4
見上げて	0
見上げている	4
見上げています	4
見上げていた	4
見上げていました	4
見上げてる	4
見上げてます	5
見晴らします	5
見晴らしません	6
見晴らしました	5
見晴らしませんでした	6
見晴らしましょう	6
見晴らさない	0
見晴らさなかった	8
見晴らした	5
見晴らして	0
見晴らしている	5
見晴らしています	5
見晴らしていた	5
見晴らしていました	5
見晴らしてる	5
見晴らしてます	6
見送ります	5
見送りません	6
見送りました	5
見送りませんでした	6
見送りましょう	6
見送らない	0
見送らなかった	8
見送った	5
見送って	0
見送っている	5
見送っています	5
見送っていた	5
見送っていました	5
見送ってる	5
見送ってます	6
見損ないます	6
見損ないません	7
見損ないました	6
見損ないませんでした	7
見損ないましょう	7
見損なわない	5
見損なわなかった	5
見損なった	4
見損なって	4
見損なっている	4
見損なっています	4
見損なっていた	4
見損なっていました	4
見損なってる	6
見損なってます	4
見張ります	4
見張りません	5
見張りました	4
見張りませんでした	5
見張りましょう	5
見張らない	0
見張らなかった	7
見張った	4
見張って	0
見張っている	4
見張っています	4
見張っていた	4
見張っていました	4
見張ってる	4
見張ってます	5
見直します	5
見直しません	6
見直しました	5
見直しませんでした	6
見直しましょう	6
見直さない	0
見直さなかった	8
見直した	5
見直して	0
見直している	5
見直しています	5
見直していた	5
見直していました	5
見直してる	5
見直してます	6
見渡します	5
見渡しません	6
見渡しました	5
見渡しませんでした	6
見渡しましょう	6
見渡さない	0
見渡さなかった	8
見渡した	5
見渡して	0
見渡している	5
見渡しています	5
見渡していた	5
見渡していました	5
見渡してる	5
見渡してます	6
見当たります	5
見当たりません	6
見当たりました	5
見当たりませんでした	6
見当たりましょう	6
見当たらない	0
見当たらなかった	8
見当たった	5
見当たって	0
見当たっている	5
見当たっています	5
見当たっていた	5
見当たっていました	5
見当たってる	5
見当たってます	6
見舞います	4
見舞いません	5
見舞いました	4
見舞いませんでした	5
見舞いましょう	5
見舞わない	3
見舞わなかった	3
見舞った	2
見舞って	2
見舞っている	2
見舞っています	2
見舞っていた	2
見舞っていました	2
見舞ってる	4
見舞ってます	2
見落とします	5
見落としません	6
見落としました	5
見落としませんでした	6
見落としましょう	6
見落とさない	0
見落とさなかった	8
見落とした	5
見落として	0
見落としている	5
見落としています	5
見落としていた	5
見落としていました	5
見落としてる	5
見落としてます	6
賢く	3
賢くない	3
賢くなかった	3
賢かった	3
賢くて	3
険しく	3
険しくない	3
険しくなかった	3
険しかった	3
険しくて	3
厳しく	3
厳しくない	3
厳しくなかった	3
厳しかった	3
厳しくて	3
減らします	4
減らしません	5
減らしました	4
減らしませんでした	5
減らしましょう	5
減らさない	0
減らさなかった	7
減らした	4
減らして	0
減らしている	4
減らしています	4
減らしていた	4
減らしていました	4
減らしてる	4
減らしてます	5
減ります	3
減りません	4
減りました	3
減りませんでした	4
減りましょう	4
減らない	0
減らなかった	6
減った	3
減って	0
減っている	3
減っています	3
減っていた	3
減っていました	3
減ってる	3
減ってます	4
表します	5
表しません	6
表しました	5
表しませんでした	6
表しましょう	6
表さない	4
表さなかった	4
表した	3
表して	3
表している	3
表しています	3
表していた	3
表していました	3
表してる	5
表してます	3
現れます	5
現れません	6
現れました	5
現れませんでした	6
現れましょう	6
現れない	4
現れなかった	4
現れた	4
現れて	4
現れている	4
現れています	4
現れていた	4
現れていました	4
現れてる	5
現れてます	4
言い出します	5
言い出しません	6
言い出しました	5
言い出しませんでした	6
言い出しましょう	6
言い出さない	4
言い出さなかった	4
言い出した	3
言い出して	3
言い出している	3
言い出しています	3
言い出していた	3
言い出していました	3
言い出してる	5
言い出してます	3
言い切ります	5
言い切りません	6
言い切りました	5
言い切りませんでした	6
言い切りましょう	6
言い切らない	4
言い切らなかった	4
言い切った	3
言い切って	3
言い切っている	3
言い切っています	3
言い切っていた	3
言い切っていました	3
言い切ってる	5
言い切ってます	3
言い渡します	6
言い渡しません	7
言い渡しました	6
言い渡しませんでした	7
言い渡しましょう	7
言い渡さない	5
言い渡さなかった	5
言い渡した	6
言い渡して	0
言い渡している	6
言い渡しています	6
言い渡していた	6
言い渡していました	6
言い渡してる	6
言い渡してます	7
言い表します	7
言い表しません	8
言い表しました	7
言い表しませんでした	8
言い表しましょう	8
言い表さない	6
言い表さなかった	6
言い表した	5
言い表して	5
言い表している	5
言い表しています	5
言い表していた	5
言い表していました	5
言い表してる	7
言い表してます	5
言い返します	6
言い返しません	7
言い返しました	6
言い返しませんでした	7
言い返しましょう	7
言い返さない	5
言い返さなかった	5
言い返した	3
言い返して	3
言い返している	3
言い返しています	3
言い返していた	3
言い返していました	3
言い返してる	6
言い返してます	3
限りなく	1
限りなくない	4
限りなくなかった	4
限りなかった	4
限りなくて	1
限ります	4
限りません	5
限りました	4
限りませんでした	5
限りましょう	5
限らない	3
限らなかった	3
限った	2
限って	2
限っている	2
限っています	2
限っていた	2
限っていました	2
限ってる	4
限ってます	2
古くない	1
古くなかった	1
古かった	2
古くて	1
呼びかけます	5
呼びかけません	6
呼びかけました	5
呼びかけませんでした	6
呼びかけましょう	6
呼びかけない	4
呼びかけなかった	4
呼びかけた	4
呼びかけて	4
呼びかけている	4
呼びかけています	4
呼びかけていた	4
呼びかけていました	4
呼びかけてる	5
呼びかけてます	4
呼び出します	5
呼び出しません	6
呼び出しました	4
呼び出しませんでした	6
呼び出しましょう	6
呼び出さない	4
呼び出さなかった	4
呼び出した	5
呼び出して	0
呼び出している	5
呼び出しています	5
呼び出していた	5
呼び出していました	5
呼び出してる	5
呼び出してます	6
呼びます	3
呼びません	4
呼びました	3
呼びませんでした	4
呼びましょう	4
呼ばない	0
呼ばなかった	6
呼んだ	0
呼んで	3
呼んでいる	3
呼んでいます	3
呼んでいた	3
呼んでいました	3
呼んでる	3
呼んでます	4
固まります	5
固まりません	6
固まりました	5
固まりませんでした	6
固まりましょう	6
固まらない	0
固まらなかった	8
固まった	5
固まって	0
固まっている	5
固まっています	5
固まっていた	5
固まっていました	5
固まってる	5
固まってます	6
固めます	4
固めません	5
固めました	4
固めませんでした	5
固めましょう	5
固めない	0
固めなかった	7
固めた	4
固めて	0
固めている	4
固めています	4
固めていた	4
固めていました	4
固めてる	4
固めてます	5
戸惑います	5
戸惑いません	6
戸惑いました	5
戸惑いませんでした	6
戸惑いましょう	6
戸惑わない	4
戸惑わなかった	4
戸惑った	3
戸惑って	3
戸惑っている	3
戸惑っています	3
戸惑っていた	3
戸惑っていました	3
戸惑ってる	5
戸惑ってます	3
枯れます	3
枯れません	4
枯れました	3
枯れませんでした	4
枯れましょう	4
枯れない	0
枯れなかった	6
枯れた	3
枯れて	0
枯れている	3
枯れています	3
枯れていた	3
枯れていました	3
枯れてる	3
枯れてます	4
誇ります	4
誇りません	5
誇りました	4
誇りませんでした	5
誇りましょう	5
誇らない	3
誇らなかった	3
誇った	2
誇って	2
誇っている	2
誇っています	2
誇っていた	2
誇っていました	2
誇ってる	4
誇ってます	2
跨ぎます	4
跨ぎません	5
跨ぎました	4
跨ぎませんでした	5
跨ぎましょう	5
跨がない	3
跨がなかった	3
跨いだ	2
跨いで	2
跨いでいる	2
跨いでいます	2
跨いでいた	2
跨いでいました	2
跨いでる	4
跨いでます	2
顧みます	5
顧みません	6
顧みました	5
顧みませんでした	6
顧みましょう	6
顧みない	4
顧みなかった	4
顧みた	4
顧みて	4
顧みている	4
顧みています	4
顧みていた	4
顧みていました	4
顧みてる	5
顧みてます	4
呉れます	3
呉れません	4
呉れました	3
呉れませんでした	4
呉れましょう	4
呉れない	0
呉れなかった	6
呉れた	3
呉れて	0
呉れている	3
呉れています	3
呉れていた	3
呉れていました	3
呉れてる	3
呉れてます	4
悟ります	4
悟りません	5
悟りました	4
悟りませんでした	5
悟りましょう	5
悟らない	3
悟らなかった	3
悟った	2
悟って	2
悟っている	2
悟っています	2
悟っていた	2
悟っていました	2
悟ってる	4
悟ってます	2
語らいます	5
語らいません	6
語らいました	5
語らいませんでした	6
語らいましょう	6
語らわない	4
語らわなかった	4
語らった	3
語らって	3
語らっている	3
語らっています	3
語らっていた	3
語らっていました	3
語らってる	5
語らってます	3
語ります	4
語りません	5
語りました	4
語りませんでした	5
語りましょう	5
語らない	0
語らなかった	7
語った	4
語って	0
語っている	4
語っています	4
語っていた	4
語っていました	4
語ってる	4
語ってます	5
誤ります	5
誤りません	6
誤りました	5
誤りませんでした	6
誤りましょう	6
誤らない	4
誤らなかった	4
誤った	3
誤って	3
誤っている	3
誤っています	3
誤っていた	3
誤っていました	3
誤ってる	5
誤ってます	3
誤魔化します	5
誤魔化しません	6
誤魔化しました	5
誤魔化しませんでした	6
誤魔化しましょう	6
誤魔化さない	4
誤魔化さなかった	4
誤魔化した	3
誤魔化して	3
誤魔化している	3
誤魔化しています	3
誤魔化していた	3
誤魔化していました	3
誤魔化してる	5
誤魔化してます	3
交えます	4
交えません	5
交えました	4
交えませんでした	5
交えましょう	5
交えない	3
交えなかった	3
交えた	3
交えて	3
交えている	3
交えています	3
交えていた	3
交えていました	3
交えてる	4
交えてます	3
交わります	5
交わりません	6
交わりました	5
交わりませんでした	6
交わりましょう	6
交わらない	4
交わらなかった	4
交わった	3
交わって	3
交わっている	3
交わっています	3
交わっていた	3
交わっていました	3
交わってる	5
交わってます	3
光ります	4
光りません	5
光りました	4
光りませんでした	5
光りましょう	5
光らない	3
光らなかった	3
光った	2
光って	2
光っている	2
光っています	2
光っていた	2
光っていました	2
光ってる	4
光ってます	2
厚く	0
厚くない	4
厚くなかった	7
厚かった	2
厚くて	0
厚かましく	5
厚かましくない	5
厚かましくなかった	5
厚かましかった	5
厚かましくて	5
口ごもります	6
口ごもりません	7
口ごもりました	6
口ごもりませんでした	7
口ごもりましょう	7
口ごもらない	5
口ごもらなかった	5
口ごもった	4
口ごもって	4
口ごもっている	4
口ごもっています	4
口ごもっていた	4
口ごもっていました	4
口ごもってる	6
口ごもってます	4
向きます	3
向きません	4
向きました	3
向きませんでした	4
向きましょう	4
向かない	0
向かなかった	6
向いた	3
向いて	0
向いている	3
向いています	3
向いていた	3
向いていました	3
向いてる	4
向いてます	4
向けます	3
向けません	4
向けました	3
向けませんでした	4
向けましょう	4
向けない	0
向けなかった	6
向けた	3
向けて	0
向けている	3
向けています	3
向けていた	3
向けていました	3
向けてる	3
向けてます	4
好ましく	4
好ましくない	4
好ましくなかった	4
好ましかった	4
好ましくて	4
好みます	4
好みません	5
好みました	4
好みませんでした	5
好みましょう	5
好まない	3
好まなかった	3
好んだ	2
好んでいる	2
好んでいます	2
好んでいた	2
好んでいました	2
好んでる	4
好んでます	2
広くない	2
広くなかった	2
広かった	2
広くて	2
広まります	5
広まりません	6
広まりました	5
広まりませんでした	6
広まりましょう	6
広まらない	4
広まらなかった	4
広まった	3
広まって	3
広まっている	3
広まっています	3
広まっていた	3
広まっていました	3
広まってる	5
広まってます	3
広めます	4
広めません	5
広めました	4
広めませんでした	5
広めましょう	5
広めない	0
広めなかった	7
広めた	4
広めて	0
広めている	4
広めています	4
広めていた	4
広めていました	4
広めてる	4
広めてます	5
慌ただしく	5
慌ただしくない	5
慌ただしくなかった	5
慌ただしかった	5
慌ただしくて	5
慌てます	4
慌てません	5
慌てました	4
慌てませんでした	5
慌てましょう	5
慌てない	0
慌てなかった	7
慌てた	4
慌てて	0
慌てている	4
慌てています	4
慌てていた	4
慌てていました	4
慌ててる	4
慌ててます	5
控えます	4
控えません	5
控えました	4
控えませんでした	5
控えましょう	5
控えない	3
控えなかった	3
控えた	3
控えて	3
控えている	3
控えています	3
控えていた	3
控えていました	3
控えてる	4
控えてます	3
攻めます	3
攻めません	4
攻めました	3
攻めませんでした	4
攻めましょう	4
攻めない	2
攻めなかった	2
攻めた	2
攻めて	2
攻めている	2
攻めています	2
攻めていた	2
攻めていました	2
攻めてる	3
攻めてます	2
更けます	3
更けません	4
更けました	3
更けませんでした	4
更けましょう	4
更けない	2
更けなかった	2
更けた	2
更けて	2
更けている	2
更けています	2
更けていた	2
更けていました	2
更けてる	3
更けてます	2
構います	4
構いません	5
構いました	4
構いませんでした	5
構いましょう	5
構わない	3
構わなかった	3
構った	2
構って	2
構っている	2
構っています	2
構っていた	2
構っていました	2
構ってる	4
構ってます	2
構えます	4
構えません	5
構えました	4
構えませんでした	5
構えましょう	5
構えない	3
構えなかった	3
構えた	2
構えて	2
構えている	2
構えています	2
構えていた	2
構えていました	2
構えてる	4
構えてます	2
耕します	5
耕しません	6
耕しました	5
耕しませんでした	6
耕しましょう	6
耕さない	4
耕さなかった	4
耕した	3
耕して	3
耕している	3
耕しています	3
耕していた	3
耕していました	3
耕してる	5
耕してます	3
考えます	5
考えません	6
考えました	5
考えませんでした	6
考えましょう	6
考えない	4
考えなかった	4
考えた	3
考えて	3
考えている	3
考えています	3
考えていた	3
考えていました	3
考えてる	5
考えてます	3
考え直します	8
考え直しません	9
考え直しました	8
考え直しませんでした	9
考え直しましょう	9
考え直さない	7
考え直さなかった	7
考え直した	6
考え直して	6
考え直している	6
考え直しています	6
考え直していた	6
考え直していました	6
考え直してる	8
考え直してます	6
荒く	0
荒くない	4
荒くなかった	7
荒かった	2
荒くて	0
荒っぽく	4
荒っぽくない	4
荒っぽくなかった	4
荒っぽかった	4
荒っぽくて	4
荒らします	4
荒らしません	5
荒らしました	4
荒らしませんでした	5
荒らしましょう	5
荒らさない	0
荒らさなかった	7
荒らした	4
荒らして	0
荒らしている	4
荒らしています	4
荒らしていた	4
荒らしていました	4
荒らしてる	4
荒らしてます	5
荒れます	3
荒れません	4
荒れました	3
荒れませんでした	4
荒れましょう	4
荒れない	0
荒れなかった	6
荒れた	3
荒れて	0
荒れている	3
荒れています	3
荒れていた	3
荒れていました	3
荒れてる	3
荒れてます	4
行き届きます	6
行き届きません	7
行き届きました	6
行き届きませんでした	7
行き届きましょう	7
行き届かない	5
行き届かなかった	5
行き届いた	4
行き届いて	4
行き届いている	4
行き届いています	4
行き届いていた	4
行き届いていました	4
行き届いてる	6
行き届いてます	4
降ります	3
降りません	4
降りました	3
降りませんでした	4
降りましょう	4
降らない	2
降らなかった	2
降った	1
降っている	1
降っています	1
降っていた	1
降っていました	1
降ってる	3
降ってます	1
高く	2
高くない	2
高くなかった	2
高かった	2
高くて	2
高まります	5
高まりません	6
高まりました	5
高まりませんでした	6
高まりましょう	6
高まらない	4
高まらなかった	4
高まった	3
高まって	3
高まっている	3
高まっています	3
高まっていた	3
高まっていました	3
高まってる	5
高まってます	3
高めます	4
高めません	5
高めました	4
高めませんでした	5
高めましょう	5
高めない	3
高めなかった	3
高めた	3
高めて	3
高めている	3
高めています	3
高めていた	3
高めていました	3
高めてる	4
高めてます	3
合います	3
合いません	4
合いました	3
合いませんでした	4
合いましょう	4
合わない	2
合わなかった	2
合った	1
合って	1
合っている	1
合っています	1
合っていた	1
合っていました	1
合ってる	3
合ってます	1
合わします	4
合わしません	5
合わしました	4
合わしませんでした	5
合わしましょう	5
合わさない	3
合わさなかった	3
合わした	2
合わして	2
合わしている	2
合わしています	2
合わしていた	2
合わしていました	2
合わしてる	4
合わしてます	2
合わせます	4
合わせません	5
合わせました	4
合わせませんでした	5
合わせましょう	5
合わせない	3
合わせなかった	3
合わせた	3
合わせている	3
合わせています	3
合わせていた	3
合わせていました	3
合わせてる	4
合わせてます	3
刻みます	4
刻みません	5
刻みました	4
刻みませんでした	5
刻みましょう	5
刻まない	0
刻まなかった	7
刻んだ	0
刻んで	4
刻んでいる	4
刻んでいます	4
刻んでいた	4
刻んでいました	4
刻んでる	4
刻んでます	5
告げます	3
告げません	4
告げました	3
告げませんでした	4
告げましょう	4
告げない	0
告げなかった	6
告げた	3
告げて	0
告げている	3
告げています	3
告げていた	3
告げていました	3
告げてる	3
告げてます	4
黒く	2
黒くない	2
黒くなかった	2
黒かった	2
黒くて	2
黒っぽく	4
黒っぽくない	4
黒っぽくなかった	4
黒っぽかった	4
黒っぽくて	4
腰掛けます	5
腰掛けません	6
腰掛けました	5
腰掛けませんでした	6
腰掛けましょう	6
腰掛けない	0
腰掛けなかった	8
腰掛けた	5
腰掛けて	0
腰掛けている	5
腰掛けています	5
腰掛けていた	5
腰掛けていました	5
腰掛けてる	5
腰掛けてます	6
暈けます	3
暈けません	4
暈けました	3
暈けませんでした	4
暈けましょう	4
暈けない	2
暈けなかった	2
暈けた	2
暈けて	2
暈けている	2
暈けています	2
暈けていた	2
暈けていました	2
暈けてる	3
暈けてます	2
惚れます	3
惚れません	4
惚れました	3
惚れませんでした	4
惚れましょう	4
惚れない	0
惚れなかった	6
惚れた	3
惚れて	0
惚れている	3
惚れています	3
惚れていた	3
惚れていました	3
惚れてる	3
惚れてます	4
込めます	3
込めません	4
込めました	3
込めませんでした	4
込めましょう	4
込めない	2
込めなかった	2
込めた	2
込めて	2
込めている	2
込めています	2
込めていた	2
込めていました	2
込めてる	3
込めてます	2
困り果てます	6
困り果てません	7
困り果てました	6
困り果てませんでした	7
困り果てましょう	7
困り果てない	5
困り果てなかった	5
困り果てた	5
困り果てて	5
困り果てている	5
困り果てています	5
困り果てていた	5
困り果てていました	5
困り果ててる	5
困り果ててます	5
困ります	4
困りません	5
困りました	4
困りませんでした	5
困りましょう	5
困らない	3
困らなかった	3
困った	2
困って	2
困っている	2
困っています	2
困っていた	2
困っていました	2
困ってる	4
困ってます	2
恨みます	4
恨みません	5
恨みました	4
恨みませんでした	5
恨みましょう	5
恨まない	3
恨まなかった	3
恨んだ	2
恨んで	2
恨んでいる	2
恨んでいます	2
恨んでいた	2
恨んでいました	2
恨んでる	4
恨んでます	2
根ざします	4
根ざしません	5
根ざしました	4
根ざしませんでした	5
根ざしましょう	5
根ざさない	3
根ざさなかった	3
根ざした	2
根ざして	2
根ざしている	2
根ざしています	2
根ざしていた	2
根ざしていました	2
根ざしてる	4
根ざしてます	2
混ぜます	3
混ぜません	4
混ぜました	3
混ぜませんでした	4
混ぜましょう	4
混ぜない	2
混ぜなかった	2
混ぜた	2
混ぜて	2
混ぜている	2
混ぜています	2
混ぜていた	2
混ぜていました	2
混ぜてる	3
混ぜてます	2
唆します	6
唆しません	7
唆しました	6
唆しませんでした	7
唆しましょう	7
唆さない	5
唆さなかった	5
唆した	4
唆して	4
唆している	4
唆しています	4
唆していた	4
唆していました	4
唆してる	6
唆してます	4
差し掛かります	6
差し掛かりません	7
差し掛かりました	6
差し掛かりませんでした	7
差し掛かりましょう	7
差し掛からない	5
差し掛からなかった	5
差し掛かった	4
差し掛かって	4
差し掛かっている	4
差し掛かっています	4
差し掛かっていた	4
差し掛かっていました	4
差し掛かってる	6
差し掛かってます	4
差し控えます	6
差し控えません	7
差し控えました	6
差し控えませんでした	7
差し控えましょう	7
差し控えない	5
差し控えなかった	5
差し控えた	5
差し控えて	5
差し控えている	5
差し控えています	5
差し控えていた	5
差し控えていました	5
差し控えてる	6
差し控えてます	5
差し込みます	5
差し込みません	6
差し込みました	5
差し込みませんでした	6
差し込みましょう	6
差し込まない	4
差し込まなかった	4
差し込んだ	3
差し込んで	3
差し込んでいる	3
差し込んでいます	3
差し込んでいた	3
差し込んでいました	3
差し込んでる	5
差し込んでます	3
差し支えます	6
差し支えません	7
差し支えました	6
差し支えませんでした	7
差し支えましょう	7
差し支えない	5
差し支えなかった	5
差し支えた	5
差し支えて	5
差し支えている	5
差し支えています	5
差し支えていた	5
差し支えていました	5
差し支えてる	6
差し支えてます	5
差し出します	5
差し出しません	6
差し出しました	5
差し出しませんでした	6
差し出しましょう	6
差し出さない	4
差し出さなかった	4
差し出した	3
差し出して	3
差し出している	3
差し出しています	3
差し出していた	3
差し出していました	3
差し出してる	5
差し出してます	3
差し上げます	5
差し上げません	6
差し上げました	5
差し上げませんでした	6
差し上げましょう	6
差し上げない	4
差し上げなかった	4
差し上げた	4
差し上げて	4
差し上げている	4
差し上げています	4
差し上げていた	4
差し上げていました	4
差し上げてる	5
差し上げてます	4
差し伸べます	5
差し伸べません	6
差し伸べました	5
差し伸べませんでした	6
差し伸べましょう	6
差し伸べない	4
差し伸べなかった	4
差し伸べた	4
差し伸べて	4
差し伸べている	4
差し伸べています	4
差し伸べていた	4
差し伸べていました	4
差し伸べてる	5
差し伸べてます	4
差し戻します	6
差し戻しません	7
差し戻しました	6
差し戻しませんでした	7
差し戻しましょう	7
差し戻さない	5
差し戻さなかった	5
差し戻した	4
差し戻して	4
差し戻している	4
差し戻しています	4
差し戻していた	4
差し戻していました	4
差し戻してる	6
差し戻してます	4
差します	3
差しません	4
差しました	3
差しませんでした	4
差しましょう	4
差さない	2
差さなかった	2
差した	2
差して	2
差している	2
差しています	2
差していた	2
差していました	2
差してる	3
差してます	2
座ります	4
座りません	5
座りました	4
座りませんでした	5
座りましょう	5
座らない	0
座らなかった	7
座った	4
座って	0
座っている	4
座っています	4
座っていた	4
座っていました	4
座ってる	4
座ってます	5
催します	5
催しません	6
催しました	5
催しませんでした	6
催しましょう	6
催さない	4
催さなかった	4
催した	5
催して	0
催している	5
催しています	5
催していた	5
催していました	5
催してる	5
催してます	6
彩ります	5
彩りません	6
彩りました	5
彩りませんでした	6
彩りましょう	6
彩らない	4
彩らなかった	4
彩った	3
彩って	3
彩っている	3
彩っています	3
彩っていた	3
彩っていました	3
彩ってる	5
彩ってます	3
済まします	4
済ましません	5
済ましました	4
済ましませんでした	5
済ましましょう	5
済まさない	3
済まさなかった	3
済ました	2
済まして	2
済ましている	2
済ましています	2
済ましていた	2
済ましていました	2
済ましてる	4
済ましてます	2
済ませます	4
済ませません	5
済ませました	4
済ませませんでした	5
済ませましょう	5
済ませない	3
済ませなかった	3
済ませた	3
済ませて	3
済ませている	3
済ませています	3
済ませていた	3
済ませていました	3
済ませてる	4
済ませてます	3
済みます	3
済みました	3
済みませんでした	4
済みましょう	4
済まない	4
済まなかった	3
済んだ	1
済んで	1
済んでいる	1
済んでいます	1
済んでいた	1
済んでいました	1
済んでる	3
済んでます	1
砕きます	4
砕きません	5
砕きました	4
砕きませんでした	5
砕きましょう	5
砕かない	3
砕かなかった	3
砕いた	2
砕いて	2
砕いている	2
砕いています	2
砕いていた	2
砕いていました	2
砕いてる	4
砕いてます	2
砕けます	4
砕けません	5
砕けました	4
砕けませんでした	5
砕けましょう	5
砕けない	3
砕けなかった	3
砕けた	3
砕けて	3
砕けている	3
砕けています	3
砕けていた	3
砕けていました	3
砕けてる	4
砕けてます	3
祭ります	4
祭りません	5
祭りました	4
祭りませんでした	5
祭りましょう	5
祭らない	0
祭らなかった	7
祭った	4
祭って	0
祭っている	4
祭っています	4
祭っていた	4
祭っていました	4
祭ってる	4
祭ってます	5
細く	2
細くない	2
細くなかった	2
細かった	3
細くて	2
細かく	3
細かくない	3
細かくなかった	3
細かかった	3
細かくて	3
細長く	4
細長くない	4
細長くなかった	4
細長かった	4
細長くて	4
裁きます	4
裁きません	5
裁きました	4
裁きませんでした	5
裁きましょう	5
裁かない	3
裁かなかった	3
裁いた	2
裁いて	2
裁いている	2
裁いています	2
裁いていた	2
裁いていました	2
裁いてる	4
裁いてます	2
裁ちます	3
裁ちません	4
裁ちました	3
裁ちませんでした	4
裁ちましょう	4
裁たない	2
裁たなかった	2
裁った	1
裁って	1
裁っている	1
裁っています	1
裁っていた	1
裁っていました	1
裁ってる	3
裁ってます	1
際立ちます	5
際立ちません	6
際立ちました	5
際立ちませんでした	6
際立ちましょう	6
際立たない	4
際立たなかった	4
際立った	3
際立って	3
際立っている	3
際立っています	3
際立っていた	3
際立っていました	3
際立ってる	5
際立ってます	3
冴えます	3
冴えません	4
冴えました	3
冴えませんでした	4
冴えましょう	4
冴えない	2
冴えなかった	2
冴えた	2
冴えて	2
冴えている	2
冴えています	2
冴えていた	2
冴えていました	2
冴えてる	3
冴えてます	2
咲きます	3
咲きません	4
咲きました	3
咲きませんでした	4
咲きましょう	4
咲かない	0
咲かなかった	6
咲いた	3
咲いて	0
咲いている	3
咲いています	3
咲いていた	3
咲いていました	3
咲いてる	3
咲いてます	4
作り出します	6
作り出しません	7
作り出しました	6
作り出しませんでした	7
作り出しましょう	7
作り出さない	5
作り出さなかった	5
作り出した	4
作り出して	4
作り出している	4
作り出しています	4
作り出していた	4
作り出していました	4
作り出してる	6
作り出してます	4
作り上げます	6
作り上げません	7
作り上げました	6
作り上げませんでした	7
作り上げましょう	7
作り上げない	5
作り上げなかった	5
作り上げた	5
作り上げて	5
作り上げている	5
作り上げています	5
作り上げていた	5
作り上げていました	5
作り上げてる	6
作り上げてます	5
削ります	4
削りません	5
削りました	4
削りませんでした	5
削りましょう	5
削らない	0
削らなかった	7
削った	4
削って	0
削っている	4
削っています	4
削っていた	4
削っていました	4
削ってる	4
削ってます	5
刷ります	3
刷りません	4
刷りました	3
刷りませんでした	4
刷りましょう	4
刷らない	2
刷らなかった	2
刷った	1
刷って	1
刷っている	1
刷っています	1
刷っていた	1
刷っていました	1
刷ってる	3
刷ってます	1
撮ります	3
撮りません	4
撮りました	3
撮りませんでした	4
撮りましょう	4
撮らない	2
撮らなかった	2
撮った	1
撮って	1
撮っている	1
撮っています	1
撮っていた	1
撮っていました	1
撮ってる	3
撮ってます	1
擦ります	4
擦りません	5
擦りました	4
擦りませんでした	5
擦りましょう	5
擦らない	3
擦らなかった	3
擦った	2
擦って	2
擦っている	2
擦っています	2
擦っていた	2
擦っていました	2
擦ってる	4
擦ってます	2
殺します	4
殺しません	5
殺しました	4
殺しませんでした	5
殺しましょう	5
殺さない	0
殺さなかった	7
殺した	4
殺して	0
殺している	4
殺しています	4
殺していた	4
殺していました	4
殺してる	4
殺してます	5
錆びます	3
錆びません	4
錆びました	3
錆びませんでした	4
錆びましょう	4
錆びない	2
錆びなかった	2
錆びた	2
錆びて	2
錆びている	2
錆びています	2
錆びていた	2
錆びていました	2
錆びてる	3
錆びてます	2
参ります	4
参りません	5
参りました	4
参りませんでした	5
参りましょう	5
参らない	3
参らなかった	3
参って	1
参っている	1
参っています	1
参っていた	1
参っていました	1
参ってる	4
参ってます	1
撒きます	3
撒きません	4
撒きました	3
撒きませんでした	4
撒きましょう	4
撒かない	2
撒かなかった	2
撒いた	1
撒いて	1
撒いている	1
撒いています	1
撒いていた	1
撒いていました	1
撒いてる	3
撒いてます	1
散らかします	5
散らかしません	6
散らかしました	5
散らかしませんでした	6
散らかしましょう	6
散らかさない	0
散らかさなかった	8
散らかした	5
散らかして	0
散らかしている	5
散らかしています	5
散らかしていた	5
散らかしていました	5
散らかしてる	5
散らかしてます	6
散らかります	5
散らかりません	6
散らかりました	5
散らかりませんでした	6
散らかりましょう	6
散らからない	0
散らからなかった	8
散らかった	5
散らかって	0
散らかっている	5
散らかっています	5
散らかっていた	5
散らかっていました	5
散らかってる	5
散らかってます	6
散らします	4
散らしません	5
散らしました	4
散らしませんでした	5
散らしましょう	5
散らさない	0
散らさなかった	7
散らした	4
散らして	0
散らしている	4
散らしています	4
散らしていた	4
散らしていました	4
散らしてる	4
散らしてます	5
散らばります	5
散らばりません	6
散らばりました	5
散らばりませんでした	6
散らばりましょう	6
散らばらない	0
散らばらなかった	8
散らばった	5
散らばって	0
散らばっている	5
散らばっています	5
散らばっていた	5
散らばっていました	5
散らばってる	5
散らばってます	6
散ります	3
散りません	4
散りました	3
散りませんでした	4
散りましょう	4
散らない	0
散らなかった	6
散った	3
散って	0
散っている	3
散っています	3
散っていた	3
散っていました	3
散ってる	3
散ってます	4
酸っぱく	3
酸っぱくない	3
酸っぱくなかった	3
酸っぱかった	3
酸っぱくて	3
斬ります	3
斬りません	4
斬りました	3
斬りませんでした	4
斬りましょう	4
斬らない	2
斬らなかった	2
斬った	1
斬って	1
斬っている	1
斬っています	1
斬っていた	1
斬っていました	1
斬ってる	3
斬ってます	1
残ります	4
残りません	5
残りました	4
残りませんでした	5
残りましょう	5
残らない	3
残らなかった	3
残って	2
残っている	2
残っています	2
残っていた	2
残っていました	2
残ってる	4
残ってます	2
仕掛けます	4
仕掛けません	5
仕掛けました	4
仕掛けませんでした	5
仕掛けましょう	5
仕掛けない	0
仕掛けなかった	7
仕掛けた	4
仕掛けて	0
仕掛けている	4
仕掛けています	4
仕掛けていた	4
仕掛けていました	4
仕掛けてる	4
仕掛けてます	5
仕上げます	4
仕上げません	5
仕上げました	4
仕上げませんでした	5
仕上げましょう	5
仕上げない	0
仕上げなかった	7
仕上げた	4
仕上げて	0
仕上げている	4
仕上げています	4
仕上げていた	4
仕上げていました	4
仕上げてる	4
仕上げてます	5
仕入れます	4
仕入れません	5
仕入れました	4
仕入れませんでした	5
仕入れましょう	5
仕入れない	3
仕入れなかった	3
仕入れた	3
仕入れて	3
仕入れている	3
仕入れています	3
仕入れていた	3
仕入れていました	3
仕入れてる	4
仕入れてます	3
仕舞います	4
仕舞いません	5
仕舞いました	4
仕舞いませんでした	5
仕舞いましょう	5
仕舞わない	0
仕舞わなかった	7
仕舞った	4
仕舞って	0
仕舞っている	4
仕舞っています	4
仕舞っていた	4
仕舞っていました	4
仕舞ってる	4
仕舞ってます	5
仕方なく	0
仕方なくない	4
仕方なくなかった	4
仕方なかった	4
仕方なくて	0
仕立てます	4
仕立てません	5
仕立てました	4
仕立てませんでした	5
仕立てましょう	5
仕立てない	0
仕立てなかった	7
仕立てた	4
仕立てて	0
仕立てている	4
仕立てています	4
仕立てていた	4
仕立てていました	4
仕立ててる	3
仕立ててます	5
伺います	5
伺いません	6
伺いました	5
伺いませんでした	6
伺いましょう	6
伺わない	0
伺わなかった	8
伺った	5
伺って	0
伺っている	5
伺っています	5
伺っていた	5
伺っていました	5
伺ってる	5
伺ってます	6
使います	4
使いません	5
使いました	4
使いませんでした	5
使いましょう	5
使わない	0
使わなかった	7
使った	4
使って	0
使っている	4
使っています	4
使っていた	4
使っていました	4
使ってる	4
使ってます	5
刺さります	4
刺さりません	5
刺さりました	4
刺さりませんでした	5
刺さりましょう	5
刺さらない	3
刺さらなかった	3
刺さった	2
刺さって	2
刺さっている	2
刺さっています	2
刺さっていた	2
刺さっていました	2
刺さってる	4
刺さってます	2
刺します	3
刺しません	4
刺しました	3
刺しませんでした	4
刺しましょう	4
刺さない	2
刺さなかった	2
刺した	2
刺して	2
刺している	2
刺しています	2
刺していた	2
刺していました	2
刺してる	3
刺してます	2
司ります	6
司りません	7
司りました	6
司りませんでした	7
司りましょう	7
司らない	5
司らなかった	5
司った	4
司って	4
司っている	4
司っています	4
司っていた	4
司っていました	4
司ってる	6
司ってます	4
四角く	3
四角くない	3
四角くなかった	3
四角かった	3
四角くて	3
始まります	5
始まりません	6
始まりました	5
始まりませんでした	6
始まりましょう	6
始まらない	0
始まらなかった	8
始まった	5
始まって	0
始まっている	5
始まっています	5
始まっていた	5
始まっていました	5
始まってる	5
始まってます	6
始めます	4
始めません	5
始めました	4
始めませんでした	5
始めましょう	5
始めない	0
始めなかった	7
始めた	4
始めている	4
始めています	4
始めていた	4
始めていました	4
始めてる	4
始めてます	5
志します	6
志しません	7
志しました	6
志しませんでした	7
志しましょう	7
志さない	5
志さなかった	5
志した	4
志して	4
志している	4
志しています	4
志していた	4
志していました	4
志してる	6
志してます	4
思い込みます	6
思い込みません	7
思い込みました	6
思い込みませんでした	7
思い込みましょう	7
思い込まない	5
思い込まなかった	5
思い込んだ	4
思い込んで	4
思い込んでいる	4
思い込んでいます	4
思い込んでいた	4
思い込んでいました	4
思い込んでる	6
思い込んでます	4
思いとどまります	8
思いとどまりません	9
思いとどまりました	8
思いとどまりませんでした	9
思いとどまりましょう	9
思いとどまらない	7
思いとどまらなかった	7
思いとどまった	6
思いとどまって	6
思いとどまっている	6
思いとどまっています	6
思いとどまっていた	6
思いとどまっていました	6
思いとどまってる	8
思いとどまってます	6
思い出します	6
思い出しません	7
思い出しました	6
思い出しませんでした	7
思い出しましょう	7
思い出さない	5
思い出さなかった	5
思い出した	4
思い出して	4
思い出している	4
思い出しています	4
思い出していた	4
思い出していました	4
思い出してる	6
思い出してます	4
思い上がります	7
思い上がりません	8
思い上がりました	7
思い上がりませんでした	8
思い上がりましょう	8
思い上がらない	6
思い上がらなかった	6
思い上がった	5
思い上がって	5
思い上がっている	5
思い上がっています	5
思い上がっていた	5
思い上がっていました	5
思い上がってる	7
思い上がってます	5
思い切ります	6
思い切りません	7
思い切りました	6
思い切りませんでした	7
思い切りましょう	7
思い切らない	5
思い切らなかった	5
思い切っている	4
思い切っています	4
思い切っていた	4
思い切っていました	4
思い切ってる	6
思い切ってます	4
思い直します	7
思い直しません	8
思い直しました	7
思い直しませんでした	8
思い直しましょう	8
思い直さない	6
思い直さなかった	6
思い直した	5
思い直して	5
思い直している	5
思い直しています	5
思い直していた	5
思い直していました	5
思い直してる	7
思い直してます	5
思い当たります	7
思い当たりません	8
思い当たりました	7
思い当たりませんでした	8
思い当たりましょう	8
思い当たらない	6
思い当たらなかった	6
思い当たった	5
思い当たって	5
思い当たっている	5
思い当たっています	5
思い当たっていた	5
思い当たっていました	5
思い当たってる	7
思い当たってます	5
思われます	5
思われません	6
思われました	5
思われませんでした	6
思われましょう	6
思われない	4
思われなかった	4
思われた	2
思われて	2
思われている	2
思われています	2
思われていた	2
思われていました	2
思われてる	5
思われてます	2
指し示します	6
指し示しません	7
指し示しました	6
指し示しませんでした	7
指し示しましょう	7
指し示さない	5
指し示さなかった	5
指し示した	4
指し示して	4
指し示している	4
指し示しています	4
指し示していた	4
指し示していました	4
指し示してる	6
指し示してます	4
指します	3
指しません	4
指しました	3
指しませんでした	4
指しましょう	4
指さない	2
指さなかった	2
指した	1
指して	1
指している	1
指しています	1
指していた	1
指していました	1
指してる	3
指してます	1
指差します	5
指差しません	6
指差しました	5
指差しませんでした	6
指差しましょう	6
指差さない	4
指差さなかった	4
指差した	3
指差して	3
指差している	3
指差しています	3
指差していた	3
指差していました	3
指差してる	5
指差してます	3
支えます	4
支えません	5
支えました	4
支えませんでした	5
支えましょう	5
支えない	3
支えなかった	3
支えた	3
支えて	3
支えている	3
支えています	3
支えていた	3
支えていました	3
支えてる	4
支えてます	3
支払います	5
支払いません	6
支払いました	5
支払いませんでした	6
支払いましょう	6
支払わない	4
支払わなかった	4
支払った	3
支払って	3
支払っている	3
支払っています	3
支払っていた	3
支払っていました	3
支払ってる	5
支払ってます	3
施します	5
施しません	6
施しました	5
施しませんでした	6
施しましょう	6
施さない	4
施さなかった	4
施した	3
施して	3
施している	3
施しています	3
施していた	3
施していました	3
施してる	5
施してます	3
上手くない	2
上手くなかった	2
上手かった	2
上手くて	2
止します	3
止しません	4
止しました	3
止しませんでした	4
止しましょう	4
止さない	2
止さなかった	2
止した	1
止して	1
止している	1
止しています	1
止していた	1
止していました	1
止してる	3
止してます	1
止まります	4
止まりません	5
止まりました	4
止まりませんでした	5
止まりましょう	5
止まらない	0
止まらなかった	7
止まった	4
止まって	0
止まっている	4
止まっています	4
止まっていた	4
止まっていました	4
止まってる	4
止まってます	5
止みます	3
止みません	4
止みました	3
止みませんでした	4
止みましょう	4
止まない	2
止まなかった	2
止んだ	1
止んで	1
止んでいる	1
止んでいます	1
止んでいた	1
止んでいました	1
止んでる	3
止んでます	1
止めます	3
止めません	4
止めました	3
止めませんでした	4
止めましょう	4
止めない	0
止めなかった	6
止めた	3
止めて	0
止めている	3
止めています	3
止めていた	3
止めていました	3
止めてる	3
止めてます	4
死にます	3
死にません	4
死にました	3
死にませんでした	4
死にましょう	4
死なない	0
死ななかった	6
死んだ	0
死んで	3
死んでいる	3
死んでいます	3
死んでいた	3
死んでいました	3
死んでる	3
死んでます	4
至ります	4
至りません	5
至りました	4
至りませんでした	5
至りましょう	5
至らない	3
至らなかった	3
至った	2
至っている	2
至っています	2
至っていた	2
至っていました	2
至ってる	4
至ってます	2
試します	4
試しません	5
試しました	4
試しませんでした	5
試しましょう	5
試さない	3
試さなかった	3
試した	3
試して	3
試している	3
試しています	3
試していた	3
試していました	3
試してる	4
試してます	3
試みます	5
試みません	6
試みました	5
試みませんでした	6
試みましょう	6
試みない	0
試みなかった	8
試みた	5
試みて	0
試みている	5
試みています	5
試みていた	5
試みていました	5
試みてる	5
試みてます	6
飼います	3
飼いません	4
飼いました	3
飼いませんでした	4
飼いましょう	4
飼わない	2
飼わなかった	2
飼った	1
飼って	1
飼っている	1
飼っています	1
飼っていた	1
飼っていました	1
飼ってる	3
飼ってます	1
歯がゆく	3
歯がゆくない	3
歯がゆくなかった	3
歯がゆかった	3
歯がゆくて	3
似せます	3
似せません	4
似せました	3
似せませんでした	4
似せましょう	4
似せない	0
似せなかった	6
似せた	3
似せて	0
似せている	3
似せています	3
似せていた	3
似せていました	3
似せてる	3
似せてます	4
似ます	2
似ません	3
似ました	2
似ませんでした	3
似ましょう	3
似ない	0
似なかった	5
似た	2
似て	0
似ている	2
似ています	2
似ていた	2
似ていました	2
似てる	2
似てます	3
似合います	4
似合いません	5
似合いました	4
似合いませんでした	5
似合いましょう	5
似合わない	3
似合わなかった	3
似合った	2
似合って	2
似合っている	2
似合っています	2
似合っていた	2
似合っていました	2
似合ってる	4
似合ってます	2
似通います	5
似通いません	6
似通いました	5
似通いませんでした	6
似通いましょう	6
似通わない	4
似通わなかった	4
似通った	3
似通って	3
似通っている	3
似通っています	3
似通っていた	3
似通っていました	3
似通ってる	5
似通ってます	3
持ち越します	5
持ち越しません	6
持ち越しました	5
持ち越しませんでした	6
持ち越しましょう	6
持ち越さない	4
持ち越さなかった	4
持ち越した	3
持ち越して	3
持ち越している	3
持ち越しています	3
持ち越していた	3
持ち越していました	3
持ち越してる	5
持ち越してます	3
持ちこたえます	6
持ちこたえません	7
持ちこたえました	6
持ちこたえませんでした	7
持ちこたえましょう	7
持ちこたえない	5
持ちこたえなかった	5
持ちこたえた	5
持ちこたえて	5
持ちこたえている	5
持ちこたえています	5
持ちこたえていた	5
持ちこたえていました	5
持ちこたえてる	6
持ちこたえてます	5
持ち込みます	5
持ち込みません	6
持ち込みました	5
持ち込みませんでした	6
持ち込みましょう	6
持ち込まない	4
持ち込まなかった	4
持ち込んだ	3
持ち込んで	3
持ち込んでいる	3
持ち込んでいます	3
持ち込んでいた	3
持ち込んでいました	3
持ち込んでる	5
持ち込んでます	3
持ち出します	5
持ち出しません	6
持ち出しました	5
持ち出しませんでした	6
持ち出しましょう	6
持ち出さない	4
持ち出さなかった	4
持ち出した	5
持ち出して	0
持ち出している	5
持ち出しています	5
持ち出していた	5
持ち出していました	5
持ち出してる	5
持ち出してます	6
持ち上げます	5
持ち上げません	6
持ち上げました	5
持ち上げませんでした	6
持ち上げましょう	6
持ち上げない	4
持ち上げなかった	4
持ち上げた	4
持ち上げて	4
持ち上げている	4
持ち上げています	4
持ち上げていた	4
持ち上げていました	4
持ち上げてる	5
持ち上げてます	4
持ち直します	6
持ち直しません	7
持ち直しました	6
持ち直しませんでした	7
持ち直しましょう	7
持ち直さない	5
持ち直さなかった	5
持ち直した	4
持ち直して	4
持ち直している	4
持ち直しています	4
持ち直していた	4
持ち直していました	4
持ち直してる	6
持ち直してます	4
持ちます	3
持ちません	4
持ちました	3
持ちませんでした	4
持ちましょう	4
持たない	2
持たなかった	2
持った	1
持って	1
持っている	1
持っています	1
持っていた	1
持っていました	1
持ってる	3
持ってます	1
持てます	3
持てません	4
持てました	3
持てませんでした	4
持てましょう	4
持てない	2
持てなかった	2
持てた	2
持てて	2
持てている	2
持てています	2
持てていた	2
持てていました	2
持ててる	3
持ててます	2
持て成します	5
持て成しません	6
持て成しました	5
持て成しませんでした	6
持て成しましょう	6
持て成さない	4
持て成さなかった	4
持て成した	3
持て成して	3
持て成している	3
持て成しています	3
持て成していた	3
持て成していました	3
持て成してる	5
持て成してます	3
次ぎます	3
次ぎません	4
次ぎました	3
次ぎませんでした	4
次ぎましょう	4
次がない	0
次がなかった	6
次いだ	1
次いでいる	3
次いでいます	3
次いでいた	3
次いでいました	3
次いでる	3
次いでます	0
治まります	5
治まりません	6
治まりました	5
治まりませんでした	6
治まりましょう	6
治まらない	4
治まらなかった	4
治まった	3
治まって	3
治まっている	3
治まっています	3
治まっていた	3
治まっていました	3
治まってる	5
治まってます	3
治めます	4
治めません	5
治めました	4
治めませんでした	5
治めましょう	5
治めない	3
治めなかった	3
治めた	3
治めて	3
治めている	3
治めています	3
治めていた	3
治めていました	3
治めてる	4
治めてます	3
示します	4
示しません	5
示しました	4
示しませんでした	5
示しましょう	5
示さない	3
示さなかった	3
示した	2
示して	2
示している	2
示しています	2
示していた	2
示していました	2
示してる	4
示してます	2
自惚れます	5
自惚れません	6
自惚れました	5
自惚れませんでした	6
自惚れましょう	6
自惚れない	0
自惚れなかった	8
自惚れた	5
自惚れて	0
自惚れている	5
自惚れています	5
自惚れていた	5
自惚れていました	5
自惚れてる	5
自惚れてます	6
辞めます	3
辞めません	4
辞めました	3
辞めませんでした	4
辞めましょう	4
辞めない	0
辞めなかった	6
辞めた	3
辞めて	0
辞めている	3
辞めています	3
辞めていた	3
辞めていました	3
辞めてる	3
辞めてます	4
叱ります	4
叱りません	5
叱りました	4
叱りませんでした	5
叱りましょう	5
叱らない	0
叱らなかった	7
叱った	4
叱って	0
叱っている	4
叱っています	4
叱っていた	4
叱っていました	4
叱ってる	4
叱ってます	5
失います	5
失いません	6
失いました	5
失いませんでした	6
失いましょう	6
失わない	0
失わなかった	8
失った	5
失って	0
失っている	5
失っています	5
失っていた	5
失っていました	5
失ってる	5
失ってます	6
湿ります	4
湿りません	5
湿りました	4
湿りませんでした	5
湿りましょう	5
湿らない	0
湿らなかった	7
湿った	4
湿って	0
湿っている	4
湿っています	4
湿っていた	4
湿っていました	4
湿ってる	4
湿ってます	5
実ります	4
実りません	5
実りました	4
実りませんでした	5
実りましょう	5
実らない	3
実らなかった	3
実った	2
実って	2
実っている	2
実っています	2
実っていた	2
実っていました	2
実ってる	4
実ってます	2
偲びます	4
偲びません	5
偲びました	4
偲びませんでした	5
偲びましょう	5
偲ばない	3
偲ばなかった	3
偲んだ	2
偲んで	2
偲んでいる	2
偲んでいます	2
偲んでいた	2
偲んでいました	2
偲んでる	4
偲んでます	2
写ります	4
写りません	5
写りました	4
写りませんでした	5
写りましょう	5
写らない	3
写らなかった	3
写った	2
写って	2
写っている	2
写っています	2
写っていた	2
写っていました	2
写ってる	4
写ってます	2
射します	3
射しません	4
射しました	3
射しませんでした	4
射しましょう	4
射さない	2
射さなかった	2
射した	1
射して	1
射している	1
射しています	1
射していた	1
射していました	1
射してる	3
射してます	1
射止めます	4
射止めません	5
射止めました	4
射止めませんでした	5
射止めましょう	5
射止めない	3
射止めなかった	3
射止めた	3
射止めて	3
射止めている	3
射止めています	3
射止めていた	3
射止めていました	3
射止めてる	4
射止めてます	3
捨てます	3
捨てません	4
捨てました	3
捨てませんでした	4
捨てましょう	4
捨てない	0
捨てなかった	6
捨てた	3
捨てて	0
捨てている	3
捨てています	3
捨てていた	3
捨てていました	3
捨ててる	3
捨ててます	4
煮えます	3
煮えません	4
煮えました	3
煮えませんでした	4
煮えましょう	4
煮えない	0
煮えなかった	6
煮えた	3
煮えて	0
煮えている	3
煮えています	3
煮えていた	3
煮えていました	3
煮えてる	3
煮えてます	4
煮詰めます	4
煮詰めません	5
煮詰めました	4
煮詰めませんでした	5
煮詰めましょう	5
煮詰めない	3
煮詰めなかった	3
煮詰めた	3
煮詰めて	3
煮詰めている	3
煮詰めています	3
煮詰めていた	3
煮詰めていました	3
煮詰めてる	4
煮詰めてます	3
煮ます	2
煮ません	3
煮ました	2
煮ませんでした	3
煮ましょう	3
煮ない	0
煮なかった	5
煮た	2
煮て	0
煮ている	2
煮ています	2
煮ていた	2
煮ていました	2
煮てる	2
煮てます	3
煮込みます	4
煮込みません	5
煮込みました	4
煮込みませんでした	5
煮込みましょう	5
煮込まない	3
煮込まなかった	3
煮込んだ	2
煮込んで	2
煮込んでいる	2
煮込んでいます	2
煮込んでいた	2
煮込んでいました	2
煮込んでる	4
煮込んでます	2
謝ります	5
謝りません	6
謝りました	5
謝りませんでした	6
謝りましょう	6
謝らない	4
謝らなかった	4
謝った	3
謝って	3
謝っている	3
謝っています	3
謝っていた	3
謝っていました	3
謝ってる	5
謝ってます	3
遮ります	5
遮りません	6
遮りました	5
遮りませんでした	6
遮りましょう	6
遮らない	4
遮らなかった	4
遮った	3
遮って	3
遮っている	3
遮っています	3
遮っていた	3
遮っていました	3
遮ってる	5
遮ってます	3
借ります	3
借りません	4
借りました	3
借りませんでした	4
借りましょう	4
借りない	0
借りなかった	6
借りた	3
借りて	0
借りている	3
借りています	3
借りていた	3
借りていました	3
借りてる	3
借りてます	4
若くない	2
若くなかった	2
若かった	2
若くて	2
弱く	2
弱くない	2
弱くなかった	2
弱かった	2
弱くて	2
弱まります	5
弱まりません	6
弱まりました	5
弱まりませんでした	6
弱まりましょう	6
弱まらない	4
弱まらなかった	4
弱まった	3
弱まって	3
弱まっている	3
弱まっています	3
弱まっていた	3
弱まっていました	3
弱まってる	5
弱まってます	3
弱めます	4
弱めません	5
弱めました	4
弱めませんでした	5
弱めましょう	5
弱めない	3
弱めなかった	3
弱めた	3
弱めて	3
弱めている	3
弱めています	3
弱めていた	3
弱めていました	3
弱めてる	4
弱めてます	3
弱ります	4
弱りません	5
弱りました	4
弱りませんでした	5
弱りましょう	5
弱らない	3
弱らなかった	3
弱った	2
弱って	2
弱っている	2
弱っています	2
弱っていた	2
弱っていました	2
弱ってる	4
弱ってます	2
取り扱います	7
取り扱いません	8
取り扱いました	7
取り扱いませんでした	8
取り扱いましょう	8
取り扱わない	6
取り扱わなかった	6
取り扱った	5
取り扱って	5
取り扱っている	5
取り扱っています	5
取り扱っていた	5
取り扱っていました	5
取り扱ってる	7
取り扱ってます	5
取り囲みます	6
取り囲みません	7
取り囲みました	6
取り囲みませんでした	7
取り囲みましょう	7
取り囲まない	5
取り囲まなかった	5
取り囲んだ	4
取り囲んで	4
取り囲んでいる	4
取り囲んでいます	4
取り囲んでいた	4
取り囲んでいました	4
取り囲んでる	6
取り囲んでます	4
取り外します	6
取り外しません	7
取り外しました	6
取り外しませんでした	7
取り外しましょう	7
取り外さない	5
取り外さなかった	5
取り外した	4
取り外して	4
取り外している	4
取り外しています	4
取り外していた	4
取り外していました	4
取り外してる	6
取り外してます	4
取り掛かります	6
取り掛かりません	7
取り掛かりました	6
取り掛かりませんでした	7
取り掛かりましょう	7
取り掛からない	5
取り掛からなかった	5
取り掛かった	4
取り掛かって	4
取り掛かっている	4
取り掛かっています	4
取り掛かっていた	4
取り掛かっていました	4
取り掛かってる	6
取り掛かってます	4
取り巻きます	5
取り巻きません	6
取り巻きました	5
取り巻きませんでした	6
取り巻きましょう	6
取り巻かない	4
取り巻かなかった	4
取り巻いた	3
取り巻いて	3
取り巻いている	3
取り巻いています	3
取り巻いていた	3
取り巻いていました	3
取り巻いてる	5
取り巻いてます	3
取り寄せます	5
取り寄せません	6
取り寄せました	5
取り寄せませんでした	6
取り寄せましょう	6
取り寄せない	4
取り寄せなかった	4
取り寄せた	4
取り寄せて	4
取り寄せている	4
取り寄せています	4
取り寄せていた	4
取り寄せていました	4
取り寄せてる	5
取り寄せてます	4
取り込みます	5
取り込みません	6
取り込みました	5
取り込みませんでした	6
取り込みましょう	6
取り込まない	4
取り込まなかった	4
取り込んだ	3
取り込んで	3
取り込んでいる	3
取り込んでいます	3
取り込んでいた	3
取り込んでいました	3
取り込んでる	5
取り込んでます	3
取り残します	6
取り残しません	7
取り残しました	6
取り残しませんでした	7
取り残しましょう	7
取り残さない	5
取り残さなかった	5
取り残した	4
取り残して	4
取り残している	4
取り残しています	4
取り残していた	4
取り残していました	4
取り残してる	6
取り残してます	4
取り次ぎます	5
取り次ぎません	6
取り次ぎました	5
取り次ぎませんでした	6
取り次ぎましょう	6
取り次がない	4
取り次がなかった	4
取り次いだ	3
取り次いで	3
取り次いでいる	3
取り次いでいます	3
取り次いでいた	3
取り次いでいました	3
取り次いでる	5
取り次いでます	3
取り出します	5
取り出しません	6
取り出しました	5
取り出しませんでした	6
取り出しましょう	6
取り出さない	4
取り出さなかった	4
取り出した	3
取り出して	3
取り出している	3
取り出しています	3
取り出していた	3
取り出していました	3
取り出してる	5
取り出してます	3
取り除きます	6
取り除きません	7
取り除きました	6
取り除きませんでした	7
取り除きましょう	7
取り除かない	5
取り除かなかった	5
取り除いた	4
取り除いて	4
取り除いている	4
取り除いています	4
取り除いていた	4
取り除いていました	4
取り除いてる	6
取り除いてます	4
取り消します	5
取り消しません	6
取り消しました	5
取り消しませんでした	6
取り消しましょう	6
取り消さない	4
取り消さなかった	4
取り消した	5
取り消して	0
取り消している	5
取り消しています	5
取り消していた	5
取り消していました	5
取り消してる	5
取り消してます	6
取り上げます	5
取り上げません	6
取り上げました	5
取り上げませんでした	6
取り上げましょう	6
取り上げない	4
取り上げなかった	4
取り上げた	4
取り上げて	4
取り上げている	4
取り上げています	4
取り上げていた	4
取り上げていました	4
取り上げてる	5
取り上げてます	4
取り組みます	5
取り組みません	6
取り組みました	5
取り組みませんでした	6
取り組みましょう	6
取り組まない	4
取り組まなかった	4
取り組んだ	3
取り組んで	3
取り組んでいる	3
取り組んでいます	3
取り組んでいた	3
取り組んでいました	3
取り組んでる	5
取り組んでます	3
取り替えます	5
取り替えません	6
取り替えました	5
取り替えませんでした	6
取り替えましょう	6
取り替えない	0
取り替えなかった	8
取り替えた	5
取り替えて	0
取り替えている	5
取り替えています	5
取り替えていた	5
取り替えていました	5
取り替えてる	5
取り替えてます	6
取り締まります	6
取り締まりません	7
取り締まりました	6
取り締まりませんでした	7
取り締まりましょう	7
取り締まらない	5
取り締まらなかった	5
取り締まった	4
取り締まって	4
取り締まっている	4
取り締まっています	4
取り締まっていた	4
取り締まっていました	4
取り締まってる	6
取り締まってます	4
取り入れます	5
取り入れません	6
取り入れました	5
取り入れませんでした	6
取り入れましょう	6
取り入れない	0
取り入れなかった	8
取り入れた	5
取り入れて	0
取り入れている	5
取り入れています	5
取り入れていた	5
取り入れていました	5
取り入れてる	5
取り入れてます	6
取り返します	6
取り返しません	7
取り返しました	6
取り返しませんでした	7
取り返しましょう	7
取り返さない	5
取り返さなかった	5
取り返した	6
取り返して	0
取り返している	6
取り返しています	6
取り返していた	6
取り返していました	6
取り返してる	6
取り返してます	7
取り戻します	6
取り戻しません	7
取り戻しました	6
取り戻しませんでした	7
取り戻しましょう	7
取り戻さない	5
取り戻さなかった	5
取り戻した	4
取り戻して	4
取り戻している	4
取り戻しています	4
取り戻していた	4
取り戻していました	4
取り戻してる	6
取り戻してます	4
取ります	3
取りません	4
取りました	3
取りませんでした	4
取りましょう	4
取らない	2
取らなかった	2
取った	1
取って	1
取っている	1
取っています	1
取っていた	1
取っていました	1
取ってる	3
取ってます	1
取れます	3
取れません	4
取れました	3
取れませんでした	4
取れましょう	4
取れない	2
取れなかった	2
取れた	2
取れて	2
取れている	2
取れています	2
取れていた	2
取れていました	2
取れてる	3
取れてます	2
守ります	4
守りません	5
守りました	4
守りませんでした	5
守りましょう	5
守らない	3
守らなかった	3
守った	2
守って	2
守っている	2
守っています	2
守っていた	2
守っていました	2
守ってる	4
守ってます	2
手がけます	4
手がけません	5
手がけました	4
手がけませんでした	5
手がけましょう	5
手がけない	3
手がけなかった	3
手がけた	3
手がけて	3
手がけている	3
手がけています	3
手がけていた	3
手がけていました	3
手がけてる	4
手がけてます	3
手ごわく	3
手ごわくない	3
手ごわくなかった	3
手ごわかった	3
手ごわくて	3
手堅く	3
手堅くない	3
手堅くなかった	3
手堅かった	3
手堅くて	3
手痛く	3
手痛くない	3
手痛くなかった	3
手痛かった	3
手痛くて	3
手伝います	5
手伝いません	6
手伝いました	5
手伝いませんでした	6
手伝いましょう	6
手伝わない	4
手伝わなかった	4
手伝った	3
手伝って	3
手伝っている	3
手伝っています	3
手伝っていた	3
手伝っていました	3
手伝ってる	5
手伝ってます	3
手渡します	5
手渡しません	6
手渡しました	5
手渡しませんでした	6
手渡しましょう	6
手渡さない	4
手渡さなかった	4
手渡した	2
手渡して	2
手渡している	2
手渡しています	2
手渡していた	2
手渡していました	2
手渡してる	5
手渡してます	2
腫れます	3
腫れません	4
腫れました	3
腫れませんでした	4
腫れましょう	4
腫れない	0
腫れなかった	6
腫れた	3
腫れて	0
腫れている	3
腫れています	3
腫れていた	3
腫れていました	3
腫れてる	3
腫れてます	4
受かります	4
受かりません	5
受かりました	4
受かりませんでした	5
受かりましょう	5
受からない	3
受からなかった	3
受かった	2
受かって	2
受かっている	2
受かっています	2
受かっていた	2
受かっていました	2
受かってる	4
受かってます	2
受けます	3
受けません	4
受けました	3
受けませんでした	4
受けましょう	4
受けない	2
受けなかった	2
受けた	2
受けて	2
受けている	2
受けています	2
受けていた	2
受けていました	2
受けてる	3
受けてます	2
受け継ぎます	5
受け継ぎません	6
受け継ぎました	5
受け継ぎませんでした	6
受け継ぎましょう	6
受け継がない	4
受け継がなかった	4
受け継いだ	3
受け継いで	3
受け継いでいる	3
受け継いでいます	3
受け継いでいた	3
受け継いでいました	3
受け継いでる	5
受け継いでます	3
受け止めます	5
受け止めません	6
受け止めました	5
受け止めませんでした	6
受け止めましょう	6
受け止めない	4
受け止めなかった	4
受け止めた	4
受け止めて	4
受け止めている	4
受け止めています	4
受け止めていた	4
受け止めていました	4
受け止めてる	5
受け止めてます	4
受け持ちます	5
受け持ちません	6
受け持ちました	5
受け持ちませんでした	6
受け持ちましょう	6
受け持たない	4
受け持たなかった	4
受け持った	3
受け持って	3
受け持っている	3
受け持っています	3
受け持っていた	3
受け持っていました	3
受け持ってる	5
受け持ってます	3
受け取ります	5
受け取りません	6
受け取りました	5
受け取りませんでした	6
受け取りましょう	6
受け取らない	4
受け取らなかった	4
受け取った	3
受け取って	3
受け取っている	3
受け取っています	3
受け取っていた	3
受け取っていました	3
受け取ってる	5
受け取ってます	3
受け入れます	5
受け入れません	6
受け入れました	5
受け入れませんでした	6
受け入れましょう	6
受け入れない	4
受け入れなかった	4
受け入れた	4
受け入れて	4
受け入れている	4
受け入れています	4
受け入れていた	4
受け入れていました	4
受け入れてる	5
受け入れてます	4
受け付けます	5
受け付けません	6
受け付けました	5
受け付けませんでした	6
受け付けましょう	6
受け付けない	4
受け付けなかった	4
受け付けた	4
受け付けて	4
受け付けている	4
受け付けています	4
受け付けていた	4
受け付けていました	4
受け付けてる	5
受け付けてます	4
呪います	4
呪いません	5
呪いました	4
呪いませんでした	5
呪いましょう	5
呪わない	3
呪わなかった	3
呪った	2
呪って	2
呪っている	2
呪っています	2
呪っていた	2
呪っていました	2
呪ってる	4
呪ってます	2
授けます	4
授けません	5
授けました	4
授けませんでした	5
授けましょう	5
授けない	3
授けなかった	3
授けた	3
授けて	3
授けている	3
授けています	3
授けていた	3
授けていました	3
授けてる	4
授けてます	3
収まります	5
収まりません	6
収まりました	5
収まりませんでした	6
収まりましょう	6
収まらない	4
収まらなかった	4
収まった	3
収まって	3
収まっている	3
収まっています	3
収まっていた	3
収まっていました	3
収まってる	5
収まってます	3
就きます	3
就きません	4
就きました	3
就きませんでした	4
就きましょう	4
就かない	2
就かなかった	2
就いた	1
就いている	1
就いています	1
就いていた	1
就いていました	1
就いてる	3
就いてます	1
修めます	4
修めません	5
修めました	4
修めませんでした	5
修めましょう	5
修めない	3
修めなかった	3
修めた	3
修めて	3
修めている	3
修めています	3
修めていた	3
修めていました	3
修めてる	4
修めてます	3
拾います	4
拾いません	5
拾いました	4
拾いませんでした	5
拾いましょう	5
拾わない	0
拾わなかった	7
拾った	4
拾って	0
拾っている	4
拾っています	4
拾っていた	4
拾っていました	4
拾ってる	4
拾ってます	5
終えます	3
終えません	4
終えました	3
終えませんでした	4
終えましょう	4
終えない	0
終えなかった	6
終えた	3
終えて	0
終えている	3
終えています	3
終えていた	3
終えていました	3
終えてる	3
終えてます	4
習います	4
習いません	5
習いました	4
習いませんでした	5
習いましょう	5
習わない	3
習わなかった	3
習った	2
習って	2
習っている	2
習っています	2
習っていた	2
習っていました	2
習ってる	4
習ってます	2
臭く	2
臭くない	2
臭くなかった	2
臭かった	2
臭くて	2
襲います	4
襲いません	5
襲いました	4
襲いませんでした	5
襲いましょう	5
襲わない	3
襲わなかった	3
襲った	2
襲って	2
襲っている	2
襲っています	2
襲っていた	2
襲っていました	2
襲ってる	4
襲ってます	2
蹴ります	3
蹴りません	4
蹴りました	3
蹴りませんでした	4
蹴りましょう	4
蹴らない	2
蹴らなかった	2
蹴った	1
蹴って	1
蹴っている	1
蹴っています	1
蹴っていた	1
蹴っていました	1
蹴ってる	3
蹴ってます	1
集まります	5
集まりません	6
集まりました	5
集まりませんでした	6
集まりましょう	6
集まらない	4
集まらなかった	4
集まった	3
集まって	3
集まっている	3
集まっています	3
集まっていた	3
集まっていました	3
集まってる	5
集まってます	3
集めます	4
集めません	5
集めました	4
集めませんでした	5
集めましょう	5
集めない	3
集めなかった	3
集めた	3
集めて	3
集めている	3
集めています	3
集めていた	3
集めていました	3
集めてる	4
集めてます	3
集ります	4
集りません	5
集りました	4
集りませんでした	5
集りましょう	5
集らない	3
集らなかった	3
集った	4
集って	0
集っている	4
集っています	4
集っていた	4
集っていました	4
集ってる	4
集ってます	5
醜く	3
醜くない	3
醜くなかった	3
醜かった	3
醜くて	3
住みます	3
住みません	4
住みました	3
住みませんでした	4
住みましょう	4
住まない	2
住まなかった	2
住んだ	1
住んで	1
住んでいる	1
住んでいます	1
住んでいた	1
住んでいました	1
住んでる	3
住んでます	1
充てます	3
充てません	4
充てました	3
充てませんでした	4
充てましょう	4
充てない	0
充てなかった	6
充てた	3
充てて	0
充てている	3
充てています	3
充てていた	3
充てていました	3
充ててる	3
充ててます	4
従います	5
従いません	6
従いました	5
従いませんでした	6
従いましょう	6
従わない	4
従わなかった	4
従った	3
従っている	3
従っています	3
従っていた	3
従っていました	5
従ってる	5
従ってます	3
従えます	5
従えません	6
従えました	5
従えませんでした	6
従えましょう	6
従えない	4
従えなかった	4
従えた	4
従えて	4
従えている	4
従えています	4
従えていた	4
従えていました	4
従えてる	5
従えてます	4
渋く	2
渋くない	2
渋くなかった	2
渋かった	2
渋くて	2
渋ります	4
渋りません	5
渋りました	4
渋りませんでした	5
渋りましょう	5
渋らない	3
渋らなかった	3
渋った	2
渋って	2
渋っている	2
渋っています	2
渋っていた	2
渋っていました	2
渋ってる	4
渋ってます	2
重く	0
重くない	4
重くなかった	7
重かった	2
重くて	0
重たく	0
重たくない	5
重たくなかった	8
重たかった	3
重たくて	0
重なります	5
重なりません	6
重なりました	5
重なりませんでした	6
重なりましょう	6
重ならない	0
重ならなかった	8
重なった	5
重なって	0
重なっている	5
重なっています	5
重なっていた	5
重なっていました	5
重なってる	5
重なってます	6
重ねます	4
重ねません	5
重ねました	4
重ねませんでした	5
重ねましょう	5
重ねない	0
重ねなかった	7
重ねた	4
重ねている	4
重ねています	4
重ねていた	4
重ねていました	4
重ねてる	4
重ねてます	5
重ります	4
重りません	5
重りました	4
重りませんでした	5
重りましょう	5
重らない	0
重らなかった	7
重った	4
重って	0
重っている	4
重っています	4
重っていた	4
重っていました	4
重ってる	4
重ってます	5
重んじます	5
重んじません	6
重んじました	5
重んじませんでした	6
重んじましょう	6
重んじない	4
重んじなかった	4
重んじた	4
重んじて	4
重んじている	4
重んじています	4
重んじていた	4
重んじていました	4
重んじてる	5
重んじてます	4
祝います	4
祝いません	5
祝いました	4
祝いませんでした	5
祝いましょう	5
祝わない	3
祝わなかった	3
祝った	2
祝って	2
祝っている	2
祝っています	2
祝っていた	2
祝っていました	2
祝ってる	4
祝ってます	2
縮まります	5
縮まりません	6
縮まりました	5
縮まりませんでした	6
縮まりましょう	6
縮まらない	0
縮まらなかった	8
縮まった	5
縮まって	0
縮まっている	5
縮まっています	5
縮まっていた	5
縮まっていました	5
縮まってる	5
縮まってます	6
縮みます	4
縮みません	5
縮みました	4
縮みませんでした	5
縮みましょう	5
縮まない	0
縮まなかった	7
縮んだ	0
縮んで	4
縮んでいる	4
縮んでいます	4
縮んでいた	4
縮んでいました	4
縮んでる	4
縮んでます	5
縮めます	4
縮めません	5
縮めました	4
縮めませんでした	5
縮めましょう	5
縮めない	0
縮めなかった	7
縮めた	4
縮めて	0
縮めている	4
縮めています	4
縮めていた	4
縮めていました	4
縮めてる	4
縮めてます	5
縮れます	4
縮れません	5
縮れました	4
縮れませんでした	5
縮れましょう	5
縮れない	0
縮れなかった	7
縮れた	4
縮れて	0
縮れている	4
縮れています	4
縮れていた	4
縮れていました	4
縮れてる	4
縮れてます	5
出します	3
出しません	4
出しました	3
出しませんでした	4
出しましょう	4
出さない	2
出さなかった	2
出した	1
出して	1
出している	1
出しています	1
出していた	1
出していました	1
出してる	3
出してます	1
出ます	2
出ません	3
出ました	2
出ませんでした	3
出ましょう	3
出ない	0
出なかった	5
出た	2
出て	0
出ている	2
出ています	2
出ていた	2
出ていました	2
出てる	2
出てます	3
出迎えます	5
出迎えません	6
出迎えました	5
出迎えませんでした	6
出迎えましょう	6
出迎えない	0
出迎えなかった	8
出迎えた	5
出迎えて	0
出迎えている	5
出迎えています	5
出迎えていた	5
出迎えていました	5
出迎えてる	5
出迎えてます	6
出向きます	4
出向きません	5
出向きました	4
出向きませんでした	5
出向きましょう	5
出向かない	0
出向かなかった	7
出向いた	4
出向いて	0
出向いている	4
出向いています	4
出向いていた	4
出向いていました	4
出向いてる	4
出向いてます	5
出遅れます	5
出遅れません	6
出遅れました	5
出遅れませんでした	6
出遅れましょう	6
出遅れない	0
出遅れなかった	8
出遅れた	5
出遅れて	0
出遅れている	5
出遅れています	5
出遅れていた	5
出遅れていました	5
出遅れてる	5
出遅れてます	6
出来ます	3
出来ません	4
出来ました	3
出来ませんでした	4
出来ましょう	4
出来ない	0
出来なかった	6
出来た	3
出来て	0
出来ている	3
出来ています	3
出来ていた	3
出来ていました	3
出来てる	3
出来てます	4
出来上がります	6
出来上がりません	7
出来上がりました	6
出来上がりませんでした	7
出来上がりましょう	7
出来上がらない	5
出来上がらなかった	5
出来上がった	4
出来上がって	4
出来上がっている	4
出来上がっています	4
出来上がっていた	4
出来上がっていました	4
出来上がってる	6
出来上がってます	4
述べます	3
述べません	4
述べました	3
述べませんでした	4
述べましょう	4
述べない	2
述べなかった	2
述べた	2
述べて	2
述べている	2
述べています	2
述べていた	2
述べていました	2
述べてる	3
述べてます	2
瞬きます	5
瞬きません	6
瞬きました	5
瞬きませんでした	6
瞬きましょう	6
瞬かない	4
瞬かなかった	4
瞬いた	3
瞬いて	3
瞬いている	3
瞬いています	3
瞬いていた	3
瞬いていました	3
瞬いてる	5
瞬いてます	3
準えます	5
準えません	6
準えました	5
準えませんでした	6
準えましょう	6
準えない	4
準えなかった	4
準えた	4
準えて	4
準えている	4
準えています	4
準えていた	4
準えていました	4
準えてる	5
準えてます	4
準じます	4
準じません	5
準じました	4
準じませんでした	5
準じましょう	5
準じない	0
準じなかった	7
準じた	4
準じて	0
準じている	4
準じています	4
準じていた	4
準じていました	4
準じてる	4
準じてます	5
潤います	5
潤いません	6
潤いました	5
潤いませんでした	6
潤いましょう	6
潤わない	4
潤わなかった	4
潤った	3
潤って	3
潤っている	3
潤っています	3
潤っていた	3
潤っていました	3
潤ってる	5
潤ってます	3
めぐり合います	6
めぐり合いません	7
めぐり合いました	6
めぐり合いませんでした	7
めぐり合いましょう	7
めぐり合わない	0
めぐり合わなかった	9
めぐり合った	6
めぐり合って	0
めぐり合っている	6
めぐり合っています	6
めぐり合っていた	6
めぐり合っていました	6
めぐり合ってる	6
めぐり合ってます	7
巡ります	4
巡りません	5
巡りました	4
巡りませんでした	5
巡りましょう	5
巡らない	0
巡らなかった	7
巡った	4
巡って	0
巡っている	4
巡っています	4
巡っていた	4
巡っていました	4
巡ってる	4
巡ってます	5
暑く	2
暑くない	2
暑くなかった	2
暑かった	2
暑くて	2
書き込みます	5
書き込みません	6
書き込みました	5
書き込みませんでした	6
書き込みましょう	6
書き込まない	4
書き込まなかった	4
書き込んだ	3
書き込んで	3
書き込んでいる	3
書き込んでいます	3
書き込んでいた	3
書き込んでいました	3
書き込んでる	5
書き込んでます	3
書き取ります	5
書き取りません	6
書き取りました	5
書き取りませんでした	6
書き取りましょう	6
書き取らない	0
書き取らなかった	8
書き取った	5
書き取って	0
書き取っている	5
書き取っています	5
書き取っていた	5
書き取っていました	5
書き取ってる	5
書き取ってます	6
書き直します	6
書き直しません	7
書き直しました	6
書き直しませんでした	7
書き直しましょう	7
書き直さない	5
書き直さなかった	5
書き直した	4
書き直して	4
書き直している	4
書き直しています	4
書き直していた	4
書き直していました	4
書き直してる	6
書き直してます	4
書きます	3
書きません	4
書きました	3
書きませんでした	4
書きましょう	4
書かない	2
書かなかった	2
書いた	1
書いて	1
書いている	1
書いています	1
書いていた	1
書いていました	1
書いてる	3
書いてます	1
助かります	5
助かりません	6
助かりました	5
助かりませんでした	6
助かりましょう	6
助からない	4
助からなかった	4
助かった	3
助かって	3
助かっている	3
助かっています	3
助かっていた	3
助かっていました	3
助かってる	5
助かってます	3
助けます	4
助けません	5
助けました	4
助けませんでした	5
助けましょう	5
助けない	3
助けなかった	3
助けた	3
助けて	3
助けている	3
助けています	3
助けていた	3
助けていました	3
助けてる	4
助けてます	3
女らしく	5
女らしくない	5
女らしくなかった	5
女らしかった	5
女らしくて	5
除きます	4
除きません	5
除きました	4
除きませんでした	5
除きましょう	5
除かない	0
除かなかった	7
除いた	4
除いて	0
除いている	4
除いています	4
除いていた	4
除いていました	4
除いてる	4
除いてます	5
傷つけます	5
傷つけません	6
傷つけました	5
傷つけませんでした	6
傷つけましょう	6
傷つけない	4
傷つけなかった	4
傷つけた	4
傷つけて	4
傷つけている	4
傷つけています	4
傷つけていた	4
傷つけていました	4
傷つけてる	5
傷つけてます	4
償います	5
償いません	6
償いました	5
償いませんでした	6
償いましょう	6
償わない	4
償わなかった	4
償った	3
償って	3
償っている	3
償っています	3
償っていた	3
償っていました	3
償ってる	5
償ってます	3
勝ちます	3
勝ちません	4
勝ちました	3
勝ちませんでした	4
勝ちましょう	4
勝たない	2
勝たなかった	2
勝った	2
勝って	1
勝っている	1
勝っています	1
勝っていた	1
勝っていました	1
勝ってる	3
勝ってます	1
召し上がります	6
召し上がりません	7
召し上がりました	6
召し上がりませんでした	7
召し上がりましょう	7
召し上がらない	0
召し上がらなかった	9
召し上がった	6
召し上がって	0
召し上がっている	6
召し上がっています	6
召し上がっていた	6
召し上がっていました	6
召し上がってる	6
召し上がってます	7
唱えます	4
唱えません	5
唱えました	4
唱えませんでした	5
唱えましょう	5
唱えない	3
唱えなかった	3
唱えた	3
唱えて	3
唱えている	3
唱えています	3
唱えていた	3
唱えていました	3
唱えてる	4
唱えてます	3
小さく	3
小さくない	3
小さくなかった	3
小さかった	3
小さくて	3
少なく	3
少なくない	3
少なくなかった	3
少なかった	3
少なくて	3
承ります	7
承りません	8
承りました	7
承りませんでした	8
承りましょう	8
承らない	6
承らなかった	6
承った	5
承って	5
承っている	5
承っています	5
承っていた	5
承っていました	5
承ってる	7
承ってます	5
招きます	4
招きません	5
招きました	4
招きませんでした	5
招きましょう	5
招かない	3
招かなかった	3
招いた	2
招いて	2
招いている	2
招いています	2
招いていた	2
招いていました	2
招いてる	4
招いてます	2
消えます	3
消えません	4
消えました	3
消えませんでした	4
消えましょう	4
消えない	0
消えなかった	6
消えた	3
消えて	0
消えている	3
消えています	3
消えていた	3
消えていました	3
消えてる	3
消えてます	4
消します	3
消しません	4
消しました	3
消しませんでした	4
消しましょう	4
消さない	0
消さなかった	6
消した	3
消して	0
消している	3
消しています	3
消していた	3
消していました	3
消してる	3
消してます	4
焼きます	3
焼きません	4
焼きました	3
焼きませんでした	4
焼きましょう	4
焼かない	0
焼かなかった	6
焼いた	3
焼いて	0
焼いている	3
焼いています	3
焼いていた	3
焼いていました	3
焼いてる	3
焼いてます	4
焼けます	3
焼けません	4
焼けました	3
焼けませんでした	4
焼けましょう	4
焼けない	0
焼けなかった	6
焼けた	3
焼けて	0
焼けている	3
焼けています	3
焼けていた	3
焼けていました	3
焼けてる	3
焼けてます	4
焦げます	3
焦げません	4
焦げました	3
焦げませんでした	4
焦げましょう	4
焦げない	2
焦げなかった	2
焦げた	2
焦げて	2
焦げている	2
焦げています	2
焦げていた	2
焦げていました	2
焦げてる	3
焦げてます	2
焦ります	4
焦りません	5
焦りました	4
焦りませんでした	5
焦りましょう	5
焦らない	3
焦らなかった	3
焦った	2
焦って	2
焦っている	2
焦っています	2
焦っていた	2
焦っていました	2
焦ってる	4
焦ってます	2
照らします	4
照らしません	5
照らしました	4
照らしませんでした	5
照らしましょう	5
照らさない	0
照らさなかった	7
照らした	4
照らして	0
照らしている	4
照らしています	4
照らしていた	4
照らしていました	4
照らしてる	4
照らしてます	5
照ります	3
照りません	4
照りました	3
照りませんでした	4
照りましょう	4
照らない	2
照らなかった	2
照った	1
照って	1
照っている	1
照っています	1
照っていた	1
照っていました	1
照ってる	3
照ってます	1
照れます	3
照れません	4
照れました	3
照れませんでした	4
照れましょう	4
照れない	2
照れなかった	2
照れた	2
照れて	2
照れている	2
照れています	2
照れていた	2
照れていました	2
照れてる	3
照れてます	2
省きます	4
省きません	5
省きました	4
省きませんでした	5
省きましょう	5
省かない	3
省かなかった	3
省いた	2
省いて	2
省いている	2
省いています	2
省いていた	2
省いていました	2
省いてる	4
省いてます	2
笑います	4
笑いません	5
笑いました	4
笑いませんでした	5
笑いましょう	5
笑わない	0
笑わなかった	7
笑った	4
笑って	0
笑っている	4
笑っています	4
笑っていた	4
笑っていました	4
笑ってる	4
笑ってます	5
詳しく	3
詳しくない	3
詳しくなかった	3
詳しかった	3
詳しくて	3
障ります	4
障りません	5
障りました	4
障りませんでした	5
障りましょう	5
障らない	0
障らなかった	7
障った	4
障って	0
障っている	4
障っています	4
障っていた	4
障っていました	4
障ってる	4
障ってます	5
上げます	3
上げません	4
上げました	3
上げませんでした	4
上げましょう	4
上げない	0
上げなかった	6
上げた	3
上げて	0
上げている	3
上げています	3
上げていた	3
上げていました	3
上げてる	3
上げてます	4
上せます	4
上せません	5
上せました	4
上せませんでした	5
上せましょう	5
上せない	0
上せなかった	7
上せた	4
上せて	0
上せている	4
上せています	4
上せていた	4
上せていました	4
上せてる	4
上せてます	5
上ります	4
上りません	5
上りました	4
上りませんでした	5
上りましょう	5
上らない	0
上らなかった	7
上った	4
上って	0
上っている	4
上っています	4
上っていた	4
上っていました	4
上ってる	4
上ってます	5
乗じます	4
乗じません	5
乗じました	4
乗じませんでした	5
乗じましょう	5
乗じない	0
乗じなかった	7
乗じた	4
乗じて	0
乗じている	4
乗じています	4
乗じていた	4
乗じていました	4
乗じてる	4
乗じてます	5
乗っ取ります	5
乗っ取りません	6
乗っ取りました	5
乗っ取りませんでした	6
乗っ取りましょう	6
乗っ取らない	4
乗っ取らなかった	4
乗っ取った	3
乗っ取って	3
乗っ取っている	3
乗っ取っています	3
乗っ取っていた	3
乗っ取っていました	3
乗っ取ってる	5
乗っ取ってます	3
乗り越えます	5
乗り越えません	6
乗り越えました	5
乗り越えませんでした	6
乗り越えましょう	6
乗り越えない	4
乗り越えなかった	4
乗り越えた	4
乗り越えて	4
乗り越えている	4
乗り越えています	4
乗り越えていた	4
乗り越えていました	4
乗り越えてる	5
乗り越えてます	4
乗り越します	5
乗り越しません	6
乗り越しました	5
乗り越しませんでした	6
乗り越しましょう	6
乗り越さない	4
乗り越さなかった	4
乗り越した	3
乗り越して	3
乗り越している	3
乗り越しています	3
乗り越していた	3
乗り越していました	3
乗り越してる	5
乗り越してます	3
乗り回します	6
乗り回しません	7
乗り回しました	6
乗り回しませんでした	7
乗り回しましょう	7
乗り回さない	5
乗り回さなかった	5
乗り回した	4
乗り回して	4
乗り回している	4
乗り回しています	4
乗り回していた	4
乗り回していました	4
乗り回してる	6
乗り回してます	4
乗り込みます	5
乗り込みません	6
乗り込みました	5
乗り込みませんでした	6
乗り込みましょう	6
乗り込まない	4
乗り込まなかった	4
乗り込んだ	3
乗り込んで	3
乗り込んでいる	3
乗り込んでいます	3
乗り込んでいた	3
乗り込んでいました	3
乗り込んでる	5
乗り込んでます	3
乗り出します	5
乗り出しません	6
乗り出しました	5
乗り出しませんでした	6
乗り出しましょう	6
乗り出さない	4
乗り出さなかった	4
乗り出した	3
乗り出して	3
乗り出している	3
乗り出しています	3
乗り出していた	3
乗り出していました	3
乗り出してる	5
乗り出してます	3
乗り切ります	5
乗り切りません	6
乗り切りました	5
乗り切りませんでした	6
乗り切りましょう	6
乗り切らない	4
乗り切らなかった	4
乗り切った	3
乗り切って	3
乗り切っている	3
乗り切っています	3
乗り切っていた	3
乗り切っていました	3
乗り切ってる	5
乗り切ってます	3
乗り遅れます	6
乗り遅れません	7
乗り遅れました	6
乗り遅れませんでした	7
乗り遅れましょう	7
乗り遅れない	5
乗り遅れなかった	5
乗り遅れた	5
乗り遅れて	5
乗り遅れている	5
乗り遅れています	5
乗り遅れていた	5
乗り遅れていました	5
乗り遅れてる	6
乗り遅れてます	5
乗ります	3
乗りません	4
乗りました	3
乗りませんでした	4
乗りましょう	4
乗らない	0
乗らなかった	6
乗った	3
乗って	0
乗っている	3
乗っています	3
乗っていた	3
乗っていました	3
乗ってる	3
乗ってます	4
畳みます	4
畳みません	5
畳みました	4
畳みませんでした	5
畳みましょう	5
畳まない	0
畳まなかった	7
畳んだ	0
畳んで	4
畳んでいる	4
畳んでいます	4
畳んでいた	4
畳んでいました	4
畳んでる	4
畳んでます	5
蒸かします	4
蒸かしません	5
蒸かしました	4
蒸かしませんでした	5
蒸かしましょう	5
蒸かさない	3
蒸かさなかった	3
蒸かした	2
蒸かして	2
蒸かしている	2
蒸かしています	2
蒸かしていた	2
蒸かしていました	2
蒸かしてる	4
蒸かしてます	2
蒸し暑く	4
蒸し暑くない	4
蒸し暑くなかった	4
蒸し暑かった	4
蒸し暑くて	4
蒸します	3
蒸しません	4
蒸しました	3
蒸しませんでした	4
蒸しましょう	4
蒸さない	2
蒸さなかった	2
蒸した	1
蒸して	1
蒸している	1
蒸しています	1
蒸していた	1
蒸していました	1
蒸してる	3
蒸してます	1
譲り渡します	7
譲り渡しません	8
譲り渡しました	7
譲り渡しませんでした	8
譲り渡しましょう	8
譲り渡さない	6
譲り渡さなかった	6
譲り渡した	5
譲り渡して	5
譲り渡している	5
譲り渡しています	5
譲り渡していた	5
譲り渡していました	5
譲り渡してる	7
譲り渡してます	5
譲ります	4
譲りません	5
譲りました	4
譲りませんでした	5
譲りましょう	5
譲らない	0
譲らなかった	7
譲った	4
譲って	0
譲っている	4
譲っています	4
譲っていた	4
譲っていました	4
譲ってる	4
譲ってます	5
飾ります	4
飾りません	5
飾りました	4
飾りませんでした	5
飾りましょう	5
飾らない	0
飾らなかった	7
飾った	4
飾って	0
飾っている	4
飾っています	4
飾っていた	4
飾っていました	4
飾ってる	4
飾ってます	5
拭います	4
拭いません	5
拭いました	4
拭いませんでした	5
拭いましょう	5
拭わない	3
拭わなかった	3
拭った	2
拭って	2
拭っている	2
拭っています	2
拭っていた	2
拭っていました	2
拭ってる	4
拭ってます	2
拭きます	3
拭きません	4
拭きました	3
拭きませんでした	4
拭きましょう	4
拭かない	0
拭かなかった	6
拭いた	3
拭いて	2
拭いている	3
拭いています	3
拭いていた	3
拭いていました	3
拭いてる	4
拭いてます	4
植えます	3
植えません	4
植えました	3
植えませんでした	4
植えましょう	4
植えない	0
植えなかった	6
植えた	3
植えて	0
植えている	3
植えています	3
植えていた	3
植えていました	3
植えてる	3
植えてます	4
織ります	3
織りません	4
織りました	3
織りませんでした	4
織りましょう	4
織らない	2
織らなかった	2
織った	1
織って	1
織っている	1
織っています	1
織っていた	1
織っていました	1
織ってる	3
織ってます	1
触ります	4
触りません	5
触りました	4
触りませんでした	5
触りましょう	5
触らない	0
触らなかった	7
触った	4
触って	0
触っている	4
触っています	4
触っていた	4
触っていました	4
触ってる	4
触ってます	5
触れます	3
触れません	4
触れました	3
触れませんでした	4
触れましょう	4
触れない	0
触れなかった	6
触れた	3
触れて	0
触れている	3
触れています	3
触れていた	3
触れていました	3
触れてる	3
触れてます	4
触れ合います	5
触れ合いません	6
触れ合いました	5
触れ合いませんでした	6
触れ合いましょう	6
触れ合わない	4
触れ合わなかった	4
触れ合った	3
触れ合って	3
触れ合っている	3
触れ合っています	3
触れ合っていた	3
触れ合っていました	3
触れ合ってる	5
触れ合ってます	3
食い違います	6
食い違いません	7
食い違いました	6
食い違いませんでした	7
食い違いましょう	7
食い違わない	5
食い違わなかった	5
食い違った	4
食い違って	4
食い違っている	4
食い違っています	4
食い違っていた	4
食い違っていました	4
食い違ってる	6
食い違ってます	4
食い込みます	5
食い込みません	6
食い込みました	5
食い込みませんでした	6
食い込みましょう	6
食い込まない	4
食い込まなかった	4
食い込んだ	3
食い込んで	3
食い込んでいる	3
食い込んでいます	3
食い込んでいた	3
食い込んでいました	3
食い込んでる	5
食い込んでます	3
食い止めます	5
食い止めません	6
食い止めました	5
食い止めませんでした	6
食い止めましょう	6
食い止めない	4
食い止めなかった	4
食い止めた	4
食い止めて	4
食い止めている	4
食い止めています	4
食い止めていた	4
食い止めていました	4
食い止めてる	5
食い止めてます	4
食べます	3
食べません	4
食べました	3
食べませんでした	4
食べましょう	4
食べない	2
食べなかった	2
食べた	2
食べて	2
食べている	2
食べています	2
食べていた	2
食べていました	2
食べてる	3
食べてます	2
蝕みます	5
蝕みません	6
蝕みました	5
蝕みませんでした	6
蝕みましょう	6
蝕まない	4
蝕まなかった	4
蝕んだ	3
蝕んで	3
蝕んでいる	3
蝕んでいます	3
蝕んでいた	3
蝕んでいました	3
蝕んでる	5
蝕んでます	3
伸びます	3
伸びません	4
伸びました	3
伸びませんでした	4
伸びましょう	4
伸びない	2
伸びなかった	2
伸びた	2
伸びて	2
伸びている	2
伸びています	2
伸びていた	2
伸びていました	2
伸びてる	3
伸びてます	2
伸び悩みます	6
伸び悩みません	7
伸び悩みました	6
伸び悩みませんでした	7
伸び悩みましょう	7
伸び悩まない	5
伸び悩まなかった	5
伸び悩んだ	4
伸び悩んで	4
伸び悩んでいる	4
伸び悩んでいます	4
伸び悩んでいた	4
伸び悩んでいました	4
伸び悩んでる	6
伸び悩んでます	4
信じます	4
信じません	5
信じました	4
信じませんでした	5
信じましょう	5
信じない	3
信じなかった	3
信じた	3
信じて	3
信じている	3
信じています	3
信じていた	3
信じていました	3
信じてる	4
信じてます	3
侵します	4
侵しません	5
侵しました	4
侵しませんでした	5
侵しましょう	5
侵さない	3
侵さなかった	3
侵した	2
侵して	2
侵している	2
侵しています	2
侵していた	2
侵していました	2
侵してる	4
侵してます	2
寝かします	4
寝かしません	5
寝かしました	4
寝かしませんでした	5
寝かしましょう	5
寝かさない	0
寝かさなかった	7
寝かした	4
寝かして	0
寝かしている	4
寝かしています	4
寝かしていた	4
寝かしていました	4
寝かしてる	4
寝かしてます	5
寝かせます	4
寝かせません	5
寝かせました	4
寝かせませんでした	5
寝かせましょう	5
寝かせない	0
寝かせなかった	7
寝かせた	4
寝かせて	0
寝かせている	4
寝かせています	4
寝かせていた	4
寝かせていました	4
寝かせてる	4
寝かせてます	5
寝ます	2
寝ません	3
寝ました	2
寝ませんでした	3
寝ましょう	3
寝ない	1
寝なかった	1
寝た	1
寝て	1
寝ている	1
寝ています	1
寝ていた	1
寝ていました	1
寝てる	2
寝てます	1
寝付きます	4
寝付きません	5
寝付きました	4
寝付きませんでした	5
寝付きましょう	5
寝付かない	3
寝付かなかった	3
寝付いた	2
寝付いて	2
寝付いている	2
寝付いています	2
寝付いていた	2
寝付いていました	2
寝付いてる	4
寝付いてます	2
寝返ります	5
寝返りません	6
寝返りました	5
寝返りませんでした	6
寝返りましょう	6
寝返らない	4
寝返らなかった	4
寝返った	3
寝返って	3
寝返っている	3
寝返っています	3
寝返っていた	3
寝返っていました	3
寝返ってる	5
寝返ってます	3
心がけます	6
心がけません	7
心がけました	6
心がけませんでした	7
心がけましょう	7
心がけない	5
心がけなかった	5
心がけた	5
心がけて	5
心がけている	5
心がけています	5
心がけていた	5
心がけていました	5
心がけてる	6
心がけてます	5
心強く	5
心強くない	5
心強くなかった	5
心強かった	5
心強くて	5
心細く	5
心細くない	5
心細くなかった	5
心細かった	5
心細くて	5
心得ます	5
心得ません	6
心得ました	5
心得ませんでした	6
心得ましょう	6
心得ない	4
心得なかった	4
心得た	4
心得て	4
心得ている	4
心得ています	4
心得ていた	4
心得ていました	4
心得てる	5
心得てます	4
振り回します	6
振り回しません	7
振り回しました	6
振り回しませんでした	7
振り回しましょう	7
振り回さない	5
振り回さなかった	5
振り回した	4
振り回して	4
振り回している	4
振り回しています	4
振り回していた	4
振り回していました	4
振り回してる	6
振り回してます	4
振り向きます	5
振り向きません	6
振り向きました	5
振り向きませんでした	6
振り向きましょう	6
振り向かない	4
振り向かなかった	4
振り向いた	3
振り向いて	3
振り向いている	3
振り向いています	3
振り向いていた	3
振り向いていました	3
振り向いてる	5
振り向いてます	3
振り込みます	5
振り込みません	6
振り込みました	5
振り込みませんでした	6
振り込みましょう	6
振り込まない	4
振り込まなかった	4
振り込んだ	3
振り込んで	3
振り込んでいる	3
振り込んでいます	3
振り込んでいた	3
振り込んでいました	3
振り込んでる	5
振り込んでます	3
振り切ります	5
振り切りません	6
振り切りました	5
振り切りませんでした	6
振り切りましょう	6
振り切らない	4
振り切らなかった	4
振り切った	3
振り切って	3
振り切っている	3
振り切っています	3
振り切っていた	3
振り切っていました	3
振り切ってる	5
振り切ってます	3
振り返ります	6
振り返りません	7
振り返りました	6
振り返りませんでした	7
振り返りましょう	7
振り返らない	5
振り返らなかった	5
振り返った	3
振り返って	3
振り返っている	3
振り返っています	3
振り返っていた	3
振り返っていました	3
振り返ってる	6
振り返ってます	3
振ります	3
振りません	4
振りました	3
振りませんでした	4
振りましょう	4
振らない	0
振らなかった	6
振った	3
振って	0
振っている	3
振っています	3
振っていた	3
振っていました	3
振ってる	3
振ってます	4
新しく	4
新しくない	4
新しくなかった	4
新しかった	4
新しくて	4
浸します	4
浸しません	5
浸しました	4
浸しませんでした	5
浸しましょう	5
浸さない	3
浸さなかった	3
浸した	2
浸して	2
浸している	2
浸しています	2
浸していた	2
浸していました	2
浸してる	4
浸してます	2
浸ります	4
浸りません	5
浸りました	4
浸りませんでした	5
浸りましょう	5
浸らない	0
浸らなかった	7
浸った	4
浸って	0
浸っている	4
浸っています	4
浸っていた	4
浸っていました	4
浸ってる	4
浸ってます	5
深く	2
深くない	2
深くなかった	2
深かった	2
深くて	2
深まります	5
深まりません	6
深まりました	5
深まりませんでした	6
深まりましょう	6
深まらない	4
深まらなかった	4
深まった	3
深まって	3
深まっている	3
深まっています	3
深まっていた	3
深まっていました	3
深まってる	5
深まってます	3
深めます	4
深めません	5
深めました	4
深めませんでした	5
深めましょう	5
深めない	3
深めなかった	3
深めた	3
深めて	3
深めている	3
深めています	3
深めていた	3
深めていました	3
深めてる	4
深めてます	3
申し込みます	6
申し込みません	7
申し込みました	6
申し込みませんでした	7
申し込みましょう	7
申し込まない	5
申し込まなかった	5
申し込んだ	4
申し込んで	4
申し込んでいる	4
申し込んでいます	4
申し込んでいた	4
申し込んでいました	4
申し込んでる	6
申し込んでます	4
申し出ます	5
申し出ません	6
申し出ました	5
申し出ませんでした	6
申し出ましょう	6
申し出ない	4
申し出なかった	4
申し出た	4
申し出て	4
申し出ている	4
申し出ています	4
申し出ていた	4
申し出ていました	4
申し出てる	5
申し出てます	4
申し上げます	6
申し上げません	7
申し上げました	6
申し上げませんでした	7
申し上げましょう	7
申し上げない	5
申し上げなかった	5
申し上げた	5
申し上げて	5
申し上げている	5
申し上げています	5
申し上げていた	5
申し上げていました	5
申し上げてる	6
申し上げてます	5
申し入れます	6
申し入れません	7
申し入れました	6
申し入れませんでした	7
申し入れましょう	7
申し入れない	5
申し入れなかった	5
申し入れた	5
申し入れて	5
申し入れている	5
申し入れています	5
申し入れていた	5
申し入れていました	5
申し入れてる	6
申し入れてます	5
申します	4
申しません	5
申しました	4
申しませんでした	5
申しましょう	5
申さない	3
申さなかった	3
申した	1
申して	1
申している	1
申しています	1
申していた	1
申していました	1
申してる	4
申してます	1
真似ます	3
真似ません	4
真似ました	3
真似ませんでした	4
真似ましょう	4
真似ない	0
真似なかった	6
真似た	3
真似て	0
真似ている	3
真似ています	3
真似ていた	3
真似ていました	3
真似てる	3
真似てます	4
真新しく	5
真新しくない	5
真新しくなかった	5
真新しかった	5
真新しくて	5
親しくない	2
親しくなかった	2
親しかった	3
親しくて	2
親しみます	5
親しみません	6
親しみました	5
親しみませんでした	6
親しみましょう	6
親しまない	4
親しまなかった	4
親しんだ	3
親しんで	3
親しんでいる	3
親しんでいます	3
親しんでいた	3
親しんでいました	3
親しんでる	5
親しんでます	3
診ます	2
診ません	3
診ました	2
診ませんでした	3
診ましょう	3
診ない	1
診なかった	1
診た	1
診て	1
診ている	1
診ています	1
診ていた	1
診ていました	1
診てる	2
診てます	1
辛く	2
辛くない	2
辛くなかった	2
辛かった	2
辛くて	2
進みます	4
進みません	5
進みました	4
進みませんでした	5
進みましょう	5
進まない	0
進まなかった	7
進んだ	0
進んでいる	4
進んでいます	4
進んでいた	4
進んでいました	4
進んでる	4
進んでます	5
進めます	4
進めません	5
進めました	4
進めませんでした	5
進めましょう	5
進めない	0
進めなかった	7
進めた	4
進めて	0
進めている	4
進めています	4
進めていた	4
進めていました	4
進めてる	4
進めてます	5
震えます	4
震えません	5
震えました	4
震えませんでした	5
震えましょう	5
震えない	0
震えなかった	7
震えた	4
震えて	0
震えている	4
震えています	4
震えていた	4
震えていました	4
震えてる	4
震えてます	5
尋ねます	4
尋ねません	5
尋ねました	4
尋ねませんでした	5
尋ねましょう	5
尋ねない	3
尋ねなかった	3
尋ねた	3
尋ねて	3
尋ねている	3
尋ねています	3
尋ねていた	3
尋ねていました	3
尋ねてる	4
尋ねてます	3
甚だしく	5
甚だしくない	5
甚だしくなかった	5
甚だしかった	5
甚だしくて	5
尽きます	3
尽きません	4
尽きました	3
尽きませんでした	4
尽きましょう	4
尽きない	2
尽きなかった	2
尽きた	2
尽きて	2
尽きている	2
尽きています	2
尽きていた	2
尽きていました	2
尽きてる	3
尽きてます	2
尽くします	4
尽くしません	5
尽くしました	4
尽くしませんでした	5
尽くしましょう	5
尽くさない	3
尽くさなかった	3
尽くした	2
尽くして	2
尽くしている	2
尽くしています	2
尽くしていた	2
尽くしていました	2
尽くしてる	4
尽くしてます	2
吹き込みます	5
吹き込みません	6
吹き込みました	5
吹き込みませんでした	6
吹き込みましょう	6
吹き込まない	4
吹き込まなかった	4
吹き込んだ	3
吹き込んで	3
吹き込んでいる	3
吹き込んでいます	3
吹き込んでいた	3
吹き込んでいました	3
吹き込んでる	5
吹き込んでます	3
吹きます	3
吹きません	4
吹きました	3
吹きませんでした	4
吹きましょう	4
吹かない	2
吹かなかった	2
吹いた	1
吹いて	1
吹いている	1
吹いています	1
吹いていた	1
吹いていました	1
吹いてる	3
吹いてます	1
垂らします	4
垂らしません	5
垂らしました	4
垂らしませんでした	5
垂らしましょう	5
垂らさない	3
垂らさなかった	3
垂らした	2
垂らして	2
垂らしている	2
垂らしています	2
垂らしていた	2
垂らしていました	2
垂らしてる	4
垂らしてます	2
垂れます	4
垂れません	5
垂れました	4
垂れませんでした	5
垂れましょう	5
垂れない	3
垂れなかった	3
垂れた	3
垂れて	3
垂れている	3
垂れています	3
垂れていた	3
垂れていました	3
垂れてる	4
垂れてます	3
推します	3
推しません	4
推しました	3
推しませんでした	4
推しましょう	4
推さない	0
推さなかった	6
推した	3
推している	3
推しています	3
推していた	3
推していました	3
推してる	3
推してます	4
衰えます	5
衰えません	6
衰えました	5
衰えませんでした	6
衰えましょう	6
衰えない	4
衰えなかった	4
衰えた	4
衰えて	4
衰えている	4
衰えています	4
衰えていた	4
衰えていました	4
衰えてる	5
衰えてます	4
遂げます	3
遂げません	4
遂げました	3
遂げませんでした	4
遂げましょう	4
遂げない	2
遂げなかった	2
遂げた	2
遂げて	2
遂げている	2
遂げています	2
遂げていた	2
遂げていました	2
遂げてる	3
遂げてます	2
酔います	3
酔いません	4
酔いました	3
酔いませんでした	4
酔いましょう	4
酔わない	2
酔わなかった	2
酔った	1
酔って	1
酔っている	1
酔っています	1
酔っていた	1
酔っていました	1
酔ってる	3
酔ってます	1
酔っ払います	6
酔っ払いません	7
酔っ払いました	6
酔っ払いませんでした	7
酔っ払いましょう	7
酔っ払わない	0
酔っ払わなかった	9
酔っ払った	6
酔っ払って	0
酔っ払っている	6
酔っ払っています	6
酔っ払っていた	6
酔っ払っていました	6
酔っ払ってる	6
酔っ払ってます	7
瑞々しい	5
瑞々しく	5
瑞々しくない	5
瑞々しくなかった	5
瑞々しかった	5
瑞々しくて	5
数えます	4
数えません	5
数えました	4
数えませんでした	5
数えましょう	5
数えない	3
数えなかった	3
数えた	3
数えて	3
数えている	3
数えています	3
数えていた	3
数えていました	3
数えてる	4
数えてます	3
据えます	3
据えません	4
据えました	3
据えませんでした	4
据えましょう	4
据えない	0
据えなかった	6
据えた	3
据えて	0
据えている	3
据えています	3
据えていた	3
据えていました	3
据えてる	3
据えてます	4
澄みます	3
澄みません	4
澄みました	3
澄みませんでした	4
澄みましょう	4
澄まない	2
澄まなかった	2
澄んだ	1
澄んで	1
澄んでいる	1
澄んでいます	1
澄んでいた	1
澄んでいました	1
澄んでる	3
澄んでます	1
畝る	2
畝ります	4
畝りません	5
畝りました	4
畝りませんでした	5
畝りましょう	5
畝らない	2
畝らなかった	2
畝った	2
畝って	2
畝っている	2
畝っています	2
畝っていた	2
畝っていました	2
畝ってる	2
畝ってます	2
凄くない	2
凄くなかった	2
凄かった	2
凄くて	2
成し遂げます	5
成し遂げません	6
成し遂げました	5
成し遂げませんでした	6
成し遂げましょう	6
成し遂げない	4
成し遂げなかった	4
成し遂げた	4
成し遂げて	4
成し遂げている	4
成し遂げています	4
成し遂げていた	4
成し遂げていました	4
成し遂げてる	5
成し遂げてます	4
成り立ちます	5
成り立ちません	6
成り立ちました	5
成り立ちませんでした	6
成り立ちましょう	6
成り立たない	4
成り立たなかった	4
成り立った	3
成り立って	3
成り立っている	3
成り立っています	3
成り立っていた	3
成り立っていました	3
成り立ってる	5
成り立ってます	3
成ります	3
成りません	4
成りました	3
成りませんでした	4
成りましょう	4
成らない	2
成らなかった	2
成った	1
成って	1
成っている	1
成っています	1
成っていた	1
成っていました	1
成ってる	3
成ってます	1
整えます	5
整えません	6
整えました	5
整えませんでした	6
整えましょう	6
整えない	4
整えなかった	4
整えた	4
整えて	4
整えている	4
整えています	4
整えていた	4
整えていました	4
整えてる	5
整えてます	4
晴れます	3
晴れません	4
晴れました	3
晴れませんでした	4
晴れましょう	4
晴れない	2
晴れなかった	2
晴れた	2
晴れている	2
晴れています	2
晴れていた	2
晴れていました	2
晴れてる	3
晴れてます	2
正しくない	2
正しくなかった	2
正しかった	3
正しくて	2
正します	4
正しません	5
正しました	4
正しませんでした	5
正しましょう	5
正さない	3
正さなかった	3
正した	2
正して	2
正している	2
正しています	2
正していた	2
正していました	2
正してる	4
正してます	2
清く	2
清くない	2
清くなかった	2
清かった	2
清くて	2
生えます	3
生えません	4
生えました	3
生えませんでした	4
生えましょう	4
生えない	2
生えなかった	2
生えた	2
生えて	2
生えている	2
生えています	2
生えていた	2
生えていました	2
生えてる	3
生えてます	2
生きます	3
生きません	4
生きました	3
生きませんでした	4
生きましょう	4
生きない	2
生きなかった	2
生きた	2
生きて	2
生きている	2
生きています	2
生きていた	2
生きていました	2
生きてる	3
生きてます	2
生き返ります	6
生き返りません	7
生き返りました	6
生き返りませんでした	7
生き返りましょう	7
生き返らない	5
生き返らなかった	5
生き返った	3
生き返って	3
生き返っている	3
生き返っています	3
生き返っていた	3
生き返っていました	3
生き返ってる	6
生き返ってます	3
生じます	4
生じません	5
生じました	4
生じませんでした	5
生じましょう	5
生じない	0
生じなかった	7
生じた	4
生じて	0
生じている	4
生じています	4
生じていた	4
生じていました	4
生じてる	4
生じてます	5
生まれます	4
生まれません	5
生まれました	4
生まれませんでした	5
生まれましょう	5
生まれない	0
生まれなかった	7
生まれた	4
生まれて	0
生まれている	4
生まれています	4
生まれていた	4
生まれていました	4
生まれてる	4
生まれてます	5
生み出します	5
生み出しません	6
生み出しました	5
生み出しませんでした	6
生み出しましょう	6
生み出さない	4
生み出さなかった	4
生み出した	3
生み出して	3
生み出している	3
生み出しています	3
生み出していた	3
生み出していました	3
生み出してる	5
生み出してます	3
生やします	4
生やしません	5
生やしました	4
生やしませんでした	5
生やしましょう	5
生やさない	3
生やさなかった	3
生やした	2
生やして	2
生やしている	2
生やしています	2
生やしていた	2
生やしていました	2
生やしてる	4
生やしてます	2
生ぬるく	4
生ぬるくない	4
生ぬるくなかった	4
生ぬるかった	4
生ぬるくて	4
生臭く	4
生臭くない	4
生臭くなかった	4
生臭かった	4
生臭くて	4
盛り込みます	5
盛り込みません	6
盛り込みました	5
盛り込みませんでした	6
盛り込みましょう	6
盛り込まない	4
盛り込まなかった	4
盛り込んだ	3
盛り込んで	3
盛り込んでいる	3
盛り込んでいます	3
盛り込んでいた	3
盛り込んでいました	3
盛り込んでる	5
盛り込んでます	3
盛り上がります	6
盛り上がりません	7
盛り上がりました	6
盛り上がりませんでした	7
盛り上がりましょう	7
盛り上がらない	5
盛り上がらなかった	5
盛り上がった	4
盛り上がって	4
盛り上がっている	4
盛り上がっています	4
盛り上がっていた	4
盛り上がっていました	4
盛り上がってる	6
盛り上がってます	4
盛り上げます	5
盛り上げません	6
盛り上げました	5
盛り上げませんでした	6
盛り上げましょう	6
盛り上げない	4
盛り上げなかった	4
盛り上げた	4
盛り上げて	4
盛り上げている	4
盛り上げています	4
盛り上げていた	4
盛り上げていました	4
盛り上げてる	5
盛り上げてます	4
盛ります	3
盛りません	4
盛りました	3
盛りませんでした	4
盛りましょう	4
盛らない	0
盛らなかった	6
盛った	3
盛って	0
盛っている	3
盛っています	3
盛っていた	3
盛っていました	3
盛ってる	3
盛ってます	4
誓います	4
誓いません	5
誓いました	4
誓いませんでした	5
誓いましょう	5
誓わない	0
誓わなかった	7
誓った	4
誓っている	4
誓っています	4
誓っていた	4
誓っていました	4
誓ってる	4
誓ってます	5
請け負います	5
請け負いません	6
請け負いました	5
請け負いませんでした	6
請け負いましょう	6
請け負わない	4
請け負わなかった	4
請け負った	3
請け負って	3
請け負っている	3
請け負っています	3
請け負っていた	3
請け負っていました	3
請け負ってる	5
請け負ってます	3
青く	2
青くない	2
青くなかった	2
青かった	2
青くて	2
青ざめます	5
青ざめません	6
青ざめました	5
青ざめませんでした	6
青ざめましょう	6
青ざめない	4
青ざめなかった	4
青ざめた	4
青ざめて	4
青ざめている	4
青ざめています	4
青ざめていた	4
青ざめていました	4
青ざめてる	5
青ざめてます	4
青白く	4
青白くない	4
青白くなかった	4
青白かった	4
青白くて	4
脆く	2
脆くない	2
脆くなかった	2
脆かった	2
脆くて	2
惜しく	2
惜しくない	2
惜しくなかった	2
惜しかった	2
惜しくて	2
惜しみます	4
惜しみません	5
惜しみました	4
惜しみませんでした	5
惜しみましょう	5
惜しまない	3
惜しまなかった	3
惜しんだ	2
惜しんで	2
惜しんでいる	2
惜しんでいます	2
惜しんでいた	2
惜しんでいました	2
惜しんでる	4
惜しんでます	2
積み込みます	5
積み込みません	6
積み込みました	5
積み込みませんでした	6
積み込みましょう	6
積み込まない	4
積み込まなかった	4
積み込んだ	3
積み込んで	3
積み込んでいる	3
積み込んでいます	3
積み込んでいた	3
積み込んでいました	3
積み込んでる	5
積み込んでます	3
積みます	3
積みません	4
積みました	3
積みませんでした	4
積みましょう	4
積まない	0
積まなかった	6
積んだ	0
積んで	3
積んでいる	3
積んでいます	3
積んでいた	3
積んでいました	3
積んでる	3
積んでます	4
積もります	4
積もりません	5
積もりました	4
積もりませんでした	5
積もりましょう	5
積もらない	3
積もらなかった	3
積もった	2
積もって	2
積もっている	2
積もっています	2
積もっていた	2
積もっていました	2
積もってる	4
積もってます	2
責めます	3
責めません	4
責めました	3
責めませんでした	4
責めましょう	4
責めない	2
責めなかった	2
責めた	2
責めて	2
責めている	2
責めています	2
責めていた	2
責めていました	2
責めてる	3
責めてます	2
赤く	0
赤くない	4
赤くなかった	7
赤かった	2
赤くて	0
切なく	3
切なくない	3
切なくなかった	3
切なかった	3
切なくて	3
切らします	4
切らしません	5
切らしました	4
切らしませんでした	5
切らしましょう	5
切らさない	3
切らさなかった	3
切らした	2
切らして	2
切らしている	2
切らしています	2
切らしていた	2
切らしていました	2
切らしてる	4
切らしてます	2
切ります	3
切りません	4
切りました	3
切りませんでした	4
切りましょう	4
切らない	2
切らなかった	2
切った	1
切って	1
切っている	1
切っています	1
切っていた	1
切っていました	1
切ってる	3
切ってます	1
切れます	3
切れません	4
切れました	3
切れませんでした	4
切れましょう	4
切れない	2
切れなかった	2
切れた	2
切れて	2
切れている	2
切れています	2
切れていた	2
切れていました	2
切れてる	3
切れてます	2
折り返します	6
折り返しません	7
折り返しました	6
折り返しませんでした	7
折り返しましょう	7
折り返さない	5
折り返さなかった	5
折り返した	6
折り返して	0
折り返している	6
折り返しています	6
折り返していた	6
折り返していました	6
折り返してる	6
折り返してます	7
折ります	3
折りません	4
折りました	3
折りませんでした	4
折りましょう	4
折らない	2
折らなかった	2
折った	1
折って	1
折っている	1
折っています	1
折っていた	1
折っていました	1
折ってる	3
折ってます	1
折れます	3
折れません	4
折れました	3
折れませんでした	4
折れましょう	4
折れない	2
折れなかった	2
折れた	2
折れて	2
折れている	2
折れています	2
折れていた	2
折れていました	2
折れてる	3
折れてます	2
設けます	4
設けません	5
設けました	4
設けませんでした	5
設けましょう	5
設けない	3
設けなかった	3
設けた	3
設けて	3
設けている	3
設けています	3
設けていた	3
設けていました	3
設けてる	4
設けてます	3
説きます	3
説きません	4
説きました	3
説きませんでした	4
説きましょう	4
説かない	2
説かなかった	2
説いた	1
説いて	1
説いている	1
説いています	1
説いていた	1
説いていました	1
説いてる	3
説いてます	1
絶えます	3
絶えません	4
絶えました	3
絶えませんでした	4
絶えましょう	4
絶えない	2
絶えなかった	2
絶えた	2
絶えて	2
絶えている	2
絶えています	2
絶えていた	2
絶えていました	2
絶えてる	3
絶えてます	2
先駆けます	5
先駆けません	6
先駆けました	5
先駆けませんでした	6
先駆けましょう	6
先駆けない	0
先駆けなかった	8
先駆けた	5
先駆けて	0
先駆けている	5
先駆けています	5
先駆けていた	5
先駆けていました	5
先駆けてる	5
先駆けてます	6
千切ります	0
千切りません	6
千切りました	7
千切りませんでした	6
千切りましょう	0
千切らない	1
千切らなかった	1
千切った	1
千切って	0
千切っている	1
千切っています	1
千切っていた	1
千切っていました	1
千切ってる	1
千切ってます	1
占います	5
占いません	6
占いました	5
占いませんでした	6
占いましょう	6
占わない	4
占わなかった	4
占った	3
占って	3
占っている	3
占っています	3
占っていた	3
占っていました	3
占ってる	5
占ってます	3
占めます	3
占めません	4
占めました	3
占めませんでした	4
占めましょう	4
占めない	2
占めなかった	2
占めて	2
占めている	2
占めています	2
占めていた	2
占めていました	2
占めてる	3
占めてます	2
尖ります	4
尖りません	5
尖りました	4
尖りませんでした	5
尖りましょう	5
尖らない	3
尖らなかった	3
尖った	2
尖って	2
尖っている	2
尖っています	2
尖っていた	2
尖っていました	2
尖ってる	4
尖ってます	2
浅く	0
浅くない	4
浅くなかった	7
浅かった	2
浅くて	0
洗います	4
洗いません	5
洗いました	4
洗いませんでした	5
洗いましょう	5
洗わない	0
洗わなかった	7
洗った	4
洗って	0
洗っている	4
洗っています	4
洗っていた	4
洗っていました	4
洗ってる	4
洗ってます	5
染まります	4
染まりません	5
染まりました	4
染まりませんでした	5
染まりましょう	5
染まらない	0
染まらなかった	7
染まった	4
染まって	0
染まっている	4
染まっています	4
染まっていた	4
染まっていました	4
染まってる	4
染まってます	5
染みます	3
染みません	4
染みました	3
染みませんでした	4
染みましょう	4
染みない	0
染みなかった	6
染みた	3
染みて	0
染みている	3
染みています	3
染みていた	3
染みていました	3
染みてる	3
染みてます	4
染めます	3
染めません	4
染めました	3
染めませんでした	4
染めましょう	4
染めない	0
染めなかった	6
染めた	3
染めて	0
染めている	3
染めています	3
染めていた	3
染めていました	3
染めてる	3
染めてます	4
潜みます	4
潜みません	5
潜みました	4
潜みませんでした	5
潜みましょう	5
潜まない	3
潜まなかった	3
潜んだ	2
潜んで	2
潜んでいる	2
潜んでいます	2
潜んでいた	2
潜んでいました	2
潜んでる	4
潜んでます	2
煽ります	4
煽りません	5
煽りました	4
煽りませんでした	5
煽りましょう	5
煽らない	0
煽らなかった	7
煽った	2
煽って	2
煽っている	2
煽っています	2
煽っていた	2
煽っていました	2
煽ってる	4
煽ってます	2
羨ましく	5
羨ましくない	5
羨ましくなかった	5
羨ましかった	5
羨ましくて	5
閃きます	5
閃きません	6
閃きました	5
閃きませんでした	6
閃きましょう	6
閃かない	4
閃かなかった	4
閃いた	3
閃いて	3
閃いている	3
閃いています	3
閃いていた	3
閃いていました	3
閃いてる	5
閃いてます	3
繕います	5
繕いません	6
繕いました	5
繕いませんでした	6
繕いましょう	6
繕わない	4
繕わなかった	4
繕った	3
繕って	3
繕っている	3
繕っています	3
繕っていた	3
繕っていました	3
繕ってる	5
繕ってます	3
狙います	4
狙いません	5
狙いました	4
狙いませんでした	5
狙いましょう	5
狙わない	0
狙わなかった	7
狙った	4
狙って	0
狙っている	4
狙っています	4
狙っていた	4
狙っていました	4
狙ってる	4
狙ってます	5
粗く	0
粗くない	4
粗くなかった	7
粗かった	2
粗くて	0
素晴らしく	4
素晴らしくない	4
素晴らしくなかった	4
素晴らしかった	4
素晴らしくて	4
素早く	3
素早くない	3
素早くなかった	3
素早かった	3
素早くて	3
組み合わせます	6
組み合わせません	7
組み合わせました	6
組み合わせませんでした	7
組み合わせましょう	7
組み合わせない	0
組み合わせなかった	9
組み合わせた	6
組み合わせて	0
組み合わせている	6
組み合わせています	6
組み合わせていた	6
組み合わせていました	6
組み合わせてる	6
組み合わせてます	7
組み込みます	5
組み込みません	6
組み込みました	5
組み込みませんでした	6
組み込みましょう	6
組み込まない	4
組み込まなかった	4
組み込んだ	3
組み込んで	3
組み込んでいる	3
組み込んでいます	3
組み込んでいた	3
組み込んでいました	3
組み込んでる	5
組み込んでます	3
組み立てます	5
組み立てません	6
組み立てました	5
組み立てませんでした	6
組み立てましょう	6
組み立てない	0
組み立てなかった	8
組み立てた	5
組み立てて	5
組み立てている	5
組み立てています	5
組み立てていた	5
組み立てていました	5
組み立ててる	5
組み立ててます	6
組みます	3
組みません	4
組みました	3
組みませんでした	4
組みましょう	4
組まない	2
組まなかった	2
組んだ	1
組んで	1
組んでいる	1
組んでいます	1
組んでいた	1
組んでいました	1
組んでる	3
組んでます	1
訴えます	5
訴えません	6
訴えました	5
訴えませんでした	6
訴えましょう	6
訴えない	4
訴えなかった	4
訴えた	3
訴えて	3
訴えている	3
訴えています	3
訴えていた	3
訴えていました	3
訴えてる	5
訴えてます	3
阻みます	4
阻みません	5
阻みました	4
阻みませんでした	5
阻みましょう	5
阻まない	3
阻まなかった	3
阻んだ	2
阻んで	2
阻んでいる	2
阻んでいます	2
阻んでいた	2
阻んでいました	2
阻んでる	4
阻んでます	2
遡ります	6
遡りません	7
遡りました	6
遡りませんでした	7
遡りましょう	7
遡らない	5
遡らなかった	5
遡った	4
遡って	4
遡っている	4
遡っています	4
遡っていた	4
遡っていました	4
遡ってる	6
遡ってます	4
掃きます	3
掃きません	4
掃きました	3
掃きませんでした	4
掃きましょう	4
掃かない	2
掃かなかった	2
掃いた	1
掃いて	1
掃いている	1
掃いています	1
掃いていた	1
掃いていました	1
掃いてる	3
掃いてます	1
掻きます	3
掻きません	4
掻きました	3
掻きませんでした	4
掻きましょう	4
掻かない	2
掻かなかった	2
掻いた	1
掻いて	1
掻いている	1
掻いています	1
掻いていた	1
掻いていました	1
掻いてる	3
掻いてます	1
操ります	5
操りません	6
操りました	5
操りませんでした	6
操りましょう	6
操らない	4
操らなかった	4
操った	3
操って	3
操っている	3
操っています	3
操っていた	3
操っていました	3
操ってる	5
操ってます	3
早まります	5
早まりません	6
早まりました	5
早まりませんでした	6
早まりましょう	6
早まらない	4
早まらなかった	4
早まった	3
早まって	3
早まっている	3
早まっています	3
早まっていた	3
早まっていました	3
早まってる	5
早まってます	3
漕ぎます	3
漕ぎません	4
漕ぎました	3
漕ぎませんでした	4
漕ぎましょう	4
漕がない	2
漕がなかった	2
漕いだ	1
漕いで	1
漕いでいる	1
漕いでいます	1
漕いでいた	1
漕いでいました	1
漕いでる	3
漕いでます	1
燥ぎます	4
燥ぎません	5
燥ぎました	4
燥ぎませんでした	5
燥ぎましょう	5
燥がない	0
燥がなかった	7
燥いだ	0
燥いで	4
燥いでいる	4
燥いでいます	4
燥いでいた	4
燥いでいました	4
燥いでる	4
燥いでます	5
争います	5
争いません	6
争いました	5
争いませんでした	6
争いましょう	6
争わない	4
争わなかった	4
争った	3
争って	3
争っている	3
争っています	3
争っていた	3
争っていました	3
争ってる	5
争ってます	3
相応しく	4
相応しくない	4
相応しくなかった	4
相応しかった	4
相応しくて	4
相次ぎます	5
相次ぎません	6
相次ぎました	5
相次ぎませんでした	6
相次ぎましょう	6
相次がない	4
相次がなかった	4
相次いだ	1
相次いで	1
相次いでいる	1
相次いでいます	1
相次いでいた	1
相次いでいました	1
相次いでる	5
相次いでます	1
葬ります	5
葬りません	6
葬りました	5
葬りませんでした	6
葬りましょう	6
葬らない	4
葬らなかった	4
葬った	3
葬って	3
葬っている	3
葬っています	3
葬っていた	3
葬っていました	3
葬ってる	5
葬ってます	3
装います	5
装いません	6
装いました	5
装いませんでした	6
装いましょう	6
装わない	4
装わなかった	4
装った	2
装って	2
装っている	2
装っています	2
装っていた	2
装っていました	2
装ってる	5
装ってます	2
走り出す	4
走り出します	6
走り出しません	7
走り出しました	6
走り出しませんでした	7
走り出しましょう	7
走り出さない	5
走り出さなかった	5
走り出した	4
走り出して	4
走り出している	4
走り出しています	4
走り出していた	4
走り出していました	4
走り出してる	6
走り出してます	4
走ります	4
走りません	5
走りました	4
走りませんでした	5
走りましょう	5
走らない	3
走らなかった	3
走った	2
走って	2
走っている	2
走っています	2
走っていた	2
走っていました	2
走ってる	4
走ってます	2
送り込みます	6
送り込みません	7
送り込みました	6
送り込みませんでした	7
送り込みましょう	7
送り込まない	5
送り込まなかった	5
送り込んだ	4
送り込んで	4
送り込んでいる	4
送り込んでいます	4
送り込んでいた	4
送り込んでいました	4
送り込んでる	6
送り込んでます	4
送ります	4
送りません	5
送りました	4
送りませんでした	5
送りましょう	5
送らない	0
送らなかった	7
送った	4
送って	0
送っている	4
送っています	4
送っていた	4
送っていました	4
送ってる	4
送ってます	5
騒がしく	4
騒がしくない	4
騒がしくなかった	4
騒がしかった	4
騒がしくて	4
騒ぎます	4
騒ぎません	5
騒ぎました	4
騒ぎませんでした	5
騒ぎましょう	5
騒がない	3
騒がなかった	3
騒いだ	2
騒いで	2
騒いでいる	2
騒いでいます	2
騒いでいた	2
騒いでいました	2
騒いでる	4
騒いでます	2
騒めきます	5
騒めきません	6
騒めきました	5
騒めきませんでした	6
騒めきましょう	6
騒めかない	4
騒めかなかった	4
騒めいた	3
騒めいて	3
騒めいている	3
騒めいています	3
騒めいていた	3
騒めいていました	3
騒めいてる	5
騒めいてます	3
増します	3
増しません	4
増しました	3
増しませんでした	4
増しましょう	4
増さない	0
増さなかった	6
増した	3
増して	0
増している	3
増しています	3
増していた	3
増していました	3
増してる	3
増してます	4
憎みます	4
憎みません	5
憎みました	4
憎みませんでした	5
憎みましょう	5
憎まない	3
憎まなかった	3
憎んだ	2
憎んで	2
憎んでいる	2
憎んでいます	2
憎んでいた	2
憎んでいました	2
憎んでる	4
憎んでます	2
憎らしく	4
憎らしくない	4
憎らしくなかった	4
憎らしかった	4
憎らしくて	4
贈ります	4
贈りません	5
贈りました	4
贈りませんでした	5
贈りましょう	5
贈らない	0
贈らなかった	7
贈った	4
贈って	0
贈っている	4
贈っています	4
贈っていた	4
贈っていました	4
贈ってる	4
贈ってます	5
促します	5
促しません	6
促しました	5
促しませんでした	6
促しましょう	6
促さない	4
促さなかった	4
促した	3
促して	3
促している	3
促しています	3
促していた	3
促していました	3
促してる	5
促してます	3
足します	3
足しません	4
足しました	3
足しませんでした	4
足しましょう	4
足さない	0
足さなかった	6
足した	3
足して	0
足している	3
足しています	3
足していた	3
足していました	3
足してる	3
足してます	4
足ります	3
足りません	4
足りました	3
足りませんでした	4
足りましょう	4
足りない	0
足りなかった	6
足りた	3
足りて	0
足りている	3
足りています	3
足りていた	3
足りていました	3
足りてる	3
足りてます	4
足らない	0
足らなかった	6
足った	3
足って	0
足っている	3
足っています	3
足っていた	3
足っていました	3
足ってる	3
足ってます	4
早くない	1
早くなかった	1
早かった	2
早くて	1
続きます	4
続きません	5
続きました	4
続きませんでした	5
続きましょう	5
続かない	0
続かなかった	7
続いた	4
続いている	4
続いています	4
続いていた	4
続いていました	4
続いてる	4
続いてます	5
続けます	4
続けません	5
続けました	4
続けませんでした	5
続けましょう	5
続けない	0
続けなかった	7
続けた	4
続けて	0
続けている	4
続けています	4
続けていた	4
続けていました	4
続けてる	4
続けてます	5
揃います	4
揃いません	5
揃いました	4
揃いませんでした	5
揃いましょう	5
揃わない	3
揃わなかった	3
揃った	2
揃って	2
揃っている	2
揃っています	2
揃っていた	2
揃っていました	2
揃ってる	4
揃ってます	2
揃えます	4
揃えません	5
揃えました	4
揃えませんでした	5
揃えましょう	5
揃えない	3
揃えなかった	3
揃えた	3
揃えて	3
揃えている	3
揃えています	3
揃えていた	3
揃えていました	3
揃えてる	4
揃えてます	3
存じます	4
存じません	5
存じました	4
存じませんでした	5
存じましょう	5
存じない	0
存じなかった	7
存じた	4
存じて	0
存じている	4
存じています	4
存じていた	4
存じていました	4
存じてる	4
存じてます	5
損ねます	4
損ねません	5
損ねました	4
損ねませんでした	5
損ねましょう	5
損ねない	3
損ねなかった	3
損ねた	3
損ねて	3
損ねている	3
損ねています	3
損ねていた	3
損ねていました	3
損ねてる	4
損ねてます	3
多くない	1
多くなかった	1
多かった	2
多くて	1
太く	2
太くない	2
太くなかった	2
太かった	2
太くて	2
太ります	4
太りません	5
太りました	4
太りませんでした	5
太りましょう	5
太らない	3
太らなかった	3
太った	2
太って	2
太っている	2
太っています	2
太っていた	2
太っていました	2
太ってる	4
太ってます	2
打ち出します	5
打ち出しません	6
打ち出しました	5
打ち出しませんでした	6
打ち出しましょう	6
打ち出さない	4
打ち出さなかった	4
打ち出した	5
打ち出して	0
打ち出している	5
打ち出しています	5
打ち出していた	5
打ち出していました	5
打ち出してる	5
打ち出してます	6
打ち上げます	5
打ち上げません	6
打ち上げました	5
打ち上げませんでした	6
打ち上げましょう	6
打ち上げない	0
打ち上げなかった	8
打ち上げた	5
打ち上げて	0
打ち上げている	5
打ち上げています	5
打ち上げていた	5
打ち上げていました	5
打ち上げてる	5
打ち上げてます	6
打ち切ります	5
打ち切りません	6
打ち切りました	5
打ち切りませんでした	6
打ち切りましょう	6
打ち切らない	4
打ち切らなかった	4
打ち切った	3
打ち切って	3
打ち切っている	3
打ち切っています	3
打ち切っていた	3
打ち切っていました	3
打ち切ってる	5
打ち切ってます	3
打ちます	3
打ちません	4
打ちました	3
打ちませんでした	4
打ちましょう	4
打たない	2
打たなかった	2
打った	1
打って	1
打っている	1
打っています	1
打っていた	1
打っていました	1
打ってる	3
打ってます	1
帯びます	3
帯びません	4
帯びました	3
帯びませんでした	4
帯びましょう	4
帯びない	2
帯びなかった	2
帯びた	2
帯びて	2
帯びている	2
帯びています	2
帯びていた	2
帯びていました	2
帯びてる	3
帯びてます	2
待ち遠しく	5
待ち遠しくない	5
待ち遠しくなかった	5
待ち遠しかった	5
待ち遠しくて	5
待ちかねる	4
待ちかねます	5
待ちかねません	6
待ちかねました	5
待ちかねませんでした	6
待ちかねましょう	6
待ちかねない	4
待ちかねなかった	4
待ちかねた	4
待ちかねて	4
待ちかねている	4
待ちかねています	4
待ちかねていた	4
待ちかねていました	4
待ちかねてる	5
待ちかねてます	4
待ち構えます	6
待ち構えません	7
待ち構えました	6
待ち構えませんでした	7
待ち構えましょう	7
待ち構えない	5
待ち構えなかった	5
待ち構えた	5
待ち構えて	5
待ち構えている	5
待ち構えています	5
待ち構えていた	5
待ち構えていました	5
待ち構えてる	6
待ち構えてます	5
待ち合わせます	6
待ち合わせません	7
待ち合わせました	6
待ち合わせませんでした	7
待ち合わせましょう	7
待ち合わせない	5
待ち合わせなかった	5
待ち合わせた	5
待ち合わせて	5
待ち合わせている	5
待ち合わせています	5
待ち合わせていた	5
待ち合わせていました	5
待ち合わせてる	6
待ち合わせてます	5
待ち受けます	5
待ち受けません	6
待ち受けました	5
待ち受けませんでした	6
待ち受けましょう	6
待ち受けない	4
待ち受けなかった	4
待ち受けた	4
待ち受けて	4
待ち受けている	4
待ち受けています	4
待ち受けていた	4
待ち受けていました	4
待ち受けてる	5
待ち受けてます	4
待ち望みます	6
待ち望みません	7
待ち望みました	6
待ち望みませんでした	7
待ち望みましょう	7
待ち望まない	5
待ち望まなかった	5
待ち望んだ	4
待ち望んで	4
待ち望んでいる	4
待ち望んでいます	4
待ち望んでいた	4
待ち望んでいました	4
待ち望んでる	6
待ち望んでます	4
待ちます	3
待ちません	4
待ちました	3
待ちませんでした	4
待ちましょう	4
待たない	2
待たなかった	2
待って	1
待っている	1
待っています	1
待っていた	1
待っていました	1
待ってる	3
待ってます	1
怠けます	4
怠けません	5
怠けました	4
怠けませんでした	5
怠けましょう	5
怠けない	3
怠けなかった	3
怠けた	3
怠けて	3
怠けている	3
怠けています	3
怠けていた	3
怠けていました	3
怠けてる	4
怠けてます	3
怠ります	5
怠りません	6
怠りました	5
怠りませんでした	6
怠りましょう	6
怠らない	4
怠らなかった	4
怠った	3
怠って	3
怠っている	3
怠っています	3
怠っていた	3
怠っていました	3
怠ってる	5
怠ってます	3
貸し出します	5
貸し出しません	6
貸し出しました	5
貸し出しませんでした	6
貸し出しましょう	6
貸し出さない	4
貸し出さなかった	4
貸し出した	3
貸し出して	3
貸し出している	3
貸し出しています	3
貸し出していた	3
貸し出していました	3
貸し出してる	5
貸し出してます	3
貸します	3
貸しません	4
貸しました	3
貸しませんでした	4
貸しましょう	4
貸さない	0
貸さなかった	6
貸した	3
貸して	0
貸している	3
貸しています	3
貸していた	3
貸していました	3
貸してる	3
貸してます	4
退けます	5
退けません	6
退けました	5
退けませんでした	6
退けましょう	6
退けない	4
退けなかった	4
退けた	4
退けて	4
退けている	4
退けています	4
退けていた	4
退けていました	4
退けてる	5
退けてます	4
大人しく	4
大人しくない	4
大人しくなかった	4
大人しかった	4
大人しくて	4
大人っぽく	0
大人っぽくない	7
大人っぽくなかった	10
大人っぽかった	5
大人っぽくて	0
濁します	4
濁しません	5
濁しました	4
濁しませんでした	5
濁しましょう	5
濁さない	3
濁さなかった	3
濁した	2
濁して	2
濁している	2
濁しています	2
濁していた	2
濁していました	2
濁してる	4
濁してます	2
濁ります	4
濁りません	5
濁りました	4
濁りませんでした	5
濁りましょう	5
濁らない	3
濁らなかった	3
濁った	2
濁って	2
濁っている	2
濁っています	2
濁っていた	2
濁っていました	2
濁ってる	4
濁ってます	2
叩きます	4
叩きません	5
叩きました	4
叩きませんでした	5
叩きましょう	5
叩かない	3
叩かなかった	3
叩いた	2
叩いて	2
叩いている	2
叩いています	2
叩いていた	2
叩いていました	2
叩いてる	4
叩いてます	2
奪います	4
奪いません	5
奪いました	4
奪いませんでした	5
奪いましょう	5
奪わない	3
奪わなかった	3
奪った	2
奪って	2
奪っている	2
奪っています	2
奪っていた	2
奪っていました	2
奪ってる	4
奪ってます	2
脱ぎます	3
脱ぎません	4
脱ぎました	3
脱ぎませんでした	4
脱ぎましょう	4
脱がない	2
脱がなかった	2
脱いだ	1
脱いで	1
脱いでいる	1
脱いでいます	1
脱いでいた	1
脱いでいました	1
脱いでる	3
脱いでます	1
たどり着きます	6
たどり着きません	7
たどり着きました	6
たどり着きませんでした	7
たどり着きましょう	7
たどり着かない	5
たどり着かなかった	5
たどり着いた	4
たどり着いて	4
たどり着いている	4
たどり着いています	4
たどり着いていた	4
たどり着いていました	4
たどり着いてる	6
たどり着いてます	4
辿ります	4
辿りません	5
辿りました	4
辿りませんでした	5
辿りましょう	5
辿らない	3
辿らなかった	3
辿った	2
辿って	2
辿っている	2
辿っています	2
辿っていた	2
辿っていました	2
辿ってる	4
辿ってます	2
嘆きます	4
嘆きません	5
嘆きました	4
嘆きませんでした	5
嘆きましょう	5
嘆かない	3
嘆かなかった	3
嘆いた	2
嘆いて	2
嘆いている	2
嘆いています	2
嘆いていた	2
嘆いていました	2
嘆いてる	4
嘆いてます	2
担ぎます	4
担ぎません	5
担ぎました	4
担ぎませんでした	5
担ぎましょう	5
担がない	3
担がなかった	3
担いだ	2
担いで	2
担いでいる	2
担いでいます	2
担いでいた	2
担いでいました	2
担いでる	4
担いでます	5
探ります	4
探りません	5
探りました	4
探りませんでした	5
探りましょう	5
探らない	0
探らなかった	7
探った	4
探って	0
探っている	4
探っています	4
探っていた	4
探っていました	4
探ってる	4
探ってます	5
短く	3
短くない	3
短くなかった	3
短かった	3
短くて	3
綻びます	5
綻びません	6
綻びました	5
綻びませんでした	6
綻びましょう	6
綻びない	4
綻びなかった	4
綻びた	4
綻びて	4
綻びている	4
綻びています	4
綻びていた	4
綻びていました	4
綻びてる	5
綻びてます	4
耽ります	4
耽りません	5
耽りました	4
耽りませんでした	5
耽りましょう	5
耽らない	3
耽らなかった	3
耽った	2
耽って	2
耽っている	2
耽っています	2
耽っていた	2
耽っていました	2
耽ってる	4
耽ってます	2
鍛えます	4
鍛えません	5
鍛えました	4
鍛えませんでした	5
鍛えましょう	5
鍛えない	3
鍛えなかった	3
鍛えた	3
鍛えて	3
鍛えている	3
鍛えています	3
鍛えていた	3
鍛えていました	3
鍛えてる	4
鍛えてます	3
弾きます	3
弾きません	4
弾きました	3
弾きませんでした	4
弾きましょう	4
弾かない	0
弾かなかった	6
弾いた	3
弾いて	0
弾いている	3
弾いています	3
弾いていた	3
弾いていました	3
弾いてる	3
弾いてます	4
弾みます	4
弾みません	5
弾みました	4
弾みませんでした	5
弾みましょう	5
弾まない	0
弾まなかった	7
弾んだ	0
弾んで	4
弾んでいる	4
弾んでいます	4
弾んでいた	4
弾んでいました	4
弾んでる	4
弾んでます	5
断ります	5
断りません	6
断りました	5
断りませんでした	6
断りましょう	6
断らない	4
断らなかった	4
断った	3
断って	3
断っている	3
断っています	3
断っていた	3
断っていました	3
断ってる	5
断ってます	3
男らしく	5
男らしくない	5
男らしくなかった	5
男らしかった	5
男らしくて	5
値切ります	4
値切りません	5
値切りました	4
値切りませんでした	5
値切りましょう	5
値切らない	3
値切らなかった	3
値切った	2
値切って	2
値切っている	2
値切っています	2
値切っていた	2
値切っていました	2
値切ってる	4
値切ってます	2
知らせます	4
知らせません	5
知らせました	4
知らせませんでした	5
知らせましょう	5
知らせない	0
知らせなかった	7
知らせた	4
知らせて	0
知らせている	4
知らせています	4
知らせていた	4
知らせていました	4
知らせてる	4
知らせてます	5
知り合います	5
知り合いません	6
知り合いました	5
知り合いませんでした	6
知り合いましょう	6
知り合わない	4
知り合わなかった	4
知り合った	3
知り合って	3
知り合っている	3
知り合っています	3
知り合っていた	3
知り合っていました	3
知り合ってる	5
知り合ってます	3
知ります	3
知りません	4
知りました	3
知りませんでした	4
知りましょう	4
知らない	0
知らなかった	6
知った	3
知って	0
知っている	3
知っています	3
知っていた	3
知っていました	3
知ってる	3
知ってます	4
知れます	3
知れません	4
知れました	3
知れませんでした	4
知れましょう	4
知れない	0
知れなかった	6
知れた	3
知れて	0
知れている	3
知れています	3
知れていた	3
知れていました	3
知れてる	3
知れてます	4
弛みます	4
弛みません	5
弛みました	4
弛みませんでした	5
弛みましょう	5
弛まない	3
弛まなかった	3
弛んだ	2
弛んで	2
弛んでいる	2
弛んでいます	2
弛んでいた	2
弛んでいました	2
弛んでる	4
弛んでます	2
恥じます	3
恥じません	4
恥じました	3
恥じませんでした	4
恥じましょう	4
恥じない	2
恥じなかった	2
恥じた	2
恥じて	2
恥じている	2
恥じています	2
恥じていた	2
恥じていました	2
恥じてる	3
恥じてます	2
恥ずかしく	4
恥ずかしくない	4
恥ずかしくなかった	4
恥ずかしかった	4
恥ずかしくて	4
置き換えます	5
置き換えません	6
置き換えました	5
置き換えませんでした	6
置き換えましょう	6
置き換えない	4
置き換えなかった	4
置き換えた	4
置き換えて	4
置き換えている	4
置き換えています	4
置き換えていた	4
置き換えていました	4
置き換えてる	5
置き換えてます	4
置きます	3
置きません	4
置きました	3
置きませんでした	4
置きましょう	4
置かない	0
置かなかった	6
置いた	3
置いて	0
置いている	3
置いています	3
置いていた	3
置いていました	3
置いてる	3
置いてます	4
致します	4
致しません	5
致しました	4
致しませんでした	5
致しましょう	5
致さない	3
致さなかった	3
致した	2
致して	2
致している	2
致しています	2
致していた	2
致していました	2
致してる	4
致してます	2
遅くない	2
遅くなかった	2
遅かった	2
遅くて	2
遅らします	5
遅らしません	6
遅らしました	5
遅らしませんでした	6
遅らしましょう	6
遅らさない	0
遅らさなかった	8
遅らした	5
遅らして	0
遅らしている	5
遅らしています	5
遅らしていた	5
遅らしていました	5
遅らしてる	5
遅らしてます	6
築き上げます	6
築き上げません	7
築き上げました	6
築き上げませんでした	7
築き上げましょう	7
築き上げない	5
築き上げなかった	5
築き上げた	5
築き上げて	5
築き上げている	5
築き上げています	5
築き上げていた	5
築き上げていました	5
築き上げてる	6
築き上げてます	5
築きます	4
築きません	5
築きました	4
築きませんでした	5
築きましょう	5
築かない	3
築かなかった	3
築いた	2
築いて	2
築いている	2
築いています	2
築いていた	2
築いていました	2
築いてる	4
築いてます	2
着きます	3
着きません	4
着きました	3
着きませんでした	4
着きましょう	4
着かない	2
着かなかった	2
着いた	1
着いて	1
着いている	1
着いています	1
着いていた	1
着いていました	1
着いてる	3
着いてます	1
着せます	3
着せません	4
着せました	3
着せませんでした	4
着せましょう	4
着せない	0
着せなかった	6
着せた	3
着せて	0
着せている	3
着せています	3
着せていた	3
着せていました	3
着せてる	3
着せてます	4
着ます	2
着ません	3
着ました	2
着ませんでした	3
着ましょう	3
着ない	1
着なかった	1
着た	1
着て	1
着ている	1
着ています	1
着ていた	1
着ていました	1
着てる	2
着てます	1
着飾ります	5
着飾りません	6
着飾りました	5
着飾りませんでした	6
着飾りましょう	6
着飾らない	4
着飾らなかった	4
着飾った	3
着飾って	3
着飾っている	3
着飾っています	3
着飾っていた	3
着飾っていました	3
着飾ってる	5
着飾ってます	3
着替えます	4
着替えません	5
着替えました	4
着替えませんでした	5
着替えましょう	5
着替えない	0
着替えなかった	7
着替えた	4
着替えて	0
着替えている	4
着替えています	4
着替えていた	4
着替えていました	4
着替えてる	4
着替えてます	5
著しく	5
著しくない	5
著しくなかった	5
著しかった	5
著しくて	5
著します	5
著しません	6
著しました	5
著しませんでした	6
著しましょう	6
著さない	4
著さなかった	4
著した	3
著して	3
著している	3
著しています	3
著していた	3
著していました	3
著してる	5
著してます	3
萎みます	4
萎みません	5
萎みました	4
萎みませんでした	5
萎みましょう	5
萎まない	0
萎まなかった	7
萎んだ	0
萎んで	4
萎んでいる	4
萎んでいます	4
萎んでいた	4
萎んでいました	4
萎んでる	4
萎んでます	5
喋ります	4
喋りません	5
喋りました	4
喋りませんでした	5
喋りましょう	5
喋らない	3
喋らなかった	3
喋った	2
喋って	2
喋っている	2
喋っています	2
喋っていた	2
喋っていました	2
喋ってる	4
喋ってます	2
張り出します	5
張り出しません	6
張り出しました	5
張り出しませんでした	6
張り出しましょう	6
張り出さない	4
張り出さなかった	4
張り出した	3
張り出して	3
張り出している	3
張り出しています	3
張り出していた	3
張り出していました	3
張り出してる	5
張り出してます	3
張り切ります	5
張り切りません	6
張り切りました	5
張り切りませんでした	6
張り切りましょう	6
張り切らない	4
張り切らなかった	4
張り切った	3
張り切って	3
張り切っている	3
張り切っています	3
張り切っていた	3
張り切っていました	3
張り切ってる	5
張り切ってます	3
張ります	3
張りません	4
張りました	3
張りませんでした	4
張りましょう	4
張らない	0
張らなかった	6
張った	3
張って	0
張っている	3
張っています	3
張っていた	3
張っていました	3
張ってる	3
張ってます	4
彫ります	3
彫りません	4
彫りました	3
彫りませんでした	4
彫りましょう	4
彫らない	2
彫らなかった	2
彫った	1
彫って	1
彫っている	1
彫っています	1
彫っていた	1
彫っていました	1
彫ってる	3
彫ってます	1
懲ります	3
懲りません	4
懲りました	3
懲りませんでした	4
懲りましょう	4
懲りない	2
懲りなかった	2
懲りた	2
懲りて	2
懲りている	2
懲りています	2
懲りていた	2
懲りていました	2
懲りてる	3
懲りてます	2
眺めます	4
眺めません	5
眺めました	4
眺めませんでした	5
眺めましょう	5
眺めない	3
眺めなかった	3
眺めた	3
眺めて	3
眺めている	3
眺めています	3
眺めていた	3
眺めていました	3
眺めてる	4
眺めてます	3
調べます	4
調べません	5
調べました	4
調べませんでした	5
調べましょう	5
調べない	3
調べなかった	3
調べた	3
調べて	3
調べている	3
調べています	3
調べていた	3
調べていました	3
調べてる	4
調べてます	3
跳ねます	3
跳ねません	4
跳ねました	3
跳ねませんでした	4
跳ねましょう	4
跳ねない	2
跳ねなかった	2
跳ねた	2
跳ねて	2
跳ねている	2
跳ねています	2
跳ねていた	2
跳ねていました	2
跳ねてる	3
跳ねてます	2
飛び上がります	6
飛び上がりません	7
飛び上がりました	6
飛び上がりませんでした	7
飛び上がりましょう	7
飛び上がらない	5
飛び上がらなかった	5
飛び上がった	4
飛び上がって	4
飛び上がっている	4
飛び上がっています	4
飛び上がっていた	4
飛び上がっていました	4
飛び上がってる	6
飛び上がってます	4
飛びます	3
飛びません	4
飛びました	3
飛びませんでした	4
飛びましょう	4
飛ばない	0
飛ばなかった	6
飛んだ	0
飛んでいる	3
飛んでいます	3
飛んでいた	3
飛んでいました	3
飛んでる	3
飛んでます	4
長く	2
長くない	2
長くなかった	2
長かった	2
長くて	2
捗ります	5
捗りません	6
捗りました	5
捗りませんでした	6
捗りましょう	6
捗らない	4
捗らなかった	4
捗った	3
捗って	3
捗っている	3
捗っています	3
捗っていた	3
捗っていました	3
捗ってる	5
捗ってます	3
沈みます	4
沈みません	5
沈みました	4
沈みませんでした	5
沈みましょう	5
沈まない	0
沈まなかった	7
沈んだ	0
沈んで	4
沈んでいる	4
沈んでいます	4
沈んでいた	4
沈んでいました	4
沈んでる	4
沈んでます	5
沈めます	4
沈めません	5
沈めました	4
沈めませんでした	5
沈めましょう	5
沈めない	0
沈めなかった	7
沈めた	4
沈めて	0
沈めている	4
沈めています	4
沈めていた	4
沈めていました	4
沈めてる	4
沈めてます	5
珍しく	4
珍しくない	4
珍しくなかった	4
珍しかった	4
珍しくて	4
追い越します	5
追い越しません	6
追い越しました	5
追い越しませんでした	6
追い越しましょう	6
追い越さない	4
追い越さなかった	4
追い越した	5
追い越して	0
追い越している	5
追い越しています	5
追い越していた	5
追い越していました	5
追い越してる	5
追い越してます	6
追い込みます	5
追い込みません	6
追い込みました	5
追い込みませんでした	6
追い込みましょう	6
追い込まない	4
追い込まなかった	4
追い込んだ	3
追い込んで	3
追い込んでいる	3
追い込んでいます	3
追い込んでいた	3
追い込んでいました	3
追い込んでる	5
追い込んでます	3
追い出します	5
追い出しません	6
追い出しました	5
追い出しませんでした	6
追い出しましょう	6
追い出さない	4
追い出さなかった	4
追い出した	5
追い出して	0
追い出している	5
追い出しています	5
追い出していた	5
追い出していました	5
追い出してる	5
追い出してます	6
追い抜きます	5
追い抜きません	6
追い抜きました	5
追い抜きませんでした	6
追い抜きましょう	6
追い抜かない	4
追い抜かなかった	4
追い抜いた	3
追い抜いて	3
追い抜いている	3
追い抜いています	3
追い抜いていた	3
追い抜いていました	3
追い抜いてる	5
追い抜いてます	3
追います	3
追いません	4
追いました	3
追いませんでした	4
追いましょう	4
追わない	0
追わなかった	6
追った	3
追っている	3
追っています	3
追っていた	3
追っていました	3
追ってる	3
追ってます	0
痛く	2
痛くない	2
痛くなかった	2
痛かった	2
痛くて	2
痛みます	4
痛みません	5
痛みました	4
痛みませんでした	5
痛みましょう	5
痛まない	3
痛まなかった	3
痛んだ	2
痛んで	2
痛んでいる	2
痛んでいます	2
痛んでいた	2
痛んでいました	2
痛んでる	4
痛んでます	2
痛めます	4
痛めません	5
痛めました	4
痛めませんでした	5
痛めましょう	5
痛めない	3
痛めなかった	3
痛めた	3
痛めて	3
痛めている	3
痛めています	3
痛めていた	3
痛めていました	3
痛めてる	4
痛めてます	3
通います	4
通いません	5
通いました	4
通いませんでした	5
通いましょう	5
通わない	0
通わなかった	7
通った	1
通って	1
通っている	1
通っています	1
通っていた	1
通っていました	1
通ってる	4
通ってます	1
通じます	4
通じません	5
通じました	4
通じませんでした	5
通じましょう	5
通じない	0
通じなかった	7
通じた	4
通じている	4
通じています	4
通じていた	4
通じていました	4
通じてる	4
通じてます	5
通します	4
通しません	5
通しました	4
通しませんでした	5
通しましょう	5
通さない	3
通さなかった	3
通した	3
通して	3
通している	3
通しています	3
通していた	3
通していました	3
通してる	4
通してます	3
通り過ぎます	6
通り過ぎません	7
通り過ぎました	6
通り過ぎませんでした	7
通り過ぎましょう	7
通り過ぎない	5
通り過ぎなかった	5
通り過ぎた	5
通り過ぎて	5
通り過ぎている	5
通り過ぎています	5
通り過ぎていた	5
通り過ぎていました	5
通り過ぎてる	6
通り過ぎてます	5
通ります	4
通りません	5
通りました	4
通りませんでした	5
通りましょう	5
通らない	3
通らなかった	3
掴みます	4
掴みません	5
掴みました	4
掴みませんでした	5
掴みましょう	5
掴まない	3
掴まなかった	3
掴んだ	2
掴んで	2
掴んでいる	2
掴んでいます	2
掴んでいた	2
掴んでいました	2
掴んでる	4
掴んでます	2
浸かります	4
浸かりません	5
浸かりました	4
浸かりませんでした	5
浸かりましょう	5
浸からない	0
浸からなかった	7
浸かった	4
浸かって	0
浸かっている	4
浸かっています	4
浸かっていた	4
浸かっていました	4
浸かってる	4
浸かってます	5
漬けます	3
漬けません	4
漬けました	3
漬けませんでした	4
漬けましょう	4
漬けない	0
漬けなかった	6
漬けた	3
漬けて	0
漬けている	3
漬けています	3
漬けていた	3
漬けていました	3
漬けてる	3
漬けてます	4
綴じます	3
綴じません	4
綴じました	3
綴じませんでした	4
綴じましょう	4
綴じない	2
綴じなかった	2
綴じた	2
綴じて	2
綴じている	2
綴じています	2
綴じていた	2
綴じていました	2
綴じてる	3
綴じてます	2
綴ります	4
綴りません	5
綴りました	4
綴りませんでした	5
綴りましょう	5
綴らない	0
綴らなかった	7
綴った	4
綴って	0
綴っている	4
綴っています	4
綴っていた	4
綴っていました	4
綴ってる	4
綴ってます	5
潰します	4
潰しません	5
潰しました	4
潰しませんでした	5
潰しましょう	5
潰さない	0
潰さなかった	7
潰した	4
潰して	0
潰している	4
潰しています	4
潰していた	4
潰していました	4
潰してる	4
潰してます	5
潰れます	4
潰れません	5
潰れました	4
潰れませんでした	5
潰れましょう	5
潰れない	0
潰れなかった	7
潰れた	4
潰れて	0
潰れている	4
潰れています	4
潰れていた	4
潰れていました	4
潰れてる	4
潰れてます	5
吊るします	4
吊るしません	5
吊るしました	4
吊るしませんでした	5
吊るしましょう	5
吊るさない	0
吊るさなかった	7
吊るした	4
吊るして	0
吊るしている	4
吊るしています	4
吊るしていた	4
吊るしていました	4
吊るしてる	4
吊るしてます	5
吊ります	3
吊りません	4
吊りました	3
吊りませんでした	4
吊りましょう	4
吊らない	0
吊らなかった	6
吊った	3
吊って	0
吊っている	3
吊っています	3
吊っていた	3
吊っていました	3
吊ってる	3
吊ってます	4
釣り合います	5
釣り合いません	6
釣り合いました	5
釣り合いませんでした	6
釣り合いましょう	6
釣り合わない	4
釣り合わなかった	4
釣り合った	3
釣り合って	3
釣り合っている	3
釣り合っています	3
釣り合っていた	3
釣り合っていました	3
釣り合ってる	5
釣り合ってます	3
釣ります	3
釣りません	4
釣りました	3
釣りませんでした	4
釣りましょう	4
釣らない	0
釣らなかった	6
釣った	3
釣って	0
釣っている	3
釣っています	3
釣っていた	3
釣っていました	3
釣ってる	3
釣ってます	4
低く	2
低くない	2
低くなかった	2
低かった	2
低くて	2
低めます	4
低めません	5
低めました	4
低めませんでした	5
低めましょう	5
低めない	3
低めなかった	3
低めた	3
低めて	3
低めている	3
低めています	3
低めていた	3
低めていました	3
低めてる	4
低めてます	3
定まります	5
定まりません	6
定まりました	5
定まりませんでした	6
定まりましょう	6
定まらない	4
定まらなかった	4
定まった	3
定まって	3
定まっている	3
定まっています	3
定まっていた	3
定まっていました	3
定まってる	5
定まってます	3
定めます	4
定めません	5
定めました	4
定めませんでした	5
定めましょう	5
定めなかった	7
定めた	4
定めている	4
定めています	4
定めていた	4
定めていました	4
定めてる	4
定めてます	5
閉まります	4
閉まりません	5
閉まりました	4
閉まりませんでした	5
閉まりましょう	5
閉まらない	3
閉まらなかった	3
閉まった	2
閉まって	2
閉まっている	2
閉まっています	2
閉まっていた	2
閉まっていました	2
閉まってる	4
閉まってます	2
締めます	3
締めません	4
締めました	3
締めませんでした	4
締めましょう	4
締めない	2
締めなかった	2
締めた	2
締めている	2
締めています	2
締めていた	2
締めていました	2
締めてる	3
締めてます	2
諦めます	5
諦めません	6
諦めました	5
諦めませんでした	6
諦めましょう	6
諦めない	4
諦めなかった	4
諦めた	4
諦めて	4
諦めている	4
諦めています	4
諦めていた	4
諦めていました	4
諦めてる	5
諦めてます	4
摘みます	3
摘みません	4
摘みました	3
摘みませんでした	4
摘みましょう	4
摘まない	0
摘まなかった	6
摘んだ	0
摘んで	3
摘んでいる	3
摘んでいます	3
摘んでいた	3
摘んでいました	3
摘んでる	3
摘んでます	4
溺れます	4
溺れません	5
溺れました	4
溺れませんでした	5
溺れましょう	5
溺れない	0
溺れなかった	7
溺れた	4
溺れて	0
溺れている	4
溺れています	4
溺れていた	4
溺れていました	4
溺れてる	4
溺れてます	5
添います	3
添いません	4
添いました	3
添いませんでした	4
添いましょう	4
添わない	0
添わなかった	6
添った	3
添って	0
添っている	3
添っています	3
添っていた	3
添っていました	3
添ってる	3
添ってます	4
纏めます	4
纏めません	5
纏めました	4
纏めませんでした	5
纏めましょう	5
纏めない	0
纏めなかった	7
纏めた	4
纏めて	0
纏めている	4
纏めています	4
纏めていた	4
纏めていました	4
纏めてる	4
纏めてます	5
転がします	5
転がしません	6
転がしました	5
転がしませんでした	6
転がしましょう	6
転がさない	0
転がさなかった	8
転がした	5
転がして	0
転がしている	5
転がしています	5
転がしていた	5
転がしていました	5
転がしてる	5
転がしてます	6
転がります	5
転がりません	6
転がりました	5
転がりませんでした	6
転がりましょう	6
転がらない	0
転がらなかった	8
転がった	5
転がって	0
転がっている	5
転がっています	5
転がっていた	5
転がっていました	5
転がってる	5
転がってます	6
転じます	4
転じません	5
転じました	4
転じませんでした	5
転じましょう	5
転じない	0
転じなかった	7
転じた	4
転じている	4
転じています	4
転じていた	4
転じていました	4
転じてる	4
転じてます	5
点きます	3
点きません	4
点きました	3
点きませんでした	4
点きましょう	4
点かない	2
点かなかった	2
点いた	1
点いて	1
点いている	1
点いています	1
点いていた	1
点いていました	1
点いてる	3
点いてます	1
伝います	4
伝いません	5
伝いました	4
伝いませんでした	5
伝いましょう	5
伝わない	0
伝わなかった	7
伝った	4
伝って	0
伝っている	4
伝っています	4
伝っていた	4
伝っていました	4
伝ってる	4
伝ってます	5
伝えます	4
伝えません	5
伝えました	4
伝えませんでした	5
伝えましょう	5
伝えない	0
伝えなかった	7
伝えた	4
伝えて	0
伝えている	4
伝えています	4
伝えていた	4
伝えていました	4
伝えてる	4
伝えてます	5
伝わります	5
伝わりません	6
伝わりました	5
伝わりませんでした	6
伝わりましょう	6
伝わらない	0
伝わらなかった	8
伝わった	5
伝わって	0
伝わっている	5
伝わっています	5
伝わっていた	5
伝わっていました	5
伝わってる	5
伝わってます	6
吐きます	3
吐きません	4
吐きました	3
吐きませんでした	4
吐きましょう	4
吐かない	2
吐かなかった	2
吐いた	1
吐いて	1
吐いている	1
吐いています	1
吐いていた	1
吐いていました	1
吐いてる	3
吐いてます	1
塗り替えます	5
塗り替えません	6
塗り替えました	5
塗り替えませんでした	6
塗り替えましょう	6
塗り替えない	4
塗り替えなかった	4
塗り替えた	4
塗り替えて	4
塗り替えている	4
塗り替えています	4
塗り替えていた	4
塗り替えていました	4
塗り替えてる	5
塗り替えてます	4
塗ります	3
塗りません	4
塗りました	3
塗りませんでした	4
塗りましょう	4
塗らない	0
塗らなかった	6
塗った	3
塗って	0
塗っている	3
塗っています	3
塗っていた	3
塗っていました	3
塗ってる	3
塗ってます	4
妬みます	4
妬みません	5
妬みました	4
妬みませんでした	5
妬みましょう	5
妬まない	3
妬まなかった	3
妬んだ	2
妬んで	2
妬んでいる	2
妬んでいます	2
妬んでいた	2
妬んでいました	2
妬んでる	4
妬んでます	2
渡します	4
渡しません	5
渡しました	4
渡しませんでした	5
渡しましょう	5
渡さない	0
渡さなかった	7
渡した	4
渡して	0
渡している	4
渡しています	4
渡していた	4
渡していました	4
渡してる	4
渡してます	5
渡ります	4
渡りません	5
渡りました	4
渡りませんでした	5
渡りましょう	5
渡らない	0
渡らなかった	7
渡った	4
渡って	0
渡っている	4
渡っています	4
渡っていた	4
渡っていました	4
渡ってる	4
渡ってます	5
賭けます	3
賭けません	4
賭けました	3
賭けませんでした	4
賭けましょう	4
賭けない	2
賭けなかった	2
賭けた	2
賭けて	2
賭けている	2
賭けています	2
賭けていた	2
賭けていました	2
賭けてる	3
賭けてます	2
途絶えます	4
途絶えません	5
途絶えました	4
途絶えませんでした	5
途絶えましょう	5
途絶えない	3
途絶えなかった	3
途絶えた	3
途絶えて	3
途絶えている	3
途絶えています	3
途絶えていた	3
途絶えていました	3
途絶えてる	4
途絶えてます	3
怒ります	4
怒りません	5
怒りました	4
怒りませんでした	5
怒りましょう	5
怒らない	3
怒らなかった	3
怒った	2
怒って	2
怒っている	2
怒っています	2
怒っていた	2
怒っていました	2
怒ってる	4
怒ってます	2
怒鳴ります	4
怒鳴りません	5
怒鳴りました	4
怒鳴りませんでした	5
怒鳴りましょう	5
怒鳴らない	3
怒鳴らなかった	3
怒鳴った	2
怒鳴って	2
怒鳴っている	2
怒鳴っています	2
怒鳴っていた	2
怒鳴っていました	2
怒鳴ってる	4
怒鳴ってます	2
倒します	4
倒しません	5
倒しました	4
倒しませんでした	5
倒しましょう	5
倒さない	3
倒さなかった	3
倒した	2
倒して	2
倒している	2
倒しています	2
倒していた	2
倒していました	2
倒してる	4
倒してます	2
倒れます	4
倒れません	5
倒れました	4
倒れませんでした	5
倒れましょう	5
倒れない	3
倒れなかった	3
倒れた	3
倒れて	3
倒れている	3
倒れています	3
倒れていた	3
倒れていました	3
倒れてる	4
倒れてます	3
凍えます	4
凍えません	5
凍えました	4
凍えませんでした	5
凍えましょう	5
凍えない	0
凍えなかった	7
凍えた	4
凍えて	0
凍えている	4
凍えています	4
凍えていた	4
凍えていました	4
凍えてる	4
凍えてます	5
悼みます	4
悼みません	5
悼みました	4
悼みませんでした	5
悼みましょう	5
悼まない	3
悼まなかった	3
悼んだ	2
悼んで	2
悼んでいる	2
悼んでいます	2
悼んでいた	2
悼んでいました	2
悼んでる	4
悼んでます	2
投げます	3
投げません	4
投げました	3
投げませんでした	4
投げましょう	4
投げない	2
投げなかった	2
投げた	2
投げて	2
投げている	2
投げています	2
投げていた	2
投げていました	2
投げてる	3
投げてます	2
投げ込みます	5
投げ込みません	6
投げ込みました	5
投げ込みませんでした	6
投げ込みましょう	6
投げ込まない	4
投げ込まなかった	4
投げ込んだ	3
投げ込んで	3
投げ込んでいる	3
投げ込んでいます	3
投げ込んでいた	3
投げ込んでいました	3
投げ込んでる	5
投げ込んでます	3
投げ出します	5
投げ出しません	6
投げ出しました	5
投げ出しませんでした	6
投げ出しましょう	6
投げ出さない	4
投げ出さなかった	4
投げ出した	3
投げ出して	3
投げ出している	3
投げ出しています	3
投げ出していた	3
投げ出していました	3
投げ出してる	5
投げ出してます	3
投じます	4
投じません	5
投じました	4
投じませんでした	5
投じましょう	5
投じない	0
投じなかった	7
投じた	4
投じて	0
投じている	4
投じています	4
投じていた	4
投じていました	4
投じてる	4
投じてます	5
盗みます	4
盗みません	5
盗みました	4
盗みませんでした	5
盗みましょう	5
盗まない	3
盗まなかった	3
盗んだ	2
盗んで	2
盗んでいる	2
盗んでいます	2
盗んでいた	2
盗んでいました	2
盗んでる	4
盗んでます	2
当たります	4
当たりません	5
当たりました	4
当たりませんでした	5
当たりましょう	5
当たらない	0
当たらなかった	7
当たった	4
当たって	0
当たっている	4
当たっています	4
当たっていた	4
当たっていました	4
当たってる	4
当たってます	5
当てます	3
当てません	4
当てました	3
当てませんでした	4
当てましょう	4
当てない	0
当てなかった	6
当てた	3
当てて	0
当てている	3
当てています	3
当てていた	3
当てていました	3
当ててる	3
当ててます	4
当てはまります	6
当てはまりません	7
当てはまりました	6
当てはまりませんでした	7
当てはまりましょう	7
当てはまらない	5
当てはまらなかった	5
当てはまった	4
当てはまって	4
当てはまっている	4
当てはまっています	4
当てはまっていた	4
当てはまっていました	4
当てはまってる	6
当てはまってます	4
等しくない	3
等しくなかった	3
等しかった	3
等しくて	3
答えます	4
答えません	5
答えました	4
答えませんでした	5
答えましょう	5
答えない	3
答えなかった	3
答えた	2
答えて	2
答えている	2
答えています	2
答えていた	2
答えていました	2
答えてる	4
答えてます	2
踏まえます	4
踏まえません	5
踏まえました	4
踏まえませんでした	5
踏まえましょう	5
踏まえない	3
踏まえなかった	3
踏まえた	3
踏まえて	3
踏まえている	3
踏まえています	3
踏まえていた	3
踏まえていました	3
踏まえてる	4
踏まえてます	3
踏み切ります	5
踏み切りません	6
踏み切りました	5
踏み切りませんでした	6
踏み切りましょう	6
踏み切らない	4
踏み切らなかった	4
踏み切った	3
踏み切って	3
踏み切っている	3
踏み切っています	3
踏み切っていた	3
踏み切っていました	3
踏み切ってる	5
踏み切ってます	3
踏みます	3
踏みません	4
踏みました	3
踏みませんでした	4
踏みましょう	4
踏まない	0
踏まなかった	6
踏んだ	0
踏んで	3
踏んでいる	3
踏んでいます	3
踏んでいた	3
踏んでいました	3
踏んでる	3
踏んでます	4
踏ん張ります	5
踏ん張りません	6
踏ん張りました	5
踏ん張りませんでした	6
踏ん張りましょう	6
踏ん張らない	4
踏ん張らなかった	4
踏ん張った	3
踏ん張って	3
踏ん張っている	3
踏ん張っています	3
踏ん張っていた	3
踏ん張っていました	3
踏ん張ってる	5
踏ん張ってます	3
逃がします	4
逃がしません	5
逃がしました	4
逃がしませんでした	5
逃がしましょう	5
逃がさない	3
逃がさなかった	3
逃がした	2
逃がして	2
逃がしている	2
逃がしています	2
逃がしていた	2
逃がしていました	2
逃がしてる	4
逃がしてます	2
逃げます	3
逃げません	4
逃げました	3
逃げませんでした	4
逃げましょう	4
逃げない	2
逃げなかった	2
逃げた	2
逃げて	2
逃げている	2
逃げています	2
逃げていた	2
逃げていました	2
逃げてる	3
逃げてます	2
逃げ出します	5
逃げ出しません	6
逃げ出しました	5
逃げ出しませんでした	6
逃げ出しましょう	6
逃げ出さない	4
逃げ出さなかった	4
逃げ出した	3
逃げ出して	3
逃げ出している	3
逃げ出しています	3
逃げ出していた	3
逃げ出していました	3
逃げ出してる	5
逃げ出してます	3
逃れます	4
逃れません	5
逃れました	4
逃れませんでした	5
逃れましょう	5
逃れない	3
逃れなかった	3
逃れた	3
逃れて	3
逃れている	3
逃れています	3
逃れていた	3
逃れていました	3
逃れてる	4
逃れてます	3
透き通ります	6
透き通りません	7
透き通りました	6
透き通りませんでした	7
透き通りましょう	7
透き通らない	5
透き通らなかった	5
透き通った	3
透き通って	3
透き通っている	3
透き通っています	3
透き通っていた	3
透き通っていました	3
透き通ってる	6
透き通ってます	3
働きかけます	7
働きかけません	8
働きかけました	7
働きかけませんでした	8
働きかけましょう	8
働きかけない	6
働きかけなかった	10
働きかけた	6
働きかけて	6
働きかけている	6
働きかけています	6
働きかけていた	6
働きかけていました	6
働きかけてる	7
働きかけてます	6
働きます	5
働きません	6
働きました	5
働きませんでした	6
働きましょう	6
働かない	0
働かなかった	8
働いた	5
働いて	0
働いている	5
働いています	5
働いていた	5
働いていました	5
働いてる	5
働いてます	6
動かします	5
動かしません	6
動かしました	5
動かしませんでした	6
動かしましょう	6
動かさない	4
動かさなかった	4
動かした	3
動かして	3
動かしている	3
動かしています	3
動かしていた	3
動かしていました	3
動かしてる	5
動かしてます	3
動きます	4
動きません	5
動きました	4
動きませんでした	5
動きましょう	5
動かない	3
動かなかった	3
動いた	2
動いて	2
動いている	2
動いています	2
動いていた	2
動いていました	2
動いてる	4
動いてます	2
動じます	4
動じません	5
動じました	4
動じませんでした	5
動じましょう	5
動じない	0
動じなかった	7
動じた	4
動じて	0
動じている	4
動じています	4
動じていた	4
動じていました	4
動じてる	4
動じてます	5
導きます	5
導きません	6
導きました	5
導きませんでした	6
導きましょう	6
導かない	4
導かなかった	4
導いた	3
導いて	3
導いている	3
導いています	3
導いていた	3
導いていました	3
導いてる	5
導いてます	3
憧れます	5
憧れません	6
憧れました	5
憧れませんでした	6
憧れましょう	6
憧れない	0
憧れなかった	8
憧れた	5
憧れて	0
憧れている	5
憧れています	5
憧れていた	5
憧れていました	5
憧れてる	5
憧れてます	6
禿げます	3
禿げません	4
禿げました	3
禿げませんでした	4
禿げましょう	4
禿げない	2
禿げなかった	2
禿げた	1
禿げて	1
禿げている	1
禿げています	1
禿げていた	1
禿げていました	1
禿げてる	3
禿げてます	1
読み上げます	5
読み上げません	6
読み上げました	5
読み上げませんでした	6
読み上げましょう	6
読み上げない	4
読み上げなかった	4
読み上げた	4
読み上げて	4
読み上げている	4
読み上げています	4
読み上げていた	4
読み上げていました	4
読み上げてる	5
読み上げてます	4
読みます	3
読みません	4
読みました	3
読みませんでした	4
読みましょう	4
読まない	2
読まなかった	2
読んだ	1
読んで	1
読んでいる	1
読んでいます	1
読んでいた	1
読んでいました	1
読んでる	3
読んでます	1
突き刺します	5
突き刺しません	6
突き刺しました	5
突き刺しませんでした	6
突き刺しましょう	6
突き刺さない	4
突き刺さなかった	4
突き刺した	3
突き刺して	3
突き刺している	3
突き刺しています	3
突き刺していた	3
突き刺していました	3
突き刺してる	5
突き刺してます	3
突き上げます	5
突き上げません	6
突き上げました	5
突き上げませんでした	6
突き上げましょう	6
突き上げない	4
突き上げなかった	4
突き上げた	4
突き上げて	4
突き上げている	4
突き上げています	4
突き上げていた	4
突き上げていました	4
突き上げてる	5
突き上げてます	4
突き当たります	6
突き当たりません	7
突き当たりました	6
突き当たりませんでした	7
突き当たりましょう	7
突き当たらない	5
突き当たらなかった	5
突き当たった	4
突き当たって	4
突き当たっている	4
突き当たっています	4
突き当たっていた	4
突き当たっていました	4
突き当たってる	6
突き当たってます	4
突き抜けます	5
突き抜けません	6
突き抜けました	5
突き抜けませんでした	6
突き抜けましょう	6
突き抜けない	4
突き抜けなかった	4
突き抜けた	4
突き抜けて	4
突き抜けている	4
突き抜けています	4
突き抜けていた	4
突き抜けていました	4
突き抜けてる	5
突き抜けてます	4
突きます	3
突きません	4
突きました	3
突きませんでした	4
突きましょう	4
突かない	0
突かなかった	6
突いた	3
突いて	0
突いている	3
突いています	3
突いていた	3
突いていました	3
突いてる	3
突いてます	4
突っ込みます	5
突っ込みません	6
突っ込みました	5
突っ込みませんでした	6
突っ込みましょう	6
突っ込まない	4
突っ込まなかった	4
突っ込んだ	3
突っ込んで	3
突っ込んでいる	3
突っ込んでいます	3
突っ込んでいた	3
突っ込んでいました	3
突っ込んでる	5
突っ込んでます	3
届きます	4
届きません	5
届きました	4
届きませんでした	5
届きましょう	5
届かない	3
届かなかった	3
届いた	2
届いて	2
届いている	2
届いています	2
届いていた	2
届いていました	2
届いてる	4
届いてます	2
届けます	4
届けません	5
届けました	4
届けませんでした	5
届けましょう	5
届けない	3
届けなかった	3
届けた	3
届けて	3
届けている	3
届けています	3
届けていた	3
届けていました	3
届けてる	4
届けてます	3
曇ります	4
曇りません	5
曇りました	4
曇りませんでした	5
曇りましょう	5
曇らない	3
曇らなかった	3
曇った	2
曇って	2
曇っている	2
曇っています	2
曇っていた	2
曇っていました	2
曇ってる	4
曇ってます	2
馴れ馴れしく	5
馴れ馴れしくない	5
馴れ馴れしくなかった	5
馴れ馴れしかった	5
馴れ馴れしくて	5
馴染みます	4
馴染みません	5
馴染みました	4
馴染みませんでした	5
馴染みましょう	5
馴染まない	3
馴染まなかった	3
馴染んだ	2
馴染んで	2
馴染んでいる	2
馴染んでいます	2
馴染んでいた	2
馴染んでいました	2
馴染んでる	4
馴染んでます	2
難しく	4
難しくない	4
難しくなかった	4
難しかった	4
難しくて	4
賑わいます	5
賑わいません	6
賑わいました	5
賑わいませんでした	6
賑わいましょう	6
賑わわない	4
賑わわなかった	4
賑わった	3
賑わって	3
賑わっている	3
賑わっています	3
賑わっていた	3
賑わっていました	3
賑わってる	5
賑わってます	3
入り込みます	6
入り込みません	7
入り込みました	6
入り込みませんでした	7
入り込みましょう	7
入り込まない	4
入り込まなかった	4
入り込んだ	4
入り込んで	4
入り込んでいる	4
入り込んでいます	4
入り込んでいた	4
入り込んでいました	4
入り込んでる	6
入り込んでます	4
入ります	4
入りません	5
入りました	4
入りませんでした	5
入りましょう	5
入らない	3
入らなかった	3
入った	1
入って	1
入っている	1
入っています	1
入っていた	1
入っていました	1
入ってる	4
入ってます	1
入れます	3
入れません	4
入れました	3
入れませんでした	4
入れましょう	4
入れない	0
入れなかった	6
入れた	3
入れて	0
入れている	3
入れています	3
入れていた	3
入れていました	3
入れてる	3
入れてます	4
任します	4
任しません	5
任しました	4
任しませんでした	5
任しましょう	5
任さない	3
任さなかった	3
任した	2
任して	2
任している	2
任しています	2
任していた	2
任していました	2
任してる	4
任してます	2
任せます	4
任せません	5
任せました	4
任せませんでした	5
任せましょう	5
任せない	3
任せなかった	3
任せた	3
任せて	3
任せている	3
任せています	3
任せていた	3
任せていました	3
任せてる	4
任せてます	3
忍びます	4
忍びません	5
忍びました	4
忍びませんでした	5
忍びましょう	5
忍ばない	3
忍ばなかった	3
忍んだ	2
忍んで	2
忍んでいる	2
忍んでいます	2
忍んでいた	2
忍んでいました	2
忍んでる	4
忍んでます	2
認めます	4
認めません	5
認めました	4
認めませんでした	5
認めましょう	5
認めない	0
認めなかった	7
認めた	4
認めて	0
認めている	4
認めています	4
認めていた	4
認めていました	4
認めてる	4
認めてます	5
濡らします	4
濡らしません	5
濡らしました	4
濡らしませんでした	5
濡らしましょう	5
濡らさない	0
濡らさなかった	7
濡らした	4
濡らして	0
濡らしている	4
濡らしています	4
濡らしていた	4
濡らしていました	4
濡らしてる	4
濡らしてます	5
濡れます	3
濡れません	4
濡れました	3
濡れませんでした	4
濡れましょう	4
濡れない	0
濡れなかった	6
濡れた	3
濡れて	0
濡れている	3
濡れています	3
濡れていた	3
濡れていました	3
濡れてる	3
濡れてます	4
熱く	2
熱くない	2
熱くなかった	2
熱かった	2
熱くて	2
捻ります	4
捻りません	5
捻りました	4
捻りませんでした	5
捻りましょう	5
捻らない	3
捻らなかった	3
捻った	2
捻って	2
捻っている	2
捻っています	2
捻っていた	2
捻っていました	2
捻ってる	4
捻ってます	2
燃えます	3
燃えません	4
燃えました	3
燃えませんでした	4
燃えましょう	4
燃えない	0
燃えなかった	6
燃えた	3
燃えて	0
燃えている	3
燃えています	3
燃えていた	3
燃えていました	3
燃えてる	3
燃えてます	4
粘り強く	5
粘り強くない	5
粘り強くなかった	5
粘り強かった	5
粘り強くて	5
粘ります	4
粘りません	5
粘りました	4
粘りませんでした	5
粘りましょう	5
粘らない	3
粘らなかった	3
粘った	2
粘って	2
粘っている	2
粘っています	2
粘っていた	2
粘っていました	2
粘ってる	4
粘ってます	2
悩まします	5
悩ましません	6
悩ましました	5
悩ましませんでした	6
悩ましましょう	6
悩まさない	4
悩まさなかった	4
悩ました	3
悩まして	3
悩ましている	3
悩ましています	3
悩ましていた	3
悩ましていました	3
悩ましてる	5
悩ましてます	3
悩みます	4
悩みません	5
悩みました	4
悩みませんでした	5
悩みましょう	5
悩まない	3
悩まなかった	3
悩んだ	2
悩んで	2
悩んでいる	2
悩んでいます	2
悩んでいた	2
悩んでいました	2
悩んでる	4
悩んでます	2
濃く	1
濃くない	1
濃くなかった	1
濃かった	1
濃くて	1
覗きます	4
覗きません	5
覗きました	4
覗きませんでした	5
覗きましょう	5
覗かない	0
覗かなかった	7
覗いた	4
覗いて	0
覗いている	4
覗いています	4
覗いていた	4
覗いていました	4
覗いてる	4
覗いてます	5
破ります	4
破りません	5
破りました	4
破りませんでした	5
破りましょう	5
破らない	3
破らなかった	3
破った	2
破って	2
破っている	2
破っています	2
破っていた	2
破っていました	2
破ってる	4
破ってます	2
破れます	4
破れません	5
破れました	4
破れませんでした	5
破れましょう	5
破れない	3
破れなかった	3
破れた	3
破れて	3
破れている	3
破れています	3
破れていた	3
破れていました	3
破れてる	4
破れてます	3
罵ります	5
罵りません	6
罵りました	5
罵りませんでした	6
罵りましょう	6
罵らない	4
罵らなかった	4
罵った	3
罵って	3
罵っている	3
罵っています	3
罵っていた	3
罵っていました	3
罵ってる	5
罵ってます	3
拝みます	4
拝みません	5
拝みました	4
拝みませんでした	5
拝みましょう	5
拝まない	3
拝まなかった	3
拝んだ	2
拝んで	2
拝んでいる	2
拝んでいます	2
拝んでいた	2
拝んでいました	2
拝んでる	4
拝んでます	2
敗れます	4
敗れません	5
敗れました	4
敗れませんでした	5
敗れましょう	5
敗れない	3
敗れなかった	3
敗れた	3
敗れて	3
敗れている	3
敗れています	3
敗れていた	3
敗れていました	3
敗れてる	4
敗れてます	3
背きます	4
背きません	5
背きました	4
背きませんでした	5
背きましょう	5
背かない	3
背かなかった	3
背いた	2
背いて	2
背いている	2
背いています	2
背いていた	2
背いていました	2
背いてる	4
背いてます	2
背負います	4
背負いません	5
背負いました	4
背負いませんでした	5
背負いましょう	5
背負わない	0
背負わなかった	6
背負った	2
背負って	2
背負っている	2
背負っています	2
背負っていた	2
背負っていました	2
背負ってる	4
背負ってます	2
配ります	4
配りません	5
配りました	4
配りませんでした	5
配りましょう	5
配らない	3
配らなかった	3
配った	2
配って	2
配っている	2
配っています	2
配っていた	2
配っていました	2
配ってる	4
配ってます	2
買います	3
買いません	4
買いました	3
買いませんでした	4
買いましょう	4
買わない	0
買わなかった	6
買った	3
買って	0
買っている	3
買っています	3
買っていた	3
買っていました	3
買ってる	3
買ってます	4
売り込みます	5
売り込みません	6
売り込みました	5
売り込みませんでした	6
売り込みましょう	6
売り込まない	4
売り込まなかった	4
売り込んだ	3
売り込んで	3
売り込んでいる	3
売り込んでいます	3
売り込んでいた	3
売り込んでいました	3
売り込んでる	5
売り込んでます	3
売り出します	5
売り出しません	6
売り出しました	5
売り出しませんでした	6
売り出しましょう	6
売り出さない	4
売り出さなかった	4
売り出した	3
売り出して	3
売り出している	3
売り出しています	3
売り出していた	3
売り出していました	3
売り出してる	5
売り出してます	3
売り切れます	5
売り切れません	6
売り切れました	5
売り切れませんでした	6
売り切れましょう	6
売り切れない	4
売り切れなかった	4
売り切れた	4
売り切れて	4
売り切れている	4
売り切れています	4
売り切れていた	4
売り切れていました	4
売り切れてる	5
売り切れてます	4
売ります	3
売りません	4
売りました	3
売りませんでした	4
売りましょう	4
売らない	0
売らなかった	6
売った	3
売って	0
売っている	3
売っています	3
売っていた	3
売っていました	3
売ってる	3
売ってます	4
売れます	3
売れません	4
売れました	3
売れませんでした	4
売れましょう	4
売れない	0
売れなかった	6
売れた	3
売れて	0
売れている	3
売れています	3
売れていた	3
売れていました	3
売れてる	3
売れてます	4
這います	3
這いません	4
這いました	3
這いませんでした	4
這いましょう	4
這わない	2
這わなかった	2
這った	1
這って	1
這っている	1
這っています	1
這っていた	1
這っていました	1
這ってる	3
這ってます	1
剥がれます	4
剥がれません	5
剥がれました	4
剥がれませんでした	5
剥がれましょう	5
剥がれない	3
剥がれなかった	3
剥がれた	3
剥がれて	3
剥がれている	3
剥がれています	3
剥がれていた	3
剥がれていました	3
剥がれてる	4
剥がれてます	3
剥きます	3
剥きません	4
剥きました	3
剥きませんでした	4
剥きましょう	4
剥かない	0
剥かなかった	6
剥いた	3
剥いて	0
剥いている	3
剥いています	3
剥いていた	3
剥いていました	3
剥いてる	3
剥いてます	4
剥けます	3
剥けません	4
剥けました	3
剥けませんでした	4
剥けましょう	4
剥けない	0
剥けなかった	6
剥けた	3
剥けて	0
剥けている	3
剥けています	3
剥けていた	3
剥けていました	3
剥けてる	3
剥けてます	4
剥げます	3
剥げません	4
剥げました	3
剥げませんでした	4
剥げましょう	4
剥げない	2
剥げなかった	2
剥げた	2
剥げて	2
剥げている	2
剥げています	2
剥げていた	2
剥げていました	2
剥げてる	3
剥げてます	2
泊まります	4
泊まりません	5
泊まりました	4
泊まりませんでした	5
泊まりましょう	5
泊まらない	0
泊まらなかった	7
泊まった	4
泊まって	0
泊まっている	4
泊まっています	4
泊まっていた	4
泊まっていました	4
泊まってる	4
泊まってます	5
泊めます	3
泊めません	4
泊めました	3
泊めませんでした	4
泊めましょう	4
泊めない	0
泊めなかった	6
泊めた	3
泊めて	0
泊めている	3
泊めています	3
泊めていた	3
泊めていました	3
泊めてる	3
泊めてます	4
白く	2
白くない	2
白くなかった	2
白かった	2
白くて	2
薄く	0
薄くない	4
薄くなかった	7
薄かった	2
薄くて	0
薄めます	4
薄めません	5
薄めました	4
薄めませんでした	5
薄めましょう	5
薄めない	0
薄めなかった	7
薄めた	4
薄めて	0
薄めている	4
薄めています	4
薄めていた	4
薄めていました	4
薄めてる	4
薄めてます	5
薄れます	4
薄れません	5
薄れました	4
薄れませんでした	5
薄れましょう	5
薄れない	3
薄れなかった	3
薄れた	3
薄れて	3
薄れている	3
薄れています	3
薄れていた	3
薄れていました	3
薄れてる	4
薄れてます	3
薄暗く	4
薄暗くない	4
薄暗くなかった	4
薄暗かった	4
薄暗くて	4
迫ります	4
迫りません	5
迫りました	4
迫りませんでした	5
迫りましょう	5
迫らない	3
迫らなかった	3
迫った	2
迫って	2
迫っている	2
迫っています	2
迫っていた	2
迫っていました	2
迫ってる	4
迫ってます	2
縛ります	4
縛りません	5
縛りました	4
縛りませんでした	5
縛りましょう	5
縛らない	3
縛らなかった	3
縛った	2
縛って	2
縛っている	2
縛っています	2
縛っていた	2
縛っていました	2
縛ってる	4
縛ってます	2
討ちます	3
討ちません	4
討ちました	3
討ちませんでした	4
討ちましょう	4
討たない	2
討たなかった	2
討った	1
討って	1
討っている	1
討っています	1
討っていた	1
討っていました	1
討ってる	3
討ってます	1
抜かします	4
抜かしません	5
抜かしました	4
抜かしませんでした	5
抜かしましょう	5
抜かさない	0
抜かさなかった	7
抜かした	4
抜かして	0
抜かしている	4
抜かしています	4
抜かしていた	4
抜かしていました	4
抜かしてる	4
抜かしてます	5
抜きます	3
抜きません	4
抜きました	3
抜きませんでした	4
抜きましょう	4
抜かない	0
抜かなかった	6
抜いた	3
抜いて	0
抜いている	3
抜いています	3
抜いていた	3
抜いていました	3
抜いてる	3
抜いてます	4
抜けます	3
抜けません	4
抜けました	3
抜けませんでした	4
抜けましょう	4
抜けない	0
抜けなかった	6
抜けた	3
抜けて	0
抜けている	3
抜けています	3
抜けていた	3
抜けていました	3
抜けてる	3
抜けてます	4
抜け出します	5
抜け出しません	6
抜け出しました	5
抜け出しませんでした	6
抜け出しましょう	6
抜け出さない	4
抜け出さなかった	4
抜け出した	3
抜け出して	3
抜け出している	3
抜け出しています	3
抜け出していた	3
抜け出していました	3
抜け出してる	5
抜け出してます	3
伴います	5
伴いません	6
伴いました	5
伴いませんでした	6
伴いましょう	6
伴わない	4
伴わなかった	4
伴った	3
伴って	3
伴っている	3
伴っています	3
伴っていた	3
伴っていました	3
伴ってる	5
伴ってます	3
反ります	3
反りません	4
反りました	3
反りませんでした	4
反りましょう	4
反らない	2
反らなかった	2
反った	1
反って	1
反っている	1
反っています	1
反っていた	1
反っていました	1
反ってる	3
反ってます	1
犯します	4
犯しません	5
犯しました	4
犯しませんでした	5
犯しましょう	5
犯さない	0
犯さなかった	7
犯した	4
犯して	0
犯している	4
犯しています	4
犯していた	4
犯していました	4
犯してる	4
犯してます	5
煩く	3
煩くない	3
煩くなかった	3
煩かった	3
煩くて	3
煩わしく	5
煩わしくない	5
煩わしくなかった	5
煩わしかった	5
煩わしくて	5
卑しく	3
卑しくない	3
卑しくなかった	3
卑しかった	3
卑しくて	3
庇います	4
庇いません	5
庇いました	4
庇いませんでした	5
庇いましょう	5
庇わない	3
庇わなかった	3
庇った	2
庇って	2
庇っている	2
庇っています	2
庇っていた	2
庇っていました	2
庇ってる	4
庇ってます	2
悲しく	3
悲しくない	3
悲しくなかった	3
悲しかった	3
悲しくて	3
悲しみます	5
悲しみません	6
悲しみました	5
悲しみませんでした	6
悲しみましょう	6
悲しまない	4
悲しまなかった	4
悲しんだ	3
悲しんで	3
悲しんでいる	3
悲しんでいます	3
悲しんでいた	3
悲しんでいました	3
悲しんでる	5
悲しんでます	3
比べます	4
比べません	5
比べました	4
比べませんでした	5
比べましょう	5
比べない	0
比べなかった	7
比べた	4
比べて	0
比べている	4
比べています	4
比べていた	4
比べていました	4
比べてる	4
比べてます	5
疲れます	4
疲れません	5
疲れました	4
疲れませんでした	5
疲れましょう	5
疲れない	3
疲れなかった	3
疲れた	3
疲れて	3
疲れている	3
疲れています	3
疲れていた	3
疲れていました	3
疲れてる	4
疲れてます	3
秘めます	3
秘めません	4
秘めました	3
秘めませんでした	4
秘めましょう	4
秘めない	2
秘めなかった	2
秘めた	2
秘めて	2
秘めている	2
秘めています	2
秘めていた	2
秘めていました	2
秘めてる	3
秘めてます	2
肥えます	3
肥えません	4
肥えました	3
肥えませんでした	4
肥えましょう	4
肥えない	2
肥えなかった	2
肥えた	2
肥えて	2
肥えている	2
肥えています	2
肥えていた	2
肥えていました	2
肥えてる	3
肥えてます	2
被せます	4
被せません	5
被せました	4
被せませんでした	5
被せましょう	5
被せない	3
被せなかった	3
被せた	3
被せて	3
被せている	3
被せています	3
被せていた	3
被せていました	3
被せてる	4
被せてます	3
被ります	4
被りません	5
被りました	4
被りませんでした	5
被りましょう	5
被らない	3
被らなかった	3
被った	3
被って	3
被っている	3
被っています	3
被っていた	3
被っていました	3
被ってる	5
被ってます	3
費やします	5
費やしません	6
費やしました	5
費やしませんでした	6
費やしましょう	6
費やさない	4
費やさなかった	4
費やした	3
費やして	3
費やしている	3
費やしています	3
費やしていた	3
費やしていました	3
費やしてる	5
費やしてます	3
飛ばします	4
飛ばしません	5
飛ばしました	4
飛ばしませんでした	5
飛ばしましょう	5
飛ばさない	0
飛ばさなかった	7
飛ばした	4
飛ばして	0
飛ばしている	4
飛ばしています	4
飛ばしていた	4
飛ばしていました	4
飛ばしてる	4
飛ばしてます	5
飛び交います	5
飛び交いません	6
飛び交いました	5
飛び交いませんでした	6
飛び交いましょう	6
飛び交わない	4
飛び交わなかった	4
飛び交った	3
飛び交って	3
飛び交っている	3
飛び交っています	3
飛び交っていた	3
飛び交っていました	3
飛び交ってる	5
飛び交ってます	3
飛び出します	5
飛び出しません	6
飛び出しました	5
飛び出しませんでした	6
飛び出しましょう	6
飛び出さない	4
飛び出さなかった	4
飛び出した	3
飛び出して	3
飛び出している	3
飛び出しています	3
飛び出していた	3
飛び出していました	3
飛び出してる	5
飛び出してます	3
備え付けます	6
備え付けません	7
備え付けました	6
備え付けませんでした	7
備え付けましょう	7
備え付けない	5
備え付けなかった	5
備え付けた	5
備え付けて	5
備え付けている	5
備え付けています	5
備え付けていた	5
備え付けていました	5
備え付けてる	6
備え付けてます	5
微笑みます	5
微笑みません	6
微笑みました	5
微笑みませんでした	6
微笑みましょう	6
微笑まない	4
微笑まなかった	4
微笑んだ	3
微笑んで	3
微笑んでいる	3
微笑んでいます	3
微笑んでいた	3
微笑んでいました	3
微笑んでる	5
微笑んでます	3
美しく	4
美しくない	4
美しくなかった	4
美しかった	4
美しくて	4
美味しく	3
美味しくない	3
美味しくなかった	3
美味しかった	3
美味しくて	3
漂います	5
漂いません	6
漂いました	5
漂いませんでした	6
漂いましょう	6
漂わない	4
漂わなかった	4
漂った	3
漂って	3
漂っている	3
漂っています	3
漂っていた	3
漂っていました	3
漂ってる	5
漂ってます	3
表立ちます	6
表立ちません	7
表立ちました	6
表立ちませんでした	7
表立ちましょう	7
表立たない	5
表立たなかった	5
表立った	4
表立って	4
表立っている	4
表立っています	4
表立っていた	4
表立っていました	4
表立ってる	6
表立ってます	4
病みます	3
病みません	4
病みました	3
病みませんでした	4
病みましょう	4
病まない	2
病まなかった	2
病んだ	1
病んで	1
病んでいる	1
病んでいます	1
病んでいた	1
病んでいました	1
病んでる	3
病んでます	1
貧しく	3
貧しくない	3
貧しくなかった	3
貧しかった	3
貧しくて	3
不味く	2
不味くない	2
不味くなかった	2
不味かった	2
不味くて	2
付きます	3
付きません	4
付きました	3
付きませんでした	4
付きましょう	4
付かない	2
付かなかった	2
付いた	1
付いて	1
付いている	1
付いています	1
付いていた	1
付いていました	1
付いてる	3
付いてます	1
付けます	3
付けません	4
付けました	3
付けませんでした	4
付けましょう	4
付けない	2
付けなかった	2
付けた	2
付けて	2
付けている	2
付けています	2
付けていた	2
付けていました	2
付けてる	3
付けてます	2
付け加えます	6
付け加えません	7
付け加えました	6
付け加えませんでした	7
付け加えましょう	7
付け加えない	0
付け加えなかった	9
付け加えた	6
付け加えて	0
付け加えている	6
付け加えています	6
付け加えていた	6
付け加えていました	6
付け加えてる	6
付け加えてます	7
つけ込みます	5
つけ込みません	6
つけ込みました	5
つけ込みませんでした	6
つけ込みましょう	6
つけ込まない	0
つけ込まなかった	8
つけ込んだ	0
つけ込んで	5
つけ込んでいる	5
つけ込んでいます	5
つけ込んでいた	5
つけ込んでいました	5
つけ込んでる	5
つけ込んでます	6
付け足します	5
付け足しません	6
付け足しました	5
付け足しませんでした	6
付け足しましょう	6
付け足さない	0
付け足さなかった	8
付け足した	5
付け足して	0
付け足している	5
付け足しています	5
付け足していた	5
付け足していました	5
付け足してる	5
付け足してます	6
富みます	3
富みません	4
富みました	3
富みませんでした	4
富みましょう	4
富まない	2
富まなかった	2
富んだ	1
富んで	1
富んでいる	1
富んでいます	1
富んでいた	1
富んでいました	1
富んでる	3
富んでます	1
怖がります	5
怖がりません	6
怖がりました	5
怖がりませんでした	6
怖がりましょう	6
怖がらない	4
怖がらなかった	4
怖がった	3
怖がって	3
怖がっている	3
怖がっています	3
怖がっていた	3
怖がっていました	3
怖がってる	5
怖がってます	3
敷きます	3
敷きません	4
敷きました	3
敷きませんでした	4
敷きましょう	4
敷かない	0
敷かなかった	6
敷いた	3
敷いて	0
敷いている	3
敷いています	3
敷いていた	3
敷いていました	3
敷いてる	3
敷いてます	4
浮かび上がります	7
浮かび上がりません	8
浮かび上がりました	7
浮かび上がりませんでした	8
浮かび上がりましょう	8
浮かび上がらない	6
浮かび上がらなかった	6
浮かび上がった	5
浮かび上がって	5
浮かび上がっている	5
浮かび上がっています	5
浮かび上がっていた	5
浮かび上がっていました	5
浮かび上がってる	7
浮かび上がってます	5
浮かべます	4
浮かべません	5
浮かべました	4
浮かべませんでした	5
浮かべましょう	5
浮かべない	0
浮かべなかった	7
浮かべた	4
浮かべて	0
浮かべている	4
浮かべています	4
浮かべていた	4
浮かべていました	4
浮かべてる	4
浮かべてます	5
浮かれます	4
浮かれません	5
浮かれました	4
浮かれませんでした	5
浮かれましょう	5
浮かれない	0
浮かれなかった	7
浮かれた	4
浮かれて	0
浮かれている	4
浮かれています	4
浮かれていた	4
浮かれていました	4
浮かれてる	4
浮かれてます	5
浮きます	3
浮きません	4
浮きました	3
浮きませんでした	4
浮きましょう	4
浮かない	0
浮かなかった	6
浮いた	3
浮いて	0
浮いている	3
浮いています	3
浮いていた	3
浮いていました	3
浮いてる	3
浮いてます	4
浮かびます	4
浮かびません	5
浮かびました	4
浮かびませんでした	5
浮かびましょう	5
浮かばない	0
浮かばなかった	7
浮かんだ	0
浮かんで	4
浮かんでいる	4
浮かんでいます	4
浮かんでいた	4
浮かんでいました	4
浮かんでる	4
浮かんでます	5
腐ります	4
腐りません	5
腐りました	4
腐りませんでした	5
腐りましょう	5
腐らない	3
腐らなかった	3
腐った	2
腐って	2
腐っている	2
腐っています	2
腐っていた	2
腐っていました	2
腐ってる	4
腐ってます	2
負います	3
負いません	4
負いました	3
負いませんでした	4
負いましょう	4
負わない	2
負わなかった	2
負った	1
負って	1
負っている	1
負っています	1
負っていた	1
負っていました	1
負ってる	3
負ってます	1
負かします	4
負かしません	5
負かしました	4
負かしませんでした	5
負かしましょう	5
負かさない	0
負かさなかった	7
負かした	4
負かして	0
負かしている	4
負かしています	4
負かしていた	4
負かしていました	4
負かしてる	4
負かしてます	5
負けます	3
負けません	4
負けました	3
負けませんでした	4
負けましょう	4
負けない	0
負けなかった	6
負けた	3
負けて	0
負けている	3
負けています	3
負けていた	3
負けていました	3
負けてる	3
負けてます	4
赴きます	5
赴きません	6
赴きました	5
赴きませんでした	6
赴きましょう	6
赴かない	4
赴かなかった	4
赴いた	3
赴いて	3
赴いている	3
赴いています	3
赴いていた	3
赴いていました	3
赴いてる	5
赴いてます	3
撫でます	3
撫でません	4
撫でました	3
撫でませんでした	4
撫でましょう	4
撫でない	2
撫でなかった	2
撫でた	2
撫でて	2
撫でている	2
撫でています	2
撫でていた	2
撫でていました	2
撫でてる	3
撫でてます	2
舞います	3
舞いません	4
舞いました	3
舞いませんでした	4
舞いましょう	4
舞わない	2
舞わなかった	2
舞った	1
舞って	1
舞っている	1
舞っています	1
舞っていた	1
舞っていました	1
舞ってる	3
舞ってます	1
伏せます	3
伏せません	4
伏せました	3
伏せませんでした	4
伏せましょう	4
伏せない	2
伏せなかった	2
伏せた	2
伏せて	2
伏せている	2
伏せています	2
伏せていた	2
伏せていました	2
伏せてる	3
伏せてます	2
幅広く	4
幅広くない	4
幅広くなかった	4
幅広かった	4
幅広くて	4
覆します	6
覆しません	7
覆しました	6
覆しませんでした	7
覆しましょう	7
覆さない	5
覆さなかった	5
覆した	3
覆して	3
覆している	3
覆しています	3
覆していた	3
覆していました	3
覆してる	6
覆してます	3
払い込みます	6
払い込みません	7
払い込みました	6
払い込みませんでした	7
払い込みましょう	7
払い込まない	5
払い込まなかった	5
払い込んだ	4
払い込んで	4
払い込んでいる	4
払い込んでいます	4
払い込んでいた	4
払い込んでいました	4
払い込んでる	6
払い込んでます	4
払い戻します	7
払い戻しません	8
払い戻しました	7
払い戻しませんでした	8
払い戻しましょう	8
払い戻さない	6
払い戻さなかった	6
払い戻した	5
払い戻して	5
払い戻している	5
払い戻しています	5
払い戻していた	5
払い戻していました	5
払い戻してる	7
払い戻してます	5
払います	4
払いません	5
払いました	4
払いませんでした	5
払いましょう	5
払わない	3
払わなかった	3
払った	2
払って	2
払っている	2
払っています	2
払っていた	2
払っていました	2
払ってる	4
払ってます	2
沸かします	4
沸かしません	5
沸かしました	4
沸かしませんでした	5
沸かしましょう	5
沸かさない	0
沸かさなかった	7
沸かした	4
沸かして	0
沸かしている	4
沸かしています	4
沸かしていた	4
沸かしていました	4
沸かしてる	4
沸かしてます	5
物語ります	6
物語りません	7
物語りました	6
物語りませんでした	7
物語りましょう	7
物語らない	5
物語らなかった	5
物語った	4
物語って	4
物語っている	4
物語っています	4
物語っていた	4
物語っていました	4
物語ってる	6
物語ってます	4
物凄く	4
物凄くない	4
物凄くなかった	4
物凄かった	4
物凄くて	4
物足りなく	0
物足りなくない	7
物足りなくなかった	10
物足りなかった	5
物足りなくて	0
分かちます	4
分かちません	5
分かちました	4
分かちませんでした	5
分かちましょう	5
分かたない	3
分かたなかった	3
分かった	2
分かって	2
分かっている	2
分かっています	2
分かっていた	2
分かっていました	2
分かってる	4
分かってます	2
分けます	3
分けません	4
分けました	3
分けませんでした	4
分けましょう	4
分けない	2
分けなかった	2
分けた	2
分けている	2
分けています	2
分けていた	2
分けていました	2
分けてる	3
分けてます	2
奮います	4
奮いません	5
奮いました	4
奮いませんでした	5
奮いましょう	5
奮わない	0
奮わなかった	7
奮った	4
奮っている	4
奮っています	4
奮っていた	4
奮っていました	4
奮ってる	4
奮ってます	5
紛らします	5
紛らしません	6
紛らしました	5
紛らしませんでした	6
紛らしましょう	6
紛らさない	4
紛らさなかった	4
紛らした	3
紛らして	3
紛らしている	3
紛らしています	3
紛らしていた	3
紛らしていました	3
紛らしてる	5
紛らしてます	3
紛らわしく	5
紛らわしくない	5
紛らわしくなかった	5
紛らわしかった	5
紛らわしくて	5
紛れます	4
紛れません	5
紛れました	4
紛れませんでした	5
紛れましょう	5
紛れない	3
紛れなかった	3
紛れた	3
紛れて	3
紛れている	3
紛れています	3
紛れていた	3
紛れていました	3
紛れてる	4
紛れてます	3
聞かします	4
聞かしません	5
聞かしました	4
聞かしませんでした	5
聞かしましょう	5
聞かさない	0
聞かさなかった	7
聞かした	4
聞かして	0
聞かしている	4
聞かしています	4
聞かしていた	4
聞かしていました	4
聞かしてる	4
聞かしてます	5
平たく	0
平たくない	5
平たくなかった	8
平たかった	3
平たくて	0
並びます	4
並びません	5
並びました	4
並びませんでした	5
並びましょう	5
並ばない	0
並ばなかった	7
並んだ	0
並んで	4
並んでいる	4
並んでいます	4
並んでいた	4
並んでいました	4
並んでる	4
並んでます	5
並べます	4
並べません	5
並べました	4
並べませんでした	5
並べましょう	5
並べない	0
並べなかった	7
並べた	4
並べている	4
並べています	4
並べていた	4
並べていました	4
並べてる	4
並べてます	5
閉ざします	4
閉ざしません	5
閉ざしました	4
閉ざしませんでした	5
閉ざしましょう	5
閉ざさない	3
閉ざさなかった	3
閉ざした	2
閉ざして	2
閉ざしている	2
閉ざしています	2
閉ざしていた	2
閉ざしていました	2
閉ざしてる	4
閉ざしてます	2
閉じます	3
閉じません	4
閉じました	3
閉じませんでした	4
閉じましょう	4
閉じない	2
閉じなかった	2
閉じた	2
閉じて	2
閉じている	2
閉じています	2
閉じていた	2
閉じていました	2
閉じてる	3
閉じてます	2
閉じ込めます	5
閉じ込めません	6
閉じ込めました	5
閉じ込めませんでした	6
閉じ込めましょう	6
閉じ込めない	4
閉じ込めなかった	4
閉じ込めた	4
閉じ込めて	4
閉じ込めている	4
閉じ込めています	4
閉じ込めていた	4
閉じ込めていました	4
閉じ込めてる	5
閉じ込めてます	4
閉じこもります	6
閉じこもりません	7
閉じこもりました	6
閉じこもりませんでした	7
閉じこもりましょう	7
閉じこもらない	5
閉じこもらなかった	5
閉じこもった	4
閉じこもって	4
閉じこもっている	4
閉じこもっています	4
閉じこもっていた	4
閉じこもっていました	4
閉じこもってる	6
閉じこもってます	4
閉めます	3
閉めません	4
閉めました	3
閉めませんでした	4
閉めましょう	4
閉めない	2
閉めなかった	2
閉めた	2
閉めて	2
閉めている	2
閉めています	2
閉めていた	2
閉めていました	2
閉めてる	3
閉めてます	2
僻みます	4
僻みません	5
僻みました	4
僻みませんでした	5
僻みましょう	5
僻まない	3
僻まなかった	3
僻んだ	2
僻んで	2
僻んでいる	2
僻んでいます	2
僻んでいた	2
僻んでいました	2
僻んでる	4
僻んでます	2
蔑みます	5
蔑みません	6
蔑みました	5
蔑みませんでした	6
蔑みましょう	6
蔑まない	4
蔑まなかった	4
蔑んだ	3
蔑んで	3
蔑んでいる	3
蔑んでいます	3
蔑んでいた	3
蔑んでいました	3
蔑んでる	5
蔑んでます	3
変えます	3
変えません	4
変えました	3
変えませんでした	4
変えましょう	4
変えない	0
変えなかった	6
変えた	3
変えて	0
変えている	3
変えています	3
変えていた	3
変えていました	3
変えてる	3
変えてます	4
変わらない	0
変わらなく	0
変わらなくない	3
変わらなくなかった	9
変わらなかった	7
変わらなくて	0
変わります	4
変わりません	5
変わりました	4
変わりませんでした	5
変わりましょう	5
変わった	4
変わって	0
変わっている	4
変わっています	4
変わっていた	4
変わっていました	4
変わってる	4
変わってます	5
片付きます	5
片付きません	6
片付きました	5
片付きませんでした	6
片付きましょう	6
片付かない	4
片付かなかった	4
片付いた	3
片付いて	3
片付いている	3
片付いています	3
片付いていた	3
片付いていました	3
片付いてる	5
片付いてます	3
片付けます	5
片付けません	6
片付けました	5
片付けませんでした	6
片付けましょう	6
片付けない	4
片付けなかった	4
片付けた	4
片付けて	4
片付けている	4
片付けています	4
片付けていた	4
片付けていました	4
片付けてる	5
片付けてます	4
編みます	3
編みません	4
編みました	3
編みませんでした	4
編みましょう	4
編まない	2
編まなかった	2
編んだ	1
編んで	1
編んでいる	1
編んでいます	1
編んでいた	1
編んでいました	1
編んでる	3
編んでます	1
返します	4
返しません	5
返しました	4
返しませんでした	5
返しましょう	5
返さない	3
返さなかった	3
返した	3
返して	3
返している	3
返しています	3
返していた	3
返していました	3
返してる	4
返してます	3
返ります	4
返りません	5
返りました	4
返りませんでした	5
返りましょう	5
返らない	3
返らなかった	3
返った	2
返って	2
返っている	2
返っています	2
返っていた	2
返っていました	2
返ってる	4
返ってます	2
弁えます	5
弁えません	6
弁えました	5
弁えませんでした	6
弁えましょう	6
弁えない	4
弁えなかった	4
弁えた	4
弁えて	4
弁えている	4
弁えています	4
弁えていた	4
弁えていました	4
弁えてる	5
弁えてます	4
保ちます	4
保ちません	5
保ちました	4
保ちませんでした	5
保ちましょう	5
保たない	3
保たなかった	3
保った	2
保って	2
保っている	2
保っています	2
保っていた	2
保っていました	2
保ってる	4
保ってます	2
捕まります	5
捕まりません	6
捕まりました	5
捕まりませんでした	6
捕まりましょう	6
捕まらない	4
捕まらなかった	4
捕まった	3
捕まって	3
捕まっている	3
捕まっています	3
捕まっていた	3
捕まっていました	3
捕まってる	5
捕まってます	3
捕ります	3
捕りません	4
捕りました	3
捕りませんでした	4
捕りましょう	4
捕らない	2
捕らなかった	2
捕った	1
捕って	1
捕っている	1
捕っています	1
捕っていた	1
捕っていました	1
捕ってる	3
捕ってます	1
歩き回ります	7
歩き回りません	8
歩き回りました	7
歩き回りませんでした	8
歩き回りましょう	8
歩き回らない	6
歩き回らなかった	6
歩き回った	5
歩き回って	5
歩き回っている	5
歩き回っています	5
歩き回っていた	5
歩き回っていました	5
歩き回ってる	7
歩き回ってます	5
歩きます	4
歩きません	5
歩きました	4
歩きませんでした	5
歩きましょう	5
歩かない	3
歩かなかった	3
歩いた	2
歩いて	2
歩いている	2
歩いています	2
歩いていた	2
歩いていました	2
歩いてる	4
歩いてます	2
歩み寄ります	6
歩み寄りません	7
歩み寄りました	6
歩み寄りませんでした	7
歩み寄りましょう	7
歩み寄らない	5
歩み寄らなかった	5
歩み寄った	4
歩み寄って	4
歩み寄っている	4
歩み寄っています	4
歩み寄っていた	4
歩み寄っていました	4
歩み寄ってる	6
歩み寄ってます	4
歩みます	4
歩みません	5
歩みました	4
歩みませんでした	5
歩みましょう	5
歩まない	3
歩まなかった	3
歩んだ	2
歩んで	2
歩んでいる	2
歩んでいます	2
歩んでいた	2
歩んでいました	2
歩んでる	4
歩んでます	2
補います	5
補いません	6
補いました	5
補いませんでした	6
補いましょう	6
補わない	4
補わなかった	4
補った	3
補って	3
補っている	3
補っています	3
補っていた	3
補っていました	3
補ってる	5
補ってます	3
募ります	4
募りません	5
募りました	4
募りませんでした	5
募りましょう	5
募らない	3
募らなかった	3
募った	2
募って	2
募っている	2
募っています	2
募っていた	2
募っていました	2
募ってる	4
募ってます	2
慕います	4
慕いません	5
慕いました	4
慕いませんでした	5
慕いましょう	5
慕わない	0
慕わなかった	7
慕った	4
慕って	0
慕っている	4
慕っています	4
慕っていた	4
慕っていました	4
慕ってる	4
慕ってます	5
暮らします	4
暮らしません	5
暮らしました	4
暮らしませんでした	5
暮らしましょう	5
暮らさない	0
暮らさなかった	7
暮らした	4
暮らして	0
暮らしている	4
暮らしています	4
暮らしていた	4
暮らしていました	4
暮らしてる	4
暮らしてます	5
暮れます	3
暮れません	4
暮れました	3
暮れませんでした	4
暮れましょう	4
暮れない	2
暮れなかった	2
暮れた	3
暮れて	0
暮れている	3
暮れています	3
暮れていた	3
暮れていました	3
暮れてる	3
暮れてます	4
包み込みます	6
包み込みません	7
包み込みました	6
包み込みませんでした	7
包み込みましょう	7
包み込まない	5
包み込まなかった	5
包み込んだ	4
包み込んで	4
包み込んでいる	4
包み込んでいます	4
包み込んでいた	4
包み込んでいました	4
包み込んでる	6
包み込んでます	4
呆れます	4
呆れません	5
呆れました	4
呆れませんでした	5
呆れましょう	5
呆れない	0
呆れなかった	7
呆れた	4
呆れて	0
呆れている	4
呆れています	4
呆れていた	4
呆れていました	4
呆れてる	4
呆れてます	5
報います	4
報いません	5
報いました	4
報いませんでした	5
報いましょう	5
報いない	3
報いなかった	3
報いた	2
報いて	2
報いている	2
報いています	2
報いていた	2
報いていました	2
報いてる	4
報いてます	2
報じます	4
報じません	5
報じました	4
報じませんでした	5
報じましょう	5
報じない	0
報じなかった	7
報じた	4
報じて	0
報じている	4
報じています	4
報じていた	4
報じていました	4
報じてる	4
報じてます	5
崩します	4
崩しません	5
崩しました	4
崩しませんでした	5
崩しましょう	5
崩さない	3
崩さなかった	3
崩した	2
崩して	2
崩している	2
崩しています	2
崩していた	2
崩していました	2
崩してる	4
崩してます	2
崩れます	4
崩れません	5
崩れました	4
崩れませんでした	5
崩れましょう	5
崩れない	3
崩れなかった	3
崩れた	3
崩れて	3
崩れている	3
崩れています	3
崩れていた	3
崩れていました	3
崩れてる	4
崩れてます	3
抱えます	4
抱えません	5
抱えました	4
抱えませんでした	5
抱えましょう	5
抱えない	0
抱えなかった	7
抱えた	4
抱えて	0
抱えている	4
抱えています	4
抱えていた	4
抱えていました	4
抱えてる	4
抱えてます	5
捧げます	4
捧げません	5
捧げました	4
捧げませんでした	5
捧げましょう	5
捧げない	0
捧げなかった	7
捧げた	4
捧げて	0
捧げている	4
捧げています	4
捧げていた	4
捧げていました	4
捧げてる	4
捧げてます	5
放します	4
放しません	5
放しました	4
放しませんでした	5
放しましょう	5
放さない	3
放さなかった	3
放した	2
放して	2
放している	2
放しています	2
放していた	2
放していました	2
放してる	4
放してます	2
放ちます	4
放ちません	5
放ちました	4
放ちませんでした	5
放ちましょう	5
放たない	3
放たなかった	3
放った	2
放って	2
放っている	2
放っています	2
放っていた	2
放っていました	2
放ってる	4
放ってます	2
放ります	4
放りません	5
放りました	4
放りませんでした	5
放りましょう	5
放らない	0
放らなかった	7
放れます	4
放れません	5
放れました	4
放れませんでした	5
放れましょう	5
放れない	3
放れなかった	3
放れた	3
放れて	3
放れている	3
放れています	3
放れていた	3
放れていました	3
放れてる	4
放れてます	3
縫います	3
縫いません	4
縫いました	3
縫いませんでした	4
縫いましょう	4
縫わない	2
縫わなかった	2
縫った	1
縫って	1
縫っている	1
縫っています	1
縫っていた	1
縫っていました	1
縫ってる	3
縫ってます	1
訪ねます	4
訪ねません	5
訪ねました	4
訪ねませんでした	5
訪ねましょう	5
訪ねない	3
訪ねなかった	3
訪ねた	3
訪ねて	3
訪ねている	3
訪ねています	3
訪ねていた	3
訪ねていました	3
訪ねてる	4
訪ねてます	3
訪れます	5
訪れません	6
訪れました	5
訪れませんでした	6
訪れましょう	6
訪れない	4
訪れなかった	4
訪れた	3
訪れて	3
訪れている	3
訪れています	3
訪れていた	3
訪れていました	3
訪れてる	5
訪れてます	3
亡くなります	5
亡くなりません	6
亡くなりました	5
亡くなりませんでした	6
亡くなりましょう	6
亡くならない	0
亡くならなかった	8
亡くなった	5
亡くなって	0
亡くなっている	5
亡くなっています	5
亡くなっていた	5
亡くなっていました	5
亡くなってる	5
亡くなってます	6
妨げます	5
妨げません	6
妨げました	5
妨げませんでした	6
妨げましょう	6
妨げない	4
妨げなかった	4
妨げた	4
妨げて	4
妨げている	4
妨げています	4
妨げていた	4
妨げていました	4
妨げてる	5
妨げてます	4
忘れます	4
忘れません	5
忘れました	4
忘れませんでした	5
忘れましょう	5
忘れない	0
忘れなかった	7
忘れた	4
忘れて	0
忘れている	4
忘れています	4
忘れていた	4
忘れていました	4
忘れてる	4
忘れてます	5
忙しく	4
忙しくない	4
忙しくなかった	4
忙しかった	4
忙しくて	4
暴れます	4
暴れません	5
暴れました	4
暴れませんでした	5
暴れましょう	5
暴れない	0
暴れなかった	7
暴れた	4
暴れて	0
暴れている	4
暴れています	4
暴れていた	4
暴れていました	4
暴れてる	4
暴れてます	5
望ましく	4
望ましくない	4
望ましくなかった	4
望ましかった	4
望ましくて	4
望みます	4
望みません	5
望みました	4
望みませんでした	5
望みましょう	5
望まない	0
望まなかった	7
望んだ	0
望んで	4
望んでいる	4
望んでいます	4
望んでいた	4
望んでいました	4
望んでる	4
望んでます	5
冒します	4
冒しません	5
冒しました	4
冒しませんでした	5
冒しましょう	5
冒さない	0
冒さなかった	7
冒した	4
冒して	0
冒している	4
冒しています	4
冒していた	4
冒していました	4
冒してる	4
冒してます	5
膨らまします	6
膨らましません	7
膨らましました	6
膨らましませんでした	7
膨らましましょう	7
膨らまさない	0
膨らまさなかった	9
膨らました	6
膨らまして	0
膨らましている	6
膨らましています	6
膨らましていた	6
膨らましていました	6
膨らましてる	6
膨らましてます	7
膨らみます	5
膨らみません	6
膨らみました	5
膨らみませんでした	6
膨らみましょう	6
膨らまない	0
膨らまなかった	8
膨らんだ	0
膨らんで	5
膨らんでいる	5
膨らんでいます	5
膨らんでいた	5
膨らんでいました	5
膨らんでる	5
膨らんでます	6
防ぎます	4
防ぎません	5
防ぎました	4
防ぎませんでした	5
防ぎましょう	5
防がない	3
防がなかった	3
防いだ	2
防いで	2
防いでいる	2
防いでいます	2
防いでいた	2
防いでいました	2
防いでる	4
防いでます	2
翻します	6
翻しません	7
翻しました	6
翻しませんでした	7
翻しましょう	7
翻さない	5
翻さなかった	5
翻した	3
翻して	3
翻している	3
翻しています	3
翻していた	3
翻していました	3
翻してる	6
翻してます	3
摩ります	3
摩りません	4
摩りました	3
摩りませんでした	4
摩りましょう	4
摩らない	0
摩らなかった	7
摩った	4
摩って	0
摩っている	4
摩っています	4
摩っていた	4
摩っていました	4
摩ってる	4
摩ってます	5
磨きます	4
磨きません	5
磨きました	4
磨きませんでした	5
磨きましょう	5
磨かない	0
磨かなかった	7
磨いた	4
磨いて	0
磨いている	4
磨いています	4
磨いていた	4
磨いていました	4
磨いてる	4
磨いてます	5
埋めます	3
埋めません	4
埋めました	3
埋めませんでした	4
埋めましょう	4
埋めない	0
埋めなかった	6
埋めた	3
埋めて	0
埋めている	3
埋めています	3
埋めていた	3
埋めていました	3
埋めてる	3
埋めてます	4
満たします	4
満たしません	5
満たしました	4
満たしませんでした	5
満たしましょう	5
満たさない	3
満たさなかった	3
満たした	2
満たして	2
満たしている	2
満たしています	2
満たしていた	2
満たしていました	2
満たしてる	4
満たしてます	2
味わいます	5
味わいません	6
味わいました	5
味わいませんでした	6
味わいましょう	6
味わわない	4
味わわなかった	4
味わった	3
味わって	3
味わっている	3
味わっています	3
味わっていた	3
味わっていました	3
味わってる	5
味わってます	3
眠く	0
眠くない	4
眠くなかった	7
眠かった	2
眠くて	0
眠たく	0
眠たくない	5
眠たくなかった	8
眠たかった	3
眠たくて	0
眠ります	4
眠りません	5
眠りました	4
眠りませんでした	5
眠りましょう	5
眠らない	0
眠らなかった	7
眠った	4
眠って	0
眠っている	4
眠っています	4
眠っていた	4
眠っていました	4
眠ってる	4
眠ってます	5
無く	1
無くない	1
無くなかった	1
無かった	1
無くて	1
無くします	4
無くしません	5
無くしました	4
無くしませんでした	5
無くしましょう	5
無くさない	0
無くさなかった	7
無くした	1
無くして	1
無くしている	1
無くしています	1
無くしていた	1
無くしていました	1
無くしてる	4
無くしてます	1
無くなります	5
無くなりません	6
無くなりました	5
無くなりませんでした	6
無くなりましょう	6
無くならない	0
無くならなかった	8
無くなった	5
無くなって	0
無くなっている	5
無くなっています	5
無くなっていた	5
無くなっていました	5
無くなってる	5
無くなってます	6
名高く	3
名高くない	3
名高くなかった	3
名高かった	3
名高くて	3
名残惜しく	5
名残惜しくない	5
名残惜しくなかった	5
名残惜しかった	5
名残惜しくて	5
名乗り出ます	5
名乗り出ません	6
名乗り出ました	5
名乗り出ませんでした	6
名乗り出ましょう	6
名乗り出ない	4
名乗り出なかった	4
名乗り出た	4
名乗り出て	4
名乗り出ている	4
名乗り出ています	4
名乗り出ていた	4
名乗り出ていました	4
名乗り出てる	5
名乗り出てます	4
名乗ります	4
名乗りません	5
名乗りました	4
名乗りませんでした	5
名乗りましょう	5
名乗らない	3
名乗らなかった	3
名乗った	2
名乗って	2
名乗っている	2
名乗っています	2
名乗っていた	2
名乗っていました	2
名乗ってる	4
名乗ってます	2
名付けます	4
名付けません	5
名付けました	4
名付けませんでした	5
名付けましょう	5
名付けない	3
名付けなかった	3
名付けた	3
名付けて	3
名付けている	3
名付けています	3
名付けていた	3
名付けていました	3
名付けてる	4
名付けてます	3
命じます	4
命じません	5
命じました	4
命じませんでした	5
命じましょう	5
命じない	0
命じなかった	7
命じた	4
命じて	0
命じている	4
命じています	4
命じていた	4
命じていました	4
命じてる	4
命じてます	5
明かします	4
明かしません	5
明かしました	4
明かしませんでした	5
明かしましょう	5
明かさない	0
明かさなかった	7
明かした	4
明かして	0
明かしている	4
明かしています	4
明かしていた	4
明かしていました	4
明かしてる	4
明かしてます	5
明るく	0
明るくない	5
明るくなかった	8
明るかった	3
明るくて	0
迷います	4
迷いません	5
迷いました	4
迷いませんでした	5
迷いましょう	5
迷わない	3
迷わなかった	3
迷った	2
迷って	2
迷っている	2
迷っています	2
迷っていた	2
迷っていました	2
迷ってる	4
迷ってます	2
鳴きます	3
鳴きません	4
鳴きました	3
鳴きませんでした	4
鳴きましょう	4
鳴かない	0
鳴かなかった	6
鳴いた	3
鳴いて	0
鳴いている	3
鳴いています	3
鳴いていた	3
鳴いていました	3
鳴いてる	3
鳴いてます	4
鳴らします	4
鳴らしません	5
鳴らしました	4
鳴らしませんでした	5
鳴らしましょう	5
鳴らさない	0
鳴らさなかった	7
鳴らした	4
鳴らして	0
鳴らしている	4
鳴らしています	4
鳴らしていた	4
鳴らしていました	4
鳴らしてる	4
鳴らしてます	5
鳴ります	3
鳴りません	4
鳴りました	3
鳴りませんでした	4
鳴りましょう	4
鳴らない	0
鳴らなかった	6
鳴った	3
鳴って	0
鳴っている	3
鳴っています	3
鳴っていた	3
鳴っていました	3
鳴ってる	3
鳴ってます	4
面倒くさく	6
面倒くさくない	6
面倒くさくなかった	6
面倒くさかった	6
面倒くさくて	6
面白く	4
面白くない	4
面白くなかった	4
面白かった	4
面白くて	4
茂ります	4
茂りません	5
茂りました	4
茂りませんでした	5
茂りましょう	5
茂らない	3
茂らなかった	3
茂った	2
茂って	2
茂っている	2
茂っています	2
茂っていた	2
茂っていました	2
茂ってる	4
茂ってます	2
儲かります	5
儲かりません	6
儲かりました	5
儲かりませんでした	6
儲かりましょう	6
儲からない	4
儲からなかった	4
儲かった	3
儲かって	3
儲かっている	3
儲かっています	3
儲かっていた	3
儲かっていました	3
儲かってる	5
儲かってます	3
儲けます	4
儲けません	5
儲けました	4
儲けませんでした	5
儲けましょう	5
儲けない	3
儲けなかった	3
儲けた	3
儲けて	3
儲けている	3
儲けています	3
儲けていた	3
儲けていました	3
儲けてる	4
儲けてます	3
黙ります	4
黙りません	5
黙りました	4
黙りませんでした	5
黙りましょう	5
黙らない	3
黙らなかった	3
黙った	2
黙って	2
黙っている	2
黙っています	2
黙っていた	2
黙っていました	2
黙ってる	4
黙ってます	2
目覚めます	4
目覚めません	5
目覚めました	4
目覚めませんでした	5
目覚めましょう	5
目覚めない	3
目覚めなかった	3
目覚めた	3
目覚めて	3
目覚めている	3
目覚めています	3
目覚めていた	3
目覚めていました	3
目覚めてる	4
目覚めてます	3
目指します	4
目指しません	5
目指しました	4
目指しませんでした	5
目指しましょう	5
目指さない	3
目指さなかった	3
目指した	2
目指して	2
目指している	2
目指しています	2
目指していた	2
目指していました	2
目指してる	4
目指してます	2
目立ちます	4
目立ちません	5
目立ちました	4
目立ちませんでした	5
目立ちましょう	5
目立たない	3
目立たなかった	3
目立った	2
目立って	2
目立っている	2
目立っています	2
目立っていた	2
目立っていました	2
目立ってる	4
目立ってます	2
尤もらしく	3
尤もらしくない	7
尤もらしくなかった	7
尤もらしかった	3
尤もらしくて	3
戻します	4
戻しません	5
戻しました	4
戻しませんでした	5
戻しましょう	5
戻さない	3
戻さなかった	3
戻した	2
戻して	2
戻している	2
戻しています	2
戻していた	2
戻していました	2
戻してる	4
戻してます	2
戻ります	4
戻りません	5
戻りました	4
戻りませんでした	5
戻りましょう	5
戻らない	3
戻らなかった	3
戻った	2
戻って	2
戻っている	2
戻っています	2
戻っていた	2
戻っていました	2
戻ってる	4
戻ってます	2
貰います	4
貰いません	5
貰いました	4
貰いませんでした	5
貰いましょう	5
貰わない	0
貰わなかった	7
貰った	4
貰って	0
貰っている	4
貰っています	4
貰っていた	4
貰っていました	4
貰ってる	4
貰ってます	5
問い合わせます	6
問い合わせません	7
問い合わせました	6
問い合わせませんでした	7
問い合わせましょう	7
問い合わせない	5
問い合わせなかった	5
問い合わせた	5
問い合わせて	5
問い合わせている	5
問い合わせています	5
問い合わせていた	5
問い合わせていました	5
問い合わせてる	6
問い合わせてます	5
役立ちます	5
役立ちません	6
役立ちました	5
役立ちませんでした	6
役立ちましょう	6
役立たない	4
役立たなかった	4
役立った	3
役立って	3
役立っている	3
役立っています	3
役立っていた	3
役立っていました	3
役立ってる	5
役立ってます	3
訳します	4
訳しません	5
訳しました	4
訳しませんでした	5
訳しましょう	5
訳さない	3
訳さなかった	3
訳した	2
訳して	2
訳している	2
訳しています	2
訳していた	2
訳していました	2
訳してる	4
訳してます	2
踊ります	4
踊りません	5
踊りました	4
踊りませんでした	5
踊りましょう	5
踊らない	0
踊らなかった	7
踊った	4
踊って	0
踊っている	4
踊っています	4
踊っていた	4
踊っていました	4
踊ってる	4
踊ってます	5
優しく	0
優しくない	5
優しくなかった	8
優しかった	3
優しくて	0
優れます	4
優れません	5
優れました	4
優れませんでした	5
優れましょう	5
優れない	3
優れなかった	3
優れた	3
優れている	3
優れています	3
優れていた	3
優れていました	3
優れてる	4
優れてます	3
勇ましく	4
勇ましくない	4
勇ましくなかった	4
勇ましかった	4
勇ましくて	4
宥めます	4
宥めません	5
宥めました	4
宥めませんでした	5
宥めましょう	5
宥めない	3
宥めなかった	3
宥めた	3
宥めて	3
宥めている	3
宥めています	3
宥めていた	3
宥めていました	3
宥めてる	4
宥めてます	3
有難く	4
有難くない	4
有難くなかった	4
有難かった	4
有難くて	4
誘います	4
誘いません	5
誘いました	4
誘いませんでした	5
誘いましょう	5
誘わない	0
誘わなかった	7
誘った	4
誘って	0
誘っている	4
誘っています	4
誘っていた	4
誘っていました	4
誘ってる	4
誘ってます	5
遊びます	4
遊びません	5
遊びました	4
遊びませんでした	5
遊びましょう	5
遊ばない	0
遊ばなかった	7
遊んだ	0
遊んで	4
遊んでいる	4
遊んでいます	4
遊んでいた	4
遊んでいました	4
遊んでる	4
遊んでます	5
余します	4
余しません	5
余しました	4
余しませんでした	5
余しましょう	5
余さない	3
余さなかった	3
余した	2
余して	2
余している	2
余しています	2
余していた	2
余していました	2
余してる	4
余してます	2
余ります	4
余りません	5
余りました	4
余りませんでした	5
余りましょう	5
余らない	3
余らなかった	3
余った	2
余って	2
余っている	2
余っています	2
余っていた	2
余っていました	2
余ってる	4
余ってます	2
与えます	4
与えません	5
与えました	4
与えませんでした	5
与えましょう	5
与えない	0
与えなかった	7
与えた	4
与えて	0
与えている	4
与えています	4
与えていた	4
与えていました	4
与えてる	4
与えてます	5
預かります	5
預かりません	6
預かりました	5
預かりませんでした	6
預かりましょう	6
預からない	4
預からなかった	4
預かった	3
預かって	3
預かっている	3
預かっています	3
預かっていた	3
預かっていました	3
預かってる	5
預かってます	3
預けます	4
預けません	5
預けました	4
預けませんでした	5
預けましょう	5
預けない	3
預けなかった	3
預けた	3
預けて	3
預けている	3
預けています	3
預けていた	3
預けていました	3
預けてる	4
預けてます	3
預け入れます	6
預け入れません	7
預け入れました	6
預け入れませんでした	7
預け入れましょう	7
預け入れない	5
預け入れなかった	5
預け入れた	5
預け入れて	5
預け入れている	5
預け入れています	5
預け入れていた	5
預け入れていました	5
預け入れてる	6
預け入れてます	5
幼く	3
幼くない	3
幼くなかった	3
幼かった	3
幼くて	3
容易く	3
容易くない	3
容易くなかった	3
容易かった	3
容易くて	3
揺さぶります	5
揺さぶりません	6
揺さぶりました	5
揺さぶりませんでした	6
揺さぶりましょう	6
揺さぶらない	0
揺さぶらなかった	8
揺さぶった	5
揺さぶって	0
揺さぶっている	5
揺さぶっています	5
揺さぶっていた	5
揺さぶっていました	5
揺さぶってる	5
揺さぶってます	6
揺らぎます	4
揺らぎません	5
揺らぎました	4
揺らぎませんでした	5
揺らぎましょう	5
揺らがない	0
揺らがなかった	7
揺らいだ	0
揺らいで	4
揺らいでいる	4
揺らいでいます	4
揺らいでいた	4
揺らいでいました	4
揺らいでる	4
揺らいでます	5
揺れます	3
揺れません	4
揺れました	3
揺れませんでした	4
揺れましょう	4
揺れない	0
揺れなかった	6
揺れた	3
揺れて	0
揺れている	3
揺れています	3
揺れていた	3
揺れていました	3
揺れてる	3
揺れてます	4
溶かします	4
溶かしません	5
溶かしました	4
溶かしませんでした	5
溶かしましょう	5
溶かさない	3
溶かさなかった	3
溶かした	2
溶かして	2
溶かしている	2
溶かしています	2
溶かしていた	2
溶かしていました	2
溶かしてる	4
溶かしてます	2
溶きます	3
溶きません	4
溶きました	3
溶きませんでした	4
溶きましょう	4
溶かない	2
溶かなかった	2
溶いた	1
溶いて	1
溶いている	1
溶いています	1
溶いていた	1
溶いていました	1
溶いてる	3
溶いてます	1
溶けます	3
溶けません	4
溶けました	3
溶けませんでした	4
溶けましょう	4
溶けない	2
溶けなかった	2
溶けた	2
溶けて	2
溶けている	2
溶けています	2
溶けていた	2
溶けていました	2
溶けてる	3
溶けてます	2
溶け込みます	5
溶け込みません	6
溶け込みました	5
溶け込みませんでした	6
溶け込みましょう	6
溶け込まない	4
溶け込まなかった	4
溶け込んだ	3
溶け込んで	3
溶け込んでいる	3
溶け込んでいます	3
溶け込んでいた	3
溶け込んでいました	3
溶け込んでる	5
溶け込んでます	3
用います	4
用いません	5
用いました	4
用いませんでした	5
用いましょう	5
用いない	3
用いなかった	3
用いた	3
用いて	3
用いている	3
用いています	3
用いていた	3
用いていました	3
用いてる	4
用いてます	3
用心深く	6
用心深くない	6
用心深くなかった	6
用心深かった	6
用心深くて	6
要ります	3
要りません	4
要りました	3
要りませんでした	4
要りましょう	4
要らない	0
要らなかった	6
要った	3
要って	0
要っている	3
要っています	3
要っていた	3
要っていました	3
要ってる	3
要ってます	4
養います	5
養いません	6
養いました	5
養いませんでした	6
養いましょう	6
養わない	0
養わなかった	8
養った	5
養って	0
養っている	5
養っています	5
養っていた	5
養っていました	5
養ってる	5
養ってます	6
欲しく	2
欲しくない	2
欲しくなかった	2
欲しかった	2
欲しくて	2
欲張ります	5
欲張りません	6
欲張りました	5
欲張りませんでした	6
欲張りましょう	6
欲張らない	4
欲張らなかった	4
欲張った	3
欲張って	3
欲張っている	3
欲張っています	3
欲張っていた	3
欲張っていました	3
欲張ってる	5
欲張ってます	3
浴びせます	4
浴びせません	5
浴びせました	4
浴びせませんでした	5
浴びせましょう	5
浴びせない	0
浴びせなかった	7
浴びせた	4
浴びせて	0
浴びせている	4
浴びせています	4
浴びせていた	4
浴びせていました	4
浴びせてる	4
浴びせてます	5
浴びます	3
浴びません	4
浴びました	3
浴びませんでした	4
浴びましょう	4
浴びない	0
浴びなかった	6
浴びた	3
浴びて	0
浴びている	3
浴びています	3
浴びていた	3
浴びていました	3
浴びてる	3
浴びてます	4
来ます	2
来ません	3
来ました	2
来ませんでした	3
来ない	1
来なかった	1
来た	1
来て	1
来ている	1
来ています	1
来ていた	1
来ていました	1
来てる	2
来てます	1
頼みます	4
頼みません	5
頼みました	4
頼みませんでした	5
頼みましょう	5
頼まない	3
頼まなかった	3
頼んだ	2
頼んで	2
頼んでいる	2
頼んでいます	2
頼んでいた	2
頼んでいました	2
頼んでる	4
頼んでます	2
頼もしく	4
頼もしくない	4
頼もしくなかった	4
頼もしかった	4
頼もしくて	4
頼りなく	1
頼りなくない	4
頼りなくなかった	4
頼りなかった	1
頼りなくて	1
絡みます	4
絡みません	5
絡みました	4
絡みませんでした	5
絡みましょう	5
絡まない	3
絡まなかった	3
絡んだ	2
絡んで	2
絡んでいる	2
絡んでいます	2
絡んでいた	2
絡んでいました	2
絡んでる	4
絡んでます	2
落ちます	3
落ちません	4
落ちました	3
落ちませんでした	4
落ちましょう	4
落ちない	2
落ちなかった	2
落ちた	2
落ちて	2
落ちている	2
落ちています	2
落ちていた	2
落ちていました	2
落ちてる	3
落ちてます	2
落ち合います	5
落ち合いません	6
落ち合いました	5
落ち合いませんでした	6
落ち合いましょう	6
落ち合わない	4
落ち合わなかった	4
落ち合った	3
落ち合って	3
落ち合っている	3
落ち合っています	3
落ち合っていた	3
落ち合っていました	3
落ち合ってる	5
落ち合ってます	3
落ち込みます	5
落ち込みません	6
落ち込みました	5
落ち込みませんでした	6
落ち込みましょう	6
落ち込まない	4
落ち込まなかった	4
落ち込んだ	3
落ち込んで	3
落ち込んでいる	3
落ち込んでいます	3
落ち込んでいた	3
落ち込んでいました	3
落ち込んでる	5
落ち込んでます	3
乱します	4
乱しません	5
乱しました	4
乱しませんでした	5
乱しましょう	5
乱さない	3
乱さなかった	3
乱した	2
乱して	2
乱している	2
乱しています	2
乱していた	2
乱していました	2
乱してる	4
乱してます	2
乱れます	4
乱れません	5
乱れました	4
乱れませんでした	5
乱れましょう	5
乱れない	3
乱れなかった	3
乱れた	3
乱れて	3
乱れている	3
乱れています	3
乱れていた	3
乱れていました	3
乱れてる	4
乱れてます	3
裏切ります	5
裏切りません	6
裏切りました	5
裏切りませんでした	6
裏切りましょう	6
裏切らない	4
裏切らなかった	4
裏切った	3
裏切って	3
裏切っている	3
裏切っています	3
裏切っていた	3
裏切っていました	3
裏切ってる	5
裏切ってます	3
裏付けます	5
裏付けません	6
裏付けました	5
裏付けませんでした	6
裏付けましょう	6
裏付けない	0
裏付けなかった	8
裏付けた	5
裏付けて	0
裏付けている	5
裏付けています	5
裏付けていた	5
裏付けていました	5
裏付けてる	5
裏付けてます	6
裏返します	6
裏返しません	7
裏返しました	6
裏返しませんでした	7
裏返しましょう	7
裏返さない	5
裏返さなかった	5
裏返した	3
裏返して	3
裏返している	3
裏返しています	3
裏返していた	3
裏返していました	3
裏返してる	6
裏返してます	3
離します	4
離しません	5
離しました	4
離しませんでした	5
離しましょう	5
離さない	3
離さなかった	3
離した	2
離して	2
離している	2
離しています	2
離していた	2
離していました	2
離してる	4
離してます	2
離れます	4
離れません	5
離れました	4
離れませんでした	5
離れましょう	5
離れない	3
離れなかった	3
離れた	1
離れて	1
離れている	1
離れています	1
離れていた	1
離れていました	1
離れてる	4
離れてます	1
率います	4
率いません	5
率いました	4
率いませんでした	5
率いましょう	5
率いない	3
率いなかった	3
率いた	3
率いて	3
率いている	3
率いています	3
率いていた	3
率いていました	3
率いてる	4
率いてます	3
立ち寄ります	5
立ち寄りません	6
立ち寄りました	5
立ち寄りませんでした	6
立ち寄りましょう	6
立ち寄らない	4
立ち寄らなかった	4
立ち寄った	3
立ち寄って	3
立ち寄っている	3
立ち寄っています	3
立ち寄っていた	3
立ち寄っていました	3
立ち寄ってる	5
立ち寄ってます	3
立ち去ります	5
立ち去りません	6
立ち去りました	5
立ち去りませんでした	6
立ち去りましょう	6
立ち去らない	4
立ち去らなかった	4
立ち去った	3
立ち去って	3
立ち去っている	3
立ち去っています	3
立ち去っていた	3
立ち去っていました	3
立ち去ってる	5
立ち去ってます	3
立ち止まります	6
立ち止まりません	7
立ち止まりました	6
立ち止まりませんでした	7
立ち止まりましょう	7
立ち止まらない	5
立ち止まらなかった	5
立ち止まった	4
立ち止まって	4
立ち止まっている	4
立ち止まっています	4
立ち止まっていた	4
立ち止まっていました	4
立ち止まってる	6
立ち止まってます	4
立ち上がります	6
立ち上がりません	7
立ち上がりました	6
立ち上がりませんでした	7
立ち上がりましょう	7
立ち上がらない	0
立ち上がらなかった	9
立ち上がった	6
立ち上がって	0
立ち上がっている	6
立ち上がっています	6
立ち上がっていた	6
立ち上がっていました	6
立ち上がってる	6
立ち上がってます	7
立ち上げます	5
立ち上げません	6
立ち上げました	5
立ち上げませんでした	6
立ち上げましょう	6
立ち上げない	4
立ち上げなかった	4
立ち上げた	4
立ち上げて	4
立ち上げている	4
立ち上げています	4
立ち上げていた	4
立ち上げていました	4
立ち上げてる	5
立ち上げてます	4
立ち退きます	5
立ち退きません	6
立ち退きました	5
立ち退きませんでした	6
立ち退きましょう	6
立ち退かない	4
立ち退かなかった	4
立ち退いた	3
立ち退いて	3
立ち退いている	3
立ち退いています	3
立ち退いていた	3
立ち退いていました	3
立ち退いてる	5
立ち退いてます	3
立ち直ります	6
立ち直りません	7
立ち直りました	6
立ち直りませんでした	7
立ち直りましょう	7
立ち直らない	5
立ち直らなかった	5
立ち直った	4
立ち直って	4
立ち直っている	4
立ち直っています	4
立ち直っていた	4
立ち直っていました	4
立ち直ってる	6
立ち直ってます	4
立てます	3
立てません	4
立てました	3
立てませんでした	4
立てましょう	4
立てない	2
立てなかった	2
立てた	2
立てて	2
立てている	2
立てています	2
立てていた	2
立てていました	2
立ててる	2
立ててます	2
立て替えます	5
立て替えません	6
立て替えました	5
立て替えませんでした	6
立て替えましょう	6
立て替えない	0
立て替えなかった	8
立て替えた	5
立て替えて	0
立て替えている	5
立て替えています	5
立て替えていた	5
立て替えていました	5
立て替えてる	5
立て替えてます	6
略します	4
略しません	5
略しました	4
略しませんでした	5
略しましょう	5
略さない	3
略さなかった	3
略した	2
略して	2
略している	2
略しています	2
略していた	2
略していました	2
略してる	4
略してます	2
流します	4
流しません	5
流しました	4
流しませんでした	5
流しましょう	5
流さない	3
流さなかった	3
流した	3
流して	3
流している	3
流しています	3
流していた	3
流していました	3
流してる	4
流してます	3
流れます	4
流れません	5
流れました	4
流れませんでした	5
流れましょう	5
流れない	3
流れなかった	3
流れた	3
流れて	3
流れている	3
流れています	3
流れていた	3
流れていました	3
流れてる	4
流れてます	3
流れ込みます	6
流れ込みません	7
流れ込みました	6
流れ込みませんでした	7
流れ込みましょう	7
流れ込まない	5
流れ込まなかった	5
流れ込んだ	4
流れ込んで	4
流れ込んでいる	4
流れ込んでいます	4
流れ込んでいた	4
流れ込んでいました	4
流れ込んでる	6
流れ込んでます	4
流行ります	4
流行りません	5
流行りました	4
流行りませんでした	5
流行りましょう	5
流行らない	3
流行らなかった	3
流行った	2
流行って	2
流行っている	2
流行っています	2
流行っていた	2
流行っていました	2
流行ってる	4
流行ってます	2
溜めます	3
溜めません	4
溜めました	3
溜めませんでした	4
溜めましょう	4
溜めない	0
溜めなかった	6
溜めた	3
溜めて	0
溜めている	3
溜めています	3
溜めていた	3
溜めていました	3
溜めてる	3
溜めてます	4
溜まります	4
溜まりません	5
溜まりました	4
溜まりませんでした	5
溜まりましょう	5
溜まらない	0
溜まらなかった	7
溜まった	4
溜まって	0
溜まっている	4
溜まっています	4
溜まっていた	4
溜まっていました	4
溜まってる	4
溜まってます	5
旅立ちます	5
旅立ちません	6
旅立ちました	5
旅立ちませんでした	6
旅立ちましょう	6
旅立たない	4
旅立たなかった	4
旅立った	3
旅立って	3
旅立っている	3
旅立っています	3
旅立っていた	3
旅立っていました	3
旅立ってる	5
旅立ってます	3
凌ぎます	4
凌ぎません	5
凌ぎました	4
凌ぎませんでした	5
凌ぎましょう	5
凌がない	3
凌がなかった	3
凌いだ	2
凌いで	2
凌いでいる	2
凌いでいます	2
凌いでいた	2
凌いでいました	2
凌いでる	4
凌いでます	2
涼しく	3
涼しくない	3
涼しくなかった	3
涼しかった	3
涼しくて	3
涼みます	4
涼みません	5
涼みました	4
涼みませんでした	5
涼みましょう	5
涼まない	3
涼まなかった	3
涼んだ	2
涼んで	2
涼んでいる	2
涼んでいます	2
涼んでいた	2
涼んでいました	2
涼んでる	4
涼んでます	2
力みます	4
力みません	5
力みました	4
力みませんでした	5
力みましょう	5
力まない	3
力まなかった	3
力んだ	2
力んで	2
力んでいる	2
力んでいます	2
力んでいた	2
力んでいました	2
力んでる	4
力んでます	2
力強く	5
力強くない	5
力強くなかった	5
力強かった	5
力強くて	5
臨みます	4
臨みません	5
臨みました	4
臨みませんでした	5
臨みましょう	5
臨まない	0
臨まなかった	7
臨んだ	0
臨んで	4
臨んでいる	4
臨んでいます	4
臨んでいた	4
臨んでいました	4
臨んでる	4
臨んでます	5
冷えます	3
冷えません	4
冷えました	3
冷えませんでした	4
冷えましょう	4
冷えない	2
冷えなかった	2
冷えた	2
冷えて	2
冷えている	2
冷えています	2
冷えていた	2
冷えていました	2
冷えてる	3
冷えてます	2
冷え込みます	5
冷え込みません	6
冷え込みました	5
冷え込みませんでした	6
冷え込みましょう	6
冷え込まない	4
冷え込まなかった	4
冷え込んだ	3
冷え込んで	3
冷え込んでいる	3
冷え込んでいます	3
冷え込んでいた	3
冷え込んでいました	3
冷え込んでる	5
冷え込んでます	3
冷たく	3
冷たくない	3
冷たくなかった	3
冷たかった	3
冷たくて	3
冷まします	4
冷ましません	5
冷ましました	4
冷ましませんでした	5
冷ましましょう	5
冷まさない	3
冷まさなかった	3
冷ました	3
冷まして	2
冷ましている	2
冷ましています	2
冷ましていた	2
冷ましていました	2
冷ましてる	4
冷ましてます	2
冷めます	3
冷めません	4
冷めました	3
冷めませんでした	4
冷めましょう	4
冷めない	2
冷めなかった	2
冷めた	2
冷めて	2
冷めている	2
冷めています	2
冷めていた	2
冷めていました	2
冷めてる	3
冷めてます	2
冷やかします	5
冷やかしません	6
冷やかしました	5
冷やかしませんでした	6
冷やかしましょう	6
冷やかさない	4
冷やかさなかった	4
冷やかした	5
冷やかして	0
冷やかしている	5
冷やかしています	5
冷やかしていた	5
冷やかしていました	5
冷やかしてる	5
冷やかしてます	6
冷やします	4
冷やしません	5
冷やしました	4
冷やしませんでした	5
冷やしましょう	5
冷やさない	3
冷やさなかった	3
冷やした	2
冷やして	2
冷やしている	2
冷やしています	2
冷やしていた	2
冷やしていました	2
冷やしてる	4
冷やしてます	2
励まします	5
励ましません	6
励ましました	5
励ましませんでした	6
励ましましょう	6
励まさない	4
励まさなかった	4
励ました	3
励まして	3
励ましている	3
励ましています	3
励ましていた	3
励ましていました	3
励ましてる	5
励ましてます	3
励みます	4
励みません	5
励みました	4
励みませんでした	5
励みましょう	5
励まない	3
励まなかった	3
励んだ	2
励んで	2
励んでいる	2
励んでいます	2
励んでいた	2
励んでいました	2
励んでる	4
励んでます	2
零します	4
零しません	5
零しました	4
零しませんでした	5
零しましょう	5
零さない	3
零さなかった	3
零した	2
零して	2
零している	2
零しています	2
零していた	2
零していました	2
零してる	4
零してます	2
零れます	4
零れません	5
零れました	4
零れませんでした	5
零れましょう	5
零れない	0
零れなかった	7
零れた	4
零れて	0
零れている	4
零れています	4
零れていた	4
零れていました	4
零れてる	4
零れてます	5
劣ります	4
劣りません	5
劣りました	4
劣りませんでした	5
劣りましょう	5
劣らない	3
劣らなかった	3
劣った	2
劣って	2
劣っている	2
劣っています	2
劣っていた	2
劣っていました	2
劣ってる	4
劣ってます	2
裂けます	3
裂けません	4
裂けました	3
裂けませんでした	4
裂けましょう	4
裂けない	2
裂けなかった	2
裂けた	2
裂けて	2
裂けている	2
裂けています	2
裂けていた	2
裂けていました	2
裂けてる	3
裂けてます	2
恋しく	3
恋しくない	3
恋しくなかった	3
恋しかった	3
恋しくて	3
練ります	3
練りません	4
練りました	3
練りませんでした	4
練りましょう	4
練らない	2
練らなかった	2
練った	1
練って	1
練っている	1
練っています	1
練っていた	1
練っていました	1
練ってる	3
練ってます	1
連なります	5
連なりません	6
連なりました	5
連なりませんでした	6
連なりましょう	6
連ならない	4
連ならなかった	4
連なった	3
連なって	3
連なっている	3
連なっています	3
連なっていた	3
連なっていました	3
連なってる	5
連なってます	3
連ねます	4
連ねません	5
連ねました	4
連ねませんでした	5
連ねましょう	5
連ねない	3
連ねなかった	3
連ねた	3
連ねて	3
連ねている	3
連ねています	3
連ねていた	3
連ねていました	3
連ねてる	4
連ねてます	3
連れます	3
連れません	4
連れました	3
連れませんでした	4
連れましょう	4
連れない	0
連れなかった	6
連れた	3
連れている	3
連れています	3
連れていた	3
連れていました	3
連れてる	3
連れてます	4
連れ去ります	5
連れ去りません	6
連れ去りました	5
連れ去りませんでした	6
連れ去りましょう	6
連れ去らない	4
連れ去らなかった	4
連れ去った	3
連れ去って	3
連れ去っている	3
連れ去っています	3
連れ去っていた	3
連れ去っていました	3
連れ去ってる	5
連れ去ってます	3
労ります	5
労りません	6
労りました	5
労りませんでした	6
労りましょう	6
労らない	4
労らなかった	4
労った	3
労って	3
労っている	3
労っています	3
労っていた	3
労っていました	3
労ってる	5
労ってます	3
弄ります	5
弄りません	6
弄りました	5
弄りませんでした	6
弄りましょう	6
弄らない	4
弄らなかった	4
弄った	2
弄って	2
弄っている	2
弄っています	2
弄っていた	2
弄っていました	2
弄ってる	4
弄ってます	2
漏ります	3
漏りません	4
漏りました	3
漏りませんでした	4
漏りましょう	4
漏らない	2
漏らなかった	2
漏った	1
漏って	1
漏っている	1
漏っています	1
漏っていた	1
漏っていました	1
漏ってる	3
漏ってます	1
老います	3
老いません	4
老いました	3
老いませんでした	4
老いましょう	4
老いない	2
老いなかった	2
老いた	2
老いて	2
老いている	2
老いています	2
老いていた	2
老いていました	2
老いてる	3
老いてます	2
老けます	3
老けません	4
老けました	3
老けませんでした	4
老けましょう	4
老けない	2
老けなかった	2
老けた	2
老けて	2
老けている	2
老けています	2
老けていた	2
老けていました	2
老けてる	3
老けてます	2
論じます	4
論じません	5
論じました	4
論じませんでした	5
論じましょう	5
論じない	0
論じなかった	7
論じた	4
論じて	0
論じている	4
論じています	4
論じていた	4
論じていました	4
論じてる	4
論じてます	5
和みます	4
和みません	5
和みました	4
和みませんでした	5
和みましょう	5
和まない	3
和まなかった	3
和んだ	2
和んで	2
和んでいる	2
和んでいます	2
和んでいた	2
和んでいました	2
和んでる	4
和んでます	2
和らぎます	5
和らぎません	6
和らぎました	5
和らぎませんでした	6
和らぎましょう	6
和らがない	4
和らがなかった	4
和らいだ	3
和らいで	3
和らいでいる	3
和らいでいます	3
和らいでいた	3
和らいでいました	3
和らいでる	5
和らいでます	3
和らげます	5
和らげません	6
和らげました	5
和らげませんでした	6
和らげましょう	6
和らげない	4
和らげなかった	4
和らげた	4
和らげて	4
和らげている	4
和らげています	4
和らげていた	4
和らげていました	4
和らげてる	5
和らげてます	4
話しかけます	6
話しかけません	7
話しかけました	6
話しかけませんでした	7
話しかけましょう	7
話しかけない	5
話しかけなかった	5
話しかけた	5
話しかけて	5
話しかけている	5
話しかけています	5
話しかけていた	5
話しかけていました	5
話しかけてる	6
話しかけてます	5
話し合います	6
話し合いません	7
話し合いました	6
話し合いませんでした	7
話し合いましょう	7
話し合わない	5
話し合わなかった	5
話し合った	4
話し合って	4
話し合っている	4
話し合っています	4
話し合っていた	4
話し合っていました	4
話し合ってる	6
話し合ってます	4
話し込みます	6
話し込みません	7
話し込みました	6
話し込みませんでした	7
話し込みましょう	7
話し込まない	5
話し込まなかった	5
話し込んだ	4
話し込んで	4
話し込んでいる	4
話し込んでいます	4
話し込んでいた	4
話し込んでいました	4
話し込んでる	6
話し込んでます	4
話します	4
話しません	5
話しました	4
話しませんでした	5
話しましょう	5
話さない	3
話さなかった	3
話した	2
話して	0
話している	2
話しています	2
話していた	2
話していました	2
話してる	4
話してます	2
賄います	5
賄いません	6
賄いました	5
賄いませんでした	6
賄いましょう	6
賄わない	4
賄わなかった	4
賄った	3
賄って	3
賄っている	3
賄っています	3
賄っていた	3
賄っていました	3
賄ってる	5
賄ってます	3
惑わします	5
惑わしません	6
惑わしました	5
惑わしませんでした	6
惑わしましょう	6
惑わさない	4
惑わさなかった	4
惑わした	3
惑わして	3
惑わしている	3
惑わしています	3
惑わしていた	3
惑わしていました	3
惑わしてる	5
惑わしてます	3
捥ぐ	1
捥ぎます	3
捥ぎません	4
捥ぎました	3
捥ぎませんでした	4
捥ぎましょう	4
捥がない	2
捥がなかった	2
捥いだ	1
捥いで	1
捥いでいる	1
捥いでいます	1
捥いでいた	1
捥いでいました	1
捥いでる	3
捥いでます	1
仄めかします	6
仄めかしません	7
仄めかしました	6
仄めかしませんでした	7
仄めかしましょう	7
仄めかさない	5
仄めかさなかった	5
仄めかした	4
仄めかして	4
仄めかしている	4
仄めかしています	4
仄めかしていた	4
仄めかしていました	4
仄めかしてる	6
仄めかしてます	4
佇みます	5
佇みません	6
佇みました	5
佇みませんでした	6
佇みましょう	6
佇まない	4
佇まなかった	4
佇んだ	3
佇んで	3
佇んでいる	3
佇んでいます	3
佇んでいた	3
佇んでいました	3
佇んでる	5
佇んでます	3
俯きます	5
俯きません	6
俯きました	5
俯きませんでした	6
俯きましょう	6
俯かない	4
俯かなかった	4
俯いた	3
俯いて	3
俯いている	3
俯いています	3
俯いていた	3
俯いていました	3
俯いてる	5
俯いてます	3
凭れます	4
凭れません	5
凭れました	4
凭れませんでした	5
凭れましょう	5
凭れない	3
凭れなかった	3
凭れた	3
凭れて	3
凭れている	3
凭れています	3
凭れていた	3
凭れていました	3
凭れてる	4
凭れてます	3
咎めます	4
咎めません	5
咎めました	4
咎めませんでした	5
咎めましょう	5
咎めない	3
咎めなかった	3
咎めた	3
咎めて	3
咎めている	3
咎めています	3
咎めていた	3
咎めていました	3
咎めてる	4
咎めてます	3
呟きます	5
呟きません	6
呟きました	5
呟きませんでした	6
呟きましょう	6
呟かない	4
呟かなかった	4
呟いた	3
呟いて	3
呟いている	3
呟いています	3
呟いていた	3
呟いていました	3
呟いてる	5
呟いてます	3
唸ります	4
唸りません	5
唸りました	4
唸りませんでした	5
唸りましょう	5
唸らない	3
唸らなかった	3
唸った	2
唸って	2
唸っている	2
唸っています	2
唸っていた	2
唸っていました	2
唸ってる	4
唸ってます	2
嗅ぎます	3
嗅ぎません	4
嗅ぎました	3
嗅ぎませんでした	4
嗅ぎましょう	4
嗅がない	0
嗅がなかった	6
嗅いだ	0
嗅いで	3
嗅いでいる	3
嗅いでいます	3
嗅いでいた	3
嗅いでいました	3
嗅いでる	3
嗅いでます	4
嘲ります	5
嘲りません	6
嘲りました	5
嘲りませんでした	6
嘲りましょう	6
嘲らない	4
嘲らなかった	4
嘲った	3
嘲って	3
嘲っている	3
嘲っています	3
嘲っていた	3
嘲っていました	3
嘲ってる	5
嘲ってます	3
囁きます	5
囁きません	6
囁きました	5
囁きませんでした	6
囁きましょう	6
囁かない	4
囁かなかった	4
囁いた	3
囁いて	3
囁いている	3
囁いています	3
囁いていた	3
囁いていました	3
囁いてる	5
囁いてます	3
夥しく	5
夥しくない	5
夥しくなかった	5
夥しかった	5
夥しくて	5
奢ります	4
奢りません	5
奢りました	4
奢りませんでした	5
奢りましょう	5
奢らない	0
奢らなかった	7
奢った	4
奢って	0
奢っている	4
奢っています	4
奢っていた	4
奢っていました	4
奢ってる	4
奢ってます	5
嵌めます	3
嵌めません	4
嵌めました	3
嵌めませんでした	4
嵌めましょう	4
嵌めない	0
嵌めなかった	6
嵌めた	3
嵌めて	0
嵌めている	3
嵌めています	3
嵌めていた	3
嵌めていました	3
嵌めてる	3
嵌めてます	4
巫山戯る	3
巫山戯ます	4
巫山戯ません	5
巫山戯ました	4
巫山戯ませんでした	5
巫山戯ましょう	5
巫山戯ない	3
巫山戯なかった	3
巫山戯た	3
巫山戯て	3
巫山戯ている	3
巫山戯ています	3
巫山戯ていた	3
巫山戯ていました	3
巫山戯てる	4
巫山戯てます	3
彷徨います	5
彷徨いません	4
彷徨いました	5
彷徨いませんでした	4
彷徨いましょう	6
彷徨わない	5
彷徨わなかった	5
彷徨った	0
彷徨って	0
彷徨っている	4
彷徨っています	4
彷徨っていた	4
彷徨っていました	6
彷徨ってる	5
彷徨ってます	7
彷徨きます	5
彷徨きません	6
彷徨きました	5
彷徨きませんでした	6
彷徨きましょう	6
彷徨かない	0
彷徨かなかった	8
彷徨いた	5
彷徨いて	0
彷徨いている	5
彷徨いています	5
彷徨いていた	5
彷徨いていました	5
彷徨いてる	5
彷徨いてます	6
拵えます	4
拵えません	5
拵えました	4
拵えませんでした	5
拵えましょう	5
拵えない	0
拵えなかった	7
拵えた	4
拵えて	0
拵えている	4
拵えています	4
拵えていた	4
拵えていました	4
拵えてる	4
拵えてます	5
揉みます	3
揉みません	4
揉みました	3
揉みませんでした	4
揉みましょう	4
揉まない	0
揉まなかった	6
揉んだ	0
揉んで	3
揉んでいる	3
揉んでいます	3
揉んでいた	3
揉んでいました	3
揉んでる	3
揉んでます	4
揉めます	3
揉めません	4
揉めました	3
揉めませんでした	4
揉めましょう	4
揉めない	0
揉めなかった	6
揉めた	3
揉めて	0
揉めている	3
揉めています	3
揉めていた	3
揉めていました	3
揉めてる	3
揉めてます	4
揶揄う	1
揶揄います	1
揶揄いません	1
揶揄いました	1
揶揄いませんでした	1
揶揄いましょう	1
揶揄わない	1
揶揄わなかった	1
揶揄った	1
揶揄って	1
揶揄っている	1
揶揄っています	1
揶揄っていた	1
揶揄っていました	1
揶揄ってる	1
揶揄ってます	1
暈します	4
暈しません	5
暈しました	4
暈しませんでした	5
暈しましょう	5
暈さない	3
暈さなかった	3
暈した	2
暈して	2
暈している	2
暈しています	2
暈していた	2
暈していました	2
暈してる	4
暈してます	2
鬱陶しく	5
鬱陶しくない	5
鬱陶しくなかった	5
鬱陶しかった	5
鬱陶しくて	5
洒落ます	3
洒落ません	4
洒落ました	3
洒落ませんでした	4
洒落ましょう	4
洒落ない	2
洒落なかった	2
洒落て	1
洒落ている	1
洒落ています	1
洒落ていた	1
洒落ていました	1
洒落てる	3
洒落てます	1
滲みます	3
滲みません	4
滲みました	3
滲みませんでした	4
滲みましょう	4
滲まない	3
滲まなかった	3
滲んだ	2
滲んで	2
滲んでいる	2
滲んでいます	2
滲んでいた	2
滲んでいました	2
滲んでる	4
滲んでます	2
炒めます	4
炒めません	5
炒めました	4
炒めませんでした	5
炒めましょう	5
炒めない	3
炒めなかった	3
炒めた	3
炒めて	3
炒めている	3
炒めています	3
炒めていた	3
炒めていました	3
炒めてる	4
炒めてます	3
狡く	2
狡くない	2
狡くなかった	2
狡かった	2
狡くて	2
痒く	2
痒くない	2
痒くなかった	2
痒かった	2
痒くて	2
痺れます	4
痺れません	5
痺れました	4
痺れませんでした	5
痺れましょう	5
痺れない	3
痺れなかった	3
痺れた	3
痺れて	3
痺れている	3
痺れています	3
痺れていた	3
痺れていました	3
痺れてる	4
痺れてます	3
眩しく	3
眩しくない	3
眩しくなかった	3
眩しかった	3
眩しくて	3
睨みます	4
睨みません	5
睨みました	4
睨みませんでした	5
睨みましょう	5
睨まない	3
睨まなかった	3
睨んだ	2
睨んで	2
睨んでいる	2
睨んでいます	2
睨んでいた	2
睨んでいました	2
睨んでる	4
睨んでます	2
翔ります	4
翔りません	5
翔りました	4
翔りませんでした	5
翔りましょう	5
翔らない	3
翔らなかった	3
翔った	2
翔って	2
翔っている	2
翔っています	2
翔っていた	2
翔っていました	2
翔ってる	4
翔ってます	2
聳えます	4
聳えません	5
聳えました	4
聳えませんでした	5
聳えましょう	5
聳えない	3
聳えなかった	3
聳えた	3
聳えて	3
聳えている	3
聳えています	3
聳えていた	3
聳えていました	3
聳えてる	4
聳えてます	3
舐めます	3
舐めません	4
舐めました	3
舐めませんでした	4
舐めましょう	4
舐めない	2
舐めなかった	2
舐めた	2
舐めて	2
舐めている	2
舐めています	2
舐めていた	2
舐めていました	2
舐めてる	3
舐めてます	2
茹でます	3
茹でません	4
茹でました	3
茹でませんでした	4
茹でましょう	4
茹でない	2
茹でなかった	2
茹でた	2
茹でて	2
茹でている	2
茹でています	2
茹でていた	2
茹でていました	2
茹でてる	3
茹でてます	2
褪せます	3
褪せません	4
褪せました	3
褪せませんでした	4
褪せましょう	4
褪せない	2
褪せなかった	2
褪せた	2
褪せて	2
褪せている	2
褪せています	2
褪せていた	2
褪せていました	2
褪せてる	3
褪せてます	2
諄く	3
諄くない	4
諄くなかった	3
諄かった	3
諄くて	0
貪ります	5
貪りません	6
貪りました	5
貪りませんでした	6
貪りましょう	6
貪らない	4
貪らなかった	4
貪った	3
貪って	3
貪っている	3
貪っています	3
貪っていた	3
貪っていました	3
貪ってる	5
貪ってます	3
貶します	4
貶しません	5
貶しました	4
貶しませんでした	5
貶しましょう	5
貶さない	0
貶さなかった	7
貶した	4
貶して	0
貶している	4
貶しています	4
貶していた	4
貶していました	4
貶してる	4
貶してます	5
齎します	5
齎しません	6
齎しました	5
齎しませんでした	6
齎しましょう	6
齎さない	4
齎さなかった	4
齎した	3
齎して	3
齎している	3
齎しています	3
齎していた	3
齎していました	3
齎してる	5
齎してます	3
跪きます	6
跪きません	7
跪きました	6
跪きませんでした	7
跪きましょう	7
跪かない	5
跪かなかった	5
跪いた	4
跪いて	4
跪いている	4
跪いています	4
跪いていた	4
跪いていました	4
跪いてる	6
跪いてます	4
蹲ります	6
蹲りません	7
蹲りました	6
蹲りませんでした	7
蹲りましょう	7
蹲らない	5
蹲らなかった	5
蹲った	4
蹲って	4
蹲っている	4
蹲っています	4
蹲っていた	4
蹲っていました	4
蹲ってる	6
蹲ってます	4
躊躇います	5
躊躇いません	6
躊躇いました	5
躊躇いませんでした	6
躊躇いましょう	0
躊躇わない	4
躊躇わなかった	4
躊躇った	3
躊躇って	3
躊躇っている	3
躊躇っています	3
躊躇っていた	3
躊躇っていました	3
躊躇ってる	5
躊躇ってます	3
躓きます	5
躓きません	6
躓きました	5
躓きませんでした	6
躓きましょう	6
躓かない	0
躓かなかった	8
躓いた	5
躓いて	0
躓いている	5
躓いています	5
躓いていた	5
躓いていました	5
躓いてる	5
躓いてます	6
逞しく	4
逞しくない	4
逞しくなかった	4
逞しかった	4
逞しくて	4
頷きます	5
頷きません	6
頷きました	5
頷きませんでした	6
頷きましょう	6
頷かない	4
頷かなかった	4
頷いた	3
頷いて	3
頷いている	3
頷いています	3
頷いていた	3
頷いていました	3
頷いてる	5
頷いてます	3
騙します	4
騙しません	5
騙しました	4
騙しませんでした	5
騙しましょう	5
騙さない	3
騙さなかった	3
騙した	2
騙して	2
騙している	2
騙しています	2
騙していた	2
騙していました	2
騙してる	4
騙してます	2
靡きます	4
靡きません	5
靡きました	4
靡きませんでした	5
靡きましょう	5
靡かない	3
靡かなかった	3
靡いた	2
靡いて	2
靡いている	2
靡いています	2
靡いていた	2
靡いていました	2
靡いてる	4
靡いてます	2
逸れます	4
逸れません	5
逸れました	4
逸れませんでした	5
逸れましょう	5
逸れない	3
逸れなかった	3
逸れた	3
逸れて	3
逸れている	3
逸れています	3
逸れていた	3
逸れていました	3
逸れてる	4
逸れてます	3
可愛く	3
可愛くない	3
可愛くなかった	3
可愛かった	3
可愛くて	3
気難しく	0
気難しくない	7
気難しくなかった	10
気難しかった	5
気難しくて	0
居ります	3
居りません	4
居りました	3
居りませんでした	4
居りましょう	4
居らない	1
居らなかった	1
居った	3
居って	1
居っている	3
居っています	3
居っていた	3
居っていました	3
居ってる	3
居ってます	4
脅かします	5
脅かしません	6
脅かしました	5
脅かしませんでした	6
脅かしましょう	6
脅かさない	5
脅かさなかった	5
脅かした	5
脅かして	0
脅かしている	5
脅かしています	5
脅かしていた	5
脅かしていました	5
脅かしてる	5
脅かしてます	6
傾きます	5
傾きません	6
傾きました	5
傾きませんでした	6
傾きましょう	6
傾かない	4
傾かなかった	4
傾いた	3
傾いて	3
傾いている	3
傾いています	3
傾いていた	3
傾いていました	3
傾いてる	5
傾いてます	3
傾げます	4
傾げません	5
傾げました	4
傾げませんでした	5
傾げましょう	5
傾げない	3
傾げなかった	3
傾げた	3
傾げて	3
傾げている	3
傾げています	3
傾げていた	3
傾げていました	3
傾げてる	4
傾げてます	3
香ばしく	4
香ばしくない	4
香ばしくなかった	4
香ばしかった	4
香ばしくて	4
寂しく	3
寂しくない	3
寂しくなかった	3
寂しかった	3
寂しくて	3
選り分けます	5
選り分けません	6
選り分けました	5
選り分けませんでした	6
選り分けましょう	6
選り分けない	4
選り分けなかった	4
選り分けた	4
選り分けて	4
選り分けている	4
選り分けています	4
選り分けていた	4
選り分けていました	4
選り分けてる	5
選り分けてます	4
束ねます	4
束ねません	5
束ねました	4
束ねませんでした	5
束ねましょう	5
束ねない	3
束ねなかった	3
束ねた	3
束ねて	3
束ねている	3
束ねています	3
束ねていた	3
束ねていました	3
束ねてる	4
束ねてます	3
打ち込みます	5
打ち込みません	6
打ち込みました	5
打ち込みませんでした	6
打ち込みましょう	6
打ち込まない	4
打ち込まなかった	4
打ち込んだ	3
打ち込んで	3
打ち込んでいる	3
打ち込んでいます	3
打ち込んでいた	3
打ち込んでいました	3
打ち込んでる	5
打ち込んでます	3
注ぎ込みます	5
注ぎ込みません	6
注ぎ込みました	5
注ぎ込みませんでした	6
注ぎ込みましょう	6
注ぎ込まない	5
注ぎ込まなかった	5
注ぎ込んだ	3
注ぎ込んで	3
注ぎ込んでいる	3
注ぎ込んでいます	3
注ぎ込んでいた	3
注ぎ込んでいました	3
注ぎ込んでる	5
注ぎ込んでます	3
つぎ込みます	5
つぎ込みません	6
つぎ込みました	5
つぎ込みませんでした	6
つぎ込みましょう	6
つぎ込まない	4
つぎ込まなかった	4
つぎ込んだ	3
つぎ込んで	3
つぎ込んでいる	3
つぎ込んでいます	3
つぎ込んでいた	3
つぎ込んでいました	3
つぎ込んでる	5
つぎ込んでます	3
注ぎます	4
注ぎません	5
注ぎました	4
注ぎませんでした	5
注ぎましょう	5
注がない	0
注がなかった	7
注いだ	1
注いで	1
注いでいる	4
注いでいます	4
注いでいた	4
注いでいました	4
注いでる	4
注いでます	5
剃ります	3
剃りません	4
剃りました	3
剃りませんでした	4
剃りましょう	4
剃らない	2
剃らなかった	2
剃った	1
剃って	1
剃っている	1
剃っています	1
剃っていた	1
剃っていました	1
剃ってる	3
剃ってます	1
転びます	4
転びません	5
転びました	4
転びませんでした	5
転びましょう	5
転ばない	0
転ばなかった	7
転んだ	0
転んで	4
転んでいる	4
転んでいます	4
転んでいた	4
転んでいました	4
転んでる	4
転んでます	5
灯します	4
灯しません	5
灯しました	4
灯しませんでした	5
灯しましょう	5
灯さない	3
灯さなかった	3
灯した	2
灯して	2
灯している	2
灯しています	2
灯していた	2
灯していました	2
灯してる	4
灯してます	2
鈍く	2
鈍くない	2
鈍くなかった	2
鈍かった	2
鈍くて	2
燃やします	4
燃やしません	5
燃やしました	4
燃やしませんでした	5
燃やしましょう	5
燃やさない	0
燃やさなかった	7
燃やした	4
燃やして	0
燃やしている	4
燃やしています	4
燃やしていた	4
燃やしていました	4
燃やしてる	4
燃やしてます	5
剥ぎます	3
剥ぎません	4
剥ぎました	3
剥ぎませんでした	4
剥ぎましょう	4
剥がない	2
剥がなかった	2
剥いだ	0
剥いで	1
剥いでいる	1
剥いでいます	1
剥いでいた	1
剥いでいました	1
剥いでる	3
剥いでます	1
避けます	3
避けません	4
避けました	3
避けませんでした	4
避けましょう	4
避けない	2
避けなかった	2
避けた	2
避けて	2
避けている	2
避けています	2
避けていた	2
避けていました	2
避けてる	3
避けてます	2
描きます	4
描きません	5
描きました	4
描きませんでした	5
描きましょう	5
描かない	3
描かなかった	3
描いた	2
描いて	2
描いている	2
描いています	2
描いていた	2
描いていました	2
描いてる	4
描いてます	2
侮ります	5
侮りません	6
侮りました	5
侮りませんでした	6
侮りましょう	6
侮らない	4
侮らなかった	4
侮った	3
侮って	3
侮っている	3
侮っています	3
侮っていた	3
侮っていました	3
侮ってる	5
侮ってます	3
包みます	4
包みません	5
包みました	4
包みませんでした	5
包みましょう	5
包まない	3
包まなかった	3
包んだ	2
包んで	2
包んでいる	2
包んでいます	2
包んでいた	2
包んでいました	2
包んでる	4
包んでます	2
抱きます	4
抱きません	5
抱きました	4
抱きませんでした	5
抱きましょう	5
抱かない	3
抱かなかった	3
抱いた	3
抱いて	0
抱いている	3
抱いています	3
抱いていた	3
抱いていました	3
抱いてる	3
抱いてます	4
乏しく	3
乏しくない	3
乏しくなかった	3
乏しかった	3
乏しくて	3
埋まります	4
埋まりません	5
埋まりました	4
埋まりませんでした	5
埋まりましょう	5
埋まらない	0
埋まらなかった	8
埋まった	4
埋まって	0
埋まっている	4
埋まっています	4
埋まっていた	4
埋まっていました	4
埋まってる	4
埋まってます	5
味気なく	0
味気なくない	4
味気なくなかった	4
味気なかった	7
味気なくて	0
揺ります	3
揺りません	4
揺りました	3
揺りませんでした	4
揺りましょう	4
揺らない	0
揺らなかった	6
揺った	3
揺って	0
揺っている	3
揺っています	3
揺っていた	3
揺っていました	3
揺ってる	3
揺ってます	4
歪みます	4
歪みません	5
歪みました	4
歪みませんでした	5
歪みましょう	5
歪まない	0
歪まなかった	7
歪んだ	0
歪んで	4
歪んでいる	4
歪んでいます	4
歪んでいた	4
歪んでいました	4
歪んでる	4
歪んでます	5
瞑ります	4
瞑りません	5
瞑りました	4
瞑りませんでした	5
瞑りましょう	5
瞑らない	0
瞑らなかった	7
瞑った	4
瞑って	0
瞑っている	4
瞑っています	4
瞑っていた	4
瞑っていました	4
瞑ってる	4
瞑ってます	5
飽きます	3
飽きません	4
飽きました	3
飽きませんでした	4
飽きましょう	4
飽きない	2
飽きなかった	2
飽きた	2
飽きて	2
飽きている	2
飽きています	2
飽きていた	2
飽きていました	2
飽きてる	3
飽きてます	2
空きます	3
空きません	4
空きました	3
空きませんでした	4
空きましょう	4
空かない	0
空かなかった	6
空いた	3
空いて	0
空いている	3
空いています	3
空いていた	3
空いていました	3
空いてる	3
空いてます	4
暖かく	4
暖かくない	4
暖かくなかった	4
暖かかった	4
暖かくて	4
温まります	6
温まりません	7
温まりました	6
温まりませんでした	7
温まりましょう	7
温まらない	5
温まらなかった	5
温まった	4
温まって	4
温まっている	4
温まっています	4
温まっていた	4
温まっていました	4
温まってる	6
温まってます	4
温めます	5
温めません	6
温めました	5
温めませんでした	6
温めましょう	6
温めない	4
温めなかった	4
温めた	4
温めて	4
温めている	4
温めています	4
温めていた	4
温めていました	4
温めてる	5
温めてます	4
当てはめます	5
当てはめません	6
当てはめました	5
当てはめませんでした	6
当てはめましょう	6
当てはめない	4
当てはめなかった	4
当てはめた	4
当てはめて	4
当てはめている	4
当てはめています	4
当てはめていた	4
当てはめていました	4
当てはめてる	5
当てはめてます	4
怪しく	3
怪しくない	3
怪しくなかった	3
怪しかった	3
怪しくて	3
荒々しく	5
荒々しくない	5
荒々しくなかった	5
荒々しかった	5
荒々しくて	5
言います	3
言いません	4
言いました	3
言いませんでした	4
言いましょう	4
言わない	0
言わなかった	6
言った	3
言って	0
言っている	3
言っています	3
言っていた	3
言っていました	3
言ってる	3
言ってます	4
生かします	4
生かしません	5
生かしました	4
生かしませんでした	5
生かしましょう	5
生かさない	3
生かさなかった	3
生かした	2
生かして	2
生かしている	2
生かしています	2
生かしていた	2
生かしていました	2
生かしてる	4
生かしてます	2
行き渡ります	6
行き渡りません	7
行き渡りました	6
行き渡りませんでした	7
行き渡りましょう	7
行き渡らない	5
行き渡らなかった	5
行き渡った	4
行き渡って	4
行き渡っている	4
行き渡っています	4
行き渡っていた	4
行き渡っていました	4
行き渡ってる	6
行き渡ってます	4
頂きます	5
頂きません	6
頂きました	5
頂きませんでした	6
頂きましょう	6
頂かない	0
頂かなかった	8
頂いた	5
頂いて	0
頂いている	5
頂いています	5
頂いていた	5
頂いていました	5
頂いてる	5
頂いてます	6
位置付けます	5
位置付けません	6
位置付けました	5
位置付けませんでした	6
位置付けましょう	6
位置付けない	4
位置付けなかった	4
位置付けた	4
位置付けて	4
位置付けている	4
位置付けています	4
位置付けていた	4
位置付けていました	4
位置付けてる	5
位置付けてます	4
印象付けます	4
印象付けません	4
印象付けました	4
印象付けませんでした	4
印象付けましょう	4
印象付けない	4
印象付けなかった	4
印象付けた	4
印象付けて	4
印象付けている	4
印象付けています	4
印象付けていた	4
印象付けていました	4
印象付けてる	4
印象付けてます	4
歌います	4
歌いません	5
歌いました	4
歌いませんでした	5
歌いましょう	5
歌わない	0
歌わなかった	7
歌った	4
歌って	0
歌っている	4
歌っています	4
歌っていた	4
歌っていました	4
歌ってる	4
歌ってます	5
打ち明けます	5
打ち明けません	6
打ち明けました	5
打ち明けませんでした	6
打ち明けましょう	6
打ち明けない	4
打ち明けなかった	4
打ち明けた	4
打ち明けて	4
打ち明けている	4
打ち明けています	4
打ち明けていた	4
打ち明けていました	4
打ち明けてる	5
打ち明けてます	4
打ち合わせます	6
打ち合わせません	7
打ち合わせました	6
打ち合わせませんでした	7
打ち合わせましょう	7
打ち合わせない	5
打ち合わせなかった	5
打ち合わせた	5
打ち合わせて	5
打ち合わせている	5
打ち合わせています	5
打ち合わせていた	5
打ち合わせていました	5
打ち合わせてる	6
打ち合わせてます	5
写します	4
写しません	5
写しました	4
写しませんでした	5
写しましょう	5
写さない	3
写さなかった	3
写した	3
写して	3
写している	3
写しています	3
写していた	3
写していました	3
写してる	4
写してます	3
映します	4
映しません	5
映しました	4
映しませんでした	5
映しましょう	5
映さない	3
映さなかった	3
映した	2
映して	2
映している	2
映しています	2
映していた	2
映していました	2
映してる	4
映してます	2
生みます	3
生みません	4
生みました	3
生みませんでした	4
生みましょう	4
生まない	0
生まなかった	6
生んだ	0
生んで	3
生んでいる	3
生んでいます	3
生んでいた	3
生んでいました	3
生んでる	3
生んでます	4
憂えます	4
憂えません	5
憂えました	4
憂えませんでした	5
憂えましょう	5
憂えない	3
憂えなかった	3
憂えた	3
憂えて	3
憂えている	3
憂えています	3
憂えていた	3
憂えていました	3
憂えてる	4
憂えてます	3
選びます	4
選びません	5
選びました	4
選びませんでした	5
選びましょう	5
選ばない	3
選ばなかった	3
選んだ	2
選んで	2
選んでいる	2
選んでいます	2
選んでいた	2
選んでいました	2
選んでる	4
選んでます	2
追いつきます	5
追いつきません	6
追いつきました	5
追いつきませんでした	6
追いつきましょう	6
追いつかない	4
追いつかなかった	4
追いついた	3
追いついて	3
追いついている	3
追いついています	3
追いついていた	3
追いついていました	3
追いついてる	5
追いついてます	3
覆います	4
覆いません	5
覆いました	4
覆いませんでした	5
覆いましょう	5
覆わない	0
覆わなかった	7
覆った	4
覆って	0
覆っている	4
覆っています	4
覆っていた	4
覆っていました	4
覆ってる	4
覆ってます	5
大きくない	1
大きくなかった	1
大きかった	3
大きくて	1
遅れます	4
遅れません	5
遅れました	4
遅れませんでした	5
遅れましょう	5
遅れない	0
遅れなかった	7
遅れた	4
遅れて	0
遅れている	4
遅れています	4
遅れていた	4
遅れていました	4
遅れてる	4
遅れてます	5
行います	5
行いません	6
行いました	5
行いませんでした	6
行いましょう	6
行わない	0
行わなかった	8
押さえます	4
押さえません	5
押さえました	4
押さえませんでした	5
押さえましょう	5
押さえない	3
押さえなかった	3
押さえた	2
押さえて	2
押さえている	2
押さえています	2
押さえていた	2
押さえていました	2
押さえてる	4
押さえてます	2
収めます	4
収めません	5
収めました	4
収めませんでした	5
収めましょう	5
収めない	3
収めなかった	3
収めた	3
収めて	3
収めている	3
収めています	3
収めていた	3
収めていました	3
収めてる	4
収めてます	3
恐れます	4
恐れません	5
恐れました	4
恐れませんでした	5
恐れましょう	5
恐れない	3
恐れなかった	3
恐れた	3
恐れて	3
恐れている	3
恐れています	3
恐れていた	3
恐れていました	3
恐れてる	4
恐れてます	3
落ち着きます	5
落ち着きません	6
落ち着きました	5
落ち着きませんでした	6
落ち着きましょう	6
落ち着かない	0
落ち着かなかった	8
落ち着いた	5
落ち着いて	0
落ち着いている	5
落ち着いています	5
落ち着いていた	5
落ち着いていました	5
落ち着いてる	5
落ち着いてます	6
落とします	4
落としません	5
落としました	4
落としませんでした	5
落としましょう	5
落とさない	3
落とさなかった	3
落とした	3
落として	3
落としている	3
落としています	3
落としていた	3
落としていました	3
落としてる	4
落としてます	3
思いつきます	6
思いつきません	7
思いつきました	6
思いつきませんでした	7
思いつきましょう	7
思いつかない	5
思いつかなかった	5
思いついた	4
思いついて	4
思いついている	4
思いついています	4
思いついていた	4
思いついていました	4
思いついてる	6
思いついてます	4
思います	4
思いません	5
思いました	4
思いませんでした	5
思いましょう	5
思わない	3
思わなかった	3
思った	2
思って	2
思っている	2
思っています	2
思っていた	2
思っていました	2
思ってる	4
思ってます	2
降りない	2
降りなかった	2
降りた	2
降りて	2
降りている	2
降りています	2
降りていた	2
降りていました	2
降りてる	3
降りてます	2
下ろします	4
下ろしません	5
下ろしました	4
下ろしませんでした	5
下ろしましょう	5
下ろさない	3
下ろさなかった	3
下ろした	3
下ろして	3
下ろしている	3
下ろしています	3
下ろしていた	3
下ろしていました	3
下ろしてる	4
下ろしてます	3
終わります	4
終わりません	5
終わりました	4
終わりませんでした	5
終わりましょう	5
終わらない	0
終わらなかった	7
終わった	4
終わって	0
終わっている	4
終わっています	4
終わっていた	4
終わっていました	4
終わってる	4
終わってます	5
替えます	3
替えません	4
替えました	3
替えませんでした	4
替えましょう	4
替えない	0
替えなかった	6
替えた	3
替えて	0
替えている	3
替えています	3
替えていた	3
替えていました	3
替えてる	3
替えてます	4
香ります	4
香りません	5
香りました	4
香りませんでした	5
香りましょう	5
香らない	0
香らなかった	7
香った	4
香って	0
香っている	4
香っています	4
香っていた	4
香っていました	4
香ってる	4
香ってます	5
関わります	5
関わりません	6
関わりました	5
関わりませんでした	6
関わりましょう	6
関わらない	4
関わらなかった	4
関わった	3
関わって	3
関わっている	3
関わっています	3
関わっていた	3
関わっていました	3
関わってる	5
関わってます	3
書き換えます	5
書き換えません	6
書き換えました	5
書き換えませんでした	6
書き換えましょう	6
書き換えない	4
書き換えなかった	4
書き換えた	4
書き換えて	4
書き換えている	4
書き換えています	4
書き換えていた	4
書き換えていました	4
書き換えてる	5
書き換えてます	4
駆けつけます	5
駆けつけません	6
駆けつけました	5
駆けつけませんでした	6
駆けつけましょう	6
駆けつけない	4
駆けつけなかった	4
駆けつけた	4
駆けつけて	4
駆けつけている	4
駆けつけています	4
駆けつけていた	4
駆けつけていました	4
駆けつけてる	5
駆けつけてます	4
かけ離れます	6
かけ離れません	7
かけ離れました	6
かけ離れませんでした	7
かけ離れましょう	7
かけ離れない	5
かけ離れなかった	5
かけ離れた	5
かけ離れて	5
かけ離れている	5
かけ離れています	5
かけ離れていた	5
かけ離れていました	5
かけ離れてる	6
かけ離れてます	5
偏ります	5
偏りません	6
偏りました	5
偏りませんでした	6
偏りましょう	6
偏らない	4
偏らなかった	4
偏った	3
偏って	3
偏っている	3
偏っています	3
偏っていた	3
偏っていました	3
偏ってる	5
偏ってます	3
交わします	4
交わしません	5
交わしました	4
交わしませんでした	5
交わしましょう	5
交わさない	0
交わさなかった	7
交わした	4
交わして	0
交わしている	4
交わしています	4
交わしていた	4
交わしていました	4
交わしてる	4
交わしてます	5
替わります	4
替わりません	5
替わりました	4
替わりませんでした	5
替わりましょう	5
替わらない	0
替わらなかった	7
替わった	4
替わって	0
替わっている	4
替わっています	4
替わっていた	4
替わっていました	4
替わってる	4
替わってます	5
効きます	3
効きません	4
効きました	3
効きませんでした	4
効きましょう	4
効かない	0
効かなかった	6
効いた	3
効いて	0
効いている	3
効いています	3
効いていた	3
効いていました	3
効いてる	3
効いてます	4
聞きます	3
聞きません	4
聞きました	3
聞きませんでした	4
聞きましょう	4
聞かない	0
聞かなかった	6
聞いた	3
聞いて	0
聞いている	3
聞いています	3
聞いていた	3
聞いていました	3
聞いてる	3
聞いてます	4
聞こえます	4
聞こえません	5
聞こえました	4
聞こえませんでした	5
聞こえましょう	5
聞こえない	0
聞こえなかった	7
聞こえた	4
聞こえて	0
聞こえている	4
聞こえています	4
聞こえていた	4
聞こえていました	4
聞こえてる	4
聞こえてます	5
傷つきます	5
傷つきません	6
傷つきました	5
傷つきませんでした	6
傷つきましょう	6
傷つかない	4
傷つかなかった	4
傷ついた	3
傷ついて	3
傷ついている	3
傷ついています	3
傷ついていた	3
傷ついていました	3
傷ついてる	5
傷ついてます	3
気づきます	4
気づきません	5
気づきました	4
気づきませんでした	5
気づきましょう	5
気づかない	3
気づかなかった	3
気づいた	2
気づいて	2
気づいている	2
気づいています	2
気づいていた	2
気づいていました	2
気づいてる	4
気づいてます	2
決まります	4
決まりません	5
決まりました	4
決まりませんでした	5
決まりましょう	5
決まらない	0
決まらなかった	7
決まった	4
決まっている	4
決まっています	4
決まっていた	4
決まっていました	4
決まってる	4
決まってます	5
切り替えます	5
切り替えません	6
切り替えました	5
切り替えませんでした	6
切り替えましょう	6
切り替えない	0
切り替えなかった	8
切り替えた	5
切り替えて	0
切り替えている	5
切り替えています	5
切り替えていた	5
切り替えていました	5
切り替えてる	5
切り替えてます	6
切り捨てます	5
切り捨てません	6
切り捨てました	5
切り捨てませんでした	6
切り捨てましょう	6
切り捨てない	0
切り捨てなかった	8
切り捨てた	5
切り捨てて	0
切り捨てている	5
切り捨てています	5
切り捨てていた	5
切り捨てていました	5
切り捨ててる	5
切り捨ててます	6
極まります	5
極まりません	6
極まりました	5
極まりませんでした	6
極まりましょう	6
極まらない	4
極まらなかった	4
極まった	3
極まって	3
極まっている	3
極まっています	3
極まっていた	3
極まっていました	3
極まってる	5
極まってます	3
極めます	4
極めません	5
極めました	4
極めませんでした	5
極めましょう	5
極めない	3
極めなかった	3
極めた	3
極めている	3
極めています	3
極めていた	3
極めていました	2
極めてる	4
極めてます	3
食います	3
食いません	4
食いました	3
食いませんでした	4
食いましょう	4
食わない	2
食わなかった	2
食った	1
食って	1
食っている	1
食っています	1
食っていた	1
食っていました	1
食ってる	3
食ってます	1
区切ります	4
区切りません	5
区切りました	4
区切りませんでした	5
区切りましょう	5
区切らない	3
区切らなかった	3
区切った	2
区切って	2
区切っている	2
区切っています	2
区切っていた	2
区切っていました	2
区切ってる	4
区切ってます	2
悔しく	3
悔しくない	3
悔しくなかった	3
悔しかった	3
悔しくて	3
越えます	3
越えません	4
越えました	3
越えませんでした	4
越えましょう	4
越えない	0
越えなかった	6
越えた	3
越えて	0
越えている	3
越えています	3
越えていた	3
越えていました	3
越えてる	3
越えてます	4
凍ります	4
凍りません	5
凍りました	4
凍りませんでした	5
凍りましょう	5
凍らない	0
凍らなかった	7
凍った	4
凍って	0
凍っている	4
凍っています	4
凍っていた	4
凍っていました	4
凍ってる	4
凍ってます	5
込みます	3
込みません	4
込みました	3
込みませんでした	4
込みましょう	4
込まない	2
込まなかった	2
込んだ	1
込んで	1
込んでいる	1
込んでいます	1
込んでいた	1
込んでいました	1
込んでる	3
込んでます	1
籠もります	4
籠もりません	5
籠もりました	4
籠もりませんでした	5
籠もりましょう	5
籠もらない	3
籠もらなかった	3
籠もった	2
籠もって	2
籠もっている	2
籠もっています	2
籠もっていた	2
籠もっていました	2
籠もってる	4
籠もってます	2
怖く	2
怖くない	2
怖くなかった	2
怖かった	2
怖くて	2
探し回ります	7
探し回りません	8
探し回りました	7
探し回りませんでした	8
探し回りましょう	8
探し回らない	6
探し回らなかった	6
探し回った	5
探し回って	5
探し回っている	5
探し回っています	5
探し回っていた	5
探し回っていました	5
探し回ってる	7
探し回ってます	5
探します	4
探しません	5
探しました	4
探しませんでした	5
探しましょう	5
探さない	0
探さなかった	7
探した	4
探して	0
探している	4
探しています	4
探していた	4
探していました	4
探してる	4
探してます	5
浚います	4
浚いません	5
浚いました	4
浚いませんでした	5
浚いましょう	5
浚わない	0
浚わなかった	7
浚った	4
浚って	0
浚っている	4
浚っています	4
浚っていた	4
浚っていました	4
浚ってる	4
浚ってます	5
晒します	4
晒しません	5
晒しました	4
晒しませんでした	5
晒しましょう	5
晒さない	0
晒さなかった	7
晒した	4
晒して	0
晒している	4
晒しています	4
晒していた	4
晒していました	4
晒してる	4
晒してます	5
静まります	5
静まりません	6
静まりました	5
静まりませんでした	6
静まりましょう	6
静まらない	4
静まらなかった	4
静まった	3
静まって	3
静まっている	3
静まっています	3
静まっていた	3
静まっていました	3
静まってる	5
静まってます	3
静めます	4
静めません	5
静めました	4
静めませんでした	5
静めましょう	5
静めない	0
静めなかった	7
静めた	4
静めて	0
静めている	4
静めています	4
静めていた	4
静めていました	4
静めてる	4
静めてます	5
絞ります	4
絞りません	5
絞りました	4
絞りませんでした	5
絞りましょう	5
絞らない	3
絞らなかった	3
絞った	2
絞って	2
絞っている	2
絞っています	2
絞っていた	2
絞っていました	2
絞ってる	4
絞ってます	2
締め切ります	5
締め切りません	6
締め切りました	5
締め切りませんでした	6
締め切りましょう	6
締め切らない	4
締め切らなかった	4
締め切った	3
締め切って	3
締め切っている	3
締め切っています	3
締め切っていた	3
締め切っていました	3
締め切ってる	5
締め切ってます	3
締め出します	5
締め出しません	6
締め出しました	5
締め出しませんでした	6
締め出しましょう	6
締め出さない	4
締め出さなかった	4
締め出した	3
締め出して	3
締め出している	3
締め出しています	3
締め出していた	3
締め出していました	3
締め出してる	5
締め出してます	3
退きます	5
退きません	6
退きました	5
退きませんでした	6
退きましょう	6
退かない	4
退かなかった	4
退いた	3
退いて	3
退いている	3
退いています	3
退いていた	3
退いていました	3
退いてる	5
退いてます	3
清々しく	5
清々しくない	5
清々しくなかった	5
清々しかった	5
清々しくて	5
凄まじく	4
凄まじくない	4
凄まじくなかった	4
凄まじかった	4
凄まじくて	4
勧めます	4
勧めません	5
勧めました	4
勧めませんでした	5
勧めましょう	5
勧めない	0
勧めなかった	7
勧めた	4
勧めて	0
勧めている	4
勧めています	4
勧めていた	4
勧めていました	4
勧めてる	4
勧めてます	5
図々しく	5
図々しくない	5
図々しくなかった	5
図々しかった	5
図々しくて	5
騒々しく	5
騒々しくない	5
騒々しくなかった	5
騒々しかった	5
騒々しくて	5
添えます	3
添えません	4
添えました	3
添えませんでした	4
添えましょう	4
添えない	2
添えなかった	2
添えた	2
添えて	2
添えている	2
添えています	2
添えていた	2
添えていました	2
添えてる	3
添えてます	2
損ないます	5
損ないません	6
損ないました	5
損ないませんでした	6
損ないましょう	6
損なわない	4
損なわなかった	4
損なった	3
損なって	3
損なっている	3
損なっています	3
損なっていた	3
損なっていました	3
損なってる	5
損なってます	3
備わります	5
備わりません	6
備わりました	5
備わりませんでした	6
備わりましょう	6
備わらない	4
備わらなかった	4
備わった	3
備わって	3
備わっている	3
備わっています	3
備わっていた	3
備わっていました	3
備わってる	5
備わってます	3
炊きます	3
炊きません	4
炊きました	3
炊きませんでした	4
炊きましょう	4
炊かない	0
炊かなかった	6
炊いた	3
炊いて	0
炊いている	3
炊いています	3
炊いていた	3
炊いていました	3
炊いてる	3
炊いてます	4
焚きます	3
焚きません	4
焚きました	3
焚きませんでした	4
焚きましょう	4
焚かない	0
焚かなかった	6
焚いた	3
焚いて	0
焚いている	3
焚いています	3
焚いていた	3
焚いていました	3
焚いてる	3
焚いてます	4
蓄えます	5
蓄えません	6
蓄えました	5
蓄えませんでした	6
蓄えましょう	6
蓄えない	4
蓄えなかった	4
蓄えた	3
蓄えて	3
蓄えている	3
蓄えています	3
蓄えていた	3
蓄えていました	3
蓄えてる	5
蓄えてます	3
戦います	5
戦いません	6
戦いました	5
戦いませんでした	6
戦いましょう	6
戦わない	0
戦わなかった	8
戦った	5
戦って	0
戦っている	5
戦っています	5
戦っていた	5
戦っていました	5
戦ってる	5
戦ってます	6
断ちます	3
断ちません	4
断ちました	3
断ちませんでした	4
断ちましょう	4
断たない	2
断たなかった	2
立ちます	3
立ちません	4
立ちました	3
立ちませんでした	4
立ちましょう	4
立たない	2
立たなかった	2
立った	1
立って	1
立っている	1
立っています	1
立っていた	1
立っていました	1
立ってる	3
立ってます	1
建ちます	3
建ちません	4
建ちました	3
建ちませんでした	4
建ちましょう	4
建たない	2
建たなかった	2
建った	1
建って	1
建っている	1
建っています	1
建っていた	1
建っていました	1
建ってる	3
建ってます	1
立て込みます	5
立て込みません	6
立て込みました	5
立て込みませんでした	6
立て込みましょう	6
立て込まない	0
立て込まなかった	8
立て込んだ	0
立て込んで	5
立て込んでいる	5
立て込んでいます	5
立て込んでいた	5
立て込んでいました	5
立て込んでる	5
立て込んでます	6
例えます	4
例えません	5
例えました	4
例えませんでした	5
例えましょう	5
例えない	3
例えなかった	3
例えた	3
例えて	3
例えている	3
例えています	3
例えていた	3
例えていました	3
例えてる	4
例えてます	3
頼ります	4
頼りません	5
頼りました	4
頼りませんでした	5
頼りましょう	5
頼らない	3
頼らなかった	3
頼った	2
頼って	2
頼っている	2
頼っています	2
頼っていた	2
頼っていました	2
頼ってる	4
頼ってます	2
捕まえます	5
捕まえません	6
捕まえました	5
捕まえませんでした	6
捕まえましょう	6
捕まえない	0
捕まえなかった	8
捕まえた	5
捕まえて	0
捕まえている	5
捕まえています	5
捕まえていた	5
捕まえていました	5
捕まえてる	5
捕まえてます	6
付き合います	5
付き合いません	6
付き合いました	5
付き合いませんでした	6
付き合いましょう	6
付き合わない	4
付き合わなかった	4
付き合った	3
付き合って	3
付き合っている	3
付き合っています	3
付き合っていた	3
付き合っていました	3
付き合ってる	5
付き合ってます	3
作ります	4
作りません	5
作りました	4
作りませんでした	5
作りましょう	5
作らない	3
作らなかった	3
作った	2
作って	2
作っている	2
作っています	2
作っていた	2
作っていました	2
作ってる	4
作ってます	2
慎みます	5
慎みません	6
慎みました	5
慎みませんでした	6
慎みましょう	6
慎まない	4
慎まなかった	4
慎んだ	3
慎んで	3
慎んでいる	3
慎んでいます	3
慎んでいた	3
慎んでいました	3
慎んでる	5
慎んでます	3
出会います	4
出会いません	5
出会いました	4
出会いませんでした	5
出会いましょう	5
出会わない	3
出会わなかった	3
出会った	2
出会って	2
出会っている	2
出会っています	2
出会っていた	2
出会っていました	2
出会ってる	4
出会ってます	2
出かけます	4
出かけません	5
出かけました	4
出かけませんでした	5
出かけましょう	5
出かけない	0
出かけなかった	7
出かけた	4
出かけて	0
出かけている	4
出かけています	4
出かけていた	4
出かけていました	4
出かけてる	4
出かけてます	5
尊く	3
尊くない	3
尊くなかった	3
尊かった	3
尊くて	3
尊びます	5
尊びません	6
尊びました	5
尊びませんでした	6
尊びましょう	6
尊ばない	4
尊ばなかった	4
尊んだ	3
尊んで	3
尊んでいる	3
尊んでいます	3
尊んでいた	3
尊んでいました	3
尊んでる	5
尊んでます	3
途切れます	4
途切れません	5
途切れました	4
途切れませんでした	5
途切れましょう	5
途切れない	3
途切れなかった	3
途切れた	3
途切れて	3
途切れている	3
途切れています	3
途切れていた	3
途切れていました	3
途切れてる	4
途切れてます	3
研ぎます	3
研ぎません	4
研ぎました	3
研ぎませんでした	4
研ぎましょう	4
研がない	2
研がなかった	2
研いだ	0
研いで	1
研いでいる	1
研いでいます	1
研いでいた	1
研いでいました	1
研いでる	4
研いでます	1
整います	5
整いません	6
整いました	5
整いませんでした	6
整いましょう	6
整わない	4
整わなかった	4
整った	3
整って	3
整っている	3
整っています	3
整っていた	3
整っていました	3
整ってる	5
整ってます	3
留めます	3
留めません	4
留めました	3
留めませんでした	4
留めましょう	4
留めない	0
留めなかった	6
留めた	3
留めて	0
留めている	3
留めています	3
留めていた	3
留めていました	3
留めてる	3
留めてます	4
隣り合います	6
隣り合いません	7
隣り合いました	6
隣り合いませんでした	7
隣り合いましょう	7
隣り合わない	0
隣り合わなかった	9
隣り合った	6
隣り合って	0
隣り合っている	6
隣り合っています	6
隣り合っていた	6
隣り合っていました	6
隣り合ってる	6
隣り合ってます	7
飛び降ります	5
飛び降りません	6
飛び降りました	5
飛び降りませんでした	6
飛び降りましょう	6
飛び降りない	4
飛び降りなかった	4
飛び降りた	4
飛び降りて	4
飛び降りている	4
飛び降りています	4
飛び降りていた	4
飛び降りていました	4
飛び降りてる	5
飛び降りてます	4
飛び込みます	5
飛び込みません	6
飛び込みました	5
飛び込みませんでした	6
飛び込みましょう	6
飛び込まない	4
飛び込まなかった	4
飛び込んだ	3
飛び込んで	3
飛び込んでいる	3
飛び込んでいます	3
飛び込んでいた	3
飛び込んでいました	3
飛び込んでる	5
飛び込んでます	3
捉えます	4
捉えません	5
捉えました	4
捉えませんでした	5
捉えましょう	5
捉えない	3
捉えなかった	3
捉えた	3
捉えて	3
捉えている	3
捉えています	3
捉えていた	3
捉えていました	3
捉えてる	4
捉えてます	3
囚われます	5
囚われません	6
囚われました	5
囚われませんでした	6
囚われましょう	6
囚われない	4
囚われなかった	4
囚われた	4
囚われて	4
囚われている	4
囚われています	4
囚われていた	4
囚われていました	4
囚われてる	5
囚われてます	4
採ります	3
採りません	4
採りました	3
採りませんでした	4
採りましょう	4
採らない	2
採らなかった	2
採った	1
採って	1
採っている	1
採っています	1
採っていた	1
採っていました	1
採ってる	3
採ってます	1
執ります	3
執りません	4
執りました	3
執りませんでした	4
執りましょう	4
執らない	2
執らなかった	2
執った	1
執って	1
執っている	1
執っています	1
執っていた	1
執っていました	1
執ってる	3
執ってます	1
直します	4
直しません	5
直しました	4
直しませんでした	5
直しましょう	5
直さない	3
直さなかった	3
直した	3
直して	3
直している	3
直しています	3
直していた	3
直していました	3
直してる	4
直してます	3
治ります	4
治りません	5
治りました	4
治りませんでした	5
治りましょう	5
治らない	3
治らなかった	3
治った	2
治って	2
治っている	2
治っています	2
治っていた	2
治っていました	2
治ってる	4
治ってます	2
情けなく	4
情けなくない	4
情けなくなかった	4
情けなかった	4
情けなくて	4
情け深く	5
情け深くない	5
情け深くなかった	5
情け深かった	5
情け深くて	5
何気なくない	4
何気なくなかった	4
何気なかった	4
何気なくて	4
生々しく	5
生々しくない	5
生々しくなかった	5
生々しかった	5
生々しくて	5
倣います	4
倣いません	5
倣いました	4
倣いませんでした	5
倣いましょう	5
倣わない	3
倣わなかった	3
倣った	2
倣って	2
倣っている	2
倣っています	2
倣っていた	2
倣っていました	2
倣ってる	4
倣ってます	2
匂います	4
匂いません	5
匂いました	4
匂いませんでした	5
匂いましょう	5
匂わない	3
匂わなかった	3
匂った	2
匂って	2
匂っている	2
匂っています	2
匂っていた	2
匂っていました	2
匂ってる	4
匂ってます	2
担います	4
担いません	5
担いました	4
担いませんでした	5
担いましょう	5
担わない	3
担わなかった	3
担った	2
担って	2
担っている	2
担っています	2
担っていた	2
担っていました	2
担ってる	4
担ってます	2
寝転びます	5
寝転びません	6
寝転びました	5
寝転びませんでした	6
寝転びましょう	6
寝転ばない	4
寝転ばなかった	4
寝転んだ	3
寝転んで	3
寝転んでいる	3
寝転んでいます	3
寝転んでいた	3
寝転んでいました	3
寝転んでる	5
寝転んでます	3
残します	4
残しません	5
残しました	4
残しませんでした	5
残しましょう	5
残さない	3
残さなかった	3
残した	2
残して	2
残している	2
残しています	2
残していた	2
残していました	2
残してる	4
残してます	2
乗せます	3
乗せません	4
乗せました	3
乗せませんでした	4
乗せましょう	4
乗せない	0
乗せなかった	6
乗せた	3
乗せて	0
乗せている	3
乗せています	3
乗せていた	3
乗せていました	3
乗せてる	3
乗せてます	4
伸ばします	4
伸ばしません	5
伸ばしました	4
伸ばしませんでした	5
伸ばしましょう	5
伸ばさない	3
伸ばさなかった	3
伸ばした	2
伸ばして	2
伸ばしている	2
伸ばしています	2
伸ばしていた	2
伸ばしていました	2
伸ばしてる	4
伸ばしてます	2
飲み込みます	5
飲み込みません	6
飲み込みました	5
飲み込みませんでした	6
飲み込みましょう	6
飲み込まない	4
飲み込まなかった	4
飲み込んだ	3
飲み込んで	3
飲み込んでいる	3
飲み込んでいます	3
飲み込んでいた	3
飲み込んでいました	3
飲み込んでる	5
飲み込んでます	3
乗り換えます	5
乗り換えません	6
乗り換えました	5
乗り換えませんでした	6
乗り換えましょう	6
乗り換えない	4
乗り換えなかった	4
乗り換えた	4
乗り換えて	4
乗り換えている	4
乗り換えています	4
乗り換えていた	4
乗り換えていました	4
乗り換えてる	5
乗り換えてます	4
映えます	3
映えません	4
映えました	3
映えませんでした	4
映えましょう	4
映えない	2
映えなかった	2
映えた	2
映えて	2
映えている	2
映えています	2
映えていた	2
映えていました	2
映えてる	3
映えてます	2
儚く	3
儚くない	3
儚くなかった	3
儚かった	3
儚くて	3
計ります	4
計りません	5
計りました	4
計りませんでした	5
計りましょう	5
計らない	3
計らなかった	3
計った	2
計って	2
計っている	2
計っています	2
計っていた	2
計っていました	2
計ってる	4
計ってます	2
図ります	4
図りません	5
図りました	4
図りませんでした	5
図りましょう	5
図らない	3
図らなかった	3
図った	2
図って	2
図っている	2
図っています	2
図っていた	2
図っていました	2
図ってる	4
図ってます	2
剥がします	4
剥がしません	5
剥がしました	4
剥がしませんでした	5
剥がしましょう	5
剥がさない	3
剥がさなかった	3
剥がした	2
剥がして	2
剥がしている	2
剥がしています	2
剥がしていた	2
剥がしていました	2
剥がしてる	4
剥がしてます	2
育みます	5
育みません	6
育みました	5
育みませんでした	6
育みましょう	6
育まない	4
育まなかった	4
育んだ	3
育んで	3
育んでいる	3
育んでいます	3
育んでいた	3
育んでいました	3
育んでる	5
育んでます	3
激しく	3
激しくない	3
激しくなかった	3
激しかった	3
激しくて	3
挟みます	4
挟みません	5
挟みました	4
挟みませんでした	5
挟みましょう	5
挟まない	3
挟まなかった	3
挟んだ	2
挟んで	2
挟んでいる	2
挟んでいます	2
挟んでいた	2
挟んでいました	2
挟んでる	4
挟んでます	2
華々しく	5
華々しくない	5
華々しくなかった	5
華々しかった	5
華々しくて	5
嵌まります	0
嵌まりません	5
嵌まりました	6
嵌まりませんでした	5
嵌まりましょう	0
嵌まらない	2
嵌まらなかった	2
嵌まった	5
嵌まって	0
嵌まっている	5
嵌まっています	5
嵌まっていた	5
嵌まっていました	5
嵌まってる	5
嵌まってます	6
はみ出します	5
はみ出しません	6
はみ出しました	5
はみ出しませんでした	6
はみ出しましょう	6
はみ出さない	4
はみ出さなかった	4
はみ出した	3
はみ出して	3
はみ出している	3
はみ出しています	3
はみ出していた	3
はみ出していました	3
はみ出してる	5
はみ出してます	3
歯向かいます	5
歯向かいません	6
歯向かいました	5
歯向かいませんでした	6
歯向かいましょう	6
歯向かわない	4
歯向かわなかった	4
歯向かった	3
歯向かって	3
歯向かっている	3
歯向かっています	3
歯向かっていた	3
歯向かっていました	3
歯向かってる	5
歯向かってます	3
早めます	4
早めません	5
早めました	4
早めませんでした	5
早めましょう	5
早めない	3
早めなかった	3
早めた	3
早めて	3
早めている	3
早めています	3
早めていた	3
早めていました	3
早めてる	4
早めてます	3
貼り付けます	5
貼り付けません	6
貼り付けました	5
貼り付けませんでした	6
貼り付けましょう	6
貼り付けない	4
貼り付けなかった	4
貼り付けた	4
貼り付けて	4
貼り付けている	4
貼り付けています	4
貼り付けていた	4
貼り付けていました	4
貼り付けてる	5
貼り付けてます	4
ばら撒きます	2
ばら撒きません	2
ばら撒きました	2
ばら撒きませんでした	2
ばら撒きましょう	2
ばら撒かない	2
ばら撒かなかった	2
ばら撒いた	2
ばら撒いて	2
ばら撒いている	2
ばら撒いています	2
ばら撒いていた	2
ばら撒いていました	2
ばら撒いてる	2
ばら撒いてます	2
引き上げます	5
引き上げません	6
引き上げました	5
引き上げませんでした	6
引き上げましょう	6
引き上げない	4
引き上げなかった	4
引き上げた	4
引き上げて	4
引き上げている	4
引き上げています	4
引き上げていた	4
引き上げていました	4
引き上げてる	5
引き上げてます	4
引き受けます	5
引き受けません	6
引き受けました	5
引き受けませんでした	6
引き受けましょう	6
引き受けない	4
引き受けなかった	4
引き受けた	4
引き受けて	4
引き受けている	4
引き受けています	4
引き受けていた	4
引き受けていました	4
引き受けてる	5
引き受けてます	4
引き下げます	5
引き下げません	6
引き下げました	5
引き下げませんでした	6
引き下げましょう	6
引き下げない	4
引き下げなかった	4
引き下げた	4
引き下げて	4
引き下げている	4
引き下げています	4
引き下げていた	4
引き下げていました	4
引き下げてる	5
引き下げてます	4
引き締めます	5
引き締めません	6
引き締めました	5
引き締めませんでした	6
引き締めましょう	6
引き締めない	4
引き締めなかった	4
引き締めた	4
引き締めて	4
引き締めている	4
引き締めています	4
引き締めていた	4
引き締めていました	4
引き締めてる	5
引き締めてます	4
引き出します	5
引き出しません	6
引き出しました	5
引き出しませんでした	6
引き出しましょう	6
引き出さない	4
引き出さなかった	4
引き出した	5
引き出して	0
引き出している	5
引き出しています	5
引き出していた	5
引き出していました	5
引き出してる	5
引き出してます	6
引きつけます	5
引きつけません	6
引きつけました	5
引きつけませんでした	6
引きつけましょう	6
引きつけない	0
引きつけなかった	8
引きつけた	4
引きつけて	4
引きつけている	4
引きつけています	4
引きつけていた	4
引きつけていました	4
引きつけてる	5
引きつけてます	4
引きつります	2
引きつりません	2
引きつりました	2
引きつりませんでした	2
引きつりましょう	2
引きつらない	0
引きつらなかった	8
引きつった	5
引きつって	0
引きつっている	5
引きつっています	5
引きつっていた	5
引きつっていました	5
引きつってる	5
引きつってます	6
引き止めます	5
引き止めません	6
引き止めました	5
引き止めませんでした	6
引き止めましょう	6
引き止めない	4
引き止めなかった	4
引き止めた	4
引き止めて	4
引き止めている	4
引き止めています	4
引き止めていた	4
引き止めていました	4
引き止めてる	5
引き止めてます	4
引き伸ばします	6
引き伸ばしません	7
引き伸ばしました	6
引き伸ばしませんでした	7
引き伸ばしましょう	7
引き伸ばさない	5
引き伸ばさなかった	5
引き伸ばした	4
引き伸ばして	4
引き伸ばしている	4
引き伸ばしています	4
引き伸ばしていた	4
引き伸ばしていました	4
引き伸ばしてる	6
引き伸ばしてます	4
引き渡します	6
引き渡しません	7
引き渡しました	6
引き渡しませんでした	7
引き渡しましょう	7
引き渡さない	5
引き渡さなかった	5
引き渡した	4
引き渡して	4
引き渡している	4
引き渡しています	4
引き渡していた	4
引き渡していました	4
引き渡してる	6
引き渡してます	4
引っ張ります	5
引っ張りません	6
引っ張りました	5
引っ張りませんでした	6
引っ張りましょう	6
引っ張らない	4
引っ張らなかった	4
引っ張った	3
引っ張って	3
引っ張っている	3
引っ張っています	3
引っ張っていた	3
引っ張っていました	3
引っ張ってる	5
引っ張ってます	3
酷くない	2
酷くなかった	2
酷かった	2
酷くて	2
広がります	5
広がりません	6
広がりました	5
広がりませんでした	6
広がりましょう	6
広がらない	0
広がらなかった	8
広がった	5
広がって	0
広がっている	5
広がっています	5
広がっていた	5
広がっていました	5
広がってる	5
広がってます	6
広げます	4
広げません	5
広げました	4
広げませんでした	5
広げましょう	5
広げない	0
広げなかった	7
広げた	4
広げて	0
広げている	4
広げています	4
広げていた	4
広げていました	4
広げてる	4
広げてます	5
増えます	3
増えません	4
増えました	3
増えませんでした	4
増えましょう	4
増えない	2
増えなかった	2
増えた	2
増えて	2
増えている	2
増えています	2
増えていた	2
増えていました	2
増えてる	3
増えてます	2
吹き出します	5
吹き出しません	6
吹き出しました	5
吹き出しませんでした	6
吹き出しましょう	6
吹き出さない	4
吹き出さなかった	4
吹き出した	3
吹き出して	3
吹き出している	3
吹き出しています	3
吹き出していた	3
吹き出していました	3
吹き出してる	5
吹き出してます	3
膨れます	4
膨れません	5
膨れました	4
膨れませんでした	5
膨れましょう	5
膨れない	0
膨れなかった	7
膨れた	4
膨れて	0
膨れている	4
膨れています	4
膨れていた	4
膨れていました	4
膨れてる	4
膨れてます	5
塞がります	5
塞がりません	6
塞がりました	5
塞がりませんでした	6
塞がりましょう	6
塞がらない	0
塞がらなかった	8
塞がった	5
塞がって	0
塞がっている	5
塞がっています	5
塞がっていた	5
塞がっていました	5
塞がってる	5
塞がってます	6
塞ぎます	4
塞ぎません	5
塞ぎました	4
塞ぎませんでした	5
塞ぎましょう	5
塞がない	0
塞がなかった	7
塞いだ	1
塞いで	4
塞いでいる	4
塞いでいます	4
塞いでいた	4
塞いでいました	4
塞いでる	3
塞いでます	5
増やします	4
増やしません	5
増やしました	4
増やしませんでした	5
増やしましょう	5
増やさない	3
増やさなかった	3
増やした	2
増やして	2
増やしている	2
増やしています	2
増やしていた	2
増やしていました	2
増やしてる	4
増やしてます	2
振舞います	5
振舞いません	6
振舞いました	5
振舞いませんでした	6
振舞いましょう	6
振舞わない	4
振舞わなかった	4
振舞った	3
振舞って	3
振舞っている	3
振舞っています	3
振舞っていた	3
振舞っていました	3
振舞ってる	5
振舞ってます	3
吠えます	3
吠えません	4
吠えました	3
吠えませんでした	4
吠えましょう	4
吠えない	2
吠えなかった	2
吠えた	2
吠えて	2
吠えている	2
吠えています	2
吠えていた	2
吠えていました	2
吠えてる	3
吠えてます	2
干します	3
干しません	4
干しました	3
干しませんでした	4
干しましょう	4
干さない	2
干さなかった	2
干した	1
干して	1
干している	1
干しています	1
干していた	1
干していました	1
干してる	3
干してます	1
褒めます	3
褒めません	4
褒めました	3
褒めませんでした	4
褒めましょう	4
褒めない	2
褒めなかった	2
褒めた	2
褒めて	2
褒めている	2
褒めています	2
褒めていた	2
褒めていました	2
褒めてる	3
褒めてます	2
滅びます	4
滅びません	5
滅びました	4
滅びませんでした	5
滅びましょう	5
滅びない	3
滅びなかった	3
滅びた	3
滅びて	3
滅びている	3
滅びています	3
滅びていた	3
滅びていました	3
滅びてる	4
滅びてます	3
勝ります	4
勝りません	5
勝りました	4
勝りませんでした	5
勝りましょう	5
勝らない	3
勝らなかった	3
混ざります	4
混ざりません	5
混ざりました	4
混ざりませんでした	5
混ざりましょう	5
混ざらない	3
混ざらなかった	3
混ざった	2
混ざって	2
混ざっている	2
混ざっています	2
混ざっていた	2
混ざっていました	2
混ざってる	4
混ざってます	2
混じります	4
混じりません	5
混じりました	4
混じりませんでした	5
混じりましょう	5
混じらない	3
混じらなかった	3
混じった	2
混じって	2
混じっている	2
混じっています	2
混じっていた	2
混じっていました	2
混じってる	4
混じってます	2
跨ります	5
跨りません	6
跨りました	5
跨りませんでした	6
跨りましょう	6
跨らない	4
跨らなかった	4
跨った	3
跨って	3
跨っている	3
跨っています	3
跨っていた	3
跨っていました	3
跨ってる	5
跨ってます	3
丸く	0
丸くない	4
丸くなかった	7
丸かった	2
丸くて	0
回ります	4
回りません	5
回りました	4
回りませんでした	5
回りましょう	5
回らない	0
回らなかった	7
回った	4
回って	0
回っている	4
回っています	4
回っていた	4
回っていました	4
回ってる	4
回ってます	5
見かけます	4
見かけません	5
見かけました	4
見かけませんでした	5
見かけましょう	5
見かけない	0
見かけなかった	7
見かけた	4
見かけて	0
見かけている	4
見かけています	4
見かけていた	4
見かけていました	4
見かけてる	4
見かけてます	5
見比べます	5
見比べません	6
見比べました	5
見比べませんでした	6
見比べましょう	6
見比べない	4
見比べなかった	4
見比べた	4
見比べて	4
見比べている	4
見比べています	4
見比べていた	4
見比べていました	4
見比べてる	5
見比べてます	4
満ちます	3
満ちません	4
満ちました	3
満ちませんでした	4
満ちましょう	4
満ちない	2
満ちなかった	2
満ちた	2
満ちて	2
満ちている	2
満ちています	2
満ちていた	2
満ちていました	2
満ちてる	3
満ちてます	2
見つかります	5
見つかりません	6
見つかりました	5
見つかりませんでした	6
見つかりましょう	6
見つからない	0
見つからなかった	8
見つかった	5
見つかって	0
見つかっている	5
見つかっています	5
見つかっていた	5
見つかっていました	5
見つかってる	5
見つかってます	6
見つけます	4
見つけません	5
見つけました	4
見つけませんでした	5
見つけましょう	5
見つけない	0
見つけなかった	7
見つけた	4
見つけて	0
見つけている	4
見つけています	4
見つけていた	4
見つけていました	4
見つけてる	4
見つけてます	5
見つめます	4
見つめません	5
見つめました	4
見つめませんでした	5
見つめましょう	5
見つめない	0
見つめなかった	7
見つめた	4
見つめて	0
見つめている	4
見つめています	4
見つめていた	4
見つめていました	4
見つめてる	4
見つめてます	5
見届けます	5
見届けません	6
見届けました	5
見届けませんでした	6
見届けましょう	6
見届けない	0
見届けなかった	8
見届けた	5
見届けて	0
見届けている	5
見届けています	5
見届けていた	5
見届けていました	5
見届けてる	5
見届けてます	6
見なします	4
見なしません	5
見なしました	4
見なしませんでした	5
見なしましょう	5
見なさない	3
見なさなかった	3
見なした	2
見なして	2
見なしている	2
見なしています	2
見なしていた	2
見なしていました	2
見なしてる	4
見なしてます	2
見逃します	5
見逃しません	6
見逃しました	5
見逃しませんでした	6
見逃しましょう	6
見逃さない	0
見逃さなかった	8
見逃した	5
見逃して	0
見逃している	5
見逃しています	5
見逃していた	5
見逃していました	5
見逃してる	5
見逃してます	6
向かいます	4
向かいません	5
向かいました	4
向かいませんでした	5
向かいましょう	5
向かわない	0
向かわなかった	7
向かった	4
向かって	0
向かっている	4
向かっています	4
向かっていた	4
向かっていました	4
向かってる	4
向かってます	5
目覚ましく	4
目覚ましくない	4
目覚ましくなかった	4
目覚ましかった	4
目覚ましくて	4
勿体なく	5
勿体なくない	5
勿体なくなかった	5
勿体なかった	5
勿体なくて	5
基づきます	5
基づきません	6
基づきました	5
基づきませんでした	6
基づきましょう	6
基づかない	4
基づかなかった	4
基づいた	3
基づいて	3
基づいている	3
基づいています	3
基づいていた	3
基づいていました	3
基づいてる	5
基づいてます	3
漏らします	4
漏らしません	5
漏らしました	4
漏らしませんでした	5
漏らしましょう	5
漏らさない	3
漏らさなかった	3
漏らした	2
漏らして	2
漏らしている	2
漏らしています	2
漏らしていた	2
漏らしていました	2
漏らしてる	4
漏らしてます	2
漏れます	3
漏れません	4
漏れました	3
漏れませんでした	4
漏れましょう	4
漏れない	2
漏れなかった	2
漏れた	2
漏れて	2
漏れている	2
漏れています	2
漏れていた	2
漏れていました	2
漏れてる	3
漏れてます	2
痩せます	3
痩せません	4
痩せました	3
痩せませんでした	4
痩せましょう	4
痩せない	2
痩せなかった	2
痩せた	1
痩せて	1
痩せている	1
痩せています	1
痩せていた	1
痩せていました	1
痩せてる	3
痩せてます	1
雇います	4
雇いません	5
雇いました	4
雇いませんでした	5
雇いましょう	5
雇わない	3
雇わなかった	3
雇った	2
雇って	2
雇っている	2
雇っています	2
雇っていた	2
雇っていました	2
雇ってる	4
雇ってます	2
やり直します	6
やり直しません	7
やり直しました	6
やり直しませんでした	7
やり直しましょう	7
やり直さない	5
やり直さなかった	5
やり直した	4
やり直して	4
やり直している	4
やり直しています	4
やり直していた	4
やり直していました	4
やり直してる	6
やり直してます	4
柔らかく	4
柔らかくない	4
柔らかくなかった	4
柔らかかった	4
柔らかくて	4
良くない	1
良くなかった	1
良かった	1
良くて	1
蘇ります	6
蘇りません	7
蘇りました	6
蘇りませんでした	7
蘇りましょう	7
蘇らない	5
蘇らなかった	5
蘇った	3
蘇って	3
蘇っている	3
蘇っています	3
蘇っていた	3
蘇っていました	3
蘇ってる	6
蘇ってます	3
分かりにくく	3
分かりにくくない	3
分かりにくくなかった	3
分かりにくかった	5
分かりにくくて	3
分かります	4
分かりません	5
分かりました	4
分かりませんでした	5
分かりましょう	5
分からない	3
分からなかった	3
別れます	4
別れません	5
別れました	4
別れませんでした	5
別れましょう	5
別れない	3
別れなかった	3
別れた	3
別れて	3
別れている	3
別れています	3
別れていた	3
別れていました	3
別れてる	4
別れてます	3
分かれます	4
分かれません	5
分かれました	4
分かれませんでした	5
分かれましょう	5
分かれない	3
分かれなかった	3
分かれた	3
分かれて	3
分かれている	3
分かれています	3
分かれていた	3
分かれていました	3
分かれてる	4
分かれてます	3
若々しく	5
若々しくない	5
若々しくなかった	5
若々しかった	5
若々しくて	5
沸きます	3
沸きません	4
沸きました	3
沸きませんでした	4
沸きましょう	4
沸かない	0
沸かなかった	6
沸いた	3
沸いて	0
沸いている	3
沸いています	3
沸いていた	3
沸いていました	3
沸いてる	3
沸いてます	4
湧きます	3
湧きません	4
湧きました	3
湧きませんでした	4
湧きましょう	4
湧かない	0
湧かなかった	6
湧いた	3
湧いて	0
湧いている	3
湧いています	3
湧いていた	3
湧いていました	3
湧いてる	3
湧いてます	4
詫びます	3
詫びません	4
詫びました	3
詫びませんでした	4
詫びましょう	4
詫びない	0
詫びなかった	6
詫びた	3
詫びて	0
詫びている	3
詫びています	3
詫びていた	3
詫びていました	3
詫びてる	3
詫びてます	4
割り込みます	5
割り込みません	6
割り込みました	5
割り込みませんでした	6
割り込みましょう	6
割り込まない	4
割り込まなかった	4
割り込んだ	3
割り込んで	3
割り込んでいる	3
割り込んでいます	3
割り込んでいた	3
割り込んでいました	3
割り込んでる	5
割り込んでます	3
閊えます	4
閊えません	5
閊えました	4
閊えませんでした	5
閊えましょう	5
閊えない	3
閊えなかった	3
閊えた	3
閊えて	3
閊えている	3
閊えています	3
閊えていた	3
閊えていました	3
閊えてる	4
閊えてます	3
履きます	3
履きません	4
履きました	3
履きませんでした	4
履きましょう	4
履かない	0
履かなかった	6
履いた	3
履いて	0
履いている	3
履いています	3
履いていた	3
履いていました	3
履いてる	3
履いてます	4
映し出します	6
映し出しません	7
映し出しました	6
映し出しませんでした	7
映し出しましょう	7
映し出さない	5
映し出さなかった	5
映し出した	4
映し出して	4
映し出している	4
映し出しています	4
映し出していた	4
映し出していました	4
映し出してる	6
映し出してます	4
見放します	5
見放しません	6
見放しました	5
見放しませんでした	6
見放しましょう	6
見放さない	0
見放さなかった	8
見放した	5
見放して	0
見放している	5
見放しています	5
見放していた	5
見放していました	5
見放してる	5
見放してます	6
目出度く	3
目出度くない	3
目出度くなかった	3
目出度かった	3
目出度くて	3
追いかけます	5
追いかけません	6
追いかけました	5
追いかけませんでした	6
追いかけましょう	6
追いかけない	4
追いかけなかった	4
追いかけた	4
追いかけて	4
追いかけている	4
追いかけています	4
追いかけていた	4
追いかけていました	4
追いかけてる	5
追いかけてます	4
追っかけます	5
追っかけません	6
追っかけました	5
追っかけませんでした	6
追っかけましょう	6
追っかけない	4
追っかけなかった	4
追っかけた	4
追っかけて	4
追っかけている	4
追っかけています	4
追っかけていた	4
追っかけていました	4
追っかけてる	5
追っかけてます	4
扇ぎます	4
扇ぎません	5
扇ぎました	4
扇ぎませんでした	5
扇ぎましょう	5
扇がない	3
扇がなかった	3
扇いだ	2
扇いで	2
扇いでいる	2
扇いでいます	2
扇いでいた	2
扇いでいました	2
扇いでる	4
扇いでます	2
行き過ぎます	5
行き過ぎません	6
行き過ぎました	5
行き過ぎませんでした	6
行き過ぎましょう	6
行き過ぎない	4
行き過ぎなかった	4
行き過ぎた	4
行き過ぎて	4
行き過ぎている	4
行き過ぎています	4
行き過ぎていた	4
行き過ぎていました	4
行き過ぎてる	5
行き過ぎてます	4
痛ましく	4
痛ましくない	4
痛ましくなかった	4
痛ましかった	4
痛ましくて	4
嫌がります	5
嫌がりません	6
嫌がりました	5
嫌がりませんでした	6
嫌がりましょう	6
嫌がらない	4
嫌がらなかった	4
嫌がった	3
嫌がって	3
嫌がっている	3
嫌がっています	3
嫌がっていた	3
嫌がっていました	3
嫌がってる	5
嫌がってます	3
薄まります	5
薄まりません	6
薄まりました	5
薄まりませんでした	6
薄まりましょう	6
薄まらない	0
薄まらなかった	8
薄まった	5
薄まって	0
薄まっている	5
薄まっています	5
薄まっていた	5
薄まっていました	5
薄まってる	5
薄まってます	6
謳います	4
謳いません	5
謳いました	4
謳いませんでした	5
謳いましょう	5
謳わない	0
謳わなかった	7
謳った	4
謳って	0
謳っている	4
謳っています	4
謳っていた	4
謳っていました	4
謳ってる	4
謳ってます	5
打ち消します	5
打ち消しません	6
打ち消しました	5
打ち消しませんでした	6
打ち消しましょう	6
打ち消さない	4
打ち消さなかった	4
打ち消した	5
打ち消して	0
打ち消している	5
打ち消しています	5
打ち消していた	5
打ち消していました	5
打ち消してる	5
打ち消してます	6
買い占めます	5
買い占めません	6
買い占めました	5
買い占めませんでした	6
買い占めましょう	6
買い占めない	4
買い占めなかった	4
買い占めた	4
買い占めて	4
買い占めている	4
買い占めています	4
買い占めていた	4
買い占めていました	4
買い占めてる	5
買い占めてます	4
罹ります	4
罹りません	5
罹りました	4
罹りませんでした	5
罹りましょう	5
罹らない	3
罹らなかった	3
罹った	2
罹って	2
罹っている	2
罹っています	2
罹っていた	2
罹っていました	2
罹ってる	4
罹ってます	2
食い下がります	6
食い下がりません	7
食い下がりました	6
食い下がりませんでした	7
食い下がりましょう	7
食い下がらない	5
食い下がらなかった	5
食い下がった	4
食い下がって	4
食い下がっている	4
食い下がっています	4
食い下がっていた	4
食い下がっていました	4
食い下がってる	6
食い下がってます	4
潜ります	4
潜りません	5
潜りました	4
潜りませんでした	5
潜りましょう	5
潜らない	3
潜らなかった	3
潜った	2
潜って	2
潜っている	2
潜っています	2
潜っていた	2
潜っていました	2
潜ってる	4
潜ってます	2
注します	3
注しません	4
注しました	3
注しませんでした	4
注しましょう	4
注さない	2
注さなかった	2
注した	1
注して	1
注している	1
注しています	1
注していた	1
注していました	1
注してる	3
注してます	1
塩辛く	4
塩辛くない	4
塩辛くなかった	4
塩辛かった	4
塩辛くて	4
湿っぽく	4
湿っぽくない	4
湿っぽくなかった	4
湿っぽかった	4
湿っぽくて	4
縋ります	4
縋りません	5
縋りました	4
縋りませんでした	5
縋りましょう	5
縋らない	0
縋らなかった	7
縋った	4
縋って	0
縋っている	4
縋っています	4
縋っていた	4
縋っていました	4
縋ってる	4
縋ってます	5
済まなく	2
済まなくない	2
済まなくなかった	2
済まなくて	2
託します	4
託しません	5
託しました	4
託しませんでした	5
託しましょう	5
託さない	3
託さなかった	3
託した	2
託して	2
託している	2
託しています	2
託していた	2
託していました	2
託してる	4
託してます	2
糺します	4
糺しません	5
糺しました	4
糺しませんでした	5
糺しましょう	5
糺さない	3
糺さなかった	3
糺した	2
糺して	2
糺している	2
糺しています	2
糺していた	2
糺していました	2
糺してる	4
糺してます	2
近寄せます	5
近寄せません	6
近寄せました	5
近寄せませんでした	6
近寄せましょう	6
近寄せない	4
近寄せなかった	4
近寄せた	4
近寄せて	4
近寄せている	4
近寄せています	4
近寄せていた	4
近寄せていました	4
近寄せてる	5
近寄せてます	4
千切れます	4
千切れません	5
千切れました	4
千切れませんでした	5
千切れましょう	5
千切れない	3
千切れなかった	3
千切れた	3
千切れて	3
千切れている	3
千切れています	3
千切れていた	3
千切れていました	3
千切れてる	4
千切れてます	3
注意深く	5
注意深くない	5
注意深くなかった	5
注意深かった	5
注意深くて	5
点けます	3
点けません	4
点けました	3
点けませんでした	4
点けましょう	4
点けない	1
点けなかった	2
点けた	1
点けて	1
点けている	1
点けています	1
点けていた	1
点けていました	1
点けてる	3
点けてます	1
突っ張ります	5
突っ張りません	6
突っ張りました	5
突っ張りませんでした	6
突っ張りましょう	6
突っ張らない	4
突っ張らなかった	4
突っ張った	3
突っ張って	3
突っ張っている	3
突っ張っています	3
突っ張っていた	3
突っ張っていました	3
突っ張ってる	5
突っ張ってます	3
言い換えます	5
言い換えません	6
言い換えました	5
言い換えませんでした	6
言い換えましょう	6
言い換えない	4
言い換えなかった	4
言い換えた	4
言い換えて	4
言い換えている	4
言い換えています	4
言い換えていた	4
言い換えていました	4
言い換えてる	5
言い換えてます	4
思いがけなく	5
思いがけなくない	6
思いがけなくなかった	6
思いがけなかった	6
思いがけなくて	6
楯突きます	5
楯突きません	6
楯突きました	5
楯突きませんでした	6
楯突きましょう	6
楯突かない	4
楯突かなかった	4
楯突いた	1
楯突いて	1
楯突いている	1
楯突いています	1
楯突いていた	1
楯突いていました	1
楯突いてる	5
楯突いてます	1
立て直します	6
立て直しません	7
立て直しました	6
立て直しませんでした	7
立て直しましょう	7
立て直さない	5
立て直さなかった	5
立て直した	4
立て直して	4
立て直している	4
立て直しています	4
立て直していた	4
立て直していました	4
立て直してる	6
立て直してます	4
惚けます	4
惚けません	5
惚けました	4
惚けませんでした	5
惚けましょう	5
惚けない	3
惚けなかった	3
惚けた	2
惚けて	2
惚けている	2
惚けています	2
惚けていた	2
惚けていました	2
惚けてる	4
惚けてます	2
長引きます	5
長引きません	6
長引きました	5
長引きませんでした	6
長引きましょう	6
長引かない	4
長引かなかった	4
長引いた	3
長引いて	3
長引いている	3
長引いています	3
長引いていた	3
長引いていました	3
長引いてる	5
長引いてます	3
生ります	2
生りません	5
生りました	2
生りませんでした	5
生りましょう	2
生らない	2
生らなかった	2
生った	1
生って	1
生っている	1
生っています	1
生っていた	1
生っていました	1
生ってる	1
生ってます	1
寝過ごします	5
寝過ごしません	6
寝過ごしました	5
寝過ごしませんでした	6
寝過ごしましょう	6
寝過ごさない	4
寝過ごさなかった	4
寝過ごした	3
寝過ごして	3
寝過ごしている	3
寝過ごしています	3
寝過ごしていた	3
寝過ごしていました	3
寝過ごしてる	5
寝過ごしてます	3
端たなく	3
端たなくない	3
端たなくなかった	3
端たなかった	3
端たなくて	3
撥ねます	3
撥ねません	4
撥ねました	3
撥ねませんでした	4
撥ねましょう	4
撥ねない	2
撥ねなかった	2
撥ねた	2
撥ねて	2
撥ねている	2
撥ねています	2
撥ねていた	2
撥ねていました	2
撥ねてる	3
撥ねてます	2
孕みます	4
孕みません	5
孕みました	4
孕みませんでした	5
孕みましょう	5
孕まない	3
孕まなかった	3
孕んだ	2
孕んで	2
孕んでいる	2
孕んでいます	2
孕んでいた	2
孕んでいました	2
孕んでる	4
孕んでます	2
引っ付きます	5
引っ付きません	6
引っ付きました	5
引っ付きませんでした	6
引っ付きましょう	6
引っ付かない	4
引っ付かなかった	4
引っ付いた	3
引っ付いて	3
引っ付いている	3
引っ付いています	3
引っ付いていた	3
引っ付いていました	3
引っ付いてる	5
引っ付いてます	3
欲しがります	5
欲しがりません	6
欲しがりました	5
欲しがりませんでした	6
欲しがりましょう	6
欲しがらない	4
欲しがらなかった	4
欲しがった	2
欲しがって	2
欲しがっている	2
欲しがっています	2
欲しがっていた	2
欲しがっていました	2
欲しがってる	5
欲しがってます	2
間違います	5
間違いません	6
間違いました	5
間違いませんでした	6
間違いましょう	3
間違わない	4
間違わなかった	4
間違った	3
間違って	3
間違っている	3
間違っています	3
間違っていた	3
間違っていました	3
間違ってる	5
間違ってます	3
纏まります	5
纏まりません	6
纏まりました	5
纏まりませんでした	6
纏まりましょう	6
纏まらない	0
纏まらなかった	8
纏まった	5
纏まって	0
纏まっている	5
纏まっています	5
纏まっていた	5
纏まっていました	5
纏まってる	5
纏まってます	6
見限ります	5
見限りません	6
見限りました	5
見限りませんでした	6
見限りましょう	6
見限らない	0
見限らなかった	8
見限った	5
見限って	0
見限っている	5
見限っています	5
見限っていた	5
見限っていました	5
見限ってる	5
見限ってます	6
水臭く	4
水臭くない	4
水臭くなかった	4
水臭かった	4
水臭くて	4
恵まれます	5
恵まれません	6
恵まれました	5
恵まれませんでした	6
恵まれましょう	6
恵まれない	0
恵まれなかった	8
恵まれた	5
恵まれて	0
恵まれている	5
恵まれています	5
恵まれていた	5
恵まれていました	5
恵まれてる	5
恵まれてます	6
縺れます	4
縺れません	5
縺れました	4
縺れませんでした	5
縺れましょう	5
縺れない	3
縺れなかった	3
縺れた	3
縺れて	3
縺れている	3
縺れています	3
縺れていた	3
縺れていました	3
縺れてる	4
縺れてます	3
揺るがします	5
揺るがしません	6
揺るがしました	5
揺るがしませんでした	6
揺るがしましょう	6
揺るがさない	4
揺るがさなかった	4
揺るがした	3
揺るがして	3
揺るがしている	3
揺るがしています	3
揺るがしていた	3
揺るがしていました	3
揺るがしてる	5
揺るがしてます	3
選ります	3
選りません	4
選りました	3
選りませんでした	4
選りましょう	4
選らない	2
選らなかった	2
選った	1
選って	1
選っている	1
選っています	1
選っていた	1
選っていました	1
選ってる	3
選ってます	1
喜ばします	6
喜ばしません	7
喜ばしました	6
喜ばしませんでした	7
喜ばしましょう	7
喜ばさない	5
喜ばさなかった	5
喜ばした	4
喜ばして	4
喜ばしている	4
喜ばしています	4
喜ばしていた	4
喜ばしていました	4
喜ばしてる	6
喜ばしてます	4
寝ぼけます	4
寝ぼけません	5
寝ぼけました	4
寝ぼけませんでした	5
寝ぼけましょう	5
寝ぼけない	3
寝ぼけなかった	3
寝ぼけた	3
寝ぼけて	3
寝ぼけている	3
寝ぼけています	3
寝ぼけていた	3
寝ぼけていました	3
寝ぼけてる	4
寝ぼけてます	3
見過ごします	5
見過ごしません	6
見過ごしました	5
見過ごしませんでした	6
見過ごしましょう	6
見過ごさない	0
見過ごさなかった	8
見過ごした	5
見過ごして	0
見過ごしている	5
見過ごしています	5
見過ごしていた	5
見過ごしていました	5
見過ごしてる	5
見過ごしてます	6
淀みます	4
淀みません	5
淀みました	4
淀みませんでした	5
淀みましょう	5
淀まない	3
淀まなかった	3
淀んだ	2
淀んで	2
淀んでいる	2
淀んでいます	2
淀んでいた	2
淀んでいました	2
淀んでる	4
淀んでます	2
やり過ごします	6
やり過ごしません	7
やり過ごしました	6
やり過ごしませんでした	7
やり過ごしましょう	7
やり過ごさない	5
やり過ごさなかった	5
やり過ごした	4
やり過ごして	4
やり過ごしている	4
やり過ごしています	4
やり過ごしていた	4
やり過ごしていました	4
やり過ごしてる	6
やり過ごしてます	4
熟します	4
熟しません	5
熟しました	4
熟しませんでした	5
熟しましょう	5
熟さない	0
熟さなかった	7
熟した	2
熟して	2
熟している	2
熟しています	2
熟していた	2
熟していました	2
熟してる	4
熟してます	2
響めきます	3
響めきません	3
響めきました	3
響めきませんでした	3
響めきましょう	3
響めかない	3
響めかなかった	3
響めいた	3
響めいて	3
響めいている	3
響めいています	3
響めいていた	3
響めいていました	3
響めいてる	3
響めいてます	3
馬鹿らしく	4
馬鹿らしくない	4
馬鹿らしくなかった	4
馬鹿らしかった	4
馬鹿らしくて	4
轢きます	3
轢きません	4
轢きました	3
轢きませんでした	4
轢きましょう	4
轢かない	0
轢かなかった	6
轢いた	3
轢いて	0
轢いている	3
轢いています	3
轢いていた	3
轢いていました	3
轢いてる	3
轢いてます	4
やり切れない	4
やり切れなく	4
やり切れなくない	4
やり切れなくなかった	4
やり切れなかった	5
やり切れなくて	4
安らぎます	5
安らぎません	6
安らぎました	5
安らぎませんでした	6
安らぎましょう	6
安らがない	4
安らがなかった	4
安らいだ	3
安らいで	3
安らいでいる	3
安らいでいます	3
安らいでいた	3
安らいでいました	3
安らいでる	5
安らいでます	6
喜ばしく	5
喜ばしくない	5
喜ばしくなかった	5
喜ばしかった	5
喜ばしくて	5
頂けます	5
頂けません	6
頂けました	5
頂けませんでした	6
頂けましょう	6
頂けない	0
頂けなかった	8
頂けた	5
頂けて	0
頂けている	5
頂けています	5
頂けていた	5
頂けていました	5
頂けてる	5
頂けてます	6
競り合います	5
競り合いません	6
競り合いました	5
競り合いませんでした	6
競り合いましょう	6
競り合わない	4
競り合わなかった	4
競り合った	3
競り合って	3
競り合っている	3
競り合っています	3
競り合っていた	3
競り合っていました	3
競り合ってる	5
競り合ってます	3
荒らげます	4
荒らげません	5
荒らげました	4
荒らげませんでした	5
荒らげましょう	5
荒らげない	3
荒らげなかった	3
荒らげた	3
荒らげて	3
荒らげている	3
荒らげています	3
荒らげていた	3
荒らげていました	3
荒らげてる	4
荒らげてます	3
擤む	0
擤みます	3
擤みません	4
擤みました	3
擤みませんでした	4
擤みましょう	4
擤まない	0
擤まなかった	6
擤んだ	0
擤んで	3
擤んでいる	3
擤んでいます	3
擤んでいた	3
擤んでいました	3
擤んでる	3
擤んでます	4
怒らせます	5
怒らせません	6
怒らせました	5
怒らせませんでした	6
怒らせましょう	6
怒らせない	4
怒らせなかった	4
怒らせた	2
怒らせて	2
怒らせている	2
怒らせています	2
怒らせていた	2
怒らせていました	2
怒らせてる	5
怒らせてます	2
待たせます	4
待たせません	5
待たせました	4
待たせませんでした	5
待たせましょう	5
待たせない	0
待たせなかった	7
待たせた	1
待たせて	1
待たせている	1
待たせています	1
待たせていた	1
待たせていました	1
待たせてる	4
待たせてます	1
思い描きます	7
思い描きません	8
思い描きました	7
思い描きませんでした	8
思い描きましょう	8
思い描かない	6
思い描かなかった	6
思い描いた	5
思い描いて	5
思い描いている	5
思い描いています	5
思い描いていた	5
思い描いていました	5
思い描いてる	7
思い描いてます	5
書き上げます	5
書き上げません	6
書き上げました	5
書き上げませんでした	6
書き上げましょう	6
書き上げない	4
書き上げなかった	4
書き上げた	4
書き上げて	4
書き上げている	4
書き上げています	4
書き上げていた	4
書き上げていました	4
書き上げてる	5
書き上げてます	4
勝ち越します	5
勝ち越しません	6
勝ち越しました	5
勝ち越しませんでした	6
勝ち越しましょう	6
勝ち越さない	0
勝ち越さなかった	8
勝ち越した	5
勝ち越して	0
勝ち越している	5
勝ち越しています	5
勝ち越していた	5
勝ち越していました	5
勝ち越してる	5
勝ち越してます	6
取り揃えます	6
取り揃えません	7
取り揃えました	6
取り揃えませんでした	7
取り揃えましょう	7
取り揃えない	5
取り揃えなかった	5
取り揃えた	5
取り揃えて	5
取り揃えている	5
取り揃えています	5
取り揃えていた	5
取り揃えていました	5
取り揃えてる	6
取り揃えてます	5
混ぜ合わします	6
混ぜ合わしません	7
混ぜ合わしました	6
混ぜ合わしませんでした	7
混ぜ合わしましょう	7
混ぜ合わさない	5
混ぜ合わさなかった	5
混ぜ合わした	4
混ぜ合わして	4
混ぜ合わしている	4
混ぜ合わしています	4
混ぜ合わしていた	4
混ぜ合わしていました	4
混ぜ合わしてる	6
混ぜ合わしてます	4
思い起こします	7
思い起こしません	8
思い起こしました	7
思い起こしませんでした	8
思い起こしましょう	8
思い起こさない	6
思い起こさなかった	6
思い起こした	5
思い起こして	5
思い起こしている	5
思い起こしています	5
思い起こしていた	5
思い起こしていました	5
思い起こしてる	7
思い起こしてます	5
持ち帰ります	6
持ち帰りません	7
持ち帰りました	6
持ち帰りませんでした	7
持ち帰りましょう	7
持ち帰らない	5
持ち帰らなかった	5
持ち帰った	3
持ち帰って	3
持ち帰っている	3
持ち帰っています	3
持ち帰っていた	3
持ち帰っていました	3
持ち帰ってる	6
持ち帰ってます	3
取りまとめます	6
取りまとめません	7
取りまとめました	6
取りまとめませんでした	7
取りまとめましょう	7
取りまとめない	5
取りまとめなかった	5
取りまとめた	5
取りまとめて	5
取りまとめている	5
取りまとめています	5
取りまとめていた	5
取りまとめていました	5
取りまとめてる	6
取りまとめてます	5
読みにくく	1
読みにくくない	1
読みにくくなかった	1
読みにくかった	4
読みにくくて	1
取り決めます	5
取り決めません	6
取り決めました	5
取り決めませんでした	6
取り決めましょう	6
取り決めない	4
取り決めなかった	4
取り決めた	4
取り決めて	4
取り決めている	4
取り決めています	4
取り決めていた	4
取り決めていました	4
取り決めてる	5
取り決めてます	4
見入ります	4
見入りません	5
見入りました	4
見入りませんでした	5
見入りましょう	5
見入らない	3
見入らなかった	3
見入った	2
見入って	2
見入っている	2
見入っています	2
見入っていた	2
見入っていました	2
見入ってる	4
見入ってます	2
追い上げます	5
追い上げません	6
追い上げました	5
追い上げませんでした	6
追い上げましょう	6
追い上げない	4
追い上げなかった	4
追い上げた	4
追い上げて	4
追い上げている	4
追い上げています	4
追い上げていた	4
追い上げていました	4
追い上げてる	5
追い上げてます	4
怒鳴り込みます	6
怒鳴り込みません	7
怒鳴り込みました	6
怒鳴り込みませんでした	7
怒鳴り込みましょう	7
怒鳴り込まない	5
怒鳴り込まなかった	5
怒鳴り込んだ	4
怒鳴り込んで	4
怒鳴り込んでいる	4
怒鳴り込んでいます	4
怒鳴り込んでいた	4
怒鳴り込んでいました	4
怒鳴り込んでる	6
怒鳴り込んでます	4
洗い上げます	6
洗い上げません	7
洗い上げました	6
洗い上げませんでした	7
洗い上げましょう	7
洗い上げない	5
洗い上げなかった	5
洗い上げた	5
洗い上げて	5
洗い上げている	5
洗い上げています	5
洗い上げていた	5
洗い上げていました	5
洗い上げてる	6
洗い上げてます	5
逃げ切ります	5
逃げ切りません	6
逃げ切りました	5
逃げ切りませんでした	6
逃げ切りましょう	6
逃げ切らない	4
逃げ切らなかった	4
逃げ切った	3
逃げ切って	3
逃げ切っている	3
逃げ切っています	3
逃げ切っていた	3
逃げ切っていました	3
逃げ切ってる	5
逃げ切ってます	3
思いやります	6
思いやりません	7
思いやりました	6
思いやりませんでした	7
思いやりましょう	7
思いやらない	5
思いやらなかった	5
思いやった	4
思いやって	4
思いやっている	4
思いやっています	4
思いやっていた	4
思いやっていました	4
思いやってる	6
思いやってます	4
余儀なくない	3
余儀なくなかった	3
余儀なかった	3
余儀なくて	3
見当たらなく	0
見当たらなくない	3
見当たらなくなかった	3
見当たらなくて	0
封じます	4
封じません	5
封じました	4
封じませんでした	5
封じましょう	5
封じない	3
封じなかった	3
封じた	1
封じて	1
封じている	1
封じています	1
封じていた	1
封じていました	1
封じてる	4
封じてます	1
気持ち悪い	3
気持ち悪く	3
気持ち悪くない	3
気持ち悪くなかった	3
気持ち悪かった	3
気持ち悪くて	3
絞り込みます	6
絞り込みません	7
絞り込みました	6
絞り込みませんでした	7
絞り込みましょう	7
絞り込まない	5
絞り込まなかった	5
絞り込んだ	3
絞り込んで	3
絞り込んでいる	3
絞り込んでいます	3
絞り込んでいた	3
絞り込んでいました	3
絞り込んでる	6
絞り込んでます	3
待たします	4
待たしません	5
待たしました	4
待たしませんでした	5
待たしましょう	5
待たさない	3
待たさなかった	3
待たした	2
待たして	2
待たしている	2
待たしています	2
待たしていた	2
待たしていました	2
待たしてる	4
待たしてます	2
利かせます	4
利かせません	5
利かせました	4
利かせませんでした	5
利かせましょう	5
利かせない	0
利かせなかった	7
利かせた	4
利かせて	0
利かせている	4
利かせています	4
利かせていた	4
利かせていました	4
利かせてる	4
利かせてます	5
解きほぐします	6
解きほぐしません	7
解きほぐしました	6
解きほぐしませんでした	7
解きほぐしましょう	7
解きほぐさない	5
解きほぐさなかった	5
解きほぐした	4
解きほぐして	4
解きほぐしている	4
解きほぐしています	4
解きほぐしていた	4
解きほぐしていました	4
解きほぐしてる	6
解きほぐしてます	4
働かせます	6
働かせません	7
働かせました	6
働かせませんでした	7
働かせましょう	7
働かせない	0
働かせなかった	9
働かせた	6
働かせて	0
働かせている	6
働かせています	6
働かせていた	6
働かせていました	6
働かせてる	6
働かせてます	7
数少ない	5
数少なく	5
数少なくない	5
数少なくなかった	5
数少なかった	5
数少なくて	5
動き出します	6
動き出しません	7
動き出しました	6
動き出しませんでした	7
動き出しましょう	7
動き出さない	5
動き出さなかった	5
動き出した	4
動き出して	4
動き出している	4
動き出しています	4
動き出していた	4
動き出していました	4
動き出してる	6
動き出してます	4
萌えます	3
萌えません	4
萌えました	3
萌えませんでした	4
萌えましょう	4
萌えない	0
萌えなかった	6
萌えた	3
萌えて	0
萌えている	3
萌えています	3
萌えていた	3
萌えていました	3
萌えてる	3
萌えてます	4
摂ります	3
摂りません	4
摂りました	3
摂りませんでした	4
摂りましょう	4
摂らない	2
摂らなかった	2
摂った	1
摂って	1
摂っている	1
摂っています	1
摂っていた	1
摂っていました	1
摂ってる	3
摂ってます	1
丸まります	5
丸まりません	6
丸まりました	5
丸まりませんでした	6
丸まりましょう	6
丸まらない	0
丸まらなかった	8
丸まった	5
丸まって	0
丸まっている	5
丸まっています	5
丸まっていた	5
丸まっていました	5
丸まってる	5
丸まってます	6
あり得ない	3
あり得なく	3
あり得なくない	1
あり得なくなかった	1
あり得なかった	3
あり得なくて	3
生まれ育ちます	7
生まれ育ちません	8
生まれ育ちました	7
生まれ育ちませんでした	8
生まれ育ちましょう	8
生まれ育たない	6
生まれ育たなかった	6
生まれ育った	5
生まれ育って	5
生まれ育っている	5
生まれ育っています	5
生まれ育っていた	5
生まれ育っていました	5
生まれ育ってる	7
生まれ育ってます	5
大っきく	3
大っきくない	3
大っきくなかった	3
大っきかった	3
大っきくて	3
為れます	3
為れません	4
為れました	3
為れませんでした	4
為れましょう	4
為れない	2
為れなかった	2
為れた	2
為れて	2
為れている	2
為れています	2
為れていた	2
為れていました	2
為れてる	3
為れてます	2
並び替える	5
並び替えます	6
並び替えません	7
並び替えました	6
並び替えませんでした	7
並び替えましょう	7
並び替えない	5
並び替えなかった	5
並び替えた	5
並び替えて	5
並び替えている	5
並び替えています	5
並び替えていた	5
並び替えていました	5
並び替えてる	6
並び替えてます	5
愛します	4
愛しません	5
愛しました	4
愛しませんでした	5
愛しましょう	5
愛さない	3
愛さなかった	3
愛した	1
愛して	1
愛している	1
愛しています	1
愛していた	1
愛していました	1
愛してる	4
愛してます	1
辞します	3
辞しません	4
辞しました	3
辞しませんでした	4
辞しましょう	4
辞さない	2
辞さなかった	2
辞した	2
辞して	2
辞している	2
辞しています	2
辞していた	2
辞していました	2
辞してる	3
辞してます	2
蒔きます	3
蒔きません	4
蒔きました	3
蒔きませんでした	4
蒔きましょう	4
蒔かない	2
蒔かなかった	2
蒔いた	1
蒔いて	1
蒔いている	1
蒔いています	1
蒔いていた	1
蒔いていました	1
蒔いてる	3
蒔いてます	1
載ります	3
載りません	4
載りました	3
載りませんでした	4
載りましょう	4
載らない	0
載らなかった	6
載った	3
載って	0
載っている	3
載っています	3
載っていた	3
載っていました	3
載ってる	3
載ってます	4
打付けます	5
打付けません	6
打付けました	5
打付けませんでした	6
打付けましょう	6
打付けない	4
打付けなかった	4
打付けた	4
打付けて	4
打付けている	4
打付けています	4
打付けていた	4
打付けていました	4
打付けてる	5
打付けてます	4
難く	0
難くない	4
難くなかった	7
難かった	2
難くて	0
報われる	2
報われます	5
報われません	6
報われました	5
報われませんでした	6
報われましょう	6
報われない	4
報われなかった	4
報われた	2
報われて	2
報われている	2
報われています	2
報われていた	2
報われていました	2
報われてる	5
報われてます	2
亡くします	4
亡くしません	5
亡くしました	4
亡くしませんでした	5
亡くしましょう	5
亡くさない	0
亡くさなかった	7
亡くした	4
亡くして	0
亡くしている	4
亡くしています	4
亡くしていた	4
亡くしていました	4
亡くしてる	4
亡くしてます	5
抑えます	4
抑えません	5
抑えました	4
抑えませんでした	5
抑えましょう	5
抑えない	3
抑えなかった	3
抑えた	3
抑えて	3
抑えている	3
抑えています	3
抑えていた	3
抑えていました	3
抑えてる	4
抑えてます	3
省みます	5
省みません	6
省みました	5
省みませんでした	6
省みましょう	6
省みない	4
省みなかった	4
省みた	4
省みて	4
省みている	4
省みています	4
省みていた	4
省みていました	4
省みてる	5
省みてます	4
訊く	0
訊きます	3
訊きません	4
訊きました	3
訊きませんでした	4
訊きましょう	4
訊かない	0
訊かなかった	6
訊いた	3
訊いて	0
訊いている	3
訊いています	3
訊いていた	3
訊いていました	3
訊いてる	3
訊いてます	4
直ります	4
直りません	5
直りました	4
直りませんでした	5
直りましょう	5
直らない	3
直らなかった	3
直った	2
直って	2
直っている	2
直っています	2
直っていた	2
直っていました	2
直ってる	4
直ってます	2
混みます	3
混みません	4
混みました	3
混みませんでした	4
混みましょう	4
混まない	2
混まなかった	2
混んだ	1
混んで	1
混んでいる	1
混んでいます	1
混んでいた	1
混んでいました	1
混んでる	3
混んでます	1
治します	4
治しません	5
治しました	4
治しませんでした	5
治しましょう	5
治さない	3
治さなかった	3
治した	2
治して	2
治している	2
治しています	2
治していた	2
治していました	2
治してる	4
治してます	2
驕ります	4
驕りません	5
驕りました	4
驕りませんでした	5
驕りましょう	5
驕らない	0
驕らなかった	7
驕った	4
驕って	0
驕っている	4
驕っています	4
驕っていた	4
驕っていました	4
驕ってる	4
驕ってます	5
為します	3
為しません	4
為しました	3
為しませんでした	4
為しましょう	4
為さない	2
為さなかった	2
為した	1
為して	1
為している	1
為しています	1
為していた	1
為していました	1
為してる	3
為してます	1
煩います	5
煩いません	6
煩いました	5
煩いませんでした	6
煩いましょう	6
煩わない	4
煩わなかった	4
煩った	3
煩って	3
煩っている	3
煩っています	3
煩っていた	3
煩っていました	3
煩ってる	5
煩ってます	3
あだ名する	3
あだ名します	3
あだ名しません	3
あだ名しました	3
あだ名しませんでした	3
あだ名しましょう	3
あだ名しない	3
あだ名しなかった	3
あだ名した	3
あだ名して	3
あだ名している	3
あだ名しています	3
あだ名していた	3
あだ名していました	3
あだ名してる	3
あだ名してます	3
お代わりする	2
お代わりします	2
お代わりしません	2
お代わりしました	2
お代わりしませんでした	2
お代わりしましょう	2
お代わりしない	2
お代わりしなかった	2
お代わりした	2
お代わりして	2
お代わりしている	2
お代わりしています	2
お代わりしていた	2
お代わりしていました	2
お代わりしてる	2
お代わりしてます	2
お参りする	4
お参りします	4
お参りしません	4
お参りしました	4
お参りしませんでした	4
お参りしましょう	4
お参りしない	4
お参りしなかった	4
お参りした	4
お参りして	4
お参りしている	4
お参りしています	4
お参りしていた	4
お参りしていました	4
お参りしてる	4
お参りしてます	4
お喋りする	2
お喋りします	2
お喋りしません	2
お喋りしました	2
お喋りしませんでした	2
お喋りしましょう	2
お喋りしない	2
お喋りしなかった	2
お喋りした	2
お喋りして	2
お喋りしている	2
お喋りしています	2
お喋りしていた	2
お喋りしていました	2
お喋りしてる	2
お喋りしてます	2
お手伝いする	2
お手伝いします	2
お手伝いしません	2
お手伝いしました	2
お手伝いしませんでした	2
お手伝いしましょう	2
お手伝いしない	2
お手伝いしなかった	2
お手伝いした	2
お手伝いして	2
お手伝いしている	2
お手伝いしています	2
お手伝いしていた	2
お手伝いしていました	2
お手伝いしてる	2
お手伝いしてます	2
お洒落する	2
お洒落します	2
お洒落しません	2
お洒落しました	2
お洒落しませんでした	2
お洒落しましょう	2
お洒落しない	2
お洒落しなかった	2
お洒落した	2
お洒落して	2
お洒落している	2
お洒落しています	2
お洒落していた	2
お洒落していました	2
お洒落してる	2
お洒落してます	2
お茶する	2
お茶します	2
お茶しません	2
お茶しました	2
お茶しませんでした	2
お茶しましょう	2
お茶しない	2
お茶しなかった	2
お茶した	2
お茶して	2
お茶している	2
お茶しています	2
お茶していた	2
お茶していました	2
お茶してる	2
お茶してます	2
お詫びする	3
お詫びします	3
お詫びしません	3
お詫びしました	3
お詫びしませんでした	3
お詫びしましょう	3
お詫びしない	3
お詫びしなかった	3
お詫びした	3
お詫びして	3
お詫びしている	3
お詫びしています	3
お詫びしていた	3
お詫びしていました	3
お詫びしてる	3
お詫びしてます	3
お負けする	3
お負けします	3
お負けしません	3
お負けしました	3
お負けしませんでした	3
お負けしましょう	3
お負けしない	3
お負けしなかった	3
お負けした	3
お負けして	3
お負けしている	3
お負けしています	3
お負けしていた	3
お負けしていました	3
お負けしてる	3
お負けしてます	3
お辞儀する	1
お辞儀します	1
お辞儀しません	1
お辞儀しました	1
お辞儀しませんでした	1
お辞儀しましょう	1
お辞儀しない	1
お辞儀しなかった	1
お辞儀した	1
お辞儀して	1
お辞儀している	1
お辞儀しています	1
お辞儀していた	1
お辞儀していました	1
お辞儀してる	1
お辞儀してます	1
お返しする	4
お返しします	4
お返ししません	4
お返ししました	4
お返ししませんでした	4
お返ししましょう	4
お返ししない	4
お返ししなかった	4
お返しした	4
お返しして	4
お返ししている	4
お返ししています	4
お返ししていた	4
お返ししていました	4
お返ししてる	4
お返ししてます	4
お願いする	4
お願いします	4
お願いしません	4
お願いしました	4
お願いしませんでした	4
お願いしましょう	4
お願いしない	4
お願いしなかった	4
お願いした	4
お願いして	4
お願いしている	4
お願いしています	4
お願いしていた	4
お願いしていました	4
お願いしてる	4
お願いしてます	4
くじ引きする	2
くじ引きします	2
くじ引きしません	2
くじ引きしました	2
くじ引きしませんでした	2
くじ引きしましょう	2
くじ引きしない	2
くじ引きしなかった	2
くじ引きした	2
くじ引きして	2
くじ引きしている	2
くじ引きしています	2
くじ引きしていた	2
くじ引きしていました	2
くじ引きしてる	2
くじ引きしてます	2
ご協力する	2
ご協力します	2
ご協力しません	2
ご協力しました	2
ご協力しませんでした	2
ご協力しましょう	2
ご協力しない	2
ご協力しなかった	2
ご協力した	2
ご協力して	2
ご協力している	2
ご協力しています	2
ご協力していた	2
ご協力していました	2
ご協力してる	2
ご協力してます	2
ご無沙汰する	4
ご無沙汰します	4
ご無沙汰しません	4
ご無沙汰しました	4
ご無沙汰しませんでした	4
ご無沙汰しましょう	4
ご無沙汰しない	4
ご無沙汰しなかった	4
ご無沙汰した	4
ご無沙汰して	4
ご無沙汰している	4
ご無沙汰しています	4
ご無沙汰していた	4
ご無沙汰していました	4
ご無沙汰してる	4
ご無沙汰してます	4
ご連絡する	2
ご連絡します	2
ご連絡しません	2
ご連絡しました	2
ご連絡しませんでした	2
ご連絡しましょう	2
ご連絡しない	2
ご連絡しなかった	2
ご連絡した	2
ご連絡して	2
ご連絡している	2
ご連絡しています	2
ご連絡していた	2
ご連絡していました	2
ご連絡してる	2
ご連絡してます	2
ご馳走する	4
ご馳走します	4
ご馳走しません	4
ご馳走しました	4
ご馳走しませんでした	4
ご馳走しましょう	4
ご馳走しない	4
ご馳走しなかった	4
ご馳走した	4
ご馳走して	4
ご馳走している	4
ご馳走しています	4
ご馳走していた	4
ご馳走していました	4
ご馳走してる	4
ご馳走してます	4
じゃん拳する	1
じゃん拳します	1
じゃん拳しません	1
じゃん拳しました	1
じゃん拳しませんでした	1
じゃん拳しましょう	1
じゃん拳しない	1
じゃん拳しなかった	1
じゃん拳した	1
じゃん拳して	1
じゃん拳している	1
じゃん拳しています	1
じゃん拳していた	1
じゃん拳していました	1
じゃん拳してる	1
じゃん拳してます	1
やり取りする	2
やり取りします	2
やり取りしません	2
やり取りしました	2
やり取りしませんでした	2
やり取りしましょう	2
やり取りしない	2
やり取りしなかった	2
やり取りした	2
やり取りして	2
やり取りしている	2
やり取りしています	2
やり取りしていた	2
やり取りしていました	2
やり取りしてる	2
やり取りしてます	2
やり直しする	5
やり直しします	5
やり直ししません	5
やり直ししました	5
やり直ししませんでした	5
やり直ししましょう	5
やり直ししない	6
やり直ししなかった	6
やり直しした	5
やり直しして	5
やり直ししている	5
やり直ししています	5
やり直ししていた	5
やり直ししていました	5
やり直ししてる	5
やり直ししてます	5
やり繰りする	2
やり繰りします	2
やり繰りしません	2
やり繰りしました	2
やり繰りしませんでした	2
やり繰りしましょう	2
やり繰りしない	2
やり繰りしなかった	2
やり繰りした	2
やり繰りして	2
やり繰りしている	2
やり繰りしています	2
やり繰りしていた	2
やり繰りしていました	2
やり繰りしてる	2
やり繰りしてます	2
よそ見する	2
よそ見します	2
よそ見しません	2
よそ見しました	2
よそ見しませんでした	2
よそ見しましょう	1
よそ見しない	2
よそ見しなかった	2
よそ見した	2
よそ見して	2
よそ見している	2
よそ見しています	2
よそ見していた	2
よそ見していました	2
よそ見してる	2
よそ見してます	2
ぶち切れする	4
ぶち切れします	6
ぶち切れしません	7
ぶち切れしました	6
ぶち切れしませんでした	7
ぶち切れしましょう	7
ぶち切れしない	5
ぶち切れしなかった	5
ぶち切れした	4
ぶち切れして	4
ぶち切れしている	4
ぶち切れしています	4
ぶち切れしていた	4
ぶち切れしていました	4
ぶち切れしてる	6
ぶち切れしてます	4
一人暮らしする	4
一人暮らしします	4
一人暮らししません	4
一人暮らししました	4
一人暮らししませんでした	4
一人暮らししましょう	4
一人暮らししない	4
一人暮らししなかった	4
一人暮らしした	4
一人暮らしして	4
一人暮らししている	4
一人暮らししています	4
一人暮らししていた	4
一人暮らししていました	4
一人暮らししてる	4
一人暮らししてます	4
一人歩きする	2
一人歩きします	2
一人歩きしません	2
一人歩きしました	2
一人歩きしませんでした	2
一人歩きしましょう	2
一人歩きしない	2
一人歩きしなかった	2
一人歩きした	2
一人歩きして	2
一人歩きしている	2
一人歩きしています	2
一人歩きしていた	2
一人歩きしていました	2
一人歩きしてる	2
一人歩きしてます	2
一任する	4
一任します	4
一任しません	4
一任しました	4
一任しませんでした	4
一任しましょう	4
一任しない	4
一任しなかった	4
一任した	4
一任して	4
一任している	4
一任しています	4
一任していた	4
一任していました	4
一任してる	4
一任してます	4
一休みする	2
一休みします	2
一休みしません	2
一休みしました	2
一休みしませんでした	2
一休みしましょう	2
一休みしない	2
一休みしなかった	2
一休みした	2
一休みして	2
一休みしている	2
一休みしています	2
一休みしていた	2
一休みしていました	2
一休みしてる	2
一休みしてます	2
一元化する	5
一元化します	5
一元化しません	5
一元化しました	5
一元化しませんでした	5
一元化しましょう	5
一元化しない	5
一元化しなかった	5
一元化した	5
一元化して	5
一元化している	5
一元化しています	5
一元化していた	5
一元化していました	5
一元化してる	5
一元化してます	5
一周する	4
一周します	4
一周しません	4
一周しました	4
一周しませんでした	4
一周しましょう	4
一周しない	4
一周しなかった	4
一周した	4
一周して	4
一周している	4
一周しています	4
一周していた	4
一周していました	4
一周してる	4
一周してます	4
一回りする	3
一回りします	3
一回りしません	3
一回りしました	3
一回りしませんでした	3
一回りしましょう	3
一回りしない	3
一回りしなかった	3
一回りした	3
一回りして	3
一回りしている	3
一回りしています	3
一回りしていた	3
一回りしていました	3
一回りしてる	3
一回りしてます	3
一変する	4
一変します	4
一変しません	4
一変しました	4
一変しませんでした	4
一変しましょう	4
一変しない	4
一変しなかった	4
一変した	4
一変して	4
一変している	4
一変しています	4
一変していた	4
一変していました	4
一変してる	4
一変してます	4
一安心する	3
一安心します	3
一安心しません	3
一安心しました	3
一安心しませんでした	3
一安心しましょう	3
一安心しない	3
一安心しなかった	3
一安心した	3
一安心して	3
一安心している	3
一安心しています	3
一安心していた	3
一安心していました	3
一安心してる	3
一安心してます	3
一定する	4
一定します	4
一定しません	4
一定しました	4
一定しませんでした	4
一定しましょう	4
一定しない	4
一定しなかった	4
一定した	4
一定して	4
一定している	4
一定しています	4
一定していた	4
一定していました	4
一定してる	4
一定してます	4
一座する	2
一座します	2
一座しません	2
一座しました	2
一座しませんでした	2
一座しましょう	2
一座しない	2
一座しなかった	2
一座した	2
一座して	2
一座している	2
一座しています	2
一座していた	2
一座していました	2
一座してる	2
一座してます	2
一戦する	4
一戦します	4
一戦しません	4
一戦しました	4
一戦しませんでした	4
一戦しましょう	4
一戦しない	4
一戦しなかった	4
一戦した	4
一戦して	4
一戦している	4
一戦しています	4
一戦していた	4
一戦していました	4
一戦してる	4
一戦してます	4
一括する	4
一括します	4
一括しません	4
一括しました	4
一括しませんでした	4
一括しましょう	4
一括しない	4
一括しなかった	4
一括した	4
一括して	4
一括している	4
一括しています	4
一括していた	4
一括していました	4
一括してる	4
一括してます	4
一掃する	4
一掃します	4
一掃しません	4
一掃しました	4
一掃しませんでした	4
一掃しましょう	4
一掃しない	4
一掃しなかった	4
一掃した	4
一掃して	4
一掃している	4
一掃しています	4
一掃していた	4
一掃していました	4
一掃してる	4
一掃してます	4
一撃する	4
一撃します	4
一撃しません	4
一撃しました	4
一撃しませんでした	4
一撃しましょう	4
一撃しない	4
一撃しなかった	4
一撃した	4
一撃して	4
一撃している	4
一撃しています	4
一撃していた	4
一撃していました	4
一撃してる	4
一撃してます	4
一敗する	4
一敗します	4
一敗しません	4
一敗しました	4
一敗しませんでした	4
一敗しましょう	4
一敗しない	4
一敗しなかった	4
一敗した	4
一敗して	4
一敗している	4
一敗しています	4
一敗していた	4
一敗していました	4
一敗してる	4
一敗してます	4
一新する	4
一新します	4
一新しません	4
一新しました	4
一新しませんでした	4
一新しましょう	4
一新しない	4
一新しなかった	4
一新した	4
一新して	4
一新している	4
一新しています	4
一新していた	4
一新していました	4
一新してる	4
一新してます	4
一段落する	3
一段落します	3
一段落しません	3
一段落しました	3
一段落しませんでした	3
一段落しましょう	3
一段落しない	3
一段落しなかった	3
一段落した	3
一段落して	3
一段落している	3
一段落しています	3
一段落していた	3
一段落していました	3
一段落してる	3
一段落してます	3
一泊する	4
一泊します	4
一泊しません	4
一泊しました	4
一泊しませんでした	4
一泊しましょう	4
一泊しない	4
一泊しなかった	4
一泊した	4
一泊して	4
一泊している	4
一泊しています	4
一泊していた	4
一泊していました	4
一泊してる	4
一泊してます	4
一番乗りする	3
一番乗りします	3
一番乗りしません	3
一番乗りしました	3
一番乗りしませんでした	3
一番乗りしましょう	3
一番乗りしない	3
一番乗りしなかった	3
一番乗りした	3
一番乗りして	3
一番乗りしている	3
一番乗りしています	3
一番乗りしていた	3
一番乗りしていました	3
一番乗りしてる	3
一番乗りしてます	3
一着する	2
一着します	2
一着しません	2
一着しました	2
一着しませんでした	2
一着しましょう	2
一着しない	2
一着しなかった	2
一着した	2
一着して	2
一着している	2
一着しています	2
一着していた	2
一着していました	2
一着してる	2
一着してます	2
一致する	3
一致します	3
一致しません	3
一致しました	3
一致しませんでした	3
一致しましょう	3
一致しない	3
一致しなかった	3
一致した	3
一致して	3
一致している	3
一致しています	3
一致していた	3
一致していました	3
一致してる	3
一致してます	3
一見する	4
一見します	4
一見しません	4
一見しました	4
一見しませんでした	4
一見しましょう	4
一見しない	4
一見しなかった	4
一見した	4
一見して	4
一見している	4
一見しています	4
一見していた	4
一見していました	4
一見してる	4
一見してます	4
一覧する	4
一覧します	4
一覧しません	4
一覧しました	4
一覧しませんでした	4
一覧しましょう	4
一覧しない	4
一覧しなかった	4
一覧した	4
一覧して	4
一覧している	4
一覧しています	4
一覧していた	4
一覧していました	4
一覧してる	4
一覧してます	4
一言する	4
一言します	4
一言しません	4
一言しました	4
一言しませんでした	4
一言しましょう	4
一言しない	4
一言しなかった	4
一言した	4
一言して	4
一言している	4
一言しています	4
一言していた	4
一言していました	4
一言してる	4
一言してます	4
一貫する	4
一貫します	4
一貫しません	4
一貫しました	4
一貫しませんでした	4
一貫しましょう	4
一貫しない	4
一貫しなかった	4
一貫した	4
一貫して	4
一貫している	4
一貫しています	4
一貫していた	4
一貫していました	4
一貫してる	4
一貫してます	4
一躍する	4
一躍します	4
一躍しません	4
一躍しました	4
一躍しませんでした	4
一躍しましょう	4
一躍しない	4
一躍しなかった	4
一躍した	4
一躍して	4
一躍している	4
一躍しています	4
一躍していた	4
一躍していました	4
一躍してる	4
一躍してます	4
一過する	1
一過します	1
一過しません	1
一過しました	1
一過しませんでした	1
一過しましょう	2
一過しない	1
一過しなかった	1
一過した	1
一過して	1
一過している	1
一過しています	1
一過していた	1
一過していました	1
一過してる	1
一過してます	1
一騎打ちする	3
一騎打ちします	3
一騎打ちしません	3
一騎打ちしました	3
一騎打ちしませんでした	3
一騎打ちしましょう	3
一騎打ちしない	3
一騎打ちしなかった	3
一騎打ちした	3
一騎打ちして	3
一騎打ちしている	3
一騎打ちしています	3
一騎打ちしていた	3
一騎打ちしていました	3
一騎打ちしてる	3
一騎打ちしてます	3
万引きする	4
万引きします	4
万引きしません	4
万引きしました	4
万引きしませんでした	4
万引きしましょう	4
万引きしない	4
万引きしなかった	4
万引きした	4
万引きして	4
万引きしている	4
万引きしています	4
万引きしていた	4
万引きしていました	4
万引きしてる	4
万引きしてます	4
万歳する	3
万歳します	3
万歳しません	3
万歳しました	3
万歳しませんでした	3
万歳しましょう	3
万歳しない	3
万歳しなかった	3
万歳した	3
万歳して	3
万歳している	3
万歳しています	3
万歳していた	3
万歳していました	3
万歳してる	3
万歳してます	3
三振する	4
三振します	4
三振しません	4
三振しました	4
三振しませんでした	4
三振しましょう	4
三振しない	4
三振しなかった	4
三振した	4
三振して	4
三振している	4
三振しています	4
三振していた	4
三振していました	4
三振してる	4
三振してます	4
三省する	4
三省します	4
三省しません	4
三省しました	4
三省しませんでした	4
三省しましょう	4
三省しない	4
三省しなかった	4
三省した	4
三省して	4
三省している	4
三省しています	4
三省していた	4
三省していました	4
三省してる	4
三省してます	4
上下する	1
上下します	1
上下しません	1
上下しました	1
上下しませんでした	1
上下しましょう	1
上下しない	1
上下しなかった	1
上下した	1
上下して	1
上下している	1
上下しています	1
上下していた	1
上下していました	1
上下してる	1
上下してます	1
上乗せする	4
上乗せします	4
上乗せしません	4
上乗せしました	4
上乗せしませんでした	4
上乗せしましょう	4
上乗せしない	4
上乗せしなかった	4
上乗せした	4
上乗せして	4
上乗せしている	4
上乗せしています	4
上乗せしていた	4
上乗せしていました	4
上乗せしてる	4
上乗せしてます	4
上京する	4
上京します	4
上京しません	4
上京しました	4
上京しませんでした	4
上京しましょう	4
上京しない	4
上京しなかった	4
上京した	4
上京して	4
上京している	4
上京しています	4
上京していた	4
上京していました	4
上京してる	4
上京してます	4
上告する	4
上告します	4
上告しません	4
上告しました	4
上告しませんでした	4
上告しましょう	4
上告しない	4
上告しなかった	4
上告した	4
上告して	4
上告している	4
上告しています	4
上告していた	4
上告していました	4
上告してる	4
上告してます	4
上場する	4
上場します	4
上場しません	4
上場しました	4
上場しませんでした	4
上場しましょう	4
上場しない	4
上場しなかった	4
上場した	4
上場して	4
上場している	4
上場しています	4
上場していた	4
上場していました	4
上場してる	4
上場してます	4
上昇する	4
上昇します	4
上昇しません	4
上昇しました	4
上昇しませんでした	4
上昇しましょう	4
上昇しない	4
上昇しなかった	4
上昇した	4
上昇して	4
上昇している	4
上昇しています	4
上昇していた	4
上昇していました	4
上昇してる	4
上昇してます	4
上映する	4
上映します	4
上映しません	4
上映しました	4
上映しませんでした	4
上映しましょう	4
上映しない	4
上映しなかった	4
上映した	4
上映して	4
上映している	4
上映しています	4
上映していた	4
上映していました	4
上映してる	4
上映してます	4
上演する	4
上演します	4
上演しません	4
上演しました	4
上演しませんでした	4
上演しましょう	4
上演しない	4
上演しなかった	4
上演した	4
上演して	4
上演している	4
上演しています	4
上演していた	4
上演していました	4
上演してる	4
上演してます	4
上申する	4
上申します	4
上申しません	4
上申しました	4
上申しませんでした	4
上申しましょう	4
上申しない	4
上申しなかった	4
上申した	4
上申して	4
上申している	4
上申しています	4
上申していた	4
上申していました	4
上申してる	4
上申してます	4
上積みする	4
上積みします	4
上積みしません	4
上積みしました	4
上積みしませんでした	4
上積みしましょう	4
上積みしない	4
上積みしなかった	4
上積みした	4
上積みして	4
上積みしている	4
上積みしています	4
上積みしていた	4
上積みしていました	4
上積みしてる	4
上積みしてます	4
上達する	4
上達します	4
上達しません	4
上達しました	4
上達しませんでした	4
上達しましょう	4
上達しない	4
上達しなかった	4
上達した	4
上達して	4
上達している	4
上達しています	4
上達していた	4
上達していました	4
上達してる	4
上達してます	4
上陸する	4
上陸します	4
上陸しません	4
上陸しました	4
上陸しませんでした	4
上陸しましょう	4
上陸しない	4
上陸しなかった	4
上陸した	4
上陸して	4
上陸している	4
上陸しています	4
上陸していた	4
上陸していました	4
上陸してる	4
上陸してます	4
下宿する	3
下宿します	3
下宿しません	3
下宿しました	3
下宿しませんでした	3
下宿しましょう	3
下宿しない	3
下宿しなかった	3
下宿した	3
下宿して	3
下宿している	3
下宿しています	3
下宿していた	3
下宿していました	3
下宿してる	3
下宿してます	3
下山する	3
下山します	3
下山しません	3
下山しました	3
下山しませんでした	3
下山しましょう	3
下山しない	3
下山しなかった	3
下山した	3
下山して	3
下山している	3
下山しています	3
下山していた	3
下山していました	3
下山してる	3
下山してます	3
下書きする	4
下書きします	4
下書きしません	4
下書きしました	4
下書きしませんでした	4
下書きしましょう	4
下書きしない	4
下書きしなかった	4
下書きした	4
下書きして	4
下書きしている	4
下書きしています	4
下書きしていた	4
下書きしていました	4
下書きしてる	4
下書きしてます	4
下痢する	2
下痢します	2
下痢しません	2
下痢しました	2
下痢しませんでした	2
下痢しましょう	2
下痢しない	2
下痢しなかった	2
下痢した	2
下痢して	2
下痢している	2
下痢しています	2
下痢していた	2
下痢していました	2
下痢してる	2
下痢してます	2
下落する	3
下落します	3
下落しません	3
下落しました	3
下落しませんでした	3
下落しましょう	3
下落しない	3
下落しなかった	3
下落した	3
下落して	3
下落している	3
下落しています	3
下落していた	3
下落していました	3
下落してる	3
下落してます	3
下見する	3
下見します	3
下見しません	3
下見しました	3
下見しませんでした	3
下見しましょう	3
下見しない	3
下見しなかった	3
下見した	3
下見して	3
下見している	3
下見しています	3
下見していた	3
下見していました	3
下見してる	3
下見してます	3
下調べする	3
下調べします	3
下調べしません	3
下調べしました	3
下調べしませんでした	3
下調べしましょう	3
下調べしない	3
下調べしなかった	3
下調べした	3
下調べして	3
下調べしている	3
下調べしています	3
下調べしていた	3
下調べしていました	3
下調べしてる	3
下調べしてます	3
下請けする	4
下請けします	4
下請けしません	4
下請けしました	4
下請けしませんでした	4
下請けしましょう	4
下請けしない	4
下請けしなかった	4
下請けした	4
下請けして	4
下請けしている	4
下請けしています	4
下請けしていた	4
下請けしていました	4
下請けしてる	4
下請けしてます	4
下車する	2
下車します	2
下車しません	2
下車しました	2
下車しませんでした	2
下車しましょう	2
下車しない	2
下車しなかった	2
下車した	2
下車して	2
下車している	2
下車しています	2
下車していた	2
下車していました	2
下車してる	2
下車してます	2
下野する	1
下野します	1
下野しません	1
下野しました	1
下野しませんでした	1
下野しましょう	1
下野しない	1
下野しなかった	1
下野した	1
下野して	1
下野している	1
下野しています	1
下野していた	1
下野していました	1
下野してる	1
下野してます	1
下降する	3
下降します	3
下降しません	3
下降しました	3
下降しませんでした	3
下降しましょう	3
下降しない	3
下降しなかった	3
下降した	3
下降して	3
下降している	3
下降しています	3
下降していた	3
下降していました	3
下降してる	3
下降してます	3
不倫する	3
不倫します	3
不倫しません	3
不倫しました	3
不倫しませんでした	3
不倫しましょう	3
不倫しない	3
不倫しなかった	3
不倫した	3
不倫して	3
不倫している	3
不倫しています	3
不倫していた	3
不倫していました	3
不倫してる	3
不倫してます	3
不時着する	4
不時着します	4
不時着しません	4
不時着しました	4
不時着しませんでした	4
不時着しましょう	4
不時着しない	4
不時着しなかった	4
不時着した	4
不時着して	4
不時着している	4
不時着しています	4
不時着していた	4
不時着していました	4
不時着してる	4
不時着してます	4
不自由する	2
不自由します	2
不自由しません	2
不自由しました	2
不自由しませんでした	2
不自由しましょう	2
不自由しない	2
不自由しなかった	2
不自由した	2
不自由して	2
不自由している	2
不自由しています	2
不自由していた	2
不自由していました	2
不自由してる	2
不自由してます	2
不足する	3
不足します	3
不足しません	3
不足しました	3
不足しませんでした	3
不足しましょう	3
不足しない	3
不足しなかった	3
不足した	3
不足して	3
不足している	3
不足しています	3
不足していた	3
不足していました	3
不足してる	3
不足してます	3
世襲する	3
世襲します	3
世襲しません	3
世襲しました	3
世襲しませんでした	3
世襲しましょう	3
世襲しない	3
世襲しなかった	3
世襲した	3
世襲して	3
世襲している	3
世襲しています	3
世襲していた	3
世襲していました	3
世襲してる	3
世襲してます	3
世話する	2
世話します	2
世話しません	2
世話しました	2
世話しませんでした	2
世話しましょう	2
世話しない	2
世話しなかった	2
世話した	2
世話して	2
世話している	2
世話しています	2
世話していた	2
世話していました	2
世話してる	2
世話してます	2
両替する	4
両替します	4
両替しません	4
両替しました	4
両替しませんでした	4
両替しましょう	4
両替しない	4
両替しなかった	4
両替した	4
両替して	4
両替している	4
両替しています	4
両替していた	4
両替していました	4
両替してる	4
両替してます	4
両立する	4
両立します	4
両立しません	4
両立しました	4
両立しませんでした	4
両立しましょう	4
両立しない	4
両立しなかった	4
両立した	4
両立して	4
両立している	4
両立しています	4
両立していた	4
両立していました	4
両立してる	4
両立してます	4
並列する	4
並列します	4
並列しません	4
並列しました	4
並列しませんでした	4
並列しましょう	4
並列しない	4
並列しなかった	4
並列した	4
並列して	4
並列している	4
並列しています	4
並列していた	4
並列していました	4
並列してる	4
並列してます	4
並立する	4
並立します	4
並立しません	4
並立しました	4
並立しませんでした	4
並立しましょう	4
並立しない	4
並立しなかった	4
並立した	4
並立して	4
並立している	4
並立しています	4
並立していた	4
並立していました	4
並立してる	4
並立してます	4
並行する	4
並行します	4
並行しません	4
並行しました	4
並行しませんでした	4
並行しましょう	4
並行しない	4
並行しなかった	4
並行した	4
並行して	4
並行している	4
並行しています	4
並行していた	4
並行していました	4
並行してる	4
並行してます	4
中傷する	4
中傷します	4
中傷しません	4
中傷しました	4
中傷しませんでした	4
中傷しましょう	4
中傷しない	4
中傷しなかった	4
中傷した	4
中傷して	4
中傷している	4
中傷しています	4
中傷していた	4
中傷していました	4
中傷してる	4
中傷してます	4
中和する	3
中和します	3
中和しません	3
中和しました	3
中和しませんでした	3
中和しましょう	3
中和しない	3
中和しなかった	3
中和した	3
中和して	3
中和している	3
中和しています	3
中和していた	3
中和していました	3
中和してる	3
中和してます	3
中断する	4
中断します	4
中断しません	4
中断しました	4
中断しませんでした	4
中断しましょう	4
中断しない	4
中断しなかった	4
中断した	4
中断して	4
中断している	4
中断しています	4
中断していた	4
中断していました	4
中断してる	4
中断してます	4
中止する	3
中止します	3
中止しません	3
中止しました	3
中止しませんでした	3
中止しましょう	3
中止しない	3
中止しなかった	3
中止した	3
中止して	3
中止している	3
中止しています	3
中止していた	3
中止していました	3
中止してる	3
中止してます	3
中毒する	1
中毒します	1
中毒しません	1
中毒しました	1
中毒しませんでした	1
中毒しましょう	1
中毒しない	1
中毒しなかった	1
中毒した	1
中毒して	1
中毒している	1
中毒しています	1
中毒していた	1
中毒していました	1
中毒してる	1
中毒してます	1
中略する	4
中略します	4
中略しません	4
中略しました	4
中略しませんでした	4
中略しましょう	4
中略しない	4
中略しなかった	4
中略した	4
中略して	4
中略している	4
中略しています	4
中略していた	4
中略していました	4
中略してる	4
中略してます	4
中絶する	4
中絶します	4
中絶しません	4
中絶しました	4
中絶しませんでした	4
中絶しましょう	4
中絶しない	4
中絶しなかった	4
中絶した	4
中絶して	4
中絶している	4
中絶しています	4
中絶していた	4
中絶していました	4
中絶してる	4
中絶してます	4
中継する	4
中継します	4
中継しません	4
中継しました	4
中継しませんでした	4
中継しましょう	4
中継しない	4
中継しなかった	4
中継した	4
中継して	4
中継している	4
中継しています	4
中継していた	4
中継していました	4
中継してる	4
中継してます	4
中継ぎする	4
中継ぎします	4
中継ぎしません	4
中継ぎしました	4
中継ぎしませんでした	4
中継ぎしましょう	4
中継ぎしない	4
中継ぎしなかった	4
中継ぎした	4
中継ぎして	4
中継ぎしている	4
中継ぎしています	4
中継ぎしていた	4
中継ぎしていました	4
中継ぎしてる	4
中継ぎしてます	4
中退する	4
中退します	4
中退しません	4
中退しました	4
中退しませんでした	4
中退しましょう	4
中退しない	4
中退しなかった	4
中退した	4
中退して	4
中退している	4
中退しています	4
中退していた	4
中退していました	4
中退してる	4
中退してます	4
丸々する	4
丸々します	4
丸々しません	4
丸々しました	4
丸々しませんでした	4
丸々しましょう	4
丸々しない	4
丸々しなかった	4
丸々した	4
丸々して	4
丸々している	4
丸々しています	4
丸々していた	4
丸々していました	4
丸々してる	4
丸々してます	4
丹精する	1
丹精します	1
丹精しません	1
丹精しました	1
丹精しませんでした	1
丹精しましょう	1
丹精しない	1
丹精しなかった	1
丹精した	1
丹精して	1
丹精している	1
丹精しています	1
丹精していた	1
丹精していました	1
丹精してる	1
丹精してます	1
主催する	3
主催します	3
主催しません	3
主催しました	3
主催しませんでした	3
主催しましょう	3
主催しない	3
主催しなかった	3
主催した	3
主催して	3
主催している	3
主催しています	3
主催していた	3
主催していました	3
主催してる	3
主催してます	3
主唱する	3
主唱します	3
主唱しません	3
主唱しました	3
主唱しませんでした	3
主唱しましょう	3
主唱しない	3
主唱しなかった	3
主唱した	3
主唱して	3
主唱している	3
主唱しています	3
主唱していた	3
主唱していました	3
主唱してる	3
主唱してます	3
主宰する	3
主宰します	3
主宰しません	3
主宰しました	3
主宰しませんでした	3
主宰しましょう	3
主宰しない	3
主宰しなかった	3
主宰した	3
主宰して	3
主宰している	3
主宰しています	3
主宰していた	3
主宰していました	3
主宰してる	3
主宰してます	3
主導する	3
主導します	3
主導しません	3
主導しました	3
主導しませんでした	3
主導しましょう	3
主導しない	3
主導しなかった	3
主導した	3
主導して	3
主導している	3
主導しています	3
主導していた	3
主導していました	3
主導してる	3
主導してます	3
主張する	3
主張します	3
主張しません	3
主張しました	3
主張しませんでした	3
主張しましょう	3
主張しない	3
主張しなかった	3
主張した	3
主張して	3
主張している	3
主張しています	3
主張していた	3
主張していました	3
主張してる	3
主張してます	3
主査する	1
主査します	1
主査しません	1
主査しました	1
主査しませんでした	1
主査しましょう	1
主査しない	1
主査しなかった	1
主査した	1
主査して	1
主査している	1
主査しています	1
主査していた	1
主査していました	1
主査してる	1
主査してます	1
主演する	3
主演します	3
主演しません	3
主演しました	3
主演しませんでした	3
主演しましょう	3
主演しない	3
主演しなかった	3
主演した	3
主演して	3
主演している	3
主演しています	3
主演していた	3
主演していました	3
主演してる	3
主演してます	3
主管する	3
主管します	3
主管しません	3
主管しました	3
主管しませんでした	3
主管しましょう	3
主管しない	3
主管しなかった	3
主管した	3
主管して	3
主管している	3
主管しています	3
主管していた	3
主管していました	3
主管してる	3
主管してます	3
乗り換えする	4
乗り換えします	4
乗り換えしません	4
乗り換えしました	4
乗り換えしませんでした	4
乗り換えしましょう	4
乗り換えしない	5
乗り換えしなかった	5
乗り換えした	4
乗り換えして	4
乗り換えしている	4
乗り換えしています	4
乗り換えしていた	4
乗り換えしていました	4
乗り換えしてる	4
乗り換えしてます	4
乗り降りする	2
乗り降りします	2
乗り降りしません	2
乗り降りしました	2
乗り降りしませんでした	2
乗り降りしましょう	2
乗り降りしない	2
乗り降りしなかった	2
乗り降りした	2
乗り降りして	2
乗り降りしている	2
乗り降りしています	2
乗り降りしていた	2
乗り降りしていました	2
乗り降りしてる	2
乗り降りしてます	2
乗車する	3
乗車します	3
乗車しません	3
乗車しました	3
乗車しませんでした	3
乗車しましょう	3
乗車しない	3
乗車しなかった	3
乗車した	3
乗車して	3
乗車している	3
乗車しています	3
乗車していた	3
乗車していました	3
乗車してる	3
乗車してます	3
乗降する	4
乗降します	4
乗降しません	4
乗降しました	4
乗降しませんでした	4
乗降しましょう	4
乗降しない	4
乗降しなかった	4
乗降した	4
乗降して	4
乗降している	4
乗降しています	4
乗降していた	4
乗降していました	4
乗降してる	4
乗降してます	4
乗馬する	3
乗馬します	3
乗馬しません	3
乗馬しました	3
乗馬しませんでした	3
乗馬しましょう	3
乗馬しない	3
乗馬しなかった	3
乗馬した	3
乗馬して	3
乗馬している	3
乗馬しています	3
乗馬していた	3
乗馬していました	3
乗馬してる	3
乗馬してます	3
乞食する	3
乞食します	3
乞食しません	3
乞食しました	3
乞食しませんでした	3
乞食しましょう	3
乞食しない	3
乞食しなかった	3
乞食した	3
乞食して	3
乞食している	3
乞食しています	3
乞食していた	3
乞食していました	3
乞食してる	3
乞食してます	3
乱売する	4
乱売します	4
乱売しません	4
乱売しました	4
乱売しませんでした	4
乱売しましょう	4
乱売しない	4
乱売しなかった	4
乱売した	4
乱売して	4
乱売している	4
乱売しています	4
乱売していた	4
乱売していました	4
乱売してる	4
乱売してます	4
乱暴する	4
乱暴します	4
乱暴しません	4
乱暴しました	4
乱暴しませんでした	4
乱暴しましょう	4
乱暴しない	4
乱暴しなかった	4
乱暴した	4
乱暴して	4
乱暴している	4
乱暴しています	4
乱暴していた	4
乱暴していました	4
乱暴してる	4
乱暴してます	4
乱獲する	4
乱獲します	4
乱獲しません	4
乱獲しました	4
乱獲しませんでした	4
乱獲しましょう	4
乱獲しない	4
乱獲しなかった	4
乱獲した	4
乱獲して	4
乱獲している	4
乱獲しています	4
乱獲していた	4
乱獲していました	4
乱獲してる	4
乱獲してます	4
乱用する	4
乱用します	4
乱用しません	4
乱用しました	4
乱用しませんでした	4
乱用しましょう	4
乱用しない	4
乱用しなかった	4
乱用した	4
乱用して	4
乱用している	4
乱用しています	4
乱用していた	4
乱用していました	4
乱用してる	4
乱用してます	4
乱発する	4
乱発します	4
乱発しません	4
乱発しました	4
乱発しませんでした	4
乱発しましょう	4
乱発しない	4
乱発しなかった	4
乱発した	4
乱発して	4
乱発している	4
乱発しています	4
乱発していた	4
乱発していました	4
乱発してる	4
乱発してます	4
乱立する	4
乱立します	4
乱立しません	4
乱立しました	4
乱立しませんでした	4
乱立しましょう	4
乱立しない	4
乱立しなかった	4
乱立した	4
乱立して	4
乱立している	4
乱立しています	4
乱立していた	4
乱立していました	4
乱立してる	4
乱立してます	4
乱闘する	4
乱闘します	4
乱闘しません	4
乱闘しました	4
乱闘しませんでした	4
乱闘しましょう	4
乱闘しない	4
乱闘しなかった	4
乱闘した	4
乱闘して	4
乱闘している	4
乱闘しています	4
乱闘していた	4
乱闘していました	4
乱闘してる	4
乱闘してます	4
乾杯する	4
乾杯します	4
乾杯しません	4
乾杯しました	4
乾杯しませんでした	4
乾杯しましょう	4
乾杯しない	4
乾杯しなかった	4
乾杯した	4
乾杯して	4
乾杯している	4
乾杯しています	4
乾杯していた	4
乾杯していました	4
乾杯してる	4
乾杯してます	4
乾燥する	4
乾燥します	4
乾燥しません	4
乾燥しました	4
乾燥しませんでした	4
乾燥しましょう	4
乾燥しない	4
乾燥しなかった	4
乾燥した	4
乾燥して	4
乾燥している	4
乾燥しています	4
乾燥していた	4
乾燥していました	4
乾燥してる	4
乾燥してます	4
了承する	4
了承します	4
了承しません	4
了承しました	4
了承しませんでした	4
了承しましょう	4
了承しない	4
了承しなかった	4
了承した	4
了承して	4
了承している	4
了承しています	4
了承していた	4
了承していました	4
了承してる	4
了承してます	4
了解する	4
了解します	4
了解しません	4
了解しました	4
了解しませんでした	4
了解しましょう	4
了解しない	4
了解しなかった	4
了解した	4
了解して	4
了解している	4
了解しています	4
了解していた	4
了解していました	4
了解してる	4
了解してます	4
予告する	3
予告します	3
予告しません	3
予告しました	3
予告しませんでした	3
予告しましょう	3
予告しない	3
予告しなかった	3
予告した	3
予告して	3
予告している	3
予告しています	3
予告していた	3
予告していました	3
予告してる	3
予告してます	3
予報する	3
予報します	3
予報しません	3
予報しました	3
予報しませんでした	3
予報しましょう	3
予報しない	3
予報しなかった	3
予報した	3
予報して	3
予報している	3
予報しています	3
予報していた	3
予報していました	3
予報してる	3
予報してます	3
予定する	3
予定します	3
予定しません	3
予定しました	3
予定しませんでした	3
予定しましょう	3
予定しない	3
予定しなかった	3
予定した	3
予定して	3
予定している	3
予定しています	3
予定していた	3
予定していました	3
予定してる	3
予定してます	3
予想する	3
予想します	3
予想しません	3
予想しました	3
予想しませんでした	3
予想しましょう	3
予想しない	3
予想しなかった	3
予想した	3
予想して	3
予想している	3
予想しています	3
予想していた	3
予想していました	3
予想してる	3
予想してます	3
予感する	3
予感します	3
予感しません	3
予感しました	3
予感しませんでした	3
予感しましょう	3
予感しない	3
予感しなかった	3
予感した	3
予感して	3
予感している	3
予感しています	3
予感していた	3
予感していました	3
予感してる	3
予感してます	3
予断する	3
予断します	3
予断しません	3
予断しました	3
予断しませんでした	3
予断しましょう	3
予断しない	3
予断しなかった	3
予断した	3
予断して	3
予断している	3
予断しています	3
予断していた	3
予断していました	3
予断してる	3
予断してます	3
予期する	1
予期します	1
予期しません	1
予期しました	1
予期しませんでした	1
予期しましょう	1
予期しない	1
予期しなかった	1
予期した	1
予期して	1
予期している	1
予期しています	1
予期していた	1
予期していました	1
予期してる	1
予期してます	1
予測する	3
予測します	3
予測しません	3
予測しました	3
予測しませんでした	3
予測しましょう	3
予測しない	3
予測しなかった	3
予測した	3
予測して	3
予測している	3
予測しています	3
予測していた	3
予測していました	3
予測してる	3
予測してます	3
予知する	1
予知します	1
予知しません	1
予知しました	1
予知しませんでした	1
予知しましょう	1
予知しない	1
予知しなかった	1
予知した	1
予知して	1
予知している	1
予知しています	1
予知していた	1
予知していました	1
予知してる	1
予知してます	1
予算する	1
予算します	1
予算しません	1
予算しました	1
予算しませんでした	1
予算しましょう	1
予算しない	1
予算しなかった	1
予算した	1
予算して	1
予算している	1
予算しています	1
予算していた	1
予算していました	1
予算してる	1
予算してます	1
予約する	3
予約します	3
予約しません	3
予約しました	3
予約しませんでした	3
予約しましょう	3
予約しない	3
予約しなかった	3
予約した	3
予約して	3
予約している	3
予約しています	3
予約していた	3
予約していました	3
予約してる	3
予約してます	3
予約注文する	4
予約注文します	4
予約注文しません	4
予約注文しました	4
予約注文しませんでした	4
予約注文しましょう	4
予約注文しない	4
予約注文しなかった	4
予約注文した	4
予約注文して	4
予約注文している	4
予約注文しています	4
予約注文していた	4
予約注文していました	4
予約注文してる	4
予約注文してます	4
予習する	3
予習します	3
予習しません	3
予習しました	3
予習しませんでした	3
予習しましょう	3
予習しない	3
予習しなかった	3
予習した	3
予習して	3
予習している	3
予習しています	3
予習していた	3
予習していました	3
予習してる	3
予習してます	3
予言する	3
予言します	3
予言しません	3
予言しました	3
予言しませんでした	3
予言しましょう	3
予言しない	3
予言しなかった	3
予言した	3
予言して	3
予言している	3
予言しています	3
予言していた	3
予言していました	3
予言してる	3
予言してます	3
予選する	3
予選します	3
予選しません	3
予選しました	3
予選しませんでした	3
予選しましょう	3
予選しない	3
予選しなかった	3
予選した	3
予選して	3
予選している	3
予選しています	3
予選していた	3
予選していました	3
予選してる	3
予選してます	3
予防する	3
予防します	3
予防しません	3
予防しました	3
予防しませんでした	3
予防しましょう	3
予防しない	3
予防しなかった	3
予防した	3
予防して	3
予防している	3
予防しています	3
予防していた	3
予防していました	3
予防してる	3
予防してます	3
争奪する	4
争奪します	4
争奪しません	4
争奪しました	4
争奪しませんでした	4
争奪しましょう	4
争奪しない	4
争奪しなかった	4
争奪した	4
争奪して	4
争奪している	4
争奪しています	4
争奪していた	4
争奪していました	4
争奪してる	4
争奪してます	4
二分する	3
二分します	3
二分しません	3
二分しました	3
二分しませんでした	3
二分しましょう	3
二分しない	3
二分しなかった	3
二分した	3
二分して	3
二分している	3
二分しています	3
二分していた	3
二分していました	3
二分してる	3
二分してます	3
二度寝する	3
二度寝します	3
二度寝しません	3
二度寝しました	3
二度寝しませんでした	3
二度寝しましょう	3
二度寝しない	3
二度寝しなかった	3
二度寝した	3
二度寝して	3
二度寝している	3
二度寝しています	3
二度寝していた	3
二度寝していました	3
二度寝してる	3
二度寝してます	3
互換する	3
互換します	3
互換しません	3
互換しました	3
互換しませんでした	3
互換しましょう	3
互換しない	3
互換しなかった	3
互換した	3
互換して	3
互換している	3
互換しています	3
互換していた	3
互換していました	3
互換してる	3
互換してます	3
亡命する	4
亡命します	4
亡命しません	4
亡命しました	4
亡命しませんでした	4
亡命しましょう	4
亡命しない	4
亡命しなかった	4
亡命した	4
亡命して	4
亡命している	4
亡命しています	4
亡命していた	4
亡命していました	4
亡命してる	4
亡命してます	4
交互する	1
交互します	1
交互しません	1
交互しました	1
交互しませんでした	1
交互しましょう	1
交互しない	1
交互しなかった	1
交互した	1
交互して	1
交互している	1
交互しています	1
交互していた	1
交互していました	1
交互してる	1
交互してます	1
交付する	3
交付します	3
交付しません	3
交付しました	3
交付しませんでした	3
交付しましょう	3
交付しない	3
交付しなかった	3
交付した	3
交付して	3
交付している	3
交付しています	3
交付していた	3
交付していました	3
交付してる	3
交付してます	3
交代する	4
交代します	4
交代しません	4
交代しました	4
交代しませんでした	4
交代しましょう	4
交代しない	4
交代しなかった	4
交代した	4
交代して	4
交代している	4
交代しています	4
交代していた	4
交代していました	4
交代してる	4
交代してます	4
交信する	4
交信します	4
交信しません	4
交信しました	4
交信しませんでした	4
交信しましょう	4
交信しない	4
交信しなかった	4
交信した	4
交信して	4
交信している	4
交信しています	4
交信していた	4
交信していました	4
交信してる	4
交信してます	4
交差する	1
交差します	1
交差しません	1
交差しました	1
交差しませんでした	1
交差しましょう	1
交差しない	1
交差しなかった	1
交差した	1
交差して	1
交差している	1
交差しています	1
交差していた	1
交差していました	1
交差してる	1
交差してます	1
交戦する	4
交戦します	4
交戦しません	4
交戦しました	4
交戦しませんでした	4
交戦しましょう	4
交戦しない	4
交戦しなかった	4
交戦した	4
交戦して	4
交戦している	4
交戦しています	4
交戦していた	4
交戦していました	4
交戦してる	4
交戦してます	4
交換する	4
交換します	4
交換しません	4
交換しました	4
交換しませんでした	4
交換しましょう	4
交換しない	4
交換しなかった	4
交換した	4
交換して	4
交換している	4
交換しています	4
交換していた	4
交換していました	4
交換してる	4
交換してます	4
交易する	4
交易します	4
交易しません	4
交易しました	4
交易しませんでした	4
交易しましょう	4
交易しない	4
交易しなかった	4
交易した	4
交易して	4
交易している	4
交易しています	4
交易していた	4
交易していました	4
交易してる	4
交易してます	4
交流する	4
交流します	4
交流しません	4
交流しました	4
交流しませんでした	4
交流しましょう	4
交流しない	4
交流しなかった	4
交流した	4
交流して	4
交流している	4
交流しています	4
交流していた	4
交流していました	4
交流してる	4
交流してます	4
交渉する	4
交渉します	4
交渉しません	4
交渉しました	4
交渉しませんでした	4
交渉しましょう	4
交渉しない	4
交渉しなかった	4
交渉した	4
交渉して	4
交渉している	4
交渉しています	4
交渉していた	4
交渉していました	4
交渉してる	4
交渉してます	4
交通する	4
交通します	4
交通しません	4
交通しました	4
交通しませんでした	4
交通しましょう	4
交通しない	4
交通しなかった	4
交通した	4
交通して	4
交通している	4
交通しています	4
交通していた	4
交通していました	4
交通してる	4
交通してます	4
交際する	4
交際します	4
交際しません	4
交際しました	4
交際しませんでした	4
交際しましょう	4
交際しない	4
交際しなかった	4
交際した	4
交際して	4
交際している	4
交際しています	4
交際していた	4
交際していました	4
交際してる	4
交際してます	4
享受する	1
享受します	1
享受しません	1
享受しました	1
享受しませんでした	1
享受しましょう	1
享受しない	1
享受しなかった	1
享受した	1
享受して	1
享受している	1
享受しています	1
享受していた	1
享受していました	1
享受してる	1
享受してます	1
人見知りする	5
人見知りします	5
人見知りしません	5
人見知りしました	5
人見知りしませんでした	5
人見知りしましょう	5
人見知りしない	5
人見知りしなかった	5
人見知りした	5
人見知りして	5
人見知りしている	5
人見知りしています	5
人見知りしていた	5
人見知りしていました	5
人見知りしてる	5
人見知りしてます	5
人違いする	3
人違いします	3
人違いしません	3
人違いしました	3
人違いしませんでした	3
人違いしましょう	3
人違いしない	3
人違いしなかった	3
人違いした	3
人違いして	3
人違いしている	3
人違いしています	3
人違いしていた	3
人違いしていました	3
人違いしてる	3
人違いしてます	3
人選する	4
人選します	4
人選しません	4
人選しました	4
人選しませんでした	4
人選しましょう	4
人選しない	4
人選しなかった	4
人選した	4
人選して	4
人選している	4
人選しています	4
人選していた	4
人選していました	4
人選してる	4
人選してます	4
介入する	4
介入します	4
介入しません	4
介入しました	4
介入しませんでした	4
介入しましょう	4
介入しない	4
介入しなかった	4
介入した	4
介入して	4
介入している	4
介入しています	4
介入していた	4
介入していました	4
介入してる	4
介入してます	4
介助する	1
介助します	1
介助しません	1
介助しました	1
介助しませんでした	1
介助しましょう	1
介助しない	1
介助しなかった	1
介助した	1
介助して	1
介助している	1
介助しています	1
介助していた	1
介助していました	1
介助してる	1
介助してます	1
介在する	4
介在します	4
介在しません	4
介在しました	4
介在しませんでした	4
介在しましょう	4
介在しない	4
介在しなかった	4
介在した	4
介在して	4
介在している	4
介在しています	4
介在していた	4
介在していました	4
介在してる	4
介在してます	4
介護する	1
介護します	1
介護しません	1
介護しました	1
介護しませんでした	1
介護しましょう	1
介護しない	1
介護しなかった	1
介護した	1
介護して	1
介護している	1
介護しています	1
介護していた	1
介護していました	1
介護してる	1
介護してます	1
仕事する	3
仕事します	3
仕事しません	3
仕事しました	3
仕事しませんでした	3
仕事しましょう	3
仕事しない	3
仕事しなかった	3
仕事した	3
仕事して	3
仕事している	3
仕事しています	3
仕事していた	3
仕事していました	3
仕事してる	3
仕事してます	3
仕送りする	4
仕送りします	4
仕送りしません	4
仕送りしました	4
仕送りしませんでした	4
仕送りしましょう	4
仕送りしない	4
仕送りしなかった	4
仕送りした	4
仕送りして	4
仕送りしている	4
仕送りしています	4
仕送りしていた	4
仕送りしていました	4
仕送りしてる	4
仕送りしてます	4
付与する	1
付与します	1
付与しません	1
付与しました	1
付与しませんでした	1
付与しましょう	1
付与しない	1
付与しなかった	1
付与した	1
付与して	1
付与している	1
付与しています	1
付与していた	1
付与していました	1
付与してる	1
付与してます	1
付加する	1
付加します	1
付加しません	1
付加しました	1
付加しませんでした	1
付加しましょう	1
付加しない	1
付加しなかった	1
付加した	1
付加して	1
付加している	1
付加しています	1
付加していた	1
付加していました	1
付加してる	1
付加してます	1
付属する	3
付属します	3
付属しません	3
付属しました	3
付属しませんでした	3
付属しましょう	3
付属しない	3
付属しなかった	3
付属した	3
付属して	3
付属している	3
付属しています	3
付属していた	3
付属していました	3
付属してる	3
付属してます	3
付帯する	3
付帯します	3
付帯しません	3
付帯しました	3
付帯しませんでした	3
付帯しましょう	3
付帯しない	3
付帯しなかった	3
付帯した	3
付帯して	3
付帯している	3
付帯しています	3
付帯していた	3
付帯していました	3
付帯してる	3
付帯してます	3
付着する	3
付着します	3
付着しません	3
付着しました	3
付着しませんでした	3
付着しましょう	3
付着しない	3
付着しなかった	3
付着した	3
付着して	3
付着している	3
付着しています	3
付着していた	3
付着していました	3
付着してる	3
付着してます	3
代弁する	4
代弁します	4
代弁しません	4
代弁しました	4
代弁しませんでした	4
代弁しましょう	4
代弁しない	4
代弁しなかった	4
代弁した	4
代弁して	4
代弁している	4
代弁しています	4
代弁していた	4
代弁していました	4
代弁してる	4
代弁してます	4
代替する	4
代替します	4
代替しません	4
代替しました	4
代替しませんでした	4
代替しましょう	4
代替しない	4
代替しなかった	4
代替した	4
代替して	4
代替している	4
代替しています	4
代替していた	4
代替していました	4
代替してる	4
代替してます	4
代理する	3
代理します	3
代理しません	3
代理しました	3
代理しませんでした	3
代理しましょう	3
代理しない	3
代理しなかった	3
代理した	3
代理して	3
代理している	3
代理しています	3
代理していた	3
代理していました	3
代理してる	3
代理してます	3
代用する	4
代用します	4
代用しません	4
代用しました	4
代用しませんでした	4
代用しましょう	4
代用しない	4
代用しなかった	4
代用した	4
代用して	4
代用している	4
代用しています	4
代用していた	4
代用していました	4
代用してる	4
代用してます	4
代行する	4
代行します	4
代行しません	4
代行しました	4
代行しませんでした	4
代行しましょう	4
代行しない	4
代行しなかった	4
代行した	4
代行して	4
代行している	4
代行しています	4
代行していた	4
代行していました	4
代行してる	4
代行してます	4
代表する	4
代表します	4
代表しません	4
代表しました	4
代表しませんでした	4
代表しましょう	4
代表しない	4
代表しなかった	4
代表した	4
代表して	4
代表している	4
代表しています	4
代表していた	4
代表していました	4
代表してる	4
代表してます	4
代謝する	3
代謝します	3
代謝しません	3
代謝しました	3
代謝しませんでした	3
代謝しましょう	3
代謝しない	3
代謝しなかった	3
代謝した	3
代謝して	3
代謝している	3
代謝しています	3
代謝していた	3
代謝していました	3
代謝してる	3
代謝してます	3
代議する	1
代議します	1
代議しません	1
代議しました	1
代議しませんでした	1
代議しましょう	1
代議しない	1
代議しなかった	1
代議した	1
代議して	1
代議している	1
代議しています	1
代議していた	1
代議していました	1
代議してる	1
代議してます	1
仮定する	3
仮定します	3
仮定しません	3
仮定しました	3
仮定しませんでした	3
仮定しましょう	3
仮定しない	3
仮定しなかった	3
仮定した	3
仮定して	3
仮定している	3
仮定しています	3
仮定していた	3
仮定していました	3
仮定してる	3
仮定してます	3
仮想する	3
仮想します	3
仮想しません	3
仮想しました	3
仮想しませんでした	3
仮想しましょう	3
仮想しない	3
仮想しなかった	3
仮想した	3
仮想して	3
仮想している	3
仮想しています	3
仮想していた	3
仮想していました	3
仮想してる	3
仮想してます	3
仮称する	3
仮称します	3
仮称しません	3
仮称しました	3
仮称しませんでした	3
仮称しましょう	3
仮称しない	3
仮称しなかった	3
仮称した	3
仮称して	3
仮称している	3
仮称しています	3
仮称していた	3
仮称していました	3
仮称してる	3
仮称してます	3
仮設する	3
仮設します	3
仮設しません	3
仮設しました	3
仮設しませんでした	3
仮設しましょう	3
仮設しない	3
仮設しなかった	3
仮設した	3
仮設して	3
仮設している	3
仮設しています	3
仮設していた	3
仮設していました	3
仮設してる	3
仮設してます	3
仲介する	4
仲介します	4
仲介しません	4
仲介しました	4
仲介しませんでした	4
仲介しましょう	4
仲介しない	4
仲介しなかった	4
仲介した	4
仲介して	4
仲介している	4
仲介しています	4
仲介していた	4
仲介していました	4
仲介してる	4
仲介してます	4
仲直りする	3
仲直りします	3
仲直りしません	3
仲直りしました	3
仲直りしませんでした	3
仲直りしましょう	3
仲直りしない	3
仲直りしなかった	3
仲直りした	3
仲直りして	3
仲直りしている	3
仲直りしています	3
仲直りしていた	3
仲直りしていました	3
仲直りしてる	3
仲直りしてます	3
仲良しする	2
仲良しします	2
仲良ししません	2
仲良ししました	2
仲良ししませんでした	2
仲良ししましょう	2
仲良ししない	2
仲良ししなかった	2
仲良しした	2
仲良しして	2
仲良ししている	2
仲良ししています	2
仲良ししていた	2
仲良ししていました	2
仲良ししてる	2
仲良ししてます	2
仲裁する	4
仲裁します	4
仲裁しません	4
仲裁しました	4
仲裁しませんでした	4
仲裁しましょう	4
仲裁しない	4
仲裁しなかった	4
仲裁した	4
仲裁して	4
仲裁している	4
仲裁しています	4
仲裁していた	4
仲裁していました	4
仲裁してる	4
仲裁してます	4
仲間入りする	5
仲間入りします	5
仲間入りしません	5
仲間入りしました	5
仲間入りしませんでした	5
仲間入りしましょう	5
仲間入りしない	5
仲間入りしなかった	5
仲間入りした	5
仲間入りして	5
仲間入りしている	5
仲間入りしています	5
仲間入りしていた	5
仲間入りしていました	5
仲間入りしてる	5
仲間入りしてます	5
任命する	4
任命します	4
任命しません	4
任命しました	4
任命しませんでした	4
任命しましょう	4
任命しない	4
任命しなかった	4
任命した	4
任命して	4
任命している	4
任命しています	4
任命していた	4
任命していました	4
任命してる	4
任命してます	4
企画する	3
企画します	3
企画しません	3
企画しました	3
企画しませんでした	3
企画しましょう	3
企画しない	3
企画しなかった	3
企画した	3
企画して	3
企画している	3
企画しています	3
企画していた	3
企画していました	3
企画してる	3
企画してます	3
伐採する	4
伐採します	4
伐採しません	4
伐採しました	4
伐採しませんでした	4
伐採しましょう	4
伐採しない	4
伐採しなかった	4
伐採した	4
伐採して	4
伐採している	4
伐採しています	4
伐採していた	4
伐採していました	4
伐採してる	4
伐採してます	4
休するする	1
休するします	6
休するしません	7
休するしました	6
休するしませんでした	7
休するしましょう	7
休するしない	5
休するしなかった	5
休するした	1
休するして	1
休するしている	1
休するしています	1
休するしていた	1
休するしていました	1
休するしてる	1
休するしてます	1
休刊する	4
休刊します	4
休刊しません	4
休刊しました	4
休刊しませんでした	4
休刊しましょう	4
休刊しない	4
休刊しなかった	4
休刊した	4
休刊して	4
休刊している	4
休刊しています	4
休刊していた	4
休刊していました	4
休刊してる	4
休刊してます	4
休場する	4
休場します	4
休場しません	4
休場しました	4
休場しませんでした	4
休場しましょう	4
休場しない	4
休場しなかった	4
休場した	4
休場して	4
休場している	4
休場しています	4
休場していた	4
休場していました	4
休場してる	4
休場してます	4
休学する	4
休学します	4
休学しません	4
休学しました	4
休学しませんでした	4
休学しましょう	4
休学しない	4
休学しなかった	4
休学した	4
休学して	4
休学している	4
休学しています	4
休学していた	4
休学していました	4
休学してる	4
休学してます	4
休息する	4
休息します	4
休息しません	4
休息しました	4
休息しませんでした	4
休息しましょう	4
休息しない	4
休息しなかった	4
休息した	4
休息して	4
休息している	4
休息しています	4
休息していた	4
休息していました	4
休息してる	4
休息してます	4
休憩する	4
休憩します	4
休憩しません	4
休憩しました	4
休憩しませんでした	4
休憩しましょう	4
休憩しない	4
休憩しなかった	4
休憩した	4
休憩して	4
休憩している	4
休憩しています	4
休憩していた	4
休憩していました	4
休憩してる	4
休憩してます	4
休戦する	4
休戦します	4
休戦しません	4
休戦しました	4
休戦しませんでした	4
休戦しましょう	4
休戦しない	4
休戦しなかった	4
休戦した	4
休戦して	4
休戦している	4
休戦しています	4
休戦していた	4
休戦していました	4
休戦してる	4
休戦してます	4
休校する	4
休校します	4
休校しません	4
休校しました	4
休校しませんでした	4
休校しましょう	4
休校しない	4
休校しなかった	4
休校した	4
休校して	4
休校している	4
休校しています	4
休校していた	4
休校していました	4
休校してる	4
休校してます	4
休業する	4
休業します	4
休業しません	4
休業しました	4
休業しませんでした	4
休業しましょう	4
休業しない	4
休業しなかった	4
休業した	4
休業して	4
休業している	4
休業しています	4
休業していた	4
休業していました	4
休業してる	4
休業してます	4
休止する	3
休止します	3
休止しません	3
休止しました	3
休止しませんでした	3
休止しましょう	3
休止しない	3
休止しなかった	3
休止した	3
休止して	3
休止している	3
休止しています	3
休止していた	3
休止していました	3
休止してる	3
休止してます	3
休職する	4
休職します	4
休職しません	4
休職しました	4
休職しませんでした	4
休職しましょう	4
休職しない	4
休職しなかった	4
休職した	4
休職して	4
休職している	4
休職しています	4
休職していた	4
休職していました	4
休職してる	4
休職してます	4
休講する	4
休講します	4
休講しません	4
休講しました	4
休講しませんでした	4
休講しましょう	4
休講しない	4
休講しなかった	4
休講した	4
休講して	4
休講している	4
休講しています	4
休講していた	4
休講していました	4
休講してる	4
休講してます	4
休養する	4
休養します	4
休養しません	4
休養しました	4
休養しませんでした	4
休養しましょう	4
休養しない	4
休養しなかった	4
休養した	4
休養して	4
休養している	4
休養しています	4
休養していた	4
休養していました	4
休養してる	4
休養してます	4
休館する	4
休館します	4
休館しません	4
休館しました	4
休館しませんでした	4
休館しましょう	4
休館しない	4
休館しなかった	4
休館した	4
休館して	4
休館している	4
休館しています	4
休館していた	4
休館していました	4
休館してる	4
休館してます	4
会合する	4
会合します	4
会合しません	4
会合しました	4
会合しませんでした	4
会合しましょう	4
会合しない	4
会合しなかった	4
会合した	4
会合して	4
会合している	4
会合しています	4
会合していた	4
会合していました	4
会合してる	4
会合してます	4
会心する	4
会心します	4
会心しません	4
会心しました	4
会心しませんでした	4
会心しましょう	4
会心しない	4
会心しなかった	4
会心した	4
会心して	4
会心している	4
会心しています	4
会心していた	4
会心していました	4
会心してる	4
会心してます	4
会見する	4
会見します	4
会見しません	4
会見しました	4
会見しませんでした	4
会見しましょう	4
会見しない	4
会見しなかった	4
会見した	4
会見して	4
会見している	4
会見しています	4
会見していた	4
会見していました	4
会見してる	4
会見してます	4
会計する	4
会計します	4
会計しません	4
会計しました	4
会計しませんでした	4
会計しましょう	4
会計しない	4
会計しなかった	4
会計した	4
会計して	4
会計している	4
会計しています	4
会計していた	4
会計していました	4
会計してる	4
会計してます	4
会話する	3
会話します	3
会話しません	3
会話しました	3
会話しませんでした	3
会話しましょう	3
会話しない	3
会話しなかった	3
会話した	3
会話して	3
会話している	3
会話しています	3
会話していた	3
会話していました	3
会話してる	3
会話してます	3
会談する	4
会談します	4
会談しません	4
会談しました	4
会談しませんでした	4
会談しましょう	4
会談しない	4
会談しなかった	4
会談した	4
会談して	4
会談している	4
会談しています	4
会談していた	4
会談していました	4
会談してる	4
会談してます	4
会議する	1
会議します	1
会議しません	1
会議しました	1
会議しませんでした	1
会議しましょう	1
会議しない	1
会議しなかった	1
会議した	1
会議して	1
会議している	1
会議しています	1
会議していた	1
会議していました	1
会議してる	1
会議してます	1
会釈する	1
会釈します	1
会釈しません	1
会釈しました	1
会釈しませんでした	1
会釈しましょう	1
会釈しない	1
会釈しなかった	1
会釈した	1
会釈して	1
会釈している	1
会釈しています	1
会釈していた	1
会釈していました	1
会釈してる	1
会釈してます	1
会食する	4
会食します	4
会食しません	4
会食しました	4
会食しませんでした	4
会食しましょう	4
会食しない	4
会食しなかった	4
会食した	4
会食して	4
会食している	4
会食しています	4
会食していた	4
会食していました	4
会食してる	4
会食してます	4
伝承する	4
伝承します	4
伝承しません	4
伝承しました	4
伝承しませんでした	4
伝承しましょう	4
伝承しない	4
伝承しなかった	4
伝承した	4
伝承して	4
伝承している	4
伝承しています	4
伝承していた	4
伝承していました	4
伝承してる	4
伝承してます	4
伝染する	4
伝染します	4
伝染しません	4
伝染しました	4
伝染しませんでした	4
伝染しましょう	4
伝染しない	4
伝染しなかった	4
伝染した	4
伝染して	4
伝染している	4
伝染しています	4
伝染していた	4
伝染していました	4
伝染してる	4
伝染してます	4
伝言する	4
伝言します	4
伝言しません	4
伝言しました	4
伝言しませんでした	4
伝言しましょう	4
伝言しない	4
伝言しなかった	4
伝言した	4
伝言して	4
伝言している	4
伝言しています	4
伝言していた	4
伝言していました	4
伝言してる	4
伝言してます	4
伝送する	4
伝送します	4
伝送しません	4
伝送しました	4
伝送しませんでした	4
伝送しましょう	4
伝送しない	4
伝送しなかった	4
伝送した	4
伝送して	4
伝送している	4
伝送しています	4
伝送していた	4
伝送していました	4
伝送してる	4
伝送してます	4
伝道する	4
伝道します	4
伝道しません	4
伝道しました	4
伝道しませんでした	4
伝道しましょう	4
伝道しない	4
伝道しなかった	4
伝道した	4
伝道して	4
伝道している	4
伝道しています	4
伝道していた	4
伝道していました	4
伝道してる	4
伝道してます	4
伝達する	4
伝達します	4
伝達しません	4
伝達しました	4
伝達しませんでした	4
伝達しましょう	4
伝達しない	4
伝達しなかった	4
伝達した	4
伝達して	4
伝達している	4
伝達しています	4
伝達していた	4
伝達していました	4
伝達してる	4
伝達してます	4
伴奏する	4
伴奏します	4
伴奏しません	4
伴奏しました	4
伴奏しませんでした	4
伴奏しましょう	4
伴奏しない	4
伴奏しなかった	4
伴奏した	4
伴奏して	4
伴奏している	4
伴奏しています	4
伴奏していた	4
伴奏していました	4
伴奏してる	4
伴奏してます	4
伸び伸びする	3
伸び伸びします	3
伸び伸びしません	3
伸び伸びしました	3
伸び伸びしませんでした	3
伸び伸びしましょう	3
伸び伸びしない	3
伸び伸びしなかった	3
伸び伸びした	3
伸び伸びして	3
伸び伸びしている	3
伸び伸びしています	3
伸び伸びしていた	3
伸び伸びしていました	3
伸び伸びしてる	3
伸び伸びしてます	3
位置する	1
位置します	1
位置しません	1
位置しました	1
位置しませんでした	1
位置しましょう	1
位置しない	1
位置しなかった	1
位置した	1
位置して	1
位置している	1
位置しています	1
位置していた	1
位置していました	1
位置してる	1
位置してます	1
低下する	3
低下します	3
低下しません	3
低下しました	3
低下しませんでした	3
低下しましょう	3
低下しない	3
低下しなかった	3
低下した	3
低下して	3
低下している	3
低下しています	3
低下していた	3
低下していました	3
低下してる	3
低下してます	3
低減する	4
低減します	4
低減しません	4
低減しました	4
低減しませんでした	4
低減しましょう	4
低減しない	4
低減しなかった	4
低減した	4
低減して	4
低減している	4
低減しています	4
低減していた	4
低減していました	4
低減してる	4
低減してます	4
低落する	4
低落します	4
低落しません	4
低落しました	4
低落しませんでした	4
低落しましょう	4
低落しない	4
低落しなかった	4
低落した	4
低落して	4
低落している	4
低落しています	4
低落していた	4
低落していました	4
低落してる	4
低落してます	4
低迷する	4
低迷します	4
低迷しません	4
低迷しました	4
低迷しませんでした	4
低迷しましょう	4
低迷しない	4
低迷しなかった	4
低迷した	4
低迷して	4
低迷している	4
低迷しています	4
低迷していた	4
低迷していました	4
低迷してる	4
低迷してます	4
住居する	1
住居します	1
住居しません	1
住居しました	1
住居しませんでした	1
住居しましょう	1
住居しない	1
住居しなかった	1
住居した	1
住居して	1
住居している	1
住居しています	1
住居していた	1
住居していました	1
住居してる	1
住居してます	1
体得する	1
体得します	1
体得しません	1
体得しました	1
体得しませんでした	1
体得しましょう	1
体得しない	1
体得しなかった	1
体得した	1
体得して	1
体得している	1
体得しています	1
体得していた	1
体得していました	1
体得してる	1
体得してます	1
体感する	4
体感します	4
体感しません	4
体感しました	4
体感しませんでした	4
体感しましょう	4
体感しない	4
体感しなかった	4
体感した	4
体感して	4
体感している	4
体感しています	4
体感していた	4
体感していました	4
体感してる	4
体感してます	4
体操する	4
体操します	4
体操しません	4
体操しました	4
体操しませんでした	4
体操しましょう	4
体操しない	4
体操しなかった	4
体操した	4
体操して	4
体操している	4
体操しています	4
体操していた	4
体操していました	4
体操してる	4
体操してます	4
体験する	4
体験します	4
体験しません	4
体験しました	4
体験しませんでした	4
体験しましょう	4
体験しない	4
体験しなかった	4
体験した	4
体験して	4
体験している	4
体験しています	4
体験していた	4
体験していました	4
体験してる	4
体験してます	4
作り笑いする	4
作り笑いします	4
作り笑いしません	4
作り笑いしました	4
作り笑いしませんでした	4
作り笑いしましょう	4
作り笑いしない	4
作り笑いしなかった	4
作り笑いした	4
作り笑いして	4
作り笑いしている	4
作り笑いしています	4
作り笑いしていた	4
作り笑いしていました	4
作り笑いしてる	4
作り笑いしてます	4
作付けする	4
作付けします	4
作付けしません	4
作付けしました	4
作付けしませんでした	4
作付けしましょう	4
作付けしない	4
作付けしなかった	4
作付けした	4
作付けして	4
作付けしている	4
作付けしています	4
作付けしていた	4
作付けしていました	4
作付けしてる	4
作付けしてます	4
作動する	3
作動します	3
作動しません	3
作動しました	3
作動しませんでした	3
作動しましょう	3
作動しない	3
作動しなかった	3
作動した	3
作動して	3
作動している	3
作動しています	3
作動していた	3
作動していました	3
作動してる	3
作動してます	3
作成する	4
作成します	4
作成しません	4
作成しました	4
作成しませんでした	4
作成しましょう	4
作成しない	4
作成しなかった	4
作成した	4
作成して	4
作成している	4
作成しています	4
作成していた	4
作成していました	4
作成してる	4
作成してます	4
作文する	4
作文します	4
作文しません	4
作文しました	4
作文しませんでした	4
作文しましょう	4
作文しない	4
作文しなかった	4
作文した	4
作文して	4
作文している	4
作文しています	4
作文していた	4
作文していました	4
作文してる	4
作文してます	4
作曲する	4
作曲します	4
作曲しません	4
作曲しました	4
作曲しませんでした	4
作曲しましょう	4
作曲しない	4
作曲しなかった	4
作曲した	4
作曲して	4
作曲している	4
作曲しています	4
作曲していた	4
作曲していました	4
作曲してる	4
作曲してます	4
作業する	1
作業します	1
作業しません	1
作業しました	1
作業しませんでした	1
作業しましょう	1
作業しない	1
作業しなかった	1
作業した	1
作業して	1
作業している	1
作業しています	1
作業していた	1
作業していました	1
作業してる	1
作業してます	1
作用する	1
作用します	1
作用しません	1
作用しました	1
作用しませんでした	1
作用しましょう	1
作用しない	1
作用しなかった	1
作用した	1
作用して	1
作用している	1
作用しています	1
作用していた	1
作用していました	1
作用してる	1
作用してます	1
作製する	4
作製します	4
作製しません	4
作製しました	4
作製しませんでした	4
作製しましょう	4
作製しない	4
作製しなかった	4
作製した	4
作製して	4
作製している	4
作製しています	4
作製していた	4
作製していました	4
作製してる	4
作製してます	4
作詞する	3
作詞します	3
作詞しません	3
作詞しました	3
作詞しませんでした	3
作詞しましょう	3
作詞しない	3
作詞しなかった	3
作詞した	3
作詞して	3
作詞している	3
作詞しています	3
作詞していた	3
作詞していました	3
作詞してる	3
作詞してます	3
併合する	4
併合します	4
併合しません	4
併合しました	4
併合しませんでした	4
併合しましょう	4
併合しない	4
併合しなかった	4
併合した	4
併合して	4
併合している	4
併合しています	4
併合していた	4
併合していました	4
併合してる	4
併合してます	4
併殺する	4
併殺します	4
併殺しません	2
併殺しました	4
併殺しませんでした	2
併殺しましょう	2
併殺しない	4
併殺しなかった	4
併殺した	2
併殺して	2
併殺している	2
併殺しています	2
併殺していた	2
併殺していました	2
併殺してる	2
併殺してます	2
併用する	4
併用します	4
併用しません	4
併用しました	4
併用しませんでした	4
併用しましょう	4
併用しない	4
併用しなかった	4
併用した	4
併用して	4
併用している	4
併用しています	4
併用していた	4
併用していました	4
併用してる	4
併用してます	4
併設する	4
併設します	4
併設しません	4
併設しました	4
併設しませんでした	4
併設しましょう	4
併設しない	4
併設しなかった	4
併設した	4
併設して	4
併設している	4
併設しています	4
併設していた	4
併設していました	4
併設してる	4
併設してます	4
使い分けする	5
使い分けします	5
使い分けしません	5
使い分けしました	5
使い分けしませんでした	5
使い分けしましょう	5
使い分けしない	0
使い分けしなかった	10
使い分けした	5
使い分けして	5
使い分けしている	5
使い分けしています	5
使い分けしていた	5
使い分けしていました	5
使い分けしてる	5
使い分けしてます	5
使用する	3
使用します	3
使用しません	3
使用しました	3
使用しませんでした	3
使用しましょう	3
使用しない	3
使用しなかった	3
使用した	3
使用して	3
使用している	3
使用しています	3
使用していた	3
使用していました	3
使用してる	3
使用してます	3
供します	1
供しません	5
供しました	1
供しませんでした	5
供しましょう	5
供しない	1
供しなかった	1
供した	1
供して	1
供している	1
供しています	1
供していた	1
供していました	1
供してる	4
供してます	1
供与する	1
供与します	1
供与しません	1
供与しました	1
供与しませんでした	1
供与しましょう	1
供与しない	1
供与しなかった	1
供与した	1
供与して	1
供与している	1
供与しています	1
供与していた	1
供与していました	1
供与してる	1
供与してます	1
供給する	4
供給します	4
供給しません	4
供給しました	4
供給しませんでした	4
供給しましょう	4
供給しない	4
供給しなかった	4
供給した	4
供給して	4
供給している	4
供給しています	4
供給していた	4
供給していました	4
供給してる	4
供給してます	4
供述する	4
供述します	4
供述しません	4
供述しました	4
供述しませんでした	4
供述しましょう	4
供述しない	4
供述しなかった	4
供述した	4
供述して	4
供述している	4
供述しています	4
供述していた	4
供述していました	4
供述してる	4
供述してます	4
供養する	1
供養します	1
供養しません	1
供養しました	1
供養しませんでした	1
供養しましょう	1
供養しない	1
供養しなかった	1
供養した	1
供養して	1
供養している	1
供養しています	1
供養していた	1
供養していました	1
供養してる	1
供養してます	1
依存する	3
依存します	3
依存しません	3
依存しました	3
依存しませんでした	3
依存しましょう	3
依存しない	3
依存しなかった	3
依存した	3
依存して	3
依存している	3
依存しています	3
依存していた	3
依存していました	3
依存してる	3
依存してます	3
依頼する	3
依頼します	3
依頼しません	3
依頼しました	3
依頼しませんでした	3
依頼しましょう	3
依頼しない	3
依頼しなかった	3
依頼した	3
依頼して	3
依頼している	3
依頼しています	3
依頼していた	3
依頼していました	3
依頼してる	3
依頼してます	3
侮蔑する	3
侮蔑します	3
侮蔑しません	3
侮蔑しました	3
侮蔑しませんでした	3
侮蔑しましょう	3
侮蔑しない	3
侮蔑しなかった	3
侮蔑した	3
侮蔑して	3
侮蔑している	3
侮蔑しています	3
侮蔑していた	3
侮蔑していました	3
侮蔑してる	3
侮蔑してます	3
侮辱する	3
侮辱します	3
侮辱しません	3
侮辱しました	3
侮辱しませんでした	3
侮辱しましょう	3
侮辱しない	3
侮辱しなかった	3
侮辱した	3
侮辱して	3
侮辱している	3
侮辱しています	3
侮辱していた	3
侮辱していました	3
侮辱してる	3
侮辱してます	3
侵入する	4
侵入します	4
侵入しません	4
侵入しました	4
侵入しませんでした	4
侵入しましょう	4
侵入しない	4
侵入しなかった	4
侵入した	4
侵入して	4
侵入している	4
侵入しています	4
侵入していた	4
侵入していました	4
侵入してる	4
侵入してます	4
侵害する	4
侵害します	4
侵害しません	4
侵害しました	4
侵害しませんでした	4
侵害しましょう	4
侵害しない	4
侵害しなかった	4
侵害した	4
侵害して	4
侵害している	4
侵害しています	4
侵害していた	4
侵害していました	4
侵害してる	4
侵害してます	4
侵攻する	4
侵攻します	4
侵攻しません	4
侵攻しました	4
侵攻しませんでした	4
侵攻しましょう	4
侵攻しない	4
侵攻しなかった	4
侵攻した	4
侵攻して	4
侵攻している	4
侵攻しています	4
侵攻していた	4
侵攻していました	4
侵攻してる	4
侵攻してます	4
侵犯する	4
侵犯します	4
侵犯しません	4
侵犯しました	4
侵犯しませんでした	4
侵犯しましょう	4
侵犯しない	4
侵犯しなかった	4
侵犯した	4
侵犯して	4
侵犯している	4
侵犯しています	4
侵犯していた	4
侵犯していました	4
侵犯してる	4
侵犯してます	4
侵略する	4
侵略します	4
侵略しません	4
侵略しました	4
侵略しませんでした	4
侵略しましょう	4
侵略しない	4
侵略しなかった	4
侵略した	4
侵略して	4
侵略している	4
侵略しています	4
侵略していた	4
侵略していました	4
侵略してる	4
侵略してます	4
便りする	1
便りします	1
便りしません	1
便りしました	1
便りしませんでした	1
便りしましょう	1
便りしない	4
便りしなかった	4
便りした	1
便りして	1
便りしている	1
便りしています	1
便りしていた	1
便りしていました	1
便りしてる	1
便りしてます	1
便乗する	4
便乗します	4
便乗しません	4
便乗しました	4
便乗しませんでした	4
便乗しましょう	4
便乗しない	4
便乗しなかった	4
便乗した	4
便乗して	4
便乗している	4
便乗しています	4
便乗していた	4
便乗していました	4
便乗してる	4
便乗してます	4
便秘する	3
便秘します	3
便秘しません	3
便秘しました	3
便秘しませんでした	3
便秘しましょう	3
便秘しない	3
便秘しなかった	3
便秘した	3
便秘して	3
便秘している	3
便秘しています	3
便秘していた	3
便秘していました	3
便秘してる	3
便秘してます	3
係争する	4
係争します	4
係争しません	4
係争しました	4
係争しませんでした	4
係争しましょう	4
係争しない	4
係争しなかった	4
係争した	4
係争して	4
係争している	4
係争しています	4
係争していた	4
係争していました	4
係争してる	4
係争してます	4
促成する	4
促成します	4
促成しません	4
促成しました	4
促成しませんでした	4
促成しましょう	4
促成しない	4
促成しなかった	4
促成した	4
促成して	4
促成している	4
促成しています	4
促成していた	4
促成していました	4
促成してる	4
促成してます	4
促進する	4
促進します	4
促進しません	4
促進しました	4
促進しませんでした	4
促進しましょう	4
促進しない	4
促進しなかった	4
促進した	4
促進して	4
促進している	4
促進しています	4
促進していた	4
促進していました	4
促進してる	4
促進してます	4
保するする	2
保するします	5
保するしません	6
保するしました	5
保するしませんでした	6
保するしましょう	6
保するしない	4
保するしなかった	4
保するした	2
保するして	2
保するしている	2
保するしています	2
保するしていた	2
保するしていました	2
保するしてる	2
保するしてます	2
保全する	3
保全します	3
保全しません	3
保全しました	3
保全しませんでした	3
保全しましょう	3
保全しない	3
保全しなかった	3
保全した	3
保全して	3
保全している	3
保全しています	3
保全していた	3
保全していました	3
保全してる	3
保全してます	3
保存する	3
保存します	3
保存しません	3
保存しました	3
保存しませんでした	3
保存しましょう	3
保存しない	3
保存しなかった	3
保存した	3
保存して	3
保存している	3
保存しています	3
保存していた	3
保存していました	3
保存してる	3
保存してます	3
保守する	1
保守します	1
保守しません	1
保守しました	1
保守しませんでした	1
保守しましょう	1
保守しない	1
保守しなかった	1
保守した	1
保守して	1
保守している	1
保守しています	1
保守していた	1
保守していました	1
保守してる	1
保守してます	1
保持する	1
保持します	1
保持しません	1
保持しました	1
保持しませんでした	1
保持しましょう	1
保持しない	1
保持しなかった	1
保持した	1
保持して	1
保持している	1
保持しています	1
保持していた	1
保持していました	1
保持してる	1
保持してます	1
保有する	3
保有します	3
保有しません	3
保有しました	3
保有しませんでした	3
保有しましょう	3
保有しない	3
保有しなかった	3
保有した	3
保有して	3
保有している	3
保有しています	3
保有していた	3
保有していました	3
保有してる	3
保有してます	3
保温する	3
保温します	3
保温しません	3
保温しました	3
保温しませんでした	3
保温しましょう	3
保温しない	3
保温しなかった	3
保温した	3
保温して	3
保温している	3
保温しています	3
保温していた	3
保温していました	3
保温してる	3
保温してます	3
保留する	3
保留します	3
保留しません	3
保留しました	3
保留しませんでした	3
保留しましょう	3
保留しない	3
保留しなかった	3
保留した	3
保留して	3
保留している	3
保留しています	3
保留していた	3
保留していました	3
保留してる	3
保留してます	3
保管する	3
保管します	3
保管しません	3
保管しました	3
保管しませんでした	3
保管しましょう	3
保管しない	3
保管しなかった	3
保管した	3
保管して	3
保管している	3
保管しています	3
保管していた	3
保管していました	3
保管してる	3
保管してます	3
保育する	3
保育します	3
保育しません	3
保育しました	3
保育しませんでした	3
保育しましょう	3
保育しない	3
保育しなかった	3
保育した	3
保育して	3
保育している	3
保育しています	3
保育していた	3
保育していました	3
保育してる	3
保育してます	3
保証する	3
保証します	3
保証しません	3
保証しました	3
保証しませんでした	3
保証しましょう	3
保証しない	3
保証しなかった	3
保証した	3
保証して	3
保証している	3
保証しています	3
保証していた	3
保証していました	3
保証してる	3
保証してます	3
保護する	1
保護します	1
保護しません	1
保護しました	1
保護しませんでした	1
保護しましょう	1
保護しない	1
保護しなかった	1
保護した	1
保護して	1
保護している	1
保護しています	1
保護していた	1
保護していました	1
保護してる	1
保護してます	1
保釈する	3
保釈します	3
保釈しません	3
保釈しました	3
保釈しませんでした	3
保釈しましょう	3
保釈しない	3
保釈しなかった	3
保釈した	3
保釈して	3
保釈している	3
保釈しています	3
保釈していた	3
保釈していました	3
保釈してる	3
保釈してます	3
保養する	3
保養します	3
保養しません	3
保養しました	3
保養しませんでした	3
保養しましょう	3
保養しない	3
保養しなかった	3
保養した	3
保養して	3
保養している	3
保養しています	3
保養していた	3
保養していました	3
保養してる	3
保養してます	3
信仰する	4
信仰します	4
信仰しません	4
信仰しました	4
信仰しませんでした	4
信仰しましょう	4
信仰しない	4
信仰しなかった	4
信仰した	4
信仰して	4
信仰している	4
信仰しています	4
信仰していた	4
信仰していました	4
信仰してる	4
信仰してます	4
信任する	4
信任します	4
信任しません	4
信任しました	4
信任しませんでした	4
信任しましょう	4
信任しない	4
信任しなかった	4
信任した	4
信任して	4
信任している	4
信任しています	4
信任していた	4
信任していました	4
信任してる	4
信任してます	4
信号する	4
信号します	4
信号しません	4
信号しました	4
信号しませんでした	4
信号しましょう	4
信号しない	4
信号しなかった	4
信号した	4
信号して	4
信号している	4
信号しています	4
信号していた	4
信号していました	4
信号してる	4
信号してます	4
信用する	4
信用します	4
信用しません	4
信用しました	4
信用しませんでした	4
信用しましょう	4
信用しない	4
信用しなかった	4
信用した	4
信用して	4
信用している	4
信用しています	4
信用していた	4
信用していました	4
信用してる	4
信用してます	4
信託する	4
信託します	4
信託しません	4
信託しました	4
信託しませんでした	4
信託しましょう	4
信託しない	4
信託しなかった	4
信託した	4
信託して	4
信託している	4
信託しています	4
信託していた	4
信託していました	4
信託してる	4
信託してます	4
信頼する	4
信頼します	4
信頼しません	4
信頼しました	4
信頼しませんでした	4
信頼しましょう	4
信頼しない	4
信頼しなかった	4
信頼した	4
信頼して	4
信頼している	4
信頼しています	4
信頼していた	4
信頼していました	4
信頼してる	4
信頼してます	4
修了する	4
修了します	4
修了しません	4
修了しました	4
修了しませんでした	4
修了しましょう	4
修了しない	4
修了しなかった	4
修了した	4
修了して	4
修了している	4
修了しています	4
修了していた	4
修了していました	4
修了してる	4
修了してます	4
修復する	4
修復します	4
修復しません	4
修復しました	4
修復しませんでした	4
修復しましょう	4
修復しない	4
修復しなかった	4
修復した	4
修復して	4
修復している	4
修復しています	4
修復していた	4
修復していました	4
修復してる	4
修復してます	4
修業する	4
修業します	3
修業しません	3
修業しました	3
修業しませんでした	3
修業しましょう	3
修業しない	3
修業しなかった	3
修業した	3
修業して	3
修業している	3
修業しています	3
修業していた	3
修業していました	3
修業してる	3
修業してます	3
修正する	4
修正します	4
修正しません	4
修正しました	4
修正しませんでした	4
修正しましょう	4
修正しない	4
修正しなかった	4
修正した	4
修正して	4
修正している	4
修正しています	4
修正していた	4
修正していました	4
修正してる	4
修正してます	4
修理する	1
修理します	1
修理しません	1
修理しました	1
修理しませんでした	1
修理しましょう	1
修理しない	1
修理しなかった	1
修理した	1
修理して	1
修理している	1
修理しています	1
修理していた	1
修理していました	1
修理してる	1
修理してます	1
修繕する	4
修繕します	4
修繕しません	4
修繕しました	4
修繕しませんでした	4
修繕しましょう	4
修繕しない	4
修繕しなかった	4
修繕した	4
修繕して	4
修繕している	4
修繕しています	4
修繕していた	4
修繕していました	4
修繕してる	4
修繕してます	4
修行する	3
修行します	3
修行しません	3
修行しました	3
修行しませんでした	3
修行しましょう	3
修行しない	3
修行しなかった	3
修行した	3
修行して	3
修行している	3
修行しています	3
修行していた	3
修行していました	3
修行してる	3
修行してます	3
修道する	4
修道します	4
修道しません	4
修道しました	4
修道しませんでした	4
修道しましょう	4
修道しない	4
修道しなかった	4
修道した	4
修道して	4
修道している	4
修道しています	4
修道していた	4
修道していました	4
修道してる	4
修道してます	4
倍増する	4
倍増します	4
倍増しません	4
倍増しました	4
倍増しませんでした	4
倍増しましょう	4
倍増しない	4
倍増しなかった	4
倍増した	4
倍増して	4
倍増している	4
倍増しています	4
倍増していた	4
倍増していました	4
倍増してる	4
倍増してます	4
倒産する	4
倒産します	4
倒産しません	4
倒産しました	4
倒産しませんでした	4
倒産しましょう	4
倒産しない	4
倒産しなかった	4
倒産した	4
倒産して	4
倒産している	4
倒産しています	4
倒産していた	4
倒産していました	4
倒産してる	4
倒産してます	4
倒置する	3
倒置します	3
倒置しません	3
倒置しました	3
倒置しませんでした	3
倒置しましょう	3
倒置しない	3
倒置しなかった	3
倒置した	3
倒置して	3
倒置している	3
倒置しています	3
倒置していた	3
倒置していました	3
倒置してる	3
倒置してます	3
倒閣する	4
倒閣します	4
倒閣しません	4
倒閣しました	4
倒閣しませんでした	4
倒閣しましょう	4
倒閣しない	4
倒閣しなかった	4
倒閣した	4
倒閣して	4
倒閣している	4
倒閣しています	4
倒閣していた	4
倒閣していました	4
倒閣してる	4
倒閣してます	4
借り入れする	4
借り入れします	4
借り入れしません	4
借り入れしました	4
借り入れしませんでした	4
借り入れしましょう	4
借り入れしない	4
借り入れしなかった	4
借り入れした	4
借り入れして	4
借り入れしている	4
借り入れしています	4
借り入れしていた	4
借り入れしていました	4
借り入れしてる	4
借り入れしてます	4
借地する	3
借地します	3
借地しません	3
借地しました	3
借地しませんでした	3
借地しましょう	3
借地しない	3
借地しなかった	3
借地した	3
借地して	3
借地している	3
借地しています	3
借地していた	3
借地していました	3
借地してる	3
借地してます	3
借金する	3
借金します	3
借金しません	3
借金しました	3
借金しませんでした	3
借金しましょう	3
借金しない	3
借金しなかった	3
借金した	3
借金して	3
借金している	3
借金しています	3
借金していた	3
借金していました	3
借金してる	3
借金してます	3
値上がりする	4
値上がりします	4
値上がりしません	4
値上がりしました	4
値上がりしませんでした	4
値上がりしましょう	4
値上がりしない	4
値上がりしなかった	4
値上がりした	4
値上がりして	4
値上がりしている	4
値上がりしています	4
値上がりしていた	4
値上がりしていました	4
値上がりしてる	4
値上がりしてます	4
値上げする	3
値上げします	3
値上げしません	3
値上げしました	3
値上げしませんでした	3
値上げしましょう	3
値上げしない	3
値上げしなかった	3
値上げした	3
値上げして	3
値上げしている	3
値上げしています	3
値上げしていた	3
値上げしていました	3
値上げしてる	3
値上げしてます	3
値下がりする	4
値下がりします	4
値下がりしません	4
値下がりしました	4
値下がりしませんでした	4
値下がりしましょう	4
値下がりしない	4
値下がりしなかった	4
値下がりした	4
値下がりして	4
値下がりしている	4
値下がりしています	4
値下がりしていた	4
値下がりしていました	4
値下がりしてる	4
値下がりしてます	4
値下げする	3
値下げします	3
値下げしません	3
値下げしました	3
値下げしませんでした	3
値下げしましょう	3
値下げしない	3
値下げしなかった	3
値下げした	3
値下げして	3
値下げしている	3
値下げしています	3
値下げしていた	3
値下げしていました	3
値下げしてる	3
値下げしてます	3
値引きする	3
値引きします	3
値引きしません	3
値引きしました	3
値引きしませんでした	3
値引きしましょう	3
値引きしない	3
値引きしなかった	3
値引きした	3
値引きして	3
値引きしている	3
値引きしています	3
値引きしていた	3
値引きしていました	3
値引きしてる	3
値引きしてます	3
倹約する	4
倹約します	4
倹約しません	4
倹約しました	4
倹約しませんでした	4
倹約しましょう	4
倹約しない	4
倹約しなかった	4
倹約した	4
倹約して	4
倹約している	4
倹約しています	4
倹約していた	4
倹約していました	4
倹約してる	4
倹約してます	4
偏重する	4
偏重します	4
偏重しません	4
偏重しました	4
偏重しませんでした	4
偏重しましょう	4
偏重しない	4
偏重しなかった	4
偏重した	4
偏重して	4
偏重している	4
偏重しています	4
偏重していた	4
偏重していました	4
偏重してる	4
偏重してます	4
停戦する	4
停戦します	4
停戦しません	4
停戦しました	4
停戦しませんでした	4
停戦しましょう	4
停戦しない	4
停戦しなかった	4
停戦した	4
停戦して	4
停戦している	4
停戦しています	4
停戦していた	4
停戦していました	4
停戦してる	4
停戦してます	4
停止する	3
停止します	3
停止しません	3
停止しました	3
停止しませんでした	3
停止しましょう	3
停止しない	3
停止しなかった	3
停止した	3
停止して	3
停止している	3
停止しています	3
停止していた	3
停止していました	3
停止してる	3
停止してます	3
停泊する	4
停泊します	4
停泊しません	4
停泊しました	4
停泊しませんでした	4
停泊しましょう	4
停泊しない	4
停泊しなかった	4
停泊した	4
停泊して	4
停泊している	4
停泊しています	4
停泊していた	4
停泊していました	4
停泊してる	4
停泊してます	4
停滞する	4
停滞します	4
停滞しません	4
停滞しました	4
停滞しませんでした	4
停滞しましょう	4
停滞しない	4
停滞しなかった	4
停滞した	4
停滞して	4
停滞している	4
停滞しています	4
停滞していた	4
停滞していました	4
停滞してる	4
停滞してます	4
停車する	3
停車します	3
停車しません	3
停車しました	3
停車しませんでした	3
停車しましょう	3
停車しない	3
停車しなかった	3
停車した	3
停車して	3
停車している	3
停車しています	3
停車していた	3
停車していました	3
停車してる	3
停車してます	3
停電する	4
停電します	4
停電しません	4
停電しました	4
停電しませんでした	4
停電しましょう	4
停電しない	4
停電しなかった	4
停電した	4
停電して	4
停電している	4
停電しています	4
停電していた	4
停電していました	4
停電してる	4
停電してます	4
健闘する	4
健闘します	4
健闘しません	4
健闘しました	4
健闘しませんでした	4
健闘しましょう	4
健闘しない	4
健闘しなかった	4
健闘した	4
健闘して	4
健闘している	4
健闘しています	4
健闘していた	4
健闘していました	4
健闘してる	4
健闘してます	4
偵察する	4
偵察します	4
偵察しません	4
偵察しました	4
偵察しませんでした	4
偵察しましょう	4
偵察しない	4
偵察しなかった	4
偵察した	4
偵察して	4
偵察している	4
偵察しています	4
偵察していた	4
偵察していました	4
偵察してる	4
偵察してます	4
偶発する	4
偶発します	4
偶発しません	4
偶発しました	4
偶発しませんでした	4
偶発しましょう	4
偶発しない	4
偶発しなかった	4
偶発した	4
偶発して	4
偶発している	4
偶発しています	4
偶発していた	4
偶発していました	4
偶発してる	4
偶発してます	4
偽装する	3
偽装します	3
偽装しません	3
偽装しました	3
偽装しませんでした	3
偽装しましょう	3
偽装しない	3
偽装しなかった	3
偽装した	3
偽装して	3
偽装している	3
偽装しています	3
偽装していた	3
偽装していました	3
偽装してる	3
偽装してます	3
偽証する	3
偽証します	3
偽証しません	3
偽証しました	3
偽証しませんでした	3
偽証しましょう	3
偽証しない	3
偽証しなかった	3
偽証した	3
偽証して	3
偽証している	3
偽証しています	3
偽証していた	3
偽証していました	3
偽証してる	3
偽証してます	3
偽造する	3
偽造します	3
偽造しません	3
偽造しました	3
偽造しませんでした	3
偽造しましょう	3
偽造しない	3
偽造しなかった	3
偽造した	3
偽造して	3
偽造している	3
偽造しています	3
偽造していた	3
偽造していました	3
偽造してる	3
偽造してます	3
傍聴する	4
傍聴します	4
傍聴しません	4
傍聴しました	4
傍聴しませんでした	4
傍聴しましょう	4
傍聴しない	4
傍聴しなかった	4
傍聴した	4
傍聴して	4
傍聴している	4
傍聴しています	4
傍聴していた	4
傍聴していました	4
傍聴してる	4
傍聴してます	4
傍観する	4
傍観します	4
傍観しません	4
傍観しました	4
傍観しませんでした	4
傍観しましょう	4
傍観しない	4
傍観しなかった	4
傍観した	4
傍観して	4
傍観している	4
傍観しています	4
傍観していた	4
傍観していました	4
傍観してる	4
傍観してます	4
備蓄する	3
備蓄します	3
備蓄しません	3
備蓄しました	3
備蓄しませんでした	3
備蓄しましょう	3
備蓄しない	3
備蓄しなかった	3
備蓄した	3
備蓄して	3
備蓄している	3
備蓄しています	3
備蓄していた	3
備蓄していました	3
備蓄してる	3
備蓄してます	3
催促する	1
催促します	1
催促しません	1
催促しました	1
催促しませんでした	1
催促しましょう	1
催促しない	1
催促しなかった	1
催促した	1
催促して	1
催促している	1
催促しています	1
催促していた	1
催促していました	1
催促してる	1
催促してます	1
傷害する	4
傷害します	4
傷害しません	4
傷害しました	4
傷害しませんでした	4
傷害しましょう	4
傷害しない	4
傷害しなかった	4
傷害した	4
傷害して	4
傷害している	4
傷害しています	4
傷害していた	4
傷害していました	4
傷害してる	4
傷害してます	4
傾斜する	3
傾斜します	3
傾斜しません	3
傾斜しました	3
傾斜しませんでした	3
傾斜しましょう	3
傾斜しない	3
傾斜しなかった	3
傾斜した	3
傾斜して	3
傾斜している	3
傾斜しています	3
傾斜していた	3
傾斜していました	3
傾斜してる	3
傾斜してます	3
傾注する	4
傾注します	4
傾注しません	4
傾注しました	4
傾注しませんでした	4
傾注しましょう	4
傾注しない	4
傾注しなかった	4
傾注した	4
傾注して	4
傾注している	4
傾注しています	4
傾注していた	4
傾注していました	4
傾注してる	4
傾注してます	4
償却する	4
償却します	4
償却しません	4
償却しました	4
償却しませんでした	4
償却しましょう	4
償却しない	4
償却しなかった	4
償却した	4
償却して	4
償却している	4
償却しています	4
償却していた	4
償却していました	4
償却してる	4
償却してます	4
償還する	4
償還します	4
償還しません	4
償還しました	4
償還しませんでした	4
償還しましょう	4
償還しない	4
償還しなかった	4
償還した	4
償還して	4
償還している	4
償還しています	4
償還していた	4
償還していました	4
償還してる	4
償還してます	4
優先する	4
優先します	4
優先しません	4
優先しました	4
優先しませんでした	4
優先しましょう	4
優先しない	4
優先しなかった	4
優先した	4
優先して	4
優先している	4
優先しています	4
優先していた	4
優先していました	4
優先してる	4
優先してます	4
優勝する	4
優勝します	4
優勝しません	4
優勝しました	4
優勝しませんでした	4
優勝しましょう	4
優勝しない	4
優勝しなかった	4
優勝した	4
優勝して	4
優勝している	4
優勝しています	4
優勝していた	4
優勝していました	4
優勝してる	4
優勝してます	4
優遇する	4
優遇します	4
優遇しません	4
優遇しました	4
優遇しませんでした	4
優遇しましょう	4
優遇しない	4
優遇しなかった	4
優遇した	4
優遇して	4
優遇している	4
優遇しています	4
優遇していた	4
優遇していました	4
優遇してる	4
優遇してます	4
充填する	4
充填します	4
充填しません	4
充填しました	4
充填しませんでした	4
充填しましょう	4
充填しない	4
充填しなかった	4
充填した	4
充填して	4
充填している	4
充填しています	4
充填していた	4
充填していました	4
充填してる	4
充填してます	4
充実する	4
充実します	4
充実しません	4
充実しました	4
充実しませんでした	4
充実しましょう	4
充実しない	4
充実しなかった	4
充実した	4
充実して	4
充実している	4
充実しています	4
充実していた	4
充実していました	4
充実してる	4
充実してます	4
充当する	4
充当します	4
充当しません	4
充当しました	4
充当しませんでした	4
充当しましょう	4
充当しない	4
充当しなかった	4
充当した	4
充当して	4
充当している	4
充当しています	4
充当していた	4
充当していました	4
充当してる	4
充当してます	4
充満する	4
充満します	4
充満しません	4
充満しました	4
充満しませんでした	4
充満しましょう	4
充満しない	4
充満しなかった	4
充満した	4
充満して	4
充満している	4
充満しています	4
充満していた	4
充満していました	4
充満してる	4
充満してます	4
充足する	4
充足します	4
充足しません	4
充足しました	4
充足しませんでした	4
充足しましょう	4
充足しない	4
充足しなかった	4
充足した	4
充足して	4
充足している	4
充足しています	4
充足していた	4
充足していました	4
充足してる	4
充足してます	4
充電する	4
充電します	4
充電しません	4
充電しました	4
充電しませんでした	4
充電しましょう	4
充電しない	4
充電しなかった	4
充電した	4
充電して	4
充電している	4
充電しています	4
充電していた	4
充電していました	4
充電してる	4
充電してます	4
先制する	4
先制します	4
先制しません	4
先制しました	4
先制しませんでした	4
先制しましょう	4
先制しない	4
先制しなかった	4
先制した	4
先制して	4
先制している	4
先制しています	4
先制していた	4
先制していました	4
先制してる	4
先制してます	4
先取する	1
先取します	1
先取しません	1
先取しました	1
先取しませんでした	1
先取しましょう	1
先取しない	1
先取しなかった	1
先取した	1
先取して	1
先取している	1
先取しています	1
先取していた	1
先取していました	1
先取してる	1
先取してます	1
先取りする	4
先取りします	4
先取りしません	4
先取りしました	4
先取りしませんでした	4
先取りしましょう	4
先取りしない	4
先取りしなかった	4
先取りした	4
先取りして	4
先取りしている	4
先取りしています	4
先取りしていた	4
先取りしていました	4
先取りしてる	4
先取りしてます	4
先導する	4
先導します	4
先導しません	4
先導しました	4
先導しませんでした	4
先導しましょう	4
先導しない	4
先導しなかった	4
先導した	4
先導して	4
先導している	4
先導しています	4
先導していた	4
先導していました	4
先導してる	4
先導してます	4
先決する	4
先決します	4
先決しません	4
先決しました	4
先決しませんでした	4
先決しましょう	4
先決しない	4
先決しなかった	4
先決した	4
先決して	4
先決している	4
先決しています	4
先決していた	4
先決していました	4
先決してる	4
先決してます	4
先発する	4
先発します	4
先発しません	4
先発しました	4
先発しませんでした	4
先発しましょう	4
先発しない	4
先発しなかった	4
先発した	4
先発して	4
先発している	4
先発しています	4
先発していた	4
先発していました	4
先発してる	4
先発してます	4
先着する	4
先着します	4
先着しません	4
先着しました	4
先着しませんでした	4
先着しましょう	4
先着しない	4
先着しなかった	4
先着した	4
先着して	4
先着している	4
先着しています	4
先着していた	4
先着していました	4
先着してる	4
先着してます	4
先行する	4
先行します	4
先行しません	4
先行しました	4
先行しませんでした	4
先行しましょう	4
先行しない	4
先行しなかった	4
先行した	4
先行して	4
先行している	4
先行しています	4
先行していた	4
先行していました	4
先行してる	4
先行してます	4
先見する	4
先見します	4
先見しません	4
先見しました	4
先見しませんでした	4
先見しましょう	4
先見しない	4
先見しなかった	4
先見した	4
先見して	4
先見している	4
先見しています	4
先見していた	4
先見していました	4
先見してる	4
先見してます	4
先送りする	5
先送りします	5
先送りしません	5
先送りしました	5
先送りしませんでした	5
先送りしましょう	5
先送りしない	5
先送りしなかった	5
先送りした	5
先送りして	5
先送りしている	5
先送りしています	5
先送りしていた	5
先送りしていました	5
先送りしてる	5
先送りしてます	5
先遣する	4
先遣します	4
先遣しません	4
先遣しました	4
先遣しませんでした	4
先遣しましょう	4
先遣しない	4
先遣しなかった	4
先遣した	4
先遣して	4
先遣している	4
先遣しています	4
先遣していた	4
先遣していました	4
先遣してる	4
先遣してます	4
先駆する	1
先駆します	1
先駆しません	1
先駆しました	1
先駆しませんでした	1
先駆しましょう	1
先駆しない	1
先駆しなかった	1
先駆した	1
先駆して	1
先駆している	1
先駆しています	1
先駆していた	1
先駆していました	1
先駆してる	1
先駆してます	1
先駆けする	4
先駆けします	4
先駆けしません	4
先駆けしました	4
先駆けしませんでした	4
先駆けしましょう	4
先駆けしない	4
先駆けしなかった	4
先駆けした	4
先駆けして	4
先駆けしている	4
先駆けしています	4
先駆けしていた	4
先駆けしていました	4
先駆けしてる	4
先駆けしてます	4
克服する	4
克服します	4
克服しません	4
克服しました	4
克服しませんでした	4
克服しましょう	4
克服しない	4
克服しなかった	4
克服した	4
克服して	4
克服している	4
克服しています	4
克服していた	4
克服していました	4
克服してる	4
克服してます	4
免税する	4
免税します	4
免税しません	4
免税しました	4
免税しませんでした	4
免税しましょう	4
免税しない	4
免税しなかった	4
免税した	4
免税して	4
免税している	4
免税しています	4
免税していた	4
免税していました	4
免税してる	4
免税してます	4
免職する	4
免職します	4
免職しません	4
免職しました	4
免職しませんでした	4
免職しましょう	4
免職しない	4
免職しなかった	4
免職した	4
免職して	4
免職している	4
免職しています	4
免職していた	4
免職していました	4
免職してる	4
免職してます	4
免許する	1
免許します	1
免許しません	1
免許しました	1
免許しませんでした	1
免許しましょう	1
免許しない	1
免許しなかった	1
免許した	1
免許して	1
免許している	1
免許しています	1
免許していた	1
免許していました	1
免許してる	1
免許してます	1
免責する	4
免責します	4
免責しません	4
免責しました	4
免責しませんでした	4
免責しましょう	4
免責しない	4
免責しなかった	4
免責した	4
免責して	4
免責している	4
免責しています	4
免責していた	4
免責していました	4
免責してる	4
免責してます	4
免除する	1
免除します	1
免除しません	1
免除しました	1
免除しませんでした	1
免除しましょう	1
免除しない	1
免除しなかった	1
免除した	1
免除して	1
免除している	1
免除しています	1
免除していた	1
免除していました	1
免除してる	1
免除してます	1
兎角する	3
兎角します	3
兎角しません	3
兎角しました	3
兎角しませんでした	3
兎角しましょう	3
兎角しない	3
兎角しなかった	3
兎角した	3
兎角して	3
兎角している	3
兎角しています	3
兎角していた	3
兎角していました	3
兎角してる	3
兎角してます	3
入れ墨する	4
入れ墨します	4
入れ墨しません	4
入れ墨しました	4
入れ墨しませんでした	4
入れ墨しましょう	4
入れ墨しない	4
入れ墨しなかった	4
入れ墨した	4
入れ墨して	4
入れ墨している	4
入れ墨しています	4
入れ墨していた	4
入れ墨していました	4
入れ墨してる	4
入れ墨してます	4
入れ替えする	4
入れ替えします	4
入れ替えしません	4
入れ替えしました	4
入れ替えしませんでした	4
入れ替えしましょう	4
入れ替えしない	0
入れ替えしなかった	9
入れ替えした	4
入れ替えして	4
入れ替えしている	4
入れ替えしています	4
入れ替えしていた	4
入れ替えしていました	4
入れ替えしてる	4
入れ替えしてます	4
入会する	4
入会します	4
入会しません	4
入会しました	4
入会しませんでした	4
入会しましょう	4
入会しない	4
入会しなかった	4
入会した	4
入会して	4
入会している	4
入会しています	4
入会していた	4
入会していました	4
入会してる	4
入会してます	4
入党する	4
入党します	4
入党しません	4
入党しました	4
入党しませんでした	4
入党しましょう	4
入党しない	4
入党しなかった	4
入党した	4
入党して	4
入党している	4
入党しています	4
入党していた	4
入党していました	4
入党してる	4
入党してます	4
入力する	4
入力します	4
入力しません	4
入力しました	4
入力しませんでした	4
入力しましょう	4
入力しない	4
入力しなかった	4
入力した	4
入力して	4
入力している	4
入力しています	4
入力していた	4
入力していました	4
入力してる	4
入力してます	4
入団する	4
入団します	4
入団しません	4
入団しました	4
入団しませんでした	4
入団しましょう	4
入団しない	4
入団しなかった	4
入団した	4
入団して	4
入団している	4
入団しています	4
入団していた	4
入団していました	4
入団してる	4
入団してます	4
入国する	4
入国します	4
入国しません	4
入国しました	4
入国しませんでした	4
入国しましょう	4
入国しない	4
入国しなかった	4
入国した	4
入国して	4
入国している	4
入国しています	4
入国していた	4
入国していました	4
入国してる	4
入国してます	4
入園する	4
入園します	4
入園しません	4
入園しました	4
入園しませんでした	4
入園しましょう	4
入園しない	4
入園しなかった	4
入園した	4
入園して	4
入園している	4
入園しています	4
入園していた	4
入園していました	4
入園してる	4
入園してます	4
入場する	4
入場します	4
入場しません	4
入場しました	4
入場しませんでした	4
入場しましょう	4
入場しない	4
入場しなかった	4
入場した	4
入場して	4
入場している	4
入場しています	4
入場していた	4
入場していました	4
入場してる	4
入場してます	4
入学する	4
入学します	4
入学しません	4
入学しました	4
入学しませんでした	4
入学しましょう	4
入学しない	4
入学しなかった	4
入学した	4
入学して	4
入学している	4
入学しています	4
入学していた	4
入学していました	4
入学してる	4
入学してます	4
入室する	4
入室します	4
入室しません	4
入室しました	4
入室しませんでした	4
入室しましょう	4
入室しない	4
入室しなかった	4
入室した	4
入室して	4
入室している	4
入室しています	4
入室していた	4
入室していました	4
入室してる	4
入室してます	4
入居する	3
入居します	3
入居しません	3
入居しました	3
入居しませんでした	3
入居しましょう	3
入居しない	3
入居しなかった	3
入居した	3
入居して	3
入居している	3
入居しています	3
入居していた	3
入居していました	3
入居してる	3
入居してます	3
入幕する	4
入幕します	4
入幕しません	4
入幕しました	4
入幕しませんでした	4
入幕しましょう	4
入幕しない	4
入幕しなかった	4
入幕した	4
入幕して	4
入幕している	4
入幕しています	4
入幕していた	4
入幕していました	4
入幕してる	4
入幕してます	4
入所する	3
入所します	3
入所しません	3
入所しました	3
入所しませんでした	3
入所しましょう	3
入所しない	3
入所しなかった	3
入所した	3
入所して	3
入所している	3
入所しています	3
入所していた	3
入所していました	3
入所してる	3
入所してます	3
入手する	3
入手します	3
入手しません	3
入手しました	3
入手しませんでした	3
入手しましょう	3
入手しない	3
入手しなかった	3
入手した	3
入手して	3
入手している	3
入手しています	3
入手していた	3
入手していました	3
入手してる	3
入手してます	3
入札する	4
入札します	4
入札しません	4
入札しました	4
入札しませんでした	4
入札しましょう	4
入札しない	4
入札しなかった	4
入札した	4
入札して	4
入札している	4
入札しています	4
入札していた	4
入札していました	4
入札してる	4
入札してます	4
入植する	4
入植します	4
入植しません	4
入植しました	4
入植しませんでした	4
入植しましょう	4
入植しない	4
入植しなかった	4
入植した	4
入植して	4
入植している	4
入植しています	4
入植していた	4
入植していました	4
入植してる	4
入植してます	4
入浴する	4
入浴します	4
入浴しません	4
入浴しました	4
入浴しませんでした	4
入浴しましょう	4
入浴しない	4
入浴しなかった	4
入浴した	4
入浴して	4
入浴している	4
入浴しています	4
入浴していた	4
入浴していました	4
入浴してる	4
入浴してます	4
入港する	4
入港します	4
入港しません	4
入港しました	4
入港しませんでした	4
入港しましょう	4
入港しない	4
入港しなかった	4
入港した	4
入港して	4
入港している	4
入港しています	4
入港していた	4
入港していました	4
入港してる	4
入港してます	4
入社する	3
入社します	3
入社しません	3
入社しました	3
入社しませんでした	3
入社しましょう	3
入社しない	3
入社しなかった	3
入社した	3
入社して	3
入社している	3
入社しています	3
入社していた	3
入社していました	3
入社してる	3
入社してます	3
入籍する	4
入籍します	4
入籍しません	4
入籍しました	4
入籍しませんでした	4
入籍しましょう	4
入籍しない	4
入籍しなかった	4
入籍した	4
入籍して	4
入籍している	4
入籍しています	4
入籍していた	4
入籍していました	4
入籍してる	4
入籍してます	4
入荷する	3
入荷します	3
入荷しません	3
入荷しました	3
入荷しませんでした	3
入荷しましょう	3
入荷しない	3
入荷しなかった	3
入荷した	3
入荷して	3
入荷している	3
入荷しています	3
入荷していた	3
入荷していました	3
入荷してる	3
入荷してます	3
入賞する	4
入賞します	4
入賞しません	4
入賞しました	4
入賞しませんでした	4
入賞しましょう	4
入賞しない	4
入賞しなかった	4
入賞した	4
入賞して	4
入賞している	4
入賞しています	4
入賞していた	4
入賞していました	4
入賞してる	4
入賞してます	4
入選する	4
入選します	4
入選しません	4
入選しました	4
入選しませんでした	4
入選しましょう	4
入選しない	4
入選しなかった	4
入選した	4
入選して	4
入選している	4
入選しています	4
入選していた	4
入選していました	4
入選してる	4
入選してます	4
入金する	4
入金します	4
入金しません	4
入金しました	4
入金しませんでした	4
入金しましょう	4
入金しない	4
入金しなかった	4
入金した	4
入金して	4
入金している	4
入金しています	4
入金していた	4
入金していました	4
入金してる	4
入金してます	4
入門する	4
入門します	4
入門しません	4
入門しました	4
入門しませんでした	4
入門しましょう	4
入門しない	4
入門しなかった	4
入門した	4
入門して	4
入門している	4
入門しています	4
入門していた	4
入門していました	4
入門してる	4
入門してます	4
入閣する	4
入閣します	4
入閣しません	4
入閣しました	4
入閣しませんでした	4
入閣しましょう	4
入閣しない	4
入閣しなかった	4
入閣した	4
入閣して	4
入閣している	4
入閣しています	4
入閣していた	4
入閣していました	4
入閣してる	4
入閣してます	4
入院する	4
入院します	4
入院しません	4
入院しました	4
入院しませんでした	4
入院しましょう	4
入院しない	4
入院しなかった	4
入院した	4
入院して	4
入院している	4
入院しています	4
入院していた	4
入院していました	4
入院してる	4
入院してます	4
全勝する	4
全勝します	4
全勝しません	4
全勝しました	4
全勝しませんでした	4
全勝しましょう	4
全勝しない	4
全勝しなかった	4
全勝した	4
全勝して	4
全勝している	4
全勝しています	4
全勝していた	4
全勝していました	4
全勝してる	4
全勝してます	4
全廃する	4
全廃します	4
全廃しません	4
全廃しました	4
全廃しませんでした	4
全廃しましょう	4
全廃しない	4
全廃しなかった	4
全廃した	4
全廃して	4
全廃している	4
全廃しています	4
全廃していた	4
全廃していました	4
全廃してる	4
全廃してます	4
全快する	4
全快します	4
全快しません	4
全快しました	4
全快しませんでした	4
全快しましょう	4
全快しない	4
全快しなかった	4
全快した	4
全快して	4
全快している	4
全快しています	4
全快していた	4
全快していました	4
全快してる	4
全快してます	4
全治する	1
全治します	1
全治しません	1
全治しました	1
全治しませんでした	1
全治しましょう	1
全治しない	1
全治しなかった	1
全治した	1
全治して	1
全治している	1
全治しています	1
全治していた	1
全治していました	1
全治してる	1
全治してます	1
全滅する	4
全滅します	4
全滅しません	4
全滅しました	4
全滅しませんでした	4
全滅しましょう	4
全滅しない	4
全滅しなかった	4
全滅した	4
全滅して	4
全滅している	4
全滅しています	4
全滅していた	4
全滅していました	4
全滅してる	4
全滅してます	4
八つ当たりする	5
八つ当たりします	5
八つ当たりしません	5
八つ当たりしました	5
八つ当たりしませんでした	5
八つ当たりしましょう	5
八つ当たりしない	5
八つ当たりしなかった	5
八つ当たりした	5
八つ当たりして	5
八つ当たりしている	5
八つ当たりしています	5
八つ当たりしていた	5
八つ当たりしていました	5
八つ当たりしてる	5
八つ当たりしてます	5
公募する	3
公募します	3
公募しません	3
公募しました	3
公募しませんでした	3
公募しましょう	3
公募しない	3
公募しなかった	3
公募した	3
公募して	3
公募している	3
公募しています	3
公募していた	3
公募していました	3
公募してる	3
公募してます	3
公定する	4
公定します	4
公定しません	4
公定しました	4
公定しませんでした	4
公定しましょう	4
公定しない	4
公定しなかった	4
公定した	4
公定して	4
公定している	4
公定しています	4
公定していた	4
公定していました	4
公定してる	4
公定してます	4
公布する	3
公布します	3
公布しません	3
公布しました	3
公布しませんでした	3
公布しましょう	3
公布しない	3
公布しなかった	3
公布した	3
公布して	3
公布している	3
公布しています	3
公布していた	3
公布していました	3
公布してる	3
公布してます	3
公演する	4
公演します	4
公演しません	4
公演しました	4
公演しませんでした	4
公演しましょう	4
公演しない	4
公演しなかった	4
公演した	4
公演して	4
公演している	4
公演しています	4
公演していた	4
公演していました	4
公演してる	4
公演してます	4
公示する	3
公示します	3
公示しません	3
公示しました	3
公示しませんでした	3
公示しましょう	3
公示しない	3
公示しなかった	3
公示した	3
公示して	3
公示している	3
公示しています	3
公示していた	3
公示していました	3
公示してる	3
公示してます	3
公称する	4
公称します	4
公称しません	4
公称しました	4
公称しませんでした	4
公称しましょう	4
公称しない	4
公称しなかった	4
公称した	4
公称して	4
公称している	4
公称しています	4
公称していた	4
公称していました	4
公称してる	4
公称してます	4
公約する	4
公約します	4
公約しません	4
公約しました	4
公約しませんでした	4
公約しましょう	4
公約しない	4
公約しなかった	4
公約した	4
公約して	4
公約している	4
公約しています	4
公約していた	4
公約していました	4
公約してる	4
公約してます	4
公表する	4
公表します	4
公表しません	4
公表しました	4
公表しませんでした	4
公表しましょう	4
公表しない	4
公表しなかった	4
公表した	4
公表して	4
公表している	4
公表しています	4
公表していた	4
公表していました	4
公表してる	4
公表してます	4
公言する	4
公言します	4
公言しません	4
公言しました	4
公言しませんでした	4
公言しましょう	4
公言しない	4
公言しなかった	4
公言した	4
公言して	4
公言している	4
公言しています	4
公言していた	4
公言していました	4
公言してる	4
公言してます	4
公訴する	1
公訴します	1
公訴しません	1
公訴しました	1
公訴しませんでした	1
公訴しましょう	1
公訴しない	1
公訴しなかった	1
公訴した	1
公訴して	1
公訴している	1
公訴しています	1
公訴していた	1
公訴していました	1
公訴してる	1
公訴してます	1
公認する	4
公認します	4
公認しません	4
公認しました	4
公認しませんでした	4
公認しましょう	4
公認しない	4
公認しなかった	4
公認した	4
公認して	4
公認している	4
公認しています	4
公認していた	4
公認していました	4
公認してる	4
公認してます	4
公選する	4
公選します	4
公選しません	4
公選しました	4
公選しませんでした	4
公選しましょう	4
公選しない	4
公選しなかった	4
公選した	4
公選して	4
公選している	4
公選しています	4
公選していた	4
公選していました	4
公選してる	4
公選してます	4
公開する	4
公開します	4
公開しません	4
公開しました	4
公開しませんでした	4
公開しましょう	4
公開しない	4
公開しなかった	4
公開した	4
公開して	4
公開している	4
公開しています	4
公開していた	4
公開していました	4
公開してる	4
公開してます	4
共催する	4
共催します	4
共催しません	4
共催しました	4
共催しませんでした	4
共催しましょう	4
共催しない	4
共催しなかった	4
共催した	4
共催して	4
共催している	4
共催しています	4
共催していた	4
共催していました	4
共催してる	4
共催してます	4
共働きする	3
共働きします	3
共働きしません	3
共働きしました	3
共働きしませんでした	3
共働きしましょう	3
共働きしない	3
共働きしなかった	3
共働きした	3
共働きして	3
共働きしている	3
共働きしています	3
共働きしていた	3
共働きしていました	3
共働きしてる	3
共働きしてます	3
共同する	4
共同します	4
共同しません	4
共同しました	4
共同しませんでした	4
共同しましょう	4
共同しない	4
共同しなかった	4
共同した	4
共同して	4
共同している	4
共同しています	4
共同していた	4
共同していました	4
共同してる	4
共同してます	4
共和する	3
共和します	3
共和しません	3
共和しました	3
共和しませんでした	3
共和しましょう	3
共和しない	3
共和しなかった	3
共和した	3
共和して	3
共和している	3
共和しています	3
共和していた	3
共和していました	3
共和してる	3
共和してます	3
共存する	1
共存します	1
共存しません	1
共存しました	1
共存しませんでした	1
共存しましょう	1
共存しない	1
共存しなかった	1
共存した	1
共存して	1
共存している	1
共存しています	1
共存していた	1
共存していました	1
共存してる	1
共存してます	1
共学する	4
共学します	4
共学しません	4
共学しました	4
共学しませんでした	4
共学しましょう	4
共学しない	4
共学しなかった	4
共学した	4
共学して	4
共学している	4
共学しています	4
共学していた	4
共学していました	4
共学してる	4
共学してます	4
共感する	4
共感します	4
共感しません	4
共感しました	4
共感しませんでした	4
共感しましょう	4
共感しない	4
共感しなかった	4
共感した	4
共感して	4
共感している	4
共感しています	4
共感していた	4
共感していました	4
共感してる	4
共感してます	4
共有する	4
共有します	4
共有しません	4
共有しました	4
共有しませんでした	4
共有しましょう	4
共有しない	4
共有しなかった	4
共有した	4
共有して	4
共有している	4
共有しています	4
共有していた	4
共有していました	4
共有してる	4
共有してます	4
共栄する	4
共栄します	4
共栄しません	4
共栄しました	4
共栄しませんでした	4
共栄しましょう	4
共栄しない	4
共栄しなかった	4
共栄した	4
共栄して	4
共栄している	4
共栄しています	4
共栄していた	4
共栄していました	4
共栄してる	4
共栄してます	4
共演する	4
共演します	4
共演しません	4
共演しました	4
共演しませんでした	4
共演しましょう	4
共演しない	4
共演しなかった	4
共演した	4
共演して	4
共演している	4
共演しています	4
共演していた	4
共演していました	4
共演してる	4
共演してます	4
共生する	4
共生します	4
共生しません	4
共生しました	4
共生しませんでした	4
共生しましょう	4
共生しない	4
共生しなかった	4
共生した	4
共生して	4
共生している	4
共生しています	4
共生していた	4
共生していました	4
共生してる	4
共生してます	4
共用する	4
共用します	4
共用しません	4
共用しました	4
共用しませんでした	4
共用しましょう	4
共用しない	4
共用しなかった	4
共用した	4
共用して	4
共用している	4
共用しています	4
共用していた	4
共用していました	4
共用してる	4
共用してます	4
共稼ぎする	5
共稼ぎします	5
共稼ぎしません	5
共稼ぎしました	5
共稼ぎしませんでした	5
共稼ぎしましょう	5
共稼ぎしない	5
共稼ぎしなかった	5
共稼ぎした	5
共稼ぎして	5
共稼ぎしている	5
共稼ぎしています	5
共稼ぎしていた	5
共稼ぎしていました	5
共稼ぎしてる	5
共稼ぎしてます	5
共立する	4
共立します	4
共立しません	4
共立しました	4
共立しませんでした	4
共立しましょう	4
共立しない	4
共立しなかった	4
共立した	4
共立して	4
共立している	4
共立しています	4
共立していた	4
共立していました	4
共立してる	4
共立してます	4
共謀する	4
共謀します	4
共謀しません	4
共謀しました	4
共謀しませんでした	4
共謀しましょう	4
共謀しない	4
共謀しなかった	4
共謀した	4
共謀して	4
共謀している	4
共謀しています	4
共謀していた	4
共謀していました	4
共謀してる	4
共謀してます	4
共通する	4
共通します	4
共通しません	4
共通しました	4
共通しませんでした	4
共通しましょう	4
共通しない	4
共通しなかった	4
共通した	4
共通して	4
共通している	4
共通しています	4
共通していた	4
共通していました	4
共通してる	4
共通してます	4
共闘する	4
共闘します	4
共闘しません	4
共闘しました	4
共闘しませんでした	4
共闘しましょう	4
共闘しない	4
共闘しなかった	4
共闘した	4
共闘して	4
共闘している	4
共闘しています	4
共闘していた	4
共闘していました	4
共闘してる	4
共闘してます	4
共鳴する	4
共鳴します	4
共鳴しません	4
共鳴しました	4
共鳴しませんでした	4
共鳴しましょう	4
共鳴しない	4
共鳴しなかった	4
共鳴した	4
共鳴して	4
共鳴している	4
共鳴しています	4
共鳴していた	4
共鳴していました	4
共鳴してる	4
共鳴してます	4
具体化する	4
具体化します	4
具体化しません	4
具体化しました	4
具体化しませんでした	4
具体化しましょう	4
具体化しない	4
具体化しなかった	4
具体化した	4
具体化して	4
具体化している	4
具体化しています	4
具体化していた	4
具体化していました	4
具体化してる	4
具体化してます	4
具象する	3
具象します	3
具象しません	3
具象しました	3
具象しませんでした	3
具象しましょう	3
具象しない	3
具象しなかった	3
具象した	3
具象して	3
具象している	3
具象しています	3
具象していた	3
具象していました	3
具象してる	3
具象してます	3
兼ね合いする	4
兼ね合いします	4
兼ね合いしません	4
兼ね合いしました	4
兼ね合いしませんでした	4
兼ね合いしましょう	4
兼ね合いしない	0
兼ね合いしなかった	9
兼ね合いした	4
兼ね合いして	4
兼ね合いしている	4
兼ね合いしています	4
兼ね合いしていた	4
兼ね合いしていました	4
兼ね合いしてる	4
兼ね合いしてます	4
兼任する	4
兼任します	4
兼任しません	4
兼任しました	4
兼任しませんでした	4
兼任しましょう	4
兼任しない	4
兼任しなかった	4
兼任した	4
兼任して	4
兼任している	4
兼任しています	4
兼任していた	4
兼任していました	4
兼任してる	4
兼任してます	4
兼務する	1
兼務します	1
兼務しません	1
兼務しました	1
兼務しませんでした	1
兼務しましょう	1
兼務しない	1
兼務しなかった	1
兼務した	1
兼務して	1
兼務している	1
兼務しています	1
兼務していた	1
兼務していました	1
兼務してる	1
兼務してます	1
内包する	4
内包します	4
内包しません	4
内包しました	4
内包しませんでした	4
内包しましょう	4
内包しない	4
内包しなかった	4
内包した	4
内包して	4
内包している	4
内包しています	4
内包していた	4
内包していました	4
内包してる	4
内包してます	4
内向する	4
内向します	4
内向しません	4
内向しました	4
内向しませんでした	4
内向しましょう	4
内向しない	4
内向しなかった	4
内向した	4
内向して	4
内向している	4
内向しています	4
内向していた	4
内向していました	4
内向してる	4
内向してます	4
内定する	4
内定します	4
内定しません	4
内定しました	4
内定しませんでした	4
内定しましょう	4
内定しない	4
内定しなかった	4
内定した	4
内定して	4
内定している	4
内定しています	4
内定していた	4
内定していました	4
内定してる	4
内定してます	4
内申する	4
内申します	4
内申しません	4
内申しました	4
内申しませんでした	4
内申しましょう	4
内申しない	4
内申しなかった	4
内申した	4
内申して	4
内申している	4
内申しています	4
内申していた	4
内申していました	4
内申してる	4
内申してます	4
内示する	3
内示します	3
内示しません	3
内示しました	3
内示しませんでした	3
内示しましょう	3
内示しない	3
内示しなかった	3
内示した	3
内示して	3
内示している	3
内示しています	3
内示していた	3
内示していました	3
内示してる	3
内示してます	3
内職する	4
内職します	4
内職しません	4
内職しました	4
内職しませんでした	4
内職しましょう	4
内職しない	4
内職しなかった	4
内職した	4
内職して	4
内職している	4
内職しています	4
内職していた	4
内職していました	4
内職してる	4
内職してます	4
内蔵する	4
内蔵します	4
内蔵しません	4
内蔵しました	4
内蔵しませんでした	4
内蔵しましょう	4
内蔵しない	4
内蔵しなかった	4
内蔵した	4
内蔵して	4
内蔵している	4
内蔵しています	4
内蔵していた	4
内蔵していました	4
内蔵してる	4
内蔵してます	4
内装する	4
内装します	4
内装しません	4
内装しました	4
内装しませんでした	4
内装しましょう	4
内装しない	4
内装しなかった	4
内装した	4
内装して	4
内装している	4
内装しています	4
内装していた	4
内装していました	4
内装してる	4
内装してます	4
再すたーとする	3
再すたーとします	3
再すたーとしません	3
再すたーとしました	3
再すたーとしませんでした	3
再すたーとしましょう	3
再すたーとしない	3
再すたーとしなかった	3
再すたーとした	3
再すたーとして	3
再すたーとしている	3
再すたーとしています	3
再すたーとしていた	3
再すたーとしていました	3
再すたーとしてる	3
再すたーとしてます	3
再任する	4
再任します	4
再任しません	4
再任しました	4
再任しませんでした	4
再任しましょう	4
再任しない	4
再任しなかった	4
再任した	4
再任して	4
再任している	4
再任しています	4
再任していた	4
再任していました	4
再任してる	4
再任してます	4
再会する	4
再会します	4
再会しません	4
再会しました	4
再会しませんでした	4
再会しましょう	4
再会しない	4
再会しなかった	4
再会した	4
再会して	4
再会している	4
再会しています	4
再会していた	4
再会していました	4
再会してる	4
再会してます	4
再婚する	4
再婚します	4
再婚しません	4
再婚しました	4
再婚しませんでした	4
再婚しましょう	4
再婚しない	4
再婚しなかった	4
再婚した	4
再婚して	4
再婚している	4
再婚しています	4
再婚していた	4
再婚していました	4
再婚してる	4
再婚してます	4
再審する	4
再審します	4
再審しません	4
再審しました	4
再審しませんでした	4
再審しましょう	4
再審しない	4
再審しなかった	4
再審した	4
再審して	4
再審している	4
再審しています	4
再審していた	4
再審していました	4
再審してる	4
再審してます	4
再建する	4
再建します	4
再建しません	4
再建しました	4
再建しませんでした	4
再建しましょう	4
再建しない	4
再建しなかった	4
再建した	4
再建して	4
再建している	4
再建しています	4
再建していた	4
再建していました	4
再建してる	4
再建してます	4
再来する	4
再来します	4
再来しません	4
再来しました	4
再来しませんでした	4
再来しましょう	4
再来しない	4
再来しなかった	4
再来した	4
再来して	4
再来している	4
再来しています	4
再来していた	4
再来していました	4
再来してる	4
再来してます	4
再検討する	3
再検討します	3
再検討しません	3
再検討しました	3
再検討しませんでした	3
再検討しましょう	3
再検討しない	3
再検討しなかった	3
再検討した	3
再検討して	3
再検討している	3
再検討しています	3
再検討していた	3
再検討していました	3
再検討してる	3
再検討してます	3
再演する	4
再演します	4
再演しません	4
再演しました	4
再演しませんでした	4
再演しましょう	4
再演しない	4
再演しなかった	4
再演した	4
再演して	4
再演している	4
再演しています	4
再演していた	4
再演していました	4
再演してる	4
再演してます	4
再燃する	4
再燃します	4
再燃しません	4
再燃しました	4
再燃しませんでした	4
再燃しましょう	4
再燃しない	4
再燃しなかった	4
再燃した	4
再燃して	4
再燃している	4
再燃しています	4
再燃していた	4
再燃していました	4
再燃してる	4
再燃してます	4
再現する	4
再現します	4
再現しません	4
再現しました	4
再現しませんでした	4
再現しましょう	4
再現しない	4
再現しなかった	4
再現した	4
再現して	4
再現している	4
再現しています	4
再現していた	4
再現していました	4
再現してる	4
再現してます	4
再生する	4
再生します	4
再生しません	4
再生しました	4
再生しませんでした	4
再生しましょう	4
再生しない	4
再生しなかった	4
再生した	4
再生して	4
再生している	4
再生しています	4
再生していた	4
再生していました	4
再生してる	4
再生してます	4
再発する	4
再発します	4
再発しません	4
再発しました	4
再発しませんでした	4
再発しましょう	4
再発しない	4
再発しなかった	4
再発した	4
再発して	4
再発している	4
再発しています	4
再発していた	4
再発していました	4
再発してる	4
再発してます	4
再確認する	3
再確認します	3
再確認しません	3
再確認しました	3
再確認しませんでした	3
再確認しましょう	3
再確認しない	3
再確認しなかった	3
再確認した	3
再確認して	3
再確認している	3
再確認しています	3
再確認していた	3
再確認していました	3
再確認してる	3
再確認してます	3
再編する	4
再編します	4
再編しません	4
再編しました	4
再編しませんでした	4
再編しましょう	4
再編しない	4
再編しなかった	4
再編した	4
再編して	4
再編している	4
再編しています	4
再編していた	4
再編していました	4
再編してる	4
再編してます	4
再考する	4
再考します	4
再考しません	4
再考しました	4
再考しませんでした	4
再考しましょう	4
再考しない	4
再考しなかった	4
再考した	4
再考して	4
再考している	4
再考しています	4
再考していた	4
再考していました	4
再考してる	4
再考してます	4
再起する	1
再起します	1
再起しません	1
再起しました	1
再起しませんでした	1
再起しましょう	1
再起しない	1
再起しなかった	1
再起した	1
再起して	1
再起している	1
再起しています	1
再起していた	1
再起していました	1
再起してる	1
再起してます	1
再起動する	3
再起動します	3
再起動しません	3
再起動しました	3
再起動しませんでした	3
再起動しましょう	3
再起動しない	3
再起動しなかった	3
再起動した	3
再起動して	3
再起動している	3
再起動しています	3
再起動していた	3
再起動していました	3
再起動してる	3
再起動してます	3
再選する	4
再選します	4
再選しません	4
再選しました	4
再選しませんでした	4
再選しましょう	4
再選しない	4
再選しなかった	4
再選した	4
再選して	4
再選している	4
再選しています	4
再選していた	4
再選していました	4
再選してる	4
再選してます	4
再開する	4
再開します	4
再開しません	4
再開しました	4
再開しませんでした	4
再開しましょう	4
再開しない	4
再開しなかった	4
再開した	4
再開して	4
再開している	4
再開しています	4
再開していた	4
再開していました	4
再開してる	4
再開してます	4
再開発する	3
再開発します	3
再開発しません	3
再開発しました	3
再開発しませんでした	3
再開発しましょう	3
再開発しない	3
再開発しなかった	3
再開発した	3
再開発して	3
再開発している	3
再開発しています	3
再開発していた	3
再開発していました	3
再開発してる	3
再開発してます	3
冒険する	4
冒険します	4
冒険しません	4
冒険しました	4
冒険しませんでした	4
冒険しましょう	4
冒険しない	4
冒険しなかった	4
冒険した	4
冒険して	4
冒険している	4
冒険しています	4
冒険していた	4
冒険していました	4
冒険してる	4
冒険してます	4
写生する	3
写生します	3
写生しません	3
写生しました	3
写生しませんでした	3
写生しましょう	3
写生しない	3
写生しなかった	3
写生した	3
写生して	3
写生している	3
写生しています	3
写生していた	3
写生していました	3
写生してる	3
写生してます	3
写真撮影する	4
写真撮影します	4
写真撮影しません	4
写真撮影しました	4
写真撮影しませんでした	4
写真撮影しましょう	4
写真撮影しない	4
写真撮影しなかった	4
写真撮影した	4
写真撮影して	4
写真撮影している	4
写真撮影しています	4
写真撮影していた	4
写真撮影していました	4
写真撮影してる	4
写真撮影してます	4
冬眠する	4
冬眠します	4
冬眠しません	4
冬眠しました	4
冬眠しませんでした	4
冬眠しましょう	4
冬眠しない	4
冬眠しなかった	4
冬眠した	4
冬眠して	4
冬眠している	4
冬眠しています	4
冬眠していた	4
冬眠していました	4
冬眠してる	4
冬眠してます	4
冷凍する	4
冷凍します	4
冷凍しません	4
冷凍しました	4
冷凍しませんでした	4
冷凍しましょう	4
冷凍しない	4
冷凍しなかった	4
冷凍した	4
冷凍して	4
冷凍している	4
冷凍しています	4
冷凍していた	4
冷凍していました	4
冷凍してる	4
冷凍してます	4
冷却する	4
冷却します	4
冷却しません	4
冷却しました	4
冷却しませんでした	4
冷却しましょう	4
冷却しない	4
冷却しなかった	4
冷却した	4
冷却して	4
冷却している	4
冷却しています	4
冷却していた	4
冷却していました	4
冷却してる	4
冷却してます	4
冷房する	4
冷房します	4
冷房しません	4
冷房しました	4
冷房しませんでした	4
冷房しましょう	4
冷房しない	4
冷房しなかった	4
冷房した	4
冷房して	4
冷房している	4
冷房しています	4
冷房していた	4
冷房していました	4
冷房してる	4
冷房してます	4
冷蔵する	4
冷蔵します	4
冷蔵しません	4
冷蔵しました	4
冷蔵しませんでした	4
冷蔵しましょう	4
冷蔵しない	4
冷蔵しなかった	4
冷蔵した	4
冷蔵して	4
冷蔵している	4
冷蔵しています	4
冷蔵していた	4
冷蔵していました	4
冷蔵してる	4
冷蔵してます	4
凍結する	4
凍結します	4
凍結しません	4
凍結しました	4
凍結しませんでした	4
凍結しましょう	4
凍結しない	4
凍結しなかった	4
凍結した	4
凍結して	4
凍結している	4
凍結しています	4
凍結していた	4
凍結していました	4
凍結してる	4
凍結してます	4
凝乎とする	3
凝乎とします	3
凝乎としません	3
凝乎としました	3
凝乎としませんでした	3
凝乎としましょう	3
凝乎としない	3
凝乎としなかった	3
凝乎とした	3
凝乎として	3
凝乎としている	3
凝乎としています	3
凝乎としていた	3
凝乎としていました	3
凝乎としてる	3
凝乎としてます	3
凝固する	1
凝固します	1
凝固しません	1
凝固しました	1
凝固しませんでした	1
凝固しましょう	1
凝固しない	1
凝固しなかった	1
凝固した	1
凝固して	1
凝固している	1
凝固しています	1
凝固していた	1
凝固していました	1
凝固してる	1
凝固してます	1
凝縮する	4
凝縮します	4
凝縮しません	4
凝縮しました	4
凝縮しませんでした	4
凝縮しましょう	4
凝縮しない	4
凝縮しなかった	4
凝縮した	4
凝縮して	4
凝縮している	4
凝縮しています	4
凝縮していた	4
凝縮していました	4
凝縮してる	4
凝縮してます	4
処分する	1
処分します	1
処分しません	1
処分しました	1
処分しませんでした	1
処分しましょう	1
処分しない	1
処分しなかった	1
処分した	1
処分して	1
処分している	1
処分しています	1
処分していた	1
処分していました	1
処分してる	1
処分してます	1
処刑する	3
処刑します	3
処刑しません	3
処刑しました	3
処刑しませんでした	3
処刑しましょう	3
処刑しない	3
処刑しなかった	3
処刑した	3
処刑して	3
処刑している	3
処刑しています	3
処刑していた	3
処刑していました	3
処刑してる	3
処刑してます	3
処方する	3
処方します	3
処方しません	3
処方しました	3
処方しませんでした	3
処方しましょう	3
処方しない	3
処方しなかった	3
処方した	3
処方して	3
処方している	3
処方しています	3
処方していた	3
処方していました	3
処方してる	3
処方してます	3
処理する	1
処理します	1
処理しません	1
処理しました	1
処理しませんでした	1
処理しましょう	1
処理しない	1
処理しなかった	1
処理した	1
処理して	1
処理している	1
処理しています	1
処理していた	1
処理していました	1
処理してる	1
処理してます	1
処置する	1
処置します	1
処置しません	1
処置しました	1
処置しませんでした	1
処置しましょう	1
処置しない	1
処置しなかった	1
処置した	1
処置して	1
処置している	1
処置しています	1
処置していた	1
処置していました	1
処置してる	1
処置してます	1
処罰する	1
処罰します	1
処罰しません	1
処罰しました	1
処罰しませんでした	1
処罰しましょう	1
処罰しない	1
処罰しなかった	1
処罰した	1
処罰して	1
処罰している	1
処罰しています	1
処罰していた	1
処罰していました	1
処罰してる	1
処罰してます	1
処遇する	3
処遇します	3
処遇しません	3
処遇しました	3
処遇しませんでした	3
処遇しましょう	3
処遇しない	3
処遇しなかった	3
処遇した	3
処遇して	3
処遇している	3
処遇しています	3
処遇していた	3
処遇していました	3
処遇してる	3
処遇してます	3
凸凹する	4
凸凹します	4
凸凹しません	4
凸凹しました	4
凸凹しませんでした	4
凸凹しましょう	4
凸凹しない	4
凸凹しなかった	4
凸凹した	4
凸凹して	4
凸凹している	4
凸凹しています	4
凸凹していた	4
凸凹していました	4
凸凹してる	4
凸凹してます	4
出世する	3
出世します	3
出世しません	3
出世しました	3
出世しませんでした	3
出世しましょう	3
出世しない	3
出世しなかった	3
出世した	3
出世して	3
出世している	3
出世しています	3
出世していた	3
出世していました	3
出世してる	3
出世してます	3
出入する	3
出入します	3
出入しません	3
出入しました	3
出入しませんでした	3
出入しましょう	3
出入しない	3
出入しなかった	3
出入した	3
出入して	3
出入している	3
出入しています	3
出入していた	3
出入していました	3
出入してる	3
出入してます	3
出入りする	3
出入りします	3
出入りしません	3
出入りしました	3
出入りしませんでした	3
出入りしましょう	3
出入りしない	3
出入りしなかった	3
出入りした	3
出入りして	3
出入りしている	3
出入りしています	3
出入りしていた	3
出入りしていました	3
出入りしてる	3
出入りしてます	3
出前する	3
出前します	3
出前しません	3
出前しました	3
出前しませんでした	3
出前しましょう	3
出前しない	3
出前しなかった	3
出前した	3
出前して	3
出前している	3
出前しています	3
出前していた	3
出前していました	3
出前してる	3
出前してます	3
出力する	2
出力します	2
出力しません	2
出力しました	2
出力しませんでした	2
出力しましょう	2
出力しない	2
出力しなかった	2
出力した	2
出力して	2
出力している	2
出力しています	2
出力していた	2
出力していました	2
出力してる	2
出力してます	2
出動する	4
出動します	4
出動しません	4
出動しました	4
出動しませんでした	4
出動しましょう	4
出動しない	4
出動しなかった	4
出動した	4
出動して	4
出動している	4
出動しています	4
出動していた	4
出動していました	4
出動してる	4
出動してます	4
出勤する	4
出勤します	4
出勤しません	4
出勤しました	4
出勤しませんでした	4
出勤しましょう	4
出勤しない	4
出勤しなかった	4
出勤した	4
出勤して	4
出勤している	4
出勤しています	4
出勤していた	4
出勤していました	4
出勤してる	4
出勤してます	4
出向する	4
出向します	4
出向しません	4
出向しました	4
出向しませんでした	4
出向しましょう	4
出向しない	4
出向しなかった	4
出向した	4
出向して	4
出向している	4
出向しています	4
出向していた	4
出向していました	4
出向してる	4
出向してます	4
出品する	4
出品します	4
出品しません	4
出品しました	4
出品しませんでした	4
出品しましょう	4
出品しない	4
出品しなかった	4
出品した	4
出品して	4
出品している	4
出品しています	4
出品していた	4
出品していました	4
出品してる	4
出品してます	4
出国する	4
出国します	4
出国しません	4
出国しました	4
出国しませんでした	4
出国しましょう	4
出国しない	4
出国しなかった	4
出国した	4
出国して	4
出国している	4
出国しています	4
出国していた	4
出国していました	4
出国してる	4
出国してます	4
出土する	3
出土します	3
出土しません	3
出土しました	3
出土しませんでした	3
出土しましょう	3
出土しない	3
出土しなかった	3
出土した	3
出土して	3
出土している	3
出土しています	3
出土していた	3
出土していました	3
出土してる	3
出土してます	3
出場する	4
出場します	4
出場しません	4
出場しました	4
出場しませんでした	4
出場しましょう	4
出場しない	4
出場しなかった	4
出場した	4
出場して	4
出場している	4
出場しています	4
出場していた	4
出場していました	4
出場してる	4
出場してます	4
出塁する	4
出塁します	4
出塁しません	4
出塁しました	4
出塁しませんでした	4
出塁しましょう	4
出塁しない	4
出塁しなかった	4
出塁した	4
出塁して	4
出塁している	4
出塁しています	4
出塁していた	4
出塁していました	4
出塁してる	4
出塁してます	4
出展する	4
出展します	4
出展しません	4
出展しました	4
出展しませんでした	4
出展しましょう	4
出展しない	4
出展しなかった	4
出展した	4
出展して	4
出展している	4
出展しています	4
出展していた	4
出展していました	4
出展してる	4
出展してます	4
出席する	4
出席します	4
出席しません	4
出席しました	4
出席しませんでした	4
出席しましょう	4
出席しない	4
出席しなかった	4
出席した	4
出席して	4
出席している	4
出席しています	4
出席していた	4
出席していました	4
出席してる	4
出席してます	4
出店する	4
出店します	4
出店しません	4
出店しました	4
出店しませんでした	4
出店しましょう	4
出店しない	4
出店しなかった	4
出店した	4
出店して	4
出店している	4
出店しています	4
出店していた	4
出店していました	4
出店してる	4
出店してます	4
出張する	4
出張します	4
出張しません	4
出張しました	4
出張しませんでした	4
出張しましょう	4
出張しない	4
出張しなかった	4
出張した	4
出張して	4
出張している	4
出張しています	4
出張していた	4
出張していました	4
出張してる	4
出張してます	4
出所する	3
出所します	3
出所しません	3
出所しました	3
出所しませんでした	3
出所しましょう	3
出所しない	3
出所しなかった	3
出所した	3
出所して	3
出所している	3
出所しています	3
出所していた	3
出所していました	3
出所してる	3
出所してます	3
出撃する	4
出撃します	4
出撃しません	4
出撃しました	4
出撃しませんでした	4
出撃しましょう	4
出撃しない	4
出撃しなかった	4
出撃した	4
出撃して	4
出撃している	4
出撃しています	4
出撃していた	4
出撃していました	4
出撃してる	4
出撃してます	4
出来する	2
出来します	4
出来しません	5
出来しました	4
出来しませんでした	5
出来しましょう	5
出来しない	0
出来しなかった	7
出来した	2
出来して	2
出来している	2
出来しています	2
出来していた	2
出来していました	2
出来してる	4
出来してます	2
出港する	4
出港します	4
出港しません	4
出港しました	4
出港しませんでした	4
出港しましょう	4
出港しない	4
出港しなかった	4
出港した	4
出港して	4
出港している	4
出港しています	4
出港していた	4
出港していました	4
出港してる	4
出港してます	4
出演する	4
出演します	4
出演しません	4
出演しました	4
出演しませんでした	4
出演しましょう	4
出演しない	4
出演しなかった	4
出演した	4
出演して	4
出演している	4
出演しています	4
出演していた	4
出演していました	4
出演してる	4
出演してます	4
出火する	3
出火します	3
出火しません	3
出火しました	3
出火しませんでした	3
出火しましょう	3
出火しない	3
出火しなかった	3
出火した	3
出火して	3
出火している	3
出火しています	3
出火していた	3
出火していました	3
出火してる	3
出火してます	3
出版する	4
出版します	4
出版しません	4
出版しました	4
出版しませんでした	4
出版しましょう	4
出版しない	4
出版しなかった	4
出版した	4
出版して	4
出版している	4
出版しています	4
出版していた	4
出版していました	4
出版してる	4
出版してます	4
出現する	4
出現します	4
出現しません	4
出現しました	4
出現しませんでした	4
出現しましょう	4
出現しない	4
出現しなかった	4
出現した	4
出現して	4
出現している	4
出現しています	4
出現していた	4
出現していました	4
出現してる	4
出現してます	4
出生する	4
出生します	4
出生しません	4
出生しました	4
出生しませんでした	4
出生しましょう	4
出生しない	4
出生しなかった	4
出生した	4
出生して	4
出生している	4
出生しています	4
出生していた	4
出生していました	4
出生してる	4
出生してます	4
出産する	4
出産します	4
出産しません	4
出産しました	4
出産しませんでした	4
出産しましょう	4
出産しない	4
出産しなかった	4
出産した	4
出産して	4
出産している	4
出産しています	4
出産していた	4
出産していました	4
出産してる	4
出産してます	4
出発する	4
出発します	4
出発しません	4
出発しました	4
出発しませんでした	4
出発しましょう	4
出発しない	4
出発しなかった	4
出発した	4
出発して	4
出発している	4
出発しています	4
出発していた	4
出発していました	4
出発してる	4
出発してます	4
出直しする	4
出直しします	4
出直ししません	4
出直ししました	4
出直ししませんでした	4
出直ししましょう	4
出直ししない	4
出直ししなかった	4
出直しした	4
出直しして	4
出直ししている	4
出直ししています	4
出直ししていた	4
出直ししていました	4
出直ししてる	4
出直ししてます	4
出社する	3
出社します	3
出社しません	3
出社しました	3
出社しませんでした	3
出社しましょう	3
出社しない	3
出社しなかった	3
出社した	3
出社して	3
出社している	3
出社しています	3
出社していた	3
出社していました	3
出社してる	3
出社してます	3
出稼ぎする	4
出稼ぎします	4
出稼ぎしません	4
出稼ぎしました	4
出稼ぎしませんでした	4
出稼ぎしましょう	4
出稼ぎしない	4
出稼ぎしなかった	4
出稼ぎした	4
出稼ぎして	4
出稼ぎしている	4
出稼ぎしています	4
出稼ぎしていた	4
出稼ぎしていました	4
出稼ぎしてる	4
出稼ぎしてます	4
出納する	4
出納します	4
出納しません	4
出納しました	4
出納しませんでした	4
出納しましょう	4
出納しない	4
出納しなかった	4
出納した	4
出納して	4
出納している	4
出納しています	4
出納していた	4
出納していました	4
出納してる	4
出納してます	4
出荷する	3
出荷します	3
出荷しません	3
出荷しました	3
出荷しませんでした	3
出荷しましょう	3
出荷しない	3
出荷しなかった	3
出荷した	3
出荷して	3
出荷している	3
出荷しています	3
出荷していた	3
出荷していました	3
出荷してる	3
出荷してます	3
出血する	4
出血します	4
出血しません	4
出血しました	4
出血しませんでした	4
出血しましょう	4
出血しない	4
出血しなかった	4
出血した	4
出血して	4
出血している	4
出血しています	4
出血していた	4
出血していました	4
出血してる	4
出血してます	4
出費する	3
出費します	3
出費しません	3
出費しました	3
出費しませんでした	3
出費しましょう	3
出費しない	3
出費しなかった	3
出費した	3
出費して	3
出費している	3
出費しています	3
出費していた	3
出費していました	3
出費してる	3
出費してます	3
出資する	3
出資します	3
出資しません	3
出資しました	3
出資しませんでした	3
出資しましょう	3
出資しない	3
出資しなかった	3
出資した	3
出資して	3
出資している	3
出資しています	3
出資していた	3
出資していました	3
出資してる	3
出資してます	3
出走する	4
出走します	4
出走しません	4
出走しました	4
出走しませんでした	4
出走しましょう	4
出走しない	4
出走しなかった	4
出走した	4
出走して	4
出走している	4
出走しています	4
出走していた	4
出走していました	4
出走してる	4
出走してます	4
出金する	4
出金します	4
出金しません	4
出金しました	4
出金しませんでした	4
出金しましょう	4
出金しない	4
出金しなかった	4
出金した	4
出金して	4
出金している	4
出金しています	4
出金していた	4
出金していました	4
出金してる	4
出金してます	4
出陣する	4
出陣します	4
出陣しません	4
出陣しました	4
出陣しませんでした	4
出陣しましょう	4
出陣しない	4
出陣しなかった	4
出陣した	4
出陣して	4
出陣している	4
出陣しています	4
出陣していた	4
出陣していました	4
出陣してる	4
出陣してます	4
出頭する	4
出頭します	4
出頭しません	4
出頭しました	4
出頭しませんでした	4
出頭しましょう	4
出頭しない	4
出頭しなかった	4
出頭した	4
出頭して	4
出頭している	4
出頭しています	4
出頭していた	4
出頭していました	4
出頭してる	4
出頭してます	4
出題する	4
出題します	4
出題しません	4
出題しました	4
出題しませんでした	4
出題しましょう	4
出題しない	4
出題しなかった	4
出題した	4
出題して	4
出題している	4
出題しています	4
出題していた	4
出題していました	4
出題してる	4
出題してます	4
出願する	4
出願します	4
出願しません	4
出願しました	4
出願しませんでした	4
出願しましょう	4
出願しない	4
出願しなかった	4
出願した	4
出願して	4
出願している	4
出願しています	4
出願していた	4
出願していました	4
出願してる	4
出願してます	4
出馬する	3
出馬します	3
出馬しません	3
出馬しました	3
出馬しませんでした	3
出馬しましょう	3
出馬しない	3
出馬しなかった	3
出馬した	3
出馬して	3
出馬している	3
出馬しています	3
出馬していた	3
出馬していました	3
出馬してる	3
出馬してます	3
分乗する	4
分乗します	4
分乗しません	4
分乗しました	4
分乗しませんでした	4
分乗しましょう	4
分乗しない	4
分乗しなかった	4
分乗した	4
分乗して	4
分乗している	4
分乗しています	4
分乗していた	4
分乗していました	4
分乗してる	4
分乗してます	4
分別する	1
分別します	1
分別しません	1
分別しました	1
分別しませんでした	1
分別しましょう	1
分別しない	1
分別しなかった	1
分別した	1
分別して	1
分別している	1
分別しています	1
分別していた	1
分別していました	1
分別してる	1
分別してます	1
分割する	4
分割します	4
分割しません	4
分割しました	4
分割しませんでした	4
分割しましょう	4
分割しない	4
分割しなかった	4
分割した	4
分割して	4
分割している	4
分割しています	4
分割していた	4
分割していました	4
分割してる	4
分割してます	4
分化する	3
分化します	3
分化しません	3
分化しました	3
分化しませんでした	3
分化しましょう	3
分化しない	3
分化しなかった	3
分化した	3
分化して	3
分化している	3
分化しています	3
分化していた	3
分化していました	3
分化してる	3
分化してます	3
分岐する	3
分岐します	3
分岐しません	3
分岐しました	3
分岐しませんでした	3
分岐しましょう	3
分岐しない	3
分岐しなかった	3
分岐した	3
分岐して	3
分岐している	3
分岐しています	3
分岐していた	3
分岐していました	3
分岐してる	3
分岐してます	3
分布する	3
分布します	3
分布しません	3
分布しました	3
分布しませんでした	3
分布しましょう	3
分布しない	3
分布しなかった	3
分布した	3
分布して	3
分布している	3
分布しています	3
分布していた	3
分布していました	3
分布してる	3
分布してます	3
分担する	4
分担します	4
分担しません	4
分担しました	4
分担しませんでした	4
分担しましょう	4
分担しない	4
分担しなかった	4
分担した	4
分担して	4
分担している	4
分担しています	4
分担していた	4
分担していました	4
分担してる	4
分担してます	4
分散する	4
分散します	4
分散しません	4
分散しました	4
分散しませんでした	4
分散しましょう	4
分散しない	4
分散しなかった	4
分散した	4
分散して	4
分散している	4
分散しています	4
分散していた	4
分散していました	4
分散してる	4
分散してます	4
分析する	4
分析します	4
分析しません	4
分析しました	4
分析しませんでした	4
分析しましょう	4
分析しない	4
分析しなかった	4
分析した	4
分析して	4
分析している	4
分析しています	4
分析していた	4
分析していました	4
分析してる	4
分析してます	4
分業する	4
分業します	4
分業しません	4
分業しました	4
分業しませんでした	4
分業しましょう	4
分業しない	4
分業しなかった	4
分業した	4
分業して	4
分業している	4
分業しています	4
分業していた	4
分業していました	4
分業してる	4
分業してます	4
分泌する	4
分泌します	4
分泌しません	4
分泌しました	4
分泌しませんでした	4
分泌しましょう	4
分泌しない	4
分泌しなかった	4
分泌した	4
分泌して	4
分泌している	4
分泌しています	4
分泌していた	4
分泌していました	4
分泌してる	4
分泌してます	4
分立する	4
分立します	4
分立しません	4
分立しました	4
分立しませんでした	4
分立しましょう	4
分立しない	4
分立しなかった	4
分立した	4
分立して	4
分立している	4
分立しています	4
分立していた	4
分立していました	4
分立してる	4
分立してます	4
分裂する	4
分裂します	4
分裂しません	4
分裂しました	4
分裂しませんでした	4
分裂しましょう	4
分裂しない	4
分裂しなかった	4
分裂した	4
分裂して	4
分裂している	4
分裂しています	4
分裂していた	4
分裂していました	4
分裂してる	4
分裂してます	4
分解する	4
分解します	4
分解しません	4
分解しました	4
分解しませんでした	4
分解しましょう	4
分解しない	4
分解しなかった	4
分解した	4
分解して	4
分解している	4
分解しています	4
分解していた	4
分解していました	4
分解してる	4
分解してます	4
分譲する	4
分譲します	4
分譲しません	4
分譲しました	4
分譲しませんでした	4
分譲しましょう	4
分譲しない	4
分譲しなかった	4
分譲した	4
分譲して	4
分譲している	4
分譲しています	4
分譲していた	4
分譲していました	4
分譲してる	4
分譲してます	4
分配する	4
分配します	4
分配しません	4
分配しました	4
分配しませんでした	4
分配しましょう	4
分配しない	4
分配しなかった	4
分配した	4
分配して	4
分配している	4
分配しています	4
分配していた	4
分配していました	4
分配してる	4
分配してます	4
分量する	3
分量します	3
分量しません	3
分量しました	3
分量しませんでした	3
分量しましょう	3
分量しない	3
分量しなかった	3
分量した	3
分量して	3
分量している	3
分量しています	3
分量していた	3
分量していました	3
分量してる	3
分量してます	3
分離する	3
分離します	3
分離しません	3
分離しました	3
分離しませんでした	3
分離しましょう	3
分離しない	3
分離しなかった	3
分離した	3
分離して	3
分離している	3
分離しています	3
分離していた	3
分離していました	3
分離してる	3
分離してます	3
分類する	4
分類します	4
分類しません	4
分類しました	4
分類しませんでした	4
分類しましょう	4
分類しない	4
分類しなかった	4
分類した	4
分類して	4
分類している	4
分類しています	4
分類していた	4
分類していました	4
分類してる	4
分類してます	4
切り抜きする	4
切り抜きします	4
切り抜きしません	4
切り抜きしました	4
切り抜きしませんでした	4
切り抜きしましょう	4
切り抜きしない	5
切り抜きしなかった	5
切り抜きした	4
切り抜きして	4
切り抜きしている	4
切り抜きしています	4
切り抜きしていた	4
切り抜きしていました	4
切り抜きしてる	4
切り抜きしてます	4
切断する	4
切断します	4
切断しません	4
切断しました	4
切断しませんでした	4
切断しましょう	4
切断しない	4
切断しなかった	4
切断した	4
切断して	4
切断している	4
切断しています	4
切断していた	4
切断していました	4
切断してる	4
切断してます	4
切望する	4
切望します	4
切望しません	4
切望しました	4
切望しませんでした	4
切望しましょう	4
切望しない	4
切望しなかった	4
切望した	4
切望して	4
切望している	4
切望しています	4
切望していた	4
切望していました	4
切望してる	4
切望してます	4
刊行する	4
刊行します	4
刊行しません	4
刊行しました	4
刊行しませんでした	4
刊行しましょう	4
刊行しない	4
刊行しなかった	4
刊行した	4
刊行して	4
刊行している	4
刊行しています	4
刊行していた	4
刊行していました	4
刊行してる	4
刊行してます	4
列挙する	1
列挙します	1
列挙しません	1
列挙しました	1
列挙しませんでした	1
列挙しましょう	1
列挙しない	1
列挙しなかった	1
列挙した	1
列挙して	1
列挙している	1
列挙しています	1
列挙していた	1
列挙していました	1
列挙してる	1
列挙してます	1
初出する	3
初出します	3
初出しません	6
初出しました	3
初出しませんでした	6
初出しましょう	0
初出しない	4
初出しなかった	4
初出した	3
初出して	4
初出している	5
初出しています	5
初出していた	5
初出していました	5
初出してる	4
初出してます	6
初演する	3
初演します	3
初演しません	3
初演しました	3
初演しませんでした	3
初演しましょう	3
初演しない	3
初演しなかった	3
初演した	3
初演して	3
初演している	3
初演しています	3
初演していた	3
初演していました	3
初演してる	3
初演してます	3
判定する	4
判定します	4
判定しません	4
判定しました	4
判定しませんでした	4
判定しましょう	4
判定しない	4
判定しなかった	4
判定した	4
判定して	4
判定している	4
判定しています	4
判定していた	4
判定していました	4
判定してる	4
判定してます	4
判断する	1
判断します	1
判断しません	1
判断しました	1
判断しませんでした	1
判断しましょう	1
判断しない	1
判断しなかった	1
判断した	1
判断して	1
判断している	1
判断しています	1
判断していた	1
判断していました	1
判断してる	1
判断してます	1
判明する	4
判明します	4
判明しません	4
判明しました	4
判明しませんでした	4
判明しましょう	4
判明しない	4
判明しなかった	4
判明した	4
判明して	4
判明している	4
判明しています	4
判明していた	4
判明していました	4
判明してる	4
判明してます	4
判決する	4
判決します	4
判決しません	4
判決しました	4
判決しませんでした	4
判決しましょう	4
判決しない	4
判決しなかった	4
判決した	4
判決して	4
判決している	4
判決しています	4
判決していた	4
判決していました	4
判決してる	4
判決してます	4
別居する	3
別居します	3
別居しません	3
別居しました	3
別居しませんでした	3
別居しましょう	3
別居しない	3
別居しなかった	3
別居した	3
別居して	3
別居している	3
別居しています	3
別居していた	3
別居していました	3
別居してる	3
別居してます	3
利上げする	3
利上げします	3
利上げしません	3
利上げしました	3
利上げしませんでした	3
利上げしましょう	3
利上げしない	3
利上げしなかった	3
利上げした	3
利上げして	3
利上げしている	3
利上げしています	3
利上げしていた	3
利上げしていました	3
利上げしてる	3
利上げしてます	3
利下げする	3
利下げします	3
利下げしません	3
利下げしました	3
利下げしませんでした	3
利下げしましょう	3
利下げしない	3
利下げしなかった	3
利下げした	3
利下げして	3
利下げしている	3
利下げしています	3
利下げしていた	3
利下げしていました	3
利下げしてる	3
利下げしてます	3
利用する	3
利用します	3
利用しません	3
利用しました	3
利用しませんでした	3
利用しましょう	3
利用しない	3
利用しなかった	3
利用した	3
利用して	3
利用している	3
利用しています	3
利用していた	3
利用していました	3
利用してる	3
利用してます	3
利益する	1
利益します	1
利益しません	1
利益しました	1
利益しませんでした	1
利益しましょう	1
利益しない	1
利益しなかった	1
利益した	1
利益して	1
利益している	1
利益しています	1
利益していた	1
利益していました	1
利益してる	1
利益してます	1
到来する	4
到来します	4
到来しません	4
到来しました	4
到来しませんでした	4
到来しましょう	4
到来しない	4
到来しなかった	4
到来した	4
到来して	4
到来している	4
到来しています	4
到来していた	4
到来していました	4
到来してる	4
到来してます	4
到着する	4
到着します	4
到着しません	4
到着しました	4
到着しませんでした	4
到着しましょう	4
到着しない	4
到着しなかった	4
到着した	4
到着して	4
到着している	4
到着しています	4
到着していた	4
到着していました	4
到着してる	4
到着してます	4
到達する	4
到達します	4
到達しません	4
到達しました	4
到達しませんでした	4
到達しましょう	4
到達しない	4
到達しなかった	4
到達した	4
到達して	4
到達している	4
到達しています	4
到達していた	4
到達していました	4
到達してる	4
到達してます	4
制するする	3
制するします	6
制するしません	7
制するしました	6
制するしませんでした	7
制するしましょう	7
制するしない	5
制するしなかった	5
制するした	3
制するして	3
制するしている	3
制するしています	3
制するしていた	3
制するしていました	3
制するしてる	3
制するしてます	3
制作する	4
制作します	4
制作しません	4
制作しました	4
制作しませんでした	4
制作しましょう	4
制作しない	4
制作しなかった	4
制作した	4
制作して	4
制作している	4
制作しています	4
制作していた	4
制作していました	4
制作してる	4
制作してます	4
制圧する	4
制圧します	4
制圧しません	4
制圧しました	4
制圧しませんでした	4
制圧しましょう	4
制圧しない	4
制圧しなかった	4
制圧した	4
制圧して	4
制圧している	4
制圧しています	4
制圧していた	4
制圧していました	4
制圧してる	4
制圧してます	4
制定する	4
制定します	4
制定しません	4
制定しました	4
制定しませんでした	4
制定しましょう	4
制定しない	4
制定しなかった	4
制定した	4
制定して	4
制定している	4
制定しています	4
制定していた	4
制定していました	4
制定してる	4
制定してます	4
制御する	1
制御します	1
制御しません	1
制御しました	1
制御しませんでした	1
制御しましょう	1
制御しない	1
制御しなかった	1
制御した	1
制御して	1
制御している	1
制御しています	1
制御していた	1
制御していました	1
制御してる	1
制御してます	1
制止する	3
制止します	3
制止しません	3
制止しました	3
制止しませんでした	3
制止しましょう	3
制止しない	3
制止しなかった	3
制止した	3
制止して	3
制止している	3
制止しています	3
制止していた	3
制止していました	3
制止してる	3
制止してます	3
制約する	4
制約します	4
制約しません	4
制約しました	4
制約しませんでした	4
制約しましょう	4
制約しない	4
制約しなかった	4
制約した	4
制約して	4
制約している	4
制約しています	4
制約していた	4
制約していました	4
制約してる	4
制約してます	4
制裁する	4
制裁します	4
制裁しません	4
制裁しました	4
制裁しませんでした	4
制裁しましょう	4
制裁しない	4
制裁しなかった	4
制裁した	4
制裁して	4
制裁している	4
制裁しています	4
制裁していた	4
制裁していました	4
制裁してる	4
制裁してます	4
制覇する	1
制覇します	1
制覇しません	1
制覇しました	1
制覇しませんでした	1
制覇しましょう	1
制覇しない	1
制覇しなかった	1
制覇した	1
制覇して	1
制覇している	1
制覇しています	1
制覇していた	1
制覇していました	1
制覇してる	1
制覇してます	1
制限する	3
制限します	3
制限しません	3
制限しました	3
制限しませんでした	3
制限しましょう	3
制限しない	3
制限しなかった	3
制限した	3
制限して	3
制限している	3
制限しています	3
制限していた	3
制限していました	3
制限してる	3
制限してます	3
刷新する	4
刷新します	4
刷新しません	4
刷新しました	4
刷新しませんでした	4
刷新しましょう	4
刷新しない	4
刷新しなかった	4
刷新した	4
刷新して	4
刷新している	4
刷新しています	4
刷新していた	4
刷新していました	4
刷新してる	4
刷新してます	4
刺激する	3
刺激します	3
刺激しません	3
刺激しました	3
刺激しませんでした	3
刺激しましょう	3
刺激しない	3
刺激しなかった	3
刺激した	3
刺激して	3
刺激している	3
刺激しています	3
刺激していた	3
刺激していました	3
刺激してる	3
刺激してます	3
刺繍する	3
刺繍します	3
刺繍しません	3
刺繍しました	3
刺繍しませんでした	3
刺繍しましょう	3
刺繍しない	3
刺繍しなかった	3
刺繍した	3
刺繍して	3
刺繍している	3
刺繍しています	3
刺繍していた	3
刺繍していました	3
刺繍してる	3
刺繍してます	3
刻々する	4
刻々します	4
刻々しません	4
刻々しました	4
刻々しませんでした	4
刻々しましょう	4
刻々しない	4
刻々しなかった	4
刻々した	4
刻々して	4
刻々している	4
刻々しています	4
刻々していた	4
刻々していました	4
刻々してる	4
刻々してます	4
削減する	4
削減します	4
削減しません	4
削減しました	4
削減しませんでした	4
削減しましょう	4
削減しない	4
削減しなかった	4
削減した	4
削減して	4
削減している	4
削減しています	4
削減していた	4
削減していました	4
削減してる	4
削減してます	4
削除する	1
削除します	1
削除しません	1
削除しました	1
削除しませんでした	1
削除しましょう	1
削除しない	1
削除しなかった	1
削除した	1
削除して	1
削除している	1
削除しています	1
削除していた	1
削除していました	1
削除してる	1
削除してます	1
前倒しする	5
前倒しします	5
前倒ししません	5
前倒ししました	5
前倒ししませんでした	5
前倒ししましょう	5
前倒ししない	5
前倒ししなかった	5
前倒しした	5
前倒しして	5
前倒ししている	5
前倒ししています	5
前倒ししていた	5
前倒ししていました	5
前倒ししてる	5
前倒ししてます	5
前借りする	4
前借りします	4
前借りしません	4
前借りしました	4
前借りしませんでした	4
前借りしましょう	4
前借りしない	4
前借りしなかった	4
前借りした	4
前借りして	4
前借りしている	4
前借りしています	4
前借りしていた	4
前借りしていました	4
前借りしてる	4
前借りしてます	4
前売りする	4
前売りします	4
前売りしません	4
前売りしました	4
前売りしませんでした	4
前売りしましょう	4
前売りしない	4
前売りしなかった	4
前売りした	4
前売りして	4
前売りしている	4
前売りしています	4
前売りしていた	4
前売りしていました	4
前売りしてる	4
前売りしてます	4
前後する	1
前後します	1
前後しません	1
前後しました	1
前後しませんでした	1
前後しましょう	1
前後しない	1
前後しなかった	1
前後した	1
前後して	1
前後している	1
前後しています	1
前後していた	1
前後していました	1
前後してる	1
前後してます	1
前払いする	3
前払いします	3
前払いしません	3
前払いしました	3
前払いしませんでした	3
前払いしましょう	3
前払いしない	3
前払いしなかった	3
前払いした	3
前払いして	3
前払いしている	3
前払いしています	3
前払いしていた	3
前払いしていました	3
前払いしてる	3
前払いしてます	3
前置きする	4
前置きします	4
前置きしません	4
前置きしました	4
前置きしませんでした	4
前置きしましょう	4
前置きしない	4
前置きしなかった	4
前置きした	4
前置きして	4
前置きしている	4
前置きしています	4
前置きしていた	4
前置きしていました	4
前置きしてる	4
前置きしてます	4
前触れする	4
前触れします	4
前触れしません	4
前触れしました	4
前触れしませんでした	4
前触れしましょう	4
前触れしない	4
前触れしなかった	4
前触れした	4
前触れして	4
前触れしている	4
前触れしています	4
前触れしていた	4
前触れしていました	4
前触れしてる	4
前触れしてます	4
前記する	1
前記します	1
前記しません	1
前記しました	1
前記しませんでした	1
前記しましょう	1
前記しない	1
前記しなかった	1
前記した	1
前記して	1
前記している	1
前記しています	1
前記していた	1
前記していました	1
前記してる	1
前記してます	1
前進する	4
前進します	4
前進しません	4
前進しました	4
前進しませんでした	4
前進しましょう	4
前進しない	4
前進しなかった	4
前進した	4
前進して	4
前進している	4
前進しています	4
前進していた	4
前進していました	4
前進してる	4
前進してます	4
割り算する	2
割り算します	2
割り算しません	2
割り算しました	2
割り算しませんでした	2
割り算しましょう	2
割り算しない	2
割り算しなかった	2
割り算した	2
割り算して	2
割り算している	2
割り算しています	2
割り算していた	2
割り算していました	2
割り算してる	2
割り算してます	2
創作する	4
創作します	4
創作しません	4
創作しました	4
創作しませんでした	4
創作しましょう	4
創作しない	4
創作しなかった	4
創作した	4
創作して	4
創作している	4
創作しています	4
創作していた	4
創作していました	4
創作してる	4
創作してます	4
創出する	4
創出します	4
創出しません	4
創出しました	4
創出しませんでした	4
創出しましょう	4
創出しない	4
創出しなかった	4
創出した	4
創出して	4
創出している	4
創出しています	4
創出していた	4
創出していました	4
創出してる	4
創出してます	4
創刊する	4
創刊します	4
創刊しません	4
創刊しました	4
創刊しませんでした	4
創刊しましょう	4
創刊しない	4
創刊しなかった	4
創刊した	4
創刊して	4
創刊している	4
創刊しています	4
創刊していた	4
創刊していました	4
創刊してる	4
創刊してます	4
創始する	1
創始します	1
創始しません	1
創始しました	1
創始しませんでした	1
創始しましょう	1
創始しない	1
創始しなかった	1
創始した	1
創始して	1
創始している	1
創始しています	1
創始していた	1
創始していました	1
創始してる	1
創始してます	1
創業する	4
創業します	4
創業しません	4
創業しました	4
創業しませんでした	4
創業しましょう	4
創業しない	4
創業しなかった	4
創業した	4
創業して	4
創業している	4
創業しています	4
創業していた	4
創業していました	4
創業してる	4
創業してます	4
創立する	4
創立します	4
創立しません	4
創立しました	4
創立しませんでした	4
創立しましょう	4
創立しない	4
創立しなかった	4
創立した	4
創立して	4
創立している	4
創立しています	4
創立していた	4
創立していました	4
創立してる	4
創立してます	4
創設する	4
創設します	4
創設しません	4
創設しました	4
創設しませんでした	4
創設しましょう	4
創設しない	4
創設しなかった	4
創設した	4
創設して	4
創設している	4
創設しています	4
創設していた	4
創設していました	4
創設してる	4
創設してます	4
創造する	4
創造します	4
創造しません	4
創造しました	4
創造しませんでした	4
創造しましょう	4
創造しない	4
創造しなかった	4
創造した	4
創造して	4
創造している	4
創造しています	4
創造していた	4
創造していました	4
創造してる	4
創造してます	4
劇作する	4
劇作します	4
劇作しません	4
劇作しました	4
劇作しませんでした	4
劇作しましょう	1
劇作しない	4
劇作しなかった	4
劇作した	4
劇作して	4
劇作している	4
劇作しています	4
劇作していた	4
劇作していました	4
劇作してる	4
劇作してます	4
力作する	4
力作します	4
力作しません	4
力作しました	4
力作しませんでした	4
力作しましょう	4
力作しない	4
力作しなかった	4
力作した	4
力作して	4
力作している	4
力作しています	4
力作していた	4
力作していました	4
力作してる	4
力作してます	4
力投する	4
力投します	4
力投しません	4
力投しました	4
力投しませんでした	4
力投しましょう	4
力投しない	4
力投しなかった	4
力投した	4
力投して	4
力投している	4
力投しています	4
力投していた	4
力投していました	4
力投してる	4
力投してます	4
力説する	4
力説します	4
力説しません	4
力説しました	4
力説しませんでした	4
力説しましょう	4
力説しない	4
力説しなかった	4
力説した	4
力説して	4
力説している	4
力説しています	4
力説していた	4
力説していました	4
力説してる	4
力説してます	4
加入する	3
加入します	3
加入しません	3
加入しました	3
加入しませんでした	3
加入しましょう	3
加入しない	3
加入しなかった	3
加入した	3
加入して	3
加入している	3
加入しています	3
加入していた	3
加入していました	3
加入してる	3
加入してます	3
加味する	1
加味します	1
加味しません	1
加味しました	1
加味しませんでした	1
加味しましょう	1
加味しない	1
加味しなかった	1
加味した	1
加味して	1
加味している	1
加味しています	1
加味していた	1
加味していました	1
加味してる	1
加味してます	1
加圧する	3
加圧します	3
加圧しません	3
加圧しました	3
加圧しませんでした	3
加圧しましょう	3
加圧しない	3
加圧しなかった	3
加圧した	3
加圧して	3
加圧している	3
加圧しています	3
加圧していた	3
加圧していました	3
加圧してる	3
加圧してます	3
加工する	3
加工します	3
加工しません	3
加工しました	3
加工しませんでした	3
加工しましょう	3
加工しない	3
加工しなかった	3
加工した	3
加工して	3
加工している	3
加工しています	3
加工していた	3
加工していました	3
加工してる	3
加工してます	3
加担する	3
加担します	3
加担しません	3
加担しました	3
加担しませんでした	3
加担しましょう	3
加担しない	3
加担しなかった	3
加担した	3
加担して	3
加担している	3
加担しています	3
加担していた	3
加担していました	3
加担してる	3
加担してます	3
加減する	3
加減します	3
加減しません	3
加減しました	3
加減しませんでした	3
加減しましょう	3
加減しない	3
加減しなかった	3
加減した	3
加減して	3
加減している	3
加減しています	3
加減していた	3
加減していました	3
加減してる	3
加減してます	3
加点する	3
加点します	3
加点しません	3
加点しました	3
加点しませんでした	3
加点しましょう	3
加点しない	3
加点しなかった	3
加点した	3
加点して	3
加点している	3
加点しています	3
加点していた	3
加点していました	3
加点してる	3
加点してます	3
加熱する	3
加熱します	3
加熱しません	3
加熱しました	3
加熱しませんでした	3
加熱しましょう	3
加熱しない	3
加熱しなかった	3
加熱した	3
加熱して	3
加熱している	3
加熱しています	3
加熱していた	3
加熱していました	3
加熱してる	3
加熱してます	3
加盟する	3
加盟します	3
加盟しません	3
加盟しました	3
加盟しませんでした	3
加盟しましょう	3
加盟しない	3
加盟しなかった	3
加盟した	3
加盟して	3
加盟している	3
加盟しています	3
加盟していた	3
加盟していました	3
加盟してる	3
加盟してます	3
加算する	3
加算します	3
加算しません	3
加算しました	3
加算しませんでした	3
加算しましょう	3
加算しない	3
加算しなかった	3
加算した	3
加算して	3
加算している	3
加算しています	3
加算していた	3
加算していました	3
加算してる	3
加算してます	3
加速する	3
加速します	3
加速しません	3
加速しました	3
加速しませんでした	3
加速しましょう	3
加速しない	3
加速しなかった	3
加速した	3
加速して	3
加速している	3
加速しています	3
加速していた	3
加速していました	3
加速してる	3
加速してます	3
加重する	3
加重します	3
加重しません	3
加重しました	3
加重しませんでした	3
加重しましょう	3
加重しない	3
加重しなかった	3
加重した	3
加重して	3
加重している	3
加重しています	3
加重していた	3
加重していました	3
加重してる	3
加重してます	3
劣化する	3
劣化します	3
劣化しません	3
劣化しました	3
劣化しませんでした	3
劣化しましょう	3
劣化しない	3
劣化しなかった	3
劣化した	3
劣化して	3
劣化している	3
劣化しています	3
劣化していた	3
劣化していました	3
劣化してる	3
劣化してます	3
助成する	3
助成します	3
助成しません	3
助成しました	3
助成しませんでした	3
助成しましょう	3
助成しない	3
助成しなかった	3
助成した	3
助成して	3
助成している	3
助成しています	3
助成していた	3
助成していました	3
助成してる	3
助成してます	3
助演する	3
助演します	3
助演しません	3
助演しました	3
助演しませんでした	3
助演しましょう	3
助演しない	3
助演しなかった	3
助演した	3
助演して	3
助演している	3
助演しています	3
助演していた	3
助演していました	3
助演してる	3
助演してます	3
助言する	3
助言します	3
助言しません	3
助言しました	3
助言しませんでした	3
助言しましょう	3
助言しない	3
助言しなかった	3
助言した	3
助言して	3
助言している	3
助言しています	3
助言していた	3
助言していました	3
助言してる	3
助言してます	3
努力する	1
努力します	1
努力しません	1
努力しました	1
努力しませんでした	1
努力しましょう	1
努力しない	1
努力しなかった	1
努力した	1
努力して	1
努力している	1
努力しています	1
努力していた	1
努力していました	1
努力してる	1
努力してます	1
労作する	4
労作します	4
労作しません	4
労作しました	4
労作しませんでした	4
労作しましょう	4
労作しない	4
労作しなかった	4
労作した	4
労作して	4
労作している	4
労作しています	4
労作していた	4
労作していました	4
労作してる	4
労作してます	4
労働する	4
労働します	4
労働しません	4
労働しました	4
労働しませんでした	4
労働しましょう	4
労働しない	4
労働しなかった	4
労働した	4
労働して	4
労働している	4
労働しています	4
労働していた	4
労働していました	4
労働してる	4
労働してます	4
勃起する	3
勃起します	3
勃起しません	3
勃起しました	3
勃起しませんでした	3
勃起しましょう	3
勃起しない	3
勃起しなかった	3
勃起した	3
勃起して	3
勃起している	3
勃起しています	3
勃起していた	3
勃起していました	3
勃起してる	3
勃起してます	3
勇退する	4
勇退します	4
勇退しません	4
勇退しました	4
勇退しませんでした	4
勇退しましょう	4
勇退しない	4
勇退しなかった	4
勇退した	4
勇退して	4
勇退している	4
勇退しています	4
勇退していた	4
勇退していました	4
勇退してる	4
勇退してます	4
勉学する	1
勉学します	1
勉学しません	1
勉学しました	1
勉学しませんでした	1
勉学しましょう	1
勉学しない	1
勉学しなかった	1
勉学した	1
勉学して	1
勉学している	1
勉学しています	1
勉学していた	1
勉学していました	1
勉学してる	1
勉学してます	1
勉強する	4
勉強します	4
勉強しません	4
勉強しました	4
勉強しませんでした	4
勉強しましょう	4
勉強しない	4
勉強しなかった	4
勉強した	4
勉強して	4
勉強している	4
勉強しています	4
勉強していた	4
勉強していました	4
勉強してる	4
勉強してます	4
動作する	1
動作します	1
動作しません	1
動作しました	1
動作しませんでした	1
動作しましょう	1
動作しない	1
動作しなかった	1
動作した	1
動作して	1
動作している	1
動作しています	1
動作していた	1
動作していました	1
動作してる	1
動作してます	1
動員する	4
動員します	4
動員しません	4
動員しました	4
動員しませんでした	4
動員しましょう	4
動員しない	4
動員しなかった	4
動員した	4
動員して	4
動員している	4
動員しています	4
動員していた	4
動員していました	4
動員してる	4
動員してます	4
動揺する	4
動揺します	4
動揺しません	4
動揺しました	4
動揺しませんでした	4
動揺しましょう	4
動揺しない	4
動揺しなかった	4
動揺した	4
動揺して	4
動揺している	4
動揺しています	4
動揺していた	4
動揺していました	4
動揺してる	4
動揺してます	4
勘定する	3
勘定します	3
勘定しません	3
勘定しました	3
勘定しませんでした	3
勘定しましょう	3
勘定しない	3
勘定しなかった	3
勘定した	3
勘定して	3
勘定している	3
勘定しています	3
勘定していた	3
勘定していました	3
勘定してる	3
勘定してます	3
勘案する	4
勘案します	4
勘案しません	4
勘案しました	4
勘案しませんでした	4
勘案しましょう	4
勘案しない	4
勘案しなかった	4
勘案した	4
勘案して	4
勘案している	4
勘案しています	4
勘案していた	4
勘案していました	4
勘案してる	4
勘案してます	4
勘違いする	3
勘違いします	3
勘違いしません	3
勘違いしました	3
勘違いしませんでした	3
勘違いしましょう	3
勘違いしない	3
勘違いしなかった	3
勘違いした	3
勘違いして	3
勘違いしている	3
勘違いしています	3
勘違いしていた	3
勘違いしていました	3
勘違いしてる	3
勘違いしてます	3
勝利する	1
勝利します	1
勝利しません	1
勝利しました	1
勝利しませんでした	1
勝利しましょう	1
勝利しない	1
勝利しなかった	1
勝利した	1
勝利して	1
勝利している	1
勝利しています	1
勝利していた	1
勝利していました	1
勝利してる	1
勝利してます	1
勝訴する	1
勝訴します	1
勝訴しません	1
勝訴しました	1
勝訴しませんでした	1
勝訴しましょう	1
勝訴しない	1
勝訴しなかった	1
勝訴した	1
勝訴して	1
勝訴している	1
勝訴しています	1
勝訴していた	1
勝訴していました	1
勝訴してる	1
勝訴してます	1
勝負する	1
勝負します	1
勝負しません	1
勝負しました	1
勝負しませんでした	1
勝負しましょう	1
勝負しない	1
勝負しなかった	1
勝負した	1
勝負して	1
勝負している	1
勝負しています	1
勝負していた	1
勝負していました	1
勝負してる	1
勝負してます	1
募金する	3
募金します	3
募金しません	3
募金しました	3
募金しませんでした	3
募金しましょう	3
募金しない	3
募金しなかった	3
募金した	3
募金して	3
募金している	3
募金しています	3
募金していた	3
募金していました	3
募金してる	3
募金してます	3
募集する	3
募集します	3
募集しません	3
募集しました	3
募集しませんでした	3
募集しましょう	3
募集しない	3
募集しなかった	3
募集した	3
募集して	3
募集している	3
募集しています	3
募集していた	3
募集していました	3
募集してる	3
募集してます	3
勢ぞろいする	3
勢ぞろいします	3
勢ぞろいしません	3
勢ぞろいしました	3
勢ぞろいしませんでした	3
勢ぞろいしましょう	3
勢ぞろいしない	3
勢ぞろいしなかった	3
勢ぞろいした	3
勢ぞろいして	3
勢ぞろいしている	3
勢ぞろいしています	3
勢ぞろいしていた	3
勢ぞろいしていました	3
勢ぞろいしてる	3
勢ぞろいしてます	3
勤労する	4
勤労します	4
勤労しません	4
勤労しました	4
勤労しませんでした	4
勤労しましょう	4
勤労しない	4
勤労しなかった	4
勤労した	4
勤労して	4
勤労している	4
勤労しています	4
勤労していた	4
勤労していました	4
勤労してる	4
勤労してます	4
勤務する	1
勤務します	1
勤務しません	1
勤務しました	1
勤務しませんでした	1
勤務しましょう	1
勤務しない	1
勤務しなかった	1
勤務した	1
勤務して	1
勤務している	1
勤務しています	1
勤務していた	1
勤務していました	1
勤務してる	1
勤務してます	1
勤続する	4
勤続します	4
勤続しません	4
勤続しました	4
勤続しませんでした	4
勤続しましょう	4
勤続しない	4
勤続しなかった	4
勤続した	4
勤続して	4
勤続している	4
勤続しています	4
勤続していた	4
勤続していました	4
勤続してる	4
勤続してます	4
勧告する	4
勧告します	4
勧告しません	4
勧告しました	4
勧告しませんでした	4
勧告しましょう	4
勧告しない	4
勧告しなかった	4
勧告した	4
勧告して	4
勧告している	4
勧告しています	4
勧告していた	4
勧告していました	4
勧告してる	4
勧告してます	4
勧奨する	4
勧奨します	4
勧奨しません	4
勧奨しました	4
勧奨しませんでした	4
勧奨しましょう	4
勧奨しない	4
勧奨しなかった	4
勧奨した	4
勧奨して	4
勧奨している	4
勧奨しています	4
勧奨していた	4
勧奨していました	4
勧奨してる	4
勧奨してます	4
勧誘する	4
勧誘します	4
勧誘しません	4
勧誘しました	4
勧誘しませんでした	4
勧誘しましょう	4
勧誘しない	4
勧誘しなかった	4
勧誘した	4
勧誘して	4
勧誘している	4
勧誘しています	4
勧誘していた	4
勧誘していました	4
勧誘してる	4
勧誘してます	4
包囲する	1
包囲します	1
包囲しません	1
包囲しました	1
包囲しませんでした	1
包囲しましょう	1
包囲しない	1
包囲しなかった	1
包囲した	1
包囲して	1
包囲している	1
包囲しています	1
包囲していた	1
包囲していました	1
包囲してる	1
包囲してます	1
包帯する	4
包帯します	4
包帯しません	4
包帯しました	4
包帯しませんでした	4
包帯しましょう	4
包帯しない	4
包帯しなかった	4
包帯した	4
包帯して	4
包帯している	4
包帯しています	4
包帯していた	4
包帯していました	4
包帯してる	4
包帯してます	4
包括する	4
包括します	4
包括しません	4
包括しました	4
包括しませんでした	4
包括しましょう	4
包括しない	4
包括しなかった	4
包括した	4
包括して	4
包括している	4
包括しています	4
包括していた	4
包括していました	4
包括してる	4
包括してます	4
包装する	4
包装します	4
包装しません	4
包装しました	4
包装しませんでした	4
包装しましょう	4
包装しない	4
包装しなかった	4
包装した	4
包装して	4
包装している	4
包装しています	4
包装していた	4
包装していました	4
包装してる	4
包装してます	4
化合する	3
化合します	3
化合しません	3
化合しました	3
化合しませんでした	3
化合しましょう	3
化合しない	3
化合しなかった	3
化合した	3
化合して	3
化合している	3
化合しています	3
化合していた	3
化合していました	3
化合してる	3
化合してます	3
化成する	3
化成します	3
化成しません	3
化成しました	3
化成しませんでした	3
化成しましょう	3
化成しない	3
化成しなかった	3
化成した	3
化成して	3
化成している	3
化成しています	3
化成していた	3
化成していました	3
化成してる	3
化成してます	3
化石する	3
化石します	3
化石しません	3
化石しました	3
化石しませんでした	3
化石しましょう	3
化石しない	3
化石しなかった	3
化石した	3
化石して	3
化石している	3
化石しています	3
化石していた	3
化石していました	3
化石してる	3
化石してます	3
化粧する	2
化粧します	2
化粧しません	2
化粧しました	2
化粧しませんでした	2
化粧しましょう	2
化粧しない	2
化粧しなかった	2
化粧した	2
化粧して	2
化粧している	2
化粧しています	2
化粧していた	2
化粧していました	2
化粧してる	2
化粧してます	2
北上する	4
北上します	4
北上しません	4
北上しました	4
北上しませんでした	4
北上しましょう	4
北上しない	4
北上しなかった	4
北上した	4
北上して	4
北上している	4
北上しています	4
北上していた	4
北上していました	4
北上してる	4
北上してます	4
匹敵する	4
匹敵します	4
匹敵しません	4
匹敵しました	4
匹敵しませんでした	4
匹敵しましょう	4
匹敵しない	4
匹敵しなかった	4
匹敵した	4
匹敵して	4
匹敵している	4
匹敵しています	4
匹敵していた	4
匹敵していました	4
匹敵してる	4
匹敵してます	4
区分する	3
区分します	3
区分しません	3
区分しました	3
区分しませんでした	3
区分しましょう	3
区分しない	3
区分しなかった	3
区分した	3
区分して	3
区分している	3
区分しています	3
区分していた	3
区分していました	3
区分してる	3
区分してます	3
区別する	1
区別します	1
区別しません	1
区別しました	1
区別しませんでした	1
区別しましょう	1
区別しない	1
区別しなかった	1
区別した	1
区別して	1
区別している	1
区別しています	1
区別していた	1
区別していました	1
区別してる	1
区別してます	1
区画する	3
区画します	3
区画しません	3
区画しました	3
区画しませんでした	3
区画しましょう	3
区画しない	3
区画しなかった	3
区画した	3
区画して	3
区画している	3
区画しています	3
区画していた	3
区画していました	3
区画してる	3
区画してます	3
十分する	3
十分します	3
十分しません	3
十分しました	3
十分しませんでした	3
十分しましょう	3
十分しない	3
十分しなかった	3
十分した	3
十分して	3
十分している	3
十分しています	3
十分していた	3
十分していました	3
十分してる	3
十分してます	3
半減する	3
半減します	3
半減しません	3
半減しました	3
半減しませんでした	3
半減しましょう	3
半減しない	3
半減しなかった	3
半減した	3
半減して	3
半減している	3
半減しています	3
半減していた	3
半減していました	3
半減してる	3
半減してます	3
卒業する	4
卒業します	4
卒業しません	4
卒業しました	4
卒業しませんでした	4
卒業しましょう	4
卒業しない	4
卒業しなかった	4
卒業した	4
卒業して	4
卒業している	4
卒業しています	4
卒業していた	4
卒業していました	4
卒業してる	4
卒業してます	4
卓越する	4
卓越します	4
卓越しません	4
卓越しました	4
卓越しませんでした	4
卓越しましょう	4
卓越しない	4
卓越しなかった	4
卓越した	4
卓越して	4
卓越している	4
卓越しています	4
卓越していた	4
卓越していました	4
卓越してる	4
卓越してます	4
協力する	4
協力します	4
協力しません	4
協力しました	4
協力しませんでした	4
協力しましょう	4
協力しない	4
協力しなかった	4
協力した	4
協力して	4
協力している	4
協力しています	4
協力していた	4
協力していました	4
協力してる	4
協力してます	4
協和する	3
協和します	3
協和しません	3
協和しました	3
協和しませんでした	3
協和しましょう	3
協和しない	3
協和しなかった	3
協和した	3
協和して	3
協和している	3
協和しています	3
協和していた	3
協和していました	3
協和してる	3
協和してます	3
協定する	4
協定します	4
協定しません	4
協定しました	4
協定しませんでした	4
協定しましょう	4
協定しない	4
協定しなかった	4
協定した	4
協定して	4
協定している	4
協定しています	4
協定していた	4
協定していました	4
協定してる	4
協定してます	4
協調する	4
協調します	4
協調しません	4
協調しました	4
協調しませんでした	4
協調しましょう	4
協調しない	4
協調しなかった	4
協調した	4
協調して	4
協調している	4
協調しています	4
協調していた	4
協調していました	4
協調してる	4
協調してます	4
協議する	1
協議します	1
協議しません	1
協議しました	1
協議しませんでした	1
協議しましょう	1
協議しない	1
協議しなかった	1
協議した	1
協議して	1
協議している	1
協議しています	1
協議していた	1
協議していました	1
協議してる	1
協議してます	1
協賛する	4
協賛します	4
協賛しません	4
協賛しました	4
協賛しませんでした	4
協賛しましょう	4
協賛しない	4
協賛しなかった	4
協賛した	4
協賛して	4
協賛している	4
協賛しています	4
協賛していた	4
協賛していました	4
協賛してる	4
協賛してます	4
単身赴任する	4
単身赴任します	4
単身赴任しません	4
単身赴任しました	4
単身赴任しませんでした	4
単身赴任しましょう	4
単身赴任しない	4
単身赴任しなかった	4
単身赴任した	4
単身赴任して	4
単身赴任している	4
単身赴任しています	4
単身赴任していた	4
単身赴任していました	4
単身赴任してる	4
単身赴任してます	4
占拠する	1
占拠します	1
占拠しません	1
占拠しました	1
占拠しませんでした	1
占拠しましょう	1
占拠しない	1
占拠しなかった	1
占拠した	1
占拠して	1
占拠している	1
占拠しています	1
占拠していた	1
占拠していました	1
占拠してる	1
占拠してます	1
占領する	4
占領します	4
占領しません	4
占領しました	4
占領しませんでした	4
占領しましょう	4
占領しない	4
占領しなかった	4
占領した	4
占領して	4
占領している	4
占領しています	4
占領していた	4
占領していました	4
占領してる	4
占領してます	4
印刷する	4
印刷します	4
印刷しません	4
印刷しました	4
印刷しませんでした	4
印刷しましょう	4
印刷しない	4
印刷しなかった	4
印刷した	4
印刷して	4
印刷している	4
印刷しています	4
印刷していた	4
印刷していました	4
印刷してる	4
印刷してます	4
危惧する	1
危惧します	1
危惧しません	5
危惧しました	1
危惧しませんでした	5
危惧しましょう	5
危惧しない	1
危惧しなかった	1
危惧した	1
危惧して	2
危惧している	2
危惧しています	2
危惧していた	2
危惧していました	2
危惧してる	4
危惧してます	2
即するする	3
即するします	6
即するしません	7
即するしました	6
即するしませんでした	7
即するしましょう	7
即するしない	5
即するしなかった	5
即するした	3
即するして	3
即するしている	3
即するしています	3
即するしていた	3
即するしていました	3
即するしてる	3
即するしてます	3
即位する	1
即位します	1
即位しません	1
即位しました	1
即位しませんでした	1
即位しましょう	1
即位しない	1
即位しなかった	1
即位した	1
即位して	1
即位している	1
即位しています	1
即位していた	1
即位していました	1
即位してる	1
即位してます	1
即売する	4
即売します	4
即売しません	4
即売しました	4
即売しませんでした	4
即売しましょう	4
即売しない	4
即売しなかった	4
即売した	4
即売して	4
即売している	4
即売しています	4
即売していた	4
即売していました	4
即売してる	4
即売してます	4
即死する	3
即死します	3
即死しません	3
即死しました	3
即死しませんでした	3
即死しましょう	3
即死しない	3
即死しなかった	3
即死した	3
即死して	3
即死している	3
即死しています	3
即死していた	3
即死していました	3
即死してる	3
即死してます	3
厚着する	3
厚着します	3
厚着しません	3
厚着しました	3
厚着しませんでした	3
厚着しましょう	3
厚着しない	3
厚着しなかった	3
厚着した	3
厚着して	3
厚着している	3
厚着しています	3
厚着していた	3
厚着していました	3
厚着してる	3
厚着してます	3
原因する	4
原因します	4
原因しません	4
原因しました	4
原因しませんでした	4
原因しましょう	4
原因しない	4
原因しなかった	4
原因した	4
原因して	4
原因している	4
原因しています	4
原因していた	4
原因していました	4
原因してる	4
原因してます	4
原発する	4
原発します	4
原発しません	4
原発しました	4
原発しませんでした	4
原発しましょう	4
原発しない	4
原発しなかった	4
原発した	4
原発して	4
原発している	4
原発しています	4
原発していた	4
原発していました	4
原発してる	4
原発してます	4
厳守する	1
厳守します	1
厳守しません	1
厳守しました	1
厳守しませんでした	1
厳守しましょう	1
厳守しない	1
厳守しなかった	1
厳守した	1
厳守して	1
厳守している	1
厳守しています	1
厳守していた	1
厳守していました	1
厳守してる	1
厳守してます	1
参与する	1
参与します	1
参与しません	1
参与しました	1
参与しませんでした	1
参与しましょう	1
参与しない	1
参与しなかった	1
参与した	1
参与して	1
参与している	1
参与しています	1
参与していた	1
参与していました	1
参与してる	1
参与してます	1
参入する	4
参入します	4
参入しません	4
参入しました	4
参入しませんでした	4
参入しましょう	4
参入しない	4
参入しなかった	4
参入した	4
参入して	4
参入している	4
参入しています	4
参入していた	4
参入していました	4
参入してる	4
参入してます	4
参列する	4
参列します	4
参列しません	4
参列しました	4
参列しませんでした	4
参列しましょう	4
参列しない	4
参列しなかった	4
参列した	4
参列して	4
参列している	4
参列しています	4
参列していた	4
参列していました	4
参列してる	4
参列してます	4
参加する	3
参加します	3
参加しません	3
参加しました	3
参加しませんでした	3
参加しましょう	3
参加しない	3
参加しなかった	3
参加した	3
参加して	3
参加している	3
参加しています	3
参加していた	3
参加していました	3
参加してる	3
参加してます	3
参戦する	4
参戦します	4
参戦しません	4
参戦しました	4
参戦しませんでした	4
参戦しましょう	4
参戦しない	4
参戦しなかった	4
参戦した	4
参戦して	4
参戦している	4
参戦しています	4
参戦していた	4
参戦していました	4
参戦してる	4
参戦してます	4
参拝する	4
参拝します	4
参拝しません	4
参拝しました	4
参拝しませんでした	4
参拝しましょう	4
参拝しない	4
参拝しなかった	4
参拝した	4
参拝して	4
参拝している	4
参拝しています	4
参拝していた	4
参拝していました	4
参拝してる	4
参拝してます	4
参照する	4
参照します	4
参照しません	4
参照しました	4
参照しませんでした	4
参照しましょう	4
参照しない	4
参照しなかった	4
参照した	4
参照して	4
参照している	4
参照しています	4
参照していた	4
参照していました	4
参照してる	4
参照してます	4
参画する	4
参画します	4
参画しません	4
参画しました	4
参画しませんでした	4
参画しましょう	4
参画しない	4
参画しなかった	4
参画した	4
参画して	4
参画している	4
参画しています	4
参画していた	4
参画していました	4
参画してる	4
参画してます	4
参観する	4
参観します	4
参観しません	4
参観しました	4
参観しませんでした	4
参観しましょう	4
参観しない	4
参観しなかった	4
参観した	4
参観して	4
参観している	4
参観しています	4
参観していた	4
参観していました	4
参観してる	4
参観してます	4
反するする	3
反するします	6
反するしません	7
反するしました	6
反するしませんでした	7
反するしましょう	7
反するしない	5
反するしなかった	5
反するした	3
反するして	3
反するしている	3
反するしています	3
反するしていた	3
反するしていました	3
反するしてる	3
反するしてます	3
反乱する	4
反乱します	4
反乱しません	4
反乱しました	4
反乱しませんでした	4
反乱しましょう	4
反乱しない	4
反乱しなかった	4
反乱した	4
反乱して	4
反乱している	4
反乱しています	4
反乱していた	4
反乱していました	4
反乱してる	4
反乱してます	4
反則する	4
反則します	4
反則しません	4
反則しました	4
反則しませんでした	4
反則しましょう	4
反則しない	4
反則しなかった	4
反則した	4
反則して	4
反則している	4
反則しています	4
反則していた	4
反則していました	4
反則してる	4
反則してます	4
反対する	4
反対します	4
反対しません	4
反対しました	4
反対しませんでした	4
反対しましょう	4
反対しない	4
反対しなかった	4
反対した	4
反対して	4
反対している	4
反対しています	4
反対していた	4
反対していました	4
反対してる	4
反対してます	4
反射する	3
反射します	3
反射しません	3
反射しました	3
反射しませんでした	3
反射しましょう	3
反射しない	3
反射しなかった	3
反射した	3
反射して	3
反射している	3
反射しています	3
反射していた	3
反射していました	3
反射してる	3
反射してます	3
反応する	4
反応します	4
反応しません	4
反応しました	4
反応しませんでした	4
反応しましょう	4
反応しない	4
反応しなかった	4
反応した	4
反応して	4
反応している	4
反応しています	4
反応していた	4
反応していました	4
反応してる	4
反応してます	4
反抗する	4
反抗します	4
反抗しません	4
反抗しました	4
反抗しませんでした	4
反抗しましょう	4
反抗しない	4
反抗しなかった	4
反抗した	4
反抗して	4
反抗している	4
反抗しています	4
反抗していた	4
反抗していました	4
反抗してる	4
反抗してます	4
反撃する	4
反撃します	4
反撃しません	4
反撃しました	4
反撃しませんでした	4
反撃しましょう	4
反撃しない	4
反撃しなかった	4
反撃した	4
反撃して	4
反撃している	4
反撃しています	4
反撃していた	4
反撃していました	4
反撃してる	4
反撃してます	4
反映する	4
反映します	4
反映しません	4
反映しました	4
反映しませんでした	4
反映しましょう	4
反映しない	4
反映しなかった	4
反映した	4
反映して	4
反映している	4
反映しています	4
反映していた	4
反映していました	4
反映してる	4
反映してます	4
反発する	4
反発します	4
反発しません	4
反発しました	4
反発しませんでした	4
反発しましょう	4
反発しない	4
反発しなかった	4
反発した	4
反発して	4
反発している	4
反発しています	4
反発していた	4
反発していました	4
反発してる	4
反発してます	4
反省する	4
反省します	4
反省しません	4
反省しました	4
反省しませんでした	4
反省しましょう	4
反省しない	4
反省しなかった	4
反省した	4
反省して	4
反省している	4
反省しています	4
反省していた	4
反省していました	4
反省してる	4
反省してます	4
反落する	4
反落します	4
反落しません	4
反落しました	4
反落しませんでした	4
反落しましょう	4
反落しない	4
反落しなかった	4
反落した	4
反落して	4
反落している	4
反落しています	4
反落していた	4
反落していました	4
反落してる	4
反落してます	4
反論する	4
反論します	4
反論しません	4
反論しました	4
反論しませんでした	4
反論しましょう	4
反論しない	4
反論しなかった	4
反論した	4
反論して	4
反論している	4
反論しています	4
反論していた	4
反論していました	4
反論してる	4
反論してます	4
反転する	4
反転します	4
反転しません	4
反転しました	4
反転しませんでした	4
反転しましょう	4
反転しない	4
反転しなかった	4
反転した	4
反転して	4
反転している	4
反転しています	4
反転していた	4
反転していました	4
反転してる	4
反転してます	4
反逆する	4
反逆します	4
反逆しません	4
反逆しました	4
反逆しませんでした	4
反逆しましょう	4
反逆しない	4
反逆しなかった	4
反逆した	4
反逆して	4
反逆している	4
反逆しています	4
反逆していた	4
反逆していました	4
反逆してる	4
反逆してます	4
反響する	4
反響します	4
反響しません	4
反響しました	4
反響しませんでした	4
反響しましょう	4
反響しない	4
反響しなかった	4
反響した	4
反響して	4
反響している	4
反響しています	4
反響していた	4
反響していました	4
反響してる	4
反響してます	4
収容する	4
収容します	4
収容しません	4
収容しました	4
収容しませんでした	4
収容しましょう	4
収容しない	4
収容しなかった	4
収容した	4
収容して	4
収容している	4
収容しています	4
収容していた	4
収容していました	4
収容してる	4
収容してます	4
収拾する	4
収拾します	4
収拾しません	4
収拾しました	4
収拾しませんでした	4
収拾しましょう	4
収拾しない	4
収拾しなかった	4
収拾した	4
収拾して	4
収拾している	4
収拾しています	4
収拾していた	4
収拾していました	4
収拾してる	4
収拾してます	4
収用する	4
収用します	4
収用しません	4
収用しました	4
収用しませんでした	4
収用しましょう	4
収用しない	4
収用しなかった	4
収用した	4
収用して	4
収用している	4
収用しています	4
収用していた	4
収用していました	4
収用してる	4
収用してます	4
収穫する	4
収穫します	4
収穫しません	4
収穫しました	4
収穫しませんでした	4
収穫しましょう	4
収穫しない	4
収穫しなかった	4
収穫した	4
収穫して	4
収穫している	4
収穫しています	4
収穫していた	4
収穫していました	4
収穫してる	4
収穫してます	4
収納する	4
収納します	4
収納しません	4
収納しました	4
収納しませんでした	4
収納しましょう	4
収納しない	4
収納しなかった	4
収納した	4
収納して	4
収納している	4
収納しています	4
収納していた	4
収納していました	4
収納してる	4
収納してます	4
収縮する	4
収縮します	4
収縮しません	4
収縮しました	4
収縮しませんでした	4
収縮しましょう	4
収縮しない	4
収縮しなかった	4
収縮した	4
収縮して	4
収縮している	4
収縮しています	4
収縮していた	4
収縮していました	4
収縮してる	4
収縮してます	4
収賄する	4
収賄します	4
収賄しません	4
収賄しました	4
収賄しませんでした	4
収賄しましょう	4
収賄しない	4
収賄しなかった	4
収賄した	4
収賄して	4
収賄している	4
収賄しています	4
収賄していた	4
収賄していました	4
収賄してる	4
収賄してます	4
収録する	4
収録します	4
収録しません	4
収録しました	4
収録しませんでした	4
収録しましょう	4
収録しない	4
収録しなかった	4
収録した	4
収録して	4
収録している	4
収録しています	4
収録していた	4
収録していました	4
収録してる	4
収録してます	4
収集する	4
収集します	4
収集しません	4
収集しました	4
収集しませんでした	4
収集しましょう	4
収集しない	4
収集しなかった	4
収集した	4
収集して	4
収集している	4
収集しています	4
収集していた	4
収集していました	4
収集してる	4
収集してます	4
取り込みする	4
取り込みします	6
取り込みしません	7
取り込みしました	6
取り込みしませんでした	7
取り込みしましょう	7
取り込みしない	0
取り込みしなかった	9
取り込みした	6
取り込みして	0
取り込みしている	6
取り込みしています	6
取り込みしていた	6
取り込みしていました	6
取り込みしてる	6
取り込みしてます	7
取引する	2
取引します	2
取引しません	2
取引しました	2
取引しませんでした	2
取引しましょう	2
取引しない	2
取引しなかった	2
取引した	2
取引して	2
取引している	2
取引しています	2
取引していた	2
取引していました	2
取引してる	2
取引してます	2
取得する	3
取得します	3
取得しません	3
取得しました	3
取得しませんでした	3
取得しましょう	3
取得しない	3
取得しなかった	3
取得した	3
取得して	3
取得している	3
取得しています	3
取得していた	3
取得していました	3
取得してる	3
取得してます	3
取材する	3
取材します	3
取材しません	3
取材しました	3
取材しませんでした	3
取材しましょう	3
取材しない	3
取材しなかった	3
取材した	3
取材して	3
取材している	3
取材しています	3
取材していた	3
取材していました	3
取材してる	3
取材してます	3
取水する	3
取水します	3
取水しません	3
取水しました	3
取水しませんでした	3
取水しましょう	3
取水しない	3
取水しなかった	3
取水した	3
取水して	3
取水している	3
取水しています	3
取水していた	3
取水していました	3
取水してる	3
取水してます	3
受付する	4
受付します	4
受付しません	4
受付しました	4
受付しませんでした	4
受付しましょう	4
受付しない	4
受付しなかった	4
受付した	4
受付して	4
受付している	4
受付しています	4
受付していた	4
受付していました	4
受付してる	4
受付してます	4
受信する	3
受信します	3
受信しません	3
受信しました	3
受信しませんでした	3
受信しましょう	3
受信しない	3
受信しなかった	3
受信した	3
受信して	3
受信している	3
受信しています	3
受信していた	3
受信していました	3
受信してる	3
受信してます	3
受像する	3
受像します	3
受像しません	3
受像しました	3
受像しませんでした	3
受像しましょう	3
受像しない	3
受像しなかった	3
受像した	3
受像して	3
受像している	3
受像しています	3
受像していた	3
受像していました	3
受像してる	3
受像してます	3
受刑する	3
受刑します	3
受刑しません	3
受刑しました	3
受刑しませんでした	3
受刑しましょう	3
受刑しない	3
受刑しなかった	3
受刑した	3
受刑して	3
受刑している	3
受刑しています	3
受刑していた	3
受刑していました	3
受刑してる	3
受刑してます	3
受容する	3
受容します	3
受容しません	3
受容しました	3
受容しませんでした	3
受容しましょう	3
受容しない	3
受容しなかった	3
受容した	3
受容して	3
受容している	3
受容しています	3
受容していた	3
受容していました	3
受容してる	3
受容してます	3
受注する	3
受注します	3
受注しません	3
受注しました	3
受注しませんでした	3
受注しましょう	3
受注しない	3
受注しなかった	3
受注した	3
受注して	3
受注している	3
受注しています	3
受注していた	3
受注していました	3
受注してる	3
受注してます	3
受理する	1
受理します	1
受理しません	1
受理しました	1
受理しませんでした	1
受理しましょう	1
受理しない	1
受理しなかった	1
受理した	1
受理して	1
受理している	1
受理しています	1
受理していた	1
受理していました	1
受理してる	1
受理してます	1
受章する	3
受章します	3
受章しません	3
受章しました	3
受章しませんでした	3
受章しましょう	3
受章しない	3
受章しなかった	3
受章した	3
受章して	3
受章している	3
受章しています	3
受章していた	3
受章していました	3
受章してる	3
受章してます	3
受精する	3
受精します	3
受精しません	3
受精しました	3
受精しませんでした	3
受精しましょう	3
受精しない	3
受精しなかった	3
受精した	3
受精して	3
受精している	3
受精しています	3
受精していた	3
受精していました	3
受精してる	3
受精してます	3
受給する	3
受給します	3
受給しません	3
受給しました	3
受給しませんでした	3
受給しましょう	3
受給しない	3
受給しなかった	3
受給した	3
受給して	3
受給している	3
受給しています	3
受給していた	3
受給していました	3
受給してる	3
受給してます	3
受託する	3
受託します	3
受託しません	3
受託しました	3
受託しませんでした	3
受託しましょう	3
受託しない	3
受託しなかった	3
受託した	3
受託して	3
受託している	3
受託しています	3
受託していた	3
受託していました	3
受託してる	3
受託してます	3
受診する	3
受診します	3
受診しません	3
受診しました	3
受診しませんでした	3
受診しましょう	3
受診しない	3
受診しなかった	3
受診した	3
受診して	3
受診している	3
受診しています	3
受診していた	3
受診していました	3
受診してる	3
受診してます	3
受諾する	3
受諾します	3
受諾しません	3
受諾しました	3
受諾しませんでした	3
受諾しましょう	3
受諾しない	3
受諾しなかった	3
受諾した	3
受諾して	3
受諾している	3
受諾しています	3
受諾していた	3
受諾していました	3
受諾してる	3
受諾してます	3
受講する	3
受講します	3
受講しません	3
受講しました	3
受講しませんでした	3
受講しましょう	3
受講しない	3
受講しなかった	3
受講した	3
受講して	3
受講している	3
受講しています	3
受講していた	3
受講していました	3
受講してる	3
受講してます	3
受賞する	3
受賞します	3
受賞しません	3
受賞しました	3
受賞しませんでした	3
受賞しましょう	3
受賞しない	3
受賞しなかった	3
受賞した	3
受賞して	3
受賞している	3
受賞しています	3
受賞していた	3
受賞していました	3
受賞してる	3
受賞してます	3
受難する	3
受難します	3
受難しません	3
受難しました	3
受難しませんでした	3
受難しましょう	3
受難しない	3
受難しなかった	3
受難した	3
受難して	3
受難している	3
受難しています	3
受難していた	3
受難していました	3
受難してる	3
受難してます	3
受領する	3
受領します	3
受領しません	3
受領しました	3
受領しませんでした	3
受領しましょう	3
受領しない	3
受領しなかった	3
受領した	3
受領して	3
受領している	3
受領しています	3
受領していた	3
受領していました	3
受領してる	3
受領してます	3
受験する	3
受験します	3
受験しません	3
受験しました	3
受験しませんでした	3
受験しましょう	3
受験しない	3
受験しなかった	3
受験した	3
受験して	3
受験している	3
受験しています	3
受験していた	3
受験していました	3
受験してる	3
受験してます	3
叙勲する	3
叙勲します	3
叙勲しません	3
叙勲しました	3
叙勲しませんでした	3
叙勲しましょう	3
叙勲しない	3
叙勲しなかった	3
叙勲した	3
叙勲して	3
叙勲している	3
叙勲しています	3
叙勲していた	3
叙勲していました	3
叙勲してる	3
叙勲してます	3
口出しする	4
口出しします	4
口出ししません	4
口出ししました	4
口出ししませんでした	4
口出ししましょう	4
口出ししない	4
口出ししなかった	4
口出しした	4
口出しして	4
口出ししている	4
口出ししています	4
口出ししていた	4
口出ししていました	4
口出ししてる	4
口出ししてます	4
口喧嘩する	3
口喧嘩します	3
口喧嘩しません	3
口喧嘩しました	3
口喧嘩しませんでした	3
口喧嘩しましょう	3
口喧嘩しない	3
口喧嘩しなかった	3
口喧嘩した	3
口喧嘩して	3
口喧嘩している	3
口喧嘩しています	3
口喧嘩していた	3
口喧嘩していました	3
口喧嘩してる	3
口喧嘩してます	3
口止めする	4
口止めします	4
口止めしません	4
口止めしました	4
口止めしませんでした	4
口止めしましょう	4
口止めしない	4
口止めしなかった	4
口止めした	4
口止めして	4
口止めしている	4
口止めしています	4
口止めしていた	4
口止めしていました	4
口止めしてる	4
口止めしてます	4
口答えする	3
口答えします	3
口答えしません	3
口答えしました	3
口答えしませんでした	3
口答えしましょう	3
口答えしない	3
口答えしなかった	3
口答えした	3
口答えして	3
口答えしている	3
口答えしています	3
口答えしていた	3
口答えしていました	3
口答えしてる	3
口答えしてます	3
口論する	1
口論します	1
口論しません	1
口論しました	1
口論しませんでした	1
口論しましょう	1
口論しない	1
口論しなかった	1
口論した	1
口論して	1
口論している	1
口論しています	1
口論していた	1
口論していました	1
口論してる	1
口論してます	1
召集する	4
召集します	4
召集しません	4
召集しました	4
召集しませんでした	4
召集しましょう	4
召集しない	4
召集しなかった	4
召集した	4
召集して	4
召集している	4
召集しています	4
召集していた	4
召集していました	4
召集してる	4
召集してます	4
可決する	3
可決します	3
可決しません	3
可決しました	3
可決しませんでした	3
可決しましょう	3
可決しない	3
可決しなかった	3
可決した	3
可決して	3
可決している	3
可決しています	3
可決していた	3
可決していました	3
可決してる	3
可決してます	3
台頭する	4
台頭します	4
台頭しません	4
台頭しました	4
台頭しませんでした	4
台頭しましょう	4
台頭しない	4
台頭しなかった	4
台頭した	4
台頭して	4
台頭している	4
台頭しています	4
台頭していた	4
台頭していました	4
台頭してる	4
台頭してます	4
右くりっくする	4
右くりっくします	4
右くりっくしません	4
右くりっくしました	4
右くりっくしませんでした	4
右くりっくしましょう	4
右くりっくしない	4
右くりっくしなかった	4
右くりっくした	4
右くりっくして	4
右くりっくしている	4
右くりっくしています	4
右くりっくしていた	4
右くりっくしていました	4
右くりっくしてる	4
右くりっくしてます	4
右折する	3
右折します	3
右折しません	3
右折しました	3
右折しませんでした	3
右折しましょう	3
右折しない	3
右折しなかった	3
右折した	3
右折して	3
右折している	3
右折しています	3
右折していた	3
右折していました	3
右折してる	3
右折してます	3
号令する	4
号令します	4
号令しません	4
号令しました	4
号令しませんでした	4
号令しましょう	4
号令しない	4
号令しなかった	4
号令した	4
号令して	4
号令している	4
号令しています	4
号令していた	4
号令していました	4
号令してる	4
号令してます	4
司令する	3
司令します	3
司令しません	3
司令しました	3
司令しませんでした	3
司令しましょう	3
司令しない	3
司令しなかった	3
司令した	3
司令して	3
司令している	3
司令しています	3
司令していた	3
司令していました	3
司令してる	3
司令してます	3
司会する	3
司会します	3
司会しません	3
司会しました	3
司会しませんでした	3
司会しましょう	3
司会しない	3
司会しなかった	3
司会した	3
司会して	3
司会している	3
司会しています	3
司会していた	3
司会していました	3
司会してる	3
司会してます	3
吃逆する	1
吃逆します	1
吃逆しません	1
吃逆しました	1
吃逆しませんでした	1
吃逆しましょう	1
吃逆しない	1
吃逆しなかった	1
吃逆した	1
吃逆して	1
吃逆している	1
吃逆しています	1
吃逆していた	1
吃逆していました	1
吃逆してる	1
吃逆してます	1
吃驚する	3
吃驚します	3
吃驚しません	3
吃驚しました	3
吃驚しませんでした	3
吃驚しましょう	3
吃驚しない	3
吃驚しなかった	3
吃驚した	3
吃驚して	3
吃驚している	3
吃驚しています	3
吃驚していた	3
吃驚していました	3
吃驚してる	3
吃驚してます	3
合作する	4
合作します	4
合作しません	4
合作しました	4
合作しませんでした	4
合作しましょう	4
合作しない	4
合作しなかった	4
合作した	4
合作して	4
合作している	4
合作しています	4
合作していた	4
合作していました	4
合作してる	4
合作してます	4
合併する	4
合併します	4
合併しません	4
合併しました	4
合併しませんでした	4
合併しましょう	4
合併しない	4
合併しなかった	4
合併した	4
合併して	4
合併している	4
合併しています	4
合併していた	4
合併していました	4
合併してる	4
合併してます	4
合力する	1
合力します	1
合力しません	1
合力しました	1
合力しませんでした	1
合力しましょう	1
合力しない	1
合力しなかった	1
合力した	1
合力して	1
合力している	1
合力しています	1
合力していた	1
合力していました	1
合力してる	1
合力してます	1
合同する	4
合同します	4
合同しません	4
合同しました	4
合同しませんでした	4
合同しましょう	4
合同しない	4
合同しなかった	4
合同した	4
合同して	4
合同している	4
合同しています	4
合同していた	4
合同していました	4
合同してる	4
合同してます	4
合唱する	4
合唱します	4
合唱しません	4
合唱しました	4
合唱しませんでした	4
合唱しましょう	4
合唱しない	4
合唱しなかった	4
合唱した	4
合唱して	4
合唱している	4
合唱しています	4
合唱していた	4
合唱していました	4
合唱してる	4
合唱してます	4
合図する	1
合図します	1
合図しません	1
合図しました	1
合図しませんでした	1
合図しましょう	1
合図しない	1
合図しなかった	1
合図した	1
合図して	1
合図している	1
合図しています	1
合図していた	1
合図していました	1
合図してる	1
合図してます	1
合奏する	4
合奏します	4
合奏しません	4
合奏しました	4
合奏しませんでした	4
合奏しましょう	4
合奏しない	4
合奏しなかった	4
合奏した	4
合奏して	4
合奏している	4
合奏しています	4
合奏していた	4
合奏していました	4
合奏してる	4
合奏してます	4
合宿する	4
合宿します	4
合宿しません	4
合宿しました	4
合宿しませんでした	4
合宿しましょう	4
合宿しない	4
合宿しなかった	4
合宿した	4
合宿して	4
合宿している	4
合宿しています	4
合宿していた	4
合宿していました	4
合宿してる	4
合宿してます	4
合意する	3
合意します	3
合意しません	3
合意しました	3
合意しませんでした	3
合意しましょう	3
合意しない	3
合意しなかった	3
合意した	3
合意して	3
合意している	3
合意しています	3
合意していた	3
合意していました	3
合意してる	3
合意してます	3
合成する	4
合成します	4
合成しません	4
合成しました	4
合成しませんでした	4
合成しましょう	4
合成しない	4
合成しなかった	4
合成した	4
合成して	4
合成している	4
合成しています	4
合成していた	4
合成していました	4
合成してる	4
合成してます	4
合戦する	4
合戦します	4
合戦しません	4
合戦しました	4
合戦しませんでした	4
合戦しましょう	4
合戦しない	4
合戦しなかった	4
合戦した	4
合戦して	4
合戦している	4
合戦しています	4
合戦していた	4
合戦していました	4
合戦してる	4
合戦してます	4
合格する	4
合格します	4
合格しません	4
合格しました	4
合格しませんでした	4
合格しましょう	4
合格しない	4
合格しなかった	4
合格した	4
合格して	4
合格している	4
合格しています	4
合格していた	4
合格していました	4
合格してる	4
合格してます	4
合流する	4
合流します	4
合流しません	4
合流しました	4
合流しませんでした	4
合流しましょう	4
合流しない	4
合流しなかった	4
合流した	4
合流して	4
合流している	4
合流しています	4
合流していた	4
合流していました	4
合流してる	4
合流してます	4
合理化する	4
合理化します	4
合理化しません	4
合理化しました	4
合理化しませんでした	4
合理化しましょう	4
合理化しない	4
合理化しなかった	4
合理化した	4
合理化して	4
合理化している	4
合理化しています	4
合理化していた	4
合理化していました	4
合理化してる	4
合理化してます	4
合致する	3
合致します	3
合致しません	3
合致しました	3
合致しませんでした	3
合致しましょう	3
合致しない	3
合致しなかった	3
合致した	3
合致して	3
合致している	3
合致しています	3
合致していた	3
合致していました	3
合致してる	3
合致してます	3
合計する	4
合計します	4
合計しません	4
合計しました	4
合計しませんでした	4
合計しましょう	4
合計しない	4
合計しなかった	4
合計した	4
合計して	4
合計している	4
合計しています	4
合計していた	4
合計していました	4
合計してる	4
合計してます	4
合議する	1
合議します	1
合議しません	1
合議しました	1
合議しませんでした	1
合議しましょう	1
合議しない	1
合議しなかった	1
合議した	1
合議して	1
合議している	1
合議しています	1
合議していた	1
合議していました	1
合議してる	1
合議してます	1
同乗する	4
同乗します	4
同乗しません	4
同乗しました	4
同乗しませんでした	4
同乗しましょう	4
同乗しない	4
同乗しなかった	4
同乗した	4
同乗して	4
同乗している	4
同乗しています	4
同乗していた	4
同乗していました	4
同乗してる	4
同乗してます	4
同伴する	4
同伴します	4
同伴しません	4
同伴しました	4
同伴しませんでした	4
同伴しましょう	4
同伴しない	4
同伴しなかった	4
同伴した	4
同伴して	4
同伴している	4
同伴しています	4
同伴していた	4
同伴していました	4
同伴してる	4
同伴してます	4
同化する	3
同化します	3
同化しません	3
同化しました	3
同化しませんでした	3
同化しましょう	3
同化しない	3
同化しなかった	3
同化した	3
同化して	3
同化している	3
同化しています	3
同化していた	3
同化していました	3
同化してる	3
同化してます	3
同室する	4
同室します	4
同室しません	4
同室しました	4
同室しませんでした	4
同室しましょう	4
同室しない	4
同室しなかった	4
同室した	4
同室して	4
同室している	4
同室しています	4
同室していた	4
同室していました	4
同室してる	4
同室してます	4
同封する	4
同封します	4
同封しません	4
同封しました	4
同封しませんでした	4
同封しましょう	4
同封しない	4
同封しなかった	4
同封した	4
同封して	4
同封している	4
同封しています	4
同封していた	4
同封していました	4
同封してる	4
同封してます	4
同居する	3
同居します	3
同居しません	3
同居しました	3
同居しませんでした	3
同居しましょう	3
同居しない	3
同居しなかった	3
同居した	3
同居して	3
同居している	3
同居しています	3
同居していた	3
同居していました	3
同居してる	3
同居してます	3
同席する	4
同席します	4
同席しません	4
同席しました	4
同席しませんでした	4
同席しましょう	4
同席しない	4
同席しなかった	4
同席した	4
同席して	4
同席している	4
同席しています	4
同席していた	4
同席していました	4
同席してる	4
同席してます	4
同情する	4
同情します	4
同情しません	4
同情しました	4
同情しませんでした	4
同情しましょう	4
同情しない	4
同情しなかった	4
同情した	4
同情して	4
同情している	4
同情しています	4
同情していた	4
同情していました	4
同情してる	4
同情してます	4
同意する	3
同意します	3
同意しません	3
同意しました	3
同意しませんでした	3
同意しましょう	3
同意しない	3
同意しなかった	3
同意した	3
同意して	3
同意している	3
同意しています	3
同意していた	3
同意していました	3
同意してる	3
同意してます	3
同感する	4
同感します	4
同感しません	4
同感しました	4
同感しませんでした	4
同感しましょう	4
同感しない	4
同感しなかった	4
同感した	4
同感して	4
同感している	4
同感しています	4
同感していた	4
同感していました	4
同感してる	4
同感してます	4
同期する	1
同期します	1
同期しません	1
同期しました	1
同期しませんでした	1
同期しましょう	1
同期しない	1
同期しなかった	1
同期した	1
同期して	1
同期している	1
同期しています	1
同期していた	1
同期していました	1
同期してる	1
同期してます	1
同棲する	4
同棲します	4
同棲しません	4
同棲しました	4
同棲しませんでした	4
同棲しましょう	4
同棲しない	4
同棲しなかった	4
同棲した	4
同棲して	4
同棲している	4
同棲しています	4
同棲していた	4
同棲していました	4
同棲してる	4
同棲してます	4
同盟する	4
同盟します	4
同盟しません	4
同盟しました	4
同盟しませんでした	4
同盟しましょう	4
同盟しない	4
同盟しなかった	4
同盟した	4
同盟して	4
同盟している	4
同盟しています	4
同盟していた	4
同盟していました	4
同盟してる	4
同盟してます	4
同船する	4
同船します	4
同船しません	4
同船しました	4
同船しませんでした	4
同船しましょう	4
同船しない	4
同船しなかった	4
同船した	4
同船して	4
同船している	4
同船しています	4
同船していた	4
同船していました	4
同船してる	4
同船してます	4
同行する	4
同行します	4
同行しません	4
同行しました	4
同行しませんでした	4
同行しましょう	4
同行しない	4
同行しなかった	4
同行した	4
同行して	4
同行している	4
同行しています	4
同行していた	4
同行していました	4
同行してる	4
同行してます	4
同調する	4
同調します	4
同調しません	4
同調しました	4
同調しませんでした	4
同調しましょう	4
同調しない	4
同調しなかった	4
同調した	4
同調して	4
同調している	4
同調しています	4
同調していた	4
同調していました	4
同調してる	4
同調してます	4
名指しする	3
名指しします	3
名指ししません	3
名指ししました	3
名指ししませんでした	3
名指ししましょう	3
名指ししない	3
名指ししなかった	3
名指しした	3
名指しして	3
名指ししている	3
名指ししています	3
名指ししていた	3
名指ししていました	3
名指ししてる	3
名指ししてます	3
吐露する	1
吐露します	1
吐露しません	1
吐露しました	1
吐露しませんでした	1
吐露しましょう	1
吐露しない	1
吐露しなかった	1
吐露した	1
吐露して	1
吐露している	1
吐露しています	1
吐露していた	1
吐露していました	1
吐露してる	1
吐露してます	1
向上する	4
向上します	4
向上しません	4
向上しました	4
向上しませんでした	4
向上しましょう	4
向上しない	4
向上しなかった	4
向上した	4
向上して	4
向上している	4
向上しています	4
向上していた	4
向上していました	4
向上してる	4
向上してます	4
君臨する	4
君臨します	4
君臨しません	4
君臨しました	4
君臨しませんでした	4
君臨しましょう	4
君臨しない	4
君臨しなかった	4
君臨した	4
君臨して	4
君臨している	4
君臨しています	4
君臨していた	4
君臨していました	4
君臨してる	4
君臨してます	4
吟味する	1
吟味します	1
吟味しません	1
吟味しました	1
吟味しませんでした	1
吟味しましょう	1
吟味しない	1
吟味しなかった	1
吟味した	1
吟味して	1
吟味している	1
吟味しています	1
吟味していた	1
吟味していました	1
吟味してる	1
吟味してます	1
否定する	3
否定します	3
否定しません	3
否定しました	3
否定しませんでした	3
否定しましょう	3
否定しない	3
否定しなかった	3
否定した	3
否定して	3
否定している	3
否定しています	3
否定していた	3
否定していました	3
否定してる	3
否定してます	3
否決する	3
否決します	3
否決しません	3
否決しました	3
否決しませんでした	3
否決しましょう	3
否決しない	3
否決しなかった	3
否決した	3
否決して	1
否決している	3
否決しています	3
否決していた	3
否決していました	3
否決してる	3
否決してます	3
否認する	3
否認します	3
否認しません	3
否認しました	3
否認しませんでした	3
否認しましょう	3
否認しない	3
否認しなかった	3
否認した	3
否認して	3
否認している	3
否認しています	3
否認していた	3
否認していました	3
否認してる	3
否認してます	3
含有する	4
含有します	4
含有しません	4
含有しました	4
含有しませんでした	4
含有しましょう	4
含有しない	4
含有しなかった	4
含有した	4
含有して	4
含有している	4
含有しています	4
含有していた	4
含有していました	4
含有してる	4
含有してます	4
吸収する	4
吸収します	4
吸収しません	4
吸収しました	4
吸収しませんでした	4
吸収しましょう	4
吸収しない	4
吸収しなかった	4
吸収した	4
吸収して	4
吸収している	4
吸収しています	4
吸収していた	4
吸収していました	4
吸収してる	4
吸収してます	4
告別する	4
告別します	4
告別しません	4
告別しました	4
告別しませんでした	4
告別しましょう	4
告別しない	4
告別しなかった	4
告別した	4
告別して	4
告別している	4
告別しています	4
告別していた	4
告別していました	4
告別してる	4
告別してます	4
告発する	4
告発します	4
告発しません	4
告発しました	4
告発しませんでした	4
告発しましょう	4
告発しない	4
告発しなかった	4
告発した	4
告発して	4
告発している	4
告発しています	4
告発していた	4
告発していました	4
告発してる	4
告発してます	4
告白する	4
告白します	4
告白しません	4
告白しました	4
告白しませんでした	4
告白しましょう	4
告白しない	4
告白しなかった	4
告白した	4
告白して	4
告白している	4
告白しています	4
告白していた	4
告白していました	4
告白してる	4
告白してます	4
告知する	3
告知します	3
告知しません	3
告知しました	3
告知しませんでした	3
告知しましょう	3
告知しない	3
告知しなかった	3
告知した	3
告知して	3
告知している	3
告知しています	3
告知していた	3
告知していました	3
告知してる	3
告知してます	3
告示する	3
告示します	3
告示しません	3
告示しました	3
告示しませんでした	3
告示しましょう	3
告示しない	3
告示しなかった	3
告示した	3
告示して	3
告示している	3
告示しています	3
告示していた	3
告示していました	3
告示してる	3
告示してます	3
告訴する	1
告訴します	1
告訴しません	1
告訴しました	1
告訴しませんでした	1
告訴しましょう	1
告訴しない	1
告訴しなかった	1
告訴した	1
告訴して	1
告訴している	1
告訴しています	1
告訴していた	1
告訴していました	1
告訴してる	1
告訴してます	1
周知する	1
周知します	1
周知しません	1
周知しました	1
周知しませんでした	1
周知しましょう	1
周知しない	1
周知しなかった	1
周知した	1
周知して	1
周知している	1
周知しています	1
周知していた	1
周知していました	1
周知してる	1
周知してます	1
味付けする	4
味付けします	4
味付けしません	4
味付けしました	4
味付けしませんでした	4
味付けしましょう	4
味付けしない	4
味付けしなかった	4
味付けした	4
味付けして	4
味付けしている	4
味付けしています	4
味付けしていた	4
味付けしていました	4
味付けしてる	4
味付けしてます	4
味方する	3
味方します	3
味方しません	3
味方しました	3
味方しませんでした	3
味方しましょう	3
味方しない	3
味方しなかった	3
味方した	3
味方して	3
味方している	3
味方しています	3
味方していた	3
味方していました	3
味方してる	3
味方してます	3
呼び出しする	4
呼び出しします	4
呼び出ししません	4
呼び出ししました	4
呼び出ししませんでした	4
呼び出ししましょう	4
呼び出ししない	4
呼び出ししなかった	4
呼び出しした	4
呼び出しして	4
呼び出ししている	4
呼び出ししています	4
呼び出ししていた	4
呼び出ししていました	4
呼び出ししてる	4
呼び出ししてます	4
呼吸する	3
呼吸します	3
呼吸しません	3
呼吸しました	3
呼吸しませんでした	3
呼吸しましょう	3
呼吸しない	3
呼吸しなかった	3
呼吸した	3
呼吸して	3
呼吸している	3
呼吸しています	3
呼吸していた	3
呼吸していました	3
呼吸してる	3
呼吸してます	3
呼応する	3
呼応します	3
呼応しません	3
呼応しました	3
呼応しませんでした	3
呼応しましょう	3
呼応しない	3
呼応しなかった	3
呼応した	3
呼応して	3
呼応している	3
呼応しています	3
呼応していた	3
呼応していました	3
呼応してる	3
呼応してます	3
呼称する	3
呼称します	3
呼称しません	3
呼称しました	3
呼称しませんでした	3
呼称しましょう	3
呼称しない	3
呼称しなかった	3
呼称した	3
呼称して	3
呼称している	3
呼称しています	3
呼称していた	3
呼称していました	3
呼称してる	3
呼称してます	3
命中する	4
命中します	4
命中しません	4
命中しました	4
命中しませんでした	4
命中しましょう	4
命中しない	4
命中しなかった	4
命中した	4
命中して	4
命中している	4
命中しています	4
命中していた	4
命中していました	4
命中してる	4
命中してます	4
命令する	4
命令します	4
命令しません	4
命令しました	4
命令しませんでした	4
命令しましょう	4
命令しない	4
命令しなかった	4
命令した	4
命令して	4
命令している	4
命令しています	4
命令していた	4
命令していました	4
命令してる	4
命令してます	4
命名する	4
命名します	4
命名しません	4
命名しました	4
命名しませんでした	4
命名しましょう	4
命名しない	4
命名しなかった	4
命名した	4
命名して	4
命名している	4
命名しています	4
命名していた	4
命名していました	4
命名してる	4
命名してます	4
和解する	3
和解します	3
和解しません	3
和解しました	3
和解しませんでした	3
和解しましょう	3
和解しない	3
和解しなかった	3
和解した	3
和解して	3
和解している	3
和解しています	3
和解していた	3
和解していました	3
和解してる	3
和解してます	3
哀悼する	4
哀悼します	4
哀悼しません	4
哀悼しました	4
哀悼しませんでした	4
哀悼しましょう	4
哀悼しない	4
哀悼しなかった	4
哀悼した	4
哀悼して	4
哀悼している	4
哀悼しています	4
哀悼していた	4
哀悼していました	4
哀悼してる	4
哀悼してます	4
商売する	1
商売します	1
商売しません	1
商売しました	1
商売しませんでした	1
商売しましょう	1
商売しない	1
商売しなかった	1
商売した	1
商売して	1
商売している	1
商売しています	1
商売していた	1
商売していました	1
商売してる	1
商売してます	1
商談する	4
商談します	4
商談しません	4
商談しました	4
商談しませんでした	4
商談しましょう	4
商談しない	4
商談しなかった	4
商談した	4
商談して	4
商談している	4
商談しています	4
商談していた	4
商談していました	4
商談してる	4
商談してます	4
問答する	1
問答します	1
問答しません	1
問答しました	1
問答しませんでした	1
問答しましょう	1
問答しない	1
問答しなかった	1
問答した	1
問答して	1
問答している	1
問答しています	1
問答していた	1
問答していました	1
問答してる	1
問答してます	1
問責する	4
問責します	4
問責しません	4
問責しました	4
問責しませんでした	4
問責しましょう	4
問責しない	4
問責しなかった	4
問責した	4
問責して	4
問責している	4
問責しています	4
問責していた	4
問責していました	4
問責してる	4
問責してます	4
啓発する	4
啓発します	4
啓発しません	4
啓発しました	4
啓発しませんでした	4
啓発しましょう	4
啓発しない	4
啓発しなかった	4
啓発した	4
啓発して	4
啓発している	4
啓発しています	4
啓発していた	4
啓発していました	4
啓発してる	4
啓発してます	4
啓蒙する	4
啓蒙します	4
啓蒙しません	4
啓蒙しました	4
啓蒙しませんでした	4
啓蒙しましょう	4
啓蒙しない	4
啓蒙しなかった	4
啓蒙した	4
啓蒙して	4
啓蒙している	4
啓蒙しています	4
啓蒙していた	4
啓蒙していました	4
啓蒙してる	4
啓蒙してます	4
善戦する	4
善戦します	4
善戦しません	4
善戦しました	4
善戦しませんでした	4
善戦しましょう	4
善戦しない	4
善戦しなかった	4
善戦した	4
善戦して	4
善戦している	4
善戦しています	4
善戦していた	4
善戦していました	4
善戦してる	4
善戦してます	4
喚問する	4
喚問します	4
喚問しません	4
喚問しました	4
喚問しませんでした	4
喚問しましょう	4
喚問しない	4
喚問しなかった	4
喚問した	4
喚問して	4
喚問している	4
喚問しています	4
喚問していた	4
喚問していました	4
喚問してる	4
喚問してます	4
喚起する	1
喚起します	1
喚起しません	1
喚起しました	1
喚起しませんでした	1
喚起しましょう	1
喚起しない	1
喚起しなかった	1
喚起した	1
喚起して	1
喚起している	1
喚起しています	1
喚起していた	1
喚起していました	1
喚起してる	1
喚起してます	1
喧嘩する	3
喧嘩します	3
喧嘩しません	3
喧嘩しました	3
喧嘩しませんでした	3
喧嘩しましょう	3
喧嘩しない	3
喧嘩しなかった	3
喧嘩した	3
喧嘩して	3
喧嘩している	3
喧嘩しています	3
喧嘩していた	3
喧嘩していました	3
喧嘩してる	3
喧嘩してます	3
喪失する	4
喪失します	4
喪失しません	4
喪失しました	4
喪失しませんでした	4
喪失しましょう	4
喪失しない	4
喪失しなかった	4
喪失した	4
喪失して	4
喪失している	4
喪失しています	4
喪失していた	4
喪失していました	4
喪失してる	4
喪失してます	4
喫するする	0
喫するします	6
喫するしません	7
喫するしました	6
喫するしませんでした	7
喫するしましょう	7
喫するしない	0
喫するしなかった	9
喫するした	6
喫するして	0
喫するしている	6
喫するしています	6
喫するしていた	6
喫するしていました	6
喫するしてる	5
喫するしてます	7
喫煙する	4
喫煙します	4
喫煙しません	4
喫煙しました	4
喫煙しませんでした	4
喫煙しましょう	4
喫煙しない	4
喫煙しなかった	4
喫煙した	4
喫煙して	4
喫煙している	4
喫煙しています	4
喫煙していた	4
喫煙していました	4
喫煙してる	4
喫煙してます	4
営業する	4
営業します	4
営業しません	4
営業しました	4
営業しませんでした	4
営業しましょう	4
営業しない	4
営業しなかった	4
営業した	4
営業して	4
営業している	4
営業しています	4
営業していた	4
営業していました	4
営業してる	4
営業してます	4
営農する	4
営農します	4
営農しません	4
営農しました	4
営農しませんでした	4
営農しましょう	4
営農しない	4
営農しなかった	4
営農した	4
営農して	4
営農している	4
営農しています	4
営農していた	4
営農していました	4
営農してる	4
営農してます	4
嗜好する	3
嗜好します	3
嗜好しません	3
嗜好しました	3
嗜好しませんでした	3
嗜好しましょう	3
嗜好しない	3
嗜好しなかった	3
嗜好した	3
嗜好して	3
嗜好している	3
嗜好しています	3
嗜好していた	3
嗜好していました	3
嗜好してる	3
嗜好してます	3
嗽する	3
嗽します	3
嗽しません	3
嗽しました	3
嗽しませんでした	3
嗽しましょう	3
嗽しない	3
嗽しなかった	3
嗽した	3
嗽して	3
嗽している	3
嗽しています	3
嗽していた	3
嗽していました	3
嗽してる	3
嗽してます	3
嘔吐する	1
嘔吐します	1
嘔吐しません	1
嘔吐しました	1
嘔吐しませんでした	1
嘔吐しましょう	1
嘔吐しない	1
嘔吐しなかった	1
嘔吐した	1
嘔吐して	1
嘔吐している	1
嘔吐しています	1
嘔吐していた	1
嘔吐していました	1
嘔吐してる	1
嘔吐してます	1
嘱託する	4
嘱託します	4
嘱託しません	4
嘱託しました	4
嘱託しませんでした	4
嘱託しましょう	4
嘱託しない	4
嘱託しなかった	4
嘱託した	4
嘱託して	4
嘱託している	4
嘱託しています	4
嘱託していた	4
嘱託していました	4
嘱託してる	4
嘱託してます	4
噂する	3
噂します	3
噂しません	3
噂しました	3
噂しませんでした	3
噂しましょう	3
噂しない	3
噂しなかった	3
噂した	3
噂して	3
噂している	3
噂しています	3
噂していた	3
噂していました	3
噂してる	3
噂してます	3
噴出する	4
噴出します	4
噴出しません	4
噴出しました	4
噴出しませんでした	4
噴出しましょう	4
噴出しない	4
噴出しなかった	4
噴出した	4
噴出して	4
噴出している	4
噴出しています	4
噴出していた	4
噴出していました	4
噴出してる	4
噴出してます	4
噴射する	3
噴射します	3
噴射しません	3
噴射しました	3
噴射しませんでした	3
噴射しましょう	3
噴射しない	3
噴射しなかった	3
噴射した	3
噴射して	3
噴射している	3
噴射しています	3
噴射していた	3
噴射していました	3
噴射してる	3
噴射してます	3
噴火する	3
噴火します	3
噴火しません	3
噴火しました	3
噴火しませんでした	3
噴火しましょう	3
噴火しない	3
噴火しなかった	3
噴火した	3
噴火して	3
噴火している	3
噴火しています	3
噴火していた	3
噴火していました	3
噴火してる	3
噴火してます	3
四捨五入する	1
四捨五入します	1
四捨五入しません	1
四捨五入しました	1
四捨五入しませんでした	1
四捨五入しましょう	1
四捨五入しない	1
四捨五入しなかった	1
四捨五入した	1
四捨五入して	1
四捨五入している	1
四捨五入しています	1
四捨五入していた	1
四捨五入していました	1
四捨五入してる	1
四捨五入してます	1
回り道する	3
回り道します	3
回り道しません	3
回り道しました	3
回り道しませんでした	3
回り道しましょう	3
回り道しない	3
回り道しなかった	3
回り道した	3
回り道して	3
回り道している	3
回り道しています	3
回り道していた	3
回り道していました	3
回り道してる	3
回り道してます	3
回収する	4
回収します	4
回収しません	4
回収しました	4
回収しませんでした	4
回収しましょう	4
回収しない	4
回収しなかった	4
回収した	4
回収して	4
回収している	4
回収しています	4
回収していた	4
回収していました	4
回収してる	4
回収してます	4
回帰する	1
回帰します	1
回帰しません	1
回帰しました	1
回帰しませんでした	1
回帰しましょう	1
回帰しない	1
回帰しなかった	1
回帰した	1
回帰して	1
回帰している	1
回帰しています	1
回帰していた	1
回帰していました	1
回帰してる	1
回帰してます	1
回復する	4
回復します	4
回復しません	4
回復しました	4
回復しませんでした	4
回復しましょう	4
回復しない	4
回復しなかった	4
回復した	4
回復して	4
回復している	4
回復しています	4
回復していた	4
回復していました	4
回復してる	4
回復してます	4
回想する	4
回想します	4
回想しません	4
回想しました	4
回想しませんでした	4
回想しましょう	4
回想しない	4
回想しなかった	4
回想した	4
回想して	4
回想している	4
回想しています	4
回想していた	4
回想していました	4
回想してる	4
回想してます	4
回生する	4
回生します	4
回生しません	4
回生しました	4
回生しませんでした	4
回生しましょう	4
回生しない	4
回生しなかった	4
回生した	4
回生して	4
回生している	4
回生しています	4
回生していた	4
回生していました	4
回生してる	4
回生してます	4
回答する	4
回答します	4
回答しません	4
回答しました	4
回答しませんでした	4
回答しましょう	4
回答しない	4
回答しなかった	4
回答した	4
回答して	4
回答している	4
回答しています	4
回答していた	4
回答していました	4
回答してる	4
回答してます	4
回転する	4
回転します	4
回転しません	4
回転しました	4
回転しませんでした	4
回転しましょう	4
回転しない	4
回転しなかった	4
回転した	4
回転して	4
回転している	4
回転しています	4
回転していた	4
回転していました	4
回転してる	4
回転してます	4
回避する	1
回避します	1
回避しません	1
回避しました	1
回避しませんでした	1
回避しましょう	1
回避しない	1
回避しなかった	1
回避した	1
回避して	1
回避している	1
回避しています	1
回避していた	1
回避していました	1
回避してる	1
回避してます	1
回顧する	1
回顧します	1
回顧しません	1
回顧しました	1
回顧しませんでした	1
回顧しましょう	1
回顧しない	1
回顧しなかった	1
回顧した	1
回顧して	1
回顧している	1
回顧しています	1
回顧していた	1
回顧していました	1
回顧してる	1
回顧してます	1
団結する	4
団結します	4
団結しません	4
団結しました	4
団結しませんでした	4
団結しましょう	4
団結しない	4
団結しなかった	4
団結した	4
団結して	4
団結している	4
団結しています	4
団結していた	4
団結していました	4
団結してる	4
団結してます	4
困惑する	4
困惑します	4
困惑しません	4
困惑しました	4
困惑しませんでした	4
困惑しましょう	4
困惑しない	4
困惑しなかった	4
困惑した	4
困惑して	4
困惑している	4
困惑しています	4
困惑していた	4
困惑していました	4
困惑してる	4
困惑してます	4
図示する	1
図示します	1
図示しません	1
図示しました	1
図示しませんでした	1
図示しましょう	1
図示しない	1
図示しなかった	1
図示した	1
図示して	1
図示している	1
図示しています	1
図示していた	1
図示していました	1
図示してる	1
図示してます	1
図解する	3
図解します	3
図解しません	3
図解しました	3
図解しませんでした	3
図解しましょう	3
図解しない	3
図解しなかった	3
図解した	3
図解して	3
図解している	3
図解しています	3
図解していた	3
図解していました	3
図解してる	3
図解してます	3
固執する	3
固執します	3
固執しません	3
固執しました	3
固執しませんでした	3
固執しましょう	3
固執しない	3
固執しなかった	3
固執した	3
固執して	3
固執している	3
固執しています	3
固執していた	3
固執していました	3
固執してる	3
固執してます	3
固定する	3
固定します	3
固定しません	3
固定しました	3
固定しませんでした	3
固定しましょう	3
固定しない	3
固定しなかった	3
固定した	3
固定して	3
固定している	3
固定しています	3
固定していた	3
固定していました	3
固定してる	3
固定してます	3
国際化する	5
国際化します	5
国際化しません	5
国際化しました	5
国際化しませんでした	5
国際化しましょう	5
国際化しない	5
国際化しなかった	5
国際化した	5
国際化して	5
国際化している	5
国際化しています	5
国際化していた	5
国際化していました	5
国際化してる	5
国際化してます	5
圧倒する	4
圧倒します	4
圧倒しません	4
圧倒しました	4
圧倒しませんでした	4
圧倒しましょう	4
圧倒しない	4
圧倒しなかった	4
圧倒した	4
圧倒して	4
圧倒している	4
圧倒しています	4
圧倒していた	4
圧倒していました	4
圧倒してる	4
圧倒してます	4
圧勝する	4
圧勝します	4
圧勝しません	4
圧勝しました	4
圧勝しませんでした	4
圧勝しましょう	4
圧勝しない	4
圧勝しなかった	4
圧勝した	4
圧勝して	4
圧勝している	4
圧勝しています	4
圧勝していた	4
圧勝していました	4
圧勝してる	4
圧勝してます	4
圧巻する	4
圧巻します	4
圧巻しません	4
圧巻しました	4
圧巻しませんでした	4
圧巻しましょう	4
圧巻しない	4
圧巻しなかった	4
圧巻した	4
圧巻して	4
圧巻している	4
圧巻しています	4
圧巻していた	4
圧巻していました	4
圧巻してる	4
圧巻してます	4
圧縮する	4
圧縮します	4
圧縮しません	4
圧縮しました	4
圧縮しませんでした	4
圧縮しましょう	4
圧縮しない	4
圧縮しなかった	4
圧縮した	4
圧縮して	4
圧縮している	4
圧縮しています	4
圧縮していた	4
圧縮していました	4
圧縮してる	4
圧縮してます	4
圧迫する	4
圧迫します	4
圧迫しません	4
圧迫しました	4
圧迫しませんでした	4
圧迫しましょう	4
圧迫しない	4
圧迫しなかった	4
圧迫した	4
圧迫して	4
圧迫している	4
圧迫しています	4
圧迫していた	4
圧迫していました	4
圧迫してる	4
圧迫してます	4
在京する	4
在京します	4
在京しません	4
在京しました	4
在京しませんでした	4
在京しましょう	4
在京しない	4
在京しなかった	4
在京した	4
在京して	4
在京している	4
在京しています	4
在京していた	4
在京していました	4
在京してる	4
在京してます	4
在任する	4
在任します	4
在任しません	4
在任しました	4
在任しませんでした	4
在任しましょう	4
在任しない	4
在任しなかった	4
在任した	4
在任して	4
在任している	4
在任しています	4
在任していた	4
在任していました	4
在任してる	4
在任してます	4
在住する	4
在住します	4
在住しません	4
在住しました	4
在住しませんでした	4
在住しましょう	4
在住しない	4
在住しなかった	4
在住した	4
在住して	4
在住している	4
在住しています	4
在住していた	4
在住していました	4
在住してる	4
在住してます	4
在学する	4
在学します	4
在学しません	4
在学しました	4
在学しませんでした	4
在学しましょう	4
在学しない	4
在学しなかった	4
在学した	4
在学して	4
在学している	4
在学しています	4
在学していた	4
在学していました	4
在学してる	4
在学してます	4
在宅する	4
在宅します	4
在宅しません	4
在宅しました	4
在宅しませんでした	4
在宅しましょう	4
在宅しない	4
在宅しなかった	4
在宅した	4
在宅して	4
在宅している	4
在宅しています	4
在宅していた	4
在宅していました	4
在宅してる	4
在宅してます	4
在庫する	3
在庫します	3
在庫しません	3
在庫しました	3
在庫しませんでした	3
在庫しましょう	3
在庫しない	3
在庫しなかった	3
在庫した	3
在庫して	3
在庫している	3
在庫しています	3
在庫していた	3
在庫していました	3
在庫してる	3
在庫してます	3
在日する	4
在日します	4
在日しません	4
在日しました	4
在日しませんでした	4
在日しましょう	4
在日しない	4
在日しなかった	4
在日した	4
在日して	4
在日している	4
在日しています	4
在日していた	4
在日していました	4
在日してる	4
在日してます	4
在留する	4
在留します	4
在留しません	4
在留しました	4
在留しませんでした	4
在留しましょう	4
在留しない	4
在留しなかった	4
在留した	4
在留して	4
在留している	4
在留しています	4
在留していた	4
在留していました	4
在留してる	4
在留してます	4
在籍する	4
在籍します	4
在籍しません	4
在籍しました	4
在籍しませんでした	4
在籍しましょう	4
在籍しない	4
在籍しなかった	4
在籍した	4
在籍して	4
在籍している	4
在籍しています	4
在籍していた	4
在籍していました	4
在籍してる	4
在籍してます	4
在米する	4
在米します	4
在米しません	4
在米しました	4
在米しませんでした	4
在米しましょう	4
在米しない	4
在米しなかった	4
在米した	4
在米して	4
在米している	4
在米しています	4
在米していた	4
在米していました	4
在米してる	4
在米してます	4
在職する	4
在職します	4
在職しません	4
在職しました	4
在職しませんでした	4
在職しましょう	4
在職しない	4
在職しなかった	4
在職した	4
在職して	4
在職している	4
在職しています	4
在職していた	4
在職していました	4
在職してる	4
在職してます	4
均衡する	4
均衡します	4
均衡しません	4
均衡しました	4
均衡しませんでした	4
均衡しましょう	4
均衡しない	4
均衡しなかった	4
均衡した	4
均衡して	4
均衡している	4
均衡しています	4
均衡していた	4
均衡していました	4
均衡してる	4
均衡してます	4
埋葬する	4
埋葬します	4
埋葬しません	4
埋葬しました	4
埋葬しませんでした	4
埋葬しましょう	4
埋葬しない	4
埋葬しなかった	4
埋葬した	4
埋葬して	4
埋葬している	4
埋葬しています	4
埋葬していた	4
埋葬していました	4
埋葬してる	4
埋葬してます	4
埋蔵する	4
埋蔵します	4
埋蔵しません	4
埋蔵しました	4
埋蔵しませんでした	4
埋蔵しましょう	4
埋蔵しない	4
埋蔵しなかった	4
埋蔵した	4
埋蔵して	4
埋蔵している	4
埋蔵しています	4
埋蔵していた	4
埋蔵していました	4
埋蔵してる	4
埋蔵してます	4
執務する	1
執務します	1
執務しません	1
執務しました	1
執務しませんでした	1
執務しましょう	1
執務しない	1
執務しなかった	1
執務した	1
執務して	1
執務している	1
執務しています	1
執務していた	1
執務していました	1
執務してる	1
執務してます	1
執着する	4
執着します	4
執着しません	4
執着しました	4
執着しませんでした	4
執着しましょう	4
執着しない	4
執着しなかった	4
執着した	4
執着して	4
執着している	4
執着しています	4
執着していた	4
執着していました	4
執着してる	4
執着してます	4
執筆する	4
執筆します	4
執筆しません	4
執筆しました	4
執筆しませんでした	4
執筆しましょう	4
執筆しない	4
執筆しなかった	4
執筆した	4
執筆して	4
執筆している	4
執筆しています	4
執筆していた	4
執筆していました	4
執筆してる	4
執筆してます	4
執行する	4
執行します	4
執行しません	4
執行しました	4
執行しませんでした	4
執行しましょう	4
執行しない	4
執行しなかった	4
執行した	4
執行して	4
執行している	4
執行しています	4
執行していた	4
執行していました	4
執行してる	4
執行してます	4
培養する	4
培養します	4
培養しません	4
培養しました	4
培養しませんでした	4
培養しましょう	4
培養しない	4
培養しなかった	4
培養した	4
培養して	4
培養している	4
培養しています	4
培養していた	4
培養していました	4
培養してる	4
培養してます	4
堅持する	1
堅持します	1
堅持しません	1
堅持しました	1
堅持しませんでした	1
堅持しましょう	1
堅持しない	1
堅持しなかった	1
堅持した	1
堅持して	1
堅持している	1
堅持しています	1
堅持していた	1
堅持していました	1
堅持してる	1
堅持してます	1
堆積する	4
堆積します	4
堆積しません	4
堆積しました	4
堆積しませんでした	4
堆積しましょう	4
堆積しない	4
堆積しなかった	4
堆積した	4
堆積して	4
堆積している	4
堆積しています	4
堆積していた	4
堆積していました	4
堆積してる	4
堆積してます	4
堕落する	3
堕落します	3
堕落しません	3
堕落しました	3
堕落しませんでした	3
堕落しましょう	3
堕落しない	3
堕落しなかった	3
堕落した	3
堕落して	3
堕落している	3
堕落しています	3
堕落していた	3
堕落していました	3
堕落してる	3
堕落してます	3
堪能する	4
堪能します	4
堪能しません	4
堪能しました	4
堪能しませんでした	4
堪能しましょう	4
堪能しない	4
堪能しなかった	4
堪能した	4
堪能して	4
堪能している	4
堪能しています	4
堪能していた	4
堪能していました	4
堪能してる	4
堪能してます	4
報告する	4
報告します	4
報告しません	4
報告しました	4
報告しませんでした	4
報告しましょう	4
報告しない	4
報告しなかった	4
報告した	4
報告して	4
報告している	4
報告しています	4
報告していた	4
報告していました	4
報告してる	4
報告してます	4
報復する	4
報復します	4
報復しません	4
報復しました	4
報復しませんでした	4
報復しましょう	4
報復しない	4
報復しなかった	4
報復した	4
報復して	4
報復している	4
報復しています	4
報復していた	4
報復していました	4
報復してる	4
報復してます	4
報道する	4
報道します	4
報道しません	4
報道しました	4
報道しませんでした	4
報道しましょう	4
報道しない	4
報道しなかった	4
報道した	4
報道して	4
報道している	4
報道しています	4
報道していた	4
報道していました	4
報道してる	4
報道してます	4
塗装する	3
塗装します	3
塗装しません	3
塗装しました	3
塗装しませんでした	3
塗装しましょう	3
塗装しない	3
塗装しなかった	3
塗装した	3
塗装して	3
塗装している	3
塗装しています	3
塗装していた	3
塗装していました	3
塗装してる	3
塗装してます	3
塩化する	3
塩化します	3
塩化しません	3
塩化しました	3
塩化しませんでした	3
塩化しましょう	3
塩化しない	3
塩化しなかった	3
塩化した	3
塩化して	3
塩化している	3
塩化しています	3
塩化していた	3
塩化していました	3
塩化してる	3
塩化してます	3
塩梅する	3
塩梅します	3
塩梅しません	3
塩梅しました	3
塩梅しませんでした	3
塩梅しましょう	3
塩梅しない	3
塩梅しなかった	3
塩梅した	3
塩梅して	3
塩梅している	3
塩梅しています	3
塩梅していた	3
塩梅していました	3
塩梅してる	3
塩梅してます	3
墓参りする	3
墓参りします	3
墓参りしません	3
墓参りしました	3
墓参りしませんでした	3
墓参りしましょう	3
墓参りしない	3
墓参りしなかった	3
墓参りした	3
墓参りして	3
墓参りしている	3
墓参りしています	3
墓参りしていた	3
墓参りしていました	3
墓参りしてる	3
墓参りしてます	3
増加する	3
増加します	3
増加しません	3
増加しました	3
増加しませんでした	3
増加しましょう	3
増加しない	3
増加しなかった	3
増加した	3
増加して	3
増加している	3
増加しています	3
増加していた	3
増加していました	3
増加してる	3
増加してます	3
増収する	4
増収します	4
増収しません	4
増収しました	4
増収しませんでした	4
増収しましょう	4
増収しない	4
増収しなかった	4
増収した	4
増収して	4
増収している	4
増収しています	4
増収していた	4
増収していました	4
増収してる	4
増収してます	4
増員する	4
増員します	4
増員しません	4
増員しました	4
増員しませんでした	4
増員しましょう	4
増員しない	4
増員しなかった	4
増員した	4
増員して	4
増員している	4
増員しています	4
増員していた	4
増員していました	4
増員してる	4
増員してます	4
増大する	4
増大します	4
増大しません	4
増大しました	4
増大しませんでした	4
増大しましょう	4
増大しない	4
増大しなかった	4
増大した	4
増大して	4
増大している	4
増大しています	4
増大していた	4
増大していました	4
増大してる	4
増大してます	4
増強する	4
増強します	4
増強しません	4
増強しました	4
増強しませんでした	4
増強しましょう	4
増強しない	4
増強しなかった	4
増強した	4
増強して	4
増強している	4
増強しています	4
増強していた	4
増強していました	4
増強してる	4
増強してます	4
増殖する	4
増殖します	4
増殖しません	4
増殖しました	4
増殖しませんでした	4
増殖しましょう	4
増殖しない	4
増殖しなかった	4
増殖した	4
増殖して	4
増殖している	4
増殖しています	4
増殖していた	4
増殖していました	4
増殖してる	4
増殖してます	4
増水する	4
増水します	4
増水しません	4
増水しました	4
増水しませんでした	4
増水しましょう	4
増水しない	4
増水しなかった	4
増水した	4
増水して	4
増水している	4
増水しています	4
増水していた	4
増水していました	4
増水してる	4
増水してます	4
増減する	4
増減します	4
増減しません	4
増減しました	4
増減しませんでした	4
増減しましょう	4
増減しない	4
増減しなかった	4
増減した	4
増減して	4
増減している	4
増減しています	4
増減していた	4
増減していました	4
増減してる	4
増減してます	4
増産する	4
増産します	4
増産しません	4
増産しました	4
増産しませんでした	4
増産しましょう	4
増産しない	4
増産しなかった	4
増産した	4
増産して	4
増産している	4
増産しています	4
増産していた	4
増産していました	4
増産してる	4
増産してます	4
増発する	4
増発します	4
増発しません	4
増発しました	4
増発しませんでした	4
増発しましょう	4
増発しない	4
増発しなかった	4
増発した	4
増発して	4
増発している	4
増発しています	4
増発していた	4
増発していました	4
増発してる	4
増発してます	4
増益する	4
増益します	4
増益しません	4
増益しました	4
増益しませんでした	4
増益しましょう	4
増益しない	4
増益しなかった	4
増益した	4
増益して	4
増益している	4
増益しています	4
増益していた	4
増益していました	4
増益してる	4
増益してます	4
増税する	4
増税します	4
増税しません	4
増税しました	4
増税しませんでした	4
増税しましょう	4
増税しない	4
増税しなかった	4
増税した	4
増税して	4
増税している	4
増税しています	4
増税していた	4
増税していました	4
増税してる	4
増税してます	4
増設する	4
増設します	4
増設しません	4
増設しました	4
増設しませんでした	4
増設しましょう	4
増設しない	4
増設しなかった	4
増設した	4
増設して	4
増設している	4
増設しています	4
増設していた	4
増設していました	4
増設してる	4
増設してます	4
増資する	3
増資します	3
増資しません	3
増資しました	3
増資しませんでした	3
増資しましょう	3
増資しない	3
増資しなかった	3
増資した	3
増資して	3
増資している	3
増資しています	3
増資していた	3
増資していました	3
増資してる	3
増資してます	3
増進する	4
増進します	4
増進しません	4
増進しました	4
増進しませんでした	4
増進しましょう	4
増進しない	4
増進しなかった	4
増進した	4
増進して	4
増進している	4
増進しています	4
増進していた	4
増進していました	4
増進してる	4
増進してます	4
増額する	4
増額します	4
増額しません	4
増額しました	4
増額しませんでした	4
増額しましょう	4
増額しない	4
増額しなかった	4
増額した	4
増額して	4
増額している	4
増額しています	4
増額していた	4
増額していました	4
増額してる	4
増額してます	4
墜落する	4
墜落します	4
墜落しません	4
墜落しました	4
墜落しませんでした	4
墜落しましょう	4
墜落しない	4
墜落しなかった	4
墜落した	4
墜落して	4
墜落している	4
墜落しています	4
墜落していた	4
墜落していました	4
墜落してる	4
墜落してます	4
壊滅する	4
壊滅します	4
壊滅しません	4
壊滅しました	4
壊滅しませんでした	4
壊滅しましょう	4
壊滅しない	4
壊滅しなかった	4
壊滅した	4
壊滅して	4
壊滅している	4
壊滅しています	4
壊滅していた	4
壊滅していました	4
壊滅してる	4
壊滅してます	4
声援する	4
声援します	4
声援しません	4
声援しました	4
声援しませんでした	4
声援しましょう	4
声援しない	4
声援しなかった	4
声援した	4
声援して	4
声援している	4
声援しています	4
声援していた	4
声援していました	4
声援してる	4
声援してます	4
声明する	4
声明します	4
声明しません	4
声明しました	4
声明しませんでした	4
声明しましょう	4
声明しない	4
声明しなかった	4
声明した	4
声明して	4
声明している	4
声明しています	4
声明していた	4
声明していました	4
声明してる	4
声明してます	4
売りする	0
売りします	4
売りしません	5
売りしました	4
売りしませんでした	5
売りしましょう	5
売りしない	0
売りしなかった	7
売りした	4
売りして	2
売りしている	4
売りしています	4
売りしていた	4
売りしていました	4
売りしてる	4
売りしてます	5
売却する	4
売却します	4
売却しません	4
売却しました	4
売却しませんでした	4
売却しましょう	4
売却しない	4
売却しなかった	4
売却した	4
売却して	4
売却している	4
売却しています	4
売却していた	4
売却していました	4
売却してる	4
売却してます	4
売春する	4
売春します	4
売春しません	4
売春しました	4
売春しませんでした	4
売春しましょう	4
売春しない	4
売春しなかった	4
売春した	4
売春して	4
売春している	4
売春しています	4
売春していた	4
売春していました	4
売春してる	4
売春してます	4
売買する	1
売買します	1
売買しません	1
売買しました	1
売買しませんでした	1
売買しましょう	1
売買しない	1
売買しなかった	1
売買した	1
売買して	1
売買している	1
売買しています	1
売買していた	1
売買していました	1
売買してる	1
売買してます	1
変動する	4
変動します	4
変動しません	4
変動しました	4
変動しませんでした	4
変動しましょう	4
変動しない	4
変動しなかった	4
変動した	4
変動して	4
変動している	4
変動しています	4
変動していた	4
変動していました	4
変動してる	4
変動してます	4
変化する	1
変化します	1
変化しません	1
変化しました	1
変化しませんでした	1
変化しましょう	1
変化しない	1
変化しなかった	1
変化した	1
変化して	1
変化している	1
変化しています	1
変化していた	1
変化していました	1
変化してる	1
変化してます	1
変容する	4
変容します	4
変容しません	4
変容しました	4
変容しませんでした	4
変容しましょう	4
変容しない	4
変容しなかった	4
変容した	4
変容して	4
変容している	4
変容しています	4
変容していた	4
変容していました	4
変容してる	4
変容してます	4
変形する	4
変形します	4
変形しません	4
変形しました	4
変形しませんでした	4
変形しましょう	4
変形しない	4
変形しなかった	4
変形した	4
変形して	4
変形している	4
変形しています	4
変形していた	4
変形していました	4
変形してる	4
変形してます	4
変換する	4
変換します	4
変換しません	4
変換しました	4
変換しませんでした	4
変換しましょう	4
変換しない	4
変換しなかった	4
変換した	4
変換して	4
変換している	4
変換しています	4
変換していた	4
変換していました	4
変換してる	4
変換してます	4
変更する	4
変更します	4
変更しません	4
変更しました	4
変更しませんでした	4
変更しましょう	4
変更しない	4
変更しなかった	4
変更した	4
変更して	4
変更している	4
変更しています	4
変更していた	4
変更していました	4
変更してる	4
変更してます	4
変移する	1
変移します	1
変移しません	1
変移しました	1
変移しませんでした	1
変移しましょう	1
変移しない	1
変移しなかった	1
変移した	1
変移して	1
変移している	1
変移しています	1
変移していた	1
変移していました	1
変移してる	1
変移してます	1
変貌する	4
変貌します	4
変貌しません	4
変貌しました	4
変貌しませんでした	4
変貌しましょう	4
変貌しない	4
変貌しなかった	4
変貌した	4
変貌して	4
変貌している	4
変貌しています	4
変貌していた	4
変貌していました	4
変貌してる	4
変貌してます	4
変質する	4
変質します	4
変質しません	4
変質しました	4
変質しませんでした	4
変質しましょう	4
変質しない	4
変質しなかった	4
変質した	4
変質して	4
変質している	4
変質しています	4
変質していた	4
変質していました	4
変質してる	4
変質してます	4
変身する	4
変身します	4
変身しません	4
変身しました	4
変身しませんでした	4
変身しましょう	4
変身しない	4
変身しなかった	4
変身した	4
変身して	4
変身している	4
変身しています	4
変身していた	4
変身していました	4
変身してる	4
変身してます	4
変造する	4
変造します	4
変造しません	4
変造しました	4
変造しませんでした	4
変造しましょう	4
変造しない	4
変造しなかった	4
変造した	4
変造して	4
変造している	4
変造しています	4
変造していた	4
変造していました	4
変造してる	4
変造してます	4
変遷する	4
変遷します	4
変遷しません	4
変遷しました	4
変遷しませんでした	4
変遷しましょう	4
変遷しない	4
変遷しなかった	4
変遷した	4
変遷して	4
変遷している	4
変遷しています	4
変遷していた	4
変遷していました	4
変遷してる	4
変遷してます	4
変革する	4
変革します	4
変革しません	4
変革しました	4
変革しませんでした	4
変革しましょう	4
変革しない	4
変革しなかった	4
変革した	4
変革して	4
変革している	4
変革しています	4
変革していた	4
変革していました	4
変革してる	4
変革してます	4
夏ばてする	4
夏ばてします	4
夏ばてしません	4
夏ばてしました	4
夏ばてしませんでした	4
夏ばてしましょう	4
夏ばてしない	4
夏ばてしなかった	4
夏ばてした	4
夏ばてして	4
夏ばてしている	4
夏ばてしています	4
夏ばてしていた	4
夏ばてしていました	4
夏ばてしてる	4
夏ばてしてます	4
外付けする	4
外付けします	4
外付けしません	4
外付けしました	4
外付けしませんでした	4
外付けしましょう	4
外付けしない	4
外付けしなかった	4
外付けした	4
外付けして	4
外付けしている	4
外付けしています	4
外付けしていた	4
外付けしていました	4
外付けしてる	4
外付けしてます	4
外出する	4
外出します	4
外出しません	4
外出しました	4
外出しませんでした	4
外出しましょう	4
外出しない	4
外出しなかった	4
外出した	4
外出して	4
外出している	4
外出しています	4
外出していた	4
外出していました	4
外出してる	4
外出してます	4
外遊する	4
外遊します	4
外遊しません	4
外遊しました	4
外遊しませんでした	4
外遊しましょう	4
外遊しない	4
外遊しなかった	4
外遊した	4
外遊して	4
外遊している	4
外遊しています	4
外遊していた	4
外遊していました	4
外遊してる	4
外遊してます	4
外食する	4
外食します	4
外食しません	4
外食しました	4
外食しませんでした	4
外食しましょう	4
外食しない	4
外食しなかった	4
外食した	4
外食して	4
外食している	4
外食しています	4
外食していた	4
外食していました	4
外食してる	4
外食してます	4
多様化する	4
多様化します	4
多様化しません	4
多様化しました	4
多様化しませんでした	4
多様化しましょう	4
多様化しない	4
多様化しなかった	4
多様化した	4
多様化して	4
多様化している	4
多様化しています	4
多様化していた	4
多様化していました	4
多様化してる	4
多様化してます	4
多用する	3
多用します	3
多用しません	3
多用しました	3
多用しませんでした	3
多用しましょう	3
多用しない	3
多用しなかった	3
多用した	3
多用して	3
多用している	3
多用しています	3
多用していた	3
多用していました	3
多用してる	3
多用してます	3
多発する	3
多発します	3
多発しません	3
多発しました	3
多発しませんでした	3
多発しましょう	3
多発しない	3
多発しなかった	3
多発した	3
多発して	3
多発している	3
多発しています	3
多発していた	3
多発していました	3
多発してる	3
多発してます	3
夜更かしする	2
夜更かしします	2
夜更かししません	2
夜更かししました	2
夜更かししませんでした	2
夜更かししましょう	2
夜更かししない	2
夜更かししなかった	2
夜更かしした	2
夜更かしして	2
夜更かししている	2
夜更かししています	2
夜更かししていた	2
夜更かししていました	2
夜更かししてる	2
夜更かししてます	2
夜行する	3
夜行します	3
夜行しません	3
夜行しました	3
夜行しませんでした	3
夜行しましょう	3
夜行しない	3
夜行しなかった	3
夜行した	3
夜行して	3
夜行している	3
夜行しています	3
夜行していた	3
夜行していました	3
夜行してる	3
夜行してます	3
夢想する	3
夢想します	3
夢想しません	3
夢想しました	3
夢想しませんでした	3
夢想しましょう	3
夢想しない	3
夢想しなかった	3
夢想した	3
夢想して	3
夢想している	3
夢想しています	3
夢想していた	3
夢想していました	3
夢想してる	3
夢想してます	3
大別する	4
大別します	4
大別しません	4
大別しました	4
大別しませんでした	4
大別しましょう	4
大別しない	4
大別しなかった	4
大別した	4
大別して	4
大別している	4
大別しています	4
大別していた	4
大別していました	4
大別してる	4
大別してます	4
大勝する	4
大勝します	4
大勝しません	4
大勝しました	4
大勝しませんでした	4
大勝しましょう	4
大勝しない	4
大勝しなかった	4
大勝した	4
大勝して	4
大勝している	4
大勝しています	4
大勝していた	4
大勝していました	4
大勝してる	4
大勝してます	4
大喜びする	3
大喜びします	3
大喜びしません	3
大喜びしました	3
大喜びしませんでした	3
大喜びしましょう	3
大喜びしない	3
大喜びしなかった	3
大喜びした	3
大喜びして	3
大喜びしている	3
大喜びしています	3
大喜びしていた	3
大喜びしていました	3
大喜びしてる	3
大喜びしてます	3
大回転する	3
大回転します	3
大回転しません	3
大回転しました	3
大回転しませんでした	3
大回転しましょう	3
大回転しない	3
大回転しなかった	3
大回転した	3
大回転して	3
大回転している	3
大回転しています	3
大回転していた	3
大回転していました	3
大回転してる	3
大回転してます	3
大当たりする	3
大当たりします	3
大当たりしません	3
大当たりしました	3
大当たりしませんでした	3
大当たりしましょう	3
大当たりしない	3
大当たりしなかった	3
大当たりした	3
大当たりして	3
大当たりしている	3
大当たりしています	3
大当たりしていた	3
大当たりしていました	3
大当たりしてる	3
大当たりしてます	3
大成する	4
大成します	4
大成しません	4
大成しました	4
大成しませんでした	4
大成しましょう	4
大成しない	4
大成しなかった	4
大成した	4
大成して	4
大成している	4
大成しています	4
大成していた	4
大成していました	4
大成してる	4
大成してます	4
大敗する	4
大敗します	4
大敗しません	4
大敗しました	4
大敗しませんでした	4
大敗しましょう	4
大敗しない	4
大敗しなかった	4
大敗した	4
大敗して	4
大敗している	4
大敗しています	4
大敗していた	4
大敗していました	4
大敗してる	4
大敗してます	4
大歓迎する	3
大歓迎します	3
大歓迎しません	3
大歓迎しました	3
大歓迎しませんでした	3
大歓迎しましょう	3
大歓迎しない	3
大歓迎しなかった	3
大歓迎した	3
大歓迎して	3
大歓迎している	3
大歓迎しています	3
大歓迎していた	3
大歓迎していました	3
大歓迎してる	3
大歓迎してます	3
大病する	1
大病します	1
大病しません	1
大病しました	1
大病しませんでした	1
大病しましょう	1
大病しない	1
大病しなかった	1
大病した	1
大病して	1
大病している	1
大病しています	1
大病していた	1
大病していました	1
大病してる	1
大病してます	1
大破する	1
大破します	1
大破しません	1
大破しました	1
大破しませんでした	1
大破しましょう	1
大破しない	1
大破しなかった	1
大破した	1
大破して	1
大破している	1
大破しています	1
大破していた	1
大破していました	1
大破してる	1
大破してます	1
大騒ぎする	3
大騒ぎします	3
大騒ぎしません	3
大騒ぎしました	3
大騒ぎしませんでした	3
大騒ぎしましょう	3
大騒ぎしない	3
大騒ぎしなかった	3
大騒ぎした	3
大騒ぎして	3
大騒ぎしている	3
大騒ぎしています	3
大騒ぎしていた	3
大騒ぎしていました	3
大騒ぎしてる	3
大騒ぎしてます	3
天下りする	5
天下りします	5
天下りしません	5
天下りしました	5
天下りしませんでした	5
天下りしましょう	5
天下りしない	5
天下りしなかった	5
天下りした	5
天下りして	5
天下りしている	5
天下りしています	5
天下りしていた	5
天下りしていました	5
天下りしてる	5
天下りしてます	5
失恋する	4
失恋します	4
失恋しません	4
失恋しました	4
失恋しませんでした	4
失恋しましょう	4
失恋しない	4
失恋しなかった	4
失恋した	4
失恋して	4
失恋している	4
失恋しています	4
失恋していた	4
失恋していました	4
失恋してる	4
失恋してます	4
失敗する	4
失敗します	4
失敗しません	4
失敗しました	4
失敗しませんでした	4
失敗しましょう	4
失敗しない	4
失敗しなかった	4
失敗した	4
失敗して	4
失敗している	4
失敗しています	4
失敗していた	4
失敗していました	4
失敗してる	4
失敗してます	4
失敬する	3
失敬します	3
失敬しません	3
失敬しました	3
失敬しませんでした	3
失敬しましょう	3
失敬しない	3
失敬しなかった	3
失敬した	3
失敬して	3
失敬している	3
失敬しています	3
失敬していた	3
失敬していました	3
失敬してる	3
失敬してます	3
失明する	4
失明します	4
失明しません	4
失明しました	4
失明しませんでした	4
失明しましょう	4
失明しない	4
失明しなかった	4
失明した	4
失明して	4
失明している	4
失明しています	4
失明していた	4
失明していました	4
失明してる	4
失明してます	4
失望する	4
失望します	4
失望しません	4
失望しました	4
失望しませんでした	4
失望しましょう	4
失望しない	4
失望しなかった	4
失望した	4
失望して	4
失望している	4
失望しています	4
失望していた	4
失望していました	4
失望してる	4
失望してます	4
失格する	4
失格します	4
失格しません	4
失格しました	4
失格しませんでした	4
失格しましょう	4
失格しない	4
失格しなかった	4
失格した	4
失格して	4
失格している	4
失格しています	4
失格していた	4
失格していました	4
失格してる	4
失格してます	4
失業する	4
失業します	4
失業しません	4
失業しました	4
失業しませんでした	4
失業しましょう	4
失業しない	4
失業しなかった	4
失業した	4
失業して	4
失業している	4
失業しています	4
失業していた	4
失業していました	4
失業してる	4
失業してます	4
失策する	4
失策します	4
失策しません	4
失策しました	4
失策しませんでした	4
失策しましょう	4
失策しない	4
失策しなかった	4
失策した	4
失策して	4
失策している	4
失策しています	4
失策していた	4
失策していました	4
失策してる	4
失策してます	4
失脚する	4
失脚します	4
失脚しません	4
失脚しました	4
失脚しませんでした	4
失脚しましょう	4
失脚しない	4
失脚しなかった	4
失脚した	4
失脚して	4
失脚している	4
失脚しています	4
失脚していた	4
失脚していました	4
失脚してる	4
失脚してます	4
失跡する	4
失跡します	4
失跡しません	4
失跡しました	4
失跡しませんでした	4
失跡しましょう	4
失跡しない	4
失跡しなかった	4
失跡した	4
失跡して	4
失跡している	4
失跡しています	4
失跡していた	4
失跡していました	4
失跡してる	4
失跡してます	4
失踪する	4
失踪します	4
失踪しません	4
失踪しました	4
失踪しませんでした	4
失踪しましょう	4
失踪しない	4
失踪しなかった	4
失踪した	4
失踪して	4
失踪している	4
失踪しています	4
失踪していた	4
失踪していました	4
失踪してる	4
失踪してます	4
失速する	4
失速します	4
失速しません	4
失速しました	4
失速しませんでした	4
失速しましょう	4
失速しない	4
失速しなかった	4
失速した	4
失速して	4
失速している	4
失速しています	4
失速していた	4
失速していました	4
失速してる	4
失速してます	4
奇襲する	3
奇襲します	3
奇襲しません	3
奇襲しました	3
奇襲しませんでした	3
奇襲しましょう	3
奇襲しない	3
奇襲しなかった	3
奇襲した	3
奇襲して	3
奇襲している	3
奇襲しています	3
奇襲していた	3
奇襲していました	3
奇襲してる	3
奇襲してます	3
奉仕する	1
奉仕します	1
奉仕しません	1
奉仕しました	1
奉仕しませんでした	1
奉仕しましょう	1
奉仕しない	1
奉仕しなかった	1
奉仕した	1
奉仕して	1
奉仕している	1
奉仕しています	1
奉仕していた	1
奉仕していました	1
奉仕してる	1
奉仕してます	1
奉公する	1
奉公します	1
奉公しません	1
奉公しました	1
奉公しませんでした	1
奉公しましょう	1
奉公しない	1
奉公しなかった	1
奉公した	1
奉公して	1
奉公している	1
奉公しています	1
奉公していた	1
奉公していました	1
奉公してる	1
奉公してます	1
奏功する	4
奏功します	4
奏功しません	4
奏功しました	4
奏功しませんでした	4
奏功しましょう	4
奏功しない	4
奏功しなかった	4
奏功した	4
奏功して	4
奏功している	4
奏功しています	4
奏功していた	4
奏功していました	4
奏功してる	4
奏功してます	4
契約する	4
契約します	4
契約しません	4
契約しました	4
契約しませんでした	4
契約しましょう	4
契約しない	4
契約しなかった	4
契約した	4
契約して	4
契約している	4
契約しています	4
契約していた	4
契約していました	4
契約してる	4
契約してます	4
奨励する	4
奨励します	4
奨励しません	4
奨励しました	4
奨励しませんでした	4
奨励しましょう	4
奨励しない	4
奨励しなかった	4
奨励した	4
奨励して	4
奨励している	4
奨励しています	4
奨励していた	4
奨励していました	4
奨励してる	4
奨励してます	4
奪取する	1
奪取します	1
奪取しません	1
奪取しました	1
奪取しませんでした	1
奪取しましょう	1
奪取しない	1
奪取しなかった	1
奪取した	1
奪取して	1
奪取している	1
奪取しています	1
奪取していた	1
奪取していました	1
奪取してる	1
奪取してます	1
奪回する	4
奪回します	4
奪回しません	4
奪回しました	4
奪回しませんでした	4
奪回しましょう	4
奪回しない	4
奪回しなかった	4
奪回した	4
奪回して	4
奪回している	4
奪回しています	4
奪回していた	4
奪回していました	4
奪回してる	4
奪回してます	4
奪還する	4
奪還します	4
奪還しません	4
奪還しました	4
奪還しませんでした	4
奪還しましょう	4
奪還しない	4
奪還しなかった	4
奪還した	4
奪還して	4
奪還している	4
奪還しています	4
奪還していた	4
奪還していました	4
奪還してる	4
奪還してます	4
奮発する	4
奮発します	4
奮発しません	4
奮発しました	4
奮発しませんでした	4
奮発しましょう	4
奮発しない	4
奮発しなかった	4
奮発した	4
奮発して	4
奮発している	4
奮発しています	4
奮発していた	4
奮発していました	4
奮発してる	4
奮発してます	4
奮起する	1
奮起します	1
奮起しません	1
奮起しました	1
奮起しませんでした	1
奮起しましょう	1
奮起しない	1
奮起しなかった	1
奮起した	1
奮起して	1
奮起している	1
奮起しています	1
奮起していた	1
奮起していました	1
奮起してる	1
奮起してます	1
奮闘する	4
奮闘します	4
奮闘しません	4
奮闘しました	4
奮闘しませんでした	4
奮闘しましょう	4
奮闘しない	4
奮闘しなかった	4
奮闘した	4
奮闘して	4
奮闘している	4
奮闘しています	4
奮闘していた	4
奮闘していました	4
奮闘してる	4
奮闘してます	4
好守する	1
好守します	1
好守しません	1
好守しました	1
好守しませんでした	1
好守しましょう	1
好守しない	1
好守しなかった	1
好守した	1
好守して	1
好守している	1
好守しています	1
好守していた	1
好守していました	1
好守してる	1
好守してます	1
好投する	4
好投します	4
好投しません	4
好投しました	4
好投しませんでした	4
好投しましょう	4
好投しない	4
好投しなかった	4
好投した	4
好投して	4
好投している	4
好投しています	4
好投していた	4
好投していました	4
好投してる	4
好投してます	4
好転する	4
好転します	4
好転しません	4
好転しました	4
好転しませんでした	4
好転しましょう	4
好転しない	4
好転しなかった	4
好転した	4
好転して	4
好転している	4
好転しています	4
好転していた	4
好転していました	4
好転してる	4
好転してます	4
如何かする	2
如何かします	2
如何かしません	2
如何かしました	2
如何かしませんでした	2
如何かしましょう	2
如何かしない	2
如何かしなかった	2
如何かした	2
如何かして	2
如何かしている	2
如何かしています	2
如何かしていた	2
如何かしていました	2
如何かしてる	2
如何かしてます	2
妄想する	4
妄想します	4
妄想しません	4
妄想しました	4
妄想しませんでした	4
妄想しましょう	4
妄想しない	4
妄想しなかった	4
妄想した	4
妄想して	4
妄想している	4
妄想しています	4
妄想していた	4
妄想していました	4
妄想してる	4
妄想してます	4
妊娠する	4
妊娠します	4
妊娠しません	4
妊娠しました	4
妊娠しませんでした	4
妊娠しましょう	4
妊娠しない	4
妊娠しなかった	4
妊娠した	4
妊娠して	4
妊娠している	4
妊娠しています	4
妊娠していた	4
妊娠していました	4
妊娠してる	4
妊娠してます	4
妥協する	3
妥協します	3
妥協しません	3
妥協しました	3
妥協しませんでした	3
妥協しましょう	3
妥協しない	3
妥協しなかった	3
妥協した	3
妥協して	3
妥協している	3
妥協しています	3
妥協していた	3
妥協していました	3
妥協してる	3
妥協してます	3
妥当する	3
妥当します	3
妥当しません	3
妥当しました	3
妥当しませんでした	3
妥当しましょう	3
妥当しない	3
妥当しなかった	3
妥当した	3
妥当して	3
妥当している	3
妥当しています	3
妥当していた	3
妥当していました	3
妥当してる	3
妥当してます	3
妥結する	3
妥結します	3
妥結しません	3
妥結しました	3
妥結しませんでした	3
妥結しましょう	3
妥結しない	3
妥結しなかった	3
妥結した	3
妥結して	3
妥結している	3
妥結しています	3
妥結していた	3
妥結していました	3
妥結してる	3
妥結してます	3
妨害する	4
妨害します	4
妨害しません	4
妨害しました	4
妨害しませんでした	4
妨害しましょう	4
妨害しない	4
妨害しなかった	4
妨害した	4
妨害して	4
妨害している	4
妨害しています	4
妨害していた	4
妨害していました	4
妨害してる	4
妨害してます	4
始動する	3
始動します	3
始動しません	3
始動しました	3
始動しませんでした	3
始動しましょう	3
始動しない	3
始動しなかった	3
始動した	3
始動して	3
始動している	3
始動しています	3
始動していた	3
始動していました	3
始動してる	3
始動してます	3
始末する	1
始末します	1
始末しません	1
始末しました	1
始末しませんでした	1
始末しましょう	1
始末しない	1
始末しなかった	1
始末した	1
始末して	1
始末している	1
始末しています	1
始末していた	1
始末していました	1
始末してる	1
始末してます	1
始業する	3
始業します	3
始業しません	3
始業しました	3
始業しませんでした	3
始業しましょう	3
始業しない	3
始業しなかった	3
始業した	3
始業して	3
始業している	3
始業しています	3
始業していた	3
始業していました	3
始業してる	3
始業してます	3
委任する	3
委任します	3
委任しません	3
委任しました	3
委任しませんでした	3
委任しましょう	3
委任しない	3
委任しなかった	3
委任した	3
委任して	3
委任している	3
委任しています	3
委任していた	3
委任していました	3
委任してる	3
委任してます	3
委嘱する	3
委嘱します	3
委嘱しません	3
委嘱しました	3
委嘱しませんでした	3
委嘱しましょう	3
委嘱しない	3
委嘱しなかった	3
委嘱した	3
委嘱して	3
委嘱している	3
委嘱しています	3
委嘱していた	3
委嘱していました	3
委嘱してる	3
委嘱してます	3
委託する	3
委託します	3
委託しません	3
委託しました	3
委託しませんでした	3
委託しましょう	3
委託しない	3
委託しなかった	3
委託した	3
委託して	3
委託している	3
委託しています	3
委託していた	3
委託していました	3
委託してる	3
委託してます	3
威嚇する	3
威嚇します	3
威嚇しません	3
威嚇しました	3
威嚇しませんでした	3
威嚇しましょう	3
威嚇しない	3
威嚇しなかった	3
威嚇した	3
威嚇して	3
威嚇している	3
威嚇しています	3
威嚇していた	3
威嚇していました	3
威嚇してる	3
威嚇してます	3
娯楽する	3
娯楽します	3
娯楽しません	3
娯楽しました	3
娯楽しませんでした	3
娯楽しましょう	3
娯楽しない	3
娯楽しなかった	3
娯楽した	3
娯楽して	3
娯楽している	3
娯楽しています	3
娯楽していた	3
娯楽していました	3
娯楽してる	3
娯楽してます	3
婚姻する	4
婚姻します	4
婚姻しません	4
婚姻しました	4
婚姻しませんでした	4
婚姻しましょう	4
婚姻しない	4
婚姻しなかった	4
婚姻した	4
婚姻して	4
婚姻している	4
婚姻しています	4
婚姻していた	4
婚姻していました	4
婚姻してる	4
婚姻してます	4
婚約する	4
婚約します	4
婚約しません	4
婚約しました	4
婚約しませんでした	4
婚約しましょう	4
婚約しない	4
婚約しなかった	4
婚約した	4
婚約して	4
婚約している	4
婚約しています	4
婚約していた	4
婚約していました	4
婚約してる	4
婚約してます	4
嫉妬する	3
嫉妬します	3
嫉妬しません	3
嫉妬しました	3
嫉妬しませんでした	3
嫉妬しましょう	3
嫉妬しない	3
嫉妬しなかった	3
嫉妬した	3
嫉妬して	3
嫉妬している	3
嫉妬しています	3
嫉妬していた	3
嫉妬していました	3
嫉妬してる	3
嫉妬してます	3
嫌悪する	1
嫌悪します	1
嫌悪しません	1
嫌悪しました	1
嫌悪しませんでした	1
嫌悪しましょう	1
嫌悪しない	1
嫌悪しなかった	1
嫌悪した	1
嫌悪して	1
嫌悪している	1
嫌悪しています	1
嫌悪していた	1
嫌悪していました	1
嫌悪してる	1
嫌悪してます	1
嫌気する	3
嫌気します	3
嫌気しません	3
嫌気しました	3
嫌気しませんでした	3
嫌気しましょう	3
嫌気しない	3
嫌気しなかった	3
嫌気した	3
嫌気して	3
嫌気している	3
嫌気しています	3
嫌気していた	3
嫌気していました	3
嫌気してる	3
嫌気してます	3
子育てする	2
子育てします	2
子育てしません	2
子育てしました	2
子育てしませんでした	2
子育てしましょう	2
子育てしない	2
子育てしなかった	2
子育てした	2
子育てして	2
子育てしている	2
子育てしています	2
子育てしていた	2
子育てしていました	2
子育てしてる	2
子育てしてます	2
存在する	4
存在します	4
存在しません	4
存在しました	4
存在しませんでした	4
存在しましょう	4
存在しない	4
存在しなかった	4
存在した	4
存在して	4
存在している	4
存在しています	4
存在していた	4
存在していました	4
存在してる	4
存在してます	4
存立する	4
存立します	4
存立しません	4
存立しました	4
存立しませんでした	4
存立しましょう	4
存立しない	4
存立しなかった	4
存立した	4
存立して	4
存立している	4
存立しています	4
存立していた	4
存立していました	4
存立してる	4
存立してます	4
存続する	4
存続します	4
存続しません	4
存続しました	4
存続しませんでした	4
存続しましょう	4
存続しない	4
存続しなかった	4
存続した	4
存続して	4
存続している	4
存続しています	4
存続していた	4
存続していました	4
存続してる	4
存続してます	4
孝行する	1
孝行します	1
孝行しません	1
孝行しました	1
孝行しませんでした	1
孝行しましょう	1
孝行しない	1
孝行しなかった	1
孝行した	1
孝行して	1
孝行している	1
孝行しています	1
孝行していた	1
孝行していました	1
孝行してる	1
孝行してます	1
孤立する	3
孤立します	3
孤立しません	3
孤立しました	3
孤立しませんでした	3
孤立しましょう	3
孤立しない	3
孤立しなかった	3
孤立した	3
孤立して	3
孤立している	3
孤立しています	3
孤立していた	3
孤立していました	3
孤立してる	3
孤立してます	3
学問する	2
学問します	2
学問しません	2
学問しました	2
学問しませんでした	2
学問しましょう	2
学問しない	2
学問しなかった	2
学問した	2
学問して	2
学問している	2
学問しています	2
学問していた	2
学問していました	2
学問してる	2
学問してます	2
学習する	4
学習します	4
学習しません	4
学習しました	4
学習しませんでした	4
学習しましょう	4
学習しない	4
学習しなかった	4
学習した	4
学習して	4
学習している	4
学習しています	4
学習していた	4
学習していました	4
学習してる	4
学習してます	4
宅配する	4
宅配します	4
宅配しません	4
宅配しました	4
宅配しませんでした	4
宅配しましょう	4
宅配しない	4
宅配しなかった	4
宅配した	4
宅配して	4
宅配している	4
宅配しています	4
宅配していた	4
宅配していました	4
宅配してる	4
宅配してます	4
守備する	1
守備します	1
守備しません	1
守備しました	1
守備しませんでした	1
守備しましょう	1
守備しない	1
守備しなかった	1
守備した	1
守備して	1
守備している	1
守備しています	1
守備していた	1
守備していました	1
守備してる	1
守備してます	1
安住する	4
安住します	4
安住しません	4
安住しました	4
安住しませんでした	4
安住しましょう	4
安住しない	4
安住しなかった	4
安住した	4
安住して	4
安住している	4
安住しています	4
安住していた	4
安住していました	4
安住してる	4
安住してます	4
安売りする	4
安売りします	4
安売りしません	4
安売りしました	4
安売りしませんでした	4
安売りしましょう	4
安売りしない	4
安売りしなかった	4
安売りした	4
安売りして	4
安売りしている	4
安売りしています	4
安売りしていた	4
安売りしていました	4
安売りしてる	4
安売りしてます	4
安定する	4
安定します	4
安定しません	4
安定しました	4
安定しませんでした	4
安定しましょう	4
安定しない	4
安定しなかった	4
安定した	4
安定して	4
安定している	4
安定しています	4
安定していた	4
安定していました	4
安定してる	4
安定してます	4
安心する	4
安心します	4
安心しません	4
安心しました	4
安心しませんでした	4
安心しましょう	4
安心しない	4
安心しなかった	4
安心した	4
安心して	4
安心している	4
安心しています	4
安心していた	4
安心していました	4
安心してる	4
安心してます	4
安打する	1
安打します	1
安打しません	1
安打しました	1
安打しませんでした	1
安打しましょう	1
安打しない	1
安打しなかった	1
安打した	1
安打して	1
安打している	1
安打しています	1
安打していた	1
安打していました	1
安打してる	1
安打してます	1
安楽死する	4
安楽死します	4
安楽死しません	4
安楽死しました	4
安楽死しませんでした	4
安楽死しましょう	4
安楽死しない	4
安楽死しなかった	4
安楽死した	4
安楽死して	4
安楽死している	4
安楽死しています	4
安楽死していた	4
安楽死していました	4
安楽死してる	4
安楽死してます	4
安眠する	4
安眠します	4
安眠しません	4
安眠しました	4
安眠しませんでした	4
安眠しましょう	4
安眠しない	4
安眠しなかった	4
安眠した	4
安眠して	4
安眠している	4
安眠しています	4
安眠していた	4
安眠していました	4
安眠してる	4
安眠してます	4
完了する	4
完了します	4
完了しません	4
完了しました	4
完了しませんでした	4
完了しましょう	4
完了しない	4
完了しなかった	4
完了した	4
完了して	4
完了している	4
完了しています	4
完了していた	4
完了していました	4
完了してる	4
完了してます	4
完売する	4
完売します	4
完売しません	4
完売しました	4
完売しませんでした	4
完売しましょう	4
完売しない	4
完売しなかった	4
完売した	4
完売して	4
完売している	4
完売しています	4
完売していた	4
完売していました	4
完売してる	4
完売してます	4
完封する	4
完封します	4
完封しません	4
完封しました	4
完封しませんでした	4
完封しましょう	4
完封しない	4
完封しなかった	4
完封した	4
完封して	4
完封している	4
完封しています	4
完封していた	4
完封していました	4
完封してる	4
完封してます	4
完工する	4
完工します	4
完工しません	4
完工しました	4
完工しませんでした	4
完工しましょう	4
完工しない	4
完工しなかった	4
完工した	4
完工して	4
完工している	4
完工しています	4
完工していた	4
完工していました	4
完工してる	4
完工してます	4
完成する	4
完成します	4
完成しません	4
完成しました	4
完成しませんでした	4
完成しましょう	4
完成しない	4
完成しなかった	4
完成した	4
完成して	4
完成している	4
完成しています	4
完成していた	4
完成していました	4
完成してる	4
完成してます	4
完投する	4
完投します	4
完投しません	4
完投しました	4
完投しませんでした	4
完投しましょう	4
完投しない	4
完投しなかった	4
完投した	4
完投して	4
完投している	4
完投しています	4
完投していた	4
完投していました	4
完投してる	4
完投してます	4
完敗する	4
完敗します	4
完敗しません	4
完敗しました	4
完敗しませんでした	4
完敗しましょう	4
完敗しない	4
完敗しなかった	4
完敗した	4
完敗して	4
完敗している	4
完敗しています	4
完敗していた	4
完敗していました	4
完敗してる	4
完敗してます	4
完治する	1
完治します	1
完治しません	1
完治しました	1
完治しませんでした	1
完治しましょう	1
完治しない	1
完治しなかった	1
完治した	1
完治して	1
完治している	1
完治しています	1
完治していた	1
完治していました	1
完治してる	1
完治してます	1
完結する	4
完結します	4
完結しません	4
完結しました	4
完結しませんでした	4
完結しましょう	4
完結しない	4
完結しなかった	4
完結した	4
完結して	4
完結している	4
完結しています	4
完結していた	4
完結していました	4
完結してる	4
完結してます	4
完走する	4
完走します	4
完走しません	4
完走しました	4
完走しませんでした	4
完走しましょう	4
完走しない	4
完走しなかった	4
完走した	4
完走して	4
完走している	4
完走しています	4
完走していた	4
完走していました	4
完走してる	4
完走してます	4
定住する	4
定住します	4
定住しません	4
定住しました	4
定住しませんでした	4
定住しましょう	4
定住しない	4
定住しなかった	4
定住した	4
定住して	4
定住している	4
定住しています	4
定住していた	4
定住していました	4
定住してる	4
定住してます	4
定年する	4
定年します	4
定年しません	4
定年しました	4
定年しませんでした	4
定年しましょう	4
定年しない	4
定年しなかった	4
定年した	4
定年して	4
定年している	4
定年しています	4
定年していた	4
定年していました	4
定年してる	4
定年してます	4
定着する	4
定着します	4
定着しません	4
定着しました	4
定着しませんでした	4
定着しましょう	4
定着しない	4
定着しなかった	4
定着した	4
定着して	4
定着している	4
定着しています	4
定着していた	4
定着していました	4
定着してる	4
定着してます	4
定義する	1
定義します	1
定義しません	1
定義しました	1
定義しませんでした	1
定義しましょう	1
定義しない	1
定義しなかった	1
定義した	1
定義して	1
定義している	1
定義しています	1
定義していた	1
定義していました	1
定義してる	1
定義してます	1
実在する	4
実在します	4
実在しません	4
実在しました	4
実在しませんでした	4
実在しましょう	4
実在しない	4
実在しなかった	4
実在した	4
実在して	4
実在している	4
実在しています	4
実在していた	4
実在していました	4
実在してる	4
実在してます	4
実感する	4
実感します	4
実感しません	4
実感しました	4
実感しませんでした	4
実感しましょう	4
実感しない	4
実感しなかった	4
実感した	4
実感して	4
実感している	4
実感しています	4
実感していた	4
実感していました	4
実感してる	4
実感してます	4
実施する	3
実施します	3
実施しません	3
実施しました	3
実施しませんでした	3
実施しましょう	3
実施しない	3
実施しなかった	3
実施した	3
実施して	3
実施している	3
実施しています	3
実施していた	3
実施していました	3
実施してる	3
実施してます	3
実況する	4
実況します	4
実況しません	4
実況しました	4
実況しませんでした	4
実況しましょう	4
実況しない	4
実況しなかった	4
実況した	4
実況して	4
実況している	4
実況しています	4
実況していた	4
実況していました	4
実況してる	4
実況してます	4
実演する	4
実演します	4
実演しません	4
実演しました	4
実演しませんでした	4
実演しましょう	4
実演しない	4
実演しなかった	4
実演した	4
実演して	4
実演している	4
実演しています	4
実演していた	4
実演していました	4
実演してる	4
実演してます	4
実現する	4
実現します	4
実現しません	4
実現しました	4
実現しませんでした	4
実現しましょう	4
実現しない	4
実現しなかった	4
実現した	4
実現して	4
実現している	4
実現しています	4
実現していた	4
実現していました	4
実現してる	4
実現してます	4
実習する	4
実習します	4
実習しません	4
実習しました	4
実習しませんでした	4
実習しましょう	4
実習しない	4
実習しなかった	4
実習した	4
実習して	4
実習している	4
実習しています	4
実習していた	4
実習していました	4
実習してる	4
実習してます	4
実行する	4
実行します	4
実行しません	4
実行しました	4
実行しませんでした	4
実行しましょう	4
実行しない	4
実行しなかった	4
実行した	4
実行して	4
実行している	4
実行しています	4
実行していた	4
実行していました	4
実行してる	4
実行してます	4
実証する	4
実証します	4
実証しません	4
実証しました	4
実証しませんでした	4
実証しましょう	4
実証しない	4
実証しなかった	4
実証した	4
実証して	4
実証している	4
実証しています	4
実証していた	4
実証していました	4
実証してる	4
実証してます	4
実践する	4
実践します	4
実践しません	4
実践しました	4
実践しませんでした	4
実践しましょう	4
実践しない	4
実践しなかった	4
実践した	4
実践して	4
実践している	4
実践しています	4
実践していた	4
実践していました	4
実践してる	4
実践してます	4
実験する	4
実験します	4
実験しません	4
実験しました	4
実験しませんでした	4
実験しましょう	4
実験しない	4
実験しなかった	4
実験した	4
実験して	4
実験している	4
実験しています	4
実験していた	4
実験していました	4
実験してる	4
実験してます	4
宣伝する	4
宣伝します	4
宣伝しません	4
宣伝しました	4
宣伝しませんでした	4
宣伝しましょう	4
宣伝しない	4
宣伝しなかった	4
宣伝した	4
宣伝して	4
宣伝している	4
宣伝しています	4
宣伝していた	4
宣伝していました	4
宣伝してる	4
宣伝してます	4
宣告する	4
宣告します	4
宣告しません	4
宣告しました	4
宣告しませんでした	4
宣告しましょう	4
宣告しない	4
宣告しなかった	4
宣告した	4
宣告して	4
宣告している	4
宣告しています	4
宣告していた	4
宣告していました	4
宣告してる	4
宣告してます	4
宣戦する	4
宣戦します	4
宣戦しません	4
宣戦しました	4
宣戦しませんでした	4
宣戦しましょう	4
宣戦しない	4
宣戦しなかった	4
宣戦した	4
宣戦して	4
宣戦している	4
宣戦しています	4
宣戦していた	4
宣戦していました	4
宣戦してる	4
宣戦してます	4
宣言する	3
宣言します	3
宣言しません	3
宣言しました	3
宣言しませんでした	3
宣言しましょう	3
宣言しない	3
宣言しなかった	3
宣言した	3
宣言して	3
宣言している	3
宣言しています	3
宣言していた	3
宣言していました	3
宣言してる	3
宣言してます	3
宣誓する	4
宣誓します	4
宣誓しません	4
宣誓しました	4
宣誓しませんでした	4
宣誓しましょう	4
宣誓しない	4
宣誓しなかった	4
宣誓した	4
宣誓して	4
宣誓している	4
宣誓しています	4
宣誓していた	4
宣誓していました	4
宣誓してる	4
宣誓してます	4
害するする	3
害するします	6
害するしません	7
害するしました	6
害するしませんでした	7
害するしましょう	7
害するしない	5
害するしなかった	5
害するした	3
害するして	3
害するしている	3
害するしています	3
害するしていた	3
害するしていました	3
害するしてる	3
害するしてます	3
家出する	3
家出します	3
家出しません	3
家出しました	3
家出しませんでした	3
家出しましょう	3
家出しない	3
家出しなかった	3
家出した	3
家出して	3
家出している	3
家出しています	3
家出していた	3
家出していました	3
家出してる	3
家出してます	3
容認する	4
容認します	4
容認しません	4
容認しました	4
容認しませんでした	4
容認しましょう	4
容認しない	4
容認しなかった	4
容認した	4
容認して	4
容認している	4
容認しています	4
容認していた	4
容認していました	4
容認してる	4
容認してます	4
容赦する	1
容赦します	1
容赦しません	1
容赦しました	1
容赦しませんでした	1
容赦しましょう	1
容赦しない	1
容赦しなかった	1
容赦した	1
容赦して	1
容赦している	1
容赦しています	1
容赦していた	1
容赦していました	1
容赦してる	1
容赦してます	1
宿泊する	4
宿泊します	4
宿泊しません	4
宿泊しました	4
宿泊しませんでした	4
宿泊しましょう	4
宿泊しない	4
宿泊しなかった	4
宿泊した	4
宿泊して	4
宿泊している	4
宿泊しています	4
宿泊していた	4
宿泊していました	4
宿泊してる	4
宿泊してます	4
寄り道する	4
寄り道します	4
寄り道しません	4
寄り道しました	4
寄り道しませんでした	4
寄り道しましょう	4
寄り道しない	4
寄り道しなかった	4
寄り道した	4
寄り道して	4
寄り道している	4
寄り道しています	4
寄り道していた	4
寄り道していました	4
寄り道してる	4
寄り道してます	4
寄与する	1
寄与します	1
寄与しません	1
寄与しました	1
寄与しませんでした	1
寄与しましょう	1
寄与しない	1
寄与しなかった	1
寄与した	1
寄与して	1
寄与している	1
寄与しています	1
寄与していた	1
寄与していました	1
寄与してる	1
寄与してます	1
寄付する	1
寄付します	1
寄付しません	1
寄付しました	1
寄付しませんでした	1
寄付しましょう	1
寄付しない	1
寄付しなかった	1
寄付した	1
寄付して	1
寄付している	1
寄付しています	1
寄付していた	1
寄付していました	1
寄付してる	1
寄付してます	1
寄港する	3
寄港します	3
寄港しません	3
寄港しました	3
寄港しませんでした	3
寄港しましょう	3
寄港しない	3
寄港しなかった	3
寄港した	3
寄港して	3
寄港している	3
寄港しています	3
寄港していた	3
寄港していました	3
寄港してる	3
寄港してます	3
寄生する	3
寄生します	3
寄生しません	3
寄生しました	3
寄生しませんでした	3
寄生しましょう	3
寄生しない	3
寄生しなかった	3
寄生した	3
寄生して	3
寄生している	3
寄生しています	3
寄生していた	3
寄生していました	3
寄生してる	3
寄生してます	3
寄贈する	3
寄贈します	3
寄贈しません	3
寄贈しました	3
寄贈しませんでした	3
寄贈しましょう	3
寄贈しない	3
寄贈しなかった	3
寄贈した	3
寄贈して	3
寄贈している	3
寄贈しています	3
寄贈していた	3
寄贈していました	3
寄贈してる	3
寄贈してます	3
密入国する	3
密入国します	3
密入国しません	3
密入国しました	3
密入国しませんでした	3
密入国しましょう	3
密入国しない	3
密入国しなかった	3
密入国した	3
密入国して	3
密入国している	3
密入国しています	3
密入国していた	3
密入国していました	3
密入国してる	3
密入国してます	3
密売する	4
密売します	4
密売しません	4
密売しました	4
密売しませんでした	4
密売しましょう	4
密売しない	4
密売しなかった	4
密売した	4
密売して	4
密売している	4
密売しています	4
密売していた	4
密売していました	4
密売してる	4
密売してます	4
密接する	4
密接します	4
密接しません	4
密接しました	4
密接しませんでした	4
密接しましょう	4
密接しない	4
密接しなかった	4
密接した	4
密接して	4
密接している	4
密接しています	4
密接していた	4
密接していました	4
密接してる	4
密接してます	4
密猟する	4
密猟します	4
密猟しません	4
密猟しました	4
密猟しませんでした	4
密猟しましょう	4
密猟しない	4
密猟しなかった	4
密猟した	4
密猟して	4
密猟している	4
密猟しています	4
密猟していた	4
密猟していました	4
密猟してる	4
密猟してます	4
密着する	4
密着します	4
密着しません	4
密着しました	4
密着しませんでした	4
密着しましょう	4
密着しない	4
密着しなかった	4
密着した	4
密着して	4
密着している	4
密着しています	4
密着していた	4
密着していました	4
密着してる	4
密着してます	4
密約する	4
密約します	4
密約しません	4
密約しました	4
密約しませんでした	4
密約しましょう	4
密約しない	4
密約しなかった	4
密約した	4
密約して	4
密約している	4
密約しています	4
密約していた	4
密約していました	4
密約してる	4
密約してます	4
密航する	4
密航します	4
密航しません	4
密航しました	4
密航しませんでした	4
密航しましょう	4
密航しない	4
密航しなかった	4
密航した	4
密航して	4
密航している	4
密航しています	4
密航していた	4
密航していました	4
密航してる	4
密航してます	4
密輸する	3
密輸します	3
密輸しません	3
密輸しました	3
密輸しませんでした	3
密輸しましょう	3
密輸しない	3
密輸しなかった	3
密輸した	3
密輸して	3
密輸している	3
密輸しています	3
密輸していた	3
密輸していました	3
密輸してる	3
密輸してます	3
密集する	4
密集します	4
密集しません	4
密集しました	4
密集しませんでした	4
密集しましょう	4
密集しない	4
密集しなかった	4
密集した	4
密集して	4
密集している	4
密集しています	4
密集していた	4
密集していました	4
密集してる	4
密集してます	4
寛容する	4
寛容します	4
寛容しません	4
寛容しました	4
寛容しませんでした	4
寛容しましょう	4
寛容しない	4
寛容しなかった	4
寛容した	4
寛容して	4
寛容している	4
寛容しています	4
寛容していた	4
寛容していました	4
寛容してる	4
寛容してます	4
寝冷えする	3
寝冷えします	3
寝冷えしません	3
寝冷えしました	3
寝冷えしませんでした	3
寝冷えしましょう	3
寝冷えしない	3
寝冷えしなかった	3
寝冷えした	3
寝冷えして	3
寝冷えしている	3
寝冷えしています	3
寝冷えしていた	3
寝冷えしていました	3
寝冷えしてる	3
寝冷えしてます	3
寝坊する	3
寝坊します	3
寝坊しません	3
寝坊しました	3
寝坊しませんでした	3
寝坊しましょう	3
寝坊しない	3
寝坊しなかった	3
寝坊した	3
寝坊して	3
寝坊している	3
寝坊しています	3
寝坊していた	3
寝坊していました	3
寝坊してる	3
寝坊してます	3
寝泊まりする	2
寝泊まりします	2
寝泊まりしません	2
寝泊まりしました	2
寝泊まりしませんでした	2
寝泊まりしましょう	2
寝泊まりしない	2
寝泊まりしなかった	2
寝泊まりした	2
寝泊まりして	2
寝泊まりしている	2
寝泊まりしています	2
寝泊まりしていた	2
寝泊まりしていました	2
寝泊まりしてる	2
寝泊まりしてます	2
寝返りする	4
寝返りします	4
寝返りしません	7
寝返りしました	4
寝返りしませんでした	7
寝返りしましょう	4
寝返りしない	0
寝返りしなかった	9
寝返りした	4
寝返りして	4
寝返りしている	4
寝返りしています	4
寝返りしていた	4
寝返りしていました	4
寝返りしてる	4
寝返りしてます	4
察するする	0
察するします	6
察するしません	7
察するしました	6
察するしませんでした	7
察するしましょう	7
察するしない	0
察するしなかった	9
察するした	6
察するして	0
察するしている	6
察するしています	6
察するしていた	6
察するしていました	6
察するしてる	5
察するしてます	7
察知する	1
察知します	1
察知しません	1
察知しました	1
察知しませんでした	1
察知しましょう	1
察知しない	1
察知しなかった	1
察知した	1
察知して	1
察知している	1
察知しています	1
察知していた	1
察知していました	1
察知してる	1
察知してます	1
寡占する	3
寡占します	3
寡占しません	3
寡占しました	3
寡占しませんでした	3
寡占しましょう	3
寡占しない	3
寡占しなかった	3
寡占した	3
寡占して	3
寡占している	3
寡占しています	3
寡占していた	3
寡占していました	3
寡占してる	3
寡占してます	3
審判する	4
審判します	4
審判しません	4
審判しました	4
審判しませんでした	4
審判しましょう	4
審判しない	4
審判しなかった	4
審判した	4
審判して	4
審判している	4
審判しています	4
審判していた	4
審判していました	4
審判してる	4
審判してます	4
審査する	1
審査します	1
審査しません	1
審査しました	1
審査しませんでした	1
審査しましょう	1
審査しない	1
審査しなかった	1
審査した	1
審査して	1
審査している	1
審査しています	1
審査していた	1
審査していました	1
審査してる	1
審査してます	1
審理する	1
審理します	1
審理しません	1
審理しました	1
審理しませんでした	1
審理しましょう	1
審理しない	1
審理しなかった	1
審理した	1
審理して	1
審理している	1
審理しています	1
審理していた	1
審理していました	1
審理してる	1
審理してます	1
審議する	1
審議します	1
審議しません	1
審議しました	1
審議しませんでした	1
審議しましょう	1
審議しない	1
審議しなかった	1
審議した	1
審議して	1
審議している	1
審議しています	1
審議していた	1
審議していました	1
審議してる	1
審議してます	1
寸断する	4
寸断します	4
寸断しません	4
寸断しました	4
寸断しませんでした	4
寸断しましょう	4
寸断しない	4
寸断しなかった	4
寸断した	4
寸断して	4
寸断している	4
寸断しています	4
寸断していた	4
寸断していました	4
寸断してる	4
寸断してます	4
対するする	3
対するします	6
対するしません	7
対するしました	6
対するしませんでした	7
対するしましょう	7
対するしない	5
対するしなかった	5
対するした	3
対するして	3
対するしている	3
対するしています	3
対するしていた	3
対するしていました	3
対するしてる	3
対するしてます	3
対処する	1
対処します	1
対処しません	1
対処しました	1
対処しませんでした	1
対処しましょう	1
対処しない	1
対処しなかった	1
対処した	1
対処して	1
対処している	1
対処しています	1
対処していた	1
対処していました	1
対処してる	1
対処してます	1
対向する	4
対向します	4
対向しません	4
対向しました	4
対向しませんでした	4
対向しましょう	4
対向しない	4
対向しなかった	4
対向した	4
対向して	4
対向している	4
対向しています	4
対向していた	4
対向していました	4
対向してる	4
対向してます	4
対局する	4
対局します	4
対局しません	4
対局しました	4
対局しませんでした	4
対局しましょう	4
対局しない	4
対局しなかった	4
対局した	4
対局して	4
対局している	4
対局しています	4
対局していた	4
対局していました	4
対局してる	4
対局してます	4
対峙する	1
対峙します	1
対峙しません	1
対峙しました	1
対峙しませんでした	1
対峙しましょう	1
対峙しない	1
対峙しなかった	1
対峙した	1
対峙して	1
対峙している	1
対峙しています	1
対峙していた	1
対峙していました	1
対峙してる	1
対峙してます	1
対応する	4
対応します	4
対応しません	4
対応しました	4
対応しませんでした	4
対応しましょう	4
対応しない	4
対応しなかった	4
対応した	4
対応して	4
対応している	4
対応しています	4
対応していた	4
対応していました	4
対応してる	4
対応してます	4
対戦する	4
対戦します	4
対戦しません	4
対戦しました	4
対戦しませんでした	4
対戦しましょう	4
対戦しない	4
対戦しなかった	4
対戦した	4
対戦して	4
対戦している	4
対戦しています	4
対戦していた	4
対戦していました	4
対戦してる	4
対戦してます	4
対抗する	4
対抗します	4
対抗しません	4
対抗しました	4
対抗しませんでした	4
対抗しましょう	4
対抗しない	4
対抗しなかった	4
対抗した	4
対抗して	4
対抗している	4
対抗しています	4
対抗していた	4
対抗していました	4
対抗してる	4
対抗してます	4
対比する	3
対比します	3
対比しません	3
対比しました	3
対比しませんでした	3
対比しましょう	3
対比しない	3
対比しなかった	3
対比した	3
対比して	3
対比している	3
対比しています	3
対比していた	3
対比していました	3
対比してる	3
対比してます	3
対決する	4
対決します	4
対決しません	4
対決しました	4
対決しませんでした	4
対決しましょう	4
対決しない	4
対決しなかった	4
対決した	4
対決して	4
対決している	4
対決しています	4
対決していた	4
対決していました	4
対決してる	4
対決してます	4
対照する	4
対照します	4
対照しません	4
対照しました	4
対照しませんでした	4
対照しましょう	4
対照しない	4
対照しなかった	4
対照した	4
対照して	4
対照している	4
対照しています	4
対照していた	4
対照していました	4
対照してる	4
対照してます	4
対立する	4
対立します	4
対立しません	4
対立しました	4
対立しませんでした	4
対立しましょう	4
対立しない	4
対立しなかった	4
対立した	4
対立して	4
対立している	4
対立しています	4
対立していた	4
対立していました	4
対立してる	4
対立してます	4
対話する	3
対話します	3
対話しません	3
対話しました	3
対話しませんでした	3
対話しましょう	3
対話しない	3
対話しなかった	3
対話した	3
対話して	3
対話している	3
対話しています	3
対話していた	3
対話していました	3
対話してる	3
対話してます	3
対談する	4
対談します	4
対談しません	4
対談しました	4
対談しませんでした	4
対談しましょう	4
対談しない	4
対談しなかった	4
対談した	4
対談して	4
対談している	4
対談しています	4
対談していた	4
対談していました	4
対談してる	4
対談してます	4
対論する	4
対論します	4
対論しません	4
対論しました	4
対論しませんでした	4
対論しましょう	4
対論しない	4
対論しなかった	4
対論した	4
対論して	4
対論している	4
対論しています	4
対論していた	4
対論していました	4
対論してる	4
対論してます	4
対面する	4
対面します	4
対面しません	4
対面しました	4
対面しませんでした	4
対面しましょう	4
対面しない	4
対面しなかった	4
対面した	4
対面して	4
対面している	4
対面しています	4
対面していた	4
対面していました	4
対面してる	4
対面してます	4
封鎖する	3
封鎖します	3
封鎖しません	3
封鎖しました	3
封鎖しませんでした	3
封鎖しましょう	3
封鎖しない	3
封鎖しなかった	3
封鎖した	3
封鎖して	3
封鎖している	3
封鎖しています	3
封鎖していた	3
封鎖していました	3
封鎖してる	3
封鎖してます	3
専任する	4
専任します	4
専任しません	4
専任しました	4
専任しませんでした	4
専任しましょう	4
専任しない	4
専任しなかった	4
専任した	4
専任して	4
専任している	4
専任しています	4
専任していた	4
専任していました	4
専任してる	4
専任してます	4
専修する	4
専修します	4
専修しません	4
専修しました	4
専修しませんでした	4
専修しましょう	4
専修しない	4
専修しなかった	4
専修した	4
専修して	4
専修している	4
専修しています	4
専修していた	4
専修していました	4
専修してる	4
専修してます	4
専売する	4
専売します	4
専売しません	4
専売しました	4
専売しませんでした	4
専売しましょう	4
専売しない	4
専売しなかった	4
専売した	4
専売して	4
専売している	4
専売しています	4
専売していた	4
専売していました	4
専売してる	4
専売してます	4
専属する	4
専属します	4
専属しません	4
専属しました	4
専属しませんでした	4
専属しましょう	4
専属しない	4
専属しなかった	4
専属した	4
専属して	4
専属している	4
専属しています	4
専属していた	4
専属していました	4
専属してる	4
専属してます	4
専従する	4
専従します	4
専従しません	4
専従しました	4
専従しませんでした	4
専従しましょう	4
専従しない	4
専従しなかった	4
専従した	4
専従して	4
専従している	4
専従しています	4
専従していた	4
専従していました	4
専従してる	4
専従してます	4
専念する	3
専念します	3
専念しません	3
専念しました	3
専念しませんでした	3
専念しましょう	3
専念しない	3
専念しなかった	3
専念した	3
専念して	3
専念している	3
専念しています	3
専念していた	3
専念していました	3
専念してる	3
専念してます	3
専攻する	4
専攻します	4
専攻しません	4
専攻しました	4
専攻しませんでした	4
専攻しましょう	4
専攻しない	4
専攻しなかった	4
専攻した	4
専攻して	4
専攻している	4
専攻しています	4
専攻していた	4
専攻していました	4
専攻してる	4
専攻してます	4
専用する	4
専用します	4
専用しません	4
専用しました	4
専用しませんでした	4
専用しましょう	4
専用しない	4
専用しなかった	4
専用した	4
専用して	4
専用している	4
専用しています	4
専用していた	4
専用していました	4
専用してる	4
専用してます	4
射撃する	3
射撃します	3
射撃しません	3
射撃しました	3
射撃しませんでした	3
射撃しましょう	3
射撃しない	3
射撃しなかった	3
射撃した	3
射撃して	3
射撃している	3
射撃しています	3
射撃していた	3
射撃していました	3
射撃してる	3
射撃してます	3
射殺する	3
射殺します	3
射殺しません	3
射殺しました	3
射殺しませんでした	3
射殺しましょう	3
射殺しない	3
射殺しなかった	3
射殺した	3
射殺して	3
射殺している	3
射殺しています	3
射殺していた	3
射殺していました	3
射殺してる	3
射殺してます	3
射精する	3
射精します	3
射精しません	3
射精しました	3
射精しませんでした	3
射精しましょう	3
射精しない	3
射精しなかった	3
射精した	3
射精して	3
射精している	3
射精しています	3
射精していた	3
射精していました	3
射精してる	3
射精してます	3
将来する	1
将来します	1
将来しません	1
将来しました	1
将来しませんでした	1
将来しましょう	1
将来しない	1
将来しなかった	1
将来した	1
将来して	1
将来している	1
将来しています	1
将来していた	1
将来していました	1
将来してる	1
将来してます	1
尊敬する	4
尊敬します	4
尊敬しません	4
尊敬しました	4
尊敬しませんでした	4
尊敬しましょう	4
尊敬しない	4
尊敬しなかった	4
尊敬した	4
尊敬して	4
尊敬している	4
尊敬しています	4
尊敬していた	4
尊敬していました	4
尊敬してる	4
尊敬してます	4
尊重する	4
尊重します	4
尊重しません	4
尊重しました	4
尊重しませんでした	4
尊重しましょう	4
尊重しない	4
尊重しなかった	4
尊重した	4
尊重して	4
尊重している	4
尊重しています	4
尊重していた	4
尊重していました	4
尊重してる	4
尊重してます	4
尋問する	4
尋問します	4
尋問しません	4
尋問しました	4
尋問しませんでした	4
尋問しましょう	4
尋問しない	4
尋問しなかった	4
尋問した	4
尋問して	4
尋問している	4
尋問しています	4
尋問していた	4
尋問していました	4
尋問してる	4
尋問してます	4
導入する	4
導入します	4
導入しません	4
導入しました	4
導入しませんでした	4
導入しましょう	4
導入しない	4
導入しなかった	4
導入した	4
導入して	4
導入している	4
導入しています	4
導入していた	4
導入していました	4
導入してる	4
導入してます	4
小便する	3
小便します	3
小便しません	3
小便しました	3
小便しませんでした	3
小便しましょう	3
小便しない	3
小便しなかった	3
小便した	3
小便して	3
小便している	3
小便しています	3
小便していた	3
小便していました	3
小便してる	3
小便してます	3
小売する	3
小売します	3
小売しません	3
小売しました	3
小売しませんでした	3
小売しましょう	3
小売しない	3
小売しなかった	3
小売した	3
小売して	3
小売している	3
小売しています	3
小売していた	3
小売していました	3
小売してる	3
小売してます	3
就任する	4
就任します	4
就任しません	4
就任しました	4
就任しませんでした	4
就任しましょう	4
就任しない	4
就任しなかった	4
就任した	4
就任して	4
就任している	4
就任しています	4
就任していた	4
就任していました	4
就任してる	4
就任してます	4
就労する	4
就労します	4
就労しません	4
就労しました	4
就労しませんでした	4
就労しましょう	4
就労しない	4
就労しなかった	4
就労した	4
就労して	4
就労している	4
就労しています	4
就労していた	4
就労していました	4
就労してる	4
就労してます	4
就学する	4
就学します	4
就学しません	4
就学しました	4
就学しませんでした	4
就学しましょう	4
就学しない	4
就学しなかった	4
就学した	4
就学して	4
就学している	4
就学しています	4
就学していた	4
就学していました	4
就学してる	4
就学してます	4
就寝する	4
就寝します	4
就寝しません	4
就寝しました	4
就寝しませんでした	4
就寝しましょう	4
就寝しない	4
就寝しなかった	4
就寝した	4
就寝して	4
就寝している	4
就寝しています	4
就寝していた	4
就寝していました	4
就寝してる	4
就寝してます	4
就業する	4
就業します	4
就業しません	4
就業しました	4
就業しませんでした	4
就業しましょう	4
就業しない	4
就業しなかった	4
就業した	4
就業して	4
就業している	4
就業しています	4
就業していた	4
就業していました	4
就業してる	4
就業してます	4
就職する	4
就職します	4
就職しません	4
就職しました	4
就職しませんでした	4
就職しましょう	4
就職しない	4
就職しなかった	4
就職した	4
就職して	4
就職している	4
就職しています	4
就職していた	4
就職していました	4
就職してる	4
就職してます	4
就航する	4
就航します	4
就航しません	4
就航しました	4
就航しませんでした	4
就航しましょう	4
就航しない	4
就航しなかった	4
就航した	4
就航して	4
就航している	4
就航しています	4
就航していた	4
就航していました	4
就航してる	4
就航してます	4
居住する	3
居住します	3
居住しません	3
居住しました	3
居住しませんでした	3
居住しましょう	3
居住しない	3
居住しなかった	3
居住した	3
居住して	3
居住している	3
居住しています	3
居住していた	3
居住していました	3
居住してる	3
居住してます	3
居眠りする	2
居眠りします	2
居眠りしません	2
居眠りしました	2
居眠りしませんでした	2
居眠りしましょう	2
居眠りしない	2
居眠りしなかった	2
居眠りした	2
居眠りして	2
居眠りしている	2
居眠りしています	2
居眠りしていた	2
居眠りしていました	2
居眠りしてる	2
居眠りしてます	2
屈折する	4
屈折します	4
屈折しません	4
屈折しました	4
屈折しませんでした	4
屈折しましょう	4
屈折しない	4
屈折しなかった	4
屈折した	4
屈折して	4
屈折している	4
屈折しています	4
屈折していた	4
屈折していました	4
屈折してる	4
屈折してます	4
屈託する	4
屈託します	4
屈託しません	4
屈託しました	4
屈託しませんでした	4
屈託しましょう	4
屈託しない	4
屈託しなかった	4
屈託した	4
屈託して	4
屈託している	4
屈託しています	4
屈託していた	4
屈託していました	4
屈託してる	4
屈託してます	4
展望する	4
展望します	4
展望しません	4
展望しました	4
展望しませんでした	4
展望しましょう	4
展望しない	4
展望しなかった	4
展望した	4
展望して	4
展望している	4
展望しています	4
展望していた	4
展望していました	4
展望してる	4
展望してます	4
展示する	3
展示します	3
展示しません	3
展示しました	3
展示しませんでした	3
展示しましょう	3
展示しない	3
展示しなかった	3
展示した	3
展示して	3
展示している	3
展示しています	3
展示していた	3
展示していました	3
展示してる	3
展示してます	3
展開する	4
展開します	4
展開しません	4
展開しました	4
展開しませんでした	4
展開しましょう	4
展開しない	4
展開しなかった	4
展開した	4
展開して	4
展開している	4
展開しています	4
展開していた	4
展開していました	4
展開してる	4
展開してます	4
属するする	3
属するします	6
属するしません	7
属するしました	6
属するしませんでした	7
属するしましょう	7
属するしない	5
属するしなかった	5
属するした	3
属するして	3
属するしている	3
属するしています	3
属するしていた	3
属するしていました	3
属するしてる	3
属するしてます	3
履行する	3
履行します	3
履行しません	3
履行しました	3
履行しませんでした	3
履行しましょう	3
履行しない	3
履行しなかった	3
履行した	3
履行して	3
履行している	3
履行しています	3
履行していた	3
履行していました	3
履行してる	3
履行してます	3
山積する	4
山積します	4
山積しません	4
山積しました	4
山積しませんでした	4
山積しましょう	4
山積しない	4
山積しなかった	4
山積した	4
山積して	4
山積している	4
山積しています	4
山積していた	4
山積していました	4
山積してる	4
山積してます	4
崇拝する	4
崇拝します	4
崇拝しません	4
崇拝しました	4
崇拝しませんでした	4
崇拝しましょう	4
崇拝しない	4
崇拝しなかった	4
崇拝した	4
崇拝して	4
崇拝している	4
崇拝しています	4
崇拝していた	4
崇拝していました	4
崇拝してる	4
崇拝してます	4
崩壊する	4
崩壊します	4
崩壊しません	4
崩壊しました	4
崩壊しませんでした	4
崩壊しましょう	4
崩壊しない	4
崩壊しなかった	4
崩壊した	4
崩壊して	4
崩壊している	4
崩壊しています	4
崩壊していた	4
崩壊していました	4
崩壊してる	4
崩壊してます	4
崩落する	4
崩落します	4
崩落しません	4
崩落しました	4
崩落しませんでした	4
崩落しましょう	4
崩落しない	4
崩落しなかった	4
崩落した	4
崩落して	4
崩落している	4
崩落しています	4
崩落していた	4
崩落していました	4
崩落してる	4
崩落してます	4
巡回する	4
巡回します	4
巡回しません	4
巡回しました	4
巡回しませんでした	4
巡回しましょう	4
巡回しない	4
巡回しなかった	4
巡回した	4
巡回して	4
巡回している	4
巡回しています	4
巡回していた	4
巡回していました	4
巡回してる	4
巡回してます	4
巡業する	4
巡業します	4
巡業しません	4
巡業しました	4
巡業しませんでした	4
巡業しましょう	4
巡業しない	4
巡業しなかった	4
巡業した	4
巡業して	4
巡業している	4
巡業しています	4
巡業していた	4
巡業していました	4
巡業してる	4
巡業してます	4
巡礼する	4
巡礼します	4
巡礼しません	4
巡礼しました	4
巡礼しませんでした	4
巡礼しましょう	4
巡礼しない	4
巡礼しなかった	4
巡礼した	4
巡礼して	4
巡礼している	4
巡礼しています	4
巡礼していた	4
巡礼していました	4
巡礼してる	4
巡礼してます	4
巡航する	4
巡航します	4
巡航しません	4
巡航しました	4
巡航しませんでした	4
巡航しましょう	4
巡航しない	4
巡航しなかった	4
巡航した	4
巡航して	4
巡航している	4
巡航しています	4
巡航していた	4
巡航していました	4
巡航してる	4
巡航してます	4
巡視する	3
巡視します	3
巡視しません	3
巡視しました	3
巡視しませんでした	3
巡視しましょう	3
巡視しない	3
巡視しなかった	3
巡視した	3
巡視して	3
巡視している	3
巡視しています	3
巡視していた	3
巡視していました	3
巡視してる	3
巡視してます	3
工事する	1
工事します	1
工事しません	1
工事しました	1
工事しませんでした	1
工事しましょう	1
工事しない	1
工事しなかった	1
工事した	1
工事して	1
工事している	1
工事しています	1
工事していた	1
工事していました	1
工事してる	1
工事してます	1
工作する	4
工作します	4
工作しません	4
工作しました	4
工作しませんでした	4
工作しましょう	4
工作しない	4
工作しなかった	4
工作した	4
工作して	4
工作している	4
工作しています	4
工作していた	4
工作していました	4
工作してる	4
工作してます	4
工夫する	3
工夫します	3
工夫しません	3
工夫しました	3
工夫しませんでした	3
工夫しましょう	3
工夫しない	3
工夫しなかった	3
工夫した	3
工夫して	3
工夫している	3
工夫しています	3
工夫していた	3
工夫していました	3
工夫してる	3
工夫してます	3
左右する	1
左右します	1
左右しません	1
左右しました	1
左右しませんでした	1
左右しましょう	1
左右しない	1
左右しなかった	1
左右した	1
左右して	1
左右している	1
左右しています	1
左右していた	1
左右していました	1
左右してる	1
左右してます	1
左折する	3
左折します	3
左折しません	3
左折しました	3
左折しませんでした	3
左折しましょう	3
左折しない	3
左折しなかった	3
左折した	3
左折して	3
左折している	3
左折しています	3
左折していた	3
左折していました	3
左折してる	3
左折してます	3
左遷する	3
左遷します	3
左遷しません	3
左遷しました	3
左遷しませんでした	3
左遷しましょう	3
左遷しない	3
左遷しなかった	3
左遷した	3
左遷して	3
左遷している	3
左遷しています	3
左遷していた	3
左遷していました	3
左遷してる	3
左遷してます	3
差し引きする	2
差し引きします	2
差し引きしません	2
差し引きしました	2
差し引きしませんでした	2
差し引きしましょう	2
差し引きしない	5
差し引きしなかった	5
差し引きした	2
差し引きして	2
差し引きしている	2
差し引きしています	2
差し引きしていた	2
差し引きしていました	2
差し引きしてる	2
差し引きしてます	2
差別する	1
差別します	1
差別しません	1
差別しました	1
差別しませんでした	1
差別しましょう	1
差別しない	1
差別しなかった	1
差別した	1
差別して	1
差別している	1
差別しています	1
差別していた	1
差別していました	1
差別してる	1
差別してます	1
市販する	3
市販します	3
市販しません	3
市販しました	3
市販しませんでした	3
市販しましょう	3
市販しない	3
市販しなかった	3
市販した	3
市販して	3
市販している	3
市販しています	3
市販していた	3
市販していました	3
市販してる	3
市販してます	3
布告する	3
布告します	3
布告しません	3
布告しました	3
布告しませんでした	3
布告しましょう	3
布告しない	3
布告しなかった	3
布告した	3
布告して	3
布告している	3
布告しています	3
布告していた	3
布告していました	3
布告してる	3
布告してます	3
布教する	3
布教します	3
布教しません	3
布教しました	3
布教しませんでした	3
布教しましょう	3
布教しない	3
布教しなかった	3
布教した	3
布教して	3
布教している	3
布教しています	3
布教していた	3
布教していました	3
布教してる	3
布教してます	3
布施する	2
布施します	2
布施しません	2
布施しました	2
布施しませんでした	2
布施しましょう	2
布施しない	2
布施しなかった	2
布施した	2
布施して	2
布施している	2
布施しています	2
布施していた	2
布施していました	2
布施してる	2
布施してます	2
布石する	3
布石します	3
布石しません	3
布石しました	3
布石しませんでした	3
布石しましょう	3
布石しない	3
布石しなかった	3
布石した	3
布石して	3
布石している	3
布石しています	3
布石していた	3
布石していました	3
布石してる	3
布石してます	3
布陣する	3
布陣します	3
布陣しません	3
布陣しました	3
布陣しませんでした	3
布陣しましょう	3
布陣しない	3
布陣しなかった	3
布陣した	3
布陣して	3
布陣している	3
布陣しています	3
布陣していた	3
布陣していました	3
布陣してる	3
布陣してます	3
希望する	3
希望します	3
希望しません	3
希望しました	3
希望しませんでした	3
希望しましょう	3
希望しない	3
希望しなかった	3
希望した	3
希望して	3
希望している	3
希望しています	3
希望していた	3
希望していました	3
希望してる	3
希望してます	3
師事する	1
師事します	1
師事しません	1
師事しました	1
師事しませんでした	1
師事しましょう	1
師事しない	1
師事しなかった	1
師事した	1
師事して	1
師事している	1
師事しています	1
師事していた	1
師事していました	1
師事してる	1
師事してます	1
席巻する	4
席巻します	4
席巻しません	4
席巻しました	4
席巻しませんでした	4
席巻しましょう	4
席巻しない	4
席巻しなかった	4
席巻した	4
席巻して	4
席巻している	4
席巻しています	4
席巻していた	4
席巻していました	4
席巻してる	4
席巻してます	4
帰京する	3
帰京します	3
帰京しません	3
帰京しました	3
帰京しませんでした	3
帰京しましょう	3
帰京しない	3
帰京しなかった	3
帰京した	3
帰京して	3
帰京している	3
帰京しています	3
帰京していた	3
帰京していました	3
帰京してる	3
帰京してます	3
帰休する	3
帰休します	3
帰休しません	3
帰休しました	3
帰休しませんでした	3
帰休しましょう	3
帰休しない	3
帰休しなかった	3
帰休した	3
帰休して	3
帰休している	3
帰休しています	3
帰休していた	3
帰休していました	3
帰休してる	3
帰休してます	3
帰化する	1
帰化します	1
帰化しません	1
帰化しました	1
帰化しませんでした	1
帰化しましょう	1
帰化しない	1
帰化しなかった	1
帰化した	1
帰化して	1
帰化している	1
帰化しています	1
帰化していた	1
帰化していました	1
帰化してる	1
帰化してます	1
帰国する	3
帰国します	3
帰国しません	3
帰国しました	3
帰国しませんでした	3
帰国しましょう	3
帰国しない	3
帰国しなかった	3
帰国した	3
帰国して	3
帰国している	3
帰国しています	3
帰国していた	3
帰国していました	3
帰国してる	3
帰国してます	3
帰宅する	3
帰宅します	3
帰宅しません	3
帰宅しました	3
帰宅しませんでした	3
帰宅しましょう	3
帰宅しない	3
帰宅しなかった	3
帰宅した	3
帰宅して	3
帰宅している	3
帰宅しています	3
帰宅していた	3
帰宅していました	3
帰宅してる	3
帰宅してます	3
帰属する	3
帰属します	3
帰属しません	3
帰属しました	3
帰属しませんでした	3
帰属しましょう	3
帰属しない	3
帰属しなかった	3
帰属した	3
帰属して	3
帰属している	3
帰属しています	3
帰属していた	3
帰属していました	3
帰属してる	3
帰属してます	3
帰省する	3
帰省します	3
帰省しません	3
帰省しました	3
帰省しませんでした	3
帰省しましょう	3
帰省しない	3
帰省しなかった	3
帰省した	3
帰省して	3
帰省している	3
帰省しています	3
帰省していた	3
帰省していました	3
帰省してる	3
帰省してます	3
帰還する	3
帰還します	3
帰還しません	3
帰還しました	3
帰還しませんでした	3
帰還しましょう	3
帰還しない	3
帰還しなかった	3
帰還した	3
帰還して	3
帰還している	3
帰還しています	3
帰還していた	3
帰還していました	3
帰還してる	3
帰還してます	3
常任する	4
常任します	4
常任しません	4
常任しました	4
常任しませんでした	4
常任しましょう	4
常任しない	4
常任しなかった	4
常任した	4
常任して	4
常任している	4
常任しています	4
常任していた	4
常任していました	4
常任してる	4
常任してます	4
常勤する	4
常勤します	4
常勤しません	4
常勤しました	4
常勤しませんでした	4
常勤しましょう	4
常勤しない	4
常勤しなかった	4
常勤した	4
常勤して	4
常勤している	4
常勤しています	4
常勤していた	4
常勤していました	4
常勤してる	4
常勤してます	4
常用する	4
常用します	4
常用しません	4
常用しました	4
常用しませんでした	4
常用しましょう	4
常用しない	4
常用しなかった	4
常用した	4
常用して	4
常用している	4
常用しています	4
常用していた	4
常用していました	4
常用してる	4
常用してます	4
常習する	4
常習します	4
常習しません	4
常習しました	4
常習しませんでした	4
常習しましょう	4
常習しない	4
常習しなかった	4
常習した	4
常習して	4
常習している	4
常習しています	4
常習していた	4
常習していました	4
常習してる	4
常習してます	4
常設する	4
常設します	4
常設しません	4
常設しました	4
常設しませんでした	4
常設しましょう	4
常設しない	4
常設しなかった	4
常設した	4
常設して	4
常設している	4
常設しています	4
常設していた	4
常設していました	4
常設してる	4
常設してます	4
常駐する	4
常駐します	4
常駐しません	4
常駐しました	4
常駐しませんでした	4
常駐しましょう	4
常駐しない	4
常駐しなかった	4
常駐した	4
常駐して	4
常駐している	4
常駐しています	4
常駐していた	4
常駐していました	4
常駐してる	4
常駐してます	4
帽子する	3
帽子します	3
帽子しません	3
帽子しました	3
帽子しませんでした	3
帽子しましょう	3
帽子しない	3
帽子しなかった	3
帽子した	3
帽子して	3
帽子している	3
帽子しています	3
帽子していた	3
帽子していました	3
帽子してる	3
帽子してます	3
干渉する	4
干渉します	4
干渉しません	4
干渉しました	4
干渉しませんでした	4
干渉しましょう	4
干渉しない	4
干渉しなかった	4
干渉した	4
干渉して	4
干渉している	4
干渉しています	4
干渉していた	4
干渉していました	4
干渉してる	4
干渉してます	4
平均する	4
平均します	4
平均しません	4
平均しました	4
平均しませんでした	4
平均しましょう	4
平均しない	4
平均しなかった	4
平均した	4
平均して	4
平均している	4
平均しています	4
平均していた	4
平均していました	4
平均してる	4
平均してます	4
平行する	4
平行します	4
平行しません	4
平行しました	4
平行しませんでした	4
平行しましょう	4
平行しない	4
平行しなかった	4
平行した	4
平行して	4
平行している	4
平行しています	4
平行していた	4
平行していました	4
平行してる	4
平行してます	4
幸いします	4
幸いしません	4
幸いしました	4
幸いしませんでした	4
幸いしましょう	4
幸いしない	4
幸いしなかった	4
幸いした	4
幸いして	4
幸いしている	4
幸いしています	4
幸いしていた	4
幸いしていました	4
幸いしてる	4
幸いしてます	4
幹事する	1
幹事します	1
幹事しません	1
幹事しました	1
幹事しませんでした	1
幹事しましょう	1
幹事しない	1
幹事しなかった	1
幹事した	1
幹事して	1
幹事している	1
幹事しています	1
幹事していた	1
幹事していました	1
幹事してる	1
幹事してます	1
幻想する	4
幻想します	4
幻想しません	4
幻想しました	4
幻想しませんでした	4
幻想しましょう	4
幻想しない	4
幻想しなかった	4
幻想した	4
幻想して	4
幻想している	4
幻想しています	4
幻想していた	4
幻想していました	4
幻想してる	4
幻想してます	4
広々する	3
広々します	3
広々しません	3
広々しました	3
広々しませんでした	3
広々しましょう	3
広々しない	3
広々しなかった	3
広々した	3
広々して	3
広々している	3
広々しています	3
広々していた	3
広々していました	3
広々してる	3
広々してます	3
広告する	4
広告します	4
広告しません	4
広告しました	4
広告しませんでした	4
広告しましょう	4
広告しない	4
広告しなかった	4
広告した	4
広告して	4
広告している	4
広告しています	4
広告していた	4
広告していました	4
広告してる	4
広告してます	4
広報する	1
広報します	1
広報しません	1
広報しました	1
広報しませんでした	1
広報しましょう	1
広報しない	1
広報しなかった	1
広報した	1
広報して	1
広報している	1
広報しています	1
広報していた	1
広報していました	1
広報してる	1
広報してます	1
底入れする	4
底入れします	4
底入れしません	4
底入れしました	4
底入れしませんでした	4
底入れしましょう	4
底入れしない	4
底入れしなかった	4
底入れした	4
底入れして	4
底入れしている	4
底入れしています	4
底入れしていた	4
底入れしていました	4
底入れしてる	4
底入れしてます	4
底流する	4
底流します	2
底流しません	2
底流しました	2
底流しませんでした	2
底流しましょう	2
底流しない	4
底流しなかった	4
底流した	2
底流して	2
底流している	2
底流しています	2
底流していた	2
底流していました	2
底流してる	2
底流してます	2
店開きする	3
店開きします	3
店開きしません	3
店開きしました	3
店開きしませんでした	3
店開きしましょう	3
店開きしない	3
店開きしなかった	3
店開きした	3
店開きして	3
店開きしている	3
店開きしています	3
店開きしていた	3
店開きしていました	3
店開きしてる	3
店開きしてます	3
廃棄する	1
廃棄します	1
廃棄しません	1
廃棄しました	1
廃棄しませんでした	1
廃棄しましょう	1
廃棄しない	1
廃棄しなかった	1
廃棄した	1
廃棄して	1
廃棄している	1
廃棄しています	1
廃棄していた	1
廃棄していました	1
廃棄してる	1
廃棄してます	1
廃業する	4
廃業します	4
廃業しません	4
廃業しました	4
廃業しませんでした	4
廃業しましょう	4
廃業しない	4
廃業しなかった	4
廃業した	4
廃業して	4
廃業している	4
廃業しています	4
廃業していた	4
廃業していました	4
廃業してる	4
廃業してます	4
廃止する	3
廃止します	3
廃止しません	3
廃止しました	3
廃止しませんでした	3
廃止しましょう	3
廃止しない	3
廃止しなかった	3
廃止した	3
廃止して	3
廃止している	3
廃止しています	3
廃止していた	3
廃止していました	3
廃止してる	3
廃止してます	3
廃絶する	4
廃絶します	4
廃絶しません	4
廃絶しました	4
廃絶しませんでした	4
廃絶しましょう	4
廃絶しない	4
廃絶しなかった	4
廃絶した	4
廃絶して	4
廃絶している	4
廃絶しています	4
廃絶していた	4
廃絶していました	4
廃絶してる	4
廃絶してます	4
延命する	4
延命します	4
延命しません	4
延命しました	4
延命しませんでした	4
延命しましょう	4
延命しない	4
延命しなかった	4
延命した	4
延命して	4
延命している	4
延命しています	4
延命していた	4
延命していました	4
延命してる	4
延命してます	4
延期する	3
延期します	3
延期しません	3
延期しました	3
延期しませんでした	3
延期しましょう	3
延期しない	3
延期しなかった	3
延期した	3
延期して	3
延期している	3
延期しています	3
延期していた	3
延期していました	3
延期してる	3
延期してます	3
延滞する	4
延滞します	4
延滞しません	4
延滞しました	4
延滞しませんでした	4
延滞しましょう	4
延滞しない	4
延滞しなかった	4
延滞した	4
延滞して	4
延滞している	4
延滞しています	4
延滞していた	4
延滞していました	4
延滞してる	4
延滞してます	4
延長する	4
延長します	4
延長しません	4
延長しました	4
延長しませんでした	4
延長しましょう	4
延長しない	4
延長しなかった	4
延長した	4
延長して	4
延長している	4
延長しています	4
延長していた	4
延長していました	4
延長してる	4
延長してます	4
建国する	4
建国します	4
建国しません	4
建国しました	4
建国しませんでした	4
建国しましょう	4
建国しない	4
建国しなかった	4
建国した	4
建国して	4
建国している	4
建国しています	4
建国していた	4
建国していました	4
建国してる	4
建国してます	4
建立する	4
建立します	4
建立しません	4
建立しました	4
建立しませんでした	4
建立しましょう	4
建立しない	4
建立しなかった	4
建立した	4
建立して	4
建立している	4
建立しています	4
建立していた	4
建立していました	4
建立してる	4
建立してます	4
建築する	4
建築します	4
建築しません	4
建築しました	4
建築しませんでした	4
建築しましょう	4
建築しない	4
建築しなかった	4
建築した	4
建築して	4
建築している	4
建築しています	4
建築していた	4
建築していました	4
建築してる	4
建築してます	4
建設する	4
建設します	4
建設しません	4
建設しました	4
建設しませんでした	4
建設しましょう	4
建設しない	4
建設しなかった	4
建設した	4
建設して	4
建設している	4
建設しています	4
建設していた	4
建設していました	4
建設してる	4
建設してます	4
建議する	1
建議します	1
建議しません	1
建議しました	1
建議しませんでした	1
建議しましょう	1
建議しない	1
建議しなかった	1
建議した	1
建議して	1
建議している	1
建議しています	1
建議していた	1
建議していました	1
建議してる	1
建議してます	1
建造する	4
建造します	4
建造しません	4
建造しました	4
建造しませんでした	4
建造しましょう	4
建造しない	4
建造しなかった	4
建造した	4
建造して	4
建造している	4
建造しています	4
建造していた	4
建造していました	4
建造してる	4
建造してます	4
弁償する	4
弁償します	4
弁償しません	4
弁償しました	4
弁償しませんでした	4
弁償しましょう	4
弁償しない	4
弁償しなかった	4
弁償した	4
弁償して	4
弁償している	4
弁償しています	4
弁償していた	4
弁償していました	4
弁償してる	4
弁償してます	4
弁明する	4
弁明します	4
弁明しません	4
弁明しました	4
弁明しませんでした	4
弁明しましょう	4
弁明しない	4
弁明しなかった	4
弁明した	4
弁明して	4
弁明している	4
弁明しています	4
弁明していた	4
弁明していました	4
弁明してる	4
弁明してます	4
弁済する	4
弁済します	4
弁済しません	4
弁済しました	4
弁済しませんでした	4
弁済しましょう	4
弁済しない	4
弁済しなかった	4
弁済した	4
弁済して	4
弁済している	4
弁済しています	4
弁済していた	4
弁済していました	4
弁済してる	4
弁済してます	4
弁解する	4
弁解します	4
弁解しません	4
弁解しました	4
弁解しませんでした	4
弁解しましょう	4
弁解しない	4
弁解しなかった	4
弁解した	4
弁解して	4
弁解している	4
弁解しています	4
弁解していた	4
弁解していました	4
弁解してる	4
弁解してます	4
弁論する	4
弁論します	4
弁論しません	4
弁論しました	4
弁論しませんでした	4
弁論しましょう	4
弁論しない	4
弁論しなかった	4
弁論した	4
弁論して	4
弁論している	4
弁論しています	4
弁論していた	4
弁論していました	4
弁論してる	4
弁論してます	4
弁護する	1
弁護します	1
弁護しません	1
弁護しました	1
弁護しませんでした	1
弁護しましょう	1
弁護しない	1
弁護しなかった	1
弁護した	1
弁護して	1
弁護している	1
弁護しています	1
弁護していた	1
弁護していました	1
弁護してる	1
弁護してます	1
弔問する	4
弔問します	4
弔問しません	4
弔問しました	4
弔問しませんでした	4
弔問しましょう	4
弔問しない	4
弔問しなかった	4
弔問した	4
弔問して	4
弔問している	4
弔問しています	4
弔問していた	4
弔問していました	4
弔問してる	4
弔問してます	4
引き算する	2
引き算します	2
引き算しません	2
引き算しました	2
引き算しませんでした	2
引き算しましょう	2
引き算しない	2
引き算しなかった	2
引き算した	2
引き算して	2
引き算している	2
引き算しています	2
引き算していた	2
引き算していました	2
引き算してる	2
引き算してます	2
引っ越しする	4
引っ越しします	4
引っ越ししません	4
引っ越ししました	4
引っ越ししませんでした	4
引っ越ししましょう	4
引っ越ししない	4
引っ越ししなかった	4
引っ越しした	4
引っ越しして	4
引っ越ししている	4
引っ越ししています	4
引っ越ししていた	4
引っ越ししていました	4
引っ越ししてる	4
引っ越ししてます	4
引用する	4
引用します	4
引用しません	4
引用しました	4
引用しませんでした	4
引用しましょう	4
引用しない	4
引用しなかった	4
引用した	4
引用して	4
引用している	4
引用しています	4
引用していた	4
引用していました	4
引用してる	4
引用してます	4
引責する	4
引責します	4
引責しません	4
引責しました	4
引責しませんでした	4
引責しましょう	4
引責しない	4
引責しなかった	4
引責した	4
引責して	4
引責している	4
引責しています	4
引責していた	4
引責していました	4
引責してる	4
引責してます	4
引退する	4
引退します	4
引退しません	4
引退しました	4
引退しませんでした	4
引退しましょう	4
引退しない	4
引退しなかった	4
引退した	4
引退して	4
引退している	4
引退しています	4
引退していた	4
引退していました	4
引退してる	4
引退してます	4
弟子入りする	2
弟子入りします	2
弟子入りしません	2
弟子入りしました	2
弟子入りしませんでした	2
弟子入りしましょう	2
弟子入りしない	2
弟子入りしなかった	2
弟子入りした	2
弟子入りして	2
弟子入りしている	2
弟子入りしています	2
弟子入りしていた	2
弟子入りしていました	2
弟子入りしてる	2
弟子入りしてます	2
強制する	4
強制します	4
強制しません	4
強制しました	4
強制しませんでした	4
強制しましょう	4
強制しない	4
強制しなかった	4
強制した	4
強制して	4
強制している	4
強制しています	4
強制していた	4
強制していました	4
強制してる	4
強制してます	4
強化する	1
強化します	1
強化しません	1
強化しました	1
強化しませんでした	1
強化しましょう	1
強化しない	1
強化しなかった	1
強化した	1
強化して	1
強化している	1
強化しています	1
強化していた	1
強化していました	1
強化してる	1
強化してます	1
強打する	1
強打します	1
強打しません	1
強打しました	1
強打しませんでした	1
強打しましょう	1
強打しない	1
強打しなかった	1
強打した	1
強打して	1
強打している	1
強打しています	1
強打していた	1
強打していました	1
強打してる	1
強打してます	1
強行する	4
強行します	4
強行しません	4
強行しました	4
強行しませんでした	4
強行しましょう	4
強行しない	4
強行しなかった	4
強行した	4
強行して	4
強行している	4
強行しています	4
強行していた	4
強行していました	4
強行してる	4
強行してます	4
強行採決する	5
強行採決します	5
強行採決しません	5
強行採決しました	5
強行採決しませんでした	5
強行採決しましょう	5
強行採決しない	5
強行採決しなかった	5
強行採決した	5
強行採決して	5
強行採決している	5
強行採決しています	5
強行採決していた	5
強行採決していました	5
強行採決してる	5
強行採決してます	5
強要する	4
強要します	4
強要しません	4
強要しました	4
強要しませんでした	4
強要しましょう	4
強要しない	4
強要しなかった	4
強要した	4
強要して	4
強要している	4
強要しています	4
強要していた	4
強要していました	4
強要してる	4
強要してます	4
強調する	4
強調します	4
強調しません	4
強調しました	4
強調しませんでした	4
強調しましょう	4
強調しない	4
強調しなかった	4
強調した	4
強調して	4
強調している	4
強調しています	4
強調していた	4
強調していました	4
強調してる	4
強調してます	4
弾劾する	4
弾劾します	4
弾劾しません	4
弾劾しました	4
弾劾しませんでした	4
弾劾しましょう	4
弾劾しない	4
弾劾しなかった	4
弾劾した	4
弾劾して	4
弾劾している	4
弾劾しています	4
弾劾していた	4
弾劾していました	4
弾劾してる	4
弾劾してます	4
弾圧する	4
弾圧します	4
弾圧しません	4
弾圧しました	4
弾圧しませんでした	4
弾圧しましょう	4
弾圧しない	4
弾圧しなかった	4
弾圧した	4
弾圧して	4
弾圧している	4
弾圧しています	4
弾圧していた	4
弾圧していました	4
弾圧してる	4
弾圧してます	4
当惑する	4
当惑します	4
当惑しません	4
当惑しました	4
当惑しませんでした	4
当惑しましょう	4
当惑しない	4
当惑しなかった	4
当惑した	4
当惑して	4
当惑している	4
当惑しています	4
当惑していた	4
当惑していました	4
当惑してる	4
当惑してます	4
当直する	4
当直します	4
当直しません	4
当直しました	4
当直しませんでした	4
当直しましょう	4
当直しない	4
当直しなかった	4
当直した	4
当直して	4
当直している	4
当直しています	4
当直していた	4
当直していました	4
当直してる	4
当直してます	4
当選する	4
当選します	4
当選しません	4
当選しました	4
当選しませんでした	4
当選しましょう	4
当選しない	4
当選しなかった	4
当選した	4
当選して	4
当選している	4
当選しています	4
当選していた	4
当選していました	4
当選してる	4
当選してます	4
当面する	4
当面します	4
当面しません	4
当面しました	4
当面しませんでした	4
当面しましょう	7
当面しない	4
当面しなかった	4
当面した	4
当面して	4
当面している	4
当面しています	4
当面していた	4
当面していました	4
当面してる	4
当面してます	4
形成する	4
形成します	4
形成しません	4
形成しました	4
形成しませんでした	4
形成しましょう	4
形成しない	4
形成しなかった	4
形成した	4
形成して	4
形成している	4
形成しています	4
形成していた	4
形成していました	4
形成してる	4
形成してます	4
彩色する	4
彩色します	4
彩色しません	4
彩色しました	4
彩色しませんでした	4
彩色しましょう	4
彩色しない	4
彩色しなかった	4
彩色した	4
彩色して	4
彩色している	4
彩色しています	4
彩色していた	4
彩色していました	4
彩色してる	4
彩色してます	4
彫刻する	4
彫刻します	4
彫刻しません	4
彫刻しました	4
彫刻しませんでした	4
彫刻しましょう	4
彫刻しない	4
彫刻しなかった	4
彫刻した	4
彫刻して	4
彫刻している	4
彫刻しています	4
彫刻していた	4
彫刻していました	4
彫刻してる	4
彫刻してます	4
影響する	4
影響します	4
影響しません	4
影響しました	4
影響しませんでした	4
影響しましょう	4
影響しない	4
影響しなかった	4
影響した	4
影響して	4
影響している	4
影響しています	4
影響していた	4
影響していました	4
影響してる	4
影響してます	4
彼方此方する	2
彼方此方します	2
彼方此方しません	2
彼方此方しました	2
彼方此方しませんでした	2
彼方此方しましょう	2
彼方此方しない	2
彼方此方しなかった	2
彼方此方した	2
彼方此方して	2
彼方此方している	2
彼方此方しています	2
彼方此方していた	2
彼方此方していました	2
彼方此方してる	2
彼方此方してます	2
往復する	4
往復します	4
往復しません	4
往復しました	4
往復しませんでした	4
往復しましょう	4
往復しない	4
往復しなかった	4
往復した	4
往復して	4
往復している	4
往復しています	4
往復していた	4
往復していました	4
往復してる	4
往復してます	4
往来する	4
往来します	4
往来しません	4
往来しました	4
往来しませんでした	4
往来しましょう	4
往来しない	4
往来しなかった	4
往来した	4
往来して	4
往来している	4
往来しています	4
往来していた	4
往来していました	4
往来してる	4
往来してます	4
往生する	1
往生します	1
往生しません	1
往生しました	1
往生しませんでした	1
往生しましょう	1
往生しない	1
往生しなかった	1
往生した	1
往生して	1
往生している	1
往生しています	1
往生していた	1
往生していました	1
往生してる	1
往生してます	1
征服する	4
征服します	4
征服しません	4
征服しました	4
征服しませんでした	4
征服しましょう	4
征服しない	4
征服しなかった	4
征服した	4
征服して	4
征服している	4
征服しています	4
征服していた	4
征服していました	4
征服してる	4
征服してます	4
待ち伏せする	4
待ち伏せします	2
待ち伏せしません	2
待ち伏せしました	2
待ち伏せしませんでした	2
待ち伏せしましょう	2
待ち伏せしない	0
待ち伏せしなかった	9
待ち伏せした	2
待ち伏せして	2
待ち伏せしている	2
待ち伏せしています	2
待ち伏せしていた	2
待ち伏せしていました	2
待ち伏せしてる	2
待ち伏せしてます	2
待合する	4
待合します	6
待合しません	7
待合しました	6
待合しませんでした	7
待合しましょう	7
待合しない	4
待合しなかった	4
待合した	4
待合して	4
待合している	4
待合しています	4
待合していた	4
待合していました	4
待合してる	6
待合してます	4
待望する	4
待望します	4
待望しません	4
待望しました	4
待望しませんでした	4
待望しましょう	4
待望しない	4
待望しなかった	4
待望した	4
待望して	4
待望している	4
待望しています	4
待望していた	4
待望していました	4
待望してる	4
待望してます	4
待機する	1
待機します	1
待機しません	1
待機しました	1
待機しませんでした	1
待機しましょう	1
待機しない	1
待機しなかった	1
待機した	1
待機して	1
待機している	1
待機しています	1
待機していた	1
待機していました	1
待機してる	1
待機してます	1
待遇する	4
待遇します	4
待遇しません	4
待遇しました	4
待遇しませんでした	4
待遇しましょう	4
待遇しない	4
待遇しなかった	4
待遇した	4
待遇して	4
待遇している	4
待遇しています	4
待遇していた	4
待遇していました	4
待遇してる	4
待遇してます	4
後始末する	3
後始末します	3
後始末しません	3
後始末しました	3
後始末しませんでした	3
後始末しましょう	3
後始末しない	3
後始末しなかった	3
後始末した	3
後始末して	3
後始末している	3
後始末しています	3
後始末していた	3
後始末していました	3
後始末してる	3
後始末してます	3
後悔する	1
後悔します	1
後悔しません	1
後悔しました	1
後悔しませんでした	1
後悔しましょう	1
後悔しない	1
後悔しなかった	1
後悔した	1
後悔して	1
後悔している	1
後悔しています	1
後悔していた	1
後悔していました	1
後悔してる	1
後悔してます	1
後戻りする	3
後戻りします	3
後戻りしません	3
後戻りしました	3
後戻りしませんでした	3
後戻りしましょう	3
後戻りしない	3
後戻りしなかった	3
後戻りした	3
後戻りして	3
後戻りしている	3
後戻りしています	3
後戻りしていた	3
後戻りしていました	3
後戻りしてる	3
後戻りしてます	3
後押しする	2
後押しします	2
後押ししません	2
後押ししました	2
後押ししませんでした	2
後押ししましょう	2
後押ししない	2
後押ししなかった	2
後押しした	2
後押しして	2
後押ししている	2
後押ししています	2
後押ししていた	2
後押ししていました	2
後押ししてる	2
後押ししてます	2
後援する	4
後援します	4
後援しません	4
後援しました	4
後援しませんでした	4
後援しましょう	4
後援しない	4
後援しなかった	4
後援した	4
後援して	4
後援している	4
後援しています	4
後援していた	4
後援していました	4
後援してる	4
後援してます	4
後片付けする	3
後片付けします	3
後片付けしません	3
後片付けしました	3
後片付けしませんでした	3
後片付けしましょう	3
後片付けしない	3
後片付けしなかった	3
後片付けした	3
後片付けして	3
後片付けしている	3
後片付けしています	3
後片付けしていた	3
後片付けしていました	3
後片付けしてる	3
後片付けしてます	3
後発する	4
後発します	4
後発しません	4
後発しました	4
後発しませんでした	4
後発しましょう	4
後発しない	4
後発しなかった	4
後発した	4
後発して	4
後発している	4
後発しています	4
後発していた	4
後発していました	4
後発してる	4
後発してます	4
後続する	4
後続します	4
後続しません	4
後続しました	4
後続しませんでした	4
後続しましょう	4
後続しない	4
後続しなかった	4
後続した	4
後続して	4
後続している	4
後続しています	4
後続していた	4
後続していました	4
後続してる	4
後続してます	4
後見する	4
後見します	4
後見しません	4
後見しました	4
後見しませんでした	4
後見しましょう	4
後見しない	4
後見しなかった	4
後見した	4
後見して	4
後見している	4
後見しています	4
後見していた	4
後見していました	4
後見してる	4
後見してます	4
後退する	4
後退します	4
後退しません	4
後退しました	4
後退しませんでした	4
後退しましょう	4
後退しない	4
後退しなかった	4
後退した	4
後退して	4
後退している	4
後退しています	4
後退していた	4
後退していました	4
後退してる	4
後退してます	4
後進する	4
後進します	4
後進しません	4
後進しました	4
後進しませんでした	4
後進しましょう	4
後進しない	4
後進しなかった	4
後進した	4
後進して	4
後進している	4
後進しています	4
後進していた	4
後進していました	4
後進してる	4
後進してます	4
徐行する	3
徐行します	3
徐行しません	3
徐行しました	3
徐行しませんでした	3
徐行しましょう	3
徐行しない	3
徐行しなかった	3
徐行した	3
徐行して	3
徐行している	3
徐行しています	3
徐行していた	3
徐行していました	3
徐行してる	3
徐行してます	3
従事する	1
従事します	1
従事しません	1
従事しました	1
従事しませんでした	1
従事しましょう	1
従事しない	1
従事しなかった	1
従事した	1
従事して	1
従事している	1
従事しています	1
従事していた	1
従事していました	1
従事してる	1
従事してます	1
従属する	4
従属します	4
従属しません	4
従属しました	4
従属しませんでした	4
従属しましょう	4
従属しない	4
従属しなかった	4
従属した	4
従属して	4
従属している	4
従属しています	4
従属していた	4
従属していました	4
従属してる	4
従属してます	4
従軍する	4
従軍します	4
従軍しません	4
従軍しました	4
従軍しませんでした	4
従軍しましょう	4
従軍しない	4
従軍しなかった	4
従軍した	4
従軍して	4
従軍している	4
従軍しています	4
従軍していた	4
従軍していました	4
従軍してる	4
従軍してます	4
得するする	0
得するします	6
得するしません	7
得するしました	6
得するしませんでした	7
得するしましょう	7
得するしない	0
得するしなかった	9
得するした	6
得するして	0
得するしている	6
得するしています	6
得するしていた	6
得するしていました	6
得するしてる	5
得するしてます	7
得点する	4
得点します	4
得点しません	4
得点しました	4
得点しませんでした	4
得点しましょう	4
得点しない	4
得点しなかった	4
得点した	4
得点して	4
得点している	4
得点しています	4
得点していた	4
得点していました	4
得点してる	4
得点してます	4
得票する	4
得票します	4
得票しません	4
得票しました	4
得票しませんでした	4
得票しましょう	4
得票しない	4
得票しなかった	4
得票した	4
得票して	4
得票している	4
得票しています	4
得票していた	4
得票していました	4
得票してる	4
得票してます	4
復元する	4
復元します	4
復元しません	4
復元しました	4
復元しませんでした	4
復元しましょう	4
復元しない	4
復元しなかった	4
復元した	4
復元して	4
復元している	4
復元しています	4
復元していた	4
復元していました	4
復元してる	4
復元してます	4
復党する	4
復党します	4
復党しません	4
復党しました	4
復党しませんでした	4
復党しましょう	4
復党しない	4
復党しなかった	4
復党した	4
復党して	4
復党している	4
復党しています	4
復党していた	4
復党していました	4
復党してる	4
復党してます	4
復刻する	4
復刻します	4
復刻しません	4
復刻しました	4
復刻しませんでした	4
復刻しましょう	4
復刻しない	4
復刻しなかった	4
復刻した	4
復刻して	4
復刻している	4
復刻しています	4
復刻していた	4
復刻していました	4
復刻してる	4
復刻してます	4
復員する	4
復員します	4
復員しません	4
復員しました	4
復員しませんでした	4
復員しましょう	4
復員しない	4
復員しなかった	4
復員した	4
復員して	4
復員している	4
復員しています	4
復員していた	4
復員していました	4
復員してる	4
復員してます	4
復帰する	3
復帰します	3
復帰しません	3
復帰しました	3
復帰しませんでした	3
復帰しましょう	3
復帰しない	3
復帰しなかった	3
復帰した	3
復帰して	3
復帰している	3
復帰しています	3
復帰していた	3
復帰していました	3
復帰してる	3
復帰してます	3
復旧する	4
復旧します	4
復旧しません	4
復旧しました	4
復旧しませんでした	4
復旧しましょう	4
復旧しない	4
復旧しなかった	4
復旧した	4
復旧して	4
復旧している	4
復旧しています	4
復旧していた	4
復旧していました	4
復旧してる	4
復旧してます	4
復権する	4
復権します	4
復権しません	4
復権しました	4
復権しませんでした	4
復権しましょう	4
復権しない	4
復権しなかった	4
復権した	4
復権して	4
復権している	4
復権しています	4
復権していた	4
復権していました	4
復権してる	4
復権してます	4
復活する	4
復活します	4
復活しません	4
復活しました	4
復活しませんでした	4
復活しましょう	4
復活しない	4
復活しなかった	4
復活した	4
復活して	4
復活している	4
復活しています	4
復活していた	4
復活していました	4
復活してる	4
復活してます	4
復習する	4
復習します	4
復習しません	4
復習しました	4
復習しませんでした	4
復習しましょう	4
復習しない	4
復習しなかった	4
復習した	4
復習して	4
復習している	4
復習しています	4
復習していた	4
復習していました	4
復習してる	4
復習してます	4
復興する	4
復興します	4
復興しません	4
復興しました	4
復興しませんでした	4
復興しましょう	4
復興しない	4
復興しなかった	4
復興した	4
復興して	4
復興している	4
復興しています	4
復興していた	4
復興していました	4
復興してる	4
復興してます	4
復調する	4
復調します	4
復調しません	4
復調しました	4
復調しませんでした	4
復調しましょう	4
復調しない	4
復調しなかった	4
復調した	4
復調して	4
復調している	4
復調しています	4
復調していた	4
復調していました	4
復調してる	4
復調してます	4
復讐する	4
復讐します	4
復讐しません	4
復讐しました	4
復讐しませんでした	4
復讐しましょう	4
復讐しない	4
復讐しなかった	4
復讐した	4
復讐して	4
復讐している	4
復讐しています	4
復讐していた	4
復讐していました	4
復讐してる	4
復讐してます	4
循環する	4
循環します	4
循環しません	4
循環しました	4
循環しませんでした	4
循環しましょう	4
循環しない	4
循環しなかった	4
循環した	4
循環して	4
循環している	4
循環しています	4
循環していた	4
循環していました	4
循環してる	4
循環してます	4
微動する	3
微動します	3
微動しません	3
微動しました	3
微動しませんでした	3
微動しましょう	3
微動しない	3
微動しなかった	3
微動した	3
微動して	3
微動している	3
微動しています	3
微動していた	3
微動していました	3
微動してる	3
微動してます	3
微笑する	3
微笑します	3
微笑しません	3
微笑しました	3
微笑しませんでした	3
微笑しましょう	3
微笑しない	3
微笑しなかった	3
微笑した	3
微笑して	3
微笑している	3
微笑しています	3
微笑していた	3
微笑していました	3
微笑してる	3
微笑してます	3
徴兵する	4
徴兵します	4
徴兵しません	4
徴兵しました	4
徴兵しませんでした	4
徴兵しましょう	4
徴兵しない	4
徴兵しなかった	4
徴兵した	4
徴兵して	4
徴兵している	4
徴兵しています	4
徴兵していた	4
徴兵していました	4
徴兵してる	4
徴兵してます	4
徴収する	4
徴収します	4
徴収しません	4
徴収しました	4
徴収しませんでした	4
徴収しましょう	4
徴収しない	4
徴収しなかった	4
徴収した	4
徴収して	4
徴収している	4
徴収しています	4
徴収していた	4
徴収していました	4
徴収してる	4
徴収してます	4
徹するする	0
徹するします	6
徹するしません	7
徹するしました	6
徹するしませんでした	7
徹するしましょう	7
徹するしない	0
徹するしなかった	9
徹するした	6
徹するして	0
徹するしている	6
徹するしています	6
徹するしていた	6
徹するしていました	6
徹するしてる	2
徹するしてます	7
徹夜する	3
徹夜します	3
徹夜しません	3
徹夜しました	3
徹夜しませんでした	3
徹夜しましょう	3
徹夜しない	3
徹夜しなかった	3
徹夜した	3
徹夜して	3
徹夜している	3
徹夜しています	3
徹夜していた	3
徹夜していました	3
徹夜してる	3
徹夜してます	3
徹底する	4
徹底します	4
徹底しません	4
徹底しました	4
徹底しませんでした	4
徹底しましょう	4
徹底しない	4
徹底しなかった	4
徹底した	4
徹底して	4
徹底している	4
徹底しています	4
徹底していた	4
徹底していました	4
徹底してる	4
徹底してます	4
心中する	4
心中します	4
心中しません	4
心中しました	4
心中しませんでした	4
心中しましょう	4
心中しない	4
心中しなかった	4
心中した	4
心中して	4
心中している	4
心中しています	4
心中していた	4
心中していました	4
心中してる	4
心中してます	4
心待ちする	5
心待ちします	5
心待ちしません	5
心待ちしました	5
心待ちしませんでした	5
心待ちしましょう	5
心待ちしない	5
心待ちしなかった	5
心待ちした	5
心待ちして	5
心待ちしている	5
心待ちしています	5
心待ちしていた	5
心待ちしていました	5
心待ちしてる	5
心待ちしてます	5
心構えする	4
心構えします	4
心構えしません	4
心構えしました	4
心構えしませんでした	4
心構えしましょう	4
心構えしない	4
心構えしなかった	4
心構えした	4
心構えして	4
心構えしている	4
心構えしています	4
心構えしていた	4
心構えしていました	4
心構えしてる	4
心構えしてます	4
心配する	4
心配します	4
心配しません	4
心配しました	4
心配しませんでした	4
心配しましょう	4
心配しない	4
心配しなかった	4
心配した	4
心配して	4
心配している	4
心配しています	4
心配していた	4
心配していました	4
心配してる	4
心配してます	4
必着する	4
必着します	4
必着しません	4
必着しました	4
必着しませんでした	4
必着しましょう	4
必着しない	4
必着しなかった	4
必着した	4
必着して	4
必着している	4
必着しています	4
必着していた	4
必着していました	4
必着してる	4
必着してます	4
忍耐する	1
忍耐します	1
忍耐しません	1
忍耐しました	1
忍耐しませんでした	1
忍耐しましょう	1
忍耐しない	1
忍耐しなかった	1
忍耐した	1
忍耐して	1
忍耐している	1
忍耐しています	1
忍耐していた	1
忍耐していました	1
忍耐してる	1
忍耐してます	1
志向する	3
志向します	3
志向しません	3
志向しました	3
志向しませんでした	3
志向しましょう	3
志向しない	3
志向しなかった	3
志向した	3
志向して	3
志向している	3
志向しています	3
志向していた	3
志向していました	3
志向してる	3
志向してます	3
志望する	3
志望します	3
志望しません	3
志望しました	3
志望しませんでした	3
志望しましょう	3
志望しない	3
志望しなかった	3
志望した	3
志望して	3
志望している	3
志望しています	3
志望していた	3
志望していました	3
志望してる	3
志望してます	3
志願する	1
志願します	1
志願しません	1
志願しました	1
志願しませんでした	1
志願しましょう	1
志願しない	1
志願しなかった	1
志願した	1
志願して	1
志願している	1
志願しています	1
志願していた	1
志願していました	1
志願してる	1
志願してます	1
忘却する	4
忘却します	4
忘却しません	4
忘却しました	4
忘却しませんでした	4
忘却しましょう	4
忘却しない	4
忘却しなかった	4
忘却した	4
忘却して	4
忘却している	4
忘却しています	4
忘却していた	4
忘却していました	4
忘却してる	4
忘却してます	4
応募する	3
応募します	3
応募しません	3
応募しました	3
応募しませんでした	3
応募しましょう	3
応募しない	3
応募しなかった	3
応募した	3
応募して	3
応募している	3
応募しています	3
応募していた	3
応募していました	3
応募してる	3
応募してます	3
応対する	4
応対します	4
応対しません	4
応対しました	4
応対しませんでした	4
応対しましょう	4
応対しない	4
応対しなかった	4
応対した	4
応対して	4
応対している	4
応対しています	4
応対していた	4
応対していました	4
応対してる	4
応対してます	4
応接する	4
応接します	4
応接しません	4
応接しました	4
応接しませんでした	4
応接しましょう	4
応接しない	4
応接しなかった	4
応接した	4
応接して	4
応接している	4
応接しています	4
応接していた	4
応接していました	4
応接してる	4
応接してます	4
応援する	4
応援します	4
応援しません	4
応援しました	4
応援しませんでした	4
応援しましょう	4
応援しない	4
応援しなかった	4
応援した	4
応援して	4
応援している	4
応援しています	4
応援していた	4
応援していました	4
応援してる	4
応援してます	4
応札する	4
応札します	4
応札しません	4
応札しました	4
応札しませんでした	4
応札しましょう	4
応札しない	4
応札しなかった	4
応札した	4
応札して	4
応札している	4
応札しています	4
応札していた	4
応札していました	4
応札してる	4
応札してます	4
応用する	4
応用します	4
応用しません	4
応用しました	4
応用しませんでした	4
応用しましょう	4
応用しない	4
応用しなかった	4
応用した	4
応用して	4
応用している	4
応用しています	4
応用していた	4
応用していました	4
応用してる	4
応用してます	4
応答する	4
応答します	4
応答しません	4
応答しました	4
応答しませんでした	4
応答しましょう	4
応答しない	4
応答しなかった	4
応答した	4
応答して	4
応答している	4
応答しています	4
応答していた	4
応答していました	4
応答してる	4
応答してます	4
応酬する	4
応酬します	4
応酬しません	4
応酬しました	4
応酬しませんでした	4
応酬しましょう	4
応酬しない	4
応酬しなかった	4
応酬した	4
応酬して	4
応酬している	4
応酬しています	4
応酬していた	4
応酬していました	4
応酬してる	4
応酬してます	4
忠告する	4
忠告します	4
忠告しません	4
忠告しました	4
忠告しませんでした	4
忠告しましょう	4
忠告しない	4
忠告しなかった	4
忠告した	4
忠告して	4
忠告している	4
忠告しています	4
忠告していた	4
忠告していました	4
忠告してる	4
忠告してます	4
快勝する	4
快勝します	4
快勝しません	4
快勝しました	4
快勝しませんでした	4
快勝しましょう	4
快勝しない	4
快勝しなかった	4
快勝した	4
快勝して	4
快勝している	4
快勝しています	4
快勝していた	4
快勝していました	4
快勝してる	4
快勝してます	4
念願する	4
念願します	4
念願しません	4
念願しました	4
念願しませんでした	4
念願しましょう	4
念願しない	4
念願しなかった	4
念願した	4
念願して	4
念願している	4
念願しています	4
念願していた	4
念願していました	4
念願してる	4
念願してます	4
思考する	3
思考します	3
思考しません	3
思考しました	3
思考しませんでした	3
思考しましょう	3
思考しない	3
思考しなかった	3
思考した	3
思考して	3
思考している	3
思考しています	3
思考していた	3
思考していました	3
思考してる	3
思考してます	3
急伸する	4
急伸します	4
急伸しません	4
急伸しました	4
急伸しませんでした	4
急伸しましょう	2
急伸しない	4
急伸しなかった	4
急伸した	4
急伸して	4
急伸している	4
急伸しています	4
急伸していた	4
急伸していました	4
急伸してる	4
急伸してます	4
急増する	4
急増します	4
急増しません	4
急増しました	4
急増しませんでした	4
急増しましょう	4
急増しない	4
急増しなかった	4
急増した	4
急増して	4
急増している	4
急増しています	4
急増していた	4
急増していました	4
急増してる	4
急増してます	4
急変する	4
急変します	4
急変しません	4
急変しました	4
急変しませんでした	4
急変しましょう	4
急変しない	4
急変しなかった	4
急変した	4
急変して	4
急変している	4
急変しています	4
急変していた	4
急変していました	4
急変してる	4
急変してます	4
急成長する	3
急成長します	3
急成長しません	3
急成長しました	3
急成長しませんでした	3
急成長しましょう	3
急成長しない	3
急成長しなかった	3
急成長した	3
急成長して	3
急成長している	3
急成長しています	3
急成長していた	3
急成長していました	3
急成長してる	3
急成長してます	3
急死する	3
急死します	3
急死しません	3
急死しました	3
急死しませんでした	3
急死しましょう	3
急死しない	3
急死しなかった	3
急死した	3
急死して	3
急死している	3
急死しています	3
急死していた	3
急死していました	3
急死してる	3
急死してます	3
急落する	4
急落します	4
急落しません	4
急落しました	4
急落しませんでした	4
急落しましょう	4
急落しない	4
急落しなかった	4
急落した	4
急落して	4
急落している	4
急落しています	4
急落していた	4
急落していました	4
急落してる	4
急落してます	4
急行する	4
急行します	4
急行しません	4
急行しました	4
急行しませんでした	4
急行しましょう	4
急行しない	4
急行しなかった	4
急行した	4
急行して	4
急行している	4
急行しています	4
急行していた	4
急行していました	4
急行してる	4
急行してます	4
急進する	4
急進します	4
急進しません	4
急進しました	4
急進しませんでした	4
急進しましょう	4
急進しない	4
急進しなかった	4
急進した	4
急進して	4
急進している	4
急進しています	4
急進していた	4
急進していました	4
急進してる	4
急進してます	4
急騰する	4
急騰します	4
急騰しません	4
急騰しました	4
急騰しませんでした	4
急騰しましょう	4
急騰しない	4
急騰しなかった	4
急騰した	4
急騰して	4
急騰している	4
急騰しています	4
急騰していた	4
急騰していました	4
急騰してる	4
急騰してます	4
怪我する	2
怪我します	2
怪我しません	2
怪我しました	2
怪我しませんでした	2
怪我しましょう	2
怪我しない	2
怪我しなかった	2
怪我した	2
怪我して	2
怪我している	2
怪我しています	2
怪我していた	2
怪我していました	2
怪我してる	2
怪我してます	2
恋愛する	4
恋愛します	4
恋愛しません	4
恋愛しました	4
恋愛しませんでした	4
恋愛しましょう	4
恋愛しない	4
恋愛しなかった	4
恋愛した	4
恋愛して	4
恋愛している	4
恋愛しています	4
恋愛していた	4
恋愛していました	4
恋愛してる	4
恋愛してます	4
恐喝する	4
恐喝します	4
恐喝しません	4
恐喝しました	4
恐喝しませんでした	4
恐喝しましょう	4
恐喝しない	4
恐喝しなかった	4
恐喝した	4
恐喝して	4
恐喝している	4
恐喝しています	4
恐喝していた	4
恐喝していました	4
恐喝してる	4
恐喝してます	4
恐怖する	1
恐怖します	1
恐怖しません	1
恐怖しました	1
恐怖しませんでした	1
恐怖しましょう	1
恐怖しない	1
恐怖しなかった	1
恐怖した	1
恐怖して	1
恐怖している	1
恐怖しています	1
恐怖していた	1
恐怖していました	1
恐怖してる	1
恐怖してます	1
恐縮する	4
恐縮します	4
恐縮しません	4
恐縮しました	4
恐縮しませんでした	4
恐縮しましょう	4
恐縮しない	4
恐縮しなかった	4
恐縮した	4
恐縮して	4
恐縮している	4
恐縮しています	4
恐縮していた	4
恐縮していました	4
恐縮してる	4
恐縮してます	4
恩返しする	3
恩返しします	3
恩返ししません	3
恩返ししました	3
恩返ししませんでした	3
恩返ししましょう	3
恩返ししない	3
恩返ししなかった	3
恩返しした	3
恩返しして	3
恩返ししている	3
恩返ししています	3
恩返ししていた	3
恩返ししていました	3
恩返ししてる	3
恩返ししてます	3
息切れする	4
息切れします	4
息切れしません	4
息切れしました	4
息切れしませんでした	4
息切れしましょう	4
息切れしない	4
息切れしなかった	4
息切れした	4
息切れして	4
息切れしている	4
息切れしています	4
息切れしていた	4
息切れしていました	4
息切れしてる	4
息切れしてます	4
悔し泣きする	5
悔し泣きします	5
悔し泣きしません	5
悔し泣きしました	5
悔し泣きしませんでした	5
悔し泣きしましょう	5
悔し泣きしない	5
悔し泣きしなかった	5
悔し泣きした	5
悔し泣きして	5
悔し泣きしている	5
悔し泣きしています	5
悔し泣きしていた	5
悔し泣きしていました	5
悔し泣きしてる	5
悔し泣きしてます	5
悪化する	3
悪化します	3
悪化しません	3
悪化しました	3
悪化しませんでした	3
悪化しましょう	3
悪化しない	3
悪化しなかった	3
悪化した	3
悪化して	3
悪化している	3
悪化しています	3
悪化していた	3
悪化していました	3
悪化してる	3
悪化してます	3
悪口する	2
悪口します	2
悪口しません	2
悪口しました	2
悪口しませんでした	2
悪口しましょう	2
悪口しない	2
悪口しなかった	2
悪口した	2
悪口して	2
悪口している	2
悪口しています	2
悪口していた	2
悪口していました	2
悪口してる	2
悪口してます	2
悪戯する	4
悪戯します	4
悪戯しません	4
悪戯しました	4
悪戯しませんでした	4
悪戯しましょう	4
悪戯しない	4
悪戯しなかった	4
悪戯した	4
悪戯して	4
悪戯している	4
悪戯しています	4
悪戯していた	4
悪戯していました	4
悪戯してる	4
悪戯してます	4
悪用する	4
悪用します	4
悪用しません	4
悪用しました	4
悪用しませんでした	4
悪用しましょう	4
悪用しない	4
悪用しなかった	4
悪用した	4
悪用して	4
悪用している	4
悪用しています	4
悪用していた	4
悪用していました	4
悪用してる	4
悪用してます	4
悲観する	3
悲観します	3
悲観しません	3
悲観しました	3
悲観しませんでした	3
悲観しましょう	3
悲観しない	3
悲観しなかった	3
悲観した	3
悲観して	3
悲観している	3
悲観しています	3
悲観していた	3
悲観していました	3
悲観してる	3
悲観してます	3
惨敗する	4
惨敗します	4
惨敗しません	4
惨敗しました	4
惨敗しませんでした	4
惨敗しましょう	4
惨敗しない	4
惨敗しなかった	4
惨敗した	4
惨敗して	4
惨敗している	4
惨敗しています	4
惨敗していた	4
惨敗していました	4
惨敗してる	4
惨敗してます	4
想像する	4
想像します	4
想像しません	4
想像しました	4
想像しませんでした	4
想像しましょう	4
想像しない	4
想像しなかった	4
想像した	4
想像して	4
想像している	4
想像しています	4
想像していた	4
想像していました	4
想像してる	4
想像してます	4
想定する	4
想定します	4
想定しません	4
想定しました	4
想定しませんでした	4
想定しましょう	4
想定しない	4
想定しなかった	4
想定した	4
想定して	4
想定している	4
想定しています	4
想定していた	4
想定していました	4
想定してる	4
想定してます	4
意味する	1
意味します	1
意味しません	1
意味しました	1
意味しませんでした	1
意味しましょう	1
意味しない	1
意味しなかった	1
意味した	1
意味して	1
意味している	1
意味しています	1
意味していた	1
意味していました	1
意味してる	1
意味してます	1
意図する	1
意図します	1
意図しません	1
意図しました	1
意図しませんでした	1
意図しましょう	1
意図しない	1
意図しなかった	1
意図した	1
意図して	1
意図している	1
意図しています	1
意図していた	1
意図していました	1
意図してる	1
意図してます	1
意思表示する	3
意思表示します	3
意思表示しません	3
意思表示しました	3
意思表示しませんでした	3
意思表示しましょう	3
意思表示しない	3
意思表示しなかった	3
意思表示した	3
意思表示して	3
意思表示している	3
意思表示しています	3
意思表示していた	3
意思表示していました	3
意思表示してる	3
意思表示してます	3
意見する	1
意見します	1
意見しません	1
意見しました	1
意見しませんでした	1
意見しましょう	1
意見しない	1
意見しなかった	1
意見した	1
意見して	1
意見している	1
意見しています	1
意見していた	1
意見していました	1
意見してる	1
意見してます	1
意識する	1
意識します	1
意識しません	1
意識しました	1
意識しませんでした	1
意識しましょう	1
意識しない	1
意識しなかった	1
意識した	1
意識して	1
意識している	1
意識しています	1
意識していた	1
意識していました	1
意識してる	1
意識してます	1
愚図愚図する	1
愚図愚図します	1
愚図愚図しません	1
愚図愚図しました	1
愚図愚図しませんでした	1
愚図愚図しましょう	1
愚図愚図しない	1
愚図愚図しなかった	1
愚図愚図した	1
愚図愚図して	1
愚図愚図している	1
愚図愚図しています	1
愚図愚図していた	1
愚図愚図していました	1
愚図愚図してる	1
愚図愚図してます	1
愛するする	3
愛するします	6
愛するしません	7
愛するしました	6
愛するしませんでした	7
愛するしましょう	7
愛するしない	5
愛するしなかった	5
愛するした	3
愛するして	3
愛するしている	3
愛するしています	3
愛するしていた	3
愛するしていました	3
愛するしてる	3
愛するしてます	3
愛好する	4
愛好します	4
愛好しません	4
愛好しました	4
愛好しませんでした	4
愛好しましょう	4
愛好しない	4
愛好しなかった	4
愛好した	4
愛好して	4
愛好している	4
愛好しています	4
愛好していた	4
愛好していました	4
愛好してる	4
愛好してます	4
愛用する	4
愛用します	4
愛用しません	4
愛用しました	4
愛用しませんでした	4
愛用しましょう	4
愛用しない	4
愛用しなかった	4
愛用した	4
愛用して	4
愛用している	4
愛用しています	4
愛用していた	4
愛用していました	4
愛用してる	4
愛用してます	4
愛着する	4
愛着します	4
愛着しません	4
愛着しました	4
愛着しませんでした	4
愛着しましょう	4
愛着しない	4
愛着しなかった	4
愛着した	4
愛着して	4
愛着している	4
愛着しています	4
愛着していた	4
愛着していました	4
愛着してる	4
愛着してます	4
愛読する	4
愛読します	4
愛読しません	4
愛読しました	4
愛読しませんでした	4
愛読しましょう	4
愛読しない	4
愛読しなかった	4
愛読した	4
愛読して	4
愛読している	4
愛読しています	4
愛読していた	4
愛読していました	4
愛読してる	4
愛読してます	4
愛護する	1
愛護します	1
愛護しません	1
愛護しました	1
愛護しませんでした	1
愛護しましょう	1
愛護しない	1
愛護しなかった	1
愛護した	1
愛護して	1
愛護している	1
愛護しています	1
愛護していた	1
愛護していました	1
愛護してる	1
愛護してます	1
感動する	4
感動します	4
感動しません	4
感動しました	4
感動しませんでした	4
感動しましょう	4
感動しない	4
感動しなかった	4
感動した	4
感動して	4
感動している	4
感動しています	4
感動していた	4
感動していました	4
感動してる	4
感動してます	4
感化する	1
感化します	1
感化しません	1
感化しました	1
感化しませんでした	1
感化しましょう	1
感化しない	1
感化しなかった	1
感化した	1
感化して	1
感化している	1
感化しています	1
感化していた	1
感化していました	1
感化してる	1
感化してます	1
感嘆する	4
感嘆します	4
感嘆しません	4
感嘆しました	4
感嘆しませんでした	4
感嘆しましょう	4
感嘆しない	4
感嘆しなかった	4
感嘆した	4
感嘆して	4
感嘆している	4
感嘆しています	4
感嘆していた	4
感嘆していました	4
感嘆してる	4
感嘆してます	4
感心する	4
感心します	4
感心しません	4
感心しました	4
感心しませんでした	4
感心しましょう	4
感心しない	4
感心しなかった	4
感心した	4
感心して	4
感心している	4
感心しています	4
感心していた	4
感心していました	4
感心してる	4
感心してます	4
感染する	4
感染します	4
感染しません	4
感染しました	4
感染しませんでした	4
感染しましょう	4
感染しない	4
感染しなかった	4
感染した	4
感染して	4
感染している	4
感染しています	4
感染していた	4
感染していました	4
感染してる	4
感染してます	4
感激する	4
感激します	4
感激しません	4
感激しました	4
感激しませんでした	4
感激しましょう	4
感激しない	4
感激しなかった	4
感激した	4
感激して	4
感激している	4
感激しています	4
感激していた	4
感激していました	4
感激してる	4
感激してます	4
感覚する	4
感覚します	4
感覚しません	4
感覚しました	4
感覚しませんでした	4
感覚しましょう	4
感覚しない	4
感覚しなかった	4
感覚した	4
感覚して	4
感覚している	4
感覚しています	4
感覚していた	4
感覚していました	4
感覚してる	4
感覚してます	4
感謝する	1
感謝します	1
感謝しません	1
感謝しました	1
感謝しませんでした	1
感謝しましょう	1
感謝しない	1
感謝しなかった	1
感謝した	1
感謝して	1
感謝している	1
感謝しています	1
感謝していた	1
感謝していました	1
感謝してる	1
感謝してます	1
感銘する	4
感銘します	4
感銘しません	4
感銘しました	4
感銘しませんでした	4
感銘しましょう	4
感銘しない	4
感銘しなかった	4
感銘した	4
感銘して	4
感銘している	4
感銘しています	4
感銘していた	4
感銘していました	4
感銘してる	4
感銘してます	4
慣習する	4
慣習します	4
慣習しません	4
慣習しました	4
慣習しませんでした	4
慣習しましょう	4
慣習しない	4
慣習しなかった	4
慣習した	4
慣習して	4
慣習している	4
慣習しています	4
慣習していた	4
慣習していました	4
慣習してる	4
慣習してます	4
慰安する	3
慰安します	3
慰安しません	3
慰安しました	3
慰安しませんでした	3
慰安しましょう	3
慰安しない	3
慰安しなかった	3
慰安した	3
慰安して	3
慰安している	3
慰安しています	3
慰安していた	3
慰安していました	3
慰安してる	3
慰安してます	3
慰謝する	1
慰謝します	1
慰謝しません	1
慰謝しました	1
慰謝しませんでした	1
慰謝しましょう	1
慰謝しない	1
慰謝しなかった	1
慰謝した	1
慰謝して	1
慰謝している	1
慰謝しています	1
慰謝していた	1
慰謝していました	1
慰謝してる	1
慰謝してます	1
慰霊する	3
慰霊します	3
慰霊しません	3
慰霊しました	3
慰霊しませんでした	3
慰霊しましょう	3
慰霊しない	3
慰霊しなかった	3
慰霊した	3
慰霊して	3
慰霊している	3
慰霊しています	3
慰霊していた	3
慰霊していました	3
慰霊してる	3
慰霊してます	3
憂慮する	1
憂慮します	1
憂慮しません	1
憂慮しました	1
憂慮しませんでした	1
憂慮しましょう	1
憂慮しない	1
憂慮しなかった	1
憂慮した	1
憂慮して	1
憂慮している	1
憂慮しています	1
憂慮していた	1
憂慮していました	1
憂慮してる	1
憂慮してます	1
憎悪する	1
憎悪します	1
憎悪しません	1
憎悪しました	1
憎悪しませんでした	1
憎悪しましょう	1
憎悪しない	1
憎悪しなかった	1
憎悪した	1
憎悪して	1
憎悪している	1
憎悪しています	1
憎悪していた	1
憎悪していました	1
憎悪してる	1
憎悪してます	1
憤慨する	4
憤慨します	4
憤慨しません	4
憤慨しました	4
憤慨しませんでした	4
憤慨しましょう	4
憤慨しない	4
憤慨しなかった	4
憤慨した	4
憤慨して	4
憤慨している	4
憤慨しています	4
憤慨していた	4
憤慨していました	4
憤慨してる	4
憤慨してます	4
憶測する	4
憶測します	4
憶測しません	4
憶測しました	4
憶測しませんでした	4
憶測しましょう	4
憶測しない	4
憶測しなかった	4
憶測した	4
憶測して	4
憶測している	4
憶測しています	4
憶測していた	4
憶測していました	4
憶測してる	4
憶測してます	4
懇話する	3
懇話します	3
懇話しません	3
懇話しました	3
懇話しませんでした	3
懇話しましょう	1
懇話しない	3
懇話しなかった	3
懇話した	3
懇話して	3
懇話している	3
懇話しています	3
懇話していた	3
懇話していました	3
懇話してる	3
懇話してます	3
懇談する	4
懇談します	4
懇談しません	4
懇談しました	4
懇談しませんでした	4
懇談しましょう	4
懇談しない	4
懇談しなかった	4
懇談した	4
懇談して	4
懇談している	4
懇談しています	4
懇談していた	4
懇談していました	4
懇談してる	4
懇談してます	4
懐疑する	1
懐疑します	1
懐疑しません	1
懐疑しました	1
懐疑しませんでした	1
懐疑しましょう	1
懐疑しない	1
懐疑しなかった	1
懐疑した	1
懐疑して	1
懐疑している	1
懐疑しています	1
懐疑していた	1
懐疑していました	1
懐疑してる	1
懐疑してます	1
懲戒する	4
懲戒します	4
懲戒しません	4
懲戒しました	4
懲戒しませんでした	4
懲戒しましょう	4
懲戒しない	4
懲戒しなかった	4
懲戒した	4
懲戒して	4
懲戒している	4
懲戒しています	4
懲戒していた	4
懲戒していました	4
懲戒してる	4
懲戒してます	4
懲罰する	1
懲罰します	1
懲罰しません	1
懲罰しました	1
懲罰しませんでした	1
懲罰しましょう	1
懲罰しない	1
懲罰しなかった	1
懲罰した	1
懲罰して	1
懲罰している	1
懲罰しています	1
懲罰していた	1
懲罰していました	1
懲罰してる	1
懲罰してます	1
懸念する	3
懸念します	3
懸念しません	3
懸念しました	3
懸念しませんでした	3
懸念しましょう	3
懸念しない	3
懸念しなかった	3
懸念した	3
懸念して	3
懸念している	3
懸念しています	3
懸念していた	3
懸念していました	3
懸念してる	3
懸念してます	3
成人する	4
成人します	4
成人しません	4
成人しました	4
成人しませんでした	4
成人しましょう	4
成人しない	4
成人しなかった	4
成人した	4
成人して	4
成人している	4
成人しています	4
成人していた	4
成人していました	4
成人してる	4
成人してます	4
成功する	4
成功します	4
成功しません	4
成功しました	4
成功しませんでした	4
成功しましょう	4
成功しない	4
成功しなかった	4
成功した	4
成功して	4
成功している	4
成功しています	4
成功していた	4
成功していました	4
成功してる	4
成功してます	4
成熟する	4
成熟します	4
成熟しません	4
成熟しました	4
成熟しませんでした	4
成熟しましょう	4
成熟しない	4
成熟しなかった	4
成熟した	4
成熟して	4
成熟している	4
成熟しています	4
成熟していた	4
成熟していました	4
成熟してる	4
成熟してます	4
成立する	4
成立します	4
成立しません	4
成立しました	4
成立しませんでした	4
成立しましょう	4
成立しない	4
成立しなかった	4
成立した	4
成立して	4
成立している	4
成立しています	4
成立していた	4
成立していました	4
成立してる	4
成立してます	4
成約する	4
成約します	4
成約しません	4
成約しました	4
成約しませんでした	4
成約しましょう	4
成約しない	4
成約しなかった	4
成約した	4
成約して	4
成約している	4
成約しています	4
成約していた	4
成約していました	4
成約してる	4
成約してます	4
成長する	4
成長します	4
成長しません	4
成長しました	4
成長しませんでした	4
成長しましょう	4
成長しない	4
成長しなかった	4
成長した	4
成長して	4
成長している	4
成長しています	4
成長していた	4
成長していました	4
成長してる	4
成長してます	4
我慢する	1
我慢します	1
我慢しません	1
我慢しました	1
我慢しませんでした	1
我慢しましょう	1
我慢しない	1
我慢しなかった	1
我慢した	1
我慢して	1
我慢している	1
我慢しています	1
我慢していた	1
我慢していました	1
我慢してる	1
我慢してます	1
戒告する	4
戒告します	4
戒告しません	4
戒告しました	4
戒告しませんでした	4
戒告しましょう	4
戒告しない	4
戒告しなかった	4
戒告した	4
戒告して	4
戒告している	4
戒告しています	4
戒告していた	4
戒告していました	4
戒告してる	4
戒告してます	4
戦争する	4
戦争します	4
戦争しません	4
戦争しました	4
戦争しませんでした	4
戦争しましょう	4
戦争しない	4
戦争しなかった	4
戦争した	4
戦争して	4
戦争している	4
戦争しています	4
戦争していた	4
戦争していました	4
戦争してる	4
戦争してます	4
戦勝する	4
戦勝します	4
戦勝しません	4
戦勝しました	4
戦勝しませんでした	4
戦勝しましょう	4
戦勝しない	4
戦勝しなかった	4
戦勝した	4
戦勝して	4
戦勝している	4
戦勝しています	4
戦勝していた	4
戦勝していました	4
戦勝してる	4
戦勝してます	4
戦死する	3
戦死します	3
戦死しません	3
戦死しました	3
戦死しませんでした	3
戦死しましょう	3
戦死しない	3
戦死しなかった	3
戦死した	3
戦死して	3
戦死している	3
戦死しています	3
戦死していた	3
戦死していました	3
戦死してる	3
戦死してます	3
戦没する	4
戦没します	4
戦没しません	4
戦没しました	4
戦没しませんでした	4
戦没しましょう	4
戦没しない	4
戦没しなかった	4
戦没した	4
戦没して	4
戦没している	4
戦没しています	4
戦没していた	4
戦没していました	4
戦没してる	4
戦没してます	4
戦闘する	4
戦闘します	4
戦闘しません	4
戦闘しました	4
戦闘しませんでした	4
戦闘しましょう	4
戦闘しない	4
戦闘しなかった	4
戦闘した	4
戦闘して	4
戦闘している	4
戦闘しています	4
戦闘していた	4
戦闘していました	4
戦闘してる	4
戦闘してます	4
戸別訪問する	4
戸別訪問します	4
戸別訪問しません	4
戸別訪問しました	4
戸別訪問しませんでした	4
戸別訪問しましょう	4
戸別訪問しない	4
戸別訪問しなかった	4
戸別訪問した	4
戸別訪問して	4
戸別訪問している	4
戸別訪問しています	4
戸別訪問していた	4
戸別訪問していました	4
戸別訪問してる	4
戸別訪問してます	4
戸惑いする	4
戸惑いします	4
戸惑いしません	4
戸惑いしました	4
戸惑いしませんでした	4
戸惑いしましょう	4
戸惑いしない	5
戸惑いしなかった	5
戸惑いした	4
戸惑いして	4
戸惑いしている	4
戸惑いしています	4
戸惑いしていた	4
戸惑いしていました	4
戸惑いしてる	4
戸惑いしてます	4
戸締まりする	2
戸締まりします	2
戸締まりしません	2
戸締まりしました	2
戸締まりしませんでした	2
戸締まりしましょう	2
戸締まりしない	2
戸締まりしなかった	2
戸締まりした	2
戸締まりして	2
戸締まりしている	2
戸締まりしています	2
戸締まりしていた	2
戸締まりしていました	2
戸締まりしてる	2
戸締まりしてます	2
所在する	3
所在します	3
所在しません	3
所在しました	3
所在しませんでした	3
所在しましょう	3
所在しない	3
所在しなかった	3
所在した	3
所在して	3
所在している	3
所在しています	3
所在していた	3
所在していました	3
所在してる	3
所在してます	3
所属する	3
所属します	3
所属しません	3
所属しました	3
所属しませんでした	3
所属しましょう	3
所属しない	3
所属しなかった	3
所属した	3
所属して	3
所属している	3
所属しています	3
所属していた	3
所属していました	3
所属してる	3
所属してます	3
所持する	1
所持します	1
所持しません	1
所持しました	1
所持しませんでした	1
所持しましょう	1
所持しない	1
所持しなかった	1
所持した	1
所持して	1
所持している	1
所持しています	1
所持していた	1
所持していました	1
所持してる	1
所持してます	1
所有する	3
所有します	3
所有しません	3
所有しました	3
所有しませんでした	3
所有しましょう	3
所有しない	3
所有しなかった	3
所有した	3
所有して	3
所有している	3
所有しています	3
所有していた	3
所有していました	3
所有してる	3
所有してます	3
所管する	3
所管します	3
所管しません	3
所管しました	3
所管しませんでした	3
所管しましょう	3
所管しない	3
所管しなかった	3
所管した	3
所管して	3
所管している	3
所管しています	3
所管していた	3
所管していました	3
所管してる	3
所管してます	3
所蔵する	3
所蔵します	3
所蔵しません	3
所蔵しました	3
所蔵しませんでした	3
所蔵しましょう	3
所蔵しない	3
所蔵しなかった	3
所蔵した	3
所蔵して	3
所蔵している	3
所蔵しています	3
所蔵していた	3
所蔵していました	3
所蔵してる	3
所蔵してます	3
手入れする	3
手入れします	3
手入れしません	3
手入れしました	3
手入れしませんでした	3
手入れしましょう	3
手入れしない	3
手入れしなかった	3
手入れした	3
手入れして	3
手入れしている	3
手入れしています	3
手入れしていた	3
手入れしていました	3
手入れしてる	3
手入れしてます	3
手分けする	3
手分けします	3
手分けしません	3
手分けしました	3
手分けしませんでした	3
手分けしましょう	3
手分けしない	3
手分けしなかった	3
手分けした	3
手分けして	3
手分けしている	3
手分けしています	3
手分けしていた	3
手分けしていました	3
手分けしてる	3
手分けしてます	3
手助けする	2
手助けします	2
手助けしません	2
手助けしました	2
手助けしませんでした	2
手助けしましょう	2
手助けしない	2
手助けしなかった	2
手助けした	2
手助けして	2
手助けしている	2
手助けしています	2
手助けしていた	2
手助けしていました	2
手助けしてる	2
手助けしてます	2
手引きする	1
手引きします	1
手引きしません	1
手引きしました	1
手引きしませんでした	1
手引きしましょう	1
手引きしない	1
手引きしなかった	1
手引きした	1
手引きして	1
手引きしている	1
手引きしています	1
手引きしていた	1
手引きしていました	1
手引きしてる	1
手引きしてます	1
手当する	1
手当します	1
手当しません	1
手当しました	1
手当しませんでした	1
手当しましょう	1
手当しない	1
手当しなかった	1
手当した	1
手当して	1
手当している	1
手当しています	1
手当していた	1
手当していました	1
手当してる	1
手当してます	1
手抜きする	3
手抜きします	3
手抜きしません	3
手抜きしました	3
手抜きしませんでした	3
手抜きしましょう	3
手抜きしない	3
手抜きしなかった	3
手抜きした	3
手抜きして	3
手抜きしている	3
手抜きしています	3
手抜きしていた	3
手抜きしていました	3
手抜きしてる	3
手抜きしてます	3
手探りする	2
手探りします	2
手探りしません	2
手探りしました	2
手探りしませんでした	2
手探りしましょう	2
手探りしない	2
手探りしなかった	2
手探りした	2
手探りして	2
手探りしている	2
手探りしています	2
手探りしていた	2
手探りしていました	2
手探りしてる	2
手探りしてます	2
手直しする	2
手直しします	2
手直ししません	2
手直ししました	2
手直ししませんでした	2
手直ししましょう	2
手直ししない	2
手直ししなかった	2
手直しした	2
手直しして	2
手直ししている	2
手直ししています	2
手直ししていた	2
手直ししていました	2
手直ししてる	2
手直ししてます	2
手術する	1
手術します	1
手術しません	1
手術しました	1
手術しませんでした	1
手術しましょう	1
手術しない	1
手術しなかった	1
手術した	1
手術して	1
手術している	1
手術しています	1
手術していた	1
手術していました	1
手術してる	1
手術してます	1
手記する	1
手記します	1
手記しません	1
手記しました	1
手記しませんでした	1
手記しましょう	1
手記しない	1
手記しなかった	1
手記した	1
手記して	1
手記している	1
手記しています	1
手記していた	1
手記していました	1
手記してる	1
手記してます	1
手配する	1
手配します	1
手配しません	1
手配しました	1
手配しませんでした	1
手配しましょう	1
手配しない	1
手配しなかった	1
手配した	1
手配して	1
手配している	1
手配しています	1
手配していた	1
手配していました	1
手配してる	1
手配してます	1
打ち合わせする	5
打ち合わせします	5
打ち合わせしません	5
打ち合わせしました	5
打ち合わせしませんでした	5
打ち合わせしましょう	5
打ち合わせしない	5
打ち合わせしなかった	5
打ち合わせした	5
打ち合わせして	5
打ち合わせしている	5
打ち合わせしています	5
打ち合わせしていた	5
打ち合わせしていました	5
打ち合わせしてる	5
打ち合わせしてます	5
打倒する	3
打倒します	3
打倒しません	3
打倒しました	3
打倒しませんでした	3
打倒しましょう	3
打倒しない	3
打倒しなかった	3
打倒した	3
打倒して	3
打倒している	3
打倒しています	3
打倒していた	3
打倒していました	3
打倒してる	3
打倒してます	3
打撲する	3
打撲します	3
打撲しません	3
打撲しました	3
打撲しませんでした	3
打撲しましょう	3
打撲しない	3
打撲しなかった	3
打撲した	3
打撲して	3
打撲している	3
打撲しています	3
打撲していた	3
打撲していました	3
打撲してる	3
打撲してます	3
打破する	1
打破します	1
打破しません	1
打破しました	1
打破しませんでした	1
打破しましょう	1
打破しない	1
打破しなかった	1
打破した	1
打破して	1
打破している	1
打破しています	1
打破していた	1
打破していました	1
打破してる	1
打破してます	1
打診する	3
打診します	3
打診しません	3
打診しました	3
打診しませんでした	3
打診しましょう	3
打診しない	3
打診しなかった	3
打診した	3
打診して	3
打診している	3
打診しています	3
打診していた	3
打診していました	3
打診してる	3
打診してます	3
打開する	3
打開します	3
打開しません	3
打開しました	3
打開しませんでした	3
打開しましょう	3
打開しない	3
打開しなかった	3
打開した	3
打開して	3
打開している	3
打開しています	3
打開していた	3
打開していました	3
打開してる	3
打開してます	3
払い戻しする	6
払い戻しします	6
払い戻ししません	6
払い戻ししました	6
払い戻ししませんでした	6
払い戻ししましょう	6
払い戻ししない	6
払い戻ししなかった	6
払い戻しした	6
払い戻しして	6
払い戻ししている	6
払い戻ししています	6
払い戻ししていた	6
払い戻ししていました	6
払い戻ししてる	6
払い戻ししてます	6
払拭する	4
払拭します	4
払拭しません	4
払拭しました	4
払拭しませんでした	4
払拭しましょう	4
払拭しない	4
払拭しなかった	4
払拭した	4
払拭して	4
払拭している	4
払拭しています	4
払拭していた	4
払拭していました	4
払拭してる	4
払拭してます	4
扶助する	1
扶助します	1
扶助しません	1
扶助しました	1
扶助しませんでした	1
扶助しましょう	1
扶助しない	1
扶助しなかった	1
扶助した	1
扶助して	1
扶助している	1
扶助しています	1
扶助していた	1
扶助していました	1
扶助してる	1
扶助してます	1
扶養する	3
扶養します	3
扶養しません	3
扶養しました	3
扶養しませんでした	3
扶養しましょう	3
扶養しない	3
扶養しなかった	3
扶養した	3
扶養して	3
扶養している	3
扶養しています	3
扶養していた	3
扶養していました	3
扶養してる	3
扶養してます	3
批准する	3
批准します	3
批准しません	3
批准しました	3
批准しませんでした	3
批准しましょう	3
批准しない	3
批准しなかった	3
批准した	3
批准して	3
批准している	3
批准しています	3
批准していた	3
批准していました	3
批准してる	3
批准してます	3
批判する	3
批判します	3
批判しません	3
批判しました	3
批判しませんでした	3
批判しましょう	3
批判しない	3
批判しなかった	3
批判した	3
批判して	3
批判している	3
批判しています	3
批判していた	3
批判していました	3
批判してる	3
批判してます	3
批評する	3
批評します	3
批評しません	3
批評しました	3
批評しませんでした	3
批評しましょう	3
批評しない	3
批評しなかった	3
批評した	3
批評して	3
批評している	3
批評しています	3
批評していた	3
批評していました	3
批評してる	3
批評してます	3
承知する	3
承知します	3
承知しません	3
承知しました	3
承知しませんでした	3
承知しましょう	3
承知しない	3
承知しなかった	3
承知した	3
承知して	3
承知している	3
承知しています	3
承知していた	3
承知していました	3
承知してる	3
承知してます	3
承認する	4
承認します	4
承認しません	4
承認しました	4
承認しませんでした	4
承認しましょう	4
承認しない	4
承認しなかった	4
承認した	4
承認して	4
承認している	4
承認しています	4
承認していた	4
承認していました	4
承認してる	4
承認してます	4
承諾する	4
承諾します	4
承諾しません	4
承諾しました	4
承諾しませんでした	4
承諾しましょう	4
承諾しない	4
承諾しなかった	4
承諾した	4
承諾して	4
承諾している	4
承諾しています	4
承諾していた	4
承諾していました	4
承諾してる	4
承諾してます	4
把握する	3
把握します	3
把握しません	3
把握しました	3
把握しませんでした	3
把握しましょう	3
把握しない	3
把握しなかった	3
把握した	3
把握して	3
把握している	3
把握しています	3
把握していた	3
把握していました	3
把握してる	3
把握してます	3
抑制する	4
抑制します	4
抑制しません	4
抑制しました	4
抑制しませんでした	4
抑制しましょう	4
抑制しない	4
抑制しなかった	4
抑制した	4
抑制して	4
抑制している	4
抑制しています	4
抑制していた	4
抑制していました	4
抑制してる	4
抑制してます	4
抑圧する	4
抑圧します	4
抑圧しません	4
抑圧しました	4
抑圧しませんでした	4
抑圧しましょう	4
抑圧しない	4
抑圧しなかった	4
抑圧した	4
抑圧して	4
抑圧している	4
抑圧しています	4
抑圧していた	4
抑圧していました	4
抑圧してる	4
抑圧してます	4
抑止する	3
抑止します	3
抑止しません	3
抑止しました	3
抑止しませんでした	3
抑止しましょう	3
抑止しない	3
抑止しなかった	3
抑止した	3
抑止して	3
抑止している	3
抑止しています	3
抑止していた	3
抑止していました	3
抑止してる	3
抑止してます	3
抑留する	4
抑留します	4
抑留しません	4
抑留しました	4
抑留しませんでした	4
抑留しましょう	4
抑留しない	4
抑留しなかった	4
抑留した	4
抑留して	4
抑留している	4
抑留しています	4
抑留していた	4
抑留していました	4
抑留してる	4
抑留してます	4
投下する	3
投下します	3
投下しません	3
投下しました	3
投下しませんでした	3
投下しましょう	3
投下しない	3
投下しなかった	3
投下した	3
投下して	3
投下している	3
投下しています	3
投下していた	3
投下していました	3
投下してる	3
投下してます	3
投与する	1
投与します	1
投与しません	1
投与しました	1
投与しませんでした	1
投与しましょう	1
投与しない	1
投与しなかった	1
投与した	1
投与して	1
投与している	1
投与しています	1
投与していた	1
投与していました	1
投与してる	1
投与してます	1
投入する	4
投入します	4
投入しません	4
投入しました	4
投入しませんでした	4
投入しましょう	4
投入しない	4
投入しなかった	4
投入した	4
投入して	4
投入している	4
投入しています	4
投入していた	4
投入していました	4
投入してる	4
投入してます	4
投函する	4
投函します	4
投函しません	4
投函しました	4
投函しませんでした	4
投函しましょう	4
投函しない	4
投函しなかった	4
投函した	4
投函して	4
投函している	4
投函しています	4
投函していた	4
投函していました	4
投函してる	4
投函してます	4
投射する	3
投射します	3
投射しません	3
投射しました	3
投射しませんでした	3
投射しましょう	3
投射しない	3
投射しなかった	3
投射した	3
投射して	3
投射している	3
投射しています	3
投射していた	3
投射していました	3
投射してる	3
投射してます	3
投影する	4
投影します	4
投影しません	4
投影しました	4
投影しませんでした	4
投影しましょう	4
投影しない	4
投影しなかった	4
投影した	4
投影して	4
投影している	4
投影しています	4
投影していた	4
投影していました	4
投影してる	4
投影してます	4
投書する	3
投書します	3
投書しません	3
投書しました	3
投書しませんでした	3
投書しましょう	3
投書しない	3
投書しなかった	3
投書した	3
投書して	3
投書している	3
投書しています	3
投書していた	3
投書していました	3
投書してる	3
投書してます	3
投棄する	1
投棄します	1
投棄しません	1
投棄しました	1
投棄しませんでした	1
投棄しましょう	1
投棄しない	1
投棄しなかった	1
投棄した	1
投棄して	1
投棄している	1
投棄しています	1
投棄していた	1
投棄していました	1
投棄してる	1
投棄してます	1
投球する	4
投球します	4
投球しません	4
投球しました	4
投球しませんでした	4
投球しましょう	4
投球しない	4
投球しなかった	4
投球した	4
投球して	4
投球している	4
投球しています	4
投球していた	4
投球していました	4
投球してる	4
投球してます	4
投石する	4
投石します	4
投石しません	4
投石しました	4
投石しませんでした	4
投石しましょう	4
投石しない	4
投石しなかった	4
投石した	4
投石して	4
投石している	4
投石しています	4
投石していた	4
投石していました	4
投石してる	4
投石してます	4
投票する	4
投票します	4
投票しません	4
投票しました	4
投票しませんでした	4
投票しましょう	4
投票しない	4
投票しなかった	4
投票した	4
投票して	4
投票している	4
投票しています	4
投票していた	4
投票していました	4
投票してる	4
投票してます	4
投稿する	4
投稿します	4
投稿しません	4
投稿しました	4
投稿しませんでした	4
投稿しましょう	4
投稿しない	4
投稿しなかった	4
投稿した	4
投稿して	4
投稿している	4
投稿しています	4
投稿していた	4
投稿していました	4
投稿してる	4
投稿してます	4
投薬する	4
投薬します	4
投薬しません	4
投薬しました	4
投薬しませんでした	4
投薬しましょう	4
投薬しない	4
投薬しなかった	4
投薬した	4
投薬して	4
投薬している	4
投薬しています	4
投薬していた	4
投薬していました	4
投薬してる	4
投薬してます	4
投資する	3
投資します	3
投資しません	3
投資しました	3
投資しませんでした	3
投資しましょう	3
投資しない	3
投資しなかった	3
投資した	3
投資して	3
投資している	3
投資しています	3
投資していた	3
投資していました	3
投資してる	3
投資してます	3
投降する	4
投降します	4
投降しません	4
投降しました	4
投降しませんでした	4
投降しましょう	4
投降しない	4
投降しなかった	4
投降した	4
投降して	4
投降している	4
投降しています	4
投降していた	4
投降していました	4
投降してる	4
投降してます	4
抗争する	4
抗争します	4
抗争しません	4
抗争しました	4
抗争しませんでした	4
抗争しましょう	4
抗争しない	4
抗争しなかった	4
抗争した	4
抗争して	4
抗争している	4
抗争しています	4
抗争していた	4
抗争していました	4
抗争してる	4
抗争してます	4
抗告する	4
抗告します	4
抗告しません	4
抗告しました	4
抗告しませんでした	4
抗告しましょう	4
抗告しない	4
抗告しなかった	4
抗告した	4
抗告して	4
抗告している	4
抗告しています	4
抗告していた	4
抗告していました	4
抗告してる	4
抗告してます	4
抗戦する	4
抗戦します	4
抗戦しません	4
抗戦しました	4
抗戦しませんでした	4
抗戦しましょう	4
抗戦しない	4
抗戦しなかった	4
抗戦した	4
抗戦して	4
抗戦している	4
抗戦しています	4
抗戦していた	4
抗戦していました	4
抗戦してる	4
抗戦してます	4
抗議する	1
抗議します	1
抗議しません	1
抗議しました	1
抗議しませんでした	1
抗議しましょう	1
抗議しない	1
抗議しなかった	1
抗議した	1
抗議して	1
抗議している	1
抗議しています	1
抗議していた	1
抗議していました	1
抗議してる	1
抗議してます	1
折半する	1
折半します	1
折半しません	1
折半しました	1
折半しませんでした	1
折半しましょう	1
折半しない	1
折半しなかった	1
折半した	1
折半して	1
折半している	1
折半しています	1
折半していた	1
折半していました	1
折半してる	1
折半してます	1
折衝する	4
折衝します	4
折衝しません	4
折衝しました	4
折衝しませんでした	4
折衝しましょう	4
折衝しない	4
折衝しなかった	4
折衝した	4
折衝して	4
折衝している	4
折衝しています	4
折衝していた	4
折衝していました	4
折衝してる	4
折衝してます	4
折衷する	4
折衷します	4
折衷しません	4
折衷しました	4
折衷しませんでした	4
折衷しましょう	4
折衷しない	4
折衷しなかった	4
折衷した	4
折衷して	4
折衷している	4
折衷しています	4
折衷していた	4
折衷していました	4
折衷してる	4
折衷してます	4
抜粋する	4
抜粋します	4
抜粋しません	4
抜粋しました	4
抜粋しませんでした	4
抜粋しましょう	4
抜粋しない	4
抜粋しなかった	4
抜粋した	4
抜粋して	4
抜粋している	4
抜粋しています	4
抜粋していた	4
抜粋していました	4
抜粋してる	4
抜粋してます	4
披露する	1
披露します	1
披露しません	1
披露しました	1
披露しませんでした	1
披露しましょう	1
披露しない	1
披露しなかった	1
披露した	1
披露して	1
披露している	1
披露しています	1
披露していた	1
披露していました	1
披露してる	1
披露してます	1
抱っこする	1
抱っこします	1
抱っこしません	1
抱っこしました	1
抱っこしませんでした	1
抱っこしましょう	1
抱っこしない	1
抱っこしなかった	1
抱っこした	1
抱っこして	1
抱っこしている	1
抱っこしています	1
抱っこしていた	1
抱っこしていました	1
抱っこしてる	1
抱っこしてます	1
抵抗する	4
抵抗します	4
抵抗しません	4
抵抗しました	4
抵抗しませんでした	4
抵抗しましょう	4
抵抗しない	4
抵抗しなかった	4
抵抗した	4
抵抗して	4
抵抗している	4
抵抗しています	4
抵抗していた	4
抵抗していました	4
抵抗してる	4
抵抗してます	4
抵触する	4
抵触します	4
抵触しません	4
抵触しました	4
抵触しませんでした	4
抵触しましょう	4
抵触しない	4
抵触しなかった	4
抵触した	4
抵触して	4
抵触している	4
抵触しています	4
抵触していた	4
抵触していました	4
抵触してる	4
抵触してます	4
抹消する	4
抹消します	4
抹消しません	4
抹消しました	4
抹消しませんでした	4
抹消しましょう	4
抹消しない	4
抹消しなかった	4
抹消した	4
抹消して	4
抹消している	4
抹消しています	4
抹消していた	4
抹消していました	4
抹消してる	4
抹消してます	4
押し問答する	3
押し問答します	3
押し問答しません	3
押し問答しました	3
押し問答しませんでした	3
押し問答しましょう	3
押し問答しない	3
押し問答しなかった	3
押し問答した	3
押し問答して	3
押し問答している	3
押し問答しています	3
押し問答していた	3
押し問答していました	3
押し問答してる	3
押し問答してます	3
押し売りする	4
押し売りします	4
押し売りしません	4
押し売りしました	4
押し売りしませんでした	4
押し売りしましょう	4
押し売りしない	4
押し売りしなかった	4
押し売りした	4
押し売りして	4
押し売りしている	4
押し売りしています	4
押し売りしていた	4
押し売りしていました	4
押し売りしてる	4
押し売りしてます	4
押収する	4
押収します	4
押収しません	4
押収しました	4
押収しませんでした	4
押収しましょう	4
押収しない	4
押収しなかった	4
押収した	4
押収して	4
押収している	4
押収しています	4
押収していた	4
押収していました	4
押収してる	4
押収してます	4
抽出する	4
抽出します	4
抽出しません	4
抽出しました	4
抽出しませんでした	4
抽出しましょう	4
抽出しない	4
抽出しなかった	4
抽出した	4
抽出して	4
抽出している	4
抽出しています	4
抽出していた	4
抽出していました	4
抽出してる	4
抽出してます	4
抽象する	4
抽象します	4
抽象しません	4
抽象しました	4
抽象しませんでした	4
抽象しましょう	4
抽象しない	4
抽象しなかった	4
抽象した	4
抽象して	4
抽象している	4
抽象しています	4
抽象していた	4
抽象していました	4
抽象してる	4
抽象してます	4
抽選する	4
抽選します	4
抽選しません	4
抽選しました	4
抽選しませんでした	4
抽選しましょう	4
抽選しない	4
抽選しなかった	4
抽選した	4
抽選して	4
抽選している	4
抽選しています	4
抽選していた	4
抽選していました	4
抽選してる	4
抽選してます	4
担任する	4
担任します	4
担任しません	4
担任しました	4
担任しませんでした	4
担任しましょう	4
担任しない	4
担任しなかった	4
担任した	4
担任して	4
担任している	4
担任しています	4
担任していた	4
担任していました	4
担任してる	4
担任してます	4
担保する	1
担保します	1
担保しません	1
担保しました	1
担保しませんでした	1
担保しましょう	1
担保しない	1
担保しなかった	1
担保した	1
担保して	1
担保している	1
担保しています	1
担保していた	1
担保していました	1
担保してる	1
担保してます	1
担当する	4
担当します	4
担当しません	4
担当しました	4
担当しませんでした	4
担当しましょう	4
担当しない	4
担当しなかった	4
担当した	4
担当して	4
担当している	4
担当しています	4
担当していた	4
担当していました	4
担当してる	4
担当してます	4
拉致する	1
拉致します	1
拉致しません	1
拉致しました	1
拉致しませんでした	1
拉致しましょう	1
拉致しない	1
拉致しなかった	1
拉致した	1
拉致して	1
拉致している	1
拉致しています	1
拉致していた	1
拉致していました	1
拉致してる	1
拉致してます	1
拍手する	1
拍手します	1
拍手しません	1
拍手しました	1
拍手しませんでした	1
拍手しましょう	1
拍手しない	1
拍手しなかった	1
拍手した	1
拍手して	1
拍手している	1
拍手しています	1
拍手していた	1
拍手していました	1
拍手してる	1
拍手してます	1
拒否する	1
拒否します	1
拒否しません	1
拒否しました	1
拒否しませんでした	1
拒否しましょう	1
拒否しない	1
拒否しなかった	1
拒否した	1
拒否して	1
拒否している	1
拒否しています	1
拒否していた	1
拒否していました	1
拒否してる	1
拒否してます	1
拒絶する	3
拒絶します	3
拒絶しません	3
拒絶しました	3
拒絶しませんでした	3
拒絶しましょう	3
拒絶しない	3
拒絶しなかった	3
拒絶した	3
拒絶して	3
拒絶している	3
拒絶しています	3
拒絶していた	3
拒絶していました	3
拒絶してる	3
拒絶してます	3
拘束する	4
拘束します	4
拘束しません	4
拘束しました	4
拘束しませんでした	4
拘束しましょう	4
拘束しない	4
拘束しなかった	4
拘束した	4
拘束して	4
拘束している	4
拘束しています	4
拘束していた	4
拘束していました	4
拘束してる	4
拘束してます	4
拘禁する	4
拘禁します	4
拘禁しません	4
拘禁しました	4
拘禁しませんでした	4
拘禁しましょう	4
拘禁しない	4
拘禁しなかった	4
拘禁した	4
拘禁して	4
拘禁している	4
拘禁しています	4
拘禁していた	4
拘禁していました	4
拘禁してる	4
拘禁してます	4
拘置する	1
拘置します	1
拘置しません	1
拘置しました	1
拘置しませんでした	1
拘置しましょう	1
拘置しない	1
拘置しなかった	1
拘置した	1
拘置して	1
拘置している	1
拘置しています	1
拘置していた	1
拘置していました	1
拘置してる	1
拘置してます	1
招待する	1
招待します	1
招待しません	1
招待しました	1
招待しませんでした	1
招待しましょう	1
招待しない	1
招待しなかった	1
招待した	1
招待して	1
招待している	1
招待しています	1
招待していた	1
招待していました	1
招待してる	1
招待してます	1
招致する	1
招致します	1
招致しません	1
招致しました	1
招致しませんでした	1
招致しましょう	1
招致しない	1
招致しなかった	1
招致した	1
招致して	1
招致している	1
招致しています	1
招致していた	1
招致していました	1
招致してる	1
招致してます	1
招請する	4
招請します	4
招請しません	4
招請しました	4
招請しませんでした	4
招請しましょう	4
招請しない	4
招請しなかった	4
招請した	4
招請して	4
招請している	4
招請しています	4
招請していた	4
招請していました	4
招請してる	4
招請してます	4
招集する	4
招集します	4
招集しません	4
招集しました	4
招集しませんでした	4
招集しましょう	4
招集しない	4
招集しなかった	4
招集した	4
招集して	4
招集している	4
招集しています	4
招集していた	4
招集していました	4
招集してる	4
招集してます	4
拝見する	4
拝見します	4
拝見しません	4
拝見しました	4
拝見しませんでした	4
拝見しましょう	4
拝見しない	4
拝見しなかった	4
拝見した	4
拝見して	4
拝見している	4
拝見しています	4
拝見していた	4
拝見していました	4
拝見してる	4
拝見してます	4
拠出する	3
拠出します	3
拠出しません	3
拠出しました	3
拠出しませんでした	3
拠出しましょう	3
拠出しない	3
拠出しなかった	3
拠出した	3
拠出して	3
拠出している	3
拠出しています	3
拠出していた	3
拠出していました	3
拠出してる	3
拠出してます	3
拡充する	4
拡充します	4
拡充しません	4
拡充しました	4
拡充しませんでした	4
拡充しましょう	4
拡充しない	4
拡充しなかった	4
拡充した	4
拡充して	4
拡充している	4
拡充しています	4
拡充していた	4
拡充していました	4
拡充してる	4
拡充してます	4
拡大する	4
拡大します	4
拡大しません	4
拡大しました	4
拡大しませんでした	4
拡大しましょう	4
拡大しない	4
拡大しなかった	4
拡大した	4
拡大して	4
拡大している	4
拡大しています	4
拡大していた	4
拡大していました	4
拡大してる	4
拡大してます	4
拡張する	4
拡張します	4
拡張しません	4
拡張しました	4
拡張しませんでした	4
拡張しましょう	4
拡張しない	4
拡張しなかった	4
拡張した	4
拡張して	4
拡張している	4
拡張しています	4
拡張していた	4
拡張していました	4
拡張してる	4
拡張してます	4
拡散する	4
拡散します	4
拡散しません	4
拡散しました	4
拡散しませんでした	4
拡散しましょう	4
拡散しない	4
拡散しなかった	4
拡散した	4
拡散して	4
拡散している	4
拡散しています	4
拡散していた	4
拡散していました	4
拡散してる	4
拡散してます	4
括弧する	1
括弧します	1
括弧しません	1
括弧しました	1
括弧しませんでした	1
括弧しましょう	1
括弧しない	1
括弧しなかった	1
括弧した	1
括弧して	1
括弧している	1
括弧しています	1
括弧していた	1
括弧していました	1
括弧してる	1
括弧してます	1
拷問する	4
拷問します	4
拷問しません	4
拷問しました	4
拷問しませんでした	4
拷問しましょう	4
拷問しない	4
拷問しなかった	4
拷問した	4
拷問して	4
拷問している	4
拷問しています	4
拷問していた	4
拷問していました	4
拷問してる	4
拷問してます	4
拾得する	4
拾得します	4
拾得しません	4
拾得しました	4
拾得しませんでした	4
拾得しましょう	4
拾得しない	4
拾得しなかった	4
拾得した	4
拾得して	4
拾得している	4
拾得しています	4
拾得していた	4
拾得していました	4
拾得してる	4
拾得してます	4
持久する	3
持久します	3
持久しません	3
持久しました	3
持久しませんでした	3
持久しましょう	3
持久しない	3
持久しなかった	3
持久した	3
持久して	3
持久している	3
持久しています	3
持久していた	3
持久していました	3
持久してる	3
持久してます	3
持参する	3
持参します	3
持参しません	3
持参しました	3
持参しませんでした	3
持参しましょう	3
持参しない	3
持参しなかった	3
持参した	3
持参して	3
持参している	3
持参しています	3
持参していた	3
持参していました	3
持参してる	3
持参してます	3
持続する	3
持続します	3
持続しません	3
持続しました	3
持続しませんでした	3
持続しましょう	3
持続しない	3
持続しなかった	3
持続した	3
持続して	3
持続している	3
持続しています	3
持続していた	3
持続していました	3
持続してる	3
持続してます	3
指令する	3
指令します	3
指令しません	3
指令しました	3
指令しませんでした	3
指令しましょう	3
指令しない	3
指令しなかった	3
指令した	3
指令して	3
指令している	3
指令しています	3
指令していた	3
指令していました	3
指令してる	3
指令してます	3
指切りする	3
指切りします	3
指切りしません	3
指切りしました	3
指切りしませんでした	3
指切りしましょう	3
指切りしない	3
指切りしなかった	3
指切りした	3
指切りして	3
指切りしている	3
指切りしています	3
指切りしていた	3
指切りしていました	3
指切りしてる	3
指切りしてます	3
指名する	3
指名します	3
指名しません	3
指名しました	3
指名しませんでした	3
指名しましょう	3
指名しない	3
指名しなかった	3
指名した	3
指名して	3
指名している	3
指名しています	3
指名していた	3
指名していました	3
指名してる	3
指名してます	3
指名手配する	4
指名手配します	4
指名手配しません	4
指名手配しました	4
指名手配しませんでした	4
指名手配しましょう	4
指名手配しない	4
指名手配しなかった	4
指名手配した	4
指名手配して	4
指名手配している	4
指名手配しています	4
指名手配していた	4
指名手配していました	4
指名手配してる	4
指名手配してます	4
指図する	1
指図します	1
指図しません	1
指図しました	1
指図しませんでした	1
指図しましょう	1
指図しない	1
指図しなかった	1
指図した	1
指図して	1
指図している	1
指図しています	1
指図していた	1
指図していました	1
指図してる	1
指図してます	1
指定する	3
指定します	3
指定しません	3
指定しました	3
指定しませんでした	3
指定しましょう	3
指定しない	3
指定しなかった	3
指定した	3
指定して	3
指定している	3
指定しています	3
指定していた	3
指定していました	3
指定してる	3
指定してます	3
指導する	3
指導します	3
指導しません	3
指導しました	3
指導しませんでした	3
指導しましょう	3
指導しない	3
指導しなかった	3
指導した	3
指導して	3
指導している	3
指導しています	3
指導していた	3
指導していました	3
指導してる	3
指導してます	3
指揮する	2
指揮します	2
指揮しません	2
指揮しました	2
指揮しませんでした	2
指揮しましょう	2
指揮しない	2
指揮しなかった	2
指揮した	2
指揮して	2
指揮している	2
指揮しています	2
指揮していた	2
指揮していました	2
指揮してる	2
指揮してます	2
指摘する	3
指摘します	3
指摘しません	3
指摘しました	3
指摘しませんでした	3
指摘しましょう	3
指摘しない	3
指摘しなかった	3
指摘した	3
指摘して	3
指摘している	3
指摘しています	3
指摘していた	3
指摘していました	3
指摘してる	3
指摘してます	3
指示する	1
指示します	1
指示しません	1
指示しました	1
指示しませんでした	1
指示しましょう	1
指示しない	1
指示しなかった	1
指示した	1
指示して	1
指示している	1
指示しています	1
指示していた	1
指示していました	1
指示してる	1
指示してます	1
挑戦する	4
挑戦します	4
挑戦しません	4
挑戦しました	4
挑戦しませんでした	4
挑戦しましょう	4
挑戦しない	4
挑戦しなかった	4
挑戦した	4
挑戦して	4
挑戦している	4
挑戦しています	4
挑戦していた	4
挑戦していました	4
挑戦してる	4
挑戦してます	4
挑発する	4
挑発します	4
挑発しません	4
挑発しました	4
挑発しませんでした	4
挑発しましょう	4
挑発しない	4
挑発しなかった	4
挑発した	4
挑発して	4
挑発している	4
挑発しています	4
挑発していた	4
挑発していました	4
挑発してる	4
挑発してます	4
挙式する	3
挙式します	3
挙式しません	3
挙式しました	3
挙式しませんでした	3
挙式しましょう	3
挙式しない	3
挙式しなかった	3
挙式した	3
挙式して	3
挙式している	3
挙式しています	3
挙式していた	3
挙式していました	3
挙式してる	3
挙式してます	3
挟み撃ちする	3
挟み撃ちします	3
挟み撃ちしません	3
挟み撃ちしました	3
挟み撃ちしませんでした	3
挟み撃ちしましょう	3
挟み撃ちしない	3
挟み撃ちしなかった	3
挟み撃ちした	3
挟み撃ちして	3
挟み撃ちしている	3
挟み撃ちしています	3
挟み撃ちしていた	3
挟み撃ちしていました	3
挟み撃ちしてる	3
挟み撃ちしてます	3
挫折する	3
挫折します	3
挫折しません	3
挫折しました	3
挫折しませんでした	3
挫折しましょう	3
挫折しない	3
挫折しなかった	3
挫折した	3
挫折して	3
挫折している	3
挫折しています	3
挫折していた	3
挫折していました	3
挫折してる	3
挫折してます	3
振り付けする	4
振り付けします	4
振り付けしません	4
振り付けしました	4
振り付けしませんでした	4
振り付けしましょう	4
振り付けしない	4
振り付けしなかった	4
振り付けした	4
振り付けして	4
振り付けしている	4
振り付けしています	4
振り付けしていた	4
振り付けしていました	4
振り付けしてる	4
振り付けしてます	4
振動する	4
振動します	4
振動しません	4
振動しました	4
振動しませんでした	4
振動しましょう	4
振動しない	4
振動しなかった	4
振動した	4
振動して	4
振動している	4
振動しています	4
振動していた	4
振動していました	4
振動してる	4
振動してます	4
振興する	4
振興します	4
振興しません	4
振興しました	4
振興しませんでした	4
振興しましょう	4
振興しない	4
振興しなかった	4
振興した	4
振興して	4
振興している	4
振興しています	4
振興していた	4
振興していました	4
振興してる	4
振興してます	4
挿入する	4
挿入します	4
挿入しません	4
挿入しました	4
挿入しませんでした	4
挿入しましょう	4
挿入しない	4
挿入しなかった	4
挿入した	4
挿入して	4
挿入している	4
挿入しています	4
挿入していた	4
挿入していました	4
挿入してる	4
挿入してます	4
捏造する	4
捏造します	4
捏造しません	4
捏造しました	4
捏造しませんでした	4
捏造しましょう	4
捏造しない	4
捏造しなかった	4
捏造した	4
捏造して	4
捏造している	4
捏造しています	4
捏造していた	4
捏造していました	4
捏造してる	4
捏造してます	4
捕獲する	3
捕獲します	3
捕獲しません	3
捕獲しました	3
捕獲しませんでした	3
捕獲しましょう	3
捕獲しない	3
捕獲しなかった	3
捕獲した	3
捕獲して	3
捕獲している	3
捕獲しています	3
捕獲していた	3
捕獲していました	3
捕獲してる	3
捕獲してます	3
捜査する	1
捜査します	1
捜査しません	1
捜査しました	1
捜査しませんでした	1
捜査しましょう	1
捜査しない	1
捜査しなかった	1
捜査した	1
捜査して	1
捜査している	1
捜査しています	1
捜査していた	1
捜査していました	1
捜査してる	1
捜査してます	1
捜索する	4
捜索します	4
捜索しません	4
捜索しました	4
捜索しませんでした	4
捜索しましょう	4
捜索しない	4
捜索しなかった	4
捜索した	4
捜索して	4
捜索している	4
捜索しています	4
捜索していた	4
捜索していました	4
捜索してる	4
捜索してます	4
捻挫する	3
捻挫します	3
捻挫しません	3
捻挫しました	3
捻挫しませんでした	3
捻挫しましょう	3
捻挫しない	3
捻挫しなかった	3
捻挫した	3
捻挫して	3
捻挫している	3
捻挫しています	3
捻挫していた	3
捻挫していました	3
捻挫してる	3
捻挫してます	3
掃海する	4
掃海します	4
掃海しません	4
掃海しました	4
掃海しませんでした	4
掃海しましょう	4
掃海しない	4
掃海しなかった	4
掃海した	4
掃海して	4
掃海している	4
掃海しています	4
掃海していた	4
掃海していました	4
掃海してる	4
掃海してます	4
掃討する	4
掃討します	4
掃討しません	4
掃討しました	4
掃討しませんでした	4
掃討しましょう	4
掃討しない	4
掃討しなかった	4
掃討した	4
掃討して	4
掃討している	4
掃討しています	4
掃討していた	4
掃討していました	4
掃討してる	4
掃討してます	4
掃除する	3
掃除します	3
掃除しません	3
掃除しました	3
掃除しませんでした	3
掃除しましょう	3
掃除しない	3
掃除しなかった	3
掃除した	3
掃除して	3
掃除している	3
掃除しています	3
掃除していた	3
掃除していました	3
掃除してる	3
掃除してます	3
授与する	1
授与します	1
授与しません	1
授与しました	1
授与しませんでした	1
授与しましょう	1
授与しない	1
授与しなかった	1
授与した	1
授与して	1
授与している	1
授与しています	1
授与していた	1
授与していました	1
授与してる	1
授与してます	1
授受する	1
授受します	1
授受しません	1
授受しました	1
授受しませんでした	1
授受しましょう	1
授受しない	1
授受しなかった	1
授受した	1
授受して	1
授受している	1
授受しています	1
授受していた	1
授受していました	1
授受してる	1
授受してます	1
授業する	1
授業します	1
授業しません	1
授業しました	1
授業しませんでした	1
授業しましょう	1
授業しない	1
授業しなかった	1
授業した	1
授業して	1
授業している	1
授業しています	1
授業していた	1
授業していました	1
授業してる	1
授業してます	1
掌握する	4
掌握します	4
掌握しません	4
掌握しました	4
掌握しませんでした	4
掌握しましょう	4
掌握しない	4
掌握しなかった	4
掌握した	4
掌握して	4
掌握している	4
掌握しています	4
掌握していた	4
掌握していました	4
掌握してる	4
掌握してます	4
排出する	4
排出します	4
排出しません	4
排出しました	4
排出しませんでした	4
排出しましょう	4
排出しない	4
排出しなかった	4
排出した	4
排出して	4
排出している	4
排出しています	4
排出していた	4
排出していました	4
排出してる	4
排出してます	4
排斥する	4
排斥します	4
排斥しません	4
排斥しました	4
排斥しませんでした	4
排斥しましょう	4
排斥しない	4
排斥しなかった	4
排斥した	4
排斥して	4
排斥している	4
排斥しています	4
排斥していた	4
排斥していました	4
排斥してる	4
排斥してます	4
排気する	3
排気します	3
排気しません	3
排気しました	3
排気しませんでした	3
排気しましょう	3
排気しない	3
排気しなかった	3
排気した	3
排気して	3
排気している	3
排気しています	3
排気していた	3
排気していました	3
排気してる	3
排気してます	3
排水する	4
排水します	4
排水しません	4
排水しました	4
排水しませんでした	4
排水しましょう	4
排水しない	4
排水しなかった	4
排水した	4
排水して	4
排水している	4
排水しています	4
排水していた	4
排水していました	4
排水してる	4
排水してます	4
排除する	1
排除します	1
排除しません	1
排除しました	1
排除しませんでした	1
排除しましょう	1
排除しない	1
排除しなかった	1
排除した	1
排除して	1
排除している	1
排除しています	1
排除していた	1
排除していました	1
排除してる	1
排除してます	1
掘削する	4
掘削します	4
掘削しません	4
掘削しました	4
掘削しませんでした	4
掘削しましょう	4
掘削しない	4
掘削しなかった	4
掘削した	4
掘削して	4
掘削している	4
掘削しています	4
掘削していた	4
掘削していました	4
掘削してる	4
掘削してます	4
掛け声する	3
掛け声します	3
掛け声しません	3
掛け声しました	3
掛け声しませんでした	3
掛け声しましょう	3
掛け声しない	3
掛け声しなかった	3
掛け声した	3
掛け声して	3
掛け声している	3
掛け声しています	3
掛け声していた	3
掛け声していました	3
掛け声してる	3
掛け声してます	3
採取する	1
採取します	1
採取しません	1
採取しました	1
採取しませんでした	1
採取しましょう	1
採取しない	1
採取しなかった	1
採取した	1
採取して	1
採取している	1
採取しています	1
採取していた	1
採取していました	1
採取してる	1
採取してます	1
採択する	4
採択します	4
採択しません	4
採択しました	4
採択しませんでした	4
採択しましょう	4
採択しない	4
採択しなかった	4
採択した	4
採択して	4
採択している	4
採択しています	4
採択していた	4
採択していました	4
採択してる	4
採択してます	4
採掘する	4
採掘します	4
採掘しません	4
採掘しました	4
採掘しませんでした	4
採掘しましょう	4
採掘しない	4
採掘しなかった	4
採掘した	4
採掘して	4
採掘している	4
採掘しています	4
採掘していた	4
採掘していました	4
採掘してる	4
採掘してます	4
採決する	1
採決します	1
採決しません	1
採決しました	1
採決しませんでした	1
採決しましょう	1
採決しない	1
採決しなかった	1
採決した	1
採決して	1
採決している	1
採決しています	1
採決していた	1
採決していました	1
採決してる	1
採決してます	1
採点する	4
採点します	4
採点しません	4
採点しました	4
採点しませんでした	4
採点しましょう	4
採点しない	4
採点しなかった	4
採点した	4
採点して	4
採点している	4
採点しています	4
採点していた	4
採点していました	4
採点してる	4
採点してます	4
採用する	4
採用します	4
採用しません	4
採用しました	4
採用しませんでした	4
採用しましょう	4
採用しない	4
採用しなかった	4
採用した	4
採用して	4
採用している	4
採用しています	4
採用していた	4
採用していました	4
採用してる	4
採用してます	4
採集する	4
採集します	4
採集しません	4
採集しました	4
採集しませんでした	4
採集しましょう	4
採集しない	4
採集しなかった	4
採集した	4
採集して	4
採集している	4
採集しています	4
採集していた	4
採集していました	4
採集してる	4
採集してます	4
探偵する	4
探偵します	4
探偵しません	4
探偵しました	4
探偵しませんでした	4
探偵しましょう	4
探偵しない	4
探偵しなかった	4
探偵した	4
探偵して	4
探偵している	4
探偵しています	4
探偵していた	4
探偵していました	4
探偵してる	4
探偵してます	4
探査する	1
探査します	1
探査しません	1
探査しました	1
探査しませんでした	1
探査しましょう	1
探査しない	1
探査しなかった	1
探査した	1
探査して	1
探査している	1
探査しています	1
探査していた	1
探査していました	1
探査してる	1
探査してます	1
探検する	4
探検します	4
探検しません	4
探検しました	4
探検しませんでした	4
探検しましょう	4
探検しない	4
探検しなかった	4
探検した	4
探検して	4
探検している	4
探検しています	4
探検していた	4
探検していました	4
探検してる	4
探検してます	4
探求する	4
探求します	4
探求しません	4
探求しました	4
探求しませんでした	4
探求しましょう	4
探求しない	4
探求しなかった	4
探求した	4
探求して	4
探求している	4
探求しています	4
探求していた	4
探求していました	4
探求してる	4
探求してます	4
探究する	4
探究します	4
探究しません	4
探究しました	4
探究しませんでした	4
探究しましょう	4
探究しない	4
探究しなかった	4
探究した	4
探究して	4
探究している	4
探究しています	4
探究していた	4
探究していました	4
探究してる	4
探究してます	4
接するする	0
接するします	6
接するしません	7
接するしました	6
接するしませんでした	7
接するしましょう	7
接するしない	0
接するしなかった	9
接するした	6
接するして	0
接するしている	6
接するしています	6
接するしていた	6
接するしていました	6
接するしてる	5
接するしてます	7
接待する	1
接待します	1
接待しません	1
接待しました	1
接待しませんでした	1
接待しましょう	1
接待しない	1
接待しなかった	1
接待した	1
接待して	1
接待している	1
接待しています	1
接待していた	1
接待していました	1
接待してる	1
接待してます	1
接戦する	4
接戦します	4
接戦しません	4
接戦しました	4
接戦しませんでした	4
接戦しましょう	4
接戦しない	4
接戦しなかった	4
接戦した	4
接戦して	4
接戦している	4
接戦しています	4
接戦していた	4
接戦していました	4
接戦してる	4
接戦してます	4
接着する	4
接着します	4
接着しません	4
接着しました	4
接着しませんでした	4
接着しましょう	4
接着しない	4
接着しなかった	4
接着した	4
接着して	4
接着している	4
接着しています	4
接着していた	4
接着していました	4
接着してる	4
接着してます	4
接種する	1
接種します	1
接種しません	1
接種しました	1
接種しませんでした	1
接種しましょう	1
接種しない	1
接種しなかった	1
接種した	1
接種して	1
接種している	1
接種しています	1
接種していた	1
接種していました	1
接種してる	1
接種してます	1
接続する	4
接続します	4
接続しません	4
接続しました	4
接続しませんでした	4
接続しましょう	4
接続しない	4
接続しなかった	4
接続した	4
接続して	4
接続している	4
接続しています	4
接続していた	4
接続していました	4
接続してる	4
接続してます	4
接見する	4
接見します	4
接見しません	4
接見しました	4
接見しませんでした	4
接見しましょう	4
接見しない	4
接見しなかった	4
接見した	4
接見して	4
接見している	4
接見しています	4
接見していた	4
接見していました	4
接見してる	4
接見してます	4
接触する	4
接触します	4
接触しません	4
接触しました	4
接触しませんでした	4
接触しましょう	4
接触しない	4
接触しなかった	4
接触した	4
接触して	4
接触している	4
接触しています	4
接触していた	4
接触していました	4
接触してる	4
接触してます	4
接近する	4
接近します	4
接近しません	4
接近しました	4
接近しませんでした	4
接近しましょう	4
接近しない	4
接近しなかった	4
接近した	4
接近して	4
接近している	4
接近しています	4
接近していた	4
接近していました	4
接近してる	4
接近してます	4
控訴する	1
控訴します	1
控訴しません	1
控訴しました	1
控訴しませんでした	1
控訴しましょう	1
控訴しない	1
控訴しなかった	1
控訴した	1
控訴して	1
控訴している	1
控訴しています	1
控訴していた	1
控訴していました	1
控訴してる	1
控訴してます	1
控除する	1
控除します	1
控除しません	1
控除しました	1
控除しませんでした	1
控除しましょう	1
控除しない	1
控除しなかった	1
控除した	1
控除して	1
控除している	1
控除しています	1
控除していた	1
控除していました	1
控除してる	1
控除してます	1
推奨する	4
推奨します	4
推奨しません	4
推奨しました	4
推奨しませんでした	4
推奨しましょう	4
推奨しない	4
推奨しなかった	4
推奨した	4
推奨して	4
推奨している	4
推奨しています	4
推奨していた	4
推奨していました	4
推奨してる	4
推奨してます	4
推定する	4
推定します	4
推定しません	4
推定しました	4
推定しませんでした	4
推定しましょう	4
推定しない	4
推定しなかった	4
推定した	4
推定して	4
推定している	4
推定しています	4
推定していた	4
推定していました	4
推定してる	4
推定してます	4
推敲する	4
推敲します	4
推敲しません	4
推敲しました	4
推敲しませんでした	4
推敲しましょう	4
推敲しない	4
推敲しなかった	4
推敲した	4
推敲して	4
推敲している	4
推敲しています	4
推敲していた	4
推敲していました	4
推敲してる	4
推敲してます	4
推測する	4
推測します	4
推測しません	4
推測しました	4
推測しませんでした	4
推測しましょう	4
推測しない	4
推測しなかった	4
推測した	4
推測して	4
推測している	4
推測しています	4
推測していた	4
推測していました	4
推測してる	4
推測してます	4
推理する	1
推理します	1
推理しません	1
推理しました	1
推理しませんでした	1
推理しましょう	1
推理しない	1
推理しなかった	1
推理した	1
推理して	1
推理している	1
推理しています	1
推理していた	1
推理していました	1
推理してる	1
推理してます	1
推移する	1
推移します	1
推移しません	1
推移しました	1
推移しませんでした	1
推移しましょう	1
推移しない	1
推移しなかった	1
推移した	1
推移して	1
推移している	1
推移しています	1
推移していた	1
推移していました	1
推移してる	1
推移してます	1
推薦する	4
推薦します	4
推薦しません	4
推薦しました	4
推薦しませんでした	4
推薦しましょう	4
推薦しない	4
推薦しなかった	4
推薦した	4
推薦して	4
推薦している	4
推薦しています	4
推薦していた	4
推薦していました	4
推薦してる	4
推薦してます	4
推計する	4
推計します	4
推計しません	4
推計しました	4
推計しませんでした	4
推計しましょう	4
推計しない	4
推計しなかった	4
推計した	4
推計して	4
推計している	4
推計しています	4
推計していた	4
推計していました	4
推計してる	4
推計してます	4
推進する	4
推進します	4
推進しません	4
推進しました	4
推進しませんでした	4
推進しましょう	4
推進しない	4
推進しなかった	4
推進した	4
推進して	4
推進している	4
推進しています	4
推進していた	4
推進していました	4
推進してる	4
推進してます	4
推量する	4
推量します	4
推量しません	4
推量しました	4
推量しませんでした	4
推量しましょう	4
推量しない	4
推量しなかった	4
推量した	4
推量して	4
推量している	4
推量しています	4
推量していた	4
推量していました	4
推量してる	4
推量してます	4
措置する	1
措置します	1
措置しません	1
措置しました	1
措置しませんでした	1
措置しましょう	1
措置しない	1
措置しなかった	1
措置した	1
措置して	1
措置している	1
措置しています	1
措置していた	1
措置していました	1
措置してる	1
措置してます	1
掲揚する	4
掲揚します	4
掲揚しません	4
掲揚しました	4
掲揚しませんでした	4
掲揚しましょう	4
掲揚しない	4
掲揚しなかった	4
掲揚した	4
掲揚して	4
掲揚している	4
掲揚しています	4
掲揚していた	4
掲揚していました	4
掲揚してる	4
掲揚してます	4
掲示する	3
掲示します	3
掲示しません	3
掲示しました	3
掲示しませんでした	3
掲示しましょう	3
掲示しない	3
掲示しなかった	3
掲示した	3
掲示して	3
掲示している	3
掲示しています	3
掲示していた	3
掲示していました	3
掲示してる	3
掲示してます	3
掲載する	4
掲載します	4
掲載しません	4
掲載しました	4
掲載しませんでした	4
掲載しましょう	4
掲載しない	4
掲載しなかった	4
掲載した	4
掲載して	4
掲載している	4
掲載しています	4
掲載していた	4
掲載していました	4
掲載してる	4
掲載してます	4
描写する	3
描写します	3
描写しません	3
描写しました	3
描写しませんでした	3
描写しましょう	3
描写しない	3
描写しなかった	3
描写した	3
描写して	3
描写している	3
描写しています	3
描写していた	3
描写していました	3
描写してる	3
描写してます	3
提供する	4
提供します	4
提供しません	4
提供しました	4
提供しませんでした	4
提供しましょう	4
提供しない	4
提供しなかった	4
提供した	4
提供して	4
提供している	4
提供しています	4
提供していた	4
提供していました	4
提供してる	4
提供してます	4
提出する	4
提出します	4
提出しません	4
提出しました	4
提出しませんでした	4
提出しましょう	4
提出しない	4
提出しなかった	4
提出した	4
提出して	4
提出している	4
提出しています	4
提出していた	4
提出していました	4
提出してる	4
提出してます	4
提唱する	4
提唱します	4
提唱しません	4
提唱しました	4
提唱しませんでした	4
提唱しましょう	4
提唱しない	4
提唱しなかった	4
提唱した	4
提唱して	4
提唱している	4
提唱しています	4
提唱していた	4
提唱していました	4
提唱してる	4
提唱してます	4
提携する	4
提携します	4
提携しません	4
提携しました	4
提携しませんでした	4
提携しましょう	4
提携しない	4
提携しなかった	4
提携した	4
提携して	4
提携している	4
提携しています	4
提携していた	4
提携していました	4
提携してる	4
提携してます	4
提案する	4
提案します	4
提案しません	4
提案しました	4
提案しませんでした	4
提案しましょう	4
提案しない	4
提案しなかった	4
提案した	4
提案して	4
提案している	4
提案しています	4
提案していた	4
提案していました	4
提案してる	4
提案してます	4
提示する	3
提示します	3
提示しません	3
提示しました	3
提示しませんでした	3
提示しましょう	3
提示しない	3
提示しなかった	3
提示した	3
提示して	3
提示している	3
提示しています	3
提示していた	3
提示していました	3
提示してる	3
提示してます	3
提言する	4
提言します	4
提言しません	4
提言しました	4
提言しませんでした	4
提言しましょう	4
提言しない	4
提言しなかった	4
提言した	4
提言して	4
提言している	4
提言しています	4
提言していた	4
提言していました	4
提言してる	4
提言してます	4
提訴する	1
提訴します	1
提訴しません	1
提訴しました	1
提訴しませんでした	1
提訴しましょう	1
提訴しない	1
提訴しなかった	1
提訴した	1
提訴して	1
提訴している	1
提訴しています	1
提訴していた	1
提訴していました	1
提訴してる	1
提訴してます	1
提起する	1
提起します	1
提起しません	1
提起しました	1
提起しませんでした	1
提起しましょう	1
提起しない	1
提起しなかった	1
提起した	1
提起して	1
提起している	1
提起しています	1
提起していた	1
提起していました	1
提起してる	1
提起してます	1
換気する	3
換気します	3
換気しません	3
換気しました	3
換気しませんでした	3
換気しましょう	3
換気しない	3
換気しなかった	3
換気した	3
換気して	3
換気している	3
換気しています	3
換気していた	3
換気していました	3
換気してる	3
換気してます	3
換算する	4
換算します	4
換算しません	4
換算しました	4
換算しませんでした	4
換算しましょう	4
換算しない	4
換算しなかった	4
換算した	4
換算して	4
換算している	4
換算しています	4
換算していた	4
換算していました	4
換算してる	4
換算してます	4
換金する	4
換金します	4
換金しません	4
換金しました	4
換金しませんでした	4
換金しましょう	4
換金しない	4
換金しなかった	4
換金した	4
換金して	4
換金している	4
換金しています	4
換金していた	4
換金していました	4
換金してる	4
換金してます	4
握手する	1
握手します	1
握手しません	1
握手しました	1
握手しませんでした	1
握手しましょう	1
握手しない	1
握手しなかった	1
握手した	1
握手して	1
握手している	1
握手しています	1
握手していた	1
握手していました	1
握手してる	1
握手してます	1
援助する	1
援助します	1
援助しません	1
援助しました	1
援助しませんでした	1
援助しましょう	1
援助しない	1
援助しなかった	1
援助した	1
援助して	1
援助している	1
援助しています	1
援助していた	1
援助していました	1
援助してる	1
援助してます	1
援助交際する	4
援助交際します	4
援助交際しません	4
援助交際しました	4
援助交際しませんでした	4
援助交際しましょう	4
援助交際しない	4
援助交際しなかった	4
援助交際した	4
援助交際して	4
援助交際している	4
援助交際しています	4
援助交際していた	4
援助交際していました	4
援助交際してる	4
援助交際してます	4
援護する	1
援護します	1
援護しません	1
援護しました	1
援護しませんでした	1
援護しましょう	1
援護しない	1
援護しなかった	1
援護した	1
援護して	1
援護している	1
援護しています	1
援護していた	1
援護していました	1
援護してる	1
援護してます	1
揺ら揺らする	0
揺ら揺らします	6
揺ら揺らしません	7
揺ら揺らしました	6
揺ら揺らしませんでした	7
揺ら揺らしましょう	7
揺ら揺らしない	0
揺ら揺らしなかった	9
揺ら揺らした	6
揺ら揺らして	0
揺ら揺らしている	6
揺ら揺らしています	6
揺ら揺らしていた	6
揺ら揺らしていました	6
揺ら揺らしてる	6
揺ら揺らしてます	7
損します	1
損しません	1
損しました	1
損しませんでした	1
損しましょう	1
損しない	1
損しなかった	3
損した	1
損して	1
損している	1
損しています	1
損していた	1
損していました	1
損してる	1
損してます	1
損傷する	4
損傷します	4
損傷しません	4
損傷しました	4
損傷しませんでした	4
損傷しましょう	4
損傷しない	4
損傷しなかった	4
損傷した	4
損傷して	4
損傷している	4
損傷しています	4
損傷していた	4
損傷していました	4
損傷してる	4
損傷してます	4
損壊する	4
損壊します	4
損壊しません	4
損壊しました	4
損壊しませんでした	4
損壊しましょう	4
損壊しない	4
損壊しなかった	4
損壊した	4
損壊して	4
損壊している	4
損壊しています	4
損壊していた	4
損壊していました	4
損壊してる	4
損壊してます	4
損害する	4
損害します	4
損害しません	4
損害しました	4
損害しませんでした	4
損害しましょう	4
損害しない	4
損害しなかった	4
損害した	4
損害して	4
損害している	4
損害しています	4
損害していた	4
損害していました	4
損害してる	4
損害してます	4
搬入する	4
搬入します	4
搬入しません	4
搬入しました	4
搬入しませんでした	4
搬入しましょう	4
搬入しない	4
搬入しなかった	4
搬入した	4
搬入して	4
搬入している	4
搬入しています	4
搬入していた	4
搬入していました	4
搬入してる	4
搬入してます	4
搬送する	4
搬送します	4
搬送しません	4
搬送しました	4
搬送しませんでした	4
搬送しましょう	4
搬送しない	4
搬送しなかった	4
搬送した	4
搬送して	4
搬送している	4
搬送しています	4
搬送していた	4
搬送していました	4
搬送してる	4
搬送してます	4
搭乗する	4
搭乗します	4
搭乗しません	4
搭乗しました	4
搭乗しませんでした	4
搭乗しましょう	4
搭乗しない	4
搭乗しなかった	4
搭乗した	4
搭乗して	4
搭乗している	4
搭乗しています	4
搭乗していた	4
搭乗していました	4
搭乗してる	4
搭乗してます	4
搭載する	4
搭載します	4
搭載しません	4
搭載しました	4
搭載しませんでした	4
搭載しましょう	4
搭載しない	4
搭載しなかった	4
搭載した	4
搭載して	4
搭載している	4
搭載しています	4
搭載していた	4
搭載していました	4
搭載してる	4
搭載してます	4
携帯する	4
携帯します	4
携帯しません	4
携帯しました	4
携帯しませんでした	4
携帯しましょう	4
携帯しない	4
携帯しなかった	4
携帯した	4
携帯して	4
携帯している	4
携帯しています	4
携帯していた	4
携帯していました	4
携帯してる	4
携帯してます	4
搾取する	1
搾取します	1
搾取しません	1
搾取しました	1
搾取しませんでした	1
搾取しましょう	1
搾取しない	1
搾取しなかった	1
搾取した	1
搾取して	1
搾取している	1
搾取しています	1
搾取していた	1
搾取していました	1
搾取してる	1
搾取してます	1
摂取する	1
摂取します	1
摂取しません	1
摂取しました	1
摂取しませんでした	1
摂取しましょう	1
摂取しない	1
摂取しなかった	1
摂取した	1
摂取して	1
摂取している	1
摂取しています	1
摂取していた	1
摂取していました	1
摂取してる	1
摂取してます	1
摘出する	4
摘出します	4
摘出しません	4
摘出しました	4
摘出しませんでした	4
摘出しましょう	4
摘出しない	4
摘出しなかった	4
摘出した	4
摘出して	4
摘出している	4
摘出しています	4
摘出していた	4
摘出していました	4
摘出してる	4
摘出してます	4
摘発する	4
摘発します	4
摘発しません	4
摘発しました	4
摘発しませんでした	4
摘発しましょう	4
摘発しない	4
摘発しなかった	4
摘発した	4
摘発して	4
摘発している	4
摘発しています	4
摘発していた	4
摘発していました	4
摘発してる	4
摘発してます	4
摩擦する	3
摩擦します	3
摩擦しません	3
摩擦しました	3
摩擦しませんでした	3
摩擦しましょう	3
摩擦しない	3
摩擦しなかった	3
摩擦した	3
摩擦して	3
摩擦している	3
摩擦しています	3
摩擦していた	3
摩擦していました	3
摩擦してる	3
摩擦してます	3
撃墜する	4
撃墜します	4
撃墜しません	4
撃墜しました	4
撃墜しませんでした	4
撃墜しましょう	4
撃墜しない	4
撃墜しなかった	4
撃墜した	4
撃墜して	4
撃墜している	4
撃墜しています	4
撃墜していた	4
撃墜していました	4
撃墜してる	4
撃墜してます	4
撤去する	1
撤去します	1
撤去しません	1
撤去しました	1
撤去しませんでした	1
撤去しましょう	1
撤去しない	1
撤去しなかった	1
撤去した	1
撤去して	1
撤去している	1
撤去しています	1
撤去していた	1
撤去していました	1
撤去してる	1
撤去してます	1
撤収する	4
撤収します	4
撤収しません	4
撤収しました	4
撤収しませんでした	4
撤収しましょう	4
撤収しない	4
撤収しなかった	4
撤収した	4
撤収して	4
撤収している	4
撤収しています	4
撤収していた	4
撤収していました	4
撤収してる	4
撤収してます	4
撤回する	4
撤回します	4
撤回しません	4
撤回しました	4
撤回しませんでした	4
撤回しましょう	4
撤回しない	4
撤回しなかった	4
撤回した	4
撤回して	4
撤回している	4
撤回しています	4
撤回していた	4
撤回していました	4
撤回してる	4
撤回してます	4
撤廃する	4
撤廃します	4
撤廃しません	4
撤廃しました	4
撤廃しませんでした	4
撤廃しましょう	4
撤廃しない	4
撤廃しなかった	4
撤廃した	4
撤廃して	4
撤廃している	4
撤廃しています	4
撤廃していた	4
撤廃していました	4
撤廃してる	4
撤廃してます	4
撤退する	4
撤退します	4
撤退しません	4
撤退しました	4
撤退しませんでした	4
撤退しましょう	4
撤退しない	4
撤退しなかった	4
撤退した	4
撤退して	4
撤退している	4
撤退しています	4
撤退していた	4
撤退していました	4
撤退してる	4
撤退してます	4
撮影する	4
撮影します	4
撮影しません	4
撮影しました	4
撮影しませんでした	4
撮影しましょう	4
撮影しない	4
撮影しなかった	4
撮影した	4
撮影して	4
撮影している	4
撮影しています	4
撮影していた	4
撮影していました	4
撮影してる	4
撮影してます	4
撲滅する	4
撲滅します	4
撲滅しません	4
撲滅しました	4
撲滅しませんでした	4
撲滅しましょう	4
撲滅しない	4
撲滅しなかった	4
撲滅した	4
撲滅して	4
撲滅している	4
撲滅しています	4
撲滅していた	4
撲滅していました	4
撲滅してる	4
撲滅してます	4
擁するする	3
擁するします	6
擁するしません	7
擁するしました	6
擁するしませんでした	7
擁するしましょう	7
擁するしない	5
擁するしなかった	5
擁するした	3
擁するして	3
擁するしている	3
擁するしています	3
擁するしていた	3
擁するしていました	3
擁するしてる	2
擁するしてます	3
擁立する	4
擁立します	4
擁立しません	4
擁立しました	4
擁立しませんでした	4
擁立しましょう	4
擁立しない	4
擁立しなかった	4
擁立した	4
擁立して	4
擁立している	4
擁立しています	4
擁立していた	4
擁立していました	4
擁立してる	4
擁立してます	4
擁護する	1
擁護します	1
擁護しません	1
擁護しました	1
擁護しませんでした	1
擁護しましょう	1
擁護しない	1
擁護しなかった	1
擁護した	1
擁護して	1
擁護している	1
擁護しています	1
擁護していた	1
擁護していました	1
擁護してる	1
擁護してます	1
操作する	1
操作します	1
操作しません	1
操作しました	1
操作しませんでした	1
操作しましょう	1
操作しない	1
操作しなかった	1
操作した	1
操作して	1
操作している	1
操作しています	1
操作していた	1
操作していました	1
操作してる	1
操作してます	1
操業する	4
操業します	4
操業しません	4
操業しました	4
操業しませんでした	4
操業しましょう	4
操業しない	4
操業しなかった	4
操業した	4
操業して	4
操業している	4
操業しています	4
操業していた	4
操業していました	4
操業してる	4
操業してます	4
操縦する	4
操縦します	4
操縦しません	4
操縦しました	4
操縦しませんでした	4
操縦しましょう	4
操縦しない	4
操縦しなかった	4
操縦した	4
操縦して	4
操縦している	4
操縦しています	4
操縦していた	4
操縦していました	4
操縦してる	4
操縦してます	4
支出する	3
支出します	3
支出しません	3
支出しました	3
支出しませんでした	3
支出しましょう	3
支出しない	3
支出しなかった	3
支出した	3
支出して	3
支出している	3
支出しています	3
支出していた	3
支出していました	3
支出してる	3
支出してます	3
支度する	3
支度します	3
支度しません	3
支度しました	3
支度しませんでした	3
支度しましょう	3
支度しない	3
支度しなかった	3
支度した	3
支度して	3
支度している	3
支度しています	3
支度していた	3
支度していました	3
支度してる	3
支度してます	3
支持する	1
支持します	1
支持しません	1
支持しました	1
支持しませんでした	1
支持しましょう	1
支持しない	1
支持しなかった	1
支持した	1
支持して	1
支持している	1
支持しています	1
支持していた	1
支持していました	1
支持してる	1
支持してます	1
支援する	3
支援します	3
支援しません	3
支援しました	3
支援しませんでした	3
支援しましょう	3
支援しない	3
支援しなかった	3
支援した	3
支援して	3
支援している	3
支援しています	3
支援していた	3
支援していました	3
支援してる	3
支援してます	3
支給する	3
支給します	3
支給しません	3
支給しました	3
支給しませんでした	3
支給しましょう	3
支給しない	3
支給しなかった	3
支給した	3
支給して	3
支給している	3
支給しています	3
支給していた	3
支給していました	3
支給してる	3
支給してます	3
支配する	1
支配します	1
支配しません	1
支配しました	1
支配しませんでした	1
支配しましょう	1
支配しない	1
支配しなかった	1
支配した	1
支配して	1
支配している	1
支配しています	1
支配していた	1
支配していました	1
支配してる	1
支配してます	1
改ざんする	4
改ざんします	4
改ざんしません	4
改ざんしました	4
改ざんしませんでした	4
改ざんしましょう	4
改ざんしない	4
改ざんしなかった	4
改ざんした	4
改ざんして	4
改ざんしている	4
改ざんしています	4
改ざんしていた	4
改ざんしていました	4
改ざんしてる	4
改ざんしてます	4
改修する	4
改修します	4
改修しません	4
改修しました	4
改修しませんでした	4
改修しましょう	4
改修しない	4
改修しなかった	4
改修した	4
改修して	4
改修している	4
改修しています	4
改修していた	4
改修していました	4
改修してる	4
改修してます	4
改善する	4
改善します	4
改善しません	4
改善しました	4
改善しませんでした	4
改善しましょう	4
改善しない	4
改善しなかった	4
改善した	4
改善して	4
改善している	4
改善しています	4
改善していた	4
改善していました	4
改善してる	4
改善してます	4
改定する	4
改定します	4
改定しません	4
改定しました	4
改定しませんでした	4
改定しましょう	4
改定しない	4
改定しなかった	4
改定した	4
改定して	4
改定している	4
改定しています	4
改定していた	4
改定していました	4
改定してる	4
改定してます	4
改憲する	4
改憲します	4
改憲しません	4
改憲しました	4
改憲しませんでした	4
改憲しましょう	4
改憲しない	4
改憲しなかった	4
改憲した	4
改憲して	4
改憲している	4
改憲しています	4
改憲していた	4
改憲していました	4
改憲してる	4
改憲してます	4
改新する	4
改新します	4
改新しません	4
改新しました	4
改新しませんでした	4
改新しましょう	4
改新しない	4
改新しなかった	4
改新した	4
改新して	4
改新している	4
改新しています	4
改新していた	4
改新していました	4
改新してる	4
改新してます	4
改札する	4
改札します	4
改札しません	4
改札しました	4
改札しませんでした	4
改札しましょう	4
改札しない	4
改札しなかった	4
改札した	4
改札して	4
改札している	4
改札しています	4
改札していた	4
改札していました	4
改札してる	4
改札してます	4
改正する	4
改正します	4
改正しません	4
改正しました	4
改正しませんでした	4
改正しましょう	4
改正しない	4
改正しなかった	4
改正した	4
改正して	4
改正している	4
改正しています	4
改正していた	4
改正していました	4
改正してる	4
改正してます	4
改築する	4
改築します	4
改築しません	4
改築しました	4
改築しませんでした	4
改築しましょう	4
改築しない	4
改築しなかった	4
改築した	4
改築して	4
改築している	4
改築しています	4
改築していた	4
改築していました	4
改築してる	4
改築してます	4
改組する	3
改組します	3
改組しません	3
改組しました	3
改組しませんでした	3
改組しましょう	3
改組しない	3
改組しなかった	3
改組した	3
改組して	3
改組している	3
改組しています	3
改組していた	3
改組していました	3
改組してる	3
改組してます	3
改編する	4
改編します	4
改編しません	4
改編しました	4
改編しませんでした	4
改編しましょう	4
改編しない	4
改編しなかった	4
改編した	4
改編して	4
改編している	4
改編しています	4
改編していた	4
改編していました	4
改編してる	4
改編してます	4
改良する	4
改良します	4
改良しません	4
改良しました	4
改良しませんでした	4
改良しましょう	4
改良しない	4
改良しなかった	4
改良した	4
改良して	4
改良している	4
改良しています	4
改良していた	4
改良していました	4
改良してる	4
改良してます	4
改装する	4
改装します	4
改装しません	4
改装しました	4
改装しませんでした	4
改装しましょう	4
改装しない	4
改装しなかった	4
改装した	4
改装して	4
改装している	4
改装しています	4
改装していた	4
改装していました	4
改装してる	4
改装してます	4
改訂する	4
改訂します	4
改訂しません	4
改訂しました	4
改訂しませんでした	4
改訂しましょう	4
改訂しない	4
改訂しなかった	4
改訂した	4
改訂して	4
改訂している	4
改訂しています	4
改訂していた	4
改訂していました	4
改訂してる	4
改訂してます	4
改造する	4
改造します	4
改造しません	4
改造しました	4
改造しませんでした	4
改造しましょう	4
改造しない	4
改造しなかった	4
改造した	4
改造して	4
改造している	4
改造しています	4
改造していた	4
改造していました	4
改造してる	4
改造してます	4
改選する	4
改選します	4
改選しません	4
改選しました	4
改選しませんでした	4
改選しましょう	4
改選しない	4
改選しなかった	4
改選した	4
改選して	4
改選している	4
改選しています	4
改選していた	4
改選していました	4
改選してる	4
改選してます	4
改革する	4
改革します	4
改革しません	4
改革しました	4
改革しませんでした	4
改革しましょう	4
改革しない	4
改革しなかった	4
改革した	4
改革して	4
改革している	4
改革しています	4
改革していた	4
改革していました	4
改革してる	4
改革してます	4
攻撃する	4
攻撃します	4
攻撃しません	4
攻撃しました	4
攻撃しませんでした	4
攻撃しましょう	4
攻撃しない	4
攻撃しなかった	4
攻撃した	4
攻撃して	4
攻撃している	4
攻撃しています	4
攻撃していた	4
攻撃していました	4
攻撃してる	4
攻撃してます	4
攻略する	4
攻略します	4
攻略しません	4
攻略しました	4
攻略しませんでした	4
攻略しましょう	4
攻略しない	4
攻略しなかった	4
攻略した	4
攻略して	4
攻略している	4
攻略しています	4
攻略していた	4
攻略していました	4
攻略してる	4
攻略してます	4
放任する	4
放任します	4
放任しません	4
放任しました	4
放任しませんでした	4
放任しましょう	4
放任しない	4
放任しなかった	4
放任した	4
放任して	4
放任している	4
放任しています	4
放任していた	4
放任していました	4
放任してる	4
放任してます	4
放出する	4
放出します	4
放出しません	4
放出しました	4
放出しませんでした	4
放出しましょう	4
放出しない	4
放出しなかった	4
放出した	4
放出して	4
放出している	4
放出しています	4
放出していた	4
放出していました	4
放出してる	4
放出してます	4
放射する	3
放射します	3
放射しません	3
放射しました	3
放射しませんでした	3
放射しましょう	3
放射しない	3
放射しなかった	3
放射した	3
放射して	3
放射している	3
放射しています	3
放射していた	3
放射していました	3
放射してる	3
放射してます	3
放映する	4
放映します	4
放映しません	4
放映しました	4
放映しませんでした	4
放映しましょう	4
放映しない	4
放映しなかった	4
放映した	4
放映して	4
放映している	4
放映しています	4
放映していた	4
放映していました	4
放映してる	4
放映してます	4
放棄する	1
放棄します	1
放棄しません	1
放棄しました	1
放棄しませんでした	1
放棄しましょう	1
放棄しない	1
放棄しなかった	1
放棄した	1
放棄して	1
放棄している	1
放棄しています	1
放棄していた	1
放棄していました	1
放棄してる	1
放棄してます	1
放水する	4
放水します	4
放水しません	4
放水しました	4
放水しませんでした	4
放水しましょう	4
放水しない	4
放水しなかった	4
放水した	4
放水して	4
放水している	4
放水しています	4
放水していた	4
放水していました	4
放水してる	4
放水してます	4
放流する	4
放流します	4
放流しません	4
放流しました	4
放流しませんでした	4
放流しましょう	4
放流しない	4
放流しなかった	4
放流した	4
放流して	4
放流している	4
放流しています	4
放流していた	4
放流していました	4
放流してる	4
放流してます	4
放浪する	4
放浪します	4
放浪しません	4
放浪しました	4
放浪しませんでした	4
放浪しましょう	4
放浪しない	4
放浪しなかった	4
放浪した	4
放浪して	4
放浪している	4
放浪しています	4
放浪していた	4
放浪していました	4
放浪してる	4
放浪してます	4
放火する	3
放火します	3
放火しません	3
放火しました	3
放火しませんでした	3
放火しましょう	3
放火しない	3
放火しなかった	3
放火した	3
放火して	3
放火している	3
放火しています	3
放火していた	3
放火していました	3
放火してる	3
放火してます	3
放置する	1
放置します	1
放置しません	1
放置しました	1
放置しませんでした	1
放置しましょう	1
放置しない	1
放置しなかった	1
放置した	1
放置して	1
放置している	1
放置しています	1
放置していた	1
放置していました	1
放置してる	1
放置してます	1
放送する	4
放送します	4
放送しません	4
放送しました	4
放送しませんでした	4
放送しましょう	4
放送しない	4
放送しなかった	4
放送した	4
放送して	4
放送している	4
放送しています	4
放送していた	4
放送していました	4
放送してる	4
放送してます	4
故障する	3
故障します	3
故障しません	3
故障しました	3
故障しませんでした	3
故障しましょう	3
故障しない	3
故障しなかった	3
故障した	3
故障して	3
故障している	3
故障しています	3
故障していた	3
故障していました	3
故障してる	3
故障してます	3
救出する	4
救出します	4
救出しません	4
救出しました	4
救出しませんでした	4
救出しましょう	4
救出しない	4
救出しなかった	4
救出した	4
救出して	4
救出している	4
救出しています	4
救出していた	4
救出していました	4
救出してる	4
救出してます	4
救助する	1
救助します	1
救助しません	1
救助しました	1
救助しませんでした	1
救助しましょう	1
救助しない	1
救助しなかった	1
救助した	1
救助して	1
救助している	1
救助しています	1
救助していた	1
救助していました	1
救助してる	1
救助してます	1
救援する	4
救援します	4
救援しません	4
救援しました	4
救援しませんでした	4
救援しましょう	4
救援しない	4
救援しなかった	4
救援した	4
救援して	4
救援している	4
救援しています	4
救援していた	4
救援していました	4
救援してる	4
救援してます	4
救済する	4
救済します	4
救済しません	4
救済しました	4
救済しませんでした	4
救済しましょう	4
救済しない	4
救済しなかった	4
救済した	4
救済して	4
救済している	4
救済しています	4
救済していた	4
救済していました	4
救済してる	4
救済してます	4
敗北する	4
敗北します	4
敗北しません	4
敗北しました	4
敗北しませんでした	4
敗北しましょう	4
敗北しない	4
敗北しなかった	4
敗北した	4
敗北して	4
敗北している	4
敗北しています	4
敗北していた	4
敗北していました	4
敗北してる	4
敗北してます	4
敗戦する	4
敗戦します	4
敗戦しません	4
敗戦しました	4
敗戦しませんでした	4
敗戦しましょう	4
敗戦しない	4
敗戦しなかった	4
敗戦した	4
敗戦して	4
敗戦している	4
敗戦しています	4
敗戦していた	4
敗戦していました	4
敗戦してる	4
敗戦してます	4
敗訴する	1
敗訴します	1
敗訴しません	1
敗訴しました	1
敗訴しませんでした	1
敗訴しましょう	1
敗訴しない	1
敗訴しなかった	1
敗訴した	1
敗訴して	1
敗訴している	1
敗訴しています	1
敗訴していた	1
敗訴していました	1
敗訴してる	1
敗訴してます	1
敗退する	4
敗退します	4
敗退しません	4
敗退しました	4
敗退しませんでした	4
敗退しましょう	4
敗退しない	4
敗退しなかった	4
敗退した	4
敗退して	4
敗退している	4
敗退しています	4
敗退していた	4
敗退していました	4
敗退してる	4
敗退してます	4
教授する	3
教授します	3
教授しません	3
教授しました	3
教授しませんでした	3
教授しましょう	3
教授しない	3
教授しなかった	3
教授した	3
教授して	3
教授している	3
教授しています	3
教授していた	3
教授していました	3
教授してる	3
教授してます	3
教習する	4
教習します	4
教習しません	4
教習しました	4
教習しませんでした	4
教習しましょう	4
教習しない	4
教習しなかった	4
教習した	4
教習して	4
教習している	4
教習しています	4
教習していた	4
教習していました	4
教習してる	4
教習してます	4
教育する	4
教育します	4
教育しません	4
教育しました	4
教育しませんでした	4
教育しましょう	4
教育しない	4
教育しなかった	4
教育した	4
教育して	4
教育している	4
教育しています	4
教育していた	4
教育していました	4
教育してる	4
教育してます	4
教訓する	4
教訓します	4
教訓しません	4
教訓しました	4
教訓しませんでした	4
教訓しましょう	4
教訓しない	4
教訓しなかった	4
教訓した	4
教訓して	4
教訓している	4
教訓しています	4
教訓していた	4
教訓していました	4
教訓してる	4
教訓してます	4
敢行する	4
敢行します	4
敢行しません	4
敢行しました	4
敢行しませんでした	4
敢行しましょう	4
敢行しない	4
敢行しなかった	4
敢行した	4
敢行して	4
敢行している	4
敢行しています	4
敢行していた	4
敢行していました	4
敢行してる	4
敢行してます	4
敢闘する	4
敢闘します	4
敢闘しません	4
敢闘しました	4
敢闘しませんでした	4
敢闘しましょう	4
敢闘しない	4
敢闘しなかった	4
敢闘した	4
敢闘して	4
敢闘している	4
敢闘しています	4
敢闘していた	4
敢闘していました	4
敢闘してる	4
敢闘してます	4
散会する	4
散会します	4
散会しません	4
散会しました	4
散会しませんでした	4
散会しましょう	4
散会しない	4
散会しなかった	4
散会した	4
散会して	4
散会している	4
散会しています	4
散会していた	4
散会していました	4
散会してる	4
散会してます	4
散布する	3
散布します	3
散布しません	3
散布しました	3
散布しませんでした	3
散布しましょう	3
散布しない	3
散布しなかった	3
散布した	3
散布して	3
散布している	3
散布しています	3
散布していた	3
散布していました	3
散布してる	3
散布してます	3
散歩する	3
散歩します	3
散歩しません	3
散歩しました	3
散歩しませんでした	3
散歩しましょう	3
散歩しない	3
散歩しなかった	3
散歩した	3
散歩して	3
散歩している	3
散歩しています	3
散歩していた	3
散歩していました	3
散歩してる	3
散歩してます	3
散発する	4
散発します	4
散発しません	4
散発しました	4
散発しませんでした	4
散発しましょう	4
散発しない	4
散発しなかった	4
散発した	4
散発して	4
散発している	4
散発しています	4
散発していた	4
散発していました	4
散発してる	4
散発してます	4
散策する	4
散策します	4
散策しません	4
散策しました	4
散策しませんでした	4
散策しましょう	4
散策しない	4
散策しなかった	4
散策した	4
散策して	4
散策している	4
散策しています	4
散策していた	4
散策していました	4
散策してる	4
散策してます	4
散骨する	4
散骨します	4
散骨しません	4
散骨しました	4
散骨しませんでした	4
散骨しましょう	4
散骨しない	4
散骨しなかった	4
散骨した	4
散骨して	4
散骨している	4
散骨しています	4
散骨していた	4
散骨していました	4
散骨してる	4
散骨してます	4
散髪する	4
散髪します	4
散髪しません	4
散髪しました	4
散髪しませんでした	4
散髪しましょう	4
散髪しない	4
散髪しなかった	4
散髪した	4
散髪して	4
散髪している	4
散髪しています	4
散髪していた	4
散髪していました	4
散髪してる	4
散髪してます	4
敬遠する	4
敬遠します	4
敬遠しません	4
敬遠しました	4
敬遠しませんでした	4
敬遠しましょう	4
敬遠しない	4
敬遠しなかった	4
敬遠した	4
敬遠して	4
敬遠している	4
敬遠しています	4
敬遠していた	4
敬遠していました	4
敬遠してる	4
敬遠してます	4
整備する	1
整備します	1
整備しません	1
整備しました	1
整備しませんでした	1
整備しましょう	1
整備しない	1
整備しなかった	1
整備した	1
整備して	1
整備している	1
整備しています	1
整備していた	1
整備していました	1
整備してる	1
整備してます	1
整列する	4
整列します	4
整列しません	4
整列しました	4
整列しませんでした	4
整列しましょう	4
整列しない	4
整列しなかった	4
整列した	4
整列して	4
整列している	4
整列しています	4
整列していた	4
整列していました	4
整列してる	4
整列してます	4
整合する	4
整合します	4
整合しません	4
整合しました	4
整合しませんでした	4
整合しましょう	4
整合しない	4
整合しなかった	4
整合した	4
整合して	4
整合している	4
整合しています	4
整合していた	4
整合していました	4
整合してる	4
整合してます	4
整理する	1
整理します	1
整理しません	1
整理しました	1
整理しませんでした	1
整理しましょう	1
整理しない	1
整理しなかった	1
整理した	1
整理して	1
整理している	1
整理しています	1
整理していた	1
整理していました	1
整理してる	1
整理してます	1
整頓する	4
整頓します	4
整頓しません	4
整頓しました	4
整頓しませんでした	4
整頓しましょう	4
整頓しない	4
整頓しなかった	4
整頓した	4
整頓して	4
整頓している	4
整頓しています	4
整頓していた	4
整頓していました	4
整頓してる	4
整頓してます	4
敵対する	4
敵対します	4
敵対しません	4
敵対しました	4
敵対しませんでした	4
敵対しましょう	4
敵対しない	4
敵対しなかった	4
敵対した	4
敵対して	4
敵対している	4
敵対しています	4
敵対していた	4
敵対していました	4
敵対してる	4
敵対してます	4
敷設する	3
敷設します	3
敷設しません	3
敷設しました	3
敷設しませんでした	3
敷設しましょう	3
敷設しない	3
敷設しなかった	3
敷設した	3
敷設して	3
敷設している	3
敷設しています	3
敷設していた	3
敷設していました	3
敷設してる	3
敷設してます	3
文通する	4
文通します	4
文通しません	4
文通しました	4
文通しませんでした	4
文通しましょう	4
文通しない	4
文通しなかった	4
文通した	4
文通して	4
文通している	4
文通しています	4
文通していた	4
文通していました	4
文通してる	4
文通してます	4
斉唱する	4
斉唱します	4
斉唱しません	4
斉唱しました	4
斉唱しませんでした	4
斉唱しましょう	4
斉唱しない	4
斉唱しなかった	4
斉唱した	4
斉唱して	4
斉唱している	4
斉唱しています	4
斉唱していた	4
斉唱していました	4
斉唱してる	4
斉唱してます	4
料理する	1
料理します	1
料理しません	1
料理しました	1
料理しませんでした	1
料理しましょう	1
料理しない	1
料理しなかった	1
料理した	1
料理して	1
料理している	1
料理しています	1
料理していた	1
料理していました	1
料理してる	1
料理してます	1
斡旋する	4
斡旋します	4
斡旋しません	4
斡旋しました	4
斡旋しませんでした	4
斡旋しましょう	4
斡旋しない	4
斡旋しなかった	4
斡旋した	4
斡旋して	4
斡旋している	4
斡旋しています	4
斡旋していた	4
斡旋していました	4
斡旋してる	4
斡旋してます	4
断定する	4
断定します	4
断定しません	4
断定しました	4
断定しませんでした	4
断定しましょう	4
断定しない	4
断定しなかった	4
断定した	4
断定して	4
断定している	4
断定しています	4
断定していた	4
断定していました	4
断定してる	4
断定してます	4
断念する	3
断念します	3
断念しません	3
断念しました	3
断念しませんでした	3
断念しましょう	3
断念しない	3
断念しなかった	3
断念した	3
断念して	3
断念している	3
断念しています	3
断念していた	3
断念していました	3
断念してる	3
断念してます	3
断水する	4
断水します	4
断水しません	4
断水しました	4
断水しませんでした	4
断水しましょう	4
断水しない	4
断水しなかった	4
断水した	4
断水して	4
断水している	4
断水しています	4
断水していた	4
断水していました	4
断水してる	4
断水してます	4
断熱する	4
断熱します	4
断熱しません	4
断熱しました	4
断熱しませんでした	4
断熱しましょう	4
断熱しない	4
断熱しなかった	4
断熱した	4
断熱して	4
断熱している	4
断熱しています	4
断熱していた	4
断熱していました	4
断熱してる	4
断熱してます	4
断絶する	4
断絶します	4
断絶しません	4
断絶しました	4
断絶しませんでした	4
断絶しましょう	4
断絶しない	4
断絶しなかった	4
断絶した	4
断絶して	4
断絶している	4
断絶しています	4
断絶していた	4
断絶していました	4
断絶してる	4
断絶してます	4
断続する	4
断続します	4
断続しません	4
断続しました	4
断続しませんでした	4
断続しましょう	4
断続しない	4
断続しなかった	4
断続した	4
断続して	4
断続している	4
断続しています	4
断続していた	4
断続していました	4
断続してる	4
断続してます	4
断行する	4
断行します	4
断行しません	4
断行しました	4
断行しませんでした	4
断行しましょう	4
断行しない	4
断行しなかった	4
断行した	4
断行して	4
断行している	4
断行しています	4
断行していた	4
断行していました	4
断行してる	4
断行してます	4
断言する	3
断言します	3
断言しません	3
断言しました	3
断言しませんでした	3
断言しましょう	3
断言しない	3
断言しなかった	3
断言した	3
断言して	3
断言している	3
断言しています	3
断言していた	3
断言していました	3
断言してる	3
断言してます	3
断食する	4
断食します	4
断食しません	4
断食しました	4
断食しませんでした	4
断食しましょう	4
断食しない	4
断食しなかった	4
断食した	4
断食して	4
断食している	4
断食しています	4
断食していた	4
断食していました	4
断食してる	4
断食してます	4
新作する	4
新作します	4
新作しません	4
新作しました	4
新作しませんでした	4
新作しましょう	4
新作しない	4
新作しなかった	4
新作した	4
新作して	4
新作している	4
新作しています	4
新作していた	4
新作していました	4
新作してる	4
新作してます	4
新婚する	4
新婚します	4
新婚しません	4
新婚しました	4
新婚しませんでした	4
新婚しましょう	4
新婚しない	4
新婚しなかった	4
新婚した	4
新婚して	4
新婚している	4
新婚しています	4
新婚していた	4
新婚していました	4
新婚してる	4
新婚してます	4
新生する	4
新生します	4
新生しません	4
新生しました	4
新生しませんでした	4
新生しましょう	6
新生しない	4
新生しなかった	4
新生した	4
新生して	4
新生している	4
新生しています	4
新生していた	4
新生していました	4
新生してる	4
新生してます	4
新発売する	3
新発売します	3
新発売しません	3
新発売しました	3
新発売しませんでした	3
新発売しましょう	3
新発売しない	3
新発売しなかった	3
新発売した	3
新発売して	3
新発売している	3
新発売しています	3
新発売していた	3
新発売していました	3
新発売してる	3
新発売してます	3
新着する	4
新着します	4
新着しません	4
新着しました	4
新着しませんでした	4
新着しましょう	4
新着しない	4
新着しなかった	4
新着した	4
新着して	4
新着している	4
新着しています	4
新着していた	4
新着していました	4
新着してる	4
新着してます	4
新築する	4
新築します	4
新築しません	4
新築しました	4
新築しませんでした	4
新築しましょう	4
新築しない	4
新築しなかった	4
新築した	4
新築して	4
新築している	4
新築しています	4
新築していた	4
新築していました	4
新築してる	4
新築してます	4
新装する	4
新装します	4
新装しません	4
新装しました	4
新装しませんでした	4
新装しましょう	4
新装しない	4
新装しなかった	4
新装した	4
新装して	4
新装している	4
新装しています	4
新装していた	4
新装していました	4
新装してる	4
新装してます	4
新設する	4
新設します	4
新設しません	4
新設しました	4
新設しませんでした	4
新設しましょう	4
新設しない	4
新設しなかった	4
新設した	4
新設して	4
新設している	4
新設しています	4
新設していた	4
新設していました	4
新設してる	4
新設してます	4
施工する	3
施工します	3
施工しません	3
施工しました	3
施工しませんでした	3
施工しましょう	3
施工しない	3
施工しなかった	3
施工した	3
施工して	3
施工している	3
施工しています	3
施工していた	3
施工していました	3
施工してる	3
施工してます	3
施行する	3
施行します	3
施行しません	3
施行しました	3
施行しませんでした	3
施行しましょう	3
施行しない	3
施行しなかった	3
施行した	3
施行して	3
施行している	3
施行しています	3
施行していた	3
施行していました	3
施行してる	3
施行してます	3
施設する	1
施設します	1
施設しません	1
施設しました	1
施設しませんでした	1
施設しましょう	1
施設しない	1
施設しなかった	1
施設した	1
施設して	1
施設している	1
施設しています	1
施設していた	1
施設していました	1
施設してる	1
施設してます	1
旅行する	3
旅行します	3
旅行しません	3
旅行しました	3
旅行しませんでした	3
旅行しましょう	3
旅行しない	3
旅行しなかった	3
旅行した	3
旅行して	3
旅行している	3
旅行しています	3
旅行していた	3
旅行していました	3
旅行してる	3
旅行してます	3
旗揚げする	4
旗揚げします	4
旗揚げしません	4
旗揚げしました	4
旗揚げしませんでした	4
旗揚げしましょう	4
旗揚げしない	4
旗揚げしなかった	4
旗揚げした	4
旗揚げして	4
旗揚げしている	4
旗揚げしています	4
旗揚げしていた	4
旗揚げしていました	4
旗揚げしてる	4
旗揚げしてます	4
既存する	3
既存します	3
既存しません	3
既存しました	3
既存しませんでした	3
既存しましょう	3
既存しない	3
既存しなかった	3
既存した	3
既存して	3
既存している	3
既存しています	3
既存していた	3
既存していました	3
既存してる	3
既存してます	3
日光浴する	3
日光浴します	3
日光浴しません	3
日光浴しました	3
日光浴しませんでした	3
日光浴しましょう	3
日光浴しない	3
日光浴しなかった	3
日光浴した	3
日光浴して	3
日光浴している	3
日光浴しています	3
日光浴していた	3
日光浴していました	3
日光浴してる	3
日光浴してます	3
日帰りする	4
日帰りします	4
日帰りしません	4
日帰りしました	4
日帰りしませんでした	4
日帰りしましょう	4
日帰りしない	4
日帰りしなかった	4
日帰りした	4
日帰りして	4
日帰りしている	4
日帰りしています	4
日帰りしていた	4
日帰りしていました	4
日帰りしてる	4
日帰りしてます	4
日焼けする	3
日焼けします	3
日焼けしません	3
日焼けしました	3
日焼けしませんでした	3
日焼けしましょう	3
日焼けしない	3
日焼けしなかった	3
日焼けした	3
日焼けして	3
日焼けしている	3
日焼けしています	3
日焼けしていた	3
日焼けしていました	3
日焼けしてる	3
日焼けしてます	3
早寝する	2
早寝します	2
早寝しません	2
早寝しました	2
早寝しませんでした	2
早寝しましょう	2
早寝しない	2
早寝しなかった	2
早寝した	2
早寝して	2
早寝している	2
早寝しています	2
早寝していた	2
早寝していました	2
早寝してる	2
早寝してます	2
早引けする	4
早引けします	4
早引けしません	4
早引けしました	4
早引けしませんでした	4
早引けしましょう	4
早引けしない	4
早引けしなかった	4
早引けした	4
早引けして	4
早引けしている	4
早引けしています	4
早引けしていた	4
早引けしていました	4
早引けしてる	4
早引けしてます	4
早起きする	2
早起きします	2
早起きしません	2
早起きしました	2
早起きしませんでした	2
早起きしましょう	2
早起きしない	2
早起きしなかった	2
早起きした	2
早起きして	2
早起きしている	2
早起きしています	2
早起きしていた	2
早起きしていました	2
早起きしてる	2
早起きしてます	2
早退する	4
早退します	4
早退しません	4
早退しました	4
早退しませんでした	4
早退しましょう	4
早退しない	4
早退しなかった	4
早退した	4
早退して	4
早退している	4
早退しています	4
早退していた	4
早退していました	4
早退してる	4
早退してます	4
昇格する	4
昇格します	4
昇格しません	4
昇格しました	4
昇格しませんでした	4
昇格しましょう	4
昇格しない	4
昇格しなかった	4
昇格した	4
昇格して	4
昇格している	4
昇格しています	4
昇格していた	4
昇格していました	4
昇格してる	4
昇格してます	4
昇給する	4
昇給します	4
昇給しません	4
昇給しました	4
昇給しませんでした	4
昇給しましょう	4
昇給しない	4
昇給しなかった	4
昇給した	4
昇給して	4
昇給している	4
昇給しています	4
昇給していた	4
昇給していました	4
昇給してる	4
昇給してます	4
昇進する	4
昇進します	4
昇進しません	4
昇進しました	4
昇進しませんでした	4
昇進しましょう	4
昇進しない	4
昇進しなかった	4
昇進した	4
昇進して	4
昇進している	4
昇進しています	4
昇進していた	4
昇進していました	4
昇進してる	4
昇進してます	4
明け暮れする	4
明け暮れします	4
明け暮れしません	4
明け暮れしました	4
明け暮れしませんでした	4
明け暮れしましょう	4
明け暮れしない	4
明け暮れしなかった	4
明け暮れした	4
明け暮れして	4
明け暮れしている	4
明け暮れしています	4
明け暮れしていた	4
明け暮れしていました	4
明け暮れしてる	4
明け暮れしてます	4
明文化する	5
明文化します	5
明文化しません	5
明文化しました	5
明文化しませんでした	5
明文化しましょう	5
明文化しない	5
明文化しなかった	5
明文化した	5
明文化して	5
明文化している	5
明文化しています	5
明文化していた	5
明文化していました	5
明文化してる	5
明文化してます	5
明示する	3
明示します	3
明示しません	3
明示しました	3
明示しませんでした	3
明示しましょう	3
明示しない	3
明示しなかった	3
明示した	3
明示して	3
明示している	3
明示しています	3
明示していた	3
明示していました	3
明示してる	3
明示してます	3
明言する	3
明言します	3
明言しません	3
明言しました	3
明言しませんでした	3
明言しましょう	3
明言しない	3
明言しなかった	3
明言した	3
明言して	3
明言している	3
明言しています	3
明言していた	3
明言していました	3
明言してる	3
明言してます	3
明記する	1
明記します	1
明記しません	1
明記しました	1
明記しませんでした	1
明記しましょう	1
明記しない	1
明記しなかった	1
明記した	1
明記して	1
明記している	1
明記しています	1
明記していた	1
明記していました	1
明記してる	1
明記してます	1
是正する	3
是正します	3
是正しません	3
是正しました	3
是正しませんでした	3
是正しましょう	3
是正しない	3
是正しなかった	3
是正した	3
是正して	3
是正している	3
是正しています	3
是正していた	3
是正していました	3
是正してる	3
是正してます	3
昼寝する	3
昼寝します	3
昼寝しません	3
昼寝しました	3
昼寝しませんでした	3
昼寝しましょう	3
昼寝しない	3
昼寝しなかった	3
昼寝した	3
昼寝して	3
昼寝している	3
昼寝しています	3
昼寝していた	3
昼寝していました	3
昼寝してる	3
昼寝してます	3
普及する	3
普及します	3
普及しません	3
普及しました	3
普及しませんでした	3
普及しましょう	3
普及しない	3
普及しなかった	3
普及した	3
普及して	3
普及している	3
普及しています	3
普及していた	3
普及していました	3
普及してる	3
普及してます	3
暇する	3
暇します	2
暇しません	2
暇しました	2
暇しませんでした	2
暇しましょう	2
暇しない	2
暇しなかった	2
暇した	2
暇して	2
暇している	2
暇しています	2
暇していた	2
暇していました	2
暇してる	2
暇してます	2
暖房する	4
暖房します	4
暖房しません	4
暖房しました	4
暖房しませんでした	4
暖房しましょう	4
暖房しない	4
暖房しなかった	4
暖房した	4
暖房して	4
暖房している	4
暖房しています	4
暖房していた	4
暖房していました	4
暖房してる	4
暖房してます	4
暗殺する	4
暗殺します	4
暗殺しません	4
暗殺しました	4
暗殺しませんでした	4
暗殺しましょう	4
暗殺しない	4
暗殺しなかった	4
暗殺した	4
暗殺して	4
暗殺している	4
暗殺しています	4
暗殺していた	4
暗殺していました	4
暗殺してる	4
暗殺してます	4
暗示する	3
暗示します	3
暗示しません	3
暗示しました	3
暗示しませんでした	3
暗示しましょう	3
暗示しない	3
暗示しなかった	3
暗示した	3
暗示して	3
暗示している	3
暗示しています	3
暗示していた	3
暗示していました	3
暗示してる	3
暗示してます	3
暗記する	3
暗記します	3
暗記しません	3
暗記しました	3
暗記しませんでした	3
暗記しましょう	3
暗記しない	3
暗記しなかった	3
暗記した	3
暗記して	3
暗記している	3
暗記しています	3
暗記していた	3
暗記していました	3
暗記してる	3
暗記してます	3
暫くする	2
暫くします	2
暫くしません	2
暫くしました	2
暫くしませんでした	2
暫くしましょう	2
暫くしない	2
暫くしなかった	2
暫くした	2
暫くして	2
暫くしている	2
暫くしています	2
暫くしていた	2
暫くしていました	2
暫くしてる	2
暫くしてます	2
暴落する	4
暴落します	4
暴落しません	4
暴落しました	4
暴落しませんでした	4
暴落しましょう	4
暴落しない	4
暴落しなかった	4
暴落した	4
暴落して	4
暴落している	4
暴落しています	4
暴落していた	4
暴落していました	4
暴落してる	4
暴落してます	4
暴行する	4
暴行します	4
暴行しません	4
暴行しました	4
暴行しませんでした	4
暴行しましょう	4
暴行しない	4
暴行しなかった	4
暴行した	4
暴行して	4
暴行している	4
暴行しています	4
暴行していた	4
暴行していました	4
暴行してる	4
暴行してます	4
暴走する	4
暴走します	4
暴走しません	4
暴走しました	4
暴走しませんでした	4
暴走しましょう	4
暴走しない	4
暴走しなかった	4
暴走した	4
暴走して	4
暴走している	4
暴走しています	4
暴走していた	4
暴走していました	4
暴走してる	4
暴走してます	4
暴露する	1
暴露します	1
暴露しません	1
暴露しました	1
暴露しませんでした	1
暴露しましょう	1
暴露しない	1
暴露しなかった	1
暴露した	1
暴露して	1
暴露している	1
暴露しています	1
暴露していた	1
暴露していました	1
暴露してる	1
暴露してます	1
暴騰する	4
暴騰します	4
暴騰しません	4
暴騰しました	4
暴騰しませんでした	4
暴騰しましょう	4
暴騰しない	4
暴騰しなかった	4
暴騰した	4
暴騰して	4
暴騰している	4
暴騰しています	4
暴騰していた	4
暴騰していました	4
暴騰してる	4
暴騰してます	4
曲折する	4
曲折します	4
曲折しません	4
曲折しました	4
曲折しませんでした	4
曲折しましょう	4
曲折しない	4
曲折しなかった	4
曲折した	4
曲折して	4
曲折している	4
曲折しています	4
曲折していた	4
曲折していました	4
曲折してる	4
曲折してます	4
更改する	4
更改します	4
更改しません	4
更改しました	4
更改しませんでした	4
更改しましょう	4
更改しない	4
更改しなかった	4
更改した	4
更改して	4
更改している	4
更改しています	4
更改していた	4
更改していました	4
更改してる	4
更改してます	4
更新する	4
更新します	4
更新しません	4
更新しました	4
更新しませんでした	4
更新しましょう	4
更新しない	4
更新しなかった	4
更新した	4
更新して	4
更新している	4
更新しています	4
更新していた	4
更新していました	4
更新してる	4
更新してます	4
更正する	4
更正します	4
更正しません	4
更正しました	4
更正しませんでした	4
更正しましょう	4
更正しない	4
更正しなかった	4
更正した	4
更正して	4
更正している	4
更正しています	4
更正していた	4
更正していました	4
更正してる	4
更正してます	4
更生する	4
更生します	4
更生しません	4
更生しました	4
更生しませんでした	4
更生しましょう	4
更生しない	4
更生しなかった	4
更生した	4
更生して	4
更生している	4
更生しています	4
更生していた	4
更生していました	4
更生してる	4
更生してます	4
更迭する	4
更迭します	4
更迭しません	4
更迭しました	4
更迭しませんでした	4
更迭しましょう	4
更迭しない	4
更迭しなかった	4
更迭した	4
更迭して	4
更迭している	4
更迭しています	4
更迭していた	4
更迭していました	4
更迭してる	4
更迭してます	4
書き込みする	4
書き込みします	6
書き込みしません	7
書き込みしました	6
書き込みしませんでした	7
書き込みしましょう	7
書き込みしない	0
書き込みしなかった	9
書き込みした	6
書き込みして	0
書き込みしている	6
書き込みしています	6
書き込みしていた	6
書き込みしていました	6
書き込みしてる	6
書き込みしてます	7
書記する	2
書記します	6
書記しません	7
書記しました	6
書記しませんでした	7
書記しましょう	7
書記しない	2
書記しなかった	2
書記した	6
書記して	0
書記している	6
書記しています	6
書記していた	6
書記していました	6
書記してる	6
書記してます	7
有するする	3
有するします	6
有するしません	7
有するしました	6
有するしませんでした	7
有するしましょう	7
有するしない	5
有するしなかった	5
有するした	3
有するして	3
有するしている	3
有するしています	3
有するしていた	3
有するしていました	3
有するしてる	3
有するしてます	3
有効活用する	4
有効活用します	4
有効活用しません	4
有効活用しました	4
有効活用しませんでした	4
有効活用しましょう	4
有効活用しない	4
有効活用しなかった	4
有効活用した	4
有効活用して	4
有効活用している	4
有効活用しています	4
有効活用していた	4
有効活用していました	4
有効活用してる	4
有効活用してます	4
服役する	4
服役します	4
服役しません	4
服役しました	4
服役しませんでした	4
服役しましょう	4
服役しない	4
服役しなかった	4
服役した	4
服役して	4
服役している	4
服役しています	4
服役していた	4
服役していました	4
服役してる	4
服役してます	4
服従する	4
服従します	4
服従しません	4
服従しました	4
服従しませんでした	4
服従しましょう	4
服従しない	4
服従しなかった	4
服従した	4
服従して	4
服従している	4
服従しています	4
服従していた	4
服従していました	4
服従してる	4
服従してます	4
服用する	4
服用します	4
服用しません	4
服用しました	4
服用しませんでした	4
服用しましょう	4
服用しない	4
服用しなかった	4
服用した	4
服用して	4
服用している	4
服用しています	4
服用していた	4
服用していました	4
服用してる	4
服用してます	4
朗読する	4
朗読します	4
朗読しません	4
朗読しました	4
朗読しませんでした	4
朗読しましょう	4
朗読しない	4
朗読しなかった	4
朗読した	4
朗読して	4
朗読している	4
朗読しています	4
朗読していた	4
朗読していました	4
朗読してる	4
朗読してます	4
期待する	3
期待します	3
期待しません	3
期待しました	3
期待しませんでした	3
期待しましょう	3
期待しない	3
期待しなかった	3
期待した	3
期待して	3
期待している	3
期待しています	3
期待していた	3
期待していました	3
期待してる	3
期待してます	3
本格化する	5
本格化します	5
本格化しません	5
本格化しました	5
本格化しませんでした	5
本格化しましょう	5
本格化しない	5
本格化しなかった	5
本格化した	5
本格化して	5
本格化している	5
本格化しています	5
本格化していた	5
本格化していました	5
本格化してる	5
本格化してます	5
束縛する	4
束縛します	4
束縛しません	4
束縛しました	4
束縛しませんでした	4
束縛しましょう	4
束縛しない	4
束縛しなかった	4
束縛した	4
束縛して	4
束縛している	4
束縛しています	4
束縛していた	4
束縛していました	4
束縛してる	4
束縛してます	4
来店する	4
来店します	4
来店しません	4
来店しました	4
来店しませんでした	4
来店しましょう	4
来店しない	4
来店しなかった	4
来店した	4
来店して	4
来店している	4
来店しています	4
来店していた	4
来店していました	4
来店してる	4
来店してます	4
来日する	4
来日します	4
来日しません	4
来日しました	4
来日しませんでした	4
来日しましょう	4
来日しない	4
来日しなかった	4
来日した	4
来日して	4
来日している	4
来日しています	4
来日していた	4
来日していました	4
来日してる	4
来日してます	4
来訪する	4
来訪します	4
来訪しません	4
来訪しました	4
来訪しませんでした	4
来訪しましょう	4
来訪しない	4
来訪しなかった	4
来訪した	4
来訪して	4
来訪している	4
来訪しています	4
来訪していた	4
来訪していました	4
来訪してる	4
来訪してます	4
林立する	4
林立します	4
林立しません	4
林立しました	4
林立しませんでした	4
林立しましょう	4
林立しない	4
林立しなかった	4
林立した	4
林立して	4
林立している	4
林立しています	4
林立していた	4
林立していました	4
林立してる	4
林立してます	4
架橋する	3
架橋します	3
架橋しません	3
架橋しました	3
架橋しませんでした	3
架橋しましょう	3
架橋しない	3
架橋しなかった	3
架橋した	3
架橋して	3
架橋している	3
架橋しています	3
架橋していた	3
架橋していました	3
架橋してる	3
架橋してます	3
染色する	4
染色します	4
染色しません	4
染色しました	4
染色しませんでした	4
染色しましょう	4
染色しない	4
染色しなかった	4
染色した	4
染色して	4
染色している	4
染色しています	4
染色していた	4
染色していました	4
染色してる	4
染色してます	4
査定する	3
査定します	3
査定しません	3
査定しました	3
査定しませんでした	3
査定しましょう	3
査定しない	3
査定しなかった	3
査定した	3
査定して	3
査定している	3
査定しています	3
査定していた	3
査定していました	3
査定してる	3
査定してます	3
査察する	3
査察します	3
査察しません	3
査察しました	3
査察しませんでした	3
査察しましょう	3
査察しない	3
査察しなかった	3
査察した	3
査察して	3
査察している	3
査察しています	3
査察していた	3
査察していました	3
査察してる	3
査察してます	3
査証する	3
査証します	3
査証しません	3
査証しました	3
査証しませんでした	3
査証しましょう	3
査証しない	3
査証しなかった	3
査証した	3
査証して	3
査証している	3
査証しています	3
査証していた	3
査証していました	3
査証してる	3
査証してます	3
核武装する	3
核武装します	3
核武装しません	3
核武装しました	3
核武装しませんでした	3
核武装しましょう	3
核武装しない	3
核武装しなかった	3
核武装した	3
核武装して	3
核武装している	3
核武装しています	3
核武装していた	3
核武装していました	3
核武装してる	3
核武装してます	3
根回しする	2
根回しします	2
根回ししません	2
根回ししました	2
根回ししませんでした	2
根回ししましょう	2
根回ししない	2
根回ししなかった	2
根回しした	2
根回しして	2
根回ししている	2
根回ししています	2
根回ししていた	2
根回ししていました	2
根回ししてる	2
根回ししてます	2
根絶する	4
根絶します	4
根絶しません	4
根絶しました	4
根絶しませんでした	4
根絶しましょう	4
根絶しない	4
根絶しなかった	4
根絶した	4
根絶して	4
根絶している	4
根絶しています	4
根絶していた	4
根絶していました	4
根絶してる	4
根絶してます	4
格上げする	4
格上げします	4
格上げしません	4
格上げしました	4
格上げしませんでした	4
格上げしましょう	4
格上げしない	4
格上げしなかった	4
格上げした	4
格上げして	4
格上げしている	4
格上げしています	4
格上げしていた	4
格上げしていました	4
格上げしてる	4
格上げしてます	4
格付けする	4
格付けします	4
格付けしません	4
格付けしました	4
格付けしませんでした	4
格付けしましょう	4
格付けしない	4
格付けしなかった	4
格付けした	4
格付けして	4
格付けしている	4
格付けしています	4
格付けしていた	4
格付けしていました	4
格付けしてる	4
格付けしてます	4
格闘する	4
格闘します	4
格闘しません	4
格闘しました	4
格闘しませんでした	4
格闘しましょう	4
格闘しない	4
格闘しなかった	4
格闘した	4
格闘して	4
格闘している	4
格闘しています	4
格闘していた	4
格闘していました	4
格闘してる	4
格闘してます	4
栽培する	4
栽培します	4
栽培しません	4
栽培しました	4
栽培しませんでした	4
栽培しましょう	4
栽培しない	4
栽培しなかった	4
栽培した	4
栽培して	4
栽培している	4
栽培しています	4
栽培していた	4
栽培していました	4
栽培してる	4
栽培してます	4
案内する	3
案内します	3
案内しません	3
案内しました	3
案内しませんでした	3
案内しましょう	3
案内しない	3
案内しなかった	3
案内した	3
案内して	3
案内している	3
案内しています	3
案内していた	3
案内していました	3
案内してる	3
案内してます	3
梅雨入りする	4
梅雨入りします	4
梅雨入りしません	4
梅雨入りしました	4
梅雨入りしませんでした	4
梅雨入りしましょう	4
梅雨入りしない	4
梅雨入りしなかった	4
梅雨入りした	4
梅雨入りして	4
梅雨入りしている	4
梅雨入りしています	4
梅雨入りしていた	4
梅雨入りしていました	4
梅雨入りしてる	4
梅雨入りしてます	4
梅雨明けする	4
梅雨明けします	4
梅雨明けしません	4
梅雨明けしました	4
梅雨明けしませんでした	4
梅雨明けしましょう	4
梅雨明けしない	4
梅雨明けしなかった	4
梅雨明けした	4
梅雨明けして	4
梅雨明けしている	4
梅雨明けしています	4
梅雨明けしていた	4
梅雨明けしていました	4
梅雨明けしてる	4
梅雨明けしてます	4
梗塞する	4
梗塞します	4
梗塞しません	4
梗塞しました	4
梗塞しませんでした	4
梗塞しましょう	4
梗塞しない	4
梗塞しなかった	4
梗塞した	4
梗塞して	4
梗塞している	4
梗塞しています	4
梗塞していた	4
梗塞していました	4
梗塞してる	4
梗塞してます	4
梯子する	3
梯子します	3
梯子しません	3
梯子しました	3
梯子しませんでした	3
梯子しましょう	3
梯子しない	3
梯子しなかった	3
梯子した	3
梯子して	3
梯子している	3
梯子しています	3
梯子していた	3
梯子していました	3
梯子してる	3
梯子してます	3
梱包する	4
梱包します	4
梱包しません	4
梱包しました	4
梱包しませんでした	4
梱包しましょう	4
梱包しない	4
梱包しなかった	4
梱包した	4
梱包して	4
梱包している	4
梱包しています	4
梱包していた	4
梱包していました	4
梱包してる	4
梱包してます	4
棄却する	3
棄却します	3
棄却しません	3
棄却しました	3
棄却しませんでした	3
棄却しましょう	3
棄却しない	3
棄却しなかった	3
棄却した	3
棄却して	3
棄却している	3
棄却しています	3
棄却していた	3
棄却していました	3
棄却してる	3
棄却してます	3
棄権する	3
棄権します	3
棄権しません	3
棄権しました	3
棄権しませんでした	3
棄権しましょう	3
棄権しない	3
棄権しなかった	3
棄権した	3
棄権して	3
棄権している	3
棄権しています	3
棄権していた	3
棄権していました	3
棄権してる	3
棄権してます	3
棚上げする	4
棚上げします	4
棚上げしません	4
棚上げしました	4
棚上げしませんでした	4
棚上げしましょう	4
棚上げしない	4
棚上げしなかった	4
棚上げした	4
棚上げして	4
棚上げしている	4
棚上げしています	4
棚上げしていた	4
棚上げしていました	4
棚上げしてる	4
棚上げしてます	4
植林する	4
植林します	4
植林しません	4
植林しました	4
植林しませんでした	4
植林しましょう	4
植林しない	4
植林しなかった	4
植林した	4
植林して	4
植林している	4
植林しています	4
植林していた	4
植林していました	4
植林してる	4
植林してます	4
植樹する	1
植樹します	1
植樹しません	1
植樹しました	1
植樹しませんでした	1
植樹しましょう	1
植樹しない	1
植樹しなかった	1
植樹した	1
植樹して	1
植樹している	1
植樹しています	1
植樹していた	1
植樹していました	1
植樹してる	1
植樹してます	1
検出する	4
検出します	4
検出しません	4
検出しました	4
検出しませんでした	4
検出しましょう	4
検出しない	4
検出しなかった	4
検出した	4
検出して	4
検出している	4
検出しています	4
検出していた	4
検出していました	4
検出してる	4
検出してます	4
検問する	4
検問します	4
検問しません	4
検問しました	4
検問しませんでした	4
検問しましょう	4
検問しない	4
検問しなかった	4
検問した	4
検問して	4
検問している	4
検問しています	4
検問していた	4
検問していました	4
検問してる	4
検問してます	4
検定する	4
検定します	4
検定しません	4
検定しました	4
検定しませんでした	4
検定しましょう	4
検定しない	4
検定しなかった	4
検定した	4
検定して	4
検定している	4
検定しています	4
検定していた	4
検定していました	4
検定してる	4
検定してます	4
検察する	4
検察します	4
検察しません	4
検察しました	4
検察しませんでした	4
検察しましょう	4
検察しない	4
検察しなかった	4
検察した	4
検察して	4
検察している	4
検察しています	4
検察していた	4
検察していました	4
検察してる	4
検察してます	4
検挙する	1
検挙します	1
検挙しません	1
検挙しました	1
検挙しませんでした	1
検挙しましょう	1
検挙しない	1
検挙しなかった	1
検挙した	1
検挙して	1
検挙している	1
検挙しています	1
検挙していた	1
検挙していました	1
検挙してる	1
検挙してます	1
検査する	1
検査します	1
検査しません	1
検査しました	1
検査しませんでした	1
検査しましょう	1
検査しない	1
検査しなかった	1
検査した	1
検査して	1
検査している	1
検査しています	1
検査していた	1
検査していました	1
検査してる	1
検査してます	1
検疫する	4
検疫します	4
検疫しません	4
検疫しました	4
検疫しませんでした	4
検疫しましょう	4
検疫しない	4
検疫しなかった	4
検疫した	4
検疫して	4
検疫している	4
検疫しています	4
検疫していた	4
検疫していました	4
検疫してる	4
検疫してます	4
検索する	4
検索します	4
検索しません	4
検索しました	4
検索しませんでした	4
検索しましょう	4
検索しない	4
検索しなかった	4
検索した	4
検索して	4
検索している	4
検索しています	4
検索していた	4
検索していました	4
検索してる	4
検索してます	4
検視する	3
検視します	3
検視しません	3
検視しました	3
検視しませんでした	3
検視しましょう	3
検視しない	3
検視しなかった	3
検視した	3
検視して	3
検視している	3
検視しています	3
検視していた	3
検視していました	3
検視してる	3
検視してます	3
検討する	4
検討します	4
検討しません	4
検討しました	4
検討しませんでした	4
検討しましょう	4
検討しない	4
検討しなかった	4
検討した	4
検討して	4
検討している	4
検討しています	4
検討していた	4
検討していました	4
検討してる	4
検討してます	4
検診する	4
検診します	4
検診しません	4
検診しました	4
検診しませんでした	4
検診しましょう	4
検診しない	4
検診しなかった	4
検診した	4
検診して	4
検診している	4
検診しています	4
検診していた	4
検診していました	4
検診してる	4
検診してます	4
検証する	4
検証します	4
検証しません	4
検証しました	4
検証しませんでした	4
検証しましょう	4
検証しない	4
検証しなかった	4
検証した	4
検証して	4
検証している	4
検証しています	4
検証していた	4
検証していました	4
検証してる	4
検証してます	4
検閲する	4
検閲します	4
検閲しません	4
検閲しました	4
検閲しませんでした	4
検閲しましょう	4
検閲しない	4
検閲しなかった	4
検閲した	4
検閲して	4
検閲している	4
検閲しています	4
検閲していた	4
検閲していました	4
検閲してる	4
検閲してます	4
楽観する	4
楽観します	4
楽観しません	4
楽観しました	4
楽観しませんでした	4
楽観しましょう	4
楽観しない	4
楽観しなかった	4
楽観した	4
楽観して	4
楽観している	4
楽観しています	4
楽観していた	4
楽観していました	4
楽観してる	4
楽観してます	4
概算する	4
概算します	4
概算しません	4
概算しました	4
概算しませんでした	4
概算しましょう	4
概算しない	4
概算しなかった	4
概算した	4
概算して	4
概算している	4
概算しています	4
概算していた	4
概算していました	4
概算してる	4
概算してます	4
概論する	4
概論します	4
概論しません	4
概論しました	4
概論しませんでした	4
概論しましょう	4
概論しない	4
概論しなかった	4
概論した	4
概論して	4
概論している	4
概論しています	4
概論していた	4
概論していました	4
概論してる	4
概論してます	4
構想する	4
構想します	4
構想しません	4
構想しました	4
構想しませんでした	4
構想しましょう	4
構想しない	4
構想しなかった	4
構想した	4
構想して	4
構想している	4
構想しています	4
構想していた	4
構想していました	4
構想してる	4
構想してます	4
構成する	4
構成します	4
構成しません	4
構成しました	4
構成しませんでした	4
構成しましょう	4
構成しない	4
構成しなかった	4
構成した	4
構成して	4
構成している	4
構成しています	4
構成していた	4
構成していました	4
構成してる	4
構成してます	4
構築する	4
構築します	4
構築しません	4
構築しました	4
構築しませんでした	4
構築しましょう	4
構築しない	4
構築しなかった	4
構築した	4
構築して	4
構築している	4
構築しています	4
構築していた	4
構築していました	4
構築してる	4
構築してます	4
様変わりする	3
様変わりします	3
様変わりしません	3
様変わりしました	3
様変わりしませんでした	3
様変わりしましょう	3
様変わりしない	3
様変わりしなかった	3
様変わりした	3
様変わりして	3
様変わりしている	3
様変わりしています	3
様変わりしていた	3
様変わりしていました	3
様変わりしてる	3
様変わりしてます	3
模倣する	3
模倣します	3
模倣しません	3
模倣しました	3
模倣しませんでした	3
模倣しましょう	3
模倣しない	3
模倣しなかった	3
模倣した	3
模倣して	3
模倣している	3
模倣しています	3
模倣していた	3
模倣していました	3
模倣してる	3
模倣してます	3
模擬する	1
模擬します	1
模擬しません	1
模擬しました	1
模擬しませんでした	1
模擬しましょう	1
模擬しない	1
模擬しなかった	1
模擬した	1
模擬して	1
模擬している	1
模擬しています	1
模擬していた	1
模擬していました	1
模擬してる	1
模擬してます	1
模索する	3
模索します	3
模索しません	3
模索しました	3
模索しませんでした	3
模索しましょう	3
模索しない	3
模索しなかった	3
模索した	3
模索して	3
模索している	3
模索しています	3
模索していた	3
模索していました	3
模索してる	3
模索してます	3
横ばいする	4
横ばいします	4
横ばいしません	4
横ばいしました	4
横ばいしませんでした	4
横ばいしましょう	4
横ばいしない	4
横ばいしなかった	4
横ばいした	4
横ばいして	4
横ばいしている	4
横ばいしています	4
横ばいしていた	4
横ばいしていました	4
横ばいしてる	4
横ばいしてます	4
横取りする	4
横取りします	4
横取りしません	4
横取りしました	4
横取りしませんでした	4
横取りしましょう	4
横取りしない	4
横取りしなかった	4
横取りした	4
横取りして	4
横取りしている	4
横取りしています	4
横取りしていた	4
横取りしていました	4
横取りしてる	4
横取りしてます	4
横断する	4
横断します	4
横断しません	4
横断しました	4
横断しませんでした	4
横断しましょう	4
横断しない	4
横断しなかった	4
横断した	4
横断して	4
横断している	4
横断しています	4
横断していた	4
横断していました	4
横断してる	4
横断してます	4
横着する	3
横着します	3
横着しません	3
横着しました	3
横着しませんでした	3
横着しましょう	3
横着しない	3
横着しなかった	3
横着した	3
横着して	3
横着している	3
横着しています	3
横着していた	3
横着していました	3
横着してる	3
横着してます	3
横行する	4
横行します	4
横行しません	4
横行しました	4
横行しませんでした	4
横行しましょう	4
横行しない	4
横行しなかった	4
横行した	4
横行して	4
横行している	4
横行しています	4
横行していた	4
横行していました	4
横行してる	4
横行してます	4
横転する	4
横転します	4
横転しません	4
横転しました	4
横転しませんでした	4
横転しましょう	4
横転しない	4
横転しなかった	4
横転した	4
横転して	4
横転している	4
横転しています	4
横転していた	4
横転していました	4
横転してる	4
横転してます	4
横領する	4
横領します	4
横領しません	4
横領しました	4
横領しませんでした	4
横領しましょう	4
横領しない	4
横領しなかった	4
横領した	4
横領して	4
横領している	4
横領しています	4
横領していた	4
横領していました	4
横領してる	4
横領してます	4
樹立する	3
樹立します	3
樹立しません	3
樹立しました	3
樹立しませんでした	3
樹立しましょう	3
樹立しない	3
樹立しなかった	3
樹立した	3
樹立して	3
樹立している	3
樹立しています	3
樹立していた	3
樹立していました	3
樹立してる	3
樹立してます	3
橋渡しする	3
橋渡しします	3
橋渡ししません	3
橋渡ししました	3
橋渡ししませんでした	3
橋渡ししましょう	3
橋渡ししない	3
橋渡ししなかった	3
橋渡しした	3
橋渡しして	3
橋渡ししている	3
橋渡ししています	3
橋渡ししていた	3
橋渡ししていました	3
橋渡ししてる	3
橋渡ししてます	3
機械化する	4
機械化します	4
機械化しません	4
機械化しました	4
機械化しませんでした	4
機械化しましょう	4
機械化しない	4
機械化しなかった	4
機械化した	4
機械化して	4
機械化している	4
機械化しています	4
機械化していた	4
機械化していました	4
機械化してる	4
機械化してます	4
機能する	1
機能します	1
機能しません	1
機能しました	1
機能しませんでした	1
機能しましょう	1
機能しない	1
機能しなかった	1
機能した	1
機能して	1
機能している	1
機能しています	1
機能していた	1
機能していました	1
機能してる	1
機能してます	1
欠乏する	4
欠乏します	4
欠乏しません	4
欠乏しました	4
欠乏しませんでした	4
欠乏しましょう	4
欠乏しない	4
欠乏しなかった	4
欠乏した	4
欠乏して	4
欠乏している	4
欠乏しています	4
欠乏していた	4
欠乏していました	4
欠乏してる	4
欠乏してます	4
欠伸する	3
欠伸します	3
欠伸しません	3
欠伸しました	3
欠伸しませんでした	3
欠伸しましょう	3
欠伸しない	3
欠伸しなかった	3
欠伸した	3
欠伸して	3
欠伸している	3
欠伸しています	3
欠伸していた	3
欠伸していました	3
欠伸してる	3
欠伸してます	3
欠場する	4
欠場します	4
欠場しません	4
欠場しました	4
欠場しませんでした	4
欠場しましょう	4
欠場しない	4
欠場しなかった	4
欠場した	4
欠場して	4
欠場している	4
欠場しています	4
欠場していた	4
欠場していました	4
欠場してる	4
欠場してます	4
欠如する	1
欠如します	1
欠如しません	1
欠如しました	1
欠如しませんでした	1
欠如しましょう	1
欠如しない	1
欠如しなかった	1
欠如した	1
欠如して	1
欠如している	1
欠如しています	1
欠如していた	1
欠如していました	1
欠如してる	1
欠如してます	1
欠席する	4
欠席します	4
欠席しません	4
欠席しました	4
欠席しませんでした	4
欠席しましょう	4
欠席しない	4
欠席しなかった	4
欠席した	4
欠席して	4
欠席している	4
欠席しています	4
欠席していた	4
欠席していました	4
欠席してる	4
欠席してます	4
欠損する	4
欠損します	4
欠損しません	4
欠損しました	4
欠損しませんでした	4
欠損しましょう	4
欠損しない	4
欠損しなかった	4
欠損した	4
欠損して	4
欠損している	4
欠損しています	4
欠損していた	4
欠損していました	4
欠損してる	4
欠損してます	4
欲するする	0
欲するします	6
欲するしません	7
欲するしました	6
欲するしませんでした	7
欲するしましょう	7
欲するしない	0
欲するしなかった	9
欲するした	6
欲するして	0
欲するしている	6
欲するしています	6
欲するしていた	6
欲するしていました	6
欲するしてる	5
欲するしてます	7
欲求する	4
欲求します	4
欲求しません	4
欲求しました	4
欲求しませんでした	4
欲求しましょう	4
欲求しない	4
欲求しなかった	4
欲求した	4
欲求して	4
欲求している	4
欲求しています	4
欲求していた	4
欲求していました	4
欲求してる	4
欲求してます	4
歌唱する	3
歌唱します	3
歌唱しません	3
歌唱しました	3
歌唱しませんでした	3
歌唱しましょう	3
歌唱しない	3
歌唱しなかった	3
歌唱した	3
歌唱して	3
歌唱している	3
歌唱しています	3
歌唱していた	3
歌唱していました	3
歌唱してる	3
歌唱してます	3
歓喜する	1
歓喜します	1
歓喜しません	1
歓喜しました	1
歓喜しませんでした	1
歓喜しましょう	1
歓喜しない	1
歓喜しなかった	1
歓喜した	1
歓喜して	1
歓喜している	1
歓喜しています	1
歓喜していた	1
歓喜していました	1
歓喜してる	1
歓喜してます	1
歓迎する	4
歓迎します	4
歓迎しません	4
歓迎しました	4
歓迎しませんでした	4
歓迎しましょう	4
歓迎しない	4
歓迎しなかった	4
歓迎した	4
歓迎して	4
歓迎している	4
歓迎しています	4
歓迎していた	4
歓迎していました	4
歓迎してる	4
歓迎してます	4
正常化する	5
正常化します	5
正常化しません	5
正常化しました	5
正常化しませんでした	5
正常化しましょう	5
正常化しない	5
正常化しなかった	5
正常化した	5
正常化して	5
正常化している	5
正常化しています	5
正常化していた	5
正常化していました	5
正常化してる	5
正常化してます	5
正座する	3
正座します	3
正座しません	3
正座しました	3
正座しませんでした	3
正座しましょう	3
正座しない	3
正座しなかった	3
正座した	3
正座して	3
正座している	3
正座しています	3
正座していた	3
正座していました	3
正座してる	3
正座してます	3
正装する	4
正装します	4
正装しません	4
正装しました	4
正装しませんでした	4
正装しましょう	4
正装しない	4
正装しなかった	4
正装した	4
正装して	4
正装している	4
正装しています	4
正装していた	4
正装していました	4
正装してる	4
正装してます	4
正解する	4
正解します	4
正解しません	4
正解しました	4
正解しませんでした	4
正解しましょう	4
正解しない	4
正解しなかった	4
正解した	4
正解して	4
正解している	4
正解しています	4
正解していた	4
正解していました	4
正解してる	4
正解してます	4
武装する	3
武装します	3
武装しません	3
武装しました	3
武装しませんでした	3
武装しましょう	3
武装しない	3
武装しなかった	3
武装した	3
武装して	3
武装している	3
武装しています	3
武装していた	3
武装していました	3
武装してる	3
武装してます	3
歩行する	3
歩行します	3
歩行しません	3
歩行しました	3
歩行しませんでした	3
歩行しましょう	3
歩行しない	3
歩行しなかった	3
歩行した	3
歩行して	3
歩行している	3
歩行しています	3
歩行していた	3
歩行していました	3
歩行してる	3
歩行してます	3
歯磨きする	2
歯磨きします	2
歯磨きしません	2
歯磨きしました	2
歯磨きしませんでした	2
歯磨きしましょう	2
歯磨きしない	2
歯磨きしなかった	2
歯磨きした	2
歯磨きして	2
歯磨きしている	2
歯磨きしています	2
歯磨きしていた	2
歯磨きしていました	2
歯磨きしてる	2
歯磨きしてます	2
歴訪する	4
歴訪します	4
歴訪しません	4
歴訪しました	4
歴訪しませんでした	4
歴訪しましょう	4
歴訪しない	4
歴訪しなかった	4
歴訪した	4
歴訪して	4
歴訪している	4
歴訪しています	4
歴訪していた	4
歴訪していました	4
歴訪してる	4
歴訪してます	4
死亡する	3
死亡します	3
死亡しません	3
死亡しました	3
死亡しませんでした	3
死亡しましょう	3
死亡しない	3
死亡しなかった	3
死亡した	3
死亡して	3
死亡している	3
死亡しています	3
死亡していた	3
死亡していました	3
死亡してる	3
死亡してます	3
死去する	1
死去します	1
死去しません	1
死去しました	1
死去しませんでした	1
死去しましょう	1
死去しない	1
死去しなかった	1
死去した	1
死去して	1
死去している	1
死去しています	1
死去していた	1
死去していました	1
死去してる	1
死去してます	1
残塁する	4
残塁します	4
残塁しません	4
残塁しました	4
残塁しませんでした	4
残塁しましょう	4
残塁しない	4
残塁しなかった	4
残塁した	4
残塁して	4
残塁している	4
残塁しています	4
残塁していた	4
残塁していました	4
残塁してる	4
残塁してます	4
残存する	4
残存します	4
残存しません	4
残存しました	4
残存しませんでした	4
残存しましょう	4
残存しない	4
残存しなかった	4
残存した	4
残存して	4
残存している	4
残存しています	4
残存していた	4
残存していました	4
残存してる	4
残存してます	4
残業する	4
残業します	4
残業しません	4
残業しました	4
残業しませんでした	4
残業しましょう	4
残業しない	4
残業しなかった	4
残業した	4
残業して	4
残業している	4
残業しています	4
残業していた	4
残業していました	4
残業してる	4
残業してます	4
残留する	4
残留します	4
残留しません	4
残留しました	4
残留しませんでした	4
残留しましょう	4
残留しない	4
残留しなかった	4
残留した	4
残留して	4
残留している	4
残留しています	4
残留していた	4
残留していました	4
残留してる	4
残留してます	4
殴打する	1
殴打します	1
殴打しません	1
殴打しました	1
殴打しませんでした	1
殴打しましょう	1
殴打しない	1
殴打しなかった	1
殴打した	1
殴打して	1
殴打している	1
殴打しています	1
殴打していた	1
殴打していました	1
殴打してる	1
殴打してます	1
段取りする	4
段取りします	4
段取りしません	4
段取りしました	4
段取りしませんでした	4
段取りしましょう	4
段取りしない	4
段取りしなかった	4
段取りした	4
段取りして	4
段取りしている	4
段取りしています	4
段取りしていた	4
段取りしていました	4
段取りしてる	4
段取りしてます	4
殺人する	4
殺人します	4
殺人しません	4
殺人しました	4
殺人しませんでした	4
殺人しましょう	4
殺人しない	4
殺人しなかった	4
殺人した	4
殺人して	4
殺人している	4
殺人しています	4
殺人していた	4
殺人していました	4
殺人してる	4
殺人してます	4
殺傷する	4
殺傷します	4
殺傷しません	4
殺傷しました	4
殺傷しませんでした	4
殺傷しましょう	4
殺傷しない	4
殺傷しなかった	4
殺傷した	4
殺傷して	4
殺傷している	4
殺傷しています	4
殺傷していた	4
殺傷していました	4
殺傷してる	4
殺傷してます	4
殺到する	4
殺到します	4
殺到しません	4
殺到しました	4
殺到しませんでした	4
殺到しましょう	4
殺到しない	4
殺到しなかった	4
殺到した	4
殺到して	4
殺到している	4
殺到しています	4
殺到していた	4
殺到していました	4
殺到してる	4
殺到してます	4
殺害する	4
殺害します	4
殺害しません	4
殺害しました	4
殺害しませんでした	4
殺害しましょう	4
殺害しない	4
殺害しなかった	4
殺害した	4
殺害して	4
殺害している	4
殺害しています	4
殺害していた	4
殺害していました	4
殺害してる	4
殺害してます	4
殺菌する	4
殺菌します	4
殺菌しません	4
殺菌しました	4
殺菌しませんでした	4
殺菌しましょう	4
殺菌しない	4
殺菌しなかった	4
殺菌した	4
殺菌して	4
殺菌している	4
殺菌しています	4
殺菌していた	4
殺菌していました	4
殺菌してる	4
殺菌してます	4
毀損する	3
毀損します	3
毀損しません	3
毀損しました	3
毀損しませんでした	3
毀損しましょう	3
毀損しない	3
毀損しなかった	3
毀損した	3
毀損して	3
毀損している	3
毀損しています	3
毀損していた	3
毀損していました	3
毀損してる	3
毀損してます	3
比例する	3
比例します	3
比例しません	3
比例しました	3
比例しませんでした	3
比例しましょう	3
比例しない	3
比例しなかった	3
比例した	3
比例して	3
比例している	3
比例しています	3
比例していた	3
比例していました	3
比例してる	3
比例してます	3
比較する	3
比較します	3
比較しません	3
比較しました	3
比較しませんでした	3
比較しましょう	3
比較しない	3
比較しなかった	3
比較した	3
比較して	3
比較している	3
比較しています	3
比較していた	3
比較していました	3
比較してる	3
比較してます	3
民営化する	5
民営化します	5
民営化しません	5
民営化しました	5
民営化しませんでした	5
民営化しましょう	5
民営化しない	5
民営化しなかった	5
民営化した	5
民営化して	5
民営化している	5
民営化しています	5
民営化していた	5
民営化していました	5
民営化してる	5
民営化してます	5
気づかれする	4
気づかれします	4
気づかれしません	4
気づかれしました	4
気づかれしませんでした	4
気づかれしましょう	4
気づかれしない	4
気づかれしなかった	4
気づかれした	4
気づかれして	4
気づかれしている	4
気づかれしています	4
気づかれしていた	4
気づかれしていました	4
気づかれしてる	4
気づかれしてます	4
気兼ねする	3
気兼ねします	3
気兼ねしません	3
気兼ねしました	3
気兼ねしませんでした	3
気兼ねしましょう	3
気兼ねしない	3
気兼ねしなかった	3
気兼ねした	3
気兼ねして	3
気兼ねしている	3
気兼ねしています	3
気兼ねしていた	3
気兼ねしていました	3
気兼ねしてる	3
気兼ねしてます	3
気絶する	3
気絶します	3
気絶しません	3
気絶しました	3
気絶しませんでした	3
気絶しましょう	3
気絶しない	3
気絶しなかった	3
気絶した	3
気絶して	3
気絶している	3
気絶しています	3
気絶していた	3
気絶していました	3
気絶してる	3
気絶してます	3
気配りする	2
気配りします	2
気配りしません	2
気配りしました	2
気配りしませんでした	2
気配りしましょう	2
気配りしない	2
気配りしなかった	2
気配りした	2
気配りして	2
気配りしている	2
気配りしています	2
気配りしていた	2
気配りしていました	2
気配りしてる	2
気配りしてます	2
水増しする	4
水増しします	4
水増ししません	4
水増ししました	4
水増ししませんでした	4
水増ししましょう	4
水増ししない	4
水増ししなかった	4
水増しした	4
水増しして	4
水増ししている	4
水増ししています	4
水増ししていた	4
水増ししていました	4
水増ししてる	4
水増ししてます	4
水揚げする	4
水揚げします	4
水揚げしません	4
水揚げしました	4
水揚げしませんでした	4
水揚げしましょう	4
水揚げしない	4
水揚げしなかった	4
水揚げした	4
水揚げして	4
水揚げしている	4
水揚げしています	4
水揚げしていた	4
水揚げしていました	4
水揚げしてる	4
水揚げしてます	4
水死する	3
水死します	3
水死しません	3
水死しました	3
水死しませんでした	3
水死しましょう	3
水死しない	3
水死しなかった	3
水死した	3
水死して	3
水死している	3
水死しています	3
水死していた	3
水死していました	3
水死してる	3
水死してます	3
水泳する	4
水泳します	4
水泳しません	4
水泳しました	4
水泳しませんでした	4
水泳しましょう	4
水泳しない	4
水泳しなかった	4
水泳した	4
水泳して	4
水泳している	4
水泳しています	4
水泳していた	4
水泳していました	4
水泳してる	4
水泳してます	4
水洗する	4
水洗します	4
水洗しません	4
水洗しました	4
水洗しませんでした	4
水洗しましょう	4
水洗しない	4
水洗しなかった	4
水洗した	4
水洗して	4
水洗している	4
水洗しています	4
水洗していた	4
水洗していました	4
水洗してる	4
水洗してます	4
永住する	4
永住します	4
永住しません	4
永住しました	4
永住しませんでした	4
永住しましょう	4
永住しない	4
永住しなかった	4
永住した	4
永住して	4
永住している	4
永住しています	4
永住していた	4
永住していました	4
永住してる	4
永住してます	4
永続する	4
永続します	4
永続しません	4
永続しました	4
永続しませんでした	4
永続しましょう	4
永続しない	4
永続しなかった	4
永続した	4
永続して	4
永続している	4
永続しています	4
永続していた	4
永続していました	4
永続してる	4
永続してます	4
氾濫する	4
氾濫します	4
氾濫しません	4
氾濫しました	4
氾濫しませんでした	4
氾濫しましょう	4
氾濫しない	4
氾濫しなかった	4
氾濫した	4
氾濫して	4
氾濫している	4
氾濫しています	4
氾濫していた	4
氾濫していました	4
氾濫してる	4
氾濫してます	4
求人する	4
求人します	4
求人しません	4
求人しました	4
求人しませんでした	4
求人しましょう	4
求人しない	4
求人しなかった	4
求人した	4
求人して	4
求人している	4
求人しています	4
求人していた	4
求人していました	4
求人してる	4
求人してます	4
求刑する	4
求刑します	4
求刑しません	4
求刑しました	4
求刑しませんでした	4
求刑しましょう	4
求刑しない	4
求刑しなかった	4
求刑した	4
求刑して	4
求刑している	4
求刑しています	4
求刑していた	4
求刑していました	4
求刑してる	4
求刑してます	4
求職する	4
求職します	4
求職しません	4
求職しました	4
求職しませんでした	4
求職しましょう	4
求職しない	4
求職しなかった	4
求職した	4
求職して	4
求職している	4
求職しています	4
求職していた	4
求職していました	4
求職してる	4
求職してます	4
汎用する	4
汎用します	4
汎用しません	4
汎用しました	4
汎用しませんでした	4
汎用しましょう	4
汎用しない	4
汎用しなかった	4
汎用した	4
汎用して	4
汎用している	4
汎用しています	4
汎用していた	4
汎用していました	4
汎用してる	4
汎用してます	4
汚染する	3
汚染します	3
汚染しません	3
汚染しました	3
汚染しませんでした	3
汚染しましょう	3
汚染しない	3
汚染しなかった	3
汚染した	3
汚染して	3
汚染している	3
汚染しています	3
汚染していた	3
汚染していました	3
汚染してる	3
汚染してます	3
汚濁する	3
汚濁します	3
汚濁しません	3
汚濁しました	3
汚濁しませんでした	3
汚濁しましょう	3
汚濁しない	3
汚濁しなかった	3
汚濁した	3
汚濁して	3
汚濁している	3
汚濁しています	3
汚濁していた	3
汚濁していました	3
汚濁してる	3
汚濁してます	3
汚職する	3
汚職します	3
汚職しません	3
汚職しました	3
汚職しませんでした	3
汚職しましょう	3
汚職しない	3
汚職しなかった	3
汚職した	3
汚職して	3
汚職している	3
汚職しています	3
汚職していた	3
汚職していました	3
汚職してる	3
汚職してます	3
決するする	3
決するします	6
決するしません	7
決するしました	6
決するしませんでした	7
決するしましょう	7
決するしない	5
決するしなかった	5
決するした	3
決するして	3
決するしている	3
決するしています	3
決するしていた	3
決するしていました	3
決するしてる	3
決するしてます	3
決別する	4
決別します	4
決別しません	4
決別しました	4
決別しませんでした	4
決別しましょう	4
決別しない	4
決別しなかった	4
決別した	4
決別して	4
決別している	4
決別しています	4
決別していた	4
決別していました	4
決別してる	4
決別してます	4
決定する	4
決定します	4
決定しません	4
決定しました	4
決定しませんでした	4
決定しましょう	4
決定しない	4
決定しなかった	4
決定した	4
決定して	4
決定している	4
決定しています	4
決定していた	4
決定していました	4
決定してる	4
決定してます	4
決心する	1
決心します	1
決心しません	1
決心しました	1
決心しませんでした	1
決心しましょう	1
決心しない	1
決心しなかった	1
決心した	1
決心して	1
決心している	1
決心しています	1
決心していた	1
決心していました	1
決心してる	1
決心してます	1
決意する	1
決意します	1
決意しません	1
決意しました	1
決意しませんでした	1
決意しましょう	1
決意しない	1
決意しなかった	1
決意した	1
決意して	1
決意している	1
決意しています	1
決意していた	1
決意していました	1
決意してる	1
決意してます	1
決戦する	4
決戦します	4
決戦しません	4
決戦しました	4
決戦しませんでした	4
決戦しましょう	4
決戦しない	4
決戦しなかった	4
決戦した	4
決戦して	4
決戦している	4
決戦しています	4
決戦していた	4
決戦していました	4
決戦してる	4
決戦してます	4
決断する	4
決断します	4
決断しません	4
決断しました	4
決断しませんでした	4
決断しましょう	4
決断しない	4
決断しなかった	4
決断した	4
決断して	4
決断している	4
決断しています	4
決断していた	4
決断していました	4
決断してる	4
決断してます	4
決済する	1
決済します	1
決済しません	1
決済しました	1
決済しませんでした	1
決済しましょう	1
決済しない	1
決済しなかった	1
決済した	1
決済して	1
決済している	1
決済しています	1
決済していた	1
決済していました	1
決済してる	1
決済してます	1
決着する	4
決着します	4
決着しません	4
決着しました	4
決着しませんでした	4
決着しましょう	4
決着しない	4
決着しなかった	4
決着した	4
決着して	4
決着している	4
決着しています	4
決着していた	4
決着していました	4
決着してる	4
決着してます	4
決算する	1
決算します	1
決算しません	1
決算しました	1
決算しませんでした	1
決算しましょう	1
決算しない	1
決算しなかった	1
決算した	1
決算して	1
決算している	1
決算しています	1
決算していた	1
決算していました	1
決算してる	1
決算してます	1
決裁する	1
決裁します	1
決裁しません	1
決裁しました	1
決裁しませんでした	1
決裁しましょう	1
決裁しない	1
決裁しなかった	1
決裁した	1
決裁して	1
決裁している	1
決裁しています	1
決裁していた	1
決裁していました	1
決裁してる	1
決裁してます	1
決裂する	4
決裂します	4
決裂しません	4
決裂しました	4
決裂しませんでした	4
決裂しましょう	4
決裂しない	4
決裂しなかった	4
決裂した	4
決裂して	4
決裂している	4
決裂しています	4
決裂していた	4
決裂していました	4
決裂してる	4
決裂してます	4
決議する	1
決議します	1
決議しません	1
決議しました	1
決議しませんでした	1
決議しましょう	1
決議しない	1
決議しなかった	1
決議した	1
決議して	1
決議している	1
決議しています	1
決議していた	1
決議していました	1
決議してる	1
決議してます	1
決起する	1
決起します	1
決起しません	1
決起しました	1
決起しませんでした	1
決起しましょう	1
決起しない	1
決起しなかった	1
決起した	1
決起して	1
決起している	1
決起しています	1
決起していた	1
決起していました	1
決起してる	1
決起してます	1
沈下する	3
沈下します	3
沈下しません	3
沈下しました	3
沈下しませんでした	3
沈下しましょう	3
沈下しない	3
沈下しなかった	3
沈下した	3
沈下して	3
沈下している	3
沈下しています	3
沈下していた	3
沈下していました	3
沈下してる	3
沈下してます	3
沈没する	4
沈没します	4
沈没しません	4
沈没しました	4
沈没しませんでした	4
沈没しましょう	4
沈没しない	4
沈没しなかった	4
沈没した	4
沈没して	4
沈没している	4
沈没しています	4
沈没していた	4
沈没していました	4
沈没してる	4
沈没してます	4
沈着する	4
沈着します	4
沈着しません	4
沈着しました	4
沈着しませんでした	4
沈着しましょう	4
沈着しない	4
沈着しなかった	4
沈着した	4
沈着して	4
沈着している	4
沈着しています	4
沈着していた	4
沈着していました	4
沈着してる	4
沈着してます	4
沈黙する	4
沈黙します	4
沈黙しません	4
沈黙しました	4
沈黙しませんでした	4
沈黙しましょう	4
沈黙しない	4
沈黙しなかった	4
沈黙した	4
沈黙して	4
沈黙している	4
沈黙しています	4
沈黙していた	4
沈黙していました	4
沈黙してる	4
沈黙してます	4
没収する	4
没収します	4
没収しません	4
没収しました	4
没収しませんでした	4
没収しましょう	4
没収しない	4
没収しなかった	4
没収した	4
没収して	4
没収している	4
没収しています	4
没収していた	4
没収していました	4
没収してる	4
没収してます	4
没落する	4
没落します	4
没落しません	4
没落しました	4
没落しませんでした	4
没落しましょう	4
没落しない	4
没落しなかった	4
没落した	4
没落して	4
没落している	4
没落しています	4
没落していた	4
没落していました	4
没落してる	4
没落してます	4
没頭する	4
没頭します	4
没頭しません	4
没頭しました	4
没頭しませんでした	4
没頭しましょう	4
没頭しない	4
没頭しなかった	4
没頭した	4
没頭して	4
没頭している	4
没頭しています	4
没頭していた	4
没頭していました	4
没頭してる	4
没頭してます	4
沸騰する	4
沸騰します	4
沸騰しません	4
沸騰しました	4
沸騰しませんでした	4
沸騰しましょう	4
沸騰しない	4
沸騰しなかった	4
沸騰した	4
沸騰して	4
沸騰している	4
沸騰しています	4
沸騰していた	4
沸騰していました	4
沸騰してる	4
沸騰してます	4
油断する	3
油断します	3
油断しません	3
油断しました	3
油断しませんでした	3
油断しましょう	3
油断しない	3
油断しなかった	3
油断した	3
油断して	3
油断している	3
油断しています	3
油断していた	3
油断していました	3
油断してる	3
油断してます	3
治水する	3
治水します	3
治水しません	3
治水しました	3
治水しませんでした	3
治水しましょう	3
治水しない	3
治水しなかった	3
治水した	3
治水して	3
治水している	3
治水しています	3
治水していた	3
治水していました	3
治水してる	3
治水してます	3
治療する	3
治療します	3
治療しません	3
治療しました	3
治療しませんでした	3
治療しましょう	3
治療しない	3
治療しなかった	3
治療した	3
治療して	3
治療している	3
治療しています	3
治療していた	3
治療していました	3
治療してる	3
治療してます	3
治癒する	1
治癒します	1
治癒しません	1
治癒しました	1
治癒しませんでした	1
治癒しましょう	1
治癒しない	1
治癒しなかった	1
治癒した	1
治癒して	1
治癒している	1
治癒しています	1
治癒していた	1
治癒していました	1
治癒してる	1
治癒してます	1
波及する	3
波及します	3
波及しません	3
波及しました	3
波及しませんでした	3
波及しましょう	3
波及しない	3
波及しなかった	3
波及した	3
波及して	3
波及している	3
波及しています	3
波及していた	3
波及していました	3
波及してる	3
波及してます	3
泥々する	1
泥々します	1
泥々しません	1
泥々しました	1
泥々しませんでした	1
泥々しましょう	1
泥々しない	1
泥々しなかった	1
泥々した	1
泥々して	1
泥々している	1
泥々しています	1
泥々していた	1
泥々していました	1
泥々してる	1
泥々してます	1
泥棒する	4
泥棒します	4
泥棒しません	4
泥棒しました	4
泥棒しませんでした	4
泥棒しましょう	4
泥棒しない	4
泥棒しなかった	4
泥棒した	4
泥棒して	4
泥棒している	4
泥棒しています	4
泥棒していた	4
泥棒していました	4
泥棒してる	4
泥棒してます	4
注しない	0
注しなかった	7
注入する	4
注入します	4
注入しません	4
注入しました	4
注入しませんでした	4
注入しましょう	4
注入しない	4
注入しなかった	4
注入した	4
注入して	4
注入している	4
注入しています	4
注入していた	4
注入していました	4
注入してる	4
注入してます	4
注射する	3
注射します	3
注射しません	3
注射しました	3
注射しませんでした	3
注射しましょう	3
注射しない	3
注射しなかった	3
注射した	3
注射して	3
注射している	3
注射しています	3
注射していた	3
注射していました	3
注射してる	3
注射してます	3
注意する	1
注意します	1
注意しません	1
注意しました	1
注意しませんでした	1
注意しましょう	1
注意しない	1
注意しなかった	1
注意した	1
注意して	1
注意している	1
注意しています	1
注意していた	1
注意していました	1
注意してる	1
注意してます	1
注文する	4
注文します	4
注文しません	4
注文しました	4
注文しませんでした	4
注文しましょう	4
注文しない	4
注文しなかった	4
注文した	4
注文して	4
注文している	4
注文しています	4
注文していた	4
注文していました	4
注文してる	4
注文してます	4
注目する	4
注目します	4
注目しません	4
注目しました	4
注目しませんでした	4
注目しましょう	4
注目しない	4
注目しなかった	4
注目した	4
注目して	4
注目している	4
注目しています	4
注目していた	4
注目していました	4
注目してる	4
注目してます	4
洗浄する	4
洗浄します	4
洗浄しません	4
洗浄しました	4
洗浄しませんでした	4
洗浄しましょう	4
洗浄しない	4
洗浄しなかった	4
洗浄した	4
洗浄して	4
洗浄している	4
洗浄しています	4
洗浄していた	4
洗浄していました	4
洗浄してる	4
洗浄してます	4
洗濯する	4
洗濯します	4
洗濯しません	4
洗濯しました	4
洗濯しませんでした	4
洗濯しましょう	4
洗濯しない	4
洗濯しなかった	4
洗濯した	4
洗濯して	4
洗濯している	4
洗濯しています	4
洗濯していた	4
洗濯していました	4
洗濯してる	4
洗濯してます	4
洗練する	4
洗練します	4
洗練しません	4
洗練しました	4
洗練しませんでした	4
洗練しましょう	4
洗練しない	4
洗練しなかった	4
洗練した	4
洗練して	4
洗練している	4
洗練しています	4
洗練していた	4
洗練していました	4
洗練してる	4
洗練してます	4
洗面する	4
洗面します	4
洗面しません	4
洗面しました	4
洗面しませんでした	4
洗面しましょう	4
洗面しない	4
洗面しなかった	4
洗面した	4
洗面して	4
洗面している	4
洗面しています	4
洗面していた	4
洗面していました	4
洗面してる	4
洗面してます	4
洞察する	4
洞察します	4
洞察しません	4
洞察しました	4
洞察しませんでした	4
洞察しましょう	4
洞察しない	4
洞察しなかった	4
洞察した	4
洞察して	4
洞察している	4
洞察しています	4
洞察していた	4
洞察していました	4
洞察してる	4
洞察してます	4
活動する	4
活動します	4
活動しません	4
活動しました	4
活動しませんでした	4
活動しましょう	4
活動しない	4
活動しなかった	4
活動した	4
活動して	4
活動している	4
活動しています	4
活動していた	4
活動していました	4
活動してる	4
活動してます	4
活用する	4
活用します	4
活用しません	4
活用しました	4
活用しませんでした	4
活用しましょう	4
活用しない	4
活用しなかった	4
活用した	4
活用して	4
活用している	4
活用しています	4
活用していた	4
活用していました	4
活用してる	4
活用してます	4
活躍する	4
活躍します	4
活躍しません	4
活躍しました	4
活躍しませんでした	4
活躍しましょう	4
活躍しない	4
活躍しなかった	4
活躍した	4
活躍して	4
活躍している	4
活躍しています	4
活躍していた	4
活躍していました	4
活躍してる	4
活躍してます	4
派兵する	3
派兵します	3
派兵しません	3
派兵しました	3
派兵しませんでした	3
派兵しましょう	3
派兵しない	3
派兵しなかった	3
派兵した	3
派兵して	3
派兵している	3
派兵しています	3
派兵していた	3
派兵していました	3
派兵してる	3
派兵してます	3
派生する	3
派生します	3
派生しません	3
派生しました	3
派生しませんでした	3
派生しましょう	3
派生しない	3
派生しなかった	3
派生した	3
派生して	3
派生している	3
派生しています	3
派生していた	3
派生していました	3
派生してる	3
派生してます	3
派遣する	3
派遣します	3
派遣しません	3
派遣しました	3
派遣しませんでした	3
派遣しましょう	3
派遣しない	3
派遣しなかった	3
派遣した	3
派遣して	3
派遣している	3
派遣しています	3
派遣していた	3
派遣していました	3
派遣してる	3
派遣してます	3
流入する	4
流入します	4
流入しません	4
流入しました	4
流入しませんでした	4
流入しましょう	4
流入しない	4
流入しなかった	4
流入した	4
流入して	4
流入している	4
流入しています	4
流入していた	4
流入していました	4
流入してる	4
流入してます	4
流出する	4
流出します	4
流出しません	4
流出しました	4
流出しませんでした	4
流出しましょう	4
流出しない	4
流出しなかった	4
流出した	4
流出して	4
流出している	4
流出しています	4
流出していた	4
流出していました	4
流出してる	4
流出してます	4
流動する	4
流動します	4
流動しません	4
流動しました	4
流動しませんでした	4
流動しましょう	4
流動しない	4
流動しなかった	4
流動した	4
流動して	4
流動している	4
流動しています	4
流動していた	4
流動していました	4
流動してる	4
流動してます	4
流用する	4
流用します	4
流用しません	4
流用しました	4
流用しませんでした	4
流用しましょう	4
流用しない	4
流用しなかった	4
流用した	4
流用して	4
流用している	4
流用しています	4
流用していた	4
流用していました	4
流用してる	4
流用してます	4
流血する	4
流血します	4
流血しません	4
流血しました	4
流血しませんでした	4
流血しましょう	4
流血しない	4
流血しなかった	4
流血した	4
流血して	4
流血している	4
流血しています	4
流血していた	4
流血していました	4
流血してる	4
流血してます	4
流行する	4
流行します	4
流行しません	4
流行しました	4
流行しませんでした	4
流行しましょう	4
流行しない	4
流行しなかった	4
流行した	4
流行して	4
流行している	4
流行しています	4
流行していた	4
流行していました	4
流行してる	4
流行してます	4
流通する	4
流通します	4
流通しません	4
流通しました	4
流通しませんでした	4
流通しましょう	4
流通しない	4
流通しなかった	4
流通した	4
流通して	4
流通している	4
流通しています	4
流通していた	4
流通していました	4
流通してる	4
流通してます	4
浄化する	3
浄化します	3
浄化しません	3
浄化しました	3
浄化しませんでした	3
浄化しましょう	3
浄化しない	3
浄化しなかった	3
浄化した	3
浄化して	3
浄化している	3
浄化しています	3
浄化していた	3
浄化していました	3
浄化してる	3
浄化してます	3
浪人する	4
浪人します	4
浪人しません	4
浪人しました	4
浪人しませんでした	4
浪人しましょう	4
浪人しない	4
浪人しなかった	4
浪人した	4
浪人して	4
浪人している	4
浪人しています	4
浪人していた	4
浪人していました	4
浪人してる	4
浪人してます	4
浪費する	3
浪費します	3
浪費しません	3
浪費しました	3
浪費しませんでした	3
浪費しましょう	3
浪費しない	3
浪費しなかった	3
浪費した	3
浪費して	3
浪費している	3
浪費しています	3
浪費していた	3
浪費していました	3
浪費してる	3
浪費してます	3
浮き浮きする	1
浮き浮きします	1
浮き浮きしません	1
浮き浮きしました	1
浮き浮きしませんでした	1
浮き浮きしましょう	1
浮き浮きしない	1
浮き浮きしなかった	1
浮き浮きした	1
浮き浮きして	1
浮き浮きしている	1
浮き浮きしています	1
浮き浮きしていた	1
浮き浮きしていました	1
浮き浮きしてる	1
浮き浮きしてます	1
浮上する	3
浮上します	3
浮上しません	3
浮上しました	3
浮上しませんでした	3
浮上しましょう	3
浮上しない	3
浮上しなかった	3
浮上した	3
浮上して	3
浮上している	3
浮上しています	3
浮上していた	3
浮上していました	3
浮上してる	3
浮上してます	3
浮揚する	3
浮揚します	3
浮揚しません	3
浮揚しました	3
浮揚しませんでした	3
浮揚しましょう	3
浮揚しない	3
浮揚しなかった	3
浮揚した	3
浮揚して	3
浮揚している	3
浮揚しています	3
浮揚していた	3
浮揚していました	3
浮揚してる	3
浮揚してます	3
浮気する	3
浮気します	3
浮気しません	3
浮気しました	3
浮気しませんでした	3
浮気しましょう	3
浮気しない	3
浮気しなかった	3
浮気した	3
浮気して	3
浮気している	3
浮気しています	3
浮気していた	3
浮気していました	3
浮気してる	3
浮気してます	3
浮沈する	3
浮沈します	3
浮沈しません	3
浮沈しました	3
浮沈しませんでした	3
浮沈しましょう	3
浮沈しない	3
浮沈しなかった	3
浮沈した	3
浮沈して	3
浮沈している	3
浮沈しています	3
浮沈していた	3
浮沈していました	3
浮沈してる	3
浮沈してます	3
浮遊する	3
浮遊します	3
浮遊しません	3
浮遊しました	3
浮遊しませんでした	3
浮遊しましょう	3
浮遊しない	3
浮遊しなかった	3
浮遊した	3
浮遊して	3
浮遊している	3
浮遊しています	3
浮遊していた	3
浮遊していました	3
浮遊してる	3
浮遊してます	3
浸水する	4
浸水します	4
浸水しません	4
浸水しました	4
浸水しませんでした	4
浸水しましょう	4
浸水しない	4
浸水しなかった	4
浸水した	4
浸水して	4
浸水している	4
浸水しています	4
浸水していた	4
浸水していました	4
浸水してる	4
浸水してます	4
浸透する	4
浸透します	4
浸透しません	4
浸透しました	4
浸透しませんでした	4
浸透しましょう	4
浸透しない	4
浸透しなかった	4
浸透した	4
浸透して	4
浸透している	4
浸透しています	4
浸透していた	4
浸透していました	4
浸透してる	4
浸透してます	4
消化する	3
消化します	3
消化しません	3
消化しました	3
消化しませんでした	3
消化しましょう	3
消化しない	3
消化しなかった	3
消化した	3
消化して	3
消化している	3
消化しています	3
消化していた	3
消化していました	3
消化してる	3
消化してます	3
消去する	1
消去します	1
消去しません	1
消去しました	1
消去しませんでした	1
消去しましょう	1
消去しない	1
消去しなかった	1
消去した	1
消去して	1
消去している	1
消去しています	1
消去していた	1
消去していました	1
消去してる	1
消去してます	1
消極する	4
消極します	4
消極しません	4
消極しました	4
消極しませんでした	4
消極しましょう	4
消極しない	4
消極しなかった	4
消極した	4
消極して	4
消極している	4
消極しています	4
消極していた	4
消極していました	4
消極してる	4
消極してます	4
消毒する	4
消毒します	4
消毒しません	4
消毒しました	4
消毒しませんでした	4
消毒しましょう	4
消毒しない	4
消毒しなかった	4
消毒した	4
消毒して	4
消毒している	4
消毒しています	4
消毒していた	4
消毒していました	4
消毒してる	4
消毒してます	4
消滅する	4
消滅します	4
消滅しません	4
消滅しました	4
消滅しませんでした	4
消滅しましょう	4
消滅しない	4
消滅しなかった	4
消滅した	4
消滅して	4
消滅している	4
消滅しています	4
消滅していた	4
消滅していました	4
消滅してる	4
消滅してます	4
消火する	3
消火します	3
消火しません	3
消火しました	3
消火しませんでした	3
消火しましょう	3
消火しない	3
消火しなかった	3
消火した	3
消火して	3
消火している	3
消火しています	3
消火していた	3
消火していました	3
消火してる	3
消火してます	3
消灯する	4
消灯します	4
消灯しません	4
消灯しました	4
消灯しませんでした	4
消灯しましょう	4
消灯しない	4
消灯しなかった	4
消灯した	4
消灯して	4
消灯している	4
消灯しています	4
消灯していた	4
消灯していました	4
消灯してる	4
消灯してます	4
消耗する	4
消耗します	4
消耗しません	4
消耗しました	4
消耗しませんでした	4
消耗しましょう	4
消耗しない	4
消耗しなかった	4
消耗した	4
消耗して	4
消耗している	4
消耗しています	4
消耗していた	4
消耗していました	4
消耗してる	4
消耗してます	4
消費する	3
消費します	3
消費しません	3
消費しました	3
消費しませんでした	3
消費しましょう	3
消費しない	3
消費しなかった	3
消費した	3
消費して	3
消費している	3
消費しています	3
消費していた	3
消費していました	3
消費してる	3
消費してます	3
液化する	3
液化します	3
液化しません	3
液化しました	3
液化しませんでした	3
液化しましょう	3
液化しない	3
液化しなかった	3
液化した	3
液化して	3
液化している	3
液化しています	3
液化していた	3
液化していました	3
液化してる	3
液化してます	3
深刻化する	5
深刻化します	5
深刻化しません	5
深刻化しました	5
深刻化しませんでした	5
深刻化しましょう	5
深刻化しない	5
深刻化しなかった	5
深刻化した	5
深刻化して	5
深刻化している	5
深刻化しています	5
深刻化していた	5
深刻化していました	5
深刻化してる	5
深刻化してます	5
混乱する	4
混乱します	4
混乱しません	4
混乱しました	4
混乱しませんでした	4
混乱しましょう	4
混乱しない	4
混乱しなかった	4
混乱した	4
混乱して	4
混乱している	4
混乱しています	4
混乱していた	4
混乱していました	4
混乱してる	4
混乱してます	4
混入する	4
混入します	4
混入しません	4
混入しました	4
混入しませんでした	4
混入しましょう	4
混入しない	4
混入しなかった	4
混入した	4
混入して	4
混入している	4
混入しています	4
混入していた	4
混入していました	4
混入してる	4
混入してます	4
混合する	4
混合します	4
混合しません	4
混合しました	4
混合しませんでした	4
混合しましょう	4
混合しない	4
混合しなかった	4
混合した	4
混合して	4
混合している	4
混合しています	4
混合していた	4
混合していました	4
混合してる	4
混合してます	4
混同する	4
混同します	4
混同しません	4
混同しました	4
混同しませんでした	4
混同しましょう	4
混同しない	4
混同しなかった	4
混同した	4
混同して	4
混同している	4
混同しています	4
混同していた	4
混同していました	4
混同してる	4
混同してます	4
混成する	4
混成します	4
混成しません	4
混成しました	4
混成しませんでした	4
混成しましょう	4
混成しない	4
混成しなかった	4
混成した	4
混成して	4
混成している	4
混成しています	4
混成していた	4
混成していました	4
混成してる	4
混成してます	4
混戦する	4
混戦します	4
混戦しません	4
混戦しました	4
混戦しませんでした	4
混戦しましょう	4
混戦しない	4
混戦しなかった	4
混戦した	4
混戦して	4
混戦している	4
混戦しています	4
混戦していた	4
混戦していました	4
混戦してる	4
混戦してます	4
混血する	4
混血します	4
混血しません	4
混血しました	4
混血しませんでした	4
混血しましょう	4
混血しない	4
混血しなかった	4
混血した	4
混血して	4
混血している	4
混血しています	4
混血していた	4
混血していました	4
混血してる	4
混血してます	4
混迷する	4
混迷します	4
混迷しません	4
混迷しました	4
混迷しませんでした	4
混迷しましょう	4
混迷しない	4
混迷しなかった	4
混迷した	4
混迷して	4
混迷している	4
混迷しています	4
混迷していた	4
混迷していました	4
混迷してる	4
混迷してます	4
混雑する	1
混雑します	1
混雑しません	1
混雑しました	1
混雑しませんでした	1
混雑しましょう	1
混雑しない	1
混雑しなかった	1
混雑した	1
混雑して	1
混雑している	1
混雑しています	1
混雑していた	1
混雑していました	1
混雑してる	1
混雑してます	1
添乗する	4
添乗します	4
添乗しません	4
添乗しました	4
添乗しませんでした	4
添乗しましょう	4
添乗しない	4
添乗しなかった	4
添乗した	4
添乗して	4
添乗している	4
添乗しています	4
添乗していた	4
添乗していました	4
添乗してる	4
添乗してます	4
添付する	3
添付します	3
添付しません	3
添付しました	3
添付しませんでした	3
添付しましょう	3
添付しない	3
添付しなかった	3
添付した	3
添付して	3
添付している	3
添付しています	3
添付していた	3
添付していました	3
添付してる	3
添付してます	3
添削する	4
添削します	4
添削しません	4
添削しました	4
添削しませんでした	4
添削しましょう	4
添削しない	4
添削しなかった	4
添削した	4
添削して	4
添削している	4
添削しています	4
添削していた	4
添削していました	4
添削してる	4
添削してます	4
添加する	3
添加します	3
添加しません	3
添加しました	3
添加しませんでした	3
添加しましょう	3
添加しない	3
添加しなかった	3
添加した	3
添加して	3
添加している	3
添加しています	3
添加していた	3
添加していました	3
添加してる	3
添加してます	3
清掃する	4
清掃します	4
清掃しません	4
清掃しました	4
清掃しませんでした	4
清掃しましょう	4
清掃しない	4
清掃しなかった	4
清掃した	4
清掃して	4
清掃している	4
清掃しています	4
清掃していた	4
清掃していました	4
清掃してる	4
清掃してます	4
清書する	3
清書します	3
清書しません	3
清書しました	3
清書しませんでした	3
清書しましょう	3
清書しない	3
清書しなかった	3
清書した	3
清書して	3
清書している	3
清書しています	3
清書していた	3
清書していました	3
清書してる	3
清書してます	3
清算する	4
清算します	4
清算しません	4
清算しました	4
清算しませんでした	4
清算しましょう	4
清算しない	4
清算しなかった	4
清算した	4
清算して	4
清算している	4
清算しています	4
清算していた	4
清算していました	4
清算してる	4
清算してます	4
渇水する	4
渇水します	4
渇水しません	4
渇水しました	4
渇水しませんでした	4
渇水しましょう	4
渇水しない	4
渇水しなかった	4
渇水した	4
渇水して	4
渇水している	4
渇水しています	4
渇水していた	4
渇水していました	4
渇水してる	4
渇水してます	4
渋滞する	4
渋滞します	4
渋滞しません	4
渋滞しました	4
渋滞しませんでした	4
渋滞しましょう	4
渋滞しない	4
渋滞しなかった	4
渋滞した	4
渋滞して	4
渋滞している	4
渋滞しています	4
渋滞していた	4
渋滞していました	4
渋滞してる	4
渋滞してます	4
減免する	4
減免します	4
減免しません	4
減免しました	4
減免しませんでした	4
減免しましょう	4
減免しない	4
減免しなかった	4
減免した	4
減免して	4
減免している	4
減免しています	4
減免していた	4
減免していました	4
減免してる	4
減免してます	4
減反する	4
減反します	4
減反しません	4
減反しました	4
減反しませんでした	4
減反しましょう	4
減反しない	4
減反しなかった	4
減反した	4
減反して	4
減反している	4
減反しています	4
減反していた	4
減反していました	4
減反してる	4
減反してます	4
減収する	4
減収します	4
減収しません	4
減収しました	4
減収しませんでした	4
減収しましょう	4
減収しない	4
減収しなかった	4
減収した	4
減収して	4
減収している	4
減収しています	4
減収していた	4
減収していました	4
減収してる	4
減収してます	4
減員する	4
減員します	4
減員しません	4
減員しました	4
減員しませんでした	4
減員しましょう	4
減員しない	4
減員しなかった	4
減員した	4
減員して	4
減員している	4
減員しています	4
減員していた	4
減員していました	4
減員してる	4
減員してます	4
減少する	4
減少します	4
減少しません	4
減少しました	4
減少しませんでした	4
減少しましょう	4
減少しない	4
減少しなかった	4
減少した	4
減少して	4
減少している	4
減少しています	4
減少していた	4
減少していました	4
減少してる	4
減少してます	4
減点する	4
減点します	4
減点しません	4
減点しました	4
減点しませんでした	4
減点しましょう	4
減点しない	4
減点しなかった	4
減点した	4
減点して	4
減点している	4
減点しています	4
減点していた	4
減点していました	4
減点してる	4
減点してます	4
減産する	4
減産します	4
減産しません	4
減産しました	4
減産しませんでした	4
減産しましょう	4
減産しない	4
減産しなかった	4
減産した	4
減産して	4
減産している	4
減産しています	4
減産していた	4
減産していました	4
減産してる	4
減産してます	4
減益する	4
減益します	4
減益しません	4
減益しました	4
減益しませんでした	4
減益しましょう	4
減益しない	4
減益しなかった	4
減益した	4
減益して	4
減益している	4
減益しています	4
減益していた	4
減益していました	4
減益してる	4
減益してます	4
減税する	4
減税します	4
減税しません	4
減税しました	4
減税しませんでした	4
減税しましょう	4
減税しない	4
減税しなかった	4
減税した	4
減税して	4
減税している	4
減税しています	4
減税していた	4
減税していました	4
減税してる	4
減税してます	4
減給する	4
減給します	4
減給しません	4
減給しました	4
減給しませんでした	4
減給しましょう	4
減給しない	4
減給しなかった	4
減給した	4
減給して	4
減給している	4
減給しています	4
減給していた	4
減給していました	4
減給してる	4
減給してます	4
減退する	4
減退します	4
減退しません	4
減退しました	4
減退しませんでした	4
減退しましょう	4
減退しない	4
減退しなかった	4
減退した	4
減退して	4
減退している	4
減退しています	4
減退していた	4
減退していました	4
減退してる	4
減退してます	4
減速する	4
減速します	4
減速しません	4
減速しました	4
減速しませんでした	4
減速しましょう	4
減速しない	4
減速しなかった	4
減速した	4
減速して	4
減速している	4
減速しています	4
減速していた	4
減速していました	4
減速してる	4
減速してます	4
減量する	4
減量します	4
減量しません	4
減量しました	4
減量しませんでした	4
減量しましょう	4
減量しない	4
減量しなかった	4
減量した	4
減量して	4
減量している	4
減量しています	4
減量していた	4
減量していました	4
減量してる	4
減量してます	4
減額する	4
減額します	4
減額しません	4
減額しました	4
減額しませんでした	4
減額しましょう	4
減額しない	4
減額しなかった	4
減額した	4
減額して	4
減額している	4
減額しています	4
減額していた	4
減額していました	4
減額してる	4
減額してます	4
渡航する	3
渡航します	3
渡航しません	3
渡航しました	3
渡航しませんでした	3
渡航しましょう	3
渡航しない	3
渡航しなかった	3
渡航した	3
渡航して	3
渡航している	3
渡航しています	3
渡航していた	3
渡航していました	3
渡航してる	3
渡航してます	3
温存する	4
温存します	4
温存しません	4
温存しました	4
温存しませんでした	4
温存しましょう	4
温存しない	4
温存しなかった	4
温存した	4
温存して	4
温存している	4
温存しています	4
温存していた	4
温存していました	4
温存してる	4
温存してます	4
測定する	4
測定します	4
測定しません	4
測定しました	4
測定しませんでした	4
測定しましょう	4
測定しない	4
測定しなかった	4
測定した	4
測定して	4
測定している	4
測定しています	4
測定していた	4
測定していました	4
測定してる	4
測定してます	4
測量する	4
測量します	4
測量しません	4
測量しました	4
測量しませんでした	4
測量しましょう	4
測量しない	4
測量しなかった	4
測量した	4
測量して	4
測量している	4
測量しています	4
測量していた	4
測量していました	4
測量してる	4
測量してます	4
満了する	4
満了します	4
満了しません	4
満了しました	4
満了しませんでした	4
満了しましょう	4
満了しない	4
満了しなかった	4
満了した	4
満了して	4
満了している	4
満了しています	4
満了していた	4
満了していました	4
満了してる	4
満了してます	4
満喫する	4
満喫します	4
満喫しません	4
満喫しました	4
満喫しませんでした	4
満喫しましょう	4
満喫しない	4
満喫しなかった	4
満喫した	4
満喫して	4
満喫している	4
満喫しています	4
満喫していた	4
満喫していました	4
満喫してる	4
満喫してます	4
満腹する	4
満腹します	4
満腹しません	4
満腹しました	4
満腹しませんでした	4
満腹しましょう	4
満腹しない	4
満腹しなかった	4
満腹した	4
満腹して	4
満腹している	4
満腹しています	4
満腹していた	4
満腹していました	4
満腹してる	4
満腹してます	4
満足する	1
満足します	1
満足しません	1
満足しました	1
満足しませんでした	1
満足しましょう	1
満足しない	1
満足しなかった	1
満足した	1
満足して	1
満足している	1
満足しています	1
満足していた	1
満足していました	1
満足してる	1
満足してます	1
満開する	4
満開します	4
満開しません	4
満開しました	4
満開しませんでした	4
満開しましょう	4
満開しない	4
満開しなかった	4
満開した	4
満開して	4
満開している	4
満開しています	4
満開していた	4
満開していました	4
満開してる	4
満開してます	4
準備する	1
準備します	1
準備しません	1
準備しました	1
準備しませんでした	1
準備しましょう	1
準備しない	1
準備しなかった	1
準備した	1
準備して	1
準備している	1
準備しています	1
準備していた	1
準備していました	1
準備してる	1
準備してます	1
溶接する	4
溶接します	4
溶接しません	4
溶接しました	4
溶接しませんでした	4
溶接しましょう	4
溶接しない	4
溶接しなかった	4
溶接した	4
溶接して	4
溶接している	4
溶接しています	4
溶接していた	4
溶接していました	4
溶接してる	4
溶接してます	4
滅亡する	4
滅亡します	4
滅亡しません	4
滅亡しました	4
滅亡しませんでした	4
滅亡しましょう	4
滅亡しない	4
滅亡しなかった	4
滅亡した	4
滅亡して	4
滅亡している	4
滅亡しています	4
滅亡していた	4
滅亡していました	4
滅亡してる	4
滅亡してます	4
滑走する	4
滑走します	4
滑走しません	4
滑走しました	4
滑走しませんでした	4
滑走しましょう	4
滑走しない	4
滑走しなかった	4
滑走した	4
滑走して	4
滑走している	4
滑走しています	4
滑走していた	4
滑走していました	4
滑走してる	4
滑走してます	4
滑降する	4
滑降します	4
滑降しません	4
滑降しました	4
滑降しませんでした	4
滑降しましょう	4
滑降しない	4
滑降しなかった	4
滑降した	4
滑降して	4
滑降している	4
滑降しています	4
滑降していた	4
滑降していました	4
滑降してる	4
滑降してます	4
滞在する	4
滞在します	4
滞在しません	4
滞在しました	4
滞在しませんでした	4
滞在しましょう	4
滞在しない	4
滞在しなかった	4
滞在した	4
滞在して	4
滞在している	4
滞在しています	4
滞在していた	4
滞在していました	4
滞在してる	4
滞在してます	4
滞納する	4
滞納します	4
滞納しません	4
滞納しました	4
滞納しませんでした	4
滞納しましょう	4
滞納しない	4
滞納しなかった	4
滞納した	4
滞納して	4
滞納している	4
滞納しています	4
滞納していた	4
滞納していました	4
滞納してる	4
滞納してます	4
漁獲する	3
漁獲します	3
漁獲しません	3
漁獲しました	3
漁獲しませんでした	3
漁獲しましょう	3
漁獲しない	3
漁獲しなかった	3
漁獲した	3
漁獲して	3
漁獲している	3
漁獲しています	3
漁獲していた	3
漁獲していました	3
漁獲してる	3
漁獲してます	3
漂流する	4
漂流します	4
漂流しません	4
漂流しました	4
漂流しませんでした	4
漂流しましょう	4
漂流しない	4
漂流しなかった	4
漂流した	4
漂流して	4
漂流している	4
漂流しています	4
漂流していた	4
漂流していました	4
漂流してる	4
漂流してます	4
漏洩する	4
漏洩します	4
漏洩しません	4
漏洩しました	4
漏洩しませんでした	4
漏洩しましょう	4
漏洩しない	4
漏洩しなかった	4
漏洩した	4
漏洩して	4
漏洩している	4
漏洩しています	4
漏洩していた	4
漏洩していました	4
漏洩してる	4
漏洩してます	4
演出する	4
演出します	4
演出しません	4
演出しました	4
演出しませんでした	4
演出しましょう	4
演出しない	4
演出しなかった	4
演出した	4
演出して	4
演出している	4
演出しています	4
演出していた	4
演出していました	4
演出してる	4
演出してます	4
演奏する	4
演奏します	4
演奏しません	4
演奏しました	4
演奏しませんでした	4
演奏しましょう	4
演奏しない	4
演奏しなかった	4
演奏した	4
演奏して	4
演奏している	4
演奏しています	4
演奏していた	4
演奏していました	4
演奏してる	4
演奏してます	4
演技する	1
演技します	1
演技しません	1
演技しました	1
演技しませんでした	1
演技しましょう	1
演技しない	1
演技しなかった	1
演技した	1
演技して	1
演技している	1
演技しています	1
演技していた	1
演技していました	1
演技してる	1
演技してます	1
演算する	4
演算します	4
演算しません	4
演算しました	4
演算しませんでした	4
演算しましょう	4
演算しない	4
演算しなかった	4
演算した	4
演算して	4
演算している	4
演算しています	4
演算していた	4
演算していました	4
演算してる	4
演算してます	4
演習する	4
演習します	4
演習しません	4
演習しました	4
演習しませんでした	4
演習しましょう	4
演習しない	4
演習しなかった	4
演習した	4
演習して	4
演習している	4
演習しています	4
演習していた	4
演習していました	4
演習してる	4
演習してます	4
演舞する	3
演舞します	3
演舞しません	3
演舞しました	3
演舞しませんでした	3
演舞しましょう	3
演舞しない	3
演舞しなかった	3
演舞した	3
演舞して	3
演舞している	3
演舞しています	3
演舞していた	3
演舞していました	3
演舞してる	3
演舞してます	3
演説する	4
演説します	4
演説しません	4
演説しました	4
演説しませんでした	4
演説しましょう	4
演説しない	4
演説しなかった	4
演説した	4
演説して	4
演説している	4
演説しています	4
演説していた	4
演説していました	4
演説してる	4
演説してます	4
潜在する	4
潜在します	4
潜在しません	4
潜在しました	4
潜在しませんでした	4
潜在しましょう	4
潜在しない	4
潜在しなかった	4
潜在した	4
潜在して	4
潜在している	4
潜在しています	4
潜在していた	4
潜在していました	4
潜在してる	4
潜在してます	4
潜水する	4
潜水します	4
潜水しません	4
潜水しました	4
潜水しませんでした	4
潜水しましょう	4
潜水しない	4
潜水しなかった	4
潜水した	4
潜水して	4
潜水している	4
潜水しています	4
潜水していた	4
潜水していました	4
潜水してる	4
潜水してます	4
潤色する	4
潤色します	4
潤色しません	4
潤色しました	4
潤色しませんでした	4
潤色しましょう	4
潤色しない	4
潤色しなかった	4
潤色した	4
潤色して	4
潤色している	4
潤色しています	4
潤色していた	4
潤色していました	4
潤色してる	4
潤色してます	4
激励する	4
激励します	4
激励しません	4
激励しました	4
激励しませんでした	4
激励しましょう	4
激励しない	4
激励しなかった	4
激励した	4
激励して	4
激励している	4
激励しています	4
激励していた	4
激励していました	4
激励してる	4
激励してます	4
激動する	4
激動します	4
激動しません	4
激動しました	4
激動しませんでした	4
激動しましょう	4
激動しない	4
激動しなかった	4
激動した	4
激動して	4
激動している	4
激動しています	4
激動していた	4
激動していました	4
激動してる	4
激動してます	4
激化する	3
激化します	3
激化しません	3
激化しました	3
激化しませんでした	3
激化しましょう	3
激化しない	3
激化しなかった	3
激化した	3
激化して	3
激化している	3
激化しています	3
激化していた	3
激化していました	3
激化してる	3
激化してます	3
激変する	4
激変します	4
激変しません	4
激変しました	4
激変しませんでした	4
激変しましょう	4
激変しない	4
激変しなかった	4
激変した	4
激変して	4
激変している	4
激変しています	4
激変していた	4
激変していました	4
激変してる	4
激変してます	4
激怒する	1
激怒します	1
激怒しません	1
激怒しました	1
激怒しませんでした	1
激怒しましょう	1
激怒しない	1
激怒しなかった	1
激怒した	1
激怒して	1
激怒している	1
激怒しています	1
激怒していた	1
激怒していました	1
激怒してる	1
激怒してます	1
激戦する	4
激戦します	4
激戦しません	4
激戦しました	4
激戦しませんでした	4
激戦しましょう	4
激戦しない	4
激戦しなかった	4
激戦した	4
激戦して	4
激戦している	4
激戦しています	4
激戦していた	4
激戦していました	4
激戦してる	4
激戦してます	4
激減する	4
激減します	4
激減しません	4
激減しました	4
激減しませんでした	4
激減しましょう	4
激減しない	4
激減しなかった	4
激減した	4
激減して	4
激減している	4
激減しています	4
激減していた	4
激減していました	4
激減してる	4
激減してます	4
激突する	4
激突します	4
激突しません	4
激突しました	4
激突しませんでした	4
激突しましょう	4
激突しない	4
激突しなかった	4
激突した	4
激突して	4
激突している	4
激突しています	4
激突していた	4
激突していました	4
激突してる	4
激突してます	4
激論する	4
激論します	4
激論しません	4
激論しました	4
激論しませんでした	4
激論しましょう	4
激論しない	4
激論しなかった	4
激論した	4
激論して	4
激論している	4
激論しています	4
激論していた	4
激論していました	4
激論してる	4
激論してます	4
濃縮する	4
濃縮します	4
濃縮しません	4
濃縮しました	4
濃縮しませんでした	4
濃縮しましょう	4
濃縮しない	4
濃縮しなかった	4
濃縮した	4
濃縮して	4
濃縮している	4
濃縮しています	4
濃縮していた	4
濃縮していました	4
濃縮してる	4
濃縮してます	4
灌漑する	4
灌漑します	4
灌漑しません	4
灌漑しました	4
灌漑しませんでした	4
灌漑しましょう	4
灌漑しない	4
灌漑しなかった	4
灌漑した	4
灌漑して	4
灌漑している	4
灌漑しています	4
灌漑していた	4
灌漑していました	4
灌漑してる	4
灌漑してます	4
火傷する	3
火傷します	3
火傷しません	3
火傷しました	3
火傷しませんでした	3
火傷しましょう	3
火傷しない	3
火傷しなかった	3
火傷した	3
火傷して	3
火傷している	3
火傷しています	3
火傷していた	3
火傷していました	3
火傷してる	3
火傷してます	3
火葬する	3
火葬します	3
火葬しません	3
火葬しました	3
火葬しませんでした	3
火葬しましょう	3
火葬しない	3
火葬しなかった	3
火葬した	3
火葬して	3
火葬している	3
火葬しています	3
火葬していた	3
火葬していました	3
火葬してる	3
火葬してます	3
炊事する	3
炊事します	3
炊事しません	3
炊事しました	3
炊事しませんでした	3
炊事しましょう	3
炊事しない	3
炊事しなかった	3
炊事した	3
炊事して	3
炊事している	3
炊事しています	3
炊事していた	3
炊事していました	3
炊事してる	3
炊事してます	3
炎上する	4
炎上します	4
炎上しません	4
炎上しました	4
炎上しませんでした	4
炎上しましょう	4
炎上しない	4
炎上しなかった	4
炎上した	4
炎上して	4
炎上している	4
炎上しています	4
炎上していた	4
炎上していました	4
炎上してる	4
炎上してます	4
炸裂する	4
炸裂します	4
炸裂しません	4
炸裂しました	4
炸裂しませんでした	4
炸裂しましょう	4
炸裂しない	4
炸裂しなかった	4
炸裂した	4
炸裂して	4
炸裂している	4
炸裂しています	4
炸裂していた	4
炸裂していました	4
炸裂してる	4
炸裂してます	4
点在する	4
点在します	4
点在しません	4
点在しました	4
点在しませんでした	4
点在しましょう	4
点在しない	4
点在しなかった	4
点在した	4
点在して	4
点在している	4
点在しています	4
点在していた	4
点在していました	4
点在してる	4
点在してます	4
点検する	4
点検します	4
点検しません	4
点検しました	4
点検しませんでした	4
点検しましょう	4
点検しない	4
点検しなかった	4
点検した	4
点検して	4
点検している	4
点検しています	4
点検していた	4
点検していました	4
点検してる	4
点検してます	4
点滅する	4
点滅します	4
点滅しません	4
点滅しました	4
点滅しませんでした	4
点滅しましょう	4
点滅しない	4
点滅しなかった	4
点滅した	4
点滅して	4
点滅している	4
点滅しています	4
点滅していた	4
点滅していました	4
点滅してる	4
点滅してます	4
点滴する	4
点滴します	4
点滴しません	4
点滴しました	4
点滴しませんでした	4
点滴しましょう	4
点滴しない	4
点滴しなかった	4
点滴した	4
点滴して	4
点滴している	4
点滴しています	4
点滴していた	4
点滴していました	4
点滴してる	4
点滴してます	4
点火する	3
点火します	3
点火しません	3
点火しました	3
点火しませんでした	3
点火しましょう	3
点火しない	3
点火しなかった	3
点火した	3
点火して	3
点火している	3
点火しています	3
点火していた	3
点火していました	3
点火してる	3
点火してます	3
点訳する	4
点訳します	4
点訳しません	4
点訳しました	4
点訳しませんでした	4
点訳しましょう	4
点訳しない	4
点訳しなかった	4
点訳した	4
点訳して	4
点訳している	4
点訳しています	4
点訳していた	4
点訳していました	4
点訳してる	4
点訳してます	4
無心する	3
無心します	3
無心しません	3
無心しました	3
無心しませんでした	3
無心しましょう	3
無心しない	3
無心しなかった	3
無心した	3
無心して	3
無心している	3
無心しています	3
無心していた	3
無心していました	3
無心してる	3
無心してます	3
無理する	1
無理します	1
無理しません	1
無理しました	1
無理しませんでした	1
無理しましょう	1
無理しない	1
無理しなかった	1
無理した	1
無理して	1
無理している	1
無理しています	1
無理していた	1
無理していました	1
無理してる	1
無理してます	1
無精する	2
無精します	2
無精しません	2
無精しました	2
無精しませんでした	2
無精しましょう	2
無精しない	2
無精しなかった	2
無精した	2
無精して	2
無精している	2
無精しています	2
無精していた	2
無精していました	2
無精してる	2
無精してます	2
無視する	1
無視します	1
無視しません	1
無視しました	1
無視しませんでした	1
無視しましょう	1
無視しない	1
無視しなかった	1
無視した	1
無視して	1
無視している	1
無視しています	1
無視していた	1
無視していました	1
無視してる	1
無視してます	1
無駄遣いする	3
無駄遣いします	3
無駄遣いしません	3
無駄遣いしました	3
無駄遣いしませんでした	3
無駄遣いしましょう	3
無駄遣いしない	3
無駄遣いしなかった	3
無駄遣いした	3
無駄遣いして	3
無駄遣いしている	3
無駄遣いしています	3
無駄遣いしていた	3
無駄遣いしていました	3
無駄遣いしてる	3
無駄遣いしてます	3
焼却する	4
焼却します	4
焼却しません	4
焼却しました	4
焼却しませんでした	4
焼却しましょう	4
焼却しない	4
焼却しなかった	4
焼却した	4
焼却して	4
焼却している	4
焼却しています	4
焼却していた	4
焼却していました	4
焼却してる	4
焼却してます	4
焼死する	3
焼死します	3
焼死しません	3
焼死しました	3
焼死しませんでした	3
焼死しましょう	3
焼死しない	3
焼死しなかった	3
焼死した	3
焼死して	3
焼死している	3
焼死しています	3
焼死していた	3
焼死していました	3
焼死してる	3
焼死してます	3
照会する	4
照会します	4
照会しません	4
照会しました	4
照会しませんでした	4
照会しましょう	4
照会しない	4
照会しなかった	4
照会した	4
照会して	4
照会している	4
照会しています	4
照会していた	4
照会していました	4
照会してる	4
照会してます	4
照射する	1
照射します	1
照射しません	1
照射しました	1
照射しませんでした	1
照射しましょう	1
照射しない	1
照射しなかった	1
照射した	1
照射して	1
照射している	1
照射しています	1
照射していた	1
照射していました	1
照射してる	1
照射してます	1
照明する	4
照明します	4
照明しません	4
照明しました	4
照明しませんでした	4
照明しましょう	4
照明しない	4
照明しなかった	4
照明した	4
照明して	4
照明している	4
照明しています	4
照明していた	4
照明していました	4
照明してる	4
照明してます	4
熟知する	1
熟知します	1
熟知しません	1
熟知しました	1
熟知しませんでした	1
熟知しましょう	1
熟知しない	1
熟知しなかった	1
熟知した	1
熟知して	1
熟知している	1
熟知しています	1
熟知していた	1
熟知していました	1
熟知してる	1
熟知してます	1
熟練する	4
熟練します	4
熟練しません	4
熟練しました	4
熟練しませんでした	4
熟練しましょう	4
熟練しない	4
熟練しなかった	4
熟練した	4
熟練して	4
熟練している	4
熟練しています	4
熟練していた	4
熟練していました	4
熟練してる	4
熟練してます	4
熱するする	4
熱するします	6
熱するしません	7
熱するしました	6
熱するしませんでした	7
熱するしましょう	7
熱するしない	5
熱するしなかった	5
熱するした	4
熱するして	4
熱するしている	4
熱するしています	4
熱するしていた	4
熱するしていました	4
熱するしてる	4
熱するしてます	4
熱中する	4
熱中します	4
熱中しません	4
熱中しました	4
熱中しませんでした	4
熱中しましょう	4
熱中しない	4
熱中しなかった	4
熱中した	4
熱中して	4
熱中している	4
熱中しています	4
熱中していた	4
熱中していました	4
熱中してる	4
熱中してます	4
熱狂する	4
熱狂します	4
熱狂しません	4
熱狂しました	4
熱狂しませんでした	4
熱狂しましょう	4
熱狂しない	4
熱狂しなかった	4
熱狂した	4
熱狂して	4
熱狂している	4
熱狂しています	4
熱狂していた	4
熱狂していました	4
熱狂してる	4
熱狂してます	4
燃焼する	4
燃焼します	4
燃焼しません	4
燃焼しました	4
燃焼しませんでした	4
燃焼しましょう	4
燃焼しない	4
燃焼しなかった	4
燃焼した	4
燃焼して	4
燃焼している	4
燃焼しています	4
燃焼していた	4
燃焼していました	4
燃焼してる	4
燃焼してます	4
爆撃する	4
爆撃します	4
爆撃しません	4
爆撃しました	4
爆撃しませんでした	4
爆撃しましょう	4
爆撃しない	4
爆撃しなかった	4
爆撃した	4
爆撃して	4
爆撃している	4
爆撃しています	4
爆撃していた	4
爆撃していました	4
爆撃してる	4
爆撃してます	4
爆発する	4
爆発します	4
爆発しません	4
爆発しました	4
爆発しませんでした	4
爆発しましょう	4
爆発しない	4
爆発しなかった	4
爆発した	4
爆発して	4
爆発している	4
爆発しています	4
爆発していた	4
爆発していました	4
爆発してる	4
爆発してます	4
爆破する	3
爆破します	3
爆破しません	3
爆破しました	3
爆破しませんでした	3
爆破しましょう	3
爆破しない	3
爆破しなかった	3
爆破した	3
爆破して	3
爆破している	3
爆破しています	3
爆破していた	3
爆破していました	3
爆破してる	3
爆破してます	3
爆笑する	4
爆笑します	4
爆笑しません	4
爆笑しました	4
爆笑しませんでした	4
爆笑しましょう	4
爆笑しない	4
爆笑しなかった	4
爆笑した	4
爆笑して	4
爆笑している	4
爆笑しています	4
爆笑していた	4
爆笑していました	4
爆笑してる	4
爆笑してます	4
特売する	4
特売します	4
特売しません	4
特売しました	4
特売しませんでした	4
特売しましょう	4
特売しない	4
特売しなかった	4
特売した	4
特売して	4
特売している	4
特売しています	4
特売していた	4
特売していました	4
特売してる	4
特売してます	4
特定する	4
特定します	4
特定しません	4
特定しました	4
特定しませんでした	4
特定しましょう	4
特定しない	4
特定しなかった	4
特定した	4
特定して	4
特定している	4
特定しています	4
特定していた	4
特定していました	4
特定してる	4
特定してます	4
特産する	4
特産します	4
特産しません	4
特産しました	4
特産しませんでした	4
特産しましょう	4
特産しない	4
特産しなかった	4
特産した	4
特産して	4
特産している	4
特産しています	4
特産していた	4
特産していました	4
特産してる	4
特産してます	4
特筆する	4
特筆します	4
特筆しません	4
特筆しました	4
特筆しませんでした	4
特筆しましょう	4
特筆しない	4
特筆しなかった	4
特筆した	4
特筆して	4
特筆している	4
特筆しています	4
特筆していた	4
特筆していました	4
特筆してる	4
特筆してます	4
特約する	4
特約します	4
特約しません	4
特約しました	4
特約しませんでした	4
特約しましょう	4
特約しない	4
特約しなかった	4
特約した	4
特約して	4
特約している	4
特約しています	4
特約していた	4
特約していました	4
特約してる	4
特約してます	4
特製する	4
特製します	4
特製しません	4
特製しました	4
特製しませんでした	4
特製しましょう	4
特製しない	4
特製しなかった	4
特製した	4
特製して	4
特製している	4
特製しています	4
特製していた	4
特製していました	4
特製してる	4
特製してます	4
特訓する	4
特訓します	4
特訓しません	4
特訓しました	4
特訓しませんでした	4
特訓しましょう	4
特訓しない	4
特訓しなかった	4
特訓した	4
特訓して	4
特訓している	4
特訓しています	4
特訓していた	4
特訓していました	4
特訓してる	4
特訓してます	4
特設する	4
特設します	4
特設しません	4
特設しました	4
特設しませんでした	4
特設しましょう	4
特設しない	4
特設しなかった	4
特設した	4
特設して	4
特設している	4
特設しています	4
特設していた	4
特設していました	4
特設してる	4
特設してます	4
特選する	4
特選します	4
特選しません	4
特選しました	4
特選しませんでした	4
特選しましょう	4
特選しない	4
特選しなかった	4
特選した	4
特選して	4
特選している	4
特選しています	4
特選していた	4
特選していました	4
特選してる	4
特選してます	4
特集する	4
特集します	4
特集しません	4
特集しました	4
特集しませんでした	4
特集しましょう	4
特集しない	4
特集しなかった	4
特集した	4
特集して	4
特集している	4
特集しています	4
特集していた	4
特集していました	4
特集してる	4
特集してます	4
狂乱する	4
狂乱します	4
狂乱しません	4
狂乱しました	4
狂乱しませんでした	4
狂乱しましょう	4
狂乱しない	4
狂乱しなかった	4
狂乱した	4
狂乱して	4
狂乱している	4
狂乱しています	4
狂乱していた	4
狂乱していました	4
狂乱してる	4
狂乱してます	4
狩猟する	3
狩猟します	3
狩猟しません	3
狩猟しました	3
狩猟しませんでした	3
狩猟しましょう	3
狩猟しない	3
狩猟しなかった	3
狩猟した	3
狩猟して	3
狩猟している	3
狩猟しています	3
狩猟していた	3
狩猟していました	3
狩猟してる	3
狩猟してます	3
独り占めする	5
独り占めします	5
独り占めしません	5
独り占めしました	5
独り占めしませんでした	5
独り占めしましょう	5
独り占めしない	5
独り占めしなかった	5
独り占めした	5
独り占めして	5
独り占めしている	5
独り占めしています	5
独り占めしていた	5
独り占めしていました	5
独り占めしてる	5
独り占めしてます	5
独創する	4
独創します	4
独創しません	4
独創しました	4
独創しませんでした	4
独創しましょう	4
独創しない	4
独創しなかった	4
独創した	4
独創して	4
独創している	4
独創しています	4
独創していた	4
独創していました	4
独創してる	4
独創してます	4
独占する	4
独占します	4
独占しません	4
独占しました	4
独占しませんでした	4
独占しましょう	4
独占しない	4
独占しなかった	4
独占した	4
独占して	4
独占している	4
独占しています	4
独占していた	4
独占していました	4
独占してる	4
独占してます	4
独学する	4
独学します	4
独学しません	4
独学しました	4
独学しませんでした	4
独学しましょう	4
独学しない	4
独学しなかった	4
独学した	4
独学して	4
独学している	4
独学しています	4
独学していた	4
独学していました	4
独学してる	4
独学してます	4
独断する	4
独断します	4
独断しません	4
独断しました	4
独断しませんでした	4
独断しましょう	4
独断しない	4
独断しなかった	4
独断した	4
独断して	4
独断している	4
独断しています	4
独断していた	4
独断していました	4
独断してる	4
独断してます	4
独立する	4
独立します	4
独立しません	4
独立しました	4
独立しませんでした	4
独立しましょう	4
独立しない	4
独立しなかった	4
独立した	4
独立して	4
独立している	4
独立しています	4
独立していた	4
独立していました	4
独立してる	4
独立してます	4
独裁する	4
独裁します	4
独裁しません	4
独裁しました	4
独裁しませんでした	4
独裁しましょう	4
独裁しない	4
独裁しなかった	4
独裁した	4
独裁して	4
独裁している	4
独裁しています	4
独裁していた	4
独裁していました	4
独裁してる	4
独裁してます	4
独走する	4
独走します	4
独走しません	4
独走しました	4
独走しませんでした	4
独走しましょう	4
独走しない	4
独走しなかった	4
独走した	4
独走して	4
独走している	4
独走しています	4
独走していた	4
独走していました	4
独走してる	4
独走してます	4
猛打する	2
猛打します	2
猛打しません	2
猛打しました	2
猛打しませんでした	2
猛打しましょう	2
猛打しない	2
猛打しなかった	2
猛打した	2
猛打して	2
猛打している	2
猛打しています	2
猛打していた	2
猛打していました	2
猛打してる	2
猛打してます	2
猛攻する	4
猛攻します	4
猛攻しません	4
猛攻しました	4
猛攻しませんでした	4
猛攻しましょう	4
猛攻しない	4
猛攻しなかった	4
猛攻した	4
猛攻して	4
猛攻している	4
猛攻しています	4
猛攻していた	4
猛攻していました	4
猛攻してる	4
猛攻してます	4
献上する	4
献上します	4
献上しません	4
献上しました	4
献上しませんでした	4
献上しましょう	4
献上しない	4
献上しなかった	4
献上した	4
献上して	4
献上している	4
献上しています	4
献上していた	4
献上していました	4
献上してる	4
献上してます	4
献花する	1
献花します	1
献花しません	1
献花しました	1
献花しませんでした	1
献花しましょう	1
献花しない	1
献花しなかった	1
献花した	1
献花して	1
献花している	1
献花しています	1
献花していた	1
献花していました	1
献花してる	1
献花してます	1
献血する	4
献血します	4
献血しません	4
献血しました	4
献血しませんでした	4
献血しましょう	4
献血しない	4
献血しなかった	4
献血した	4
献血して	4
献血している	4
献血しています	4
献血していた	4
献血していました	4
献血してる	4
献血してます	4
献金する	4
献金します	4
献金しません	4
献金しました	4
献金しませんでした	4
献金しましょう	4
献金しない	4
献金しなかった	4
献金した	4
献金して	4
献金している	4
献金しています	4
献金していた	4
献金していました	4
献金してる	4
献金してます	4
猶予する	1
猶予します	1
猶予しません	1
猶予しました	1
猶予しませんでした	1
猶予しましょう	1
猶予しない	1
猶予しなかった	1
猶予した	1
猶予して	1
猶予している	1
猶予しています	1
猶予していた	1
猶予していました	1
猶予してる	1
猶予してます	1
獲得する	4
獲得します	4
獲得しません	4
獲得しました	4
獲得しませんでした	4
獲得しましょう	4
獲得しない	4
獲得しなかった	4
獲得した	4
獲得して	4
獲得している	4
獲得しています	4
獲得していた	4
獲得していました	4
獲得してる	4
獲得してます	4
率先する	4
率先します	4
率先しません	4
率先しました	4
率先しませんでした	4
率先しましょう	4
率先しない	4
率先しなかった	4
率先した	4
率先して	4
率先している	4
率先しています	4
率先していた	4
率先していました	4
率先してる	4
率先してます	4
王手する	1
王手します	1
王手しません	1
王手しました	1
王手しませんでした	1
王手しましょう	1
王手しない	1
王手しなかった	1
王手した	1
王手して	1
王手している	1
王手しています	1
王手していた	1
王手していました	1
王手してる	1
王手してます	1
現像する	4
現像します	4
現像しません	4
現像しました	4
現像しませんでした	4
現像しましょう	4
現像しない	4
現像しなかった	4
現像した	4
現像して	4
現像している	4
現像しています	4
現像していた	4
現像していました	4
現像してる	4
現像してます	4
現在する	1
現在します	1
現在しません	1
現在しました	1
現在しませんでした	1
現在しましょう	1
現在しない	1
現在しなかった	1
現在した	1
現在して	1
現在している	1
現在しています	1
現在していた	1
現在していました	1
現在してる	1
現在してます	1
現有する	4
現有します	4
現有しません	4
現有しました	4
現有しませんでした	4
現有しましょう	4
現有しない	4
現有しなかった	4
現有した	4
現有して	4
現有している	4
現有しています	4
現有していた	4
現有していました	4
現有してる	4
現有してます	4
理解する	1
理解します	1
理解しません	1
理解しました	1
理解しませんでした	1
理解しましょう	1
理解しない	1
理解しなかった	1
理解した	1
理解して	1
理解している	1
理解しています	1
理解していた	1
理解していました	1
理解してる	1
理解してます	1
理髪する	3
理髪します	3
理髪しません	3
理髪しました	3
理髪しませんでした	3
理髪しましょう	3
理髪しない	3
理髪しなかった	3
理髪した	3
理髪して	3
理髪している	3
理髪しています	3
理髪していた	3
理髪していました	3
理髪してる	3
理髪してます	3
琢磨する	1
琢磨します	1
琢磨しません	1
琢磨しました	1
琢磨しませんでした	1
琢磨しましょう	1
琢磨しない	1
琢磨しなかった	1
琢磨した	1
琢磨して	1
琢磨している	1
琢磨しています	1
琢磨していた	1
琢磨していました	1
琢磨してる	1
琢磨してます	1
瓶詰めする	4
瓶詰めします	4
瓶詰めしません	4
瓶詰めしました	4
瓶詰めしませんでした	4
瓶詰めしましょう	4
瓶詰めしない	4
瓶詰めしなかった	4
瓶詰めした	4
瓶詰めして	4
瓶詰めしている	4
瓶詰めしています	4
瓶詰めしていた	4
瓶詰めしていました	4
瓶詰めしてる	4
瓶詰めしてます	4
生き生きする	3
生き生きします	3
生き生きしません	3
生き生きしました	3
生き生きしませんでした	3
生き生きしましょう	3
生き生きしない	3
生き生きしなかった	3
生き生きした	3
生き生きして	3
生き生きしている	3
生き生きしています	3
生き生きしていた	3
生き生きしていました	3
生き生きしてる	3
生き生きしてます	3
生中継する	3
生中継します	3
生中継しません	3
生中継しました	3
生中継しませんでした	3
生中継しましょう	3
生中継しない	3
生中継しなかった	3
生中継した	3
生中継して	3
生中継している	3
生中継しています	3
生中継していた	3
生中継していました	3
生中継してる	3
生中継してます	3
生存する	4
生存します	4
生存しません	4
生存しました	4
生存しませんでした	4
生存しましょう	4
生存しない	4
生存しなかった	4
生存した	4
生存して	4
生存している	4
生存しています	4
生存していた	4
生存していました	4
生存してる	4
生存してます	4
生息する	4
生息します	4
生息しません	4
生息しました	4
生息しませんでした	4
生息しましょう	4
生息しない	4
生息しなかった	4
生息した	4
生息して	4
生息している	4
生息しています	4
生息していた	4
生息していました	4
生息してる	4
生息してます	4
生成する	4
生成します	4
生成しません	4
生成しました	4
生成しませんでした	4
生成しましょう	4
生成しない	4
生成しなかった	4
生成した	4
生成して	4
生成している	4
生成しています	4
生成していた	4
生成していました	4
生成してる	4
生成してます	4
生殖する	4
生殖します	4
生殖しません	4
生殖しました	4
生殖しませんでした	4
生殖しましょう	4
生殖しない	4
生殖しなかった	4
生殖した	4
生殖して	4
生殖している	4
生殖しています	4
生殖していた	4
生殖していました	4
生殖してる	4
生殖してます	4
生活する	4
生活します	4
生活しません	4
生活しました	4
生活しませんでした	4
生活しましょう	4
生活しない	4
生活しなかった	4
生活した	4
生活して	4
生活している	4
生活しています	4
生活していた	4
生活していました	4
生活してる	4
生活してます	4
生産する	4
生産します	4
生産しません	4
生産しました	4
生産しませんでした	4
生産しましょう	4
生産しない	4
生産しなかった	4
生産した	4
生産して	4
生産している	4
生産しています	4
生産していた	4
生産していました	4
生産してる	4
生産してます	4
生育する	4
生育します	4
生育しません	4
生育しました	4
生育しませんでした	4
生育しましょう	4
生育しない	4
生育しなかった	4
生育した	4
生育して	4
生育している	4
生育しています	4
生育していた	4
生育していました	4
生育してる	4
生育してます	4
生誕する	4
生誕します	4
生誕しません	4
生誕しました	4
生誕しませんでした	4
生誕しましょう	4
生誕しない	4
生誕しなかった	4
生誕した	4
生誕して	4
生誕している	4
生誕しています	4
生誕していた	4
生誕していました	4
生誕してる	4
生誕してます	4
生還する	4
生還します	4
生還しません	4
生還しました	4
生還しませんでした	4
生還しましょう	4
生還しない	4
生還しなかった	4
生還した	4
生還して	4
生還している	4
生還しています	4
生還していた	4
生還していました	4
生還してる	4
生還してます	4
生長する	4
生長します	4
生長しません	4
生長しました	4
生長しませんでした	4
生長しましょう	4
生長しない	4
生長しなかった	4
生長した	4
生長して	4
生長している	4
生長しています	4
生長していた	4
生長していました	4
生長してる	4
生長してます	4
産卵する	4
産卵します	4
産卵しません	4
産卵しました	4
産卵しませんでした	4
産卵しましょう	4
産卵しない	4
産卵しなかった	4
産卵した	4
産卵して	4
産卵している	4
産卵しています	4
産卵していた	4
産卵していました	4
産卵してる	4
産卵してます	4
用心する	1
用心します	1
用心しません	1
用心しました	1
用心しませんでした	1
用心しましょう	1
用心しない	1
用心しなかった	1
用心した	1
用心して	1
用心している	1
用心しています	1
用心していた	1
用心していました	1
用心してる	1
用心してます	1
用意する	1
用意します	1
用意しません	1
用意しました	1
用意しませんでした	1
用意しましょう	1
用意しない	1
用意しなかった	1
用意した	1
用意して	1
用意している	1
用意しています	1
用意していた	1
用意していました	1
用意してる	1
用意してます	1
由来する	3
由来します	3
由来しません	3
由来しました	3
由来しませんでした	3
由来しましょう	3
由来しない	3
由来しなかった	3
由来した	3
由来して	3
由来している	3
由来しています	3
由来していた	3
由来していました	3
由来してる	3
由来してます	3
申し訳する	5
申し訳します	5
申し訳しません	5
申し訳しました	5
申し訳しませんでした	5
申し訳しましょう	5
申し訳しない	5
申し訳しなかった	5
申し訳した	5
申し訳して	5
申し訳している	5
申し訳しています	5
申し訳していた	5
申し訳していました	5
申し訳してる	5
申し訳してます	5
申告する	4
申告します	4
申告しません	4
申告しました	4
申告しませんでした	4
申告しましょう	4
申告しない	4
申告しなかった	4
申告した	4
申告して	4
申告している	4
申告しています	4
申告していた	4
申告していました	4
申告してる	4
申告してます	4
申請する	4
申請します	4
申請しません	4
申請しました	4
申請しませんでした	4
申請しましょう	4
申請しない	4
申請しなかった	4
申請した	4
申請して	4
申請している	4
申請しています	4
申請していた	4
申請していました	4
申請してる	4
申請してます	4
画するする	3
画するします	6
画するしません	7
画するしました	6
画するしませんでした	7
画するしましょう	7
画するしない	5
画するしなかった	5
画するした	3
画するして	3
画するしている	3
画するしています	3
画するしていた	3
画するしていました	3
画するしてる	3
画するしてます	3
留任する	4
留任します	4
留任しません	4
留任しました	4
留任しませんでした	4
留任しましょう	4
留任しない	4
留任しなかった	4
留任した	4
留任して	4
留任している	4
留任しています	4
留任していた	4
留任していました	4
留任してる	4
留任してます	4
留保する	1
留保します	1
留保しません	1
留保しました	1
留保しませんでした	1
留保しましょう	1
留保しない	1
留保しなかった	1
留保した	1
留保して	1
留保している	1
留保しています	1
留保していた	1
留保していました	1
留保してる	1
留保してます	1
留学する	4
留学します	4
留学しません	4
留学しました	4
留学しませんでした	4
留学しましょう	4
留学しない	4
留学しなかった	4
留学した	4
留学して	4
留学している	4
留学しています	4
留学していた	4
留学していました	4
留学してる	4
留学してます	4
留守する	1
留守します	1
留守しません	1
留守しました	1
留守しませんでした	1
留守しましょう	1
留守しない	1
留守しなかった	1
留守した	1
留守して	1
留守している	1
留守しています	1
留守していた	1
留守していました	1
留守してる	1
留守してます	1
留守番する	4
留守番します	4
留守番しません	4
留守番しました	4
留守番しませんでした	4
留守番しましょう	4
留守番しない	4
留守番しなかった	4
留守番した	4
留守番して	4
留守番している	4
留守番しています	4
留守番していた	4
留守番していました	4
留守番してる	4
留守番してます	4
留年する	4
留年します	4
留年しません	4
留年しました	4
留年しませんでした	4
留年しましょう	4
留年しない	4
留年しなかった	4
留年した	4
留年して	4
留年している	4
留年しています	4
留年していた	4
留年していました	4
留年してる	4
留年してます	4
留置する	3
留置します	3
留置しません	3
留置しました	3
留置しませんでした	3
留置しましょう	3
留置しない	3
留置しなかった	3
留置した	3
留置して	3
留置している	3
留置しています	3
留置していた	3
留置していました	3
留置してる	3
留置してます	3
略奪する	4
略奪します	4
略奪しません	4
略奪しました	4
略奪しませんでした	4
略奪しましょう	4
略奪しない	4
略奪しなかった	4
略奪した	4
略奪して	4
略奪している	4
略奪しています	4
略奪していた	4
略奪していました	4
略奪してる	4
略奪してます	4
略称する	4
略称します	4
略称しません	4
略称しました	4
略称しませんでした	4
略称しましょう	4
略称しない	4
略称しなかった	4
略称した	4
略称して	4
略称している	4
略称しています	4
略称していた	4
略称していました	4
略称してる	4
略称してます	4
異動する	3
異動します	3
異動しません	3
異動しました	3
異動しませんでした	3
異動しましょう	3
異動しない	3
異動しなかった	3
異動した	3
異動して	3
異動している	3
異動しています	3
異動していた	3
異動していました	3
異動してる	3
異動してます	3
疎外する	3
疎外します	3
疎外しません	3
疎外しました	3
疎外しませんでした	3
疎外しましょう	3
疎外しない	3
疎外しなかった	3
疎外した	3
疎外して	3
疎外している	3
疎外しています	3
疎外していた	3
疎外していました	3
疎外してる	3
疎外してます	3
疎通する	3
疎通します	3
疎通しません	3
疎通しました	3
疎通しませんでした	3
疎通しましょう	3
疎通しない	3
疎通しなかった	3
疎通した	3
疎通して	3
疎通している	3
疎通しています	3
疎通していた	3
疎通していました	3
疎通してる	3
疎通してます	3
疎開する	3
疎開します	3
疎開しません	3
疎開しました	3
疎開しませんでした	3
疎開しましょう	3
疎開しない	3
疎開しなかった	3
疎開した	3
疎開して	3
疎開している	3
疎開しています	3
疎開していた	3
疎開していました	3
疎開してる	3
疎開してます	3
疲労する	3
疲労します	3
疲労しません	3
疲労しました	3
疲労しませんでした	3
疲労しましょう	3
疲労しない	3
疲労しなかった	3
疲労した	3
疲労して	3
疲労している	3
疲労しています	3
疲労していた	3
疲労していました	3
疲労してる	3
疲労してます	3
疲弊する	3
疲弊します	3
疲弊しません	3
疲弊しました	3
疲弊しませんでした	3
疲弊しましょう	3
疲弊しない	3
疲弊しなかった	3
疲弊した	3
疲弊して	3
疲弊している	3
疲弊しています	3
疲弊していた	3
疲弊していました	3
疲弊してる	3
疲弊してます	3
病死する	3
病死します	3
病死しません	3
病死しました	3
病死しませんでした	3
病死しましょう	3
病死しない	3
病死しなかった	3
病死した	3
病死して	3
病死している	3
病死しています	3
病死していた	3
病死していました	3
病死してる	3
病死してます	3
痛感する	4
痛感します	4
痛感しません	4
痛感しました	4
痛感しませんでした	4
痛感しましょう	4
痛感しない	4
痛感しなかった	4
痛感した	4
痛感して	4
痛感している	4
痛感しています	4
痛感していた	4
痛感していました	4
痛感してる	4
痛感してます	4
療養する	4
療養します	4
療養しません	4
療養しました	4
療養しませんでした	4
療養しましょう	4
療養しない	4
療養しなかった	4
療養した	4
療養して	4
療養している	4
療養しています	4
療養していた	4
療養していました	4
療養してる	4
療養してます	4
癒着する	3
癒着します	3
癒着しません	3
癒着しました	3
癒着しませんでした	3
癒着しましょう	3
癒着しない	3
癒着しなかった	3
癒着した	3
癒着して	3
癒着している	3
癒着しています	3
癒着していた	3
癒着していました	3
癒着してる	3
癒着してます	3
発するする	0
発するします	6
発するしません	7
発するしました	6
発するしませんでした	7
発するしましょう	7
発するしない	0
発するしなかった	9
発するした	6
発するして	0
発するしている	6
発するしています	6
発するしていた	6
発するしていました	6
発するしてる	5
発するしてます	7
発令する	4
発令します	4
発令しません	4
発令しました	4
発令しませんでした	4
発令しましょう	4
発令しない	4
発令しなかった	4
発令した	4
発令して	4
発令している	4
発令しています	4
発令していた	4
発令していました	4
発令してる	4
発令してます	4
発信する	4
発信します	4
発信しません	4
発信しました	4
発信しませんでした	4
発信しましょう	4
発信しない	4
発信しなかった	4
発信した	4
発信して	4
発信している	4
発信しています	4
発信していた	4
発信していました	4
発信してる	4
発信してます	4
発光する	4
発光します	4
発光しません	4
発光しました	4
発光しませんでした	4
発光しましょう	4
発光しない	4
発光しなかった	4
発光した	4
発光して	4
発光している	4
発光しています	4
発光していた	4
発光していました	4
発光してる	4
発光してます	4
発刊する	4
発刊します	4
発刊しません	4
発刊しました	4
発刊しませんでした	4
発刊しましょう	4
発刊しない	4
発刊しなかった	4
発刊した	4
発刊して	4
発刊している	4
発刊しています	4
発刊していた	4
発刊していました	4
発刊してる	4
発刊してます	4
発効する	4
発効します	4
発効しません	4
発効しました	4
発効しませんでした	4
発効しましょう	4
発効しない	4
発効しなかった	4
発効した	4
発効して	4
発効している	4
発効しています	4
発効していた	4
発効していました	4
発効してる	4
発効してます	4
発動する	4
発動します	4
発動しません	4
発動しました	4
発動しませんでした	4
発動しましょう	4
発動しない	4
発動しなかった	4
発動した	4
発動して	4
発動している	4
発動しています	4
発動していた	4
発動していました	4
発動してる	4
発動してます	4
発声する	4
発声します	4
発声しません	4
発声しました	4
発声しませんでした	4
発声しましょう	4
発声しない	4
発声しなかった	4
発声した	4
発声して	4
発声している	4
発声しています	4
発声していた	4
発声していました	4
発声してる	4
発声してます	4
発売する	4
発売します	4
発売しません	4
発売しました	4
発売しませんでした	4
発売しましょう	4
発売しない	4
発売しなかった	4
発売した	4
発売して	4
発売している	4
発売しています	4
発売していた	4
発売していました	4
発売してる	4
発売してます	4
発射する	3
発射します	3
発射しません	3
発射しました	3
発射しませんでした	3
発射しましょう	3
発射しない	3
発射しなかった	3
発射した	3
発射して	3
発射している	3
発射しています	3
発射していた	3
発射していました	3
発射してる	3
発射してます	3
発展する	4
発展します	4
発展しません	4
発展しました	4
発展しませんでした	4
発展しましょう	4
発展しない	4
発展しなかった	4
発展した	4
発展して	4
発展している	4
発展しています	4
発展していた	4
発展していました	4
発展してる	4
発展してます	4
発想する	4
発想します	4
発想しません	4
発想しました	4
発想しませんでした	4
発想しましょう	4
発想しない	4
発想しなかった	4
発想した	4
発想して	4
発想している	4
発想しています	4
発想していた	4
発想していました	4
発想してる	4
発想してます	4
発掘する	4
発掘します	4
発掘しません	4
発掘しました	4
発掘しませんでした	4
発掘しましょう	4
発掘しない	4
発掘しなかった	4
発掘した	4
発掘して	4
発掘している	4
発掘しています	4
発掘していた	4
発掘していました	4
発掘してる	4
発掘してます	4
発揮する	3
発揮します	3
発揮しません	3
発揮しました	3
発揮しませんでした	3
発揮しましょう	3
発揮しない	3
発揮しなかった	3
発揮した	3
発揮して	3
発揮している	3
発揮しています	3
発揮していた	3
発揮していました	3
発揮してる	3
発揮してます	3
発散する	4
発散します	4
発散しません	4
発散しました	4
発散しませんでした	4
発散しましょう	4
発散しない	4
発散しなかった	4
発散した	4
発散して	4
発散している	4
発散しています	4
発散していた	4
発散していました	4
発散してる	4
発散してます	4
発明する	4
発明します	4
発明しません	4
発明しました	4
発明しませんでした	4
発明しましょう	4
発明しない	4
発明しなかった	4
発明した	4
発明して	4
発明している	4
発明しています	4
発明していた	4
発明していました	4
発明してる	4
発明してます	4
発案する	4
発案します	4
発案しません	4
発案しました	4
発案しませんでした	4
発案しましょう	4
発案しない	4
発案しなかった	4
発案した	4
発案して	4
発案している	4
発案しています	4
発案していた	4
発案していました	4
発案してる	4
発案してます	4
発汗する	4
発汗します	4
発汗しません	4
発汗しました	4
発汗しませんでした	4
発汗しましょう	4
発汗しない	4
発汗しなかった	4
発汗した	4
発汗して	4
発汗している	4
発汗しています	4
発汗していた	4
発汗していました	4
発汗してる	4
発汗してます	4
発注する	4
発注します	4
発注しません	4
発注しました	4
発注しませんでした	4
発注しましょう	4
発注しない	4
発注しなかった	4
発注した	4
発注して	4
発注している	4
発注しています	4
発注していた	4
発注していました	4
発注してる	4
発注してます	4
発火する	3
発火します	3
発火しません	3
発火しました	3
発火しませんでした	3
発火しましょう	3
発火しない	3
発火しなかった	3
発火した	3
発火して	3
発火している	3
発火しています	3
発火していた	3
発火していました	3
発火してる	3
発火してます	3
発熱する	4
発熱します	4
発熱しません	4
発熱しました	4
発熱しませんでした	4
発熱しましょう	4
発熱しない	4
発熱しなかった	4
発熱した	4
発熱して	4
発熱している	4
発熱しています	4
発熱していた	4
発熱していました	4
発熱してる	4
発熱してます	4
発生する	4
発生します	4
発生しません	4
発生しました	4
発生しませんでした	4
発生しましょう	4
発生しない	4
発生しなかった	4
発生した	4
発生して	4
発生している	4
発生しています	4
発生していた	4
発生していました	4
発生してる	4
発生してます	4
発病する	4
発病します	4
発病しません	4
発病しました	4
発病しませんでした	4
発病しましょう	4
発病しない	4
発病しなかった	4
発病した	4
発病して	4
発病している	4
発病しています	4
発病していた	4
発病していました	4
発病してる	4
発病してます	4
発症する	4
発症します	4
発症しません	4
発症しました	4
発症しませんでした	4
発症しましょう	4
発症しない	4
発症しなかった	4
発症した	4
発症して	4
発症している	4
発症しています	4
発症していた	4
発症していました	4
発症してる	4
発症してます	4
発着する	4
発着します	4
発着しません	4
発着しました	4
発着しませんでした	4
発着しましょう	4
発着しない	4
発着しなかった	4
発着した	4
発着して	4
発着している	4
発着しています	4
発着していた	4
発着していました	4
発着してる	4
発着してます	4
発砲する	4
発砲します	4
発砲しません	4
発砲しました	4
発砲しませんでした	4
発砲しましょう	4
発砲しない	4
発砲しなかった	4
発砲した	4
発砲して	4
発砲している	4
発砲しています	4
発砲していた	4
発砲していました	4
発砲してる	4
発砲してます	4
発祥する	4
発祥します	4
発祥しません	4
発祥しました	4
発祥しませんでした	4
発祥しましょう	4
発祥しない	4
発祥しなかった	4
発祥した	4
発祥して	4
発祥している	4
発祥しています	4
発祥していた	4
発祥していました	4
発祥してる	4
発祥してます	4
発給する	4
発給します	4
発給しません	4
発給しました	4
発給しませんでした	4
発給しましょう	4
発給しない	4
発給しなかった	4
発給した	4
発給して	4
発給している	4
発給しています	4
発給していた	4
発給していました	4
発給してる	4
発給してます	4
発育する	4
発育します	4
発育しません	4
発育しました	4
発育しませんでした	4
発育しましょう	4
発育しない	4
発育しなかった	4
発育した	4
発育して	4
発育している	4
発育しています	4
発育していた	4
発育していました	4
発育してる	4
発育してます	4
発芽する	3
発芽します	3
発芽しません	3
発芽しました	3
発芽しませんでした	3
発芽しましょう	3
発芽しない	3
発芽しなかった	3
発芽した	3
発芽して	3
発芽している	3
発芽しています	3
発芽していた	3
発芽していました	3
発芽してる	3
発芽してます	3
発行する	4
発行します	4
発行しません	4
発行しました	4
発行しませんでした	4
発行しましょう	4
発行しない	4
発行しなかった	4
発行した	4
発行して	4
発行している	4
発行しています	4
発行していた	4
発行していました	4
発行してる	4
発行してます	4
発表する	4
発表します	4
発表しません	4
発表しました	4
発表しませんでした	4
発表しましょう	4
発表しない	4
発表しなかった	4
発表した	4
発表して	4
発表している	4
発表しています	4
発表していた	4
発表していました	4
発表してる	4
発表してます	4
発見する	4
発見します	4
発見しません	4
発見しました	4
発見しませんでした	4
発見しましょう	4
発見しない	4
発見しなかった	4
発見した	4
発見して	4
発見している	4
発見しています	4
発見していた	4
発見していました	4
発見してる	4
発見してます	4
発覚する	4
発覚します	4
発覚しません	4
発覚しました	4
発覚しませんでした	4
発覚しましょう	4
発覚しない	4
発覚しなかった	4
発覚した	4
発覚して	4
発覚している	4
発覚しています	4
発覚していた	4
発覚していました	4
発覚してる	4
発覚してます	4
発言する	4
発言します	4
発言しません	4
発言しました	4
発言しませんでした	4
発言しましょう	4
発言しない	4
発言しなかった	4
発言した	4
発言して	4
発言している	4
発言しています	4
発言していた	4
発言していました	4
発言してる	4
発言してます	4
発足する	4
発足します	4
発足しません	4
発足しました	4
発足しませんでした	4
発足しましょう	4
発足しない	4
発足しなかった	4
発足した	4
発足して	4
発足している	4
発足しています	4
発足していた	4
発足していました	4
発足してる	4
発足してます	4
発車する	3
発車します	3
発車しません	3
発車しました	3
発車しませんでした	3
発車しましょう	3
発車しない	3
発車しなかった	3
発車した	3
発車して	3
発車している	3
発車しています	3
発車していた	3
発車していました	3
発車してる	3
発車してます	3
発送する	4
発送します	4
発送しません	4
発送しました	4
発送しませんでした	4
発送しましょう	4
発送しない	4
発送しなかった	4
発送した	4
発送して	4
発送している	4
発送しています	4
発送していた	4
発送していました	4
発送してる	4
発送してます	4
発達する	4
発達します	4
発達しません	4
発達しました	4
発達しませんでした	4
発達しましょう	4
発達しない	4
発達しなかった	4
発達した	4
発達して	4
発達している	4
発達しています	4
発達していた	4
発達していました	4
発達してる	4
発達してます	4
発酵する	4
発酵します	4
発酵しません	4
発酵しました	4
発酵しませんでした	4
発酵しましょう	4
発酵しない	4
発酵しなかった	4
発酵した	4
発酵して	4
発酵している	4
発酵しています	4
発酵していた	4
発酵していました	4
発酵してる	4
発酵してます	4
発電する	4
発電します	4
発電しません	4
発電しました	4
発電しませんでした	4
発電しましょう	4
発電しない	4
発電しなかった	4
発電した	4
発電して	4
発電している	4
発電しています	4
発電していた	4
発電していました	4
発電してる	4
発電してます	4
発音する	4
発音します	4
発音しません	4
発音しました	4
発音しませんでした	4
発音しましょう	4
発音しない	4
発音しなかった	4
発音した	4
発音して	4
発音している	4
発音しています	4
発音していた	4
発音していました	4
発音してる	4
発音してます	4
登場する	4
登場します	4
登場しません	4
登場しました	4
登場しませんでした	4
登場しましょう	4
登場しない	4
登場しなかった	4
登場した	4
登場して	4
登場している	4
登場しています	4
登場していた	4
登場していました	4
登場してる	4
登場してます	4
登山する	1
登山します	1
登山しません	1
登山しました	1
登山しませんでした	1
登山しましょう	1
登山しない	1
登山しなかった	1
登山した	1
登山して	1
登山している	1
登山しています	1
登山していた	1
登山していました	1
登山してる	1
登山してます	1
登板する	4
登板します	4
登板しません	4
登板しました	4
登板しませんでした	4
登板しましょう	4
登板しない	4
登板しなかった	4
登板した	4
登板して	4
登板している	4
登板しています	4
登板していた	4
登板していました	4
登板してる	4
登板してます	4
登校する	4
登校します	4
登校しません	4
登校しました	4
登校しませんでした	4
登校しましょう	4
登校しない	4
登校しなかった	4
登校した	4
登校して	4
登校している	4
登校しています	4
登校していた	4
登校していました	4
登校してる	4
登校してます	4
登用する	4
登用します	4
登用しません	4
登用しました	4
登用しませんでした	4
登用しましょう	4
登用しない	4
登用しなかった	4
登用した	4
登用して	4
登用している	4
登用しています	4
登用していた	4
登用していました	4
登用してる	4
登用してます	4
登記する	1
登記します	1
登記しません	1
登記しました	1
登記しませんでした	1
登記しましょう	1
登記しない	1
登記しなかった	1
登記した	1
登記して	1
登記している	1
登記しています	1
登記していた	1
登記していました	1
登記してる	1
登記してます	1
登載する	4
登載します	4
登載しません	4
登載しました	4
登載しませんでした	4
登載しましょう	4
登載しない	4
登載しなかった	4
登載した	4
登載して	4
登載している	4
登載しています	4
登載していた	4
登載していました	4
登載してる	4
登載してます	4
登録する	4
登録します	4
登録しません	4
登録しました	4
登録しませんでした	4
登録しましょう	4
登録しない	4
登録しなかった	4
登録した	4
登録して	4
登録している	4
登録しています	4
登録していた	4
登録していました	4
登録してる	4
登録してます	4
登頂する	4
登頂します	4
登頂しません	4
登頂しました	4
登頂しませんでした	4
登頂しましょう	4
登頂しない	4
登頂しなかった	4
登頂した	4
登頂して	4
登頂している	4
登頂しています	4
登頂していた	4
登頂していました	4
登頂してる	4
登頂してます	4
白熱する	4
白熱します	4
白熱しません	4
白熱しました	4
白熱しませんでした	4
白熱しましょう	4
白熱しない	4
白熱しなかった	4
白熱した	4
白熱して	4
白熱している	4
白熱しています	4
白熱していた	4
白熱していました	4
白熱してる	4
白熱してます	4
白状する	1
白状します	1
白状しません	1
白状しました	1
白状しませんでした	1
白状しましょう	1
白状しない	1
白状しなかった	1
白状した	1
白状して	1
白状している	1
白状しています	1
白状していた	1
白状していました	1
白状してる	1
白状してます	1
的中する	4
的中します	4
的中しません	4
的中しました	4
的中しませんでした	4
的中しましょう	4
的中しない	4
的中しなかった	4
的中した	4
的中して	4
的中している	4
的中しています	4
的中していた	4
的中していました	4
的中してる	4
的中してます	4
盗塁する	4
盗塁します	4
盗塁しません	4
盗塁しました	4
盗塁しませんでした	4
盗塁しましょう	4
盗塁しない	4
盗塁しなかった	4
盗塁した	4
盗塁して	4
盗塁している	4
盗塁しています	4
盗塁していた	4
盗塁していました	4
盗塁してる	4
盗塁してます	4
盗聴する	4
盗聴します	4
盗聴しません	4
盗聴しました	4
盗聴しませんでした	4
盗聴しましょう	4
盗聴しない	4
盗聴しなかった	4
盗聴した	4
盗聴して	4
盗聴している	4
盗聴しています	4
盗聴していた	4
盗聴していました	4
盗聴してる	4
盗聴してます	4
監修する	4
監修します	4
監修しません	4
監修しました	4
監修しませんでした	4
監修しましょう	4
監修しない	4
監修しなかった	4
監修した	4
監修して	4
監修している	4
監修しています	4
監修していた	4
監修していました	4
監修してる	4
監修してます	4
監察する	4
監察します	4
監察しません	4
監察しました	4
監察しませんでした	4
監察しましょう	4
監察しない	4
監察しなかった	4
監察した	4
監察して	4
監察している	4
監察しています	4
監察していた	4
監察していました	4
監察してる	4
監察してます	4
監査する	1
監査します	1
監査しません	1
監査しました	1
監査しませんでした	1
監査しましょう	1
監査しない	1
監査しなかった	1
監査した	1
監査して	1
監査している	1
監査しています	1
監査していた	1
監査していました	1
監査してる	1
監査してます	1
監理する	1
監理します	1
監理しません	1
監理しました	1
監理しませんでした	1
監理しましょう	1
監理しない	1
監理しなかった	1
監理した	1
監理して	1
監理している	1
監理しています	1
監理していた	1
監理していました	1
監理してる	1
監理してます	1
監督する	4
監督します	4
監督しません	4
監督しました	4
監督しませんでした	4
監督しましょう	4
監督しない	4
監督しなかった	4
監督した	4
監督して	4
監督している	4
監督しています	4
監督していた	4
監督していました	4
監督してる	4
監督してます	4
監禁する	4
監禁します	4
監禁しません	4
監禁しました	4
監禁しませんでした	4
監禁しましょう	4
監禁しない	4
監禁しなかった	4
監禁した	4
監禁して	4
監禁している	4
監禁しています	4
監禁していた	4
監禁していました	4
監禁してる	4
監禁してます	4
監視する	3
監視します	3
監視しません	3
監視しました	3
監視しませんでした	3
監視しましょう	3
監視しない	3
監視しなかった	3
監視した	3
監視して	3
監視している	3
監視しています	3
監視していた	3
監視していました	3
監視してる	3
監視してます	3
目撃する	4
目撃します	4
目撃しません	4
目撃しました	4
目撃しませんでした	4
目撃しましょう	4
目撃しない	4
目撃しなかった	4
目撃した	4
目撃して	4
目撃している	4
目撃しています	4
目撃していた	4
目撃していました	4
目撃してる	4
目撃してます	4
目減りする	3
目減りします	3
目減りしません	3
目減りしました	3
目減りしませんでした	3
目減りしましょう	3
目減りしない	3
目減りしなかった	3
目減りした	3
目減りして	3
目減りしている	3
目減りしています	3
目減りしていた	3
目減りしていました	3
目減りしてる	3
目減りしてます	3
直下する	1
直下します	1
直下しません	1
直下しました	1
直下しませんでした	1
直下しましょう	1
直下しない	1
直下しなかった	1
直下した	1
直下して	1
直下している	1
直下しています	1
直下していた	1
直下していました	1
直下してる	1
直下してます	1
直営する	4
直営します	4
直営しません	4
直営しました	4
直営しませんでした	4
直営しましょう	4
直営しない	4
直営しなかった	4
直営した	4
直営して	4
直営している	4
直営しています	4
直営していた	4
直営していました	4
直営してる	4
直営してます	4
直属する	4
直属します	4
直属しません	4
直属しました	4
直属しませんでした	4
直属しましょう	4
直属しない	4
直属しなかった	4
直属した	4
直属して	4
直属している	4
直属しています	4
直属していた	4
直属していました	4
直属してる	4
直属してます	4
直感する	4
直感します	4
直感しません	4
直感しました	4
直感しませんでした	4
直感しましょう	4
直感しない	4
直感しなかった	4
直感した	4
直感して	4
直感している	4
直感しています	4
直感していた	4
直感していました	4
直感してる	4
直感してます	4
直撃する	4
直撃します	4
直撃しません	4
直撃しました	4
直撃しませんでした	4
直撃しましょう	4
直撃しない	4
直撃しなかった	4
直撃した	4
直撃して	4
直撃している	4
直撃しています	4
直撃していた	4
直撃していました	4
直撃してる	4
直撃してます	4
直行する	4
直行します	4
直行しません	4
直行しました	4
直行しませんでした	4
直行しましょう	4
直行しない	4
直行しなかった	4
直行した	4
直行して	4
直行している	4
直行しています	4
直行していた	4
直行していました	4
直行してる	4
直行してます	4
直視する	1
直視します	1
直視しません	1
直視しました	1
直視しませんでした	1
直視しましょう	1
直視しない	1
直視しなかった	1
直視した	1
直視して	1
直視している	1
直視しています	1
直視していた	1
直視していました	1
直視してる	1
直視してます	1
直轄する	4
直轄します	4
直轄しません	4
直轄しました	4
直轄しませんでした	4
直轄しましょう	4
直轄しない	4
直轄しなかった	4
直轄した	4
直轄して	4
直轄している	4
直轄しています	4
直轄していた	4
直轄していました	4
直轄してる	4
直轄してます	4
直通する	4
直通します	4
直通しません	4
直通しました	4
直通しませんでした	4
直通しましょう	4
直通しない	4
直通しなかった	4
直通した	4
直通して	4
直通している	4
直通しています	4
直通していた	4
直通していました	4
直通してる	4
直通してます	4
直進する	4
直進します	4
直進しません	4
直進しました	4
直進しませんでした	4
直進しましょう	4
直進しない	4
直進しなかった	4
直進した	4
直進して	4
直進している	4
直進しています	4
直進していた	4
直進していました	4
直進してる	4
直進してます	4
直面する	4
直面します	4
直面しません	4
直面しました	4
直面しませんでした	4
直面しましょう	4
直面しない	4
直面しなかった	4
直面した	4
直面して	4
直面している	4
直面しています	4
直面していた	4
直面していました	4
直面してる	4
直面してます	4
相乗する	4
相乗します	4
相乗しません	4
相乗しました	4
相乗しませんでした	4
相乗しましょう	4
相乗しない	4
相乗しなかった	4
相乗した	4
相乗して	4
相乗している	4
相乗しています	4
相乗していた	4
相乗していました	4
相乗してる	4
相乗してます	4
相乗りする	4
相乗りします	4
相乗りしません	4
相乗りしました	4
相乗りしませんでした	4
相乗りしましょう	4
相乗りしない	4
相乗りしなかった	4
相乗りした	4
相乗りして	4
相乗りしている	4
相乗りしています	4
相乗りしていた	4
相乗りしていました	4
相乗りしてる	4
相乗りしてます	4
相対します	4
相対しません	4
相対しました	4
相対しませんでした	4
相対しましょう	4
相対しない	4
相対しなかった	4
相対した	4
相対して	4
相対している	4
相対しています	4
相対していた	4
相対していました	4
相対してる	4
相対してます	4
相当する	4
相当します	4
相当しません	4
相当しました	4
相当しませんでした	4
相当しましょう	4
相当しない	4
相当しなかった	4
相当した	4
相当して	4
相当している	4
相当しています	4
相当していた	4
相当していました	4
相当してる	4
相当してます	4
相応する	4
相応します	4
相応しません	4
相応しました	4
相応しませんでした	4
相応しましょう	4
相応しない	4
相応しなかった	4
相応した	4
相応して	4
相応している	4
相応しています	4
相応していた	4
相応していました	4
相応してる	4
相応してます	4
相殺する	4
相殺します	4
相殺しません	4
相殺しました	4
相殺しませんでした	4
相殺しましょう	4
相殺しない	4
相殺しなかった	4
相殺した	4
相殺して	4
相殺している	4
相殺しています	4
相殺していた	4
相殺していました	4
相殺してる	4
相殺してます	4
相続する	4
相続します	4
相続しません	4
相続しました	4
相続しませんでした	4
相続しましょう	4
相続しない	4
相続しなかった	4
相続した	4
相続して	4
相続している	4
相続しています	4
相続していた	4
相続していました	4
相続してる	4
相続してます	4
相談する	4
相談します	4
相談しません	4
相談しました	4
相談しませんでした	4
相談しましょう	4
相談しない	4
相談しなかった	4
相談した	4
相談して	4
相談している	4
相談しています	4
相談していた	4
相談していました	4
相談してる	4
相談してます	4
相違する	3
相違します	3
相違しません	3
相違しました	3
相違しませんでした	3
相違しましょう	3
相違しない	3
相違しなかった	3
相違した	3
相違して	3
相違している	3
相違しています	3
相違していた	3
相違していました	3
相違してる	3
相違してます	3
相関する	4
相関します	4
相関しません	4
相関しました	4
相関しませんでした	4
相関しましょう	4
相関しない	4
相関しなかった	4
相関した	4
相関して	4
相関している	4
相関しています	4
相関していた	4
相関していました	4
相関してる	4
相関してます	4
省力する	4
省力します	4
省力しません	4
省力しました	4
省力しませんでした	4
省力しましょう	4
省力しない	4
省力しなかった	4
省力した	4
省力して	4
省力している	4
省力しています	4
省力していた	4
省力していました	4
省力してる	4
省力してます	4
省略する	4
省略します	4
省略しません	4
省略しました	4
省略しませんでした	4
省略しましょう	4
省略しない	4
省略しなかった	4
省略した	4
省略して	4
省略している	4
省略しています	4
省略していた	4
省略していました	4
省略してる	4
省略してます	4
看病する	1
看病します	1
看病しません	1
看病しました	1
看病しませんでした	1
看病しましょう	1
看病しない	1
看病しなかった	1
看病した	1
看病して	1
看病している	1
看病しています	1
看病していた	1
看病していました	1
看病してる	1
看病してます	1
看護する	1
看護します	1
看護しません	1
看護しました	1
看護しませんでした	1
看護しましょう	1
看護しない	1
看護しなかった	1
看護した	1
看護して	1
看護している	1
看護しています	1
看護していた	1
看護していました	1
看護してる	1
看護してます	1
看過する	1
看過します	1
看過しません	1
看過しました	1
看過しませんでした	1
看過しましょう	1
看過しない	1
看過しなかった	1
看過した	1
看過して	1
看過している	1
看過しています	1
看過していた	1
看過していました	1
看過してる	1
看過してます	1
真似する	2
真似します	2
真似しません	2
真似しました	2
真似しませんでした	2
真似しましょう	2
真似しない	2
真似しなかった	2
真似した	2
真似して	2
真似している	2
真似しています	2
真似していた	2
真似していました	2
真似してる	2
真似してます	2
着地する	3
着地します	3
着地しません	3
着地しました	3
着地しませんでした	3
着地しましょう	3
着地しない	3
着地しなかった	3
着地した	3
着地して	3
着地している	3
着地しています	3
着地していた	3
着地していました	3
着地してる	3
着地してます	3
着工する	4
着工します	4
着工しません	4
着工しました	4
着工しませんでした	4
着工しましょう	4
着工しない	4
着工しなかった	4
着工した	4
着工して	4
着工している	4
着工しています	4
着工していた	4
着工していました	4
着工してる	4
着工してます	4
着席する	4
着席します	4
着席しません	4
着席しました	4
着席しませんでした	4
着席しましょう	4
着席しない	4
着席しなかった	4
着席した	4
着席して	4
着席している	4
着席しています	4
着席していた	4
着席していました	4
着席してる	4
着席してます	4
着手する	1
着手します	1
着手しません	1
着手しました	1
着手しませんでした	1
着手しましょう	1
着手しない	1
着手しなかった	1
着手した	1
着手して	1
着手している	1
着手しています	1
着手していた	1
着手していました	1
着手してる	1
着手してます	1
着替えする	3
着替えします	3
着替えしません	3
着替えしました	3
着替えしませんでした	3
着替えしましょう	3
着替えしない	3
着替えしなかった	3
着替えした	3
着替えして	3
着替えしている	3
着替えしています	3
着替えしていた	3
着替えしていました	3
着替えしてる	3
着替えしてます	3
着用する	4
着用します	4
着用しません	4
着用しました	4
着用しませんでした	4
着用しましょう	4
着用しない	4
着用しなかった	4
着用した	4
着用して	4
着用している	4
着用しています	4
着用していた	4
着用していました	4
着用してる	4
着用してます	4
着目する	4
着目します	4
着目しません	4
着目しました	4
着目しませんでした	4
着目しましょう	4
着目しない	4
着目しなかった	4
着目した	4
着目して	4
着目している	4
着目しています	4
着目していた	4
着目していました	4
着目してる	4
着目してます	4
着色する	4
着色します	4
着色しません	4
着色しました	4
着色しませんでした	4
着色しましょう	4
着色しない	4
着色しなかった	4
着色した	4
着色して	4
着色している	4
着色しています	4
着色していた	4
着色していました	4
着色してる	4
着色してます	4
着衣する	1
着衣します	1
着衣しません	1
着衣しました	1
着衣しませんでした	1
着衣しましょう	1
着衣しない	1
着衣しなかった	1
着衣した	1
着衣して	1
着衣している	1
着衣しています	1
着衣していた	1
着衣していました	1
着衣してる	1
着衣してます	1
着陸する	4
着陸します	4
着陸しません	4
着陸しました	4
着陸しませんでした	4
着陸しましょう	4
着陸しない	4
着陸しなかった	4
着陸した	4
着陸して	4
着陸している	4
着陸しています	4
着陸していた	4
着陸していました	4
着陸してる	4
着陸してます	4
督促する	4
督促します	4
督促しません	4
督促しました	4
督促しませんでした	4
督促しましょう	4
督促しない	4
督促しなかった	4
督促した	4
督促して	4
督促している	4
督促しています	4
督促していた	4
督促していました	4
督促してる	4
督促してます	4
矛盾する	3
矛盾します	3
矛盾しません	3
矛盾しました	3
矛盾しませんでした	3
矛盾しましょう	3
矛盾しない	3
矛盾しなかった	3
矛盾した	3
矛盾して	3
矛盾している	3
矛盾しています	3
矛盾していた	3
矛盾していました	3
矛盾してる	3
矛盾してます	3
知らん顔する	2
知らん顔します	2
知らん顔しません	2
知らん顔しました	2
知らん顔しませんでした	2
知らん顔しましょう	2
知らん顔しない	2
知らん顔しなかった	2
知らん顔した	2
知らん顔して	2
知らん顔している	2
知らん顔しています	2
知らん顔していた	2
知らん顔していました	2
知らん顔してる	2
知らん顔してます	2
知覚する	3
知覚します	3
知覚しません	3
知覚しました	3
知覚しませんでした	3
知覚しましょう	3
知覚しない	3
知覚しなかった	3
知覚した	3
知覚して	3
知覚している	3
知覚しています	3
知覚していた	3
知覚していました	3
知覚してる	3
知覚してます	3
短絡する	4
短絡します	4
短絡しません	4
短絡しました	4
短絡しませんでした	4
短絡しましょう	4
短絡しない	4
短絡しなかった	4
短絡した	4
短絡して	4
短絡している	4
短絡しています	4
短絡していた	4
短絡していました	4
短絡してる	4
短絡してます	4
短縮する	4
短縮します	4
短縮しません	4
短縮しました	4
短縮しませんでした	4
短縮しましょう	4
短縮しない	4
短縮しなかった	4
短縮した	4
短縮して	4
短縮している	4
短縮しています	4
短縮していた	4
短縮していました	4
短縮してる	4
短縮してます	4
矯正する	4
矯正します	4
矯正しません	4
矯正しました	4
矯正しませんでした	4
矯正しましょう	4
矯正しない	4
矯正しなかった	4
矯正した	4
矯正して	4
矯正している	4
矯正しています	4
矯正していた	4
矯正していました	4
矯正してる	4
矯正してます	4
研修する	4
研修します	4
研修しません	4
研修しました	4
研修しませんでした	4
研修しましょう	4
研修しない	4
研修しなかった	4
研修した	4
研修して	4
研修している	4
研修しています	4
研修していた	4
研修していました	4
研修してる	4
研修してます	4
研究する	4
研究します	4
研究しません	4
研究しました	4
研究しませんでした	4
研究しましょう	4
研究しない	4
研究しなかった	4
研究した	4
研究して	4
研究している	4
研究しています	4
研究していた	4
研究していました	4
研究してる	4
研究してます	4
砲撃する	4
砲撃します	4
砲撃しません	4
砲撃しました	4
砲撃しませんでした	4
砲撃しましょう	4
砲撃しない	4
砲撃しなかった	4
砲撃した	4
砲撃して	4
砲撃している	4
砲撃しています	4
砲撃していた	4
砲撃していました	4
砲撃してる	4
砲撃してます	4
破壊する	3
破壊します	3
破壊しません	3
破壊しました	3
破壊しませんでした	3
破壊しましょう	3
破壊しない	3
破壊しなかった	3
破壊した	3
破壊して	3
破壊している	3
破壊しています	3
破壊していた	3
破壊していました	3
破壊してる	3
破壊してます	3
破局する	3
破局します	3
破局しません	3
破局しました	3
破局しませんでした	3
破局しましょう	3
破局しない	3
破局しなかった	3
破局した	3
破局して	3
破局している	3
破局しています	3
破局していた	3
破局していました	3
破局してる	3
破局してます	3
破損する	3
破損します	3
破損しません	3
破損しました	3
破損しませんでした	3
破損しましょう	3
破損しない	3
破損しなかった	3
破損した	3
破損して	3
破損している	3
破損しています	3
破損していた	3
破損していました	3
破損してる	3
破損してます	3
破棄する	1
破棄します	1
破棄しません	1
破棄しました	1
破棄しませんでした	1
破棄しましょう	1
破棄しない	1
破棄しなかった	1
破棄した	1
破棄して	1
破棄している	1
破棄しています	1
破棄していた	1
破棄していました	1
破棄してる	1
破棄してます	1
破滅する	3
破滅します	3
破滅しません	3
破滅しました	3
破滅しませんでした	3
破滅しましょう	3
破滅しない	3
破滅しなかった	3
破滅した	3
破滅して	3
破滅している	3
破滅しています	3
破滅していた	3
破滅していました	3
破滅してる	3
破滅してます	3
破産する	3
破産します	3
破産しません	3
破産しました	3
破産しませんでした	3
破産しましょう	3
破産しない	3
破産しなかった	3
破産した	3
破産して	3
破産している	3
破産しています	3
破産していた	3
破産していました	3
破産してる	3
破産してます	3
破綻する	3
破綻します	3
破綻しません	3
破綻しました	3
破綻しませんでした	3
破綻しましょう	3
破綻しない	3
破綻しなかった	3
破綻した	3
破綻して	3
破綻している	3
破綻しています	3
破綻していた	3
破綻していました	3
破綻してる	3
破綻してます	3
破裂する	3
破裂します	3
破裂しません	3
破裂しました	3
破裂しませんでした	3
破裂しましょう	3
破裂しない	3
破裂しなかった	3
破裂した	3
破裂して	3
破裂している	3
破裂しています	3
破裂していた	3
破裂していました	3
破裂してる	3
破裂してます	3
硬化する	3
硬化します	3
硬化しません	3
硬化しました	3
硬化しませんでした	3
硬化しましょう	3
硬化しない	3
硬化しなかった	3
硬化した	3
硬化して	3
硬化している	3
硬化しています	3
硬化していた	3
硬化していました	3
硬化してる	3
硬化してます	3
硬直する	4
硬直します	4
硬直しません	4
硬直しました	4
硬直しませんでした	4
硬直しましょう	4
硬直しない	4
硬直しなかった	4
硬直した	4
硬直して	4
硬直している	4
硬直しています	4
硬直していた	4
硬直していました	4
硬直してる	4
硬直してます	4
確りする	3
確りします	3
確りしません	3
確りしました	3
確りしませんでした	3
確りしましょう	3
確りしない	3
確りしなかった	3
確りした	3
確りして	3
確りしている	3
確りしています	3
確りしていた	3
確りしていました	3
確りしてる	3
確りしてます	3
確保する	1
確保します	1
確保しません	1
確保しました	1
確保しませんでした	1
確保しましょう	1
確保しない	1
確保しなかった	1
確保した	1
確保して	1
確保している	1
確保しています	1
確保していた	1
確保していました	1
確保してる	1
確保してます	1
確信する	4
確信します	4
確信しません	4
確信しました	4
確信しませんでした	4
確信しましょう	4
確信しない	4
確信しなかった	4
確信した	4
確信して	4
確信している	4
確信しています	4
確信していた	4
確信していました	4
確信してる	4
確信してます	4
確執する	4
確執します	4
確執しません	4
確執しました	4
確執しませんでした	4
確執しましょう	4
確執しない	4
確執しなかった	4
確執した	4
確執して	4
確執している	4
確執しています	4
確執していた	4
確執していました	4
確執してる	4
確執してます	4
確定する	4
確定します	4
確定しません	4
確定しました	4
確定しませんでした	4
確定しましょう	4
確定しない	4
確定しなかった	4
確定した	4
確定して	4
確定している	4
確定しています	4
確定していた	4
確定していました	4
確定してる	4
確定してます	4
確立する	4
確立します	4
確立しません	4
確立しました	4
確立しませんでした	4
確立しましょう	4
確立しない	4
確立しなかった	4
確立した	4
確立して	4
確立している	4
確立しています	4
確立していた	4
確立していました	4
確立してる	4
確立してます	4
確約する	4
確約します	4
確約しません	4
確約しました	4
確約しませんでした	4
確約しましょう	4
確約しない	4
確約しなかった	4
確約した	4
確約して	4
確約している	4
確約しています	4
確約していた	4
確約していました	4
確約してる	4
確約してます	4
確認する	4
確認します	4
確認しません	4
確認しました	4
確認しませんでした	4
確認しましょう	4
確認しない	4
確認しなかった	4
確認した	4
確認して	4
確認している	4
確認しています	4
確認していた	4
確認していました	4
確認してる	4
確認してます	4
示唆する	1
示唆します	1
示唆しません	1
示唆しました	1
示唆しませんでした	1
示唆しましょう	1
示唆しない	1
示唆しなかった	1
示唆した	1
示唆して	1
示唆している	1
示唆しています	1
示唆していた	1
示唆していました	1
示唆してる	1
示唆してます	1
示談する	1
示談します	1
示談しません	1
示談しました	1
示談しませんでした	1
示談しましょう	1
示談しない	1
示談しなかった	1
示談した	1
示談して	1
示談している	1
示談しています	1
示談していた	1
示談していました	1
示談してる	1
示談してます	1
礼拝する	4
礼拝します	4
礼拝しません	4
礼拝しました	4
礼拝しませんでした	4
礼拝しましょう	4
礼拝しない	4
礼拝しなかった	4
礼拝した	4
礼拝して	4
礼拝している	4
礼拝しています	4
礼拝していた	4
礼拝していました	4
礼拝してる	4
礼拝してます	4
社会復帰する	4
社会復帰します	4
社会復帰しません	4
社会復帰しました	4
社会復帰しませんでした	4
社会復帰しましょう	4
社会復帰しない	4
社会復帰しなかった	4
社会復帰した	4
社会復帰して	4
社会復帰している	4
社会復帰しています	4
社会復帰していた	4
社会復帰していました	4
社会復帰してる	4
社会復帰してます	4
祈念する	3
祈念します	3
祈念しません	3
祈念しました	3
祈念しませんでした	3
祈念しましょう	3
祈念しない	3
祈念しなかった	3
祈念した	3
祈念して	3
祈念している	3
祈念しています	3
祈念していた	3
祈念していました	3
祈念してる	3
祈念してます	3
祈願する	1
祈願します	1
祈願しません	1
祈願しました	1
祈願しませんでした	1
祈願しましょう	1
祈願しない	1
祈願しなかった	1
祈願した	1
祈願して	1
祈願している	1
祈願しています	1
祈願していた	1
祈願していました	1
祈願してる	1
祈願してます	1
祝福する	4
祝福します	4
祝福しません	4
祝福しました	4
祝福しませんでした	4
祝福しましょう	4
祝福しない	4
祝福しなかった	4
祝福した	4
祝福して	4
祝福している	4
祝福しています	4
祝福していた	4
祝福していました	4
祝福してる	4
祝福してます	4
祝賀する	3
祝賀します	3
祝賀しません	3
祝賀しました	3
祝賀しませんでした	3
祝賀しましょう	3
祝賀しない	3
祝賀しなかった	3
祝賀した	3
祝賀して	3
祝賀している	3
祝賀しています	3
祝賀していた	3
祝賀していました	3
祝賀してる	3
祝賀してます	3
禁止する	3
禁止します	3
禁止しません	3
禁止しました	3
禁止しませんでした	3
禁止しましょう	3
禁止しない	3
禁止しなかった	3
禁止した	3
禁止して	3
禁止している	3
禁止しています	3
禁止していた	3
禁止していました	3
禁止してる	3
禁止してます	3
禁輸する	3
禁輸します	3
禁輸しません	3
禁輸しました	3
禁輸しませんでした	3
禁輸しましょう	3
禁輸しない	3
禁輸しなかった	3
禁輸した	3
禁輸して	3
禁輸している	3
禁輸しています	3
禁輸していた	3
禁輸していました	3
禁輸してる	3
禁輸してます	3
禁酒する	3
禁酒します	3
禁酒しません	3
禁酒しました	3
禁酒しませんでした	3
禁酒しましょう	3
禁酒しない	3
禁酒しなかった	3
禁酒した	3
禁酒して	3
禁酒している	3
禁酒しています	3
禁酒していた	3
禁酒していました	3
禁酒してる	3
禁酒してます	3
禁錮する	1
禁錮します	1
禁錮しません	1
禁錮しました	1
禁錮しませんでした	1
禁錮しましょう	1
禁錮しない	1
禁錮しなかった	1
禁錮した	1
禁錮して	1
禁錮している	1
禁錮しています	1
禁錮していた	1
禁錮していました	1
禁錮してる	1
禁錮してます	1
私有する	3
私有します	3
私有しません	3
私有しました	3
私有しませんでした	3
私有しましょう	3
私有しない	3
私有しなかった	3
私有した	3
私有して	3
私有している	3
私有しています	3
私有していた	3
私有していました	3
私有してる	3
私有してます	3
私用する	3
私用します	3
私用しません	3
私用しました	3
私用しませんでした	3
私用しましょう	3
私用しない	3
私用しなかった	3
私用した	3
私用して	3
私用している	3
私用しています	3
私用していた	3
私用していました	3
私用してる	3
私用してます	3
私設する	3
私設します	3
私設しません	3
私設しました	3
私設しませんでした	3
私設しましょう	3
私設しない	3
私設しなかった	3
私設した	3
私設して	3
私設している	3
私設しています	3
私設していた	3
私設していました	3
私設してる	3
私設してます	3
私語する	2
私語します	2
私語しません	2
私語しました	2
私語しませんでした	2
私語しましょう	2
私語しない	2
私語しなかった	2
私語した	2
私語して	2
私語している	2
私語しています	2
私語していた	2
私語していました	2
私語してる	2
私語してます	2
科するする	2
科するします	5
科するしません	6
科するしました	5
科するしませんでした	6
科するしましょう	6
科するしない	4
科するしなかった	4
科するした	2
科するして	2
科するしている	2
科するしています	2
科するしていた	2
科するしていました	2
科するしてる	2
科するしてます	2
科学する	1
科学します	1
科学しません	1
科学しました	1
科学しませんでした	1
科学しましょう	1
科学しない	1
科学しなかった	1
科学した	1
科学して	1
科学している	1
科学しています	1
科学していた	1
科学していました	1
科学してる	1
科学してます	1
称するする	3
称するします	6
称するしません	7
称するしました	6
称するしませんでした	7
称するしましょう	7
称するしない	5
称するしなかった	5
称するした	3
称するして	3
称するしている	3
称するしています	3
称するしていた	3
称するしていました	3
称するしてる	3
称するしてます	3
移住する	3
移住します	3
移住しません	3
移住しました	3
移住しませんでした	3
移住しましょう	3
移住しない	3
移住しなかった	3
移住した	3
移住して	3
移住している	3
移住しています	3
移住していた	3
移住していました	3
移住してる	3
移住してます	3
移動する	3
移動します	3
移動しません	3
移動しました	3
移動しませんでした	3
移動しましょう	3
移動しない	3
移動しなかった	3
移動した	3
移動して	3
移動している	3
移動しています	3
移動していた	3
移動していました	3
移動してる	3
移動してます	3
移植する	3
移植します	3
移植しません	3
移植しました	3
移植しませんでした	3
移植しましょう	3
移植しない	3
移植しなかった	3
移植した	3
移植して	3
移植している	3
移植しています	3
移植していた	3
移植していました	3
移植してる	3
移植してます	3
移民する	3
移民します	3
移民しません	3
移民しました	3
移民しませんでした	3
移民しましょう	3
移民しない	3
移民しなかった	3
移民した	3
移民して	3
移民している	3
移民しています	3
移民していた	3
移民していました	3
移民してる	3
移民してます	3
移管する	3
移管します	3
移管しません	3
移管しました	3
移管しませんでした	3
移管しましょう	3
移管しない	3
移管しなかった	3
移管した	3
移管して	3
移管している	3
移管しています	3
移管していた	3
移管していました	3
移管してる	3
移管してます	3
移籍する	3
移籍します	3
移籍しません	3
移籍しました	3
移籍しませんでした	3
移籍しましょう	3
移籍しない	3
移籍しなかった	3
移籍した	3
移籍して	3
移籍している	3
移籍しています	3
移籍していた	3
移籍していました	3
移籍してる	3
移籍してます	3
移行する	3
移行します	3
移行しません	3
移行しました	3
移行しませんでした	3
移行しましょう	3
移行しない	3
移行しなかった	3
移行した	3
移行して	3
移行している	3
移行しています	3
移行していた	3
移行していました	3
移行してる	3
移行してます	3
移譲する	3
移譲します	3
移譲しません	3
移譲しました	3
移譲しませんでした	3
移譲しましょう	3
移譲しない	3
移譲しなかった	3
移譲した	3
移譲して	3
移譲している	3
移譲しています	3
移譲していた	3
移譲していました	3
移譲してる	3
移譲してます	3
移転する	3
移転します	3
移転しません	3
移転しました	3
移転しませんでした	3
移転しましょう	3
移転しない	3
移転しなかった	3
移転した	3
移転して	3
移転している	3
移転しています	3
移転していた	3
移転していました	3
移転してる	3
移転してます	3
移送する	3
移送します	3
移送しません	3
移送しました	3
移送しませんでした	3
移送しましょう	3
移送しない	3
移送しなかった	3
移送した	3
移送して	3
移送している	3
移送しています	3
移送していた	3
移送していました	3
移送してる	3
移送してます	3
種別する	1
種別します	1
種別しません	1
種別しました	1
種別しませんでした	1
種別しましょう	1
種別しない	1
種別しなかった	1
種別した	1
種別して	1
種別している	1
種別しています	1
種別していた	1
種別していました	1
種別してる	1
種別してます	1
稼働する	3
稼働します	3
稼働しません	3
稼働しました	3
稼働しませんでした	3
稼働しましょう	3
稼働しない	3
稼働しなかった	3
稼働した	3
稼働して	3
稼働している	3
稼働しています	3
稼働していた	3
稼働していました	3
稼働してる	3
稼働してます	3
稽古する	1
稽古します	1
稽古しません	1
稽古しました	1
稽古しませんでした	1
稽古しましょう	1
稽古しない	1
稽古しなかった	1
稽古した	1
稽古して	1
稽古している	1
稽古しています	1
稽古していた	1
稽古していました	1
稽古してる	1
稽古してます	1
稿する	1
稿します	1
稿しません	1
稿しました	1
稿しませんでした	1
稿しましょう	1
稿しない	1
稿しなかった	1
稿した	1
稿して	1
稿している	1
稿しています	1
稿していた	1
稿していました	1
稿してる	1
稿してます	1
積ん読する	4
積ん読します	4
積ん読しません	4
積ん読しました	4
積ん読しませんでした	4
積ん読しましょう	4
積ん読しない	4
積ん読しなかった	4
積ん読した	4
積ん読して	4
積ん読している	4
積ん読しています	4
積ん読していた	4
積ん読していました	4
積ん読してる	4
積ん読してます	4
積算する	4
積算します	4
積算しません	4
積算しました	4
積算しませんでした	4
積算しましょう	4
積算しない	4
積算しなかった	4
積算した	4
積算して	4
積算している	4
積算しています	4
積算していた	4
積算していました	4
積算してる	4
積算してます	4
積載する	4
積載します	4
積載しません	4
積載しました	4
積載しませんでした	4
積載しましょう	4
積載しない	4
積載しなかった	4
積載した	4
積載して	4
積載している	4
積載しています	4
積載していた	4
積載していました	4
積載してる	4
積載してます	4
積雪する	4
積雪します	4
積雪しません	4
積雪しました	4
積雪しませんでした	4
積雪しましょう	4
積雪しない	4
積雪しなかった	4
積雪した	4
積雪して	4
積雪している	4
積雪しています	4
積雪していた	4
積雪していました	4
積雪してる	4
積雪してます	4
穴埋めする	4
穴埋めします	4
穴埋めしません	4
穴埋めしました	4
穴埋めしませんでした	4
穴埋めしましょう	4
穴埋めしない	4
穴埋めしなかった	4
穴埋めした	4
穴埋めして	4
穴埋めしている	4
穴埋めしています	4
穴埋めしていた	4
穴埋めしていました	4
穴埋めしてる	4
穴埋めしてます	4
究明する	4
究明します	4
究明しません	4
究明しました	4
究明しませんでした	4
究明しましょう	4
究明しない	4
究明しなかった	4
究明した	4
究明して	4
究明している	4
究明しています	4
究明していた	4
究明していました	4
究明してる	4
究明してます	4
究極する	4
究極します	4
究極しません	4
究極しました	4
究極しませんでした	4
究極しましょう	4
究極しない	4
究極しなかった	4
究極した	4
究極して	4
究極している	4
究極しています	4
究極していた	4
究極していました	4
究極してる	4
究極してます	4
空想する	4
空想します	4
空想しません	4
空想しました	4
空想しませんでした	4
空想しましょう	4
空想しない	4
空想しなかった	4
空想した	4
空想して	4
空想している	4
空想しています	4
空想していた	4
空想していました	4
空想してる	4
空想してます	4
空振りする	4
空振りします	4
空振りしません	4
空振りしました	4
空振りしませんでした	4
空振りしましょう	4
空振りしない	4
空振りしなかった	4
空振りした	4
空振りして	4
空振りしている	4
空振りしています	4
空振りしていた	4
空振りしていました	4
空振りしてる	4
空振りしてます	4
空爆する	4
空爆します	4
空爆しません	4
空爆しました	4
空爆しませんでした	4
空爆しましょう	4
空爆しない	4
空爆しなかった	4
空爆した	4
空爆して	4
空爆している	4
空爆しています	4
空爆していた	4
空爆していました	4
空爆してる	4
空爆してます	4
空襲する	4
空襲します	4
空襲しません	4
空襲しました	4
空襲しませんでした	4
空襲しましょう	4
空襲しない	4
空襲しなかった	4
空襲した	4
空襲して	4
空襲している	4
空襲しています	4
空襲していた	4
空襲していました	4
空襲してる	4
空襲してます	4
空転する	4
空転します	4
空転しません	4
空転しました	4
空転しませんでした	4
空転しましょう	4
空転しない	4
空転しなかった	4
空転した	4
空転して	4
空転している	4
空転しています	4
空転していた	4
空転していました	4
空転してる	4
空転してます	4
空輸する	3
空輸します	3
空輸しません	3
空輸しました	3
空輸しませんでした	3
空輸しましょう	3
空輸しない	3
空輸しなかった	3
空輸した	3
空輸して	3
空輸している	3
空輸しています	3
空輸していた	3
空輸していました	3
空輸してる	3
空輸してます	3
突入する	4
突入します	4
突入しません	4
突入しました	4
突入しませんでした	4
突入しましょう	4
突入しない	4
突入しなかった	4
突入した	4
突入して	4
突入している	4
突入しています	4
突入していた	4
突入していました	4
突入してる	4
突入してます	4
突出する	4
突出します	4
突出しません	4
突出しました	4
突出しませんでした	4
突出しましょう	4
突出しない	4
突出しなかった	4
突出した	4
突出して	4
突出している	4
突出しています	4
突出していた	4
突出していました	4
突出してる	4
突出してます	4
突破する	3
突破します	3
突破しません	3
突破しました	3
突破しませんでした	3
突破しましょう	3
突破しない	3
突破しなかった	3
突破した	3
突破して	3
突破している	3
突破しています	3
突破していた	3
突破していました	3
突破してる	3
突破してます	3
突起する	3
突起します	3
突起しません	3
突起しました	3
突起しませんでした	3
突起しましょう	3
突起しない	3
突起しなかった	3
突起した	3
突起して	3
突起している	3
突起しています	3
突起していた	3
突起していました	3
突起してる	3
突起してます	3
突進する	4
突進します	4
突進しません	4
突進しました	4
突進しませんでした	4
突進しましょう	4
突進しない	4
突進しなかった	4
突進した	4
突進して	4
突進している	4
突進しています	4
突進していた	4
突進していました	4
突進してる	4
突進してます	4
窃盗する	4
窃盗します	4
窃盗しません	4
窃盗しました	4
窃盗しませんでした	4
窃盗しましょう	4
窃盗しない	4
窃盗しなかった	4
窃盗した	4
窃盗して	4
窃盗している	4
窃盗しています	4
窃盗していた	4
窃盗していました	4
窃盗してる	4
窃盗してます	4
窒息する	4
窒息します	4
窒息しません	4
窒息しました	4
窒息しませんでした	4
窒息しましょう	4
窒息しない	4
窒息しなかった	4
窒息した	4
窒息して	4
窒息している	4
窒息しています	4
窒息していた	4
窒息していました	4
窒息してる	4
窒息してます	4
立ち入りする	4
立ち入りします	4
立ち入りしません	4
立ち入りしました	4
立ち入りしませんでした	4
立ち入りしましょう	4
立ち入りしない	5
立ち入りしなかった	5
立ち入りした	4
立ち入りして	4
立ち入りしている	4
立ち入りしています	4
立ち入りしていた	4
立ち入りしていました	4
立ち入りしてる	4
立ち入りしてます	4
立ち往生する	3
立ち往生します	3
立ち往生しません	3
立ち往生しました	3
立ち往生しませんでした	3
立ち往生しましょう	3
立ち往生しない	3
立ち往生しなかった	3
立ち往生した	3
立ち往生して	3
立ち往生している	3
立ち往生しています	3
立ち往生していた	3
立ち往生していました	3
立ち往生してる	3
立ち往生してます	3
立ち話する	3
立ち話します	3
立ち話しません	3
立ち話しました	3
立ち話しませんでした	3
立ち話しましょう	3
立ち話しない	3
立ち話しなかった	3
立ち話した	3
立ち話して	3
立ち話している	3
立ち話しています	3
立ち話していた	3
立ち話していました	3
立ち話してる	3
立ち話してます	3
立ち読みする	4
立ち読みします	6
立ち読みしません	7
立ち読みしました	6
立ち読みしませんでした	7
立ち読みしましょう	7
立ち読みしない	5
立ち読みしなかった	5
立ち読みした	3
立ち読みして	3
立ち読みしている	3
立ち読みしています	3
立ち読みしていた	3
立ち読みしていました	3
立ち読みしてる	6
立ち読みしてます	3
立候補する	3
立候補します	3
立候補しません	3
立候補しました	3
立候補しませんでした	3
立候補しましょう	3
立候補しない	3
立候補しなかった	3
立候補した	3
立候補して	3
立候補している	3
立候補しています	3
立候補していた	3
立候補していました	3
立候補してる	3
立候補してます	3
立国する	4
立国します	4
立国しません	4
立国しました	4
立国しませんでした	4
立国しましょう	4
立国しない	4
立国しなかった	4
立国した	4
立国して	4
立国している	4
立国しています	4
立国していた	4
立国していました	4
立国してる	4
立国してます	4
立地する	3
立地します	3
立地しません	3
立地しました	3
立地しませんでした	3
立地しましょう	3
立地しない	3
立地しなかった	3
立地した	3
立地して	3
立地している	3
立地しています	3
立地していた	3
立地していました	3
立地してる	3
立地してます	3
立案する	4
立案します	4
立案しません	4
立案しました	4
立案しませんでした	4
立案しましょう	4
立案しない	4
立案しなかった	4
立案した	4
立案して	4
立案している	4
立案しています	4
立案していた	4
立案していました	4
立案してる	4
立案してます	4
立法する	4
立法します	4
立法しません	4
立法しました	4
立法しませんでした	4
立法しましょう	4
立法しない	4
立法しなかった	4
立法した	4
立法して	4
立法している	4
立法しています	4
立法していた	4
立法していました	4
立法してる	4
立法してます	4
立脚する	4
立脚します	4
立脚しません	4
立脚しました	4
立脚しませんでした	4
立脚しましょう	4
立脚しない	4
立脚しなかった	4
立脚した	4
立脚して	4
立脚している	4
立脚しています	4
立脚していた	4
立脚していました	4
立脚してる	4
立脚してます	4
立証する	4
立証します	4
立証しません	4
立証しました	4
立証しませんでした	4
立証しましょう	4
立証しない	4
立証しなかった	4
立証した	4
立証して	4
立証している	4
立証しています	4
立証していた	4
立証していました	4
立証してる	4
立証してます	4
競争する	4
競争します	4
競争しません	4
競争しました	4
競争しませんでした	4
競争しましょう	4
競争しない	4
競争しなかった	4
競争した	4
競争して	4
競争している	4
競争しています	4
競争していた	4
競争していました	4
競争してる	4
競争してます	4
競合する	4
競合します	4
競合しません	4
競合しました	4
競合しませんでした	4
競合しましょう	4
競合しない	4
競合しなかった	4
競合した	4
競合して	4
競合している	4
競合しています	4
競合していた	4
競合していました	4
競合してる	4
競合してます	4
競売する	4
競売します	4
競売しません	4
競売しました	4
競売しませんでした	4
競売しましょう	4
競売しない	4
競売しなかった	4
競売した	4
競売して	4
競売している	4
競売しています	4
競売していた	4
競売していました	4
競売してる	4
競売してます	4
競技する	1
競技します	1
競技しません	1
競技しました	1
競技しませんでした	1
競技しましょう	1
競技しない	1
競技しなかった	1
競技した	1
競技して	1
競技している	1
競技しています	1
競技していた	1
競技していました	1
競技してる	1
競技してます	1
競泳する	4
競泳します	4
競泳しません	4
競泳しました	4
競泳しませんでした	4
競泳しましょう	4
競泳しない	4
競泳しなかった	4
競泳した	4
競泳して	4
競泳している	4
競泳しています	4
競泳していた	4
競泳していました	4
競泳してる	4
競泳してます	4
競演する	4
競演します	4
競演しません	4
競演しました	4
競演しませんでした	4
競演しましょう	4
競演しない	4
競演しなかった	4
競演した	4
競演して	4
競演している	4
競演しています	4
競演していた	4
競演していました	4
競演してる	4
競演してます	4
競走する	4
競走します	4
競走しません	4
競走しました	4
競走しませんでした	4
競走しましょう	4
競走しない	4
競走しなかった	4
競走した	4
競走して	4
競走している	4
競走しています	4
競走していた	4
競走していました	4
競走してる	4
競走してます	4
筆記する	3
筆記します	3
筆記しません	3
筆記しました	3
筆記しませんでした	3
筆記しましょう	3
筆記しない	3
筆記しなかった	3
筆記した	3
筆記して	3
筆記している	3
筆記しています	3
筆記していた	3
筆記していました	3
筆記してる	3
筆記してます	3
等分する	4
等分します	4
等分しません	4
等分しました	4
等分しませんでした	4
等分しましょう	4
等分しない	4
等分しなかった	4
等分した	4
等分して	4
等分している	4
等分しています	4
等分していた	4
等分していました	4
等分してる	4
等分してます	4
答弁する	1
答弁します	1
答弁しません	1
答弁しました	1
答弁しませんでした	1
答弁しましょう	1
答弁しない	1
答弁しなかった	1
答弁した	1
答弁して	1
答弁している	1
答弁しています	1
答弁していた	1
答弁していました	1
答弁してる	1
答弁してます	1
答申する	4
答申します	4
答申しません	4
答申しました	4
答申しませんでした	4
答申しましょう	4
答申しない	4
答申しなかった	4
答申した	4
答申して	4
答申している	4
答申しています	4
答申していた	4
答申していました	4
答申してる	4
答申してます	4
策定する	4
策定します	4
策定しません	4
策定しました	4
策定しませんでした	4
策定しましょう	4
策定しない	4
策定しなかった	4
策定した	4
策定して	4
策定している	4
策定しています	4
策定していた	4
策定していました	4
策定してる	4
策定してます	4
算出する	4
算出します	4
算出しません	4
算出しました	4
算出しませんでした	4
算出しましょう	4
算出しない	4
算出しなかった	4
算出した	4
算出して	4
算出している	4
算出しています	4
算出していた	4
算出していました	4
算出してる	4
算出してます	4
算定する	4
算定します	4
算定しません	4
算定しました	4
算定しませんでした	4
算定しましょう	4
算定しない	4
算定しなかった	4
算定した	4
算定して	4
算定している	4
算定しています	4
算定していた	4
算定していました	4
算定してる	4
算定してます	4
管制する	4
管制します	4
管制しません	4
管制しました	4
管制しませんでした	4
管制しましょう	4
管制しない	4
管制しなかった	4
管制した	4
管制して	4
管制している	4
管制しています	4
管制していた	4
管制していました	4
管制してる	4
管制してます	4
管理する	1
管理します	1
管理しません	1
管理しました	1
管理しませんでした	1
管理しましょう	1
管理しない	1
管理しなかった	1
管理した	1
管理して	1
管理している	1
管理しています	1
管理していた	1
管理していました	1
管理してる	1
管理してます	1
管轄する	4
管轄します	4
管轄しません	4
管轄しました	4
管轄しませんでした	4
管轄しましょう	4
管轄しない	4
管轄しなかった	4
管轄した	4
管轄して	4
管轄している	4
管轄しています	4
管轄していた	4
管轄していました	4
管轄してる	4
管轄してます	4
節減する	4
節減します	4
節減しません	4
節減しました	4
節減しませんでした	4
節減しましょう	4
節減しない	4
節減しなかった	4
節減した	4
節減して	4
節減している	4
節減しています	4
節減していた	4
節減していました	4
節減してる	4
節減してます	4
節約する	4
節約します	4
節約しません	4
節約しました	4
節約しませんでした	4
節約しましょう	4
節約しない	4
節約しなかった	4
節約した	4
節約して	4
節約している	4
節約しています	4
節約していた	4
節約していました	4
節約してる	4
節約してます	4
粘々する	2
粘々します	2
粘々しません	2
粘々しました	2
粘々しませんでした	2
粘々しましょう	2
粘々しない	2
粘々しなかった	2
粘々した	2
粘々して	2
粘々してる	2
粘々してます	2
粘着する	4
粘着します	4
粘着しません	4
粘着しました	4
粘着しませんでした	4
粘着しましょう	4
粘着しない	4
粘着しなかった	4
粘着した	4
粘着して	4
粘着している	4
粘着しています	4
粘着していた	4
粘着していました	4
粘着してる	4
粘着してます	4
精算する	4
精算します	4
精算しません	4
精算しました	4
精算しませんでした	4
精算しましょう	4
精算しない	4
精算しなかった	4
精算した	4
精算して	4
精算している	4
精算しています	4
精算していた	4
精算していました	4
精算してる	4
精算してます	4
精米する	4
精米します	4
精米しません	4
精米しました	4
精米しませんでした	4
精米しましょう	4
精米しない	4
精米しなかった	4
精米した	4
精米して	4
精米している	4
精米しています	4
精米していた	4
精米していました	4
精米してる	4
精米してます	4
精製する	4
精製します	4
精製しません	4
精製しました	4
精製しませんでした	4
精製しましょう	4
精製しない	4
精製しなかった	4
精製した	4
精製して	4
精製している	4
精製しています	4
精製していた	4
精製していました	4
精製してる	4
精製してます	4
精通する	4
精通します	4
精通しません	4
精通しました	4
精通しませんでした	4
精通しましょう	4
精通しない	4
精通しなかった	4
精通した	4
精通して	4
精通している	4
精通しています	4
精通していた	4
精通していました	4
精通してる	4
精通してます	4
約束する	4
約束します	4
約束しません	4
約束しました	4
約束しませんでした	4
約束しましょう	4
約束しない	4
約束しなかった	4
約束した	4
約束して	4
約束している	4
約束しています	4
約束していた	4
約束していました	4
約束してる	4
約束してます	4
紅潮する	4
紅潮します	4
紅潮しません	4
紅潮しました	4
紅潮しませんでした	4
紅潮しましょう	4
紅潮しない	4
紅潮しなかった	4
紅潮した	4
紅潮して	4
紅潮している	4
紅潮しています	4
紅潮していた	4
紅潮していました	4
紅潮してる	4
紅潮してます	4
紅葉する	4
紅葉します	4
紅葉しません	4
紅葉しました	4
紅葉しませんでした	4
紅葉しましょう	4
紅葉しない	4
紅葉しなかった	4
紅葉した	4
紅葉して	4
紅葉している	4
紅葉しています	4
紅葉していた	4
紅葉していました	4
紅葉してる	4
紅葉してます	4
納付する	3
納付します	3
納付しません	3
納付しました	3
納付しませんでした	3
納付しましょう	3
納付しない	3
納付しなかった	3
納付した	3
納付して	3
納付している	3
納付しています	3
納付していた	3
納付していました	3
納付してる	3
納付してます	3
納入する	4
納入します	4
納入しません	4
納入しました	4
納入しませんでした	4
納入しましょう	4
納入しない	4
納入しなかった	4
納入した	4
納入して	4
納入している	4
納入しています	4
納入していた	4
納入していました	4
納入してる	4
納入してます	4
納得する	4
納得します	4
納得しません	4
納得しました	4
納得しませんでした	4
納得しましょう	4
納得しない	4
納得しなかった	4
納得した	4
納得して	4
納得している	4
納得しています	4
納得していた	4
納得していました	4
納得してる	4
納得してます	4
納税する	4
納税します	4
納税しません	4
納税しました	4
納税しませんでした	4
納税しましょう	4
納税しない	4
納税しなかった	4
納税した	4
納税して	4
納税している	4
納税しています	4
納税していた	4
納税していました	4
納税してる	4
納税してます	4
納金する	4
納金します	4
納金しません	4
納金しました	4
納金しませんでした	4
納金しましょう	4
納金しない	4
納金しなかった	4
納金した	4
納金して	4
納金している	4
納金しています	4
納金していた	4
納金していました	4
納金してる	4
納金してます	4
紛争する	4
紛争します	4
紛争しません	4
紛争しました	4
紛争しませんでした	4
紛争しましょう	4
紛争しない	4
紛争しなかった	4
紛争した	4
紛争して	4
紛争している	4
紛争しています	4
紛争していた	4
紛争していました	4
紛争してる	4
紛争してます	4
紛失する	4
紛失します	4
紛失しません	4
紛失しました	4
紛失しませんでした	4
紛失しましょう	4
紛失しない	4
紛失しなかった	4
紛失した	4
紛失して	4
紛失している	4
紛失しています	4
紛失していた	4
紛失していました	4
紛失してる	4
紛失してます	4
紛糾する	4
紛糾します	4
紛糾しません	4
紛糾しました	4
紛糾しませんでした	4
紛糾しましょう	4
紛糾しない	4
紛糾しなかった	4
紛糾した	4
紛糾して	4
紛糾している	4
紛糾しています	4
紛糾していた	4
紛糾していました	4
紛糾してる	4
紛糾してます	4
累積する	4
累積します	4
累積しません	4
累積しました	4
累積しませんでした	4
累積しましょう	4
累積しない	4
累積しなかった	4
累積した	4
累積して	4
累積している	4
累積しています	4
累積していた	4
累積していました	4
累積してる	4
累積してます	4
累計する	4
累計します	4
累計しません	4
累計しました	4
累計しませんでした	4
累計しましょう	4
累計しない	4
累計しなかった	4
累計した	4
累計して	4
累計している	4
累計しています	4
累計していた	4
累計していました	4
累計してる	4
累計してます	4
累進する	4
累進します	4
累進しません	4
累進しました	4
累進しませんでした	4
累進しましょう	4
累進しない	4
累進しなかった	4
累進した	4
累進して	4
累進している	4
累進しています	4
累進していた	4
累進していました	4
累進してる	4
累進してます	4
細々する	3
細々します	3
細々しません	3
細々しました	3
細々しませんでした	3
細々しましょう	3
細々しない	3
細々しなかった	3
細々した	3
細々して	3
細々している	3
細々しています	3
細々していた	3
細々していました	3
細々してる	6
細々してます	3
細分する	4
細分します	4
細分しません	4
細分しました	4
細分しませんでした	4
細分しましょう	4
細分しない	4
細分しなかった	4
細分した	4
細分して	4
細分している	4
細分しています	4
細分していた	4
細分していました	4
細分してる	4
細分してます	4
細工する	3
細工します	3
細工しません	3
細工しました	3
細工しませんでした	3
細工しましょう	3
細工しない	3
細工しなかった	3
細工した	3
細工して	3
細工している	3
細工しています	3
細工していた	3
細工していました	3
細工してる	3
細工してます	3
紹介する	4
紹介します	4
紹介しません	4
紹介しました	4
紹介しませんでした	4
紹介しましょう	4
紹介しない	4
紹介しなかった	4
紹介した	4
紹介して	4
紹介している	4
紹介しています	4
紹介していた	4
紹介していました	4
紹介してる	4
紹介してます	4
終了する	4
終了します	4
終了しません	4
終了しました	4
終了しませんでした	4
終了しましょう	4
終了しない	4
終了しなかった	4
終了した	4
終了して	4
終了している	4
終了しています	4
終了していた	4
終了していました	4
終了してる	4
終了してます	4
終始する	1
終始します	1
終始しません	1
終始しました	1
終始しませんでした	1
終始しましょう	1
終始しない	1
終始しなかった	1
終始した	1
終始して	1
終始している	1
終始しています	1
終始していた	1
終始していました	1
終始してる	1
終始してます	1
終息する	4
終息します	4
終息しません	4
終息しました	4
終息しませんでした	4
終息しましょう	4
終息しない	4
終息しなかった	4
終息した	4
終息して	4
終息している	4
終息しています	4
終息していた	4
終息していました	4
終息してる	4
終息してます	4
終焉する	4
終焉します	4
終焉しません	4
終焉しました	4
終焉しませんでした	4
終焉しましょう	4
終焉しない	4
終焉しなかった	4
終焉した	4
終焉して	4
終焉している	4
終焉しています	4
終焉していた	4
終焉していました	4
終焉してる	4
終焉してます	4
終結する	4
終結します	4
終結しません	4
終結しました	4
終結しませんでした	4
終結しましょう	4
終結しない	4
終結しなかった	4
終結した	4
終結して	4
終結している	4
終結しています	4
終結していた	4
終結していました	4
終結してる	4
終結してます	4
組み替えする	4
組み替えします	4
組み替えしません	4
組み替えしました	4
組み替えしませんでした	4
組み替えしましょう	4
組み替えしない	4
組み替えしなかった	4
組み替えした	4
組み替えして	4
組み替えしている	4
組み替えしています	4
組み替えしていた	4
組み替えしていました	4
組み替えしてる	4
組み替えしてます	4
組織する	1
組織します	1
組織しません	1
組織しました	1
組織しませんでした	1
組織しましょう	1
組織しない	1
組織しなかった	1
組織した	1
組織して	1
組織している	1
組織しています	1
組織していた	1
組織していました	1
組織してる	1
組織してます	1
組閣する	3
組閣します	3
組閣しません	3
組閣しました	3
組閣しませんでした	3
組閣しましょう	3
組閣しない	3
組閣しなかった	3
組閣した	3
組閣して	3
組閣している	3
組閣しています	3
組閣していた	3
組閣していました	3
組閣してる	3
組閣してます	3
経営する	4
経営します	4
経営しません	4
経営しました	4
経営しませんでした	4
経営しましょう	4
経営しない	4
経営しなかった	4
経営した	4
経営して	4
経営している	4
経営しています	4
経営していた	4
経営していました	4
経営してる	4
経営してます	4
経由する	3
経由します	3
経由しません	3
経由しました	3
経由しませんでした	3
経由しましょう	3
経由しない	3
経由しなかった	3
経由した	3
経由して	3
経由している	3
経由しています	3
経由していた	3
経由していました	3
経由してる	3
経由してます	3
経過する	3
経過します	3
経過しません	3
経過しました	3
経過しませんでした	3
経過しましょう	3
経過しない	3
経過しなかった	3
経過した	3
経過して	3
経過している	3
経過しています	3
経過していた	3
経過していました	3
経過してる	3
経過してます	3
経験する	4
経験します	4
経験しません	4
経験しました	4
経験しませんでした	4
経験しましょう	4
経験しない	4
経験しなかった	4
経験した	4
経験して	4
経験している	4
経験しています	4
経験していた	4
経験していました	4
経験してる	4
経験してます	4
結党する	4
結党します	4
結党しません	4
結党しました	4
結党しませんでした	4
結党しましょう	4
結党しない	4
結党しなかった	4
結党した	4
結党して	4
結党している	4
結党しています	4
結党していた	4
結党していました	4
結党してる	4
結党してます	4
結合する	4
結合します	4
結合しません	4
結合しました	4
結合しませんでした	4
結合しましょう	4
結合しない	4
結合しなかった	4
結合した	4
結合して	4
結合している	4
結合しています	4
結合していた	4
結合していました	4
結合してる	4
結合してます	4
結婚する	4
結婚します	4
結婚しません	4
結婚しました	4
結婚しませんでした	4
結婚しましょう	4
結婚しない	4
結婚しなかった	4
結婚した	4
結婚して	4
結婚している	4
結婚しています	4
結婚していた	4
結婚していました	4
結婚してる	4
結婚してます	4
結成する	4
結成します	4
結成しません	4
結成しました	4
結成しませんでした	4
結成しましょう	4
結成しない	4
結成しなかった	4
結成した	4
結成して	4
結成している	4
結成しています	4
結成していた	4
結成していました	4
結成してる	4
結成してます	4
結晶する	4
結晶します	4
結晶しません	4
結晶しました	4
結晶しませんでした	4
結晶しましょう	4
結晶しない	4
結晶しなかった	4
結晶した	4
結晶して	4
結晶している	4
結晶しています	4
結晶していた	4
結晶していました	4
結晶してる	4
結晶してます	4
結束する	4
結束します	4
結束しません	4
結束しました	4
結束しませんでした	4
結束しましょう	4
結束しない	4
結束しなかった	4
結束した	4
結束して	4
結束している	4
結束しています	4
結束していた	4
結束していました	4
結束してる	4
結束してます	4
結果する	3
結果します	3
結果しません	3
結果しました	3
結果しませんでした	3
結果しましょう	3
結果しない	3
結果しなかった	3
結果した	3
結果して	3
結果している	3
結果しています	3
結果していた	3
結果していました	3
結果してる	3
結果してます	3
結論する	4
結論します	4
結論しません	4
結論しました	4
結論しませんでした	4
結論しましょう	4
結論しない	4
結論しなかった	4
結論した	4
結論して	4
結論している	4
結論しています	4
結論していた	4
結論していました	4
結論してる	4
結論してます	4
結集する	4
結集します	4
結集しません	4
結集しました	4
結集しませんでした	4
結集しましょう	4
結集しない	4
結集しなかった	4
結集した	4
結集して	4
結集している	4
結集しています	4
結集していた	4
結集していました	4
結集してる	4
結集してます	4
給与する	1
給与します	1
給与しません	1
給与しました	1
給与しませんでした	1
給与しましょう	1
給与しない	1
給与しなかった	1
給与した	1
給与して	1
給与している	1
給与しています	1
給与していた	1
給与していました	1
給与してる	1
給与してます	1
給付する	3
給付します	3
給付しません	3
給付しました	3
給付しませんでした	3
給付しましょう	3
給付しない	3
給付しなかった	3
給付した	3
給付して	3
給付している	3
給付しています	3
給付していた	3
給付していました	3
給付してる	3
給付してます	3
給水する	4
給水します	4
給水しません	4
給水しました	4
給水しませんでした	4
給水しましょう	4
給水しない	4
給水しなかった	4
給水した	4
給水して	4
給水している	4
給水しています	4
給水していた	4
給水していました	4
給水してる	4
給水してます	4
給油する	3
給油します	3
給油しません	3
給油しました	3
給油しませんでした	3
給油しましょう	3
給油しない	3
給油しなかった	3
給油した	3
給油して	3
給油している	3
給油しています	3
給油していた	3
給油していました	3
給油してる	3
給油してます	3
給食する	4
給食します	4
給食しません	4
給食しました	4
給食しませんでした	4
給食しましょう	4
給食しない	4
給食しなかった	4
給食した	4
給食して	4
給食している	4
給食しています	4
給食していた	4
給食していました	4
給食してる	4
給食してます	4
統一する	4
統一します	4
統一しません	4
統一しました	4
統一しませんでした	4
統一しましょう	4
統一しない	4
統一しなかった	4
統一した	4
統一して	4
統一している	4
統一しています	4
統一していた	4
統一していました	4
統一してる	4
統一してます	4
統制する	4
統制します	4
統制しません	4
統制しました	4
統制しませんでした	4
統制しましょう	4
統制しない	4
統制しなかった	4
統制した	4
統制して	4
統制している	4
統制しています	4
統制していた	4
統制していました	4
統制してる	4
統制してます	4
統合する	4
統合します	4
統合しません	4
統合しました	4
統合しませんでした	4
統合しましょう	4
統合しない	4
統合しなかった	4
統合した	4
統合して	4
統合している	4
統合しています	4
統合していた	4
統合していました	4
統合してる	4
統合してます	4
統括する	4
統括します	4
統括しません	4
統括しました	4
統括しませんでした	4
統括しましょう	4
統括しない	4
統括しなかった	4
統括した	4
統括して	4
統括している	4
統括しています	4
統括していた	4
統括していました	4
統括してる	4
統括してます	4
統治する	1
統治します	1
統治しません	1
統治しました	1
統治しませんでした	1
統治しましょう	1
統治しない	1
統治しなかった	1
統治した	1
統治して	1
統治している	1
統治しています	1
統治していた	1
統治していました	1
統治してる	1
統治してます	1
統計する	4
統計します	4
統計しません	4
統計しました	4
統計しませんでした	4
統計しましょう	4
統計しない	4
統計しなかった	4
統計した	4
統計して	4
統計している	4
統計しています	4
統計していた	4
統計していました	4
統計してる	4
統計してます	4
絶交する	4
絶交します	4
絶交しません	4
絶交しました	4
絶交しませんでした	4
絶交しましょう	4
絶交しない	4
絶交しなかった	4
絶交した	4
絶交して	4
絶交している	4
絶交しています	4
絶交していた	4
絶交していました	4
絶交してる	4
絶交してます	4
絶句する	3
絶句します	3
絶句しません	3
絶句しました	3
絶句しませんでした	3
絶句しましょう	3
絶句しない	3
絶句しなかった	3
絶句した	3
絶句して	3
絶句している	3
絶句しています	3
絶句していた	3
絶句していました	3
絶句してる	3
絶句してます	3
絶望する	4
絶望します	4
絶望しません	4
絶望しました	4
絶望しませんでした	4
絶望しましょう	4
絶望しない	4
絶望しなかった	4
絶望した	4
絶望して	4
絶望している	4
絶望しています	4
絶望していた	4
絶望していました	4
絶望してる	4
絶望してます	4
絶滅する	4
絶滅します	4
絶滅しません	4
絶滅しました	4
絶滅しませんでした	4
絶滅しましょう	4
絶滅しない	4
絶滅しなかった	4
絶滅した	4
絶滅して	4
絶滅している	4
絶滅しています	4
絶滅していた	4
絶滅していました	4
絶滅してる	4
絶滅してます	4
絶縁する	4
絶縁します	4
絶縁しません	4
絶縁しました	4
絶縁しませんでした	4
絶縁しましょう	4
絶縁しない	4
絶縁しなかった	4
絶縁した	4
絶縁して	4
絶縁している	4
絶縁しています	4
絶縁していた	4
絶縁していました	4
絶縁してる	4
絶縁してます	4
絶賛する	4
絶賛します	4
絶賛しません	4
絶賛しました	4
絶賛しませんでした	4
絶賛しましょう	4
絶賛しない	4
絶賛しなかった	4
絶賛した	4
絶賛して	4
絶賛している	4
絶賛しています	4
絶賛していた	4
絶賛していました	4
絶賛してる	4
絶賛してます	4
絶頂する	4
絶頂します	4
絶頂しません	4
絶頂しました	4
絶頂しませんでした	4
絶頂しましょう	4
絶頂しない	4
絶頂しなかった	4
絶頂した	4
絶頂して	4
絶頂している	4
絶頂しています	4
絶頂していた	4
絶頂していました	4
絶頂してる	4
絶頂してます	4
継ぎ接ぎする	4
継ぎ接ぎします	4
継ぎ接ぎしません	4
継ぎ接ぎしました	4
継ぎ接ぎしませんでした	4
継ぎ接ぎしましょう	4
継ぎ接ぎしない	4
継ぎ接ぎしなかった	4
継ぎ接ぎした	4
継ぎ接ぎして	4
継ぎ接ぎしている	4
継ぎ接ぎしています	4
継ぎ接ぎしていた	4
継ぎ接ぎしていました	4
継ぎ接ぎしてる	4
継ぎ接ぎしてます	4
継承する	4
継承します	4
継承しません	4
継承しました	4
継承しませんでした	4
継承しましょう	4
継承しない	4
継承しなかった	4
継承した	4
継承して	4
継承している	4
継承しています	4
継承していた	4
継承していました	4
継承してる	4
継承してます	4
継投する	4
継投します	4
継投しません	4
継投しました	4
継投しませんでした	4
継投しましょう	4
継投しない	4
継投しなかった	4
継投した	4
継投して	4
継投している	4
継投しています	4
継投していた	4
継投していました	4
継投してる	4
継投してます	4
継続する	4
継続します	4
継続しません	4
継続しました	4
継続しませんでした	4
継続しましょう	4
継続しない	4
継続しなかった	4
継続した	4
継続して	4
継続している	4
継続しています	4
継続していた	4
継続していました	4
継続してる	4
継続してます	4
続伸する	4
続伸します	4
続伸しません	4
続伸しました	4
続伸しませんでした	4
続伸しましょう	4
続伸しない	4
続伸しなかった	4
続伸した	4
続伸して	4
続伸している	4
続伸しています	4
続伸していた	4
続伸していました	4
続伸してる	4
続伸してます	4
続出する	4
続出します	4
続出しません	4
続出しました	4
続出しませんでした	4
続出しましょう	4
続出しない	4
続出しなかった	4
続出した	4
続出して	4
続出している	4
続出しています	4
続出していた	4
続出していました	4
続出してる	4
続出してます	4
続行する	4
続行します	4
続行しません	4
続行しました	4
続行しませんでした	4
続行しましょう	4
続行しない	4
続行しなかった	4
続行した	4
続行して	4
続行している	4
続行しています	4
続行していた	4
続行していました	4
続行してる	4
続行してます	4
維持する	1
維持します	1
維持しません	1
維持しました	1
維持しませんでした	1
維持しましょう	1
維持しない	1
維持しなかった	1
維持した	1
維持して	1
維持している	1
維持しています	1
維持していた	1
維持していました	1
維持してる	1
維持してます	1
綱渡りする	3
綱渡りします	3
綱渡りしません	3
綱渡りしました	3
綱渡りしませんでした	3
綱渡りしましょう	3
綱渡りしない	3
綱渡りしなかった	3
綱渡りした	3
綱渡りして	3
綱渡りしている	3
綱渡りしています	3
綱渡りしていた	3
綱渡りしていました	3
綱渡りしてる	3
綱渡りしてます	3
網羅する	1
網羅します	1
網羅しません	1
網羅しました	1
網羅しませんでした	1
網羅しましょう	1
網羅しない	1
網羅しなかった	1
網羅した	1
網羅して	1
網羅している	1
網羅しています	1
網羅していた	1
網羅していました	1
網羅してる	1
網羅してます	1
緊張する	4
緊張します	4
緊張しません	4
緊張しました	4
緊張しませんでした	4
緊張しましょう	4
緊張しない	4
緊張しなかった	4
緊張した	4
緊張して	4
緊張している	4
緊張しています	4
緊張していた	4
緊張していました	4
緊張してる	4
緊張してます	4
緊縮する	4
緊縮します	4
緊縮しません	4
緊縮しました	4
緊縮しませんでした	4
緊縮しましょう	4
緊縮しない	4
緊縮しなかった	4
緊縮した	4
緊縮して	4
緊縮している	4
緊縮しています	4
緊縮していた	4
緊縮していました	4
緊縮してる	4
緊縮してます	4
緊迫する	4
緊迫します	4
緊迫しません	4
緊迫しました	4
緊迫しませんでした	4
緊迫しましょう	4
緊迫しない	4
緊迫しなかった	4
緊迫した	4
緊迫して	4
緊迫している	4
緊迫しています	4
緊迫していた	4
緊迫していました	4
緊迫してる	4
緊迫してます	4
総動員する	3
総動員します	3
総動員しません	3
総動員しました	3
総動員しませんでした	3
総動員しましょう	3
総動員しない	3
総動員しなかった	3
総動員した	3
総動員して	3
総動員している	3
総動員しています	3
総動員していた	3
総動員していました	3
総動員してる	3
総動員してます	3
総合する	4
総合します	4
総合しません	4
総合しました	4
総合しませんでした	4
総合しましょう	4
総合しない	4
総合しなかった	4
総合した	4
総合して	4
総合している	4
総合しています	4
総合していた	4
総合していました	4
総合してる	4
総合してます	4
総括する	1
総括します	1
総括しません	1
総括しました	1
総括しませんでした	1
総括しましょう	1
総括しない	1
総括しなかった	1
総括した	1
総括して	1
総括している	1
総括しています	1
総括していた	1
総括していました	1
総括してる	1
総括してます	1
総決算する	3
総決算します	3
総決算しません	3
総決算しました	3
総決算しませんでした	3
総決算しましょう	3
総決算しない	3
総決算しなかった	3
総決算した	3
総決算して	3
総決算している	3
総決算しています	3
総決算していた	3
総決算していました	3
総決算してる	3
総決算してます	3
総理する	1
総理します	1
総理しません	1
総理しました	1
総理しませんでした	1
総理しましょう	1
総理しない	1
総理しなかった	1
総理した	1
総理して	1
総理している	1
総理しています	1
総理していた	1
総理していました	1
総理してる	1
総理してます	1
総評する	4
総評します	4
総評しません	4
総評しました	4
総評しませんでした	4
総評しましょう	4
総評しない	4
総評しなかった	4
総評した	4
総評して	4
総評している	4
総評しています	4
総評していた	4
総評していました	4
総評してる	4
総評してます	4
総辞職する	3
総辞職します	3
総辞職しません	3
総辞職しました	3
総辞職しませんでした	3
総辞職しましょう	3
総辞職しない	3
総辞職しなかった	3
総辞職した	3
総辞職して	3
総辞職している	3
総辞職しています	3
総辞職していた	3
総辞職していました	3
総辞職してる	3
総辞職してます	3
緑化する	3
緑化します	3
緑化しません	3
緑化しました	3
緑化しませんでした	3
緑化しましょう	3
緑化しない	3
緑化しなかった	3
緑化した	3
緑化して	3
緑化している	3
緑化しています	3
緑化していた	3
緑化していました	3
緑化してる	3
緑化してます	3
締約する	4
締約します	4
締約しません	4
締約しました	4
締約しませんでした	4
締約しましょう	4
締約しない	4
締約しなかった	4
締約した	4
締約して	4
締約している	4
締約しています	4
締約していた	4
締約していました	4
締約してる	4
締約してます	4
締結する	4
締結します	4
締結しません	4
締結しました	4
締結しませんでした	4
締結しましょう	4
締結しない	4
締結しなかった	4
締結した	4
締結して	4
締結している	4
締結しています	4
締結していた	4
締結していました	4
締結してる	4
締結してます	4
編入する	4
編入します	4
編入しません	4
編入しました	4
編入しませんでした	4
編入しましょう	4
編入しない	4
編入しなかった	4
編入した	4
編入して	4
編入している	4
編入しています	4
編入していた	4
編入していました	4
編入してる	4
編入してます	4
編成する	4
編成します	4
編成しません	4
編成しました	4
編成しませんでした	4
編成しましょう	4
編成しない	4
編成しなかった	4
編成した	4
編成して	4
編成している	4
編成しています	4
編成していた	4
編成していました	4
編成してる	4
編成してます	4
編集する	4
編集します	4
編集しません	4
編集しました	4
編集しませんでした	4
編集しましょう	4
編集しない	4
編集しなかった	4
編集した	4
編集して	4
編集している	4
編集しています	4
編集していた	4
編集していました	4
編集してる	4
編集してます	4
緩和する	3
緩和します	3
緩和しません	3
緩和しました	3
緩和しませんでした	3
緩和しましょう	3
緩和しない	3
緩和しなかった	3
緩和した	3
緩和して	3
緩和している	3
緩和しています	3
緩和していた	3
緩和していました	3
緩和してる	3
緩和してます	3
練習する	4
練習します	4
練習しません	4
練習しました	4
練習しませんでした	4
練習しましょう	4
練習しない	4
練習しなかった	4
練習した	4
練習して	4
練習している	4
練習しています	4
練習していた	4
練習していました	4
練習してる	4
練習してます	4
縦断する	4
縦断します	4
縦断しません	4
縦断しました	4
縦断しませんでした	4
縦断しましょう	4
縦断しない	4
縦断しなかった	4
縦断した	4
縦断して	4
縦断している	4
縦断しています	4
縦断していた	4
縦断していました	4
縦断してる	4
縦断してます	4
縫製する	4
縫製します	4
縫製しません	4
縫製しました	4
縫製しませんでした	4
縫製しましょう	4
縫製しない	4
縫製しなかった	4
縫製した	4
縫製して	4
縫製している	4
縫製しています	4
縫製していた	4
縫製していました	4
縫製してる	4
縫製してます	4
縮小する	4
縮小します	4
縮小しません	4
縮小しました	4
縮小しませんでした	4
縮小しましょう	4
縮小しない	4
縮小しなかった	4
縮小した	4
縮小して	4
縮小している	4
縮小しています	4
縮小していた	4
縮小していました	4
縮小してる	4
縮小してます	4
繁栄する	4
繁栄します	4
繁栄しません	4
繁栄しました	4
繁栄しませんでした	4
繁栄しましょう	4
繁栄しない	4
繁栄しなかった	4
繁栄した	4
繁栄して	4
繁栄している	4
繁栄しています	4
繁栄していた	4
繁栄していました	4
繁栄してる	4
繁栄してます	4
繁殖する	4
繁殖します	4
繁殖しません	4
繁殖しました	4
繁殖しませんでした	4
繁殖しましょう	4
繁殖しない	4
繁殖しなかった	4
繁殖した	4
繁殖して	4
繁殖している	4
繁殖しています	4
繁殖していた	4
繁殖していました	4
繁殖してる	4
繁殖してます	4
繁盛する	1
繁盛します	1
繁盛しません	1
繁盛しました	1
繁盛しませんでした	1
繁盛しましょう	1
繁盛しない	1
繁盛しなかった	1
繁盛した	1
繁盛して	1
繁盛している	1
繁盛しています	1
繁盛していた	1
繁盛していました	1
繁盛してる	1
繁盛してます	1
罰するする	0
罰するします	6
罰するしません	7
罰するしました	6
罰するしませんでした	7
罰するしましょう	7
罰するしない	0
罰するしなかった	9
罰するした	6
罰するして	0
罰するしている	6
罰するしています	6
罰するしていた	6
罰するしていました	6
罰するしてる	5
罰するしてます	7
署名する	3
署名します	3
署名しません	3
署名しました	3
署名しませんでした	3
署名しましょう	3
署名しない	3
署名しなかった	3
署名した	3
署名して	3
署名している	3
署名しています	3
署名していた	3
署名していました	3
署名してる	3
署名してます	3
罷免する	3
罷免します	3
罷免しません	3
罷免しました	3
罷免しませんでした	3
罷免しましょう	3
罷免しない	3
罷免しなかった	3
罷免した	3
罷免して	3
罷免している	3
罷免しています	3
罷免していた	3
罷免していました	3
罷免してる	3
罷免してます	3
美化する	1
美化します	1
美化しません	1
美化しました	1
美化しませんでした	1
美化しましょう	1
美化しない	1
美化しなかった	1
美化した	1
美化して	1
美化している	1
美化しています	1
美化していた	1
美化していました	1
美化してる	1
美化してます	1
群集する	4
群集します	4
群集しません	4
群集しました	4
群集しませんでした	4
群集しましょう	4
群集しない	4
群集しなかった	4
群集した	4
群集して	4
群集している	4
群集しています	4
群集していた	4
群集していました	4
群集してる	4
群集してます	4
習得する	4
習得します	4
習得しません	4
習得しました	4
習得しませんでした	4
習得しましょう	4
習得しない	4
習得しなかった	4
習得した	4
習得して	4
習得している	4
習得しています	4
習得していた	4
習得していました	4
習得してる	4
習得してます	4
翻訳する	4
翻訳します	4
翻訳しません	4
翻訳しました	4
翻訳しませんでした	4
翻訳しましょう	4
翻訳しない	4
翻訳しなかった	4
翻訳した	4
翻訳して	4
翻訳している	4
翻訳しています	4
翻訳していた	4
翻訳していました	4
翻訳してる	4
翻訳してます	4
老化する	3
老化します	3
老化しません	3
老化しました	3
老化しませんでした	3
老化しましょう	3
老化しない	3
老化しなかった	3
老化した	3
老化して	3
老化している	3
老化しています	3
老化していた	3
老化していました	3
老化してる	3
老化してます	3
老朽する	4
老朽します	4
老朽しません	4
老朽しました	4
老朽しませんでした	4
老朽しましょう	4
老朽しない	4
老朽しなかった	4
老朽した	4
老朽して	4
老朽している	4
老朽しています	4
老朽していた	4
老朽していました	4
老朽してる	4
老朽してます	4
老衰する	4
老衰します	4
老衰しません	4
老衰しました	4
老衰しませんでした	4
老衰しましょう	4
老衰しない	4
老衰しなかった	4
老衰した	4
老衰して	4
老衰している	4
老衰しています	4
老衰していた	4
老衰していました	4
老衰してる	4
老衰してます	4
考察する	4
考察します	4
考察しません	4
考察しました	4
考察しませんでした	4
考察しましょう	4
考察しない	4
考察しなかった	4
考察した	4
考察して	4
考察している	4
考察しています	4
考察していた	4
考察していました	4
考察してる	4
考察してます	4
考慮する	1
考慮します	1
考慮しません	1
考慮しました	1
考慮しませんでした	1
考慮しましょう	1
考慮しない	1
考慮しなかった	1
考慮した	1
考慮して	1
考慮している	1
考慮しています	1
考慮していた	1
考慮していました	1
考慮してる	1
考慮してます	1
耕作する	4
耕作します	4
耕作しません	4
耕作しました	4
耕作しませんでした	4
耕作しましょう	4
耕作しない	4
耕作しなかった	4
耕作した	4
耕作して	4
耕作している	4
耕作しています	4
耕作していた	4
耕作していました	4
耕作してる	4
耕作してます	4
聞き書きする	4
聞き書きします	4
聞き書きしません	4
聞き書きしました	4
聞き書きしませんでした	4
聞き書きしましょう	4
聞き書きしない	4
聞き書きしなかった	4
聞き書きした	4
聞き書きして	4
聞き書きしている	4
聞き書きしています	4
聞き書きしていた	4
聞き書きしていました	4
聞き書きしてる	4
聞き書きしてます	4
聴取する	1
聴取します	1
聴取しません	1
聴取しました	1
聴取しませんでした	1
聴取しましょう	1
聴取しない	1
聴取しなかった	1
聴取した	1
聴取して	1
聴取している	1
聴取しています	1
聴取していた	1
聴取していました	1
聴取してる	1
聴取してます	1
聴聞する	4
聴聞します	4
聴聞しません	4
聴聞しました	4
聴聞しませんでした	4
聴聞しましょう	4
聴聞しない	4
聴聞しなかった	4
聴聞した	4
聴聞して	4
聴聞している	4
聴聞しています	4
聴聞していた	4
聴聞していました	4
聴聞してる	4
聴聞してます	4
聴講する	4
聴講します	4
聴講しません	4
聴講しました	4
聴講しませんでした	4
聴講しましょう	4
聴講しない	4
聴講しなかった	4
聴講した	4
聴講して	4
聴講している	4
聴講しています	4
聴講していた	4
聴講していました	4
聴講してる	4
聴講してます	4
肉薄する	4
肉薄します	4
肉薄しません	4
肉薄しました	4
肉薄しませんでした	4
肉薄しましょう	4
肉薄しない	4
肉薄しなかった	4
肉薄した	4
肉薄して	4
肉薄している	4
肉薄しています	4
肉薄していた	4
肉薄していました	4
肉薄してる	4
肉薄してます	4
肉食する	4
肉食します	4
肉食しません	4
肉食しました	4
肉食しませんでした	4
肉食しましょう	4
肉食しない	4
肉食しなかった	4
肉食した	4
肉食して	4
肉食している	4
肉食しています	4
肉食していた	4
肉食していました	4
肉食してる	4
肉食してます	4
肥大する	3
肥大します	3
肥大しません	3
肥大しました	3
肥大しませんでした	3
肥大しましょう	3
肥大しない	3
肥大しなかった	3
肥大した	3
肥大して	3
肥大している	3
肥大しています	3
肥大していた	3
肥大していました	3
肥大してる	3
肥大してます	3
肥満する	3
肥満します	3
肥満しません	3
肥満しました	3
肥満しませんでした	3
肥満しましょう	3
肥満しない	3
肥満しなかった	3
肥満した	3
肥満して	3
肥満している	3
肥満しています	3
肥満していた	3
肥満していました	3
肥満してる	3
肥満してます	3
肩代わりする	3
肩代わりします	3
肩代わりしません	3
肩代わりしました	3
肩代わりしませんでした	3
肩代わりしましょう	3
肩代わりしない	3
肩代わりしなかった	3
肩代わりした	3
肩代わりして	3
肩代わりしている	3
肩代わりしています	3
肩代わりしていた	3
肩代わりしていました	3
肩代わりしてる	3
肩代わりしてます	3
肯定する	4
肯定します	4
肯定しません	4
肯定しました	4
肯定しませんでした	4
肯定しましょう	4
肯定しない	4
肯定しなかった	4
肯定した	4
肯定して	4
肯定している	4
肯定しています	4
肯定していた	4
肯定していました	4
肯定してる	4
肯定してます	4
育児する	1
育児します	1
育児しません	1
育児しました	1
育児しませんでした	1
育児しましょう	1
育児しない	1
育児しなかった	1
育児した	1
育児して	1
育児している	1
育児しています	1
育児していた	1
育児していました	1
育児してる	1
育児してます	1
育成する	4
育成します	4
育成しません	4
育成しました	4
育成しませんでした	4
育成しましょう	4
育成しない	4
育成しなかった	4
育成した	4
育成して	4
育成している	4
育成しています	4
育成していた	4
育成していました	4
育成してる	4
育成してます	4
背任する	4
背任します	4
背任しません	4
背任しました	4
背任しませんでした	4
背任しましょう	4
背任しない	4
背任しなかった	4
背任した	4
背任して	4
背任している	4
背任しています	4
背任していた	4
背任していました	4
背任してる	4
背任してます	4
背信する	4
背信します	4
背信しません	4
背信しました	4
背信しませんでした	4
背信しましょう	4
背信しない	4
背信しなかった	4
背信した	4
背信して	4
背信している	4
背信しています	4
背信していた	4
背信していました	4
背信してる	4
背信してます	4
胴上げする	4
胴上げします	4
胴上げしません	4
胴上げしました	4
胴上げしませんでした	4
胴上げしましょう	4
胴上げしない	4
胴上げしなかった	4
胴上げした	4
胴上げして	4
胴上げしている	4
胴上げしています	4
胴上げしていた	4
胴上げしていました	4
胴上げしてる	4
胴上げしてます	4
脅威する	1
脅威します	1
脅威しません	1
脅威しました	1
脅威しませんでした	1
脅威しましょう	1
脅威しない	1
脅威しなかった	1
脅威した	1
脅威して	1
脅威している	1
脅威しています	1
脅威していた	1
脅威していました	1
脅威してる	1
脅威してます	1
脅迫する	4
脅迫します	4
脅迫しません	4
脅迫しました	4
脅迫しませんでした	4
脅迫しましょう	4
脅迫しない	4
脅迫しなかった	4
脅迫した	4
脅迫して	4
脅迫している	4
脅迫しています	4
脅迫していた	4
脅迫していました	4
脅迫してる	4
脅迫してます	4
脇見する	3
脇見します	3
脇見しません	3
脇見しました	3
脇見しませんでした	3
脇見しましょう	3
脇見しない	3
脇見しなかった	3
脇見した	3
脇見して	3
脇見している	3
脇見しています	3
脇見していた	3
脇見していました	3
脇見してる	3
脇見してます	3
脚色する	4
脚色します	4
脚色しません	4
脚色しました	4
脚色しませんでした	4
脚色しましょう	4
脚色しない	4
脚色しなかった	4
脚色した	4
脚色して	4
脚色している	4
脚色しています	4
脚色していた	4
脚色していました	4
脚色してる	4
脚色してます	4
脱するする	0
脱するします	6
脱するしません	7
脱するしました	6
脱するしませんでした	7
脱するしましょう	7
脱するしない	0
脱するしなかった	9
脱するした	6
脱するして	0
脱するしている	6
脱するしています	6
脱するしていた	6
脱するしていました	6
脱するしてる	5
脱するしてます	7
脱出する	4
脱出します	4
脱出しません	4
脱出しました	4
脱出しませんでした	4
脱出しましょう	4
脱出しない	4
脱出しなかった	4
脱出した	4
脱出して	4
脱出している	4
脱出しています	4
脱出していた	4
脱出していました	4
脱出してる	4
脱出してます	4
脱却する	4
脱却します	4
脱却しません	4
脱却しました	4
脱却しませんでした	4
脱却しましょう	4
脱却しない	4
脱却しなかった	4
脱却した	4
脱却して	4
脱却している	4
脱却しています	4
脱却していた	4
脱却していました	4
脱却してる	4
脱却してます	4
脱水する	4
脱水します	4
脱水しません	4
脱水しました	4
脱水しませんでした	4
脱水しましょう	4
脱水しない	4
脱水しなかった	4
脱水した	4
脱水して	4
脱水している	4
脱水しています	4
脱水していた	4
脱水していました	4
脱水してる	4
脱水してます	4
脱皮する	3
脱皮します	3
脱皮しません	3
脱皮しました	3
脱皮しませんでした	3
脱皮しましょう	3
脱皮しない	3
脱皮しなかった	3
脱皮した	3
脱皮して	3
脱皮している	3
脱皮しています	3
脱皮していた	3
脱皮していました	3
脱皮してる	3
脱皮してます	3
脱硫する	4
脱硫します	4
脱硫しません	4
脱硫しました	4
脱硫しませんでした	4
脱硫しましょう	4
脱硫しない	4
脱硫しなかった	4
脱硫した	4
脱硫して	4
脱硫している	4
脱硫しています	4
脱硫していた	4
脱硫していました	4
脱硫してる	4
脱硫してます	4
脱税する	4
脱税します	4
脱税しません	4
脱税しました	4
脱税しませんでした	4
脱税しましょう	4
脱税しない	4
脱税しなかった	4
脱税した	4
脱税して	4
脱税している	4
脱税しています	4
脱税していた	4
脱税していました	4
脱税してる	4
脱税してます	4
脱線する	4
脱線します	4
脱線しません	4
脱線しました	4
脱線しませんでした	4
脱線しましょう	4
脱線しない	4
脱線しなかった	4
脱線した	4
脱線して	4
脱線している	4
脱線しています	4
脱線していた	4
脱線していました	4
脱線してる	4
脱線してます	4
脱落する	4
脱落します	4
脱落しません	4
脱落しました	4
脱落しませんでした	4
脱落しましょう	4
脱落しない	4
脱落しなかった	4
脱落した	4
脱落して	4
脱落している	4
脱落しています	4
脱落していた	4
脱落していました	4
脱落してる	4
脱落してます	4
脱衣する	3
脱衣します	3
脱衣しません	3
脱衣しました	3
脱衣しませんでした	3
脱衣しましょう	3
脱衣しない	3
脱衣しなかった	3
脱衣した	3
脱衣して	3
脱衣している	3
脱衣しています	3
脱衣していた	3
脱衣していました	3
脱衣してる	3
脱衣してます	3
脱走する	4
脱走します	4
脱走しません	4
脱走しました	4
脱走しませんでした	4
脱走しましょう	4
脱走しない	4
脱走しなかった	4
脱走した	4
脱走して	4
脱走している	4
脱走しています	4
脱走していた	4
脱走していました	4
脱走してる	4
脱走してます	4
脱退する	4
脱退します	4
脱退しません	4
脱退しました	4
脱退しませんでした	4
脱退しましょう	4
脱退しない	4
脱退しなかった	4
脱退した	4
脱退して	4
脱退している	4
脱退しています	4
脱退していた	4
脱退していました	4
脱退してる	4
脱退してます	4
腐心する	3
腐心します	3
腐心しません	3
腐心しました	3
腐心しませんでした	3
腐心しましょう	3
腐心しない	3
腐心しなかった	3
腐心した	3
腐心して	3
腐心している	3
腐心しています	3
腐心していた	3
腐心していました	3
腐心してる	3
腐心してます	3
腐敗する	3
腐敗します	3
腐敗しません	3
腐敗しました	3
腐敗しませんでした	3
腐敗しましょう	3
腐敗しない	3
腐敗しなかった	3
腐敗した	3
腐敗して	3
腐敗している	3
腐敗しています	3
腐敗していた	3
腐敗していました	3
腐敗してる	3
腐敗してます	3
膨大する	4
膨大します	4
膨大しません	4
膨大しました	4
膨大しませんでした	4
膨大しましょう	4
膨大しない	4
膨大しなかった	4
膨大した	4
膨大して	4
膨大している	4
膨大しています	4
膨大していた	4
膨大していました	4
膨大してる	4
膨大してます	4
膨張する	4
膨張します	4
膨張しません	4
膨張しました	4
膨張しませんでした	4
膨張しましょう	4
膨張しない	4
膨張しなかった	4
膨張した	4
膨張して	4
膨張している	4
膨張しています	4
膨張していた	4
膨張していました	4
膨張してる	4
膨張してます	4
自主する	1
自主します	1
自主しません	1
自主しました	1
自主しませんでした	1
自主しましょう	1
自主しない	1
自主しなかった	1
自主した	1
自主して	1
自主している	1
自主しています	1
自主していた	1
自主していました	1
自主してる	1
自主してます	1
自任する	3
自任します	3
自任しません	3
自任しました	3
自任しませんでした	3
自任しましょう	3
自任しない	3
自任しなかった	3
自任した	3
自任して	3
自任している	3
自任しています	3
自任していた	3
自任していました	3
自任してる	3
自任してます	3
自作する	3
自作します	3
自作しません	3
自作しました	3
自作しませんでした	3
自作しましょう	3
自作しない	3
自作しなかった	3
自作した	3
自作して	3
自作している	3
自作しています	3
自作していた	3
自作していました	3
自作してる	3
自作してます	3
自制する	3
自制します	3
自制しません	3
自制しました	3
自制しませんでした	3
自制しましょう	3
自制しない	3
自制しなかった	3
自制した	3
自制して	3
自制している	3
自制しています	3
自制していた	3
自制していました	3
自制してる	3
自制してます	3
自動化する	4
自動化します	4
自動化しません	4
自動化しました	4
自動化しませんでした	4
自動化しましょう	4
自動化しない	4
自動化しなかった	4
自動化した	4
自動化して	4
自動化している	4
自動化しています	4
自動化していた	4
自動化していました	4
自動化してる	4
自動化してます	4
自問する	3
自問します	3
自問しません	3
自問しました	3
自問しませんでした	3
自問しましょう	3
自問しない	3
自問しなかった	3
自問した	3
自問して	3
自問している	3
自問しています	3
自問していた	3
自問していました	3
自問してる	3
自問してます	3
自営する	3
自営します	3
自営しません	3
自営しました	3
自営しませんでした	3
自営しましょう	3
自営しない	3
自営しなかった	3
自営した	3
自営して	3
自営している	3
自営しています	3
自営していた	3
自営していました	3
自営してる	3
自営してます	3
自己管理する	3
自己管理します	3
自己管理しません	3
自己管理しました	3
自己管理しませんでした	3
自己管理しましょう	3
自己管理しない	3
自己管理しなかった	3
自己管理した	3
自己管理して	3
自己管理している	3
自己管理しています	3
自己管理していた	3
自己管理していました	3
自己管理してる	3
自己管理してます	3
自慢する	3
自慢します	3
自慢しません	3
自慢しました	3
自慢しませんでした	3
自慢しましょう	3
自慢しない	3
自慢しなかった	3
自慢した	3
自慢して	3
自慢している	3
自慢しています	3
自慢していた	3
自慢していました	3
自慢してる	3
自慢してます	3
自殺する	3
自殺します	3
自殺しません	3
自殺しました	3
自殺しませんでした	3
自殺しましょう	3
自殺しない	3
自殺しなかった	3
自殺した	3
自殺して	3
自殺している	3
自殺しています	3
自殺していた	3
自殺していました	3
自殺してる	3
自殺してます	3
自決する	3
自決します	3
自決しません	3
自決しました	3
自決しませんでした	3
自決しましょう	3
自決しない	3
自決しなかった	3
自決した	3
自決して	3
自決している	3
自決しています	3
自決していた	3
自決していました	3
自決してる	3
自決してます	3
自活する	3
自活します	3
自活しません	3
自活しました	3
自活しませんでした	3
自活しましょう	3
自活しない	3
自活しなかった	3
自活した	3
自活して	3
自活している	3
自活しています	3
自活していた	3
自活していました	3
自活してる	3
自活してます	3
自浄する	3
自浄します	3
自浄しません	3
自浄しました	3
自浄しませんでした	3
自浄しましょう	3
自浄しない	3
自浄しなかった	3
自浄した	3
自浄して	3
自浄している	3
自浄しています	3
自浄していた	3
自浄していました	3
自浄してる	3
自浄してます	3
自滅する	3
自滅します	3
自滅しません	3
自滅しました	3
自滅しませんでした	3
自滅しましょう	3
自滅しない	3
自滅しなかった	3
自滅した	3
自滅して	3
自滅している	3
自滅しています	3
自滅していた	3
自滅していました	3
自滅してる	3
自滅してます	3
自炊する	3
自炊します	3
自炊しません	3
自炊しました	3
自炊しませんでした	3
自炊しましょう	3
自炊しない	3
自炊しなかった	3
自炊した	3
自炊して	3
自炊している	3
自炊しています	3
自炊していた	3
自炊していました	3
自炊してる	3
自炊してます	3
自由化する	4
自由化します	4
自由化しません	4
自由化しました	4
自由化しませんでした	4
自由化しましょう	4
自由化しない	4
自由化しなかった	4
自由化した	4
自由化して	4
自由化している	4
自由化しています	4
自由化していた	4
自由化していました	4
自由化してる	4
自由化してます	4
自白する	3
自白します	3
自白しません	3
自白しました	3
自白しませんでした	3
自白しましょう	3
自白しない	3
自白しなかった	3
自白した	3
自白して	3
自白している	3
自白しています	3
自白していた	3
自白していました	3
自白してる	3
自白してます	3
自称する	3
自称します	3
自称しません	3
自称しました	3
自称しませんでした	3
自称しましょう	3
自称しない	3
自称しなかった	3
自称した	3
自称して	3
自称している	3
自称しています	3
自称していた	3
自称していました	3
自称してる	3
自称してます	3
自立する	3
自立します	3
自立しません	3
自立しました	3
自立しませんでした	3
自立しましょう	3
自立しない	3
自立しなかった	3
自立した	3
自立して	3
自立している	3
自立しています	3
自立していた	3
自立していました	3
自立してる	3
自立してます	3
自粛する	3
自粛します	3
自粛しません	3
自粛しました	3
自粛しませんでした	3
自粛しましょう	3
自粛しない	3
自粛しなかった	3
自粛した	3
自粛して	3
自粛している	3
自粛しています	3
自粛していた	3
自粛していました	3
自粛してる	3
自粛してます	3
自給する	3
自給します	3
自給しません	3
自給しました	3
自給しませんでした	3
自給しましょう	3
自給しない	3
自給しなかった	3
自給した	3
自給して	3
自給している	3
自給しています	3
自給していた	3
自給していました	3
自給してる	3
自給してます	3
自習する	3
自習します	3
自習しません	3
自習しました	3
自習しませんでした	3
自習しましょう	3
自習しない	3
自習しなかった	3
自習した	3
自習して	3
自習している	3
自習しています	3
自習していた	3
自習していました	3
自習してる	3
自習してます	3
自衛する	3
自衛します	3
自衛しません	3
自衛しました	3
自衛しませんでした	3
自衛しましょう	3
自衛しない	3
自衛しなかった	3
自衛した	3
自衛して	3
自衛している	3
自衛しています	3
自衛していた	3
自衛していました	3
自衛してる	3
自衛してます	3
自覚する	3
自覚します	3
自覚しません	3
自覚しました	3
自覚しませんでした	3
自覚しましょう	3
自覚しない	3
自覚しなかった	3
自覚した	3
自覚して	3
自覚している	3
自覚しています	3
自覚していた	3
自覚していました	3
自覚してる	3
自覚してます	3
自負する	1
自負します	1
自負しません	1
自負しました	1
自負しませんでした	1
自負しましょう	1
自負しない	1
自負しなかった	1
自負した	1
自負して	1
自負している	1
自負しています	1
自負していた	1
自負していました	1
自負してる	1
自負してます	1
自首する	2
自首します	2
自首しません	2
自首しました	2
自首しませんでした	2
自首しましょう	2
自首しない	2
自首しなかった	2
自首した	2
自首して	2
自首している	2
自首しています	2
自首していた	2
自首していました	2
自首してる	2
自首してます	2
興奮する	4
興奮します	4
興奮しません	4
興奮しました	4
興奮しませんでした	4
興奮しましょう	4
興奮しない	4
興奮しなかった	4
興奮した	4
興奮して	4
興奮している	4
興奮しています	4
興奮していた	4
興奮していました	4
興奮してる	4
興奮してます	4
興業する	4
興業します	4
興業しません	4
興業しました	4
興業しませんでした	4
興業しましょう	4
興業しない	4
興業しなかった	4
興業した	4
興業して	4
興業している	4
興業しています	4
興業していた	4
興業していました	4
興業してる	4
興業してます	4
興行する	4
興行します	4
興行しません	4
興行しました	4
興行しませんでした	4
興行しましょう	4
興行しない	4
興行しなかった	4
興行した	4
興行して	4
興行している	4
興行しています	4
興行していた	4
興行していました	4
興行してる	4
興行してます	4
舗装する	3
舗装します	3
舗装しません	3
舗装しました	3
舗装しませんでした	3
舗装しましょう	3
舗装しない	3
舗装しなかった	3
舗装した	3
舗装して	3
舗装している	3
舗装しています	3
舗装していた	3
舗装していました	3
舗装してる	3
舗装してます	3
舞踏する	3
舞踏します	3
舞踏しません	3
舞踏しました	3
舞踏しませんでした	3
舞踏しましょう	3
舞踏しない	3
舞踏しなかった	3
舞踏した	3
舞踏して	3
舞踏している	3
舞踏しています	3
舞踏していた	3
舞踏していました	3
舞踏してる	3
舞踏してます	3
航海する	1
航海します	1
航海しません	1
航海しました	1
航海しませんでした	1
航海しましょう	1
航海しない	1
航海しなかった	1
航海した	1
航海して	1
航海している	1
航海しています	1
航海していた	1
航海していました	1
航海してる	1
航海してます	1
航行する	1
航行します	1
航行しません	1
航行しました	1
航行しませんでした	1
航行しましょう	1
航行しない	1
航行しなかった	1
航行した	1
航行して	1
航行している	1
航行しています	1
航行していた	1
航行していました	1
航行してる	1
航行してます	1
船出する	3
船出します	3
船出しません	3
船出しました	3
船出しませんでした	3
船出しましょう	3
船出しない	3
船出しなかった	3
船出した	3
船出して	3
船出している	3
船出しています	3
船出していた	3
船出していました	3
船出してる	3
船出してます	3
艶々する	1
艶々します	2
艶々しません	2
艶々しました	2
艶々しませんでした	2
艶々しましょう	2
艶々しない	1
艶々しなかった	1
艶々した	2
艶々して	5
艶々してる	6
艶々してます	2
花見する	3
花見します	3
花見しません	3
花見しました	3
花見しませんでした	3
花見しましょう	3
花見しない	3
花見しなかった	3
花見した	3
花見して	3
花見している	3
花見しています	3
花見していた	3
花見していました	3
花見してる	3
花見してます	3
苛々する	4
苛々します	4
苛々しません	4
苛々しました	4
苛々しませんでした	4
苛々しましょう	4
苛々しない	4
苛々しなかった	4
苛々した	4
苛々して	4
苛々している	4
苛々しています	4
苛々していた	4
苛々していました	4
苛々してる	4
苛々してます	4
若返りする	5
若返りします	5
若返りしません	5
若返りしました	5
若返りしませんでした	5
若返りしましょう	5
若返りしない	5
若返りしなかった	5
若返りした	5
若返りして	5
若返りしている	5
若返りしています	5
若返りしていた	5
若返りしていました	5
若返りしてる	5
若返りしてます	5
苦労する	1
苦労します	1
苦労しません	1
苦労しました	1
苦労しませんでした	1
苦労しましょう	1
苦労しない	1
苦労しなかった	1
苦労した	1
苦労して	1
苦労している	1
苦労しています	1
苦労していた	1
苦労していました	1
苦労してる	1
苦労してます	1
苦心する	1
苦心します	1
苦心しません	1
苦心しました	1
苦心しませんでした	1
苦心しましょう	1
苦心しない	1
苦心しなかった	1
苦心した	1
苦心して	1
苦心している	1
苦心しています	1
苦心していた	1
苦心していました	1
苦心してる	1
苦心してます	1
苦悩する	3
苦悩します	3
苦悩しません	3
苦悩しました	3
苦悩しませんでした	3
苦悩しましょう	3
苦悩しない	3
苦悩しなかった	3
苦悩した	3
苦悩して	3
苦悩している	3
苦悩しています	3
苦悩していた	3
苦悩していました	3
苦悩してる	3
苦悩してます	3
苦慮する	1
苦慮します	1
苦慮しません	1
苦慮しました	1
苦慮しませんでした	1
苦慮しましょう	1
苦慮しない	1
苦慮しなかった	1
苦慮した	1
苦慮して	1
苦慮している	1
苦慮しています	1
苦慮していた	1
苦慮していました	1
苦慮してる	1
苦慮してます	1
苦戦する	3
苦戦します	3
苦戦しません	3
苦戦しました	3
苦戦しませんでした	3
苦戦しましょう	3
苦戦しない	3
苦戦しなかった	3
苦戦した	3
苦戦して	3
苦戦している	3
苦戦しています	3
苦戦していた	3
苦戦していました	3
苦戦してる	3
苦戦してます	3
苦渋する	3
苦渋します	3
苦渋しません	3
苦渋しました	3
苦渋しませんでした	3
苦渋しましょう	3
苦渋しない	3
苦渋しなかった	3
苦渋した	3
苦渋して	3
苦渋している	3
苦渋しています	3
苦渋していた	3
苦渋していました	3
苦渋してる	3
苦渋してます	3
苦笑いする	3
苦笑いします	3
苦笑いしません	3
苦笑いしました	3
苦笑いしませんでした	3
苦笑いしましょう	3
苦笑いしない	3
苦笑いしなかった	3
苦笑いした	3
苦笑いして	3
苦笑いしている	3
苦笑いしています	3
苦笑いしていた	3
苦笑いしていました	3
苦笑いしてる	3
苦笑いしてます	3
英訳する	4
英訳します	4
英訳しません	4
英訳しました	4
英訳しませんでした	4
英訳しましょう	4
英訳しない	4
英訳しなかった	4
英訳した	4
英訳して	4
英訳している	4
英訳しています	4
英訳していた	4
英訳していました	4
英訳してる	4
英訳してます	4
草食する	4
草食します	4
草食しません	4
草食しました	4
草食しませんでした	4
草食しましょう	4
草食しない	4
草食しなかった	4
草食した	4
草食して	4
草食している	4
草食しています	4
草食していた	4
草食していました	4
草食してる	4
草食してます	4
荒廃する	4
荒廃します	4
荒廃しません	4
荒廃しました	4
荒廃しませんでした	4
荒廃しましょう	4
荒廃しない	4
荒廃しなかった	4
荒廃した	4
荒廃して	4
荒廃している	4
荒廃しています	4
荒廃していた	4
荒廃していました	4
荒廃してる	4
荒廃してます	4
荷造りする	2
荷造りします	2
荷造りしません	2
荷造りしました	2
荷造りしませんでした	2
荷造りしましょう	2
荷造りしない	2
荷造りしなかった	2
荷造りした	2
荷造りして	2
荷造りしている	2
荷造りしています	2
荷造りしていた	2
荷造りしていました	2
荷造りしてる	2
荷造りしてます	2
菜食する	4
菜食します	4
菜食しません	4
菜食しました	4
菜食しませんでした	4
菜食しましょう	4
菜食しない	4
菜食しなかった	4
菜食した	4
菜食して	4
菜食している	4
菜食しています	4
菜食していた	4
菜食していました	4
菜食してる	4
菜食してます	4
萌芽する	1
萌芽します	1
萌芽しません	1
萌芽しました	1
萌芽しませんでした	1
萌芽しましょう	1
萌芽しない	1
萌芽しなかった	1
萌芽した	1
萌芽して	1
萌芽している	1
萌芽しています	1
萌芽していた	1
萌芽していました	1
萌芽してる	1
萌芽してます	1
萎縮する	3
萎縮します	3
萎縮しません	3
萎縮しました	3
萎縮しませんでした	3
萎縮しましょう	3
萎縮しない	3
萎縮しなかった	3
萎縮した	3
萎縮して	3
萎縮している	3
萎縮しています	3
萎縮していた	3
萎縮していました	3
萎縮してる	3
萎縮してます	3
落ち葉する	1
落ち葉します	1
落ち葉しません	1
落ち葉しました	1
落ち葉しませんでした	1
落ち葉しましょう	1
落ち葉しない	1
落ち葉しなかった	1
落ち葉した	1
落ち葉して	1
落ち葉している	1
落ち葉しています	1
落ち葉していた	1
落ち葉していました	1
落ち葉してる	1
落ち葉してます	1
落下する	3
落下します	3
落下しません	3
落下しました	3
落下しませんでした	3
落下しましょう	3
落下しない	3
落下しなかった	3
落下した	3
落下して	3
落下している	3
落下しています	3
落下していた	3
落下していました	3
落下してる	3
落下してます	3
落書きする	4
落書きします	4
落書きしません	4
落書きしました	4
落書きしませんでした	4
落書きしましょう	4
落書きしない	4
落書きしなかった	4
落書きした	4
落書きして	4
落書きしている	4
落書きしています	4
落書きしていた	4
落書きしていました	4
落書きしてる	4
落書きしてます	4
落札する	4
落札します	4
落札しません	4
落札しました	4
落札しませんでした	4
落札しましょう	4
落札しない	4
落札しなかった	4
落札した	4
落札して	4
落札している	4
落札しています	4
落札していた	4
落札していました	4
落札してる	4
落札してます	4
落第する	4
落第します	4
落第しません	4
落第しました	4
落第しませんでした	4
落第しましょう	4
落第しない	4
落第しなかった	4
落第した	4
落第して	4
落第している	4
落第しています	4
落第していた	4
落第していました	4
落第してる	4
落第してます	4
落胆する	4
落胆します	4
落胆しません	4
落胆しました	4
落胆しませんでした	4
落胆しましょう	4
落胆しない	4
落胆しなかった	4
落胆した	4
落胆して	4
落胆している	4
落胆しています	4
落胆していた	4
落胆していました	4
落胆してる	4
落胆してます	4
落選する	4
落選します	4
落選しません	4
落選しました	4
落選しませんでした	4
落選しましょう	4
落選しない	4
落選しなかった	4
落選した	4
落選して	4
落選している	4
落選しています	4
落選していた	4
落選していました	4
落選してる	4
落選してます	4
著作する	3
著作します	3
著作しません	3
著作しました	3
著作しませんでした	3
著作しましょう	3
著作しない	3
著作しなかった	3
著作した	3
著作して	3
著作している	3
著作しています	3
著作していた	3
著作していました	3
著作してる	3
著作してます	3
葛藤する	4
葛藤します	4
葛藤しません	4
葛藤しました	4
葛藤しませんでした	4
葛藤しましょう	4
葛藤しない	4
葛藤しなかった	4
葛藤した	4
葛藤して	4
葛藤している	4
葛藤しています	4
葛藤していた	4
葛藤していました	4
葛藤してる	4
葛藤してます	4
葬送する	4
葬送します	4
葬送しません	4
葬送しました	4
葬送しませんでした	4
葬送しましょう	4
葬送しない	4
葬送しなかった	4
葬送した	4
葬送して	4
葬送している	4
葬送しています	4
葬送していた	4
葬送していました	4
葬送してる	4
葬送してます	4
蒸発する	4
蒸発します	4
蒸発しません	4
蒸発しました	4
蒸発しませんでした	4
蒸発しましょう	4
蒸発しない	4
蒸発しなかった	4
蒸発した	4
蒸発して	4
蒸発している	4
蒸発しています	4
蒸発していた	4
蒸発していました	4
蒸発してる	4
蒸発してます	4
蓄積する	4
蓄積します	4
蓄積しません	4
蓄積しました	4
蓄積しませんでした	4
蓄積しましょう	4
蓄積しない	4
蓄積しなかった	4
蓄積した	4
蓄積して	4
蓄積している	4
蓄積しています	4
蓄積していた	4
蓄積していました	4
蓄積してる	4
蓄積してます	4
蓄財する	4
蓄財します	4
蓄財しません	4
蓄財しました	4
蓄財しませんでした	4
蓄財しましょう	4
蓄財しない	4
蓄財しなかった	4
蓄財した	4
蓄財して	4
蓄財している	4
蓄財しています	4
蓄財していた	4
蓄財していました	4
蓄財してる	4
蓄財してます	4
薄着する	3
薄着します	3
薄着しません	3
薄着しました	3
薄着しませんでした	3
薄着しましょう	3
薄着しない	3
薄着しなかった	3
薄着した	3
薄着して	3
薄着している	3
薄着しています	3
薄着していた	3
薄着していました	3
薄着してる	3
薄着してます	3
薔薇薔薇する	3
薔薇薔薇します	3
薔薇薔薇しません	3
薔薇薔薇しました	3
薔薇薔薇しませんでした	3
薔薇薔薇しましょう	3
薔薇薔薇しない	3
薔薇薔薇しなかった	3
薔薇薔薇した	3
薔薇薔薇して	3
薔薇薔薇している	3
薔薇薔薇しています	3
薔薇薔薇していた	3
薔薇薔薇していました	3
薔薇薔薇してる	3
薔薇薔薇してます	3
虐待する	4
虐待します	4
虐待しません	4
虐待しました	4
虐待しませんでした	4
虐待しましょう	4
虐待しない	4
虐待しなかった	4
虐待した	4
虐待して	4
虐待している	4
虐待しています	4
虐待していた	4
虐待していました	4
虐待してる	4
虐待してます	4
虐殺する	4
虐殺します	4
虐殺しません	4
虐殺しました	4
虐殺しませんでした	4
虐殺しましょう	4
虐殺しない	4
虐殺しなかった	4
虐殺した	4
虐殺して	4
虐殺している	4
虐殺しています	4
虐殺していた	4
虐殺していました	4
虐殺してる	4
虐殺してます	4
虚構する	3
虚構します	3
虚構しません	3
虚構しました	3
虚構しませんでした	3
虚構しましょう	3
虚構しない	3
虚構しなかった	3
虚構した	3
虚構して	3
虚構している	3
虚構しています	3
虚構していた	3
虚構していました	3
虚構してる	3
虚構してます	3
融合する	4
融合します	4
融合しません	4
融合しました	4
融合しませんでした	4
融合しましょう	4
融合しない	4
融合しなかった	4
融合した	4
融合して	4
融合している	4
融合しています	4
融合していた	4
融合していました	4
融合してる	4
融合してます	4
融和する	3
融和します	3
融和しません	3
融和しました	3
融和しませんでした	3
融和しましょう	3
融和しない	3
融和しなかった	3
融和した	3
融和して	3
融和している	3
融和しています	3
融和していた	3
融和していました	3
融和してる	3
融和してます	3
融資する	1
融資します	1
融資しません	1
融資しました	1
融資しませんでした	1
融資しましょう	1
融資しない	1
融資しなかった	1
融資した	1
融資して	1
融資している	1
融資しています	1
融資していた	1
融資していました	1
融資してる	1
融資してます	1
融通する	4
融通します	4
融通しません	4
融通しました	4
融通しませんでした	4
融通しましょう	4
融通しない	4
融通しなかった	4
融通した	4
融通して	4
融通している	4
融通しています	4
融通していた	4
融通していました	4
融通してる	4
融通してます	4
行き来する	3
行き来します	3
行き来しません	3
行き来しました	3
行き来しませんでした	3
行き来しましょう	3
行き来しない	3
行き来しなかった	3
行き来した	3
行き来して	3
行き来している	3
行き来しています	3
行き来していた	3
行き来していました	3
行き来してる	3
行き来してます	3
行使する	1
行使します	1
行使しません	1
行使しました	1
行使しませんでした	1
行使しましょう	1
行使しない	1
行使しなかった	1
行使した	1
行使して	1
行使している	1
行使しています	1
行使していた	1
行使していました	1
行使してる	1
行使してます	1
行列する	4
行列します	4
行列しません	4
行列しました	4
行列しませんでした	4
行列しましょう	4
行列しない	4
行列しなかった	4
行列した	4
行列して	4
行列している	4
行列しています	4
行列していた	4
行列していました	4
行列してる	4
行列してます	4
行動する	4
行動します	4
行動しません	4
行動しました	4
行動しませんでした	4
行動しましょう	4
行動しない	4
行動しなかった	4
行動した	4
行動して	4
行動している	4
行動しています	4
行動していた	4
行動していました	4
行動してる	4
行動してます	4
行脚する	1
行脚します	1
行脚しません	1
行脚しました	1
行脚しませんでした	1
行脚しましょう	1
行脚しない	1
行脚しなかった	1
行脚した	1
行脚して	1
行脚している	1
行脚しています	1
行脚していた	1
行脚していました	1
行脚してる	1
行脚してます	1
行進する	4
行進します	4
行進しません	4
行進しました	4
行進しませんでした	4
行進しましょう	4
行進しない	4
行進しなかった	4
行進した	4
行進して	4
行進している	4
行進しています	4
行進していた	4
行進していました	4
行進してる	4
行進してます	4
衝突する	4
衝突します	4
衝突しません	4
衝突しました	4
衝突しませんでした	4
衝突しましょう	4
衝突しない	4
衝突しなかった	4
衝突した	4
衝突して	4
衝突している	4
衝突しています	4
衝突していた	4
衝突していました	4
衝突してる	4
衝突してます	4
衣替えする	5
衣替えします	5
衣替えしません	5
衣替えしました	5
衣替えしませんでした	5
衣替えしましょう	5
衣替えしない	5
衣替えしなかった	5
衣替えした	5
衣替えして	5
衣替えしている	5
衣替えしています	5
衣替えしていた	5
衣替えしていました	5
衣替えしてる	5
衣替えしてます	5
表するする	3
表するします	6
表するしません	7
表するしました	6
表するしませんでした	7
表するしましょう	7
表するしない	5
表するしなかった	5
表するした	3
表するして	3
表するしている	3
表するしています	3
表するしていた	3
表するしていました	3
表するしてる	3
表するしてます	3
表彰する	4
表彰します	4
表彰しません	4
表彰しました	4
表彰しませんでした	4
表彰しましょう	4
表彰しない	4
表彰しなかった	4
表彰した	4
表彰して	4
表彰している	4
表彰しています	4
表彰していた	4
表彰していました	4
表彰してる	4
表彰してます	4
表明する	4
表明します	4
表明しません	4
表明しました	4
表明しませんでした	4
表明しましょう	4
表明しない	4
表明しなかった	4
表明した	4
表明して	4
表明している	4
表明しています	4
表明していた	4
表明していました	4
表明してる	4
表明してます	4
表決する	4
表決します	4
表決しません	4
表決しました	4
表決しませんでした	4
表決しましょう	4
表決しない	4
表決しなかった	4
表決した	4
表決して	4
表決している	4
表決しています	4
表決していた	4
表決していました	4
表決してる	4
表決してます	4
表現する	3
表現します	3
表現しません	3
表現しました	3
表現しませんでした	3
表現しましょう	3
表現しない	3
表現しなかった	3
表現した	3
表現して	3
表現している	3
表現しています	3
表現していた	3
表現していました	3
表現してる	3
表現してます	3
表示する	3
表示します	3
表示しません	3
表示しました	3
表示しませんでした	3
表示しましょう	3
表示しない	3
表示しなかった	3
表示した	3
表示して	3
表示している	3
表示しています	3
表示していた	3
表示していました	3
表示してる	3
表示してます	3
表紙する	3
表紙します	3
表紙しません	3
表紙しました	3
表紙しませんでした	3
表紙しましょう	3
表紙しない	3
表紙しなかった	3
表紙した	3
表紙して	3
表紙している	3
表紙しています	3
表紙していた	3
表紙していました	3
表紙してる	3
表紙してます	3
表裏する	1
表裏します	1
表裏しません	1
表裏しました	1
表裏しませんでした	1
表裏しましょう	1
表裏しない	1
表裏しなかった	1
表裏した	1
表裏して	1
表裏している	1
表裏しています	1
表裏していた	1
表裏していました	1
表裏してる	1
表裏してます	1
表記する	1
表記します	1
表記しません	1
表記しました	1
表記しませんでした	1
表記しましょう	1
表記しない	1
表記しなかった	1
表記した	1
表記して	1
表記している	1
表記しています	1
表記していた	1
表記していました	1
表記してる	1
表記してます	1
衰弱する	4
衰弱します	4
衰弱しません	4
衰弱しました	4
衰弱しませんでした	4
衰弱しましょう	4
衰弱しない	4
衰弱しなかった	4
衰弱した	4
衰弱して	4
衰弱している	4
衰弱しています	4
衰弱していた	4
衰弱していました	4
衰弱してる	4
衰弱してます	4
衰退する	4
衰退します	4
衰退しません	4
衰退しました	4
衰退しませんでした	4
衰退しましょう	4
衰退しない	4
衰退しなかった	4
衰退した	4
衰退して	4
衰退している	4
衰退しています	4
衰退していた	4
衰退していました	4
衰退してる	4
衰退してます	4
被災する	3
被災します	3
被災しません	3
被災しました	3
被災しませんでした	3
被災しましょう	3
被災しない	3
被災しなかった	3
被災した	3
被災して	3
被災している	3
被災しています	3
被災していた	3
被災していました	3
被災してる	3
被災してます	3
被爆する	3
被爆します	3
被爆しません	3
被爆しました	3
被爆しませんでした	3
被爆しましょう	3
被爆しない	3
被爆しなかった	3
被爆した	3
被爆して	3
被爆している	3
被爆しています	3
被爆していた	3
被爆していました	3
被爆してる	3
被爆してます	3
裁判する	1
裁判します	1
裁判しません	1
裁判しました	1
裁判しませんでした	1
裁判しましょう	1
裁判しない	1
裁判しなかった	1
裁判した	1
裁判して	1
裁判している	1
裁判しています	1
裁判していた	1
裁判していました	1
裁判してる	1
裁判してます	1
裁定する	4
裁定します	4
裁定しません	4
裁定しました	4
裁定しませんでした	4
裁定しましょう	4
裁定しない	4
裁定しなかった	4
裁定した	4
裁定して	4
裁定している	4
裁定しています	4
裁定していた	4
裁定していました	4
裁定してる	4
裁定してます	4
裁決する	1
裁決します	1
裁決しません	1
裁決しました	1
裁決しませんでした	1
裁決しましょう	1
裁決しない	1
裁決しなかった	1
裁決した	1
裁決して	1
裁決している	1
裁決しています	1
裁決していた	1
裁決していました	1
裁決してる	1
裁決してます	1
裁縫する	4
裁縫します	4
裁縫しません	4
裁縫しました	4
裁縫しませんでした	4
裁縫しましょう	4
裁縫しない	4
裁縫しなかった	4
裁縫した	4
裁縫して	4
裁縫している	4
裁縫しています	4
裁縫していた	4
裁縫していました	4
裁縫してる	4
裁縫してます	4
裁量する	4
裁量します	4
裁量しません	4
裁量しました	4
裁量しませんでした	4
裁量しましょう	4
裁量しない	4
裁量しなかった	4
裁量した	4
裁量して	4
裁量している	4
裁量しています	4
裁量していた	4
裁量していました	4
裁量してる	4
裁量してます	4
装丁する	4
装丁します	4
装丁しません	4
装丁しました	4
装丁しませんでした	4
装丁しましょう	4
装丁しない	4
装丁しなかった	4
装丁した	4
装丁して	4
装丁している	4
装丁しています	4
装丁していた	4
装丁していました	4
装丁してる	4
装丁してます	4
装備する	1
装備します	1
装備しません	1
装備しました	1
装備しませんでした	1
装備しましょう	1
装備しない	1
装備しなかった	1
装備した	1
装備して	1
装備している	1
装備しています	1
装備していた	1
装備していました	1
装備してる	1
装備してます	1
装甲する	4
装甲します	4
装甲しません	4
装甲しました	4
装甲しませんでした	4
装甲しましょう	4
装甲しない	4
装甲しなかった	4
装甲した	4
装甲して	4
装甲している	4
装甲しています	4
装甲していた	4
装甲していました	4
装甲してる	4
装甲してます	4
装着する	4
装着します	4
装着しません	4
装着しました	4
装着しませんでした	4
装着しましょう	4
装着しない	4
装着しなかった	4
装着した	4
装着して	4
装着している	4
装着しています	4
装着していた	4
装着していました	4
装着してる	4
装着してます	4
装置する	1
装置します	1
装置しません	1
装置しました	1
装置しませんでした	1
装置しましょう	1
装置しない	1
装置しなかった	1
装置した	1
装置して	1
装置している	1
装置しています	1
装置していた	1
装置していました	1
装置してる	1
装置してます	1
装飾する	4
装飾します	4
装飾しません	4
装飾しました	4
装飾しませんでした	4
装飾しましょう	4
装飾しない	4
装飾しなかった	4
装飾した	4
装飾して	4
装飾している	4
装飾しています	4
装飾していた	4
装飾していました	4
装飾してる	4
装飾してます	4
補佐する	1
補佐します	1
補佐しません	1
補佐しました	1
補佐しませんでした	1
補佐しましょう	1
補佐しない	1
補佐しなかった	1
補佐した	1
補佐して	1
補佐している	1
補佐しています	1
補佐していた	1
補佐していました	1
補佐してる	1
補佐してます	1
補修する	3
補修します	3
補修しません	3
補修しました	3
補修しませんでした	3
補修しましょう	3
補修しない	3
補修しなかった	3
補修した	3
補修して	3
補修している	3
補修しています	3
補修していた	3
補修していました	3
補修してる	3
補修してます	3
補償する	3
補償します	3
補償しません	3
補償しました	3
補償しませんでした	3
補償しましょう	3
補償しない	3
補償しなかった	3
補償した	3
補償して	3
補償している	3
補償しています	3
補償していた	3
補償していました	3
補償してる	3
補償してます	3
補充する	3
補充します	3
補充しません	3
補充しました	3
補充しませんでした	3
補充しましょう	3
補充しない	3
補充しなかった	3
補充した	3
補充して	3
補充している	3
補充しています	3
補充していた	3
補充していました	3
補充してる	3
補充してます	3
補助する	1
補助します	1
補助しません	1
補助しました	1
補助しませんでした	1
補助しましょう	1
補助しない	1
補助しなかった	1
補助した	1
補助して	1
補助している	1
補助しています	1
補助していた	1
補助していました	1
補助してる	1
補助してます	1
補完する	3
補完します	3
補完しません	3
補完しました	3
補完しませんでした	3
補完しましょう	3
補完しない	3
補完しなかった	3
補完した	3
補完して	3
補完している	3
補完しています	3
補完していた	3
補完していました	3
補完してる	3
補完してます	3
補強する	3
補強します	3
補強しません	3
補強しました	3
補強しませんでした	3
補強しましょう	3
補強しない	3
補強しなかった	3
補強した	3
補強して	3
補強している	3
補強しています	3
補強していた	3
補強していました	3
補強してる	3
補強してます	3
補正する	3
補正します	3
補正しません	3
補正しました	3
補正しませんでした	3
補正しましょう	3
補正しない	3
補正しなかった	3
補正した	3
補正して	3
補正している	3
補正しています	3
補正していた	3
補正していました	3
補正してる	3
補正してます	3
補給する	3
補給します	3
補給しません	3
補給しました	3
補給しませんでした	3
補給しましょう	3
補給しない	3
補給しなかった	3
補給した	3
補給して	3
補給している	3
補給しています	3
補給していた	3
補給していました	3
補給してる	3
補給してます	3
補足する	3
補足します	3
補足しません	3
補足しました	3
補足しませんでした	3
補足しましょう	3
補足しない	3
補足しなかった	3
補足した	3
補足して	3
補足している	3
補足しています	3
補足していた	3
補足していました	3
補足してる	3
補足してます	3
製作する	4
製作します	4
製作しません	4
製作しました	4
製作しませんでした	4
製作しましょう	4
製作しない	4
製作しなかった	4
製作した	4
製作して	4
製作している	4
製作しています	4
製作していた	4
製作していました	4
製作してる	4
製作してます	4
製図する	3
製図します	3
製図しません	3
製図しました	3
製図しませんでした	3
製図しましょう	3
製図しない	3
製図しなかった	3
製図した	3
製図して	3
製図している	3
製図しています	3
製図していた	3
製図していました	3
製図してる	3
製図してます	3
製造する	4
製造します	4
製造しません	4
製造しました	4
製造しませんでした	4
製造しましょう	4
製造しない	4
製造しなかった	4
製造した	4
製造して	4
製造している	4
製造しています	4
製造していた	4
製造していました	4
製造してる	4
製造してます	4
製鉄する	4
製鉄します	4
製鉄しません	4
製鉄しました	4
製鉄しませんでした	4
製鉄しましょう	4
製鉄しない	4
製鉄しなかった	4
製鉄した	4
製鉄して	4
製鉄している	4
製鉄しています	4
製鉄していた	4
製鉄していました	4
製鉄してる	4
製鉄してます	4
製鋼する	4
製鋼します	4
製鋼しません	4
製鋼しました	4
製鋼しませんでした	4
製鋼しましょう	4
製鋼しない	4
製鋼しなかった	4
製鋼した	4
製鋼して	4
製鋼している	4
製鋼しています	4
製鋼していた	4
製鋼していました	4
製鋼してる	4
製鋼してます	4
複写する	3
複写します	3
複写しません	3
複写しました	3
複写しませんでした	3
複写しましょう	3
複写しない	3
複写しなかった	3
複写した	3
複写して	3
複写している	3
複写しています	3
複写していた	3
複写していました	3
複写してる	3
複写してます	3
複合する	4
複合します	4
複合しません	4
複合しました	4
複合しませんでした	4
複合しましょう	4
複合しない	4
複合しなかった	4
複合した	4
複合して	4
複合している	4
複合しています	4
複合していた	4
複合していました	4
複合してる	4
複合してます	4
複製する	4
複製します	4
複製しません	4
複製しました	4
複製しませんでした	4
複製しましょう	4
複製しない	4
複製しなかった	4
複製した	4
複製して	4
複製している	4
複製しています	4
複製していた	4
複製していました	4
複製してる	4
複製してます	4
襲名する	4
襲名します	4
襲名しません	4
襲名しました	4
襲名しませんでした	4
襲名しましょう	4
襲名しない	4
襲名しなかった	4
襲名した	4
襲名して	4
襲名している	4
襲名しています	4
襲名していた	4
襲名していました	4
襲名してる	4
襲名してます	4
襲撃する	4
襲撃します	4
襲撃しません	4
襲撃しました	4
襲撃しませんでした	4
襲撃しましょう	4
襲撃しない	4
襲撃しなかった	4
襲撃した	4
襲撃して	4
襲撃している	4
襲撃しています	4
襲撃していた	4
襲撃していました	4
襲撃してる	4
襲撃してます	4
要するする	3
要するします	6
要するしません	7
要するしました	6
要するしませんでした	7
要するしましょう	7
要するしない	5
要するしなかった	5
要するした	3
要するして	3
要するしている	3
要するしています	3
要するしていた	3
要するしていました	3
要するしてる	3
要するしてます	3
要望する	4
要望します	4
要望しません	4
要望しました	4
要望しませんでした	4
要望しましょう	4
要望しない	4
要望しなかった	4
要望した	4
要望して	4
要望している	4
要望しています	4
要望していた	4
要望していました	4
要望してる	4
要望してます	4
要求する	4
要求します	4
要求しません	4
要求しました	4
要求しませんでした	4
要求しましょう	4
要求しない	4
要求しなかった	4
要求した	4
要求して	4
要求している	4
要求しています	4
要求していた	4
要求していました	4
要求してる	4
要求してます	4
要約する	4
要約します	4
要約しません	4
要約しました	4
要約しませんでした	4
要約しましょう	4
要約しない	4
要約しなかった	4
要約した	4
要約して	4
要約している	4
要約しています	4
要約していた	4
要約していました	4
要約してる	4
要約してます	4
要請する	4
要請します	4
要請しません	4
要請しました	4
要請しませんでした	4
要請しましょう	4
要請しない	4
要請しなかった	4
要請した	4
要請して	4
要請している	4
要請しています	4
要請していた	4
要請していました	4
要請してる	4
要請してます	4
覆面する	4
覆面します	4
覆面しません	4
覆面しました	4
覆面しませんでした	4
覆面しましょう	4
覆面しない	4
覆面しなかった	4
覆面した	4
覆面して	4
覆面している	4
覆面しています	4
覆面していた	4
覆面していました	4
覆面してる	4
覆面してます	4
見え隠れする	5
見え隠れします	5
見え隠れしません	5
見え隠れしました	5
見え隠れしませんでした	5
見え隠れしましょう	5
見え隠れしない	5
見え隠れしなかった	5
見え隠れした	5
見え隠れして	5
見え隠れしている	5
見え隠れしています	5
見え隠れしていた	5
見え隠れしていました	5
見え隠れしてる	5
見え隠れしてます	5
見切り発車する	4
見切り発車します	4
見切り発車しません	4
見切り発車しました	4
見切り発車しませんでした	4
見切り発車しましょう	4
見切り発車しない	4
見切り発車しなかった	4
見切り発車した	4
見切り発車して	4
見切り発車している	4
見切り発車しています	4
見切り発車していた	4
見切り発車していました	4
見切り発車してる	4
見切り発車してます	4
見合いする	3
見合いします	3
見合いしません	3
見合いしました	3
見合いしませんでした	3
見合いしましょう	3
見合いしない	3
見合いしなかった	3
見合いした	3
見合いして	3
見合いしている	3
見合いしています	3
見合いしていた	3
見合いしていました	3
見合いしてる	3
見合いしてます	3
見学する	4
見学します	4
見学しません	4
見学しました	4
見学しませんでした	4
見学しましょう	4
見学しない	4
見学しなかった	4
見学した	4
見学して	4
見学している	4
見学しています	4
見学していた	4
見学していました	4
見学してる	4
見学してます	4
見栄えする	3
見栄えします	3
見栄えしません	3
見栄えしました	3
見栄えしませんでした	3
見栄えしましょう	3
見栄えしない	3
見栄えしなかった	3
見栄えした	3
見栄えして	3
見栄えしている	3
見栄えしています	3
見栄えしていた	3
見栄えしていました	3
見栄えしてる	3
見栄えしてます	3
見物する	4
見物します	4
見物しません	4
見物しました	4
見物しませんでした	4
見物しましょう	4
見物しない	4
見物しなかった	4
見物した	4
見物して	4
見物している	4
見物しています	4
見物していた	4
見物していました	4
見物してる	4
見物してます	4
見直しする	4
見直しします	4
見直ししません	4
見直ししました	4
見直ししませんでした	4
見直ししましょう	4
見直ししない	4
見直ししなかった	4
見直しした	4
見直しして	4
見直ししている	4
見直ししています	4
見直ししていた	4
見直ししていました	4
見直ししてる	4
見直ししてます	4
見聞する	4
見聞します	4
見聞しません	4
見聞しました	4
見聞しませんでした	4
見聞しましょう	4
見聞しない	4
見聞しなかった	4
見聞した	4
見聞して	4
見聞している	4
見聞しています	4
見聞していた	4
見聞していました	4
見聞してる	4
見聞してます	4
規制する	3
規制します	3
規制しません	3
規制しました	3
規制しませんでした	3
規制しましょう	3
規制しない	3
規制しなかった	3
規制した	3
規制して	3
規制している	3
規制しています	3
規制していた	3
規制していました	3
規制してる	3
規制してます	3
規定する	3
規定します	3
規定しません	3
規定しました	3
規定しませんでした	3
規定しましょう	3
規定しない	3
規定しなかった	3
規定した	3
規定して	3
規定している	3
規定しています	3
規定していた	3
規定していました	3
規定してる	3
規定してます	3
視察する	3
視察します	3
視察しません	3
視察しました	3
視察しませんでした	3
視察しましょう	3
視察しない	3
視察しなかった	3
視察した	3
視察して	3
視察している	3
視察しています	3
視察していた	3
視察していました	3
視察してる	3
視察してます	3
視聴する	3
視聴します	3
視聴しません	3
視聴しました	3
視聴しませんでした	3
視聴しましょう	3
視聴しない	3
視聴しなかった	3
視聴した	3
視聴して	3
視聴している	3
視聴しています	3
視聴していた	3
視聴していました	3
視聴してる	3
視聴してます	3
覚悟する	1
覚悟します	1
覚悟しません	1
覚悟しました	1
覚悟しませんでした	1
覚悟しましょう	1
覚悟しない	1
覚悟しなかった	1
覚悟した	1
覚悟して	1
覚悟している	1
覚悟しています	1
覚悟していた	1
覚悟していました	1
覚悟してる	1
覚悟してます	1
覚醒する	4
覚醒します	4
覚醒しません	4
覚醒しました	4
覚醒しませんでした	4
覚醒しましょう	4
覚醒しない	4
覚醒しなかった	4
覚醒した	4
覚醒して	4
覚醒している	4
覚醒しています	4
覚醒していた	4
覚醒していました	4
覚醒してる	4
覚醒してます	4
親不孝する	3
親不孝します	3
親不孝しません	3
親不孝しました	3
親不孝しませんでした	3
親不孝しましょう	3
親不孝しない	3
親不孝しなかった	3
親不孝した	3
親不孝して	3
親不孝している	3
親不孝しています	3
親不孝していた	3
親不孝していました	3
親不孝してる	3
親不孝してます	3
親孝行する	3
親孝行します	3
親孝行しません	3
親孝行しました	3
親孝行しませんでした	3
親孝行しましょう	3
親孝行しない	3
親孝行しなかった	3
親孝行した	3
親孝行して	3
親孝行している	3
親孝行しています	3
親孝行していた	3
親孝行していました	3
親孝行してる	3
親孝行してます	3
親睦する	4
親睦します	4
親睦しません	4
親睦しました	4
親睦しませんでした	4
親睦しましょう	4
親睦しない	4
親睦しなかった	4
親睦した	4
親睦して	4
親睦している	4
親睦しています	4
親睦していた	4
親睦していました	4
親睦してる	4
親睦してます	4
観光する	4
観光します	4
観光しません	4
観光しました	4
観光しませんでした	4
観光しましょう	4
観光しない	4
観光しなかった	4
観光した	4
観光して	4
観光している	4
観光しています	4
観光していた	4
観光していました	4
観光してる	4
観光してます	4
観劇する	4
観劇します	4
観劇しません	4
観劇しました	4
観劇しませんでした	4
観劇しましょう	4
観劇しない	4
観劇しなかった	4
観劇した	4
観劇して	4
観劇している	4
観劇しています	4
観劇していた	4
観劇していました	4
観劇してる	4
観劇してます	4
観察する	4
観察します	4
観察しません	4
観察しました	4
観察しませんでした	4
観察しましょう	4
観察しない	4
観察しなかった	4
観察した	4
観察して	4
観察している	4
観察しています	4
観察していた	4
観察していました	4
観察してる	4
観察してます	4
観念する	1
観念します	1
観念しません	1
観念しました	1
観念しませんでした	1
観念しましょう	1
観念しない	1
観念しなかった	1
観念した	1
観念して	1
観念している	1
観念しています	1
観念していた	1
観念していました	1
観念してる	1
観念してます	1
観戦する	4
観戦します	4
観戦しません	4
観戦しました	4
観戦しませんでした	4
観戦しましょう	4
観戦しない	4
観戦しなかった	4
観戦した	4
観戦して	4
観戦している	4
観戦しています	4
観戦していた	4
観戦していました	4
観戦してる	4
観戦してます	4
観測する	4
観測します	4
観測しません	4
観測しました	4
観測しませんでした	4
観測しましょう	4
観測しない	4
観測しなかった	4
観測した	4
観測して	4
観測している	4
観測しています	4
観測していた	4
観測していました	4
観測してる	4
観測してます	4
観賞する	4
観賞します	4
観賞しません	4
観賞しました	4
観賞しませんでした	4
観賞しましょう	4
観賞しない	4
観賞しなかった	4
観賞した	4
観賞して	4
観賞している	4
観賞しています	4
観賞していた	4
観賞していました	4
観賞してる	4
観賞してます	4
解任する	4
解任します	4
解任しません	4
解任しました	4
解任しませんでした	4
解任しましょう	4
解任しない	4
解任しなかった	4
解任した	4
解任して	4
解任している	4
解任しています	4
解任していた	4
解任していました	4
解任してる	4
解任してます	4
解体する	4
解体します	4
解体しません	4
解体しました	4
解体しませんでした	4
解体しましょう	4
解体しない	4
解体しなかった	4
解体した	4
解体して	4
解体している	4
解体しています	4
解体していた	4
解体していました	4
解体してる	4
解体してます	4
解剖する	4
解剖します	4
解剖しません	4
解剖しました	4
解剖しませんでした	4
解剖しましょう	4
解剖しない	4
解剖しなかった	4
解剖した	4
解剖して	4
解剖している	4
解剖しています	4
解剖していた	4
解剖していました	4
解剖してる	4
解剖してます	4
解放する	4
解放します	4
解放しません	4
解放しました	4
解放しませんでした	4
解放しましょう	4
解放しない	4
解放しなかった	4
解放した	4
解放して	4
解放している	4
解放しています	4
解放していた	4
解放していました	4
解放してる	4
解放してます	4
解散する	4
解散します	4
解散しません	4
解散しました	4
解散しませんでした	4
解散しましょう	4
解散しない	4
解散しなかった	4
解散した	4
解散して	4
解散している	4
解散しています	4
解散していた	4
解散していました	4
解散してる	4
解散してます	4
解明する	4
解明します	4
解明しません	4
解明しました	4
解明しませんでした	4
解明しましょう	4
解明しない	4
解明しなかった	4
解明した	4
解明して	4
解明している	4
解明しています	4
解明していた	4
解明していました	4
解明してる	4
解明してます	4
解析する	4
解析します	4
解析しません	4
解析しました	4
解析しませんでした	4
解析しましょう	4
解析しない	4
解析しなかった	4
解析した	4
解析して	4
解析している	4
解析しています	4
解析していた	4
解析していました	4
解析してる	4
解析してます	4
解決する	4
解決します	4
解決しません	4
解決しました	4
解決しませんでした	4
解決しましょう	4
解決しない	4
解決しなかった	4
解決した	4
解決して	4
解決している	4
解決しています	4
解決していた	4
解決していました	4
解決してる	4
解決してます	4
解消する	4
解消します	4
解消しません	4
解消しました	4
解消しませんでした	4
解消しましょう	4
解消しない	4
解消しなかった	4
解消した	4
解消して	4
解消している	4
解消しています	4
解消していた	4
解消していました	4
解消してる	4
解消してます	4
解熱する	3
解熱します	3
解熱しません	3
解熱しました	3
解熱しませんでした	3
解熱しましょう	3
解熱しない	3
解熱しなかった	3
解熱した	3
解熱して	3
解熱している	3
解熱しています	3
解熱していた	3
解熱していました	3
解熱してる	3
解熱してます	3
解禁する	4
解禁します	4
解禁しません	4
解禁しました	4
解禁しませんでした	4
解禁しましょう	4
解禁しない	4
解禁しなかった	4
解禁した	4
解禁して	4
解禁している	4
解禁しています	4
解禁していた	4
解禁していました	4
解禁してる	4
解禁してます	4
解答する	4
解答します	4
解答しません	4
解答しました	4
解答しませんでした	4
解答しましょう	4
解答しない	4
解答しなかった	4
解答した	4
解答して	4
解答している	4
解答しています	4
解答していた	4
解答していました	4
解答してる	4
解答してます	4
解約する	4
解約します	4
解約しません	4
解約しました	4
解約しませんでした	4
解約しましょう	4
解約しない	4
解約しなかった	4
解約した	4
解約して	4
解約している	4
解約しています	4
解約していた	4
解約していました	4
解約してる	4
解約してます	4
解説する	4
解説します	4
解説しません	4
解説しました	4
解説しませんでした	4
解説しましょう	4
解説しない	4
解説しなかった	4
解説した	4
解説して	4
解説している	4
解説しています	4
解説していた	4
解説していました	4
解説してる	4
解説してます	4
解読する	4
解読します	4
解読しません	4
解読しました	4
解読しませんでした	4
解読しましょう	4
解読しない	4
解読しなかった	4
解読した	4
解読して	4
解読している	4
解読しています	4
解読していた	4
解読していました	4
解読してる	4
解読してます	4
解釈する	1
解釈します	1
解釈しません	1
解釈しました	1
解釈しませんでした	1
解釈しましょう	1
解釈しない	1
解釈しなかった	1
解釈した	1
解釈して	1
解釈している	1
解釈しています	1
解釈していた	1
解釈していました	1
解釈してる	1
解釈してます	1
解除する	1
解除します	1
解除しません	1
解除しました	1
解除しませんでした	1
解除しましょう	1
解除しない	1
解除しなかった	1
解除した	1
解除して	1
解除している	1
解除しています	1
解除していた	1
解除していました	1
解除してる	1
解除してます	1
解雇する	1
解雇します	1
解雇しません	1
解雇しました	1
解雇しませんでした	1
解雇しましょう	1
解雇しない	1
解雇しなかった	1
解雇した	1
解雇して	1
解雇している	1
解雇しています	1
解雇していた	1
解雇していました	1
解雇してる	1
解雇してます	1
触発する	4
触発します	4
触発しません	4
触発しました	4
触発しませんでした	4
触発しましょう	4
触発しない	4
触発しなかった	4
触発した	4
触発して	4
触発している	4
触発しています	4
触発していた	4
触発していました	4
触発してる	4
触発してます	4
言い訳する	4
言い訳します	4
言い訳しません	4
言い訳しました	4
言い訳しませんでした	4
言い訳しましょう	4
言い訳しない	4
言い訳しなかった	4
言い訳した	4
言い訳して	4
言い訳している	4
言い訳しています	4
言い訳していた	4
言い訳していました	4
言い訳してる	4
言い訳してます	4
言及する	4
言及します	4
言及しません	4
言及しました	4
言及しませんでした	4
言及しましょう	4
言及しない	4
言及しなかった	4
言及した	4
言及して	4
言及している	4
言及しています	4
言及していた	4
言及していました	4
言及してる	4
言及してます	4
訂正する	4
訂正します	4
訂正しません	4
訂正しました	4
訂正しませんでした	4
訂正しましょう	4
訂正しない	4
訂正しなかった	4
訂正した	4
訂正して	4
訂正している	4
訂正しています	4
訂正していた	4
訂正していました	4
訂正してる	4
訂正してます	4
計上する	4
計上します	4
計上しません	4
計上しました	4
計上しませんでした	4
計上しましょう	4
計上しない	4
計上しなかった	4
計上した	4
計上して	4
計上している	4
計上しています	4
計上していた	4
計上していました	4
計上してる	4
計上してます	4
計測する	4
計測します	4
計測しません	4
計測しました	4
計測しませんでした	4
計測しましょう	4
計測しない	4
計測しなかった	4
計測した	4
計測して	4
計測している	4
計測しています	4
計測していた	4
計測していました	4
計測してる	4
計測してます	4
計画する	4
計画します	4
計画しません	4
計画しました	4
計画しませんでした	4
計画しましょう	4
計画しない	4
計画しなかった	4
計画した	4
計画して	4
計画している	4
計画しています	4
計画していた	4
計画していました	4
計画してる	4
計画してます	4
計算する	4
計算します	4
計算しません	4
計算しました	4
計算しませんでした	4
計算しましょう	4
計算しない	4
計算しなかった	4
計算した	4
計算して	4
計算している	4
計算しています	4
計算していた	4
計算していました	4
計算してる	4
計算してます	4
計量する	4
計量します	4
計量しません	4
計量しました	4
計量しませんでした	4
計量しましょう	4
計量しない	4
計量しなかった	4
計量した	4
計量して	4
計量している	4
計量しています	4
計量していた	4
計量していました	4
計量してる	4
計量してます	4
討論する	1
討論します	1
討論しません	1
討論しました	1
討論しませんでした	1
討論しましょう	1
討論しない	1
討論しなかった	1
討論した	1
討論して	1
討論している	1
討論しています	1
討論していた	1
討論していました	1
討論してる	1
討論してます	1
討議する	1
討議します	1
討議しません	1
討議しました	1
討議しませんでした	1
討議しましょう	1
討議しない	1
討議しなかった	1
討議した	1
討議して	1
討議している	1
討議しています	1
討議していた	1
討議していました	1
討議してる	1
討議してます	1
訓示する	3
訓示します	3
訓示しません	3
訓示しました	3
訓示しませんでした	3
訓示しましょう	3
訓示しない	3
訓示しなかった	3
訓示した	3
訓示して	3
訓示している	3
訓示しています	3
訓示していた	3
訓示していました	3
訓示してる	3
訓示してます	3
訓練する	1
訓練します	1
訓練しません	1
訓練しました	1
訓練しませんでした	1
訓練しましょう	1
訓練しない	1
訓練しなかった	1
訓練した	1
訓練して	1
訓練している	1
訓練しています	1
訓練していた	1
訓練していました	1
訓練してる	1
訓練してます	1
訓読みする	4
訓読みします	4
訓読みしません	4
訓読みしました	4
訓読みしませんでした	4
訓読みしましょう	4
訓読みしない	4
訓読みしなかった	4
訓読みした	4
訓読みして	4
訓読みしている	4
訓読みしています	4
訓読みしていた	4
訓読みしていました	4
訓読みしてる	4
訓読みしてます	4
記入する	3
記入します	3
記入しません	3
記入しました	3
記入しませんでした	3
記入しましょう	3
記入しない	3
記入しなかった	3
記入した	3
記入して	3
記入している	3
記入しています	3
記入していた	3
記入していました	3
記入してる	3
記入してます	3
記帳する	3
記帳します	3
記帳しません	3
記帳しました	3
記帳しませんでした	3
記帳しましょう	3
記帳しない	3
記帳しなかった	3
記帳した	3
記帳して	3
記帳している	3
記帳しています	3
記帳していた	3
記帳していました	3
記帳してる	3
記帳してます	3
記念する	3
記念します	3
記念しません	3
記念しました	3
記念しませんでした	3
記念しましょう	3
記念しない	3
記念しなかった	3
記念した	3
記念して	3
記念している	3
記念しています	3
記念していた	3
記念していました	3
記念してる	3
記念してます	3
記憶する	3
記憶します	3
記憶しません	3
記憶しました	3
記憶しませんでした	3
記憶しましょう	3
記憶しない	3
記憶しなかった	3
記憶した	3
記憶して	3
記憶している	3
記憶しています	3
記憶していた	3
記憶していました	3
記憶してる	3
記憶してます	3
記者会見する	3
記者会見します	3
記者会見しません	3
記者会見しました	3
記者会見しませんでした	3
記者会見しましょう	3
記者会見しない	3
記者会見しなかった	3
記者会見した	3
記者会見して	3
記者会見している	3
記者会見しています	3
記者会見していた	3
記者会見していました	3
記者会見してる	3
記者会見してます	3
記載する	3
記載します	3
記載しません	3
記載しました	3
記載しませんでした	3
記載しましょう	3
記載しない	3
記載しなかった	3
記載した	3
記載して	3
記載している	3
記載しています	3
記載していた	3
記載していました	3
記載してる	3
記載してます	3
記述する	3
記述します	3
記述しません	3
記述しました	3
記述しませんでした	3
記述しましょう	3
記述しない	3
記述しなかった	3
記述した	3
記述して	3
記述している	3
記述しています	3
記述していた	3
記述していました	3
記述してる	3
記述してます	3
記録する	3
記録します	3
記録しません	3
記録しました	3
記録しませんでした	3
記録しましょう	3
記録しない	3
記録しなかった	3
記録した	3
記録して	3
記録している	3
記録しています	3
記録していた	3
記録していました	3
記録してる	3
記録してます	3
訪中する	4
訪中します	4
訪中しません	4
訪中しました	4
訪中しませんでした	4
訪中しましょう	4
訪中しない	4
訪中しなかった	4
訪中した	4
訪中して	4
訪中している	4
訪中しています	4
訪中していた	4
訪中していました	4
訪中してる	4
訪中してます	4
訪問する	4
訪問します	4
訪問しません	4
訪問しました	4
訪問しませんでした	4
訪問しましょう	4
訪問しない	4
訪問しなかった	4
訪問した	4
訪問して	4
訪問している	4
訪問しています	4
訪問していた	4
訪問していました	4
訪問してる	4
訪問してます	4
訪日する	4
訪日します	4
訪日しません	4
訪日しました	4
訪日しませんでした	4
訪日しましょう	4
訪日しない	4
訪日しなかった	4
訪日した	4
訪日して	4
訪日している	4
訪日しています	4
訪日していた	4
訪日していました	4
訪日してる	4
訪日してます	4
訪欧する	4
訪欧します	4
訪欧しません	4
訪欧しました	4
訪欧しませんでした	4
訪欧しましょう	4
訪欧しない	4
訪欧しなかった	4
訪欧した	4
訪欧して	4
訪欧している	4
訪欧しています	4
訪欧していた	4
訪欧していました	4
訪欧してる	4
訪欧してます	4
訪米する	4
訪米します	4
訪米しません	4
訪米しました	4
訪米しませんでした	4
訪米しましょう	4
訪米しない	4
訪米しなかった	4
訪米した	4
訪米して	4
訪米している	4
訪米しています	4
訪米していた	4
訪米していました	4
訪米してる	4
訪米してます	4
設備する	1
設備します	1
設備しません	1
設備しました	1
設備しませんでした	1
設備しましょう	1
設備しない	1
設備しなかった	1
設備した	1
設備して	1
設備している	1
設備しています	1
設備していた	1
設備していました	1
設備してる	1
設備してます	1
設問する	4
設問します	4
設問しません	4
設問しました	4
設問しませんでした	4
設問しましょう	4
設問しない	4
設問しなかった	4
設問した	4
設問して	4
設問している	4
設問しています	4
設問していた	4
設問していました	4
設問してる	4
設問してます	4
設定する	4
設定します	4
設定しません	4
設定しました	4
設定しませんでした	4
設定しましょう	4
設定しない	4
設定しなかった	4
設定した	4
設定して	4
設定している	4
設定しています	4
設定していた	4
設定していました	4
設定してる	4
設定してます	4
設立する	4
設立します	4
設立しません	4
設立しました	4
設立しませんでした	4
設立しましょう	4
設立しない	4
設立しなかった	4
設立した	4
設立して	4
設立している	4
設立しています	4
設立していた	4
設立していました	4
設立してる	4
設立してます	4
設置する	3
設置します	3
設置しません	3
設置しました	3
設置しませんでした	3
設置しましょう	3
設置しない	3
設置しなかった	3
設置した	3
設置して	3
設置している	3
設置しています	3
設置していた	3
設置していました	3
設置してる	3
設置してます	3
設計する	4
設計します	4
設計しません	4
設計しました	4
設計しませんでした	4
設計しましょう	4
設計しない	4
設計しなかった	4
設計した	4
設計して	4
設計している	4
設計しています	4
設計していた	4
設計していました	4
設計してる	4
設計してます	4
許可する	1
許可します	1
許可しません	1
許可しました	1
許可しませんでした	1
許可しましょう	1
許可しない	1
許可しなかった	1
許可した	1
許可して	1
許可している	1
許可しています	1
許可していた	1
許可していました	1
許可してる	1
許可してます	1
許容する	3
許容します	3
許容しません	3
許容しました	3
許容しませんでした	3
許容しましょう	3
許容しない	3
許容しなかった	3
許容した	3
許容して	3
許容している	3
許容しています	3
許容していた	3
許容していました	3
許容してる	3
許容してます	3
許諾する	3
許諾します	3
許諾しません	3
許諾しました	3
許諾しませんでした	3
許諾しましょう	3
許諾しない	3
許諾しなかった	3
許諾した	3
許諾して	3
許諾している	3
許諾しています	3
許諾していた	3
許諾していました	3
許諾してる	3
許諾してます	3
訴訟する	3
訴訟します	3
訴訟しません	3
訴訟しました	3
訴訟しませんでした	3
訴訟しましょう	3
訴訟しない	3
訴訟しなかった	3
訴訟した	3
訴訟して	3
訴訟している	3
訴訟しています	3
訴訟していた	3
訴訟していました	3
訴訟してる	3
訴訟してます	3
訴追する	3
訴追します	3
訴追しません	3
訴追しました	3
訴追しませんでした	3
訴追しましょう	3
訴追しない	3
訴追しなかった	3
訴追した	3
訴追して	3
訴追している	3
訴追しています	3
訴追していた	3
訴追していました	3
訴追してる	3
訴追してます	3
診察する	4
診察します	4
診察しません	4
診察しました	4
診察しませんでした	4
診察しましょう	4
診察しない	4
診察しなかった	4
診察した	4
診察して	4
診察している	4
診察しています	4
診察していた	4
診察していました	4
診察してる	4
診察してます	4
診断する	4
診断します	4
診断しません	4
診断しました	4
診断しませんでした	4
診断しましょう	4
診断しない	4
診断しなかった	4
診断した	4
診断して	4
診断している	4
診断しています	4
診断していた	4
診断していました	4
診断してる	4
診断してます	4
診療する	4
診療します	4
診療しません	4
診療しました	4
診療しませんでした	4
診療しましょう	4
診療しない	4
診療しなかった	4
診療した	4
診療して	4
診療している	4
診療しています	4
診療していた	4
診療していました	4
診療してる	4
診療してます	4
証します	4
証しません	5
証しました	4
証しませんでした	5
証しましょう	5
証しない	0
証しなかった	7
証した	4
証して	0
証している	4
証しています	4
証していた	4
証していました	4
証してる	4
証してます	5
証明する	4
証明します	4
証明しません	4
証明しました	4
証明しませんでした	4
証明しましょう	4
証明しない	4
証明しなかった	4
証明した	4
証明して	4
証明している	4
証明しています	4
証明していた	4
証明していました	4
証明してる	4
証明してます	4
証言する	4
証言します	4
証言しません	4
証言しました	4
証言しませんでした	4
証言しましょう	4
証言しない	4
証言しなかった	4
証言した	4
証言して	4
証言している	4
証言しています	4
証言していた	4
証言していました	4
証言してる	4
証言してます	4
評価する	1
評価します	1
評価しません	1
評価しました	1
評価しませんでした	1
評価しましょう	1
評価しない	1
評価しなかった	1
評価した	1
評価して	1
評価している	1
評価しています	1
評価していた	1
評価していました	1
評価してる	1
評価してます	1
評判する	4
評判します	4
評判しません	4
評判しました	4
評判しませんでした	4
評判しましょう	4
評判しない	4
評判しなかった	4
評判した	4
評判して	4
評判している	4
評判しています	4
評判していた	4
評判していました	4
評判してる	4
評判してます	4
評決する	4
評決します	4
評決しません	4
評決しました	4
評決しませんでした	4
評決しましょう	4
評決しない	4
評決しなかった	4
評決した	4
評決して	4
評決している	4
評決しています	4
評決していた	4
評決していました	4
評決してる	4
評決してます	4
評論する	4
評論します	4
評論しません	4
評論しました	4
評論しませんでした	4
評論しましょう	4
評論しない	4
評論しなかった	4
評論した	4
評論して	4
評論している	4
評論しています	4
評論していた	4
評論していました	4
評論してる	4
評論してます	4
評議する	1
評議します	1
評議しません	1
評議しました	1
評議しませんでした	1
評議しましょう	1
評議しない	1
評議しなかった	1
評議した	1
評議して	1
評議している	1
評議しています	1
評議していた	1
評議していました	1
評議してる	1
評議してます	1
試作する	3
試作します	3
試作しません	3
試作しました	3
試作しませんでした	3
試作しましょう	3
試作しない	3
試作しなかった	3
試作した	3
試作して	3
試作している	3
試作しています	3
試作していた	3
試作していました	3
試作してる	3
試作してます	3
試写する	2
試写します	2
試写しません	2
試写しました	2
試写しませんでした	2
試写しましょう	2
試写しない	2
試写しなかった	2
試写した	2
試写して	2
試写している	2
試写しています	2
試写していた	2
試写していました	2
試写してる	2
試写してます	2
試合する	3
試合します	3
試合しません	3
試合しました	3
試合しませんでした	3
試合しましょう	3
試合しない	3
試合しなかった	3
試合した	3
試合して	3
試合している	3
試合しています	3
試合していた	3
試合していました	3
試合してる	3
試合してます	3
試着する	3
試着します	3
試着しません	3
試着しました	3
試着しませんでした	3
試着しましょう	3
試着しない	3
試着しなかった	3
試着した	3
試着して	3
試着している	3
試着しています	3
試着していた	3
試着していました	3
試着してる	3
試着してます	3
試算する	3
試算します	3
試算しません	3
試算しました	3
試算しませんでした	3
試算しましょう	3
試算しない	3
試算しなかった	3
試算した	3
試算して	3
試算している	3
試算しています	3
試算していた	3
試算していました	3
試算してる	3
試算してます	3
試行する	3
試行します	3
試行しません	3
試行しました	3
試行しませんでした	3
試行しましょう	3
試行しない	3
試行しなかった	3
試行した	3
試行して	3
試行している	3
試行しています	3
試行していた	3
試行していました	3
試行してる	3
試行してます	3
試行錯誤する	4
試行錯誤します	4
試行錯誤しません	4
試行錯誤しました	4
試行錯誤しませんでした	4
試行錯誤しましょう	4
試行錯誤しない	4
試行錯誤しなかった	4
試行錯誤した	4
試行錯誤して	4
試行錯誤している	4
試行錯誤しています	4
試行錯誤していた	4
試行錯誤していました	4
試行錯誤してる	4
試行錯誤してます	4
試食する	3
試食します	3
試食しません	3
試食しました	3
試食しませんでした	3
試食しましょう	3
試食しない	3
試食しなかった	3
試食した	3
試食して	3
試食している	3
試食しています	3
試食していた	3
試食していました	3
試食してる	3
試食してます	3
試験する	2
試験します	2
試験しません	2
試験しました	2
試験しませんでした	2
試験しましょう	2
試験しない	2
試験しなかった	2
試験した	2
試験して	2
試験している	2
試験しています	2
試験していた	2
試験していました	2
試験してる	2
試験してます	2
話し合いする	5
話し合いします	5
話し合いしません	5
話し合いしました	5
話し合いしませんでした	5
話し合いしましょう	5
話し合いしない	5
話し合いしなかった	5
話し合いした	5
話し合いして	5
話し合いしている	5
話し合いしています	5
話し合いしていた	5
話し合いしていました	5
話し合いしてる	5
話し合いしてます	5
該当する	4
該当します	4
該当しません	4
該当しました	4
該当しませんでした	4
該当しましょう	4
該当しない	4
該当しなかった	4
該当した	4
該当して	4
該当している	4
該当しています	4
該当していた	4
該当していました	4
該当してる	4
該当してます	4
詳報する	4
詳報します	4
詳報しません	4
詳報しました	4
詳報しませんでした	4
詳報しましょう	4
詳報しない	4
詳報しなかった	4
詳報した	4
詳報して	4
詳報している	4
詳報しています	4
詳報していた	4
詳報していました	4
詳報してる	4
詳報してます	4
誇張する	3
誇張します	3
誇張しません	3
誇張しました	3
誇張しませんでした	3
誇張しましょう	3
誇張しない	3
誇張しなかった	3
誇張した	3
誇張して	3
誇張している	3
誇張しています	3
誇張していた	3
誇張していました	3
誇張してる	3
誇張してます	3
認可する	1
認可します	1
認可しません	1
認可しました	1
認可しませんでした	1
認可しましょう	1
認可しない	1
認可しなかった	1
認可した	1
認可して	1
認可している	1
認可しています	1
認可していた	1
認可していました	1
認可してる	1
認可してます	1
認定する	4
認定します	4
認定しません	4
認定しました	4
認定しませんでした	4
認定しましょう	4
認定しない	4
認定しなかった	4
認定した	4
認定して	4
認定している	4
認定しています	4
認定していた	4
認定していました	4
認定してる	4
認定してます	4
認知する	1
認知します	1
認知しません	1
認知しました	1
認知しませんでした	1
認知しましょう	1
認知しない	1
認知しなかった	1
認知した	1
認知して	1
認知している	1
認知しています	1
認知していた	1
認知していました	1
認知してる	1
認知してます	1
認証する	4
認証します	4
認証しません	4
認証しました	4
認証しませんでした	4
認証しましょう	4
認証しない	4
認証しなかった	4
認証した	4
認証して	4
認証している	4
認証しています	4
認証していた	4
認証していました	4
認証してる	4
認証してます	4
認識する	4
認識します	4
認識しません	4
認識しました	4
認識しませんでした	4
認識しましょう	4
認識しない	4
認識しなかった	4
認識した	4
認識して	4
認識している	4
認識しています	4
認識していた	4
認識していました	4
認識してる	4
認識してます	4
誓約する	4
誓約します	4
誓約しません	4
誓約しました	4
誓約しませんでした	4
誓約しましょう	4
誓約しない	4
誓約しなかった	4
誓約した	4
誓約して	4
誓約している	4
誓約しています	4
誓約していた	4
誓約していました	4
誓約してる	4
誓約してます	4
誕生する	4
誕生します	4
誕生しません	4
誕生しました	4
誕生しませんでした	4
誕生しましょう	4
誕生しない	4
誕生しなかった	4
誕生した	4
誕生して	4
誕生している	4
誕生しています	4
誕生していた	4
誕生していました	4
誕生してる	4
誕生してます	4
誘導する	4
誘導します	4
誘導しません	4
誘導しました	4
誘導しませんでした	4
誘導しましょう	4
誘導しない	4
誘導しなかった	4
誘導した	4
誘導して	4
誘導している	4
誘導しています	4
誘導していた	4
誘導していました	4
誘導してる	4
誘導してます	4
誘惑する	4
誘惑します	4
誘惑しません	4
誘惑しました	4
誘惑しませんでした	4
誘惑しましょう	4
誘惑しない	4
誘惑しなかった	4
誘惑した	4
誘惑して	4
誘惑している	4
誘惑しています	4
誘惑していた	4
誘惑していました	4
誘惑してる	4
誘惑してます	4
誘拐する	4
誘拐します	4
誘拐しません	4
誘拐しました	4
誘拐しませんでした	4
誘拐しましょう	4
誘拐しない	4
誘拐しなかった	4
誘拐した	4
誘拐して	4
誘拐している	4
誘拐しています	4
誘拐していた	4
誘拐していました	4
誘拐してる	4
誘拐してます	4
誘致する	1
誘致します	1
誘致しません	1
誘致しました	1
誘致しませんでした	1
誘致しましょう	1
誘致しない	1
誘致しなかった	1
誘致した	1
誘致して	1
誘致している	1
誘致しています	1
誘致していた	1
誘致していました	1
誘致してる	1
誘致してます	1
誤算する	3
誤算します	3
誤算しません	3
誤算しました	3
誤算しませんでした	3
誤算しましょう	3
誤算しない	3
誤算しなかった	3
誤算した	3
誤算して	3
誤算している	3
誤算しています	3
誤算していた	3
誤算していました	3
誤算してる	3
誤算してます	3
誤解する	3
誤解します	3
誤解しません	3
誤解しました	3
誤解しませんでした	3
誤解しましょう	3
誤解しない	3
誤解しなかった	3
誤解した	3
誤解して	3
誤解している	3
誤解しています	3
誤解していた	3
誤解していました	3
誤解してる	3
誤解してます	3
誤認する	3
誤認します	3
誤認しません	3
誤認しました	3
誤認しませんでした	3
誤認しましょう	3
誤認しない	3
誤認しなかった	3
誤認した	3
誤認して	3
誤認している	3
誤認しています	3
誤認していた	3
誤認していました	3
誤認してる	3
誤認してます	3
説得する	4
説得します	4
説得しません	4
説得しました	4
説得しませんでした	4
説得しましょう	4
説得しない	4
説得しなかった	4
説得した	4
説得して	4
説得している	4
説得しています	4
説得していた	4
説得していました	4
説得してる	4
説得してます	4
説教する	3
説教します	3
説教しません	3
説教しました	3
説教しませんでした	3
説教しましょう	3
説教しない	3
説教しなかった	3
説教した	3
説教して	3
説教している	3
説教しています	3
説教していた	3
説教していました	3
説教してる	3
説教してます	3
説明する	4
説明します	4
説明しません	4
説明しました	4
説明しませんでした	4
説明しましょう	4
説明しない	4
説明しなかった	4
説明した	4
説明して	4
説明している	4
説明しています	4
説明していた	4
説明していました	4
説明してる	4
説明してます	4
読み取りする	4
読み取りします	4
読み取りしません	4
読み取りしました	4
読み取りしませんでした	4
読み取りしましょう	4
読み取りしない	5
読み取りしなかった	5
読み取りした	4
読み取りして	4
読み取りしている	4
読み取りしています	4
読み取りしていた	4
読み取りしていました	4
読み取りしてる	4
読み取りしてます	4
読書する	1
読書します	1
読書しません	1
読書しました	1
読書しませんでした	1
読書しましょう	1
読書しない	1
読書しなかった	1
読書した	1
読書して	1
読書している	1
読書しています	1
読書していた	1
読書していました	1
読書してる	1
読書してます	1
課するする	2
課するします	5
課するしません	6
課するしました	5
課するしませんでした	6
課するしましょう	6
課するしない	4
課するしなかった	4
課するした	2
課するして	2
課するしている	2
課するしています	2
課するしていた	2
課するしていました	2
課するしてる	2
課するしてます	2
課税する	3
課税します	3
課税しません	3
課税しました	3
課税しませんでした	3
課税しましょう	3
課税しない	3
課税しなかった	3
課税した	3
課税して	3
課税している	3
課税しています	3
課税していた	3
課税していました	3
課税してる	3
課税してます	3
誹謗する	3
誹謗します	3
誹謗しません	3
誹謗しました	3
誹謗しませんでした	3
誹謗しましょう	3
誹謗しない	3
誹謗しなかった	3
誹謗した	3
誹謗して	3
誹謗している	3
誹謗しています	3
誹謗していた	3
誹謗していました	3
誹謗してる	3
誹謗してます	3
調停する	4
調停します	4
調停しません	4
調停しました	4
調停しませんでした	4
調停しましょう	4
調停しない	4
調停しなかった	4
調停した	4
調停して	4
調停している	4
調停しています	4
調停していた	4
調停していました	4
調停してる	4
調停してます	4
調印する	4
調印します	4
調印しません	4
調印しました	4
調印しませんでした	4
調印しましょう	4
調印しない	4
調印しなかった	4
調印した	4
調印して	4
調印している	4
調印しています	4
調印していた	4
調印していました	4
調印してる	4
調印してます	4
調和する	3
調和します	3
調和しません	3
調和しました	3
調和しませんでした	3
調和しましょう	3
調和しない	3
調和しなかった	3
調和した	3
調和して	3
調和している	3
調和しています	3
調和していた	3
調和していました	3
調和してる	3
調和してます	3
調教する	4
調教します	4
調教しません	4
調教しました	4
調教しませんでした	4
調教しましょう	4
調教しない	4
調教しなかった	4
調教した	4
調教して	4
調教している	4
調教しています	4
調教していた	4
調教していました	4
調教してる	4
調教してます	4
調整する	4
調整します	4
調整しません	4
調整しました	4
調整しませんでした	4
調整しましょう	4
調整しない	4
調整しなかった	4
調整した	4
調整して	4
調整している	4
調整しています	4
調整していた	4
調整していました	4
調整してる	4
調整してます	4
調査する	1
調査します	1
調査しません	1
調査しました	1
調査しませんでした	1
調査しましょう	1
調査しない	1
調査しなかった	1
調査した	1
調査して	1
調査している	1
調査しています	1
調査していた	1
調査していました	1
調査してる	1
調査してます	1
調理する	1
調理します	1
調理しません	1
調理しました	1
調理しませんでした	1
調理しましょう	1
調理しない	1
調理しなかった	1
調理した	1
調理して	1
調理している	1
調理しています	1
調理していた	1
調理していました	1
調理してる	1
調理してます	1
調節する	4
調節します	4
調節しません	4
調節しました	4
調節しませんでした	4
調節しましょう	4
調節しない	4
調節しなかった	4
調節した	4
調節して	4
調節している	4
調節しています	4
調節していた	4
調節していました	4
調節してる	4
調節してます	4
調達する	4
調達します	4
調達しません	4
調達しました	4
調達しませんでした	4
調達しましょう	4
調達しない	4
調達しなかった	4
調達した	4
調達して	4
調達している	4
調達しています	4
調達していた	4
調達していました	4
調達してる	4
調達してます	4
談合する	4
談合します	4
談合しません	4
談合しました	4
談合しませんでした	4
談合しましょう	4
談合しない	4
談合しなかった	4
談合した	4
談合して	4
談合している	4
談合しています	4
談合していた	4
談合していました	4
談合してる	4
談合してます	4
談話する	3
談話します	3
談話しません	3
談話しました	3
談話しませんでした	3
談話しましょう	3
談話しない	3
談話しなかった	3
談話した	3
談話して	3
談話している	3
談話しています	3
談話していた	3
談話していました	3
談話してる	3
談話してます	3
請求する	4
請求します	4
請求しません	4
請求しました	4
請求しませんでした	4
請求しましょう	4
請求しない	4
請求しなかった	4
請求した	4
請求して	4
請求している	4
請求しています	4
請求していた	4
請求していました	4
請求してる	4
請求してます	4
請託する	4
請託します	4
請託しません	4
請託しました	4
請託しませんでした	4
請託しましょう	4
請託しない	4
請託しなかった	4
請託した	4
請託して	4
請託している	4
請託しています	4
請託していた	4
請託していました	4
請託してる	4
請託してます	4
請願する	4
請願します	4
請願しません	4
請願しました	4
請願しませんでした	4
請願しましょう	4
請願しない	4
請願しなかった	4
請願した	4
請願して	4
請願している	4
請願しています	4
請願していた	4
請願していました	4
請願してる	4
請願してます	4
論争する	4
論争します	4
論争しません	4
論争しました	4
論争しませんでした	4
論争しましょう	4
論争しない	4
論争しなかった	4
論争した	4
論争して	4
論争している	4
論争しています	4
論争していた	4
論争していました	4
論争してる	4
論争してます	4
論告する	4
論告します	4
論告しません	4
論告しました	4
論告しませんでした	4
論告しましょう	4
論告しない	4
論告しなかった	4
論告した	4
論告して	4
論告している	4
論告しています	4
論告していた	4
論告していました	4
論告してる	4
論告してます	4
論戦する	4
論戦します	4
論戦しません	4
論戦しました	4
論戦しませんでした	4
論戦しましょう	4
論戦しない	4
論戦しなかった	4
論戦した	4
論戦して	4
論戦している	4
論戦しています	4
論戦していた	4
論戦していました	4
論戦してる	4
論戦してます	4
論評する	4
論評します	4
論評しません	4
論評しました	4
論評しませんでした	4
論評しましょう	4
論評しない	4
論評しなかった	4
論評した	4
論評して	4
論評している	4
論評しています	4
論評していた	4
論評していました	4
論評してる	4
論評してます	4
論説する	4
論説します	4
論説しません	4
論説しました	4
論説しませんでした	4
論説しましょう	4
論説しない	4
論説しなかった	4
論説した	4
論説して	4
論説している	4
論説しています	4
論説していた	4
論説していました	4
論説してる	4
論説してます	4
論議する	1
論議します	1
論議しません	1
論議しました	1
論議しませんでした	1
論議しましょう	1
論議しない	1
論議しなかった	1
論議した	1
論議して	1
論議している	1
論議しています	1
論議していた	1
論議していました	1
論議してる	1
論議してます	1
諮問する	3
諮問します	3
諮問しません	3
諮問しました	3
諮問しませんでした	3
諮問しましょう	3
諮問しない	3
諮問しなかった	3
諮問した	3
諮問して	3
諮問している	3
諮問しています	3
諮問していた	3
諮問していました	3
諮問してる	3
諮問してます	3
謙遜する	4
謙遜します	4
謙遜しません	4
謙遜しました	4
謙遜しませんでした	4
謙遜しましょう	4
謙遜しない	4
謙遜しなかった	4
謙遜した	4
謙遜して	4
謙遜している	4
謙遜しています	4
謙遜していた	4
謙遜していました	4
謙遜してる	4
謙遜してます	4
講和する	3
講和します	3
講和しません	3
講和しました	3
講和しませんでした	3
講和しましょう	3
講和しない	3
講和しなかった	3
講和した	3
講和して	3
講和している	3
講和しています	3
講和していた	3
講和していました	3
講和してる	3
講和してます	3
講演する	4
講演します	4
講演しません	4
講演しました	4
講演しませんでした	4
講演しましょう	4
講演しない	4
講演しなかった	4
講演した	4
講演して	4
講演している	4
講演しています	4
講演していた	4
講演していました	4
講演してる	4
講演してます	4
講義する	1
講義します	1
講義しません	1
講義しました	1
講義しませんでした	1
講義しましょう	1
講義しない	1
講義しなかった	1
講義した	1
講義して	1
講義している	1
講義しています	1
講義していた	1
講義していました	1
講義してる	1
講義してます	1
講習する	4
講習します	4
講習しません	4
講習しました	4
講習しませんでした	4
講習しましょう	4
講習しない	4
講習しなかった	4
講習した	4
講習して	4
講習している	4
講習しています	4
講習していた	4
講習していました	4
講習してる	4
講習してます	4
謝礼する	3
謝礼します	3
謝礼しません	3
謝礼しました	3
謝礼しませんでした	3
謝礼しましょう	3
謝礼しない	3
謝礼しなかった	3
謝礼した	3
謝礼して	3
謝礼している	3
謝礼しています	3
謝礼していた	3
謝礼していました	3
謝礼してる	3
謝礼してます	3
謝罪する	3
謝罪します	3
謝罪しません	3
謝罪しました	3
謝罪しませんでした	3
謝罪しましょう	3
謝罪しない	3
謝罪しなかった	3
謝罪した	3
謝罪して	3
謝罪している	3
謝罪しています	3
謝罪していた	3
謝罪していました	3
謝罪してる	3
謝罪してます	3
謹慎する	4
謹慎します	4
謹慎しません	4
謹慎しました	4
謹慎しませんでした	4
謹慎しましょう	4
謹慎しない	4
謹慎しなかった	4
謹慎した	4
謹慎して	4
謹慎している	4
謹慎しています	4
謹慎していた	4
謹慎していました	4
謹慎してる	4
謹慎してます	4
識別する	4
識別します	4
識別しません	4
識別しました	4
識別しませんでした	4
識別しましょう	4
識別しない	4
識別しなかった	4
識別した	4
識別して	4
識別している	4
識別しています	4
識別していた	4
識別していました	4
識別してる	4
識別してます	4
警備する	1
警備します	1
警備しません	1
警備しました	1
警備しませんでした	1
警備しましょう	1
警備しない	1
警備しなかった	1
警備した	1
警備して	1
警備している	1
警備しています	1
警備していた	1
警備していました	1
警備してる	1
警備してます	1
警告する	4
警告します	4
警告しません	4
警告しました	4
警告しませんでした	4
警告しましょう	4
警告しない	4
警告しなかった	4
警告した	4
警告して	4
警告している	4
警告しています	4
警告していた	4
警告していました	4
警告してる	4
警告してます	4
警戒する	4
警戒します	4
警戒しません	4
警戒しました	4
警戒しませんでした	4
警戒しましょう	4
警戒しない	4
警戒しなかった	4
警戒した	4
警戒して	4
警戒している	4
警戒しています	4
警戒していた	4
警戒していました	4
警戒してる	4
警戒してます	4
警護する	1
警護します	1
警護しません	1
警護しました	1
警護しませんでした	1
警護しましょう	1
警護しない	1
警護しなかった	1
警護した	1
警護して	1
警護している	1
警護しています	1
警護していた	1
警護していました	1
警護してる	1
警護してます	1
議決する	3
議決します	3
議決しません	3
議決しました	3
議決しませんでした	3
議決しましょう	3
議決しない	3
議決しなかった	3
議決した	3
議決して	3
議決している	3
議決しています	3
議決していた	3
議決していました	3
議決してる	3
議決してます	3
議論する	1
議論します	1
議論しません	1
議論しました	1
議論しませんでした	1
議論しましょう	1
議論しない	1
議論しなかった	1
議論した	1
議論して	1
議論している	1
議論しています	1
議論していた	1
議論していました	1
議論してる	1
議論してます	1
譲歩する	1
譲歩します	1
譲歩しません	1
譲歩しました	1
譲歩しませんでした	1
譲歩しましょう	1
譲歩しない	1
譲歩しなかった	1
譲歩した	1
譲歩して	1
譲歩している	1
譲歩しています	1
譲歩していた	1
譲歩していました	1
譲歩してる	1
譲歩してます	1
譲渡する	1
譲渡します	1
譲渡しません	1
譲渡しました	1
譲渡しませんでした	1
譲渡しましょう	8
譲渡しない	1
譲渡しなかった	1
譲渡した	1
譲渡して	1
譲渡している	1
譲渡しています	1
譲渡していた	1
譲渡していました	1
譲渡してる	1
譲渡してます	1
護衛する	3
護衛します	3
護衛しません	3
護衛しました	3
護衛しませんでした	3
護衛しましょう	3
護衛しない	3
護衛しなかった	3
護衛した	3
護衛して	3
護衛している	3
護衛しています	3
護衛していた	3
護衛していました	3
護衛してる	3
護衛してます	3
護送する	3
護送します	3
護送しません	3
護送しました	3
護送しませんでした	3
護送しましょう	3
護送しない	3
護送しなかった	3
護送した	3
護送して	3
護送している	3
護送しています	3
護送していた	3
護送していました	3
護送してる	3
護送してます	3
象徴する	4
象徴します	4
象徴しません	4
象徴しました	4
象徴しませんでした	4
象徴しましょう	4
象徴しない	4
象徴しなかった	4
象徴した	4
象徴して	4
象徴している	4
象徴しています	4
象徴していた	4
象徴していました	4
象徴してる	4
象徴してます	4
負んぶする	1
負んぶします	1
負んぶしません	1
負んぶしました	1
負んぶしませんでした	1
負んぶしましょう	1
負んぶしない	1
負んぶしなかった	1
負んぶした	1
負んぶして	1
負んぶしている	1
負んぶしています	1
負んぶしていた	1
負んぶしていました	1
負んぶしてる	1
負んぶしてます	1
負傷する	3
負傷します	3
負傷しません	3
負傷しました	3
負傷しませんでした	3
負傷しましょう	3
負傷しない	3
負傷しなかった	3
負傷した	3
負傷して	3
負傷している	3
負傷しています	3
負傷していた	3
負傷していました	3
負傷してる	3
負傷してます	3
負担する	3
負担します	3
負担しません	3
負担しました	3
負担しませんでした	3
負担しましょう	3
負担しない	3
負担しなかった	3
負担した	3
負担して	3
負担している	3
負担しています	3
負担していた	3
負担していました	3
負担してる	3
負担してます	3
負荷する	1
負荷します	1
負荷しません	1
負荷しました	1
負荷しませんでした	1
負荷しましょう	1
負荷しない	1
負荷しなかった	1
負荷した	1
負荷して	1
負荷している	1
負荷しています	1
負荷していた	1
負荷していました	1
負荷してる	1
負荷してます	1
貢献する	4
貢献します	4
貢献しません	4
貢献しました	4
貢献しませんでした	4
貢献しましょう	4
貢献しない	4
貢献しなかった	4
貢献した	4
貢献して	4
貢献している	4
貢献しています	4
貢献していた	4
貢献していました	4
貢献してる	4
貢献してます	4
貧乏する	1
貧乏します	1
貧乏しません	1
貧乏しました	1
貧乏しませんでした	1
貧乏しましょう	1
貧乏しない	1
貧乏しなかった	1
貧乏した	1
貧乏して	1
貧乏している	1
貧乏しています	1
貧乏していた	1
貧乏していました	1
貧乏してる	1
貧乏してます	1
販売する	4
販売します	4
販売しません	4
販売しました	4
販売しませんでした	4
販売しましょう	4
販売しない	4
販売しなかった	4
販売した	4
販売して	4
販売している	4
販売しています	4
販売していた	4
販売していました	4
販売してる	4
販売してます	4
貯水する	3
貯水します	3
貯水しません	3
貯水しました	3
貯水しませんでした	3
貯水しましょう	3
貯水しない	3
貯水しなかった	3
貯水した	3
貯水して	3
貯水している	3
貯水しています	3
貯水していた	3
貯水していました	3
貯水してる	3
貯水してます	3
貯蓄する	3
貯蓄します	3
貯蓄しません	3
貯蓄しました	3
貯蓄しませんでした	3
貯蓄しましょう	3
貯蓄しない	3
貯蓄しなかった	3
貯蓄した	3
貯蓄して	3
貯蓄している	3
貯蓄しています	3
貯蓄していた	3
貯蓄していました	3
貯蓄してる	3
貯蓄してます	3
貯蔵する	3
貯蔵します	3
貯蔵しません	3
貯蔵しました	3
貯蔵しませんでした	3
貯蔵しましょう	3
貯蔵しない	3
貯蔵しなかった	3
貯蔵した	3
貯蔵して	3
貯蔵している	3
貯蔵しています	3
貯蔵していた	3
貯蔵していました	3
貯蔵してる	3
貯蔵してます	3
貯金する	3
貯金します	3
貯金しません	3
貯金しました	3
貯金しませんでした	3
貯金しましょう	3
貯金しない	3
貯金しなかった	3
貯金した	3
貯金して	3
貯金している	3
貯金しています	3
貯金していた	3
貯金していました	3
貯金してる	3
貯金してます	3
買い物する	4
買い物します	4
買い物しません	4
買い物しました	4
買い物しませんでした	4
買い物しましょう	4
買い物しない	4
買い物しなかった	4
買い物した	4
買い物して	4
買い物している	4
買い物しています	4
買い物していた	4
買い物していました	4
買い物してる	4
買い物してます	4
買収する	4
買収します	4
買収しません	4
買収しました	4
買収しませんでした	4
買収しましょう	4
買収しない	4
買収しなかった	4
買収した	4
買収して	4
買収している	4
買収しています	4
買収していた	4
買収していました	4
買収してる	4
買収してます	4
買取する	4
買取します	4
買取しません	4
買取しました	4
買取しませんでした	4
買取しましょう	4
買取しない	4
買取しなかった	4
買取した	4
買取して	4
買取している	4
買取しています	4
買取していた	4
買取していました	4
買取してる	4
買取してます	4
貸与する	1
貸与します	1
貸与しません	1
貸与しました	1
貸与しませんでした	1
貸与しましょう	1
貸与しない	1
貸与しなかった	1
貸与した	1
貸与して	1
貸与している	1
貸与しています	1
貸与していた	1
貸与していました	1
貸与してる	1
貸与してます	1
貸付する	4
貸付します	4
貸付しません	4
貸付しました	4
貸付しませんでした	4
貸付しましょう	4
貸付しない	4
貸付しなかった	4
貸付した	4
貸付して	4
貸付している	4
貸付しています	4
貸付していた	4
貸付していました	4
貸付してる	4
貸付してます	4
貸借する	1
貸借します	1
貸借しません	1
貸借しました	1
貸借しませんでした	1
貸借しましょう	1
貸借しない	1
貸借しなかった	1
貸借した	1
貸借して	1
貸借している	1
貸借しています	1
貸借していた	1
貸借していました	1
貸借してる	1
貸借してます	1
貸出する	4
貸出します	5
貸出しません	6
貸出しました	5
貸出しませんでした	6
貸出しましょう	6
貸出しない	4
貸出しなかった	4
貸出した	3
貸出して	3
貸出している	3
貸出しています	3
貸出していた	3
貸出していました	3
貸出してる	5
貸出してます	3
貼付する	1
貼付します	1
貼付しません	1
貼付しました	1
貼付しませんでした	1
貼付しましょう	1
貼付しない	1
貼付しなかった	1
貼付した	1
貼付して	1
貼付している	1
貼付しています	1
貼付していた	1
貼付していました	1
貼付してる	1
貼付してます	1
貿易する	4
貿易します	4
貿易しません	4
貿易しました	4
貿易しませんでした	4
貿易しましょう	4
貿易しない	4
貿易しなかった	4
貿易した	4
貿易して	4
貿易している	4
貿易しています	4
貿易していた	4
貿易していました	4
貿易してる	4
貿易してます	4
賃上げする	4
賃上げします	4
賃上げしません	4
賃上げしました	4
賃上げしませんでした	4
賃上げしましょう	4
賃上げしない	4
賃上げしなかった	4
賃上げした	4
賃上げして	4
賃上げしている	4
賃上げしています	4
賃上げしていた	4
賃上げしていました	4
賃上げしてる	4
賃上げしてます	4
賃貸する	4
賃貸します	4
賃貸しません	4
賃貸しました	4
賃貸しませんでした	4
賃貸しましょう	4
賃貸しない	4
賃貸しなかった	4
賃貸した	4
賃貸して	4
賃貸している	4
賃貸しています	4
賃貸していた	4
賃貸していました	4
賃貸してる	4
賃貸してます	4
資するする	2
資するします	5
資するしません	6
資するしました	5
資するしませんでした	6
資するしましょう	6
資するしない	4
資するしなかった	4
資するした	2
資するして	2
資するしている	2
資するしています	2
資するしていた	2
資するしていました	2
資するしてる	2
資するしてます	2
賛同する	4
賛同します	4
賛同しません	4
賛同しました	4
賛同しませんでした	4
賛同しましょう	4
賛同しない	4
賛同しなかった	4
賛同した	4
賛同して	4
賛同している	4
賛同しています	4
賛同していた	4
賛同していました	4
賛同してる	4
賛同してます	4
賛成する	4
賛成します	4
賛成しません	4
賛成しました	4
賛成しませんでした	4
賛成しましょう	4
賛成しない	4
賛成しなかった	4
賛成した	4
賛成して	4
賛成している	4
賛成しています	4
賛成していた	4
賛成していました	4
賛成してる	4
賛成してます	4
賛美する	1
賛美します	1
賛美しません	1
賛美しました	1
賛美しませんでした	1
賛美しましょう	1
賛美しない	1
賛美しなかった	1
賛美した	1
賛美して	1
賛美している	1
賛美しています	1
賛美していた	1
賛美していました	1
賛美してる	1
賛美してます	1
賞賛する	4
賞賛します	4
賞賛しません	4
賞賛しました	4
賞賛しませんでした	4
賞賛しましょう	4
賞賛しない	4
賞賛しなかった	4
賞賛した	4
賞賛して	4
賞賛している	4
賞賛しています	4
賞賛していた	4
賞賛していました	4
賞賛してる	4
賞賛してます	4
賠償する	4
賠償します	4
賠償しません	4
賠償しました	4
賠償しませんでした	4
賠償しましょう	4
賠償しない	4
賠償しなかった	4
賠償した	4
賠償して	4
賠償している	4
賠償しています	4
賠償していた	4
賠償していました	4
賠償してる	4
賠償してます	4
質問する	4
質問します	4
質問しません	4
質問しました	4
質問しませんでした	4
質問しましょう	4
質問しない	4
質問しなかった	4
質問した	4
質問して	4
質問している	4
質問しています	4
質問していた	4
質問していました	4
質問してる	4
質問してます	4
質疑する	1
質疑します	1
質疑しません	1
質疑しました	1
質疑しませんでした	1
質疑しましょう	1
質疑しない	1
質疑しなかった	1
質疑した	1
質疑して	1
質疑している	1
質疑しています	1
質疑していた	1
質疑していました	1
質疑してる	1
質疑してます	1
購入する	4
購入します	4
購入しません	4
購入しました	4
購入しませんでした	4
購入しましょう	4
購入しない	4
購入しなかった	4
購入した	4
購入して	4
購入している	4
購入しています	4
購入していた	4
購入していました	4
購入してる	4
購入してます	4
購読する	4
購読します	4
購読しません	4
購読しました	4
購読しませんでした	4
購読しましょう	4
購読しない	4
購読しなかった	4
購読した	4
購読して	4
購読している	4
購読しています	4
購読していた	4
購読していました	4
購読してる	4
購読してます	4
購買する	4
購買します	4
購買しません	4
購買しました	4
購買しませんでした	4
購買しましょう	4
購買しない	4
購買しなかった	4
購買した	4
購買して	4
購買している	4
購買しています	4
購買していた	4
購買していました	4
購買してる	4
購買してます	4
贅沢する	3
贅沢します	3
贅沢しません	3
贅沢しました	3
贅沢しませんでした	3
贅沢しましょう	3
贅沢しない	3
贅沢しなかった	3
贅沢した	3
贅沢して	3
贅沢している	3
贅沢しています	3
贅沢していた	3
贅沢していました	3
贅沢してる	3
贅沢してます	3
贈与する	1
贈与します	1
贈与しません	1
贈与しました	1
贈与しませんでした	1
贈与しましょう	1
贈与しない	1
贈与しなかった	1
贈与した	1
贈与して	1
贈与している	1
贈与しています	1
贈与していた	1
贈与していました	1
贈与してる	1
贈与してます	1
贈呈する	4
贈呈します	4
贈呈しません	4
贈呈しました	4
贈呈しませんでした	4
贈呈しましょう	4
贈呈しない	4
贈呈しなかった	4
贈呈した	4
贈呈して	4
贈呈している	4
贈呈しています	4
贈呈していた	4
贈呈していました	4
贈呈してる	4
贈呈してます	4
贈答する	4
贈答します	4
贈答しません	4
贈答しました	4
贈答しませんでした	4
贈答しましょう	4
贈答しない	4
贈答しなかった	4
贈答した	4
贈答して	4
贈答している	4
贈答しています	4
贈答していた	4
贈答していました	4
贈答してる	4
贈答してます	4
贈賄する	4
贈賄します	4
贈賄しません	4
贈賄しました	4
贈賄しませんでした	4
贈賄しましょう	4
贈賄しない	4
贈賄しなかった	4
贈賄した	4
贈賄して	4
贈賄している	4
贈賄しています	4
贈賄していた	4
贈賄していました	4
贈賄してる	4
贈賄してます	4
贔屓する	1
贔屓します	1
贔屓しません	1
贔屓しました	1
贔屓しませんでした	1
贔屓しましょう	1
贔屓しない	1
贔屓しなかった	1
贔屓した	1
贔屓して	1
贔屓している	1
贔屓しています	1
贔屓していた	1
贔屓していました	1
贔屓してる	1
贔屓してます	1
赤面する	4
赤面します	4
赤面しません	4
赤面しました	4
赤面しませんでした	4
赤面しましょう	4
赤面しない	4
赤面しなかった	4
赤面した	4
赤面して	4
赤面している	4
赤面しています	4
赤面していた	4
赤面していました	4
赤面してる	4
赤面してます	4
走塁する	4
走塁します	4
走塁しません	4
走塁しました	4
走塁しませんでした	4
走塁しましょう	4
走塁しない	4
走塁しなかった	4
走塁した	4
走塁して	4
走塁している	4
走塁しています	4
走塁していた	4
走塁していました	4
走塁してる	4
走塁してます	4
走行する	4
走行します	4
走行しません	4
走行しました	4
走行しませんでした	4
走行しましょう	4
走行しない	4
走行しなかった	4
走行した	4
走行して	4
走行している	4
走行しています	4
走行していた	4
走行していました	4
走行してる	4
走行してます	4
赴任する	3
赴任します	3
赴任しません	3
赴任しました	3
赴任しませんでした	3
赴任しましょう	3
赴任しない	3
赴任しなかった	3
赴任した	3
赴任して	3
赴任している	3
赴任しています	3
赴任していた	3
赴任していました	3
赴任してる	3
赴任してます	3
起伏する	3
起伏します	3
起伏しません	3
起伏しました	3
起伏しませんでした	3
起伏しましょう	3
起伏しない	3
起伏しなかった	3
起伏した	3
起伏して	3
起伏している	3
起伏しています	3
起伏していた	3
起伏していました	3
起伏してる	3
起伏してます	3
起債する	3
起債します	3
起債しません	3
起債しました	3
起債しませんでした	3
起債しましょう	3
起債しない	3
起債しなかった	3
起債した	3
起債して	3
起債している	3
起債しています	3
起債していた	3
起債していました	3
起債してる	3
起債してます	3
起動する	3
起動します	3
起動しません	3
起動しました	3
起動しませんでした	3
起動しましょう	3
起動しない	3
起動しなかった	3
起動した	3
起動して	3
起動している	3
起動しています	3
起動していた	3
起動していました	3
起動してる	3
起動してます	3
起因する	3
起因します	3
起因しません	3
起因しました	3
起因しませんでした	3
起因しましょう	3
起因しない	3
起因しなかった	3
起因した	3
起因して	3
起因している	3
起因しています	3
起因していた	3
起因していました	3
起因してる	3
起因してます	3
起工する	3
起工します	3
起工しません	3
起工しました	3
起工しませんでした	3
起工しましょう	3
起工しない	3
起工しなかった	3
起工した	3
起工して	3
起工している	3
起工しています	3
起工していた	3
起工していました	3
起工してる	3
起工してます	3
起床する	3
起床します	3
起床しません	3
起床しました	3
起床しませんでした	3
起床しましょう	3
起床しない	3
起床しなかった	3
起床した	3
起床して	3
起床している	3
起床しています	3
起床していた	3
起床していました	3
起床してる	3
起床してます	3
起爆する	3
起爆します	3
起爆しません	3
起爆しました	3
起爆しませんでした	3
起爆しましょう	3
起爆しない	3
起爆しなかった	3
起爆した	3
起爆して	3
起爆している	3
起爆しています	3
起爆していた	3
起爆していました	3
起爆してる	3
起爆してます	3
起用する	3
起用します	3
起用しません	3
起用しました	3
起用しませんでした	3
起用しましょう	3
起用しない	3
起用しなかった	3
起用した	3
起用して	3
起用している	3
起用しています	3
起用していた	3
起用していました	3
起用してる	3
起用してます	3
起立する	2
起立します	2
起立しません	2
起立しました	2
起立しませんでした	2
起立しましょう	2
起立しない	2
起立しなかった	2
起立した	2
起立して	2
起立している	2
起立しています	2
起立していた	2
起立していました	2
起立してる	2
起立してます	2
起草する	3
起草します	3
起草しません	3
起草しました	3
起草しませんでした	3
起草しましょう	3
起草しない	3
起草しなかった	3
起草した	3
起草して	3
起草している	3
起草しています	3
起草していた	3
起草していました	3
起草してる	3
起草してます	3
起訴する	1
起訴します	1
起訴しません	1
起訴しました	1
起訴しませんでした	1
起訴しましょう	1
起訴しない	1
起訴しなかった	1
起訴した	1
起訴して	1
起訴している	1
起訴しています	1
起訴していた	1
起訴していました	1
起訴してる	1
起訴してます	1
超越する	4
超越します	4
超越しません	4
超越しました	4
超越しませんでした	4
超越しましょう	4
超越しない	4
超越しなかった	4
超越した	4
超越して	4
超越している	4
超越しています	4
超越していた	4
超越していました	4
超越してる	4
超越してます	4
超過する	3
超過します	3
超過しません	3
超過しました	3
超過しませんでした	3
超過しましょう	3
超過しない	3
超過しなかった	3
超過した	3
超過して	3
超過している	3
超過しています	3
超過していた	3
超過していました	3
超過してる	3
超過してます	3
越冬する	4
越冬します	4
越冬しません	4
越冬しました	4
越冬しませんでした	4
越冬しましょう	4
越冬しない	4
越冬しなかった	4
越冬した	4
越冬して	4
越冬している	4
越冬しています	4
越冬していた	4
越冬していました	4
越冬してる	4
越冬してます	4
越境する	4
越境します	4
越境しません	4
越境しました	4
越境しませんでした	4
越境しましょう	4
越境しない	4
越境しなかった	4
越境した	4
越境して	4
越境している	4
越境しています	4
越境していた	4
越境していました	4
越境してる	4
越境してます	4
越年する	4
越年します	4
越年しません	4
越年しました	4
越年しませんでした	4
越年しましょう	4
越年しない	4
越年しなかった	4
越年した	4
越年して	4
越年している	4
越年しています	4
越年していた	4
越年していました	4
越年してる	4
越年してます	4
足踏みする	3
足踏みします	3
足踏みしません	3
足踏みしました	3
足踏みしませんでした	3
足踏みしましょう	3
足踏みしない	3
足踏みしなかった	3
足踏みした	3
足踏みして	3
足踏みしている	3
足踏みしています	3
足踏みしていた	3
足踏みしていました	3
足踏みしてる	3
足踏みしてます	3
跳躍する	4
跳躍します	4
跳躍しません	4
跳躍しました	4
跳躍しませんでした	4
跳躍しましょう	4
跳躍しない	4
跳躍しなかった	4
跳躍した	4
跳躍して	4
跳躍している	4
跳躍しています	4
跳躍していた	4
跳躍していました	4
跳躍してる	4
跳躍してます	4
躊躇する	1
躊躇します	1
躊躇しません	1
躊躇しました	1
躊躇しませんでした	1
躊躇しましょう	1
躊躇しない	1
躊躇しなかった	1
躊躇した	1
躊躇して	1
躊躇している	1
躊躇しています	1
躊躇していた	1
躊躇していました	1
躊躇してる	1
躊躇してます	1
躍動する	4
躍動します	4
躍動しません	4
躍動しました	4
躍動しませんでした	4
躍動しましょう	4
躍動しない	4
躍動しなかった	4
躍動した	4
躍動して	4
躍動している	4
躍動しています	4
躍動していた	4
躍動していました	4
躍動してる	4
躍動してます	4
躍進する	4
躍進します	4
躍進しません	4
躍進しました	4
躍進しませんでした	4
躍進しましょう	4
躍進しない	4
躍進しなかった	4
躍進した	4
躍進して	4
躍進している	4
躍進しています	4
躍進していた	4
躍進していました	4
躍進してる	4
躍進してます	4
身動きする	2
身動きします	2
身動きしません	2
身動きしました	2
身動きしませんでした	2
身動きしましょう	2
身動きしない	2
身動きしなかった	2
身動きした	2
身動きして	2
身動きしている	2
身動きしています	2
身動きしていた	2
身動きしていました	2
身動きしてる	2
身動きしてます	2
身投げする	3
身投げします	3
身投げしません	3
身投げしました	3
身投げしませんでした	3
身投げしましょう	3
身投げしない	3
身投げしなかった	3
身投げした	3
身投げして	3
身投げしている	3
身投げしています	3
身投げしていた	3
身投げしていました	3
身投げしてる	3
身投げしてます	3
軍配する	4
軍配します	4
軍配しません	4
軍配しました	4
軍配しませんでした	4
軍配しましょう	4
軍配しない	4
軍配しなかった	4
軍配した	4
軍配して	4
軍配している	4
軍配しています	4
軍配していた	4
軍配していました	4
軍配してる	4
軍配してます	4
軟化する	3
軟化します	3
軟化しません	3
軟化しました	3
軟化しませんでした	3
軟化しましょう	3
軟化しない	3
軟化しなかった	3
軟化した	3
軟化して	3
軟化している	3
軟化しています	3
軟化していた	3
軟化していました	3
軟化してる	3
軟化してます	3
軟派する	3
軟派します	3
軟派しません	3
軟派しました	3
軟派しませんでした	3
軟派しましょう	3
軟派しない	3
軟派しなかった	3
軟派した	3
軟派して	3
軟派している	3
軟派しています	3
軟派していた	3
軟派していました	3
軟派してる	3
軟派してます	3
軟禁する	4
軟禁します	4
軟禁しません	4
軟禁しました	4
軟禁しませんでした	4
軟禁しましょう	4
軟禁しない	4
軟禁しなかった	4
軟禁した	4
軟禁して	4
軟禁している	4
軟禁しています	4
軟禁していた	4
軟禁していました	4
軟禁してる	4
軟禁してます	4
転々する	4
転々します	4
転々しません	4
転々しました	4
転々しませんでした	4
転々しましょう	4
転々しない	4
転々しなかった	4
転々した	4
転々して	4
転々している	4
転々しています	4
転々していた	4
転々していました	4
転々してる	4
転々してます	4
転倒する	4
転倒します	4
転倒しません	4
転倒しました	4
転倒しませんでした	4
転倒しましょう	4
転倒しない	4
転倒しなかった	4
転倒した	4
転倒して	4
転倒している	4
転倒しています	4
転倒していた	4
転倒していました	4
転倒してる	4
転倒してます	4
転出する	4
転出します	4
転出しません	4
転出しました	4
転出しませんでした	4
転出しましょう	4
転出しない	4
転出しなかった	4
転出した	4
転出して	4
転出している	4
転出しています	4
転出していた	4
転出していました	4
転出してる	4
転出してます	4
転勤する	4
転勤します	4
転勤しません	4
転勤しました	4
転勤しませんでした	4
転勤しましょう	4
転勤しない	4
転勤しなかった	4
転勤した	4
転勤して	4
転勤している	4
転勤しています	4
転勤していた	4
転勤していました	4
転勤してる	4
転勤してます	4
転向する	4
転向します	4
転向しません	4
転向しました	4
転向しませんでした	4
転向しましょう	4
転向しない	4
転向しなかった	4
転向した	4
転向して	4
転向している	4
転向しています	4
転向していた	4
転向していました	4
転向してる	4
転向してます	4
転売する	4
転売します	4
転売しません	4
転売しました	4
転売しませんでした	4
転売しましょう	4
転売しない	4
転売しなかった	4
転売した	4
転売して	4
転売している	4
転売しています	4
転売していた	4
転売していました	4
転売してる	4
転売してます	4
転嫁する	3
転嫁します	3
転嫁しません	3
転嫁しました	3
転嫁しませんでした	3
転嫁しましょう	3
転嫁しない	3
転嫁しなかった	3
転嫁した	3
転嫁して	3
転嫁している	3
転嫁しています	3
転嫁していた	3
転嫁していました	3
転嫁してる	3
転嫁してます	3
転居する	1
転居します	1
転居しません	1
転居しました	1
転居しませんでした	1
転居しましょう	1
転居しない	1
転居しなかった	1
転居した	1
転居して	1
転居している	1
転居しています	1
転居していた	1
転居していました	1
転居してる	1
転居してます	1
転戦する	4
転戦します	4
転戦しません	4
転戦しました	4
転戦しませんでした	4
転戦しましょう	4
転戦しない	4
転戦しなかった	4
転戦した	4
転戦して	4
転戦している	4
転戦しています	4
転戦していた	4
転戦していました	4
転戦してる	4
転戦してます	4
転換する	4
転換します	4
転換しません	4
転換しました	4
転換しませんでした	4
転換しましょう	4
転換しない	4
転換しなかった	4
転換した	4
転換して	4
転換している	4
転換しています	4
転換していた	4
転換していました	4
転換してる	4
転換してます	4
転用する	4
転用します	4
転用しません	4
転用しました	4
転用しませんでした	4
転用しましょう	4
転用しない	4
転用しなかった	4
転用した	4
転用して	4
転用している	4
転用しています	4
転用していた	4
転用していました	4
転用してる	4
転用してます	4
転移する	1
転移します	1
転移しません	1
転移しました	1
転移しませんでした	1
転移しましょう	1
転移しない	1
転移しなかった	1
転移した	1
転移して	1
転移している	1
転移しています	1
転移していた	1
転移していました	1
転移してる	1
転移してます	1
転職する	4
転職します	4
転職しません	4
転職しました	4
転職しませんでした	4
転職しましょう	4
転職しない	4
転職しなかった	4
転職した	4
転職して	4
転職している	4
転職しています	4
転職していた	4
転職していました	4
転職してる	4
転職してます	4
転落する	4
転落します	4
転落しません	4
転落しました	4
転落しませんでした	4
転落しましょう	4
転落しない	4
転落しなかった	4
転落した	4
転落して	4
転落している	4
転落しています	4
転落していた	4
転落していました	4
転落してる	4
転落してます	4
転覆する	4
転覆します	4
転覆しません	4
転覆しました	4
転覆しませんでした	4
転覆しましょう	4
転覆しない	4
転覆しなかった	4
転覆した	4
転覆して	4
転覆している	4
転覆しています	4
転覆していた	4
転覆していました	4
転覆してる	4
転覆してます	4
転身する	4
転身します	4
転身しません	4
転身しました	4
転身しませんでした	4
転身しましょう	4
転身しない	4
転身しなかった	4
転身した	4
転身して	4
転身している	4
転身しています	4
転身していた	4
転身していました	4
転身してる	4
転身してます	4
転送する	4
転送します	4
転送しません	4
転送しました	4
転送しませんでした	4
転送しましょう	4
転送しない	4
転送しなかった	4
転送した	4
転送して	4
転送している	4
転送しています	4
転送していた	4
転送していました	4
転送してる	4
転送してます	4
軽々する	3
軽々します	3
軽々しません	7
軽々しました	3
軽々しませんでした	7
軽々しましょう	3
軽々しない	3
軽々しなかった	3
軽々した	3
軽々して	5
軽々している	5
軽々しています	5
軽々していた	5
軽々していました	5
軽々してる	6
軽々してます	5
軽快する	4
軽快します	4
軽快しません	4
軽快しました	4
軽快しませんでした	4
軽快しましょう	4
軽快しない	4
軽快しなかった	4
軽快した	4
軽快して	4
軽快している	4
軽快しています	4
軽快していた	4
軽快していました	4
軽快してる	4
軽快してます	4
軽減する	4
軽減します	4
軽減しません	4
軽減しました	4
軽減しませんでした	4
軽減しましょう	4
軽減しない	4
軽減しなかった	4
軽減した	4
軽減して	4
軽減している	4
軽減しています	4
軽減していた	4
軽減していました	4
軽減してる	4
軽減してます	4
軽蔑する	4
軽蔑します	4
軽蔑しません	4
軽蔑しました	4
軽蔑しませんでした	4
軽蔑しましょう	4
軽蔑しない	4
軽蔑しなかった	4
軽蔑した	4
軽蔑して	4
軽蔑している	4
軽蔑しています	4
軽蔑していた	4
軽蔑していました	4
軽蔑してる	4
軽蔑してます	4
軽視する	1
軽視します	1
軽視しません	1
軽視しました	1
軽視しませんでした	1
軽視しましょう	1
軽視しない	1
軽視しなかった	1
軽視した	1
軽視して	1
軽視している	1
軽視しています	1
軽視していた	1
軽視していました	1
軽視してる	1
軽視してます	1
輩出する	4
輩出します	4
輩出しません	4
輩出しました	4
輩出しませんでした	4
輩出しましょう	4
輩出しない	4
輩出しなかった	4
輩出した	4
輩出して	4
輩出している	4
輩出しています	4
輩出していた	4
輩出していました	4
輩出してる	4
輩出してます	4
輸入する	3
輸入します	3
輸入しません	3
輸入しました	3
輸入しませんでした	3
輸入しましょう	3
輸入しない	3
輸入しなかった	3
輸入した	3
輸入して	3
輸入している	3
輸入しています	3
輸入していた	3
輸入していました	3
輸入してる	3
輸入してます	3
輸出する	3
輸出します	3
輸出しません	3
輸出しました	3
輸出しませんでした	3
輸出しましょう	3
輸出しない	3
輸出しなかった	3
輸出した	3
輸出して	3
輸出している	3
輸出しています	3
輸出していた	3
輸出していました	3
輸出してる	3
輸出してます	3
輸血する	3
輸血します	3
輸血しません	3
輸血しました	3
輸血しませんでした	3
輸血しましょう	3
輸血しない	3
輸血しなかった	3
輸血した	3
輸血して	3
輸血している	3
輸血しています	3
輸血していた	3
輸血していました	3
輸血してる	3
輸血してます	3
輸送する	3
輸送します	3
輸送しません	3
輸送しました	3
輸送しませんでした	3
輸送しましょう	3
輸送しない	3
輸送しなかった	3
輸送した	3
輸送して	3
輸送している	3
輸送しています	3
輸送していた	3
輸送していました	3
輸送してる	3
輸送してます	3
辛抱する	1
辛抱します	1
辛抱しません	1
辛抱しました	1
辛抱しませんでした	1
辛抱しましょう	1
辛抱しない	1
辛抱しなかった	1
辛抱した	1
辛抱して	1
辛抱している	1
辛抱しています	1
辛抱していた	1
辛抱していました	1
辛抱してる	1
辛抱してます	1
辞任する	3
辞任します	3
辞任しません	3
辞任しました	3
辞任しませんでした	3
辞任しましょう	3
辞任しない	3
辞任しなかった	3
辞任した	3
辞任して	3
辞任している	3
辞任しています	3
辞任していた	3
辞任していました	3
辞任してる	3
辞任してます	3
辞職する	3
辞職します	3
辞職しません	3
辞職しました	3
辞職しませんでした	3
辞職しましょう	3
辞職しない	3
辞職しなかった	3
辞職した	3
辞職して	3
辞職している	3
辞職しています	3
辞職していた	3
辞職していました	3
辞職してる	3
辞職してます	3
辞退する	1
辞退します	1
辞退しません	1
辞退しました	1
辞退しませんでした	1
辞退しましょう	1
辞退しない	1
辞退しなかった	1
辞退した	1
辞退して	1
辞退している	1
辞退しています	1
辞退していた	1
辞退していました	1
辞退してる	1
辞退してます	1
迎撃する	4
迎撃します	4
迎撃しません	4
迎撃しました	4
迎撃しませんでした	4
迎撃しましょう	4
迎撃しない	4
迎撃しなかった	4
迎撃した	4
迎撃して	4
迎撃している	4
迎撃しています	4
迎撃していた	4
迎撃していました	4
迎撃してる	4
迎撃してます	4
近道する	2
近道します	2
近道しません	2
近道しました	2
近道しませんでした	2
近道しましょう	2
近道しない	2
近道しなかった	2
近道した	2
近道して	2
近道している	2
近道しています	2
近道していた	2
近道していました	2
近道してる	2
近道してます	2
返上する	4
返上します	4
返上しません	4
返上しました	4
返上しませんでした	4
返上しましょう	4
返上しない	4
返上しなかった	4
返上した	4
返上して	4
返上している	4
返上しています	4
返上していた	4
返上していました	4
返上してる	4
返上してます	4
返事する	3
返事します	3
返事しません	3
返事しました	3
返事しませんでした	3
返事しましょう	3
返事しない	3
返事しなかった	3
返事した	3
返事して	3
返事している	3
返事しています	3
返事していた	3
返事していました	3
返事してる	3
返事してます	3
返信する	4
返信します	4
返信しません	4
返信しました	4
返信しませんでした	4
返信しましょう	4
返信しない	4
返信しなかった	4
返信した	4
返信して	4
返信している	4
返信しています	4
返信していた	4
返信していました	4
返信してる	4
返信してます	4
返却する	4
返却します	4
返却しません	4
返却しました	4
返却しませんでした	4
返却しましょう	4
返却しない	4
返却しなかった	4
返却した	4
返却して	4
返却している	4
返却しています	4
返却していた	4
返却していました	4
返却してる	4
返却してます	4
返品する	4
返品します	4
返品しません	4
返品しました	4
返品しませんでした	4
返品しましょう	4
返品しない	4
返品しなかった	4
返品した	4
返品して	4
返品している	4
返品しています	4
返品していた	4
返品していました	4
返品してる	4
返品してます	4
返済する	4
返済します	4
返済しません	4
返済しました	4
返済しませんでした	4
返済しましょう	4
返済しない	4
返済しなかった	4
返済した	4
返済して	4
返済している	4
返済しています	4
返済していた	4
返済していました	4
返済してる	4
返済してます	4
返答する	4
返答します	4
返答しません	4
返答しました	4
返答しませんでした	4
返答しましょう	4
返答しない	4
返答しなかった	4
返答した	4
返答して	4
返答している	4
返答しています	4
返答していた	4
返答していました	4
返答してる	4
返答してます	4
返送する	4
返送します	4
返送しません	4
返送しました	4
返送しませんでした	4
返送しましょう	4
返送しない	4
返送しなかった	4
返送した	4
返送して	4
返送している	4
返送しています	4
返送していた	4
返送していました	4
返送してる	4
返送してます	4
返還する	4
返還します	4
返還しません	4
返還しました	4
返還しませんでした	4
返還しましょう	4
返還しない	4
返還しなかった	4
返還した	4
返還して	4
返還している	4
返還しています	4
返還していた	4
返還していました	4
返還してる	4
返還してます	4
返金する	4
返金します	4
返金しません	4
返金しました	4
返金しませんでした	4
返金しましょう	4
返金しない	4
返金しなかった	4
返金した	4
返金して	4
返金している	4
返金しています	4
返金していた	4
返金していました	4
返金してる	4
返金してます	4
迫害する	4
迫害します	4
迫害しません	4
迫害しました	4
迫害しませんでした	4
迫害しましょう	4
迫害しない	4
迫害しなかった	4
迫害した	4
迫害して	4
迫害している	4
迫害しています	4
迫害していた	4
迫害していました	4
迫害してる	4
迫害してます	4
迫撃する	4
迫撃します	4
迫撃しません	4
迫撃しました	4
迫撃しませんでした	4
迫撃しましょう	4
迫撃しない	4
迫撃しなかった	4
迫撃した	4
迫撃して	4
迫撃している	4
迫撃しています	4
迫撃していた	4
迫撃していました	4
迫撃してる	4
迫撃してます	4
迷惑する	1
迷惑します	1
迷惑しません	1
迷惑しました	1
迷惑しませんでした	1
迷惑しましょう	1
迷惑しない	1
迷惑しなかった	1
迷惑した	1
迷惑して	1
迷惑している	1
迷惑しています	1
迷惑していた	1
迷惑していました	1
迷惑してる	1
迷惑してます	1
追加する	3
追加します	3
追加しません	3
追加しました	3
追加しませんでした	3
追加しましょう	3
追加しない	3
追加しなかった	3
追加した	3
追加して	3
追加している	3
追加しています	3
追加していた	3
追加していました	3
追加してる	3
追加してます	3
追及する	4
追及します	4
追及しません	4
追及しました	4
追及しませんでした	4
追及しましょう	4
追及しない	4
追及しなかった	4
追及した	4
追及して	4
追及している	4
追及しています	4
追及していた	4
追及していました	4
追及してる	4
追及してます	4
追徴する	4
追徴します	4
追徴しません	4
追徴しました	4
追徴しませんでした	4
追徴しましょう	4
追徴しない	4
追徴しなかった	4
追徴した	4
追徴して	4
追徴している	4
追徴しています	4
追徴していた	4
追徴していました	4
追徴してる	4
追徴してます	4
追悼する	4
追悼します	4
追悼しません	4
追悼しました	4
追悼しませんでした	4
追悼しましょう	4
追悼しない	4
追悼しなかった	4
追悼した	4
追悼して	4
追悼している	4
追悼しています	4
追悼していた	4
追悼していました	4
追悼してる	4
追悼してます	4
追撃する	4
追撃します	4
追撃しません	4
追撃しました	4
追撃しませんでした	4
追撃しましょう	4
追撃しない	4
追撃しなかった	4
追撃した	4
追撃して	4
追撃している	4
追撃しています	4
追撃していた	4
追撃していました	4
追撃してる	4
追撃してます	4
追放する	4
追放します	4
追放しません	4
追放しました	4
追放しませんでした	4
追放しましょう	4
追放しない	4
追放しなかった	4
追放した	4
追放して	4
追放している	4
追放しています	4
追放していた	4
追放していました	4
追放してる	4
追放してます	4
追求する	4
追求します	4
追求しません	4
追求しました	4
追求しませんでした	4
追求しましょう	4
追求しない	4
追求しなかった	4
追求した	4
追求して	4
追求している	4
追求しています	4
追求していた	4
追求していました	4
追求してる	4
追求してます	4
追究する	4
追究します	4
追究しません	4
追究しました	4
追究しませんでした	4
追究しましょう	4
追究しない	4
追究しなかった	4
追究した	4
追究して	4
追究している	4
追究しています	4
追究していた	4
追究していました	4
追究してる	4
追究してます	4
追突する	4
追突します	4
追突しません	4
追突しました	4
追突しませんでした	4
追突しましょう	4
追突しない	4
追突しなかった	4
追突した	4
追突して	4
追突している	4
追突しています	4
追突していた	4
追突していました	4
追突してる	4
追突してます	4
追跡する	4
追跡します	4
追跡しません	4
追跡しました	4
追跡しませんでした	4
追跡しましょう	4
追跡しない	4
追跡しなかった	4
追跡した	4
追跡して	4
追跡している	4
追跡しています	4
追跡していた	4
追跡していました	4
追跡してる	4
追跡してます	4
追随する	4
追随します	4
追随しません	4
追随しました	4
追随しませんでした	4
追随しましょう	4
追随しない	4
追随しなかった	4
追随した	4
追随して	4
追随している	4
追随しています	4
追随していた	4
追随していました	4
追随してる	4
追随してます	4
退任する	4
退任します	4
退任しません	4
退任しました	4
退任しませんでした	4
退任しましょう	4
退任しない	4
退任しなかった	4
退任した	4
退任して	4
退任している	4
退任しています	4
退任していた	4
退任していました	4
退任してる	4
退任してます	4
退去する	1
退去します	1
退去しません	1
退去しました	1
退去しませんでした	1
退去しましょう	1
退去しない	1
退去しなかった	1
退去した	1
退去して	1
退去している	1
退去しています	1
退去していた	1
退去していました	1
退去してる	1
退去してます	1
退団する	4
退団します	4
退団しません	4
退団しました	4
退団しませんでした	4
退団しましょう	4
退団しない	4
退団しなかった	4
退団した	4
退団して	4
退団している	4
退団しています	4
退団していた	4
退団していました	4
退団してる	4
退団してます	4
退場する	4
退場します	4
退場しません	4
退場しました	4
退場しませんでした	4
退場しましょう	4
退場しない	4
退場しなかった	4
退場した	4
退場して	4
退場している	4
退場しています	4
退場していた	4
退場していました	4
退場してる	4
退場してます	4
退学する	4
退学します	4
退学しません	4
退学しました	4
退学しませんでした	4
退学しましょう	4
退学しない	4
退学しなかった	4
退学した	4
退学して	4
退学している	4
退学しています	4
退学していた	4
退学していました	4
退学してる	4
退学してます	4
退官する	4
退官します	4
退官しません	4
退官しました	4
退官しませんでした	4
退官しましょう	4
退官しない	4
退官しなかった	4
退官した	4
退官して	4
退官している	4
退官しています	4
退官していた	4
退官していました	4
退官してる	4
退官してます	4
退屈する	4
退屈します	4
退屈しません	4
退屈しました	4
退屈しませんでした	4
退屈しましょう	4
退屈しない	4
退屈しなかった	4
退屈した	4
退屈して	4
退屈している	4
退屈しています	4
退屈していた	4
退屈していました	4
退屈してる	4
退屈してます	4
退廃する	4
退廃します	4
退廃しません	4
退廃しました	4
退廃しませんでした	4
退廃しましょう	4
退廃しない	4
退廃しなかった	4
退廃した	4
退廃して	4
退廃している	4
退廃しています	4
退廃していた	4
退廃していました	4
退廃してる	4
退廃してます	4
退役する	4
退役します	4
退役しません	4
退役しました	4
退役しませんでした	4
退役しましょう	4
退役しない	4
退役しなかった	4
退役した	4
退役して	4
退役している	4
退役しています	4
退役していた	4
退役していました	4
退役してる	4
退役してます	4
退治する	1
退治します	1
退治しません	1
退治しました	1
退治しませんでした	1
退治しましょう	1
退治しない	1
退治しなかった	1
退治した	1
退治して	1
退治している	1
退治しています	1
退治していた	1
退治していました	1
退治してる	1
退治してます	1
退社する	3
退社します	3
退社しません	3
退社しました	3
退社しませんでした	3
退社しましょう	3
退社しない	3
退社しなかった	3
退社した	3
退社して	3
退社している	3
退社しています	3
退社していた	3
退社していました	3
退社してる	3
退社してます	3
退職する	4
退職します	4
退職しません	4
退職しました	4
退職しませんでした	4
退職しましょう	4
退職しない	4
退職しなかった	4
退職した	4
退職して	4
退職している	4
退職しています	4
退職していた	4
退職していました	4
退職してる	4
退職してます	4
退避する	1
退避します	1
退避しません	1
退避しました	1
退避しませんでした	1
退避しましょう	1
退避しない	1
退避しなかった	1
退避した	1
退避して	1
退避している	1
退避しています	1
退避していた	1
退避していました	1
退避してる	1
退避してます	1
退院する	4
退院します	4
退院しません	4
退院しました	4
退院しませんでした	4
退院しましょう	4
退院しない	4
退院しなかった	4
退院した	4
退院して	4
退院している	4
退院しています	4
退院していた	4
退院していました	4
退院してる	4
退院してます	4
退陣する	4
退陣します	4
退陣しません	4
退陣しました	4
退陣しませんでした	4
退陣しましょう	4
退陣しない	4
退陣しなかった	4
退陣した	4
退陣して	4
退陣している	4
退陣しています	4
退陣していた	4
退陣していました	4
退陣してる	4
退陣してます	4
送付する	3
送付します	3
送付しません	3
送付しました	3
送付しませんでした	3
送付しましょう	3
送付しない	3
送付しなかった	3
送付した	3
送付して	3
送付している	3
送付しています	3
送付していた	3
送付していました	3
送付してる	3
送付してます	3
送信する	4
送信します	4
送信しません	4
送信しました	4
送信しませんでした	4
送信しましょう	4
送信しない	4
送信しなかった	4
送信した	4
送信して	4
送信している	4
送信しています	4
送信していた	4
送信していました	4
送信してる	4
送信してます	4
送別する	4
送別します	4
送別しません	4
送別しました	4
送別しませんでした	4
送別しましょう	4
送別しない	4
送別しなかった	4
送別した	4
送別して	4
送別している	4
送別しています	4
送別していた	4
送別していました	4
送別してる	4
送別してます	4
送検する	4
送検します	4
送検しません	4
送検しました	4
送検しませんでした	4
送検しましょう	4
送検しない	4
送検しなかった	4
送検した	4
送検して	4
送検している	4
送検しています	4
送検していた	4
送検していました	4
送検してる	4
送検してます	4
送球する	4
送球します	4
送球しません	4
送球しました	4
送球しませんでした	4
送球しましょう	4
送球しない	4
送球しなかった	4
送球した	4
送球して	4
送球している	4
送球しています	4
送球していた	4
送球していました	4
送球してる	4
送球してます	4
送迎する	4
送迎します	4
送迎しません	4
送迎しました	4
送迎しませんでした	4
送迎しましょう	4
送迎しない	4
送迎しなかった	4
送迎した	4
送迎して	4
送迎している	4
送迎しています	4
送迎していた	4
送迎していました	4
送迎してる	4
送迎してます	4
送還する	4
送還します	4
送還しません	4
送還しました	4
送還しませんでした	4
送還しましょう	4
送還しない	4
送還しなかった	4
送還した	4
送還して	4
送還している	4
送還しています	4
送還していた	4
送還していました	4
送還してる	4
送還してます	4
送金する	4
送金します	4
送金しません	4
送金しました	4
送金しませんでした	4
送金しましょう	4
送金しない	4
送金しなかった	4
送金した	4
送金して	4
送金している	4
送金しています	4
送金していた	4
送金していました	4
送金してる	4
送金してます	4
送電する	4
送電します	4
送電しません	4
送電しました	4
送電しませんでした	4
送電しましょう	4
送電しない	4
送電しなかった	4
送電した	4
送電して	4
送電している	4
送電しています	4
送電していた	4
送電していました	4
送電してる	4
送電してます	4
逃亡する	4
逃亡します	4
逃亡しません	4
逃亡しました	4
逃亡しませんでした	4
逃亡しましょう	4
逃亡しない	4
逃亡しなかった	4
逃亡した	4
逃亡して	4
逃亡している	4
逃亡しています	4
逃亡していた	4
逃亡していました	4
逃亡してる	4
逃亡してます	4
逃走する	4
逃走します	4
逃走しません	4
逃走しました	4
逃走しませんでした	4
逃走しましょう	4
逃走しない	4
逃走しなかった	4
逃走した	4
逃走して	4
逃走している	4
逃走しています	4
逃走していた	4
逃走していました	4
逃走してる	4
逃走してます	4
逃避する	3
逃避します	3
逃避しません	3
逃避しました	3
逃避しませんでした	3
逃避しましょう	3
逃避しない	3
逃避しなかった	3
逃避した	3
逃避して	3
逃避している	3
逃避しています	3
逃避していた	3
逃避していました	3
逃避してる	3
逃避してます	3
逆立ちする	4
逆立ちします	4
逆立ちしません	4
逆立ちしました	4
逆立ちしませんでした	4
逆立ちしましょう	4
逆立ちしない	0
逆立ちしなかった	9
逆立ちした	4
逆立ちして	4
逆立ちしている	4
逆立ちしています	4
逆立ちしていた	4
逆立ちしていました	4
逆立ちしてる	4
逆立ちしてます	4
逆襲する	4
逆襲します	4
逆襲しません	4
逆襲しました	4
逆襲しませんでした	4
逆襲しましょう	4
逆襲しない	4
逆襲しなかった	4
逆襲した	4
逆襲して	4
逆襲している	4
逆襲しています	4
逆襲していた	4
逆襲していました	4
逆襲してる	4
逆襲してます	4
逆転する	4
逆転します	4
逆転しません	4
逆転しました	4
逆転しませんでした	4
逆転しましょう	4
逆転しない	4
逆転しなかった	4
逆転した	4
逆転して	4
逆転している	4
逆転しています	4
逆転していた	4
逆転していました	4
逆転してる	4
逆転してます	4
逆転勝ちする	6
逆転勝ちします	6
逆転勝ちしません	6
逆転勝ちしました	6
逆転勝ちしませんでした	6
逆転勝ちしましょう	6
逆転勝ちしない	6
逆転勝ちしなかった	6
逆転勝ちした	6
逆転勝ちして	6
逆転勝ちしている	6
逆転勝ちしています	6
逆転勝ちしていた	6
逆転勝ちしていました	6
逆転勝ちしてる	6
逆転勝ちしてます	6
逆輸入する	3
逆輸入します	3
逆輸入しません	3
逆輸入しました	3
逆輸入しませんでした	3
逆輸入しましょう	3
逆輸入しない	3
逆輸入しなかった	3
逆輸入した	3
逆輸入して	3
逆輸入している	3
逆輸入しています	3
逆輸入していた	3
逆輸入していました	3
逆輸入してる	3
逆輸入してます	3
透析する	4
透析します	4
透析しません	4
透析しました	4
透析しませんでした	4
透析しましょう	4
透析しない	4
透析しなかった	4
透析した	4
透析して	4
透析している	4
透析しています	4
透析していた	4
透析していました	4
透析してる	4
透析してます	4
通信する	4
通信します	4
通信しません	4
通信しました	4
通信しませんでした	4
通信しましょう	4
通信しない	4
通信しなかった	4
通信した	4
通信して	4
通信している	4
通信しています	4
通信していた	4
通信していました	4
通信してる	4
通信してます	4
通勤する	4
通勤します	4
通勤しません	4
通勤しました	4
通勤しませんでした	4
通勤しましょう	4
通勤しない	4
通勤しなかった	4
通勤した	4
通勤して	4
通勤している	4
通勤しています	4
通勤していた	4
通勤していました	4
通勤してる	4
通勤してます	4
通告する	4
通告します	4
通告しません	4
通告しました	4
通告しませんでした	4
通告しましょう	4
通告しない	4
通告しなかった	4
通告した	4
通告して	4
通告している	4
通告しています	4
通告していた	4
通告していました	4
通告してる	4
通告してます	4
通商する	4
通商します	4
通商しません	4
通商しました	4
通商しませんでした	4
通商しましょう	4
通商しない	4
通商しなかった	4
通商した	4
通商して	4
通商している	4
通商しています	4
通商していた	4
通商していました	4
通商してる	4
通商してます	4
通報する	4
通報します	4
通報しません	4
通報しました	4
通報しませんでした	4
通報しましょう	4
通報しない	4
通報しなかった	4
通報した	4
通報して	4
通報している	4
通報しています	4
通報していた	4
通報していました	4
通報してる	4
通報してます	4
通学する	4
通学します	4
通学しません	4
通学しました	4
通学しませんでした	4
通学しましょう	4
通学しない	4
通学しなかった	4
通学した	4
通学して	4
通学している	4
通学しています	4
通学していた	4
通学していました	4
通学してる	4
通学してます	4
通用する	4
通用します	4
通用しません	4
通用しました	4
通用しませんでした	4
通用しましょう	4
通用しない	4
通用しなかった	4
通用した	4
通用して	4
通用している	4
通用しています	4
通用していた	4
通用していました	4
通用してる	4
通用してます	4
通知する	3
通知します	3
通知しません	3
通知しました	3
通知しませんでした	3
通知しましょう	3
通知しない	3
通知しなかった	3
通知した	3
通知して	3
通知している	3
通知しています	3
通知していた	3
通知していました	3
通知してる	3
通知してます	3
通称する	4
通称します	4
通称しません	4
通称しました	4
通称しませんでした	4
通称しましょう	4
通称しない	4
通称しなかった	4
通称した	4
通称して	4
通称している	4
通称しています	4
通称していた	4
通称していました	4
通称してる	4
通称してます	4
通算する	4
通算します	4
通算しません	4
通算しました	4
通算しませんでした	4
通算しましょう	4
通算しない	4
通算しなかった	4
通算した	4
通算して	4
通算している	4
通算しています	4
通算していた	4
通算していました	4
通算してる	4
通算してます	4
通行する	4
通行します	4
通行しません	4
通行しました	4
通行しませんでした	4
通行しましょう	4
通行しない	4
通行しなかった	4
通行した	4
通行して	4
通行している	4
通行しています	4
通行していた	4
通行していました	4
通行してる	4
通行してます	4
通訳する	1
通訳します	1
通訳しません	1
通訳しました	1
通訳しませんでした	1
通訳しましょう	1
通訳しない	1
通訳しなかった	1
通訳した	1
通訳して	1
通訳している	1
通訳しています	1
通訳していた	1
通訳していました	1
通訳してる	1
通訳してます	1
通話する	3
通話します	3
通話しません	3
通話しました	3
通話しませんでした	3
通話しましょう	3
通話しない	3
通話しなかった	3
通話した	3
通話して	3
通話している	3
通話しています	3
通話していた	3
通話していました	3
通話してる	3
通話してます	3
通販する	1
通販します	1
通販しません	1
通販しました	1
通販しませんでした	1
通販しましょう	1
通販しない	1
通販しなかった	1
通販した	1
通販して	1
通販している	1
通販しています	1
通販していた	1
通販していました	1
通販してる	1
通販してます	1
通過する	3
通過します	3
通過しません	3
通過しました	3
通過しませんでした	3
通過しましょう	3
通過しない	3
通過しなかった	3
通過した	3
通過して	3
通過している	3
通過しています	3
通過していた	3
通過していました	3
通過してる	3
通過してます	3
通達する	4
通達します	4
通達しません	4
通達しました	4
通達しませんでした	4
通達しましょう	4
通達しない	4
通達しなかった	4
通達した	4
通達して	4
通達している	4
通達しています	4
通達していた	4
通達していました	4
通達してる	4
通達してます	4
通関する	4
通関します	4
通関しません	4
通関しました	4
通関しませんでした	4
通関しましょう	4
通関しない	4
通関しなかった	4
通関した	4
通関して	4
通関している	4
通関しています	4
通関していた	4
通関していました	4
通関してる	4
通関してます	4
通院する	4
通院します	4
通院しません	4
通院しました	4
通院しませんでした	4
通院しましょう	4
通院しない	4
通院しなかった	4
通院した	4
通院して	4
通院している	4
通院しています	4
通院していた	4
通院していました	4
通院してる	4
通院してます	4
速報する	4
速報します	4
速報しません	4
速報しました	4
速報しませんでした	4
速報しましょう	4
速報しない	4
速報しなかった	4
速報した	4
速報して	4
速報している	4
速報しています	4
速報していた	4
速報していました	4
速報してる	4
速報してます	4
速攻する	4
速攻します	4
速攻しません	4
速攻しました	4
速攻しませんでした	4
速攻しましょう	4
速攻しない	4
速攻しなかった	4
速攻した	4
速攻して	4
速攻している	4
速攻しています	4
速攻していた	4
速攻していました	4
速攻してる	4
速攻してます	4
速達する	4
速達します	4
速達しません	4
速達しました	4
速達しませんでした	4
速達しましょう	4
速達しない	4
速達しなかった	4
速達した	4
速達して	4
速達している	4
速達しています	4
速達していた	4
速達していました	4
速達してる	4
速達してます	4
造反する	4
造反します	4
造反しません	4
造反しました	4
造反しませんでした	4
造反しましょう	4
造反しない	4
造反しなかった	4
造反した	4
造反して	4
造反している	4
造反しています	4
造反していた	4
造反していました	4
造反してる	4
造反してます	4
造形する	4
造形します	4
造形しません	4
造形しました	4
造形しませんでした	4
造形しましょう	4
造形しない	4
造形しなかった	4
造形した	4
造形して	4
造形している	4
造形しています	4
造形していた	4
造形していました	4
造形してる	4
造形してます	4
造成する	4
造成します	4
造成しません	4
造成しました	4
造成しませんでした	4
造成しましょう	4
造成しない	4
造成しなかった	4
造成した	4
造成して	4
造成している	4
造成しています	4
造成していた	4
造成していました	4
造成してる	4
造成してます	4
造船する	4
造船します	4
造船しません	4
造船しました	4
造船しませんでした	4
造船しましょう	4
造船しない	4
造船しなかった	4
造船した	4
造船して	4
造船している	4
造船しています	4
造船していた	4
造船していました	4
造船してる	4
造船してます	4
造語する	3
造語します	3
造語しません	3
造語しました	3
造語しませんでした	3
造語しましょう	3
造語しない	3
造語しなかった	3
造語した	3
造語して	3
造語している	3
造語しています	3
造語していた	3
造語していました	3
造語してる	3
造語してます	3
連作する	4
連作します	4
連作しません	4
連作しました	4
連作しませんでした	4
連作しましょう	4
連作しない	4
連作しなかった	4
連作した	4
連作して	4
連作している	4
連作しています	4
連作していた	4
連作していました	4
連作してる	4
連作してます	4
連動する	4
連動します	4
連動しません	4
連動しました	4
連動しませんでした	4
連動しましょう	4
連動しない	4
連動しなかった	4
連動した	4
連動して	4
連動している	4
連動しています	4
連動していた	4
連動していました	4
連動してる	4
連動してます	4
連勝する	4
連勝します	4
連勝しません	4
連勝しました	4
連勝しませんでした	4
連勝しましょう	4
連勝しない	4
連勝しなかった	4
連勝した	4
連勝して	4
連勝している	4
連勝しています	4
連勝していた	4
連勝していました	4
連勝してる	4
連勝してます	4
連合する	4
連合します	4
連合しません	4
連合しました	4
連合しませんでした	4
連合しましょう	4
連合しない	4
連合しなかった	4
連合した	4
連合して	4
連合している	4
連合しています	4
連合していた	4
連合していました	4
連合してる	4
連合してます	4
連帯する	4
連帯します	4
連帯しません	4
連帯しました	4
連帯しませんでした	4
連帯しましょう	4
連帯しない	4
連帯しなかった	4
連帯した	4
連帯して	4
連帯している	4
連帯しています	4
連帯していた	4
連帯していました	4
連帯してる	4
連帯してます	4
連座する	3
連座します	3
連座しません	3
連座しました	3
連座しませんでした	3
連座しましょう	3
連座しない	3
連座しなかった	3
連座した	3
連座して	3
連座している	3
連座しています	3
連座していた	3
連座していました	3
連座してる	3
連座してます	3
連想する	4
連想します	4
連想しません	4
連想しました	4
連想しませんでした	4
連想しましょう	4
連想しない	4
連想しなかった	4
連想した	4
連想して	4
連想している	4
連想しています	4
連想していた	4
連想していました	4
連想してる	4
連想してます	4
連戦する	4
連戦します	4
連戦しません	4
連戦しました	4
連戦しませんでした	4
連戦しましょう	4
連戦しない	4
連戦しなかった	4
連戦した	4
連戦して	4
連戦している	4
連戦しています	4
連戦していた	4
連戦していました	4
連戦してる	4
連戦してます	4
連打する	1
連打します	1
連打しません	1
連打しました	1
連打しませんでした	1
連打しましょう	1
連打しない	1
連打しなかった	1
連打した	1
連打して	1
連打している	1
連打しています	1
連打していた	1
連打していました	1
連打してる	1
連打してます	1
連投する	4
連投します	4
連投しません	4
連投しました	4
連投しませんでした	4
連投しましょう	4
連投しない	4
連投しなかった	4
連投した	4
連投して	4
連投している	4
連投しています	4
連投していた	4
連投していました	4
連投してる	4
連投してます	4
連携する	4
連携します	4
連携しません	4
連携しました	4
連携しませんでした	4
連携しましょう	4
連携しない	4
連携しなかった	4
連携した	4
連携して	4
連携している	4
連携しています	4
連携していた	4
連携していました	4
連携してる	4
連携してます	4
連敗する	4
連敗します	4
連敗しません	4
連敗しました	4
連敗しませんでした	4
連敗しましょう	4
連敗しない	4
連敗しなかった	4
連敗した	4
連敗して	4
連敗している	4
連敗しています	4
連敗していた	4
連敗していました	4
連敗してる	4
連敗してます	4
連用する	4
連用します	4
連用しません	4
連用しました	4
連用しませんでした	4
連用しましょう	4
連用しない	4
連用しなかった	4
連用した	4
連用して	4
連用している	4
連用しています	4
連用していた	4
連用していました	4
連用してる	4
連用してます	4
連発する	4
連発します	4
連発しません	4
連発しました	4
連発しませんでした	4
連発しましょう	4
連発しない	4
連発しなかった	4
連発した	4
連発して	4
連発している	4
連発しています	4
連発していた	4
連発していました	4
連発してる	4
連発してます	4
連立する	4
連立します	4
連立しません	4
連立しました	4
連立しませんでした	4
連立しましょう	4
連立しない	4
連立しなかった	4
連立した	4
連立して	4
連立している	4
連立しています	4
連立していた	4
連立していました	4
連立してる	4
連立してます	4
連結する	4
連結します	4
連結しません	4
連結しました	4
連結しませんでした	4
連結しましょう	4
連結しない	4
連結しなかった	4
連結した	4
連結して	4
連結している	4
連結しています	4
連結していた	4
連結していました	4
連結してる	4
連結してます	4
連絡する	4
連絡します	4
連絡しません	4
連絡しました	4
連絡しませんでした	4
連絡しましょう	4
連絡しない	4
連絡しなかった	4
連絡した	4
連絡して	4
連絡している	4
連絡しています	4
連絡していた	4
連絡していました	4
連絡してる	4
連絡してます	4
連続する	4
連続します	4
連続しません	4
連続しました	4
連続しませんでした	4
連続しましょう	4
連続しない	4
連続しなかった	4
連続した	4
連続して	4
連続している	4
連続しています	4
連続していた	4
連続していました	4
連続してる	4
連続してます	4
連行する	4
連行します	4
連行しません	4
連行しました	4
連行しませんでした	4
連行しましょう	4
連行しない	4
連行しなかった	4
連行した	4
連行して	4
連行している	4
連行しています	4
連行していた	4
連行していました	4
連行してる	4
連行してます	4
連覇する	1
連覇します	1
連覇しません	1
連覇しました	1
連覇しませんでした	1
連覇しましょう	1
連覇しない	1
連覇しなかった	1
連覇した	1
連覇して	1
連覇している	1
連覇しています	1
連覇していた	1
連覇していました	1
連覇してる	1
連覇してます	1
連載する	4
連載します	4
連載しません	4
連載しました	4
連載しませんでした	4
連載しましょう	4
連載しない	4
連載しなかった	4
連載した	4
連載して	4
連載している	4
連載しています	4
連載していた	4
連載していました	4
連載してる	4
連載してます	4
連鎖する	1
連鎖します	1
連鎖しません	1
連鎖しました	1
連鎖しませんでした	1
連鎖しましょう	1
連鎖しない	1
連鎖しなかった	1
連鎖した	1
連鎖して	1
連鎖している	1
連鎖しています	1
連鎖していた	1
連鎖していました	1
連鎖してる	1
連鎖してます	1
連関する	4
連関します	4
連関しません	4
連関しました	4
連関しませんでした	4
連関しましょう	4
連関しない	4
連関しなかった	4
連関した	4
連関して	4
連関している	4
連関しています	4
連関していた	4
連関していました	4
連関してる	4
連関してます	4
逮捕する	1
逮捕します	1
逮捕しません	1
逮捕しました	1
逮捕しませんでした	1
逮捕しましょう	1
逮捕しない	1
逮捕しなかった	1
逮捕した	1
逮捕して	1
逮捕している	1
逮捕しています	1
逮捕していた	1
逮捕していました	1
逮捕してる	1
逮捕してます	1
進入する	4
進入します	4
進入しません	4
進入しました	4
進入しませんでした	4
進入しましょう	4
進入しない	4
進入しなかった	4
進入した	4
進入して	4
進入している	4
進入しています	4
進入していた	4
進入していました	4
進入してる	4
進入してます	4
進出する	4
進出します	4
進出しません	4
進出しました	4
進出しませんでした	4
進出しましょう	4
進出しない	4
進出しなかった	4
進出した	4
進出して	4
進出している	4
進出しています	4
進出していた	4
進出していました	4
進出してる	4
進出してます	4
進化する	1
進化します	1
進化しません	1
進化しました	1
進化しませんでした	1
進化しましょう	1
進化しない	1
進化しなかった	1
進化した	1
進化して	1
進化している	1
進化しています	1
進化していた	1
進化していました	1
進化してる	1
進化してます	1
進学する	4
進学します	4
進学しません	4
進学しました	4
進学しませんでした	4
進学しましょう	4
進学しない	4
進学しなかった	4
進学した	4
進学して	4
進学している	4
進学しています	4
進学していた	4
進学していました	4
進学してる	4
進学してます	4
進展する	4
進展します	4
進展しません	4
進展しました	4
進展しませんでした	4
進展しましょう	4
進展しない	4
進展しなかった	4
進展した	4
進展して	4
進展している	4
進展しています	4
進展していた	4
進展していました	4
進展してる	4
進展してます	4
進捗する	4
進捗します	4
進捗しません	4
進捗しました	4
進捗しませんでした	4
進捗しましょう	4
進捗しない	4
進捗しなかった	4
進捗した	4
進捗して	4
進捗している	4
進捗しています	4
進捗していた	4
進捗していました	4
進捗してる	4
進捗してます	4
進撃する	4
進撃します	4
進撃しません	4
進撃しました	4
進撃しませんでした	4
進撃しましょう	4
進撃しない	4
進撃しなかった	4
進撃した	4
進撃して	4
進撃している	4
進撃しています	4
進撃していた	4
進撃していました	4
進撃してる	4
進撃してます	4
進攻する	4
進攻します	4
進攻しません	4
進攻しました	4
進攻しませんでした	4
進攻しましょう	4
進攻しない	4
進攻しなかった	4
進攻した	4
進攻して	4
進攻している	4
進攻しています	4
進攻していた	4
進攻していました	4
進攻してる	4
進攻してます	4
進歩する	1
進歩します	1
進歩しません	1
進歩しました	1
進歩しませんでした	1
進歩しましょう	1
進歩しない	1
進歩しなかった	1
進歩した	1
進歩して	1
進歩している	1
進歩しています	1
進歩していた	1
進歩していました	1
進歩してる	1
進歩してます	1
進行する	4
進行します	4
進行しません	4
進行しました	4
進行しませんでした	4
進行しましょう	4
進行しない	4
進行しなかった	4
進行した	4
進行して	4
進行している	4
進行しています	4
進行していた	4
進行していました	4
進行してる	4
進行してます	4
進退する	1
進退します	1
進退しません	1
進退しました	1
進退しませんでした	1
進退しましょう	1
進退しない	1
進退しなかった	1
進退した	1
進退して	1
進退している	1
進退しています	1
進退していた	1
進退していました	1
進退してる	1
進退してます	1
逸脱する	4
逸脱します	4
逸脱しません	4
逸脱しました	4
逸脱しませんでした	4
逸脱しましょう	4
逸脱しない	4
逸脱しなかった	4
逸脱した	4
逸脱して	4
逸脱している	4
逸脱しています	4
逸脱していた	4
逸脱していました	4
逸脱してる	4
逸脱してます	4
遂行する	4
遂行します	4
遂行しません	4
遂行しました	4
遂行しませんでした	4
遂行しましょう	4
遂行しない	4
遂行しなかった	4
遂行した	4
遂行して	4
遂行している	4
遂行しています	4
遂行していた	4
遂行していました	4
遂行してる	4
遂行してます	4
遅刻する	3
遅刻します	3
遅刻しません	3
遅刻しました	3
遅刻しませんでした	3
遅刻しましょう	3
遅刻しない	3
遅刻しなかった	3
遅刻した	3
遅刻して	3
遅刻している	3
遅刻しています	3
遅刻していた	3
遅刻していました	3
遅刻してる	3
遅刻してます	3
遅延する	3
遅延します	3
遅延しません	3
遅延しました	3
遅延しませんでした	3
遅延しましょう	3
遅延しない	3
遅延しなかった	3
遅延した	3
遅延して	3
遅延している	3
遅延しています	3
遅延していた	3
遅延していました	3
遅延してる	3
遅延してます	3
遊撃する	4
遊撃します	4
遊撃しません	4
遊撃しました	4
遊撃しませんでした	4
遊撃しましょう	4
遊撃しない	4
遊撃しなかった	4
遊撃した	4
遊撃して	4
遊撃している	4
遊撃しています	4
遊撃していた	4
遊撃していました	4
遊撃してる	4
遊撃してます	4
遊歩する	1
遊歩します	1
遊歩しません	1
遊歩しました	1
遊歩しませんでした	1
遊歩しましょう	1
遊歩しない	1
遊歩しなかった	1
遊歩した	1
遊歩して	1
遊歩している	1
遊歩しています	1
遊歩していた	1
遊歩していました	1
遊歩してる	1
遊歩してます	1
遊牧する	4
遊牧します	4
遊牧しません	4
遊牧しました	4
遊牧しませんでした	4
遊牧しましょう	4
遊牧しない	4
遊牧しなかった	4
遊牧した	4
遊牧して	4
遊牧している	4
遊牧しています	4
遊牧していた	4
遊牧していました	4
遊牧してる	4
遊牧してます	4
遊覧する	4
遊覧します	4
遊覧しません	4
遊覧しました	4
遊覧しませんでした	4
遊覧しましょう	4
遊覧しない	4
遊覧しなかった	4
遊覧した	4
遊覧して	4
遊覧している	4
遊覧しています	4
遊覧していた	4
遊覧していました	4
遊覧してる	4
遊覧してます	4
遊説する	4
遊説します	4
遊説しません	4
遊説しました	4
遊説しませんでした	4
遊説しましょう	4
遊説しない	4
遊説しなかった	4
遊説した	4
遊説して	4
遊説している	4
遊説しています	4
遊説していた	4
遊説していました	4
遊説してる	4
遊説してます	4
運休する	4
運休します	4
運休しません	4
運休しました	4
運休しませんでした	4
運休しましょう	4
運休しない	4
運休しなかった	4
運休した	4
運休して	4
運休している	4
運休しています	4
運休していた	4
運休していました	4
運休してる	4
運休してます	4
運動する	4
運動します	4
運動しません	4
運動しました	4
運動しませんでした	4
運動しましょう	4
運動しない	4
運動しなかった	4
運動した	4
運動して	4
運動している	4
運動しています	4
運動していた	4
運動していました	4
運動してる	4
運動してます	4
運営する	4
運営します	4
運営しません	4
運営しました	4
運営しませんでした	4
運営しましょう	4
運営しない	4
運営しなかった	4
運営した	4
運営して	4
運営している	4
運営しています	4
運営していた	4
運営していました	4
運営してる	4
運営してます	4
運搬する	4
運搬します	4
運搬しません	4
運搬しました	4
運搬しませんでした	4
運搬しましょう	4
運搬しない	4
運搬しなかった	4
運搬した	4
運搬して	4
運搬している	4
運搬しています	4
運搬していた	4
運搬していました	4
運搬してる	4
運搬してます	4
運用する	4
運用します	4
運用しません	4
運用しました	4
運用しませんでした	4
運用しましょう	4
運用しない	4
運用しなかった	4
運用した	4
運用して	4
運用している	4
運用しています	4
運用していた	4
運用していました	4
運用してる	4
運用してます	4
運航する	4
運航します	4
運航しません	4
運航しました	4
運航しませんでした	4
運航しましょう	4
運航しない	4
運航しなかった	4
運航した	4
運航して	4
運航している	4
運航しています	4
運航していた	4
運航していました	4
運航してる	4
運航してます	4
運行する	4
運行します	4
運行しません	4
運行しました	4
運行しませんでした	4
運行しましょう	4
運行しない	4
運行しなかった	4
運行した	4
運行して	4
運行している	4
運行しています	4
運行していた	4
運行していました	4
運行してる	4
運行してます	4
運転する	4
運転します	4
運転しません	4
運転しました	4
運転しませんでした	4
運転しましょう	4
運転しない	4
運転しなかった	4
運転した	4
運転して	4
運転している	4
運転しています	4
運転していた	4
運転していました	4
運転してる	4
運転してます	4
運送する	4
運送します	4
運送しません	4
運送しました	4
運送しませんでした	4
運送しましょう	4
運送しない	4
運送しなかった	4
運送した	4
運送して	4
運送している	4
運送しています	4
運送していた	4
運送していました	4
運送してる	4
運送してます	4
過小評価する	4
過小評価します	4
過小評価しません	4
過小評価しました	4
過小評価しませんでした	4
過小評価しましょう	4
過小評価しない	4
過小評価しなかった	4
過小評価した	4
過小評価して	4
過小評価している	4
過小評価しています	4
過小評価していた	4
過小評価していました	4
過小評価してる	4
過小評価してます	4
過熱する	3
過熱します	3
過熱しません	3
過熱しました	3
過熱しませんでした	3
過熱しましょう	3
過熱しない	3
過熱しなかった	3
過熱した	3
過熱して	3
過熱している	3
過熱しています	3
過熱していた	3
過熱していました	3
過熱してる	3
過熱してます	3
道草する	4
道草します	4
道草しません	4
道草しました	4
道草しませんでした	4
道草しましょう	4
道草しない	4
道草しなかった	4
道草した	4
道草して	4
道草している	4
道草しています	4
道草していた	4
道草していました	4
道草してる	4
道草してます	4
達するする	0
達するします	6
達するしません	7
達するしました	6
達するしませんでした	7
達するしましょう	7
達するしない	0
達するしなかった	9
達するした	6
達するして	0
達するしている	6
達するしています	6
達するしていた	6
達するしていました	6
達するしてる	5
達するしてます	7
達成する	4
達成します	4
達成しません	4
達成しました	4
達成しませんでした	4
達成しましょう	4
達成しない	4
達成しなかった	4
達成した	4
達成して	4
達成している	4
達成しています	4
達成していた	4
達成していました	4
達成してる	4
達成してます	4
違反する	3
違反します	3
違反しません	3
違反しました	3
違反しませんでした	3
違反しましょう	3
違反しない	3
違反しなかった	3
違反した	3
違反して	3
違反している	3
違反しています	3
違反していた	3
違反していました	3
違反してる	3
違反してます	3
遠征する	4
遠征します	4
遠征しません	4
遠征しました	4
遠征しませんでした	4
遠征しましょう	4
遠征しない	4
遠征しなかった	4
遠征した	4
遠征して	4
遠征している	4
遠征しています	4
遠征していた	4
遠征していました	4
遠征してる	4
遠征してます	4
遠慮する	3
遠慮します	3
遠慮しません	3
遠慮しました	3
遠慮しませんでした	3
遠慮しましょう	3
遠慮しない	3
遠慮しなかった	3
遠慮した	3
遠慮して	3
遠慮している	3
遠慮しています	3
遠慮していた	3
遠慮していました	3
遠慮してる	3
遠慮してます	3
遠足する	4
遠足します	4
遠足しません	4
遠足しました	4
遠足しませんでした	4
遠足しましょう	4
遠足しない	4
遠足しなかった	4
遠足した	4
遠足して	4
遠足している	4
遠足しています	4
遠足していた	4
遠足していました	4
遠足してる	4
遠足してます	4
適するする	3
適するします	6
適するしません	7
適するしました	6
適するしませんでした	7
適するしましょう	7
適するしない	5
適するしなかった	5
適するした	3
適するして	3
適するしている	3
適するしています	3
適するしていた	3
適するしていました	3
適するしてる	2
適するしてます	3
適合する	4
適合します	4
適合しません	4
適合しました	4
適合しませんでした	4
適合しましょう	4
適合しない	4
適合しなかった	4
適合した	4
適合して	4
適合している	4
適合しています	4
適合していた	4
適合していました	4
適合してる	4
適合してます	4
適応する	4
適応します	4
適応しません	4
適応しました	4
適応しませんでした	4
適応しましょう	4
適応しない	4
適応しなかった	4
適応した	4
適応して	4
適応している	4
適応しています	4
適応していた	4
適応していました	4
適応してる	4
適応してます	4
適用する	4
適用します	4
適用しません	4
適用しました	4
適用しませんでした	4
適用しましょう	4
適用しない	4
適用しなかった	4
適用した	4
適用して	4
適用している	4
適用しています	4
適用していた	4
適用していました	4
適用してる	4
適用してます	4
遭難する	4
遭難します	4
遭難しません	4
遭難しました	4
遭難しませんでした	4
遭難しましょう	4
遭難しない	4
遭難しなかった	4
遭難した	4
遭難して	4
遭難している	4
遭難しています	4
遭難していた	4
遭難していました	4
遭難してる	4
遭難してます	4
遵守する	1
遵守します	1
遵守しません	1
遵守しました	1
遵守しませんでした	1
遵守しましょう	1
遵守しない	1
遵守しなかった	1
遵守した	1
遵守して	1
遵守している	1
遵守しています	1
遵守していた	1
遵守していました	1
遵守してる	1
遵守してます	1
遷都する	1
遷都します	1
遷都しません	1
遷都しました	1
遷都しませんでした	1
遷都しましょう	1
遷都しない	1
遷都しなかった	1
遷都した	1
遷都して	1
遷都している	1
遷都しています	1
遷都していた	1
遷都していました	1
遷都してる	1
遷都してます	1
選任する	4
選任します	4
選任しません	4
選任しました	4
選任しませんでした	4
選任しましょう	4
選任しない	4
選任しなかった	4
選任した	4
選任して	4
選任している	4
選任しています	4
選任していた	4
選任していました	4
選任してる	4
選任してます	4
選出する	4
選出します	4
選出しません	4
選出しました	4
選出しませんでした	4
選出しましょう	4
選出しない	4
選出しなかった	4
選出した	4
選出して	4
選出している	4
選出しています	4
選出していた	4
選出していました	4
選出してる	4
選出してます	4
選別する	4
選別します	4
選別しません	4
選別しました	4
選別しませんでした	4
選別しましょう	4
選別しない	4
選別しなかった	4
選別した	4
選別して	4
選別している	4
選別しています	4
選別していた	4
選別していました	4
選別してる	4
選別してます	4
選奨する	4
選奨します	4
選奨しません	4
選奨しました	4
選奨しませんでした	4
選奨しましょう	4
選奨しない	4
選奨しなかった	4
選奨した	4
選奨して	4
選奨している	4
選奨しています	4
選奨していた	4
選奨していました	4
選奨してる	4
選奨してます	4
選定する	4
選定します	4
選定しません	4
選定しました	4
選定しませんでした	4
選定しましょう	4
選定しない	4
選定しなかった	4
選定した	4
選定して	4
選定している	4
選定しています	4
選定していた	4
選定していました	4
選定してる	4
選定してます	4
選抜する	4
選抜します	4
選抜しません	4
選抜しました	4
選抜しませんでした	4
選抜しましょう	4
選抜しない	4
選抜しなかった	4
選抜した	4
選抜して	4
選抜している	4
選抜しています	4
選抜していた	4
選抜していました	4
選抜してる	4
選抜してます	4
選択する	4
選択します	4
選択しません	4
選択しました	4
選択しませんでした	4
選択しましょう	4
選択しない	4
選択しなかった	4
選択した	4
選択して	4
選択している	4
選択しています	4
選択していた	4
選択していました	4
選択してる	4
選択してます	4
選挙する	1
選挙します	1
選挙しません	1
選挙しました	1
選挙しませんでした	1
選挙しましょう	1
選挙しない	1
選挙しなかった	1
選挙した	1
選挙して	1
選挙している	1
選挙しています	1
選挙していた	1
選挙していました	1
選挙してる	1
選挙してます	1
選挙運動する	4
選挙運動します	4
選挙運動しません	4
選挙運動しました	4
選挙運動しませんでした	4
選挙運動しましょう	4
選挙運動しない	4
選挙運動しなかった	4
選挙運動した	4
選挙運動して	4
選挙運動している	4
選挙運動しています	4
選挙運動していた	4
選挙運動していました	4
選挙運動してる	4
選挙運動してます	4
選考する	4
選考します	4
選考しません	4
選考しました	4
選考しませんでした	4
選考しましょう	4
選考しない	4
選考しなかった	4
選考した	4
選考して	4
選考している	4
選考しています	4
選考していた	4
選考していました	4
選考してる	4
選考してます	4
遺伝する	3
遺伝します	3
遺伝しません	3
遺伝しました	3
遺伝しませんでした	3
遺伝しましょう	3
遺伝しない	3
遺伝しなかった	3
遺伝した	3
遺伝して	3
遺伝している	3
遺伝しています	3
遺伝していた	3
遺伝していました	3
遺伝してる	3
遺伝してます	3
遺棄する	1
遺棄します	1
遺棄しません	1
遺棄しました	1
遺棄しませんでした	1
遺棄しましょう	1
遺棄しない	1
遺棄しなかった	1
遺棄した	1
遺棄して	1
遺棄している	1
遺棄しています	1
遺棄していた	1
遺棄していました	1
遺棄してる	1
遺棄してます	1
遺言する	4
遺言します	4
遺言しません	4
遺言しました	4
遺言しませんでした	4
遺言しましょう	4
遺言しない	4
遺言しなかった	4
遺言した	4
遺言して	4
遺言している	4
遺言しています	4
遺言していた	4
遺言していました	4
遺言してる	4
遺言してます	4
避妊する	3
避妊します	3
避妊しません	3
避妊しました	3
避妊しませんでした	3
避妊しましょう	3
避妊しない	3
避妊しなかった	3
避妊した	3
避妊して	3
避妊している	3
避妊しています	3
避妊していた	3
避妊していました	3
避妊してる	3
避妊してます	3
避暑する	1
避暑します	1
避暑しません	1
避暑しました	1
避暑しませんでした	1
避暑しましょう	1
避暑しない	1
避暑しなかった	1
避暑した	1
避暑して	1
避暑している	1
避暑しています	1
避暑していた	1
避暑していました	1
避暑してる	1
避暑してます	1
避難する	1
避難します	1
避難しません	1
避難しました	1
避難しませんでした	1
避難しましょう	1
避難しない	1
避難しなかった	1
避難した	1
避難して	1
避難している	1
避難しています	1
避難していた	1
避難していました	1
避難してる	1
避難してます	1
還付する	1
還付します	1
還付しません	1
還付しました	1
還付しませんでした	1
還付しましょう	1
還付しない	1
還付しなかった	1
還付した	1
還付して	1
還付している	1
還付しています	1
還付していた	1
還付していました	1
還付してる	1
還付してます	1
還元する	4
還元します	4
還元しません	4
還元しました	4
還元しませんでした	4
還元しましょう	4
還元しない	4
還元しなかった	4
還元した	4
還元して	4
還元している	4
還元しています	4
還元していた	4
還元していました	4
還元してる	4
還元してます	4
還流する	4
還流します	4
還流しません	4
還流しました	4
還流しませんでした	4
還流しましょう	4
還流しない	4
還流しなかった	4
還流した	4
還流して	4
還流している	4
還流しています	4
還流していた	4
還流していました	4
還流してる	4
還流してます	4
邪魔する	2
邪魔します	2
邪魔しません	2
邪魔しました	2
邪魔しませんでした	2
邪魔しましょう	2
邪魔しない	2
邪魔しなかった	2
邪魔した	2
邪魔して	2
邪魔している	2
邪魔しています	2
邪魔していた	2
邪魔していました	2
邪魔してる	2
邪魔してます	2
郵送する	4
郵送します	4
郵送しません	4
郵送しました	4
郵送しませんでした	4
郵送しましょう	4
郵送しない	4
郵送しなかった	4
郵送した	4
郵送して	4
郵送している	4
郵送しています	4
郵送していた	4
郵送していました	4
郵送してる	4
郵送してます	4
都合する	3
都合します	3
都合しません	3
都合しました	3
都合しませんでした	3
都合しましょう	3
都合しない	3
都合しなかった	3
都合した	3
都合して	3
都合している	3
都合しています	3
都合していた	3
都合していました	3
都合してる	3
都合してます	3
配信する	4
配信します	4
配信しません	4
配信しました	4
配信しませんでした	4
配信しましょう	4
配信しない	4
配信しなかった	4
配信した	4
配信して	4
配信している	4
配信しています	4
配信していた	4
配信していました	4
配信してる	4
配信してます	4
配備する	1
配備します	1
配備しません	1
配備しました	1
配備しませんでした	1
配備しましょう	1
配備しない	1
配備しなかった	1
配備した	1
配備して	1
配備している	1
配備しています	1
配備していた	1
配備していました	1
配備してる	1
配備してます	1
配分する	4
配分します	4
配分しません	4
配分しました	4
配分しませんでした	4
配分しましょう	4
配分しない	4
配分しなかった	4
配分した	4
配分して	4
配分している	4
配分しています	4
配分していた	4
配分していました	4
配分してる	4
配分してます	4
配列する	4
配列します	4
配列しません	4
配列しました	4
配列しませんでした	4
配列しましょう	4
配列しない	4
配列しなかった	4
配列した	4
配列して	4
配列している	4
配列しています	4
配列していた	4
配列していました	4
配列してる	4
配列してます	4
配合する	4
配合します	4
配合しません	4
配合しました	4
配合しませんでした	4
配合しましょう	4
配合しない	4
配合しなかった	4
配合した	4
配合して	4
配合している	4
配合しています	4
配合していた	4
配合していました	4
配合してる	4
配合してます	4
配属する	4
配属します	4
配属しません	4
配属しました	4
配属しませんでした	4
配属しましょう	4
配属しない	4
配属しなかった	4
配属した	4
配属して	4
配属している	4
配属しています	4
配属していた	4
配属していました	4
配属してる	4
配属してます	4
配布する	3
配布します	3
配布しません	3
配布しました	3
配布しませんでした	3
配布しましょう	3
配布しない	3
配布しなかった	3
配布した	3
配布して	3
配布している	3
配布しています	3
配布していた	3
配布していました	3
配布してる	3
配布してます	3
配当する	4
配当します	4
配当しません	4
配当しました	4
配当しませんでした	4
配当しましょう	4
配当しない	4
配当しなかった	4
配当した	4
配当して	4
配当している	4
配当しています	4
配当していた	4
配当していました	4
配当してる	4
配当してます	4
配慮する	1
配慮します	1
配慮しません	1
配慮しました	1
配慮しませんでした	1
配慮しましょう	1
配慮しない	1
配慮しなかった	1
配慮した	1
配慮して	1
配慮している	1
配慮しています	1
配慮していた	1
配慮していました	1
配慮してる	1
配慮してます	1
配本する	4
配本します	4
配本しません	4
配本しました	4
配本しませんでした	4
配本しましょう	4
配本しない	4
配本しなかった	4
配本した	4
配本して	4
配本している	4
配本しています	4
配本していた	4
配本していました	4
配本してる	4
配本してます	4
配管する	4
配管します	4
配管しません	4
配管しました	4
配管しませんでした	4
配管しましょう	4
配管しない	4
配管しなかった	4
配管した	4
配管して	4
配管している	4
配管しています	4
配管していた	4
配管していました	4
配管してる	4
配管してます	4
配給する	4
配給します	4
配給しません	4
配給しました	4
配給しませんでした	4
配給しましょう	4
配給しない	4
配給しなかった	4
配給した	4
配給して	4
配給している	4
配給しています	4
配給していた	4
配給していました	4
配給してる	4
配給してます	4
配線する	4
配線します	4
配線しません	4
配線しました	4
配線しませんでした	4
配線しましょう	4
配線しない	4
配線しなかった	4
配線した	4
配線して	4
配線している	4
配線しています	4
配線していた	4
配線していました	4
配線してる	4
配線してます	4
配置する	3
配置します	3
配置しません	3
配置しました	3
配置しませんでした	3
配置しましょう	3
配置しない	3
配置しなかった	3
配置した	3
配置して	3
配置している	3
配置しています	3
配置していた	3
配置していました	3
配置してる	3
配置してます	3
配送する	4
配送します	4
配送しません	4
配送しました	4
配送しませんでした	4
配送しましょう	4
配送しない	4
配送しなかった	4
配送した	4
配送して	4
配送している	4
配送しています	4
配送していた	4
配送していました	4
配送してる	4
配送してます	4
配達する	4
配達します	4
配達しません	4
配達しました	4
配達しませんでした	4
配達しましょう	4
配達しない	4
配達しなかった	4
配達した	4
配達して	4
配達している	4
配達しています	4
配達していた	4
配達していました	4
配達してる	4
配達してます	4
配電する	4
配電します	4
配電しません	4
配電しました	4
配電しませんでした	4
配電しましょう	4
配電しない	4
配電しなかった	4
配電した	4
配電して	4
配電している	4
配電しています	4
配電していた	4
配電していました	4
配電してる	4
配電してます	4
酷似する	1
酷似します	1
酷似しません	1
酷似しました	1
酷似しませんでした	1
酷似しましょう	1
酷似しない	1
酷似しなかった	1
酷似した	1
酷似して	1
酷似している	1
酷似しています	1
酷似していた	1
酷似していました	1
酷似してる	1
酷似してます	1
酸化する	3
酸化します	3
酸化しません	3
酸化しました	3
酸化しませんでした	3
酸化しましょう	3
酸化しない	3
酸化しなかった	3
酸化した	3
酸化して	3
酸化している	3
酸化しています	3
酸化していた	3
酸化していました	3
酸化してる	3
酸化してます	3
醸成する	4
醸成します	4
醸成しません	4
醸成しました	4
醸成しませんでした	4
醸成しましょう	4
醸成しない	4
醸成しなかった	4
醸成した	4
醸成して	4
醸成している	4
醸成しています	4
醸成していた	4
醸成していました	4
醸成してる	4
醸成してます	4
醸造する	4
醸造します	4
醸造しません	4
醸造しました	4
醸造しませんでした	4
醸造しましょう	4
醸造しない	4
醸造しなかった	4
醸造した	4
醸造して	4
醸造している	4
醸造しています	4
醸造していた	4
醸造していました	4
醸造してる	4
醸造してます	4
釈放する	4
釈放します	4
釈放しません	4
釈放しました	4
釈放しませんでした	4
釈放しましょう	4
釈放しない	4
釈放しなかった	4
釈放した	4
釈放して	4
釈放している	4
釈放しています	4
釈放していた	4
釈放していました	4
釈放してる	4
釈放してます	4
釈明する	4
釈明します	4
釈明しません	4
釈明しました	4
釈明しませんでした	4
釈明しましょう	4
釈明しない	4
釈明しなかった	4
釈明した	4
釈明して	4
釈明している	4
釈明しています	4
釈明していた	4
釈明していました	4
釈明してる	4
釈明してます	4
里帰りする	3
里帰りします	3
里帰りしません	3
里帰りしました	3
里帰りしませんでした	3
里帰りしましょう	3
里帰りしない	3
里帰りしなかった	3
里帰りした	3
里帰りして	3
里帰りしている	3
里帰りしています	3
里帰りしていた	3
里帰りしていました	3
里帰りしてる	3
里帰りしてます	3
重宝する	1
重宝します	1
重宝しません	1
重宝しました	1
重宝しませんでした	1
重宝しましょう	1
重宝しない	1
重宝しなかった	1
重宝した	1
重宝して	1
重宝している	1
重宝しています	1
重宝していた	1
重宝していました	1
重宝してる	1
重宝してます	1
重層する	4
重層します	4
重層しません	4
重層しました	4
重層しませんでした	4
重層しましょう	4
重層しない	4
重層しなかった	4
重層した	4
重層して	4
重層している	4
重層しています	4
重層していた	4
重層していました	4
重層してる	4
重層してます	4
重複する	4
重複します	4
重複しません	4
重複しました	4
重複しませんでした	4
重複しましょう	4
重複しない	4
重複しなかった	4
重複した	4
重複して	4
重複している	4
重複しています	4
重複していた	4
重複していました	4
重複してる	4
重複してます	4
重要視する	4
重要視します	4
重要視しません	4
重要視しました	4
重要視しませんでした	4
重要視しましょう	4
重要視しない	4
重要視しなかった	4
重要視した	4
重要視して	4
重要視している	4
重要視しています	4
重要視していた	4
重要視していました	4
重要視してる	4
重要視してます	4
重視する	1
重視します	1
重視しません	1
重視しました	1
重視しませんでした	1
重視しましょう	1
重視しない	1
重視しなかった	1
重視した	1
重視して	1
重視している	1
重視しています	1
重視していた	1
重視していました	1
重視してる	1
重視してます	1
野合する	3
野合します	3
野合しません	3
野合しました	3
野合しませんでした	3
野合しましょう	3
野合しない	3
野合しなかった	3
野合した	3
野合して	3
野合している	3
野合しています	3
野合していた	3
野合していました	3
野合してる	3
野合してます	3
野生する	3
野生します	3
野生しません	3
野生しました	3
野生しませんでした	3
野生しましょう	3
野生しない	3
野生しなかった	3
野生した	3
野生して	3
野生している	3
野生しています	3
野生していた	3
野生していました	3
野生してる	3
野生してます	3
量刑する	4
量刑します	4
量刑しません	4
量刑しました	4
量刑しませんでした	4
量刑しましょう	4
量刑しない	4
量刑しなかった	4
量刑した	4
量刑して	4
量刑している	4
量刑しています	4
量刑していた	4
量刑していました	4
量刑してる	4
量刑してます	4
量産する	4
量産します	4
量産しません	4
量産しました	4
量産しませんでした	4
量産しましょう	4
量産しない	4
量産しなかった	4
量産した	4
量産して	4
量産している	4
量産しています	4
量産していた	4
量産していました	4
量産してる	4
量産してます	4
金儲けする	3
金儲けします	3
金儲けしません	3
金儲けしました	3
金儲けしませんでした	3
金儲けしましょう	3
金儲けしない	3
金儲けしなかった	3
金儲けした	3
金儲けして	3
金儲けしている	3
金儲けしています	3
金儲けしていた	3
金儲けしていました	3
金儲けしてる	3
金儲けしてます	3
鈍化する	3
鈍化します	3
鈍化しません	3
鈍化しました	3
鈍化しませんでした	3
鈍化しましょう	3
鈍化しない	3
鈍化しなかった	3
鈍化した	3
鈍化して	3
鈍化している	3
鈍化しています	3
鈍化していた	3
鈍化していました	3
鈍化してる	3
鈍化してます	3
鉢巻する	2
鉢巻します	2
鉢巻しません	2
鉢巻しました	2
鉢巻しませんでした	2
鉢巻しましょう	2
鉢巻しない	2
鉢巻しなかった	2
鉢巻した	2
鉢巻して	2
鉢巻している	2
鉢巻しています	2
鉢巻していた	2
鉢巻していました	2
鉢巻してる	2
鉢巻してます	2
銃撃する	4
銃撃します	4
銃撃しません	4
銃撃しました	4
銃撃しませんでした	4
銃撃しましょう	4
銃撃しない	4
銃撃しなかった	4
銃撃した	4
銃撃して	4
銃撃している	4
銃撃しています	4
銃撃していた	4
銃撃していました	4
銃撃してる	4
銃撃してます	4
錯覚する	4
錯覚します	4
錯覚しません	4
錯覚しました	4
錯覚しませんでした	4
錯覚しましょう	4
錯覚しない	4
錯覚しなかった	4
錯覚した	4
錯覚して	4
錯覚している	4
錯覚しています	4
錯覚していた	4
錯覚していました	4
錯覚してる	4
錯覚してます	4
録画する	3
録画します	3
録画しません	3
録画しました	3
録画しませんでした	3
録画しましょう	3
録画しない	3
録画しなかった	3
録画した	3
録画して	3
録画している	3
録画しています	3
録画していた	3
録画していました	3
録画してる	3
録画してます	3
録音する	4
録音します	4
録音しません	4
録音しました	4
録音しませんでした	4
録音しましょう	4
録音しない	4
録音しなかった	4
録音した	4
録音して	4
録音している	4
録音しています	4
録音していた	4
録音していました	4
録音してる	4
録音してます	4
鎖国する	3
鎖国します	3
鎖国しません	3
鎖国しました	3
鎖国しませんでした	3
鎖国しましょう	3
鎖国しない	3
鎖国しなかった	3
鎖国した	3
鎖国して	3
鎖国している	3
鎖国しています	3
鎖国していた	3
鎖国していました	3
鎖国してる	3
鎖国してます	3
鎮圧する	4
鎮圧します	4
鎮圧しません	4
鎮圧しました	4
鎮圧しませんでした	4
鎮圧しましょう	4
鎮圧しない	4
鎮圧しなかった	4
鎮圧した	4
鎮圧して	4
鎮圧している	4
鎮圧しています	4
鎮圧していた	4
鎮圧していました	4
鎮圧してる	4
鎮圧してます	4
鎮魂する	4
鎮魂します	4
鎮魂しません	4
鎮魂しました	4
鎮魂しませんでした	4
鎮魂しましょう	4
鎮魂しない	4
鎮魂しなかった	4
鎮魂した	4
鎮魂して	4
鎮魂している	4
鎮魂しています	4
鎮魂していた	4
鎮魂していました	4
鎮魂してる	4
鎮魂してます	4
鑑定する	4
鑑定します	4
鑑定しません	4
鑑定しました	4
鑑定しませんでした	4
鑑定しましょう	4
鑑定しない	4
鑑定しなかった	4
鑑定した	4
鑑定して	4
鑑定している	4
鑑定しています	4
鑑定していた	4
鑑定していました	4
鑑定してる	4
鑑定してます	4
鑑賞する	4
鑑賞します	4
鑑賞しません	4
鑑賞しました	4
鑑賞しませんでした	4
鑑賞しましょう	4
鑑賞しない	4
鑑賞しなかった	4
鑑賞した	4
鑑賞して	4
鑑賞している	4
鑑賞しています	4
鑑賞していた	4
鑑賞していました	4
鑑賞してる	4
鑑賞してます	4
長打する	1
長打します	1
長打しません	1
長打しました	1
長打しませんでした	1
長打しましょう	1
長打しない	1
長打しなかった	1
長打した	1
長打して	1
長打している	1
長打しています	1
長打していた	1
長打していました	1
長打してる	1
長打してます	1
長持ちする	4
長持ちします	4
長持ちしません	4
長持ちしました	4
長持ちしませんでした	4
長持ちしましょう	4
長持ちしない	4
長持ちしなかった	4
長持ちした	4
長持ちして	4
長持ちしている	4
長持ちしています	4
長持ちしていた	4
長持ちしていました	4
長持ちしてる	4
長持ちしてます	4
長生きする	3
長生きします	3
長生きしません	3
長生きしました	3
長生きしませんでした	3
長生きしましょう	3
長生きしない	3
長生きしなかった	3
長生きした	3
長生きして	3
長生きしている	3
長生きしています	3
長生きしていた	3
長生きしていました	3
長生きしてる	3
長生きしてます	3
長続きする	3
長続きします	3
長続きしません	3
長続きしました	3
長続きしませんでした	3
長続きしましょう	3
長続きしない	3
長続きしなかった	3
長続きした	3
長続きして	3
長続きしている	3
長続きしています	3
長続きしていた	3
長続きしていました	3
長続きしてる	3
長続きしてます	3
長話する	3
長話します	3
長話しません	3
長話しました	3
長話しませんでした	3
長話しましょう	3
長話しない	3
長話しなかった	3
長話した	3
長話して	3
長話している	3
長話しています	3
長話していた	3
長話していました	3
長話してる	3
長話してます	3
門前払いする	5
門前払いします	5
門前払いしません	5
門前払いしました	5
門前払いしませんでした	5
門前払いしましょう	5
門前払いしない	5
門前払いしなかった	5
門前払いした	5
門前払いして	5
門前払いしている	5
門前払いしています	5
門前払いしていた	5
門前払いしていました	5
門前払いしてる	5
門前払いしてます	5
閉会する	4
閉会します	4
閉会しません	4
閉会しました	4
閉会しませんでした	4
閉会しましょう	4
閉会しない	4
閉会しなかった	4
閉会した	4
閉会して	4
閉会している	4
閉会しています	4
閉会していた	4
閉会していました	4
閉会してる	4
閉会してます	4
閉口する	4
閉口します	4
閉口しません	4
閉口しました	4
閉口しませんでした	4
閉口しましょう	4
閉口しない	4
閉口しなかった	4
閉口した	4
閉口して	4
閉口している	4
閉口しています	4
閉口していた	4
閉口していました	4
閉口してる	4
閉口してます	4
閉塞する	4
閉塞します	4
閉塞しません	4
閉塞しました	4
閉塞しませんでした	4
閉塞しましょう	4
閉塞しない	4
閉塞しなかった	4
閉塞した	4
閉塞して	4
閉塞している	4
閉塞しています	4
閉塞していた	4
閉塞していました	4
閉塞してる	4
閉塞してます	4
閉幕する	4
閉幕します	4
閉幕しません	4
閉幕しました	4
閉幕しませんでした	4
閉幕しましょう	4
閉幕しない	4
閉幕しなかった	4
閉幕した	4
閉幕して	4
閉幕している	4
閉幕しています	4
閉幕していた	4
閉幕していました	4
閉幕してる	4
閉幕してます	4
閉店する	4
閉店します	4
閉店しません	4
閉店しました	4
閉店しませんでした	4
閉店しましょう	4
閉店しない	4
閉店しなかった	4
閉店した	4
閉店して	4
閉店している	4
閉店しています	4
閉店していた	4
閉店していました	4
閉店してる	4
閉店してます	4
閉鎖する	3
閉鎖します	3
閉鎖しません	3
閉鎖しました	3
閉鎖しませんでした	3
閉鎖しましょう	3
閉鎖しない	3
閉鎖しなかった	3
閉鎖した	3
閉鎖して	3
閉鎖している	3
閉鎖しています	3
閉鎖していた	3
閉鎖していました	3
閉鎖してる	3
閉鎖してます	3
開会する	4
開会します	4
開会しません	4
開会しました	4
開会しませんでした	4
開会しましょう	4
開会しない	4
開会しなかった	4
開会した	4
開会して	4
開会している	4
開会しています	4
開会していた	4
開会していました	4
開会してる	4
開会してます	4
開催する	4
開催します	4
開催しません	4
開催しました	4
開催しませんでした	4
開催しましょう	4
開催しない	4
開催しなかった	4
開催した	4
開催して	4
開催している	4
開催しています	4
開催していた	4
開催していました	4
開催してる	4
開催してます	4
開口する	4
開口します	4
開口しません	4
開口しました	4
開口しませんでした	4
開口しましょう	4
開口しない	4
開口しなかった	4
開口した	4
開口して	4
開口している	4
開口しています	4
開口していた	4
開口していました	4
開口してる	4
開口してます	4
開国する	4
開国します	4
開国しません	4
開国しました	4
開国しませんでした	4
開国しましょう	4
開国しない	4
開国しなかった	4
開国した	4
開国して	4
開国している	4
開国しています	4
開国していた	4
開国していました	4
開国してる	4
開国してます	4
開場する	4
開場します	4
開場しません	4
開場しました	4
開場しませんでした	4
開場しましょう	4
開場しない	4
開場しなかった	4
開場した	4
開場して	4
開場している	4
開場しています	4
開場していた	4
開場していました	4
開場してる	4
開場してます	4
開始する	3
開始します	3
開始しません	3
開始しました	3
開始しませんでした	3
開始しましょう	3
開始しない	3
開始しなかった	3
開始した	3
開始して	3
開始している	3
開始しています	3
開始していた	3
開始していました	3
開始してる	3
開始してます	3
開局する	4
開局します	4
開局しません	4
開局しました	4
開局しませんでした	4
開局しましょう	4
開局しない	4
開局しなかった	4
開局した	4
開局して	4
開局している	4
開局しています	4
開局していた	4
開局していました	4
開局してる	4
開局してます	4
開幕する	4
開幕します	4
開幕しません	4
開幕しました	4
開幕しませんでした	4
開幕しましょう	4
開幕しない	4
開幕しなかった	4
開幕した	4
開幕して	4
開幕している	4
開幕しています	4
開幕していた	4
開幕していました	4
開幕してる	4
開幕してます	4
開店する	4
開店します	4
開店しません	4
開店しました	4
開店しませんでした	4
開店しましょう	4
開店しない	4
開店しなかった	4
開店した	4
開店して	4
開店している	4
開店しています	4
開店していた	4
開店していました	4
開店してる	4
開店してます	4
開戦する	4
開戦します	4
開戦しません	4
開戦しました	4
開戦しませんでした	4
開戦しましょう	4
開戦しない	4
開戦しなかった	4
開戦した	4
開戦して	4
開戦している	4
開戦しています	4
開戦していた	4
開戦していました	4
開戦してる	4
開戦してます	4
開拓する	4
開拓します	4
開拓しません	4
開拓しました	4
開拓しませんでした	4
開拓しましょう	4
開拓しない	4
開拓しなかった	4
開拓した	4
開拓して	4
開拓している	4
開拓しています	4
開拓していた	4
開拓していました	4
開拓してる	4
開拓してます	4
開放する	4
開放します	4
開放しません	4
開放しました	4
開放しませんでした	4
開放しましょう	4
開放しない	4
開放しなかった	4
開放した	4
開放して	4
開放している	4
開放しています	4
開放していた	4
開放していました	4
開放してる	4
開放してます	4
開校する	4
開校します	4
開校しません	4
開校しました	4
開校しませんでした	4
開校しましょう	4
開校しない	4
開校しなかった	4
開校した	4
開校して	4
開校している	4
開校しています	4
開校していた	4
開校していました	4
開校してる	4
開校してます	4
開業する	4
開業します	4
開業しません	4
開業しました	4
開業しませんでした	4
開業しましょう	4
開業しない	4
開業しなかった	4
開業した	4
開業して	4
開業している	4
開業しています	4
開業していた	4
開業していました	4
開業してる	4
開業してます	4
開港する	4
開港します	4
開港しません	4
開港しました	4
開港しませんでした	4
開港しましょう	4
開港しない	4
開港しなかった	4
開港した	4
開港して	4
開港している	4
開港しています	4
開港していた	4
開港していました	4
開港してる	4
開港してます	4
開演する	4
開演します	4
開演しません	4
開演しました	4
開演しませんでした	4
開演しましょう	4
開演しない	4
開演しなかった	4
開演した	4
開演して	4
開演している	4
開演しています	4
開演していた	4
開演していました	4
開演してる	4
開演してます	4
開発する	4
開発します	4
開発しません	4
開発しました	4
開発しませんでした	4
開発しましょう	4
開発しない	4
開発しなかった	4
開発した	4
開発して	4
開発している	4
開発しています	4
開発していた	4
開発していました	4
開発してる	4
開発してます	4
開示する	1
開示します	1
開示しません	1
開示しました	1
開示しませんでした	1
開示しましょう	1
開示しない	1
開示しなかった	1
開示した	1
開示して	1
開示している	1
開示しています	1
開示していた	1
開示していました	1
開示してる	1
開示してます	1
開票する	4
開票します	4
開票しません	4
開票しました	4
開票しませんでした	4
開票しましょう	4
開票しない	4
開票しなかった	4
開票した	4
開票して	4
開票している	4
開票しています	4
開票していた	4
開票していました	4
開票してる	4
開票してます	4
開花する	3
開花します	3
開花しません	3
開花しました	3
開花しませんでした	3
開花しましょう	3
開花しない	3
開花しなかった	3
開花した	3
開花して	3
開花している	3
開花しています	3
開花していた	3
開花していました	3
開花してる	3
開花してます	3
開設する	4
開設します	4
開設しません	4
開設しました	4
開設しませんでした	4
開設しましょう	4
開設しない	4
開設しなかった	4
開設した	4
開設して	4
開設している	4
開設しています	4
開設していた	4
開設していました	4
開設してる	4
開設してます	4
開通する	4
開通します	4
開通しません	4
開通しました	4
開通しませんでした	4
開通しましょう	4
開通しない	4
開通しなかった	4
開通した	4
開通して	4
開通している	4
開通しています	4
開通していた	4
開通していました	4
開通してる	4
開通してます	4
開閉する	4
開閉します	4
開閉しません	4
開閉しました	4
開閉しませんでした	4
開閉しましょう	4
開閉しない	4
開閉しなかった	4
開閉した	4
開閉して	4
開閉している	4
開閉しています	4
開閉していた	4
開閉していました	4
開閉してる	4
開閉してます	4
開館する	4
開館します	4
開館しません	4
開館しました	4
開館しませんでした	4
開館しましょう	4
開館しない	4
開館しなかった	4
開館した	4
開館して	4
開館している	4
開館しています	4
開館していた	4
開館していました	4
開館してる	4
開館してます	4
間伐する	4
間伐します	4
間伐しません	4
間伐しました	4
間伐しませんでした	4
間伐しましょう	4
間伐しない	4
間伐しなかった	4
間伐した	4
間伐して	4
間伐している	4
間伐しています	4
間伐していた	4
間伐していました	4
間伐してる	4
間伐してます	4
間借りする	3
間借りします	3
間借りしません	3
間借りしました	3
間借りしませんでした	3
間借りしましょう	3
間借りしない	3
間借りしなかった	3
間借りした	3
間借りして	3
間借りしている	3
間借りしています	3
間借りしていた	3
間借りしていました	3
間借りしてる	3
間借りしてます	3
間食する	4
間食します	4
間食しません	4
間食しました	4
間食しませんでした	4
間食しましょう	4
間食しない	4
間食しなかった	4
間食した	4
間食して	4
間食している	4
間食しています	4
間食していた	4
間食していました	4
間食してる	4
間食してます	4
関するする	3
関するします	6
関するしません	7
関するしました	6
関するしませんでした	7
関するしましょう	7
関するしない	5
関するしなかった	5
関するした	3
関するして	3
関するしている	3
関するしています	3
関するしていた	3
関するしていました	3
関するしてる	3
関するしてます	3
関与する	1
関与します	1
関与しません	1
関与しました	1
関与しませんでした	1
関与しましょう	1
関与しない	1
関与しなかった	1
関与した	1
関与して	1
関与している	1
関与しています	1
関与していた	1
関与していました	1
関与してる	1
関与してます	1
関係する	4
関係します	4
関係しません	4
関係しました	4
関係しませんでした	4
関係しましょう	4
関係しない	4
関係しなかった	4
関係した	4
関係して	4
関係している	4
関係しています	4
関係していた	4
関係していました	4
関係してる	4
関係してます	4
関知する	1
関知します	1
関知しません	1
関知しました	1
関知しませんでした	1
関知しましょう	1
関知しない	1
関知しなかった	1
関知した	1
関知して	1
関知している	1
関知しています	1
関知していた	1
関知していました	1
関知してる	1
関知してます	1
関連する	4
関連します	4
関連しません	4
関連しました	4
関連しませんでした	4
関連しましょう	4
関連しない	4
関連しなかった	4
関連した	4
関連して	4
関連している	4
関連しています	4
関連していた	4
関連していました	4
関連してる	4
関連してます	4
閲覧する	4
閲覧します	4
閲覧しません	4
閲覧しました	4
閲覧しませんでした	4
閲覧しましょう	4
閲覧しない	4
閲覧しなかった	4
閲覧した	4
閲覧して	4
閲覧している	4
閲覧しています	4
閲覧していた	4
閲覧していました	4
閲覧してる	4
閲覧してます	4
闘争する	4
闘争します	4
闘争しません	4
闘争しました	4
闘争しませんでした	4
闘争しましょう	4
闘争しない	4
闘争しなかった	4
闘争した	4
闘争して	4
闘争している	4
闘争しています	4
闘争していた	4
闘争していました	4
闘争してる	4
闘争してます	4
闘病する	4
闘病します	4
闘病しません	4
闘病しました	4
闘病しませんでした	4
闘病しましょう	4
闘病しない	4
闘病しなかった	4
闘病した	4
闘病して	4
闘病している	4
闘病しています	4
闘病していた	4
闘病していました	4
闘病してる	4
闘病してます	4
防御する	1
防御します	1
防御しません	1
防御しました	1
防御しませんでした	1
防御しましょう	1
防御しない	1
防御しなかった	1
防御した	1
防御して	1
防御している	1
防御しています	1
防御していた	1
防御していました	1
防御してる	1
防御してます	1
防戦する	4
防戦します	4
防戦しません	4
防戦しました	4
防戦しませんでした	4
防戦しましょう	4
防戦しない	4
防戦しなかった	4
防戦した	4
防戦して	4
防戦している	4
防戦しています	4
防戦していた	4
防戦していました	4
防戦してる	4
防戦してます	4
防止する	3
防止します	3
防止しません	3
防止しました	3
防止しませんでした	3
防止しましょう	3
防止しない	3
防止しなかった	3
防止した	3
防止して	3
防止している	3
防止しています	3
防止していた	3
防止していました	3
防止してる	3
防止してます	3
防水する	4
防水します	4
防水しません	4
防水しました	4
防水しませんでした	4
防水しましょう	4
防水しない	4
防水しなかった	4
防水した	4
防水して	4
防水している	4
防水しています	4
防水していた	4
防水していました	4
防水してる	4
防水してます	4
防衛する	4
防衛します	4
防衛しません	4
防衛しました	4
防衛しませんでした	4
防衛しましょう	4
防衛しない	4
防衛しなかった	4
防衛した	4
防衛して	4
防衛している	4
防衛しています	4
防衛していた	4
防衛していました	4
防衛してる	4
防衛してます	4
防護する	1
防護します	1
防護しません	1
防護しました	1
防護しませんでした	1
防護しましょう	1
防護しない	1
防護しなかった	1
防護した	1
防護して	1
防護している	1
防護しています	1
防護していた	1
防護していました	1
防護してる	1
防護してます	1
防音する	4
防音します	4
防音しません	4
防音しました	4
防音しませんでした	4
防音しましょう	4
防音しない	4
防音しなかった	4
防音した	4
防音して	4
防音している	4
防音しています	4
防音していた	4
防音していました	4
防音してる	4
防音してます	4
阻害する	3
阻害します	3
阻害しません	3
阻害しました	3
阻害しませんでした	3
阻害しましょう	3
阻害しない	3
阻害しなかった	3
阻害した	3
阻害して	3
阻害している	3
阻害しています	3
阻害していた	3
阻害していました	3
阻害してる	3
阻害してます	3
阻止する	1
阻止します	1
阻止しません	1
阻止しました	1
阻止しませんでした	1
阻止しましょう	1
阻止しない	1
阻止しなかった	1
阻止した	1
阻止して	1
阻止している	1
阻止しています	1
阻止していた	1
阻止していました	1
阻止してる	1
阻止してます	1
降伏する	4
降伏します	4
降伏しません	4
降伏しました	4
降伏しませんでした	4
降伏しましょう	4
降伏しない	4
降伏しなかった	4
降伏した	4
降伏して	4
降伏している	4
降伏しています	4
降伏していた	4
降伏していました	4
降伏してる	4
降伏してます	4
降参する	4
降参します	4
降参しません	4
降参しました	4
降参しませんでした	4
降参しましょう	4
降参しない	4
降参しなかった	4
降参した	4
降参して	4
降参している	4
降参しています	4
降参していた	4
降参していました	4
降参してる	4
降参してます	4
降板する	4
降板します	4
降板しません	4
降板しました	4
降板しませんでした	4
降板しましょう	4
降板しない	4
降板しなかった	4
降板した	4
降板して	4
降板している	4
降板しています	4
降板していた	4
降板していました	4
降板してる	4
降板してます	4
降格する	4
降格します	4
降格しません	4
降格しました	4
降格しませんでした	4
降格しましょう	4
降格しない	4
降格しなかった	4
降格した	4
降格して	4
降格している	4
降格しています	4
降格していた	4
降格していました	4
降格してる	4
降格してます	4
降雪する	4
降雪します	4
降雪しません	4
降雪しました	4
降雪しませんでした	4
降雪しましょう	4
降雪しない	4
降雪しなかった	4
降雪した	4
降雪して	4
降雪している	4
降雪しています	4
降雪していた	4
降雪していました	4
降雪してる	4
降雪してます	4
限定する	4
限定します	4
限定しません	4
限定しました	4
限定しませんでした	4
限定しましょう	4
限定しない	4
限定しなかった	4
限定した	4
限定して	4
限定している	4
限定しています	4
限定していた	4
限定していました	4
限定してる	4
限定してます	4
除去する	1
除去します	1
除去しません	1
除去しました	1
除去しませんでした	1
除去しましょう	1
除去しない	1
除去しなかった	1
除去した	1
除去して	1
除去している	1
除去しています	1
除去していた	1
除去していました	1
除去してる	1
除去してます	1
除名する	3
除名します	3
除名しません	3
除名しました	3
除名しませんでした	3
除名しましょう	3
除名しない	3
除名しなかった	3
除名した	3
除名して	3
除名している	3
除名しています	3
除名していた	3
除名していました	3
除名してる	3
除名してます	3
除外する	3
除外します	3
除外しません	3
除外しました	3
除外しませんでした	3
除外しましょう	3
除外しない	3
除外しなかった	3
除外した	3
除外して	3
除外している	3
除外しています	3
除外していた	3
除外していました	3
除外してる	3
除外してます	3
除草する	3
除草します	3
除草しません	3
除草しました	3
除草しませんでした	3
除草しましょう	3
除草しない	3
除草しなかった	3
除草した	3
除草して	3
除草している	3
除草しています	3
除草していた	3
除草していました	3
除草してる	3
除草してます	3
除菌する	3
除菌します	3
除菌しません	3
除菌しました	3
除菌しませんでした	3
除菌しましょう	3
除菌しない	3
除菌しなかった	3
除菌した	3
除菌して	3
除菌している	3
除菌しています	3
除菌していた	3
除菌していました	3
除菌してる	3
除菌してます	3
陥没する	4
陥没します	4
陥没しません	4
陥没しました	4
陥没しませんでした	4
陥没しましょう	4
陥没しない	4
陥没しなかった	4
陥没した	4
陥没して	4
陥没している	4
陥没しています	4
陥没していた	4
陥没していました	4
陥没してる	4
陥没してます	4
陥落する	4
陥落します	4
陥落しません	4
陥落しました	4
陥落しませんでした	4
陥落しましょう	4
陥落しない	4
陥落しなかった	4
陥落した	4
陥落して	4
陥落している	4
陥落しています	4
陥落していた	4
陥落していました	4
陥落してる	4
陥落してます	4
陳列する	4
陳列します	4
陳列しません	4
陳列しました	4
陳列しませんでした	4
陳列しましょう	4
陳列しない	4
陳列しなかった	4
陳列した	4
陳列して	4
陳列している	4
陳列しています	4
陳列していた	4
陳列していました	4
陳列してる	4
陳列してます	4
陳情する	4
陳情します	4
陳情しません	4
陳情しました	4
陳情しませんでした	4
陳情しましょう	4
陳情しない	4
陳情しなかった	4
陳情した	4
陳情して	4
陳情している	4
陳情しています	4
陳情していた	4
陳情していました	4
陳情してる	4
陳情してます	4
陳謝する	1
陳謝します	1
陳謝しません	1
陳謝しました	1
陳謝しませんでした	1
陳謝しましょう	1
陳謝しない	1
陳謝しなかった	1
陳謝した	1
陳謝して	1
陳謝している	1
陳謝しています	1
陳謝していた	1
陳謝していました	1
陳謝してる	1
陳謝してます	1
陳述する	4
陳述します	4
陳述しません	4
陳述しました	4
陳述しませんでした	4
陳述しましょう	4
陳述しない	4
陳述しなかった	4
陳述した	4
陳述して	4
陳述している	4
陳述しています	4
陳述していた	4
陳述していました	4
陳述してる	4
陳述してます	4
陶酔する	4
陶酔します	4
陶酔しません	4
陶酔しました	4
陶酔しませんでした	4
陶酔しましょう	4
陶酔しない	4
陶酔しなかった	4
陶酔した	4
陶酔して	4
陶酔している	4
陶酔しています	4
陶酔していた	4
陶酔していました	4
陶酔してる	4
陶酔してます	4
隔離する	3
隔離します	3
隔離しません	3
隔離しました	3
隔離しませんでした	3
隔離しましょう	3
隔離しない	3
隔離しなかった	3
隔離した	3
隔離して	3
隔離している	3
隔離しています	3
隔離していた	3
隔離していました	3
隔離してる	3
隔離してます	3
際会する	4
際会します	4
際会しません	4
際会しました	4
際会しませんでした	4
際会しましょう	4
際会しない	4
際会しなかった	4
際会した	4
際会して	4
際会している	4
際会しています	4
際会していた	4
際会していました	4
際会してる	4
際会してます	4
障害する	4
障害します	4
障害しません	4
障害しました	4
障害しませんでした	4
障害しましょう	4
障害しない	4
障害しなかった	4
障害した	4
障害して	4
障害している	4
障害しています	4
障害していた	4
障害していました	4
障害してる	4
障害してます	4
隠滅する	4
隠滅します	4
隠滅しません	4
隠滅しました	4
隠滅しませんでした	4
隠滅しましょう	4
隠滅しない	4
隠滅しなかった	4
隠滅した	4
隠滅して	4
隠滅している	4
隠滅しています	4
隠滅していた	4
隠滅していました	4
隠滅してる	4
隠滅してます	4
隣接する	4
隣接します	4
隣接しません	4
隣接しました	4
隣接しませんでした	4
隣接しましょう	4
隣接しない	4
隣接しなかった	4
隣接した	4
隣接して	4
隣接している	4
隣接しています	4
隣接していた	4
隣接していました	4
隣接してる	4
隣接してます	4
集中する	4
集中します	4
集中しません	4
集中しました	4
集中しませんでした	4
集中しましょう	4
集中しない	4
集中しなかった	4
集中した	4
集中して	4
集中している	4
集中しています	4
集中していた	4
集中していました	4
集中してる	4
集中してます	4
集会する	4
集会します	4
集会しません	4
集会しました	4
集会しませんでした	4
集会しましょう	4
集会しない	4
集会しなかった	4
集会した	4
集会して	4
集会している	4
集会しています	4
集会していた	4
集会していました	4
集会してる	4
集会してます	4
集合する	4
集合します	4
集合しません	4
集合しました	4
集合しませんでした	4
集合しましょう	4
集合しない	4
集合しなかった	4
集合した	4
集合して	4
集合している	4
集合しています	4
集合していた	4
集合していました	4
集合してる	4
集合してます	4
集大成する	3
集大成します	3
集大成しません	3
集大成しました	3
集大成しませんでした	3
集大成しましょう	3
集大成しない	3
集大成しなかった	3
集大成した	3
集大成して	3
集大成している	3
集大成しています	3
集大成していた	3
集大成していました	3
集大成してる	3
集大成してます	3
集散する	4
集散します	4
集散しません	4
集散しました	4
集散しませんでした	4
集散しましょう	4
集散しない	4
集散しなかった	4
集散した	4
集散して	4
集散している	4
集散しています	4
集散していた	4
集散していました	4
集散してる	4
集散してます	4
集票する	4
集票します	4
集票しません	4
集票しました	4
集票しませんでした	4
集票しましょう	4
集票しない	4
集票しなかった	4
集票した	4
集票して	4
集票している	4
集票しています	4
集票していた	4
集票していました	4
集票してる	4
集票してます	4
集積する	4
集積します	4
集積しません	4
集積しました	4
集積しませんでした	4
集積しましょう	4
集積しない	4
集積しなかった	4
集積した	4
集積して	4
集積している	4
集積しています	4
集積していた	4
集積していました	4
集積してる	4
集積してます	4
集約する	4
集約します	4
集約しません	4
集約しました	4
集約しませんでした	4
集約しましょう	4
集約しない	4
集約しなかった	4
集約した	4
集約して	4
集約している	4
集約しています	4
集約していた	4
集約していました	4
集約してる	4
集約してます	4
集荷する	3
集荷します	3
集荷しません	3
集荷しました	3
集荷しませんでした	3
集荷しましょう	3
集荷しない	3
集荷しなかった	3
集荷した	3
集荷して	3
集荷している	3
集荷しています	3
集荷していた	3
集荷していました	3
集荷してる	3
集荷してます	3
集計する	4
集計します	4
集計しません	4
集計しました	4
集計しませんでした	4
集計しましょう	4
集計しない	4
集計しなかった	4
集計した	4
集計して	4
集計している	4
集計しています	4
集計していた	4
集計していました	4
集計してる	4
集計してます	4
集金する	4
集金します	4
集金しません	4
集金しました	4
集金しませんでした	4
集金しましょう	4
集金しない	4
集金しなかった	4
集金した	4
集金して	4
集金している	4
集金しています	4
集金していた	4
集金していました	4
集金してる	4
集金してます	4
雇用する	3
雇用します	3
雇用しません	3
雇用しました	3
雇用しませんでした	3
雇用しましょう	3
雇用しない	3
雇用しなかった	3
雇用した	3
雇用して	3
雇用している	3
雇用しています	3
雇用していた	3
雇用していました	3
雇用してる	3
雇用してます	3
雑居する	3
雑居します	3
雑居しません	3
雑居しました	3
雑居しませんでした	3
雑居しましょう	3
雑居しない	3
雑居しなかった	3
雑居した	3
雑居して	3
雑居している	3
雑居しています	3
雑居していた	3
雑居していました	3
雑居してる	3
雑居してます	3
雑談する	4
雑談します	4
雑談しません	4
雑談しました	4
雑談しませんでした	4
雑談しましょう	4
雑談しない	4
雑談しなかった	4
雑談した	4
雑談して	4
雑談している	4
雑談しています	4
雑談していた	4
雑談していました	4
雑談してる	4
雑談してます	4
雑踏する	4
雑踏します	4
雑踏しません	4
雑踏しました	4
雑踏しませんでした	4
雑踏しましょう	4
雑踏しない	4
雑踏しなかった	4
雑踏した	4
雑踏して	4
雑踏している	4
雑踏しています	4
雑踏していた	4
雑踏していました	4
雑踏してる	4
雑踏してます	4
離党する	3
離党します	3
離党しません	3
離党しました	3
離党しませんでした	3
離党しましょう	3
離党しない	3
離党しなかった	3
離党した	3
離党して	3
離党している	3
離党しています	3
離党していた	3
離党していました	3
離党してる	3
離党してます	3
離反する	3
離反します	3
離反しません	3
離反しました	3
離反しませんでした	3
離反しましょう	3
離反しない	3
離反しなかった	3
離反した	3
離反して	3
離反している	3
離反しています	3
離反していた	3
離反していました	3
離反してる	3
離反してます	3
離婚する	3
離婚します	3
離婚しません	3
離婚しました	3
離婚しませんでした	3
離婚しましょう	3
離婚しない	3
離婚しなかった	3
離婚した	3
離婚して	3
離婚している	3
離婚しています	3
離婚していた	3
離婚していました	3
離婚してる	3
離婚してます	3
離島する	3
離島します	3
離島しません	3
離島しました	3
離島しませんでした	3
離島しましょう	3
離島しない	3
離島しなかった	3
離島した	3
離島して	3
離島している	3
離島しています	3
離島していた	3
離島していました	3
離島してる	3
離島してます	3
離散する	3
離散します	3
離散しません	3
離散しました	3
離散しませんでした	3
離散しましょう	3
離散しない	3
離散しなかった	3
離散した	3
離散して	3
離散している	3
離散しています	3
離散していた	3
離散していました	3
離散してる	3
離散してます	3
離着陸する	2
離着陸します	2
離着陸しません	2
離着陸しました	2
離着陸しませんでした	2
離着陸しましょう	2
離着陸しない	2
離着陸しなかった	2
離着陸した	2
離着陸して	2
離着陸している	2
離着陸しています	2
離着陸していた	2
離着陸していました	2
離着陸してる	2
離着陸してます	2
離職する	3
離職します	3
離職しません	3
離職しました	3
離職しませんでした	3
離職しましょう	3
離職しない	3
離職しなかった	3
離職した	3
離職して	3
離職している	3
離職しています	3
離職していた	3
離職していました	3
離職してる	3
離職してます	3
離脱する	3
離脱します	3
離脱しません	3
離脱しました	3
離脱しませんでした	3
離脱しましょう	3
離脱しない	3
離脱しなかった	3
離脱した	3
離脱して	3
離脱している	3
離脱しています	3
離脱していた	3
離脱していました	3
離脱してる	3
離脱してます	3
離陸する	3
離陸します	3
離陸しません	3
離陸しました	3
離陸しませんでした	3
離陸しましょう	3
離陸しない	3
離陸しなかった	3
離陸した	3
離陸して	3
離陸している	3
離陸しています	3
離陸していた	3
離陸していました	3
離陸してる	3
離陸してます	3
難問する	4
難問します	4
難問しません	4
難問しました	4
難問しませんでした	4
難問しましょう	4
難問しない	4
難問しなかった	4
難問した	4
難問して	4
難問している	4
難問しています	4
難問していた	4
難問していました	4
難問してる	4
難問してます	4
難航する	4
難航します	4
難航しません	4
難航しました	4
難航しませんでした	4
難航しましょう	4
難航しない	4
難航しなかった	4
難航した	4
難航して	4
難航している	4
難航しています	4
難航していた	4
難航していました	4
難航してる	4
難航してます	4
雨宿りする	3
雨宿りします	3
雨宿りしません	3
雨宿りしました	3
雨宿りしませんでした	3
雨宿りしましょう	3
雨宿りしない	3
雨宿りしなかった	3
雨宿りした	3
雨宿りして	3
雨宿りしている	3
雨宿りしています	3
雨宿りしていた	3
雨宿りしていました	3
雨宿りしてる	3
雨宿りしてます	3
雨漏りする	2
雨漏りします	2
雨漏りしません	2
雨漏りしました	2
雨漏りしませんでした	2
雨漏りしましょう	2
雨漏りしない	2
雨漏りしなかった	2
雨漏りした	2
雨漏りして	2
雨漏りしている	2
雨漏りしています	2
雨漏りしていた	2
雨漏りしていました	2
雨漏りしてる	2
雨漏りしてます	2
雪辱する	4
雪辱します	4
雪辱しません	4
雪辱しました	4
雪辱しませんでした	4
雪辱しましょう	4
雪辱しない	4
雪辱しなかった	4
雪辱した	4
雪辱して	4
雪辱している	4
雪辱しています	4
雪辱していた	4
雪辱していました	4
雪辱してる	4
雪辱してます	4
電化する	3
電化します	3
電化しません	3
電化しました	3
電化しませんでした	3
電化しましょう	3
電化しない	3
電化しなかった	3
電化した	3
電化して	3
電化している	3
電化しています	3
電化していた	3
電化していました	3
電化してる	3
電化してます	3
電池切れする	3
電池切れします	3
電池切れしません	3
電池切れしました	3
電池切れしませんでした	3
電池切れしましょう	3
電池切れしない	3
電池切れしなかった	3
電池切れした	3
電池切れして	3
電池切れしている	3
電池切れしています	3
電池切れしていた	3
電池切れしていました	3
電池切れしてる	3
電池切れしてます	3
電話する	3
電話します	3
電話しません	3
電話しました	3
電話しませんでした	3
電話しましょう	3
電話しない	3
電話しなかった	3
電話した	3
電話して	3
電話している	3
電話しています	3
電話していた	3
電話していました	3
電話してる	3
電話してます	3
震動する	4
震動します	4
震動しません	4
震動しました	4
震動しませんでした	4
震動しましょう	4
震動しない	4
震動しなかった	4
震動した	4
震動して	4
震動している	4
震動しています	4
震動していた	4
震動していました	4
震動してる	4
震動してます	4
露見する	3
露見します	3
露見しません	3
露見しました	3
露見しませんでした	3
露見しましょう	3
露見しない	3
露見しなかった	3
露見した	3
露見して	3
露見している	3
露見しています	3
露見していた	3
露見していました	3
露見してる	3
露見してます	3
静止する	3
静止します	3
静止しません	3
静止しました	3
静止しませんでした	3
静止しましょう	3
静止しない	3
静止しなかった	3
静止した	3
静止して	3
静止している	3
静止しています	3
静止していた	3
静止していました	3
静止してる	3
静止してます	3
静観する	4
静観します	4
静観しません	4
静観しました	4
静観しませんでした	4
静観しましょう	4
静観しない	4
静観しなかった	4
静観した	4
静観して	4
静観している	4
静観しています	4
静観していた	4
静観していました	4
静観してる	4
静観してます	4
静養する	4
静養します	4
静養しません	4
静養しました	4
静養しませんでした	4
静養しましょう	4
静養しない	4
静養しなかった	4
静養した	4
静養して	4
静養している	4
静養しています	4
静養していた	4
静養していました	4
静養してる	4
静養してます	4
非難する	1
非難します	1
非難しません	1
非難しました	1
非難しませんでした	1
非難しましょう	1
非難しない	1
非難しなかった	1
非難した	1
非難して	1
非難している	1
非難しています	1
非難していた	1
非難していました	1
非難してる	1
非難してます	1
面するする	3
面するします	6
面するしません	7
面するしました	6
面するしませんでした	7
面するしましょう	7
面するしない	5
面するしなかった	5
面するした	3
面するして	3
面するしている	3
面するしています	3
面するしていた	3
面するしていました	3
面するしてる	3
面するしてます	3
面会する	4
面会します	4
面会しません	4
面会しました	4
面会しませんでした	4
面会しましょう	4
面会しない	4
面会しなかった	4
面会した	4
面会して	4
面会している	4
面会しています	4
面会していた	4
面会していました	4
面会してる	4
面会してます	4
面接する	4
面接します	4
面接しません	4
面接しました	4
面接しませんでした	4
面接しましょう	4
面接しない	4
面接しなかった	4
面接した	4
面接して	4
面接している	4
面接しています	4
面接していた	4
面接していました	4
面接してる	4
面接してます	4
面談する	4
面談します	4
面談しません	4
面談しました	4
面談しませんでした	4
面談しましょう	4
面談しない	4
面談しなかった	4
面談した	4
面談して	4
面談している	4
面談しています	4
面談していた	4
面談していました	4
面談してる	4
面談してます	4
革新する	4
革新します	4
革新しません	4
革新しました	4
革新しませんでした	4
革新しましょう	4
革新しない	4
革新しなかった	4
革新した	4
革新して	4
革新している	4
革新しています	4
革新していた	4
革新していました	4
革新してる	4
革新してます	4
音読する	4
音読します	4
音読しません	4
音読しました	4
音読しませんでした	4
音読しましょう	4
音読しない	4
音読しなかった	4
音読した	4
音読して	4
音読している	4
音読しています	4
音読していた	4
音読していました	4
音読してる	4
音読してます	4
音読みする	4
音読みします	4
音読みしません	4
音読みしました	4
音読みしませんでした	4
音読みしましょう	4
音読みしない	4
音読みしなかった	4
音読みした	4
音読みして	4
音読みしている	4
音読みしています	4
音読みしていた	4
音読みしていました	4
音読みしてる	4
音読みしてます	4
預託する	3
預託します	3
預託しません	3
預託しました	3
預託しませんでした	3
預託しましょう	3
預託しない	3
預託しなかった	3
預託した	3
預託して	3
預託している	3
預託しています	3
預託していた	3
預託していました	3
預託してる	3
預託してます	3
預金する	3
預金します	3
預金しません	3
預金しました	3
預金しませんでした	3
預金しましょう	3
預金しない	3
預金しなかった	3
預金した	3
預金して	3
預金している	3
預金しています	3
預金していた	3
預金していました	3
預金してる	3
預金してます	3
領収する	4
領収します	4
領収しません	4
領収しました	4
領収しませんでした	4
領収しましょう	4
領収しない	4
領収しなかった	4
領収した	4
領収して	4
領収している	4
領収しています	4
領収していた	4
領収していました	4
領収してる	4
領収してます	4
領有する	4
領有します	4
領有しません	4
領有しました	4
領有しませんでした	4
領有しましょう	4
領有しない	4
領有しなかった	4
領有した	4
領有して	4
領有している	4
領有しています	4
領有していた	4
領有していました	4
領有してる	4
領有してます	4
頻発する	4
頻発します	4
頻発しません	4
頻発しました	4
頻発しませんでした	4
頻発しましょう	4
頻発しない	4
頻発しなかった	4
頻発した	4
頻発して	4
頻発している	4
頻発しています	4
頻発していた	4
頻発していました	4
頻発してる	4
頻発してます	4
題するする	3
題するします	6
題するしません	7
題するしました	6
題するしませんでした	7
題するしましょう	7
題するしない	5
題するしなかった	5
題するした	3
題するして	3
題するしている	3
題するしています	3
題するしていた	3
題するしていました	3
題するしてる	3
題するしてます	3
顔合わせする	5
顔合わせします	5
顔合わせしません	5
顔合わせしました	5
顔合わせしませんでした	5
顔合わせしましょう	5
顔合わせしない	5
顔合わせしなかった	5
顔合わせした	5
顔合わせして	5
顔合わせしている	5
顔合わせしています	5
顔合わせしていた	5
顔合わせしていました	5
顔合わせしてる	5
顔合わせしてます	5
顔負けする	4
顔負けします	4
顔負けしません	4
顔負けしました	4
顔負けしませんでした	4
顔負けしましょう	4
顔負けしない	4
顔負けしなかった	4
顔負けした	4
顔負けして	4
顔負けしている	4
顔負けしています	4
顔負けしていた	4
顔負けしていました	4
顔負けしてる	4
顔負けしてます	4
顕在する	4
顕在します	4
顕在しません	4
顕在しました	4
顕在しませんでした	4
顕在しましょう	4
顕在しない	4
顕在しなかった	4
顕在した	4
顕在して	4
顕在している	4
顕在しています	4
顕在していた	4
顕在していました	4
顕在してる	4
顕在してます	4
顕彰する	4
顕彰します	4
顕彰しません	4
顕彰しました	4
顕彰しませんでした	4
顕彰しましょう	4
顕彰しない	4
顕彰しなかった	4
顕彰した	4
顕彰して	4
顕彰している	4
顕彰しています	4
顕彰していた	4
顕彰していました	4
顕彰してる	4
顕彰してます	4
願望する	4
願望します	4
願望しません	4
願望しました	4
願望しませんでした	4
願望しましょう	4
願望しない	4
願望しなかった	4
願望した	4
願望して	4
願望している	4
願望しています	4
願望していた	4
願望していました	4
願望してる	4
願望してます	4
類似する	3
類似します	3
類似しません	3
類似しました	3
類似しませんでした	3
類似しましょう	3
類似しない	3
類似しなかった	3
類似した	3
類似して	3
類似している	3
類似しています	3
類似していた	3
類似していました	3
類似してる	3
類似してます	3
類推する	4
類推します	4
類推しません	4
類推しました	4
類推しませんでした	4
類推しましょう	4
類推しない	4
類推しなかった	4
類推した	4
類推して	4
類推している	4
類推しています	4
類推していた	4
類推していました	4
類推してる	4
類推してます	4
風刺する	3
風刺します	3
風刺しません	3
風刺しました	3
風刺しませんでした	3
風刺しましょう	3
風刺しない	3
風刺しなかった	3
風刺した	3
風刺して	3
風刺している	3
風刺しています	3
風刺していた	3
風刺していました	3
風刺してる	3
風刺してます	3
飛び火する	3
飛び火します	3
飛び火しません	3
飛び火しました	3
飛び火しませんでした	3
飛び火しましょう	3
飛び火しない	3
飛び火しなかった	3
飛び火した	3
飛び火して	3
飛び火している	3
飛び火しています	3
飛び火していた	3
飛び火していました	3
飛び火してる	3
飛び火してます	3
飛行する	3
飛行します	3
飛行しません	3
飛行しました	3
飛行しませんでした	3
飛行しましょう	3
飛行しない	3
飛行しなかった	3
飛行した	3
飛行して	3
飛行している	3
飛行しています	3
飛行していた	3
飛行していました	3
飛行してる	3
飛行してます	3
飛躍する	3
飛躍します	3
飛躍しません	3
飛躍しました	3
飛躍しませんでした	3
飛躍しましょう	3
飛躍しない	3
飛躍しなかった	3
飛躍した	3
飛躍して	3
飛躍している	3
飛躍しています	3
飛躍していた	3
飛躍していました	3
飛躍してる	3
飛躍してます	3
食べ歩きする	5
食べ歩きします	5
食べ歩きしません	5
食べ歩きしました	5
食べ歩きしませんでした	5
食べ歩きしましょう	5
食べ歩きしない	6
食べ歩きしなかった	6
食べ歩きした	5
食べ歩きして	5
食べ歩きしている	5
食べ歩きしています	5
食べ歩きしていた	5
食べ歩きしていました	5
食べ歩きしてる	5
食べ歩きしてます	5
食事する	3
食事します	3
食事しません	3
食事しました	3
食事しませんでした	3
食事しましょう	3
食事しない	3
食事しなかった	3
食事した	3
食事して	3
食事している	3
食事しています	3
食事していた	3
食事していました	3
食事してる	3
食事してます	3
飢え死にする	5
飢え死にします	5
飢え死にしません	5
飢え死にしました	5
飢え死にしませんでした	5
飢え死にしましょう	5
飢え死にしない	5
飢え死にしなかった	5
飢え死にした	5
飢え死にして	5
飢え死にしている	5
飢え死にしています	5
飢え死にしていた	5
飢え死にしていました	5
飢え死にしてる	5
飢え死にしてます	5
飲酒する	3
飲酒します	3
飲酒しません	3
飲酒しました	3
飲酒しませんでした	3
飲酒しましょう	3
飲酒しない	3
飲酒しなかった	3
飲酒した	3
飲酒して	3
飲酒している	3
飲酒しています	3
飲酒していた	3
飲酒していました	3
飲酒してる	3
飲酒してます	3
飲食する	4
飲食します	4
飲食しません	4
飲食しました	4
飲食しませんでした	4
飲食しましょう	4
飲食しない	4
飲食しなかった	4
飲食した	4
飲食して	4
飲食している	4
飲食しています	4
飲食していた	4
飲食していました	4
飲食してる	4
飲食してます	4
飼育する	3
飼育します	3
飼育しません	3
飼育しました	3
飼育しませんでした	3
飼育しましょう	3
飼育しない	3
飼育しなかった	3
飼育した	3
飼育して	3
飼育している	3
飼育しています	3
飼育していた	3
飼育していました	3
飼育してる	3
飼育してます	3
飽和する	3
飽和します	3
飽和しません	3
飽和しました	3
飽和しませんでした	3
飽和しましょう	3
飽和しない	3
飽和しなかった	3
飽和した	3
飽和して	3
飽和している	3
飽和しています	3
飽和していた	3
飽和していました	3
飽和してる	3
飽和してます	3
飽食する	4
飽食します	4
飽食しません	4
飽食しました	4
飽食しませんでした	4
飽食しましょう	4
飽食しない	4
飽食しなかった	4
飽食した	4
飽食して	4
飽食している	4
飽食しています	4
飽食していた	4
飽食していました	4
飽食してる	4
飽食してます	4
養成する	4
養成します	4
養成しません	4
養成しました	4
養成しませんでした	4
養成しましょう	4
養成しない	4
養成しなかった	4
養成した	4
養成して	4
養成している	4
養成しています	4
養成していた	4
養成していました	4
養成してる	4
養成してます	4
養殖する	4
養殖します	4
養殖しません	4
養殖しました	4
養殖しませんでした	4
養殖しましょう	4
養殖しない	4
養殖しなかった	4
養殖した	4
養殖して	4
養殖している	4
養殖しています	4
養殖していた	4
養殖していました	4
養殖してる	4
養殖してます	4
養育する	4
養育します	4
養育しません	4
養育しました	4
養育しませんでした	4
養育しましょう	4
養育しない	4
養育しなかった	4
養育した	4
養育して	4
養育している	4
養育しています	4
養育していた	4
養育していました	4
養育してる	4
養育してます	4
養護する	1
養護します	1
養護しません	1
養護しました	1
養護しませんでした	1
養護しましょう	1
養護しない	1
養護しなかった	1
養護した	1
養護して	1
養護している	1
養護しています	1
養護していた	1
養護していました	1
養護してる	1
養護してます	1
餓死する	1
餓死します	1
餓死しません	1
餓死しました	1
餓死しませんでした	1
餓死しましょう	1
餓死しない	1
餓死しなかった	1
餓死した	1
餓死して	1
餓死している	1
餓死しています	1
餓死していた	1
餓死していました	1
餓死してる	1
餓死してます	1
駆けっこする	2
駆けっこします	2
駆けっこしません	2
駆けっこしました	2
駆けっこしませんでした	2
駆けっこしましょう	2
駆けっこしない	2
駆けっこしなかった	2
駆けっこした	2
駆けっこして	2
駆けっこしている	2
駆けっこしています	2
駆けっこしていた	2
駆けっこしていました	2
駆けっこしてる	2
駆けっこしてます	2
駆け引きする	2
駆け引きします	2
駆け引きしません	2
駆け引きしました	2
駆け引きしませんでした	2
駆け引きしましょう	2
駆け引きしない	2
駆け引きしなかった	2
駆け引きした	2
駆け引きして	2
駆け引きしている	2
駆け引きしています	2
駆け引きしていた	2
駆け引きしていました	2
駆け引きしてる	2
駆け引きしてます	2
駆使する	1
駆使します	1
駆使しません	1
駆使しました	1
駆使しませんでした	1
駆使しましょう	1
駆使しない	1
駆使しなかった	1
駆使した	1
駆使して	1
駆使している	1
駆使しています	1
駆使していた	1
駆使していました	1
駆使してる	1
駆使してます	1
駆動する	3
駆動します	3
駆動しません	3
駆動しました	3
駆動しませんでした	3
駆動しましょう	3
駆動しない	3
駆動しなかった	3
駆動した	3
駆動して	3
駆動している	3
駆動しています	3
駆動していた	3
駆動していました	3
駆動してる	3
駆動してます	3
駆除する	1
駆除します	1
駆除しません	1
駆除しました	1
駆除しませんでした	1
駆除しましょう	1
駆除しない	1
駆除しなかった	1
駆除した	1
駆除して	1
駆除している	1
駆除しています	1
駆除していた	1
駆除していました	1
駆除してる	1
駆除してます	1
駐在する	4
駐在します	4
駐在しません	4
駐在しました	4
駐在しませんでした	4
駐在しましょう	4
駐在しない	4
駐在しなかった	4
駐在した	4
駐在して	4
駐在している	4
駐在しています	4
駐在していた	4
駐在していました	4
駐在してる	4
駐在してます	4
駐屯する	4
駐屯します	4
駐屯しません	4
駐屯しました	4
駐屯しませんでした	4
駐屯しましょう	4
駐屯しない	4
駐屯しなかった	4
駐屯した	4
駐屯して	4
駐屯している	4
駐屯しています	4
駐屯していた	4
駐屯していました	4
駐屯してる	4
駐屯してます	4
駐留する	4
駐留します	4
駐留しません	4
駐留しました	4
駐留しませんでした	4
駐留しましょう	4
駐留しない	4
駐留しなかった	4
駐留した	4
駐留して	4
駐留している	4
駐留しています	4
駐留していた	4
駐留していました	4
駐留してる	4
駐留してます	4
駐車する	3
駐車します	3
駐車しません	3
駐車しました	3
駐車しませんでした	3
駐車しましょう	3
駐車しない	3
駐車しなかった	3
駐車した	3
駐車して	3
駐車している	3
駐車しています	3
駐車していた	3
駐車していました	3
駐車してる	3
駐車してます	3
騒動する	1
騒動します	1
騒動しません	1
騒動しました	1
騒動しませんでした	1
騒動しましょう	1
騒動しない	1
騒動しなかった	1
騒動した	1
騒動して	1
騒動している	1
騒動しています	1
騒動していた	1
騒動していました	1
騒動してる	1
騒動してます	1
騰貴する	1
騰貴します	1
騰貴しません	1
騰貴しました	1
騰貴しませんでした	1
騰貴しましょう	1
騰貴しない	1
騰貴しなかった	1
騰貴した	1
騰貴して	1
騰貴している	1
騰貴しています	1
騰貴していた	1
騰貴していました	1
騰貴してる	1
騰貴してます	1
驚愕する	4
驚愕します	4
驚愕しません	4
驚愕しました	4
驚愕しませんでした	4
驚愕しましょう	4
驚愕しない	4
驚愕しなかった	4
驚愕した	4
驚愕して	4
驚愕している	4
驚愕しています	4
驚愕していた	4
驚愕していました	4
驚愕してる	4
驚愕してます	4
骨折する	4
骨折します	4
骨折しません	4
骨折しました	4
骨折しませんでした	4
骨折しましょう	4
骨折しない	4
骨折しなかった	4
骨折した	4
骨折して	4
骨折している	4
骨折しています	4
骨折していた	4
骨折していました	4
骨折してる	4
骨折してます	4
高低する	4
高低します	4
高低しません	4
高低しました	4
高低しませんでした	4
高低しましょう	4
高低しない	4
高低しなかった	4
高低した	4
高低して	4
高低している	4
高低しています	4
高低していた	4
高低していました	4
高低してる	4
高低してます	4
高揚する	4
高揚します	4
高揚しません	4
高揚しました	4
高揚しませんでした	4
高揚しましょう	4
高揚しない	4
高揚しなかった	4
高揚した	4
高揚して	4
高揚している	4
高揚しています	4
高揚していた	4
高揚していました	4
高揚してる	4
高揚してます	4
高騰する	4
高騰します	4
高騰しません	4
高騰しました	4
高騰しませんでした	4
高騰しましょう	4
高騰しない	4
高騰しなかった	4
高騰した	4
高騰して	4
高騰している	4
高騰しています	4
高騰していた	4
高騰していました	4
高騰してる	4
高騰してます	4
魅了する	3
魅了します	3
魅了しません	3
魅了しました	3
魅了しませんでした	3
魅了しましょう	3
魅了しない	3
魅了しなかった	3
魅了した	3
魅了して	3
魅了している	3
魅了しています	3
魅了していた	3
魅了していました	3
魅了してる	3
魅了してます	3
魅惑する	3
魅惑します	3
魅惑しません	3
魅惑しました	3
魅惑しませんでした	3
魅惑しましょう	3
魅惑しない	3
魅惑しなかった	3
魅惑した	3
魅惑して	3
魅惑している	3
魅惑しています	3
魅惑していた	3
魅惑していました	3
魅惑してる	3
魅惑してます	3
麻痺する	1
麻痺します	1
麻痺しません	1
麻痺しました	1
麻痺しませんでした	1
麻痺しましょう	1
麻痺しない	1
麻痺しなかった	1
麻痺した	1
麻痺して	1
麻痺している	1
麻痺しています	1
麻痺していた	1
麻痺していました	1
麻痺してる	1
麻痺してます	1
黙祷する	4
黙祷します	4
黙祷しません	4
黙祷しました	4
黙祷しませんでした	4
黙祷しましょう	4
黙祷しない	4
黙祷しなかった	4
黙祷した	4
黙祷して	4
黙祷している	4
黙祷しています	4
黙祷していた	4
黙祷していました	4
黙祷してる	4
黙祷してます	4
いく	0
いきます	3
いきません	4
いきました	3
いきませんでした	4
いきましょう	4
いかない	0
いかなかった	6
いった	3
いって	0
いっている	3
いっています	3
いっていた	3
いっていました	3
いってる	3
いってます	4
かなわない	3
かなわなく	3
かなわなくない	3
かなわなくなかった	3
かなわなかった	3
かなわなくて	3
かよわい	3
かよわく	3
かよわくない	3
かよわくなかった	3
かよわかった	3
かよわくて	3
くすぐったい	5
くすぐったく	5
くすぐったくない	5
くすぐったくなかった	5
くすぐったかった	5
くすぐったくて	5
くすぐる	0
くすぐります	5
くすぐりません	6
くすぐりました	5
くすぐりませんでした	6
くすぐりましょう	6
くすぐらない	0
くすぐらなかった	8
くすぐった	5
くすぐって	0
くすぐっている	5
くすぐっています	5
くすぐっていた	5
くすぐっていました	5
くすぐってる	5
くすぐってます	6
くたびれる	4
くたびれます	5
くたびれません	6
くたびれました	5
くたびれませんでした	6
くたびれましょう	6
くたびれない	4
くたびれなかった	4
くたびれた	4
くたびれて	4
くたびれている	4
くたびれています	4
くたびれていた	4
くたびれていました	4
くたびれてる	5
くたびれてます	4
くっつく	1
くっつきます	1
くっつきません	1
くっつきました	1
くっつきませんでした	1
くっつきましょう	1
くっつかない	1
くっつかなかった	1
くっついた	1
くっついて	1
くっついている	1
くっついています	1
くっついていた	1
くっついていました	1
くっついてる	1
くっついてます	1
くっつける	4
くっつけます	5
くっつけません	6
くっつけました	5
くっつけませんでした	6
くっつけましょう	6
くっつけない	4
くっつけなかった	4
くっつけた	4
くっつけて	4
くっつけている	4
くっつけています	4
くっつけていた	4
くっつけていました	4
くっつけてる	5
くっつけてます	4
こだわる	3
こだわります	5
こだわりません	6
こだわりました	5
こだわりませんでした	6
こだわりましょう	6
こだわらない	4
こだわらなかった	4
こだわった	3
こだわって	3
こだわっている	3
こだわっています	3
こだわっていた	3
こだわっていました	3
こだわってる	5
こだわってます	3
しつこく	4
しつこくない	1
しつこくなかった	1
しつこかった	4
しつこくて	4
だらしない	4
だらしなく	4
だらしなくない	4
だらしなくなかった	4
だらしなかった	4
だらしなくて	4
だるい	2
だるく	2
だるくない	2
だるくなかった	2
だるかった	2
だるくて	2
つまらない	3
つまらなく	3
つまらなくない	2
つまらなくなかった	5
つまらなかった	3
つまらなくて	3
とんでもない	4
とんでもなく	0
とんでもなくない	4
とんでもなくなかった	4
とんでもなかった	4
とんでもなくて	4
はびこる	3
はびこります	5
はびこりません	6
はびこりました	5
はびこりませんでした	6
はびこりましょう	6
はびこらない	4
はびこらなかった	4
はびこった	3
はびこって	3
はびこっている	3
はびこっています	3
はびこっていた	3
はびこっていました	3
はびこってる	5
はびこってます	3
ぶらさがる	0
ぶらさがります	6
ぶらさがりません	7
ぶらさがりました	6
ぶらさがりませんでした	7
ぶらさがりましょう	7
ぶらさがらない	0
ぶらさがらなかった	9
ぶらさがった	6
ぶらさがって	0
ぶらさがっている	6
ぶらさがっています	6
ぶらさがっていた	6
ぶらさがっていました	6
ぶらさがってる	6
ぶらさがってます	7
ぶらさげる	0
ぶらさげます	5
ぶらさげません	6
ぶらさげました	5
ぶらさげませんでした	6
ぶらさげましょう	6
ぶらさげない	0
ぶらさげなかった	8
ぶらさげた	5
ぶらさげて	0
ぶらさげている	5
ぶらさげています	5
ぶらさげていた	5
ぶらさげていました	5
ぶらさげてる	5
ぶらさげてます	6
もがく	1
もがきます	1
もがきません	1
もがきました	1
もがきませんでした	1
もがきましょう	1
もがかない	1
もがかなかった	1
もがいた	1
もがいて	1
もがいている	1
もがいています	1
もがいていた	1
もがいていました	1
もがいてる	1
もがいてます	1
やる	0
やります	3
やりません	4
やりました	3
やりませんでした	4
やりましょう	4
やらない	0
やらなかった	6
やって	0
やっている	3
やっています	3
やっていた	3
やっていました	3
やってる	3
やってます	4
よこす	2
よこします	4
よこしません	5
よこしました	4
よこしませんでした	5
よこしましょう	5
よこさない	3
よこさなかった	3
よこした	2
よこして	2
よこしている	2
よこしています	2
よこしていた	2
よこしていました	2
よこしてる	4
よこしてます	2
よろめく	3
よろめきます	5
よろめきません	6
よろめきました	5
よろめきませんでした	6
よろめきましょう	6
よろめかない	4
よろめかなかった	4
よろめいた	3
よろめいて	3
よろめいている	3
よろめいています	3
よろめいていた	3
よろめいていました	3
よろめいてる	5
よろめいてます	3
あわれむ	3
あわれみます	5
あわれみません	6
あわれみました	5
あわれみませんでした	6
あわれみましょう	6
あわれまない	4
あわれまなかった	4
あわれんだ	3
あわれんで	3
あわれんでいる	3
あわれんでいます	3
あわれんでいた	3
あわれんでいました	3
あわれんでる	5
あわれんでます	3
いとしい	3
いとしく	3
いとしくない	3
いとしくなかった	3
いとしかった	3
いとしくて	3
わるい	2
わるく	2
わるくない	2
わるくなかった	2
わるかった	2
わるくて	2
わるがしこい	5
わるがしこく	5
わるがしこくない	5
わるがしこくなかった	5
わるがしこかった	5
わるがしこくて	5
にぎらす	0
にぎらします	5
にぎらしません	6
にぎらしました	5
にぎらしませんでした	6
にぎらしましょう	6
にぎらさない	0
にぎらさなかった	8
にぎらした	5
にぎらして	0
にぎらしている	5
にぎらしています	5
にぎらしていた	5
にぎらしていました	5
にぎらしてる	5
にぎらしてます	6
にぎりしめる	5
にぎりしめます	6
にぎりしめません	7
にぎりしめました	6
にぎりしめませんでした	7
にぎりしめましょう	7
にぎりしめない	5
にぎりしめなかった	5
にぎりしめた	5
にぎりしめて	5
にぎりしめている	5
にぎりしめています	5
にぎりしめていた	5
にぎりしめていました	5
にぎりしめてる	6
にぎりしめてます	5
にぎる	0
にぎります	4
にぎりません	5
にぎりました	4
にぎりませんでした	5
にぎりましょう	5
にぎらない	0
にぎらなかった	7
にぎった	4
にぎって	0
にぎっている	4
にぎっています	4
にぎっていた	4
にぎっていました	4
にぎってる	4
にぎってます	5
あつかう	0
あつかいます	5
あつかいません	6
あつかいました	5
あつかいませんでした	6
あつかいましょう	6
あつかわない	0
あつかわなかった	8
あつかった	5
あつかって	0
あつかっている	5
あつかっています	5
あつかっていた	5
あつかっていました	5
あつかってる	5
あつかってます	6
やすい	2
やすく	2
やすくない	2
やすくなかった	2
やすかった	2
やすくて	2
やすっぽい	4
やすっぽく	4
やすっぽくない	4
やすっぽくなかった	4
やすっぽかった	4
やすっぽくて	4
くらい	0
くらく	0
くらくない	4
くらくなかった	7
くらかった	2
くらくて	0
えらい	2
えらく	2
えらくない	2
えらくなかった	2
えらかった	2
えらくて	2
かこう	0
かこいます	4
かこいません	5
かこいました	4
かこいませんでした	5
かこいましょう	5
かこわない	0
かこわなかった	7
かこった	4
かこって	0
かこっている	4
かこっています	4
かこっていた	4
かこっていました	4
かこってる	4
かこってます	5
かこむ	0
かこみます	4
かこみません	5
かこみました	4
かこみませんでした	5
かこみましょう	5
かこまない	0
かこまなかった	7
かこんだ	0
かこんで	4
かこんでいる	4
かこんでいます	4
かこんでいた	4
かこんでいました	4
かこんでる	4
かこんでます	5
ゆだねる	3
ゆだねます	4
ゆだねません	5
ゆだねました	4
ゆだねませんでした	5
ゆだねましょう	5
ゆだねない	3
ゆだねなかった	3
ゆだねた	3
ゆだねて	3
ゆだねている	3
ゆだねています	3
ゆだねていた	3
ゆだねていました	3
ゆだねてる	4
ゆだねてます	3
いばる	2
いばります	4
いばりません	5
いばりました	4
いばりませんでした	5
いばりましょう	5
いばらない	3
いばらなかった	3
いばった	2
いばって	2
いばっている	2
いばっています	2
いばっていた	2
いばっていました	2
いばってる	4
いばってます	2
いきごむ	3
いきごみます	5
いきごみません	6
いきごみました	5
いきごみませんでした	6
いきごみましょう	6
いきごまない	4
いきごまなかった	4
いきごんだ	3
いきごんで	3
いきごんでいる	3
いきごんでいます	3
いきごんでいた	3
いきごんでいました	3
いきごんでる	5
いきごんでます	3
なぐさめる	4
なぐさめます	5
なぐさめません	6
なぐさめました	5
なぐさめませんでした	6
なぐさめましょう	6
なぐさめない	0
なぐさめなかった	8
なぐさめた	5
なぐさめて	0
なぐさめている	5
なぐさめています	5
なぐさめていた	5
なぐさめていました	5
なぐさめてる	5
なぐさめてます	6
やさしい	0
やさしく	3
やさしくない	3
やさしくなかった	3
やさしかった	3
やさしくて	3
しすぎる	3
しすぎます	4
しすぎません	5
しすぎました	4
しすぎませんでした	5
しすぎましょう	5
しすぎない	0
しすぎなかった	7
しすぎた	4
しすぎて	0
しすぎている	4
しすぎています	4
しすぎていた	4
しすぎていました	4
しすぎてる	4
しすぎてます	5
しつづける	4
しつづけます	5
しつづけません	6
しつづけました	5
しつづけませんでした	6
しつづけましょう	6
しつづけない	0
しつづけなかった	8
しつづけた	5
しつづけて	0
しつづけている	5
しつづけています	5
しつづけていた	5
しつづけていました	5
しつづけてる	5
しつづけてます	6
ことなる	3
ことなります	5
ことなりません	6
ことなりました	5
ことなりませんでした	6
ことなりましょう	6
ことならない	4
ことならなかった	4
ことなった	3
ことなって	3
ことなっている	3
ことなっています	3
ことなっていた	3
ことなっていました	3
ことなってる	5
ことなってます	3
うつす	2
うつします	4
うつしません	5
うつしました	4
うつしませんでした	5
うつしましょう	5
うつさない	3
うつさなかった	3
うつした	2
うつして	2
うつしている	2
うつしています	2
うつしていた	2
うつしていました	2
うつしてる	4
うつしてます	2
うつる	2
うつります	4
うつりません	5
うつりました	4
うつりませんでした	5
うつりましょう	5
うつらない	3
うつらなかった	3
うつった	2
うつって	2
うつっている	2
うつっています	2
うつっていた	2
うつっていました	2
うつってる	4
うつってます	2
なえる	2
なえます	3
なえません	4
なえました	3
なえませんでした	4
なえましょう	4
なえない	2
なえなかった	2
なえた	2
なえて	2
なえている	2
なえています	2
なえていた	2
なえていました	2
なえてる	3
なえてます	2
しおれる	0
しおれます	4
しおれません	5
しおれました	4
しおれませんでした	5
しおれましょう	5
しおれない	0
しおれなかった	7
しおれた	4
しおれて	0
しおれている	4
しおれています	4
しおれていた	4
しおれていました	4
しおれてる	4
しおれてます	5
そだつ	2
そだちます	4
そだちません	5
そだちました	4
そだちませんでした	5
そだちましょう	5
そだたない	3
そだたなかった	3
そだった	2
そだって	2
そだっている	2
そだっています	2
そだっていた	2
そだっていました	2
そだってる	4
そだってます	2
そだてる	3
そだてます	4
そだてません	5
そだてました	4
そだてませんでした	5
そだてましょう	5
そだてない	3
そだてなかった	3
そだてた	3
そだてて	3
そだてている	3
そだてています	3
そだてていた	3
そだてていました	3
そだててる	3
そだててます	3
あふれる	3
あふれます	4
あふれません	5
あふれました	4
あふれませんでした	5
あふれましょう	5
あふれない	3
あふれなかった	3
あふれた	3
あふれて	3
あふれている	3
あふれています	3
あふれていた	3
あふれていました	3
あふれてる	4
あふれてます	3
そらす	2
そらします	4
そらしません	5
そらしました	4
そらしませんでした	5
そらしましょう	5
そらさない	3
そらさなかった	3
そらした	2
そらして	2
そらしている	2
そらしています	2
そらしていた	2
そらしていました	2
そらしてる	4
そらしてます	2
よる	0
よります	3
よりません	4
よりました	3
よりませんでした	4
よりましょう	4
よらない	0
よらなかった	6
よった	3
よって	0
よっている	3
よっています	3
よっていた	3
よっていました	3
よってる	3
よってます	4
ひかれる	0
ひかれます	4
ひかれません	5
ひかれました	4
ひかれませんでした	5
ひかれましょう	5
ひかれない	0
ひかれなかった	7
ひかれた	4
ひかれて	0
ひかれている	4
ひかれています	4
ひかれていた	4
ひかれていました	4
ひかれてる	4
ひかれてます	5
ひきおこす	4
ひきおこします	6
ひきおこしません	7
ひきおこしました	6
ひきおこしませんでした	7
ひきおこしましょう	7
ひきおこさない	5
ひきおこさなかった	5
ひきおこした	4
ひきおこして	4
ひきおこしている	4
ひきおこしています	4
ひきおこしていた	4
ひきおこしていました	4
ひきおこしてる	6
ひきおこしてます	4
ひきつぐ	3
ひきつぎます	5
ひきつぎません	6
ひきつぎました	5
ひきつぎませんでした	6
ひきつぎましょう	6
ひきつがない	4
ひきつがなかった	4
ひきついだ	3
ひきついで	3
ひきついでいる	3
ひきついでいます	3
ひきついでいた	3
ひきついでいました	3
ひきついでる	5
ひきついでます	3
ひきとる	3
ひきとります	5
ひきとりません	6
ひきとりました	5
ひきとりませんでした	6
ひきとりましょう	6
ひきとらない	4
ひきとらなかった	4
ひきとった	3
ひきとって	3
ひきとっている	3
ひきとっています	3
ひきとっていた	3
ひきとっていました	3
ひきとってる	5
ひきとってます	3
ひきずる	0
ひきずります	5
ひきずりません	6
ひきずりました	5
ひきずりませんでした	6
ひきずりましょう	6
ひきずらない	0
ひきずらなかった	8
ひきずった	5
ひきずって	0
ひきずっている	5
ひきずっています	5
ひきずっていた	5
ひきずっていました	5
ひきずってる	5
ひきずってます	6
ひきしまる	4
ひきしまります	6
ひきしまりません	7
ひきしまりました	6
ひきしまりませんでした	7
ひきしまりましょう	7
ひきしまらない	5
ひきしまらなかった	5
ひきしまった	4
ひきしまって	4
ひきしまっている	4
ひきしまっています	4
ひきしまっていた	4
ひきしまっていました	4
ひきしまってる	6
ひきしまってます	4
ひきぬく	3
ひきぬきます	5
ひきぬきません	6
ひきぬきました	5
ひきぬきませんでした	6
ひきぬきましょう	6
ひきぬかない	4
ひきぬかなかった	4
ひきぬいた	3
ひきぬいて	3
ひきぬいている	3
ひきぬいています	3
ひきぬいていた	3
ひきぬいていました	3
ひきぬいてる	5
ひきぬいてます	3
ひきかえす	3
ひきかえします	6
ひきかえしません	7
ひきかえしました	6
ひきかえしませんでした	7
ひきかえしましょう	7
ひきかえさない	5
ひきかえさなかった	5
ひきかえした	6
ひきかえして	0
ひきかえしている	6
ひきかえしています	6
ひきかえしていた	6
ひきかえしていました	6
ひきかえしてる	6
ひきかえしてます	7
ひきもどす	4
ひきもどします	6
ひきもどしません	7
ひきもどしました	6
ひきもどしませんでした	7
ひきもどしましょう	7
ひきもどさない	5
ひきもどさなかった	5
ひきもどした	4
ひきもどして	4
ひきもどしている	4
ひきもどしています	4
ひきもどしていた	4
ひきもどしていました	4
ひきもどしてる	6
ひきもどしてます	4
ひきはなす	4
ひきはなします	6
ひきはなしません	7
ひきはなしました	6
ひきはなしませんでした	7
ひきはなしましょう	7
ひきはなさない	5
ひきはなさなかった	5
ひきはなした	4
ひきはなして	4
ひきはなしている	4
ひきはなしています	4
ひきはなしていた	4
ひきはなしていました	4
ひきはなしてる	6
ひきはなしてます	4
ひきさく	3
ひきさきます	5
ひきさきません	6
ひきさきました	5
ひきさきませんでした	6
ひきさきましょう	6
ひきさかない	4
ひきさかなかった	4
ひきさいた	3
ひきさいて	3
ひきさいている	3
ひきさいています	3
ひきさいていた	3
ひきさいていました	3
ひきさいてる	5
ひきさいてます	3
ひく	0
ひきます	3
ひきません	4
ひきました	3
ひきませんでした	4
ひきましょう	4
ひかない	0
ひかなかった	6
ひいた	3
ひいて	0
ひいている	3
ひいています	3
ひいていた	3
ひいていました	3
ひいてる	3
ひいてます	4
ひっくりかえる	5
ひっくりかえります	8
ひっくりかえりません	9
ひっくりかえりました	8
ひっくりかえりませんでした	9
ひっくりかえりましょう	9
ひっくりかえらない	7
ひっくりかえらなかった	7
ひっくりかえった	5
ひっくりかえって	5
ひっくりかえっている	5
ひっくりかえっています	5
ひっくりかえっていた	5
ひっくりかえっていました	5
ひっくりかえってる	8
ひっくりかえってます	5
ひっこす	3
ひっこします	5
ひっこしません	6
ひっこしました	5
ひっこしませんでした	6
ひっこしましょう	6
ひっこさない	4
ひっこさなかった	4
ひっこした	5
ひっこして	0
ひっこしている	5
ひっこしています	5
ひっこしていた	5
ひっこしていました	5
ひっこしてる	5
ひっこしてます	6
ひっかかる	4
ひっかかります	6
ひっかかりません	7
ひっかかりました	6
ひっかかりませんでした	7
ひっかかりましょう	7
ひっかからない	5
ひっかからなかった	5
ひっかかった	4
ひっかかって	4
ひっかかっている	4
ひっかかっています	4
ひっかかっていた	4
ひっかかっていました	4
ひっかかってる	6
ひっかかってます	4
ひっかける	4
ひっかけます	5
ひっかけません	6
ひっかけました	5
ひっかけませんでした	6
ひっかけましょう	6
ひっかけない	4
ひっかけなかった	4
ひっかけた	4
ひっかけて	4
ひっかけている	4
ひっかけています	4
ひっかけていた	4
ひっかけていました	4
ひっかけてる	5
ひっかけてます	4
ひっこむ	3
ひっこみます	5
ひっこみません	6
ひっこみました	5
ひっこみませんでした	6
ひっこみましょう	6
ひっこまない	4
ひっこまなかった	4
ひっこんだ	3
ひっこんで	3
ひっこんでいる	3
ひっこんでいます	3
ひっこんでいた	3
ひっこんでいました	3
ひっこんでる	5
ひっこんでます	3
のむ	1
のみます	3
のみません	4
のみました	3
のみませんでした	4
のみましょう	4
のまない	2
のまなかった	2
のんだ	1
のんで	1
のんでいる	1
のんでいます	1
のんでいた	1
のんでいました	1
のんでる	3
のんでます	1
かくす	2
かくします	4
かくしません	5
かくしました	4
かくしませんでした	5
かくしましょう	5
かくさない	3
かくさなかった	3
かくした	3
かくして	3
かくしている	3
かくしています	3
かくしていた	3
かくしていました	3
かくしてる	4
かくしてます	3
かくれる	3
かくれます	4
かくれません	5
かくれました	4
かくれませんでした	5
かくれましょう	5
かくれない	3
かくれなかった	3
かくれた	3
かくれて	3
かくれている	3
かくれています	3
かくれていた	3
かくれていました	3
かくれてる	4
かくれてます	3
はこぶ	0
はこびます	4
はこびません	5
はこびました	4
はこびませんでした	5
はこびましょう	5
はこばない	0
はこばなかった	7
はこんだ	0
はこんで	4
はこんでいる	4
はこんでいます	4
はこんでいた	4
はこんでいました	4
はこんでる	4
はこんでます	5
いとなむ	3
いとなみます	5
いとなみません	6
いとなみました	5
いとなみませんでした	6
いとなみましょう	6
いとなまない	4
いとなまなかった	4
いとなんだ	3
いとなんで	3
いとなんでいる	3
いとなんでいます	3
いとなんでいた	3
いとなんでいました	3
いとなんでる	5
いとなんでます	3
さかえる	3
さかえます	4
さかえません	5
さかえました	4
さかえませんでした	5
さかえましょう	5
さかえない	3
さかえなかった	3
さかえた	2
さかえて	2
さかえている	2
さかえています	2
さかえていた	2
さかえていました	2
さかえてる	4
さかえてます	2
およぐ	2
およぎます	4
およぎません	5
およぎました	4
およぎませんでした	5
およぎましょう	5
およがない	3
およがなかった	3
およいだ	2
およいで	2
およいでいる	2
およいでいます	2
およいでいた	2
およいでいました	2
およいでる	4
およいでます	2
よむ	1
よみます	3
よみません	4
よみました	3
よみませんでした	4
よみましょう	4
よまない	2
よまなかった	2
よんだ	1
よんで	1
よんでいる	1
よんでいます	1
よんでいた	1
よんでいました	1
よんでる	3
よんでます	1
するどい	3
するどく	3
するどくない	3
するどくなかった	3
するどかった	3
するどくて	3
こす	0
こします	3
こしません	4
こしました	3
こしませんでした	4
こしましょう	4
こさない	0
こさなかった	6
こした	3
こして	0
こしている	3
こしています	3
こしていた	3
こしていました	3
こしてる	3
こしてます	4
そう	1
そいます	3
そいません	4
そいました	3
そいませんでした	4
そいましょう	4
そわない	2
そわなかった	2
そった	1
そって	1
そっている	1
そっています	1
そっていた	1
そっていました	1
そってる	3
そってます	1
えんじる	0
えんじます	4
えんじません	5
えんじました	4
えんじませんでした	5
えんじましょう	5
えんじない	0
えんじなかった	7
えんじた	4
えんじて	0
えんじている	4
えんじています	4
えんじていた	4
えんじていました	4
えんじてる	4
えんじてます	5
けむい	0
けむく	0
けむくない	4
けむくなかった	7
けむかった	2
けむくて	0
けむたい	3
けむたく	3
けむたくない	3
けむたくなかった	3
けむたかった	3
けむたくて	3
けむる	0
けむります	4
けむりません	5
けむりました	4
けむりませんでした	5
けむりましょう	5
けむらない	0
けむらなかった	7
けむった	4
けむって	0
けむっている	4
けむっています	4
けむっていた	4
けむっていました	4
けむってる	4
けむってます	5
とおい	0
とおく	3
とおくない	3
とおくなかった	3
とおかった	2
とおくて	3
とおざかる	4
とおざかります	6
とおざかりません	7
とおざかりました	6
とおざかりませんでした	7
とおざかりましょう	7
とおざからない	5
とおざからなかった	5
とおざかった	4
とおざかって	4
とおざかっている	4
とおざかっています	4
とおざかっていた	4
とおざかっていました	4
とおざかってる	6
とおざかってます	4
きたない	3
きたなく	3
きたなくない	3
きたなくなかった	3
きたなかった	3
きたなくて	3
よごす	2
よごします	4
よごしません	5
よごしました	4
よごしませんでした	5
よごしましょう	5
よごさない	0
よごさなかった	7
よごした	4
よごして	0
よごしている	4
よごしています	4
よごしていた	4
よごしていました	4
よごしてる	4
よごしてます	5
よごれる	0
よごれます	4
よごれません	5
よごれました	4
よごれませんでした	5
よごれましょう	5
よごれない	0
よごれなかった	7
よごれた	4
よごれて	0
よごれている	4
よごれています	4
よごれていた	4
よごれていました	4
よごれてる	4
よごれてます	5
へこむ	0
へこみます	4
へこみません	5
へこみました	4
へこみませんでした	5
へこみましょう	5
へこまない	0
へこまなかった	7
へこんだ	0
へこんで	4
へこんでいる	4
へこんでいます	4
へこんでいた	4
へこんでいました	4
へこんでる	4
へこんでます	5
こたえる	3
こたえます	4
こたえません	5
こたえました	4
こたえませんでした	5
こたえましょう	5
こたえない	3
こたえなかった	3
こたえた	2
こたえて	2
こたえている	2
こたえています	2
こたえていた	2
こたえていました	2
こたえてる	4
こたえてます	2
おうじる	0
おうじます	4
おうじません	5
おうじました	4
おうじませんでした	5
おうじましょう	5
おうじない	0
おうじなかった	7
おうじた	4
おうじて	0
おうじている	4
おうじています	4
おうじていた	4
おうじていました	4
おうじてる	4
おうじてます	5
おしこむ	3
おしこみます	5
おしこみません	6
おしこみました	5
おしこみませんでした	6
おしこみましょう	6
おしこまない	4
おしこまなかった	4
おしこんだ	3
おしこんで	3
おしこんでいる	3
おしこんでいます	3
おしこんでいた	3
おしこんでいました	3
おしこんでる	5
おしこんでます	3
おしきる	3
おしきります	5
おしきりません	6
おしきりました	5
おしきりませんでした	6
おしきりましょう	6
おしきらない	4
おしきらなかった	4
おしきった	3
おしきって	3
おしきっている	3
おしきっています	3
おしきっていた	3
おしきっていました	3
おしきってる	5
おしきってます	3
おしいる	3
おしいります	5
おしいりません	6
おしいりました	5
おしいりませんでした	6
おしいりましょう	6
おしいらない	4
おしいらなかった	4
おしいった	3
おしいって	3
おしいっている	3
おしいっています	3
おしいっていた	3
おしいっていました	3
おしいってる	5
おしいってます	3
おしつける	4
おしつけます	5
おしつけません	6
おしつけました	5
おしつけませんでした	6
おしつけましょう	6
おしつけない	4
おしつけなかった	4
おしつけた	4
おしつけて	4
おしつけている	4
おしつけています	4
おしつけていた	4
おしつけていました	4
おしつけてる	5
おしつけてます	4
おします	3
おしません	4
おしました	3
おしませんでした	4
おしましょう	4
おさない	0
おさなかった	6
おした	3
おして	0
おしている	3
おしています	3
おしていた	3
おしていました	3
おしてる	3
おしてます	4
よこたわる	4
よこたわります	6
よこたわりません	7
よこたわりました	6
よこたわりませんでした	7
よこたわりましょう	7
よこたわらない	5
よこたわらなかった	5
よこたわった	4
よこたわって	4
よこたわっている	4
よこたわっています	4
よこたわっていた	4
よこたわっていました	4
よこたわってる	6
よこたわってます	4
よこぎる	3
よこぎります	5
よこぎりません	6
よこぎりました	5
よこぎりませんでした	6
よこぎりましょう	6
よこぎらない	4
よこぎらなかった	4
よこぎった	3
よこぎって	3
よこぎっている	3
よこぎっています	3
よこぎっていた	3
よこぎっていました	3
よこぎってる	5
よこぎってます	3
なぐる	2
なぐります	4
なぐりません	5
なぐりました	4
なぐりませんでした	5
なぐりましょう	5
なぐらない	3
なぐらなかった	3
なぐった	2
なぐって	2
なぐっている	2
なぐっています	2
なぐっていた	2
なぐっていました	2
なぐってる	4
なぐってます	2
きいろい	0
きいろく	0
きいろくない	5
きいろくなかった	8
きいろかった	3
きいろくて	0
おろす	2
おろします	4
おろしません	5
おろしました	4
おろしませんでした	5
おろしましょう	5
おろさない	3
おろさなかった	3
おろした	2
おろして	2
おろしている	2
おろしています	2
おろしていた	2
おろしていました	2
おろしてる	4
おろしてます	2
ぬるい	2
ぬるく	2
ぬるくない	2
ぬるくなかった	2
ぬるかった	2
ぬるくて	2
さがる	2
さがります	4
さがりません	5
さがりました	4
さがりませんでした	5
さがりましょう	5
さがらない	3
さがらなかった	3
さがった	2
さがって	2
さがっている	2
さがっています	2
さがっていた	2
さがっていました	2
さがってる	4
さがってます	2
さげる	2
さげます	3
さげません	4
さげました	3
さげませんでした	4
さげましょう	4
さげない	2
さげなかった	2
さげた	2
さげて	2
さげている	2
さげています	2
さげていた	2
さげていました	2
さげてる	3
さげてます	2
くだす	0
くだします	4
くだしません	5
くだしました	4
くだしませんでした	5
くだしましょう	5
くださない	0
くださなかった	7
くだした	4
くだして	0
くだしている	4
くだしています	4
くだしていた	4
くだしていました	4
くだしてる	4
くだしてます	5
くだらない	0
くだらなく	0
くだらなくない	6
くだらなくなかった	9
くだらなかった	4
くだらなくて	0
くだる	0
くだります	3
くだりません	4
くだりました	3
くだりませんでした	4
くだりましょう	5
くだった	4
くだって	0
くだっている	4
くだっています	4
くだっていた	4
くだっていました	4
くだってる	4
くだってます	5
ばける	2
ばけます	3
ばけません	4
ばけました	3
ばけませんでした	4
ばけましょう	4
ばけない	2
ばけなかった	2
ばけた	2
ばけて	2
ばけている	2
ばけています	2
ばけていた	2
ばけていました	2
ばけてる	3
ばけてます	2
くわえる	3
くわえます	4
くわえません	5
くわえました	4
くわえませんでした	5
くわえましょう	5
くわえない	3
くわえなかった	3
くわえた	3
くわえて	3
くわえている	3
くわえています	3
くわえていた	3
くわえていました	3
くわえてる	4
くわえてます	3
くわわる	0
くわわります	5
くわわりません	6
くわわりました	5
くわわりませんでした	6
くわわりましょう	6
くわわらない	0
くわわらなかった	8
くわわった	5
くわわって	0
くわわっている	5
くわわっています	5
くわわっていた	5
くわわっていました	5
くわわってる	5
くわわってます	6
かわいがる	4
かわいがります	6
かわいがりません	7
かわいがりました	6
かわいがりませんでした	7
かわいがりましょう	7
かわいがらない	5
かわいがらなかった	5
かわいがった	3
かわいがって	3
かわいがっている	3
かわいがっています	3
かわいがっていた	3
かわいがっていました	3
かわいがってる	6
かわいがってます	3
かわいらしい	5
かわいらしく	5
かわいらしくない	5
かわいらしくなかった	5
かわいらしかった	5
かわいらしくて	5
おかしい	3
おかしく	3
おかしくない	3
おかしくなかった	3
おかしかった	3
おかしくて	3
とつぐ	2
とつぎます	4
とつぎません	5
とつぎました	4
とつぎませんでした	5
とつぎましょう	5
とつがない	3
とつがなかった	3
とついだ	2
とついで	2
とついでいる	2
とついでいます	2
とついでいた	2
とついでいました	2
とついでる	4
とついでます	2
はたす	2
はたします	4
はたしません	5
はたしました	4
はたしませんでした	5
はたしましょう	5
はたさない	3
はたさなかった	3
はたした	2
はたして	2
はたしている	2
はたしています	2
はたしていた	2
はたしていました	2
はたしてる	4
はたしてます	2
はてしない	4
はてしなく	4
はてしなくない	4
はてしなくなかった	4
はてしなかった	4
はてしなくて	4
かせぐ	2
かせぎます	4
かせぎません	5
かせぎました	4
かせぎませんでした	5
かせぎましょう	5
かせがない	3
かせがなかった	3
かせいだ	2
かせいで	2
かせいでいる	2
かせいでいます	2
かせいでいた	2
かせいでいました	2
かせいでる	4
かせいでます	2
いじめる	0
いじめます	4
いじめません	5
いじめました	4
いじめませんでした	5
いじめましょう	5
いじめない	0
いじめなかった	7
いじめた	4
いじめて	0
いじめている	4
いじめています	4
いじめていた	4
いじめていました	4
いじめてる	4
いじめてます	5
すぎる	2
すぎます	3
すぎません	4
すぎました	3
すぎませんでした	4
すぎましょう	4
すぎない	2
すぎなかった	2
すぎた	2
すぎて	2
すぎている	2
すぎています	2
すぎていた	2
すぎていました	2
すぎてる	3
すぎてます	2
すごす	2
すごします	4
すごしません	5
すごしました	4
すごしませんでした	5
すごしましょう	5
すごさない	3
すごさなかった	3
すごした	2
すごして	2
すごしている	2
すごしています	2
すごしていた	2
すごしていました	2
すごしてる	4
すごしてます	2
かすむ	0
かすみます	4
かすみません	5
かすみました	4
かすみませんでした	5
かすみましょう	5
かすまない	0
かすまなかった	7
かすんだ	0
かすんで	4
かすんでいる	4
かすんでいます	4
かすんでいた	4
かすんでいました	4
かすんでる	4
かすんでます	5
あう	1
あいます	3
あいません	4
あいました	3
あいませんでした	4
あいましょう	4
あわない	2
あわなかった	2
あっている	1
あっています	1
あっていた	1
あっていました	1
あってる	3
あってます	1
とく	1
ときます	3
ときません	4
ときました	3
ときませんでした	4
ときましょう	4
とかない	2
とかなかった	2
といた	1
といて	1
といている	1
といています	1
といていた	1
といていました	1
といてる	3
といてます	1
とける	2
とけます	3
とけません	4
とけました	3
とけませんでした	4
とけましょう	4
とけない	2
とけなかった	2
とけた	2
とけて	2
とけている	2
とけています	2
とけていた	2
とけていました	2
とけてる	3
とけてます	2
まわす	0
まわします	4
まわしません	5
まわしました	4
まわしませんでした	5
まわしましょう	5
まわさない	0
まわさなかった	7
まわした	4
まわして	0
まわしている	4
まわしています	4
まわしていた	4
まわしていました	4
まわしてる	4
まわしてます	5
こわす	2
こわします	4
こわしません	5
こわしました	4
こわしませんでした	5
こわしましょう	5
こわさない	3
こわさなかった	3
こわした	2
こわして	2
こわしている	2
こわしています	2
こわしていた	2
こわしていました	2
こわしてる	4
こわしてます	2
こわれる	3
こわれます	4
こわれません	5
こわれました	4
こわれませんでした	5
こわれましょう	5
こわれない	3
こわれなかった	3
こわれた	3
こわれて	3
こわれている	3
こわれています	3
こわれていた	3
こわれていました	3
こわれてる	4
こわれてます	3
こころよい	4
こころよく	4
こころよくない	4
こころよくなかった	4
こころよかった	4
こころよくて	4
あやしむ	3
あやしみます	5
あやしみません	6
あやしみました	5
あやしみませんでした	6
あやしみましょう	6
あやしまない	4
あやしまなかった	4
あやしんだ	3
あやしんで	3
あやしんでいる	3
あやしんでいます	3
あやしんでいた	3
あやしんでいました	3
あやしんでる	5
あやしんでます	3
なつかしい	4
なつかしく	4
なつかしくない	4
なつかしくなかった	4
なつかしかった	4
なつかしくて	4
なつかしむ	4
なつかしみます	6
なつかしみません	7
なつかしみました	6
なつかしみませんでした	7
なつかしみましょう	7
なつかしまない	5
なつかしまなかった	5
なつかしんだ	4
なつかしんで	4
なつかしんでいる	4
なつかしんでいます	4
なつかしんでいた	4
なつかしんでいました	4
なつかしんでる	6
なつかしんでます	4
いましめる	4
いましめます	5
いましめません	6
いましめました	5
いましめませんでした	6
いましめましょう	6
いましめない	0
いましめなかった	8
いましめた	5
いましめて	0
いましめている	5
いましめています	5
いましめていた	5
いましめていました	5
いましめてる	5
いましめてます	6
あらたまる	4
あらたまります	6
あらたまりません	7
あらたまりました	6
あらたまりませんでした	7
あらたまりましょう	7
あらたまらない	5
あらたまらなかった	5
あらたまった	4
あらたまって	4
あらたまっている	4
あらたまっています	4
あらたまっていた	4
あらたまっていました	4
あらたまってる	6
あらたまってます	4
あらためる	4
あらためます	5
あらためません	6
あらためました	5
あらためませんでした	6
あらためましょう	6
あらためない	4
あらためなかった	4
あらためた	3
あらためて	3
あらためている	3
あらためています	3
あらためていた	3
あらためていました	3
あらためてる	5
あらためてます	3
ひらきなおる	5
ひらきなおります	7
ひらきなおりません	8
ひらきなおりました	7
ひらきなおりませんでした	8
ひらきなおりましょう	8
ひらきなおらない	6
ひらきなおらなかった	6
ひらきなおった	5
ひらきなおって	5
ひらきなおっている	5
ひらきなおっています	5
ひらきなおっていた	5
ひらきなおっていました	5
ひらきなおってる	7
ひらきなおってます	5
ひらく	2
ひらきます	4
ひらきません	5
ひらきました	4
ひらきませんでした	5
ひらきましょう	5
ひらかない	3
ひらかなかった	3
ひらいた	2
ひらいて	2
ひらいている	2
ひらいています	2
ひらいていた	2
ひらいていました	2
ひらいてる	4
ひらいてます	2
あける	0
あけます	3
あけません	4
あけました	3
あけませんでした	4
あけましょう	4
あけない	0
あけなかった	6
あけた	3
あけて	0
あけている	3
あけています	3
あけていた	3
あけていました	3
あけてる	3
あけてます	4
はずす	0
はずします	4
はずしません	5
はずしました	4
はずしませんでした	5
はずしましょう	5
はずさない	0
はずさなかった	7
はずした	4
はずして	0
はずしている	4
はずしています	4
はずしていた	4
はずしていました	4
はずしてる	4
はずしてます	5
はずれる	0
はずれます	4
はずれません	5
はずれました	4
はずれませんでした	5
はずれましょう	5
はずれない	0
はずれなかった	7
はずれた	4
はずれて	0
はずれている	4
はずれています	4
はずれていた	4
はずれていました	4
はずれてる	4
はずれてます	5
たしかめる	4
たしかめます	5
たしかめません	6
たしかめました	5
たしかめませんでした	6
たしかめましょう	6
たしかめない	4
たしかめなかった	4
たしかめた	4
たしかめて	4
たしかめている	4
たしかめています	4
たしかめていた	4
たしかめていました	4
たしかめてる	5
たしかめてます	4
おぼえる	3
おぼえます	4
おぼえません	5
おぼえました	4
おぼえませんでした	5
おぼえましょう	5
おぼえない	3
おぼえなかった	3
おぼえた	3
おぼえて	3
おぼえている	3
おぼえています	3
おぼえていた	3
おぼえていました	3
おぼえてる	4
おぼえてます	3
さます	2
さまします	4
さましません	5
さましました	4
さましませんでした	5
さましましょう	5
さまさない	3
さまさなかった	3
さました	2
さまして	2
さましている	2
さましています	2
さましていた	2
さましていました	2
さましてる	4
さましてます	2
さめる	2
さめます	3
さめません	4
さめました	3
さめませんでした	4
さめましょう	4
さめない	2
さめなかった	2
さめた	2
さめて	2
さめている	2
さめています	2
さめていた	2
さめていました	2
さめてる	3
さめてます	2
へだてる	3
へだてます	4
へだてません	5
へだてました	4
へだてませんでした	5
へだてましょう	5
へだてない	3
へだてなかった	3
へだてた	3
へだてて	3
へだてている	3
へだてています	3
へだてていた	3
へだてていました	3
へだててる	4
へだててます	3
まなぶ	0
まなびます	4
まなびません	5
まなびました	4
まなびませんでした	5
まなびましょう	5
まなばない	0
まなばなかった	7
まなんだ	0
まなんで	4
まなんでいる	4
まなんでいます	4
まなんでいた	4
まなんでいました	4
まなんでる	4
まなんでます	5
たのしい	3
たのしく	3
たのしくない	3
たのしくなかった	3
たのしかった	3
たのしくて	3
たのしむ	3
たのしみます	5
たのしみません	6
たのしみました	5
たのしみませんでした	6
たのしみましょう	6
たのしまない	4
たのしまなかった	4
たのしんだ	3
たのしんで	3
たのしんでいる	3
たのしんでいます	3
たのしんでいた	3
たのしんでいました	3
たのしんでる	5
たのしんでます	3
かかる	2
かかります	4
かかりません	5
かかりました	4
かかりませんでした	5
かかりましょう	5
かからない	3
かからなかった	3
かかった	2
かかって	2
かかっている	2
かかっています	2
かかっていた	2
かかっていました	2
かかってる	4
かかってます	2
かける	2
かけます	3
かけません	4
かけました	3
かけませんでした	4
かけましょう	4
かけない	2
かけなかった	2
かけた	2
かけて	2
かけている	2
かけています	2
かけていた	2
かけていました	2
かけてる	3
かけてます	2
さきます	3
さきません	4
さきました	3
さきませんでした	4
さきましょう	4
さかない	2
さかなかった	2
さいた	1
さいて	1
さいている	1
さいています	1
さいていた	1
さいていました	1
さいてる	3
さいてます	1
わりびく	3
わりびきます	5
わりびきません	6
わりびきました	5
わりびきませんでした	6
わりびきましょう	6
わりびかない	4
わりびかなかった	4
わりびいた	3
わりびいて	3
わりびいている	3
わりびいています	3
わりびいていた	3
わりびいていました	3
わりびいてる	5
わりびいてます	3
わりだす	3
わりだします	5
わりだしません	6
わりだしました	5
わりだしませんでした	6
わりだしましょう	6
わりださない	4
わりださなかった	4
わりだした	3
わりだして	3
わりだしている	3
わりだしています	3
わりだしていた	3
わりだしていました	3
わりだしてる	5
わりだしてます	3
わりきる	3
わりきります	5
わりきりません	6
わりきりました	5
わりきりませんでした	6
わりきりましょう	6
わりきらない	4
わりきらなかった	4
わりきった	3
わりきって	3
わりきっている	3
わりきっています	3
わりきっていた	3
わりきっていました	3
わりきってる	5
わりきってます	3
わりあてる	4
わりあてます	5
わりあてません	6
わりあてました	5
わりあてませんでした	6
わりあてましょう	6
わりあてない	4
わりあてなかった	4
わりあてた	4
わりあてて	4
わりあてている	4
わりあてています	4
わりあてていた	4
わりあてていました	4
わりあててる	4
わりあててます	4
わる	0
わります	3
わりません	4
わりました	3
わりませんでした	4
わりましょう	4
わらない	0
わらなかった	6
わった	3
わって	0
わっている	3
わっています	3
わっていた	3
わっていました	3
わってる	3
わってます	4
われる	0
われます	3
われません	4
われました	3
われませんでした	4
われましょう	4
われない	0
われなかった	6
われた	3
われて	0
われている	3
われています	3
われていた	3
われていました	3
われてる	3
われてます	4
くくる	0
くくります	4
くくりません	5
くくりました	4
くくりませんでした	5
くくりましょう	5
くくらない	0
くくらなかった	7
くくった	4
くくって	0
くくっている	4
くくっています	4
くくっていた	4
くくっていました	4
くくってる	4
くくってます	5
かわく	2
かわきます	4
かわきません	5
かわきました	4
かわきませんでした	5
かわきましょう	5
かわかない	3
かわかなかった	3
かわいた	2
かわいて	2
かわいている	2
かわいています	2
かわいていた	2
かわいていました	2
かわいてる	4
かわいてます	2
すべる	2
すべります	4
すべりません	5
すべりました	4
すべりませんでした	5
すべりましょう	5
すべらない	3
すべらなかった	3
すべった	2
すべって	2
すべっている	2
すべっています	2
すべっていた	2
すべっていました	2
すべってる	4
すべってます	2
かなう	2
かないます	4
かないません	5
かないました	4
かないませんでした	5
かないましょう	5
かなった	2
かなって	2
かなっている	2
かなっています	2
かなっていた	2
かなっていました	2
かなってる	4
かなってます	2
かなえる	3
かなえます	4
かなえません	5
かなえました	4
かなえませんでした	5
かなえましょう	5
かなえない	3
かなえなかった	3
かなえた	3
かなえて	3
かなえている	3
かなえています	3
かなえていた	3
かなえていました	3
かなえてる	4
かなえてます	3
かみつく	0
かみつきます	5
かみつきません	6
かみつきました	5
かみつきませんでした	6
かみつきましょう	6
かみつかない	0
かみつかなかった	8
かみついた	5
かみついて	0
かみついている	5
かみついています	5
かみついていた	5
かみついていました	5
かみついてる	5
かみついてます	6
かみます	3
かみません	4
かみました	3
かみませんでした	4
かみましょう	4
かまない	2
かまなかった	2
かんだ	1
かんで	1
かんでいる	1
かんでいます	1
かんでいた	1
かんでいました	1
かんでる	3
かんでます	1
かりこむ	3
かりこみます	5
かりこみません	6
かりこみました	5
かりこみませんでした	6
かりこみましょう	6
かりこまない	4
かりこまなかった	4
かりこんだ	3
かりこんで	3
かりこんでいる	3
かりこんでいます	3
かりこんでいた	3
かりこんでいました	3
かりこんでる	5
かりこんでます	3
かる	0
かります	3
かりません	4
かりました	3
かりませんでした	4
かりましょう	4
からない	0
からなかった	6
かった	3
かって	0
かっている	3
かっています	3
かっていた	3
かっていました	3
かってる	3
かってます	4
かわかす	3
かわかします	5
かわかしません	6
かわかしました	5
かわかしませんでした	6
かわかしましょう	6
かわかさない	4
かわかさなかった	4
かわかした	3
かわかして	3
かわかしている	3
かわかしています	3
かわかしていた	3
かわかしていました	3
かわかしてる	5
かわかしてます	3
さむい	2
さむく	2
さむくない	2
さむくなかった	2
さむかった	2
さむくて	2
まきこむ	3
まきこみます	5
まきこみません	6
まきこみました	5
まきこみませんでした	6
まきこみましょう	6
まきこまない	4
まきこまなかった	4
まきこんだ	3
まきこんで	3
まきこんでいる	3
まきこんでいます	3
まきこんでいた	3
まきこんでいました	3
まきこんでる	5
まきこんでます	3
まく	0
まきます	3
まきません	4
まきました	3
まきませんでした	4
まきましょう	4
まかない	0
まかなかった	6
まいた	3
まいて	0
まいている	3
まいています	3
まいていた	3
まいていました	3
まいてる	3
まいてます	4
わめく	2
わめきます	4
わめきません	5
わめきました	4
わめきませんでした	5
わめきましょう	5
わめかない	3
わめかなかった	3
わめいた	2
わめいて	2
わめいている	2
わめいています	2
わめいていた	2
わめいていました	2
わめいてる	4
わめいてます	2
たえる	2
たえます	3
たえません	4
たえました	3
たえませんでした	4
たえましょう	4
たえない	2
たえなかった	2
たえた	2
たえて	2
たえている	2
たえています	2
たえていた	2
たえていました	2
たえてる	3
たえてます	2
やかましい	4
やかましく	5
やかましくない	5
やかましくなかった	5
やかましかった	5
やかましくて	5
くつろぐ	3
くつろぎます	5
くつろぎません	6
くつろぎました	5
くつろぎませんでした	6
くつろぎましょう	6
くつろがない	4
くつろがなかった	4
くつろいだ	2
くつろいで	2
くつろいでいる	3
くつろいでいます	3
くつろいでいた	3
くつろいでいました	3
くつろいでる	5
くつろいでます	3
わずらう	3
わずらいます	5
わずらいません	6
わずらいました	5
わずらいませんでした	6
わずらいましょう	6
わずらわない	4
わずらわなかった	4
わずらった	3
わずらって	3
わずらっている	3
わずらっています	3
わずらっていた	3
わずらっていました	3
わずらってる	5
わずらってます	3
かんじる	0
かんじます	4
かんじません	5
かんじました	4
かんじませんでした	5
かんじましょう	5
かんじない	0
かんじなかった	7
かんじた	4
かんじて	0
かんじている	4
かんじています	4
かんじていた	4
かんじていました	4
かんじてる	4
かんじてます	5
かんじとる	4
かんじとります	6
かんじとりません	7
かんじとりました	6
かんじとりませんでした	7
かんじとりましょう	7
かんじとらない	5
かんじとらなかった	5
かんじとった	4
かんじとって	4
かんじとっている	4
かんじとっています	4
かんじとっていた	4
かんじとっていました	4
かんじとってる	6
かんじとってます	4
ならす	2
ならします	4
ならしません	5
ならしました	4
ならしませんでした	5
ならしましょう	5
ならさない	3
ならさなかった	3
ならした	2
ならして	2
ならしている	2
ならしています	2
ならしていた	2
ならしていました	2
ならしてる	4
ならしてます	2
なれる	2
なれます	3
なれません	4
なれました	3
なれませんでした	4
なれましょう	4
なれない	2
なれなかった	2
なれた	2
なれて	2
なれている	2
なれています	2
なれていた	2
なれていました	2
なれてる	3
なれてます	2
あまい	0
あまく	0
あまくない	4
あまくなかった	7
あまかった	2
あまくて	0
あまえる	0
あまえます	4
あまえません	5
あまえました	4
あまえませんでした	5
あまえましょう	5
あまえない	0
あまえなかった	7
あまえた	4
あまえて	0
あまえている	4
あまえています	4
あまえていた	4
あまえていました	4
あまえてる	4
あまえてます	5
あまやかす	4
あまやかします	6
あまやかしません	7
あまやかしました	6
あまやかしませんでした	7
あまやかしましょう	7
あまやかさない	0
あまやかさなかった	9
あまやかした	6
あまやかして	0
あまやかしている	6
あまやかしています	6
あまやかしていた	6
あまやかしていました	6
あまやかしてる	6
あまやかしてます	7
みる	1
みます	2
みません	3
みました	2
みませんでした	3
みましょう	3
みない	1
みなかった	1
みた	1
みて	1
みている	1
みています	1
みていた	1
みていました	1
みてる	2
みてます	1
ゆるい	2
ゆるく	2
ゆるくない	2
ゆるくなかった	2
ゆるかった	2
ゆるくて	2
ゆるむ	2
ゆるみます	4
ゆるみません	5
ゆるみました	4
ゆるみませんでした	5
ゆるみましょう	5
ゆるまない	3
ゆるまなかった	3
ゆるんだ	2
ゆるんで	2
ゆるんでいる	2
ゆるんでいます	2
ゆるんでいた	2
ゆるんでいました	2
ゆるんでる	4
ゆるんでます	2
ゆるめる	3
ゆるめます	4
ゆるめません	5
ゆるめました	4
ゆるめませんでした	5
ゆるめましょう	5
ゆるめない	3
ゆるめなかった	3
ゆるめた	3
ゆるめて	3
ゆるめている	3
ゆるめています	3
ゆるめていた	3
ゆるめていました	3
ゆるめてる	4
ゆるめてます	3
つらぬく	3
つらぬきます	5
つらぬきません	6
つらぬきました	5
つらぬきませんでした	6
つらぬきましょう	6
つらぬかない	4
つらぬかなかった	4
つらぬいた	3
つらぬいて	3
つらぬいている	3
つらぬいています	3
つらぬいていた	3
つらぬいていました	3
つらぬいてる	5
つらぬいてます	3
まにあう	3
まにあいます	5
まにあいません	6
まにあいました	5
まにあいませんでした	6
まにあいましょう	6
まにあわない	4
まにあわなかった	4
まにあった	3
まにあって	3
まにあっている	3
まにあっています	3
まにあっていた	3
まにあっていました	3
まにあってる	5
まにあってます	3
まちがえる	3
まちがえます	5
まちがえません	6
まちがえました	5
まちがえませんでした	6
まちがえましょう	6
まちがえない	4
まちがえなかった	4
まちがえた	4
まちがえて	4
まちがえている	4
まちがえています	4
まちがえていた	4
まちがえていました	4
まちがえてる	5
まちがえてます	4
おちいる	3
おちいります	5
おちいりません	6
おちいりました	5
おちいりませんでした	6
おちいりましょう	6
おちいらない	4
おちいらなかった	4
おちいった	3
おちいって	3
おちいっている	3
おちいっています	3
おちいっていた	3
おちいっていました	3
おちいってる	5
おちいってます	3
まるめる	0
まるめます	4
まるめません	5
まるめました	4
まるめませんでした	5
まるめましょう	5
まるめない	0
まるめなかった	7
まるめた	4
まるめて	0
まるめている	4
まるめています	4
まるめていた	4
まるめていました	4
まるめてる	4
まるめてます	5
まるめこむ	4
まるめこみます	6
まるめこみません	7
まるめこみました	6
まるめこみませんでした	7
まるめこみましょう	7
まるめこまない	5
まるめこまなかった	5
まるめこんだ	4
まるめこんで	4
まるめこんでいる	4
まるめこんでいます	4
まるめこんでいた	4
まるめこんでいました	4
まるめこんでる	6
まるめこんでます	4
ふくむ	2
ふくみます	4
ふくみません	5
ふくみました	4
ふくみませんでした	5
ふくみましょう	5
ふくまない	3
ふくまなかった	3
ふくんだ	2
ふくんで	2
ふくんでいる	2
ふくんでいます	2
ふくんでいた	2
ふくんでいました	2
ふくんでる	4
ふくんでます	2
ふくめる	3
ふくめます	4
ふくめません	5
ふくめました	4
ふくめませんでした	5
ふくめましょう	5
ふくめない	3
ふくめなかった	3
ふくめた	3
ふくめて	3
ふくめている	3
ふくめています	3
ふくめていた	3
ふくめていました	3
ふくめてる	4
ふくめてます	3
がんばる	3
がんばります	5
がんばりません	6
がんばりました	5
がんばりませんでした	6
がんばりましょう	6
がんばらない	4
がんばらなかった	4
がんばった	3
がんばって	3
がんばっている	3
がんばっています	3
がんばっていた	3
がんばっていました	3
がんばってる	5
がんばってます	3
ねがう	2
ねがいます	4
ねがいません	5
ねがいました	4
ねがいませんでした	5
ねがいましょう	5
ねがわない	3
ねがわなかった	3
ねがった	2
ねがって	2
ねがっている	2
ねがっています	2
ねがっていた	2
ねがっていました	2
ねがってる	4
ねがってます	2
くわだてる	4
くわだてます	5
くわだてません	6
くわだてました	5
くわだてませんでした	6
くわだてましょう	6
くわだてない	4
くわだてなかった	4
くわだてた	4
くわだてて	4
くわだてている	4
くわだてています	4
くわだてていた	4
くわだてていました	4
くわだててる	4
くわだててます	4
たくらむ	3
たくらみます	5
たくらみません	6
たくらみました	5
たくらみませんでした	6
たくらみましょう	6
たくらまない	4
たくらまなかった	4
たくらんだ	3
たくらんで	3
たくらんでいる	3
たくらんでいます	3
たくらんでいた	3
たくらんでいました	3
たくらんでる	5
たくらんでます	3
あやうい	0
あやうく	0
あやうくない	5
あやうくなかった	8
あやうかった	3
あやうくて	0
あぶない	0
あぶなく	0
あぶなくない	5
あぶなくなかった	8
あぶなかった	3
あぶなくて	0
あやぶむ	3
あやぶみます	5
あやぶみません	6
あやぶみました	5
あやぶみませんでした	6
あやぶみましょう	6
あやぶまない	4
あやぶまなかった	4
あやぶんだ	3
あやぶんで	3
あやぶんでいる	3
あやぶんでいます	3
あやぶんでいた	3
あやぶんでいました	3
あやぶんでる	5
あやぶんでます	3
よろこぶ	3
よろこびます	5
よろこびません	6
よろこびました	5
よろこびませんでした	6
よろこびましょう	6
よろこばない	4
よろこばなかった	4
よろこんだ	3
よろこんで	3
よろこんでいる	3
よろこんでいます	3
よろこんでいた	3
よろこんでいました	3
よろこんでる	5
よろこんでます	3
うれしい	3
うれしく	3
うれしくない	3
うれしくなかった	3
うれしかった	3
うれしくて	3
よせる	0
よせます	3
よせません	4
よせました	3
よせませんでした	4
よせましょう	4
よせない	0
よせなかった	6
よせた	3
よせて	0
よせている	3
よせています	3
よせていた	3
よせていました	3
よせてる	3
よせてます	4
よりあつまる	5
よりあつまります	7
よりあつまりません	8
よりあつまりました	7
よりあつまりませんでした	8
よりあつまりましょう	8
よりあつまらない	6
よりあつまらなかった	6
よりあつまった	5
よりあつまって	5
よりあつまっている	5
よりあつまっています	5
よりあつまっていた	5
よりあつまっていました	5
よりあつまってる	7
よりあつまってます	5
かえす	1
かえします	4
かえしません	5
かえしました	4
かえしませんでした	5
かえしましょう	5
かえさない	0
かえさなかった	6
かえした	1
かえして	1
かえしている	1
かえしています	1
かえしていた	1
かえしていました	1
かえしてる	4
かえしてます	1
かえる	1
かえります	4
かえりません	5
かえりました	4
かえりませんでした	5
かえりましょう	5
かえらない	3
かえらなかった	3
かえった	1
かえって	1
かえっている	1
かえっています	1
かえっていた	1
かえっていました	1
かえってる	4
かえってます	1
きどる	0
きどります	4
きどりません	5
きどりました	4
きどりませんでした	5
きどりましょう	5
きどらない	0
きどらなかった	7
きどった	4
きどって	0
きどっている	4
きどっています	4
きどっていた	4
きどっていました	4
きどってる	4
きどってます	5
いのる	2
いのります	4
いのりません	5
いのりました	4
いのりませんでした	5
いのりましょう	5
いのらない	3
いのらなかった	3
いのった	2
いのって	2
いのっている	2
いのっています	2
いのっていた	2
いのっていました	2
いのってる	4
いのってます	2
しるす	0
しるします	4
しるしません	5
しるしました	4
しるしませんでした	5
しるしましょう	5
しるさない	0
しるさなかった	7
しるした	4
しるして	0
しるしている	4
しるしています	4
しるしていた	4
しるしていました	4
しるしてる	4
しるしてます	5
おきる	2
おきます	3
おきません	4
おきました	3
おきませんでした	4
おきましょう	4
おきない	2
おきなかった	2
おきた	2
おきて	2
おきている	2
おきています	2
おきていた	2
おきていました	2
おきてる	3
おきてます	2
おきあがる	4
おきあがります	6
おきあがりません	7
おきあがりました	6
おきあがりませんでした	7
おきあがりましょう	7
おきあがらない	0
おきあがらなかった	9
おきあがった	6
おきあがって	0
おきあがっている	6
おきあがっています	6
おきあがっていた	6
おきあがっていました	6
おきあがってる	6
おきあがってます	7
おこす	2
おこします	4
おこしません	5
おこしました	4
おこしませんでした	5
おこしましょう	5
おこさない	3
おこさなかった	3
おこした	2
おこして	2
おこしている	2
おこしています	2
おこしていた	2
おこしていました	2
おこしてる	4
おこしてます	2
おこる	2
おこります	4
おこりません	5
おこりました	4
おこりませんでした	5
おこりましょう	5
おこらない	3
おこらなかった	3
おこった	2
おこって	2
おこっている	2
おこっています	2
おこっていた	2
おこっていました	2
おこってる	4
おこってます	2
かがやかしい	5
かがやかしく	5
かがやかしくない	5
かがやかしくなかった	5
かがやかしかった	5
かがやかしくて	5
かがやく	3
かがやきます	5
かがやきません	6
かがやきました	5
かがやきませんでした	6
かがやきましょう	6
かがやかない	4
かがやかなかった	4
かがやいた	3
かがやいて	3
かがやいている	3
かがやいています	3
かがやいていた	3
かがやいていました	3
かがやいてる	5
かがやいてます	3
うえる	2
うえます	3
うえません	4
うえました	3
うえませんでした	4
うえましょう	4
うえない	2
うえなかった	2
うえた	2
うえて	2
うえている	2
うえています	2
うえていた	2
うえていました	2
うえてる	3
うえてます	2
よろしい	3
よろしく	0
よろしくない	5
よろしくなかった	8
よろしかった	3
よろしくて	0
たわむれる	2
たわむれます	3
たわむれません	4
たわむれました	3
たわむれませんでした	4
たわむれましょう	4
たわむれない	0
たわむれなかった	6
たわむれた	3
たわむれて	0
たわむれている	3
たわむれています	3
たわむれていた	3
たわむれていました	3
たわむれてる	3
たわむれてます	4
あざむく	3
あざむきます	5
あざむきません	6
あざむきました	5
あざむきませんでした	6
あざむきましょう	6
あざむかない	4
あざむかなかった	4
あざむいた	3
あざむいて	3
あざむいている	3
あざむいています	3
あざむいていた	3
あざむいていました	3
あざむいてる	5
あざむいてます	3
うたがう	0
うたがいます	5
うたがいません	6
うたがいました	5
うたがいませんでした	6
うたがいましょう	6
うたがわない	0
うたがわなかった	8
うたがった	5
うたがって	0
うたがっている	5
うたがっています	5
うたがっていた	5
うたがっていました	5
うたがってる	5
うたがってます	6
うたがわしい	5
うたがわしく	5
うたがわしくない	5
うたがわしくなかった	5
うたがわしかった	5
うたがわしくて	5
すくう	0
すくいます	4
すくいません	5
すくいました	4
すくいませんでした	5
すくいましょう	5
すくわない	0
すくわなかった	7
すくった	4
すくって	0
すくっている	4
すくっています	4
すくっていた	4
すくっていました	4
すくってる	4
すくってます	5
どもる	2
どもります	4
どもりません	5
どもりました	4
どもりませんでした	5
どもりましょう	5
どもらない	3
どもらなかった	3
どもった	2
どもって	2
どもっている	2
どもっています	2
どもっていた	2
どもっていました	2
どもってる	4
どもってます	2
つまらせる	4
つまらせます	5
つまらせません	6
つまらせました	5
つまらせませんでした	6
つまらせましょう	6
つまらせない	4
つまらせなかった	4
つまらせた	2
つまらせて	2
つまらせている	2
つまらせています	2
つまらせていた	2
つまらせていました	2
つまらせてる	5
つまらせてます	2
つまる	2
つまります	4
つまりません	5
つまりました	4
つまりませんでした	5
つまりましょう	5
つまった	2
つまって	2
つまっている	2
つまっています	2
つまっていた	2
つまっていました	2
つまってる	4
つまってます	2
つめる	2
つめます	3
つめません	4
つめました	3
つめませんでした	4
つめましょう	4
つめない	2
つめなかった	2
つめた	2
つめて	2
つめている	2
つめています	2
つめていた	2
つめていました	2
つめてる	3
つめてます	2
さからう	3
さからいます	5
さからいません	6
さからいました	5
さからいませんでした	6
さからいましょう	6
さからわない	4
さからわなかった	4
さからった	3
さからって	3
さからっている	3
さからっています	3
さからっていた	3
さからっていました	3
さからってる	5
さからってます	3
のぼせる	0
のぼせます	4
のぼせません	5
のぼせました	4
のぼせませんでした	5
のぼせましょう	5
のぼせない	0
のぼせなかった	7
のぼせた	4
のぼせて	0
のぼせている	4
のぼせています	4
のぼせていた	4
のぼせていました	4
のぼせてる	4
のぼせてます	5
ひさしい	3
ひさしく	3
ひさしくない	3
ひさしくなかった	3
ひさしかった	3
ひさしくて	3
やすまる	3
やすまります	5
やすまりません	6
やすまりました	5
やすまりませんでした	6
やすまりましょう	6
やすまらない	4
やすまらなかった	4
やすまった	3
やすまって	3
やすまっている	3
やすまっています	3
やすまっていた	3
やすまっていました	3
やすまってる	5
やすまってます	3
やすむ	2
やすみます	4
やすみません	5
やすみました	4
やすみませんでした	5
やすみましょう	5
やすまない	3
やすまなかった	3
やすんだ	2
やすんで	2
やすんでいる	2
やすんでいます	2
やすんでいた	2
やすんでいました	2
やすんでる	4
やすんでます	2
やすめる	3
やすめます	4
やすめません	5
やすめました	4
やすめませんでした	5
やすめましょう	5
やすめない	3
やすめなかった	3
やすめた	2
やすめて	2
やすめている	2
やすめています	2
やすめていた	2
やすめていました	2
やすめてる	4
やすめてます	2
およぶ	0
およびます	4
およびません	5
およびました	6
およびませんでした	5
およびましょう	0
およばない	0
およばなかった	7
およんだ	0
およんで	4
およんでいる	4
およんでいます	4
およんでいた	4
およんでいました	4
およんでる	4
およんでます	5
およぼす	0
およぼします	5
およぼしません	6
およぼしました	5
およぼしませんでした	6
およぼしましょう	6
およぼさない	0
およぼさなかった	8
およぼした	5
およぼして	0
およぼしている	5
およぼしています	5
およぼしていた	5
およぼしていました	5
およぼしてる	5
およぼしてます	6
すいこむ	3
すいこみます	5
すいこみません	6
すいこみました	5
すいこみませんでした	6
すいこみましょう	6
すいこまない	4
すいこまなかった	4
すいこんだ	3
すいこんで	3
すいこんでいる	3
すいこんでいます	3
すいこんでいた	3
すいこんでいました	3
すいこんでる	5
すいこんでます	3
すう	0
すいます	3
すいません	4
すいました	3
すいませんでした	4
すいましょう	4
すわない	0
すわなかった	6
すった	3
すって	0
すっている	3
すっています	3
すっていた	3
すっていました	3
すってる	3
すってます	4
せかす	2
せかします	4
せかしません	5
せかしました	4
せかしませんでした	5
せかしましょう	5
せかさない	3
せかさなかった	3
せかした	2
せかして	2
せかしている	2
せかしています	2
せかしていた	2
せかしていました	2
せかしてる	4
せかしてます	2
いそぐ	2
いそぎます	4
いそぎません	5
いそぎました	4
いそぎませんでした	5
いそぎましょう	5
いそがない	3
いそがなかった	3
いそいだ	2
いそいで	2
いそいでいる	2
いそいでいます	2
いそいでいた	2
いそいでいました	2
いそいでる	4
いそいでます	2
もとめる	3
もとめます	4
もとめません	5
もとめました	4
もとめませんでした	5
もとめましょう	5
もとめない	3
もとめなかった	3
もとめた	3
もとめて	3
もとめている	3
もとめています	3
もとめていた	3
もとめていました	3
もとめてる	4
もとめてます	3
くみとる	3
くみとります	5
くみとりません	6
くみとりました	5
くみとりませんでした	6
くみとりましょう	6
くみとらない	4
くみとらなかった	4
くみとった	3
くみとって	3
くみとっている	3
くみとっています	3
くみとっていた	3
くみとっていました	3
くみとってる	5
くみとってます	3
くむ	0
くみます	3
くみません	4
くみました	3
くみませんでした	4
くみましょう	4
くまない	0
くまなかった	6
くんだ	0
くんで	3
くんでいる	3
くんでいます	3
くんでいた	3
くんでいました	3
くんでる	3
くんでます	4
なく	0
なきます	3
なきません	4
なきました	3
なきませんでした	4
なきましょう	4
なかない	0
なかなかった	6
ないた	3
ないて	0
ないている	3
ないています	3
ないていた	3
ないていました	3
ないてる	3
ないてます	4
さる	1
さります	3
さりません	4
さりました	3
さりませんでした	4
さりましょう	4
さらない	2
さらなかった	2
さった	1
さって	1
さっている	1
さっています	1
さっていた	1
さっていました	1
さってる	3
さってます	1
いあわせる	4
いあわせます	5
いあわせません	6
いあわせました	5
いあわせませんでした	6
いあわせましょう	6
いあわせない	4
いあわせなかった	4
いあわせた	4
いあわせて	4
いあわせている	4
いあわせています	4
いあわせていた	4
いあわせていました	4
いあわせてる	5
いあわせてます	4
こばむ	2
こばみます	4
こばみません	5
こばみました	4
こばみませんでした	5
こばみましょう	5
こばまない	3
こばまなかった	3
こばんだ	2
こばんで	2
こばんでいる	2
こばんでいます	2
こばんでいた	2
こばんでいました	2
こばんでる	4
こばんでます	2
ゆるす	2
ゆるします	4
ゆるしません	5
ゆるしました	4
ゆるしませんでした	5
ゆるしましょう	5
ゆるさない	3
ゆるさなかった	3
ゆるした	2
ゆるして	2
ゆるしている	2
ゆるしています	2
ゆるしていた	2
ゆるしていました	2
ゆるしてる	4
ゆるしてます	2
あさる	3
あさります	4
あさりません	5
あさりました	4
あさりませんでした	5
あさりましょう	5
あさらない	0
あさらなかった	7
あさった	4
あさって	0
あさっている	4
あさっています	4
あさっていた	4
あさっていました	4
あさってる	4
あさってます	5
そなえる	3
そなえます	4
そなえません	5
そなえました	4
そなえませんでした	5
そなえましょう	5
そなえない	3
そなえなかった	3
そなえた	3
そなえて	3
そなえている	3
そなえています	3
そなえていた	3
そなえていました	3
そなえてる	4
そなえてます	3
きそう	2
きそいます	4
きそいません	5
きそいました	4
きそいませんでした	5
きそいましょう	5
きそわない	3
きそわなかった	3
きそった	2
きそって	2
きそっている	2
きそっています	2
きそっていた	2
きそっていました	2
きそってる	4
きそってます	2
せる	1
せります	3
せりません	4
せりました	3
せりませんでした	4
せりましょう	4
せらない	2
せらなかった	2
さけぶ	2
さけびます	4
さけびません	5
さけびました	4
さけびませんでした	5
さけびましょう	5
さけばない	3
さけばなかった	3
さけんだ	2
さけんで	2
さけんでいる	2
さけんでいます	2
さけんでいた	2
さけんでいました	2
さけんでる	4
さけんでます	2
つよい	2
つよく	2
つよくない	2
つよくなかった	2
つよかった	2
つよくて	2
しいる	2
しいます	3
しいません	5
しいました	3
しいませんでした	5
しいましょう	2
しいない	2
しいなかった	2
しいた	1
しいて	2
しいている	2
しいています	2
しいていた	2
しいていました	2
しいてる	4
しいてます	2
つよまる	3
つよまります	5
つよまりません	6
つよまりました	5
つよまりませんでした	6
つよまりましょう	6
つよまらない	4
つよまらなかった	4
つよまった	3
つよまって	3
つよまっている	3
つよまっています	3
つよまっていた	3
つよまっていました	3
つよまってる	5
つよまってます	3
つよめる	3
つよめます	4
つよめません	5
つよめました	4
つよめませんでした	5
つよめましょう	5
つよめない	3
つよめなかった	3
つよめた	3
つよめて	3
つよめている	3
つよめています	3
つよめていた	3
つよめていました	3
つよめてる	4
つよめてます	3
ねだる	0
ねだります	4
ねだりません	5
ねだりました	4
ねだりませんでした	5
ねだりましょう	5
ねだらない	0
ねだらなかった	7
ねだった	4
ねだって	0
ねだっている	4
ねだっています	4
ねだっていた	4
ねだっていました	4
ねだってる	4
ねだってます	5
おびえる	0
おびえます	4
おびえません	5
おびえました	4
おびえませんでした	5
おびえましょう	5
おびえない	0
おびえなかった	7
おびえた	4
おびえて	0
おびえている	4
おびえています	4
おびえていた	4
おびえていました	4
おびえてる	4
おびえてます	5
おそろしい	4
おそろしく	4
おそろしくない	4
おそろしくなかった	4
おそろしかった	4
おそろしくて	4
おしえる	0
おしえます	4
おしえません	5
おしえました	4
おしえませんでした	5
おしえましょう	5
おしえない	0
おしえなかった	7
おしえた	4
おしえて	0
おしえている	4
おしえています	4
おしえていた	4
おしえていました	4
おしえてる	4
おしえてます	5
おそわる	0
おそわります	5
おそわりません	6
おそわりました	5
おそわりませんでした	6
おそわりましょう	6
おそわらない	0
おそわらなかった	8
おそわった	5
おそわって	0
おそわっている	5
おそわっています	5
おそわっていた	5
おそわっていました	5
おそわってる	5
おそわってます	6
くるう	2
くるいます	4
くるいません	5
くるいました	4
くるいませんでした	5
くるいましょう	5
くるわない	3
くるわなかった	3
くるった	2
くるって	2
くるっている	2
くるっています	2
くるっていた	2
くるっていました	2
くるってる	4
くるってます	2
せまい	2
せまく	2
せまくない	2
せまくなかった	2
せまかった	2
せまくて	2
せばまる	3
せばまります	5
せばまりません	6
せばまりました	5
せばまりませんでした	6
せばまりましょう	6
せばまらない	4
せばまらなかった	4
せばまった	3
せばまって	3
せばまっている	3
せばまっています	3
せばまっていた	3
せばまっていました	3
せばまってる	5
せばまってます	3
せばめる	3
せばめます	4
せばめません	5
せばめました	4
せばめませんでした	5
せばめましょう	5
せばめない	3
せばめなかった	3
せばめた	3
せばめて	3
せばめている	3
せばめています	3
せばめていた	3
せばめていました	3
せばめてる	4
せばめてます	3
おどす	0
おどします	4
おどしません	5
おどしました	4
おどしませんでした	5
おどしましょう	5
おどさない	0
おどさなかった	7
おどした	4
おどして	0
おどしている	4
おどしています	4
おどしていた	4
おどしていました	4
おどしてる	4
おどしてます	5
きょうみぶかい	5
きょうみぶかく	5
きょうみぶかくない	5
きょうみぶかくなかった	5
きょうみぶかかった	5
きょうみぶかくて	5
ひびく	2
ひびきます	4
ひびきません	5
ひびきました	4
ひびきませんでした	5
ひびきましょう	5
ひびかない	3
ひびかなかった	3
ひびいた	2
ひびいて	2
ひびいている	2
ひびいています	2
ひびいていた	2
ひびいていました	2
ひびいてる	4
ひびいてます	2
おどろかす	4
おどろかします	6
おどろかしません	7
おどろかしました	6
おどろかしませんでした	7
おどろかしましょう	7
おどろかさない	5
おどろかさなかった	5
おどろかした	4
おどろかして	4
おどろかしている	4
おどろかしています	4
おどろかしていた	4
おどろかしていました	4
おどろかしてる	6
おどろかしてます	4
おどろく	3
おどろきます	5
おどろきません	6
おどろきました	5
おどろきませんでした	6
おどろきましょう	6
おどろかない	4
おどろかなかった	4
おどろいた	3
おどろいて	3
おどろいている	3
おどろいています	3
おどろいていた	3
おどろいていました	3
おどろいてる	5
おどろいてます	3
あおぐ	2
あおぎます	4
あおぎません	5
あおぎました	4
あおぎませんでした	5
あおぎましょう	5
あおがない	3
あおがなかった	3
あおいだ	2
あおいで	2
あおいでいる	2
あおいでいます	2
あおいでいた	2
あおいでいました	2
あおいでる	4
あおいでます	2
こる	1
こります	3
こりません	4
こりました	3
こりませんでした	4
こりましょう	4
こらない	2
こらなかった	2
こった	1
こって	1
こっている	1
こっています	1
こっていた	1
こっていました	1
こってる	3
こってます	1
まがる	0
まがります	4
まがりません	5
まがりました	4
まがりませんでした	5
まがりましょう	5
まがらない	0
まがらなかった	7
まがった	2
まがって	2
まがっている	2
まがっています	2
まがっていた	2
まがっていました	2
まがってる	4
まがってます	2
まげる	0
まげます	3
まげません	4
まげました	3
まげませんでした	4
まげましょう	4
まげない	0
まげなかった	6
まげた	3
まげて	0
まげている	3
まげています	3
まげていた	3
まげていました	3
まげてる	3
まげてます	4
つとめる	3
つとめます	4
つとめません	5
つとめました	4
つとめませんでした	5
つとめましょう	5
つとめない	3
つとめなかった	3
つとめた	3
つとめて	3
つとめている	3
つとめています	3
つとめていた	3
つとめていました	3
つとめてる	4
つとめてます	3
きんじる	0
きんじます	4
きんじません	5
きんじました	4
きんじませんでした	5
きんじましょう	5
きんじない	0
きんじなかった	7
きんじた	4
きんじて	0
きんじている	4
きんじています	4
きんじていた	4
きんじていました	4
きんじてる	4
きんじてます	5
ちかい	2
ちかく	1
ちかくない	1
ちかくなかった	1
ちかかった	2
ちかくて	1
ちかづく	3
ちかづきます	5
ちかづきません	6
ちかづきました	5
ちかづきませんでした	6
ちかづきましょう	6
ちかづかない	4
ちかづかなかった	4
ちかづいた	3
ちかづいて	3
ちかづいている	3
ちかづいています	3
ちかづいていた	3
ちかづいていました	3
ちかづいてる	5
ちかづいてます	3
ちかよる	3
ちかよります	5
ちかよりません	6
ちかよりました	5
ちかよりませんでした	6
ちかよりましょう	6
ちかよらない	4
ちかよらなかった	4
ちかよった	3
ちかよって	3
ちかよっている	3
ちかよっています	3
ちかよっていた	3
ちかよっていました	3
ちかよってる	5
ちかよってます	3
ちかづける	4
ちかづけます	5
ちかづけません	6
ちかづけました	5
ちかづけませんでした	6
ちかづけましょう	6
ちかづけない	4
ちかづけなかった	4
ちかづけた	4
ちかづけて	4
ちかづけている	4
ちかづけています	4
ちかづけていた	4
ちかづけていました	4
ちかづけてる	5
ちかづけてます	4
にがい	2
にがく	2
にがくない	2
にがくなかった	2
にがかった	2
にがくて	2
くるしい	3
くるしく	3
くるしくない	3
くるしくなかった	3
くるしかった	3
くるしくて	3
くるしむ	3
くるしみます	5
くるしみません	6
くるしみました	5
くるしみませんでした	6
くるしみましょう	6
くるしまない	4
くるしまなかった	4
くるしんだ	0
くるしんで	0
くるしんでいる	3
くるしんでいます	3
くるしんでいた	3
くるしんでいました	3
くるしんでる	3
くるしんでます	3
くるしめる	4
くるしめます	5
くるしめません	6
くるしめました	5
くるしめませんでした	6
くるしめましょう	6
くるしめない	4
くるしめなかった	4
くるしめた	4
くるしめて	4
くるしめている	4
くるしめています	4
くるしめていた	4
くるしめていました	4
くるしめてる	5
くるしめてます	4
むなしい	3
むなしく	3
むなしくない	3
むなしくなかった	3
むなしかった	3
むなしくて	3
ほる	1
ほります	3
ほりません	4
ほりました	3
ほりませんでした	4
ほりましょう	4
ほらない	2
ほらなかった	2
ほった	1
ほって	1
ほっている	1
ほっています	1
ほっていた	1
ほっていました	1
ほってる	3
ほってます	1
くりひろげる	5
くりひろげます	6
くりひろげません	7
くりひろげました	6
くりひろげませんでした	7
くりひろげましょう	7
くりひろげない	5
くりひろげなかった	5
くりひろげた	5
くりひろげて	5
くりひろげている	5
くりひろげています	5
くりひろげていた	5
くりひろげていました	5
くりひろげてる	6
くりひろげてます	5
くりだす	3
くりだします	5
くりだしません	6
くりだしました	5
くりだしませんでした	6
くりだしましょう	6
くりださない	4
くりださなかった	4
くりだした	3
くりだして	3
くりだしている	3
くりだしています	3
くりだしていた	3
くりだしていました	3
くりだしてる	5
くりだしてます	3
くりあげる	4
くりあげます	5
くりあげません	6
くりあげました	5
くりあげませんでした	6
くりあげましょう	6
くりあげない	4
くりあげなかった	4
くりあげた	4
くりあげて	4
くりあげている	4
くりあげています	4
くりあげていた	4
くりあげていました	4
くりあげてる	5
くりあげてます	4
くりかえす	3
くりかえします	6
くりかえしません	7
くりかえしました	6
くりかえしませんでした	7
くりかえしましょう	7
くりかえさない	5
くりかえさなかった	5
くりかえした	3
くりかえして	3
くりかえしている	3
くりかえしています	3
くりかえしていた	3
くりかえしていました	3
くりかえしてる	6
くりかえしてます	3
むらがる	3
むらがります	5
むらがりません	6
むらがりました	5
むらがりませんでした	6
むらがりましょう	6
むらがらない	4
むらがらなかった	4
むらがった	3
むらがって	3
むらがっている	3
むらがっています	3
むらがっていた	3
むらがっていました	3
むらがってる	5
むらがってます	3
むれる	2
むれます	3
むれません	4
むれました	3
むれませんでした	4
むれましょう	4
むれない	2
むれなかった	2
むれた	2
むれて	2
むれている	2
むれています	2
むれていた	2
むれていました	2
むれてる	3
むれてます	2
かたむける	4
かたむけます	5
かたむけません	6
かたむけました	5
かたむけませんでした	6
かたむけましょう	6
かたむけない	4
かたむけなかった	4
かたむけた	4
かたむけて	4
かたむけている	4
かたむけています	4
かたむけていた	4
かたむけていました	4
かたむけてる	5
かたむけてます	4
めぐむ	0
めぐみます	4
めぐみません	5
めぐみました	4
めぐみませんでした	5
めぐみましょう	5
めぐまない	0
めぐまなかった	7
めぐんだ	0
めぐんで	4
めぐんでいる	4
めぐんでいます	4
めぐんでいた	4
めぐんでいました	4
めぐんでる	4
めぐんでます	5
かかげる	0
かかげます	4
かかげません	5
かかげました	4
かかげませんでした	5
かかげましょう	5
かかげない	0
かかげなかった	7
かかげた	4
かかげて	0
かかげている	4
かかげています	4
かかげていた	4
かかげていました	4
かかげてる	4
かかげてます	5
たずさえる	4
たずさえます	5
たずさえません	6
たずさえました	5
たずさえませんでした	6
たずさえましょう	6
たずさえない	4
たずさえなかった	4
たずさえた	4
たずさえて	4
たずさえている	4
たずさえています	4
たずさえていた	4
たずさえていました	4
たずさえてる	5
たずさえてます	4
たずさわる	4
たずさわります	6
たずさわりません	7
たずさわりました	6
たずさわりませんでした	7
たずさわりましょう	7
たずさわらない	5
たずさわらなかった	5
たずさわった	4
たずさわって	4
たずさわっている	4
たずさわっています	4
たずさわっていた	4
たずさわっていました	4
たずさわってる	6
たずさわってます	4
うやまう	3
うやまいます	5
うやまいません	6
うやまいました	5
うやまいませんでした	6
うやまいましょう	6
うやまわない	4
うやまわなかった	4
うやまった	3
うやまって	3
うやまっている	3
うやまっています	3
うやまっていた	3
うやまっていました	3
うやまってる	5
うやまってます	3
たつ	1
たちます	3
たちません	4
たちました	3
たちませんでした	4
たちましょう	4
たたない	2
たたなかった	2
たっている	1
たっています	1
たっていた	1
たっていました	1
たってる	3
たってます	1
へる	1
へます	2
へません	3
へました	2
へませんでした	3
へましょう	3
へない	1
へなかった	1
へた	1
へて	1
へている	1
へています	1
へていた	1
へていました	1
へてる	2
へてます	1
つぐ	0
つぎます	3
つぎません	4
つぎました	3
つぎませんでした	4
つぎましょう	4
つがない	0
つがなかった	6
ついだ	3
ついで	3
ついでいる	3
ついでいます	3
ついでいた	3
ついでいました	3
ついでる	3
ついでます	6
つながる	0
つながります	5
つながりません	6
つながりました	5
つながりませんでした	6
つながりましょう	6
つながらない	0
つながらなかった	8
つながった	5
つながって	0
つながっている	5
つながっています	5
つながっていた	5
つながっていました	5
つながってる	5
つながってます	6
つなぐ	0
つなぎます	4
つなぎません	5
つなぎました	4
つなぎませんでした	5
つなぎましょう	5
つながない	4
つながなかった	7
つないだ	0
つないで	4
つないでいる	4
つないでいます	4
つないでいた	4
つないでいました	4
つないでる	4
つないでます	5
かるい	0
かるく	3
かるくない	3
かるくなかった	3
かるかった	2
かるくて	3
むかえる	0
むかえます	4
むかえません	5
むかえました	4
むかえませんでした	5
むかえましょう	5
むかえない	0
むかえなかった	7
むかえた	4
むかえて	0
むかえている	4
むかえています	4
むかえていた	4
むかえていました	4
むかえてる	4
むかえてます	5
うつ	1
うちます	3
うちません	4
うちました	3
うちませんでした	4
うちましょう	4
うたない	2
うたなかった	2
うった	1
うって	1
うっている	1
うっています	1
うっていた	1
うっていました	1
うってる	3
うってます	1
かかす	0
かかします	3
かかしません	5
かかしました	3
かかしませんでした	5
かかしましょう	5
かかさない	0
かかさなかった	7
かかした	3
かかして	0
かかしている	4
かかしています	4
かかしていた	4
かかしていました	4
かかしてる	4
かかしてます	5
かく	0
かきます	3
かきません	4
かきました	3
かきませんでした	4
かきましょう	4
かかない	0
かかなかった	6
かいた	3
かいて	0
かいている	3
かいています	3
かいていた	3
かいていました	3
かいてる	3
かいてます	4
きめる	0
きめます	3
きめません	4
きめました	3
きめませんでした	4
きめましょう	4
きめない	0
きめなかった	6
きめた	3
きめて	0
きめている	3
きめています	3
きめていた	3
きめていました	3
きめてる	3
きめてます	4
きめつける	4
きめつけます	5
きめつけません	6
きめつけました	5
きめつけませんでした	6
きめつけましょう	6
きめつけない	4
きめつけなかった	4
きめつけた	4
きめつけて	4
きめつけている	4
きめつけています	4
きめつけていた	4
きめつけていました	4
きめつけてる	5
きめつけてます	4
いさぎよい	4
いさぎよく	4
いさぎよくない	4
いさぎよくなかった	4
いさぎよかった	4
いさぎよくて	4
ゆう	1
ゆいます	3
ゆいません	4
ゆいました	3
ゆいませんでした	4
ゆいましょう	4
ゆわない	2
ゆわなかった	2
ゆった	1
ゆって	1
ゆっている	1
ゆっています	1
ゆっていた	1
ゆっていました	1
ゆってる	3
ゆってます	1
むすびつく	4
むすびつきます	6
むすびつきません	7
むすびつきました	6
むすびつきませんでした	7
むすびつきましょう	7
むすびつかない	5
むすびつかなかった	5
むすびついた	4
むすびついて	4
むすびついている	4
むすびついています	4
むすびついていた	4
むすびついていました	4
むすびついてる	6
むすびついてます	4
むすぶ	0
むすびます	4
むすびません	5
むすびました	4
むすびませんでした	5
むすびましょう	5
むすばない	0
むすばなかった	7
むすんだ	0
むすんで	4
むすんでいる	4
むすんでいます	4
むすんでいた	4
むすんでいました	4
むすんでる	4
むすんでます	5
かねる	2
かねます	3
かねません	4
かねました	3
かねませんでした	4
かねましょう	4
かねない	2
かねなかった	2
かねた	2
かねて	2
かねている	2
かねています	2
かねていた	2
かねていました	2
かねてる	3
かねてます	2
かねそなえる	5
かねそなえます	6
かねそなえません	7
かねそなえました	6
かねそなえませんでした	7
かねそなえましょう	7
かねそなえない	5
かねそなえなかった	5
かねそなえた	5
かねそなえて	5
かねそなえている	5
かねそなえています	5
かねそなえていた	5
かねそなえていました	5
かねそなえてる	6
かねそなえてます	5
かたい	0
かたく	0
かたくない	4
かたくなかった	7
かたかった	2
かたくて	0
きらう	0
きらいます	4
きらいません	5
きらいました	4
きらいませんでした	5
きらいましょう	5
きらわない	0
きらわなかった	7
きらった	4
きらって	0
きらっている	4
きらっています	4
きらっていた	4
きらっていました	4
きらってる	4
きらってます	5
いやらしい	2
いやらしく	4
いやらしくない	4
いやらしくなかった	4
いやらしかった	4
いやらしくて	4
たてる	2
たてます	3
たてません	4
たてました	3
たてませんでした	4
たてましょう	4
たてない	2
たてなかった	2
たてた	2
たてて	2
たてている	2
たてています	2
たてていた	2
たてていました	2
たててる	3
たててます	2
まくる	0
まくります	4
まくりません	5
まくりました	4
まくりませんでした	5
まくりましょう	5
まくらない	0
まくらなかった	7
まくった	4
まくって	0
まくっている	4
まくっています	4
まくっていた	4
まくっていました	4
まくってる	4
まくってます	5
みいだす	3
みいだします	5
みいだしません	6
みいだしました	5
みいだしませんでした	6
みいだしましょう	6
みいださない	4
みいださなかった	4
みいだした	5
みいだして	0
みいだしている	5
みいだしています	5
みいだしていた	5
みいだしていました	5
みいだしてる	5
みいだしてます	6
みえる	2
みえます	3
みえません	4
みえました	3
みえませんでした	4
みえましょう	4
みえない	2
みえなかった	2
みえた	2
みえて	2
みえている	2
みえています	2
みえていた	2
みえていました	2
みえてる	3
みえてます	2
みせびらかす	5
みせびらかします	7
みせびらかしません	8
みせびらかしました	7
みせびらかしませんでした	8
みせびらかしましょう	8
みせびらかさない	6
みせびらかさなかった	6
みせびらかした	5
みせびらかして	5
みせびらかしている	5
みせびらかしています	5
みせびらかしていた	5
みせびらかしていました	5
みせびらかしてる	7
みせびらかしてます	5
みせる	2
みせます	3
みせません	4
みせました	3
みせませんでした	4
みせましょう	4
みせない	2
みせなかった	2
みせた	2
みせて	2
みせている	2
みせています	2
みせていた	2
みせていました	2
みせてる	3
みせてます	2
みっともない	5
みっともなく	5
みっともなくない	5
みっともなくなかった	5
みっともなかった	5
みっともなくて	5
みちがえる	5
みちがえます	5
みちがえません	6
みちがえました	5
みちがえませんでした	6
みちがえましょう	6
みちがえない	4
みちがえなかった	4
みちがえた	4
みちがえて	4
みちがえている	4
みちがえています	4
みちがえていた	4
みちがえていました	4
みちがえてる	5
みちがえてます	4
みくだす	0
みくだします	5
みくだしません	6
みくだしました	5
みくだしませんでした	6
みくだしましょう	6
みくださない	0
みくださなかった	8
みくだした	5
みくだして	0
みくだしている	5
みくだしています	5
みくだしていた	5
みくだしていました	5
みくだしてる	5
みくだしてます	6
みおろす	0
みおろします	5
みおろしません	6
みおろしました	5
みおろしませんでした	6
みおろしましょう	6
みおろさない	0
みおろさなかった	8
みおろした	5
みおろして	0
みおろしている	5
みおろしています	5
みおろしていた	5
みおろしていました	5
みおろしてる	5
みおろしてます	6
みきわめる	4
みきわめます	5
みきわめません	6
みきわめました	5
みきわめませんでした	6
みきわめましょう	6
みきわめない	4
みきわめなかった	4
みきわめた	4
みきわめて	4
みきわめている	4
みきわめています	4
みきわめていた	4
みきわめていました	4
みきわめてる	5
みきわめてます	4
みぐるしい	4
みぐるしく	4
みぐるしくない	4
みぐるしくなかった	4
みぐるしかった	4
みぐるしくて	4
みあわせる	0
みあわせます	5
みあわせません	6
みあわせました	5
みあわせませんでした	6
みあわせましょう	6
みあわせない	0
みあわせなかった	8
みあわせた	5
みあわせて	0
みあわせている	5
みあわせています	5
みあわせていた	5
みあわせていました	5
みあわせてる	5
みあわせてます	6
みこむ	2
みこみます	4
みこみません	5
みこみました	4
みこみませんでした	5
みこみましょう	5
みこまない	3
みこまなかった	3
みこんだ	2
みこんで	2
みこんでいる	2
みこんでいます	2
みこんでいた	2
みこんでいました	2
みこんでる	4
みこんでます	2
みうしなう	0
みうしないます	6
みうしないません	7
みうしないました	6
みうしないませんでした	7
みうしないましょう	7
みうしなわない	5
みうしなわなかった	5
みうしなった	4
みうしなって	4
みうしなっている	4
みうしなっています	4
みうしなっていた	4
みうしなっていました	4
みうしなってる	6
みうしなってます	4
みすてる	0
みすてます	4
みすてません	5
みすてました	4
みすてませんでした	5
みすてましょう	5
みすてない	0
みすてなかった	7
みすてた	4
みすてて	4
みすてている	4
みすてています	4
みすてていた	4
みすてていました	4
みすててる	4
みすててます	5
みまもる	0
みまもります	5
みまもりません	6
みまもりました	5
みまもりませんでした	6
みまもりましょう	6
みまもらない	0
みまもらなかった	8
みまもった	5
みまもって	0
みまもっている	5
みまもっています	5
みまもっていた	5
みまもっていました	5
みまもってる	5
みまもってます	6
みうける	0
みうけます	4
みうけません	5
みうけました	4
みうけませんでした	5
みうけましょう	5
みうけない	0
みうけなかった	7
みうけた	4
みうけて	0
みうけている	4
みうけています	4
みうけていた	4
みうけていました	4
みうけてる	4
みうけてます	5
みならう	3
みならいます	5
みならいません	6
みならいました	5
みならいませんでした	6
みならいましょう	6
みならわない	0
みならわなかった	8
みならった	5
みならって	0
みならっている	5
みならっています	5
みならっていた	5
みならっていました	5
みならってる	5
みならってます	6
みあげる	0
みあげます	4
みあげません	5
みあげました	4
みあげませんでした	5
みあげましょう	5
みあげない	0
みあげなかった	7
みあげた	4
みあげて	0
みあげている	4
みあげています	4
みあげていた	4
みあげていました	4
みあげてる	4
みあげてます	5
みはらす	0
みはらします	5
みはらしません	6
みはらしました	5
みはらしませんでした	6
みはらしましょう	6
みはらさない	0
みはらさなかった	8
みはらした	5
みはらして	0
みはらしている	5
みはらしています	5
みはらしていた	5
みはらしていました	5
みはらしてる	5
みはらしてます	6
みおくる	0
みおくります	5
みおくりません	6
みおくりました	5
みおくりませんでした	6
みおくりましょう	6
みおくらない	0
みおくらなかった	8
みおくった	5
みおくって	0
みおくっている	5
みおくっています	5
みおくっていた	5
みおくっていました	5
みおくってる	5
みおくってます	6
みそこなう	4
みそこないます	6
みそこないません	7
みそこないました	6
みそこないませんでした	7
みそこないましょう	7
みそこなわない	5
みそこなわなかった	5
みそこなった	4
みそこなって	4
みそこなっている	4
みそこなっています	4
みそこなっていた	4
みそこなっていました	4
みそこなってる	6
みそこなってます	4
みはる	0
みはります	4
みはりません	5
みはりました	4
みはりませんでした	5
みはりましょう	5
みはらない	0
みはらなかった	7
みはった	4
みはって	0
みはっている	4
みはっています	4
みはっていた	4
みはっていました	4
みはってる	4
みはってます	5
みなおす	0
みなおします	5
みなおしません	6
みなおしました	5
みなおしませんでした	6
みなおしましょう	6
みなおさない	0
みなおさなかった	8
みなおした	5
みなおして	0
みなおしている	5
みなおしています	5
みなおしていた	5
みなおしていました	5
みなおしてる	5
みなおしてます	6
みわたす	0
みわたします	5
みわたしません	6
みわたしました	5
みわたしませんでした	6
みわたしましょう	6
みわたさない	0
みわたさなかった	8
みわたした	5
みわたして	0
みわたしている	5
みわたしています	5
みわたしていた	5
みわたしていました	5
みわたしてる	5
みわたしてます	6
みあたる	0
みあたります	5
みあたりません	6
みあたりました	5
みあたりませんでした	6
みあたりましょう	6
みあたらない	0
みあたらなかった	8
みあたった	5
みあたって	0
みあたっている	5
みあたっています	5
みあたっていた	5
みあたっていました	5
みあたってる	5
みあたってます	6
みまう	3
みまいます	4
みまいません	5
みまいました	4
みまいませんでした	5
みまいましょう	5
みまわない	3
みまわなかった	3
みまった	2
みまって	2
みまっている	2
みまっています	2
みまっていた	2
みまっていました	2
みまってる	4
みまってます	2
みおとす	0
みおとします	5
みおとしません	6
みおとしました	5
みおとしませんでした	6
みおとしましょう	6
みおとさない	0
みおとさなかった	8
みおとした	5
みおとして	0
みおとしている	5
みおとしています	5
みおとしていた	5
みおとしていました	5
みおとしてる	5
みおとしてます	6
かしこい	3
かしこく	3
かしこくない	3
かしこくなかった	3
かしこかった	3
かしこくて	3
けわしい	3
けわしく	3
けわしくない	3
けわしくなかった	3
けわしかった	3
けわしくて	3
きびしい	3
きびしく	3
きびしくない	3
きびしくなかった	3
きびしかった	3
きびしくて	3
へらす	0
へらします	4
へらしません	5
へらしました	4
へらしませんでした	5
へらしましょう	5
へらさない	0
へらさなかった	7
へらした	4
へらして	0
へらしている	4
へらしています	4
へらしていた	4
へらしていました	4
へらしてる	4
へらしてます	5
へります	3
へりません	4
へりました	3
へりませんでした	4
へりましょう	4
へらない	0
へらなかった	6
へった	3
へって	0
へっている	3
へっています	3
へっていた	3
へっていました	3
へってる	3
へってます	4
あらわす	3
あらわします	5
あらわしません	6
あらわしました	5
あらわしませんでした	6
あらわしましょう	6
あらわさない	4
あらわさなかった	4
あらわした	3
あらわして	3
あらわしている	3
あらわしています	3
あらわしていた	3
あらわしていました	3
あらわしてる	5
あらわしてます	3
あらわれる	4
あらわれます	5
あらわれません	6
あらわれました	5
あらわれませんでした	6
あらわれましょう	6
あらわれない	4
あらわれなかった	4
あらわれた	4
あらわれて	4
あらわれている	4
あらわれています	4
あらわれていた	4
あらわれていました	4
あらわれてる	5
あらわれてます	4
いいだす	3
いいだします	5
いいだしません	6
いいだしました	5
いいだしませんでした	6
いいだしましょう	6
いいださない	4
いいださなかった	4
いいだした	3
いいだして	3
いいだしている	3
いいだしています	3
いいだしていた	3
いいだしていました	3
いいだしてる	5
いいだしてます	3
いいきる	3
いいきります	5
いいきりません	6
いいきりました	5
いいきりませんでした	6
いいきりましょう	6
いいきらない	4
いいきらなかった	4
いいきった	3
いいきって	3
いいきっている	3
いいきっています	3
いいきっていた	3
いいきっていました	3
いいきってる	5
いいきってます	3
いいわたす	4
いいわたします	6
いいわたしません	7
いいわたしました	6
いいわたしませんでした	7
いいわたしましょう	7
いいわたさない	5
いいわたさなかった	5
いいわたした	6
いいわたして	0
いいわたしている	6
いいわたしています	6
いいわたしていた	6
いいわたしていました	6
いいわたしてる	6
いいわたしてます	7
いいあらわす	5
いいあらわします	7
いいあらわしません	8
いいあらわしました	7
いいあらわしませんでした	8
いいあらわしましょう	8
いいあらわさない	6
いいあらわさなかった	6
いいあらわした	5
いいあらわして	5
いいあらわしている	5
いいあらわしています	5
いいあらわしていた	5
いいあらわしていました	5
いいあらわしてる	7
いいあらわしてます	5
いいかえす	3
いいかえします	6
いいかえしません	7
いいかえしました	6
いいかえしませんでした	7
いいかえしましょう	7
いいかえさない	5
いいかえさなかった	5
いいかえした	3
いいかえして	3
いいかえしている	3
いいかえしています	3
いいかえしていた	3
いいかえしていました	3
いいかえしてる	6
いいかえしてます	3
かぎりない	1
かぎりなく	1
かぎりなくない	4
かぎりなくなかった	4
かぎりなかった	4
かぎりなくて	1
かぎる	2
かぎります	4
かぎりません	5
かぎりました	4
かぎりませんでした	5
かぎりましょう	5
かぎらない	3
かぎらなかった	3
かぎった	2
かぎって	2
かぎっている	2
かぎっています	2
かぎっていた	2
かぎっていました	2
かぎってる	4
かぎってます	2
ふるい	2
ふるく	1
ふるくない	1
ふるくなかった	1
ふるかった	2
ふるくて	1
よびかける	4
よびかけます	5
よびかけません	6
よびかけました	5
よびかけませんでした	6
よびかけましょう	6
よびかけない	4
よびかけなかった	4
よびかけた	4
よびかけて	4
よびかけている	4
よびかけています	4
よびかけていた	4
よびかけていました	4
よびかけてる	5
よびかけてます	4
よびだす	3
よびだします	5
よびだしません	6
よびだしました	4
よびだしませんでした	6
よびだしましょう	6
よびださない	4
よびださなかった	4
よびだした	5
よびだして	0
よびだしている	5
よびだしています	5
よびだしていた	5
よびだしていました	5
よびだしてる	5
よびだしてます	6
よぶ	0
よびます	3
よびません	4
よびました	3
よびませんでした	4
よびましょう	4
よばない	0
よばなかった	6
かたまる	0
かたまります	5
かたまりません	6
かたまりました	5
かたまりませんでした	6
かたまりましょう	6
かたまらない	0
かたまらなかった	8
かたまった	5
かたまって	0
かたまっている	5
かたまっています	5
かたまっていた	5
かたまっていました	5
かたまってる	5
かたまってます	6
かためる	0
かためます	4
かためません	5
かためました	4
かためませんでした	5
かためましょう	5
かためない	0
かためなかった	7
かためた	4
かためて	0
かためている	4
かためています	4
かためていた	4
かためていました	4
かためてる	4
かためてます	5
とまどう	3
とまどいます	5
とまどいません	6
とまどいました	5
とまどいませんでした	6
とまどいましょう	6
とまどわない	4
とまどわなかった	4
とまどった	3
とまどって	3
とまどっている	3
とまどっています	3
とまどっていた	3
とまどっていました	3
とまどってる	5
とまどってます	3
かれる	0
かれます	3
かれません	4
かれました	3
かれませんでした	4
かれましょう	4
かれない	0
かれなかった	6
かれた	3
かれて	0
かれている	3
かれています	3
かれていた	3
かれていました	3
かれてる	3
かれてます	4
ほこる	2
ほこります	4
ほこりません	5
ほこりました	4
ほこりませんでした	5
ほこりましょう	5
ほこらない	3
ほこらなかった	3
ほこった	2
ほこって	2
ほこっている	2
ほこっています	2
ほこっていた	2
ほこっていました	2
ほこってる	4
ほこってます	2
またぐ	2
またぎます	4
またぎません	5
またぎました	4
またぎませんでした	5
またぎましょう	5
またがない	3
またがなかった	3
またいだ	2
またいで	2
またいでいる	2
またいでいます	2
またいでいた	2
またいでいました	2
またいでる	4
またいでます	2
かえりみる	4
かえりみます	5
かえりみません	6
かえりみました	5
かえりみませんでした	6
かえりみましょう	6
かえりみない	4
かえりみなかった	4
かえりみた	4
かえりみて	4
かえりみている	4
かえりみています	4
かえりみていた	4
かえりみていました	4
かえりみてる	5
かえりみてます	4
くれる	0
くれます	3
くれません	4
くれました	3
くれませんでした	4
くれましょう	4
くれない	0
くれなかった	6
くれた	3
くれて	0
くれている	3
くれています	3
くれていた	3
くれていました	3
くれてる	3
くれてます	4
さとる	0
さとります	4
さとりません	5
さとりました	4
さとりませんでした	5
さとりましょう	5
さとらない	3
さとらなかった	3
さとった	2
さとって	2
さとっている	2
さとっています	2
さとっていた	2
さとっていました	2
さとってる	4
さとってます	2
かたらう	3
かたらいます	5
かたらいません	6
かたらいました	5
かたらいませんでした	6
かたらいましょう	6
かたらわない	4
かたらわなかった	4
かたらった	3
かたらって	3
かたらっている	3
かたらっています	3
かたらっていた	3
かたらっていました	3
かたらってる	5
かたらってます	3
かたる	0
かたります	4
かたりません	5
かたりました	4
かたりませんでした	5
かたりましょう	5
かたらない	0
かたらなかった	7
かたった	4
かたって	0
かたっている	4
かたっています	4
かたっていた	4
かたっていました	4
かたってる	4
かたってます	5
あやまる	3
あやまります	5
あやまりません	6
あやまりました	5
あやまりませんでした	6
あやまりましょう	6
あやまらない	4
あやまらなかった	4
あやまった	3
あやまって	3
あやまっている	3
あやまっています	3
あやまっていた	3
あやまっていました	3
あやまってる	5
あやまってます	3
ごまかす	3
ごまかします	5
ごまかしません	6
ごまかしました	5
ごまかしませんでした	6
ごまかしましょう	6
ごまかさない	4
ごまかさなかった	4
ごまかした	3
ごまかして	3
ごまかしている	3
ごまかしています	3
ごまかしていた	3
ごまかしていました	3
ごまかしてる	5
ごまかしてます	3
まじえる	3
まじえます	4
まじえません	5
まじえました	4
まじえませんでした	5
まじえましょう	5
まじえない	3
まじえなかった	3
まじえた	3
まじえて	3
まじえている	3
まじえています	3
まじえていた	3
まじえていました	3
まじえてる	4
まじえてます	3
まじわる	3
まじわります	5
まじわりません	6
まじわりました	5
まじわりませんでした	6
まじわりましょう	6
まじわらない	4
まじわらなかった	4
まじわった	3
まじわって	3
まじわっている	3
まじわっています	3
まじわっていた	3
まじわっていました	3
まじわってる	5
まじわってます	3
ひかる	2
ひかります	4
ひかりません	5
ひかりました	4
ひかりませんでした	5
ひかりましょう	5
ひからない	3
ひからなかった	3
ひかった	2
ひかって	2
ひかっている	2
ひかっています	2
ひかっていた	2
ひかっていました	2
ひかってる	4
ひかってます	2
あつい	0
あつく	0
あつくない	4
あつくなかった	7
あつくて	0
あつかましい	5
あつかましく	5
あつかましくない	5
あつかましくなかった	5
あつかましかった	5
あつかましくて	5
くちごもる	4
くちごもります	6
くちごもりません	7
くちごもりました	6
くちごもりませんでした	7
くちごもりましょう	7
くちごもらない	5
くちごもらなかった	5
くちごもった	4
くちごもって	4
くちごもっている	4
くちごもっています	4
くちごもっていた	4
くちごもっていました	4
くちごもってる	6
くちごもってます	4
むく	0
むきます	3
むきません	4
むきました	3
むきませんでした	4
むきましょう	4
むかない	0
むかなかった	6
むいた	3
むいて	0
むいている	3
むいています	3
むいていた	3
むいていました	3
むいてる	4
むいてます	4
むける	0
むけます	3
むけません	4
むけました	3
むけませんでした	4
むけましょう	4
むけない	0
むけなかった	6
むけた	3
むけて	0
むけている	3
むけています	3
むけていた	3
むけていました	3
むけてる	3
むけてます	4
このましい	4
このましく	4
このましくない	4
このましくなかった	4
このましかった	4
このましくて	4
このむ	2
このみます	4
このみません	5
このみました	4
このみませんでした	5
このみましょう	5
このまない	3
このまなかった	3
このんだ	2
このんで	2
このんでいる	2
このんでいます	2
このんでいた	2
このんでいました	2
このんでる	4
このんでます	2
ひろい	2
ひろく	2
ひろくない	2
ひろくなかった	2
ひろかった	2
ひろくて	2
ひろまる	0
ひろまります	5
ひろまりません	6
ひろまりました	5
ひろまりませんでした	6
ひろまりましょう	6
ひろまらない	4
ひろまらなかった	4
ひろまった	3
ひろまって	3
ひろまっている	3
ひろまっています	3
ひろまっていた	3
ひろまっていました	3
ひろまってる	5
ひろまってます	3
ひろめる	3
ひろめます	4
ひろめません	5
ひろめました	4
ひろめませんでした	5
ひろめましょう	5
ひろめない	0
ひろめなかった	7
ひろめた	4
ひろめて	0
ひろめている	4
ひろめています	4
ひろめていた	4
ひろめていました	4
ひろめてる	4
ひろめてます	5
あわただしい	5
あわただしく	5
あわただしくない	5
あわただしくなかった	5
あわただしかった	5
あわただしくて	5
あわてる	0
あわてます	4
あわてません	5
あわてました	4
あわてませんでした	5
あわてましょう	5
あわてない	0
あわてなかった	7
あわてた	4
あわてて	0
あわてている	4
あわてています	4
あわてていた	4
あわてていました	4
あわててる	4
あわててます	5
ひかえる	3
ひかえます	4
ひかえません	5
ひかえました	4
ひかえませんでした	5
ひかえましょう	5
ひかえない	3
ひかえなかった	3
ひかえた	3
ひかえて	3
ひかえている	3
ひかえています	3
ひかえていた	3
ひかえていました	3
ひかえてる	4
ひかえてます	3
せめる	2
せめます	3
せめません	4
せめました	3
せめませんでした	4
せめましょう	4
せめない	2
せめなかった	2
せめた	2
せめている	2
せめています	2
せめていた	2
せめていました	2
せめてる	3
せめてます	2
ふけます	3
ふけません	4
ふけました	3
ふけませんでした	4
ふけましょう	4
ふけない	2
ふけなかった	2
ふけた	2
ふけて	2
ふけている	2
ふけています	2
ふけていた	2
ふけていました	2
ふけてる	3
ふけてます	2
かまう	2
かまいます	4
かまいません	5
かまいました	4
かまいませんでした	5
かまいましょう	5
かまわない	3
かまわなかった	3
かまった	2
かまって	2
かまっている	2
かまっています	2
かまっていた	2
かまっていました	2
かまってる	4
かまってます	2
かまえる	3
かまえます	4
かまえません	5
かまえました	4
かまえませんでした	5
かまえましょう	5
かまえない	3
かまえなかった	3
かまえた	2
かまえて	2
かまえている	2
かまえています	2
かまえていた	2
かまえていました	2
かまえてる	4
かまえてます	2
たがやす	3
たがやします	5
たがやしません	6
たがやしました	5
たがやしませんでした	6
たがやしましょう	6
たがやさない	4
たがやさなかった	4
たがやした	3
たがやして	3
たがやしている	3
たがやしています	3
たがやしていた	3
たがやしていました	3
たがやしてる	5
たがやしてます	3
かんがえる	3
かんがえます	5
かんがえません	6
かんがえました	5
かんがえませんでした	6
かんがえましょう	6
かんがえない	4
かんがえなかった	4
かんがえた	3
かんがえて	3
かんがえている	3
かんがえています	3
かんがえていた	3
かんがえていました	3
かんがえてる	5
かんがえてます	3
かんがえなおす	6
かんがえなおします	8
かんがえなおしません	9
かんがえなおしました	8
かんがえなおしませんでした	9
かんがえなおしましょう	9
かんがえなおさない	7
かんがえなおさなかった	7
かんがえなおした	6
かんがえなおして	6
かんがえなおしている	6
かんがえなおしています	6
かんがえなおしていた	6
かんがえなおしていました	6
かんがえなおしてる	8
かんがえなおしてます	6
あらい	0
あらく	0
あらくない	4
あらくなかった	7
あらかった	2
あらくて	0
あらっぽい	4
あらっぽく	4
あらっぽくない	4
あらっぽくなかった	4
あらっぽかった	4
あらっぽくて	4
あらす	0
あらします	4
あらしません	5
あらしました	4
あらしませんでした	5
あらしましょう	5
あらさない	0
あらさなかった	7
あらした	4
あらして	0
あらしている	4
あらしています	4
あらしていた	4
あらしていました	4
あらしてる	4
あらしてます	5
あれる	0
あれます	3
あれません	4
あれました	3
あれませんでした	4
あれましょう	4
あれない	0
あれなかった	6
あれた	3
あれて	0
あれている	3
あれています	3
あれていた	3
あれていました	3
あれてる	3
あれてます	4
いきとどく	4
いきとどきます	6
いきとどきません	7
いきとどきました	6
いきとどきませんでした	7
いきとどきましょう	7
いきとどかない	5
いきとどかなかった	5
いきとどいた	4
いきとどいて	4
いきとどいている	4
いきとどいています	4
いきとどいていた	4
いきとどいていました	4
いきとどいてる	6
いきとどいてます	4
ふる	1
ふります	3
ふりません	4
ふりました	3
ふりませんでした	4
ふりましょう	4
ふらない	2
ふらなかった	2
ふった	1
ふって	1
ふっている	1
ふっています	1
ふっていた	1
ふっていました	1
ふってる	3
ふってます	1
たかい	2
たかく	2
たかくない	2
たかくなかった	2
たかかった	2
たかくて	2
たかまる	3
たかまります	5
たかまりません	6
たかまりました	5
たかまりませんでした	6
たかまりましょう	6
たかまらない	4
たかまらなかった	4
たかまった	3
たかまって	3
たかまっている	3
たかまっています	3
たかまっていた	3
たかまっていました	3
たかまってる	5
たかまってます	3
たかめる	3
たかめます	4
たかめません	5
たかめました	4
たかめませんでした	5
たかめましょう	5
たかめない	3
たかめなかった	3
たかめた	3
たかめて	3
たかめている	3
たかめています	3
たかめていた	3
たかめていました	3
たかめてる	4
たかめてます	3
あわす	2
あわします	4
あわしません	5
あわしました	4
あわしませんでした	5
あわしましょう	5
あわさない	3
あわさなかった	3
あわした	2
あわして	2
あわしている	2
あわしています	2
あわしていた	2
あわしていました	2
あわしてる	4
あわしてます	2
あわせる	3
あわせます	4
あわせません	5
あわせました	4
あわせませんでした	5
あわせましょう	5
あわせない	3
あわせなかった	3
あわせた	3
あわせて	3
あわせている	3
あわせています	3
あわせていた	3
あわせていました	3
あわせてる	4
あわせてます	3
きざむ	0
きざみます	4
きざみません	5
きざみました	4
きざみませんでした	5
きざみましょう	5
きざまない	0
きざまなかった	7
きざんだ	0
きざんで	4
きざんでいる	4
きざんでいます	4
きざんでいた	4
きざんでいました	4
きざんでる	4
きざんでます	5
つげる	0
つげます	3
つげません	4
つげました	3
つげませんでした	4
つげましょう	4
つげない	0
つげなかった	6
つげた	3
つげて	0
つげている	3
つげています	3
つげていた	3
つげていました	3
つげてる	3
つげてます	4
くろい	2
くろく	2
くろくない	2
くろくなかった	2
くろかった	2
くろくて	2
くろっぽい	4
くろっぽく	4
くろっぽくない	4
くろっぽくなかった	4
くろっぽかった	4
くろっぽくて	4
こしかける	4
こしかけます	5
こしかけません	6
こしかけました	5
こしかけませんでした	6
こしかけましょう	6
こしかけない	0
こしかけなかった	8
こしかけた	5
こしかけて	0
こしかけている	5
こしかけています	5
こしかけていた	5
こしかけていました	5
こしかけてる	5
こしかけてます	6
ぼける	2
ぼけます	3
ぼけません	4
ぼけました	3
ぼけませんでした	4
ぼけましょう	4
ぼけない	2
ぼけなかった	2
ぼけた	2
ぼけて	2
ぼけている	2
ぼけています	2
ぼけていた	2
ぼけていました	2
ぼけてる	3
ぼけてます	2
ほれる	0
ほれます	3
ほれません	4
ほれました	3
ほれませんでした	4
ほれましょう	4
ほれない	0
ほれなかった	6
ほれた	3
ほれて	0
ほれている	3
ほれています	3
ほれていた	3
ほれていました	3
ほれてる	3
ほれてます	4
こめる	2
こめます	3
こめません	4
こめました	3
こめませんでした	4
こめましょう	4
こめない	2
こめなかった	2
こめた	2
こめて	2
こめている	2
こめています	2
こめていた	2
こめていました	2
こめてる	3
こめてます	2
こまりはてる	5
こまりはてます	6
こまりはてません	7
こまりはてました	6
こまりはてませんでした	7
こまりはてましょう	7
こまりはてない	5
こまりはてなかった	5
こまりはてた	5
こまりはてて	5
こまりはてている	5
こまりはてています	5
こまりはてていた	5
こまりはてていました	5
こまりはててる	5
こまりはててます	5
こまる	2
こまります	4
こまりません	5
こまりました	4
こまりませんでした	5
こまりましょう	5
こまらない	3
こまらなかった	3
こまった	2
こまって	2
こまっている	2
こまっています	2
こまっていた	2
こまっていました	2
こまってる	4
こまってます	2
うらむ	2
うらみます	4
うらみません	5
うらみました	4
うらみませんでした	5
うらみましょう	5
うらまない	3
うらまなかった	3
うらんだ	2
うらんで	2
うらんでいる	2
うらんでいます	2
うらんでいた	2
うらんでいました	2
うらんでる	4
うらんでます	2
ねざす	2
ねざします	4
ねざしません	5
ねざしました	4
ねざしませんでした	5
ねざしましょう	5
ねざさない	3
ねざさなかった	3
ねざした	2
ねざして	2
ねざしている	2
ねざしています	2
ねざしていた	2
ねざしていました	2
ねざしてる	4
ねざしてます	2
まぜる	2
まぜます	3
まぜません	4
まぜました	3
まぜませんでした	4
まぜましょう	4
まぜない	2
まぜなかった	2
まぜた	2
まぜて	2
まぜている	2
まぜています	2
まぜていた	2
まぜていました	2
まぜてる	3
まぜてます	2
そそのかす	4
そそのかします	6
そそのかしません	7
そそのかしました	6
そそのかしませんでした	7
そそのかしましょう	7
そそのかさない	5
そそのかさなかった	5
そそのかした	4
そそのかして	4
そそのかしている	4
そそのかしています	4
そそのかしていた	4
そそのかしていました	4
そそのかしてる	6
そそのかしてます	4
さしかかる	4
さしかかります	6
さしかかりません	7
さしかかりました	6
さしかかりませんでした	7
さしかかりましょう	7
さしかからない	5
さしかからなかった	5
さしかかった	4
さしかかって	4
さしかかっている	4
さしかかっています	4
さしかかっていた	4
さしかかっていました	4
さしかかってる	6
さしかかってます	4
さしひかえる	5
さしひかえます	6
さしひかえません	7
さしひかえました	6
さしひかえませんでした	7
さしひかえましょう	7
さしひかえない	5
さしひかえなかった	5
さしひかえた	5
さしひかえて	5
さしひかえている	5
さしひかえています	5
さしひかえていた	5
さしひかえていました	5
さしひかえてる	6
さしひかえてます	5
さしこむ	0
さしこみます	5
さしこみません	6
さしこみました	5
さしこみませんでした	6
さしこみましょう	6
さしこまない	4
さしこまなかった	4
さしこんだ	3
さしこんで	3
さしこんでいる	3
さしこんでいます	3
さしこんでいた	3
さしこんでいました	3
さしこんでる	5
さしこんでます	3
さしつかえる	5
さしつかえます	6
さしつかえません	7
さしつかえました	6
さしつかえませんでした	7
さしつかえましょう	7
さしつかえない	5
さしつかえなかった	5
さしつかえた	5
さしつかえて	5
さしつかえている	5
さしつかえています	5
さしつかえていた	5
さしつかえていました	5
さしつかえてる	6
さしつかえてます	5
さしだす	3
さしだします	5
さしだしません	6
さしだしました	5
さしだしませんでした	6
さしだしましょう	6
さしださない	4
さしださなかった	4
さしだした	3
さしだして	3
さしだしている	3
さしだしています	3
さしだしていた	3
さしだしていました	3
さしだしてる	5
さしだしてます	3
さしあげる	0
さしあげます	5
さしあげません	6
さしあげました	5
さしあげませんでした	6
さしあげましょう	6
さしあげない	4
さしあげなかった	4
さしあげた	4
さしあげて	4
さしあげている	4
さしあげています	4
さしあげていた	4
さしあげていました	4
さしあげてる	5
さしあげてます	4
さしのべる	4
さしのべます	5
さしのべません	6
さしのべました	5
さしのべませんでした	6
さしのべましょう	6
さしのべない	4
さしのべなかった	4
さしのべた	4
さしのべて	4
さしのべている	4
さしのべています	4
さしのべていた	4
さしのべていました	4
さしのべてる	5
さしのべてます	4
さしもどす	4
さしもどします	6
さしもどしません	7
さしもどしました	6
さしもどしませんでした	7
さしもどしましょう	7
さしもどさない	5
さしもどさなかった	5
さしもどした	4
さしもどして	4
さしもどしている	4
さしもどしています	4
さしもどしていた	4
さしもどしていました	4
さしもどしてる	6
さしもどしてます	4
さします	3
さしません	4
さしました	3
さしませんでした	4
さしましょう	4
ささない	2
ささなかった	2
さした	2
さして	2
さしている	2
さしています	2
さしていた	2
さしていました	2
さしてる	3
さしてます	2
すわる	0
すわります	4
すわりません	5
すわりました	4
すわりませんでした	5
すわりましょう	5
すわらない	0
すわらなかった	7
すわった	4
すわって	0
すわっている	4
すわっています	4
すわっていた	4
すわっていました	4
すわってる	4
すわってます	5
もよおす	3
もよおします	5
もよおしません	6
もよおしました	5
もよおしませんでした	6
もよおしましょう	6
もよおさない	4
もよおさなかった	4
もよおした	5
もよおして	0
もよおしている	5
もよおしています	5
もよおしていた	5
もよおしていました	5
もよおしてる	5
もよおしてます	6
いろどる	3
いろどります	5
いろどりません	6
いろどりました	5
いろどりませんでした	6
いろどりましょう	6
いろどらない	4
いろどらなかった	4
いろどった	3
いろどって	3
いろどっている	3
いろどっています	3
いろどっていた	3
いろどっていました	3
いろどってる	5
いろどってます	3
すます	2
すまします	4
すましません	5
すましました	4
すましませんでした	5
すましましょう	5
すまさない	3
すまさなかった	3
すました	2
すまして	2
すましている	2
すましています	2
すましていた	2
すましていました	2
すましてる	4
すましてます	2
すませる	3
すませます	4
すませません	5
すませました	4
すませませんでした	5
すませましょう	5
すませない	3
すませなかった	3
すませた	3
すませて	3
すませている	3
すませています	3
すませていた	3
すませていました	3
すませてる	4
すませてます	3
すむ	1
すみます	3
すみません	4
すみました	3
すみませんでした	4
すみましょう	4
すまない	4
すまなかった	3
すんだ	1
すんで	1
すんでいる	1
すんでいます	1
すんでいた	1
すんでいました	1
すんでる	3
すんでます	1
くだく	2
くだきます	4
くだきません	5
くだきました	4
くだきませんでした	5
くだきましょう	5
くだかない	3
くだかなかった	3
くだいた	2
くだいて	2
くだいている	2
くだいています	2
くだいていた	2
くだいていました	2
くだいてる	4
くだいてます	2
くだける	3
くだけます	4
くだけません	5
くだけました	4
くだけませんでした	5
くだけましょう	5
くだけない	3
くだけなかった	3
くだけた	3
くだけて	3
くだけている	3
くだけています	3
くだけていた	3
くだけていました	3
くだけてる	4
くだけてます	3
まつる	0
まつります	4
まつりません	5
まつりました	4
まつりませんでした	5
まつりましょう	5
まつらない	0
まつらなかった	7
まつった	4
まつって	0
まつっている	4
まつっています	4
まつっていた	4
まつっていました	4
まつってる	4
まつってます	5
ほそい	2
ほそく	2
ほそくない	2
ほそくなかった	2
ほそかった	3
ほそくて	2
こまかい	3
こまかく	3
こまかくない	3
こまかくなかった	3
こまかかった	3
こまかくて	3
ほそながい	4
ほそながく	4
ほそながくない	4
ほそながくなかった	4
ほそながかった	4
ほそながくて	4
さばく	2
さばきます	4
さばきません	5
さばきました	4
さばきませんでした	5
さばきましょう	5
さばかない	3
さばかなかった	3
さばいた	2
さばいて	2
さばいている	2
さばいています	2
さばいていた	2
さばいていました	2
さばいてる	4
さばいてます	2
きわだつ	3
きわだちます	5
きわだちません	6
きわだちました	5
きわだちませんでした	6
きわだちましょう	6
きわだたない	4
きわだたなかった	4
きわだった	3
きわだって	3
きわだっている	3
きわだっています	3
きわだっていた	3
きわだっていました	3
きわだってる	5
きわだってます	3
さえる	2
さえます	3
さえません	4
さえました	3
さえませんでした	4
さえましょう	4
さえない	2
さえなかった	2
さえた	2
さえて	2
さえている	2
さえています	2
さえていた	2
さえていました	2
さえてる	3
さえてます	2
つくりだす	4
つくりだします	6
つくりだしません	7
つくりだしました	6
つくりだしませんでした	7
つくりだしましょう	7
つくりださない	5
つくりださなかった	5
つくりだした	4
つくりだして	4
つくりだしている	4
つくりだしています	4
つくりだしていた	4
つくりだしていました	4
つくりだしてる	6
つくりだしてます	4
つくりあげる	5
つくりあげます	6
つくりあげません	7
つくりあげました	6
つくりあげませんでした	7
つくりあげましょう	7
つくりあげない	5
つくりあげなかった	5
つくりあげた	5
つくりあげて	5
つくりあげている	5
つくりあげています	5
つくりあげていた	5
つくりあげていました	5
つくりあげてる	6
つくりあげてます	5
けずる	0
けずります	4
けずりません	5
けずりました	4
けずりませんでした	5
けずりましょう	5
けずらない	0
けずらなかった	7
けずった	4
けずって	0
けずっている	4
けずっています	4
けずっていた	4
けずっていました	4
けずってる	4
けずってます	5
すります	3
すりません	4
すりました	3
すりませんでした	4
すりましょう	4
すらない	2
すらなかった	2
とる	1
とります	3
とりません	4
とりました	3
とりませんでした	4
とりましょう	4
とらない	2
とらなかった	2
とった	1
とって	1
とっている	1
とっています	1
とっていた	1
とっていました	1
とってる	3
とってます	1
ころす	0
ころします	4
ころしません	5
ころしました	4
ころしませんでした	5
ころしましょう	5
ころさない	0
ころさなかった	7
ころした	4
ころして	0
ころしている	4
ころしています	4
ころしていた	4
ころしていました	4
ころしてる	4
ころしてます	5
さびる	2
さびます	3
さびません	4
さびました	3
さびませんでした	4
さびましょう	4
さびない	2
さびなかった	2
さびた	2
さびて	2
さびている	2
さびています	2
さびていた	2
さびていました	2
さびてる	3
さびてます	2
まいる	1
まいります	4
まいりません	5
まいりました	4
まいりませんでした	5
まいりましょう	5
まいらない	3
まいらなかった	3
まいった	1
まいって	1
まいっている	1
まいっています	1
まいっていた	1
まいっていました	1
まいってる	4
まいってます	1
ちらかす	0
ちらかします	5
ちらかしません	6
ちらかしました	5
ちらかしませんでした	6
ちらかしましょう	6
ちらかさない	0
ちらかさなかった	8
ちらかした	5
ちらかして	0
ちらかしている	5
ちらかしています	5
ちらかしていた	5
ちらかしていました	5
ちらかしてる	5
ちらかしてます	6
ちらかる	0
ちらかります	5
ちらかりません	6
ちらかりました	5
ちらかりませんでした	6
ちらかりましょう	6
ちらからない	0
ちらからなかった	8
ちらかった	5
ちらかって	0
ちらかっている	5
ちらかっています	5
ちらかっていた	5
ちらかっていました	5
ちらかってる	5
ちらかってます	6
ちらす	0
ちらします	4
ちらしません	5
ちらしました	4
ちらしませんでした	5
ちらしましょう	5
ちらさない	0
ちらさなかった	7
ちらした	4
ちらして	0
ちらしている	4
ちらしています	4
ちらしていた	4
ちらしていました	4
ちらしてる	4
ちらしてます	5
ちらばる	0
ちらばります	5
ちらばりません	6
ちらばりました	5
ちらばりませんでした	6
ちらばりましょう	6
ちらばらない	0
ちらばらなかった	8
ちらばった	5
ちらばって	0
ちらばっている	5
ちらばっています	5
ちらばっていた	5
ちらばっていました	5
ちらばってる	5
ちらばってます	6
ちる	0
ちります	3
ちりません	4
ちりました	3
ちりませんでした	4
ちりましょう	4
ちらない	0
ちらなかった	6
ちった	3
ちって	0
ちっている	3
ちっています	3
ちっていた	3
ちっていました	3
ちってる	3
ちってます	4
すっぱい	3
すっぱく	3
すっぱくない	3
すっぱくなかった	3
すっぱかった	3
すっぱくて	3
きる	1
きります	3
きりません	4
きりました	3
きりませんでした	4
きりましょう	4
きらない	2
きらなかった	2
きった	1
きって	1
きっている	1
きっています	1
きっていた	1
きっていました	1
きってる	3
きってます	1
のこる	2
のこります	4
のこりません	5
のこりました	4
のこりませんでした	5
のこりましょう	5
のこらない	3
のこらなかった	3
のこった	2
のこって	2
のこっている	2
のこっています	2
のこっていた	2
のこっていました	2
のこってる	4
のこってます	2
しかける	3
しかけます	4
しかけません	5
しかけました	4
しかけませんでした	5
しかけましょう	5
しかけない	0
しかけなかった	7
しかけた	4
しかけて	0
しかけている	4
しかけています	4
しかけていた	4
しかけていました	4
しかけてる	4
しかけてます	5
しあげる	3
しあげます	4
しあげません	5
しあげました	4
しあげませんでした	5
しあげましょう	5
しあげない	0
しあげなかった	7
しあげた	4
しあげて	0
しあげている	4
しあげています	4
しあげていた	4
しあげていました	4
しあげてる	4
しあげてます	5
しいれる	3
しいれます	4
しいれません	5
しいれました	4
しいれませんでした	5
しいれましょう	5
しいれない	3
しいれなかった	3
しいれた	3
しいれて	3
しいれている	3
しいれています	3
しいれていた	3
しいれていました	3
しいれてる	4
しいれてます	3
しまう	0
しまいます	4
しまいません	5
しまいました	4
しまいませんでした	5
しまいましょう	5
しまわない	0
しまわなかった	7
しまった	4
しまって	0
しまっている	4
しまっています	4
しまっていた	4
しまっていました	4
しまってる	4
しまってます	5
しかたない	0
しかたなく	0
しかたなくない	4
しかたなくなかった	4
しかたなかった	4
しかたなくて	0
したてる	3
したてます	4
したてません	5
したてました	4
したてませんでした	5
したてましょう	5
したてない	0
したてなかった	7
したてた	4
したてて	0
したてている	4
したてています	4
したてていた	4
したてていました	4
したててる	3
したててます	5
うかがう	0
うかがいます	5
うかがいません	6
うかがいました	5
うかがいませんでした	6
うかがいましょう	6
うかがわない	0
うかがわなかった	8
うかがった	5
うかがって	0
うかがっている	5
うかがっています	5
うかがっていた	5
うかがっていました	5
うかがってる	5
うかがってます	6
つかう	0
つかいます	4
つかいません	5
つかいました	4
つかいませんでした	5
つかいましょう	5
つかわない	0
つかわなかった	7
つかった	4
つかって	0
つかっている	4
つかっています	4
つかっていた	4
つかっていました	4
つかってる	4
つかってます	5
ささる	2
ささります	4
ささりません	5
ささりました	4
ささりませんでした	5
ささりましょう	5
ささらない	3
ささらなかった	3
ささった	2
ささって	2
ささっている	2
ささっています	2
ささっていた	2
ささっていました	2
ささってる	4
ささってます	2
つかさどる	4
つかさどります	6
つかさどりません	7
つかさどりました	6
つかさどりませんでした	7
つかさどりましょう	7
つかさどらない	5
つかさどらなかった	5
つかさどった	4
つかさどって	4
つかさどっている	4
つかさどっています	4
つかさどっていた	4
つかさどっていました	4
つかさどってる	6
つかさどってます	4
しかくい	3
しかくく	3
しかくくない	3
しかくくなかった	3
しかくかった	3
しかくくて	3
はじまる	0
はじまります	5
はじまりません	6
はじまりました	5
はじまりませんでした	6
はじまりましょう	6
はじまらない	0
はじまらなかった	8
はじまった	5
はじまって	0
はじまっている	5
はじまっています	5
はじまっていた	5
はじまっていました	5
はじまってる	5
はじまってます	6
はじめる	0
はじめます	4
はじめません	5
はじめました	4
はじめませんでした	5
はじめましょう	5
はじめない	0
はじめなかった	7
はじめた	4
はじめて	2
はじめている	4
はじめています	4
はじめていた	4
はじめていました	4
はじめてる	4
はじめてます	5
こころざす	4
こころざします	6
こころざしません	7
こころざしました	6
こころざしませんでした	7
こころざしましょう	7
こころざさない	5
こころざさなかった	5
こころざした	4
こころざして	4
こころざしている	4
こころざしています	4
こころざしていた	4
こころざしていました	4
こころざしてる	6
こころざしてます	4
おもいこむ	4
おもいこみます	6
おもいこみません	7
おもいこみました	6
おもいこみませんでした	7
おもいこみましょう	7
おもいこまない	5
おもいこまなかった	5
おもいこんだ	4
おもいこんで	4
おもいこんでいる	4
おもいこんでいます	4
おもいこんでいた	4
おもいこんでいました	4
おもいこんでる	6
おもいこんでます	4
おもいとどまる	6
おもいとどまります	8
おもいとどまりません	9
おもいとどまりました	8
おもいとどまりませんでした	9
おもいとどまりましょう	9
おもいとどまらない	7
おもいとどまらなかった	7
おもいとどまった	6
おもいとどまって	6
おもいとどまっている	6
おもいとどまっています	6
おもいとどまっていた	6
おもいとどまっていました	6
おもいとどまってる	8
おもいとどまってます	6
おもいだす	4
おもいだします	6
おもいだしません	7
おもいだしました	6
おもいだしませんでした	7
おもいだしましょう	7
おもいださない	5
おもいださなかった	5
おもいだした	4
おもいだして	4
おもいだしている	4
おもいだしています	4
おもいだしていた	4
おもいだしていました	4
おもいだしてる	6
おもいだしてます	4
おもいあがる	5
おもいあがります	7
おもいあがりません	8
おもいあがりました	7
おもいあがりませんでした	8
おもいあがりましょう	8
おもいあがらない	6
おもいあがらなかった	6
おもいあがった	5
おもいあがって	5
おもいあがっている	5
おもいあがっています	5
おもいあがっていた	5
おもいあがっていました	5
おもいあがってる	7
おもいあがってます	5
おもいきる	4
おもいきります	6
おもいきりません	7
おもいきりました	6
おもいきりませんでした	7
おもいきりましょう	7
おもいきらない	5
おもいきらなかった	5
おもいきった	4
おもいきって	4
おもいきっている	4
おもいきっています	4
おもいきっていた	4
おもいきっていました	4
おもいきってる	6
おもいきってます	4
おもいなおす	5
おもいなおします	7
おもいなおしません	8
おもいなおしました	7
おもいなおしませんでした	8
おもいなおしましょう	8
おもいなおさない	6
おもいなおさなかった	6
おもいなおした	5
おもいなおして	5
おもいなおしている	5
おもいなおしています	5
おもいなおしていた	5
おもいなおしていました	5
おもいなおしてる	7
おもいなおしてます	5
おもいあたる	5
おもいあたります	7
おもいあたりません	8
おもいあたりました	7
おもいあたりませんでした	8
おもいあたりましょう	8
おもいあたらない	6
おもいあたらなかった	6
おもいあたった	5
おもいあたって	5
おもいあたっている	5
おもいあたっています	5
おもいあたっていた	5
おもいあたっていました	5
おもいあたってる	7
おもいあたってます	5
おもわれる	2
おもわれます	5
おもわれません	6
おもわれました	5
おもわれませんでした	6
おもわれましょう	6
おもわれない	4
おもわれなかった	4
おもわれた	2
おもわれて	2
おもわれている	2
おもわれています	2
おもわれていた	2
おもわれていました	2
おもわれてる	5
おもわれてます	2
さししめす	4
さししめします	6
さししめしません	7
さししめしました	6
さししめしませんでした	7
さししめしましょう	7
さししめさない	5
さししめさなかった	5
さししめした	4
さししめして	4
さししめしている	4
さししめしています	4
さししめしていた	4
さししめしていました	4
さししめしてる	6
さししめしてます	4
ゆびさす	3
ゆびさします	5
ゆびさしません	6
ゆびさしました	5
ゆびさしませんでした	6
ゆびさしましょう	6
ゆびささない	4
ゆびささなかった	4
ゆびさした	3
ゆびさして	3
ゆびさしている	3
ゆびさしています	3
ゆびさしていた	3
ゆびさしていました	3
ゆびさしてる	5
ゆびさしてます	3
ささえる	0
ささえます	4
ささえません	5
ささえました	4
ささえませんでした	5
ささえましょう	5
ささえない	3
ささえなかった	3
ささえた	3
ささえて	3
ささえている	3
ささえています	3
ささえていた	3
ささえていました	3
ささえてる	4
ささえてます	3
しはらう	3
しはらいます	5
しはらいません	6
しはらいました	5
しはらいませんでした	6
しはらいましょう	6
しはらわない	4
しはらわなかった	4
しはらった	3
しはらって	3
しはらっている	3
しはらっています	3
しはらっていた	3
しはらっていました	3
しはらってる	5
しはらってます	3
ほどこす	3
ほどこします	5
ほどこしません	6
ほどこしました	5
ほどこしませんでした	6
ほどこしましょう	6
ほどこさない	4
ほどこさなかった	4
ほどこした	3
ほどこして	3
ほどこしている	3
ほどこしています	3
ほどこしていた	3
ほどこしていました	3
ほどこしてる	5
ほどこしてます	3
うまい	2
うまく	2
うまくない	2
うまくなかった	2
うまかった	2
うまくて	2
よす	1
よします	3
よしません	4
よしました	3
よしませんでした	4
よしましょう	4
よさない	2
よさなかった	2
よした	1
よして	1
よしている	1
よしています	1
よしていた	1
よしていました	1
よしてる	3
よしてます	1
とまる	0
とまります	4
とまりません	5
とまりました	4
とまりませんでした	5
とまりましょう	5
とまらない	0
とまらなかった	7
とまった	4
とまって	0
とまっている	4
とまっています	4
とまっていた	4
とまっていました	4
とまってる	4
とまってます	5
やむ	0
やみます	3
やみません	4
やみました	3
やみませんでした	4
やみましょう	4
やまない	2
やまなかった	2
やんだ	1
やんで	1
やんでいる	1
やんでいます	1
やんでいた	1
やんでいました	1
やんでる	3
やんでます	1
とめる	0
とめます	3
とめません	4
とめました	3
とめませんでした	4
とめましょう	4
とめない	0
とめなかった	6
とめた	3
とめて	0
とめている	3
とめています	3
とめていた	3
とめていました	3
とめてる	3
とめてます	4
しぬ	0
しにます	3
しにません	4
しにました	3
しにませんでした	4
しにましょう	4
しなない	0
しななかった	6
しんだ	0
しんで	3
しんでいる	3
しんでいます	3
しんでいた	3
しんでいました	3
しんでる	3
しんでます	4
いたる	2
いたります	4
いたりません	5
いたりました	4
いたりませんでした	5
いたりましょう	5
いたらない	3
いたらなかった	3
いたった	2
いたって	0
いたっている	2
いたっています	2
いたっていた	2
いたっていました	2
いたってる	4
いたってます	2
ためす	2
ためします	4
ためしません	5
ためしました	4
ためしませんでした	5
ためしましょう	5
ためさない	3
ためさなかった	3
ためした	3
ためして	3
ためしている	3
ためしています	3
ためしていた	3
ためしていました	3
ためしてる	4
ためしてます	3
こころみる	4
こころみます	5
こころみません	6
こころみました	5
こころみませんでした	6
こころみましょう	6
こころみない	0
こころみなかった	8
こころみた	5
こころみて	0
こころみている	5
こころみています	5
こころみていた	5
こころみていました	5
こころみてる	5
こころみてます	6
かう	1
かいます	3
かいません	4
かいました	3
かいませんでした	4
かいましょう	4
かわない	2
かわなかった	2
はがゆい	3
はがゆく	3
はがゆくない	3
はがゆくなかった	3
はがゆかった	3
はがゆくて	3
にせる	0
にせます	3
にせません	4
にせました	3
にせませんでした	4
にせましょう	4
にせない	0
にせなかった	6
にせた	3
にせて	0
にせている	3
にせています	3
にせていた	3
にせていました	3
にせてる	3
にせてます	4
にる	0
にます	2
にません	3
にました	2
にませんでした	3
にましょう	3
にない	0
になかった	5
にた	2
にて	0
にている	2
にています	2
にていた	2
にていました	2
にてる	2
にてます	3
にあう	2
にあいます	4
にあいません	5
にあいました	4
にあいませんでした	5
にあいましょう	5
にあわない	3
にあわなかった	3
にあった	2
にあって	2
にあっている	2
にあっています	2
にあっていた	2
にあっていました	2
にあってる	4
にあってます	2
にかよう	3
にかよいます	5
にかよいません	6
にかよいました	5
にかよいませんでした	6
にかよいましょう	6
にかよわない	4
にかよわなかった	4
にかよった	3
にかよって	3
にかよっている	3
にかよっています	3
にかよっていた	3
にかよっていました	3
にかよってる	5
にかよってます	3
もちこす	4
もちこします	5
もちこしません	6
もちこしました	5
もちこしませんでした	6
もちこしましょう	6
もちこさない	4
もちこさなかった	4
もちこした	3
もちこして	3
もちこしている	3
もちこしています	3
もちこしていた	3
もちこしていました	3
もちこしてる	5
もちこしてます	3
もちこたえる	5
もちこたえます	6
もちこたえません	7
もちこたえました	6
もちこたえませんでした	7
もちこたえましょう	7
もちこたえない	5
もちこたえなかった	5
もちこたえた	5
もちこたえて	5
もちこたえている	5
もちこたえています	5
もちこたえていた	5
もちこたえていました	5
もちこたえてる	6
もちこたえてます	5
もちこむ	0
もちこみます	5
もちこみません	6
もちこみました	5
もちこみませんでした	6
もちこみましょう	6
もちこまない	4
もちこまなかった	4
もちこんだ	3
もちこんで	3
もちこんでいる	3
もちこんでいます	3
もちこんでいた	3
もちこんでいました	3
もちこんでる	5
もちこんでます	3
もちだす	0
もちだします	5
もちだしません	6
もちだしました	5
もちだしませんでした	6
もちだしましょう	6
もちださない	4
もちださなかった	4
もちだした	5
もちだして	0
もちだしている	5
もちだしています	5
もちだしていた	5
もちだしていました	5
もちだしてる	5
もちだしてます	6
もちあげる	0
もちあげます	5
もちあげません	6
もちあげました	5
もちあげませんでした	6
もちあげましょう	6
もちあげない	4
もちあげなかった	4
もちあげた	4
もちあげて	4
もちあげている	4
もちあげています	4
もちあげていた	4
もちあげていました	4
もちあげてる	5
もちあげてます	4
もちなおす	4
もちなおします	6
もちなおしません	7
もちなおしました	6
もちなおしませんでした	7
もちなおしましょう	7
もちなおさない	5
もちなおさなかった	5
もちなおした	4
もちなおして	4
もちなおしている	4
もちなおしています	4
もちなおしていた	4
もちなおしていました	4
もちなおしてる	6
もちなおしてます	4
もちます	3
もちません	4
もちました	3
もちませんでした	4
もちましょう	4
もたない	2
もたなかった	2
もった	1
もって	1
もっている	1
もっています	1
もっていた	1
もっていました	1
もってる	3
もってます	1
もてる	2
もてます	3
もてません	4
もてました	3
もてませんでした	4
もてましょう	4
もてない	2
もてなかった	2
もてた	2
もてて	2
もてている	2
もてています	2
もてていた	2
もてていました	2
もててる	3
もててます	2
もてなす	3
もてなします	5
もてなしません	6
もてなしました	5
もてなしませんでした	6
もてなしましょう	6
もてなさない	4
もてなさなかった	4
もてなした	3
もてなして	3
もてなしている	3
もてなしています	3
もてなしていた	3
もてなしていました	3
もてなしてる	5
もてなしてます	3
おさまる	3
おさまります	5
おさまりません	6
おさまりました	5
おさまりませんでした	6
おさまりましょう	6
おさまらない	4
おさまらなかった	4
おさまった	3
おさまって	3
おさまっている	3
おさまっています	3
おさまっていた	3
おさまっていました	3
おさまってる	5
おさまってます	3
おさめる	3
おさめます	4
おさめません	5
おさめました	4
おさめませんでした	5
おさめましょう	5
おさめない	3
おさめなかった	3
おさめた	3
おさめて	3
おさめている	3
おさめています	3
おさめていた	3
おさめていました	3
おさめてる	4
おさめてます	3
しめす	2
しめします	4
しめしません	5
しめしました	4
しめしませんでした	5
しめしましょう	5
しめさない	3
しめさなかった	3
しめした	2
しめして	2
しめしている	2
しめしています	2
しめしていた	2
しめしていました	2
しめしてる	4
しめしてます	2
うぬぼれる	0
うぬぼれます	5
うぬぼれません	6
うぬぼれました	5
うぬぼれませんでした	6
うぬぼれましょう	6
うぬぼれない	0
うぬぼれなかった	8
うぬぼれた	5
うぬぼれて	0
うぬぼれている	5
うぬぼれています	5
うぬぼれていた	5
うぬぼれていました	5
うぬぼれてる	5
うぬぼれてます	6
やめる	0
やめます	3
やめません	4
やめました	3
やめませんでした	4
やめましょう	4
やめない	0
やめなかった	6
やめた	3
やめて	0
やめている	3
やめています	3
やめていた	3
やめていました	3
やめてる	3
やめてます	4
しかる	0
しかります	4
しかりません	5
しかりました	4
しかりませんでした	5
しかりましょう	5
しからない	0
しからなかった	7
しかった	4
しかって	0
しかっている	4
しかっています	4
しかっていた	4
しかっていました	4
しかってる	4
しかってます	5
うしなう	0
うしないます	5
うしないません	6
うしないました	5
うしないませんでした	6
うしないましょう	6
うしなわない	0
うしなわなかった	8
うしなった	5
うしなって	0
うしなっている	5
うしなっています	5
うしなっていた	5
うしなっていました	5
うしなってる	5
うしなってます	6
しめる	0
しめります	4
しめりません	5
しめりました	4
しめりませんでした	5
しめりましょう	5
しめらない	0
しめらなかった	7
しめった	4
しめって	0
しめっている	4
しめっています	4
しめっていた	4
しめっていました	4
しめってる	4
しめってます	5
みのる	2
みのります	4
みのりません	5
みのりました	4
みのりませんでした	5
みのりましょう	5
みのらない	3
みのらなかった	3
みのった	2
みのって	2
みのっている	2
みのっています	2
みのっていた	2
みのっていました	2
みのってる	4
みのってます	2
しのぶ	2
しのびます	4
しのびません	5
しのびました	4
しのびませんでした	5
しのびましょう	5
しのばない	3
しのばなかった	3
しのんだ	2
しのんで	2
しのんでいる	2
しのんでいます	2
しのんでいた	2
しのんでいました	2
しのんでる	4
しのんでます	2
いとめる	3
いとめます	4
いとめません	5
いとめました	4
いとめませんでした	5
いとめましょう	5
いとめない	3
いとめなかった	3
いとめた	3
いとめて	3
いとめている	3
いとめています	3
いとめていた	3
いとめていました	3
いとめてる	4
いとめてます	3
すてる	0
すてます	3
すてません	4
すてました	3
すてませんでした	4
すてましょう	4
すてない	0
すてなかった	6
すてた	3
すてて	0
すてている	3
すてています	3
すてていた	3
すてていました	3
すててる	3
すててます	4
にえる	0
にえます	3
にえません	4
にえました	3
にえませんでした	4
にえましょう	4
にえない	0
にえなかった	6
にえた	3
にえて	0
にえている	3
にえています	3
にえていた	3
にえていました	3
にえてる	3
にえてます	4
につめる	3
につめます	4
につめません	5
につめました	4
につめませんでした	5
につめましょう	5
につめない	3
につめなかった	3
につめた	3
につめて	3
につめている	3
につめています	3
につめていた	3
につめていました	3
につめてる	4
につめてます	3
にこむ	2
にこみます	4
にこみません	5
にこみました	4
にこみませんでした	5
にこみましょう	5
にこまない	3
にこまなかった	3
にこんだ	2
にこんで	2
にこんでいる	2
にこんでいます	2
にこんでいた	2
にこんでいました	2
にこんでる	4
にこんでます	2
さえぎる	3
さえぎります	5
さえぎりません	6
さえぎりました	5
さえぎりませんでした	6
さえぎりましょう	6
さえぎらない	4
さえぎらなかった	4
さえぎった	3
さえぎって	3
さえぎっている	3
さえぎっています	3
さえぎっていた	3
さえぎっていました	3
さえぎってる	5
さえぎってます	3
かりる	0
かりない	0
かりなかった	6
かりた	3
かりて	0
かりている	3
かりています	3
かりていた	3
かりていました	3
かりてる	3
かりてます	4
わかい	2
わかく	2
わかくない	2
わかくなかった	2
わかかった	2
わかくて	2
よわい	2
よわく	2
よわくない	2
よわくなかった	2
よわかった	2
よわくて	2
よわまる	3
よわまります	5
よわまりません	6
よわまりました	5
よわまりませんでした	6
よわまりましょう	6
よわまらない	4
よわまらなかった	4
よわまった	3
よわまって	3
よわまっている	3
よわまっています	3
よわまっていた	3
よわまっていました	3
よわまってる	5
よわまってます	3
よわめる	3
よわめます	4
よわめません	5
よわめました	4
よわめませんでした	5
よわめましょう	5
よわめない	3
よわめなかった	3
よわめた	3
よわめて	3
よわめている	3
よわめています	3
よわめていた	3
よわめていました	3
よわめてる	4
よわめてます	3
よわる	2
よわります	4
よわりません	5
よわりました	4
よわりませんでした	5
よわりましょう	5
よわらない	3
よわらなかった	3
よわった	2
よわって	2
よわっている	2
よわっています	2
よわっていた	2
よわっていました	2
よわってる	4
よわってます	2
とりあつかう	0
とりあつかいます	7
とりあつかいません	8
とりあつかいました	7
とりあつかいませんでした	8
とりあつかいましょう	8
とりあつかわない	6
とりあつかわなかった	6
とりあつかった	5
とりあつかって	5
とりあつかっている	5
とりあつかっています	5
とりあつかっていた	5
とりあつかっていました	5
とりあつかってる	7
とりあつかってます	5
とりかこむ	0
とりかこみます	6
とりかこみません	7
とりかこみました	6
とりかこみませんでした	7
とりかこみましょう	7
とりかこまない	5
とりかこまなかった	5
とりかこんだ	4
とりかこんで	4
とりかこんでいる	4
とりかこんでいます	4
とりかこんでいた	4
とりかこんでいました	4
とりかこんでる	6
とりかこんでます	4
とりはずす	4
とりはずします	6
とりはずしません	7
とりはずしました	6
とりはずしませんでした	7
とりはずしましょう	7
とりはずさない	5
とりはずさなかった	5
とりはずした	4
とりはずして	4
とりはずしている	4
とりはずしています	4
とりはずしていた	4
とりはずしていました	4
とりはずしてる	6
とりはずしてます	4
とりかかる	4
とりかかります	6
とりかかりません	7
とりかかりました	6
とりかかりませんでした	7
とりかかりましょう	7
とりかからない	5
とりかからなかった	5
とりかかった	4
とりかかって	4
とりかかっている	4
とりかかっています	4
とりかかっていた	4
とりかかっていました	4
とりかかってる	6
とりかかってます	4
とりまく	3
とりまきます	5
とりまきません	6
とりまきました	5
とりまきませんでした	6
とりまきましょう	6
とりまかない	4
とりまかなかった	4
とりまいた	3
とりまいて	3
とりまいている	3
とりまいています	3
とりまいていた	3
とりまいていました	3
とりまいてる	5
とりまいてます	3
とりよせる	0
とりよせます	5
とりよせません	6
とりよせました	5
とりよせませんでした	6
とりよせましょう	6
とりよせない	4
とりよせなかった	4
とりよせた	4
とりよせて	4
とりよせている	4
とりよせています	4
とりよせていた	4
とりよせていました	4
とりよせてる	5
とりよせてます	4
とりこむ	0
とりこみます	5
とりこみません	6
とりこみました	5
とりこみませんでした	6
とりこみましょう	6
とりこまない	4
とりこまなかった	4
とりこんだ	3
とりこんで	3
とりこんでいる	3
とりこんでいます	3
とりこんでいた	3
とりこんでいました	3
とりこんでる	5
とりこんでます	3
とりのこす	4
とりのこします	6
とりのこしません	7
とりのこしました	6
とりのこしませんでした	7
とりのこしましょう	7
とりのこさない	5
とりのこさなかった	5
とりのこした	4
とりのこして	4
とりのこしている	4
とりのこしています	4
とりのこしていた	4
とりのこしていました	4
とりのこしてる	6
とりのこしてます	4
とりつぐ	3
とりつぎます	5
とりつぎません	6
とりつぎました	5
とりつぎませんでした	6
とりつぎましょう	6
とりつがない	4
とりつがなかった	4
とりついだ	3
とりついで	3
とりついでいる	3
とりついでいます	3
とりついでいた	3
とりついでいました	3
とりついでる	5
とりついでます	3
とりだす	3
とりだします	5
とりだしません	6
とりだしました	5
とりだしませんでした	6
とりだしましょう	6
とりださない	4
とりださなかった	4
とりだした	3
とりだして	3
とりだしている	3
とりだしています	3
とりだしていた	3
とりだしていました	3
とりだしてる	5
とりだしてます	3
とりのぞく	0
とりのぞきます	6
とりのぞきません	7
とりのぞきました	6
とりのぞきませんでした	7
とりのぞきましょう	7
とりのぞかない	5
とりのぞかなかった	5
とりのぞいた	4
とりのぞいて	4
とりのぞいている	4
とりのぞいています	4
とりのぞいていた	4
とりのぞいていました	4
とりのぞいてる	6
とりのぞいてます	4
とりけす	0
とりけします	5
とりけしません	6
とりけしました	5
とりけしませんでした	6
とりけしましょう	6
とりけさない	4
とりけさなかった	4
とりけした	5
とりけして	0
とりけしている	5
とりけしています	5
とりけしていた	5
とりけしていました	5
とりけしてる	5
とりけしてます	6
とりあげる	4
とりあげます	5
とりあげません	6
とりあげました	5
とりあげませんでした	6
とりあげましょう	6
とりあげない	4
とりあげなかった	4
とりあげた	4
とりあげて	4
とりあげている	4
とりあげています	4
とりあげていた	4
とりあげていました	4
とりあげてる	5
とりあげてます	4
とりくむ	3
とりくみます	5
とりくみません	6
とりくみました	5
とりくみませんでした	6
とりくみましょう	6
とりくまない	4
とりくまなかった	4
とりくんだ	3
とりくんで	3
とりくんでいる	3
とりくんでいます	3
とりくんでいた	3
とりくんでいました	3
とりくんでる	5
とりくんでます	3
とりかえる	0
とりかえます	5
とりかえません	6
とりかえました	5
とりかえませんでした	6
とりかえましょう	6
とりかえない	0
とりかえなかった	8
とりかえた	5
とりかえて	0
とりかえている	5
とりかえています	5
とりかえていた	5
とりかえていました	5
とりかえてる	5
とりかえてます	6
とりしまる	4
とりしまります	6
とりしまりません	7
とりしまりました	6
とりしまりませんでした	7
とりしまりましょう	7
とりしまらない	5
とりしまらなかった	5
とりしまった	4
とりしまって	4
とりしまっている	4
とりしまっています	4
とりしまっていた	4
とりしまっていました	4
とりしまってる	6
とりしまってます	4
とりいれる	4
とりいれます	5
とりいれません	6
とりいれました	5
とりいれませんでした	6
とりいれましょう	6
とりいれない	0
とりいれなかった	8
とりいれた	5
とりいれて	0
とりいれている	5
とりいれています	5
とりいれていた	5
とりいれていました	5
とりいれてる	5
とりいれてます	6
とりかえす	3
とりかえします	6
とりかえしません	7
とりかえしました	6
とりかえしませんでした	7
とりかえしましょう	7
とりかえさない	5
とりかえさなかった	5
とりかえした	6
とりかえして	0
とりかえしている	6
とりかえしています	6
とりかえしていた	6
とりかえしていました	6
とりかえしてる	6
とりかえしてます	7
とりもどす	4
とりもどします	6
とりもどしません	7
とりもどしました	6
とりもどしませんでした	7
とりもどしましょう	7
とりもどさない	5
とりもどさなかった	5
とりもどした	4
とりもどして	4
とりもどしている	4
とりもどしています	4
とりもどしていた	4
とりもどしていました	4
とりもどしてる	6
とりもどしてます	4
とれる	2
とれます	3
とれません	4
とれました	3
とれませんでした	4
とれましょう	4
とれない	2
とれなかった	2
とれた	2
とれて	2
とれている	2
とれています	2
とれていた	2
とれていました	2
とれてる	3
とれてます	2
まもる	2
まもります	4
まもりません	5
まもりました	4
まもりませんでした	5
まもりましょう	5
まもらない	3
まもらなかった	3
まもった	2
まもって	2
まもっている	2
まもっています	2
まもっていた	2
まもっていました	2
まもってる	4
まもってます	2
てがける	3
てがけます	4
てがけません	5
てがけました	4
てがけませんでした	5
てがけましょう	5
てがけない	3
てがけなかった	3
てがけた	3
てがけて	3
てがけている	3
てがけています	3
てがけていた	3
てがけていました	3
てがけてる	4
てがけてます	3
てごわい	3
てごわく	3
てごわくない	3
てごわくなかった	3
てごわかった	3
てごわくて	3
てがたい	3
てがたく	3
てがたくない	3
てがたくなかった	3
てがたかった	3
てがたくて	3
ていたい	3
ていたく	3
ていたくない	3
ていたくなかった	3
ていたかった	3
ていたくて	3
てつだう	3
てつだいます	5
てつだいません	6
てつだいました	5
てつだいませんでした	6
てつだいましょう	6
てつだわない	4
てつだわなかった	4
てつだった	3
てつだって	3
てつだっている	3
てつだっています	3
てつだっていた	3
てつだっていました	3
てつだってる	5
てつだってます	3
てわたす	3
てわたします	5
てわたしません	6
てわたしました	5
てわたしませんでした	6
てわたしましょう	6
てわたさない	4
てわたさなかった	4
てわたした	2
てわたして	2
てわたしている	2
てわたしています	2
てわたしていた	2
てわたしていました	2
てわたしてる	5
てわたしてます	2
はれる	0
はれます	3
はれません	4
はれました	3
はれませんでした	4
はれましょう	4
はれない	0
はれなかった	6
はれた	3
はれて	0
はれている	3
はれています	3
はれていた	3
はれていました	3
はれてる	3
はれてます	4
うかる	2
うかります	4
うかりません	5
うかりました	4
うかりませんでした	5
うかりましょう	5
うからない	3
うからなかった	3
うかった	2
うかって	2
うかっている	2
うかっています	2
うかっていた	2
うかっていました	2
うかってる	4
うかってます	2
うける	2
うけます	3
うけません	4
うけました	3
うけませんでした	4
うけましょう	4
うけない	2
うけなかった	2
うけた	2
うけて	2
うけている	2
うけています	2
うけていた	2
うけていました	2
うけてる	3
うけてます	2
うけつぐ	0
うけつぎます	5
うけつぎません	6
うけつぎました	5
うけつぎませんでした	6
うけつぎましょう	6
うけつがない	4
うけつがなかった	4
うけついだ	3
うけついで	3
うけついでいる	3
うけついでいます	3
うけついでいた	3
うけついでいました	3
うけついでる	5
うけついでます	3
うけとめる	4
うけとめます	5
うけとめません	6
うけとめました	5
うけとめませんでした	6
うけとめましょう	6
うけとめない	4
うけとめなかった	4
うけとめた	4
うけとめて	4
うけとめている	4
うけとめています	4
うけとめていた	4
うけとめていました	4
うけとめてる	5
うけとめてます	4
うけもつ	3
うけもちます	5
うけもちません	6
うけもちました	5
うけもちませんでした	6
うけもちましょう	6
うけもたない	4
うけもたなかった	4
うけもった	3
うけもって	3
うけもっている	3
うけもっています	3
うけもっていた	3
うけもっていました	3
うけもってる	5
うけもってます	3
うけとる	3
うけとります	5
うけとりません	6
うけとりました	5
うけとりませんでした	6
うけとりましょう	6
うけとらない	4
うけとらなかった	4
うけとった	3
うけとって	3
うけとっている	3
うけとっています	3
うけとっていた	3
うけとっていました	3
うけとってる	5
うけとってます	3
うけいれる	0
うけいれます	5
うけいれません	6
うけいれました	5
うけいれませんでした	6
うけいれましょう	6
うけいれない	4
うけいれなかった	4
うけいれた	4
うけいれて	4
うけいれている	4
うけいれています	4
うけいれていた	4
うけいれていました	4
うけいれてる	5
うけいれてます	4
うけつける	4
うけつけます	5
うけつけません	6
うけつけました	5
うけつけませんでした	6
うけつけましょう	6
うけつけない	4
うけつけなかった	4
うけつけた	4
うけつけて	4
うけつけている	4
うけつけています	4
うけつけていた	4
うけつけていました	4
うけつけてる	5
うけつけてます	4
のろう	2
のろいます	4
のろいません	5
のろいました	4
のろいませんでした	5
のろいましょう	5
のろわない	3
のろわなかった	3
のろった	2
のろって	2
のろっている	2
のろっています	2
のろっていた	2
のろっていました	2
のろってる	4
のろってます	2
さずける	3
さずけます	4
さずけません	5
さずけました	4
さずけませんでした	5
さずけましょう	5
さずけない	3
さずけなかった	3
さずけた	3
さずけて	3
さずけている	3
さずけています	3
さずけていた	3
さずけていました	3
さずけてる	4
さずけてます	3
つく	1
つきます	3
つきません	4
つきました	3
つきませんでした	4
つきましょう	4
つかない	2
つかなかった	2
ついた	1
ついて	1
ついている	1
ついています	1
ついていた	1
ついていました	1
ついてる	3
ついてます	1
ひろう	0
ひろいます	4
ひろいません	5
ひろいました	4
ひろいませんでした	5
ひろいましょう	5
ひろわない	0
ひろわなかった	7
ひろった	4
ひろって	0
ひろっている	4
ひろっています	4
ひろっていた	4
ひろっていました	4
ひろってる	4
ひろってます	5
おえる	0
おえます	3
おえません	4
おえました	3
おえませんでした	4
おえましょう	4
おえない	0
おえなかった	6
おえた	3
おえて	0
おえている	3
おえています	3
おえていた	3
おえていました	3
おえてる	3
おえてます	4
ならう	2
ならいます	4
ならいません	5
ならいました	4
ならいませんでした	5
ならいましょう	5
ならわない	3
ならわなかった	3
ならった	2
ならって	2
ならっている	2
ならっています	2
ならっていた	2
ならっていました	2
ならってる	4
ならってます	2
くさい	2
くさく	2
くさくない	2
くさくなかった	2
くさかった	2
くさくて	2
おそう	0
おそいます	4
おそいません	5
おそいました	4
おそいませんでした	5
おそいましょう	5
おそわない	3
おそわなかった	3
おそった	2
おそって	2
おそっている	2
おそっています	2
おそっていた	2
おそっていました	2
おそってる	4
おそってます	2
ける	1
けります	3
けりません	4
けりました	3
けりませんでした	4
けりましょう	4
けらない	2
けらなかった	2
けった	1
けって	1
けっている	1
けっています	1
けっていた	1
けっていました	1
けってる	3
けってます	1
あつまる	3
あつまります	5
あつまりません	6
あつまりました	5
あつまりませんでした	6
あつまりましょう	6
あつまらない	4
あつまらなかった	4
あつまった	3
あつまって	3
あつまっている	3
あつまっています	3
あつまっていた	3
あつまっていました	3
あつまってる	5
あつまってます	3
あつめる	3
あつめます	4
あつめません	5
あつめました	4
あつめませんでした	5
あつめましょう	5
あつめない	3
あつめなかった	3
あつめた	3
あつめて	3
あつめている	3
あつめています	3
あつめていた	3
あつめていました	3
あつめてる	4
あつめてます	3
たかる	0
たかります	4
たかりません	5
たかりました	4
たかりませんでした	5
たかりましょう	5
たからない	3
たからなかった	3
たかった	4
たかって	0
たかっている	4
たかっています	4
たかっていた	4
たかっていました	4
たかってる	4
たかってます	5
みにくい	3
みにくく	3
みにくくない	3
みにくくなかった	3
みにくかった	3
みにくくて	3
あてる	0
あてます	3
あてません	4
あてました	3
あてませんでした	4
あてましょう	4
あてない	0
あてなかった	6
あてた	3
あてて	0
あてている	3
あてています	3
あてていた	3
あてていました	3
あててる	3
あててます	4
したがう	0
したがいます	5
したがいません	6
したがいました	5
したがいませんでした	6
したがいましょう	6
したがわない	4
したがわなかった	4
したがった	3
したがって	0
したがっている	3
したがっています	3
したがっていた	3
したがっていました	5
したがってる	5
したがってます	3
したがえる	5
したがえます	5
したがえません	6
したがえました	5
したがえませんでした	6
したがえましょう	6
したがえない	4
したがえなかった	4
したがえた	4
したがえて	4
したがえている	4
したがえています	4
したがえていた	4
したがえていました	4
したがえてる	5
したがえてます	4
しぶい	2
しぶく	2
しぶくない	2
しぶくなかった	2
しぶかった	2
しぶくて	2
しぶる	2
しぶります	4
しぶりません	5
しぶりました	4
しぶりませんでした	5
しぶりましょう	5
しぶらない	3
しぶらなかった	3
しぶった	2
しぶって	2
しぶっている	2
しぶっています	2
しぶっていた	2
しぶっていました	2
しぶってる	4
しぶってます	2
おもい	0
おもく	0
おもくない	4
おもくなかった	7
おもかった	2
おもくて	0
おもたい	0
おもたく	0
おもたくない	5
おもたくなかった	8
おもたかった	3
おもたくて	0
かさなる	0
かさなります	5
かさなりません	6
かさなりました	5
かさなりませんでした	6
かさなりましょう	6
かさならない	0
かさならなかった	8
かさなった	5
かさなって	0
かさなっている	5
かさなっています	5
かさなっていた	5
かさなっていました	5
かさなってる	5
かさなってます	6
かさねる	0
かさねます	4
かさねません	5
かさねました	4
かさねませんでした	5
かさねましょう	5
かさねない	0
かさねなかった	7
かさねた	4
かさねて	0
かさねている	4
かさねています	4
かさねていた	4
かさねていました	4
かさねてる	4
かさねてます	5
おもる	3
おもります	4
おもりません	5
おもりました	4
おもりませんでした	5
おもりましょう	5
おもらない	0
おもらなかった	7
おもった	4
おもって	0
おもっている	4
おもっています	4
おもっていた	4
おもっていました	4
おもってる	4
おもってます	5
おもんじる	4
おもんじます	5
おもんじません	6
おもんじました	5
おもんじませんでした	6
おもんじましょう	6
おもんじない	4
おもんじなかった	4
おもんじた	4
おもんじて	4
おもんじている	4
おもんじています	4
おもんじていた	4
おもんじていました	4
おもんじてる	5
おもんじてます	4
いわう	2
いわいます	4
いわいません	5
いわいました	4
いわいませんでした	5
いわいましょう	5
いわわない	3
いわわなかった	3
いわった	2
いわって	2
いわっている	2
いわっています	2
いわっていた	2
いわっていました	2
いわってる	4
いわってます	2
ちぢまる	0
ちぢまります	5
ちぢまりません	6
ちぢまりました	5
ちぢまりませんでした	6
ちぢまりましょう	6
ちぢまらない	0
ちぢまらなかった	8
ちぢまった	5
ちぢまって	0
ちぢまっている	5
ちぢまっています	5
ちぢまっていた	5
ちぢまっていました	5
ちぢまってる	5
ちぢまってます	6
ちぢむ	0
ちぢみます	4
ちぢみません	5
ちぢみました	4
ちぢみませんでした	5
ちぢみましょう	5
ちぢまない	0
ちぢまなかった	7
ちぢんだ	0
ちぢんで	4
ちぢんでいる	4
ちぢんでいます	4
ちぢんでいた	4
ちぢんでいました	4
ちぢんでる	4
ちぢんでます	5
ちぢめる	0
ちぢめます	4
ちぢめません	5
ちぢめました	4
ちぢめませんでした	5
ちぢめましょう	5
ちぢめない	0
ちぢめなかった	7
ちぢめた	4
ちぢめて	0
ちぢめている	4
ちぢめています	4
ちぢめていた	4
ちぢめていました	4
ちぢめてる	4
ちぢめてます	5
ちぢれる	0
ちぢれます	4
ちぢれません	5
ちぢれました	4
ちぢれませんでした	5
ちぢれましょう	5
ちぢれない	0
ちぢれなかった	7
ちぢれた	4
ちぢれて	0
ちぢれている	4
ちぢれています	4
ちぢれていた	4
ちぢれていました	4
ちぢれてる	4
ちぢれてます	5
だす	1
だします	3
だしません	4
だしました	3
だしませんでした	4
だしましょう	4
ださない	2
ださなかった	2
だした	1
だして	1
だしている	1
だしています	1
だしていた	1
だしていました	1
だしてる	3
だしてます	1
でる	1
でます	2
でません	3
でました	2
でませんでした	3
でましょう	3
でない	0
でなかった	5
でた	2
でて	0
でている	2
でています	2
でていた	2
でていました	2
でてる	2
でてます	3
でむかえる	4
でむかえます	5
でむかえません	6
でむかえました	5
でむかえませんでした	6
でむかえましょう	6
でむかえない	0
でむかえなかった	8
でむかえた	5
でむかえて	0
でむかえている	5
でむかえています	5
でむかえていた	5
でむかえていました	5
でむかえてる	5
でむかえてます	6
でむく	2
でむきます	4
でむきません	5
でむきました	4
でむきませんでした	5
でむきましょう	5
でむかない	0
でむかなかった	7
でむいた	4
でむいて	0
でむいている	4
でむいています	4
でむいていた	4
でむいていました	4
でむいてる	4
でむいてます	5
でおくれる	0
でおくれます	5
でおくれません	6
でおくれました	5
でおくれませんでした	6
でおくれましょう	6
でおくれない	0
でおくれなかった	8
でおくれた	5
でおくれて	0
でおくれている	5
でおくれています	5
でおくれていた	5
でおくれていました	5
でおくれてる	5
でおくれてます	6
できる	2
できます	3
できません	4
できました	3
できませんでした	4
できましょう	4
できない	0
できなかった	6
できた	3
できて	0
できている	3
できています	3
できていた	3
できていました	3
できてる	3
できてます	4
できあがる	0
できあがります	6
できあがりません	7
できあがりました	6
できあがりませんでした	7
できあがりましょう	7
できあがらない	5
できあがらなかった	5
できあがった	4
できあがって	4
できあがっている	4
できあがっています	4
できあがっていた	4
できあがっていました	4
できあがってる	6
できあがってます	4
のべる	2
のべます	3
のべません	4
のべました	3
のべませんでした	4
のべましょう	4
のべない	2
のべなかった	2
のべた	2
のべて	2
のべている	2
のべています	2
のべていた	2
のべていました	2
のべてる	3
のべてます	2
またたく	3
またたきます	5
またたきません	6
またたきました	5
またたきませんでした	6
またたきましょう	6
またたかない	4
またたかなかった	4
またたいた	3
またたいて	3
またたいている	3
またたいています	3
またたいていた	3
またたいていました	3
またたいてる	5
またたいてます	3
なぞらえる	4
なぞらえます	5
なぞらえません	6
なぞらえました	5
なぞらえませんでした	6
なぞらえましょう	6
なぞらえない	4
なぞらえなかった	4
なぞらえた	4
なぞらえて	4
なぞらえている	4
なぞらえています	4
なぞらえていた	4
なぞらえていました	4
なぞらえてる	5
なぞらえてます	4
じゅんじる	0
じゅんじます	4
じゅんじません	5
じゅんじました	4
じゅんじませんでした	5
じゅんじましょう	5
じゅんじない	0
じゅんじなかった	7
じゅんじた	4
じゅんじて	0
じゅんじている	4
じゅんじています	4
じゅんじていた	4
じゅんじていました	4
じゅんじてる	4
じゅんじてます	5
うるおう	3
うるおいます	5
うるおいません	6
うるおいました	5
うるおいませんでした	6
うるおいましょう	6
うるおわない	4
うるおわなかった	4
うるおった	3
うるおって	3
うるおっている	3
うるおっています	3
うるおっていた	3
うるおっていました	3
うるおってる	5
うるおってます	3
めぐりあう	4
めぐりあいます	6
めぐりあいません	7
めぐりあいました	6
めぐりあいませんでした	7
めぐりあいましょう	7
めぐりあわない	0
めぐりあわなかった	9
めぐりあった	6
めぐりあって	0
めぐりあっている	6
めぐりあっています	6
めぐりあっていた	6
めぐりあっていました	6
めぐりあってる	6
めぐりあってます	7
めぐる	0
めぐります	4
めぐりません	5
めぐりました	4
めぐりませんでした	5
めぐりましょう	5
めぐらない	0
めぐらなかった	7
めぐった	4
めぐって	0
めぐっている	4
めぐっています	4
めぐっていた	4
めぐっていました	4
めぐってる	4
めぐってます	5
かきこむ	3
かきこみます	5
かきこみません	6
かきこみました	5
かきこみませんでした	6
かきこみましょう	6
かきこまない	4
かきこまなかった	4
かきこんだ	3
かきこんで	3
かきこんでいる	3
かきこんでいます	3
かきこんでいた	3
かきこんでいました	3
かきこんでる	5
かきこんでます	3
かきとる	0
かきとります	5
かきとりません	6
かきとりました	5
かきとりませんでした	6
かきとりましょう	6
かきとらない	0
かきとらなかった	8
かきとった	5
かきとって	0
かきとっている	5
かきとっています	5
かきとっていた	5
かきとっていました	5
かきとってる	5
かきとってます	6
かきなおす	4
かきなおします	6
かきなおしません	7
かきなおしました	6
かきなおしませんでした	7
かきなおしましょう	7
かきなおさない	5
かきなおさなかった	5
かきなおした	4
かきなおして	4
かきなおしている	4
かきなおしています	4
かきなおしていた	4
かきなおしていました	4
かきなおしてる	6
かきなおしてます	4
たすかる	3
たすかります	5
たすかりません	6
たすかりました	5
たすかりませんでした	6
たすかりましょう	6
たすからない	4
たすからなかった	4
たすかった	3
たすかって	3
たすかっている	3
たすかっています	3
たすかっていた	3
たすかっていました	3
たすかってる	5
たすかってます	3
たすける	3
たすけます	4
たすけません	5
たすけました	4
たすけませんでした	5
たすけましょう	5
たすけない	3
たすけなかった	3
たすけた	3
たすけて	3
たすけている	3
たすけています	3
たすけていた	3
たすけていました	3
たすけてる	4
たすけてます	3
おんならしい	5
おんならしく	5
おんならしくない	5
おんならしくなかった	5
おんならしかった	5
おんならしくて	5
のぞく	0
のぞきます	4
のぞきません	5
のぞきました	4
のぞきませんでした	5
のぞきましょう	5
のぞかない	0
のぞかなかった	7
のぞいた	4
のぞいて	0
のぞいている	4
のぞいています	4
のぞいていた	4
のぞいていました	4
のぞいてる	4
のぞいてます	5
きずつける	4
きずつけます	5
きずつけません	6
きずつけました	5
きずつけませんでした	6
きずつけましょう	6
きずつけない	4
きずつけなかった	4
きずつけた	4
きずつけて	4
きずつけている	4
きずつけています	4
きずつけていた	4
きずつけていました	4
きずつけてる	5
きずつけてます	4
つぐなう	3
つぐないます	5
つぐないません	6
つぐないました	5
つぐないませんでした	6
つぐないましょう	6
つぐなわない	4
つぐなわなかった	4
つぐなった	3
つぐなって	3
つぐなっている	3
つぐなっています	3
つぐなっていた	3
つぐなっていました	3
つぐなってる	5
つぐなってます	3
かつ	1
かちます	3
かちません	4
かちました	3
かちませんでした	4
かちましょう	4
かたない	2
かたなかった	2
めしあがる	0
めしあがります	6
めしあがりません	7
めしあがりました	6
めしあがりませんでした	7
めしあがりましょう	7
めしあがらない	0
めしあがらなかった	9
めしあがった	6
めしあがって	0
めしあがっている	6
めしあがっています	6
めしあがっていた	6
めしあがっていました	6
めしあがってる	6
めしあがってます	7
となえる	3
となえます	4
となえません	5
となえました	4
となえませんでした	5
となえましょう	5
となえない	3
となえなかった	3
となえた	3
となえて	3
となえている	3
となえています	3
となえていた	3
となえていました	3
となえてる	4
となえてます	3
ちいさい	3
ちいさく	3
ちいさくない	3
ちいさくなかった	3
ちいさかった	3
ちいさくて	3
すくない	3
すくなく	3
すくなくない	3
すくなくなかった	3
すくなかった	3
すくなくて	3
うけたまわる	5
うけたまわります	7
うけたまわりません	8
うけたまわりました	7
うけたまわりませんでした	8
うけたまわりましょう	8
うけたまわらない	6
うけたまわらなかった	6
うけたまわった	5
うけたまわって	5
うけたまわっている	5
うけたまわっています	5
うけたまわっていた	5
うけたまわっていました	5
うけたまわってる	7
うけたまわってます	5
まねく	2
まねきます	4
まねきません	5
まねきました	4
まねきませんでした	5
まねきましょう	5
まねかない	3
まねかなかった	3
まねいた	2
まねいて	2
まねいている	2
まねいています	2
まねいていた	2
まねいていました	2
まねいてる	4
まねいてます	2
きえる	0
きえます	3
きえません	4
きえました	3
きえませんでした	4
きえましょう	4
きえない	0
きえなかった	6
きえた	3
きえて	0
きえている	3
きえています	3
きえていた	3
きえていました	3
きえてる	3
きえてます	4
けす	0
けします	3
けしません	4
けしました	3
けしませんでした	4
けしましょう	4
けさない	0
けさなかった	6
けした	3
けして	0
けしている	3
けしています	3
けしていた	3
けしていました	3
けしてる	3
けしてます	4
やく	0
やきます	3
やきません	4
やきました	3
やきませんでした	4
やきましょう	4
やかない	0
やかなかった	6
やいた	3
やいて	0
やいている	3
やいています	3
やいていた	3
やいていました	3
やいてる	3
やいてます	4
やける	0
やけます	3
やけません	4
やけました	3
やけませんでした	4
やけましょう	4
やけない	0
やけなかった	6
やけた	3
やけて	0
やけている	3
やけています	3
やけていた	3
やけていました	3
やけてる	3
やけてます	4
こげる	2
こげます	3
こげません	4
こげました	3
こげませんでした	4
こげましょう	4
こげない	2
こげなかった	2
こげた	2
こげて	2
こげている	2
こげています	2
こげていた	2
こげていました	2
こげてる	3
こげてます	2
あせる	2
あせります	4
あせりません	5
あせりました	4
あせりませんでした	5
あせりましょう	5
あせらない	3
あせらなかった	3
あせった	2
あせって	2
あせっている	2
あせっています	2
あせっていた	2
あせっていました	2
あせってる	4
あせってます	2
てらす	0
てらします	4
てらしません	5
てらしました	4
てらしませんでした	5
てらしましょう	5
てらさない	0
てらさなかった	7
てらした	4
てらして	0
てらしている	4
てらしています	4
てらしていた	4
てらしていました	4
てらしてる	4
てらしてます	5
てる	1
てります	3
てりません	4
てりました	3
てりませんでした	4
てりましょう	4
てらない	2
てらなかった	2
てった	1
てって	1
てっている	1
てっています	1
てっていた	1
てっていました	1
てってる	3
てってます	1
てれる	2
てれます	3
てれません	4
てれました	3
てれませんでした	4
てれましょう	4
てれない	2
てれなかった	2
てれた	2
てれて	2
てれている	2
てれています	2
てれていた	2
てれていました	2
てれてる	3
てれてます	2
はぶく	2
はぶきます	4
はぶきません	5
はぶきました	4
はぶきませんでした	5
はぶきましょう	5
はぶかない	3
はぶかなかった	3
はぶいた	2
はぶいて	2
はぶいている	2
はぶいています	2
はぶいていた	2
はぶいていました	2
はぶいてる	4
はぶいてます	2
わらう	0
わらいます	4
わらいません	5
わらいました	4
わらいませんでした	5
わらいましょう	5
わらわない	0
わらわなかった	7
わらった	4
わらって	0
わらっている	4
わらっています	4
わらっていた	4
わらっていました	4
わらってる	4
わらってます	5
くわしい	3
くわしく	3
くわしくない	3
くわしくなかった	3
くわしかった	3
くわしくて	3
さわる	0
さわります	4
さわりません	5
さわりました	4
さわりませんでした	5
さわりましょう	5
さわらない	0
さわらなかった	7
さわった	4
さわって	0
さわっている	4
さわっています	4
さわっていた	4
さわっていました	4
さわってる	4
さわってます	5
あげる	0
あげます	3
あげません	4
あげました	3
あげませんでした	4
あげましょう	4
あげない	0
あげなかった	6
あげた	3
あげて	0
あげている	3
あげています	3
あげていた	3
あげていました	3
あげてる	3
あげてます	4
のぼる	0
のぼります	4
のぼりません	5
のぼりました	4
のぼりませんでした	5
のぼりましょう	5
のぼらない	0
のぼらなかった	7
のぼった	4
のぼって	0
のぼっている	4
のぼっています	4
のぼっていた	4
のぼっていました	4
のぼってる	4
のぼってます	5
じょうじる	0
じょうじます	4
じょうじません	5
じょうじました	4
じょうじませんでした	5
じょうじましょう	5
じょうじない	0
じょうじなかった	7
じょうじた	4
じょうじて	0
じょうじている	4
じょうじています	4
じょうじていた	4
じょうじていました	4
じょうじてる	4
じょうじてます	5
のっとる	3
のっとります	5
のっとりません	6
のっとりました	5
のっとりませんでした	6
のっとりましょう	6
のっとらない	4
のっとらなかった	4
のっとった	3
のっとって	3
のっとっている	3
のっとっています	3
のっとっていた	3
のっとっていました	3
のっとってる	5
のっとってます	3
のりこえる	4
のりこえます	5
のりこえません	6
のりこえました	5
のりこえませんでした	6
のりこえましょう	6
のりこえない	4
のりこえなかった	4
のりこえた	4
のりこえて	4
のりこえている	4
のりこえています	4
のりこえていた	4
のりこえていました	4
のりこえてる	5
のりこえてます	4
のりこす	3
のりこします	5
のりこしません	6
のりこしました	5
のりこしませんでした	6
のりこしましょう	6
のりこさない	4
のりこさなかった	4
のりこした	3
のりこして	3
のりこしている	3
のりこしています	3
のりこしていた	3
のりこしていました	3
のりこしてる	5
のりこしてます	3
のりまわす	4
のりまわします	6
のりまわしません	7
のりまわしました	6
のりまわしませんでした	7
のりまわしましょう	7
のりまわさない	5
のりまわさなかった	5
のりまわした	4
のりまわして	4
のりまわしている	4
のりまわしています	4
のりまわしていた	4
のりまわしていました	4
のりまわしてる	6
のりまわしてます	4
のりこむ	3
のりこみます	5
のりこみません	6
のりこみました	5
のりこみませんでした	6
のりこみましょう	6
のりこまない	4
のりこまなかった	4
のりこんだ	3
のりこんで	3
のりこんでいる	3
のりこんでいます	3
のりこんでいた	3
のりこんでいました	3
のりこんでる	5
のりこんでます	3
のりだす	3
のりだします	5
のりだしません	6
のりだしました	5
のりだしませんでした	6
のりだしましょう	6
のりださない	4
のりださなかった	4
のりだした	3
のりだして	3
のりだしている	3
のりだしています	3
のりだしていた	3
のりだしていました	3
のりだしてる	5
のりだしてます	3
のりきる	3
のりきります	5
のりきりません	6
のりきりました	5
のりきりませんでした	6
のりきりましょう	6
のりきらない	4
のりきらなかった	4
のりきった	3
のりきって	3
のりきっている	3
のりきっています	3
のりきっていた	3
のりきっていました	3
のりきってる	5
のりきってます	3
のりおくれる	5
のりおくれます	6
のりおくれません	7
のりおくれました	6
のりおくれませんでした	7
のりおくれましょう	7
のりおくれない	5
のりおくれなかった	5
のりおくれた	5
のりおくれて	5
のりおくれている	5
のりおくれています	5
のりおくれていた	5
のりおくれていました	5
のりおくれてる	6
のりおくれてます	5
のる	0
のります	3
のりません	4
のりました	3
のりませんでした	4
のりましょう	4
のらない	0
のらなかった	6
のった	3
のって	0
のっている	3
のっています	3
のっていた	3
のっていました	3
のってる	3
のってます	4
たたむ	0
たたみます	4
たたみません	5
たたみました	4
たたみませんでした	5
たたみましょう	5
たたまない	0
たたまなかった	7
たたんだ	0
たたんで	4
たたんでいる	4
たたんでいます	4
たたんでいた	4
たたんでいました	4
たたんでる	4
たたんでます	5
ふかす	2
ふかします	4
ふかしません	5
ふかしました	4
ふかしませんでした	5
ふかしましょう	5
ふかさない	3
ふかさなかった	3
ふかした	2
ふかして	2
ふかしている	2
ふかしています	2
ふかしていた	2
ふかしていました	2
ふかしてる	4
ふかしてます	2
むしあつい	4
むしあつく	4
むしあつくない	4
むしあつくなかった	4
むしあつかった	4
むしあつくて	4
むす	2
むします	3
むしません	4
むしました	3
むしませんでした	4
むしましょう	4
むさない	2
むさなかった	2
むした	1
むして	1
むしている	1
むしています	1
むしていた	1
むしていました	1
むしてる	3
むしてます	1
ゆずりわたす	5
ゆずりわたします	7
ゆずりわたしません	8
ゆずりわたしました	7
ゆずりわたしませんでした	8
ゆずりわたしましょう	8
ゆずりわたさない	6
ゆずりわたさなかった	6
ゆずりわたした	5
ゆずりわたして	5
ゆずりわたしている	5
ゆずりわたしています	5
ゆずりわたしていた	5
ゆずりわたしていました	5
ゆずりわたしてる	7
ゆずりわたしてます	5
ゆずる	0
ゆずります	4
ゆずりません	5
ゆずりました	4
ゆずりませんでした	5
ゆずりましょう	5
ゆずらない	0
ゆずらなかった	7
ゆずった	4
ゆずって	0
ゆずっている	4
ゆずっています	4
ゆずっていた	4
ゆずっていました	4
ゆずってる	4
ゆずってます	5
かざる	0
かざります	4
かざりません	5
かざりました	4
かざりませんでした	5
かざりましょう	5
かざらない	0
かざらなかった	7
かざった	4
かざって	0
かざっている	4
かざっています	4
かざっていた	4
かざっていました	4
かざってる	4
かざってます	5
ぬぐう	2
ぬぐいます	4
ぬぐいません	5
ぬぐいました	4
ぬぐいませんでした	5
ぬぐいましょう	5
ぬぐわない	3
ぬぐわなかった	3
ぬぐった	2
ぬぐって	2
ぬぐっている	2
ぬぐっています	2
ぬぐっていた	2
ぬぐっていました	2
ぬぐってる	4
ぬぐってます	2
ふく	0
ふきます	3
ふきません	4
ふきました	3
ふきませんでした	4
ふきましょう	4
ふかない	0
ふかなかった	6
ふいた	3
ふいて	2
ふいている	3
ふいています	3
ふいていた	3
ふいていました	3
ふいてる	4
ふいてます	4
おる	1
おります	3
おりません	4
おりました	3
おりませんでした	4
おりましょう	4
おらない	2
おらなかった	2
おった	1
おって	1
おっている	1
おっています	1
おっていた	1
おっていました	1
おってる	3
おってます	1
ふれる	0
ふれます	3
ふれません	4
ふれました	3
ふれませんでした	4
ふれましょう	4
ふれない	0
ふれなかった	6
ふれた	3
ふれて	0
ふれている	3
ふれています	3
ふれていた	3
ふれていました	3
ふれてる	3
ふれてます	4
ふれあう	3
ふれあいます	5
ふれあいません	6
ふれあいました	5
ふれあいませんでした	6
ふれあいましょう	6
ふれあわない	4
ふれあわなかった	4
ふれあった	3
ふれあって	3
ふれあっている	3
ふれあっています	3
ふれあっていた	3
ふれあっていました	3
ふれあってる	5
ふれあってます	3
くいちがう	0
くいちがいます	6
くいちがいません	7
くいちがいました	6
くいちがいませんでした	7
くいちがいましょう	7
くいちがわない	5
くいちがわなかった	5
くいちがった	4
くいちがって	4
くいちがっている	4
くいちがっています	4
くいちがっていた	4
くいちがっていました	4
くいちがってる	6
くいちがってます	4
くいこむ	3
くいこみます	5
くいこみません	6
くいこみました	5
くいこみませんでした	6
くいこみましょう	6
くいこまない	4
くいこまなかった	4
くいこんだ	3
くいこんで	3
くいこんでいる	3
くいこんでいます	3
くいこんでいた	3
くいこんでいました	3
くいこんでる	5
くいこんでます	3
くいとめる	4
くいとめます	5
くいとめません	6
くいとめました	5
くいとめませんでした	6
くいとめましょう	6
くいとめない	4
くいとめなかった	4
くいとめた	4
くいとめて	4
くいとめている	4
くいとめています	4
くいとめていた	4
くいとめていました	4
くいとめてる	5
くいとめてます	4
たべる	2
たべます	3
たべません	4
たべました	3
たべませんでした	4
たべましょう	4
たべない	2
たべなかった	2
たべた	2
たべて	2
たべている	2
たべています	2
たべていた	2
たべていました	2
たべてる	3
たべてます	2
むしばむ	3
むしばみます	5
むしばみません	6
むしばみました	5
むしばみませんでした	6
むしばみましょう	6
むしばまない	4
むしばまなかった	4
むしばんだ	3
むしばんで	3
むしばんでいる	3
むしばんでいます	3
むしばんでいた	3
むしばんでいました	3
むしばんでる	5
むしばんでます	3
のびる	2
のびます	3
のびません	4
のびました	3
のびませんでした	4
のびましょう	4
のびない	2
のびなかった	2
のびた	2
のびて	2
のびている	2
のびています	2
のびていた	2
のびていました	2
のびてる	3
のびてます	2
のびなやむ	4
のびなやみます	6
のびなやみません	7
のびなやみました	6
のびなやみませんでした	7
のびなやみましょう	7
のびなやまない	5
のびなやまなかった	5
のびなやんだ	4
のびなやんで	4
のびなやんでいる	4
のびなやんでいます	4
のびなやんでいた	4
のびなやんでいました	4
のびなやんでる	6
のびなやんでます	4
しんじる	3
しんじます	4
しんじません	5
しんじました	4
しんじませんでした	5
しんじましょう	5
しんじない	3
しんじなかった	3
しんじた	3
しんじて	3
しんじている	3
しんじています	3
しんじていた	3
しんじていました	3
しんじてる	4
しんじてます	3
おかす	2
おかします	4
おかしません	5
おかしました	4
おかしませんでした	5
おかしましょう	5
おかさない	3
おかさなかった	3
おかした	2
おかして	2
おかしている	2
おかしています	2
おかしていた	2
おかしていました	2
おかしてる	4
おかしてます	2
ねかす	0
ねかします	4
ねかしません	5
ねかしました	4
ねかしませんでした	5
ねかしましょう	5
ねかさない	0
ねかさなかった	7
ねかした	4
ねかして	0
ねかしている	4
ねかしています	4
ねかしていた	4
ねかしていました	4
ねかしてる	4
ねかしてます	5
ねかせる	0
ねかせます	4
ねかせません	5
ねかせました	4
ねかせませんでした	5
ねかせましょう	5
ねかせない	0
ねかせなかった	7
ねかせた	4
ねかせて	0
ねかせている	4
ねかせています	4
ねかせていた	4
ねかせていました	4
ねかせてる	4
ねかせてます	5
ねる	0
ねます	2
ねません	3
ねました	2
ねませんでした	3
ねましょう	3
ねない	1
ねなかった	1
ねて	1
ねている	1
ねています	1
ねていた	1
ねていました	1
ねてる	2
ねてます	1
ねつく	2
ねつきます	4
ねつきません	5
ねつきました	4
ねつきませんでした	5
ねつきましょう	5
ねつかない	3
ねつかなかった	3
ねついた	2
ねついて	2
ねついている	2
ねついています	2
ねついていた	2
ねついていました	2
ねついてる	4
ねついてます	2
ねがえる	3
ねがえります	5
ねがえりません	6
ねがえりました	5
ねがえりませんでした	6
ねがえりましょう	6
ねがえらない	4
ねがえらなかった	4
ねがえった	3
ねがえって	3
ねがえっている	3
ねがえっています	3
ねがえっていた	3
ねがえっていました	3
ねがえってる	5
ねがえってます	3
こころがける	5
こころがけます	6
こころがけません	7
こころがけました	6
こころがけませんでした	7
こころがけましょう	7
こころがけない	5
こころがけなかった	5
こころがけた	5
こころがけて	5
こころがけている	5
こころがけています	5
こころがけていた	5
こころがけていました	5
こころがけてる	6
こころがけてます	5
こころづよい	5
こころづよく	5
こころづよくない	5
こころづよくなかった	5
こころづよかった	5
こころづよくて	5
こころぼそい	5
こころぼそく	5
こころぼそくない	5
こころぼそくなかった	5
こころぼそかった	5
こころぼそくて	5
こころえる	4
こころえます	5
こころえません	6
こころえました	5
こころえませんでした	6
こころえましょう	6
こころえない	4
こころえなかった	4
こころえた	4
こころえて	4
こころえている	4
こころえています	4
こころえていた	4
こころえていました	4
こころえてる	5
こころえてます	4
ふりまわす	4
ふりまわします	6
ふりまわしません	7
ふりまわしました	6
ふりまわしませんでした	7
ふりまわしましょう	7
ふりまわさない	5
ふりまわさなかった	5
ふりまわした	4
ふりまわして	4
ふりまわしている	4
ふりまわしています	4
ふりまわしていた	4
ふりまわしていました	4
ふりまわしてる	6
ふりまわしてます	4
ふりむく	3
ふりむきます	5
ふりむきません	6
ふりむきました	5
ふりむきませんでした	6
ふりむきましょう	6
ふりむかない	4
ふりむかなかった	4
ふりむいた	3
ふりむいて	3
ふりむいている	3
ふりむいています	3
ふりむいていた	3
ふりむいていました	3
ふりむいてる	5
ふりむいてます	3
ふりこむ	3
ふりこみます	5
ふりこみません	6
ふりこみました	5
ふりこみませんでした	6
ふりこみましょう	6
ふりこまない	4
ふりこまなかった	4
ふりこんだ	3
ふりこんで	3
ふりこんでいる	3
ふりこんでいます	3
ふりこんでいた	3
ふりこんでいました	3
ふりこんでる	5
ふりこんでます	3
ふりきる	3
ふりきります	5
ふりきりません	6
ふりきりました	5
ふりきりませんでした	6
ふりきりましょう	6
ふりきらない	4
ふりきらなかった	4
ふりきった	3
ふりきって	3
ふりきっている	3
ふりきっています	3
ふりきっていた	3
ふりきっていました	3
ふりきってる	5
ふりきってます	3
ふりかえる	3
ふりかえります	6
ふりかえりません	7
ふりかえりました	6
ふりかえりませんでした	7
ふりかえりましょう	7
ふりかえらない	5
ふりかえらなかった	5
ふりかえった	3
ふりかえって	3
ふりかえっている	3
ふりかえっています	3
ふりかえっていた	3
ふりかえっていました	3
ふりかえってる	6
ふりかえってます	3
あたらしい	4
あたらしく	4
あたらしくない	4
あたらしくなかった	4
あたらしかった	4
あたらしくて	4
ひたす	0
ひたします	4
ひたしません	5
ひたしました	4
ひたしませんでした	5
ひたしましょう	5
ひたさない	3
ひたさなかった	3
ひたした	2
ひたして	2
ひたしている	2
ひたしています	2
ひたしていた	2
ひたしていました	2
ひたしてる	4
ひたしてます	2
ひたる	0
ひたります	4
ひたりません	5
ひたりました	4
ひたりませんでした	5
ひたりましょう	5
ひたらない	0
ひたらなかった	7
ひたった	4
ひたって	0
ひたっている	4
ひたっています	4
ひたっていた	4
ひたっていました	4
ひたってる	4
ひたってます	5
ふかい	2
ふかく	2
ふかくない	2
ふかくなかった	2
ふかかった	2
ふかくて	2
ふかまる	3
ふかまります	5
ふかまりません	6
ふかまりました	5
ふかまりませんでした	6
ふかまりましょう	6
ふかまらない	4
ふかまらなかった	4
ふかまった	3
ふかまって	3
ふかまっている	3
ふかまっています	3
ふかまっていた	3
ふかまっていました	3
ふかまってる	5
ふかまってます	3
ふかめる	3
ふかめます	4
ふかめません	5
ふかめました	4
ふかめませんでした	5
ふかめましょう	5
ふかめない	3
ふかめなかった	3
ふかめた	3
ふかめて	3
ふかめている	3
ふかめています	3
ふかめていた	3
ふかめていました	3
ふかめてる	4
ふかめてます	3
もうしこむ	4
もうしこみます	6
もうしこみません	7
もうしこみました	6
もうしこみませんでした	7
もうしこみましょう	7
もうしこまない	5
もうしこまなかった	5
もうしこんだ	4
もうしこんで	4
もうしこんでいる	4
もうしこんでいます	4
もうしこんでいた	4
もうしこんでいました	4
もうしこんでる	6
もうしこんでます	4
もうしでる	4
もうしでます	5
もうしでません	6
もうしでました	5
もうしでませんでした	6
もうしでましょう	6
もうしでない	4
もうしでなかった	4
もうしでた	4
もうしでて	4
もうしでている	4
もうしでています	4
もうしでていた	4
もうしでていました	4
もうしでてる	5
もうしでてます	4
もうしあげる	5
もうしあげます	6
もうしあげません	7
もうしあげました	6
もうしあげませんでした	7
もうしあげましょう	7
もうしあげない	5
もうしあげなかった	5
もうしあげた	5
もうしあげて	5
もうしあげている	5
もうしあげています	5
もうしあげていた	5
もうしあげていました	5
もうしあげてる	6
もうしあげてます	5
もうしいれる	5
もうしいれます	6
もうしいれません	7
もうしいれました	6
もうしいれませんでした	7
もうしいれましょう	7
もうしいれない	5
もうしいれなかった	5
もうしいれた	5
もうしいれて	5
もうしいれている	5
もうしいれています	5
もうしいれていた	5
もうしいれていました	5
もうしいれてる	6
もうしいれてます	5
もうす	1
もうします	4
もうしません	5
もうしました	4
もうしませんでした	5
もうしましょう	5
もうさない	3
もうさなかった	3
もうした	1
もうして	1
もうしている	1
もうしています	1
もうしていた	1
もうしていました	1
もうしてる	4
もうしてます	1
まねる	0
まねます	3
まねません	4
まねました	3
まねませんでした	4
まねましょう	4
まねない	0
まねなかった	6
まねた	3
まねて	0
まねている	3
まねています	3
まねていた	3
まねていました	3
まねてる	3
まねてます	4
まあたらしい	5
まあたらしく	5
まあたらしくない	5
まあたらしくなかった	5
まあたらしかった	5
まあたらしくて	5
したしい	3
したしく	2
したしくない	2
したしくなかった	2
したしかった	3
したしくて	2
したしむ	3
したしみます	5
したしみません	6
したしみました	5
したしみませんでした	6
したしみましょう	6
したしまない	4
したしまなかった	4
したしんだ	3
したしんで	3
したしんでいる	3
したしんでいます	3
したしんでいた	3
したしんでいました	3
したしんでる	5
したしんでます	3
からい	2
からく	2
からくない	2
からくなかった	2
からかった	2
からくて	2
すすむ	0
すすみます	4
すすみません	5
すすみました	4
すすみませんでした	5
すすみましょう	5
すすまない	0
すすまなかった	7
すすんだ	0
すすんで	4
すすんでいる	4
すすんでいます	4
すすんでいた	4
すすんでいました	4
すすんでる	4
すすんでます	5
すすめる	0
すすめます	4
すすめません	5
すすめました	4
すすめませんでした	5
すすめましょう	5
すすめない	0
すすめなかった	7
すすめた	4
すすめて	0
すすめている	4
すすめています	4
すすめていた	4
すすめていました	4
すすめてる	4
すすめてます	5
ふるえる	0
ふるえます	4
ふるえません	5
ふるえました	4
ふるえませんでした	5
ふるえましょう	5
ふるえない	0
ふるえなかった	7
ふるえた	4
ふるえて	0
ふるえている	4
ふるえています	4
ふるえていた	4
ふるえていました	4
ふるえてる	4
ふるえてます	5
たずねる	3
たずねます	4
たずねません	5
たずねました	4
たずねませんでした	5
たずねましょう	5
たずねない	3
たずねなかった	3
たずねた	3
たずねて	3
たずねている	3
たずねています	3
たずねていた	3
たずねていました	3
たずねてる	4
たずねてます	3
はなはだしい	5
はなはだしく	5
はなはだしくない	5
はなはだしくなかった	5
はなはだしかった	5
はなはだしくて	5
つきる	2
つきない	2
つきなかった	2
つきた	2
つきて	2
つきている	2
つきています	2
つきていた	2
つきていました	2
つきてる	3
つきてます	2
つくす	2
つくします	4
つくしません	5
つくしました	4
つくしませんでした	5
つくしましょう	5
つくさない	3
つくさなかった	3
つくした	2
つくして	2
つくしている	2
つくしています	2
つくしていた	2
つくしていました	2
つくしてる	4
つくしてます	2
ふきこむ	3
ふきこみます	5
ふきこみません	6
ふきこみました	5
ふきこみませんでした	6
ふきこみましょう	6
ふきこまない	4
ふきこまなかった	4
ふきこんだ	3
ふきこんで	3
ふきこんでいる	3
ふきこんでいます	3
ふきこんでいた	3
ふきこんでいました	3
ふきこんでる	5
ふきこんでます	3
たらす	2
たらします	4
たらしません	5
たらしました	4
たらしませんでした	5
たらしましょう	5
たらさない	3
たらさなかった	3
たらした	2
たらして	2
たらしている	2
たらしています	2
たらしていた	2
たらしていました	2
たらしてる	4
たらしてます	2
たれる	3
たれます	4
たれません	5
たれました	4
たれませんでした	5
たれましょう	5
たれない	3
たれなかった	3
たれた	3
たれて	3
たれている	3
たれています	3
たれていた	3
たれていました	3
たれてる	4
たれてます	3
おとろえる	4
おとろえます	5
おとろえません	6
おとろえました	5
おとろえませんでした	6
おとろえましょう	6
おとろえない	4
おとろえなかった	4
おとろえた	4
おとろえて	4
おとろえている	4
おとろえています	4
おとろえていた	4
おとろえていました	4
おとろえてる	5
おとろえてます	4
とげる	2
とげます	3
とげません	4
とげました	3
とげませんでした	4
とげましょう	4
とげない	2
とげなかった	2
とげた	2
とげて	2
とげている	2
とげています	2
とげていた	2
とげていました	2
とげてる	3
とげてます	2
よいます	3
よいません	4
よいました	3
よいませんでした	4
よいましょう	4
よわない	2
よわなかった	2
よっぱらう	0
よっぱらいます	6
よっぱらいません	7
よっぱらいました	6
よっぱらいませんでした	7
よっぱらいましょう	7
よっぱらわない	0
よっぱらわなかった	9
よっぱらった	6
よっぱらって	0
よっぱらっている	6
よっぱらっています	6
よっぱらっていた	6
よっぱらっていました	6
よっぱらってる	6
よっぱらってます	7
みずみずしい	5
みずみずしく	5
みずみずしくない	5
みずみずしくなかった	5
みずみずしかった	5
みずみずしくて	5
かぞえる	3
かぞえます	4
かぞえません	5
かぞえました	4
かぞえませんでした	5
かぞえましょう	5
かぞえない	3
かぞえなかった	3
かぞえた	3
かぞえて	3
かぞえている	3
かぞえています	3
かぞえていた	3
かぞえていました	3
かぞえてる	4
かぞえてます	3
すえる	0
すえます	3
すえません	4
すえました	3
すえませんでした	4
すえましょう	4
すえない	0
すえなかった	6
すえた	3
すえて	0
すえている	3
すえています	3
すえていた	3
すえていました	3
すえてる	3
すえてます	4
うねる	2
うねります	4
うねりません	5
うねりました	4
うねりませんでした	5
うねりましょう	5
うねらない	2
うねらなかった	2
うねった	2
うねって	2
うねっている	2
うねっています	2
うねっていた	2
うねっていました	2
うねってる	2
うねってます	2
すごい	2
すごく	2
すごくない	2
すごくなかった	2
すごかった	2
すごくて	2
なしとげる	4
なしとげます	5
なしとげません	6
なしとげました	5
なしとげませんでした	6
なしとげましょう	6
なしとげない	4
なしとげなかった	4
なしとげた	4
なしとげて	4
なしとげている	4
なしとげています	4
なしとげていた	4
なしとげていました	4
なしとげてる	5
なしとげてます	4
なりたつ	3
なりたちます	5
なりたちません	6
なりたちました	5
なりたちませんでした	6
なりたちましょう	6
なりたたない	4
なりたたなかった	4
なりたった	3
なりたって	3
なりたっている	3
なりたっています	3
なりたっていた	3
なりたっていました	3
なりたってる	5
なりたってます	3
なる	1
なります	3
なりません	4
なりました	3
なりませんでした	4
なりましょう	4
ならなかった	2
なった	1
なって	1
なっている	1
なっています	1
なっていた	1
なっていました	1
なってる	3
なってます	1
ととのえる	4
ととのえます	5
ととのえません	6
ととのえました	5
ととのえませんでした	6
ととのえましょう	6
ととのえない	4
ととのえなかった	4
ととのえた	4
ととのえて	4
ととのえている	4
ととのえています	4
ととのえていた	4
ととのえていました	4
ととのえてる	5
ととのえてます	4
ただしい	3
ただしく	2
ただしくない	2
ただしくなかった	2
ただしかった	3
ただしくて	2
ただす	2
ただします	4
ただしません	5
ただしました	4
ただしませんでした	5
ただしましょう	5
たださない	3
たださなかった	3
ただした	2
ただして	2
ただしている	2
ただしています	2
ただしていた	2
ただしていました	2
ただしてる	4
ただしてます	2
きよい	2
きよく	2
きよくない	2
きよくなかった	2
きよかった	2
きよくて	2
はえる	2
はえます	3
はえません	4
はえました	3
はえませんでした	4
はえましょう	4
はえない	2
はえなかった	2
はえた	2
はえて	2
はえている	2
はえています	2
はえていた	2
はえていました	2
はえてる	3
はえてます	2
いきる	2
いきない	2
いきなかった	2
いきた	2
いきて	2
いきている	2
いきています	2
いきていた	2
いきていました	2
いきてる	3
いきてます	2
いきかえる	3
いきかえります	6
いきかえりません	7
いきかえりました	6
いきかえりませんでした	7
いきかえりましょう	7
いきかえらない	5
いきかえらなかった	5
いきかえった	3
いきかえって	3
いきかえっている	3
いきかえっています	3
いきかえっていた	3
いきかえっていました	3
いきかえってる	6
いきかえってます	3
しょうじる	0
しょうじます	4
しょうじません	5
しょうじました	4
しょうじませんでした	5
しょうじましょう	5
しょうじない	0
しょうじなかった	7
しょうじた	4
しょうじて	0
しょうじている	4
しょうじています	4
しょうじていた	4
しょうじていました	4
しょうじてる	4
しょうじてます	5
うまれる	0
うまれます	4
うまれません	5
うまれました	4
うまれませんでした	5
うまれましょう	5
うまれない	0
うまれなかった	7
うまれた	4
うまれて	0
うまれている	4
うまれています	4
うまれていた	4
うまれていました	4
うまれてる	4
うまれてます	5
うみだす	3
うみだします	5
うみだしません	6
うみだしました	5
うみだしませんでした	6
うみだしましょう	6
うみださない	4
うみださなかった	4
うみだした	3
うみだして	3
うみだしている	3
うみだしています	3
うみだしていた	3
うみだしていました	3
うみだしてる	5
うみだしてます	3
はやす	2
はやします	4
はやしません	5
はやしました	4
はやしませんでした	5
はやしましょう	5
はやさない	3
はやさなかった	3
はやした	2
はやして	2
はやしている	2
はやしています	2
はやしていた	2
はやしていました	2
はやしてる	4
はやしてます	2
なまぬるい	4
なまぬるく	4
なまぬるくない	4
なまぬるくなかった	4
なまぬるかった	4
なまぬるくて	4
なまぐさい	4
なまぐさく	4
なまぐさくない	4
なまぐさくなかった	4
なまぐさかった	4
なまぐさくて	4
もりこむ	3
もりこみます	5
もりこみません	6
もりこみました	5
もりこみませんでした	6
もりこみましょう	6
もりこまない	4
もりこまなかった	4
もりこんだ	3
もりこんで	3
もりこんでいる	3
もりこんでいます	3
もりこんでいた	3
もりこんでいました	3
もりこんでる	5
もりこんでます	3
もりあがる	4
もりあがります	6
もりあがりません	7
もりあがりました	6
もりあがりませんでした	7
もりあがりましょう	7
もりあがらない	5
もりあがらなかった	5
もりあがった	4
もりあがって	4
もりあがっている	4
もりあがっています	4
もりあがっていた	4
もりあがっていました	4
もりあがってる	6
もりあがってます	4
もりあげる	4
もりあげます	5
もりあげません	6
もりあげました	5
もりあげませんでした	6
もりあげましょう	6
もりあげない	4
もりあげなかった	4
もりあげた	4
もりあげて	4
もりあげている	4
もりあげています	4
もりあげていた	4
もりあげていました	4
もりあげてる	5
もりあげてます	4
もる	0
もります	3
もりません	4
もりました	3
もりませんでした	4
もりましょう	4
もらない	0
もらなかった	6
ちかう	0
ちかいます	4
ちかいません	5
ちかいました	4
ちかいませんでした	5
ちかいましょう	5
ちかわない	0
ちかわなかった	7
ちかった	4
ちかって	0
ちかっている	4
ちかっています	4
ちかっていた	4
ちかっていました	4
ちかってる	4
ちかってます	5
うけおう	3
うけおいます	5
うけおいません	6
うけおいました	5
うけおいませんでした	6
うけおいましょう	6
うけおわない	4
うけおわなかった	4
うけおった	3
うけおって	3
うけおっている	3
うけおっています	3
うけおっていた	3
うけおっていました	3
うけおってる	5
うけおってます	3
あおい	2
あおく	2
あおくない	2
あおくなかった	2
あおかった	2
あおくて	2
あおざめる	4
あおざめます	5
あおざめません	6
あおざめました	5
あおざめませんでした	6
あおざめましょう	6
あおざめない	4
あおざめなかった	4
あおざめた	4
あおざめて	4
あおざめている	4
あおざめています	4
あおざめていた	4
あおざめていました	4
あおざめてる	5
あおざめてます	4
あおじろい	4
あおじろく	4
あおじろくない	4
あおじろくなかった	4
あおじろかった	4
あおじろくて	4
もろい	2
もろく	2
もろくない	2
もろくなかった	2
もろかった	2
もろくて	2
おしい	2
おしく	2
おしくない	2
おしくなかった	2
おしかった	2
おしくて	2
おしむ	2
おしみます	4
おしみません	5
おしみました	4
おしみませんでした	5
おしみましょう	5
おしまない	3
おしまなかった	3
おしんだ	2
おしんで	2
おしんでいる	2
おしんでいます	2
おしんでいた	2
おしんでいました	2
おしんでる	4
おしんでます	2
つみこむ	3
つみこみます	5
つみこみません	6
つみこみました	5
つみこみませんでした	6
つみこみましょう	6
つみこまない	4
つみこまなかった	4
つみこんだ	3
つみこんで	3
つみこんでいる	3
つみこんでいます	3
つみこんでいた	3
つみこんでいました	3
つみこんでる	5
つみこんでます	3
つむ	0
つみます	3
つみません	4
つみました	3
つみませんでした	4
つみましょう	4
つまない	0
つまなかった	6
つんだ	0
つんで	3
つんでいる	3
つんでいます	3
つんでいた	3
つんでいました	3
つんでる	3
つんでます	4
つもる	2
つもります	4
つもりません	5
つもりました	4
つもりませんでした	5
つもりましょう	5
つもらない	3
つもらなかった	3
つもった	2
つもって	2
つもっている	2
つもっています	2
つもっていた	2
つもっていました	2
つもってる	4
つもってます	2
あかい	0
あかく	0
あかくない	4
あかくなかった	7
あかかった	2
あかくて	0
せつない	3
せつなく	3
せつなくない	3
せつなくなかった	3
せつなかった	3
せつなくて	3
きらす	2
きらします	4
きらしません	5
きらしました	4
きらしませんでした	5
きらしましょう	5
きらさない	3
きらさなかった	3
きらした	2
きらして	2
きらしている	2
きらしています	2
きらしていた	2
きらしていました	2
きらしてる	4
きらしてます	2
きれる	2
きれます	3
きれません	4
きれました	3
きれませんでした	4
きれましょう	4
きれない	2
きれなかった	2
きれた	2
きれて	2
きれている	2
きれています	2
きれていた	2
きれていました	2
きれてる	3
きれてます	2
おりかえす	3
おりかえします	6
おりかえしません	7
おりかえしました	6
おりかえしませんでした	7
おりかえしましょう	7
おりかえさない	5
おりかえさなかった	5
おりかえした	6
おりかえして	0
おりかえしている	6
おりかえしています	6
おりかえしていた	6
おりかえしていました	6
おりかえしてる	6
おりかえしてます	7
おれる	2
おれます	3
おれません	4
おれました	3
おれませんでした	4
おれましょう	4
おれない	2
おれなかった	2
おれた	2
おれて	2
おれている	2
おれています	2
おれていた	2
おれていました	2
おれてる	3
おれてます	2
もうける	3
もうけます	4
もうけません	5
もうけました	4
もうけませんでした	5
もうけましょう	5
もうけない	3
もうけなかった	3
もうけた	3
もうけて	3
もうけている	3
もうけています	3
もうけていた	3
もうけていました	3
もうけてる	4
もうけてます	3
さきがける	4
さきがけます	5
さきがけません	6
さきがけました	5
さきがけませんでした	6
さきがけましょう	6
さきがけない	0
さきがけなかった	8
さきがけた	5
さきがけて	0
さきがけている	5
さきがけています	5
さきがけていた	5
さきがけていました	5
さきがけてる	5
さきがけてます	6
ちぎる	1
ちぎります	0
ちぎりません	6
ちぎりました	7
ちぎりませんでした	6
ちぎりましょう	0
ちぎらない	1
ちぎらなかった	1
ちぎった	1
ちぎって	0
ちぎっている	1
ちぎっています	1
ちぎっていた	1
ちぎっていました	1
ちぎってる	1
ちぎってます	1
うらなう	3
うらないます	5
うらないません	6
うらないました	5
うらないませんでした	6
うらないましょう	6
うらなわない	4
うらなわなかった	4
うらなった	3
うらなって	3
うらなっている	3
うらなっています	3
うらなっていた	3
うらなっていました	3
うらなってる	5
うらなってます	3
しめます	3
しめません	4
しめました	3
しめませんでした	4
しめましょう	4
しめない	2
しめなかった	2
しめた	2
しめて	2
しめている	2
しめています	2
しめていた	2
しめていました	2
しめてる	3
しめてます	2
とがる	2
とがります	4
とがりません	5
とがりました	4
とがりませんでした	5
とがりましょう	5
とがらない	3
とがらなかった	3
とがった	2
とがって	2
とがっている	2
とがっています	2
とがっていた	2
とがっていました	2
とがってる	4
とがってます	2
あさい	0
あさく	0
あさくない	4
あさくなかった	7
あさかった	2
あさくて	0
あらう	0
あらいます	4
あらいません	5
あらいました	4
あらいませんでした	5
あらいましょう	5
あらわない	0
あらわなかった	7
あらった	4
あらって	0
あらっている	4
あらっています	4
あらっていた	4
あらっていました	4
あらってる	4
あらってます	5
そまる	0
そまります	4
そまりません	5
そまりました	4
そまりませんでした	5
そまりましょう	5
そまらない	0
そまらなかった	7
そまった	4
そまって	0
そまっている	4
そまっています	4
そまっていた	4
そまっていました	4
そまってる	4
そまってます	5
しみる	0
しみます	3
しみません	4
しみました	3
しみませんでした	4
しみましょう	4
しみない	0
しみなかった	6
しみた	3
しみて	0
しみている	3
しみています	3
しみていた	3
しみていました	3
しみてる	3
しみてます	4
そめる	0
そめます	3
そめません	4
そめました	3
そめませんでした	4
そめましょう	4
そめない	0
そめなかった	6
そめた	3
そめて	0
そめている	3
そめています	3
そめていた	3
そめていました	3
そめてる	3
そめてます	4
ひそむ	2
ひそみます	4
ひそみません	5
ひそみました	4
ひそみませんでした	5
ひそみましょう	5
ひそまない	3
ひそまなかった	3
ひそんだ	2
ひそんで	2
ひそんでいる	2
ひそんでいます	2
ひそんでいた	2
ひそんでいました	2
ひそんでる	4
ひそんでます	2
あおる	2
あおります	4
あおりません	5
あおりました	4
あおりませんでした	5
あおりましょう	5
あおらない	0
あおらなかった	7
あおった	2
あおって	2
あおっている	2
あおっています	2
あおっていた	2
あおっていました	2
あおってる	4
あおってます	2
うらやましい	5
うらやましく	5
うらやましくない	5
うらやましくなかった	5
うらやましかった	5
うらやましくて	5
ひらめく	3
ひらめきます	5
ひらめきません	6
ひらめきました	5
ひらめきませんでした	6
ひらめきましょう	6
ひらめかない	4
ひらめかなかった	4
ひらめいた	3
ひらめいて	3
ひらめいている	3
ひらめいています	3
ひらめいていた	3
ひらめいていました	3
ひらめいてる	5
ひらめいてます	3
つくろう	3
つくろいます	5
つくろいません	6
つくろいました	5
つくろいませんでした	6
つくろいましょう	6
つくろわない	4
つくろわなかった	4
つくろった	3
つくろって	3
つくろっている	3
つくろっています	3
つくろっていた	3
つくろっていました	3
つくろってる	5
つくろってます	3
ねらう	0
ねらいます	4
ねらいません	5
ねらいました	4
ねらいませんでした	5
ねらいましょう	5
ねらわない	0
ねらわなかった	7
ねらった	4
ねらって	0
ねらっている	4
ねらっています	4
ねらっていた	4
ねらっていました	4
ねらってる	4
ねらってます	5
すばらしい	4
すばらしく	4
すばらしくない	4
すばらしくなかった	4
すばらしかった	4
すばらしくて	4
すばやい	3
すばやく	3
すばやくない	3
すばやくなかった	3
すばやかった	3
すばやくて	3
くみあわせる	5
くみあわせます	6
くみあわせません	7
くみあわせました	6
くみあわせませんでした	7
くみあわせましょう	7
くみあわせない	0
くみあわせなかった	9
くみあわせた	6
くみあわせて	0
くみあわせている	6
くみあわせています	6
くみあわせていた	6
くみあわせていました	6
くみあわせてる	6
くみあわせてます	7
くみこむ	3
くみこみます	5
くみこみません	6
くみこみました	5
くみこみませんでした	6
くみこみましょう	6
くみこまない	4
くみこまなかった	4
くみこんだ	3
くみこんで	3
くみこんでいる	3
くみこんでいます	3
くみこんでいた	3
くみこんでいました	3
くみこんでる	5
くみこんでます	3
くみたてる	4
くみたてます	5
くみたてません	6
くみたてました	5
くみたてませんでした	6
くみたてましょう	6
くみたてない	0
くみたてなかった	8
くみたてた	5
くみたてて	5
くみたてている	5
くみたてています	5
くみたてていた	5
くみたてていました	5
くみたててる	5
くみたててます	6
うったえる	3
うったえます	5
うったえません	6
うったえました	5
うったえませんでした	6
うったえましょう	6
うったえない	4
うったえなかった	4
うったえた	3
うったえて	3
うったえている	3
うったえています	3
うったえていた	3
うったえていました	3
うったえてる	5
うったえてます	3
はばむ	2
はばみます	4
はばみません	5
はばみました	4
はばみませんでした	5
はばみましょう	5
はばまない	3
はばまなかった	3
はばんだ	2
はばんで	2
はばんでいる	2
はばんでいます	2
はばんでいた	2
はばんでいました	2
はばんでる	4
はばんでます	2
さかのぼる	4
さかのぼります	6
さかのぼりません	7
さかのぼりました	6
さかのぼりませんでした	7
さかのぼりましょう	7
さかのぼらない	5
さかのぼらなかった	5
さかのぼった	4
さかのぼって	4
さかのぼっている	4
さかのぼっています	4
さかのぼっていた	4
さかのぼっていました	4
さかのぼってる	6
さかのぼってます	4
はく	1
はきます	3
はきません	4
はきました	3
はきませんでした	4
はきましょう	4
はかない	2
はかなかった	2
はいた	1
はいて	1
はいている	1
はいています	1
はいていた	1
はいていました	1
はいてる	3
はいてます	1
あやつる	3
あやつります	5
あやつりません	6
あやつりました	5
あやつりませんでした	6
あやつりましょう	6
あやつらない	4
あやつらなかった	4
あやつった	3
あやつって	3
あやつっている	3
あやつっています	3
あやつっていた	3
あやつっていました	3
あやつってる	5
あやつってます	3
はやまる	3
はやまります	5
はやまりません	6
はやまりました	5
はやまりませんでした	6
はやまりましょう	6
はやまらない	4
はやまらなかった	4
はやまった	3
はやまって	3
はやまっている	3
はやまっています	3
はやまっていた	3
はやまっていました	3
はやまってる	5
はやまってます	3
こぐ	1
こぎます	3
こぎません	4
こぎました	3
こぎませんでした	4
こぎましょう	4
こがない	2
こがなかった	2
こいだ	1
こいで	1
こいでいる	1
こいでいます	1
こいでいた	1
こいでいました	1
こいでる	3
こいでます	1
はしゃぐ	0
はしゃぎます	4
はしゃぎません	5
はしゃぎました	4
はしゃぎませんでした	5
はしゃぎましょう	5
はしゃがない	0
はしゃがなかった	7
はしゃいだ	0
はしゃいで	4
はしゃいでいる	4
はしゃいでいます	4
はしゃいでいた	4
はしゃいでいました	4
はしゃいでる	4
はしゃいでます	5
あらそう	3
あらそいます	5
あらそいません	6
あらそいました	5
あらそいませんでした	6
あらそいましょう	6
あらそわない	4
あらそわなかった	4
あらそった	3
あらそって	3
あらそっている	3
あらそっています	3
あらそっていた	3
あらそっていました	3
あらそってる	5
あらそってます	3
ふさわしい	4
ふさわしく	4
ふさわしくない	4
ふさわしくなかった	4
ふさわしかった	4
ふさわしくて	4
あいつぐ	1
あいつぎます	5
あいつぎません	6
あいつぎました	5
あいつぎませんでした	6
あいつぎましょう	6
あいつがない	4
あいつがなかった	4
あいついだ	1
あいついで	1
あいついでいる	1
あいついでいます	1
あいついでいた	1
あいついでいました	1
あいついでる	5
あいついでます	1
ほうむる	3
ほうむります	5
ほうむりません	6
ほうむりました	5
ほうむりませんでした	6
ほうむりましょう	6
ほうむらない	4
ほうむらなかった	4
ほうむった	3
ほうむって	3
ほうむっている	3
ほうむっています	3
ほうむっていた	3
ほうむっていました	3
ほうむってる	5
ほうむってます	3
よそおう	3
よそおいます	5
よそおいません	6
よそおいました	5
よそおいませんでした	6
よそおいましょう	6
よそおわない	4
よそおわなかった	4
よそおった	2
よそおって	2
よそおっている	2
よそおっています	2
よそおっていた	2
よそおっていました	2
よそおってる	5
よそおってます	2
はしりだす	4
はしりだします	6
はしりだしません	7
はしりだしました	6
はしりだしませんでした	7
はしりだしましょう	7
はしりださない	5
はしりださなかった	5
はしりだした	4
はしりだして	4
はしりだしている	4
はしりだしています	4
はしりだしていた	4
はしりだしていました	4
はしりだしてる	6
はしりだしてます	4
はしる	2
はしります	4
はしりません	5
はしりました	4
はしりませんでした	5
はしりましょう	5
はしらない	3
はしらなかった	3
はしった	2
はしって	2
はしっている	2
はしっています	2
はしっていた	2
はしっていました	2
はしってる	4
はしってます	2
おくりこむ	4
おくりこみます	6
おくりこみません	7
おくりこみました	6
おくりこみませんでした	7
おくりこみましょう	7
おくりこまない	5
おくりこまなかった	5
おくりこんだ	4
おくりこんで	4
おくりこんでいる	4
おくりこんでいます	4
おくりこんでいた	4
おくりこんでいました	4
おくりこんでる	6
おくりこんでます	4
おくる	0
おくります	4
おくりません	5
おくりました	4
おくりませんでした	5
おくりましょう	5
おくらない	0
おくらなかった	7
おくった	4
おくって	0
おくっている	4
おくっています	4
おくっていた	4
おくっていました	4
おくってる	4
おくってます	5
さわがしい	4
さわがしく	4
さわがしくない	4
さわがしくなかった	4
さわがしかった	4
さわがしくて	4
さわぐ	2
さわぎます	4
さわぎません	5
さわぎました	4
さわぎませんでした	5
さわぎましょう	5
さわがない	3
さわがなかった	3
さわいだ	2
さわいで	2
さわいでいる	2
さわいでいます	2
さわいでいた	2
さわいでいました	2
さわいでる	4
さわいでます	2
ざわめく	3
ざわめきます	5
ざわめきません	6
ざわめきました	5
ざわめきませんでした	6
ざわめきましょう	6
ざわめかない	4
ざわめかなかった	4
ざわめいた	3
ざわめいて	3
ざわめいている	3
ざわめいています	3
ざわめいていた	3
ざわめいていました	3
ざわめいてる	5
ざわめいてます	3
ます	0
まします	3
ましません	4
ましました	3
ましませんでした	4
ましましょう	4
まさない	0
まさなかった	6
ました	3
まして	0
ましている	3
ましています	3
ましていた	3
ましていました	3
ましてる	3
ましてます	4
にくむ	2
にくみます	4
にくみません	5
にくみました	4
にくみませんでした	5
にくみましょう	5
にくまない	3
にくまなかった	3
にくんだ	2
にくんで	2
にくんでいる	2
にくんでいます	2
にくんでいた	2
にくんでいました	2
にくんでる	4
にくんでます	2
にくらしい	4
にくらしく	4
にくらしくない	4
にくらしくなかった	4
にくらしかった	4
にくらしくて	4
うながす	3
うながします	5
うながしません	6
うながしました	5
うながしませんでした	6
うながしましょう	6
うながさない	4
うながさなかった	4
うながした	3
うながして	3
うながしている	3
うながしています	3
うながしていた	3
うながしていました	3
うながしてる	5
うながしてます	3
たす	0
たします	3
たしません	4
たしました	3
たしませんでした	4
たしましょう	4
たさない	0
たさなかった	6
たした	3
たして	0
たしている	3
たしています	3
たしていた	3
たしていました	3
たしてる	3
たしてます	4
たりる	0
たります	3
たりません	4
たりました	3
たりませんでした	4
たりましょう	4
たりない	0
たりなかった	6
たりた	3
たりて	0
たりている	3
たりています	3
たりていた	3
たりていました	3
たりてる	3
たりてます	4
たる	0
たらない	0
たらなかった	6
はやい	2
はやく	1
はやくない	1
はやくなかった	1
はやかった	2
はやくて	1
つづく	0
つづきます	4
つづきません	5
つづきました	4
つづきませんでした	5
つづきましょう	5
つづかない	0
つづかなかった	7
つづいた	4
つづいて	0
つづいている	4
つづいています	4
つづいていた	4
つづいていました	4
つづいてる	4
つづいてます	5
つづける	0
つづけます	4
つづけません	5
つづけました	4
つづけませんでした	5
つづけましょう	5
つづけない	0
つづけなかった	7
つづけた	4
つづけて	0
つづけている	4
つづけています	4
つづけていた	4
つづけていました	4
つづけてる	4
つづけてます	5
そろう	2
そろいます	4
そろいません	5
そろいました	4
そろいませんでした	5
そろいましょう	5
そろわない	3
そろわなかった	3
そろった	2
そろって	2
そろっている	2
そろっています	2
そろっていた	2
そろっていました	2
そろってる	4
そろってます	2
そろえる	3
そろえます	4
そろえません	5
そろえました	4
そろえませんでした	5
そろえましょう	5
そろえない	3
そろえなかった	3
そろえた	3
そろえて	3
そろえている	3
そろえています	3
そろえていた	3
そろえていました	3
そろえてる	4
そろえてます	3
ぞんじる	0
ぞんじます	4
ぞんじません	5
ぞんじました	4
ぞんじませんでした	5
ぞんじましょう	5
ぞんじない	0
ぞんじなかった	7
ぞんじた	4
ぞんじて	0
ぞんじている	4
ぞんじています	4
ぞんじていた	4
ぞんじていました	4
ぞんじてる	4
ぞんじてます	5
そこねる	3
そこねます	4
そこねません	5
そこねました	4
そこねませんでした	5
そこねましょう	5
そこねない	3
そこねなかった	3
そこねた	3
そこねて	3
そこねている	3
そこねています	3
そこねていた	3
そこねていました	3
そこねてる	4
そこねてます	3
おおく	1
おおくない	1
おおくなかった	1
おおかった	2
おおくて	1
ふとい	2
ふとく	2
ふとくない	2
ふとくなかった	2
ふとかった	2
ふとくて	2
ふとる	2
ふとります	4
ふとりません	5
ふとりました	4
ふとりませんでした	5
ふとりましょう	5
ふとらない	3
ふとらなかった	3
ふとった	2
ふとって	2
ふとっている	2
ふとっています	2
ふとっていた	2
ふとっていました	2
ふとってる	4
ふとってます	2
うちだす	3
うちだします	5
うちだしません	6
うちだしました	5
うちだしませんでした	6
うちだしましょう	6
うちださない	4
うちださなかった	4
うちだした	5
うちだして	0
うちだしている	5
うちだしています	5
うちだしていた	5
うちだしていました	5
うちだしてる	5
うちだしてます	6
うちあげる	4
うちあげます	5
うちあげません	6
うちあげました	5
うちあげませんでした	6
うちあげましょう	6
うちあげない	0
うちあげなかった	8
うちあげた	5
うちあげて	0
うちあげている	5
うちあげています	5
うちあげていた	5
うちあげていました	5
うちあげてる	5
うちあげてます	6
うちきる	3
うちきります	5
うちきりません	6
うちきりました	5
うちきりませんでした	6
うちきりましょう	6
うちきらない	4
うちきらなかった	4
うちきった	3
うちきって	3
うちきっている	3
うちきっています	3
うちきっていた	3
うちきっていました	3
うちきってる	5
うちきってます	3
おびる	2
おびます	3
おびません	4
おびました	3
おびませんでした	4
おびましょう	4
おびない	2
おびなかった	2
おびた	2
おびて	2
おびている	2
おびています	2
おびていた	2
おびていました	2
おびてる	3
おびてます	2
まちどおしい	5
まちどおしく	5
まちどおしくない	5
まちどおしくなかった	5
まちどおしかった	5
まちどおしくて	5
まちかねる	4
まちかねます	5
まちかねません	6
まちかねました	5
まちかねませんでした	6
まちかねましょう	6
まちかねない	4
まちかねなかった	4
まちかねた	4
まちかねて	4
まちかねている	4
まちかねています	4
まちかねていた	4
まちかねていました	4
まちかねてる	5
まちかねてます	4
まちかまえる	5
まちかまえます	6
まちかまえません	7
まちかまえました	6
まちかまえませんでした	7
まちかまえましょう	7
まちかまえない	5
まちかまえなかった	5
まちかまえた	5
まちかまえて	5
まちかまえている	5
まちかまえています	5
まちかまえていた	5
まちかまえていました	5
まちかまえてる	6
まちかまえてます	5
まちあわせる	5
まちあわせます	6
まちあわせません	7
まちあわせました	6
まちあわせませんでした	7
まちあわせましょう	7
まちあわせない	5
まちあわせなかった	5
まちあわせた	5
まちあわせて	5
まちあわせている	5
まちあわせています	5
まちあわせていた	5
まちあわせていました	5
まちあわせてる	6
まちあわせてます	5
まちうける	4
まちうけます	5
まちうけません	6
まちうけました	5
まちうけませんでした	6
まちうけましょう	6
まちうけない	4
まちうけなかった	4
まちうけた	4
まちうけて	4
まちうけている	4
まちうけています	4
まちうけていた	4
まちうけていました	4
まちうけてる	5
まちうけてます	4
まちのぞむ	4
まちのぞみます	6
まちのぞみません	7
まちのぞみました	6
まちのぞみませんでした	7
まちのぞみましょう	7
まちのぞまない	5
まちのぞまなかった	5
まちのぞんだ	4
まちのぞんで	4
まちのぞんでいる	4
まちのぞんでいます	4
まちのぞんでいた	4
まちのぞんでいました	4
まちのぞんでる	6
まちのぞんでます	4
まつ	1
まちます	3
まちません	4
まちました	3
まちませんでした	4
まちましょう	4
またない	2
またなかった	2
まった	1
まって	1
まっている	1
まっています	1
まっていた	1
まっていました	1
まってる	3
まってます	1
なまける	3
なまけます	4
なまけません	5
なまけました	4
なまけませんでした	5
なまけましょう	5
なまけない	3
なまけなかった	3
なまけた	3
なまけて	3
なまけている	3
なまけています	3
なまけていた	3
なまけていました	3
なまけてる	4
なまけてます	3
おこたる	3
おこたります	5
おこたりません	6
おこたりました	5
おこたりませんでした	6
おこたりましょう	6
おこたらない	4
おこたらなかった	4
おこたった	3
おこたって	3
おこたっている	3
おこたっています	3
おこたっていた	3
おこたっていました	3
おこたってる	5
おこたってます	3
かしだす	3
かしだします	5
かしだしません	6
かしだしました	5
かしだしませんでした	6
かしだしましょう	6
かしださない	4
かしださなかった	4
かしだした	3
かしだして	3
かしだしている	3
かしだしています	3
かしだしていた	3
かしだしていました	3
かしだしてる	5
かしだしてます	3
かす	0
かします	3
かしません	4
かしました	3
かしませんでした	4
かしましょう	4
かさない	0
かさなかった	6
かした	3
かして	0
かしている	3
かしています	3
かしていた	3
かしていました	3
かしてる	3
かしてます	4
のける	4
のけます	5
のけません	6
のけました	5
のけませんでした	6
のけましょう	6
のけない	4
のけなかった	4
のけた	4
のけて	4
のけている	4
のけています	4
のけていた	4
のけていました	4
のけてる	5
のけてます	4
おとなしい	4
おとなしく	4
おとなしくない	4
おとなしくなかった	4
おとなしかった	4
おとなしくて	4
おとなっぽい	0
おとなっぽく	0
おとなっぽくない	7
おとなっぽくなかった	10
おとなっぽかった	5
おとなっぽくて	0
にごす	2
にごします	4
にごしません	5
にごしました	4
にごしませんでした	5
にごしましょう	5
にごさない	3
にごさなかった	3
にごした	2
にごして	2
にごしている	2
にごしています	2
にごしていた	2
にごしていました	2
にごしてる	4
にごしてます	2
にごる	2
にごります	4
にごりません	5
にごりました	4
にごりませんでした	5
にごりましょう	5
にごらない	3
にごらなかった	3
にごった	2
にごって	2
にごっている	2
にごっています	2
にごっていた	2
にごっていました	2
にごってる	4
にごってます	2
たたく	2
たたきます	4
たたきません	5
たたきました	4
たたきませんでした	5
たたきましょう	5
たたかない	3
たたかなかった	3
たたいた	2
たたいて	2
たたいている	2
たたいています	2
たたいていた	2
たたいていました	2
たたいてる	4
たたいてます	2
うばう	2
うばいます	4
うばいません	5
うばいました	4
うばいませんでした	5
うばいましょう	5
うばわない	3
うばわなかった	3
うばった	2
うばって	2
うばっている	2
うばっています	2
うばっていた	2
うばっていました	2
うばってる	4
うばってます	2
ぬぐ	1
ぬぎます	3
ぬぎません	4
ぬぎました	3
ぬぎませんでした	4
ぬぎましょう	4
ぬがない	2
ぬがなかった	2
ぬいだ	1
ぬいで	1
ぬいでいる	1
ぬいでいます	1
ぬいでいた	1
ぬいでいました	1
ぬいでる	3
ぬいでます	1
たどりつく	4
たどりつきます	6
たどりつきません	7
たどりつきました	6
たどりつきませんでした	7
たどりつきましょう	7
たどりつかない	5
たどりつかなかった	5
たどりついた	4
たどりついて	4
たどりついている	4
たどりついています	4
たどりついていた	4
たどりついていました	4
たどりついてる	6
たどりついてます	4
たどる	2
たどります	4
たどりません	5
たどりました	4
たどりませんでした	5
たどりましょう	5
たどらない	3
たどらなかった	3
たどった	2
たどって	2
たどっている	2
たどっています	2
たどっていた	2
たどっていました	2
たどってる	4
たどってます	2
なげく	2
なげきます	4
なげきません	5
なげきました	4
なげきませんでした	5
なげきましょう	5
なげかない	3
なげかなかった	3
なげいた	2
なげいて	2
なげいている	2
なげいています	2
なげいていた	2
なげいていました	2
なげいてる	4
なげいてます	2
かつぐ	2
かつぎます	4
かつぎません	5
かつぎました	4
かつぎませんでした	5
かつぎましょう	5
かつがない	3
かつがなかった	3
かついだ	2
かついで	2
かついでいる	2
かついでいます	2
かついでいた	2
かついでいました	2
かついでる	4
かついでます	5
さぐる	0
さぐります	4
さぐりません	5
さぐりました	4
さぐりませんでした	5
さぐりましょう	5
さぐらない	0
さぐらなかった	7
さぐった	4
さぐって	0
さぐっている	4
さぐっています	4
さぐっていた	4
さぐっていました	4
さぐってる	4
さぐってます	5
みじかい	3
みじかく	3
みじかくない	3
みじかくなかった	3
みじかかった	3
みじかくて	3
ほころびる	4
ほころびます	5
ほころびません	6
ほころびました	5
ほころびませんでした	6
ほころびましょう	6
ほころびない	4
ほころびなかった	4
ほころびた	4
ほころびて	4
ほころびている	4
ほころびています	4
ほころびていた	4
ほころびていました	4
ほころびてる	5
ほころびてます	4
ふけります	4
ふけりません	5
ふけりました	4
ふけりませんでした	5
ふけりましょう	5
ふけらない	3
ふけらなかった	3
ふけった	2
ふけって	2
ふけっている	2
ふけっています	2
ふけっていた	2
ふけっていました	2
ふけってる	4
ふけってます	2
きたえる	3
きたえます	4
きたえません	5
きたえました	4
きたえませんでした	5
きたえましょう	5
きたえない	3
きたえなかった	3
きたえた	3
きたえて	3
きたえている	3
きたえています	3
きたえていた	3
きたえていました	3
きたえてる	4
きたえてます	3
はじく	0
はじきます	3
はじきません	4
はじきました	3
はじきませんでした	4
はじきましょう	4
はじかない	0
はじかなかった	6
はじいた	3
はじいて	0
はじいている	3
はじいています	3
はじいていた	3
はじいていました	3
はじいてる	3
はじいてます	4
はずむ	0
はずみます	4
はずみません	5
はずみました	4
はずみませんでした	5
はずみましょう	5
はずまない	0
はずまなかった	7
はずんだ	0
はずんで	4
はずんでいる	4
はずんでいます	4
はずんでいた	4
はずんでいました	4
はずんでる	4
はずんでます	5
ことわる	3
ことわります	5
ことわりません	6
ことわりました	5
ことわりませんでした	6
ことわりましょう	6
ことわらない	4
ことわらなかった	4
ことわった	3
ことわって	3
ことわっている	3
ことわっています	3
ことわっていた	3
ことわっていました	3
ことわってる	5
ことわってます	3
おとこらしい	5
おとこらしく	5
おとこらしくない	5
おとこらしくなかった	5
おとこらしかった	5
おとこらしくて	5
ねぎる	2
ねぎります	4
ねぎりません	5
ねぎりました	4
ねぎりませんでした	5
ねぎりましょう	5
ねぎらない	3
ねぎらなかった	3
ねぎった	2
ねぎって	2
ねぎっている	2
ねぎっています	2
ねぎっていた	2
ねぎっていました	2
ねぎってる	4
ねぎってます	2
しらせる	0
しらせます	4
しらせません	5
しらせました	4
しらせませんでした	5
しらせましょう	5
しらせない	0
しらせなかった	7
しらせた	4
しらせて	0
しらせている	4
しらせています	4
しらせていた	4
しらせていました	4
しらせてる	4
しらせてます	5
しりあう	3
しりあいます	5
しりあいません	6
しりあいました	5
しりあいませんでした	6
しりあいましょう	6
しりあわない	4
しりあわなかった	4
しりあった	3
しりあって	3
しりあっている	3
しりあっています	3
しりあっていた	3
しりあっていました	3
しりあってる	5
しりあってます	3
しる	0
しります	3
しりません	4
しりました	3
しりませんでした	4
しりましょう	4
しらない	0
しらなかった	6
しった	3
しって	0
しっている	3
しっています	3
しっていた	3
しっていました	3
しってる	3
しってます	4
しれる	0
しれます	3
しれません	4
しれました	3
しれませんでした	4
しれましょう	4
しれない	0
しれなかった	6
しれた	3
しれて	0
しれている	3
しれています	3
しれていた	3
しれていました	3
しれてる	3
しれてます	4
たるむ	2
たるみます	4
たるみません	5
たるみました	4
たるみませんでした	5
たるみましょう	5
たるまない	3
たるまなかった	3
たるんだ	2
たるんで	2
たるんでいる	2
たるんでいます	2
たるんでいた	2
たるんでいました	2
たるんでる	4
たるんでます	2
はじる	2
はじます	3
はじません	4
はじました	3
はじませんでした	4
はじましょう	4
はじない	2
はじなかった	2
はじた	2
はじて	2
はじている	2
はじています	2
はじていた	2
はじていました	2
はじてる	3
はじてます	2
はずかしい	4
はずかしく	4
はずかしくない	4
はずかしくなかった	4
はずかしかった	4
はずかしくて	4
おきかえる	3
おきかえます	5
おきかえません	6
おきかえました	5
おきかえませんでした	6
おきかえましょう	6
おきかえない	4
おきかえなかった	4
おきかえた	4
おきかえて	4
おきかえている	4
おきかえています	4
おきかえていた	4
おきかえていました	4
おきかえてる	5
おきかえてます	4
おく	0
おかない	0
おかなかった	6
おいて	0
おいている	3
おいています	3
おいていた	3
おいていました	3
おいてる	3
おいてます	4
いたす	2
いたします	4
いたしません	5
いたしました	4
いたしませんでした	5
いたしましょう	5
いたさない	3
いたさなかった	3
いたした	2
いたして	2
いたしている	2
いたしています	2
いたしていた	2
いたしていました	2
いたしてる	4
いたしてます	2
おそい	0
おそく	2
おそくない	2
おそくなかった	2
おそかった	2
おそくて	2
おくらす	0
おくらします	5
おくらしません	6
おくらしました	5
おくらしませんでした	6
おくらしましょう	6
おくらさない	0
おくらさなかった	8
おくらした	5
おくらして	0
おくらしている	5
おくらしています	5
おくらしていた	5
おくらしていました	5
おくらしてる	5
おくらしてます	6
きずきあげる	5
きずきあげます	6
きずきあげません	7
きずきあげました	6
きずきあげませんでした	7
きずきあげましょう	7
きずきあげない	5
きずきあげなかった	5
きずきあげた	5
きずきあげて	5
きずきあげている	5
きずきあげています	5
きずきあげていた	5
きずきあげていました	5
きずきあげてる	6
きずきあげてます	5
きずく	2
きずきます	4
きずきません	5
きずきました	4
きずきませんでした	5
きずきましょう	5
きずかない	3
きずかなかった	3
きずいた	2
きずいて	2
きずいている	2
きずいています	2
きずいていた	2
きずいていました	2
きずいてる	4
きずいてます	2
きせる	0
きせます	3
きせません	4
きせました	3
きせませんでした	4
きせましょう	4
きせない	0
きせなかった	6
きせた	3
きせて	0
きせている	3
きせています	3
きせていた	3
きせていました	3
きせてる	3
きせてます	4
きます	2
きません	3
きました	2
きませんでした	3
きましょう	3
きない	1
きなかった	1
きた	1
きて	1
きている	1
きています	1
きていた	1
きていました	1
きてる	2
きてます	1
きかざる	3
きかざります	5
きかざりません	6
きかざりました	5
きかざりませんでした	6
きかざりましょう	6
きかざらない	4
きかざらなかった	4
きかざった	3
きかざって	3
きかざっている	3
きかざっています	3
きかざっていた	3
きかざっていました	3
きかざってる	5
きかざってます	3
きがえる	3
きがえます	4
きがえません	5
きがえました	4
きがえませんでした	5
きがえましょう	5
きがえない	0
きがえなかった	7
きがえた	4
きがえて	0
きがえている	4
きがえています	4
きがえていた	4
きがえていました	4
きがえてる	4
きがえてます	5
いちじるしい	5
いちじるしく	5
いちじるしくない	5
いちじるしくなかった	5
いちじるしかった	5
いちじるしくて	5
しぼむ	0
しぼみます	4
しぼみません	5
しぼみました	4
しぼみませんでした	5
しぼみましょう	5
しぼまない	0
しぼまなかった	7
しぼんだ	0
しぼんで	4
しぼんでいる	4
しぼんでいます	4
しぼんでいた	4
しぼんでいました	4
しぼんでる	4
しぼんでます	5
しゃべる	2
しゃべります	4
しゃべりません	5
しゃべりました	4
しゃべりませんでした	5
しゃべりましょう	5
しゃべらない	3
しゃべらなかった	3
しゃべった	2
しゃべって	2
しゃべっている	2
しゃべっています	2
しゃべっていた	2
しゃべっていました	2
しゃべってる	4
しゃべってます	2
はりだす	3
はりだします	5
はりだしません	6
はりだしました	5
はりだしませんでした	6
はりだしましょう	6
はりださない	4
はりださなかった	4
はりだした	3
はりだして	3
はりだしている	3
はりだしています	3
はりだしていた	3
はりだしていました	3
はりだしてる	5
はりだしてます	3
はりきる	3
はりきります	5
はりきりません	6
はりきりました	5
はりきりませんでした	6
はりきりましょう	6
はりきらない	4
はりきらなかった	4
はりきった	3
はりきって	3
はりきっている	3
はりきっています	3
はりきっていた	3
はりきっていました	3
はりきってる	5
はりきってます	3
はる	0
はります	3
はりません	4
はりました	3
はりませんでした	4
はりましょう	4
はらない	0
はらなかった	6
はった	3
はって	0
はっている	3
はっています	3
はっていた	3
はっていました	3
はってる	3
はってます	4
こりる	2
こりない	2
こりなかった	2
こりた	2
こりて	2
こりている	2
こりています	2
こりていた	2
こりていました	2
こりてる	3
こりてます	2
ながめる	3
ながめます	4
ながめません	5
ながめました	4
ながめませんでした	5
ながめましょう	5
ながめない	3
ながめなかった	3
ながめた	3
ながめて	3
ながめている	3
ながめています	3
ながめていた	3
ながめていました	3
ながめてる	4
ながめてます	3
しらべる	3
しらべます	4
しらべません	5
しらべました	4
しらべませんでした	5
しらべましょう	5
しらべない	3
しらべなかった	3
しらべた	3
しらべて	3
しらべている	3
しらべています	3
しらべていた	3
しらべていました	3
しらべてる	4
しらべてます	3
はねる	2
はねます	3
はねません	4
はねました	3
はねませんでした	4
はねましょう	4
はねない	2
はねなかった	2
はねた	2
はねて	2
はねている	2
はねています	2
はねていた	2
はねていました	2
はねてる	3
はねてます	2
とびあがる	4
とびあがります	6
とびあがりません	7
とびあがりました	6
とびあがりませんでした	7
とびあがりましょう	7
とびあがらない	5
とびあがらなかった	5
とびあがった	4
とびあがって	4
とびあがっている	4
とびあがっています	4
とびあがっていた	4
とびあがっていました	4
とびあがってる	6
とびあがってます	4
とぶ	0
とびます	3
とびません	4
とびました	3
とびませんでした	4
とびましょう	4
とばない	0
とばなかった	6
とんで	3
とんでいる	3
とんでいます	3
とんでいた	3
とんでいました	3
とんでる	3
とんでます	4
ながい	2
ながく	2
ながくない	2
ながくなかった	2
ながかった	2
ながくて	2
はかどる	3
はかどります	5
はかどりません	6
はかどりました	5
はかどりませんでした	6
はかどりましょう	6
はかどらない	4
はかどらなかった	4
はかどった	3
はかどって	3
はかどっている	3
はかどっています	3
はかどっていた	3
はかどっていました	3
はかどってる	5
はかどってます	3
しずむ	0
しずみます	4
しずみません	5
しずみました	4
しずみませんでした	5
しずみましょう	5
しずまない	0
しずまなかった	7
しずんだ	0
しずんで	4
しずんでいる	4
しずんでいます	4
しずんでいた	4
しずんでいました	4
しずんでる	4
しずんでます	5
しずめる	0
しずめます	4
しずめません	5
しずめました	4
しずめませんでした	5
しずめましょう	5
しずめない	0
しずめなかった	7
しずめた	4
しずめて	0
しずめている	4
しずめています	4
しずめていた	4
しずめていました	4
しずめてる	4
しずめてます	5
めずらしい	4
めずらしく	4
めずらしくない	4
めずらしくなかった	4
めずらしかった	4
めずらしくて	4
おいこす	3
おいこします	5
おいこしません	6
おいこしました	5
おいこしませんでした	6
おいこしましょう	6
おいこさない	4
おいこさなかった	4
おいこした	5
おいこして	0
おいこしている	5
おいこしています	5
おいこしていた	5
おいこしていました	5
おいこしてる	5
おいこしてます	6
おいこむ	3
おいこみます	5
おいこみません	6
おいこみました	5
おいこみませんでした	6
おいこみましょう	6
おいこまない	4
おいこまなかった	4
おいこんだ	3
おいこんで	3
おいこんでいる	3
おいこんでいます	3
おいこんでいた	3
おいこんでいました	3
おいこんでる	5
おいこんでます	3
おいだす	3
おいだします	5
おいだしません	6
おいだしました	5
おいだしませんでした	6
おいだしましょう	6
おいださない	4
おいださなかった	4
おいだした	5
おいだして	0
おいだしている	5
おいだしています	5
おいだしていた	5
おいだしていました	5
おいだしてる	5
おいだしてます	6
おいぬく	3
おいぬきます	5
おいぬきません	6
おいぬきました	5
おいぬきませんでした	6
おいぬきましょう	6
おいぬかない	4
おいぬかなかった	4
おいぬいた	3
おいぬいて	3
おいぬいている	3
おいぬいています	3
おいぬいていた	3
おいぬいていました	3
おいぬいてる	5
おいぬいてます	3
おいます	3
おいません	4
おいました	3
おいませんでした	4
おいましょう	4
おわない	0
おわなかった	6
いたい	2
いたく	2
いたくない	2
いたくなかった	2
いたかった	2
いたくて	2
いたむ	2
いたみます	4
いたみません	5
いたみました	4
いたみませんでした	5
いたみましょう	5
いたまない	3
いたまなかった	3
いたんだ	2
いたんで	2
いたんでいる	2
いたんでいます	2
いたんでいた	2
いたんでいました	2
いたんでる	4
いたんでます	2
いためる	3
いためます	4
いためません	5
いためました	4
いためませんでした	5
いためましょう	5
いためない	3
いためなかった	3
いためた	3
いためて	3
いためている	3
いためています	3
いためていた	3
いためていました	3
いためてる	4
いためてます	3
かよう	0
かよいます	4
かよいません	5
かよいました	4
かよいませんでした	5
かよいましょう	5
かよわない	0
かよわなかった	7
かよった	1
かよって	1
かよっている	1
かよっています	1
かよっていた	1
かよっていました	1
かよってる	4
かよってます	1
つうじる	0
つうじます	4
つうじません	5
つうじました	4
つうじませんでした	5
つうじましょう	5
つうじない	0
つうじなかった	7
つうじた	4
つうじて	0
つうじている	4
つうじています	4
つうじていた	4
つうじていました	4
つうじてる	4
つうじてます	5
とおす	1
とおします	4
とおしません	5
とおしました	4
とおしませんでした	5
とおしましょう	5
とおさない	3
とおさなかった	3
とおした	3
とおして	3
とおしている	3
とおしています	3
とおしていた	3
とおしていました	3
とおしてる	4
とおしてます	3
とおりすぎる	5
とおりすぎます	6
とおりすぎません	7
とおりすぎました	6
とおりすぎませんでした	7
とおりすぎましょう	7
とおりすぎない	5
とおりすぎなかった	5
とおりすぎた	5
とおりすぎて	5
とおりすぎている	5
とおりすぎています	5
とおりすぎていた	5
とおりすぎていました	5
とおりすぎてる	6
とおりすぎてます	5
とおる	1
とおります	4
とおりません	5
とおりました	4
とおりませんでした	5
とおりましょう	5
とおらない	3
とおらなかった	3
つかむ	2
つかみます	4
つかみません	5
つかみました	4
つかみませんでした	5
つかみましょう	5
つかまない	3
つかまなかった	3
つかんだ	2
つかんで	2
つかんでいる	2
つかんでいます	2
つかんでいた	2
つかんでいました	2
つかんでる	4
つかんでます	2
つかる	0
つかります	4
つかりません	5
つかりました	4
つかりませんでした	5
つかりましょう	5
つからない	0
つからなかった	7
つける	0
つけます	3
つけません	4
つけました	3
つけませんでした	4
つけましょう	4
つけない	0
つけなかった	6
つけた	3
つけて	0
つけている	3
つけています	3
つけていた	3
つけていました	3
つけてる	3
つけてます	4
とじる	2
とじます	3
とじません	4
とじました	3
とじませんでした	4
とじましょう	4
とじない	2
とじなかった	2
とじた	2
とじて	2
とじている	2
とじています	2
とじていた	2
とじていました	2
とじてる	3
とじてます	2
つづる	0
つづります	4
つづりません	5
つづりました	4
つづりませんでした	5
つづりましょう	5
つづらない	0
つづらなかった	7
つづった	4
つづって	0
つづっている	4
つづっています	4
つづっていた	4
つづっていました	4
つづってる	4
つづってます	5
つぶす	0
つぶします	4
つぶしません	5
つぶしました	4
つぶしませんでした	5
つぶしましょう	5
つぶさない	0
つぶさなかった	7
つぶした	4
つぶして	0
つぶしている	4
つぶしています	4
つぶしていた	4
つぶしていました	4
つぶしてる	4
つぶしてます	5
つぶれる	0
つぶれます	4
つぶれません	5
つぶれました	4
つぶれませんでした	5
つぶれましょう	5
つぶれない	0
つぶれなかった	7
つぶれた	4
つぶれて	0
つぶれている	4
つぶれています	4
つぶれていた	4
つぶれていました	4
つぶれてる	4
つぶれてます	5
つるす	0
つるします	4
つるしません	5
つるしました	4
つるしませんでした	5
つるしましょう	5
つるさない	0
つるさなかった	7
つるした	4
つるして	0
つるしている	4
つるしています	4
つるしていた	4
つるしていました	4
つるしてる	4
つるしてます	5
つる	0
つります	3
つりません	4
つりました	3
つりませんでした	4
つりましょう	4
つらない	0
つらなかった	6
つった	3
つって	0
つっている	3
つっています	3
つっていた	3
つっていました	3
つってる	3
つってます	4
つりあう	3
つりあいます	5
つりあいません	6
つりあいました	5
つりあいませんでした	6
つりあいましょう	6
つりあわない	4
つりあわなかった	4
つりあった	3
つりあって	3
つりあっている	3
つりあっています	3
つりあっていた	3
つりあっていました	3
つりあってる	5
つりあってます	3
ひくい	2
ひくく	2
ひくくない	2
ひくくなかった	2
ひくかった	2
ひくくて	2
ひくめる	3
ひくめます	4
ひくめません	5
ひくめました	4
ひくめませんでした	5
ひくめましょう	5
ひくめない	3
ひくめなかった	3
ひくめた	3
ひくめて	3
ひくめている	3
ひくめています	3
ひくめていた	3
ひくめていました	3
ひくめてる	4
ひくめてます	3
さだまる	3
さだまります	5
さだまりません	6
さだまりました	5
さだまりませんでした	6
さだまりましょう	6
さだまらない	4
さだまらなかった	4
さだまった	3
さだまって	3
さだまっている	3
さだまっています	3
さだまっていた	3
さだまっていました	3
さだまってる	5
さだまってます	3
さだめる	3
さだめます	4
さだめません	5
さだめました	4
さだめませんでした	5
さだめましょう	5
さだめない	0
さだめなかった	7
さだめた	4
さだめて	0
さだめている	4
さだめています	4
さだめていた	4
さだめていました	4
さだめてる	4
さだめてます	5
しまる	2
しまります	4
しまりません	5
しまりました	4
しまりませんでした	5
しまりましょう	5
しまらない	3
しまらなかった	3
あきらめる	4
あきらめます	5
あきらめません	6
あきらめました	5
あきらめませんでした	6
あきらめましょう	6
あきらめない	4
あきらめなかった	4
あきらめた	4
あきらめて	4
あきらめている	4
あきらめています	4
あきらめていた	4
あきらめていました	4
あきらめてる	5
あきらめてます	4
つまむ	2
つまみます	3
つまみません	4
つまみました	3
つまみませんでした	4
つまみましょう	4
つままない	0
つままなかった	6
つまんだ	0
つまんで	3
つまんでいる	3
つまんでいます	3
つまんでいた	3
つまんでいました	3
つまんでる	3
つまんでます	4
おぼれる	0
おぼれます	4
おぼれません	5
おぼれました	4
おぼれませんでした	5
おぼれましょう	5
おぼれない	0
おぼれなかった	7
おぼれた	4
おぼれて	0
おぼれている	4
おぼれています	4
おぼれていた	4
おぼれていました	4
おぼれてる	4
おぼれてます	5
まとめる	0
まとめます	4
まとめません	5
まとめました	4
まとめませんでした	5
まとめましょう	5
まとめない	0
まとめなかった	7
まとめた	4
まとめて	0
まとめている	4
まとめています	4
まとめていた	4
まとめていました	4
まとめてる	4
まとめてます	5
ころがす	0
ころがします	5
ころがしません	6
ころがしました	5
ころがしませんでした	6
ころがしましょう	6
ころがさない	0
ころがさなかった	8
ころがした	5
ころがして	0
ころがしている	5
ころがしています	5
ころがしていた	5
ころがしていました	5
ころがしてる	5
ころがしてます	6
ころがる	0
ころがります	5
ころがりません	6
ころがりました	5
ころがりませんでした	6
ころがりましょう	6
ころがらない	0
ころがらなかった	8
ころがった	5
ころがって	0
ころがっている	5
ころがっています	5
ころがっていた	5
ころがっていました	5
ころがってる	5
ころがってます	6
てんじる	0
てんじます	4
てんじません	5
てんじました	4
てんじませんでした	5
てんじましょう	5
てんじない	0
てんじなかった	7
てんじた	4
てんじて	0
てんじている	4
てんじています	4
てんじていた	4
てんじていました	4
てんじてる	4
てんじてます	5
つたう	0
つたいます	4
つたいません	5
つたいました	4
つたいませんでした	5
つたいましょう	5
つたわない	0
つたわなかった	7
つたった	4
つたって	0
つたっている	4
つたっています	4
つたっていた	4
つたっていました	4
つたってる	4
つたってます	5
つたえる	0
つたえます	4
つたえません	5
つたえました	4
つたえませんでした	5
つたえましょう	5
つたえない	0
つたえなかった	7
つたえた	4
つたえて	0
つたえている	4
つたえています	4
つたえていた	4
つたえていました	4
つたえてる	4
つたえてます	5
つたわる	0
つたわります	5
つたわりません	6
つたわりました	5
つたわりませんでした	6
つたわりましょう	6
つたわらない	0
つたわらなかった	8
つたわった	5
つたわって	0
つたわっている	5
つたわっています	5
つたわっていた	5
つたわっていました	5
つたわってる	5
つたわってます	6
ぬりかえる	4
ぬりかえます	5
ぬりかえません	6
ぬりかえました	5
ぬりかえませんでした	6
ぬりかえましょう	6
ぬりかえない	4
ぬりかえなかった	4
ぬりかえた	4
ぬりかえて	4
ぬりかえている	4
ぬりかえています	4
ぬりかえていた	4
ぬりかえていました	4
ぬりかえてる	5
ぬりかえてます	4
ぬる	0
ぬります	3
ぬりません	4
ぬりました	3
ぬりませんでした	4
ぬりましょう	4
ぬらない	0
ぬらなかった	6
ぬった	3
ぬって	0
ぬっている	3
ぬっています	3
ぬっていた	3
ぬっていました	3
ぬってる	3
ぬってます	4
ねたむ	2
ねたみます	4
ねたみません	5
ねたみました	4
ねたみませんでした	5
ねたみましょう	5
ねたまない	3
ねたまなかった	3
ねたんだ	2
ねたんで	2
ねたんでいる	2
ねたんでいます	2
ねたんでいた	2
ねたんでいました	2
ねたんでる	4
ねたんでます	2
わたす	0
わたします	4
わたしません	5
わたしました	4
わたしませんでした	5
わたしましょう	5
わたさない	0
わたさなかった	7
わたした	4
わたして	0
わたしている	4
わたしています	4
わたしていた	4
わたしていました	4
わたしてる	4
わたしてます	5
わたる	0
わたります	4
わたりません	5
わたりました	4
わたりませんでした	5
わたりましょう	5
わたらない	0
わたらなかった	7
わたった	4
わたって	0
わたっている	4
わたっています	4
わたっていた	4
わたっていました	4
わたってる	4
わたってます	5
とだえる	3
とだえます	4
とだえません	5
とだえました	4
とだえませんでした	5
とだえましょう	5
とだえない	3
とだえなかった	3
とだえた	3
とだえて	3
とだえている	3
とだえています	3
とだえていた	3
とだえていました	3
とだえてる	4
とだえてます	3
どなる	2
どなります	4
どなりません	5
どなりました	4
どなりませんでした	5
どなりましょう	5
どならない	3
どならなかった	3
どなった	2
どなって	2
どなっている	2
どなっています	2
どなっていた	2
どなっていました	2
どなってる	4
どなってます	2
たおす	2
たおします	4
たおしません	5
たおしました	4
たおしませんでした	5
たおしましょう	5
たおさない	3
たおさなかった	3
たおした	2
たおして	2
たおしている	2
たおしています	2
たおしていた	2
たおしていました	2
たおしてる	4
たおしてます	2
たおれる	3
たおれます	4
たおれません	5
たおれました	4
たおれませんでした	5
たおれましょう	5
たおれない	3
たおれなかった	3
たおれた	3
たおれて	3
たおれている	3
たおれています	3
たおれていた	3
たおれていました	3
たおれてる	4
たおれてます	3
こごえる	0
こごえます	4
こごえません	5
こごえました	4
こごえませんでした	5
こごえましょう	5
こごえない	0
こごえなかった	7
こごえた	4
こごえて	0
こごえている	4
こごえています	4
こごえていた	4
こごえていました	4
こごえてる	4
こごえてます	5
なげる	2
なげます	3
なげません	4
なげました	3
なげませんでした	4
なげましょう	4
なげない	2
なげなかった	2
なげた	2
なげて	2
なげている	2
なげています	2
なげていた	2
なげていました	2
なげてる	3
なげてます	2
なげこむ	3
なげこみます	5
なげこみません	6
なげこみました	5
なげこみませんでした	6
なげこみましょう	6
なげこまない	4
なげこまなかった	4
なげこんだ	3
なげこんで	3
なげこんでいる	3
なげこんでいます	3
なげこんでいた	3
なげこんでいました	3
なげこんでる	5
なげこんでます	3
なげだす	0
なげだします	5
なげだしません	6
なげだしました	5
なげだしませんでした	6
なげだしましょう	6
なげださない	4
なげださなかった	4
なげだした	3
なげだして	3
なげだしている	3
なげだしています	3
なげだしていた	3
なげだしていました	3
なげだしてる	5
なげだしてます	3
とうじる	0
とうじます	4
とうじません	5
とうじました	4
とうじませんでした	5
とうじましょう	5
とうじない	0
とうじなかった	7
とうじた	4
とうじて	0
とうじている	4
とうじています	4
とうじていた	4
とうじていました	4
とうじてる	4
とうじてます	5
ぬすむ	2
ぬすみます	4
ぬすみません	5
ぬすみました	4
ぬすみませんでした	5
ぬすみましょう	5
ぬすまない	3
ぬすまなかった	3
ぬすんだ	2
ぬすんで	2
ぬすんでいる	2
ぬすんでいます	2
ぬすんでいた	2
ぬすんでいました	2
ぬすんでる	4
ぬすんでます	2
あたる	0
あたります	4
あたりません	5
あたりました	4
あたりませんでした	5
あたりましょう	5
あたらない	0
あたらなかった	7
あたった	4
あたって	0
あたっている	4
あたっています	4
あたっていた	4
あたっていました	4
あたってる	4
あたってます	5
あてはまる	4
あてはまります	6
あてはまりません	7
あてはまりました	6
あてはまりませんでした	7
あてはまりましょう	7
あてはまらない	5
あてはまらなかった	5
あてはまった	4
あてはまって	4
あてはまっている	4
あてはまっています	4
あてはまっていた	4
あてはまっていました	4
あてはまってる	6
あてはまってます	4
ひとしい	3
ひとしく	3
ひとしくない	3
ひとしくなかった	3
ひとしかった	3
ひとしくて	3
ふまえる	3
ふまえます	4
ふまえません	5
ふまえました	4
ふまえませんでした	5
ふまえましょう	5
ふまえない	3
ふまえなかった	3
ふまえた	3
ふまえて	3
ふまえている	3
ふまえています	3
ふまえていた	3
ふまえていました	3
ふまえてる	4
ふまえてます	3
ふみきる	3
ふみきります	5
ふみきりません	6
ふみきりました	5
ふみきりませんでした	6
ふみきりましょう	6
ふみきらない	4
ふみきらなかった	4
ふみきった	3
ふみきって	3
ふみきっている	3
ふみきっています	3
ふみきっていた	3
ふみきっていました	3
ふみきってる	5
ふみきってます	3
ふみます	3
ふみません	4
ふみました	3
ふみませんでした	4
ふみましょう	4
ふまない	0
ふまなかった	6
ふんだ	0
ふんで	3
ふんでいる	3
ふんでいます	3
ふんでいた	3
ふんでいました	3
ふんでる	3
ふんでます	4
ふんばる	3
ふんばります	5
ふんばりません	6
ふんばりました	5
ふんばりませんでした	6
ふんばりましょう	6
ふんばらない	4
ふんばらなかった	4
ふんばった	3
ふんばって	3
ふんばっている	3
ふんばっています	3
ふんばっていた	3
ふんばっていました	3
ふんばってる	5
ふんばってます	3
にがす	2
にがします	4
にがしません	5
にがしました	4
にがしませんでした	5
にがしましょう	5
にがさない	3
にがさなかった	3
にがした	2
にがして	2
にがしている	2
にがしています	2
にがしていた	2
にがしていました	2
にがしてる	4
にがしてます	2
にげる	2
にげます	3
にげません	4
にげました	3
にげませんでした	4
にげましょう	4
にげない	2
にげなかった	2
にげた	2
にげて	2
にげている	2
にげています	2
にげていた	2
にげていました	2
にげてる	3
にげてます	2
にげだす	3
にげだします	5
にげだしません	6
にげだしました	5
にげだしませんでした	6
にげだしましょう	6
にげださない	4
にげださなかった	4
にげだした	3
にげだして	3
にげだしている	3
にげだしています	3
にげだしていた	3
にげだしていました	3
にげだしてる	5
にげだしてます	3
のがれる	3
のがれます	4
のがれません	5
のがれました	4
のがれませんでした	5
のがれましょう	5
のがれない	3
のがれなかった	3
のがれた	3
のがれて	3
のがれている	3
のがれています	3
のがれていた	3
のがれていました	3
のがれてる	4
のがれてます	3
すきとおる	3
すきとおります	6
すきとおりません	7
すきとおりました	6
すきとおりませんでした	7
すきとおりましょう	7
すきとおらない	5
すきとおらなかった	5
すきとおった	3
すきとおって	3
すきとおっている	3
すきとおっています	3
すきとおっていた	3
すきとおっていました	3
すきとおってる	6
すきとおってます	3
はたらきかける	6
はたらきかけます	7
はたらきかけません	8
はたらきかけました	7
はたらきかけませんでした	8
はたらきかけましょう	8
はたらきかけない	6
はたらきかけなかった	10
はたらきかけた	6
はたらきかけて	6
はたらきかけている	6
はたらきかけています	6
はたらきかけていた	6
はたらきかけていました	6
はたらきかけてる	7
はたらきかけてます	6
はたらく	0
はたらきます	5
はたらきません	6
はたらきました	5
はたらきませんでした	6
はたらきましょう	6
はたらかない	0
はたらかなかった	8
はたらいた	5
はたらいて	0
はたらいている	5
はたらいています	5
はたらいていた	5
はたらいていました	5
はたらいてる	5
はたらいてます	6
うごかす	3
うごかします	5
うごかしません	6
うごかしました	5
うごかしませんでした	6
うごかしましょう	6
うごかさない	4
うごかさなかった	4
うごかした	3
うごかして	3
うごかしている	3
うごかしています	3
うごかしていた	3
うごかしていました	3
うごかしてる	5
うごかしてます	3
うごく	2
うごきます	4
うごきません	5
うごきました	4
うごきませんでした	5
うごきましょう	5
うごかない	3
うごかなかった	3
うごいた	2
うごいて	2
うごいている	2
うごいています	2
うごいていた	2
うごいていました	2
うごいてる	4
うごいてます	2
どうじる	0
どうじます	4
どうじません	5
どうじました	4
どうじませんでした	5
どうじましょう	5
どうじない	0
どうじなかった	7
どうじた	4
どうじて	0
どうじている	4
どうじています	4
どうじていた	4
どうじていました	4
どうじてる	4
どうじてます	5
みちびく	3
みちびきます	5
みちびきません	6
みちびきました	5
みちびきませんでした	6
みちびきましょう	6
みちびかない	4
みちびかなかった	4
みちびいた	3
みちびいて	3
みちびいている	3
みちびいています	3
みちびいていた	3
みちびいていました	3
みちびいてる	5
みちびいてます	3
あこがれる	0
あこがれます	5
あこがれません	6
あこがれました	5
あこがれませんでした	6
あこがれましょう	6
あこがれない	0
あこがれなかった	8
あこがれた	5
あこがれて	0
あこがれている	5
あこがれています	5
あこがれていた	5
あこがれていました	5
あこがれてる	5
あこがれてます	6
はげる	2
はげます	3
はげません	4
はげました	3
はげませんでした	4
はげましょう	4
はげない	2
はげなかった	2
はげた	1
はげて	1
はげている	1
はげています	1
はげていた	1
はげていました	1
はげてる	3
はげてます	1
よみあげる	4
よみあげます	5
よみあげません	6
よみあげました	5
よみあげませんでした	6
よみあげましょう	6
よみあげない	4
よみあげなかった	4
よみあげた	4
よみあげて	4
よみあげている	4
よみあげています	4
よみあげていた	4
よみあげていました	4
よみあげてる	5
よみあげてます	4
つきさす	3
つきさします	5
つきさしません	6
つきさしました	5
つきさしませんでした	6
つきさしましょう	6
つきささない	4
つきささなかった	4
つきさした	3
つきさして	3
つきさしている	3
つきさしています	3
つきさしていた	3
つきさしていました	3
つきさしてる	5
つきさしてます	3
つきあげる	4
つきあげます	5
つきあげません	6
つきあげました	5
つきあげませんでした	6
つきあげましょう	6
つきあげない	4
つきあげなかった	4
つきあげた	4
つきあげて	4
つきあげている	4
つきあげています	4
つきあげていた	4
つきあげていました	4
つきあげてる	5
つきあげてます	4
つきあたる	4
つきあたります	6
つきあたりません	7
つきあたりました	6
つきあたりませんでした	7
つきあたりましょう	7
つきあたらない	5
つきあたらなかった	5
つきあたった	4
つきあたって	4
つきあたっている	4
つきあたっています	4
つきあたっていた	4
つきあたっていました	4
つきあたってる	6
つきあたってます	4
つきぬける	4
つきぬけます	5
つきぬけません	6
つきぬけました	5
つきぬけませんでした	6
つきぬけましょう	6
つきぬけない	4
つきぬけなかった	4
つきぬけた	4
つきぬけて	4
つきぬけている	4
つきぬけています	4
つきぬけていた	4
つきぬけていました	4
つきぬけてる	5
つきぬけてます	4
つっこむ	3
つっこみます	5
つっこみません	6
つっこみました	5
つっこみませんでした	6
つっこみましょう	6
つっこまない	4
つっこまなかった	4
つっこんだ	3
つっこんで	3
つっこんでいる	3
つっこんでいます	3
つっこんでいた	3
つっこんでいました	3
つっこんでる	5
つっこんでます	3
とどく	2
とどきます	4
とどきません	5
とどきました	4
とどきませんでした	5
とどきましょう	5
とどかない	3
とどかなかった	3
とどいた	2
とどいて	2
とどいている	2
とどいています	2
とどいていた	2
とどいていました	2
とどいてる	4
とどいてます	2
とどける	3
とどけます	4
とどけません	5
とどけました	4
とどけませんでした	5
とどけましょう	5
とどけない	3
とどけなかった	3
とどけた	3
とどけて	3
とどけている	3
とどけています	3
とどけていた	3
とどけていました	3
とどけてる	4
とどけてます	3
くもる	2
くもります	4
くもりません	5
くもりました	4
くもりませんでした	5
くもりましょう	5
くもらない	3
くもらなかった	3
くもった	2
くもって	2
くもっている	2
くもっています	2
くもっていた	2
くもっていました	2
くもってる	4
くもってます	2
なれなれしい	5
なれなれしく	5
なれなれしくない	5
なれなれしくなかった	5
なれなれしかった	5
なれなれしくて	5
なじむ	2
なじみます	4
なじみません	5
なじみました	4
なじみませんでした	5
なじみましょう	5
なじまない	3
なじまなかった	3
なじんだ	2
なじんで	2
なじんでいる	2
なじんでいます	2
なじんでいた	2
なじんでいました	2
なじんでる	4
なじんでます	2
むずかしい	4
むずかしく	4
むずかしくない	4
むずかしくなかった	4
むずかしかった	4
むずかしくて	4
にぎわう	3
にぎわいます	5
にぎわいません	6
にぎわいました	5
にぎわいませんでした	6
にぎわいましょう	6
にぎわわない	4
にぎわわなかった	4
にぎわった	3
にぎわって	3
にぎわっている	3
にぎわっています	3
にぎわっていた	3
にぎわっていました	3
にぎわってる	5
にぎわってます	3
はいりこむ	0
はいりこみます	6
はいりこみません	7
はいりこみました	6
はいりこみませんでした	7
はいりこみましょう	7
はいりこまない	4
はいりこまなかった	4
はいりこんだ	4
はいりこんで	4
はいりこんでいる	4
はいりこんでいます	4
はいりこんでいた	4
はいりこんでいました	4
はいりこんでる	6
はいりこんでます	4
はいる	1
はいります	4
はいりません	5
はいりました	4
はいりませんでした	5
はいりましょう	5
はいらない	3
はいらなかった	3
はいった	1
はいって	1
はいっている	1
はいっています	1
はいっていた	1
はいっていました	1
はいってる	4
はいってます	1
いれる	0
いれます	3
いれません	4
いれました	3
いれませんでした	4
いれましょう	4
いれない	0
いれなかった	6
いれた	3
いれて	0
いれている	3
いれています	3
いれていた	3
いれていました	3
いれてる	3
いれてます	4
まかす	2
まかします	4
まかしません	5
まかしました	4
まかしませんでした	5
まかしましょう	5
まかさない	3
まかさなかった	3
まかした	2
まかして	2
まかしている	2
まかしています	2
まかしていた	2
まかしていました	2
まかしてる	4
まかしてます	2
まかせる	3
まかせます	4
まかせません	5
まかせました	4
まかせませんでした	5
まかせましょう	5
まかせない	3
まかせなかった	3
まかせた	3
まかせて	3
まかせている	3
まかせています	3
まかせていた	3
まかせていました	3
まかせてる	4
まかせてます	3
みとめる	0
みとめます	4
みとめません	5
みとめました	4
みとめませんでした	5
みとめましょう	5
みとめない	0
みとめなかった	7
みとめた	4
みとめて	0
みとめている	4
みとめています	4
みとめていた	4
みとめていました	4
みとめてる	4
みとめてます	5
ぬらす	0
ぬらします	4
ぬらしません	5
ぬらしました	4
ぬらしませんでした	5
ぬらしましょう	5
ぬらさない	0
ぬらさなかった	7
ぬらした	4
ぬらして	0
ぬらしている	4
ぬらしています	4
ぬらしていた	4
ぬらしていました	4
ぬらしてる	4
ぬらしてます	5
ぬれる	0
ぬれます	3
ぬれません	4
ぬれました	3
ぬれませんでした	4
ぬれましょう	4
ぬれない	0
ぬれなかった	6
ぬれた	3
ぬれて	0
ぬれている	3
ぬれています	3
ぬれていた	3
ぬれていました	3
ぬれてる	3
ぬれてます	4
ひねる	2
ひねります	4
ひねりません	5
ひねりました	4
ひねりませんでした	5
ひねりましょう	5
ひねらない	3
ひねらなかった	3
ひねった	2
ひねって	2
ひねっている	2
ひねっています	2
ひねっていた	2
ひねっていました	2
ひねってる	4
ひねってます	2
もえる	0
もえます	3
もえません	4
もえました	3
もえませんでした	4
もえましょう	4
もえない	0
もえなかった	6
もえた	3
もえて	0
もえている	3
もえています	3
もえていた	3
もえていました	3
もえてる	3
もえてます	4
ねばりづよい	5
ねばりづよく	5
ねばりづよくない	5
ねばりづよくなかった	5
ねばりづよかった	5
ねばりづよくて	5
ねばる	2
ねばります	4
ねばりません	5
ねばりました	4
ねばりませんでした	5
ねばりましょう	5
ねばらない	3
ねばらなかった	3
ねばった	2
ねばって	2
ねばっている	2
ねばっています	2
ねばっていた	2
ねばっていました	2
ねばってる	4
ねばってます	2
なやます	3
なやまします	5
なやましません	6
なやましました	5
なやましませんでした	6
なやましましょう	6
なやまさない	4
なやまさなかった	4
なやました	3
なやまして	3
なやましている	3
なやましています	3
なやましていた	3
なやましていました	3
なやましてる	5
なやましてます	3
なやむ	2
なやみます	4
なやみません	5
なやみました	4
なやみませんでした	5
なやみましょう	5
なやまない	3
なやまなかった	3
なやんだ	2
なやんで	2
なやんでいる	2
なやんでいます	2
なやんでいた	2
なやんでいました	2
なやんでる	4
なやんでます	2
こい	1
こく	1
こくない	1
こくなかった	1
こかった	1
こくて	1
やぶる	2
やぶります	4
やぶりません	5
やぶりました	4
やぶりませんでした	5
やぶりましょう	5
やぶらない	3
やぶらなかった	3
やぶった	2
やぶって	2
やぶっている	2
やぶっています	2
やぶっていた	2
やぶっていました	2
やぶってる	4
やぶってます	2
やぶれる	0
やぶれます	4
やぶれません	5
やぶれました	4
やぶれませんでした	5
やぶれましょう	5
やぶれない	3
やぶれなかった	3
やぶれた	3
やぶれて	3
やぶれている	3
やぶれています	3
やぶれていた	3
やぶれていました	3
やぶれてる	4
やぶれてます	3
ののしる	3
ののしります	5
ののしりません	6
ののしりました	5
ののしりませんでした	6
ののしりましょう	6
ののしらない	4
ののしらなかった	4
ののしった	3
ののしって	3
ののしっている	3
ののしっています	3
ののしっていた	3
ののしっていました	3
ののしってる	5
ののしってます	3
おがむ	2
おがみます	4
おがみません	5
おがみました	4
おがみませんでした	5
おがみましょう	5
おがまない	3
おがまなかった	3
おがんだ	2
おがんで	2
おがんでいる	2
おがんでいます	2
おがんでいた	2
おがんでいました	2
おがんでる	4
おがんでます	2
そむく	2
そむきます	4
そむきません	5
そむきました	4
そむきませんでした	5
そむきましょう	5
そむかない	3
そむかなかった	3
そむいた	2
そむいて	2
そむいている	2
そむいています	2
そむいていた	2
そむいていました	2
そむいてる	4
そむいてます	2
せおう	2
せおいます	4
せおいません	5
せおいました	4
せおいませんでした	5
せおいましょう	5
せおわない	0
せおわなかった	6
せおった	2
せおって	2
せおっている	2
せおっています	2
せおっていた	2
せおっていました	2
せおってる	4
せおってます	2
くばる	2
くばります	4
くばりません	5
くばりました	4
くばりませんでした	5
くばりましょう	5
くばらない	3
くばらなかった	3
くばった	2
くばって	2
くばっている	2
くばっています	2
くばっていた	2
くばっていました	2
くばってる	4
くばってます	2
うりこむ	3
うりこみます	5
うりこみません	6
うりこみました	5
うりこみませんでした	6
うりこみましょう	6
うりこまない	4
うりこまなかった	4
うりこんだ	3
うりこんで	3
うりこんでいる	3
うりこんでいます	3
うりこんでいた	3
うりこんでいました	3
うりこんでる	5
うりこんでます	3
うりだす	3
うりだします	5
うりだしません	6
うりだしました	5
うりだしませんでした	6
うりだしましょう	6
うりださない	4
うりださなかった	4
うりだした	3
うりだして	3
うりだしている	3
うりだしています	3
うりだしていた	3
うりだしていました	3
うりだしてる	5
うりだしてます	3
うりきれる	4
うりきれます	5
うりきれません	6
うりきれました	5
うりきれませんでした	6
うりきれましょう	6
うりきれない	4
うりきれなかった	4
うりきれた	4
うりきれて	4
うりきれている	4
うりきれています	4
うりきれていた	4
うりきれていました	4
うりきれてる	5
うりきれてます	4
うる	0
うります	3
うりません	4
うりました	3
うりませんでした	4
うりましょう	4
うらない	0
うらなかった	6
うれる	0
うれます	3
うれません	4
うれました	3
うれませんでした	4
うれましょう	4
うれない	0
うれなかった	6
うれた	3
うれて	0
うれている	3
うれています	3
うれていた	3
うれていました	3
うれてる	3
うれてます	4
はう	1
はいます	3
はいません	4
はいました	3
はいませんでした	4
はいましょう	4
はわない	2
はわなかった	2
はがれる	3
はがれます	4
はがれません	5
はがれました	4
はがれませんでした	5
はがれましょう	5
はがれない	3
はがれなかった	3
はがれた	3
はがれて	3
はがれている	3
はがれています	3
はがれていた	3
はがれていました	3
はがれてる	4
はがれてます	3
しろい	2
しろく	2
しろくない	2
しろくなかった	2
しろかった	2
しろくて	2
うすい	0
うすく	0
うすくない	4
うすくなかった	7
うすかった	2
うすくて	0
うすめる	0
うすめます	4
うすめません	5
うすめました	4
うすめませんでした	5
うすめましょう	5
うすめない	0
うすめなかった	7
うすめた	4
うすめて	0
うすめている	4
うすめています	4
うすめていた	4
うすめていました	4
うすめてる	4
うすめてます	5
うすれる	0
うすれます	4
うすれません	5
うすれました	4
うすれませんでした	5
うすれましょう	5
うすれない	3
うすれなかった	3
うすれた	3
うすれて	3
うすれている	3
うすれています	3
うすれていた	3
うすれていました	3
うすれてる	4
うすれてます	3
うすぐらい	0
うすぐらく	4
うすぐらくない	4
うすぐらくなかった	4
うすぐらかった	4
うすぐらくて	4
せまる	2
せまります	4
せまりません	5
せまりました	4
せまりませんでした	5
せまりましょう	5
せまらない	3
せまらなかった	3
せまった	2
せまって	2
せまっている	2
せまっています	2
せまっていた	2
せまっていました	2
せまってる	4
せまってます	2
しばる	2
しばります	4
しばりません	5
しばりました	4
しばりませんでした	5
しばりましょう	5
しばらない	3
しばらなかった	3
しばった	2
しばって	2
しばっている	2
しばっています	2
しばっていた	2
しばっていました	2
しばってる	4
しばってます	2
ぬかす	0
ぬかします	4
ぬかしません	5
ぬかしました	4
ぬかしませんでした	5
ぬかしましょう	5
ぬかさない	0
ぬかさなかった	7
ぬかした	4
ぬかして	0
ぬかしている	4
ぬかしています	4
ぬかしていた	4
ぬかしていました	4
ぬかしてる	4
ぬかしてます	5
ぬく	0
ぬきます	3
ぬきません	4
ぬきました	3
ぬきませんでした	4
ぬきましょう	4
ぬかない	0
ぬかなかった	6
ぬいた	3
ぬいて	0
ぬいている	3
ぬいています	3
ぬいていた	3
ぬいていました	3
ぬいてる	3
ぬいてます	4
ぬける	0
ぬけます	3
ぬけません	4
ぬけました	3
ぬけませんでした	4
ぬけましょう	4
ぬけない	0
ぬけなかった	6
ぬけた	3
ぬけて	0
ぬけている	3
ぬけています	3
ぬけていた	3
ぬけていました	3
ぬけてる	3
ぬけてます	4
ぬけだす	3
ぬけだします	5
ぬけだしません	6
ぬけだしました	5
ぬけだしませんでした	6
ぬけだしましょう	6
ぬけださない	4
ぬけださなかった	4
ぬけだした	3
ぬけだして	3
ぬけだしている	3
ぬけだしています	3
ぬけだしていた	3
ぬけだしていました	3
ぬけだしてる	5
ぬけだしてます	3
ともなう	3
ともないます	5
ともないません	6
ともないました	5
ともないませんでした	6
ともないましょう	6
ともなわない	4
ともなわなかった	4
ともなった	3
ともなって	3
ともなっている	3
ともなっています	3
ともなっていた	3
ともなっていました	3
ともなってる	5
ともなってます	3
そる	1
そります	3
そりません	4
そりました	3
そりませんでした	4
そりましょう	4
そらない	2
そらなかった	2
うるさい	3
うるさく	3
うるさくない	3
うるさくなかった	3
うるさかった	3
うるさくて	3
わずらわしい	5
わずらわしく	5
わずらわしくない	5
わずらわしくなかった	5
わずらわしかった	5
わずらわしくて	5
いやしい	3
いやしく	3
いやしくない	3
いやしくなかった	3
いやしかった	3
いやしくて	3
かばう	2
かばいます	4
かばいません	5
かばいました	4
かばいませんでした	5
かばいましょう	5
かばわない	3
かばわなかった	3
かばった	2
かばって	2
かばっている	2
かばっています	2
かばっていた	2
かばっていました	2
かばってる	4
かばってます	2
かなしい	3
かなしく	3
かなしくない	3
かなしくなかった	3
かなしかった	3
かなしくて	3
かなしむ	3
かなしみます	5
かなしみません	6
かなしみました	5
かなしみませんでした	6
かなしみましょう	6
かなしまない	4
かなしまなかった	4
かなしんだ	3
かなしんで	3
かなしんでいる	3
かなしんでいます	3
かなしんでいた	3
かなしんでいました	3
かなしんでる	5
かなしんでます	3
くらべる	0
くらべます	4
くらべません	5
くらべました	4
くらべませんでした	5
くらべましょう	5
くらべない	0
くらべなかった	7
くらべた	4
くらべて	0
くらべている	4
くらべています	4
くらべていた	4
くらべていました	4
くらべてる	4
くらべてます	5
つかれる	3
つかれます	4
つかれません	5
つかれました	4
つかれませんでした	5
つかれましょう	5
つかれない	3
つかれなかった	3
つかれた	3
つかれて	3
つかれている	3
つかれています	3
つかれていた	3
つかれていました	3
つかれてる	4
つかれてます	3
ひめる	2
ひめます	3
ひめません	4
ひめました	3
ひめませんでした	4
ひめましょう	4
ひめない	2
ひめなかった	2
ひめた	2
ひめて	2
ひめている	2
ひめています	2
ひめていた	2
ひめていました	2
ひめてる	3
ひめてます	2
こえる	2
こえます	3
こえません	4
こえました	3
こえませんでした	4
こえましょう	4
こえない	2
こえなかった	2
こえた	2
こえて	2
こえている	2
こえています	2
こえていた	2
こえていました	2
こえてる	3
こえてます	2
かぶせる	3
かぶせます	4
かぶせません	5
かぶせました	4
かぶせませんでした	5
かぶせましょう	5
かぶせない	3
かぶせなかった	3
かぶせた	3
かぶせて	3
かぶせている	3
かぶせています	3
かぶせていた	3
かぶせていました	3
かぶせてる	4
かぶせてます	3
かぶる	2
かぶります	4
かぶりません	5
かぶりました	4
かぶりませんでした	5
かぶりましょう	5
かぶらない	3
かぶらなかった	3
かぶった	3
かぶって	3
かぶっている	3
かぶっています	3
かぶっていた	3
かぶっていました	3
かぶってる	5
かぶってます	3
ついやす	3
ついやします	5
ついやしません	6
ついやしました	5
ついやしませんでした	6
ついやしましょう	6
ついやさない	4
ついやさなかった	4
ついやした	3
ついやして	3
ついやしている	3
ついやしています	3
ついやしていた	3
ついやしていました	3
ついやしてる	5
ついやしてます	3
とばす	0
とばします	4
とばしません	5
とばしました	4
とばしませんでした	5
とばしましょう	5
とばさない	0
とばさなかった	7
とばした	4
とばして	0
とばしている	4
とばしています	4
とばしていた	4
とばしていました	4
とばしてる	4
とばしてます	5
とびかう	3
とびかいます	5
とびかいません	6
とびかいました	5
とびかいませんでした	6
とびかいましょう	6
とびかわない	4
とびかわなかった	4
とびかった	3
とびかって	3
とびかっている	3
とびかっています	3
とびかっていた	3
とびかっていました	3
とびかってる	5
とびかってます	3
とびだす	3
とびだします	5
とびだしません	6
とびだしました	5
とびだしませんでした	6
とびだしましょう	6
とびださない	4
とびださなかった	4
とびだした	3
とびだして	3
とびだしている	3
とびだしています	3
とびだしていた	3
とびだしていました	3
とびだしてる	5
とびだしてます	3
そなえつける	5
そなえつけます	6
そなえつけません	7
そなえつけました	6
そなえつけませんでした	7
そなえつけましょう	7
そなえつけない	5
そなえつけなかった	5
そなえつけた	5
そなえつけて	5
そなえつけている	5
そなえつけています	5
そなえつけていた	5
そなえつけていました	5
そなえつけてる	6
そなえつけてます	5
ほほえむ	3
ほほえみます	5
ほほえみません	6
ほほえみました	5
ほほえみませんでした	6
ほほえみましょう	6
ほほえまない	4
ほほえまなかった	4
ほほえんだ	3
ほほえんで	3
ほほえんでいる	3
ほほえんでいます	3
ほほえんでいた	3
ほほえんでいました	3
ほほえんでる	5
ほほえんでます	3
うつくしい	4
うつくしく	4
うつくしくない	4
うつくしくなかった	4
うつくしかった	4
うつくしくて	4
おいしい	3
おいしく	3
おいしくない	3
おいしくなかった	3
おいしかった	3
おいしくて	3
ただよう	3
ただよいます	5
ただよいません	6
ただよいました	5
ただよいませんでした	6
ただよいましょう	6
ただよわない	4
ただよわなかった	4
ただよった	3
ただよって	3
ただよっている	3
ただよっています	3
ただよっていた	3
ただよっていました	3
ただよってる	5
ただよってます	3
おもてだつ	4
おもてだちます	6
おもてだちません	7
おもてだちました	6
おもてだちませんでした	7
おもてだちましょう	7
おもてだたない	5
おもてだたなかった	5
おもてだった	4
おもてだって	4
おもてだっている	4
おもてだっています	4
おもてだっていた	4
おもてだっていました	4
おもてだってる	6
おもてだってます	4
まずしい	3
まずしく	3
まずしくない	3
まずしくなかった	3
まずしかった	3
まずしくて	3
まずい	2
まずく	2
まずくない	2
まずくなかった	2
まずかった	2
まずくて	2
つけくわえる	0
つけくわえます	6
つけくわえません	7
つけくわえました	6
つけくわえませんでした	7
つけくわえましょう	7
つけくわえない	0
つけくわえなかった	9
つけくわえた	6
つけくわえて	0
つけくわえている	6
つけくわえています	6
つけくわえていた	6
つけくわえていました	6
つけくわえてる	6
つけくわえてます	7
つけこむ	0
つけこみます	5
つけこみません	6
つけこみました	5
つけこみませんでした	6
つけこみましょう	6
つけこまない	0
つけこまなかった	8
つけこんだ	0
つけこんで	5
つけこんでいる	5
つけこんでいます	5
つけこんでいた	5
つけこんでいました	5
つけこんでる	5
つけこんでます	6
つけたす	0
つけたします	5
つけたしません	6
つけたしました	5
つけたしませんでした	6
つけたしましょう	6
つけたさない	0
つけたさなかった	8
つけたした	5
つけたして	0
つけたしている	5
つけたしています	5
つけたしていた	5
つけたしていました	5
つけたしてる	5
つけたしてます	6
とむ	1
とみます	3
とみません	4
とみました	3
とみませんでした	4
とみましょう	4
とまない	2
とまなかった	2
こわがる	3
こわがります	5
こわがりません	6
こわがりました	5
こわがりませんでした	6
こわがりましょう	6
こわがらない	4
こわがらなかった	4
こわがった	3
こわがって	3
こわがっている	3
こわがっています	3
こわがっていた	3
こわがっていました	3
こわがってる	5
こわがってます	3
しく	0
しきます	3
しきません	4
しきました	3
しきませんでした	4
しきましょう	4
しかない	0
しかなかった	6
うかびあがる	5
うかびあがります	7
うかびあがりません	8
うかびあがりました	7
うかびあがりませんでした	8
うかびあがりましょう	8
うかびあがらない	6
うかびあがらなかった	6
うかびあがった	5
うかびあがって	5
うかびあがっている	5
うかびあがっています	5
うかびあがっていた	5
うかびあがっていました	5
うかびあがってる	7
うかびあがってます	5
うかべる	0
うかべます	4
うかべません	5
うかべました	4
うかべませんでした	5
うかべましょう	5
うかべない	0
うかべなかった	7
うかべた	4
うかべて	0
うかべている	4
うかべています	4
うかべていた	4
うかべていました	4
うかべてる	4
うかべてます	5
うかれる	0
うかれます	4
うかれません	5
うかれました	4
うかれませんでした	5
うかれましょう	5
うかれない	0
うかれなかった	7
うかれた	4
うかれて	0
うかれている	4
うかれています	4
うかれていた	4
うかれていました	4
うかれてる	4
うかれてます	5
うく	0
うきます	3
うきません	4
うきました	3
うきませんでした	4
うきましょう	4
うかない	0
うかなかった	6
ういた	3
ういて	0
ういている	3
ういています	3
ういていた	3
ういていました	3
ういてる	3
ういてます	4
うかぶ	0
うかびます	4
うかびません	5
うかびました	4
うかびませんでした	5
うかびましょう	5
うかばない	0
うかばなかった	7
うかんだ	0
うかんで	4
うかんでいる	4
うかんでいます	4
うかんでいた	4
うかんでいました	4
うかんでる	4
うかんでます	5
くさる	2
くさります	4
くさりません	5
くさりました	4
くさりませんでした	5
くさりましょう	5
くさらない	3
くさらなかった	3
くさった	2
くさって	2
くさっている	2
くさっています	2
くさっていた	2
くさっていました	2
くさってる	4
くさってます	2
まける	0
まけます	3
まけません	4
まけました	3
まけませんでした	4
まけましょう	4
まけない	0
まけなかった	6
まけた	3
まけて	0
まけている	3
まけています	3
まけていた	3
まけていました	3
まけてる	3
まけてます	4
おもむく	3
おもむきます	5
おもむきません	6
おもむきました	5
おもむきませんでした	6
おもむきましょう	6
おもむかない	4
おもむかなかった	4
おもむいた	3
おもむいて	3
おもむいている	3
おもむいています	3
おもむいていた	3
おもむいていました	3
おもむいてる	5
おもむいてます	3
なでる	2
なでます	3
なでません	4
なでました	3
なでませんでした	4
なでましょう	4
なでない	2
なでなかった	2
なでた	2
なでて	2
なでている	2
なでています	2
なでていた	2
なでていました	2
なでてる	3
なでてます	2
まう	0
まいます	3
まいません	4
まいました	3
まいませんでした	4
まいましょう	4
まわない	2
まわなかった	2
ふせる	2
ふせます	3
ふせません	4
ふせました	3
ふせませんでした	4
ふせましょう	4
ふせない	2
ふせなかった	2
ふせた	2
ふせて	2
ふせている	2
ふせています	2
ふせていた	2
ふせていました	2
ふせてる	3
ふせてます	2
はばひろい	4
はばひろく	4
はばひろくない	4
はばひろくなかった	4
はばひろかった	4
はばひろくて	4
くつがえす	3
くつがえします	6
くつがえしません	7
くつがえしました	6
くつがえしませんでした	7
くつがえしましょう	7
くつがえさない	5
くつがえさなかった	5
くつがえした	3
くつがえして	3
くつがえしている	3
くつがえしています	3
くつがえしていた	3
くつがえしていました	3
くつがえしてる	6
くつがえしてます	3
はらいこむ	4
はらいこみます	6
はらいこみません	7
はらいこみました	6
はらいこみませんでした	7
はらいこみましょう	7
はらいこまない	5
はらいこまなかった	5
はらいこんだ	4
はらいこんで	4
はらいこんでいる	4
はらいこんでいます	4
はらいこんでいた	4
はらいこんでいました	4
はらいこんでる	6
はらいこんでます	4
はらいもどす	5
はらいもどします	7
はらいもどしません	8
はらいもどしました	7
はらいもどしませんでした	8
はらいもどしましょう	8
はらいもどさない	6
はらいもどさなかった	6
はらいもどした	5
はらいもどして	5
はらいもどしている	5
はらいもどしています	5
はらいもどしていた	5
はらいもどしていました	5
はらいもどしてる	7
はらいもどしてます	5
はらう	2
はらいます	4
はらいません	5
はらいました	4
はらいませんでした	5
はらいましょう	5
はらわない	3
はらわなかった	3
はらった	2
はらって	2
はらっている	2
はらっています	2
はらっていた	2
はらっていました	2
はらってる	4
はらってます	2
わかす	0
わかします	4
わかしません	5
わかしました	4
わかしませんでした	5
わかしましょう	5
わかさない	0
わかさなかった	7
わかした	4
わかして	0
わかしている	4
わかしています	4
わかしていた	4
わかしていました	4
わかしてる	4
わかしてます	5
ものがたる	4
ものがたります	6
ものがたりません	7
ものがたりました	6
ものがたりませんでした	7
ものがたりましょう	7
ものがたらない	5
ものがたらなかった	5
ものがたった	4
ものがたって	4
ものがたっている	4
ものがたっています	4
ものがたっていた	4
ものがたっていました	4
ものがたってる	6
ものがたってます	4
ものすごい	4
ものすごく	4
ものすごくない	4
ものすごくなかった	4
ものすごかった	4
ものすごくて	4
ものたりない	0
ものたりなく	0
ものたりなくない	7
ものたりなくなかった	10
ものたりなかった	5
ものたりなくて	0
わかつ	2
わかちます	4
わかちません	5
わかちました	4
わかちませんでした	5
わかちましょう	5
わかたない	3
わかたなかった	3
わかった	2
わかって	2
わかっている	2
わかっています	2
わかっていた	2
わかっていました	2
わかってる	4
わかってます	2
わける	2
わけます	3
わけません	4
わけました	3
わけませんでした	4
わけましょう	4
わけない	2
わけなかった	2
わけた	2
わけて	2
わけている	2
わけています	2
わけていた	2
わけていました	2
わけてる	3
わけてます	2
ふるう	0
ふるいます	4
ふるいません	5
ふるいました	4
ふるいませんでした	5
ふるいましょう	5
ふるわない	0
ふるわなかった	7
ふるった	4
ふるって	0
ふるっている	4
ふるっています	4
ふるっていた	4
ふるっていました	4
ふるってる	4
ふるってます	5
まぎらす	3
まぎらします	5
まぎらしません	6
まぎらしました	5
まぎらしませんでした	6
まぎらしましょう	6
まぎらさない	4
まぎらさなかった	4
まぎらした	3
まぎらして	3
まぎらしている	3
まぎらしています	3
まぎらしていた	3
まぎらしていました	3
まぎらしてる	5
まぎらしてます	3
まぎらわしい	5
まぎらわしく	5
まぎらわしくない	5
まぎらわしくなかった	5
まぎらわしかった	5
まぎらわしくて	5
まぎれる	3
まぎれます	4
まぎれません	5
まぎれました	4
まぎれませんでした	5
まぎれましょう	5
まぎれない	3
まぎれなかった	3
まぎれた	3
まぎれて	3
まぎれている	3
まぎれています	3
まぎれていた	3
まぎれていました	3
まぎれてる	4
まぎれてます	3
きかす	0
きかします	4
きかしません	5
きかしました	4
きかしませんでした	5
きかしましょう	5
きかさない	0
きかさなかった	7
きかした	4
きかして	0
きかしている	4
きかしています	4
きかしていた	4
きかしていました	4
きかしてる	4
きかしてます	5
ひらたい	0
ひらたく	0
ひらたくない	5
ひらたくなかった	8
ひらたかった	3
ひらたくて	0
ならぶ	0
ならびます	4
ならびません	5
ならびました	4
ならびませんでした	5
ならびましょう	5
ならばない	0
ならばなかった	7
ならんだ	0
ならんで	4
ならんでいる	4
ならんでいます	4
ならんでいた	4
ならんでいました	4
ならんでる	4
ならんでます	5
ならべる	0
ならべます	4
ならべません	5
ならべました	4
ならべませんでした	5
ならべましょう	5
ならべない	0
ならべなかった	7
ならべた	4
ならべて	1
ならべている	4
ならべています	4
ならべていた	4
ならべていました	4
ならべてる	4
ならべてます	5
とざす	2
とざします	4
とざしません	5
とざしました	4
とざしませんでした	5
とざしましょう	5
とざさない	3
とざさなかった	3
とざした	2
とざして	2
とざしている	2
とざしています	2
とざしていた	2
とざしていました	2
とざしてる	4
とざしてます	2
とじこめる	4
とじこめます	5
とじこめません	6
とじこめました	5
とじこめませんでした	6
とじこめましょう	6
とじこめない	4
とじこめなかった	4
とじこめた	4
とじこめて	4
とじこめている	4
とじこめています	4
とじこめていた	4
とじこめていました	4
とじこめてる	5
とじこめてます	4
とじこもる	4
とじこもります	6
とじこもりません	7
とじこもりました	6
とじこもりませんでした	7
とじこもりましょう	7
とじこもらない	5
とじこもらなかった	5
とじこもった	4
とじこもって	4
とじこもっている	4
とじこもっています	4
とじこもっていた	4
とじこもっていました	4
とじこもってる	6
とじこもってます	4
ひがむ	2
ひがみます	4
ひがみません	5
ひがみました	4
ひがみませんでした	5
ひがみましょう	5
ひがまない	3
ひがまなかった	3
ひがんだ	2
ひがんで	2
ひがんでいる	2
ひがんでいます	2
ひがんでいた	2
ひがんでいました	2
ひがんでる	4
ひがんでます	2
さげすむ	3
さげすみます	5
さげすみません	6
さげすみました	5
さげすみませんでした	6
さげすみましょう	6
さげすまない	4
さげすまなかった	4
さげすんだ	3
さげすんで	3
さげすんでいる	3
さげすんでいます	3
さげすんでいた	3
さげすんでいました	3
さげすんでる	5
さげすんでます	3
かえます	3
かえません	4
かえました	3
かえませんでした	4
かえましょう	4
かえない	0
かえなかった	6
かえた	3
かえて	0
かえている	3
かえています	3
かえていた	3
かえていました	3
かえてる	3
かえてます	4
かわらない	0
かわらなく	0
かわらなくない	3
かわらなくなかった	9
かわらなかった	7
かわらなくて	0
かわる	0
かわります	4
かわりません	5
かわりました	4
かわりませんでした	5
かわりましょう	5
かわった	4
かわって	0
かわっている	4
かわっています	4
かわっていた	4
かわっていました	4
かわってる	4
かわってます	5
かたづく	3
かたづきます	5
かたづきません	6
かたづきました	5
かたづきませんでした	6
かたづきましょう	6
かたづかない	4
かたづかなかった	4
かたづいた	3
かたづいて	3
かたづいている	3
かたづいています	3
かたづいていた	3
かたづいていました	3
かたづいてる	5
かたづいてます	3
かたづける	4
かたづけます	5
かたづけません	6
かたづけました	5
かたづけませんでした	6
かたづけましょう	6
かたづけない	4
かたづけなかった	4
かたづけた	4
かたづけて	4
かたづけている	4
かたづけています	4
かたづけていた	4
かたづけていました	4
かたづけてる	5
かたづけてます	4
あむ	1
あみます	3
あみません	4
あみました	3
あみませんでした	4
あみましょう	4
あまない	2
あまなかった	2
あんだ	1
あんで	1
あんでいる	1
あんでいます	1
あんでいた	1
あんでいました	1
あんでる	3
あんでます	1
わきまえる	4
わきまえます	5
わきまえません	6
わきまえました	5
わきまえませんでした	6
わきまえましょう	6
わきまえない	4
わきまえなかった	4
わきまえた	4
わきまえて	4
わきまえている	4
わきまえています	4
わきまえていた	4
わきまえていました	4
わきまえてる	5
わきまえてます	4
たもつ	2
たもちます	4
たもちません	5
たもちました	4
たもちませんでした	5
たもちましょう	5
たもたない	3
たもたなかった	3
たもった	2
たもって	2
たもっている	2
たもっています	2
たもっていた	2
たもっていました	2
たもってる	4
たもってます	2
つかまる	0
つかまります	5
つかまりません	6
つかまりました	5
つかまりませんでした	6
つかまりましょう	6
つかまらない	4
つかまらなかった	4
つかまった	3
つかまって	3
つかまっている	3
つかまっています	3
つかまっていた	3
つかまっていました	3
つかまってる	5
つかまってます	3
あるきまわる	5
あるきまわります	7
あるきまわりません	8
あるきまわりました	7
あるきまわりませんでした	8
あるきまわりましょう	8
あるきまわらない	6
あるきまわらなかった	6
あるきまわった	5
あるきまわって	5
あるきまわっている	5
あるきまわっています	5
あるきまわっていた	5
あるきまわっていました	5
あるきまわってる	7
あるきまわってます	5
あるく	2
あるきます	4
あるきません	5
あるきました	4
あるきませんでした	5
あるきましょう	5
あるかない	3
あるかなかった	3
あるいた	2
あるいて	2
あるいている	2
あるいています	2
あるいていた	2
あるいていました	2
あるいてる	4
あるいてます	2
あゆみよる	4
あゆみよります	6
あゆみよりません	7
あゆみよりました	6
あゆみよりませんでした	7
あゆみよりましょう	7
あゆみよらない	5
あゆみよらなかった	5
あゆみよった	4
あゆみよって	4
あゆみよっている	4
あゆみよっています	4
あゆみよっていた	4
あゆみよっていました	4
あゆみよってる	6
あゆみよってます	4
あゆむ	2
あゆみます	4
あゆみません	5
あゆみました	4
あゆみませんでした	5
あゆみましょう	5
あゆまない	3
あゆまなかった	3
あゆんだ	2
あゆんで	2
あゆんでいる	2
あゆんでいます	2
あゆんでいた	2
あゆんでいました	2
あゆんでる	4
あゆんでます	2
おぎなう	3
おぎないます	5
おぎないません	6
おぎないました	5
おぎないませんでした	6
おぎないましょう	6
おぎなわない	4
おぎなわなかった	4
おぎなった	3
おぎなって	3
おぎなっている	3
おぎなっています	3
おぎなっていた	3
おぎなっていました	3
おぎなってる	5
おぎなってます	3
つのる	2
つのります	4
つのりません	5
つのりました	4
つのりませんでした	5
つのりましょう	5
つのらない	3
つのらなかった	3
つのった	2
つのって	2
つのっている	2
つのっています	2
つのっていた	2
つのっていました	2
つのってる	4
つのってます	2
したう	0
したいます	4
したいません	5
したいました	4
したいませんでした	5
したいましょう	5
したわない	0
したわなかった	7
したった	4
したって	0
したっている	4
したっています	4
したっていた	4
したっていました	4
したってる	4
したってます	5
くらす	0
くらします	4
くらしません	5
くらしました	4
くらしませんでした	5
くらしましょう	5
くらさない	0
くらさなかった	7
くらした	4
くらして	0
くらしている	4
くらしています	4
くらしていた	4
くらしていました	4
くらしてる	4
くらしてます	5
つつみこむ	4
つつみこみます	6
つつみこみません	7
つつみこみました	6
つつみこみませんでした	7
つつみこみましょう	7
つつみこまない	5
つつみこまなかった	5
つつみこんだ	4
つつみこんで	4
つつみこんでいる	4
つつみこんでいます	4
つつみこんでいた	4
つつみこんでいました	4
つつみこんでる	6
つつみこんでます	4
あきれる	0
あきれます	4
あきれません	5
あきれました	4
あきれませんでした	5
あきれましょう	5
あきれない	0
あきれなかった	7
あきれた	4
あきれて	0
あきれている	4
あきれています	4
あきれていた	4
あきれていました	4
あきれてる	4
あきれてます	5
むくいる	3
むくいます	4
むくいません	5
むくいました	4
むくいませんでした	5
むくいましょう	5
むくいない	3
むくいなかった	3
むくいた	2
むくいて	2
むくいている	2
むくいています	2
むくいていた	2
むくいていました	2
むくいてる	4
むくいてます	2
ほうじる	0
ほうじます	4
ほうじません	5
ほうじました	4
ほうじませんでした	5
ほうじましょう	5
ほうじない	0
ほうじなかった	7
ほうじた	4
ほうじて	0
ほうじている	4
ほうじています	4
ほうじていた	4
ほうじていました	4
ほうじてる	4
ほうじてます	5
くずす	2
くずします	4
くずしません	5
くずしました	4
くずしませんでした	5
くずしましょう	5
くずさない	3
くずさなかった	3
くずした	2
くずして	2
くずしている	2
くずしています	2
くずしていた	2
くずしていました	2
くずしてる	4
くずしてます	2
くずれる	3
くずれます	4
くずれません	5
くずれました	4
くずれませんでした	5
くずれましょう	5
くずれない	3
くずれなかった	3
くずれた	3
くずれて	3
くずれている	3
くずれています	3
くずれていた	3
くずれていました	3
くずれてる	4
くずれてます	3
かかえる	0
かかえます	4
かかえません	5
かかえました	4
かかえませんでした	5
かかえましょう	5
かかえない	0
かかえなかった	7
かかえた	4
かかえて	0
かかえている	4
かかえています	4
かかえていた	4
かかえていました	4
かかえてる	4
かかえてます	5
ささげる	0
ささげます	4
ささげません	5
ささげました	4
ささげませんでした	5
ささげましょう	5
ささげない	0
ささげなかった	7
ささげた	4
ささげて	0
ささげている	4
ささげています	4
ささげていた	4
ささげていました	4
ささげてる	4
ささげてます	5
はなす	2
はなします	4
はなしません	5
はなしました	4
はなしませんでした	5
はなしましょう	5
はなさない	3
はなさなかった	3
はなした	2
はなして	2
はなしている	2
はなしています	2
はなしていた	2
はなしていました	2
はなしてる	4
はなしてます	2
はなつ	2
はなちます	4
はなちません	5
はなちました	4
はなちませんでした	5
はなちましょう	5
はなたない	3
はなたなかった	3
はなった	2
はなって	2
はなっている	2
はなっています	2
はなっていた	2
はなっていました	2
はなってる	4
はなってます	2
ほうる	0
ほうります	4
ほうりません	5
ほうりました	4
ほうりませんでした	5
ほうりましょう	5
ほうらない	0
ほうらなかった	7
はなれる	3
はなれます	4
はなれません	5
はなれました	4
はなれませんでした	5
はなれましょう	5
はなれない	3
はなれなかった	3
はなれた	3
はなれて	3
はなれている	3
はなれています	3
はなれていた	3
はなれていました	3
はなれてる	4
はなれてます	3
ぬう	1
ぬいます	3
ぬいません	4
ぬいました	3
ぬいませんでした	4
ぬいましょう	4
ぬわない	2
ぬわなかった	2
おとずれる	3
おとずれます	5
おとずれません	6
おとずれました	5
おとずれませんでした	6
おとずれましょう	6
おとずれない	4
おとずれなかった	4
おとずれた	3
おとずれて	3
おとずれている	3
おとずれています	3
おとずれていた	3
おとずれていました	3
おとずれてる	5
おとずれてます	3
なくなる	0
なくなります	5
なくなりません	6
なくなりました	5
なくなりませんでした	6
なくなりましょう	6
なくならない	0
なくならなかった	8
なくなった	5
なくなって	0
なくなっている	5
なくなっています	5
なくなっていた	5
なくなっていました	5
なくなってる	5
なくなってます	6
さまたげる	4
さまたげます	5
さまたげません	6
さまたげました	5
さまたげませんでした	6
さまたげましょう	6
さまたげない	4
さまたげなかった	4
さまたげた	4
さまたげて	4
さまたげている	4
さまたげています	4
さまたげていた	4
さまたげていました	4
さまたげてる	5
さまたげてます	4
わすれる	0
わすれます	4
わすれません	5
わすれました	4
わすれませんでした	5
わすれましょう	5
わすれない	0
わすれなかった	7
わすれた	4
わすれて	0
わすれている	4
わすれています	4
わすれていた	4
わすれていました	4
わすれてる	4
わすれてます	5
いそがしい	4
いそがしく	4
いそがしくない	4
いそがしくなかった	4
いそがしかった	4
いそがしくて	4
あばれる	0
あばれます	4
あばれません	5
あばれました	4
あばれませんでした	5
あばれましょう	5
あばれない	0
あばれなかった	7
あばれた	4
あばれて	0
あばれている	4
あばれています	4
あばれていた	4
あばれていました	4
あばれてる	4
あばれてます	5
のぞましい	4
のぞましく	4
のぞましくない	4
のぞましくなかった	4
のぞましかった	4
のぞましくて	4
のぞむ	0
のぞみます	4
のぞみません	5
のぞみました	4
のぞみませんでした	5
のぞみましょう	5
のぞまない	0
のぞまなかった	7
のぞんだ	0
のぞんで	4
のぞんでいる	4
のぞんでいます	4
のぞんでいた	4
のぞんでいました	4
のぞんでる	4
のぞんでます	5
ふくらます	0
ふくらまします	6
ふくらましません	7
ふくらましました	6
ふくらましませんでした	7
ふくらましましょう	7
ふくらまさない	0
ふくらまさなかった	9
ふくらました	6
ふくらまして	0
ふくらましている	6
ふくらましています	6
ふくらましていた	6
ふくらましていました	6
ふくらましてる	6
ふくらましてます	7
ふくらむ	0
ふくらみます	5
ふくらみません	6
ふくらみました	5
ふくらみませんでした	6
ふくらみましょう	6
ふくらまない	0
ふくらまなかった	8
ふくらんだ	0
ふくらんで	5
ふくらんでいる	5
ふくらんでいます	5
ふくらんでいた	5
ふくらんでいました	5
ふくらんでる	5
ふくらんでます	6
ふせぐ	2
ふせぎます	4
ふせぎません	5
ふせぎました	4
ふせぎませんでした	5
ふせぎましょう	5
ふせがない	3
ふせがなかった	3
ふせいだ	2
ふせいで	2
ふせいでいる	2
ふせいでいます	2
ふせいでいた	2
ふせいでいました	2
ふせいでる	4
ふせいでます	2
ひるがえす	3
ひるがえします	6
ひるがえしません	7
ひるがえしました	6
ひるがえしませんでした	7
ひるがえしましょう	7
ひるがえさない	5
ひるがえさなかった	5
ひるがえした	3
ひるがえして	3
ひるがえしている	3
ひるがえしています	3
ひるがえしていた	3
ひるがえしていました	3
ひるがえしてる	6
ひるがえしてます	3
さする	0
さすります	3
さすりません	4
さすりました	3
さすりませんでした	4
さすりましょう	4
さすらない	0
さすらなかった	7
さすった	4
さすって	0
さすっている	4
さすっています	4
さすっていた	4
さすっていました	4
さすってる	4
さすってます	5
みがく	0
みがきます	4
みがきません	5
みがきました	4
みがきませんでした	5
みがきましょう	5
みがかない	0
みがかなかった	7
みがいた	4
みがいて	0
みがいている	4
みがいています	4
みがいていた	4
みがいていました	4
みがいてる	4
みがいてます	5
うめる	0
うめます	3
うめません	4
うめました	3
うめませんでした	4
うめましょう	4
うめない	0
うめなかった	6
うめた	3
うめて	0
うめている	3
うめています	3
うめていた	3
うめていました	3
うめてる	3
うめてます	4
みたす	2
みたします	4
みたしません	5
みたしました	4
みたしませんでした	5
みたしましょう	5
みたさない	3
みたさなかった	3
みたした	2
みたして	2
みたしている	2
みたしています	2
みたしていた	2
みたしていました	2
みたしてる	4
みたしてます	2
あじわう	3
あじわいます	5
あじわいません	6
あじわいました	5
あじわいませんでした	6
あじわいましょう	6
あじわわない	4
あじわわなかった	4
あじわった	3
あじわって	3
あじわっている	3
あじわっています	3
あじわっていた	3
あじわっていました	3
あじわってる	5
あじわってます	3
ねむい	0
ねむく	0
ねむくない	4
ねむくなかった	7
ねむかった	2
ねむくて	0
ねむたい	0
ねむたく	0
ねむたくない	5
ねむたくなかった	8
ねむたかった	3
ねむたくて	0
ねむる	0
ねむります	4
ねむりません	5
ねむりました	4
ねむりませんでした	5
ねむりましょう	5
ねむらない	0
ねむらなかった	7
ねむった	4
ねむって	0
ねむっている	4
ねむっています	4
ねむっていた	4
ねむっていました	4
ねむってる	4
ねむってます	5
なくない	1
なくなかった	1
なくて	1
なくす	0
なくします	4
なくしません	5
なくしました	4
なくしませんでした	5
なくしましょう	5
なくさない	0
なくさなかった	7
なくした	1
なくして	1
なくしている	1
なくしています	1
なくしていた	1
なくしていました	1
なくしてる	4
なくしてます	1
なだかい	3
なだかく	3
なだかくない	3
なだかくなかった	3
なだかかった	3
なだかくて	3
なごりおしい	5
なごりおしく	5
なごりおしくない	5
なごりおしくなかった	5
なごりおしかった	5
なごりおしくて	5
なのりでる	4
なのりでます	5
なのりでません	6
なのりでました	5
なのりでませんでした	6
なのりでましょう	6
なのりでない	4
なのりでなかった	4
なのりでた	4
なのりでて	4
なのりでている	4
なのりでています	4
なのりでていた	4
なのりでていました	4
なのりでてる	5
なのりでてます	4
なのる	2
なのります	4
なのりません	5
なのりました	4
なのりませんでした	5
なのりましょう	5
なのらない	3
なのらなかった	3
なのった	2
なのって	2
なのっている	2
なのっています	2
なのっていた	2
なのっていました	2
なのってる	4
なのってます	2
なづける	3
なづけます	4
なづけません	5
なづけました	4
なづけませんでした	5
なづけましょう	5
なづけない	3
なづけなかった	3
なづけた	3
なづけて	3
なづけている	3
なづけています	3
なづけていた	3
なづけていました	3
なづけてる	4
なづけてます	3
めいじる	4
めいじます	4
めいじません	5
めいじました	4
めいじませんでした	5
めいじましょう	5
めいじない	0
めいじなかった	7
めいじた	4
めいじて	0
めいじている	4
めいじています	4
めいじていた	4
めいじていました	4
めいじてる	4
めいじてます	5
あかす	0
あかします	4
あかしません	5
あかしました	4
あかしませんでした	5
あかしましょう	5
あかさない	0
あかさなかった	7
あかした	4
あかして	0
あかしている	4
あかしています	4
あかしていた	4
あかしていました	4
あかしてる	4
あかしてます	5
あかるい	0
あかるく	0
あかるくない	5
あかるくなかった	8
あかるかった	3
あかるくて	0
まよう	2
まよいます	4
まよいません	5
まよいました	4
まよいませんでした	5
まよいましょう	5
まよわない	3
まよわなかった	3
まよった	2
まよって	2
まよっている	2
まよっています	2
まよっていた	2
まよっていました	2
まよってる	4
まよってます	2
めんどくさい	6
めんどくさく	6
めんどくさくない	6
めんどくさくなかった	6
めんどくさかった	6
めんどくさくて	6
おもしろい	4
おもしろく	4
おもしろくない	4
おもしろくなかった	4
おもしろかった	4
おもしろくて	4
しげる	2
しげります	4
しげりません	5
しげりました	4
しげりませんでした	5
しげりましょう	5
しげらない	3
しげらなかった	3
しげった	2
しげって	2
しげっている	2
しげっています	2
しげっていた	2
しげっていました	2
しげってる	4
しげってます	2
もうかる	3
もうかります	5
もうかりません	6
もうかりました	5
もうかりませんでした	6
もうかりましょう	6
もうからない	4
もうからなかった	4
もうかった	3
もうかって	3
もうかっている	3
もうかっています	3
もうかっていた	3
もうかっていました	3
もうかってる	5
もうかってます	3
だまる	2
だまります	4
だまりません	5
だまりました	4
だまりませんでした	5
だまりましょう	5
だまらない	3
だまらなかった	3
だまった	2
だまって	2
だまっている	2
だまっています	2
だまっていた	2
だまっていました	2
だまってる	4
だまってます	2
めざめる	3
めざめます	4
めざめません	5
めざめました	4
めざめませんでした	5
めざめましょう	5
めざめない	3
めざめなかった	3
めざめた	3
めざめて	3
めざめている	3
めざめています	3
めざめていた	3
めざめていました	3
めざめてる	4
めざめてます	3
めざす	2
めざします	4
めざしません	5
めざしました	4
めざしませんでした	5
めざしましょう	5
めざさない	3
めざさなかった	3
めざした	2
めざして	2
めざしている	2
めざしています	2
めざしていた	2
めざしていました	2
めざしてる	4
めざしてます	2
めだつ	2
めだちます	4
めだちません	5
めだちました	4
めだちませんでした	5
めだちましょう	5
めだたない	3
めだたなかった	3
めだった	2
めだって	2
めだっている	2
めだっています	2
めだっていた	2
めだっていました	2
めだってる	4
めだってます	2
もっともらしい	3
もっともらしく	3
もっともらしくない	7
もっともらしくなかった	7
もっともらしかった	3
もっともらしくて	3
もどす	2
もどします	4
もどしません	5
もどしました	4
もどしませんでした	5
もどしましょう	5
もどさない	3
もどさなかった	3
もどした	2
もどして	2
もどしている	2
もどしています	2
もどしていた	2
もどしていました	2
もどしてる	4
もどしてます	2
もどる	2
もどります	4
もどりません	5
もどりました	4
もどりませんでした	5
もどりましょう	5
もどらない	3
もどらなかった	3
もどった	2
もどって	2
もどっている	2
もどっています	2
もどっていた	2
もどっていました	2
もどってる	4
もどってます	2
もらう	0
もらいます	4
もらいません	5
もらいました	4
もらいませんでした	5
もらいましょう	5
もらわない	0
もらわなかった	7
もらった	4
もらって	0
もらっている	4
もらっています	4
もらっていた	4
もらっていました	4
もらってる	4
もらってます	5
といあわせる	5
といあわせます	6
といあわせません	7
といあわせました	6
といあわせませんでした	7
といあわせましょう	7
といあわせない	5
といあわせなかった	5
といあわせた	5
といあわせて	5
といあわせている	5
といあわせています	5
といあわせていた	5
といあわせていました	5
といあわせてる	6
といあわせてます	5
やくだつ	3
やくだちます	5
やくだちません	6
やくだちました	5
やくだちませんでした	6
やくだちましょう	6
やくだたない	4
やくだたなかった	4
やくだった	3
やくだって	3
やくだっている	3
やくだっています	3
やくだっていた	3
やくだっていました	3
やくだってる	5
やくだってます	3
やくす	2
やくします	4
やくしません	5
やくしました	4
やくしませんでした	5
やくしましょう	5
やくさない	3
やくさなかった	3
やくした	2
やくして	2
やくしている	2
やくしています	2
やくしていた	2
やくしていました	2
やくしてる	4
やくしてます	2
おどる	0
おどります	4
おどりません	5
おどりました	4
おどりませんでした	5
おどりましょう	5
おどらない	0
おどらなかった	7
おどった	4
おどって	0
おどっている	4
おどっています	4
おどっていた	4
おどっていました	4
おどってる	4
おどってます	5
すぐれる	3
すぐれます	4
すぐれません	5
すぐれました	4
すぐれませんでした	5
すぐれましょう	5
すぐれない	3
すぐれなかった	3
すぐれた	3
すぐれて	3
すぐれている	3
すぐれています	3
すぐれていた	3
すぐれていました	3
すぐれてる	4
すぐれてます	3
いさましい	4
いさましく	4
いさましくない	4
いさましくなかった	4
いさましかった	4
いさましくて	4
なだめる	3
なだめます	4
なだめません	5
なだめました	4
なだめませんでした	5
なだめましょう	5
なだめない	3
なだめなかった	3
なだめた	3
なだめて	3
なだめている	3
なだめています	3
なだめていた	3
なだめていました	3
なだめてる	4
なだめてます	3
ありがたい	4
ありがたく	4
ありがたくない	4
ありがたくなかった	4
ありがたかった	4
ありがたくて	4
さそう	0
さそいます	4
さそいません	5
さそいました	4
さそいませんでした	5
さそいましょう	5
さそわない	0
さそわなかった	7
さそった	4
さそって	0
さそっている	4
さそっています	4
さそっていた	4
さそっていました	4
さそってる	4
さそってます	5
あそぶ	0
あそびます	4
あそびません	5
あそびました	4
あそびませんでした	5
あそびましょう	5
あそばない	0
あそばなかった	7
あそんだ	0
あそんで	4
あそんでいる	4
あそんでいます	4
あそんでいた	4
あそんでいました	4
あそんでる	4
あそんでます	5
あます	2
あまします	4
あましません	5
あましました	4
あましませんでした	5
あましましょう	5
あまさない	3
あまさなかった	3
あました	2
あまして	2
あましている	2
あましています	2
あましていた	2
あましていました	2
あましてる	4
あましてます	2
あまる	2
あまります	4
あまりません	5
あまりました	4
あまりませんでした	5
あまりましょう	5
あまらない	3
あまらなかった	3
あまった	2
あまって	2
あまっている	2
あまっています	2
あまっていた	2
あまっていました	2
あまってる	4
あまってます	2
あたえる	0
あたえます	4
あたえません	5
あたえました	4
あたえませんでした	5
あたえましょう	5
あたえない	0
あたえなかった	7
あたえた	4
あたえて	0
あたえている	4
あたえています	4
あたえていた	4
あたえていました	4
あたえてる	4
あたえてます	5
あずかる	3
あずかります	5
あずかりません	6
あずかりました	5
あずかりませんでした	6
あずかりましょう	6
あずからない	4
あずからなかった	4
あずかった	3
あずかって	3
あずかっている	3
あずかっています	3
あずかっていた	3
あずかっていました	3
あずかってる	5
あずかってます	3
あずける	3
あずけます	4
あずけません	5
あずけました	4
あずけませんでした	5
あずけましょう	5
あずけない	3
あずけなかった	3
あずけた	3
あずけて	3
あずけている	3
あずけています	3
あずけていた	3
あずけていました	3
あずけてる	4
あずけてます	3
あずけいれる	5
あずけいれます	6
あずけいれません	7
あずけいれました	6
あずけいれませんでした	7
あずけいれましょう	7
あずけいれない	5
あずけいれなかった	5
あずけいれた	5
あずけいれて	5
あずけいれている	5
あずけいれています	5
あずけいれていた	5
あずけいれていました	5
あずけいれてる	6
あずけいれてます	5
おさなく	3
おさなくない	3
おさなくなかった	3
おさなくて	3
たやすい	3
たやすく	3
たやすくない	3
たやすくなかった	3
たやすかった	3
たやすくて	3
ゆさぶる	0
ゆさぶります	5
ゆさぶりません	6
ゆさぶりました	5
ゆさぶりませんでした	6
ゆさぶりましょう	6
ゆさぶらない	0
ゆさぶらなかった	8
ゆさぶった	5
ゆさぶって	0
ゆさぶっている	5
ゆさぶっています	5
ゆさぶっていた	5
ゆさぶっていました	5
ゆさぶってる	5
ゆさぶってます	6
ゆらぐ	0
ゆらぎます	4
ゆらぎません	5
ゆらぎました	4
ゆらぎませんでした	5
ゆらぎましょう	5
ゆらがない	0
ゆらがなかった	7
ゆらいだ	0
ゆらいで	4
ゆらいでいる	4
ゆらいでいます	4
ゆらいでいた	4
ゆらいでいました	4
ゆらいでる	4
ゆらいでます	5
ゆれる	0
ゆれます	3
ゆれません	4
ゆれました	3
ゆれませんでした	4
ゆれましょう	4
ゆれない	0
ゆれなかった	6
ゆれた	3
ゆれて	0
ゆれている	3
ゆれています	3
ゆれていた	3
ゆれていました	3
ゆれてる	3
ゆれてます	4
とかす	2
とかします	4
とかしません	5
とかしました	4
とかしませんでした	5
とかしましょう	5
とかさない	3
とかさなかった	3
とかした	2
とかして	2
とかしている	2
とかしています	2
とかしていた	2
とかしていました	2
とかしてる	4
とかしてます	2
とけこむ	3
とけこみます	5
とけこみません	6
とけこみました	5
とけこみませんでした	6
とけこみましょう	6
とけこまない	4
とけこまなかった	4
とけこんだ	3
とけこんで	3
とけこんでいる	3
とけこんでいます	3
とけこんでいた	3
とけこんでいました	3
とけこんでる	5
とけこんでます	3
もちいる	3
もちいます	4
もちいません	5
もちいました	4
もちいませんでした	5
もちいましょう	5
もちいない	3
もちいなかった	3
もちいた	3
もちいて	3
もちいている	3
もちいています	3
もちいていた	3
もちいていました	3
もちいてる	4
もちいてます	3
ようじんぶかい	6
ようじんぶかく	6
ようじんぶかくない	6
ようじんぶかくなかった	6
ようじんぶかかった	6
ようじんぶかくて	6
いる	0
いります	3
いりません	4
いりました	3
いりませんでした	4
いりましょう	4
いらない	0
いらなかった	6
やしなう	3
やしないます	5
やしないません	6
やしないました	5
やしないませんでした	6
やしないましょう	6
やしなわない	0
やしなわなかった	8
やしなった	5
やしなって	0
やしなっている	5
やしなっています	5
やしなっていた	5
やしなっていました	5
やしなってる	5
やしなってます	6
ほしい	2
ほしく	2
ほしくない	2
ほしくなかった	2
ほしかった	2
ほしくて	2
よくばる	3
よくばります	5
よくばりません	6
よくばりました	5
よくばりませんでした	6
よくばりましょう	6
よくばらない	4
よくばらなかった	4
よくばった	3
よくばって	3
よくばっている	3
よくばっています	3
よくばっていた	3
よくばっていました	3
よくばってる	5
よくばってます	3
あびせる	0
あびせます	4
あびせません	5
あびせました	4
あびせませんでした	5
あびせましょう	5
あびせない	0
あびせなかった	7
あびせた	4
あびせて	0
あびせている	4
あびせています	4
あびせていた	4
あびせていました	4
あびせてる	4
あびせてます	5
あびる	0
あびます	3
あびません	4
あびました	3
あびませんでした	4
あびましょう	4
あびない	0
あびなかった	6
あびた	3
あびて	0
あびている	3
あびています	3
あびていた	3
あびていました	3
あびてる	3
あびてます	4
くる	1
こない	1
こなかった	1
たのむ	2
たのみます	4
たのみません	5
たのみました	4
たのみませんでした	5
たのみましょう	5
たのまない	3
たのまなかった	3
たのんだ	2
たのんで	2
たのんでいる	2
たのんでいます	2
たのんでいた	2
たのんでいました	2
たのんでる	4
たのんでます	2
たのもしい	4
たのもしく	4
たのもしくない	4
たのもしくなかった	4
たのもしかった	4
たのもしくて	4
たよりない	1
たよりなく	1
たよりなくない	4
たよりなくなかった	4
たよりなかった	1
たよりなくて	1
からむ	2
からみます	4
からみません	5
からみました	4
からみませんでした	5
からみましょう	5
からまない	3
からまなかった	3
からんだ	2
からんで	2
からんでいる	2
からんでいます	2
からんでいた	2
からんでいました	2
からんでる	4
からんでます	2
おちる	2
おちます	3
おちません	4
おちました	3
おちませんでした	4
おちましょう	4
おちない	2
おちなかった	2
おちた	2
おちて	2
おちている	2
おちています	2
おちていた	2
おちていました	2
おちてる	3
おちてます	2
おちあう	3
おちあいます	5
おちあいません	6
おちあいました	5
おちあいませんでした	6
おちあいましょう	6
おちあわない	4
おちあわなかった	4
おちあった	3
おちあって	3
おちあっている	3
おちあっています	3
おちあっていた	3
おちあっていました	3
おちあってる	5
おちあってます	3
おちこむ	3
おちこみます	5
おちこみません	6
おちこみました	5
おちこみませんでした	6
おちこみましょう	6
おちこまない	4
おちこまなかった	4
おちこんだ	3
おちこんで	3
おちこんでいる	3
おちこんでいます	3
おちこんでいた	3
おちこんでいました	3
おちこんでる	5
おちこんでます	3
みだす	2
みだします	4
みだしません	5
みだしました	4
みだしませんでした	5
みだしましょう	5
みださない	3
みださなかった	3
みだした	2
みだして	2
みだしている	2
みだしています	2
みだしていた	2
みだしていました	2
みだしてる	4
みだしてます	2
みだれる	3
みだれます	4
みだれません	5
みだれました	4
みだれませんでした	5
みだれましょう	5
みだれない	3
みだれなかった	3
みだれた	3
みだれて	3
みだれている	3
みだれています	3
みだれていた	3
みだれていました	3
みだれてる	4
みだれてます	3
うらぎる	3
うらぎります	5
うらぎりません	6
うらぎりました	5
うらぎりませんでした	6
うらぎりましょう	6
うらぎらない	4
うらぎらなかった	4
うらぎった	3
うらぎって	3
うらぎっている	3
うらぎっています	3
うらぎっていた	3
うらぎっていました	3
うらぎってる	5
うらぎってます	3
うらづける	4
うらづけます	5
うらづけません	6
うらづけました	5
うらづけませんでした	6
うらづけましょう	6
うらづけない	0
うらづけなかった	8
うらづけた	5
うらづけて	0
うらづけている	5
うらづけています	5
うらづけていた	5
うらづけていました	5
うらづけてる	5
うらづけてます	6
うらがえす	3
うらがえします	6
うらがえしません	7
うらがえしました	6
うらがえしませんでした	7
うらがえしましょう	7
うらがえさない	5
うらがえさなかった	5
うらがえした	3
うらがえして	3
うらがえしている	3
うらがえしています	3
うらがえしていた	3
うらがえしていました	3
うらがえしてる	6
うらがえしてます	3
ひきいる	3
ひきいます	4
ひきいません	5
ひきいました	4
ひきいませんでした	5
ひきいましょう	5
ひきいない	3
ひきいなかった	3
ひきいた	3
ひきいて	3
ひきいている	3
ひきいています	3
ひきいていた	3
ひきいていました	3
ひきいてる	4
ひきいてます	3
たちよる	0
たちよります	5
たちよりません	6
たちよりました	5
たちよりませんでした	6
たちよりましょう	6
たちよらない	4
たちよらなかった	4
たちよった	3
たちよって	3
たちよっている	3
たちよっています	3
たちよっていた	3
たちよっていました	3
たちよってる	5
たちよってます	3
たちさる	0
たちさります	5
たちさりません	6
たちさりました	5
たちさりませんでした	6
たちさりましょう	6
たちさらない	4
たちさらなかった	4
たちさった	3
たちさって	3
たちさっている	3
たちさっています	3
たちさっていた	3
たちさっていました	3
たちさってる	5
たちさってます	3
たちどまる	4
たちどまります	6
たちどまりません	7
たちどまりました	6
たちどまりませんでした	7
たちどまりましょう	7
たちどまらない	5
たちどまらなかった	5
たちどまった	4
たちどまって	4
たちどまっている	4
たちどまっています	4
たちどまっていた	4
たちどまっていました	4
たちどまってる	6
たちどまってます	4
たちあがる	0
たちあがります	6
たちあがりません	7
たちあがりました	6
たちあがりませんでした	7
たちあがりましょう	7
たちあがらない	0
たちあがらなかった	9
たちあがった	6
たちあがって	0
たちあがっている	6
たちあがっています	6
たちあがっていた	6
たちあがっていました	6
たちあがってる	6
たちあがってます	7
たちあげる	4
たちあげます	5
たちあげません	6
たちあげました	5
たちあげませんでした	6
たちあげましょう	6
たちあげない	4
たちあげなかった	4
たちあげた	4
たちあげて	4
たちあげている	4
たちあげています	4
たちあげていた	4
たちあげていました	4
たちあげてる	5
たちあげてます	4
たちのく	3
たちのきます	5
たちのきません	6
たちのきました	5
たちのきませんでした	6
たちのきましょう	6
たちのかない	4
たちのかなかった	4
たちのいた	3
たちのいて	3
たちのいている	3
たちのいています	3
たちのいていた	3
たちのいていました	3
たちのいてる	5
たちのいてます	3
たちなおる	0
たちなおります	6
たちなおりません	7
たちなおりました	6
たちなおりませんでした	7
たちなおりましょう	7
たちなおらない	5
たちなおらなかった	5
たちなおった	4
たちなおって	4
たちなおっている	4
たちなおっています	4
たちなおっていた	4
たちなおっていました	4
たちなおってる	6
たちなおってます	4
たてかえる	0
たてかえます	5
たてかえません	6
たてかえました	5
たてかえませんでした	6
たてかえましょう	6
たてかえない	0
たてかえなかった	8
たてかえた	5
たてかえて	0
たてかえている	5
たてかえています	5
たてかえていた	5
たてかえていました	5
たてかえてる	5
たてかえてます	6
りゃくす	2
りゃくします	4
りゃくしません	5
りゃくしました	4
りゃくしませんでした	5
りゃくしましょう	5
りゃくさない	3
りゃくさなかった	3
りゃくした	2
りゃくして	2
りゃくしている	2
りゃくしています	2
りゃくしていた	2
りゃくしていました	2
りゃくしてる	4
りゃくしてます	2
ながす	2
ながします	4
ながしません	5
ながしました	4
ながしませんでした	5
ながしましょう	5
ながさない	3
ながさなかった	3
ながした	3
ながして	3
ながしている	3
ながしています	3
ながしていた	3
ながしていました	3
ながしてる	4
ながしてます	3
ながれる	3
ながれます	4
ながれません	5
ながれました	4
ながれませんでした	5
ながれましょう	5
ながれない	3
ながれなかった	3
ながれた	3
ながれて	3
ながれている	3
ながれています	3
ながれていた	3
ながれていました	3
ながれてる	4
ながれてます	3
ながれこむ	4
ながれこみます	6
ながれこみません	7
ながれこみました	6
ながれこみませんでした	7
ながれこみましょう	7
ながれこまない	5
ながれこまなかった	5
ながれこんだ	4
ながれこんで	4
ながれこんでいる	4
ながれこんでいます	4
ながれこんでいた	4
ながれこんでいました	4
ながれこんでる	6
ながれこんでます	4
はやる	2
はやります	4
はやりません	5
はやりました	4
はやりませんでした	5
はやりましょう	5
はやらない	3
はやらなかった	3
はやった	2
はやって	2
はやっている	2
はやっています	2
はやっていた	2
はやっていました	2
はやってる	4
はやってます	2
ためる	0
ためます	3
ためません	4
ためました	3
ためませんでした	4
ためましょう	4
ためない	0
ためなかった	6
ためた	3
ためて	0
ためている	3
ためています	3
ためていた	3
ためていました	3
ためてる	3
ためてます	4
たまる	0
たまります	4
たまりません	5
たまりました	4
たまりませんでした	5
たまりましょう	5
たまらない	0
たまらなかった	7
たまった	4
たまって	0
たまっている	4
たまっています	4
たまっていた	4
たまっていました	4
たまってる	4
たまってます	5
たびだつ	3
たびだちます	5
たびだちません	6
たびだちました	5
たびだちませんでした	6
たびだちましょう	6
たびだたない	4
たびだたなかった	4
たびだった	3
たびだって	3
たびだっている	3
たびだっています	3
たびだっていた	3
たびだっていました	3
たびだってる	5
たびだってます	3
しのぐ	2
しのぎます	4
しのぎません	5
しのぎました	4
しのぎませんでした	5
しのぎましょう	5
しのがない	3
しのがなかった	3
しのいだ	2
しのいで	2
しのいでいる	2
しのいでいます	2
しのいでいた	2
しのいでいました	2
しのいでる	4
しのいでます	2
すずしい	3
すずしく	3
すずしくない	3
すずしくなかった	3
すずしかった	3
すずしくて	3
すずむ	2
すずみます	4
すずみません	5
すずみました	4
すずみませんでした	5
すずみましょう	5
すずまない	3
すずまなかった	3
すずんだ	2
すずんで	2
すずんでいる	2
すずんでいます	2
すずんでいた	2
すずんでいました	2
すずんでる	4
すずんでます	2
りきむ	2
りきみます	4
りきみません	5
りきみました	4
りきみませんでした	5
りきみましょう	5
りきまない	3
りきまなかった	3
りきんだ	2
りきんで	2
りきんでいる	2
りきんでいます	2
りきんでいた	2
りきんでいました	2
りきんでる	4
りきんでます	2
ちからづよい	5
ちからづよく	5
ちからづよくない	5
ちからづよくなかった	5
ちからづよかった	5
ちからづよくて	5
ひえる	2
ひえます	3
ひえません	4
ひえました	3
ひえませんでした	4
ひえましょう	4
ひえない	2
ひえなかった	2
ひえた	2
ひえて	2
ひえている	2
ひえています	2
ひえていた	2
ひえていました	2
ひえてる	3
ひえてます	2
ひえこむ	3
ひえこみます	5
ひえこみません	6
ひえこみました	5
ひえこみませんでした	6
ひえこみましょう	6
ひえこまない	4
ひえこまなかった	4
ひえこんだ	3
ひえこんで	3
ひえこんでいる	3
ひえこんでいます	3
ひえこんでいた	3
ひえこんでいました	3
ひえこんでる	5
ひえこんでます	3
つめたい	0
つめたく	3
つめたくない	3
つめたくなかった	3
つめたかった	3
つめたくて	3
ひやかす	3
ひやかします	5
ひやかしません	6
ひやかしました	5
ひやかしませんでした	6
ひやかしましょう	6
ひやかさない	4
ひやかさなかった	4
ひやかした	5
ひやかして	0
ひやかしている	5
ひやかしています	5
ひやかしていた	5
ひやかしていました	5
ひやかしてる	5
ひやかしてます	6
ひやす	3
ひやします	4
ひやしません	5
ひやしました	4
ひやしませんでした	5
ひやしましょう	5
ひやさない	3
ひやさなかった	3
ひやした	2
ひやして	2
ひやしている	2
ひやしています	2
ひやしていた	2
ひやしていました	2
ひやしてる	4
ひやしてます	2
はげまします	5
はげましません	6
はげましました	5
はげましませんでした	6
はげましましょう	6
はげまさない	4
はげまさなかった	4
はげまして	3
はげましている	3
はげましています	3
はげましていた	3
はげましていました	3
はげましてる	5
はげましてます	3
はげむ	2
はげみます	4
はげみません	5
はげみました	4
はげみませんでした	5
はげみましょう	5
はげまない	3
はげまなかった	3
はげんだ	2
はげんで	2
はげんでいる	2
はげんでいます	2
はげんでいた	2
はげんでいました	2
はげんでる	4
はげんでます	2
こぼす	2
こぼします	4
こぼしません	5
こぼしました	4
こぼしませんでした	5
こぼしましょう	5
こぼさない	3
こぼさなかった	3
こぼした	2
こぼして	2
こぼしている	2
こぼしています	2
こぼしていた	2
こぼしていました	2
こぼしてる	4
こぼしてます	2
こぼれる	3
こぼれます	4
こぼれません	5
こぼれました	4
こぼれませんでした	5
こぼれましょう	5
こぼれない	0
こぼれなかった	7
こぼれた	4
こぼれて	0
こぼれている	4
こぼれています	4
こぼれていた	4
こぼれていました	4
こぼれてる	4
こぼれてます	5
おとる	2
おとります	4
おとりません	5
おとりました	4
おとりませんでした	5
おとりましょう	5
おとらない	3
おとらなかった	3
おとった	2
おとって	2
おとっている	2
おとっています	2
おとっていた	2
おとっていました	2
おとってる	4
おとってます	2
さける	2
さけます	3
さけません	4
さけました	3
さけませんでした	4
さけましょう	4
さけない	2
さけなかった	2
さけた	2
さけて	2
さけている	2
さけています	2
さけていた	2
さけていました	2
さけてる	3
さけてます	2
こいしい	3
こいしく	3
こいしくない	3
こいしくなかった	3
こいしかった	3
こいしくて	3
ねります	3
ねりません	4
ねりました	3
ねりませんでした	4
ねりましょう	4
ねらない	2
ねらなかった	2
ねった	1
ねって	1
ねっている	1
ねっています	1
ねっていた	1
ねっていました	1
ねってる	3
ねってます	1
つらなる	3
つらなります	5
つらなりません	6
つらなりました	5
つらなりませんでした	6
つらなりましょう	6
つらならない	4
つらならなかった	4
つらなった	3
つらなって	3
つらなっている	3
つらなっています	3
つらなっていた	3
つらなっていました	3
つらなってる	5
つらなってます	3
つらねる	3
つらねます	4
つらねません	5
つらねました	4
つらねませんでした	5
つらねましょう	5
つらねない	3
つらねなかった	3
つらねた	3
つらねて	3
つらねている	3
つらねています	3
つらねていた	3
つらねていました	3
つらねてる	4
つらねてます	3
つれる	0
つれます	3
つれません	4
つれました	3
つれませんでした	4
つれましょう	4
つれなかった	6
つれた	3
つれて	0
つれている	3
つれています	3
つれていた	3
つれていました	3
つれてる	3
つれてます	4
つれさる	3
つれさります	5
つれさりません	6
つれさりました	5
つれさりませんでした	6
つれさりましょう	6
つれさらない	4
つれさらなかった	4
つれさった	3
つれさって	3
つれさっている	3
つれさっています	3
つれさっていた	3
つれさっていました	3
つれさってる	5
つれさってます	3
いたわる	3
いたわります	5
いたわりません	6
いたわりました	5
いたわりませんでした	6
いたわりましょう	6
いたわらない	4
いたわらなかった	4
いたわった	3
いたわって	3
いたわっている	3
いたわっています	3
いたわっていた	3
いたわっていました	3
いたわってる	5
いたわってます	3
いじる	2
いじります	5
いじりません	6
いじりました	5
いじりませんでした	6
いじりましょう	6
いじらない	4
いじらなかった	4
いじった	2
いじって	2
いじっている	2
いじっています	2
いじっていた	2
いじっていました	2
いじってる	4
いじってます	2
おいる	2
おいない	2
おいなかった	2
ろんじる	0
ろんじます	4
ろんじません	5
ろんじました	4
ろんじませんでした	5
ろんじましょう	5
ろんじない	0
ろんじなかった	7
ろんじた	4
ろんじて	0
ろんじている	4
ろんじています	4
ろんじていた	4
ろんじていました	4
ろんじてる	4
ろんじてます	5
なごむ	2
なごみます	4
なごみません	5
なごみました	4
なごみませんでした	5
なごみましょう	5
なごまない	3
なごまなかった	3
なごんだ	2
なごんで	2
なごんでいる	2
なごんでいます	2
なごんでいた	2
なごんでいました	2
なごんでる	4
なごんでます	2
やわらぐ	3
やわらぎます	5
やわらぎません	6
やわらぎました	5
やわらぎませんでした	6
やわらぎましょう	6
やわらがない	4
やわらがなかった	4
やわらいだ	3
やわらいで	3
やわらいでいる	3
やわらいでいます	3
やわらいでいた	3
やわらいでいました	3
やわらいでる	5
やわらいでます	3
やわらげる	4
やわらげます	5
やわらげません	6
やわらげました	5
やわらげませんでした	6
やわらげましょう	6
やわらげない	4
やわらげなかった	4
やわらげた	4
やわらげて	4
やわらげている	4
やわらげています	4
やわらげていた	4
やわらげていました	4
やわらげてる	5
やわらげてます	4
はなしかける	5
はなしかけます	6
はなしかけません	7
はなしかけました	6
はなしかけませんでした	7
はなしかけましょう	7
はなしかけない	5
はなしかけなかった	5
はなしかけた	5
はなしかけて	5
はなしかけている	5
はなしかけています	5
はなしかけていた	5
はなしかけていました	5
はなしかけてる	6
はなしかけてます	5
はなしあう	4
はなしあいます	6
はなしあいません	7
はなしあいました	6
はなしあいませんでした	7
はなしあいましょう	7
はなしあわない	5
はなしあわなかった	5
はなしあった	4
はなしあって	4
はなしあっている	4
はなしあっています	4
はなしあっていた	4
はなしあっていました	4
はなしあってる	6
はなしあってます	4
はなしこむ	4
はなしこみます	6
はなしこみません	7
はなしこみました	6
はなしこみませんでした	7
はなしこみましょう	7
はなしこまない	5
はなしこまなかった	5
はなしこんだ	4
はなしこんで	4
はなしこんでいる	4
はなしこんでいます	4
はなしこんでいた	4
はなしこんでいました	4
はなしこんでる	6
はなしこんでます	4
まかなう	3
まかないます	5
まかないません	6
まかないました	5
まかないませんでした	6
まかないましょう	6
まかなわない	4
まかなわなかった	4
まかなった	3
まかなって	3
まかなっている	3
まかなっています	3
まかなっていた	3
まかなっていました	3
まかなってる	5
まかなってます	3
まどわす	3
まどわします	5
まどわしません	6
まどわしました	5
まどわしませんでした	6
まどわしましょう	6
まどわさない	4
まどわさなかった	4
まどわした	3
まどわして	3
まどわしている	3
まどわしています	3
まどわしていた	3
まどわしていました	3
まどわしてる	5
まどわしてます	3
もぎます	3
もぎません	4
もぎました	3
もぎませんでした	4
もぎましょう	4
もがない	2
もがなかった	2
もいだ	1
もいで	1
もいでいる	1
もいでいます	1
もいでいた	1
もいでいました	1
もいでる	3
もいでます	1
ほのめかす	4
ほのめかします	6
ほのめかしません	7
ほのめかしました	6
ほのめかしませんでした	7
ほのめかしましょう	7
ほのめかさない	5
ほのめかさなかった	5
ほのめかした	4
ほのめかして	4
ほのめかしている	4
ほのめかしています	4
ほのめかしていた	4
ほのめかしていました	4
ほのめかしてる	6
ほのめかしてます	4
たたずむ	3
たたずみます	5
たたずみません	6
たたずみました	5
たたずみませんでした	6
たたずみましょう	6
たたずまない	4
たたずまなかった	4
たたずんだ	3
たたずんで	3
たたずんでいる	3
たたずんでいます	3
たたずんでいた	3
たたずんでいました	3
たたずんでる	5
たたずんでます	3
うつむく	3
うつむきます	5
うつむきません	6
うつむきました	5
うつむきませんでした	6
うつむきましょう	6
うつむかない	4
うつむかなかった	4
うつむいた	3
うつむいて	3
うつむいている	3
うつむいています	3
うつむいていた	3
うつむいていました	3
うつむいてる	5
うつむいてます	3
もたれる	3
もたれます	4
もたれません	5
もたれました	4
もたれませんでした	5
もたれましょう	5
もたれない	3
もたれなかった	3
もたれた	3
もたれて	3
もたれている	3
もたれています	3
もたれていた	3
もたれていました	3
もたれてる	4
もたれてます	3
とがめる	3
とがめます	4
とがめません	5
とがめました	4
とがめませんでした	5
とがめましょう	5
とがめない	3
とがめなかった	3
とがめた	3
とがめて	3
とがめている	3
とがめています	3
とがめていた	3
とがめていました	3
とがめてる	4
とがめてます	3
つぶやく	3
つぶやきます	5
つぶやきません	6
つぶやきました	5
つぶやきませんでした	6
つぶやきましょう	6
つぶやかない	4
つぶやかなかった	4
つぶやいた	3
つぶやいて	3
つぶやいている	3
つぶやいています	3
つぶやいていた	3
つぶやいていました	3
つぶやいてる	5
つぶやいてます	3
うなる	2
うなります	4
うなりません	5
うなりました	4
うなりませんでした	5
うなりましょう	5
うならない	3
うならなかった	3
うなった	2
うなって	2
うなっている	2
うなっています	2
うなっていた	2
うなっていました	2
うなってる	4
うなってます	2
かぐ	0
かぎます	3
かぎません	4
かぎました	3
かぎませんでした	4
かぎましょう	4
かがない	0
かがなかった	6
かいだ	0
かいで	3
かいでいる	3
かいでいます	3
かいでいた	3
かいでいました	3
かいでる	3
かいでます	4
あざける	3
あざけります	5
あざけりません	6
あざけりました	5
あざけりませんでした	6
あざけりましょう	6
あざけらない	4
あざけらなかった	4
あざけった	3
あざけって	3
あざけっている	3
あざけっています	3
あざけっていた	3
あざけっていました	3
あざけってる	5
あざけってます	3
ささやく	3
ささやきます	5
ささやきません	6
ささやきました	5
ささやきませんでした	6
ささやきましょう	6
ささやかない	4
ささやかなかった	4
ささやいた	3
ささやいて	3
ささやいている	3
ささやいています	3
ささやいていた	3
ささやいていました	3
ささやいてる	5
ささやいてます	3
おびただしい	5
おびただしく	5
おびただしくない	5
おびただしくなかった	5
おびただしかった	5
おびただしくて	5
おごる	0
おごります	4
おごりません	5
おごりました	4
おごりませんでした	5
おごりましょう	5
おごらない	0
おごらなかった	7
おごった	4
おごって	0
おごっている	4
おごっています	4
おごっていた	4
おごっていました	4
おごってる	4
おごってます	5
はめる	0
はめます	3
はめません	4
はめました	3
はめませんでした	4
はめましょう	4
はめない	0
はめなかった	6
はめた	3
はめて	0
はめている	3
はめています	3
はめていた	3
はめていました	3
はめてる	3
はめてます	4
ふざける	3
ふざけます	4
ふざけません	5
ふざけました	4
ふざけませんでした	5
ふざけましょう	5
ふざけない	3
ふざけなかった	3
ふざけた	3
ふざけて	3
ふざけている	3
ふざけています	3
ふざけていた	3
ふざけていました	3
ふざけてる	4
ふざけてます	3
さまよう	0
さまよいます	5
さまよいません	4
さまよいました	5
さまよいませんでした	4
さまよいましょう	6
さまよわない	5
さまよわなかった	5
さまよった	0
さまよって	0
さまよっている	4
さまよっています	4
さまよっていた	4
さまよっていました	6
さまよってる	5
さまよってます	7
うろつく	0
うろつきます	5
うろつきません	6
うろつきました	5
うろつきませんでした	6
うろつきましょう	6
うろつかない	0
うろつかなかった	8
うろついた	5
うろついて	0
うろついている	5
うろついています	5
うろついていた	5
うろついていました	5
うろついてる	5
うろついてます	6
こしらえる	0
こしらえます	4
こしらえません	5
こしらえました	4
こしらえませんでした	5
こしらえましょう	5
こしらえない	0
こしらえなかった	7
こしらえた	4
こしらえて	0
こしらえている	4
こしらえています	4
こしらえていた	4
こしらえていました	4
こしらえてる	4
こしらえてます	5
もむ	0
もみます	3
もみません	4
もみました	3
もみませんでした	4
もみましょう	4
もまない	0
もまなかった	6
もんだ	0
もんで	3
もんでいる	3
もんでいます	3
もんでいた	3
もんでいました	3
もんでる	3
もんでます	4
もめる	0
もめます	3
もめません	4
もめました	3
もめませんでした	4
もめましょう	4
もめない	0
もめなかった	6
もめた	3
もめて	0
もめている	3
もめています	3
もめていた	3
もめていました	3
もめてる	3
もめてます	4
からかう	1
からかいます	1
からかいません	1
からかいました	1
からかいませんでした	1
からかいましょう	1
からかわない	1
からかわなかった	1
からかって	1
からかっている	1
からかっています	1
からかっていた	1
からかっていました	1
からかってる	1
からかってます	1
ぼかす	2
ぼかします	4
ぼかしません	5
ぼかしました	4
ぼかしませんでした	5
ぼかしましょう	5
ぼかさない	3
ぼかさなかった	3
ぼかした	2
ぼかして	2
ぼかしている	2
ぼかしています	2
ぼかしていた	2
ぼかしていました	2
ぼかしてる	4
ぼかしてます	2
うっとうしい	5
うっとうしく	5
うっとうしくない	5
うっとうしくなかった	5
うっとうしかった	5
うっとうしくて	5
しゃれる	0
しゃれます	3
しゃれません	4
しゃれました	3
しゃれませんでした	4
しゃれましょう	4
しゃれない	2
しゃれなかった	2
しゃれた	1
しゃれて	1
しゃれている	1
しゃれています	1
しゃれていた	1
しゃれていました	1
しゃれてる	3
しゃれてます	1
にじむ	2
にじみます	3
にじみません	4
にじみました	3
にじみませんでした	4
にじみましょう	4
にじまない	3
にじまなかった	3
にじんだ	2
にじんで	2
にじんでいる	2
にじんでいます	2
にじんでいた	2
にじんでいました	2
にじんでる	4
にじんでます	2
ずるい	2
ずるく	2
ずるくない	2
ずるくなかった	2
ずるかった	2
ずるくて	2
かゆい	2
かゆく	2
かゆくない	2
かゆくなかった	2
かゆかった	2
かゆくて	2
しびれる	3
しびれます	4
しびれません	5
しびれました	4
しびれませんでした	5
しびれましょう	5
しびれない	3
しびれなかった	3
しびれた	3
しびれて	3
しびれている	3
しびれています	3
しびれていた	3
しびれていました	3
しびれてる	4
しびれてます	3
まぶしい	3
まぶしく	3
まぶしくない	3
まぶしくなかった	3
まぶしかった	3
まぶしくて	3
にらむ	2
にらみます	4
にらみません	5
にらみました	4
にらみませんでした	5
にらみましょう	5
にらまない	3
にらまなかった	3
にらんだ	2
にらんで	2
にらんでいる	2
にらんでいます	2
にらんでいた	2
にらんでいました	2
にらんでる	4
にらんでます	2
かけります	4
かけりません	5
かけりました	4
かけりませんでした	5
かけりましょう	5
かけらない	3
かけらなかった	3
かけった	2
かけって	2
かけっている	2
かけっています	2
かけっていた	2
かけっていました	2
かけってる	4
かけってます	2
そびえる	3
そびえます	4
そびえません	5
そびえました	4
そびえませんでした	5
そびえましょう	5
そびえない	3
そびえなかった	3
そびえた	3
そびえて	3
そびえている	3
そびえています	3
そびえていた	3
そびえていました	3
そびえてる	4
そびえてます	3
なめる	2
なめます	3
なめません	4
なめました	3
なめませんでした	4
なめましょう	4
なめない	2
なめなかった	2
なめた	2
なめて	2
なめている	2
なめています	2
なめていた	2
なめていました	2
なめてる	3
なめてます	2
ゆでる	2
ゆでます	3
ゆでません	4
ゆでました	3
ゆでませんでした	4
ゆでましょう	4
ゆでない	2
ゆでなかった	2
ゆでた	2
ゆでて	2
ゆでている	2
ゆでています	2
ゆでていた	2
ゆでていました	2
ゆでてる	3
ゆでてます	2
あせます	3
あせません	4
あせました	3
あせませんでした	4
あせましょう	4
あせない	2
あせなかった	2
あせた	2
あせて	2
あせている	2
あせています	2
あせていた	2
あせていました	2
あせてる	3
あせてます	2
くどい	3
くどく	3
くどくない	4
くどくなかった	3
くどかった	3
くどくて	0
むさぼる	3
むさぼります	5
むさぼりません	6
むさぼりました	5
むさぼりませんでした	6
むさぼりましょう	6
むさぼらない	4
むさぼらなかった	4
むさぼった	3
むさぼって	3
むさぼっている	3
むさぼっています	3
むさぼっていた	3
むさぼっていました	3
むさぼってる	5
むさぼってます	3
けなす	0
けなします	4
けなしません	5
けなしました	4
けなしませんでした	5
けなしましょう	5
けなさない	0
けなさなかった	7
けなした	4
けなして	0
けなしている	4
けなしています	4
けなしていた	4
けなしていました	4
けなしてる	4
けなしてます	5
もたらす	3
もたらします	5
もたらしません	6
もたらしました	5
もたらしませんでした	6
もたらしましょう	6
もたらさない	4
もたらさなかった	4
もたらした	3
もたらして	3
もたらしている	3
もたらしています	3
もたらしていた	3
もたらしていました	3
もたらしてる	5
もたらしてます	3
ひざまずく	4
ひざまずきます	6
ひざまずきません	7
ひざまずきました	6
ひざまずきませんでした	7
ひざまずきましょう	7
ひざまずかない	5
ひざまずかなかった	5
ひざまずいた	4
ひざまずいて	4
ひざまずいている	4
ひざまずいています	4
ひざまずいていた	4
ひざまずいていました	4
ひざまずいてる	6
ひざまずいてます	4
うずくまる	4
うずくまります	6
うずくまりません	7
うずくまりました	6
うずくまりませんでした	7
うずくまりましょう	7
うずくまらない	5
うずくまらなかった	5
うずくまった	4
うずくまって	4
うずくまっている	4
うずくまっています	4
うずくまっていた	4
うずくまっていました	4
うずくまってる	6
うずくまってます	4
ためらう	3
ためらいます	5
ためらいません	6
ためらいました	5
ためらいませんでした	6
ためらいましょう	0
ためらわない	4
ためらわなかった	4
ためらった	3
ためらって	3
ためらっている	3
ためらっています	3
ためらっていた	3
ためらっていました	3
ためらってる	5
ためらってます	3
つまずく	0
つまずきます	5
つまずきません	6
つまずきました	5
つまずきませんでした	6
つまずきましょう	6
つまずかない	0
つまずかなかった	8
つまずいた	5
つまずいて	0
つまずいている	5
つまずいています	5
つまずいていた	5
つまずいていました	5
つまずいてる	5
つまずいてます	6
たくましい	4
たくましく	4
たくましくない	4
たくましくなかった	4
たくましかった	4
たくましくて	4
うなずく	3
うなずきます	5
うなずきません	6
うなずきました	5
うなずきませんでした	6
うなずきましょう	6
うなずかない	4
うなずかなかった	4
うなずいた	3
うなずいて	3
うなずいている	3
うなずいています	3
うなずいていた	3
うなずいていました	3
うなずいてる	5
うなずいてます	3
だます	2
だまします	4
だましません	5
だましました	4
だましませんでした	5
だましましょう	5
だまさない	3
だまさなかった	3
だました	2
だまして	2
だましている	2
だましています	2
だましていた	2
だましていました	2
だましてる	4
だましてます	2
なびく	2
なびきます	4
なびきません	5
なびきました	4
なびきませんでした	5
なびきましょう	5
なびかない	3
なびかなかった	3
なびいた	2
なびいて	2
なびいている	2
なびいています	2
なびいていた	2
なびいていました	2
なびいてる	4
なびいてます	2
それる	2
それます	4
それません	5
それました	4
それませんでした	5
それましょう	5
それない	3
それなかった	3
それた	3
それて	3
それている	3
それています	3
それていた	3
それていました	3
それてる	4
それてます	3
かわいい	3
かわいく	3
かわいくない	3
かわいくなかった	3
かわいかった	3
かわいくて	3
きむずかしい	5
きむずかしく	0
きむずかしくない	7
きむずかしくなかった	10
きむずかしかった	5
きむずかしくて	0
おどかす	4
おどかします	5
おどかしません	6
おどかしました	5
おどかしませんでした	6
おどかしましょう	6
おどかさない	5
おどかさなかった	5
おどかした	5
おどかして	0
おどかしている	5
おどかしています	5
おどかしていた	5
おどかしていました	5
おどかしてる	5
おどかしてます	6
かたむく	3
かたむきます	5
かたむきません	6
かたむきました	5
かたむきませんでした	6
かたむきましょう	6
かたむかない	4
かたむかなかった	4
かたむいた	3
かたむいて	3
かたむいている	3
かたむいています	3
かたむいていた	3
かたむいていました	3
かたむいてる	5
かたむいてます	3
かしげる	3
かしげます	4
かしげません	5
かしげました	4
かしげませんでした	5
かしげましょう	5
かしげない	3
かしげなかった	3
かしげた	3
かしげて	3
かしげている	3
かしげています	3
かしげていた	3
かしげていました	3
かしげてる	4
かしげてます	3
こうばしい	4
こうばしく	4
こうばしくない	4
こうばしくなかった	4
こうばしかった	4
こうばしくて	4
さびしい	3
さびしく	3
さびしくない	3
さびしくなかった	3
さびしかった	3
さびしくて	3
よりわける	4
よりわけます	5
よりわけません	6
よりわけました	5
よりわけませんでした	6
よりわけましょう	6
よりわけない	4
よりわけなかった	4
よりわけた	4
よりわけて	4
よりわけている	4
よりわけています	4
よりわけていた	4
よりわけていました	4
よりわけてる	5
よりわけてます	4
たばねる	3
たばねます	4
たばねません	5
たばねました	4
たばねませんでした	5
たばねましょう	5
たばねない	3
たばねなかった	3
たばねた	3
たばねて	3
たばねている	3
たばねています	3
たばねていた	3
たばねていました	3
たばねてる	4
たばねてます	3
うちこむ	0
うちこみます	5
うちこみません	6
うちこみました	5
うちこみませんでした	6
うちこみましょう	6
うちこまない	4
うちこまなかった	4
うちこんだ	3
うちこんで	3
うちこんでいる	3
うちこんでいます	3
うちこんでいた	3
うちこんでいました	3
うちこんでる	5
うちこんでます	3
そそぎこむ	3
そそぎこみます	5
そそぎこみません	6
そそぎこみました	5
そそぎこみませんでした	6
そそぎこみましょう	6
そそぎこまない	5
そそぎこまなかった	5
そそぎこんだ	3
そそぎこんで	3
そそぎこんでいる	3
そそぎこんでいます	3
そそぎこんでいた	3
そそぎこんでいました	3
そそぎこんでる	5
そそぎこんでます	3
つぎこむ	3
つぎこみます	5
つぎこみません	6
つぎこみました	5
つぎこみませんでした	6
つぎこみましょう	6
つぎこまない	4
つぎこまなかった	4
つぎこんだ	3
つぎこんで	3
つぎこんでいる	3
つぎこんでいます	3
つぎこんでいた	3
つぎこんでいました	3
つぎこんでる	5
つぎこんでます	3
そそぐ	0
そそぎます	4
そそぎません	5
そそぎました	4
そそぎませんでした	5
そそぎましょう	5
そそがない	0
そそがなかった	7
そそいだ	1
そそいで	1
そそいでいる	4
そそいでいます	4
そそいでいた	4
そそいでいました	4
そそいでる	4
そそいでます	5
ころぶ	0
ころびます	4
ころびません	5
ころびました	4
ころびませんでした	5
ころびましょう	5
ころばない	0
ころばなかった	7
ころんだ	0
ころんで	4
ころんでいる	4
ころんでいます	4
ころんでいた	4
ころんでいました	4
ころんでる	4
ころんでます	5
ともす	2
ともします	4
ともしません	5
ともしました	4
ともしませんでした	5
ともしましょう	5
ともさない	3
ともさなかった	3
ともした	2
ともして	2
ともしている	2
ともしています	2
ともしていた	2
ともしていました	2
ともしてる	4
ともしてます	2
にぶい	2
にぶく	2
にぶくない	2
にぶくなかった	2
にぶかった	2
にぶくて	2
もやす	3
もやします	4
もやしません	5
もやしました	4
もやしませんでした	5
もやしましょう	5
もやさない	0
もやさなかった	7
もやした	4
もやして	0
もやしている	4
もやしています	4
もやしていた	4
もやしていました	4
もやしてる	4
もやしてます	5
はぐ	1
はぎます	3
はぎません	4
はぎました	3
はぎませんでした	4
はぎましょう	4
はがない	2
はがなかった	2
はいだ	0
はいで	1
はいでいる	1
はいでいます	1
はいでいた	1
はいでいました	1
はいでる	3
はいでます	1
えがく	2
えがきます	4
えがきません	5
えがきました	4
えがきませんでした	5
えがきましょう	5
えがかない	3
えがかなかった	3
えがいた	2
えがいて	2
えがいている	2
えがいています	2
えがいていた	2
えがいていました	2
えがいてる	4
えがいてます	2
あなどる	3
あなどります	5
あなどりません	6
あなどりました	5
あなどりませんでした	6
あなどりましょう	6
あなどらない	4
あなどらなかった	4
あなどった	3
あなどって	3
あなどっている	3
あなどっています	3
あなどっていた	3
あなどっていました	3
あなどってる	5
あなどってます	3
つつむ	2
つつみます	4
つつみません	5
つつみました	4
つつみませんでした	5
つつみましょう	5
つつまない	3
つつまなかった	3
つつんだ	2
つつんで	2
つつんでいる	2
つつんでいます	2
つつんでいた	2
つつんでいました	2
つつんでる	4
つつんでます	2
いだく	2
いだきます	4
いだきません	5
いだきました	4
いだきませんでした	5
いだきましょう	5
いだかない	3
いだかなかった	3
いだいた	3
いだいて	0
いだいている	3
いだいています	3
いだいていた	3
いだいていました	3
いだいてる	3
いだいてます	4
とぼしい	3
とぼしく	3
とぼしくない	3
とぼしくなかった	3
とぼしかった	3
とぼしくて	3
うまる	0
うまります	4
うまりません	5
うまりました	4
うまりませんでした	5
うまりましょう	5
うまらない	0
うまらなかった	8
うまった	4
うまって	0
うまっている	4
うまっています	4
うまっていた	4
うまっていました	4
うまってる	4
うまってます	5
あじけない	0
あじけなく	0
あじけなくない	4
あじけなくなかった	4
あじけなかった	7
あじけなくて	0
ゆる	0
ゆります	3
ゆりません	4
ゆりました	3
ゆりませんでした	4
ゆりましょう	4
ゆらない	0
ゆらなかった	6
ゆがむ	0
ゆがみます	4
ゆがみません	5
ゆがみました	4
ゆがみませんでした	5
ゆがみましょう	5
ゆがまない	0
ゆがまなかった	7
ゆがんだ	0
ゆがんで	4
ゆがんでいる	4
ゆがんでいます	4
ゆがんでいた	4
ゆがんでいました	4
ゆがんでる	4
ゆがんでます	5
つぶる	0
つぶります	4
つぶりません	5
つぶりました	4
つぶりませんでした	5
つぶりましょう	5
つぶらない	0
つぶらなかった	7
つぶった	4
つぶって	0
つぶっている	4
つぶっています	4
つぶっていた	4
つぶっていました	4
つぶってる	4
つぶってます	5
あきる	2
あきます	3
あきません	4
あきました	3
あきませんでした	4
あきましょう	4
あきない	2
あきなかった	2
あきた	2
あきて	2
あきている	2
あきています	2
あきていた	2
あきていました	2
あきてる	3
あきてます	2
すく	0
すきます	3
すきません	4
すきました	3
すきませんでした	4
すきましょう	4
すかない	0
すかなかった	6
すいた	3
すいて	0
すいている	3
すいています	3
すいていた	3
すいていました	3
すいてる	3
すいてます	4
あたたかい	4
あたたかく	4
あたたかくない	4
あたたかくなかった	4
あたたかかった	4
あたたかくて	4
あたたまる	4
あたたまります	6
あたたまりません	7
あたたまりました	6
あたたまりませんでした	7
あたたまりましょう	7
あたたまらない	5
あたたまらなかった	5
あたたまった	4
あたたまって	4
あたたまっている	4
あたたまっています	4
あたたまっていた	4
あたたまっていました	4
あたたまってる	6
あたたまってます	4
あたためる	4
あたためます	5
あたためません	6
あたためました	5
あたためませんでした	6
あたためましょう	6
あたためない	4
あたためなかった	4
あたためた	4
あたためて	4
あたためている	4
あたためています	4
あたためていた	4
あたためていました	4
あたためてる	5
あたためてます	4
あてはめる	4
あてはめます	5
あてはめません	6
あてはめました	5
あてはめませんでした	6
あてはめましょう	6
あてはめない	4
あてはめなかった	4
あてはめた	4
あてはめて	4
あてはめている	4
あてはめています	4
あてはめていた	4
あてはめていました	4
あてはめてる	5
あてはめてます	4
あやしい	0
あやしく	3
あやしくない	3
あやしくなかった	3
あやしかった	3
あやしくて	3
あらあらしい	5
あらあらしく	5
あらあらしくない	5
あらあらしくなかった	5
あらあらしかった	5
あらあらしくて	5
いう	0
いいます	3
いいません	4
いいました	3
いいませんでした	4
いいましょう	4
いわない	0
いわなかった	6
いかします	4
いかしません	5
いかしました	4
いかしませんでした	5
いかしましょう	5
いかさない	3
いかさなかった	3
いかした	2
いかして	2
いかしている	2
いかしています	2
いかしていた	2
いかしていました	2
いかしてる	4
いかしてます	2
いきわたる	4
いきわたります	6
いきわたりません	7
いきわたりました	6
いきわたりませんでした	7
いきわたりましょう	7
いきわたらない	5
いきわたらなかった	5
いきわたった	4
いきわたって	4
いきわたっている	4
いきわたっています	4
いきわたっていた	4
いきわたっていました	4
いきわたってる	6
いきわたってます	4
いただく	0
いただきます	5
いただきません	6
いただきました	5
いただきませんでした	6
いただきましょう	6
いただかない	0
いただかなかった	8
いただいた	5
いただいて	0
いただいている	5
いただいています	5
いただいていた	5
いただいていました	5
いただいてる	5
いただいてます	6
いちづける	4
いちづけます	5
いちづけません	6
いちづけました	5
いちづけませんでした	6
いちづけましょう	6
いちづけない	4
いちづけなかった	4
いちづけた	4
いちづけて	4
いちづけている	4
いちづけています	4
いちづけていた	4
いちづけていました	4
いちづけてる	5
いちづけてます	4
いんしょうづける	4
いんしょうづけます	4
いんしょうづけません	4
いんしょうづけました	4
いんしょうづけませんでした	4
いんしょうづけましょう	4
いんしょうづけない	4
いんしょうづけなかった	4
いんしょうづけた	4
いんしょうづけて	4
いんしょうづけている	4
いんしょうづけています	4
いんしょうづけていた	4
いんしょうづけていました	4
いんしょうづけてる	4
いんしょうづけてます	4
うたう	0
うたいます	4
うたいません	5
うたいました	4
うたいませんでした	5
うたいましょう	5
うたわない	0
うたわなかった	7
うたった	4
うたって	0
うたっている	4
うたっています	4
うたっていた	4
うたっていました	4
うたってる	4
うたってます	5
うちあける	0
うちあけます	5
うちあけません	6
うちあけました	5
うちあけませんでした	6
うちあけましょう	6
うちあけない	4
うちあけなかった	4
うちあけた	4
うちあけて	4
うちあけている	4
うちあけています	4
うちあけていた	4
うちあけていました	4
うちあけてる	5
うちあけてます	4
うちあわせる	5
うちあわせます	6
うちあわせません	7
うちあわせました	6
うちあわせませんでした	7
うちあわせましょう	7
うちあわせない	5
うちあわせなかった	5
うちあわせた	5
うちあわせて	5
うちあわせている	5
うちあわせています	5
うちあわせていた	5
うちあわせていました	5
うちあわせてる	6
うちあわせてます	5
うみます	3
うみません	4
うみました	3
うみませんでした	4
うみましょう	4
うまない	0
うまなかった	6
うんだ	0
うんで	3
うんでいる	3
うんでいます	3
うんでいた	3
うんでいました	3
うんでる	3
うんでます	4
うれえる	3
うれえます	4
うれえません	5
うれえました	4
うれえませんでした	5
うれえましょう	5
うれえない	3
うれえなかった	3
うれえた	3
うれえて	3
うれえている	3
うれえています	3
うれえていた	3
うれえていました	3
うれえてる	4
うれえてます	3
えらぶ	2
えらびます	4
えらびません	5
えらびました	4
えらびませんでした	5
えらびましょう	5
えらばない	3
えらばなかった	3
えらんだ	2
えらんで	2
えらんでいる	2
えらんでいます	2
えらんでいた	2
えらんでいました	2
えらんでる	4
えらんでます	2
おいつく	3
おいつきます	5
おいつきません	6
おいつきました	5
おいつきませんでした	6
おいつきましょう	6
おいつかない	4
おいつかなかった	4
おいついた	3
おいついて	3
おいついている	3
おいついています	3
おいついていた	3
おいついていました	3
おいついてる	5
おいついてます	3
おおう	0
おおいます	4
おおいません	5
おおいました	4
おおいませんでした	5
おおいましょう	5
おおわない	0
おおわなかった	7
おおった	4
おおって	0
おおっている	4
おおっています	4
おおっていた	4
おおっていました	4
おおってる	4
おおってます	5
おおきい	3
おおきく	1
おおきくない	1
おおきくなかった	1
おおきかった	3
おおきくて	1
おくれる	0
おくれます	4
おくれません	5
おくれました	4
おくれませんでした	5
おくれましょう	5
おくれない	0
おくれなかった	7
おくれた	4
おくれて	0
おくれている	4
おくれています	4
おくれていた	4
おくれていました	4
おくれてる	4
おくれてます	5
おこなう	0
おこないます	5
おこないません	6
おこないました	5
おこないませんでした	6
おこないましょう	6
おこなわない	0
おこなわなかった	8
おさえる	3
おさえます	4
おさえません	5
おさえました	4
おさえませんでした	5
おさえましょう	5
おさえない	3
おさえなかった	3
おさえた	2
おさえて	2
おさえている	2
おさえています	2
おさえていた	2
おさえていました	2
おさえてる	4
おさえてます	2
おそれる	3
おそれます	4
おそれません	5
おそれました	4
おそれませんでした	5
おそれましょう	5
おそれない	3
おそれなかった	3
おそれた	3
おそれて	3
おそれている	3
おそれています	3
おそれていた	3
おそれていました	3
おそれてる	4
おそれてます	3
おちつく	0
おちつきます	5
おちつきません	6
おちつきました	5
おちつきませんでした	6
おちつきましょう	6
おちつかない	0
おちつかなかった	8
おちついた	5
おちついて	0
おちついている	5
おちついています	5
おちついていた	5
おちついていました	5
おちついてる	5
おちついてます	6
おとす	2
おとします	4
おとしません	5
おとしました	4
おとしませんでした	5
おとしましょう	5
おとさない	3
おとさなかった	3
おとした	3
おとして	3
おとしている	3
おとしています	3
おとしていた	3
おとしていました	3
おとしてる	4
おとしてます	3
おもいつく	4
おもいつきます	6
おもいつきません	7
おもいつきました	6
おもいつきませんでした	7
おもいつきましょう	7
おもいつかない	5
おもいつかなかった	5
おもいついた	4
おもいついて	4
おもいついている	4
おもいついています	4
おもいついていた	4
おもいついていました	4
おもいついてる	6
おもいついてます	4
おもう	2
おもいます	4
おもいません	5
おもいました	4
おもいませんでした	5
おもいましょう	5
おもわない	3
おもわなかった	3
おりる	2
おりない	2
おりなかった	2
おりた	2
おりて	2
おりている	2
おりています	2
おりていた	2
おりていました	2
おりてる	3
おりてます	2
おわる	0
おわります	4
おわりません	5
おわりました	4
おわりませんでした	5
おわりましょう	5
おわらない	0
おわらなかった	7
おわった	4
おわって	0
おわっている	4
おわっています	4
おわっていた	4
おわっていました	4
おわってる	4
おわってます	5
かおる	0
かおります	4
かおりません	5
かおりました	4
かおりませんでした	5
かおりましょう	5
かおらない	0
かおらなかった	7
かおった	4
かおって	0
かおっている	4
かおっています	4
かおっていた	4
かおっていました	4
かおってる	4
かおってます	5
かかわる	3
かかわります	5
かかわりません	6
かかわりました	5
かかわりませんでした	6
かかわりましょう	6
かかわらない	4
かかわらなかった	4
かかわった	3
かかわって	3
かかわっている	3
かかわっています	3
かかわっていた	3
かかわっていました	3
かかわってる	5
かかわってます	3
かきかえる	4
かきかえます	5
かきかえません	6
かきかえました	5
かきかえませんでした	6
かきかえましょう	6
かきかえない	4
かきかえなかった	4
かきかえた	4
かきかえて	4
かきかえている	4
かきかえています	4
かきかえていた	4
かきかえていました	4
かきかえてる	5
かきかえてます	4
かけつける	0
かけつけます	5
かけつけません	6
かけつけました	5
かけつけませんでした	6
かけつけましょう	6
かけつけない	4
かけつけなかった	4
かけつけた	4
かけつけて	4
かけつけている	4
かけつけています	4
かけつけていた	4
かけつけていました	4
かけつけてる	5
かけつけてます	4
かけはなれる	5
かけはなれます	6
かけはなれません	7
かけはなれました	6
かけはなれませんでした	7
かけはなれましょう	7
かけはなれない	5
かけはなれなかった	5
かけはなれた	5
かけはなれて	5
かけはなれている	5
かけはなれています	5
かけはなれていた	5
かけはなれていました	5
かけはなれてる	6
かけはなれてます	5
かたよる	3
かたよります	5
かたよりません	6
かたよりました	5
かたよりませんでした	6
かたよりましょう	6
かたよらない	4
かたよらなかった	4
かたよった	3
かたよって	3
かたよっている	3
かたよっています	3
かたよっていた	3
かたよっていました	3
かたよってる	5
かたよってます	3
かわす	0
かわします	4
かわしません	5
かわしました	4
かわしませんでした	5
かわしましょう	5
かわさない	0
かわさなかった	7
かわした	4
かわして	0
かわしている	4
かわしています	4
かわしていた	4
かわしていました	4
かわしてる	4
かわしてます	5
きく	0
ききます	3
ききません	4
ききました	3
ききませんでした	4
ききましょう	4
きかない	0
きかなかった	6
きいた	3
きいて	0
きいている	3
きいています	3
きいていた	3
きいていました	3
きいてる	3
きいてます	4
きこえる	0
きこえます	4
きこえません	5
きこえました	4
きこえませんでした	5
きこえましょう	5
きこえない	0
きこえなかった	7
きこえた	4
きこえて	0
きこえている	4
きこえています	4
きこえていた	4
きこえていました	4
きこえてる	4
きこえてます	5
きずつく	3
きずつきます	5
きずつきません	6
きずつきました	5
きずつきませんでした	6
きずつきましょう	6
きずつかない	4
きずつかなかった	4
きずついた	3
きずついて	3
きずついている	3
きずついています	3
きずついていた	3
きずついていました	3
きずついてる	5
きずついてます	3
きづく	2
きづきます	4
きづきません	5
きづきました	4
きづきませんでした	5
きづきましょう	5
きづかない	3
きづかなかった	3
きづいた	2
きづいて	2
きづいている	2
きづいています	2
きづいていた	2
きづいていました	2
きづいてる	4
きづいてます	2
きまる	0
きまります	4
きまりません	5
きまりました	4
きまりませんでした	5
きまりましょう	5
きまらない	0
きまらなかった	7
きまった	4
きまって	0
きまっている	4
きまっています	4
きまっていた	4
きまっていました	4
きまってる	4
きまってます	5
きりかえる	4
きりかえます	5
きりかえません	6
きりかえました	5
きりかえませんでした	6
きりかえましょう	6
きりかえない	0
きりかえなかった	8
きりかえた	5
きりかえて	0
きりかえている	5
きりかえています	5
きりかえていた	5
きりかえていました	5
きりかえてる	5
きりかえてます	6
きりすてる	4
きりすてます	5
きりすてません	6
きりすてました	5
きりすてませんでした	6
きりすてましょう	6
きりすてない	0
きりすてなかった	8
きりすてた	5
きりすてて	0
きりすてている	5
きりすてています	5
きりすてていた	5
きりすてていました	5
きりすててる	5
きりすててます	6
きわまる	3
きわまります	5
きわまりません	6
きわまりました	5
きわまりませんでした	6
きわまりましょう	6
きわまらない	4
きわまらなかった	4
きわまった	3
きわまって	3
きわまっている	3
きわまっています	3
きわまっていた	3
きわまっていました	3
きわまってる	5
きわまってます	3
きわめる	3
きわめます	4
きわめません	5
きわめました	4
きわめませんでした	5
きわめましょう	5
きわめない	3
きわめなかった	3
きわめた	3
きわめて	2
きわめている	3
きわめています	3
きわめていた	3
きわめていました	2
きわめてる	4
きわめてます	3
くう	1
くいます	3
くいません	4
くいました	3
くいませんでした	4
くいましょう	4
くわない	2
くわなかった	2
くった	1
くって	1
くっている	1
くっています	1
くっていた	1
くっていました	1
くってる	3
くってます	1
くぎる	2
くぎります	4
くぎりません	5
くぎりました	4
くぎりませんでした	5
くぎりましょう	5
くぎらない	3
くぎらなかった	3
くぎった	2
くぎって	2
くぎっている	2
くぎっています	2
くぎっていた	2
くぎっていました	2
くぎってる	4
くぎってます	2
くやしい	3
くやしく	3
くやしくない	3
くやしくなかった	3
くやしかった	3
くやしくて	3
こおる	0
こおります	4
こおりません	5
こおりました	4
こおりませんでした	5
こおりましょう	5
こおらない	0
こおらなかった	7
こおった	4
こおって	0
こおっている	4
こおっています	4
こおっていた	4
こおっていました	4
こおってる	4
こおってます	5
こむ	1
こみます	3
こみません	4
こみました	3
こみませんでした	4
こみましょう	4
こまない	2
こまなかった	2
こんだ	1
こんで	1
こんでいる	1
こんでいます	1
こんでいた	1
こんでいました	1
こんでる	3
こんでます	1
こもる	2
こもります	4
こもりません	5
こもりました	4
こもりませんでした	5
こもりましょう	5
こもらない	3
こもらなかった	3
こもった	2
こもって	2
こもっている	2
こもっています	2
こもっていた	2
こもっていました	2
こもってる	4
こもってます	2
こわい	2
こわく	2
こわくない	2
こわくなかった	2
こわかった	2
こわくて	2
さがしまわる	5
さがしまわります	7
さがしまわりません	8
さがしまわりました	7
さがしまわりませんでした	8
さがしまわりましょう	8
さがしまわらない	6
さがしまわらなかった	6
さがしまわった	5
さがしまわって	5
さがしまわっている	5
さがしまわっています	5
さがしまわっていた	5
さがしまわっていました	5
さがしまわってる	7
さがしまわってます	5
さがす	0
さがします	4
さがしません	5
さがしました	4
さがしませんでした	5
さがしましょう	5
さがさない	0
さがさなかった	7
さがした	4
さがして	0
さがしている	4
さがしています	4
さがしていた	4
さがしていました	4
さがしてる	4
さがしてます	5
さらう	0
さらいます	4
さらいません	5
さらいました	4
さらいませんでした	5
さらいましょう	5
さらわない	0
さらわなかった	7
さらった	4
さらって	0
さらっている	4
さらっています	4
さらっていた	4
さらっていました	4
さらってる	4
さらってます	5
さらす	0
さらします	4
さらしません	5
さらしました	4
さらしませんでした	5
さらしましょう	5
さらさない	0
さらさなかった	7
さらした	4
さらして	0
さらしている	4
さらしています	4
さらしていた	4
さらしていました	4
さらしてる	4
さらしてます	5
しずまる	3
しずまります	5
しずまりません	6
しずまりました	5
しずまりませんでした	6
しずまりましょう	6
しずまらない	4
しずまらなかった	4
しずまった	3
しずまって	3
しずまっている	3
しずまっています	3
しずまっていた	3
しずまっていました	3
しずまってる	5
しずまってます	3
しぼる	2
しぼります	4
しぼりません	5
しぼりました	4
しぼりませんでした	5
しぼりましょう	5
しぼらない	3
しぼらなかった	3
しぼった	2
しぼって	2
しぼっている	2
しぼっています	2
しぼっていた	2
しぼっていました	2
しぼってる	4
しぼってます	2
しめきる	3
しめきります	5
しめきりません	6
しめきりました	5
しめきりませんでした	6
しめきりましょう	6
しめきらない	4
しめきらなかった	4
しめきった	3
しめきって	3
しめきっている	3
しめきっています	3
しめきっていた	3
しめきっていました	3
しめきってる	5
しめきってます	3
しめだす	3
しめだします	5
しめだしません	6
しめだしました	5
しめだしませんでした	6
しめだしましょう	6
しめださない	4
しめださなかった	4
しめだした	3
しめだして	3
しめだしている	3
しめだしています	3
しめだしていた	3
しめだしていました	3
しめだしてる	5
しめだしてます	3
しりぞく	3
しりぞきます	5
しりぞきません	6
しりぞきました	5
しりぞきませんでした	6
しりぞきましょう	6
しりぞかない	4
しりぞかなかった	4
しりぞいた	3
しりぞいて	3
しりぞいている	3
しりぞいています	3
しりぞいていた	3
しりぞいていました	3
しりぞいてる	5
しりぞいてます	3
すがすがしい	5
すがすがしく	5
すがすがしくない	5
すがすがしくなかった	5
すがすがしかった	5
すがすがしくて	5
すさまじい	4
すさまじく	4
すさまじくない	4
すさまじくなかった	4
すさまじかった	4
すさまじくて	4
ずうずうしい	5
ずうずうしく	5
ずうずうしくない	5
ずうずうしくなかった	5
ずうずうしかった	5
ずうずうしくて	5
そうぞうしい	5
そうぞうしく	5
そうぞうしくない	5
そうぞうしくなかった	5
そうぞうしかった	5
そうぞうしくて	5
そえる	0
そえます	3
そえません	4
そえました	3
そえませんでした	4
そえましょう	4
そえない	2
そえなかった	2
そえた	2
そえて	2
そえている	2
そえています	2
そえていた	2
そえていました	2
そえてる	3
そえてます	2
そこなう	3
そこないます	5
そこないません	6
そこないました	5
そこないませんでした	6
そこないましょう	6
そこなわない	4
そこなわなかった	4
そこなった	3
そこなって	3
そこなっている	3
そこなっています	3
そこなっていた	3
そこなっていました	3
そこなってる	5
そこなってます	3
そなわる	3
そなわります	5
そなわりません	6
そなわりました	5
そなわりませんでした	6
そなわりましょう	6
そなわらない	4
そなわらなかった	4
そなわった	3
そなわって	3
そなわっている	3
そなわっています	3
そなわっていた	3
そなわっていました	3
そなわってる	5
そなわってます	3
たく	0
たきます	3
たきません	4
たきました	3
たきませんでした	4
たきましょう	4
たかない	0
たかなかった	6
たいた	3
たいて	0
たいている	3
たいています	3
たいていた	3
たいていました	3
たいてる	3
たいてます	4
たくわえる	4
たくわえます	5
たくわえません	6
たくわえました	5
たくわえませんでした	6
たくわえましょう	6
たくわえない	4
たくわえなかった	4
たくわえた	3
たくわえて	3
たくわえている	3
たくわえています	3
たくわえていた	3
たくわえていました	3
たくわえてる	5
たくわえてます	3
たたかう	0
たたかいます	5
たたかいません	6
たたかいました	5
たたかいませんでした	6
たたかいましょう	6
たたかわない	0
たたかわなかった	8
たたかった	5
たたかって	0
たたかっている	5
たたかっています	5
たたかっていた	5
たたかっていました	5
たたかってる	5
たたかってます	6
たてこむ	0
たてこみます	5
たてこみません	6
たてこみました	5
たてこみませんでした	6
たてこみましょう	6
たてこまない	0
たてこまなかった	8
たてこんだ	0
たてこんで	5
たてこんでいる	5
たてこんでいます	5
たてこんでいた	5
たてこんでいました	5
たてこんでる	5
たてこんでます	6
たとえる	3
たとえます	4
たとえません	5
たとえました	4
たとえませんでした	5
たとえましょう	5
たとえない	3
たとえなかった	3
たとえた	3
たとえて	3
たとえている	3
たとえています	3
たとえていた	3
たとえていました	3
たとえてる	4
たとえてます	3
たよる	2
たよります	4
たよりません	5
たよりました	4
たよりませんでした	5
たよりましょう	5
たよらない	3
たよらなかった	3
たよった	2
たよって	2
たよっている	2
たよっています	2
たよっていた	2
たよっていました	2
たよってる	4
たよってます	2
つかまえる	0
つかまえます	5
つかまえません	6
つかまえました	5
つかまえませんでした	6
つかまえましょう	6
つかまえない	0
つかまえなかった	8
つかまえた	5
つかまえて	0
つかまえている	5
つかまえています	5
つかまえていた	5
つかまえていました	5
つかまえてる	5
つかまえてます	6
つきあう	3
つきあいます	5
つきあいません	6
つきあいました	5
つきあいませんでした	6
つきあいましょう	6
つきあわない	4
つきあわなかった	4
つきあった	3
つきあって	3
つきあっている	3
つきあっています	3
つきあっていた	3
つきあっていました	3
つきあってる	5
つきあってます	3
つくる	2
つくります	4
つくりません	5
つくりました	4
つくりませんでした	5
つくりましょう	5
つくらない	3
つくらなかった	3
つくった	2
つくって	2
つくっている	2
つくっています	2
つくっていた	2
つくっていました	2
つくってる	4
つくってます	2
つつしむ	3
つつしみます	5
つつしみません	6
つつしみました	5
つつしみませんでした	6
つつしみましょう	6
つつしまない	4
つつしまなかった	4
つつしんだ	3
つつしんで	3
つつしんでいる	3
つつしんでいます	3
つつしんでいた	3
つつしんでいました	3
つつしんでる	5
つつしんでます	3
であう	2
であいます	4
であいません	5
であいました	4
であいませんでした	5
であいましょう	5
であわない	3
であわなかった	3
であった	2
であって	2
であっている	2
であっています	2
であっていた	2
であっていました	2
であってる	4
であってます	2
でかける	0
でかけます	4
でかけません	5
でかけました	4
でかけませんでした	5
でかけましょう	5
でかけない	0
でかけなかった	7
でかけた	4
でかけて	0
でかけている	4
でかけています	4
でかけていた	4
でかけていました	4
でかけてる	4
でかけてます	5
とうとい	3
とうとく	3
とうとくない	3
とうとくなかった	3
とうとかった	3
とうとくて	3
とうとぶ	3
とうとびます	5
とうとびません	6
とうとびました	5
とうとびませんでした	6
とうとびましょう	6
とうとばない	4
とうとばなかった	4
とうとんだ	3
とうとんで	3
とうとんでいる	3
とうとんでいます	3
とうとんでいた	3
とうとんでいました	3
とうとんでる	5
とうとんでます	3
とぎれる	3
とぎれます	4
とぎれません	5
とぎれました	4
とぎれませんでした	5
とぎれましょう	5
とぎれない	3
とぎれなかった	3
とぎれた	3
とぎれて	3
とぎれている	3
とぎれています	3
とぎれていた	3
とぎれていました	3
とぎれてる	4
とぎれてます	3
とぐ	1
とぎます	3
とぎません	4
とぎました	3
とぎませんでした	4
とぎましょう	4
とがない	2
とがなかった	2
といだ	0
といで	1
といでいる	1
といでいます	1
といでいた	1
といでいました	1
といでる	4
といでます	1
ととのう	3
ととのいます	5
ととのいません	6
ととのいました	5
ととのいませんでした	6
ととのいましょう	6
ととのわない	4
ととのわなかった	4
ととのった	3
ととのって	3
ととのっている	3
ととのっています	3
ととのっていた	3
ととのっていました	3
ととのってる	5
ととのってます	3
とどめる	0
とどめます	3
とどめません	4
とどめました	3
とどめませんでした	4
とどめましょう	4
とどめない	0
とどめなかった	6
とどめた	3
とどめて	0
とどめている	3
とどめています	3
とどめていた	3
とどめていました	3
とどめてる	3
とどめてます	4
となりあう	4
となりあいます	6
となりあいません	7
となりあいました	6
となりあいませんでした	7
となりあいましょう	7
となりあわない	0
となりあわなかった	9
となりあった	6
となりあって	0
となりあっている	6
となりあっています	6
となりあっていた	6
となりあっていました	6
となりあってる	6
となりあってます	7
とびおりる	4
とびおります	5
とびおりません	6
とびおりました	5
とびおりませんでした	6
とびおりましょう	6
とびおりない	4
とびおりなかった	4
とびおりた	4
とびおりて	4
とびおりている	4
とびおりています	4
とびおりていた	4
とびおりていました	4
とびおりてる	5
とびおりてます	4
とびこむ	3
とびこみます	5
とびこみません	6
とびこみました	5
とびこみませんでした	6
とびこみましょう	6
とびこまない	4
とびこまなかった	4
とびこんだ	3
とびこんで	3
とびこんでいる	3
とびこんでいます	3
とびこんでいた	3
とびこんでいました	3
とびこんでる	5
とびこんでます	3
とらえる	3
とらえます	4
とらえません	5
とらえました	4
とらえませんでした	5
とらえましょう	5
とらえない	3
とらえなかった	3
とらえた	3
とらえて	3
とらえている	3
とらえています	3
とらえていた	3
とらえていました	3
とらえてる	4
とらえてます	3
とらわれる	4
とらわれます	5
とらわれません	6
とらわれました	5
とらわれませんでした	6
とらわれましょう	6
とらわれない	4
とらわれなかった	4
とらわれた	4
とらわれて	4
とらわれている	4
とらわれています	4
とらわれていた	4
とらわれていました	4
とらわれてる	5
とらわれてます	4
なおす	2
なおします	4
なおしません	5
なおしました	4
なおしませんでした	5
なおしましょう	5
なおさない	3
なおさなかった	3
なおした	3
なおして	3
なおしている	3
なおしています	3
なおしていた	3
なおしていました	3
なおしてる	4
なおしてます	3
なおる	2
なおります	4
なおりません	5
なおりました	4
なおりませんでした	5
なおりましょう	5
なおらない	3
なおらなかった	3
なおった	2
なおって	2
なおっている	2
なおっています	2
なおっていた	2
なおっていました	2
なおってる	4
なおってます	2
なさけない	4
なさけなく	4
なさけなくない	4
なさけなくなかった	4
なさけなかった	4
なさけなくて	4
なさけぶかい	5
なさけぶかく	5
なさけぶかくない	5
なさけぶかくなかった	5
なさけぶかかった	5
なさけぶかくて	5
なにげない	4
なにげなく	4
なにげなくない	4
なにげなくなかった	4
なにげなかった	4
なにげなくて	4
なまなましい	5
なまなましく	5
なまなましくない	5
なまなましくなかった	5
なまなましかった	5
なまなましくて	5
におう	2
においます	4
においません	5
においました	4
においませんでした	5
においましょう	5
におわない	3
におわなかった	3
におった	2
におって	2
におっている	2
におっています	2
におっていた	2
におっていました	2
におってる	4
におってます	2
になう	2
にないます	4
にないません	5
にないました	4
にないませんでした	5
にないましょう	5
になわない	3
になわなかった	3
になった	2
になって	2
になっている	2
になっています	2
になっていた	2
になっていました	2
になってる	4
になってます	2
ねころぶ	3
ねころびます	5
ねころびません	6
ねころびました	5
ねころびませんでした	6
ねころびましょう	6
ねころばない	4
ねころばなかった	4
ねころんだ	3
ねころんで	3
ねころんでいる	3
ねころんでいます	3
ねころんでいた	3
ねころんでいました	3
ねころんでる	5
ねころんでます	3
のこす	2
のこします	4
のこしません	5
のこしました	4
のこしませんでした	5
のこしましょう	5
のこさない	3
のこさなかった	3
のこした	2
のこして	2
のこしている	2
のこしています	2
のこしていた	2
のこしていました	2
のこしてる	4
のこしてます	2
のせる	0
のせます	3
のせません	4
のせました	3
のせませんでした	4
のせましょう	4
のせない	0
のせなかった	6
のせた	3
のせて	0
のせている	3
のせています	3
のせていた	3
のせていました	3
のせてる	3
のせてます	4
のばす	2
のばします	4
のばしません	5
のばしました	4
のばしませんでした	5
のばしましょう	5
のばさない	3
のばさなかった	3
のばした	2
のばして	2
のばしている	2
のばしています	2
のばしていた	2
のばしていました	2
のばしてる	4
のばしてます	2
のみこむ	3
のみこみます	5
のみこみません	6
のみこみました	5
のみこみませんでした	6
のみこみましょう	6
のみこまない	4
のみこまなかった	4
のみこんだ	3
のみこんで	3
のみこんでいる	3
のみこんでいます	3
のみこんでいた	3
のみこんでいました	3
のみこんでる	5
のみこんでます	3
のりかえる	3
のりかえます	5
のりかえません	6
のりかえました	5
のりかえませんでした	6
のりかえましょう	6
のりかえない	4
のりかえなかった	4
のりかえた	4
のりかえて	4
のりかえている	4
のりかえています	4
のりかえていた	4
のりかえていました	4
のりかえてる	5
のりかえてます	4
はかなく	3
はかなくない	3
はかなくなかった	3
はかなくて	3
はかる	2
はかります	4
はかりません	5
はかりました	4
はかりませんでした	5
はかりましょう	5
はからない	3
はからなかった	3
はかった	2
はかって	2
はかっている	2
はかっています	2
はかっていた	2
はかっていました	2
はかってる	4
はかってます	2
はがす	2
はがします	4
はがしません	5
はがしました	4
はがしませんでした	5
はがしましょう	5
はがさない	3
はがさなかった	3
はがした	2
はがして	2
はがしている	2
はがしています	2
はがしていた	2
はがしていました	2
はがしてる	4
はがしてます	2
はぐくむ	3
はぐくみます	5
はぐくみません	6
はぐくみました	5
はぐくみませんでした	6
はぐくみましょう	6
はぐくまない	4
はぐくまなかった	4
はぐくんだ	3
はぐくんで	3
はぐくんでいる	3
はぐくんでいます	3
はぐくんでいた	3
はぐくんでいました	3
はぐくんでる	5
はぐくんでます	3
はげしい	3
はげしく	3
はげしくない	3
はげしくなかった	3
はげしかった	3
はげしくて	3
はさむ	2
はさみます	4
はさみません	5
はさみました	4
はさみませんでした	5
はさみましょう	5
はさまない	3
はさまなかった	3
はさんだ	2
はさんで	2
はさんでいる	2
はさんでいます	2
はさんでいた	2
はさんでいました	2
はさんでる	4
はさんでます	2
はなばなしい	5
はなばなしく	5
はなばなしくない	5
はなばなしくなかった	5
はなばなしかった	5
はなばなしくて	5
はまる	2
はまります	0
はまりません	5
はまりました	6
はまりませんでした	5
はまりましょう	0
はまらない	2
はまらなかった	2
はまった	5
はまって	0
はまっている	5
はまっています	5
はまっていた	5
はまっていました	5
はまってる	5
はまってます	6
はみだす	3
はみだします	5
はみだしません	6
はみだしました	5
はみだしませんでした	6
はみだしましょう	6
はみださない	4
はみださなかった	4
はみだした	3
はみだして	3
はみだしている	3
はみだしています	3
はみだしていた	3
はみだしていました	3
はみだしてる	5
はみだしてます	3
はむかう	3
はむかいます	5
はむかいません	6
はむかいました	5
はむかいませんでした	6
はむかいましょう	6
はむかわない	4
はむかわなかった	4
はむかった	3
はむかって	3
はむかっている	3
はむかっています	3
はむかっていた	3
はむかっていました	3
はむかってる	5
はむかってます	3
はやめる	3
はやめます	4
はやめません	5
はやめました	4
はやめませんでした	5
はやめましょう	5
はやめない	3
はやめなかった	3
はやめた	3
はやめて	3
はやめている	3
はやめています	3
はやめていた	3
はやめていました	3
はやめてる	4
はやめてます	3
はりつける	4
はりつけます	5
はりつけません	6
はりつけました	5
はりつけませんでした	6
はりつけましょう	6
はりつけない	4
はりつけなかった	4
はりつけた	4
はりつけて	4
はりつけている	4
はりつけています	4
はりつけていた	4
はりつけていました	4
はりつけてる	5
はりつけてます	4
ばらまく	2
ばらまきます	2
ばらまきません	2
ばらまきました	2
ばらまきませんでした	2
ばらまきましょう	2
ばらまかない	2
ばらまかなかった	2
ばらまいた	2
ばらまいて	2
ばらまいている	2
ばらまいています	2
ばらまいていた	2
ばらまいていました	2
ばらまいてる	2
ばらまいてます	2
ひきあげる	4
ひきあげます	5
ひきあげません	6
ひきあげました	5
ひきあげませんでした	6
ひきあげましょう	6
ひきあげない	4
ひきあげなかった	4
ひきあげた	4
ひきあげて	4
ひきあげている	4
ひきあげています	4
ひきあげていた	4
ひきあげていました	4
ひきあげてる	5
ひきあげてます	4
ひきうける	4
ひきうけます	5
ひきうけません	6
ひきうけました	5
ひきうけませんでした	6
ひきうけましょう	6
ひきうけない	4
ひきうけなかった	4
ひきうけた	4
ひきうけて	4
ひきうけている	4
ひきうけています	4
ひきうけていた	4
ひきうけていました	4
ひきうけてる	5
ひきうけてます	4
ひきさげる	4
ひきさげます	5
ひきさげません	6
ひきさげました	5
ひきさげませんでした	6
ひきさげましょう	6
ひきさげない	4
ひきさげなかった	4
ひきさげた	4
ひきさげて	4
ひきさげている	4
ひきさげています	4
ひきさげていた	4
ひきさげていました	4
ひきさげてる	5
ひきさげてます	4
ひきしめる	4
ひきしめます	5
ひきしめません	6
ひきしめました	5
ひきしめませんでした	6
ひきしめましょう	6
ひきしめない	4
ひきしめなかった	4
ひきしめた	4
ひきしめて	4
ひきしめている	4
ひきしめています	4
ひきしめていた	4
ひきしめていました	4
ひきしめてる	5
ひきしめてます	4
ひきだす	3
ひきだします	5
ひきだしません	6
ひきだしました	5
ひきだしませんでした	6
ひきだしましょう	6
ひきださない	4
ひきださなかった	4
ひきだした	5
ひきだして	0
ひきだしている	5
ひきだしています	5
ひきだしていた	5
ひきだしていました	5
ひきだしてる	5
ひきだしてます	6
ひきつける	4
ひきつけます	5
ひきつけません	6
ひきつけました	5
ひきつけませんでした	6
ひきつけましょう	6
ひきつけない	0
ひきつけなかった	8
ひきつけた	4
ひきつけて	4
ひきつけている	4
ひきつけています	4
ひきつけていた	4
ひきつけていました	4
ひきつけてる	5
ひきつけてます	4
ひきつる	0
ひきつります	2
ひきつりません	2
ひきつりました	2
ひきつりませんでした	2
ひきつりましょう	2
ひきつらない	0
ひきつらなかった	8
ひきつった	5
ひきつって	0
ひきつっている	5
ひきつっています	5
ひきつっていた	5
ひきつっていました	5
ひきつってる	5
ひきつってます	6
ひきとめる	4
ひきとめます	5
ひきとめません	6
ひきとめました	5
ひきとめませんでした	6
ひきとめましょう	6
ひきとめない	4
ひきとめなかった	4
ひきとめた	4
ひきとめて	4
ひきとめている	4
ひきとめています	4
ひきとめていた	4
ひきとめていました	4
ひきとめてる	5
ひきとめてます	4
ひきのばす	4
ひきのばします	6
ひきのばしません	7
ひきのばしました	6
ひきのばしませんでした	7
ひきのばしましょう	7
ひきのばさない	5
ひきのばさなかった	5
ひきのばした	4
ひきのばして	4
ひきのばしている	4
ひきのばしています	4
ひきのばしていた	4
ひきのばしていました	4
ひきのばしてる	6
ひきのばしてます	4
ひきわたす	4
ひきわたします	6
ひきわたしません	7
ひきわたしました	6
ひきわたしませんでした	7
ひきわたしましょう	7
ひきわたさない	5
ひきわたさなかった	5
ひきわたした	4
ひきわたして	4
ひきわたしている	4
ひきわたしています	4
ひきわたしていた	4
ひきわたしていました	4
ひきわたしてる	6
ひきわたしてます	4
ひっぱる	3
ひっぱります	5
ひっぱりません	6
ひっぱりました	5
ひっぱりませんでした	6
ひっぱりましょう	6
ひっぱらない	4
ひっぱらなかった	4
ひっぱった	3
ひっぱって	3
ひっぱっている	3
ひっぱっています	3
ひっぱっていた	3
ひっぱっていました	3
ひっぱってる	5
ひっぱってます	3
ひどい	2
ひどく	2
ひどくない	2
ひどくなかった	2
ひどかった	2
ひどくて	2
ひろがる	0
ひろがります	5
ひろがりません	6
ひろがりました	5
ひろがりませんでした	6
ひろがりましょう	6
ひろがらない	0
ひろがらなかった	8
ひろがった	5
ひろがって	0
ひろがっている	5
ひろがっています	5
ひろがっていた	5
ひろがっていました	5
ひろがってる	5
ひろがってます	6
ひろげる	0
ひろげます	4
ひろげません	5
ひろげました	4
ひろげませんでした	5
ひろげましょう	5
ひろげない	0
ひろげなかった	7
ひろげた	4
ひろげて	0
ひろげている	4
ひろげています	4
ひろげていた	4
ひろげていました	4
ひろげてる	4
ひろげてます	5
ふえる	2
ふえます	3
ふえません	4
ふえました	3
ふえませんでした	4
ふえましょう	4
ふえない	2
ふえなかった	2
ふえた	2
ふえて	2
ふえている	2
ふえています	2
ふえていた	2
ふえていました	2
ふえてる	3
ふえてます	2
ふきだす	3
ふきだします	5
ふきだしません	6
ふきだしました	5
ふきだしませんでした	6
ふきだしましょう	6
ふきださない	4
ふきださなかった	4
ふきだした	3
ふきだして	3
ふきだしている	3
ふきだしています	3
ふきだしていた	3
ふきだしていました	3
ふきだしてる	5
ふきだしてます	3
ふくれる	0
ふくれます	4
ふくれません	5
ふくれました	4
ふくれませんでした	5
ふくれましょう	5
ふくれない	0
ふくれなかった	7
ふくれた	4
ふくれて	0
ふくれている	4
ふくれています	4
ふくれていた	4
ふくれていました	4
ふくれてる	4
ふくれてます	5
ふさがる	0
ふさがります	5
ふさがりません	6
ふさがりました	5
ふさがりませんでした	6
ふさがりましょう	6
ふさがらない	0
ふさがらなかった	8
ふさがった	5
ふさがって	0
ふさがっている	5
ふさがっています	5
ふさがっていた	5
ふさがっていました	5
ふさがってる	5
ふさがってます	6
ふさぐ	0
ふさぎます	4
ふさぎません	5
ふさぎました	4
ふさぎませんでした	5
ふさぎましょう	5
ふさがない	0
ふさがなかった	7
ふさいだ	1
ふさいで	4
ふさいでいる	4
ふさいでいます	4
ふさいでいた	4
ふさいでいました	4
ふさいでる	3
ふさいでます	5
ふやす	2
ふやします	4
ふやしません	5
ふやしました	4
ふやしませんでした	5
ふやしましょう	5
ふやさない	3
ふやさなかった	3
ふやした	2
ふやして	2
ふやしている	2
ふやしています	2
ふやしていた	2
ふやしていました	2
ふやしてる	4
ふやしてます	2
ふるまう	3
ふるまいます	5
ふるまいません	6
ふるまいました	5
ふるまいませんでした	6
ふるまいましょう	6
ふるまわない	4
ふるまわなかった	4
ふるまった	3
ふるまって	3
ふるまっている	3
ふるまっています	3
ふるまっていた	3
ふるまっていました	3
ふるまってる	5
ふるまってます	3
ほえる	2
ほえます	3
ほえません	4
ほえました	3
ほえませんでした	4
ほえましょう	4
ほえない	2
ほえなかった	2
ほえた	2
ほえて	2
ほえている	2
ほえています	2
ほえていた	2
ほえていました	2
ほえてる	3
ほえてます	2
ほす	1
ほします	3
ほしません	4
ほしました	3
ほしませんでした	4
ほしましょう	4
ほさない	2
ほさなかった	2
ほした	1
ほして	1
ほしている	1
ほしています	1
ほしていた	1
ほしていました	1
ほしてる	3
ほしてます	1
ほめる	2
ほめます	3
ほめません	4
ほめました	3
ほめませんでした	4
ほめましょう	4
ほめない	2
ほめなかった	2
ほめた	2
ほめて	2
ほめている	2
ほめています	2
ほめていた	2
ほめていました	2
ほめてる	3
ほめてます	2
ほろびる	3
ほろびます	4
ほろびません	5
ほろびました	4
ほろびませんでした	5
ほろびましょう	5
ほろびない	3
ほろびなかった	3
ほろびた	3
ほろびて	3
ほろびている	3
ほろびています	3
ほろびていた	3
ほろびていました	3
ほろびてる	4
ほろびてます	3
まさる	2
まさります	4
まさりません	5
まさりました	4
まさりませんでした	5
まさりましょう	5
まさらない	3
まさらなかった	3
まざる	2
まざります	4
まざりません	5
まざりました	4
まざりませんでした	5
まざりましょう	5
まざらない	3
まざらなかった	3
まざった	2
まざって	2
まざっている	2
まざっています	2
まざっていた	2
まざっていました	2
まざってる	4
まざってます	2
まじる	2
まじります	4
まじりません	5
まじりました	4
まじりませんでした	5
まじりましょう	5
まじらない	3
まじらなかった	3
まじった	2
まじって	2
まじっている	2
まじっています	2
まじっていた	2
まじっていました	2
まじってる	4
まじってます	2
またがる	3
またがります	5
またがりません	6
またがりました	5
またがりませんでした	6
またがりましょう	6
またがらない	4
またがらなかった	4
またがった	3
またがって	3
またがっている	3
またがっています	3
またがっていた	3
またがっていました	3
またがってる	5
またがってます	3
まるい	0
まるく	0
まるくない	4
まるくなかった	7
まるかった	2
まるくて	0
まわる	0
まわります	4
まわりません	5
まわりました	4
まわりませんでした	5
まわりましょう	5
まわらない	0
まわらなかった	7
まわった	4
まわって	0
まわっている	4
まわっています	4
まわっていた	4
まわっていました	4
まわってる	4
まわってます	5
みかける	0
みかけます	4
みかけません	5
みかけました	4
みかけませんでした	5
みかけましょう	5
みかけない	0
みかけなかった	7
みかけた	4
みかけて	0
みかけている	4
みかけています	4
みかけていた	4
みかけていました	4
みかけてる	4
みかけてます	5
みくらべる	0
みくらべます	5
みくらべません	6
みくらべました	5
みくらべませんでした	6
みくらべましょう	6
みくらべない	4
みくらべなかった	4
みくらべた	4
みくらべて	4
みくらべている	4
みくらべています	4
みくらべていた	4
みくらべていました	4
みくらべてる	5
みくらべてます	4
みちる	2
みちます	3
みちません	4
みちました	3
みちませんでした	4
みちましょう	4
みちない	2
みちなかった	2
みちた	2
みちて	2
みちている	2
みちています	2
みちていた	2
みちていました	2
みちてる	3
みちてます	2
みつかる	0
みつかります	5
みつかりません	6
みつかりました	5
みつかりませんでした	6
みつかりましょう	6
みつからない	0
みつからなかった	8
みつかった	5
みつかって	0
みつかっている	5
みつかっています	5
みつかっていた	5
みつかっていました	5
みつかってる	5
みつかってます	6
みつける	0
みつけます	4
みつけません	5
みつけました	4
みつけませんでした	5
みつけましょう	5
みつけない	0
みつけなかった	7
みつけた	4
みつけて	0
みつけている	4
みつけています	4
みつけていた	4
みつけていました	4
みつけてる	4
みつけてます	5
みつめる	0
みつめます	4
みつめません	5
みつめました	4
みつめませんでした	5
みつめましょう	5
みつめない	0
みつめなかった	7
みつめた	4
みつめて	0
みつめている	4
みつめています	4
みつめていた	4
みつめていました	4
みつめてる	4
みつめてます	5
みとどける	0
みとどけます	5
みとどけません	6
みとどけました	5
みとどけませんでした	6
みとどけましょう	6
みとどけない	0
みとどけなかった	8
みとどけた	5
みとどけて	0
みとどけている	5
みとどけています	5
みとどけていた	5
みとどけていました	5
みとどけてる	5
みとどけてます	6
みなす	2
みなします	4
みなしません	5
みなしました	4
みなしませんでした	5
みなしましょう	5
みなさない	3
みなさなかった	3
みなした	2
みなして	2
みなしている	2
みなしています	2
みなしていた	2
みなしていました	2
みなしてる	4
みなしてます	2
みのがす	0
みのがします	5
みのがしません	6
みのがしました	5
みのがしませんでした	6
みのがしましょう	6
みのがさない	0
みのがさなかった	8
みのがした	5
みのがして	0
みのがしている	5
みのがしています	5
みのがしていた	5
みのがしていました	5
みのがしてる	5
みのがしてます	6
むかう	0
むかいます	4
むかいません	5
むかいました	4
むかいませんでした	5
むかいましょう	5
むかわない	0
むかわなかった	7
むかった	4
むかって	0
むかっている	4
むかっています	4
むかっていた	4
むかっていました	4
むかってる	4
むかってます	5
めざましい	4
めざましく	4
めざましくない	4
めざましくなかった	4
めざましかった	4
めざましくて	4
もったいない	5
もったいなく	5
もったいなくない	5
もったいなくなかった	5
もったいなかった	5
もったいなくて	5
もとづく	3
もとづきます	5
もとづきません	6
もとづきました	5
もとづきませんでした	6
もとづきましょう	6
もとづかない	4
もとづかなかった	4
もとづいた	3
もとづいて	3
もとづいている	3
もとづいています	3
もとづいていた	3
もとづいていました	3
もとづいてる	5
もとづいてます	3
もらす	2
もらします	4
もらしません	5
もらしました	4
もらしませんでした	5
もらしましょう	5
もらさない	3
もらさなかった	3
もらした	2
もらして	2
もらしている	2
もらしています	2
もらしていた	2
もらしていました	2
もらしてる	4
もらしてます	2
もれる	2
もれます	3
もれません	4
もれました	3
もれませんでした	4
もれましょう	4
もれない	2
もれなかった	2
もれた	2
もれて	2
もれている	2
もれています	2
もれていた	2
もれていました	2
もれてる	3
もれてます	2
やせる	0
やせます	3
やせません	4
やせました	3
やせませんでした	4
やせましょう	4
やせない	2
やせなかった	2
やせた	1
やせて	1
やせている	1
やせています	1
やせていた	1
やせていました	1
やせてる	3
やせてます	1
やとう	2
やといます	4
やといません	5
やといました	4
やといませんでした	5
やといましょう	5
やとわない	3
やとわなかった	3
やとった	2
やとって	2
やとっている	2
やとっています	2
やとっていた	2
やとっていました	2
やとってる	4
やとってます	2
やりなおす	4
やりなおします	6
やりなおしません	7
やりなおしました	6
やりなおしませんでした	7
やりなおしましょう	7
やりなおさない	5
やりなおさなかった	5
やりなおした	4
やりなおして	4
やりなおしている	4
やりなおしています	4
やりなおしていた	4
やりなおしていました	4
やりなおしてる	6
やりなおしてます	4
やわらかい	4
やわらかく	4
やわらかくない	4
やわらかくなかった	4
やわらかかった	4
やわらかくて	4
よい	1
よく	1
よくない	1
よくなかった	1
よかった	1
よくて	1
よみがえる	3
よみがえります	6
よみがえりません	7
よみがえりました	6
よみがえりませんでした	7
よみがえりましょう	7
よみがえらない	5
よみがえらなかった	5
よみがえった	3
よみがえって	3
よみがえっている	3
よみがえっています	3
よみがえっていた	3
よみがえっていました	3
よみがえってる	6
よみがえってます	3
わかりにくい	5
わかりにくく	3
わかりにくくない	3
わかりにくくなかった	3
わかりにくかった	5
わかりにくくて	3
わかる	2
わかります	4
わかりません	5
わかりました	4
わかりませんでした	5
わかりましょう	5
わからない	3
わからなかった	3
わかれる	3
わかれます	4
わかれません	5
わかれました	4
わかれませんでした	5
わかれましょう	5
わかれない	3
わかれなかった	3
わかれた	3
わかれて	3
わかれている	3
わかれています	3
わかれていた	3
わかれていました	3
わかれてる	4
わかれてます	3
わかわかしい	5
わかわかしく	5
わかわかしくない	5
わかわかしくなかった	5
わかわかしかった	5
わかわかしくて	5
わく	0
わきます	3
わきません	4
わきました	3
わきませんでした	4
わきましょう	4
わかない	0
わかなかった	6
わいた	3
わいて	0
わいている	3
わいています	3
わいていた	3
わいていました	3
わいてる	3
わいてます	4
わびる	0
わびます	3
わびません	4
わびました	3
わびませんでした	4
わびましょう	4
わびない	0
わびなかった	6
わびた	3
わびて	0
わびている	3
わびています	3
わびていた	3
わびていました	3
わびてる	3
わびてます	4
わりこむ	3
わりこみます	5
わりこみません	6
わりこみました	5
わりこみませんでした	6
わりこみましょう	6
わりこまない	4
わりこまなかった	4
わりこんだ	3
わりこんで	3
わりこんでいる	3
わりこんでいます	3
わりこんでいた	3
わりこんでいました	3
わりこんでる	5
わりこんでます	3
つかえる	3
つかえます	4
つかえません	5
つかえました	4
つかえませんでした	5
つかえましょう	5
つかえない	3
つかえなかった	3
つかえた	3
つかえて	3
つかえている	3
つかえています	3
つかえていた	3
つかえていました	3
つかえてる	4
つかえてます	3
うつしだす	4
うつしだします	6
うつしだしません	7
うつしだしました	6
うつしだしませんでした	7
うつしだしましょう	7
うつしださない	5
うつしださなかった	5
うつしだした	4
うつしだして	4
うつしだしている	4
うつしだしています	4
うつしだしていた	4
うつしだしていました	4
うつしだしてる	6
うつしだしてます	4
みはなす	0
みはなします	5
みはなしません	6
みはなしました	5
みはなしませんでした	6
みはなしましょう	6
みはなさない	0
みはなさなかった	8
みはなした	5
みはなして	0
みはなしている	5
みはなしています	5
みはなしていた	5
みはなしていました	5
みはなしてる	5
みはなしてます	6
めでたい	3
めでたく	3
めでたくない	3
めでたくなかった	3
めでたかった	3
めでたくて	3
おいかける	4
おいかけます	5
おいかけません	6
おいかけました	5
おいかけませんでした	6
おいかけましょう	6
おいかけない	4
おいかけなかった	4
おいかけた	4
おいかけて	4
おいかけている	4
おいかけています	4
おいかけていた	4
おいかけていました	4
おいかけてる	5
おいかけてます	4
おっかける	4
おっかけます	5
おっかけません	6
おっかけました	5
おっかけませんでした	6
おっかけましょう	6
おっかけない	4
おっかけなかった	4
おっかけた	4
おっかけて	4
おっかけている	4
おっかけています	4
おっかけていた	4
おっかけていました	4
おっかけてる	5
おっかけてます	4
いきすぎる	4
いきすぎます	5
いきすぎません	6
いきすぎました	5
いきすぎませんでした	6
いきすぎましょう	6
いきすぎない	4
いきすぎなかった	4
いきすぎた	4
いきすぎて	4
いきすぎている	4
いきすぎています	4
いきすぎていた	4
いきすぎていました	4
いきすぎてる	5
いきすぎてます	4
いたましい	4
いたましく	4
いたましくない	4
いたましくなかった	4
いたましかった	4
いたましくて	4
いやがる	2
いやがります	5
いやがりません	6
いやがりました	5
いやがりませんでした	6
いやがりましょう	6
いやがらない	4
いやがらなかった	4
いやがった	3
いやがって	3
いやがっている	3
いやがっています	3
いやがっていた	3
いやがっていました	3
いやがってる	5
いやがってます	3
うすまる	0
うすまります	5
うすまりません	6
うすまりました	5
うすまりませんでした	6
うすまりましょう	6
うすまらない	0
うすまらなかった	8
うすまった	5
うすまって	0
うすまっている	5
うすまっています	5
うすまっていた	5
うすまっていました	5
うすまってる	5
うすまってます	6
うちけす	3
うちけします	5
うちけしません	6
うちけしました	5
うちけしませんでした	6
うちけしましょう	6
うちけさない	4
うちけさなかった	4
うちけした	5
うちけして	0
うちけしている	5
うちけしています	5
うちけしていた	5
うちけしていました	5
うちけしてる	5
うちけしてます	6
かいしめる	4
かいしめます	5
かいしめません	6
かいしめました	5
かいしめませんでした	6
かいしめましょう	6
かいしめない	4
かいしめなかった	4
かいしめた	4
かいしめて	4
かいしめている	4
かいしめています	4
かいしめていた	4
かいしめていました	4
かいしめてる	5
かいしめてます	4
くいさがる	4
くいさがります	6
くいさがりません	7
くいさがりました	6
くいさがりませんでした	7
くいさがりましょう	7
くいさがらない	5
くいさがらなかった	5
くいさがった	4
くいさがって	4
くいさがっている	4
くいさがっています	4
くいさがっていた	4
くいさがっていました	4
くいさがってる	6
くいさがってます	4
くぐる	2
くぐります	4
くぐりません	5
くぐりました	4
くぐりませんでした	5
くぐりましょう	5
くぐらない	3
くぐらなかった	3
くぐった	2
くぐって	2
くぐっている	2
くぐっています	2
くぐっていた	2
くぐっていました	2
くぐってる	4
くぐってます	2
しおからい	4
しおからく	4
しおからくない	4
しおからくなかった	4
しおからかった	4
しおからくて	4
しめっぽい	4
しめっぽく	4
しめっぽくない	4
しめっぽくなかった	4
しめっぽかった	4
しめっぽくて	4
すがります	4
すがりません	5
すがりました	4
すがりませんでした	5
すがりましょう	5
すがらない	0
すがらなかった	7
すがった	4
すがって	0
すがっている	4
すがっています	4
すがっていた	4
すがっていました	4
すがってる	4
すがってます	5
すまなく	2
すまなくない	2
すまなくなかった	2
すまなくて	2
たくす	2
たくします	4
たくしません	5
たくしました	4
たくしませんでした	5
たくしましょう	5
たくさない	3
たくさなかった	3
たくした	2
たくして	2
たくしている	2
たくしています	2
たくしていた	2
たくしていました	2
たくしてる	4
たくしてます	2
ちかよせる	4
ちかよせます	5
ちかよせません	6
ちかよせました	5
ちかよせませんでした	6
ちかよせましょう	6
ちかよせない	4
ちかよせなかった	4
ちかよせた	4
ちかよせて	4
ちかよせている	4
ちかよせています	4
ちかよせていた	4
ちかよせていました	4
ちかよせてる	5
ちかよせてます	4
ちぎれる	3
ちぎれます	4
ちぎれません	5
ちぎれました	4
ちぎれませんでした	5
ちぎれましょう	5
ちぎれない	3
ちぎれなかった	3
ちぎれた	3
ちぎれて	3
ちぎれている	3
ちぎれています	3
ちぎれていた	3
ちぎれていました	3
ちぎれてる	4
ちぎれてます	3
ちゅういぶかい	5
ちゅういぶかく	5
ちゅういぶかくない	5
ちゅういぶかくなかった	5
ちゅういぶかかった	5
ちゅういぶかくて	5
つっぱる	3
つっぱります	5
つっぱりません	6
つっぱりました	5
つっぱりませんでした	6
つっぱりましょう	6
つっぱらない	4
つっぱらなかった	4
つっぱった	3
つっぱって	3
つっぱっている	3
つっぱっています	3
つっぱっていた	3
つっぱっていました	3
つっぱってる	5
つっぱってます	3
いいかえる	4
いいかえます	5
いいかえません	6
いいかえました	5
いいかえませんでした	6
いいかえましょう	6
いいかえない	4
いいかえなかった	4
いいかえた	4
いいかえて	4
いいかえている	4
いいかえています	4
いいかえていた	4
いいかえていました	4
いいかえてる	5
いいかえてます	4
おもいがけない	5
おもいがけなく	5
おもいがけなくない	6
おもいがけなくなかった	6
おもいがけなかった	6
おもいがけなくて	6
たてつく	1
たてつきます	5
たてつきません	6
たてつきました	5
たてつきませんでした	6
たてつきましょう	6
たてつかない	4
たてつかなかった	4
たてついた	1
たてついて	1
たてついている	1
たてついています	1
たてついていた	1
たてついていました	1
たてついてる	5
たてついてます	1
たてなおす	4
たてなおします	6
たてなおしません	7
たてなおしました	6
たてなおしませんでした	7
たてなおしましょう	7
たてなおさない	5
たてなおさなかった	5
たてなおした	4
たてなおして	4
たてなおしている	4
たてなおしています	4
たてなおしていた	4
たてなおしていました	4
たてなおしてる	6
たてなおしてます	4
とぼける	3
とぼけます	4
とぼけません	5
とぼけました	4
とぼけませんでした	5
とぼけましょう	5
とぼけない	3
とぼけなかった	3
とぼけた	2
とぼけて	2
とぼけている	2
とぼけています	2
とぼけていた	2
とぼけていました	2
とぼけてる	4
とぼけてます	2
ながびく	3
ながびきます	5
ながびきません	6
ながびきました	5
ながびきませんでした	6
ながびきましょう	6
ながびかない	4
ながびかなかった	4
ながびいた	3
ながびいて	3
ながびいている	3
ながびいています	3
ながびいていた	3
ながびいていました	3
ながびいてる	5
ながびいてます	3
ねすごす	3
ねすごします	5
ねすごしません	6
ねすごしました	5
ねすごしませんでした	6
ねすごしましょう	6
ねすごさない	4
ねすごさなかった	4
ねすごした	3
ねすごして	3
ねすごしている	3
ねすごしています	3
ねすごしていた	3
ねすごしていました	3
ねすごしてる	5
ねすごしてます	3
はしたない	3
はしたなく	3
はしたなくない	3
はしたなくなかった	3
はしたなかった	3
はしたなくて	3
はらむ	2
はらみます	4
はらみません	5
はらみました	4
はらみませんでした	5
はらみましょう	5
はらまない	3
はらまなかった	3
はらんだ	2
はらんで	2
はらんでいる	2
はらんでいます	2
はらんでいた	2
はらんでいました	2
はらんでる	4
はらんでます	2
ひっつく	3
ひっつきます	5
ひっつきません	6
ひっつきました	5
ひっつきませんでした	6
ひっつきましょう	6
ひっつかない	4
ひっつかなかった	4
ひっついた	3
ひっついて	3
ひっついている	3
ひっついています	3
ひっついていた	3
ひっついていました	3
ひっついてる	5
ひっついてます	3
ほしがる	3
ほしがります	5
ほしがりません	6
ほしがりました	5
ほしがりませんでした	6
ほしがりましょう	6
ほしがらない	4
ほしがらなかった	4
ほしがった	2
ほしがって	2
ほしがっている	2
ほしがっています	2
ほしがっていた	2
ほしがっていました	2
ほしがってる	5
ほしがってます	2
まちがう	3
まちがいます	5
まちがいません	6
まちがいました	5
まちがいませんでした	6
まちがいましょう	3
まちがわない	4
まちがわなかった	4
まちがった	3
まちがって	3
まちがっている	3
まちがっています	3
まちがっていた	3
まちがっていました	3
まちがってる	5
まちがってます	3
まとまる	0
まとまります	5
まとまりません	6
まとまりました	5
まとまりませんでした	6
まとまりましょう	6
まとまらない	0
まとまらなかった	8
まとまった	5
まとまって	0
まとまっている	5
まとまっています	5
まとまっていた	5
まとまっていました	5
まとまってる	5
まとまってます	6
みかぎる	3
みかぎります	5
みかぎりません	6
みかぎりました	5
みかぎりませんでした	6
みかぎりましょう	6
みかぎらない	0
みかぎらなかった	8
みかぎった	5
みかぎって	0
みかぎっている	5
みかぎっています	5
みかぎっていた	5
みかぎっていました	5
みかぎってる	5
みかぎってます	6
みずくさい	4
みずくさく	4
みずくさくない	4
みずくさくなかった	4
みずくさかった	4
みずくさくて	4
めぐまれる	0
めぐまれます	5
めぐまれません	6
めぐまれました	5
めぐまれませんでした	6
めぐまれましょう	6
めぐまれない	0
めぐまれなかった	8
めぐまれた	5
めぐまれて	0
めぐまれている	5
めぐまれています	5
めぐまれていた	5
めぐまれていました	5
めぐまれてる	5
めぐまれてます	6
もつれる	3
もつれます	4
もつれません	5
もつれました	4
もつれませんでした	5
もつれましょう	5
もつれない	3
もつれなかった	3
もつれた	3
もつれて	3
もつれている	3
もつれています	3
もつれていた	3
もつれていました	3
もつれてる	4
もつれてます	3
ゆるがす	3
ゆるがします	5
ゆるがしません	6
ゆるがしました	5
ゆるがしませんでした	6
ゆるがしましょう	6
ゆるがさない	4
ゆるがさなかった	4
ゆるがした	3
ゆるがして	3
ゆるがしている	3
ゆるがしています	3
ゆるがしていた	3
ゆるがしていました	3
ゆるがしてる	5
ゆるがしてます	3
よろこばす	4
よろこばします	6
よろこばしません	7
よろこばしました	6
よろこばしませんでした	7
よろこばしましょう	7
よろこばさない	5
よろこばさなかった	5
よろこばした	4
よろこばして	4
よろこばしている	4
よろこばしています	4
よろこばしていた	4
よろこばしていました	4
よろこばしてる	6
よろこばしてます	4
ねぼける	3
ねぼけます	4
ねぼけません	5
ねぼけました	4
ねぼけませんでした	5
ねぼけましょう	5
ねぼけない	3
ねぼけなかった	3
ねぼけた	3
ねぼけて	3
ねぼけている	3
ねぼけています	3
ねぼけていた	3
ねぼけていました	3
ねぼけてる	4
ねぼけてます	3
みすごす	3
みすごします	5
みすごしません	6
みすごしました	5
みすごしませんでした	6
みすごしましょう	6
みすごさない	0
みすごさなかった	8
みすごした	5
みすごして	0
みすごしている	5
みすごしています	5
みすごしていた	5
みすごしていました	5
みすごしてる	5
みすごしてます	6
よどむ	2
よどみます	4
よどみません	5
よどみました	4
よどみませんでした	5
よどみましょう	5
よどまない	3
よどまなかった	3
よどんだ	2
よどんで	2
よどんでいる	2
よどんでいます	2
よどんでいた	2
よどんでいました	2
よどんでる	4
よどんでます	2
やりすごす	4
やりすごします	6
やりすごしません	7
やりすごしました	6
やりすごしませんでした	7
やりすごしましょう	7
やりすごさない	5
やりすごさなかった	5
やりすごした	4
やりすごして	4
やりすごしている	4
やりすごしています	4
やりすごしていた	4
やりすごしていました	4
やりすごしてる	6
やりすごしてます	4
こなす	2
こなします	4
こなしません	5
こなしました	4
こなしませんでした	5
こなしましょう	5
こなさない	0
こなさなかった	7
こなした	2
こなして	2
こなしている	2
こなしています	2
こなしていた	2
こなしていました	2
こなしてる	4
こなしてます	2
どよめく	3
どよめきます	3
どよめきません	3
どよめきました	3
どよめきませんでした	3
どよめきましょう	3
どよめかない	3
どよめかなかった	3
どよめいた	3
どよめいて	3
どよめいている	3
どよめいています	3
どよめいていた	3
どよめいていました	3
どよめいてる	3
どよめいてます	3
ばからしい	4
ばからしく	4
ばからしくない	4
ばからしくなかった	4
ばからしかった	4
ばからしくて	4
やりきれない	4
やりきれなく	4
やりきれなくない	4
やりきれなくなかった	4
やりきれなかった	5
やりきれなくて	4
やすらぐ	3
やすらぎます	5
やすらぎません	6
やすらぎました	5
やすらぎませんでした	6
やすらぎましょう	6
やすらがない	4
やすらがなかった	4
やすらいだ	3
やすらいで	3
やすらいでいる	3
やすらいでいます	3
やすらいでいた	3
やすらいでいました	3
やすらいでる	5
やすらいでます	6
よろこばしい	5
よろこばしく	5
よろこばしくない	5
よろこばしくなかった	5
よろこばしかった	5
よろこばしくて	5
いただける	0
いただけます	5
いただけません	6
いただけました	5
いただけませんでした	6
いただけましょう	6
いただけない	0
いただけなかった	8
いただけた	5
いただけて	0
いただけている	5
いただけています	5
いただけていた	5
いただけていました	5
いただけてる	5
いただけてます	6
せりあう	3
せりあいます	5
せりあいません	6
せりあいました	5
せりあいませんでした	6
せりあいましょう	6
せりあわない	4
せりあわなかった	4
せりあった	3
せりあって	3
せりあっている	3
せりあっています	3
せりあっていた	3
せりあっていました	3
せりあってる	5
せりあってます	3
あららげる	4
あららげます	4
あららげません	5
あららげました	4
あららげませんでした	5
あららげましょう	5
あららげない	3
あららげなかった	3
あららげた	3
あららげて	3
あららげている	3
あららげています	3
あららげていた	3
あららげていました	3
あららげてる	4
あららげてます	3
おこらせる	4
おこらせます	5
おこらせません	6
おこらせました	5
おこらせませんでした	6
おこらせましょう	6
おこらせない	4
おこらせなかった	4
おこらせた	2
おこらせて	2
おこらせている	2
おこらせています	2
おこらせていた	2
おこらせていました	2
おこらせてる	5
おこらせてます	2
またせる	3
またせます	4
またせません	5
またせました	4
またせませんでした	5
またせましょう	5
またせない	0
またせなかった	7
またせた	1
またせて	1
またせている	1
またせています	1
またせていた	1
またせていました	1
またせてる	4
またせてます	1
おもいえがく	5
おもいえがきます	7
おもいえがきません	8
おもいえがきました	7
おもいえがきませんでした	8
おもいえがきましょう	8
おもいえがかない	6
おもいえがかなかった	6
おもいえがいた	5
おもいえがいて	5
おもいえがいている	5
おもいえがいています	5
おもいえがいていた	5
おもいえがいていました	5
おもいえがいてる	7
おもいえがいてます	5
かきあげる	4
かきあげます	5
かきあげません	6
かきあげました	5
かきあげませんでした	6
かきあげましょう	6
かきあげない	4
かきあげなかった	4
かきあげた	4
かきあげて	4
かきあげている	4
かきあげています	4
かきあげていた	4
かきあげていました	4
かきあげてる	5
かきあげてます	4
かちこす	0
かちこします	5
かちこしません	6
かちこしました	5
かちこしませんでした	6
かちこしましょう	6
かちこさない	0
かちこさなかった	8
かちこした	5
かちこして	0
かちこしている	5
かちこしています	5
かちこしていた	5
かちこしていました	5
かちこしてる	5
かちこしてます	6
とりそろえる	5
とりそろえます	6
とりそろえません	7
とりそろえました	6
とりそろえませんでした	7
とりそろえましょう	7
とりそろえない	5
とりそろえなかった	5
とりそろえた	5
とりそろえて	5
とりそろえている	5
とりそろえています	5
とりそろえていた	5
とりそろえていました	5
とりそろえてる	6
とりそろえてます	5
まぜあわす	4
まぜあわします	6
まぜあわしません	7
まぜあわしました	6
まぜあわしませんでした	7
まぜあわしましょう	7
まぜあわさない	5
まぜあわさなかった	5
まぜあわした	4
まぜあわして	4
まぜあわしている	4
まぜあわしています	4
まぜあわしていた	4
まぜあわしていました	4
まぜあわしてる	6
まぜあわしてます	4
おもいおこす	5
おもいおこします	7
おもいおこしません	8
おもいおこしました	7
おもいおこしませんでした	8
おもいおこしましょう	8
おもいおこさない	6
おもいおこさなかった	6
おもいおこした	5
おもいおこして	5
おもいおこしている	5
おもいおこしています	5
おもいおこしていた	5
おもいおこしていました	5
おもいおこしてる	7
おもいおこしてます	5
もちかえる	3
もちかえります	6
もちかえりません	7
もちかえりました	6
もちかえりませんでした	7
もちかえりましょう	7
もちかえらない	5
もちかえらなかった	5
もちかえった	3
もちかえって	3
もちかえっている	3
もちかえっています	3
もちかえっていた	3
もちかえっていました	3
もちかえってる	6
もちかえってます	3
とりまとめる	5
とりまとめます	6
とりまとめません	7
とりまとめました	6
とりまとめませんでした	7
とりまとめましょう	7
とりまとめない	5
とりまとめなかった	5
とりまとめた	5
とりまとめて	5
とりまとめている	5
とりまとめています	5
とりまとめていた	5
とりまとめていました	5
とりまとめてる	6
とりまとめてます	5
よみにくい	4
よみにくく	1
よみにくくない	1
よみにくくなかった	1
よみにくかった	4
よみにくくて	1
とりきめる	4
とりきめます	5
とりきめません	6
とりきめました	5
とりきめませんでした	6
とりきめましょう	6
とりきめない	4
とりきめなかった	4
とりきめた	4
とりきめて	4
とりきめている	4
とりきめています	4
とりきめていた	4
とりきめていました	4
とりきめてる	5
とりきめてます	4
みいる	2
みいります	4
みいりません	5
みいりました	4
みいりませんでした	5
みいりましょう	5
みいらない	3
みいらなかった	3
みいった	2
みいって	2
みいっている	2
みいっています	2
みいっていた	2
みいっていました	2
みいってる	4
みいってます	2
おいあげる	4
おいあげます	5
おいあげません	6
おいあげました	5
おいあげませんでした	6
おいあげましょう	6
おいあげない	4
おいあげなかった	4
おいあげた	4
おいあげて	4
おいあげている	4
おいあげています	4
おいあげていた	4
おいあげていました	4
おいあげてる	5
おいあげてます	4
どなりこむ	4
どなりこみます	6
どなりこみません	7
どなりこみました	6
どなりこみませんでした	7
どなりこみましょう	7
どなりこまない	5
どなりこまなかった	5
どなりこんだ	4
どなりこんで	4
どなりこんでいる	4
どなりこんでいます	4
どなりこんでいた	4
どなりこんでいました	4
どなりこんでる	6
どなりこんでます	4
あらいあげる	5
あらいあげます	6
あらいあげません	7
あらいあげました	6
あらいあげませんでした	7
あらいあげましょう	7
あらいあげない	5
あらいあげなかった	5
あらいあげた	5
あらいあげて	5
あらいあげている	5
あらいあげています	5
あらいあげていた	5
あらいあげていました	5
あらいあげてる	6
あらいあげてます	5
にげきる	3
にげきります	5
にげきりません	6
にげきりました	5
にげきりませんでした	6
にげきりましょう	6
にげきらない	4
にげきらなかった	4
にげきった	3
にげきって	3
にげきっている	3
にげきっています	3
にげきっていた	3
にげきっていました	3
にげきってる	5
にげきってます	3
おもいやる	4
おもいやります	6
おもいやりません	7
おもいやりました	6
おもいやりませんでした	7
おもいやりましょう	7
おもいやらない	5
おもいやらなかった	5
おもいやった	4
おもいやって	4
おもいやっている	4
おもいやっています	4
おもいやっていた	4
おもいやっていました	4
おもいやってる	6
おもいやってます	4
よぎない	3
よぎなく	3
よぎなくない	3
よぎなくなかった	3
よぎなかった	3
よぎなくて	3
みあたらなく	0
みあたらなくない	3
みあたらなくなかった	3
みあたらなくて	0
ふうじる	0
ふうじます	4
ふうじません	5
ふうじました	4
ふうじませんでした	5
ふうじましょう	5
ふうじない	3
ふうじなかった	3
ふうじた	1
ふうじて	1
ふうじている	1
ふうじています	1
ふうじていた	1
ふうじていました	1
ふうじてる	4
ふうじてます	1
きもちわるい	3
きもちわるく	3
きもちわるくない	3
きもちわるくなかった	3
きもちわるかった	3
きもちわるくて	3
しぼりこむ	4
しぼりこみます	6
しぼりこみません	7
しぼりこみました	6
しぼりこみませんでした	7
しぼりこみましょう	7
しぼりこまない	5
しぼりこまなかった	5
しぼりこんだ	3
しぼりこんで	3
しぼりこんでいる	3
しぼりこんでいます	3
しぼりこんでいた	3
しぼりこんでいました	3
しぼりこんでる	6
しぼりこんでます	3
またす	2
またします	4
またしません	5
またしました	4
またしませんでした	5
またしましょう	5
またさない	3
またさなかった	3
またした	2
またして	2
またしている	2
またしています	2
またしていた	2
またしていました	2
またしてる	4
またしてます	2
きかせる	0
きかせます	4
きかせません	5
きかせました	4
きかせませんでした	5
きかせましょう	5
きかせない	0
きかせなかった	7
きかせた	4
きかせて	0
きかせている	4
きかせています	4
きかせていた	4
きかせていました	4
きかせてる	4
きかせてます	5
ときほぐす	4
ときほぐします	6
ときほぐしません	7
ときほぐしました	6
ときほぐしませんでした	7
ときほぐしましょう	7
ときほぐさない	5
ときほぐさなかった	5
ときほぐした	4
ときほぐして	4
ときほぐしている	4
ときほぐしています	4
ときほぐしていた	4
ときほぐしていました	4
ときほぐしてる	6
ときほぐしてます	4
はたらかせる	0
はたらかせます	6
はたらかせません	7
はたらかせました	6
はたらかせませんでした	7
はたらかせましょう	7
はたらかせない	0
はたらかせなかった	9
はたらかせた	6
はたらかせて	0
はたらかせている	6
はたらかせています	6
はたらかせていた	6
はたらかせていました	6
はたらかせてる	6
はたらかせてます	7
かずすくない	5
かずすくなく	5
かずすくなくない	5
かずすくなくなかった	5
かずすくなかった	5
かずすくなくて	5
うごきだす	4
うごきだします	6
うごきだしません	7
うごきだしました	6
うごきだしませんでした	7
うごきだしましょう	7
うごきださない	5
うごきださなかった	5
うごきだした	4
うごきだして	4
うごきだしている	4
うごきだしています	4
うごきだしていた	4
うごきだしていました	4
うごきだしてる	6
うごきだしてます	4
まるまる	0
まるまります	5
まるまりません	6
まるまりました	5
まるまりませんでした	6
まるまりましょう	6
まるまらない	0
まるまらなかった	8
まるまった	5
まるまって	0
まるまっている	5
まるまっています	5
まるまっていた	5
まるまっていました	5
まるまってる	5
まるまってます	6
ありえない	3
ありえなく	3
ありえなくない	1
ありえなくなかった	1
ありえなかった	3
ありえなくて	3
うまれそだつ	0
うまれそだちます	7
うまれそだちません	8
うまれそだちました	7
うまれそだちませんでした	8
うまれそだちましょう	8
うまれそだたない	6
うまれそだたなかった	6
うまれそだった	5
うまれそだって	5
うまれそだっている	5
うまれそだっています	5
うまれそだっていた	5
うまれそだっていました	5
うまれそだってる	7
うまれそだってます	5
おっきい	3
おっきく	3
おっきくない	3
おっきくなかった	3
おっきかった	3
おっきくて	3
される	2
されます	3
されません	4
されました	3
されませんでした	4
されましょう	4
されない	2
されなかった	2
された	2
されて	2
されている	2
されています	2
されていた	2
されていました	2
されてる	3
されてます	2
ならびかえる	5
ならびかえます	6
ならびかえません	7
ならびかえました	6
ならびかえませんでした	7
ならびかえましょう	7
ならびかえない	5
ならびかえなかった	5
ならびかえた	5
ならびかえて	5
ならびかえている	5
ならびかえています	5
ならびかえていた	5
ならびかえていました	5
ならびかえてる	6
ならびかえてます	5
あいす	1
あいします	4
あいしません	5
あいしました	4
あいしませんでした	5
あいしましょう	5
あいさない	3
あいさなかった	3
あいした	1
あいして	1
あいしている	1
あいしています	1
あいしていた	1
あいしていました	1
あいしてる	4
あいしてます	1
じす	1
じします	3
じしません	4
じしました	3
じしませんでした	4
じしましょう	4
じさない	2
じさなかった	2
じした	2
じして	2
じしている	2
じしています	2
じしていた	2
じしていました	2
じしてる	3
じしてます	2
ぶつける	4
ぶつけます	5
ぶつけません	6
ぶつけました	5
ぶつけませんでした	6
ぶつけましょう	6
ぶつけない	4
ぶつけなかった	4
ぶつけた	4
ぶつけて	4
ぶつけている	4
ぶつけています	4
ぶつけていた	4
ぶつけていました	4
ぶつけてる	5
ぶつけてます	4
にくい	0
にくく	0
にくくない	4
にくくなかった	7
にくかった	2
にくくて	0
むくわれる	2
むくわれます	5
むくわれません	6
むくわれました	5
むくわれませんでした	6
むくわれましょう	6
むくわれない	4
むくわれなかった	4
むくわれた	2
むくわれて	2
むくわれている	2
むくわれています	2
むくわれていた	2
むくわれていました	2
むくわれてる	5
むくわれてます	2
なす	1
なします	3
なしません	4
なしました	3
なしませんでした	4
なしましょう	4
なさない	2
なさなかった	2
なした	1
なして	1
なしている	1
なしています	1
なしていた	1
なしていました	1
なしてる	3
なしてます	1
あだなする	3
あだなします	3
あだなしません	3
あだなしました	3
あだなしませんでした	3
あだなしましょう	3
あだなしない	3
あだなしなかった	3
あだなした	3
あだなして	3
あだなしている	3
あだなしています	3
あだなしていた	3
あだなしていました	3
あだなしてる	3
あだなしてます	3
おかわりする	2
おかわりします	2
おかわりしません	2
おかわりしました	2
おかわりしませんでした	2
おかわりしましょう	2
おかわりしない	2
おかわりしなかった	2
おかわりした	2
おかわりして	2
おかわりしている	2
おかわりしています	2
おかわりしていた	2
おかわりしていました	2
おかわりしてる	2
おかわりしてます	2
おまいりする	4
おまいりします	4
おまいりしません	4
おまいりしました	4
おまいりしませんでした	4
おまいりしましょう	4
おまいりしない	4
おまいりしなかった	4
おまいりした	4
おまいりして	4
おまいりしている	4
おまいりしています	4
おまいりしていた	4
おまいりしていました	4
おまいりしてる	4
おまいりしてます	4
おしゃべりする	2
おしゃべりします	2
おしゃべりしません	2
おしゃべりしました	2
おしゃべりしませんでした	2
おしゃべりしましょう	2
おしゃべりしない	2
おしゃべりしなかった	2
おしゃべりした	2
おしゃべりして	2
おしゃべりしている	2
おしゃべりしています	2
おしゃべりしていた	2
おしゃべりしていました	2
おしゃべりしてる	2
おしゃべりしてます	2
おてつだいする	2
おてつだいします	2
おてつだいしません	2
おてつだいしました	2
おてつだいしませんでした	2
おてつだいしましょう	2
おてつだいしない	2
おてつだいしなかった	2
おてつだいした	2
おてつだいして	2
おてつだいしている	2
おてつだいしています	2
おてつだいしていた	2
おてつだいしていました	2
おてつだいしてる	2
おてつだいしてます	2
おしゃれする	2
おしゃれします	2
おしゃれしません	2
おしゃれしました	2
おしゃれしませんでした	2
おしゃれしましょう	2
おしゃれしない	2
おしゃれしなかった	2
おしゃれした	2
おしゃれして	2
おしゃれしている	2
おしゃれしています	2
おしゃれしていた	2
おしゃれしていました	2
おしゃれしてる	2
おしゃれしてます	2
おちゃする	2
おちゃします	2
おちゃしません	2
おちゃしました	2
おちゃしませんでした	2
おちゃしましょう	2
おちゃしない	2
おちゃしなかった	2
おちゃした	2
おちゃして	2
おちゃしている	2
おちゃしています	2
おちゃしていた	2
おちゃしていました	2
おちゃしてる	2
おちゃしてます	2
おわびする	3
おわびします	3
おわびしません	3
おわびしました	3
おわびしませんでした	3
おわびしましょう	3
おわびしない	3
おわびしなかった	3
おわびした	3
おわびして	3
おわびしている	3
おわびしています	3
おわびしていた	3
おわびしていました	3
おわびしてる	3
おわびしてます	3
おまけする	3
おまけします	3
おまけしません	3
おまけしました	3
おまけしませんでした	3
おまけしましょう	3
おまけしない	3
おまけしなかった	3
おまけした	3
おまけして	3
おまけしている	3
おまけしています	3
おまけしていた	3
おまけしていました	3
おまけしてる	3
おまけしてます	3
おじぎする	1
おじぎします	1
おじぎしません	1
おじぎしました	1
おじぎしませんでした	1
おじぎしましょう	1
おじぎしない	1
おじぎしなかった	1
おじぎした	1
おじぎして	1
おじぎしている	1
おじぎしています	1
おじぎしていた	1
おじぎしていました	1
おじぎしてる	1
おじぎしてます	1
おかえしする	4
おかえしします	4
おかえししません	4
おかえししました	4
おかえししませんでした	4
おかえししましょう	4
おかえししない	4
おかえししなかった	4
おかえしした	4
おかえしして	4
おかえししている	4
おかえししています	4
おかえししていた	4
おかえししていました	4
おかえししてる	4
おかえししてます	4
おねがいする	4
おねがいします	4
おねがいしません	4
おねがいしました	4
おねがいしませんでした	4
おねがいしましょう	4
おねがいしない	4
おねがいしなかった	4
おねがいした	4
おねがいして	4
おねがいしている	4
おねがいしています	4
おねがいしていた	4
おねがいしていました	4
おねがいしてる	4
おねがいしてます	4
くじびきする	2
くじびきします	2
くじびきしません	2
くじびきしました	2
くじびきしませんでした	2
くじびきしましょう	2
くじびきしない	2
くじびきしなかった	2
くじびきした	2
くじびきして	2
くじびきしている	2
くじびきしています	2
くじびきしていた	2
くじびきしていました	2
くじびきしてる	2
くじびきしてます	2
ごきょうりょくする	2
ごきょうりょくします	2
ごきょうりょくしません	2
ごきょうりょくしました	2
ごきょうりょくしませんでした	2
ごきょうりょくしましょう	2
ごきょうりょくしない	2
ごきょうりょくしなかった	2
ごきょうりょくした	2
ごきょうりょくして	2
ごきょうりょくしている	2
ごきょうりょくしています	2
ごきょうりょくしていた	2
ごきょうりょくしていました	2
ごきょうりょくしてる	2
ごきょうりょくしてます	2
ごぶさたする	4
ごぶさたします	4
ごぶさたしません	4
ごぶさたしました	4
ごぶさたしませんでした	4
ごぶさたしましょう	4
ごぶさたしない	4
ごぶさたしなかった	4
ごぶさたした	4
ごぶさたして	4
ごぶさたしている	4
ごぶさたしています	4
ごぶさたしていた	4
ごぶさたしていました	4
ごぶさたしてる	4
ごぶさたしてます	4
ごれんらくする	2
ごれんらくします	2
ごれんらくしません	2
ごれんらくしました	2
ごれんらくしませんでした	2
ごれんらくしましょう	2
ごれんらくしない	2
ごれんらくしなかった	2
ごれんらくした	2
ごれんらくして	2
ごれんらくしている	2
ごれんらくしています	2
ごれんらくしていた	2
ごれんらくしていました	2
ごれんらくしてる	2
ごれんらくしてます	2
ごちそうする	4
ごちそうします	4
ごちそうしません	4
ごちそうしました	4
ごちそうしませんでした	4
ごちそうしましょう	4
ごちそうしない	4
ごちそうしなかった	4
ごちそうした	4
ごちそうして	4
ごちそうしている	4
ごちそうしています	4
ごちそうしていた	4
ごちそうしていました	4
ごちそうしてる	4
ごちそうしてます	4
じゃんけんする	1
じゃんけんします	1
じゃんけんしません	1
じゃんけんしました	1
じゃんけんしませんでした	1
じゃんけんしましょう	1
じゃんけんしない	1
じゃんけんしなかった	1
じゃんけんした	1
じゃんけんして	1
じゃんけんしている	1
じゃんけんしています	1
じゃんけんしていた	1
じゃんけんしていました	1
じゃんけんしてる	1
じゃんけんしてます	1
やりとりする	2
やりとりします	2
やりとりしません	2
やりとりしました	2
やりとりしませんでした	2
やりとりしましょう	2
やりとりしない	2
やりとりしなかった	2
やりとりした	2
やりとりして	2
やりとりしている	2
やりとりしています	2
やりとりしていた	2
やりとりしていました	2
やりとりしてる	2
やりとりしてます	2
やりなおしする	5
やりなおしします	5
やりなおししません	5
やりなおししました	5
やりなおししませんでした	5
やりなおししましょう	5
やりなおししない	6
やりなおししなかった	6
やりなおしした	5
やりなおしして	5
やりなおししている	5
やりなおししています	5
やりなおししていた	5
やりなおししていました	5
やりなおししてる	5
やりなおししてます	5
やりくりする	2
やりくりします	2
やりくりしません	2
やりくりしました	2
やりくりしませんでした	2
やりくりしましょう	2
やりくりしない	2
やりくりしなかった	2
やりくりした	2
やりくりして	2
やりくりしている	2
やりくりしています	2
やりくりしていた	2
やりくりしていました	2
やりくりしてる	2
やりくりしてます	2
よそみする	2
よそみします	2
よそみしません	2
よそみしました	2
よそみしませんでした	2
よそみしましょう	1
よそみしない	2
よそみしなかった	2
よそみした	2
よそみして	2
よそみしている	2
よそみしています	2
よそみしていた	2
よそみしていました	2
よそみしてる	2
よそみしてます	2
ぶちぎれする	4
ぶちぎれします	6
ぶちぎれしません	7
ぶちぎれしました	6
ぶちぎれしませんでした	7
ぶちぎれしましょう	7
ぶちぎれしない	5
ぶちぎれしなかった	5
ぶちぎれした	4
ぶちぎれして	4
ぶちぎれしている	4
ぶちぎれしています	4
ぶちぎれしていた	4
ぶちぎれしていました	4
ぶちぎれしてる	6
ぶちぎれしてます	4
ひとりぐらしする	4
ひとりぐらしします	4
ひとりぐらししません	4
ひとりぐらししました	4
ひとりぐらししませんでした	4
ひとりぐらししましょう	4
ひとりぐらししない	4
ひとりぐらししなかった	4
ひとりぐらしした	4
ひとりぐらしして	4
ひとりぐらししている	4
ひとりぐらししています	4
ひとりぐらししていた	4
ひとりぐらししていました	4
ひとりぐらししてる	4
ひとりぐらししてます	4
ひとりあるきする	2
ひとりあるきします	2
ひとりあるきしません	2
ひとりあるきしました	2
ひとりあるきしませんでした	2
ひとりあるきしましょう	2
ひとりあるきしない	2
ひとりあるきしなかった	2
ひとりあるきした	2
ひとりあるきして	2
ひとりあるきしている	2
ひとりあるきしています	2
ひとりあるきしていた	2
ひとりあるきしていました	2
ひとりあるきしてる	2
ひとりあるきしてます	2
いちにんする	4
いちにんします	4
いちにんしません	4
いちにんしました	4
いちにんしませんでした	4
いちにんしましょう	4
いちにんしない	4
いちにんしなかった	4
いちにんした	4
いちにんして	4
いちにんしている	4
いちにんしています	4
いちにんしていた	4
いちにんしていました	4
いちにんしてる	4
いちにんしてます	4
ひとやすみする	2
ひとやすみします	2
ひとやすみしません	2
ひとやすみしました	2
ひとやすみしませんでした	2
ひとやすみしましょう	2
ひとやすみしない	2
ひとやすみしなかった	2
ひとやすみした	2
ひとやすみして	2
ひとやすみしている	2
ひとやすみしています	2
ひとやすみしていた	2
ひとやすみしていました	2
ひとやすみしてる	2
ひとやすみしてます	2
いちげんかする	5
いちげんかします	5
いちげんかしません	5
いちげんかしました	5
いちげんかしませんでした	5
いちげんかしましょう	5
いちげんかしない	5
いちげんかしなかった	5
いちげんかした	5
いちげんかして	5
いちげんかしている	5
いちげんかしています	5
いちげんかしていた	5
いちげんかしていました	5
いちげんかしてる	5
いちげんかしてます	5
いっしゅうする	4
いっしゅうします	4
いっしゅうしません	4
いっしゅうしました	4
いっしゅうしませんでした	4
いっしゅうしましょう	4
いっしゅうしない	4
いっしゅうしなかった	4
いっしゅうした	4
いっしゅうして	4
いっしゅうしている	4
いっしゅうしています	4
いっしゅうしていた	4
いっしゅうしていました	4
いっしゅうしてる	4
いっしゅうしてます	4
ひとまわりする	3
ひとまわりします	3
ひとまわりしません	3
ひとまわりしました	3
ひとまわりしませんでした	3
ひとまわりしましょう	3
ひとまわりしない	3
ひとまわりしなかった	3
ひとまわりした	3
ひとまわりして	3
ひとまわりしている	3
ひとまわりしています	3
ひとまわりしていた	3
ひとまわりしていました	3
ひとまわりしてる	3
ひとまわりしてます	3
いっぺんする	4
いっぺんします	4
いっぺんしません	4
いっぺんしました	4
いっぺんしませんでした	4
いっぺんしましょう	4
いっぺんしない	4
いっぺんしなかった	4
いっぺんした	4
いっぺんして	4
いっぺんしている	4
いっぺんしています	4
いっぺんしていた	4
いっぺんしていました	4
いっぺんしてる	4
いっぺんしてます	4
ひとあんしんする	3
ひとあんしんします	3
ひとあんしんしません	3
ひとあんしんしました	3
ひとあんしんしませんでした	3
ひとあんしんしましょう	3
ひとあんしんしない	3
ひとあんしんしなかった	3
ひとあんしんした	3
ひとあんしんして	3
ひとあんしんしている	3
ひとあんしんしています	3
ひとあんしんしていた	3
ひとあんしんしていました	3
ひとあんしんしてる	3
ひとあんしんしてます	3
いっていする	4
いっていします	4
いっていしません	4
いっていしました	4
いっていしませんでした	4
いっていしましょう	4
いっていしない	4
いっていしなかった	4
いっていした	4
いっていして	4
いっていしている	4
いっていしています	4
いっていしていた	4
いっていしていました	4
いっていしてる	4
いっていしてます	4
いちざする	2
いちざします	2
いちざしません	2
いちざしました	2
いちざしませんでした	2
いちざしましょう	2
いちざしない	2
いちざしなかった	2
いちざした	2
いちざして	2
いちざしている	2
いちざしています	2
いちざしていた	2
いちざしていました	2
いちざしてる	2
いちざしてます	2
いっせんする	4
いっせんします	4
いっせんしません	4
いっせんしました	4
いっせんしませんでした	4
いっせんしましょう	4
いっせんしない	4
いっせんしなかった	4
いっせんした	4
いっせんして	4
いっせんしている	4
いっせんしています	4
いっせんしていた	4
いっせんしていました	4
いっせんしてる	4
いっせんしてます	4
いっかつする	4
いっかつします	4
いっかつしません	4
いっかつしました	4
いっかつしませんでした	4
いっかつしましょう	4
いっかつしない	4
いっかつしなかった	4
いっかつした	4
いっかつして	4
いっかつしている	4
いっかつしています	4
いっかつしていた	4
いっかつしていました	4
いっかつしてる	4
いっかつしてます	4
いっそうする	4
いっそうします	4
いっそうしません	4
いっそうしました	4
いっそうしませんでした	4
いっそうしましょう	4
いっそうしない	4
いっそうしなかった	4
いっそうした	4
いっそうして	4
いっそうしている	4
いっそうしています	4
いっそうしていた	4
いっそうしていました	4
いっそうしてる	4
いっそうしてます	4
いちげきする	4
いちげきします	4
いちげきしません	4
いちげきしました	4
いちげきしませんでした	4
いちげきしましょう	4
いちげきしない	4
いちげきしなかった	4
いちげきした	4
いちげきして	4
いちげきしている	4
いちげきしています	4
いちげきしていた	4
いちげきしていました	4
いちげきしてる	4
いちげきしてます	4
いっぱいする	4
いっぱいします	4
いっぱいしません	4
いっぱいしました	4
いっぱいしませんでした	4
いっぱいしましょう	4
いっぱいしない	4
いっぱいしなかった	4
いっぱいした	4
いっぱいして	4
いっぱいしている	4
いっぱいしています	4
いっぱいしていた	4
いっぱいしていました	4
いっぱいしてる	4
いっぱいしてます	4
いっしんする	4
いっしんします	4
いっしんしません	4
いっしんしました	4
いっしんしませんでした	4
いっしんしましょう	4
いっしんしない	4
いっしんしなかった	4
いっしんした	4
いっしんして	4
いっしんしている	4
いっしんしています	4
いっしんしていた	4
いっしんしていました	4
いっしんしてる	4
いっしんしてます	4
いちだんらくする	3
いちだんらくします	3
いちだんらくしません	3
いちだんらくしました	3
いちだんらくしませんでした	3
いちだんらくしましょう	3
いちだんらくしない	3
いちだんらくしなかった	3
いちだんらくした	3
いちだんらくして	3
いちだんらくしている	3
いちだんらくしています	3
いちだんらくしていた	3
いちだんらくしていました	3
いちだんらくしてる	3
いちだんらくしてます	3
いっぱくする	4
いっぱくします	4
いっぱくしません	4
いっぱくしました	4
いっぱくしませんでした	4
いっぱくしましょう	4
いっぱくしない	4
いっぱくしなかった	4
いっぱくした	4
いっぱくして	4
いっぱくしている	4
いっぱくしています	4
いっぱくしていた	4
いっぱくしていました	4
いっぱくしてる	4
いっぱくしてます	4
いちばんのりする	3
いちばんのりします	3
いちばんのりしません	3
いちばんのりしました	3
いちばんのりしませんでした	3
いちばんのりしましょう	3
いちばんのりしない	3
いちばんのりしなかった	3
いちばんのりした	3
いちばんのりして	3
いちばんのりしている	3
いちばんのりしています	3
いちばんのりしていた	3
いちばんのりしていました	3
いちばんのりしてる	3
いちばんのりしてます	3
いっちゃくする	2
いっちゃくします	2
いっちゃくしません	2
いっちゃくしました	2
いっちゃくしませんでした	2
いっちゃくしましょう	2
いっちゃくしない	2
いっちゃくしなかった	2
いっちゃくした	2
いっちゃくして	2
いっちゃくしている	2
いっちゃくしています	2
いっちゃくしていた	2
いっちゃくしていました	2
いっちゃくしてる	2
いっちゃくしてます	2
いっちする	3
いっちします	3
いっちしません	3
いっちしました	3
いっちしませんでした	3
いっちしましょう	3
いっちしない	3
いっちしなかった	3
いっちした	3
いっちして	3
いっちしている	3
いっちしています	3
いっちしていた	3
いっちしていました	3
いっちしてる	3
いっちしてます	3
いっけんする	4
いっけんします	4
いっけんしません	4
いっけんしました	4
いっけんしませんでした	4
いっけんしましょう	4
いっけんしない	4
いっけんしなかった	4
いっけんした	4
いっけんして	4
いっけんしている	4
いっけんしています	4
いっけんしていた	4
いっけんしていました	4
いっけんしてる	4
いっけんしてます	4
いちらんする	4
いちらんします	4
いちらんしません	4
いちらんしました	4
いちらんしませんでした	4
いちらんしましょう	4
いちらんしない	4
いちらんしなかった	4
いちらんした	4
いちらんして	4
いちらんしている	4
いちらんしています	4
いちらんしていた	4
いちらんしていました	4
いちらんしてる	4
いちらんしてます	4
ひとことする	4
ひとことします	4
ひとことしません	4
ひとことしました	4
ひとことしませんでした	4
ひとことしましょう	4
ひとことしない	4
ひとことしなかった	4
ひとことした	4
ひとことして	4
ひとことしている	4
ひとことしています	4
ひとことしていた	4
ひとことしていました	4
ひとことしてる	4
ひとことしてます	4
いっかんする	4
いっかんします	4
いっかんしません	4
いっかんしました	4
いっかんしませんでした	4
いっかんしましょう	4
いっかんしない	4
いっかんしなかった	4
いっかんした	4
いっかんして	4
いっかんしている	4
いっかんしています	4
いっかんしていた	4
いっかんしていました	4
いっかんしてる	4
いっかんしてます	4
いちやくする	4
いちやくします	4
いちやくしません	4
いちやくしました	4
いちやくしませんでした	4
いちやくしましょう	4
いちやくしない	4
いちやくしなかった	4
いちやくした	4
いちやくして	4
いちやくしている	4
いちやくしています	4
いちやくしていた	4
いちやくしていました	4
いちやくしてる	4
いちやくしてます	4
いっかする	1
いっかします	1
いっかしません	1
いっかしました	1
いっかしませんでした	1
いっかしましょう	2
いっかしない	1
いっかしなかった	1
いっかした	1
いっかして	1
いっかしている	1
いっかしています	1
いっかしていた	1
いっかしていました	1
いっかしてる	1
いっかしてます	1
いっきうちする	3
いっきうちします	3
いっきうちしません	3
いっきうちしました	3
いっきうちしませんでした	3
いっきうちしましょう	3
いっきうちしない	3
いっきうちしなかった	3
いっきうちした	3
いっきうちして	3
いっきうちしている	3
いっきうちしています	3
いっきうちしていた	3
いっきうちしていました	3
いっきうちしてる	3
いっきうちしてます	3
まんびきする	4
まんびきします	4
まんびきしません	4
まんびきしました	4
まんびきしませんでした	4
まんびきしましょう	4
まんびきしない	4
まんびきしなかった	4
まんびきした	4
まんびきして	4
まんびきしている	4
まんびきしています	4
まんびきしていた	4
まんびきしていました	4
まんびきしてる	4
まんびきしてます	4
ばんざいする	3
ばんざいします	3
ばんざいしません	3
ばんざいしました	3
ばんざいしませんでした	3
ばんざいしましょう	3
ばんざいしない	3
ばんざいしなかった	3
ばんざいした	3
ばんざいして	3
ばんざいしている	3
ばんざいしています	3
ばんざいしていた	3
ばんざいしていました	3
ばんざいしてる	3
ばんざいしてます	3
さんしんする	4
さんしんします	4
さんしんしません	4
さんしんしました	4
さんしんしませんでした	4
さんしんしましょう	4
さんしんしない	4
さんしんしなかった	4
さんしんした	4
さんしんして	4
さんしんしている	4
さんしんしています	4
さんしんしていた	4
さんしんしていました	4
さんしんしてる	4
さんしんしてます	4
さんせいする	4
さんせいします	4
さんせいしません	4
さんせいしました	4
さんせいしませんでした	4
さんせいしましょう	4
さんせいしない	4
さんせいしなかった	4
さんせいした	4
さんせいして	4
さんせいしている	4
さんせいしています	4
さんせいしていた	4
さんせいしていました	4
さんせいしてる	4
さんせいしてます	4
じょうげする	1
じょうげします	1
じょうげしません	1
じょうげしました	1
じょうげしませんでした	1
じょうげしましょう	1
じょうげしない	1
じょうげしなかった	1
じょうげした	1
じょうげして	1
じょうげしている	1
じょうげしています	1
じょうげしていた	1
じょうげしていました	1
じょうげしてる	1
じょうげしてます	1
うわのせする	4
うわのせします	4
うわのせしません	4
うわのせしました	4
うわのせしませんでした	4
うわのせしましょう	4
うわのせしない	4
うわのせしなかった	4
うわのせした	4
うわのせして	4
うわのせしている	4
うわのせしています	4
うわのせしていた	4
うわのせしていました	4
うわのせしてる	4
うわのせしてます	4
じょうきょうする	4
じょうきょうします	4
じょうきょうしません	4
じょうきょうしました	4
じょうきょうしませんでした	4
じょうきょうしましょう	4
じょうきょうしない	4
じょうきょうしなかった	4
じょうきょうした	4
じょうきょうして	4
じょうきょうしている	4
じょうきょうしています	4
じょうきょうしていた	4
じょうきょうしていました	4
じょうきょうしてる	4
じょうきょうしてます	4
じょうこくする	4
じょうこくします	4
じょうこくしません	4
じょうこくしました	4
じょうこくしませんでした	4
じょうこくしましょう	4
じょうこくしない	4
じょうこくしなかった	4
じょうこくした	4
じょうこくして	4
じょうこくしている	4
じょうこくしています	4
じょうこくしていた	4
じょうこくしていました	4
じょうこくしてる	4
じょうこくしてます	4
じょうじょうする	4
じょうじょうします	4
じょうじょうしません	4
じょうじょうしました	4
じょうじょうしませんでした	4
じょうじょうしましょう	4
じょうじょうしない	4
じょうじょうしなかった	4
じょうじょうした	4
じょうじょうして	4
じょうじょうしている	4
じょうじょうしています	4
じょうじょうしていた	4
じょうじょうしていました	4
じょうじょうしてる	4
じょうじょうしてます	4
じょうしょうする	4
じょうしょうします	4
じょうしょうしません	4
じょうしょうしました	4
じょうしょうしませんでした	4
じょうしょうしましょう	4
じょうしょうしない	4
じょうしょうしなかった	4
じょうしょうした	4
じょうしょうして	4
じょうしょうしている	4
じょうしょうしています	4
じょうしょうしていた	4
じょうしょうしていました	4
じょうしょうしてる	4
じょうしょうしてます	4
じょうえいする	4
じょうえいします	4
じょうえいしません	4
じょうえいしました	4
じょうえいしませんでした	4
じょうえいしましょう	4
じょうえいしない	4
じょうえいしなかった	4
じょうえいした	4
じょうえいして	4
じょうえいしている	4
じょうえいしています	4
じょうえいしていた	4
じょうえいしていました	4
じょうえいしてる	4
じょうえいしてます	4
じょうえんする	4
じょうえんします	4
じょうえんしません	4
じょうえんしました	4
じょうえんしませんでした	4
じょうえんしましょう	4
じょうえんしない	4
じょうえんしなかった	4
じょうえんした	4
じょうえんして	4
じょうえんしている	4
じょうえんしています	4
じょうえんしていた	4
じょうえんしていました	4
じょうえんしてる	4
じょうえんしてます	4
じょうしんする	4
じょうしんします	4
じょうしんしません	4
じょうしんしました	4
じょうしんしませんでした	4
じょうしんしましょう	4
じょうしんしない	4
じょうしんしなかった	4
じょうしんした	4
じょうしんして	4
じょうしんしている	4
じょうしんしています	4
じょうしんしていた	4
じょうしんしていました	4
じょうしんしてる	4
じょうしんしてます	4
うわづみする	4
うわづみします	4
うわづみしません	4
うわづみしました	4
うわづみしませんでした	4
うわづみしましょう	4
うわづみしない	4
うわづみしなかった	4
うわづみした	4
うわづみして	4
うわづみしている	4
うわづみしています	4
うわづみしていた	4
うわづみしていました	4
うわづみしてる	4
うわづみしてます	4
じょうたつする	4
じょうたつします	4
じょうたつしません	4
じょうたつしました	4
じょうたつしませんでした	4
じょうたつしましょう	4
じょうたつしない	4
じょうたつしなかった	4
じょうたつした	4
じょうたつして	4
じょうたつしている	4
じょうたつしています	4
じょうたつしていた	4
じょうたつしていました	4
じょうたつしてる	4
じょうたつしてます	4
じょうりくする	4
じょうりくします	4
じょうりくしません	4
じょうりくしました	4
じょうりくしませんでした	4
じょうりくしましょう	4
じょうりくしない	4
じょうりくしなかった	4
じょうりくした	4
じょうりくして	4
じょうりくしている	4
じょうりくしています	4
じょうりくしていた	4
じょうりくしていました	4
じょうりくしてる	4
じょうりくしてます	4
げしゅくする	3
げしゅくします	3
げしゅくしません	3
げしゅくしました	3
げしゅくしませんでした	3
げしゅくしましょう	3
げしゅくしない	3
げしゅくしなかった	3
げしゅくした	3
げしゅくして	3
げしゅくしている	3
げしゅくしています	3
げしゅくしていた	3
げしゅくしていました	3
げしゅくしてる	3
げしゅくしてます	3
げざんする	3
げざんします	3
げざんしません	3
げざんしました	3
げざんしませんでした	3
げざんしましょう	3
げざんしない	3
げざんしなかった	3
げざんした	3
げざんして	3
げざんしている	3
げざんしています	3
げざんしていた	3
げざんしていました	3
げざんしてる	3
げざんしてます	3
したがきする	4
したがきします	4
したがきしません	4
したがきしました	4
したがきしませんでした	4
したがきしましょう	4
したがきしない	4
したがきしなかった	4
したがきした	4
したがきして	4
したがきしている	4
したがきしています	4
したがきしていた	4
したがきしていました	4
したがきしてる	4
したがきしてます	4
げりする	2
げりします	2
げりしません	2
げりしました	2
げりしませんでした	2
げりしましょう	2
げりしない	2
げりしなかった	2
げりした	2
げりして	2
げりしている	2
げりしています	2
げりしていた	2
げりしていました	2
げりしてる	2
げりしてます	2
げらくする	3
げらくします	3
げらくしません	3
げらくしました	3
げらくしませんでした	3
げらくしましょう	3
げらくしない	3
げらくしなかった	3
げらくした	3
げらくして	3
げらくしている	3
げらくしています	3
げらくしていた	3
げらくしていました	3
げらくしてる	3
げらくしてます	3
したみする	3
したみします	3
したみしません	3
したみしました	3
したみしませんでした	3
したみしましょう	3
したみしない	3
したみしなかった	3
したみした	3
したみして	3
したみしている	3
したみしています	3
したみしていた	3
したみしていました	3
したみしてる	3
したみしてます	3
したしらべする	3
したしらべします	3
したしらべしません	3
したしらべしました	3
したしらべしませんでした	3
したしらべしましょう	3
したしらべしない	3
したしらべしなかった	3
したしらべした	3
したしらべして	3
したしらべしている	3
したしらべしています	3
したしらべしていた	3
したしらべしていました	3
したしらべしてる	3
したしらべしてます	3
したうけする	4
したうけします	4
したうけしません	4
したうけしました	4
したうけしませんでした	4
したうけしましょう	4
したうけしない	4
したうけしなかった	4
したうけした	4
したうけして	4
したうけしている	4
したうけしています	4
したうけしていた	4
したうけしていました	4
したうけしてる	4
したうけしてます	4
げしゃする	2
げしゃします	2
げしゃしません	2
げしゃしました	2
げしゃしませんでした	2
げしゃしましょう	2
げしゃしない	2
げしゃしなかった	2
げしゃした	2
げしゃして	2
げしゃしている	2
げしゃしています	2
げしゃしていた	2
げしゃしていました	2
げしゃしてる	2
げしゃしてます	2
げやする	1
げやします	1
げやしません	1
げやしました	1
げやしませんでした	1
げやしましょう	1
げやしない	1
げやしなかった	1
げやした	1
げやして	1
げやしている	1
げやしています	1
げやしていた	1
げやしていました	1
げやしてる	1
げやしてます	1
かこうする	3
かこうします	3
かこうしません	3
かこうしました	3
かこうしませんでした	3
かこうしましょう	3
かこうしない	3
かこうしなかった	3
かこうした	3
かこうして	3
かこうしている	3
かこうしています	3
かこうしていた	3
かこうしていました	3
かこうしてる	3
かこうしてます	3
ふりんする	3
ふりんします	3
ふりんしません	3
ふりんしました	3
ふりんしませんでした	3
ふりんしましょう	3
ふりんしない	3
ふりんしなかった	3
ふりんした	3
ふりんして	3
ふりんしている	3
ふりんしています	3
ふりんしていた	3
ふりんしていました	3
ふりんしてる	3
ふりんしてます	3
ふじちゃくする	4
ふじちゃくします	4
ふじちゃくしません	4
ふじちゃくしました	4
ふじちゃくしませんでした	4
ふじちゃくしましょう	4
ふじちゃくしない	4
ふじちゃくしなかった	4
ふじちゃくした	4
ふじちゃくして	4
ふじちゃくしている	4
ふじちゃくしています	4
ふじちゃくしていた	4
ふじちゃくしていました	4
ふじちゃくしてる	4
ふじちゃくしてます	4
ふじゆうする	2
ふじゆうします	2
ふじゆうしません	2
ふじゆうしました	2
ふじゆうしませんでした	2
ふじゆうしましょう	2
ふじゆうしない	2
ふじゆうしなかった	2
ふじゆうした	2
ふじゆうして	2
ふじゆうしている	2
ふじゆうしています	2
ふじゆうしていた	2
ふじゆうしていました	2
ふじゆうしてる	2
ふじゆうしてます	2
ふそくする	3
ふそくします	3
ふそくしません	3
ふそくしました	3
ふそくしませんでした	3
ふそくしましょう	3
ふそくしない	3
ふそくしなかった	3
ふそくした	3
ふそくして	3
ふそくしている	3
ふそくしています	3
ふそくしていた	3
ふそくしていました	3
ふそくしてる	3
ふそくしてます	3
せしゅうする	3
せしゅうします	3
せしゅうしません	3
せしゅうしました	3
せしゅうしませんでした	3
せしゅうしましょう	3
せしゅうしない	3
せしゅうしなかった	3
せしゅうした	3
せしゅうして	3
せしゅうしている	3
せしゅうしています	3
せしゅうしていた	3
せしゅうしていました	3
せしゅうしてる	3
せしゅうしてます	3
せわする	2
せわします	2
せわしません	2
せわしました	2
せわしませんでした	2
せわしましょう	2
せわしない	2
せわしなかった	2
せわした	2
せわして	2
せわしている	2
せわしています	2
せわしていた	2
せわしていました	2
せわしてる	2
せわしてます	2
りょうがえする	4
りょうがえします	4
りょうがえしません	4
りょうがえしました	4
りょうがえしませんでした	4
りょうがえしましょう	4
りょうがえしない	4
りょうがえしなかった	4
りょうがえした	4
りょうがえして	4
りょうがえしている	4
りょうがえしています	4
りょうがえしていた	4
りょうがえしていました	4
りょうがえしてる	4
りょうがえしてます	4
りょうりつする	4
りょうりつします	4
りょうりつしません	4
りょうりつしました	4
りょうりつしませんでした	4
りょうりつしましょう	4
りょうりつしない	4
りょうりつしなかった	4
りょうりつした	4
りょうりつして	4
りょうりつしている	4
りょうりつしています	4
りょうりつしていた	4
りょうりつしていました	4
りょうりつしてる	4
りょうりつしてます	4
へいれつする	4
へいれつします	4
へいれつしません	4
へいれつしました	4
へいれつしませんでした	4
へいれつしましょう	4
へいれつしない	4
へいれつしなかった	4
へいれつした	4
へいれつして	4
へいれつしている	4
へいれつしています	4
へいれつしていた	4
へいれつしていました	4
へいれつしてる	4
へいれつしてます	4
へいりつする	4
へいりつします	4
へいりつしません	4
へいりつしました	4
へいりつしませんでした	4
へいりつしましょう	4
へいりつしない	4
へいりつしなかった	4
へいりつした	4
へいりつして	4
へいりつしている	4
へいりつしています	4
へいりつしていた	4
へいりつしていました	4
へいりつしてる	4
へいりつしてます	4
へいこうする	4
へいこうします	4
へいこうしません	4
へいこうしました	4
へいこうしませんでした	4
へいこうしましょう	4
へいこうしない	4
へいこうしなかった	4
へいこうした	4
へいこうして	4
へいこうしている	4
へいこうしています	4
へいこうしていた	4
へいこうしていました	4
へいこうしてる	4
へいこうしてます	4
ちゅうしょうする	4
ちゅうしょうします	4
ちゅうしょうしません	4
ちゅうしょうしました	4
ちゅうしょうしませんでした	4
ちゅうしょうしましょう	4
ちゅうしょうしない	4
ちゅうしょうしなかった	4
ちゅうしょうした	4
ちゅうしょうして	4
ちゅうしょうしている	4
ちゅうしょうしています	4
ちゅうしょうしていた	4
ちゅうしょうしていました	4
ちゅうしょうしてる	4
ちゅうしょうしてます	4
ちゅうわする	3
ちゅうわします	3
ちゅうわしません	3
ちゅうわしました	3
ちゅうわしませんでした	3
ちゅうわしましょう	3
ちゅうわしない	3
ちゅうわしなかった	3
ちゅうわした	3
ちゅうわして	3
ちゅうわしている	3
ちゅうわしています	3
ちゅうわしていた	3
ちゅうわしていました	3
ちゅうわしてる	3
ちゅうわしてます	3
ちゅうだんする	4
ちゅうだんします	4
ちゅうだんしません	4
ちゅうだんしました	4
ちゅうだんしませんでした	4
ちゅうだんしましょう	4
ちゅうだんしない	4
ちゅうだんしなかった	4
ちゅうだんした	4
ちゅうだんして	4
ちゅうだんしている	4
ちゅうだんしています	4
ちゅうだんしていた	4
ちゅうだんしていました	4
ちゅうだんしてる	4
ちゅうだんしてます	4
ちゅうしする	3
ちゅうしします	3
ちゅうししません	3
ちゅうししました	3
ちゅうししませんでした	3
ちゅうししましょう	3
ちゅうししない	3
ちゅうししなかった	3
ちゅうしした	3
ちゅうしして	3
ちゅうししている	3
ちゅうししています	3
ちゅうししていた	3
ちゅうししていました	3
ちゅうししてる	3
ちゅうししてます	3
ちゅうどくする	1
ちゅうどくします	1
ちゅうどくしません	1
ちゅうどくしました	1
ちゅうどくしませんでした	1
ちゅうどくしましょう	1
ちゅうどくしない	1
ちゅうどくしなかった	1
ちゅうどくした	1
ちゅうどくして	1
ちゅうどくしている	1
ちゅうどくしています	1
ちゅうどくしていた	1
ちゅうどくしていました	1
ちゅうどくしてる	1
ちゅうどくしてます	1
ちゅうりゃくする	4
ちゅうりゃくします	4
ちゅうりゃくしません	4
ちゅうりゃくしました	4
ちゅうりゃくしませんでした	4
ちゅうりゃくしましょう	4
ちゅうりゃくしない	4
ちゅうりゃくしなかった	4
ちゅうりゃくした	4
ちゅうりゃくして	4
ちゅうりゃくしている	4
ちゅうりゃくしています	4
ちゅうりゃくしていた	4
ちゅうりゃくしていました	4
ちゅうりゃくしてる	4
ちゅうりゃくしてます	4
ちゅうぜつする	4
ちゅうぜつします	4
ちゅうぜつしません	4
ちゅうぜつしました	4
ちゅうぜつしませんでした	4
ちゅうぜつしましょう	4
ちゅうぜつしない	4
ちゅうぜつしなかった	4
ちゅうぜつした	4
ちゅうぜつして	4
ちゅうぜつしている	4
ちゅうぜつしています	4
ちゅうぜつしていた	4
ちゅうぜつしていました	4
ちゅうぜつしてる	4
ちゅうぜつしてます	4
ちゅうけいする	4
ちゅうけいします	4
ちゅうけいしません	4
ちゅうけいしました	4
ちゅうけいしませんでした	4
ちゅうけいしましょう	4
ちゅうけいしない	4
ちゅうけいしなかった	4
ちゅうけいした	4
ちゅうけいして	4
ちゅうけいしている	4
ちゅうけいしています	4
ちゅうけいしていた	4
ちゅうけいしていました	4
ちゅうけいしてる	4
ちゅうけいしてます	4
なかつぎする	4
なかつぎします	4
なかつぎしません	4
なかつぎしました	4
なかつぎしませんでした	4
なかつぎしましょう	4
なかつぎしない	4
なかつぎしなかった	4
なかつぎした	4
なかつぎして	4
なかつぎしている	4
なかつぎしています	4
なかつぎしていた	4
なかつぎしていました	4
なかつぎしてる	4
なかつぎしてます	4
ちゅうたいする	4
ちゅうたいします	4
ちゅうたいしません	4
ちゅうたいしました	4
ちゅうたいしませんでした	4
ちゅうたいしましょう	4
ちゅうたいしない	4
ちゅうたいしなかった	4
ちゅうたいした	4
ちゅうたいして	4
ちゅうたいしている	4
ちゅうたいしています	4
ちゅうたいしていた	4
ちゅうたいしていました	4
ちゅうたいしてる	4
ちゅうたいしてます	4
まるまるする	4
まるまるします	4
まるまるしません	4
まるまるしました	4
まるまるしませんでした	4
まるまるしましょう	4
まるまるしない	4
まるまるしなかった	4
まるまるした	4
まるまるして	4
まるまるしている	4
まるまるしています	4
まるまるしていた	4
まるまるしていました	4
まるまるしてる	4
まるまるしてます	4
たんせいする	1
たんせいします	1
たんせいしません	1
たんせいしました	1
たんせいしませんでした	1
たんせいしましょう	1
たんせいしない	1
たんせいしなかった	1
たんせいした	1
たんせいして	1
たんせいしている	1
たんせいしています	1
たんせいしていた	1
たんせいしていました	1
たんせいしてる	1
たんせいしてます	1
しゅさいする	3
しゅさいします	3
しゅさいしません	3
しゅさいしました	3
しゅさいしませんでした	3
しゅさいしましょう	3
しゅさいしない	3
しゅさいしなかった	3
しゅさいした	3
しゅさいして	3
しゅさいしている	3
しゅさいしています	3
しゅさいしていた	3
しゅさいしていました	3
しゅさいしてる	3
しゅさいしてます	3
しゅしょうする	3
しゅしょうします	3
しゅしょうしません	3
しゅしょうしました	3
しゅしょうしませんでした	3
しゅしょうしましょう	3
しゅしょうしない	3
しゅしょうしなかった	3
しゅしょうした	3
しゅしょうして	3
しゅしょうしている	3
しゅしょうしています	3
しゅしょうしていた	3
しゅしょうしていました	3
しゅしょうしてる	3
しゅしょうしてます	3
しゅどうする	3
しゅどうします	3
しゅどうしません	3
しゅどうしました	3
しゅどうしませんでした	3
しゅどうしましょう	3
しゅどうしない	3
しゅどうしなかった	3
しゅどうした	3
しゅどうして	3
しゅどうしている	3
しゅどうしています	3
しゅどうしていた	3
しゅどうしていました	3
しゅどうしてる	3
しゅどうしてます	3
しゅちょうする	3
しゅちょうします	3
しゅちょうしません	3
しゅちょうしました	3
しゅちょうしませんでした	3
しゅちょうしましょう	3
しゅちょうしない	3
しゅちょうしなかった	3
しゅちょうした	3
しゅちょうして	3
しゅちょうしている	3
しゅちょうしています	3
しゅちょうしていた	3
しゅちょうしていました	3
しゅちょうしてる	3
しゅちょうしてます	3
しゅさする	1
しゅさします	1
しゅさしません	1
しゅさしました	1
しゅさしませんでした	1
しゅさしましょう	1
しゅさしない	1
しゅさしなかった	1
しゅさした	1
しゅさして	1
しゅさしている	1
しゅさしています	1
しゅさしていた	1
しゅさしていました	1
しゅさしてる	1
しゅさしてます	1
しゅえんする	3
しゅえんします	3
しゅえんしません	3
しゅえんしました	3
しゅえんしませんでした	3
しゅえんしましょう	3
しゅえんしない	3
しゅえんしなかった	3
しゅえんした	3
しゅえんして	3
しゅえんしている	3
しゅえんしています	3
しゅえんしていた	3
しゅえんしていました	3
しゅえんしてる	3
しゅえんしてます	3
しゅかんする	3
しゅかんします	3
しゅかんしません	3
しゅかんしました	3
しゅかんしませんでした	3
しゅかんしましょう	3
しゅかんしない	3
しゅかんしなかった	3
しゅかんした	3
しゅかんして	3
しゅかんしている	3
しゅかんしています	3
しゅかんしていた	3
しゅかんしていました	3
しゅかんしてる	3
しゅかんしてます	3
のりかえする	4
のりかえします	4
のりかえしません	4
のりかえしました	4
のりかえしませんでした	4
のりかえしましょう	4
のりかえしない	5
のりかえしなかった	5
のりかえした	4
のりかえして	4
のりかえしている	4
のりかえしています	4
のりかえしていた	4
のりかえしていました	4
のりかえしてる	4
のりかえしてます	4
のりおりする	2
のりおりします	2
のりおりしません	2
のりおりしました	2
のりおりしませんでした	2
のりおりしましょう	2
のりおりしない	2
のりおりしなかった	2
のりおりした	2
のりおりして	2
のりおりしている	2
のりおりしています	2
のりおりしていた	2
のりおりしていました	2
のりおりしてる	2
のりおりしてます	2
じょうしゃする	3
じょうしゃします	3
じょうしゃしません	3
じょうしゃしました	3
じょうしゃしませんでした	3
じょうしゃしましょう	3
じょうしゃしない	3
じょうしゃしなかった	3
じょうしゃした	3
じょうしゃして	3
じょうしゃしている	3
じょうしゃしています	3
じょうしゃしていた	3
じょうしゃしていました	3
じょうしゃしてる	3
じょうしゃしてます	3
じょうこうする	4
じょうこうします	4
じょうこうしません	4
じょうこうしました	4
じょうこうしませんでした	4
じょうこうしましょう	4
じょうこうしない	4
じょうこうしなかった	4
じょうこうした	4
じょうこうして	4
じょうこうしている	4
じょうこうしています	4
じょうこうしていた	4
じょうこうしていました	4
じょうこうしてる	4
じょうこうしてます	4
じょうばする	3
じょうばします	3
じょうばしません	3
じょうばしました	3
じょうばしませんでした	3
じょうばしましょう	3
じょうばしない	3
じょうばしなかった	3
じょうばした	3
じょうばして	3
じょうばしている	3
じょうばしています	3
じょうばしていた	3
じょうばしていました	3
じょうばしてる	3
じょうばしてます	3
こじきする	3
こじきします	3
こじきしません	3
こじきしました	3
こじきしませんでした	3
こじきしましょう	3
こじきしない	3
こじきしなかった	3
こじきした	3
こじきして	3
こじきしている	3
こじきしています	3
こじきしていた	3
こじきしていました	3
こじきしてる	3
こじきしてます	3
らんばいする	4
らんばいします	4
らんばいしません	4
らんばいしました	4
らんばいしませんでした	4
らんばいしましょう	4
らんばいしない	4
らんばいしなかった	4
らんばいした	4
らんばいして	4
らんばいしている	4
らんばいしています	4
らんばいしていた	4
らんばいしていました	4
らんばいしてる	4
らんばいしてます	4
らんぼうする	4
らんぼうします	4
らんぼうしません	4
らんぼうしました	4
らんぼうしませんでした	4
らんぼうしましょう	4
らんぼうしない	4
らんぼうしなかった	4
らんぼうした	4
らんぼうして	4
らんぼうしている	4
らんぼうしています	4
らんぼうしていた	4
らんぼうしていました	4
らんぼうしてる	4
らんぼうしてます	4
らんかくする	4
らんかくします	4
らんかくしません	4
らんかくしました	4
らんかくしませんでした	4
らんかくしましょう	4
らんかくしない	4
らんかくしなかった	4
らんかくした	4
らんかくして	4
らんかくしている	4
らんかくしています	4
らんかくしていた	4
らんかくしていました	4
らんかくしてる	4
らんかくしてます	4
らんようする	4
らんようします	4
らんようしません	4
らんようしました	4
らんようしませんでした	4
らんようしましょう	4
らんようしない	4
らんようしなかった	4
らんようした	4
らんようして	4
らんようしている	4
らんようしています	4
らんようしていた	4
らんようしていました	4
らんようしてる	4
らんようしてます	4
らんぱつする	4
らんぱつします	4
らんぱつしません	4
らんぱつしました	4
らんぱつしませんでした	4
らんぱつしましょう	4
らんぱつしない	4
らんぱつしなかった	4
らんぱつした	4
らんぱつして	4
らんぱつしている	4
らんぱつしています	4
らんぱつしていた	4
らんぱつしていました	4
らんぱつしてる	4
らんぱつしてます	4
らんりつする	4
らんりつします	4
らんりつしません	4
らんりつしました	4
らんりつしませんでした	4
らんりつしましょう	4
らんりつしない	4
らんりつしなかった	4
らんりつした	4
らんりつして	4
らんりつしている	4
らんりつしています	4
らんりつしていた	4
らんりつしていました	4
らんりつしてる	4
らんりつしてます	4
らんとうする	4
らんとうします	4
らんとうしません	4
らんとうしました	4
らんとうしませんでした	4
らんとうしましょう	4
らんとうしない	4
らんとうしなかった	4
らんとうした	4
らんとうして	4
らんとうしている	4
らんとうしています	4
らんとうしていた	4
らんとうしていました	4
らんとうしてる	4
らんとうしてます	4
かんぱいする	4
かんぱいします	4
かんぱいしません	4
かんぱいしました	4
かんぱいしませんでした	4
かんぱいしましょう	4
かんぱいしない	4
かんぱいしなかった	4
かんぱいした	4
かんぱいして	4
かんぱいしている	4
かんぱいしています	4
かんぱいしていた	4
かんぱいしていました	4
かんぱいしてる	4
かんぱいしてます	4
かんそうする	4
かんそうします	4
かんそうしません	4
かんそうしました	4
かんそうしませんでした	4
かんそうしましょう	4
かんそうしない	4
かんそうしなかった	4
かんそうした	4
かんそうして	4
かんそうしている	4
かんそうしています	4
かんそうしていた	4
かんそうしていました	4
かんそうしてる	4
かんそうしてます	4
りょうしょうする	4
りょうしょうします	4
りょうしょうしません	4
りょうしょうしました	4
りょうしょうしませんでした	4
りょうしょうしましょう	4
りょうしょうしない	4
りょうしょうしなかった	4
りょうしょうした	4
りょうしょうして	4
りょうしょうしている	4
りょうしょうしています	4
りょうしょうしていた	4
りょうしょうしていました	4
りょうしょうしてる	4
りょうしょうしてます	4
りょうかいする	4
りょうかいします	4
りょうかいしません	4
りょうかいしました	4
りょうかいしませんでした	4
りょうかいしましょう	4
りょうかいしない	4
りょうかいしなかった	4
りょうかいした	4
りょうかいして	4
りょうかいしている	4
りょうかいしています	4
りょうかいしていた	4
りょうかいしていました	4
りょうかいしてる	4
りょうかいしてます	4
よこくする	3
よこくします	3
よこくしません	3
よこくしました	3
よこくしませんでした	3
よこくしましょう	3
よこくしない	3
よこくしなかった	3
よこくした	3
よこくして	3
よこくしている	3
よこくしています	3
よこくしていた	3
よこくしていました	3
よこくしてる	3
よこくしてます	3
よほうする	3
よほうします	3
よほうしません	3
よほうしました	3
よほうしませんでした	3
よほうしましょう	3
よほうしない	3
よほうしなかった	3
よほうした	3
よほうして	3
よほうしている	3
よほうしています	3
よほうしていた	3
よほうしていました	3
よほうしてる	3
よほうしてます	3
よていする	3
よていします	3
よていしません	3
よていしました	3
よていしませんでした	3
よていしましょう	3
よていしない	3
よていしなかった	3
よていした	3
よていして	3
よていしている	3
よていしています	3
よていしていた	3
よていしていました	3
よていしてる	3
よていしてます	3
よそうする	3
よそうします	3
よそうしません	3
よそうしました	3
よそうしませんでした	3
よそうしましょう	3
よそうしない	3
よそうしなかった	3
よそうした	3
よそうして	3
よそうしている	3
よそうしています	3
よそうしていた	3
よそうしていました	3
よそうしてる	3
よそうしてます	3
よかんする	3
よかんします	3
よかんしません	3
よかんしました	3
よかんしませんでした	3
よかんしましょう	3
よかんしない	3
よかんしなかった	3
よかんした	3
よかんして	3
よかんしている	3
よかんしています	3
よかんしていた	3
よかんしていました	3
よかんしてる	3
よかんしてます	3
よだんする	3
よだんします	3
よだんしません	3
よだんしました	3
よだんしませんでした	3
よだんしましょう	3
よだんしない	3
よだんしなかった	3
よだんした	3
よだんして	3
よだんしている	3
よだんしています	3
よだんしていた	3
よだんしていました	3
よだんしてる	3
よだんしてます	3
よきする	1
よきします	1
よきしません	1
よきしました	1
よきしませんでした	1
よきしましょう	1
よきしない	1
よきしなかった	1
よきした	1
よきして	1
よきしている	1
よきしています	1
よきしていた	1
よきしていました	1
よきしてる	1
よきしてます	1
よそくする	3
よそくします	3
よそくしません	3
よそくしました	3
よそくしませんでした	3
よそくしましょう	3
よそくしない	3
よそくしなかった	3
よそくした	3
よそくして	3
よそくしている	3
よそくしています	3
よそくしていた	3
よそくしていました	3
よそくしてる	3
よそくしてます	3
よちする	1
よちします	1
よちしません	1
よちしました	1
よちしませんでした	1
よちしましょう	1
よちしない	1
よちしなかった	1
よちした	1
よちして	1
よちしている	1
よちしています	1
よちしていた	1
よちしていました	1
よちしてる	1
よちしてます	1
よさんする	1
よさんします	1
よさんしません	1
よさんしました	1
よさんしませんでした	1
よさんしましょう	1
よさんしない	1
よさんしなかった	1
よさんした	1
よさんして	1
よさんしている	1
よさんしています	1
よさんしていた	1
よさんしていました	1
よさんしてる	1
よさんしてます	1
よやくする	3
よやくします	3
よやくしません	3
よやくしました	3
よやくしませんでした	3
よやくしましょう	3
よやくしない	3
よやくしなかった	3
よやくした	3
よやくして	3
よやくしている	3
よやくしています	3
よやくしていた	3
よやくしていました	3
よやくしてる	3
よやくしてます	3
よやくちゅうもんする	4
よやくちゅうもんします	4
よやくちゅうもんしません	4
よやくちゅうもんしました	4
よやくちゅうもんしませんでした	4
よやくちゅうもんしましょう	4
よやくちゅうもんしない	4
よやくちゅうもんしなかった	4
よやくちゅうもんした	4
よやくちゅうもんして	4
よやくちゅうもんしている	4
よやくちゅうもんしています	4
よやくちゅうもんしていた	4
よやくちゅうもんしていました	4
よやくちゅうもんしてる	4
よやくちゅうもんしてます	4
よしゅうする	3
よしゅうします	3
よしゅうしません	3
よしゅうしました	3
よしゅうしませんでした	3
よしゅうしましょう	3
よしゅうしない	3
よしゅうしなかった	3
よしゅうした	3
よしゅうして	3
よしゅうしている	3
よしゅうしています	3
よしゅうしていた	3
よしゅうしていました	3
よしゅうしてる	3
よしゅうしてます	3
よげんする	3
よげんします	3
よげんしません	3
よげんしました	3
よげんしませんでした	3
よげんしましょう	3
よげんしない	3
よげんしなかった	3
よげんした	3
よげんして	3
よげんしている	3
よげんしています	3
よげんしていた	3
よげんしていました	3
よげんしてる	3
よげんしてます	3
よせんする	3
よせんします	3
よせんしません	3
よせんしました	3
よせんしませんでした	3
よせんしましょう	3
よせんしない	3
よせんしなかった	3
よせんした	3
よせんして	3
よせんしている	3
よせんしています	3
よせんしていた	3
よせんしていました	3
よせんしてる	3
よせんしてます	3
よぼうする	3
よぼうします	3
よぼうしません	3
よぼうしました	3
よぼうしませんでした	3
よぼうしましょう	3
よぼうしない	3
よぼうしなかった	3
よぼうした	3
よぼうして	3
よぼうしている	3
よぼうしています	3
よぼうしていた	3
よぼうしていました	3
よぼうしてる	3
よぼうしてます	3
そうだつする	4
そうだつします	4
そうだつしません	4
そうだつしました	4
そうだつしませんでした	4
そうだつしましょう	4
そうだつしない	4
そうだつしなかった	4
そうだつした	4
そうだつして	4
そうだつしている	4
そうだつしています	4
そうだつしていた	4
そうだつしていました	4
そうだつしてる	4
そうだつしてます	4
にぶんする	3
にぶんします	3
にぶんしません	3
にぶんしました	3
にぶんしませんでした	3
にぶんしましょう	3
にぶんしない	3
にぶんしなかった	3
にぶんした	3
にぶんして	3
にぶんしている	3
にぶんしています	3
にぶんしていた	3
にぶんしていました	3
にぶんしてる	3
にぶんしてます	3
にどねする	3
にどねします	3
にどねしません	3
にどねしました	3
にどねしませんでした	3
にどねしましょう	3
にどねしない	3
にどねしなかった	3
にどねした	3
にどねして	3
にどねしている	3
にどねしています	3
にどねしていた	3
にどねしていました	3
にどねしてる	3
にどねしてます	3
ごかんする	3
ごかんします	3
ごかんしません	3
ごかんしました	3
ごかんしませんでした	3
ごかんしましょう	3
ごかんしない	3
ごかんしなかった	3
ごかんした	3
ごかんして	3
ごかんしている	3
ごかんしています	3
ごかんしていた	3
ごかんしていました	3
ごかんしてる	3
ごかんしてます	3
ぼうめいする	4
ぼうめいします	4
ぼうめいしません	4
ぼうめいしました	4
ぼうめいしませんでした	4
ぼうめいしましょう	4
ぼうめいしない	4
ぼうめいしなかった	4
ぼうめいした	4
ぼうめいして	4
ぼうめいしている	4
ぼうめいしています	4
ぼうめいしていた	4
ぼうめいしていました	4
ぼうめいしてる	4
ぼうめいしてます	4
こうごする	1
こうごします	1
こうごしません	1
こうごしました	1
こうごしませんでした	1
こうごしましょう	1
こうごしない	1
こうごしなかった	1
こうごした	1
こうごして	1
こうごしている	1
こうごしています	1
こうごしていた	1
こうごしていました	1
こうごしてる	1
こうごしてます	1
こうふする	3
こうふします	3
こうふしません	3
こうふしました	3
こうふしませんでした	3
こうふしましょう	3
こうふしない	3
こうふしなかった	3
こうふした	3
こうふして	3
こうふしている	3
こうふしています	3
こうふしていた	3
こうふしていました	3
こうふしてる	3
こうふしてます	3
こうたいする	4
こうたいします	4
こうたいしません	4
こうたいしました	4
こうたいしませんでした	4
こうたいしましょう	4
こうたいしない	4
こうたいしなかった	4
こうたいした	4
こうたいして	4
こうたいしている	4
こうたいしています	4
こうたいしていた	4
こうたいしていました	4
こうたいしてる	4
こうたいしてます	4
こうしんする	4
こうしんします	4
こうしんしません	4
こうしんしました	4
こうしんしませんでした	4
こうしんしましょう	4
こうしんしない	4
こうしんしなかった	4
こうしんした	4
こうしんして	4
こうしんしている	4
こうしんしています	4
こうしんしていた	4
こうしんしていました	4
こうしんしてる	4
こうしんしてます	4
こうさする	1
こうさします	1
こうさしません	1
こうさしました	1
こうさしませんでした	1
こうさしましょう	1
こうさしない	1
こうさしなかった	1
こうさした	1
こうさして	1
こうさしている	1
こうさしています	1
こうさしていた	1
こうさしていました	1
こうさしてる	1
こうさしてます	1
こうせんする	4
こうせんします	4
こうせんしません	4
こうせんしました	4
こうせんしませんでした	4
こうせんしましょう	4
こうせんしない	4
こうせんしなかった	4
こうせんした	4
こうせんして	4
こうせんしている	4
こうせんしています	4
こうせんしていた	4
こうせんしていました	4
こうせんしてる	4
こうせんしてます	4
こうかんする	4
こうかんします	4
こうかんしません	4
こうかんしました	4
こうかんしませんでした	4
こうかんしましょう	4
こうかんしない	4
こうかんしなかった	4
こうかんした	4
こうかんして	4
こうかんしている	4
こうかんしています	4
こうかんしていた	4
こうかんしていました	4
こうかんしてる	4
こうかんしてます	4
こうえきする	4
こうえきします	4
こうえきしません	4
こうえきしました	4
こうえきしませんでした	4
こうえきしましょう	4
こうえきしない	4
こうえきしなかった	4
こうえきした	4
こうえきして	4
こうえきしている	4
こうえきしています	4
こうえきしていた	4
こうえきしていました	4
こうえきしてる	4
こうえきしてます	4
こうりゅうする	4
こうりゅうします	4
こうりゅうしません	4
こうりゅうしました	4
こうりゅうしませんでした	4
こうりゅうしましょう	4
こうりゅうしない	4
こうりゅうしなかった	4
こうりゅうした	4
こうりゅうして	4
こうりゅうしている	4
こうりゅうしています	4
こうりゅうしていた	4
こうりゅうしていました	4
こうりゅうしてる	4
こうりゅうしてます	4
こうしょうする	4
こうしょうします	4
こうしょうしません	4
こうしょうしました	4
こうしょうしませんでした	4
こうしょうしましょう	4
こうしょうしない	4
こうしょうしなかった	4
こうしょうした	4
こうしょうして	4
こうしょうしている	4
こうしょうしています	4
こうしょうしていた	4
こうしょうしていました	4
こうしょうしてる	4
こうしょうしてます	4
こうつうする	4
こうつうします	4
こうつうしません	4
こうつうしました	4
こうつうしませんでした	4
こうつうしましょう	4
こうつうしない	4
こうつうしなかった	4
こうつうした	4
こうつうして	4
こうつうしている	4
こうつうしています	4
こうつうしていた	4
こうつうしていました	4
こうつうしてる	4
こうつうしてます	4
こうさいする	4
こうさいします	4
こうさいしません	4
こうさいしました	4
こうさいしませんでした	4
こうさいしましょう	4
こうさいしない	4
こうさいしなかった	4
こうさいした	4
こうさいして	4
こうさいしている	4
こうさいしています	4
こうさいしていた	4
こうさいしていました	4
こうさいしてる	4
こうさいしてます	4
きょうじゅする	1
きょうじゅします	1
きょうじゅしません	1
きょうじゅしました	1
きょうじゅしませんでした	1
きょうじゅしましょう	1
きょうじゅしない	1
きょうじゅしなかった	1
きょうじゅした	1
きょうじゅして	1
きょうじゅしている	1
きょうじゅしています	1
きょうじゅしていた	1
きょうじゅしていました	1
きょうじゅしてる	1
きょうじゅしてます	1
ひとみしりする	5
ひとみしりします	5
ひとみしりしません	5
ひとみしりしました	5
ひとみしりしませんでした	5
ひとみしりしましょう	5
ひとみしりしない	5
ひとみしりしなかった	5
ひとみしりした	5
ひとみしりして	5
ひとみしりしている	5
ひとみしりしています	5
ひとみしりしていた	5
ひとみしりしていました	5
ひとみしりしてる	5
ひとみしりしてます	5
ひとちがいする	3
ひとちがいします	3
ひとちがいしません	3
ひとちがいしました	3
ひとちがいしませんでした	3
ひとちがいしましょう	3
ひとちがいしない	3
ひとちがいしなかった	3
ひとちがいした	3
ひとちがいして	3
ひとちがいしている	3
ひとちがいしています	3
ひとちがいしていた	3
ひとちがいしていました	3
ひとちがいしてる	3
ひとちがいしてます	3
じんせんする	4
じんせんします	4
じんせんしません	4
じんせんしました	4
じんせんしませんでした	4
じんせんしましょう	4
じんせんしない	4
じんせんしなかった	4
じんせんした	4
じんせんして	4
じんせんしている	4
じんせんしています	4
じんせんしていた	4
じんせんしていました	4
じんせんしてる	4
じんせんしてます	4
かいにゅうする	4
かいにゅうします	4
かいにゅうしません	4
かいにゅうしました	4
かいにゅうしませんでした	4
かいにゅうしましょう	4
かいにゅうしない	4
かいにゅうしなかった	4
かいにゅうした	4
かいにゅうして	4
かいにゅうしている	4
かいにゅうしています	4
かいにゅうしていた	4
かいにゅうしていました	4
かいにゅうしてる	4
かいにゅうしてます	4
かいじょする	1
かいじょします	1
かいじょしません	1
かいじょしました	1
かいじょしませんでした	1
かいじょしましょう	1
かいじょしない	1
かいじょしなかった	1
かいじょした	1
かいじょして	1
かいじょしている	1
かいじょしています	1
かいじょしていた	1
かいじょしていました	1
かいじょしてる	1
かいじょしてます	1
かいざいする	4
かいざいします	4
かいざいしません	4
かいざいしました	4
かいざいしませんでした	4
かいざいしましょう	4
かいざいしない	4
かいざいしなかった	4
かいざいした	4
かいざいして	4
かいざいしている	4
かいざいしています	4
かいざいしていた	4
かいざいしていました	4
かいざいしてる	4
かいざいしてます	4
かいごする	1
かいごします	1
かいごしません	1
かいごしました	1
かいごしませんでした	1
かいごしましょう	1
かいごしない	1
かいごしなかった	1
かいごした	1
かいごして	1
かいごしている	1
かいごしています	1
かいごしていた	1
かいごしていました	1
かいごしてる	1
かいごしてます	1
しごとする	3
しごとします	3
しごとしません	3
しごとしました	3
しごとしませんでした	3
しごとしましょう	3
しごとしない	3
しごとしなかった	3
しごとした	3
しごとして	3
しごとしている	3
しごとしています	3
しごとしていた	3
しごとしていました	3
しごとしてる	3
しごとしてます	3
しおくりする	4
しおくりします	4
しおくりしません	4
しおくりしました	4
しおくりしませんでした	4
しおくりしましょう	4
しおくりしない	4
しおくりしなかった	4
しおくりした	4
しおくりして	4
しおくりしている	4
しおくりしています	4
しおくりしていた	4
しおくりしていました	4
しおくりしてる	4
しおくりしてます	4
ふよする	1
ふよします	1
ふよしません	1
ふよしました	1
ふよしませんでした	1
ふよしましょう	1
ふよしない	1
ふよしなかった	1
ふよした	1
ふよして	1
ふよしている	1
ふよしています	1
ふよしていた	1
ふよしていました	1
ふよしてる	1
ふよしてます	1
ふかする	1
ふかしない	1
ふかしなかった	1
ふぞくする	3
ふぞくします	3
ふぞくしません	3
ふぞくしました	3
ふぞくしませんでした	3
ふぞくしましょう	3
ふぞくしない	3
ふぞくしなかった	3
ふぞくした	3
ふぞくして	3
ふぞくしている	3
ふぞくしています	3
ふぞくしていた	3
ふぞくしていました	3
ふぞくしてる	3
ふぞくしてます	3
ふたいする	3
ふたいします	3
ふたいしません	3
ふたいしました	3
ふたいしませんでした	3
ふたいしましょう	3
ふたいしない	3
ふたいしなかった	3
ふたいした	3
ふたいして	3
ふたいしている	3
ふたいしています	3
ふたいしていた	3
ふたいしていました	3
ふたいしてる	3
ふたいしてます	3
ふちゃくする	3
ふちゃくします	3
ふちゃくしません	3
ふちゃくしました	3
ふちゃくしませんでした	3
ふちゃくしましょう	3
ふちゃくしない	3
ふちゃくしなかった	3
ふちゃくした	3
ふちゃくして	3
ふちゃくしている	3
ふちゃくしています	3
ふちゃくしていた	3
ふちゃくしていました	3
ふちゃくしてる	3
ふちゃくしてます	3
だいべんする	4
だいべんします	4
だいべんしません	4
だいべんしました	4
だいべんしませんでした	4
だいべんしましょう	4
だいべんしない	4
だいべんしなかった	4
だいべんした	4
だいべんして	4
だいべんしている	4
だいべんしています	4
だいべんしていた	4
だいべんしていました	4
だいべんしてる	4
だいべんしてます	4
だいたいする	4
だいたいします	4
だいたいしません	4
だいたいしました	4
だいたいしませんでした	4
だいたいしましょう	4
だいたいしない	4
だいたいしなかった	4
だいたいした	4
だいたいして	4
だいたいしている	4
だいたいしています	4
だいたいしていた	4
だいたいしていました	4
だいたいしてる	4
だいたいしてます	4
だいりする	3
だいりします	3
だいりしません	3
だいりしました	3
だいりしませんでした	3
だいりしましょう	3
だいりしない	3
だいりしなかった	3
だいりした	3
だいりして	3
だいりしている	3
だいりしています	3
だいりしていた	3
だいりしていました	3
だいりしてる	3
だいりしてます	3
だいようする	4
だいようします	4
だいようしません	4
だいようしました	4
だいようしませんでした	4
だいようしましょう	4
だいようしない	4
だいようしなかった	4
だいようした	4
だいようして	4
だいようしている	4
だいようしています	4
だいようしていた	4
だいようしていました	4
だいようしてる	4
だいようしてます	4
だいこうする	4
だいこうします	4
だいこうしません	4
だいこうしました	4
だいこうしませんでした	4
だいこうしましょう	4
だいこうしない	4
だいこうしなかった	4
だいこうした	4
だいこうして	4
だいこうしている	4
だいこうしています	4
だいこうしていた	4
だいこうしていました	4
だいこうしてる	4
だいこうしてます	4
だいひょうする	4
だいひょうします	4
だいひょうしません	4
だいひょうしました	4
だいひょうしませんでした	4
だいひょうしましょう	4
だいひょうしない	4
だいひょうしなかった	4
だいひょうした	4
だいひょうして	4
だいひょうしている	4
だいひょうしています	4
だいひょうしていた	4
だいひょうしていました	4
だいひょうしてる	4
だいひょうしてます	4
たいしゃする	3
たいしゃします	3
たいしゃしません	3
たいしゃしました	3
たいしゃしませんでした	3
たいしゃしましょう	3
たいしゃしない	3
たいしゃしなかった	3
たいしゃした	3
たいしゃして	3
たいしゃしている	3
たいしゃしています	3
たいしゃしていた	3
たいしゃしていました	3
たいしゃしてる	3
たいしゃしてます	3
だいぎする	1
だいぎします	1
だいぎしません	1
だいぎしました	1
だいぎしませんでした	1
だいぎしましょう	1
だいぎしない	1
だいぎしなかった	1
だいぎした	1
だいぎして	1
だいぎしている	1
だいぎしています	1
だいぎしていた	1
だいぎしていました	1
だいぎしてる	1
だいぎしてます	1
かていする	3
かていします	3
かていしません	3
かていしました	3
かていしませんでした	3
かていしましょう	3
かていしない	3
かていしなかった	3
かていした	3
かていして	3
かていしている	3
かていしています	3
かていしていた	3
かていしていました	3
かていしてる	3
かていしてます	3
かそうする	3
かそうします	3
かそうしません	3
かそうしました	3
かそうしませんでした	3
かそうしましょう	3
かそうしない	3
かそうしなかった	3
かそうした	3
かそうして	3
かそうしている	3
かそうしています	3
かそうしていた	3
かそうしていました	3
かそうしてる	3
かそうしてます	3
かしょうする	3
かしょうします	3
かしょうしません	3
かしょうしました	3
かしょうしませんでした	3
かしょうしましょう	3
かしょうしない	3
かしょうしなかった	3
かしょうした	3
かしょうして	3
かしょうしている	3
かしょうしています	3
かしょうしていた	3
かしょうしていました	3
かしょうしてる	3
かしょうしてます	3
かせつする	3
かせつします	3
かせつしません	3
かせつしました	3
かせつしませんでした	3
かせつしましょう	3
かせつしない	3
かせつしなかった	3
かせつした	3
かせつして	3
かせつしている	3
かせつしています	3
かせつしていた	3
かせつしていました	3
かせつしてる	3
かせつしてます	3
ちゅうかいする	4
ちゅうかいします	4
ちゅうかいしません	4
ちゅうかいしました	4
ちゅうかいしませんでした	4
ちゅうかいしましょう	4
ちゅうかいしない	4
ちゅうかいしなかった	4
ちゅうかいした	4
ちゅうかいして	4
ちゅうかいしている	4
ちゅうかいしています	4
ちゅうかいしていた	4
ちゅうかいしていました	4
ちゅうかいしてる	4
ちゅうかいしてます	4
なかなおりする	3
なかなおりします	3
なかなおりしません	3
なかなおりしました	3
なかなおりしませんでした	3
なかなおりしましょう	3
なかなおりしない	3
なかなおりしなかった	3
なかなおりした	3
なかなおりして	3
なかなおりしている	3
なかなおりしています	3
なかなおりしていた	3
なかなおりしていました	3
なかなおりしてる	3
なかなおりしてます	3
なかよしする	2
なかよしします	2
なかよししません	2
なかよししました	2
なかよししませんでした	2
なかよししましょう	2
なかよししない	2
なかよししなかった	2
なかよしした	2
なかよしして	2
なかよししている	2
なかよししています	2
なかよししていた	2
なかよししていました	2
なかよししてる	2
なかよししてます	2
ちゅうさいする	4
ちゅうさいします	4
ちゅうさいしません	4
ちゅうさいしました	4
ちゅうさいしませんでした	4
ちゅうさいしましょう	4
ちゅうさいしない	4
ちゅうさいしなかった	4
ちゅうさいした	4
ちゅうさいして	4
ちゅうさいしている	4
ちゅうさいしています	4
ちゅうさいしていた	4
ちゅうさいしていました	4
ちゅうさいしてる	4
ちゅうさいしてます	4
なかまいりする	5
なかまいりします	5
なかまいりしません	5
なかまいりしました	5
なかまいりしませんでした	5
なかまいりしましょう	5
なかまいりしない	5
なかまいりしなかった	5
なかまいりした	5
なかまいりして	5
なかまいりしている	5
なかまいりしています	5
なかまいりしていた	5
なかまいりしていました	5
なかまいりしてる	5
なかまいりしてます	5
にんめいする	4
にんめいします	4
にんめいしません	4
にんめいしました	4
にんめいしませんでした	4
にんめいしましょう	4
にんめいしない	4
にんめいしなかった	4
にんめいした	4
にんめいして	4
にんめいしている	4
にんめいしています	4
にんめいしていた	4
にんめいしていました	4
にんめいしてる	4
にんめいしてます	4
きかくする	3
きかくします	3
きかくしません	3
きかくしました	3
きかくしませんでした	3
きかくしましょう	3
きかくしない	3
きかくしなかった	3
きかくした	3
きかくして	3
きかくしている	3
きかくしています	3
きかくしていた	3
きかくしていました	3
きかくしてる	3
きかくしてます	3
ばっさいする	4
ばっさいします	4
ばっさいしません	4
ばっさいしました	4
ばっさいしませんでした	4
ばっさいしましょう	4
ばっさいしない	4
ばっさいしなかった	4
ばっさいした	4
ばっさいして	4
ばっさいしている	4
ばっさいしています	4
ばっさいしていた	4
ばっさいしていました	4
ばっさいしてる	4
ばっさいしてます	4
きゅうするする	1
きゅうするします	6
きゅうするしません	7
きゅうするしました	6
きゅうするしませんでした	7
きゅうするしましょう	7
きゅうするしない	5
きゅうするしなかった	5
きゅうするした	1
きゅうするして	1
きゅうするしている	1
きゅうするしています	1
きゅうするしていた	1
きゅうするしていました	1
きゅうするしてる	1
きゅうするしてます	1
きゅうかんする	4
きゅうかんします	4
きゅうかんしません	4
きゅうかんしました	4
きゅうかんしませんでした	4
きゅうかんしましょう	4
きゅうかんしない	4
きゅうかんしなかった	4
きゅうかんした	4
きゅうかんして	4
きゅうかんしている	4
きゅうかんしています	4
きゅうかんしていた	4
きゅうかんしていました	4
きゅうかんしてる	4
きゅうかんしてます	4
きゅうじょうする	4
きゅうじょうします	4
きゅうじょうしません	4
きゅうじょうしました	4
きゅうじょうしませんでした	4
きゅうじょうしましょう	4
きゅうじょうしない	4
きゅうじょうしなかった	4
きゅうじょうした	4
きゅうじょうして	4
きゅうじょうしている	4
きゅうじょうしています	4
きゅうじょうしていた	4
きゅうじょうしていました	4
きゅうじょうしてる	4
きゅうじょうしてます	4
きゅうがくする	4
きゅうがくします	4
きゅうがくしません	4
きゅうがくしました	4
きゅうがくしませんでした	4
きゅうがくしましょう	4
きゅうがくしない	4
きゅうがくしなかった	4
きゅうがくした	4
きゅうがくして	4
きゅうがくしている	4
きゅうがくしています	4
きゅうがくしていた	4
きゅうがくしていました	4
きゅうがくしてる	4
きゅうがくしてます	4
きゅうそくする	4
きゅうそくします	4
きゅうそくしません	4
きゅうそくしました	4
きゅうそくしませんでした	4
きゅうそくしましょう	4
きゅうそくしない	4
きゅうそくしなかった	4
きゅうそくした	4
きゅうそくして	4
きゅうそくしている	4
きゅうそくしています	4
きゅうそくしていた	4
きゅうそくしていました	4
きゅうそくしてる	4
きゅうそくしてます	4
きゅうけいする	4
きゅうけいします	4
きゅうけいしません	4
きゅうけいしました	4
きゅうけいしませんでした	4
きゅうけいしましょう	4
きゅうけいしない	4
きゅうけいしなかった	4
きゅうけいした	4
きゅうけいして	4
きゅうけいしている	4
きゅうけいしています	4
きゅうけいしていた	4
きゅうけいしていました	4
きゅうけいしてる	4
きゅうけいしてます	4
きゅうせんする	4
きゅうせんします	4
きゅうせんしません	4
きゅうせんしました	4
きゅうせんしませんでした	4
きゅうせんしましょう	4
きゅうせんしない	4
きゅうせんしなかった	4
きゅうせんした	4
きゅうせんして	4
きゅうせんしている	4
きゅうせんしています	4
きゅうせんしていた	4
きゅうせんしていました	4
きゅうせんしてる	4
きゅうせんしてます	4
きゅうこうする	4
きゅうこうします	4
きゅうこうしません	4
きゅうこうしました	4
きゅうこうしませんでした	4
きゅうこうしましょう	4
きゅうこうしない	4
きゅうこうしなかった	4
きゅうこうした	4
きゅうこうして	4
きゅうこうしている	4
きゅうこうしています	4
きゅうこうしていた	4
きゅうこうしていました	4
きゅうこうしてる	4
きゅうこうしてます	4
きゅうぎょうする	4
きゅうぎょうします	4
きゅうぎょうしません	4
きゅうぎょうしました	4
きゅうぎょうしませんでした	4
きゅうぎょうしましょう	4
きゅうぎょうしない	4
きゅうぎょうしなかった	4
きゅうぎょうした	4
きゅうぎょうして	4
きゅうぎょうしている	4
きゅうぎょうしています	4
きゅうぎょうしていた	4
きゅうぎょうしていました	4
きゅうぎょうしてる	4
きゅうぎょうしてます	4
きゅうしする	3
きゅうしします	3
きゅうししません	3
きゅうししました	3
きゅうししませんでした	3
きゅうししましょう	3
きゅうししない	3
きゅうししなかった	3
きゅうしした	3
きゅうしして	3
きゅうししている	3
きゅうししています	3
きゅうししていた	3
きゅうししていました	3
きゅうししてる	3
きゅうししてます	3
きゅうしょくする	4
きゅうしょくします	4
きゅうしょくしません	4
きゅうしょくしました	4
きゅうしょくしませんでした	4
きゅうしょくしましょう	4
きゅうしょくしない	4
きゅうしょくしなかった	4
きゅうしょくした	4
きゅうしょくして	4
きゅうしょくしている	4
きゅうしょくしています	4
きゅうしょくしていた	4
きゅうしょくしていました	4
きゅうしょくしてる	4
きゅうしょくしてます	4
きゅうようする	4
きゅうようします	4
きゅうようしません	4
きゅうようしました	4
きゅうようしませんでした	4
きゅうようしましょう	4
きゅうようしない	4
きゅうようしなかった	4
きゅうようした	4
きゅうようして	4
きゅうようしている	4
きゅうようしています	4
きゅうようしていた	4
きゅうようしていました	4
きゅうようしてる	4
きゅうようしてます	4
かいごうする	4
かいごうします	4
かいごうしません	4
かいごうしました	4
かいごうしませんでした	4
かいごうしましょう	4
かいごうしない	4
かいごうしなかった	4
かいごうした	4
かいごうして	4
かいごうしている	4
かいごうしています	4
かいごうしていた	4
かいごうしていました	4
かいごうしてる	4
かいごうしてます	4
かいしんする	4
かいしんします	4
かいしんしません	4
かいしんしました	4
かいしんしませんでした	4
かいしんしましょう	4
かいしんしない	4
かいしんしなかった	4
かいしんした	4
かいしんして	4
かいしんしている	4
かいしんしています	4
かいしんしていた	4
かいしんしていました	4
かいしんしてる	4
かいしんしてます	4
かいけんする	4
かいけんします	4
かいけんしません	4
かいけんしました	4
かいけんしませんでした	4
かいけんしましょう	4
かいけんしない	4
かいけんしなかった	4
かいけんした	4
かいけんして	4
かいけんしている	4
かいけんしています	4
かいけんしていた	4
かいけんしていました	4
かいけんしてる	4
かいけんしてます	4
かいけいする	4
かいけいします	4
かいけいしません	4
かいけいしました	4
かいけいしませんでした	4
かいけいしましょう	4
かいけいしない	4
かいけいしなかった	4
かいけいした	4
かいけいして	4
かいけいしている	4
かいけいしています	4
かいけいしていた	4
かいけいしていました	4
かいけいしてる	4
かいけいしてます	4
かいわする	3
かいわします	3
かいわしません	3
かいわしました	3
かいわしませんでした	3
かいわしましょう	3
かいわしない	3
かいわしなかった	3
かいわした	3
かいわして	3
かいわしている	3
かいわしています	3
かいわしていた	3
かいわしていました	3
かいわしてる	3
かいわしてます	3
かいだんする	4
かいだんします	4
かいだんしません	4
かいだんしました	4
かいだんしませんでした	4
かいだんしましょう	4
かいだんしない	4
かいだんしなかった	4
かいだんした	4
かいだんして	4
かいだんしている	4
かいだんしています	4
かいだんしていた	4
かいだんしていました	4
かいだんしてる	4
かいだんしてます	4
かいぎする	1
かいぎします	1
かいぎしません	1
かいぎしました	1
かいぎしませんでした	1
かいぎしましょう	1
かいぎしない	1
かいぎしなかった	1
かいぎした	1
かいぎして	1
かいぎしている	1
かいぎしています	1
かいぎしていた	1
かいぎしていました	1
かいぎしてる	1
かいぎしてます	1
えしゃくする	1
えしゃくします	1
えしゃくしません	1
えしゃくしました	1
えしゃくしませんでした	1
えしゃくしましょう	1
えしゃくしない	1
えしゃくしなかった	1
えしゃくした	1
えしゃくして	1
えしゃくしている	1
えしゃくしています	1
えしゃくしていた	1
えしゃくしていました	1
えしゃくしてる	1
えしゃくしてます	1
かいしょくする	4
かいしょくします	4
かいしょくしません	4
かいしょくしました	4
かいしょくしませんでした	4
かいしょくしましょう	4
かいしょくしない	4
かいしょくしなかった	4
かいしょくした	4
かいしょくして	4
かいしょくしている	4
かいしょくしています	4
かいしょくしていた	4
かいしょくしていました	4
かいしょくしてる	4
かいしょくしてます	4
でんしょうする	4
でんしょうします	4
でんしょうしません	4
でんしょうしました	4
でんしょうしませんでした	4
でんしょうしましょう	4
でんしょうしない	4
でんしょうしなかった	4
でんしょうした	4
でんしょうして	4
でんしょうしている	4
でんしょうしています	4
でんしょうしていた	4
でんしょうしていました	4
でんしょうしてる	4
でんしょうしてます	4
でんせんする	4
でんせんします	4
でんせんしません	4
でんせんしました	4
でんせんしませんでした	4
でんせんしましょう	4
でんせんしない	4
でんせんしなかった	4
でんせんした	4
でんせんして	4
でんせんしている	4
でんせんしています	4
でんせんしていた	4
でんせんしていました	4
でんせんしてる	4
でんせんしてます	4
でんごんする	4
でんごんします	4
でんごんしません	4
でんごんしました	4
でんごんしませんでした	4
でんごんしましょう	4
でんごんしない	4
でんごんしなかった	4
でんごんした	4
でんごんして	4
でんごんしている	4
でんごんしています	4
でんごんしていた	4
でんごんしていました	4
でんごんしてる	4
でんごんしてます	4
でんそうする	4
でんそうします	4
でんそうしません	4
でんそうしました	4
でんそうしませんでした	4
でんそうしましょう	4
でんそうしない	4
でんそうしなかった	4
でんそうした	4
でんそうして	4
でんそうしている	4
でんそうしています	4
でんそうしていた	4
でんそうしていました	4
でんそうしてる	4
でんそうしてます	4
でんどうする	4
でんどうします	4
でんどうしません	4
でんどうしました	4
でんどうしませんでした	4
でんどうしましょう	4
でんどうしない	4
でんどうしなかった	4
でんどうした	4
でんどうして	4
でんどうしている	4
でんどうしています	4
でんどうしていた	4
でんどうしていました	4
でんどうしてる	4
でんどうしてます	4
でんたつする	4
でんたつします	4
でんたつしません	4
でんたつしました	4
でんたつしませんでした	4
でんたつしましょう	4
でんたつしない	4
でんたつしなかった	4
でんたつした	4
でんたつして	4
でんたつしている	4
でんたつしています	4
でんたつしていた	4
でんたつしていました	4
でんたつしてる	4
でんたつしてます	4
ばんそうする	4
ばんそうします	4
ばんそうしません	4
ばんそうしました	4
ばんそうしませんでした	4
ばんそうしましょう	4
ばんそうしない	4
ばんそうしなかった	4
ばんそうした	4
ばんそうして	4
ばんそうしている	4
ばんそうしています	4
ばんそうしていた	4
ばんそうしていました	4
ばんそうしてる	4
ばんそうしてます	4
のびのびする	3
のびのびします	3
のびのびしません	3
のびのびしました	3
のびのびしませんでした	3
のびのびしましょう	3
のびのびしない	3
のびのびしなかった	3
のびのびした	3
のびのびして	3
のびのびしている	3
のびのびしています	3
のびのびしていた	3
のびのびしていました	3
のびのびしてる	3
のびのびしてます	3
いちする	1
いちします	1
いちしません	1
いちしました	1
いちしませんでした	1
いちしましょう	1
いちしない	1
いちしなかった	1
いちした	1
いちして	1
いちしている	1
いちしています	1
いちしていた	1
いちしていました	1
いちしてる	1
いちしてます	1
ていかする	3
ていかします	3
ていかしません	3
ていかしました	3
ていかしませんでした	3
ていかしましょう	3
ていかしない	3
ていかしなかった	3
ていかした	3
ていかして	3
ていかしている	3
ていかしています	3
ていかしていた	3
ていかしていました	3
ていかしてる	3
ていかしてます	3
ていげんする	4
ていげんします	4
ていげんしません	4
ていげんしました	4
ていげんしませんでした	4
ていげんしましょう	4
ていげんしない	4
ていげんしなかった	4
ていげんした	4
ていげんして	4
ていげんしている	4
ていげんしています	4
ていげんしていた	4
ていげんしていました	4
ていげんしてる	4
ていげんしてます	4
ていらくする	4
ていらくします	4
ていらくしません	4
ていらくしました	4
ていらくしませんでした	4
ていらくしましょう	4
ていらくしない	4
ていらくしなかった	4
ていらくした	4
ていらくして	4
ていらくしている	4
ていらくしています	4
ていらくしていた	4
ていらくしていました	4
ていらくしてる	4
ていらくしてます	4
ていめいする	4
ていめいします	4
ていめいしません	4
ていめいしました	4
ていめいしませんでした	4
ていめいしましょう	4
ていめいしない	4
ていめいしなかった	4
ていめいした	4
ていめいして	4
ていめいしている	4
ていめいしています	4
ていめいしていた	4
ていめいしていました	4
ていめいしてる	4
ていめいしてます	4
じゅうきょする	1
じゅうきょします	1
じゅうきょしません	1
じゅうきょしました	1
じゅうきょしませんでした	1
じゅうきょしましょう	1
じゅうきょしない	1
じゅうきょしなかった	1
じゅうきょした	1
じゅうきょして	1
じゅうきょしている	1
じゅうきょしています	1
じゅうきょしていた	1
じゅうきょしていました	1
じゅうきょしてる	1
じゅうきょしてます	1
たいとくする	1
たいとくします	1
たいとくしません	1
たいとくしました	1
たいとくしませんでした	1
たいとくしましょう	1
たいとくしない	1
たいとくしなかった	1
たいとくした	1
たいとくして	1
たいとくしている	1
たいとくしています	1
たいとくしていた	1
たいとくしていました	1
たいとくしてる	1
たいとくしてます	1
たいかんする	4
たいかんします	4
たいかんしません	4
たいかんしました	4
たいかんしませんでした	4
たいかんしましょう	4
たいかんしない	4
たいかんしなかった	4
たいかんした	4
たいかんして	4
たいかんしている	4
たいかんしています	4
たいかんしていた	4
たいかんしていました	4
たいかんしてる	4
たいかんしてます	4
たいそうする	4
たいそうします	4
たいそうしません	4
たいそうしました	4
たいそうしませんでした	4
たいそうしましょう	4
たいそうしない	4
たいそうしなかった	4
たいそうした	4
たいそうして	4
たいそうしている	4
たいそうしています	4
たいそうしていた	4
たいそうしていました	4
たいそうしてる	4
たいそうしてます	4
たいけんする	4
たいけんします	4
たいけんしません	4
たいけんしました	4
たいけんしませんでした	4
たいけんしましょう	4
たいけんしない	4
たいけんしなかった	4
たいけんした	4
たいけんして	4
たいけんしている	4
たいけんしています	4
たいけんしていた	4
たいけんしていました	4
たいけんしてる	4
たいけんしてます	4
つくりわらいする	4
つくりわらいします	4
つくりわらいしません	4
つくりわらいしました	4
つくりわらいしませんでした	4
つくりわらいしましょう	4
つくりわらいしない	4
つくりわらいしなかった	4
つくりわらいした	4
つくりわらいして	4
つくりわらいしている	4
つくりわらいしています	4
つくりわらいしていた	4
つくりわらいしていました	4
つくりわらいしてる	4
つくりわらいしてます	4
さくづけする	4
さくづけします	4
さくづけしません	4
さくづけしました	4
さくづけしませんでした	4
さくづけしましょう	4
さくづけしない	4
さくづけしなかった	4
さくづけした	4
さくづけして	4
さくづけしている	4
さくづけしています	4
さくづけしていた	4
さくづけしていました	4
さくづけしてる	4
さくづけしてます	4
さどうする	3
さどうします	3
さどうしません	3
さどうしました	3
さどうしませんでした	3
さどうしましょう	3
さどうしない	3
さどうしなかった	3
さどうした	3
さどうして	3
さどうしている	3
さどうしています	3
さどうしていた	3
さどうしていました	3
さどうしてる	3
さどうしてます	3
さくせいする	4
さくせいします	4
さくせいしません	4
さくせいしました	4
さくせいしませんでした	4
さくせいしましょう	4
さくせいしない	4
さくせいしなかった	4
さくせいした	4
さくせいして	4
さくせいしている	4
さくせいしています	4
さくせいしていた	4
さくせいしていました	4
さくせいしてる	4
さくせいしてます	4
さくぶんする	4
さくぶんします	4
さくぶんしません	4
さくぶんしました	4
さくぶんしませんでした	4
さくぶんしましょう	4
さくぶんしない	4
さくぶんしなかった	4
さくぶんした	4
さくぶんして	4
さくぶんしている	4
さくぶんしています	4
さくぶんしていた	4
さくぶんしていました	4
さくぶんしてる	4
さくぶんしてます	4
さっきょくする	4
さっきょくします	4
さっきょくしません	4
さっきょくしました	4
さっきょくしませんでした	4
さっきょくしましょう	4
さっきょくしない	4
さっきょくしなかった	4
さっきょくした	4
さっきょくして	4
さっきょくしている	4
さっきょくしています	4
さっきょくしていた	4
さっきょくしていました	4
さっきょくしてる	4
さっきょくしてます	4
さぎょうする	1
さぎょうします	1
さぎょうしません	1
さぎょうしました	1
さぎょうしませんでした	1
さぎょうしましょう	1
さぎょうしない	1
さぎょうしなかった	1
さぎょうした	1
さぎょうして	1
さぎょうしている	1
さぎょうしています	1
さぎょうしていた	1
さぎょうしていました	1
さぎょうしてる	1
さぎょうしてます	1
さようする	1
さようします	1
さようしません	1
さようしました	1
さようしませんでした	1
さようしましょう	1
さようしない	1
さようしなかった	1
さようした	1
さようして	1
さようしている	1
さようしています	1
さようしていた	1
さようしていました	1
さようしてる	1
さようしてます	1
さくしする	3
さくしします	3
さくししません	3
さくししました	3
さくししませんでした	3
さくししましょう	3
さくししない	3
さくししなかった	3
さくしした	3
さくしして	3
さくししている	3
さくししています	3
さくししていた	3
さくししていました	3
さくししてる	3
さくししてます	3
へいごうする	4
へいごうします	4
へいごうしません	4
へいごうしました	4
へいごうしませんでした	4
へいごうしましょう	4
へいごうしない	4
へいごうしなかった	4
へいごうした	4
へいごうして	4
へいごうしている	4
へいごうしています	4
へいごうしていた	4
へいごうしていました	4
へいごうしてる	4
へいごうしてます	4
へいさつする	4
へいさつします	4
へいさつしません	2
へいさつしました	4
へいさつしませんでした	2
へいさつしましょう	2
へいさつしない	4
へいさつしなかった	4
へいさつした	2
へいさつして	2
へいさつしている	2
へいさつしています	2
へいさつしていた	2
へいさつしていました	2
へいさつしてる	2
へいさつしてます	2
へいようする	4
へいようします	4
へいようしません	4
へいようしました	4
へいようしませんでした	4
へいようしましょう	4
へいようしない	4
へいようしなかった	4
へいようした	4
へいようして	4
へいようしている	4
へいようしています	4
へいようしていた	4
へいようしていました	4
へいようしてる	4
へいようしてます	4
へいせつする	4
へいせつします	4
へいせつしません	4
へいせつしました	4
へいせつしませんでした	4
へいせつしましょう	4
へいせつしない	4
へいせつしなかった	4
へいせつした	4
へいせつして	4
へいせつしている	4
へいせつしています	4
へいせつしていた	4
へいせつしていました	4
へいせつしてる	4
へいせつしてます	4
つかいわけする	5
つかいわけします	5
つかいわけしません	5
つかいわけしました	5
つかいわけしませんでした	5
つかいわけしましょう	5
つかいわけしない	0
つかいわけしなかった	10
つかいわけした	5
つかいわけして	5
つかいわけしている	5
つかいわけしています	5
つかいわけしていた	5
つかいわけしていました	5
つかいわけしてる	5
つかいわけしてます	5
しようする	3
しようします	3
しようしません	3
しようしました	3
しようしませんでした	3
しようしましょう	3
しようしない	3
しようしなかった	3
しようした	3
しようして	3
しようしている	3
しようしています	3
しようしていた	3
しようしていました	3
しようしてる	3
しようしてます	3
ともする	1
ともしない	1
ともしなかった	1
きょうよする	1
きょうよします	1
きょうよしません	1
きょうよしました	1
きょうよしませんでした	1
きょうよしましょう	1
きょうよしない	1
きょうよしなかった	1
きょうよした	1
きょうよして	1
きょうよしている	1
きょうよしています	1
きょうよしていた	1
きょうよしていました	1
きょうよしてる	1
きょうよしてます	1
きょうきゅうする	4
きょうきゅうします	4
きょうきゅうしません	4
きょうきゅうしました	4
きょうきゅうしませんでした	4
きょうきゅうしましょう	4
きょうきゅうしない	4
きょうきゅうしなかった	4
きょうきゅうした	4
きょうきゅうして	4
きょうきゅうしている	4
きょうきゅうしています	4
きょうきゅうしていた	4
きょうきゅうしていました	4
きょうきゅうしてる	4
きょうきゅうしてます	4
きょうじゅつする	4
きょうじゅつします	4
きょうじゅつしません	4
きょうじゅつしました	4
きょうじゅつしませんでした	4
きょうじゅつしましょう	4
きょうじゅつしない	4
きょうじゅつしなかった	4
きょうじゅつした	4
きょうじゅつして	4
きょうじゅつしている	4
きょうじゅつしています	4
きょうじゅつしていた	4
きょうじゅつしていました	4
きょうじゅつしてる	4
きょうじゅつしてます	4
くようする	1
くようします	1
くようしません	1
くようしました	1
くようしませんでした	1
くようしましょう	1
くようしない	1
くようしなかった	1
くようした	1
くようして	1
くようしている	1
くようしています	1
くようしていた	1
くようしていました	1
くようしてる	1
くようしてます	1
いぞんする	3
いぞんします	3
いぞんしません	3
いぞんしました	3
いぞんしませんでした	3
いぞんしましょう	3
いぞんしない	3
いぞんしなかった	3
いぞんした	3
いぞんして	3
いぞんしている	3
いぞんしています	3
いぞんしていた	3
いぞんしていました	3
いぞんしてる	3
いぞんしてます	3
いらいする	3
いらいします	3
いらいしません	3
いらいしました	3
いらいしませんでした	3
いらいしましょう	3
いらいしない	3
いらいしなかった	3
いらいした	3
いらいして	3
いらいしている	3
いらいしています	3
いらいしていた	3
いらいしていました	3
いらいしてる	3
いらいしてます	3
ぶべつする	3
ぶべつします	3
ぶべつしません	3
ぶべつしました	3
ぶべつしませんでした	3
ぶべつしましょう	3
ぶべつしない	3
ぶべつしなかった	3
ぶべつした	3
ぶべつして	3
ぶべつしている	3
ぶべつしています	3
ぶべつしていた	3
ぶべつしていました	3
ぶべつしてる	3
ぶべつしてます	3
ぶじょくする	3
ぶじょくします	3
ぶじょくしません	3
ぶじょくしました	3
ぶじょくしませんでした	3
ぶじょくしましょう	3
ぶじょくしない	3
ぶじょくしなかった	3
ぶじょくした	3
ぶじょくして	3
ぶじょくしている	3
ぶじょくしています	3
ぶじょくしていた	3
ぶじょくしていました	3
ぶじょくしてる	3
ぶじょくしてます	3
しんにゅうする	4
しんにゅうします	4
しんにゅうしません	4
しんにゅうしました	4
しんにゅうしませんでした	4
しんにゅうしましょう	4
しんにゅうしない	4
しんにゅうしなかった	4
しんにゅうした	4
しんにゅうして	4
しんにゅうしている	4
しんにゅうしています	4
しんにゅうしていた	4
しんにゅうしていました	4
しんにゅうしてる	4
しんにゅうしてます	4
しんがいする	4
しんがいします	4
しんがいしません	4
しんがいしました	4
しんがいしませんでした	4
しんがいしましょう	4
しんがいしない	4
しんがいしなかった	4
しんがいした	4
しんがいして	4
しんがいしている	4
しんがいしています	4
しんがいしていた	4
しんがいしていました	4
しんがいしてる	4
しんがいしてます	4
しんこうする	4
しんこうします	4
しんこうしません	4
しんこうしました	4
しんこうしませんでした	4
しんこうしましょう	4
しんこうしない	4
しんこうしなかった	4
しんこうした	4
しんこうして	4
しんこうしている	4
しんこうしています	4
しんこうしていた	4
しんこうしていました	4
しんこうしてる	4
しんこうしてます	4
しんぱんする	4
しんぱんします	4
しんぱんしません	4
しんぱんしました	4
しんぱんしませんでした	4
しんぱんしましょう	4
しんぱんしない	4
しんぱんしなかった	4
しんぱんした	4
しんぱんして	4
しんぱんしている	4
しんぱんしています	4
しんぱんしていた	4
しんぱんしていました	4
しんぱんしてる	4
しんぱんしてます	4
しんりゃくする	4
しんりゃくします	4
しんりゃくしません	4
しんりゃくしました	4
しんりゃくしませんでした	4
しんりゃくしましょう	4
しんりゃくしない	4
しんりゃくしなかった	4
しんりゃくした	4
しんりゃくして	4
しんりゃくしている	4
しんりゃくしています	4
しんりゃくしていた	4
しんりゃくしていました	4
しんりゃくしてる	4
しんりゃくしてます	4
たよりする	1
たよりします	1
たよりしません	1
たよりしました	1
たよりしませんでした	1
たよりしましょう	1
たよりしない	4
たよりしなかった	4
たよりした	1
たよりして	1
たよりしている	1
たよりしています	1
たよりしていた	1
たよりしていました	1
たよりしてる	1
たよりしてます	1
びんじょうする	4
びんじょうします	4
びんじょうしません	4
びんじょうしました	4
びんじょうしませんでした	4
びんじょうしましょう	4
びんじょうしない	4
びんじょうしなかった	4
びんじょうした	4
びんじょうして	4
びんじょうしている	4
びんじょうしています	4
びんじょうしていた	4
びんじょうしていました	4
びんじょうしてる	4
びんじょうしてます	4
べんぴする	3
べんぴします	3
べんぴしません	3
べんぴしました	3
べんぴしませんでした	3
べんぴしましょう	3
べんぴしない	3
べんぴしなかった	3
べんぴした	3
べんぴして	3
べんぴしている	3
べんぴしています	3
べんぴしていた	3
べんぴしていました	3
べんぴしてる	3
べんぴしてます	3
けいそうする	4
けいそうします	4
けいそうしません	4
けいそうしました	4
けいそうしませんでした	4
けいそうしましょう	4
けいそうしない	4
けいそうしなかった	4
けいそうした	4
けいそうして	4
けいそうしている	4
けいそうしています	4
けいそうしていた	4
けいそうしていました	4
けいそうしてる	4
けいそうしてます	4
そくせいする	4
そくせいします	4
そくせいしません	4
そくせいしました	4
そくせいしませんでした	4
そくせいしましょう	4
そくせいしない	4
そくせいしなかった	4
そくせいした	4
そくせいして	4
そくせいしている	4
そくせいしています	4
そくせいしていた	4
そくせいしていました	4
そくせいしてる	4
そくせいしてます	4
そくしんする	4
そくしんします	4
そくしんしません	4
そくしんしました	4
そくしんしませんでした	4
そくしんしましょう	4
そくしんしない	4
そくしんしなかった	4
そくしんした	4
そくしんして	4
そくしんしている	4
そくしんしています	4
そくしんしていた	4
そくしんしていました	4
そくしんしてる	4
そくしんしてます	4
ほするする	2
ほするします	5
ほするしません	6
ほするしました	5
ほするしませんでした	6
ほするしましょう	6
ほするしない	4
ほするしなかった	4
ほするした	2
ほするして	2
ほするしている	2
ほするしています	2
ほするしていた	2
ほするしていました	2
ほするしてる	2
ほするしてます	2
ほぜんする	3
ほぜんします	3
ほぜんしません	3
ほぜんしました	3
ほぜんしませんでした	3
ほぜんしましょう	3
ほぜんしない	3
ほぜんしなかった	3
ほぜんした	3
ほぜんして	3
ほぜんしている	3
ほぜんしています	3
ほぜんしていた	3
ほぜんしていました	3
ほぜんしてる	3
ほぜんしてます	3
ほぞんする	3
ほぞんします	3
ほぞんしません	3
ほぞんしました	3
ほぞんしませんでした	3
ほぞんしましょう	3
ほぞんしない	3
ほぞんしなかった	3
ほぞんした	3
ほぞんして	3
ほぞんしている	3
ほぞんしています	3
ほぞんしていた	3
ほぞんしていました	3
ほぞんしてる	3
ほぞんしてます	3
ほしゅする	1
ほしゅします	1
ほしゅしません	1
ほしゅしました	1
ほしゅしませんでした	1
ほしゅしましょう	1
ほしゅしない	1
ほしゅしなかった	1
ほしゅした	1
ほしゅして	1
ほしゅしている	1
ほしゅしています	1
ほしゅしていた	1
ほしゅしていました	1
ほしゅしてる	1
ほしゅしてます	1
ほじする	1
ほじします	1
ほじしません	1
ほじしました	1
ほじしませんでした	1
ほじしましょう	1
ほじしない	1
ほじしなかった	1
ほじした	1
ほじして	1
ほじしている	1
ほじしています	1
ほじしていた	1
ほじしていました	1
ほじしてる	1
ほじしてます	1
ほゆうする	3
ほゆうします	3
ほゆうしません	3
ほゆうしました	3
ほゆうしませんでした	3
ほゆうしましょう	3
ほゆうしない	3
ほゆうしなかった	3
ほゆうした	3
ほゆうして	3
ほゆうしている	3
ほゆうしています	3
ほゆうしていた	3
ほゆうしていました	3
ほゆうしてる	3
ほゆうしてます	3
ほおんする	3
ほおんします	3
ほおんしません	3
ほおんしました	3
ほおんしませんでした	3
ほおんしましょう	3
ほおんしない	3
ほおんしなかった	3
ほおんした	3
ほおんして	3
ほおんしている	3
ほおんしています	3
ほおんしていた	3
ほおんしていました	3
ほおんしてる	3
ほおんしてます	3
ほりゅうする	3
ほりゅうします	3
ほりゅうしません	3
ほりゅうしました	3
ほりゅうしませんでした	3
ほりゅうしましょう	3
ほりゅうしない	3
ほりゅうしなかった	3
ほりゅうした	3
ほりゅうして	3
ほりゅうしている	3
ほりゅうしています	3
ほりゅうしていた	3
ほりゅうしていました	3
ほりゅうしてる	3
ほりゅうしてます	3
ほかんする	3
ほかんします	3
ほかんしません	3
ほかんしました	3
ほかんしませんでした	3
ほかんしましょう	3
ほかんしない	3
ほかんしなかった	3
ほかんした	3
ほかんして	3
ほかんしている	3
ほかんしています	3
ほかんしていた	3
ほかんしていました	3
ほかんしてる	3
ほかんしてます	3
ほいくする	3
ほいくします	3
ほいくしません	3
ほいくしました	3
ほいくしませんでした	3
ほいくしましょう	3
ほいくしない	3
ほいくしなかった	3
ほいくした	3
ほいくして	3
ほいくしている	3
ほいくしています	3
ほいくしていた	3
ほいくしていました	3
ほいくしてる	3
ほいくしてます	3
ほしょうする	3
ほしょうします	3
ほしょうしません	3
ほしょうしました	3
ほしょうしませんでした	3
ほしょうしましょう	3
ほしょうしない	3
ほしょうしなかった	3
ほしょうした	3
ほしょうして	3
ほしょうしている	3
ほしょうしています	3
ほしょうしていた	3
ほしょうしていました	3
ほしょうしてる	3
ほしょうしてます	3
ほごする	1
ほごします	1
ほごしません	1
ほごしました	1
ほごしませんでした	1
ほごしましょう	1
ほごしない	1
ほごしなかった	1
ほごした	1
ほごして	1
ほごしている	1
ほごしています	1
ほごしていた	1
ほごしていました	1
ほごしてる	1
ほごしてます	1
ほしゃくする	3
ほしゃくします	3
ほしゃくしません	3
ほしゃくしました	3
ほしゃくしませんでした	3
ほしゃくしましょう	3
ほしゃくしない	3
ほしゃくしなかった	3
ほしゃくした	3
ほしゃくして	3
ほしゃくしている	3
ほしゃくしています	3
ほしゃくしていた	3
ほしゃくしていました	3
ほしゃくしてる	3
ほしゃくしてます	3
ほようする	3
ほようします	3
ほようしません	3
ほようしました	3
ほようしませんでした	3
ほようしましょう	3
ほようしない	3
ほようしなかった	3
ほようした	3
ほようして	3
ほようしている	3
ほようしています	3
ほようしていた	3
ほようしていました	3
ほようしてる	3
ほようしてます	3
しんにんする	4
しんにんします	4
しんにんしません	4
しんにんしました	4
しんにんしませんでした	4
しんにんしましょう	4
しんにんしない	4
しんにんしなかった	4
しんにんした	4
しんにんして	4
しんにんしている	4
しんにんしています	4
しんにんしていた	4
しんにんしていました	4
しんにんしてる	4
しんにんしてます	4
しんごうする	4
しんごうします	4
しんごうしません	4
しんごうしました	4
しんごうしませんでした	4
しんごうしましょう	4
しんごうしない	4
しんごうしなかった	4
しんごうした	4
しんごうして	4
しんごうしている	4
しんごうしています	4
しんごうしていた	4
しんごうしていました	4
しんごうしてる	4
しんごうしてます	4
しんようする	4
しんようします	4
しんようしません	4
しんようしました	4
しんようしませんでした	4
しんようしましょう	4
しんようしない	4
しんようしなかった	4
しんようした	4
しんようして	4
しんようしている	4
しんようしています	4
しんようしていた	4
しんようしていました	4
しんようしてる	4
しんようしてます	4
しんたくする	4
しんたくします	4
しんたくしません	4
しんたくしました	4
しんたくしませんでした	4
しんたくしましょう	4
しんたくしない	4
しんたくしなかった	4
しんたくした	4
しんたくして	4
しんたくしている	4
しんたくしています	4
しんたくしていた	4
しんたくしていました	4
しんたくしてる	4
しんたくしてます	4
しんらいする	4
しんらいします	4
しんらいしません	4
しんらいしました	4
しんらいしませんでした	4
しんらいしましょう	4
しんらいしない	4
しんらいしなかった	4
しんらいした	4
しんらいして	4
しんらいしている	4
しんらいしています	4
しんらいしていた	4
しんらいしていました	4
しんらいしてる	4
しんらいしてます	4
しゅうりょうする	4
しゅうりょうします	4
しゅうりょうしません	4
しゅうりょうしました	4
しゅうりょうしませんでした	4
しゅうりょうしましょう	4
しゅうりょうしない	4
しゅうりょうしなかった	4
しゅうりょうした	4
しゅうりょうして	4
しゅうりょうしている	4
しゅうりょうしています	4
しゅうりょうしていた	4
しゅうりょうしていました	4
しゅうりょうしてる	4
しゅうりょうしてます	4
しゅうふくする	4
しゅうふくします	4
しゅうふくしません	4
しゅうふくしました	4
しゅうふくしませんでした	4
しゅうふくしましょう	4
しゅうふくしない	4
しゅうふくしなかった	4
しゅうふくした	4
しゅうふくして	4
しゅうふくしている	4
しゅうふくしています	4
しゅうふくしていた	4
しゅうふくしていました	4
しゅうふくしてる	4
しゅうふくしてます	4
しゅうぎょうする	4
しゅうぎょうします	3
しゅうぎょうしません	3
しゅうぎょうしました	3
しゅうぎょうしませんでした	3
しゅうぎょうしましょう	3
しゅうぎょうしない	3
しゅうぎょうしなかった	3
しゅうぎょうした	3
しゅうぎょうして	3
しゅうぎょうしている	3
しゅうぎょうしています	3
しゅうぎょうしていた	3
しゅうぎょうしていました	3
しゅうぎょうしてる	3
しゅうぎょうしてます	3
しゅうせいする	4
しゅうせいします	4
しゅうせいしません	4
しゅうせいしました	4
しゅうせいしませんでした	4
しゅうせいしましょう	4
しゅうせいしない	4
しゅうせいしなかった	4
しゅうせいした	4
しゅうせいして	4
しゅうせいしている	4
しゅうせいしています	4
しゅうせいしていた	4
しゅうせいしていました	4
しゅうせいしてる	4
しゅうせいしてます	4
しゅうりする	1
しゅうりします	1
しゅうりしません	1
しゅうりしました	1
しゅうりしませんでした	1
しゅうりしましょう	1
しゅうりしない	1
しゅうりしなかった	1
しゅうりした	1
しゅうりして	1
しゅうりしている	1
しゅうりしています	1
しゅうりしていた	1
しゅうりしていました	1
しゅうりしてる	1
しゅうりしてます	1
しゅうぜんする	4
しゅうぜんします	4
しゅうぜんしません	4
しゅうぜんしました	4
しゅうぜんしませんでした	4
しゅうぜんしましょう	4
しゅうぜんしない	4
しゅうぜんしなかった	4
しゅうぜんした	4
しゅうぜんして	4
しゅうぜんしている	4
しゅうぜんしています	4
しゅうぜんしていた	4
しゅうぜんしていました	4
しゅうぜんしてる	4
しゅうぜんしてます	4
しゅぎょうする	3
しゅぎょうします	3
しゅぎょうしません	3
しゅぎょうしました	3
しゅぎょうしませんでした	3
しゅぎょうしましょう	3
しゅぎょうしない	3
しゅぎょうしなかった	3
しゅぎょうした	3
しゅぎょうして	3
しゅぎょうしている	3
しゅぎょうしています	3
しゅぎょうしていた	3
しゅぎょうしていました	3
しゅぎょうしてる	3
しゅぎょうしてます	3
しゅうどうする	4
しゅうどうします	4
しゅうどうしません	4
しゅうどうしました	4
しゅうどうしませんでした	4
しゅうどうしましょう	4
しゅうどうしない	4
しゅうどうしなかった	4
しゅうどうした	4
しゅうどうして	4
しゅうどうしている	4
しゅうどうしています	4
しゅうどうしていた	4
しゅうどうしていました	4
しゅうどうしてる	4
しゅうどうしてます	4
ばいぞうする	4
ばいぞうします	4
ばいぞうしません	4
ばいぞうしました	4
ばいぞうしませんでした	4
ばいぞうしましょう	4
ばいぞうしない	4
ばいぞうしなかった	4
ばいぞうした	4
ばいぞうして	4
ばいぞうしている	4
ばいぞうしています	4
ばいぞうしていた	4
ばいぞうしていました	4
ばいぞうしてる	4
ばいぞうしてます	4
とうさんする	4
とうさんします	4
とうさんしません	4
とうさんしました	4
とうさんしませんでした	4
とうさんしましょう	4
とうさんしない	4
とうさんしなかった	4
とうさんした	4
とうさんして	4
とうさんしている	4
とうさんしています	4
とうさんしていた	4
とうさんしていました	4
とうさんしてる	4
とうさんしてます	4
とうちする	3
とうちします	3
とうちしません	3
とうちしました	3
とうちしませんでした	3
とうちしましょう	3
とうちしない	3
とうちしなかった	3
とうちした	3
とうちして	3
とうちしている	3
とうちしています	3
とうちしていた	3
とうちしていました	3
とうちしてる	3
とうちしてます	3
とうかくする	4
とうかくします	4
とうかくしません	4
とうかくしました	4
とうかくしませんでした	4
とうかくしましょう	4
とうかくしない	4
とうかくしなかった	4
とうかくした	4
とうかくして	4
とうかくしている	4
とうかくしています	4
とうかくしていた	4
とうかくしていました	4
とうかくしてる	4
とうかくしてます	4
かりいれする	4
かりいれします	4
かりいれしません	4
かりいれしました	4
かりいれしませんでした	4
かりいれしましょう	4
かりいれしない	4
かりいれしなかった	4
かりいれした	4
かりいれして	4
かりいれしている	4
かりいれしています	4
かりいれしていた	4
かりいれしていました	4
かりいれしてる	4
かりいれしてます	4
しゃくちする	3
しゃくちします	3
しゃくちしません	3
しゃくちしました	3
しゃくちしませんでした	3
しゃくちしましょう	3
しゃくちしない	3
しゃくちしなかった	3
しゃくちした	3
しゃくちして	3
しゃくちしている	3
しゃくちしています	3
しゃくちしていた	3
しゃくちしていました	3
しゃくちしてる	3
しゃくちしてます	3
しゃっきんする	3
しゃっきんします	3
しゃっきんしません	3
しゃっきんしました	3
しゃっきんしませんでした	3
しゃっきんしましょう	3
しゃっきんしない	3
しゃっきんしなかった	3
しゃっきんした	3
しゃっきんして	3
しゃっきんしている	3
しゃっきんしています	3
しゃっきんしていた	3
しゃっきんしていました	3
しゃっきんしてる	3
しゃっきんしてます	3
ねあがりする	4
ねあがりします	4
ねあがりしません	4
ねあがりしました	4
ねあがりしませんでした	4
ねあがりしましょう	4
ねあがりしない	4
ねあがりしなかった	4
ねあがりした	4
ねあがりして	4
ねあがりしている	4
ねあがりしています	4
ねあがりしていた	4
ねあがりしていました	4
ねあがりしてる	4
ねあがりしてます	4
ねあげする	3
ねあげします	3
ねあげしません	3
ねあげしました	3
ねあげしませんでした	3
ねあげしましょう	3
ねあげしない	3
ねあげしなかった	3
ねあげした	3
ねあげして	3
ねあげしている	3
ねあげしています	3
ねあげしていた	3
ねあげしていました	3
ねあげしてる	3
ねあげしてます	3
ねさがりする	4
ねさがりします	4
ねさがりしません	4
ねさがりしました	4
ねさがりしませんでした	4
ねさがりしましょう	4
ねさがりしない	4
ねさがりしなかった	4
ねさがりした	4
ねさがりして	4
ねさがりしている	4
ねさがりしています	4
ねさがりしていた	4
ねさがりしていました	4
ねさがりしてる	4
ねさがりしてます	4
ねさげする	3
ねさげします	3
ねさげしません	3
ねさげしました	3
ねさげしませんでした	3
ねさげしましょう	3
ねさげしない	3
ねさげしなかった	3
ねさげした	3
ねさげして	3
ねさげしている	3
ねさげしています	3
ねさげしていた	3
ねさげしていました	3
ねさげしてる	3
ねさげしてます	3
ねびきする	3
ねびきします	3
ねびきしません	3
ねびきしました	3
ねびきしませんでした	3
ねびきしましょう	3
ねびきしない	3
ねびきしなかった	3
ねびきした	3
ねびきして	3
ねびきしている	3
ねびきしています	3
ねびきしていた	3
ねびきしていました	3
ねびきしてる	3
ねびきしてます	3
けんやくする	4
けんやくします	4
けんやくしません	4
けんやくしました	4
けんやくしませんでした	4
けんやくしましょう	4
けんやくしない	4
けんやくしなかった	4
けんやくした	4
けんやくして	4
けんやくしている	4
けんやくしています	4
けんやくしていた	4
けんやくしていました	4
けんやくしてる	4
けんやくしてます	4
へんちょうする	4
へんちょうします	4
へんちょうしません	4
へんちょうしました	4
へんちょうしませんでした	4
へんちょうしましょう	4
へんちょうしない	4
へんちょうしなかった	4
へんちょうした	4
へんちょうして	4
へんちょうしている	4
へんちょうしています	4
へんちょうしていた	4
へんちょうしていました	4
へんちょうしてる	4
へんちょうしてます	4
ていせんする	4
ていせんします	4
ていせんしません	4
ていせんしました	4
ていせんしませんでした	4
ていせんしましょう	4
ていせんしない	4
ていせんしなかった	4
ていせんした	4
ていせんして	4
ていせんしている	4
ていせんしています	4
ていせんしていた	4
ていせんしていました	4
ていせんしてる	4
ていせんしてます	4
ていしする	3
ていしします	3
ていししません	3
ていししました	3
ていししませんでした	3
ていししましょう	3
ていししない	3
ていししなかった	3
ていしした	3
ていしして	3
ていししている	3
ていししています	3
ていししていた	3
ていししていました	3
ていししてる	3
ていししてます	3
ていはくする	4
ていはくします	4
ていはくしません	4
ていはくしました	4
ていはくしませんでした	4
ていはくしましょう	4
ていはくしない	4
ていはくしなかった	4
ていはくした	4
ていはくして	4
ていはくしている	4
ていはくしています	4
ていはくしていた	4
ていはくしていました	4
ていはくしてる	4
ていはくしてます	4
ていたいする	4
ていたいします	4
ていたいしません	4
ていたいしました	4
ていたいしませんでした	4
ていたいしましょう	4
ていたいしない	4
ていたいしなかった	4
ていたいした	4
ていたいして	4
ていたいしている	4
ていたいしています	4
ていたいしていた	4
ていたいしていました	4
ていたいしてる	4
ていたいしてます	4
ていしゃする	3
ていしゃします	3
ていしゃしません	3
ていしゃしました	3
ていしゃしませんでした	3
ていしゃしましょう	3
ていしゃしない	3
ていしゃしなかった	3
ていしゃした	3
ていしゃして	3
ていしゃしている	3
ていしゃしています	3
ていしゃしていた	3
ていしゃしていました	3
ていしゃしてる	3
ていしゃしてます	3
ていでんする	4
ていでんします	4
ていでんしません	4
ていでんしました	4
ていでんしませんでした	4
ていでんしましょう	4
ていでんしない	4
ていでんしなかった	4
ていでんした	4
ていでんして	4
ていでんしている	4
ていでんしています	4
ていでんしていた	4
ていでんしていました	4
ていでんしてる	4
ていでんしてます	4
けんとうする	4
けんとうします	4
けんとうしません	4
けんとうしました	4
けんとうしませんでした	4
けんとうしましょう	4
けんとうしない	4
けんとうしなかった	4
けんとうした	4
けんとうして	4
けんとうしている	4
けんとうしています	4
けんとうしていた	4
けんとうしていました	4
けんとうしてる	4
けんとうしてます	4
ていさつする	4
ていさつします	4
ていさつしません	4
ていさつしました	4
ていさつしませんでした	4
ていさつしましょう	4
ていさつしない	4
ていさつしなかった	4
ていさつした	4
ていさつして	4
ていさつしている	4
ていさつしています	4
ていさつしていた	4
ていさつしていました	4
ていさつしてる	4
ていさつしてます	4
ぐうはつする	4
ぐうはつします	4
ぐうはつしません	4
ぐうはつしました	4
ぐうはつしませんでした	4
ぐうはつしましょう	4
ぐうはつしない	4
ぐうはつしなかった	4
ぐうはつした	4
ぐうはつして	4
ぐうはつしている	4
ぐうはつしています	4
ぐうはつしていた	4
ぐうはつしていました	4
ぐうはつしてる	4
ぐうはつしてます	4
ぎそうする	3
ぎそうします	3
ぎそうしません	3
ぎそうしました	3
ぎそうしませんでした	3
ぎそうしましょう	3
ぎそうしない	3
ぎそうしなかった	3
ぎそうした	3
ぎそうして	3
ぎそうしている	3
ぎそうしています	3
ぎそうしていた	3
ぎそうしていました	3
ぎそうしてる	3
ぎそうしてます	3
ぎしょうする	3
ぎしょうします	3
ぎしょうしません	3
ぎしょうしました	3
ぎしょうしませんでした	3
ぎしょうしましょう	3
ぎしょうしない	3
ぎしょうしなかった	3
ぎしょうした	3
ぎしょうして	3
ぎしょうしている	3
ぎしょうしています	3
ぎしょうしていた	3
ぎしょうしていました	3
ぎしょうしてる	3
ぎしょうしてます	3
ぎぞうする	3
ぎぞうします	3
ぎぞうしません	3
ぎぞうしました	3
ぎぞうしませんでした	3
ぎぞうしましょう	3
ぎぞうしない	3
ぎぞうしなかった	3
ぎぞうした	3
ぎぞうして	3
ぎぞうしている	3
ぎぞうしています	3
ぎぞうしていた	3
ぎぞうしていました	3
ぎぞうしてる	3
ぎぞうしてます	3
ぼうちょうする	4
ぼうちょうします	4
ぼうちょうしません	4
ぼうちょうしました	4
ぼうちょうしませんでした	4
ぼうちょうしましょう	4
ぼうちょうしない	4
ぼうちょうしなかった	4
ぼうちょうした	4
ぼうちょうして	4
ぼうちょうしている	4
ぼうちょうしています	4
ぼうちょうしていた	4
ぼうちょうしていました	4
ぼうちょうしてる	4
ぼうちょうしてます	4
ぼうかんする	4
ぼうかんします	4
ぼうかんしません	4
ぼうかんしました	4
ぼうかんしませんでした	4
ぼうかんしましょう	4
ぼうかんしない	4
ぼうかんしなかった	4
ぼうかんした	4
ぼうかんして	4
ぼうかんしている	4
ぼうかんしています	4
ぼうかんしていた	4
ぼうかんしていました	4
ぼうかんしてる	4
ぼうかんしてます	4
びちくする	3
びちくします	3
びちくしません	3
びちくしました	3
びちくしませんでした	3
びちくしましょう	3
びちくしない	3
びちくしなかった	3
びちくした	3
びちくして	3
びちくしている	3
びちくしています	3
びちくしていた	3
びちくしていました	3
びちくしてる	3
びちくしてます	3
さいそくする	1
さいそくします	1
さいそくしません	1
さいそくしました	1
さいそくしませんでした	1
さいそくしましょう	1
さいそくしない	1
さいそくしなかった	1
さいそくした	1
さいそくして	1
さいそくしている	1
さいそくしています	1
さいそくしていた	1
さいそくしていました	1
さいそくしてる	1
さいそくしてます	1
しょうがいする	4
しょうがいします	4
しょうがいしません	4
しょうがいしました	4
しょうがいしませんでした	4
しょうがいしましょう	4
しょうがいしない	4
しょうがいしなかった	4
しょうがいした	4
しょうがいして	4
しょうがいしている	4
しょうがいしています	4
しょうがいしていた	4
しょうがいしていました	4
しょうがいしてる	4
しょうがいしてます	4
けいしゃする	3
けいしゃします	3
けいしゃしません	3
けいしゃしました	3
けいしゃしませんでした	3
けいしゃしましょう	3
けいしゃしない	3
けいしゃしなかった	3
けいしゃした	3
けいしゃして	3
けいしゃしている	3
けいしゃしています	3
けいしゃしていた	3
けいしゃしていました	3
けいしゃしてる	3
けいしゃしてます	3
けいちゅうする	4
けいちゅうします	4
けいちゅうしません	4
けいちゅうしました	4
けいちゅうしませんでした	4
けいちゅうしましょう	4
けいちゅうしない	4
けいちゅうしなかった	4
けいちゅうした	4
けいちゅうして	4
けいちゅうしている	4
けいちゅうしています	4
けいちゅうしていた	4
けいちゅうしていました	4
けいちゅうしてる	4
けいちゅうしてます	4
しょうきゃくする	4
しょうきゃくします	4
しょうきゃくしません	4
しょうきゃくしました	4
しょうきゃくしませんでした	4
しょうきゃくしましょう	4
しょうきゃくしない	4
しょうきゃくしなかった	4
しょうきゃくした	4
しょうきゃくして	4
しょうきゃくしている	4
しょうきゃくしています	4
しょうきゃくしていた	4
しょうきゃくしていました	4
しょうきゃくしてる	4
しょうきゃくしてます	4
しょうかんする	4
しょうかんします	4
しょうかんしません	4
しょうかんしました	4
しょうかんしませんでした	4
しょうかんしましょう	4
しょうかんしない	4
しょうかんしなかった	4
しょうかんした	4
しょうかんして	4
しょうかんしている	4
しょうかんしています	4
しょうかんしていた	4
しょうかんしていました	4
しょうかんしてる	4
しょうかんしてます	4
ゆうせんする	4
ゆうせんします	4
ゆうせんしません	4
ゆうせんしました	4
ゆうせんしませんでした	4
ゆうせんしましょう	4
ゆうせんしない	4
ゆうせんしなかった	4
ゆうせんした	4
ゆうせんして	4
ゆうせんしている	4
ゆうせんしています	4
ゆうせんしていた	4
ゆうせんしていました	4
ゆうせんしてる	4
ゆうせんしてます	4
ゆうしょうする	4
ゆうしょうします	4
ゆうしょうしません	4
ゆうしょうしました	4
ゆうしょうしませんでした	4
ゆうしょうしましょう	4
ゆうしょうしない	4
ゆうしょうしなかった	4
ゆうしょうした	4
ゆうしょうして	4
ゆうしょうしている	4
ゆうしょうしています	4
ゆうしょうしていた	4
ゆうしょうしていました	4
ゆうしょうしてる	4
ゆうしょうしてます	4
ゆうぐうする	4
ゆうぐうします	4
ゆうぐうしません	4
ゆうぐうしました	4
ゆうぐうしませんでした	4
ゆうぐうしましょう	4
ゆうぐうしない	4
ゆうぐうしなかった	4
ゆうぐうした	4
ゆうぐうして	4
ゆうぐうしている	4
ゆうぐうしています	4
ゆうぐうしていた	4
ゆうぐうしていました	4
ゆうぐうしてる	4
ゆうぐうしてます	4
じゅうてんする	4
じゅうてんします	4
じゅうてんしません	4
じゅうてんしました	4
じゅうてんしませんでした	4
じゅうてんしましょう	4
じゅうてんしない	4
じゅうてんしなかった	4
じゅうてんした	4
じゅうてんして	4
じゅうてんしている	4
じゅうてんしています	4
じゅうてんしていた	4
じゅうてんしていました	4
じゅうてんしてる	4
じゅうてんしてます	4
じゅうじつする	4
じゅうじつします	4
じゅうじつしません	4
じゅうじつしました	4
じゅうじつしませんでした	4
じゅうじつしましょう	4
じゅうじつしない	4
じゅうじつしなかった	4
じゅうじつした	4
じゅうじつして	4
じゅうじつしている	4
じゅうじつしています	4
じゅうじつしていた	4
じゅうじつしていました	4
じゅうじつしてる	4
じゅうじつしてます	4
じゅうとうする	4
じゅうとうします	4
じゅうとうしません	4
じゅうとうしました	4
じゅうとうしませんでした	4
じゅうとうしましょう	4
じゅうとうしない	4
じゅうとうしなかった	4
じゅうとうした	4
じゅうとうして	4
じゅうとうしている	4
じゅうとうしています	4
じゅうとうしていた	4
じゅうとうしていました	4
じゅうとうしてる	4
じゅうとうしてます	4
じゅうまんする	4
じゅうまんします	4
じゅうまんしません	4
じゅうまんしました	4
じゅうまんしませんでした	4
じゅうまんしましょう	4
じゅうまんしない	4
じゅうまんしなかった	4
じゅうまんした	4
じゅうまんして	4
じゅうまんしている	4
じゅうまんしています	4
じゅうまんしていた	4
じゅうまんしていました	4
じゅうまんしてる	4
じゅうまんしてます	4
じゅうそくする	4
じゅうそくします	4
じゅうそくしません	4
じゅうそくしました	4
じゅうそくしませんでした	4
じゅうそくしましょう	4
じゅうそくしない	4
じゅうそくしなかった	4
じゅうそくした	4
じゅうそくして	4
じゅうそくしている	4
じゅうそくしています	4
じゅうそくしていた	4
じゅうそくしていました	4
じゅうそくしてる	4
じゅうそくしてます	4
じゅうでんする	4
じゅうでんします	4
じゅうでんしません	4
じゅうでんしました	4
じゅうでんしませんでした	4
じゅうでんしましょう	4
じゅうでんしない	4
じゅうでんしなかった	4
じゅうでんした	4
じゅうでんして	4
じゅうでんしている	4
じゅうでんしています	4
じゅうでんしていた	4
じゅうでんしていました	4
じゅうでんしてる	4
じゅうでんしてます	4
せんせいする	4
せんせいします	4
せんせいしません	4
せんせいしました	4
せんせいしませんでした	4
せんせいしましょう	4
せんせいしない	4
せんせいしなかった	4
せんせいした	4
せんせいして	4
せんせいしている	4
せんせいしています	4
せんせいしていた	4
せんせいしていました	4
せんせいしてる	4
せんせいしてます	4
せんしゅする	1
せんしゅします	1
せんしゅしません	1
せんしゅしました	1
せんしゅしませんでした	1
せんしゅしましょう	1
せんしゅしない	1
せんしゅしなかった	1
せんしゅした	1
せんしゅして	1
せんしゅしている	1
せんしゅしています	1
せんしゅしていた	1
せんしゅしていました	1
せんしゅしてる	1
せんしゅしてます	1
さきどりする	4
さきどりします	4
さきどりしません	4
さきどりしました	4
さきどりしませんでした	4
さきどりしましょう	4
さきどりしない	4
さきどりしなかった	4
さきどりした	4
さきどりして	4
さきどりしている	4
さきどりしています	4
さきどりしていた	4
さきどりしていました	4
さきどりしてる	4
さきどりしてます	4
せんどうする	4
せんどうします	4
せんどうしません	4
せんどうしました	4
せんどうしませんでした	4
せんどうしましょう	4
せんどうしない	4
せんどうしなかった	4
せんどうした	4
せんどうして	4
せんどうしている	4
せんどうしています	4
せんどうしていた	4
せんどうしていました	4
せんどうしてる	4
せんどうしてます	4
せんけつする	4
せんけつします	4
せんけつしません	4
せんけつしました	4
せんけつしませんでした	4
せんけつしましょう	4
せんけつしない	4
せんけつしなかった	4
せんけつした	4
せんけつして	4
せんけつしている	4
せんけつしています	4
せんけつしていた	4
せんけつしていました	4
せんけつしてる	4
せんけつしてます	4
せんぱつする	4
せんぱつします	4
せんぱつしません	4
せんぱつしました	4
せんぱつしませんでした	4
せんぱつしましょう	4
せんぱつしない	4
せんぱつしなかった	4
せんぱつした	4
せんぱつして	4
せんぱつしている	4
せんぱつしています	4
せんぱつしていた	4
せんぱつしていました	4
せんぱつしてる	4
せんぱつしてます	4
せんちゃくする	4
せんちゃくします	4
せんちゃくしません	4
せんちゃくしました	4
せんちゃくしませんでした	4
せんちゃくしましょう	4
せんちゃくしない	4
せんちゃくしなかった	4
せんちゃくした	4
せんちゃくして	4
せんちゃくしている	4
せんちゃくしています	4
せんちゃくしていた	4
せんちゃくしていました	4
せんちゃくしてる	4
せんちゃくしてます	4
せんこうする	4
せんこうします	4
せんこうしません	4
せんこうしました	4
せんこうしませんでした	4
せんこうしましょう	4
せんこうしない	4
せんこうしなかった	4
せんこうした	4
せんこうして	4
せんこうしている	4
せんこうしています	4
せんこうしていた	4
せんこうしていました	4
せんこうしてる	4
せんこうしてます	4
せんけんする	4
せんけんします	4
せんけんしません	4
せんけんしました	4
せんけんしませんでした	4
せんけんしましょう	4
せんけんしない	4
せんけんしなかった	4
せんけんした	4
せんけんして	4
せんけんしている	4
せんけんしています	4
せんけんしていた	4
せんけんしていました	4
せんけんしてる	4
せんけんしてます	4
さきおくりする	5
さきおくりします	5
さきおくりしません	5
さきおくりしました	5
さきおくりしませんでした	5
さきおくりしましょう	5
さきおくりしない	5
さきおくりしなかった	5
さきおくりした	5
さきおくりして	5
さきおくりしている	5
さきおくりしています	5
さきおくりしていた	5
さきおくりしていました	5
さきおくりしてる	5
さきおくりしてます	5
せんくする	1
せんくします	1
せんくしません	1
せんくしました	1
せんくしませんでした	1
せんくしましょう	1
せんくしない	1
せんくしなかった	1
せんくした	1
せんくして	1
せんくしている	1
せんくしています	1
せんくしていた	1
せんくしていました	1
せんくしてる	1
せんくしてます	1
さきがけする	4
さきがけします	4
さきがけしません	4
さきがけしました	4
さきがけしませんでした	4
さきがけしましょう	4
さきがけしない	4
さきがけしなかった	4
さきがけした	4
さきがけして	4
さきがけしている	4
さきがけしています	4
さきがけしていた	4
さきがけしていました	4
さきがけしてる	4
さきがけしてます	4
こくふくする	4
こくふくします	4
こくふくしません	4
こくふくしました	4
こくふくしませんでした	4
こくふくしましょう	4
こくふくしない	4
こくふくしなかった	4
こくふくした	4
こくふくして	4
こくふくしている	4
こくふくしています	4
こくふくしていた	4
こくふくしていました	4
こくふくしてる	4
こくふくしてます	4
めんぜいする	4
めんぜいします	4
めんぜいしません	4
めんぜいしました	4
めんぜいしませんでした	4
めんぜいしましょう	4
めんぜいしない	4
めんぜいしなかった	4
めんぜいした	4
めんぜいして	4
めんぜいしている	4
めんぜいしています	4
めんぜいしていた	4
めんぜいしていました	4
めんぜいしてる	4
めんぜいしてます	4
めんしょくする	4
めんしょくします	4
めんしょくしません	4
めんしょくしました	4
めんしょくしませんでした	4
めんしょくしましょう	4
めんしょくしない	4
めんしょくしなかった	4
めんしょくした	4
めんしょくして	4
めんしょくしている	4
めんしょくしています	4
めんしょくしていた	4
めんしょくしていました	4
めんしょくしてる	4
めんしょくしてます	4
めんきょする	1
めんきょします	1
めんきょしません	1
めんきょしました	1
めんきょしませんでした	1
めんきょしましょう	1
めんきょしない	1
めんきょしなかった	1
めんきょした	1
めんきょして	1
めんきょしている	1
めんきょしています	1
めんきょしていた	1
めんきょしていました	1
めんきょしてる	1
めんきょしてます	1
めんせきする	4
めんせきします	4
めんせきしません	4
めんせきしました	4
めんせきしませんでした	4
めんせきしましょう	4
めんせきしない	4
めんせきしなかった	4
めんせきした	4
めんせきして	4
めんせきしている	4
めんせきしています	4
めんせきしていた	4
めんせきしていました	4
めんせきしてる	4
めんせきしてます	4
めんじょする	1
めんじょします	1
めんじょしません	1
めんじょしました	1
めんじょしませんでした	1
めんじょしましょう	1
めんじょしない	1
めんじょしなかった	1
めんじょした	1
めんじょして	1
めんじょしている	1
めんじょしています	1
めんじょしていた	1
めんじょしていました	1
めんじょしてる	1
めんじょしてます	1
とかくする	3
とかくします	3
とかくしません	3
とかくしました	3
とかくしませんでした	3
とかくしましょう	3
とかくしない	3
とかくしなかった	3
とかくした	3
とかくして	3
とかくしている	3
とかくしています	3
とかくしていた	3
とかくしていました	3
とかくしてる	3
とかくしてます	3
いれずみする	4
いれずみします	4
いれずみしません	4
いれずみしました	4
いれずみしませんでした	4
いれずみしましょう	4
いれずみしない	4
いれずみしなかった	4
いれずみした	4
いれずみして	4
いれずみしている	4
いれずみしています	4
いれずみしていた	4
いれずみしていました	4
いれずみしてる	4
いれずみしてます	4
いれかえする	4
いれかえします	4
いれかえしません	4
いれかえしました	4
いれかえしませんでした	4
いれかえしましょう	4
いれかえしない	0
いれかえしなかった	9
いれかえした	4
いれかえして	4
いれかえしている	4
いれかえしています	4
いれかえしていた	4
いれかえしていました	4
いれかえしてる	4
いれかえしてます	4
にゅうかいする	4
にゅうかいします	4
にゅうかいしません	4
にゅうかいしました	4
にゅうかいしませんでした	4
にゅうかいしましょう	4
にゅうかいしない	4
にゅうかいしなかった	4
にゅうかいした	4
にゅうかいして	4
にゅうかいしている	4
にゅうかいしています	4
にゅうかいしていた	4
にゅうかいしていました	4
にゅうかいしてる	4
にゅうかいしてます	4
にゅうとうする	4
にゅうとうします	4
にゅうとうしません	4
にゅうとうしました	4
にゅうとうしませんでした	4
にゅうとうしましょう	4
にゅうとうしない	4
にゅうとうしなかった	4
にゅうとうした	4
にゅうとうして	4
にゅうとうしている	4
にゅうとうしています	4
にゅうとうしていた	4
にゅうとうしていました	4
にゅうとうしてる	4
にゅうとうしてます	4
にゅうりょくする	4
にゅうりょくします	4
にゅうりょくしません	4
にゅうりょくしました	4
にゅうりょくしませんでした	4
にゅうりょくしましょう	4
にゅうりょくしない	4
にゅうりょくしなかった	4
にゅうりょくした	4
にゅうりょくして	4
にゅうりょくしている	4
にゅうりょくしています	4
にゅうりょくしていた	4
にゅうりょくしていました	4
にゅうりょくしてる	4
にゅうりょくしてます	4
にゅうだんする	4
にゅうだんします	4
にゅうだんしません	4
にゅうだんしました	4
にゅうだんしませんでした	4
にゅうだんしましょう	4
にゅうだんしない	4
にゅうだんしなかった	4
にゅうだんした	4
にゅうだんして	4
にゅうだんしている	4
にゅうだんしています	4
にゅうだんしていた	4
にゅうだんしていました	4
にゅうだんしてる	4
にゅうだんしてます	4
にゅうこくする	4
にゅうこくします	4
にゅうこくしません	4
にゅうこくしました	4
にゅうこくしませんでした	4
にゅうこくしましょう	4
にゅうこくしない	4
にゅうこくしなかった	4
にゅうこくした	4
にゅうこくして	4
にゅうこくしている	4
にゅうこくしています	4
にゅうこくしていた	4
にゅうこくしていました	4
にゅうこくしてる	4
にゅうこくしてます	4
にゅうえんする	4
にゅうえんします	4
にゅうえんしません	4
にゅうえんしました	4
にゅうえんしませんでした	4
にゅうえんしましょう	4
にゅうえんしない	4
にゅうえんしなかった	4
にゅうえんした	4
にゅうえんして	4
にゅうえんしている	4
にゅうえんしています	4
にゅうえんしていた	4
にゅうえんしていました	4
にゅうえんしてる	4
にゅうえんしてます	4
にゅうじょうする	4
にゅうじょうします	4
にゅうじょうしません	4
にゅうじょうしました	4
にゅうじょうしませんでした	4
にゅうじょうしましょう	4
にゅうじょうしない	4
にゅうじょうしなかった	4
にゅうじょうした	4
にゅうじょうして	4
にゅうじょうしている	4
にゅうじょうしています	4
にゅうじょうしていた	4
にゅうじょうしていました	4
にゅうじょうしてる	4
にゅうじょうしてます	4
にゅうがくする	4
にゅうがくします	4
にゅうがくしません	4
にゅうがくしました	4
にゅうがくしませんでした	4
にゅうがくしましょう	4
にゅうがくしない	4
にゅうがくしなかった	4
にゅうがくした	4
にゅうがくして	4
にゅうがくしている	4
にゅうがくしています	4
にゅうがくしていた	4
にゅうがくしていました	4
にゅうがくしてる	4
にゅうがくしてます	4
にゅうしつする	4
にゅうしつします	4
にゅうしつしません	4
にゅうしつしました	4
にゅうしつしませんでした	4
にゅうしつしましょう	4
にゅうしつしない	4
にゅうしつしなかった	4
にゅうしつした	4
にゅうしつして	4
にゅうしつしている	4
にゅうしつしています	4
にゅうしつしていた	4
にゅうしつしていました	4
にゅうしつしてる	4
にゅうしつしてます	4
にゅうきょする	3
にゅうきょします	3
にゅうきょしません	3
にゅうきょしました	3
にゅうきょしませんでした	3
にゅうきょしましょう	3
にゅうきょしない	3
にゅうきょしなかった	3
にゅうきょした	3
にゅうきょして	3
にゅうきょしている	3
にゅうきょしています	3
にゅうきょしていた	3
にゅうきょしていました	3
にゅうきょしてる	3
にゅうきょしてます	3
にゅうまくする	4
にゅうまくします	4
にゅうまくしません	4
にゅうまくしました	4
にゅうまくしませんでした	4
にゅうまくしましょう	4
にゅうまくしない	4
にゅうまくしなかった	4
にゅうまくした	4
にゅうまくして	4
にゅうまくしている	4
にゅうまくしています	4
にゅうまくしていた	4
にゅうまくしていました	4
にゅうまくしてる	4
にゅうまくしてます	4
にゅうしょする	3
にゅうしょします	3
にゅうしょしません	3
にゅうしょしました	3
にゅうしょしませんでした	3
にゅうしょしましょう	3
にゅうしょしない	3
にゅうしょしなかった	3
にゅうしょした	3
にゅうしょして	3
にゅうしょしている	3
にゅうしょしています	3
にゅうしょしていた	3
にゅうしょしていました	3
にゅうしょしてる	3
にゅうしょしてます	3
にゅうしゅする	3
にゅうしゅします	3
にゅうしゅしません	3
にゅうしゅしました	3
にゅうしゅしませんでした	3
にゅうしゅしましょう	3
にゅうしゅしない	3
にゅうしゅしなかった	3
にゅうしゅした	3
にゅうしゅして	3
にゅうしゅしている	3
にゅうしゅしています	3
にゅうしゅしていた	3
にゅうしゅしていました	3
にゅうしゅしてる	3
にゅうしゅしてます	3
にゅうさつする	4
にゅうさつします	4
にゅうさつしません	4
にゅうさつしました	4
にゅうさつしませんでした	4
にゅうさつしましょう	4
にゅうさつしない	4
にゅうさつしなかった	4
にゅうさつした	4
にゅうさつして	4
にゅうさつしている	4
にゅうさつしています	4
にゅうさつしていた	4
にゅうさつしていました	4
にゅうさつしてる	4
にゅうさつしてます	4
にゅうしょくする	4
にゅうしょくします	4
にゅうしょくしません	4
にゅうしょくしました	4
にゅうしょくしませんでした	4
にゅうしょくしましょう	4
にゅうしょくしない	4
にゅうしょくしなかった	4
にゅうしょくした	4
にゅうしょくして	4
にゅうしょくしている	4
にゅうしょくしています	4
にゅうしょくしていた	4
にゅうしょくしていました	4
にゅうしょくしてる	4
にゅうしょくしてます	4
にゅうよくする	4
にゅうよくします	4
にゅうよくしません	4
にゅうよくしました	4
にゅうよくしませんでした	4
にゅうよくしましょう	4
にゅうよくしない	4
にゅうよくしなかった	4
にゅうよくした	4
にゅうよくして	4
にゅうよくしている	4
にゅうよくしています	4
にゅうよくしていた	4
にゅうよくしていました	4
にゅうよくしてる	4
にゅうよくしてます	4
にゅうこうする	4
にゅうこうします	4
にゅうこうしません	4
にゅうこうしました	4
にゅうこうしませんでした	4
にゅうこうしましょう	4
にゅうこうしない	4
にゅうこうしなかった	4
にゅうこうした	4
にゅうこうして	4
にゅうこうしている	4
にゅうこうしています	4
にゅうこうしていた	4
にゅうこうしていました	4
にゅうこうしてる	4
にゅうこうしてます	4
にゅうしゃする	3
にゅうしゃします	3
にゅうしゃしません	3
にゅうしゃしました	3
にゅうしゃしませんでした	3
にゅうしゃしましょう	3
にゅうしゃしない	3
にゅうしゃしなかった	3
にゅうしゃした	3
にゅうしゃして	3
にゅうしゃしている	3
にゅうしゃしています	3
にゅうしゃしていた	3
にゅうしゃしていました	3
にゅうしゃしてる	3
にゅうしゃしてます	3
にゅうせきする	4
にゅうせきします	4
にゅうせきしません	4
にゅうせきしました	4
にゅうせきしませんでした	4
にゅうせきしましょう	4
にゅうせきしない	4
にゅうせきしなかった	4
にゅうせきした	4
にゅうせきして	4
にゅうせきしている	4
にゅうせきしています	4
にゅうせきしていた	4
にゅうせきしていました	4
にゅうせきしてる	4
にゅうせきしてます	4
にゅうかする	3
にゅうかします	3
にゅうかしません	3
にゅうかしました	3
にゅうかしませんでした	3
にゅうかしましょう	3
にゅうかしない	3
にゅうかしなかった	3
にゅうかした	3
にゅうかして	3
にゅうかしている	3
にゅうかしています	3
にゅうかしていた	3
にゅうかしていました	3
にゅうかしてる	3
にゅうかしてます	3
にゅうしょうする	4
にゅうしょうします	4
にゅうしょうしません	4
にゅうしょうしました	4
にゅうしょうしませんでした	4
にゅうしょうしましょう	4
にゅうしょうしない	4
にゅうしょうしなかった	4
にゅうしょうした	4
にゅうしょうして	4
にゅうしょうしている	4
にゅうしょうしています	4
にゅうしょうしていた	4
にゅうしょうしていました	4
にゅうしょうしてる	4
にゅうしょうしてます	4
にゅうせんする	4
にゅうせんします	4
にゅうせんしません	4
にゅうせんしました	4
にゅうせんしませんでした	4
にゅうせんしましょう	4
にゅうせんしない	4
にゅうせんしなかった	4
にゅうせんした	4
にゅうせんして	4
にゅうせんしている	4
にゅうせんしています	4
にゅうせんしていた	4
にゅうせんしていました	4
にゅうせんしてる	4
にゅうせんしてます	4
にゅうきんする	4
にゅうきんします	4
にゅうきんしません	4
にゅうきんしました	4
にゅうきんしませんでした	4
にゅうきんしましょう	4
にゅうきんしない	4
にゅうきんしなかった	4
にゅうきんした	4
にゅうきんして	4
にゅうきんしている	4
にゅうきんしています	4
にゅうきんしていた	4
にゅうきんしていました	4
にゅうきんしてる	4
にゅうきんしてます	4
にゅうもんする	4
にゅうもんします	4
にゅうもんしません	4
にゅうもんしました	4
にゅうもんしませんでした	4
にゅうもんしましょう	4
にゅうもんしない	4
にゅうもんしなかった	4
にゅうもんした	4
にゅうもんして	4
にゅうもんしている	4
にゅうもんしています	4
にゅうもんしていた	4
にゅうもんしていました	4
にゅうもんしてる	4
にゅうもんしてます	4
にゅうかくする	4
にゅうかくします	4
にゅうかくしません	4
にゅうかくしました	4
にゅうかくしませんでした	4
にゅうかくしましょう	4
にゅうかくしない	4
にゅうかくしなかった	4
にゅうかくした	4
にゅうかくして	4
にゅうかくしている	4
にゅうかくしています	4
にゅうかくしていた	4
にゅうかくしていました	4
にゅうかくしてる	4
にゅうかくしてます	4
にゅういんする	4
にゅういんします	4
にゅういんしません	4
にゅういんしました	4
にゅういんしませんでした	4
にゅういんしましょう	4
にゅういんしない	4
にゅういんしなかった	4
にゅういんした	4
にゅういんして	4
にゅういんしている	4
にゅういんしています	4
にゅういんしていた	4
にゅういんしていました	4
にゅういんしてる	4
にゅういんしてます	4
ぜんしょうする	4
ぜんしょうします	4
ぜんしょうしません	4
ぜんしょうしました	4
ぜんしょうしませんでした	4
ぜんしょうしましょう	4
ぜんしょうしない	4
ぜんしょうしなかった	4
ぜんしょうした	4
ぜんしょうして	4
ぜんしょうしている	4
ぜんしょうしています	4
ぜんしょうしていた	4
ぜんしょうしていました	4
ぜんしょうしてる	4
ぜんしょうしてます	4
ぜんぱいする	4
ぜんぱいします	4
ぜんぱいしません	4
ぜんぱいしました	4
ぜんぱいしませんでした	4
ぜんぱいしましょう	4
ぜんぱいしない	4
ぜんぱいしなかった	4
ぜんぱいした	4
ぜんぱいして	4
ぜんぱいしている	4
ぜんぱいしています	4
ぜんぱいしていた	4
ぜんぱいしていました	4
ぜんぱいしてる	4
ぜんぱいしてます	4
ぜんかいする	4
ぜんかいします	4
ぜんかいしません	4
ぜんかいしました	4
ぜんかいしませんでした	4
ぜんかいしましょう	4
ぜんかいしない	4
ぜんかいしなかった	4
ぜんかいした	4
ぜんかいして	4
ぜんかいしている	4
ぜんかいしています	4
ぜんかいしていた	4
ぜんかいしていました	4
ぜんかいしてる	4
ぜんかいしてます	4
ぜんちする	1
ぜんちします	1
ぜんちしません	1
ぜんちしました	1
ぜんちしませんでした	1
ぜんちしましょう	1
ぜんちしない	1
ぜんちしなかった	1
ぜんちした	1
ぜんちして	1
ぜんちしている	1
ぜんちしています	1
ぜんちしていた	1
ぜんちしていました	1
ぜんちしてる	1
ぜんちしてます	1
ぜんめつする	4
ぜんめつします	4
ぜんめつしません	4
ぜんめつしました	4
ぜんめつしませんでした	4
ぜんめつしましょう	4
ぜんめつしない	4
ぜんめつしなかった	4
ぜんめつした	4
ぜんめつして	4
ぜんめつしている	4
ぜんめつしています	4
ぜんめつしていた	4
ぜんめつしていました	4
ぜんめつしてる	4
ぜんめつしてます	4
やつあたりする	5
やつあたりします	5
やつあたりしません	5
やつあたりしました	5
やつあたりしませんでした	5
やつあたりしましょう	5
やつあたりしない	5
やつあたりしなかった	5
やつあたりした	5
やつあたりして	5
やつあたりしている	5
やつあたりしています	5
やつあたりしていた	5
やつあたりしていました	5
やつあたりしてる	5
やつあたりしてます	5
こうぼする	3
こうぼします	3
こうぼしません	3
こうぼしました	3
こうぼしませんでした	3
こうぼしましょう	3
こうぼしない	3
こうぼしなかった	3
こうぼした	3
こうぼして	3
こうぼしている	3
こうぼしています	3
こうぼしていた	3
こうぼしていました	3
こうぼしてる	3
こうぼしてます	3
こうていする	4
こうていします	4
こうていしません	4
こうていしました	4
こうていしませんでした	4
こうていしましょう	4
こうていしない	4
こうていしなかった	4
こうていした	4
こうていして	4
こうていしている	4
こうていしています	4
こうていしていた	4
こうていしていました	4
こうていしてる	4
こうていしてます	4
こうえんする	4
こうえんします	4
こうえんしません	4
こうえんしました	4
こうえんしませんでした	4
こうえんしましょう	4
こうえんしない	4
こうえんしなかった	4
こうえんした	4
こうえんして	4
こうえんしている	4
こうえんしています	4
こうえんしていた	4
こうえんしていました	4
こうえんしてる	4
こうえんしてます	4
こうじする	3
こうじします	3
こうじしません	3
こうじしました	3
こうじしませんでした	3
こうじしましょう	3
こうじしない	3
こうじしなかった	3
こうじした	3
こうじして	3
こうじしている	3
こうじしています	3
こうじしていた	3
こうじしていました	3
こうじしてる	3
こうじしてます	3
こうやくする	4
こうやくします	4
こうやくしません	4
こうやくしました	4
こうやくしませんでした	4
こうやくしましょう	4
こうやくしない	4
こうやくしなかった	4
こうやくした	4
こうやくして	4
こうやくしている	4
こうやくしています	4
こうやくしていた	4
こうやくしていました	4
こうやくしてる	4
こうやくしてます	4
こうひょうする	4
こうひょうします	4
こうひょうしません	4
こうひょうしました	4
こうひょうしませんでした	4
こうひょうしましょう	4
こうひょうしない	4
こうひょうしなかった	4
こうひょうした	4
こうひょうして	4
こうひょうしている	4
こうひょうしています	4
こうひょうしていた	4
こうひょうしていました	4
こうひょうしてる	4
こうひょうしてます	4
こうげんする	4
こうげんします	4
こうげんしません	4
こうげんしました	4
こうげんしませんでした	4
こうげんしましょう	4
こうげんしない	4
こうげんしなかった	4
こうげんした	4
こうげんして	4
こうげんしている	4
こうげんしています	4
こうげんしていた	4
こうげんしていました	4
こうげんしてる	4
こうげんしてます	4
こうそする	1
こうそします	1
こうそしません	1
こうそしました	1
こうそしませんでした	1
こうそしましょう	1
こうそしない	1
こうそしなかった	1
こうそした	1
こうそして	1
こうそしている	1
こうそしています	1
こうそしていた	1
こうそしていました	1
こうそしてる	1
こうそしてます	1
こうにんする	4
こうにんします	4
こうにんしません	4
こうにんしました	4
こうにんしませんでした	4
こうにんしましょう	4
こうにんしない	4
こうにんしなかった	4
こうにんした	4
こうにんして	4
こうにんしている	4
こうにんしています	4
こうにんしていた	4
こうにんしていました	4
こうにんしてる	4
こうにんしてます	4
こうかいする	4
こうかいします	4
こうかいしません	4
こうかいしました	4
こうかいしませんでした	4
こうかいしましょう	4
こうかいしない	4
こうかいしなかった	4
こうかいした	4
こうかいして	4
こうかいしている	4
こうかいしています	4
こうかいしていた	4
こうかいしていました	4
こうかいしてる	4
こうかいしてます	4
きょうさいする	4
きょうさいします	4
きょうさいしません	4
きょうさいしました	4
きょうさいしませんでした	4
きょうさいしましょう	4
きょうさいしない	4
きょうさいしなかった	4
きょうさいした	4
きょうさいして	4
きょうさいしている	4
きょうさいしています	4
きょうさいしていた	4
きょうさいしていました	4
きょうさいしてる	4
きょうさいしてます	4
ともばたらきする	3
ともばたらきします	3
ともばたらきしません	3
ともばたらきしました	3
ともばたらきしませんでした	3
ともばたらきしましょう	3
ともばたらきしない	3
ともばたらきしなかった	3
ともばたらきした	3
ともばたらきして	3
ともばたらきしている	3
ともばたらきしています	3
ともばたらきしていた	3
ともばたらきしていました	3
ともばたらきしてる	3
ともばたらきしてます	3
きょうどうする	4
きょうどうします	4
きょうどうしません	4
きょうどうしました	4
きょうどうしませんでした	4
きょうどうしましょう	4
きょうどうしない	4
きょうどうしなかった	4
きょうどうした	4
きょうどうして	4
きょうどうしている	4
きょうどうしています	4
きょうどうしていた	4
きょうどうしていました	4
きょうどうしてる	4
きょうどうしてます	4
きょうわする	3
きょうわします	3
きょうわしません	3
きょうわしました	3
きょうわしませんでした	3
きょうわしましょう	3
きょうわしない	3
きょうわしなかった	3
きょうわした	3
きょうわして	3
きょうわしている	3
きょうわしています	3
きょうわしていた	3
きょうわしていました	3
きょうわしてる	3
きょうわしてます	3
きょうぞんする	1
きょうぞんします	1
きょうぞんしません	1
きょうぞんしました	1
きょうぞんしませんでした	1
きょうぞんしましょう	1
きょうぞんしない	1
きょうぞんしなかった	1
きょうぞんした	1
きょうぞんして	1
きょうぞんしている	1
きょうぞんしています	1
きょうぞんしていた	1
きょうぞんしていました	1
きょうぞんしてる	1
きょうぞんしてます	1
きょうがくする	4
きょうがくします	4
きょうがくしません	4
きょうがくしました	4
きょうがくしませんでした	4
きょうがくしましょう	4
きょうがくしない	4
きょうがくしなかった	4
きょうがくした	4
きょうがくして	4
きょうがくしている	4
きょうがくしています	4
きょうがくしていた	4
きょうがくしていました	4
きょうがくしてる	4
きょうがくしてます	4
きょうかんする	4
きょうかんします	4
きょうかんしません	4
きょうかんしました	4
きょうかんしませんでした	4
きょうかんしましょう	4
きょうかんしない	4
きょうかんしなかった	4
きょうかんした	4
きょうかんして	4
きょうかんしている	4
きょうかんしています	4
きょうかんしていた	4
きょうかんしていました	4
きょうかんしてる	4
きょうかんしてます	4
きょうゆうする	4
きょうゆうします	4
きょうゆうしません	4
きょうゆうしました	4
きょうゆうしませんでした	4
きょうゆうしましょう	4
きょうゆうしない	4
きょうゆうしなかった	4
きょうゆうした	4
きょうゆうして	4
きょうゆうしている	4
きょうゆうしています	4
きょうゆうしていた	4
きょうゆうしていました	4
きょうゆうしてる	4
きょうゆうしてます	4
きょうえいする	4
きょうえいします	4
きょうえいしません	4
きょうえいしました	4
きょうえいしませんでした	4
きょうえいしましょう	4
きょうえいしない	4
きょうえいしなかった	4
きょうえいした	4
きょうえいして	4
きょうえいしている	4
きょうえいしています	4
きょうえいしていた	4
きょうえいしていました	4
きょうえいしてる	4
きょうえいしてます	4
きょうえんする	4
きょうえんします	4
きょうえんしません	4
きょうえんしました	4
きょうえんしませんでした	4
きょうえんしましょう	4
きょうえんしない	4
きょうえんしなかった	4
きょうえんした	4
きょうえんして	4
きょうえんしている	4
きょうえんしています	4
きょうえんしていた	4
きょうえんしていました	4
きょうえんしてる	4
きょうえんしてます	4
きょうせいする	4
きょうせいします	4
きょうせいしません	4
きょうせいしました	4
きょうせいしませんでした	4
きょうせいしましょう	4
きょうせいしない	4
きょうせいしなかった	4
きょうせいした	4
きょうせいして	4
きょうせいしている	4
きょうせいしています	4
きょうせいしていた	4
きょうせいしていました	4
きょうせいしてる	4
きょうせいしてます	4
きょうようする	4
きょうようします	4
きょうようしません	4
きょうようしました	4
きょうようしませんでした	4
きょうようしましょう	4
きょうようしない	4
きょうようしなかった	4
きょうようした	4
きょうようして	4
きょうようしている	4
きょうようしています	4
きょうようしていた	4
きょうようしていました	4
きょうようしてる	4
きょうようしてます	4
ともかせぎする	5
ともかせぎします	5
ともかせぎしません	5
ともかせぎしました	5
ともかせぎしませんでした	5
ともかせぎしましょう	5
ともかせぎしない	5
ともかせぎしなかった	5
ともかせぎした	5
ともかせぎして	5
ともかせぎしている	5
ともかせぎしています	5
ともかせぎしていた	5
ともかせぎしていました	5
ともかせぎしてる	5
ともかせぎしてます	5
きょうりつする	4
きょうりつします	4
きょうりつしません	4
きょうりつしました	4
きょうりつしませんでした	4
きょうりつしましょう	4
きょうりつしない	4
きょうりつしなかった	4
きょうりつした	4
きょうりつして	4
きょうりつしている	4
きょうりつしています	4
きょうりつしていた	4
きょうりつしていました	4
きょうりつしてる	4
きょうりつしてます	4
きょうぼうする	4
きょうぼうします	4
きょうぼうしません	4
きょうぼうしました	4
きょうぼうしませんでした	4
きょうぼうしましょう	4
きょうぼうしない	4
きょうぼうしなかった	4
きょうぼうした	4
きょうぼうして	4
きょうぼうしている	4
きょうぼうしています	4
きょうぼうしていた	4
きょうぼうしていました	4
きょうぼうしてる	4
きょうぼうしてます	4
きょうつうする	4
きょうつうします	4
きょうつうしません	4
きょうつうしました	4
きょうつうしませんでした	4
きょうつうしましょう	4
きょうつうしない	4
きょうつうしなかった	4
きょうつうした	4
きょうつうして	4
きょうつうしている	4
きょうつうしています	4
きょうつうしていた	4
きょうつうしていました	4
きょうつうしてる	4
きょうつうしてます	4
きょうとうする	4
きょうとうします	4
きょうとうしません	4
きょうとうしました	4
きょうとうしませんでした	4
きょうとうしましょう	4
きょうとうしない	4
きょうとうしなかった	4
きょうとうした	4
きょうとうして	4
きょうとうしている	4
きょうとうしています	4
きょうとうしていた	4
きょうとうしていました	4
きょうとうしてる	4
きょうとうしてます	4
きょうめいする	4
きょうめいします	4
きょうめいしません	4
きょうめいしました	4
きょうめいしませんでした	4
きょうめいしましょう	4
きょうめいしない	4
きょうめいしなかった	4
きょうめいした	4
きょうめいして	4
きょうめいしている	4
きょうめいしています	4
きょうめいしていた	4
きょうめいしていました	4
きょうめいしてる	4
きょうめいしてます	4
ぐたいかする	4
ぐたいかします	4
ぐたいかしません	4
ぐたいかしました	4
ぐたいかしませんでした	4
ぐたいかしましょう	4
ぐたいかしない	4
ぐたいかしなかった	4
ぐたいかした	4
ぐたいかして	4
ぐたいかしている	4
ぐたいかしています	4
ぐたいかしていた	4
ぐたいかしていました	4
ぐたいかしてる	4
ぐたいかしてます	4
ぐしょうする	3
ぐしょうします	3
ぐしょうしません	3
ぐしょうしました	3
ぐしょうしませんでした	3
ぐしょうしましょう	3
ぐしょうしない	3
ぐしょうしなかった	3
ぐしょうした	3
ぐしょうして	3
ぐしょうしている	3
ぐしょうしています	3
ぐしょうしていた	3
ぐしょうしていました	3
ぐしょうしてる	3
ぐしょうしてます	3
かねあいする	4
かねあいします	4
かねあいしません	4
かねあいしました	4
かねあいしませんでした	4
かねあいしましょう	4
かねあいしない	0
かねあいしなかった	9
かねあいした	4
かねあいして	4
かねあいしている	4
かねあいしています	4
かねあいしていた	4
かねあいしていました	4
かねあいしてる	4
かねあいしてます	4
けんにんする	4
けんにんします	4
けんにんしません	4
けんにんしました	4
けんにんしませんでした	4
けんにんしましょう	4
けんにんしない	4
けんにんしなかった	4
けんにんした	4
けんにんして	4
けんにんしている	4
けんにんしています	4
けんにんしていた	4
けんにんしていました	4
けんにんしてる	4
けんにんしてます	4
けんむする	1
けんむします	1
けんむしません	1
けんむしました	1
けんむしませんでした	1
けんむしましょう	1
けんむしない	1
けんむしなかった	1
けんむした	1
けんむして	1
けんむしている	1
けんむしています	1
けんむしていた	1
けんむしていました	1
けんむしてる	1
けんむしてます	1
ないほうする	4
ないほうします	4
ないほうしません	4
ないほうしました	4
ないほうしませんでした	4
ないほうしましょう	4
ないほうしない	4
ないほうしなかった	4
ないほうした	4
ないほうして	4
ないほうしている	4
ないほうしています	4
ないほうしていた	4
ないほうしていました	4
ないほうしてる	4
ないほうしてます	4
ないこうする	4
ないこうします	4
ないこうしません	4
ないこうしました	4
ないこうしませんでした	4
ないこうしましょう	4
ないこうしない	4
ないこうしなかった	4
ないこうした	4
ないこうして	4
ないこうしている	4
ないこうしています	4
ないこうしていた	4
ないこうしていました	4
ないこうしてる	4
ないこうしてます	4
ないていする	4
ないていします	4
ないていしません	4
ないていしました	4
ないていしませんでした	4
ないていしましょう	4
ないていしない	4
ないていしなかった	4
ないていした	4
ないていして	4
ないていしている	4
ないていしています	4
ないていしていた	4
ないていしていました	4
ないていしてる	4
ないていしてます	4
ないしんする	4
ないしんします	4
ないしんしません	4
ないしんしました	4
ないしんしませんでした	4
ないしんしましょう	4
ないしんしない	4
ないしんしなかった	4
ないしんした	4
ないしんして	4
ないしんしている	4
ないしんしています	4
ないしんしていた	4
ないしんしていました	4
ないしんしてる	4
ないしんしてます	4
ないじする	3
ないじします	3
ないじしません	3
ないじしました	3
ないじしませんでした	3
ないじしましょう	3
ないじしない	3
ないじしなかった	3
ないじした	3
ないじして	3
ないじしている	3
ないじしています	3
ないじしていた	3
ないじしていました	3
ないじしてる	3
ないじしてます	3
ないしょくする	4
ないしょくします	4
ないしょくしません	4
ないしょくしました	4
ないしょくしませんでした	4
ないしょくしましょう	4
ないしょくしない	4
ないしょくしなかった	4
ないしょくした	4
ないしょくして	4
ないしょくしている	4
ないしょくしています	4
ないしょくしていた	4
ないしょくしていました	4
ないしょくしてる	4
ないしょくしてます	4
ないぞうする	4
ないぞうします	4
ないぞうしません	4
ないぞうしました	4
ないぞうしませんでした	4
ないぞうしましょう	4
ないぞうしない	4
ないぞうしなかった	4
ないぞうした	4
ないぞうして	4
ないぞうしている	4
ないぞうしています	4
ないぞうしていた	4
ないぞうしていました	4
ないぞうしてる	4
ないぞうしてます	4
ないそうする	4
ないそうします	4
ないそうしません	4
ないそうしました	4
ないそうしませんでした	4
ないそうしましょう	4
ないそうしない	4
ないそうしなかった	4
ないそうした	4
ないそうして	4
ないそうしている	4
ないそうしています	4
ないそうしていた	4
ないそうしていました	4
ないそうしてる	4
ないそうしてます	4
さいすたーとする	3
さいすたーとします	3
さいすたーとしません	3
さいすたーとしました	3
さいすたーとしませんでした	3
さいすたーとしましょう	3
さいすたーとしない	3
さいすたーとしなかった	3
さいすたーとした	3
さいすたーとして	3
さいすたーとしている	3
さいすたーとしています	3
さいすたーとしていた	3
さいすたーとしていました	3
さいすたーとしてる	3
さいすたーとしてます	3
さいにんする	4
さいにんします	4
さいにんしません	4
さいにんしました	4
さいにんしませんでした	4
さいにんしましょう	4
さいにんしない	4
さいにんしなかった	4
さいにんした	4
さいにんして	4
さいにんしている	4
さいにんしています	4
さいにんしていた	4
さいにんしていました	4
さいにんしてる	4
さいにんしてます	4
さいかいする	4
さいかいします	4
さいかいしません	4
さいかいしました	4
さいかいしませんでした	4
さいかいしましょう	4
さいかいしない	4
さいかいしなかった	4
さいかいした	4
さいかいして	4
さいかいしている	4
さいかいしています	4
さいかいしていた	4
さいかいしていました	4
さいかいしてる	4
さいかいしてます	4
さいこんする	4
さいこんします	4
さいこんしません	4
さいこんしました	4
さいこんしませんでした	4
さいこんしましょう	4
さいこんしない	4
さいこんしなかった	4
さいこんした	4
さいこんして	4
さいこんしている	4
さいこんしています	4
さいこんしていた	4
さいこんしていました	4
さいこんしてる	4
さいこんしてます	4
さいしんする	4
さいしんします	4
さいしんしません	4
さいしんしました	4
さいしんしませんでした	4
さいしんしましょう	4
さいしんしない	4
さいしんしなかった	4
さいしんした	4
さいしんして	4
さいしんしている	4
さいしんしています	4
さいしんしていた	4
さいしんしていました	4
さいしんしてる	4
さいしんしてます	4
さいけんする	4
さいけんします	4
さいけんしません	4
さいけんしました	4
さいけんしませんでした	4
さいけんしましょう	4
さいけんしない	4
さいけんしなかった	4
さいけんした	4
さいけんして	4
さいけんしている	4
さいけんしています	4
さいけんしていた	4
さいけんしていました	4
さいけんしてる	4
さいけんしてます	4
さいらいする	4
さいらいします	4
さいらいしません	4
さいらいしました	4
さいらいしませんでした	4
さいらいしましょう	4
さいらいしない	4
さいらいしなかった	4
さいらいした	4
さいらいして	4
さいらいしている	4
さいらいしています	4
さいらいしていた	4
さいらいしていました	4
さいらいしてる	4
さいらいしてます	4
さいけんとうする	3
さいけんとうします	3
さいけんとうしません	3
さいけんとうしました	3
さいけんとうしませんでした	3
さいけんとうしましょう	3
さいけんとうしない	3
さいけんとうしなかった	3
さいけんとうした	3
さいけんとうして	3
さいけんとうしている	3
さいけんとうしています	3
さいけんとうしていた	3
さいけんとうしていました	3
さいけんとうしてる	3
さいけんとうしてます	3
さいえんする	4
さいえんします	4
さいえんしません	4
さいえんしました	4
さいえんしませんでした	4
さいえんしましょう	4
さいえんしない	4
さいえんしなかった	4
さいえんした	4
さいえんして	4
さいえんしている	4
さいえんしています	4
さいえんしていた	4
さいえんしていました	4
さいえんしてる	4
さいえんしてます	4
さいねんする	4
さいねんします	4
さいねんしません	4
さいねんしました	4
さいねんしませんでした	4
さいねんしましょう	4
さいねんしない	4
さいねんしなかった	4
さいねんした	4
さいねんして	4
さいねんしている	4
さいねんしています	4
さいねんしていた	4
さいねんしていました	4
さいねんしてる	4
さいねんしてます	4
さいげんする	4
さいげんします	4
さいげんしません	4
さいげんしました	4
さいげんしませんでした	4
さいげんしましょう	4
さいげんしない	4
さいげんしなかった	4
さいげんした	4
さいげんして	4
さいげんしている	4
さいげんしています	4
さいげんしていた	4
さいげんしていました	4
さいげんしてる	4
さいげんしてます	4
さいせいする	4
さいせいします	4
さいせいしません	4
さいせいしました	4
さいせいしませんでした	4
さいせいしましょう	4
さいせいしない	4
さいせいしなかった	4
さいせいした	4
さいせいして	4
さいせいしている	4
さいせいしています	4
さいせいしていた	4
さいせいしていました	4
さいせいしてる	4
さいせいしてます	4
さいはつする	4
さいはつします	4
さいはつしません	4
さいはつしました	4
さいはつしませんでした	4
さいはつしましょう	4
さいはつしない	4
さいはつしなかった	4
さいはつした	4
さいはつして	4
さいはつしている	4
さいはつしています	4
さいはつしていた	4
さいはつしていました	4
さいはつしてる	4
さいはつしてます	4
さいかくにんする	3
さいかくにんします	3
さいかくにんしません	3
さいかくにんしました	3
さいかくにんしませんでした	3
さいかくにんしましょう	3
さいかくにんしない	3
さいかくにんしなかった	3
さいかくにんした	3
さいかくにんして	3
さいかくにんしている	3
さいかくにんしています	3
さいかくにんしていた	3
さいかくにんしていました	3
さいかくにんしてる	3
さいかくにんしてます	3
さいへんする	4
さいへんします	4
さいへんしません	4
さいへんしました	4
さいへんしませんでした	4
さいへんしましょう	4
さいへんしない	4
さいへんしなかった	4
さいへんした	4
さいへんして	4
さいへんしている	4
さいへんしています	4
さいへんしていた	4
さいへんしていました	4
さいへんしてる	4
さいへんしてます	4
さいこうする	4
さいこうします	4
さいこうしません	4
さいこうしました	4
さいこうしませんでした	4
さいこうしましょう	4
さいこうしない	4
さいこうしなかった	4
さいこうした	4
さいこうして	4
さいこうしている	4
さいこうしています	4
さいこうしていた	4
さいこうしていました	4
さいこうしてる	4
さいこうしてます	4
さいきする	1
さいきします	1
さいきしません	1
さいきしました	1
さいきしませんでした	1
さいきしましょう	1
さいきしない	1
さいきしなかった	1
さいきした	1
さいきして	1
さいきしている	1
さいきしています	1
さいきしていた	1
さいきしていました	1
さいきしてる	1
さいきしてます	1
さいきどうする	3
さいきどうします	3
さいきどうしません	3
さいきどうしました	3
さいきどうしませんでした	3
さいきどうしましょう	3
さいきどうしない	3
さいきどうしなかった	3
さいきどうした	3
さいきどうして	3
さいきどうしている	3
さいきどうしています	3
さいきどうしていた	3
さいきどうしていました	3
さいきどうしてる	3
さいきどうしてます	3
さいせんする	4
さいせんします	4
さいせんしません	4
さいせんしました	4
さいせんしませんでした	4
さいせんしましょう	4
さいせんしない	4
さいせんしなかった	4
さいせんした	4
さいせんして	4
さいせんしている	4
さいせんしています	4
さいせんしていた	4
さいせんしていました	4
さいせんしてる	4
さいせんしてます	4
さいかいはつする	3
さいかいはつします	3
さいかいはつしません	3
さいかいはつしました	3
さいかいはつしませんでした	3
さいかいはつしましょう	3
さいかいはつしない	3
さいかいはつしなかった	3
さいかいはつした	3
さいかいはつして	3
さいかいはつしている	3
さいかいはつしています	3
さいかいはつしていた	3
さいかいはつしていました	3
さいかいはつしてる	3
さいかいはつしてます	3
ぼうけんする	4
ぼうけんします	4
ぼうけんしません	4
ぼうけんしました	4
ぼうけんしませんでした	4
ぼうけんしましょう	4
ぼうけんしない	4
ぼうけんしなかった	4
ぼうけんした	4
ぼうけんして	4
ぼうけんしている	4
ぼうけんしています	4
ぼうけんしていた	4
ぼうけんしていました	4
ぼうけんしてる	4
ぼうけんしてます	4
しゃせいする	3
しゃせいします	3
しゃせいしません	3
しゃせいしました	3
しゃせいしませんでした	3
しゃせいしましょう	3
しゃせいしない	3
しゃせいしなかった	3
しゃせいした	3
しゃせいして	3
しゃせいしている	3
しゃせいしています	3
しゃせいしていた	3
しゃせいしていました	3
しゃせいしてる	3
しゃせいしてます	3
しゃしんさつえいする	4
しゃしんさつえいします	4
しゃしんさつえいしません	4
しゃしんさつえいしました	4
しゃしんさつえいしませんでした	4
しゃしんさつえいしましょう	4
しゃしんさつえいしない	4
しゃしんさつえいしなかった	4
しゃしんさつえいした	4
しゃしんさつえいして	4
しゃしんさつえいしている	4
しゃしんさつえいしています	4
しゃしんさつえいしていた	4
しゃしんさつえいしていました	4
しゃしんさつえいしてる	4
しゃしんさつえいしてます	4
とうみんする	4
とうみんします	4
とうみんしません	4
とうみんしました	4
とうみんしませんでした	4
とうみんしましょう	4
とうみんしない	4
とうみんしなかった	4
とうみんした	4
とうみんして	4
とうみんしている	4
とうみんしています	4
とうみんしていた	4
とうみんしていました	4
とうみんしてる	4
とうみんしてます	4
れいとうする	4
れいとうします	4
れいとうしません	4
れいとうしました	4
れいとうしませんでした	4
れいとうしましょう	4
れいとうしない	4
れいとうしなかった	4
れいとうした	4
れいとうして	4
れいとうしている	4
れいとうしています	4
れいとうしていた	4
れいとうしていました	4
れいとうしてる	4
れいとうしてます	4
れいきゃくする	4
れいきゃくします	4
れいきゃくしません	4
れいきゃくしました	4
れいきゃくしませんでした	4
れいきゃくしましょう	4
れいきゃくしない	4
れいきゃくしなかった	4
れいきゃくした	4
れいきゃくして	4
れいきゃくしている	4
れいきゃくしています	4
れいきゃくしていた	4
れいきゃくしていました	4
れいきゃくしてる	4
れいきゃくしてます	4
れいぼうする	4
れいぼうします	4
れいぼうしません	4
れいぼうしました	4
れいぼうしませんでした	4
れいぼうしましょう	4
れいぼうしない	4
れいぼうしなかった	4
れいぼうした	4
れいぼうして	4
れいぼうしている	4
れいぼうしています	4
れいぼうしていた	4
れいぼうしていました	4
れいぼうしてる	4
れいぼうしてます	4
れいぞうする	4
れいぞうします	4
れいぞうしません	4
れいぞうしました	4
れいぞうしませんでした	4
れいぞうしましょう	4
れいぞうしない	4
れいぞうしなかった	4
れいぞうした	4
れいぞうして	4
れいぞうしている	4
れいぞうしています	4
れいぞうしていた	4
れいぞうしていました	4
れいぞうしてる	4
れいぞうしてます	4
とうけつする	4
とうけつします	4
とうけつしません	4
とうけつしました	4
とうけつしませんでした	4
とうけつしましょう	4
とうけつしない	4
とうけつしなかった	4
とうけつした	4
とうけつして	4
とうけつしている	4
とうけつしています	4
とうけつしていた	4
とうけつしていました	4
とうけつしてる	4
とうけつしてます	4
じっとする	3
じっとします	3
じっとしません	3
じっとしました	3
じっとしませんでした	3
じっとしましょう	3
じっとしない	3
じっとしなかった	3
じっとした	3
じっとして	3
じっとしている	3
じっとしています	3
じっとしていた	3
じっとしていました	3
じっとしてる	3
じっとしてます	3
ぎょうこする	1
ぎょうこします	1
ぎょうこしません	1
ぎょうこしました	1
ぎょうこしませんでした	1
ぎょうこしましょう	1
ぎょうこしない	1
ぎょうこしなかった	1
ぎょうこした	1
ぎょうこして	1
ぎょうこしている	1
ぎょうこしています	1
ぎょうこしていた	1
ぎょうこしていました	1
ぎょうこしてる	1
ぎょうこしてます	1
ぎょうしゅくする	4
ぎょうしゅくします	4
ぎょうしゅくしません	4
ぎょうしゅくしました	4
ぎょうしゅくしませんでした	4
ぎょうしゅくしましょう	4
ぎょうしゅくしない	4
ぎょうしゅくしなかった	4
ぎょうしゅくした	4
ぎょうしゅくして	4
ぎょうしゅくしている	4
ぎょうしゅくしています	4
ぎょうしゅくしていた	4
ぎょうしゅくしていました	4
ぎょうしゅくしてる	4
ぎょうしゅくしてます	4
しょぶんする	1
しょぶんします	1
しょぶんしません	1
しょぶんしました	1
しょぶんしませんでした	1
しょぶんしましょう	1
しょぶんしない	1
しょぶんしなかった	1
しょぶんした	1
しょぶんして	1
しょぶんしている	1
しょぶんしています	1
しょぶんしていた	1
しょぶんしていました	1
しょぶんしてる	1
しょぶんしてます	1
しょけいする	3
しょけいします	3
しょけいしません	3
しょけいしました	3
しょけいしませんでした	3
しょけいしましょう	3
しょけいしない	3
しょけいしなかった	3
しょけいした	3
しょけいして	3
しょけいしている	3
しょけいしています	3
しょけいしていた	3
しょけいしていました	3
しょけいしてる	3
しょけいしてます	3
しょほうする	3
しょほうします	3
しょほうしません	3
しょほうしました	3
しょほうしませんでした	3
しょほうしましょう	3
しょほうしない	3
しょほうしなかった	3
しょほうした	3
しょほうして	3
しょほうしている	3
しょほうしています	3
しょほうしていた	3
しょほうしていました	3
しょほうしてる	3
しょほうしてます	3
しょりする	1
しょりします	1
しょりしません	1
しょりしました	1
しょりしませんでした	1
しょりしましょう	1
しょりしない	1
しょりしなかった	1
しょりした	1
しょりして	1
しょりしている	1
しょりしています	1
しょりしていた	1
しょりしていました	1
しょりしてる	1
しょりしてます	1
しょちする	1
しょちします	1
しょちしません	1
しょちしました	1
しょちしませんでした	1
しょちしましょう	1
しょちしない	1
しょちしなかった	1
しょちした	1
しょちして	1
しょちしている	1
しょちしています	1
しょちしていた	1
しょちしていました	1
しょちしてる	1
しょちしてます	1
しょばつする	1
しょばつします	1
しょばつしません	1
しょばつしました	1
しょばつしませんでした	1
しょばつしましょう	1
しょばつしない	1
しょばつしなかった	1
しょばつした	1
しょばつして	1
しょばつしている	1
しょばつしています	1
しょばつしていた	1
しょばつしていました	1
しょばつしてる	1
しょばつしてます	1
しょぐうする	3
しょぐうします	3
しょぐうしません	3
しょぐうしました	3
しょぐうしませんでした	3
しょぐうしましょう	3
しょぐうしない	3
しょぐうしなかった	3
しょぐうした	3
しょぐうして	3
しょぐうしている	3
しょぐうしています	3
しょぐうしていた	3
しょぐうしていました	3
しょぐうしてる	3
しょぐうしてます	3
でこぼこする	4
でこぼこします	4
でこぼこしません	4
でこぼこしました	4
でこぼこしませんでした	4
でこぼこしましょう	4
でこぼこしない	4
でこぼこしなかった	4
でこぼこした	4
でこぼこして	4
でこぼこしている	4
でこぼこしています	4
でこぼこしていた	4
でこぼこしていました	4
でこぼこしてる	4
でこぼこしてます	4
しゅっせする	3
しゅっせします	3
しゅっせしません	3
しゅっせしました	3
しゅっせしませんでした	3
しゅっせしましょう	3
しゅっせしない	3
しゅっせしなかった	3
しゅっせした	3
しゅっせして	3
しゅっせしている	3
しゅっせしています	3
しゅっせしていた	3
しゅっせしていました	3
しゅっせしてる	3
しゅっせしてます	3
しゅつにゅうする	3
しゅつにゅうします	3
しゅつにゅうしません	3
しゅつにゅうしました	3
しゅつにゅうしませんでした	3
しゅつにゅうしましょう	3
しゅつにゅうしない	3
しゅつにゅうしなかった	3
しゅつにゅうした	3
しゅつにゅうして	3
しゅつにゅうしている	3
しゅつにゅうしています	3
しゅつにゅうしていた	3
しゅつにゅうしていました	3
しゅつにゅうしてる	3
しゅつにゅうしてます	3
でいりする	3
でいりします	3
でいりしません	3
でいりしました	3
でいりしませんでした	3
でいりしましょう	3
でいりしない	3
でいりしなかった	3
でいりした	3
でいりして	3
でいりしている	3
でいりしています	3
でいりしていた	3
でいりしていました	3
でいりしてる	3
でいりしてます	3
でまえする	3
でまえします	3
でまえしません	3
でまえしました	3
でまえしませんでした	3
でまえしましょう	3
でまえしない	3
でまえしなかった	3
でまえした	3
でまえして	3
でまえしている	3
でまえしています	3
でまえしていた	3
でまえしていました	3
でまえしてる	3
でまえしてます	3
しゅつりょくする	2
しゅつりょくします	2
しゅつりょくしません	2
しゅつりょくしました	2
しゅつりょくしませんでした	2
しゅつりょくしましょう	2
しゅつりょくしない	2
しゅつりょくしなかった	2
しゅつりょくした	2
しゅつりょくして	2
しゅつりょくしている	2
しゅつりょくしています	2
しゅつりょくしていた	2
しゅつりょくしていました	2
しゅつりょくしてる	2
しゅつりょくしてます	2
しゅつどうする	4
しゅつどうします	4
しゅつどうしません	4
しゅつどうしました	4
しゅつどうしませんでした	4
しゅつどうしましょう	4
しゅつどうしない	4
しゅつどうしなかった	4
しゅつどうした	4
しゅつどうして	4
しゅつどうしている	4
しゅつどうしています	4
しゅつどうしていた	4
しゅつどうしていました	4
しゅつどうしてる	4
しゅつどうしてます	4
しゅっきんする	4
しゅっきんします	4
しゅっきんしません	4
しゅっきんしました	4
しゅっきんしませんでした	4
しゅっきんしましょう	4
しゅっきんしない	4
しゅっきんしなかった	4
しゅっきんした	4
しゅっきんして	4
しゅっきんしている	4
しゅっきんしています	4
しゅっきんしていた	4
しゅっきんしていました	4
しゅっきんしてる	4
しゅっきんしてます	4
しゅっこうする	4
しゅっこうします	4
しゅっこうしません	4
しゅっこうしました	4
しゅっこうしませんでした	4
しゅっこうしましょう	4
しゅっこうしない	4
しゅっこうしなかった	4
しゅっこうした	4
しゅっこうして	4
しゅっこうしている	4
しゅっこうしています	4
しゅっこうしていた	4
しゅっこうしていました	4
しゅっこうしてる	4
しゅっこうしてます	4
しゅっぴんする	4
しゅっぴんします	4
しゅっぴんしません	4
しゅっぴんしました	4
しゅっぴんしませんでした	4
しゅっぴんしましょう	4
しゅっぴんしない	4
しゅっぴんしなかった	4
しゅっぴんした	4
しゅっぴんして	4
しゅっぴんしている	4
しゅっぴんしています	4
しゅっぴんしていた	4
しゅっぴんしていました	4
しゅっぴんしてる	4
しゅっぴんしてます	4
しゅっこくする	4
しゅっこくします	4
しゅっこくしません	4
しゅっこくしました	4
しゅっこくしませんでした	4
しゅっこくしましょう	4
しゅっこくしない	4
しゅっこくしなかった	4
しゅっこくした	4
しゅっこくして	4
しゅっこくしている	4
しゅっこくしています	4
しゅっこくしていた	4
しゅっこくしていました	4
しゅっこくしてる	4
しゅっこくしてます	4
しゅつどする	3
しゅつどします	3
しゅつどしません	3
しゅつどしました	3
しゅつどしませんでした	3
しゅつどしましょう	3
しゅつどしない	3
しゅつどしなかった	3
しゅつどした	3
しゅつどして	3
しゅつどしている	3
しゅつどしています	3
しゅつどしていた	3
しゅつどしていました	3
しゅつどしてる	3
しゅつどしてます	3
しゅつじょうする	4
しゅつじょうします	4
しゅつじょうしません	4
しゅつじょうしました	4
しゅつじょうしませんでした	4
しゅつじょうしましょう	4
しゅつじょうしない	4
しゅつじょうしなかった	4
しゅつじょうした	4
しゅつじょうして	4
しゅつじょうしている	4
しゅつじょうしています	4
しゅつじょうしていた	4
しゅつじょうしていました	4
しゅつじょうしてる	4
しゅつじょうしてます	4
しゅつるいする	4
しゅつるいします	4
しゅつるいしません	4
しゅつるいしました	4
しゅつるいしませんでした	4
しゅつるいしましょう	4
しゅつるいしない	4
しゅつるいしなかった	4
しゅつるいした	4
しゅつるいして	4
しゅつるいしている	4
しゅつるいしています	4
しゅつるいしていた	4
しゅつるいしていました	4
しゅつるいしてる	4
しゅつるいしてます	4
しゅってんする	4
しゅってんします	4
しゅってんしません	4
しゅってんしました	4
しゅってんしませんでした	4
しゅってんしましょう	4
しゅってんしない	4
しゅってんしなかった	4
しゅってんした	4
しゅってんして	4
しゅってんしている	4
しゅってんしています	4
しゅってんしていた	4
しゅってんしていました	4
しゅってんしてる	4
しゅってんしてます	4
しゅっせきする	4
しゅっせきします	4
しゅっせきしません	4
しゅっせきしました	4
しゅっせきしませんでした	4
しゅっせきしましょう	4
しゅっせきしない	4
しゅっせきしなかった	4
しゅっせきした	4
しゅっせきして	4
しゅっせきしている	4
しゅっせきしています	4
しゅっせきしていた	4
しゅっせきしていました	4
しゅっせきしてる	4
しゅっせきしてます	4
しゅっちょうする	4
しゅっちょうします	4
しゅっちょうしません	4
しゅっちょうしました	4
しゅっちょうしませんでした	4
しゅっちょうしましょう	4
しゅっちょうしない	4
しゅっちょうしなかった	4
しゅっちょうした	4
しゅっちょうして	4
しゅっちょうしている	4
しゅっちょうしています	4
しゅっちょうしていた	4
しゅっちょうしていました	4
しゅっちょうしてる	4
しゅっちょうしてます	4
しゅっしょする	3
しゅっしょします	3
しゅっしょしません	3
しゅっしょしました	3
しゅっしょしませんでした	3
しゅっしょしましょう	3
しゅっしょしない	3
しゅっしょしなかった	3
しゅっしょした	3
しゅっしょして	3
しゅっしょしている	3
しゅっしょしています	3
しゅっしょしていた	3
しゅっしょしていました	3
しゅっしょしてる	3
しゅっしょしてます	3
しゅつげきする	4
しゅつげきします	4
しゅつげきしません	4
しゅつげきしました	4
しゅつげきしませんでした	4
しゅつげきしましょう	4
しゅつげきしない	4
しゅつげきしなかった	4
しゅつげきした	4
しゅつげきして	4
しゅつげきしている	4
しゅつげきしています	4
しゅつげきしていた	4
しゅつげきしていました	4
しゅつげきしてる	4
しゅつげきしてます	4
しゅったいする	2
しゅったいします	4
しゅったいしません	5
しゅったいしました	4
しゅったいしませんでした	5
しゅったいしましょう	5
しゅったいしない	0
しゅったいしなかった	7
しゅったいした	2
しゅったいして	2
しゅったいしている	2
しゅったいしています	2
しゅったいしていた	2
しゅったいしていました	2
しゅったいしてる	4
しゅったいしてます	2
しゅつえんする	4
しゅつえんします	4
しゅつえんしません	4
しゅつえんしました	4
しゅつえんしませんでした	4
しゅつえんしましょう	4
しゅつえんしない	4
しゅつえんしなかった	4
しゅつえんした	4
しゅつえんして	4
しゅつえんしている	4
しゅつえんしています	4
しゅつえんしていた	4
しゅつえんしていました	4
しゅつえんしてる	4
しゅつえんしてます	4
しゅっかする	3
しゅっかします	3
しゅっかしません	3
しゅっかしました	3
しゅっかしませんでした	3
しゅっかしましょう	3
しゅっかしない	3
しゅっかしなかった	3
しゅっかした	3
しゅっかして	3
しゅっかしている	3
しゅっかしています	3
しゅっかしていた	3
しゅっかしていました	3
しゅっかしてる	3
しゅっかしてます	3
しゅっぱんする	4
しゅっぱんします	4
しゅっぱんしません	4
しゅっぱんしました	4
しゅっぱんしませんでした	4
しゅっぱんしましょう	4
しゅっぱんしない	4
しゅっぱんしなかった	4
しゅっぱんした	4
しゅっぱんして	4
しゅっぱんしている	4
しゅっぱんしています	4
しゅっぱんしていた	4
しゅっぱんしていました	4
しゅっぱんしてる	4
しゅっぱんしてます	4
しゅつげんする	4
しゅつげんします	4
しゅつげんしません	4
しゅつげんしました	4
しゅつげんしませんでした	4
しゅつげんしましょう	4
しゅつげんしない	4
しゅつげんしなかった	4
しゅつげんした	4
しゅつげんして	4
しゅつげんしている	4
しゅつげんしています	4
しゅつげんしていた	4
しゅつげんしていました	4
しゅつげんしてる	4
しゅつげんしてます	4
しゅっしょうする	4
しゅっしょうします	4
しゅっしょうしません	4
しゅっしょうしました	4
しゅっしょうしませんでした	4
しゅっしょうしましょう	4
しゅっしょうしない	4
しゅっしょうしなかった	4
しゅっしょうした	4
しゅっしょうして	4
しゅっしょうしている	4
しゅっしょうしています	4
しゅっしょうしていた	4
しゅっしょうしていました	4
しゅっしょうしてる	4
しゅっしょうしてます	4
しゅっさんする	4
しゅっさんします	4
しゅっさんしません	4
しゅっさんしました	4
しゅっさんしませんでした	4
しゅっさんしましょう	4
しゅっさんしない	4
しゅっさんしなかった	4
しゅっさんした	4
しゅっさんして	4
しゅっさんしている	4
しゅっさんしています	4
しゅっさんしていた	4
しゅっさんしていました	4
しゅっさんしてる	4
しゅっさんしてます	4
しゅっぱつする	4
しゅっぱつします	4
しゅっぱつしません	4
しゅっぱつしました	4
しゅっぱつしませんでした	4
しゅっぱつしましょう	4
しゅっぱつしない	4
しゅっぱつしなかった	4
しゅっぱつした	4
しゅっぱつして	4
しゅっぱつしている	4
しゅっぱつしています	4
しゅっぱつしていた	4
しゅっぱつしていました	4
しゅっぱつしてる	4
しゅっぱつしてます	4
でなおしする	4
でなおしします	4
でなおししません	4
でなおししました	4
でなおししませんでした	4
でなおししましょう	4
でなおししない	4
でなおししなかった	4
でなおしした	4
でなおしして	4
でなおししている	4
でなおししています	4
でなおししていた	4
でなおししていました	4
でなおししてる	4
でなおししてます	4
しゅっしゃする	3
しゅっしゃします	3
しゅっしゃしません	3
しゅっしゃしました	3
しゅっしゃしませんでした	3
しゅっしゃしましょう	3
しゅっしゃしない	3
しゅっしゃしなかった	3
しゅっしゃした	3
しゅっしゃして	3
しゅっしゃしている	3
しゅっしゃしています	3
しゅっしゃしていた	3
しゅっしゃしていました	3
しゅっしゃしてる	3
しゅっしゃしてます	3
でかせぎする	4
でかせぎします	4
でかせぎしません	4
でかせぎしました	4
でかせぎしませんでした	4
でかせぎしましょう	4
でかせぎしない	4
でかせぎしなかった	4
でかせぎした	4
でかせぎして	4
でかせぎしている	4
でかせぎしています	4
でかせぎしていた	4
でかせぎしていました	4
でかせぎしてる	4
でかせぎしてます	4
すいとうする	4
すいとうします	4
すいとうしません	4
すいとうしました	4
すいとうしませんでした	4
すいとうしましょう	4
すいとうしない	4
すいとうしなかった	4
すいとうした	4
すいとうして	4
すいとうしている	4
すいとうしています	4
すいとうしていた	4
すいとうしていました	4
すいとうしてる	4
すいとうしてます	4
しゅっけつする	4
しゅっけつします	4
しゅっけつしません	4
しゅっけつしました	4
しゅっけつしませんでした	4
しゅっけつしましょう	4
しゅっけつしない	4
しゅっけつしなかった	4
しゅっけつした	4
しゅっけつして	4
しゅっけつしている	4
しゅっけつしています	4
しゅっけつしていた	4
しゅっけつしていました	4
しゅっけつしてる	4
しゅっけつしてます	4
しゅっぴする	3
しゅっぴします	3
しゅっぴしません	3
しゅっぴしました	3
しゅっぴしませんでした	3
しゅっぴしましょう	3
しゅっぴしない	3
しゅっぴしなかった	3
しゅっぴした	3
しゅっぴして	3
しゅっぴしている	3
しゅっぴしています	3
しゅっぴしていた	3
しゅっぴしていました	3
しゅっぴしてる	3
しゅっぴしてます	3
しゅっしする	3
しゅっしします	3
しゅっししません	3
しゅっししました	3
しゅっししませんでした	3
しゅっししましょう	3
しゅっししない	3
しゅっししなかった	3
しゅっしした	3
しゅっしして	3
しゅっししている	3
しゅっししています	3
しゅっししていた	3
しゅっししていました	3
しゅっししてる	3
しゅっししてます	3
しゅっそうする	4
しゅっそうします	4
しゅっそうしません	4
しゅっそうしました	4
しゅっそうしませんでした	4
しゅっそうしましょう	4
しゅっそうしない	4
しゅっそうしなかった	4
しゅっそうした	4
しゅっそうして	4
しゅっそうしている	4
しゅっそうしています	4
しゅっそうしていた	4
しゅっそうしていました	4
しゅっそうしてる	4
しゅっそうしてます	4
しゅつじんする	4
しゅつじんします	4
しゅつじんしません	4
しゅつじんしました	4
しゅつじんしませんでした	4
しゅつじんしましょう	4
しゅつじんしない	4
しゅつじんしなかった	4
しゅつじんした	4
しゅつじんして	4
しゅつじんしている	4
しゅつじんしています	4
しゅつじんしていた	4
しゅつじんしていました	4
しゅつじんしてる	4
しゅつじんしてます	4
しゅっとうする	4
しゅっとうします	4
しゅっとうしません	4
しゅっとうしました	4
しゅっとうしませんでした	4
しゅっとうしましょう	4
しゅっとうしない	4
しゅっとうしなかった	4
しゅっとうした	4
しゅっとうして	4
しゅっとうしている	4
しゅっとうしています	4
しゅっとうしていた	4
しゅっとうしていました	4
しゅっとうしてる	4
しゅっとうしてます	4
しゅつだいする	4
しゅつだいします	4
しゅつだいしません	4
しゅつだいしました	4
しゅつだいしませんでした	4
しゅつだいしましょう	4
しゅつだいしない	4
しゅつだいしなかった	4
しゅつだいした	4
しゅつだいして	4
しゅつだいしている	4
しゅつだいしています	4
しゅつだいしていた	4
しゅつだいしていました	4
しゅつだいしてる	4
しゅつだいしてます	4
しゅつがんする	4
しゅつがんします	4
しゅつがんしません	4
しゅつがんしました	4
しゅつがんしませんでした	4
しゅつがんしましょう	4
しゅつがんしない	4
しゅつがんしなかった	4
しゅつがんした	4
しゅつがんして	4
しゅつがんしている	4
しゅつがんしています	4
しゅつがんしていた	4
しゅつがんしていました	4
しゅつがんしてる	4
しゅつがんしてます	4
しゅつばする	3
しゅつばします	3
しゅつばしません	3
しゅつばしました	3
しゅつばしませんでした	3
しゅつばしましょう	3
しゅつばしない	3
しゅつばしなかった	3
しゅつばした	3
しゅつばして	3
しゅつばしている	3
しゅつばしています	3
しゅつばしていた	3
しゅつばしていました	3
しゅつばしてる	3
しゅつばしてます	3
ぶんじょうする	4
ぶんじょうします	4
ぶんじょうしません	4
ぶんじょうしました	4
ぶんじょうしませんでした	4
ぶんじょうしましょう	4
ぶんじょうしない	4
ぶんじょうしなかった	4
ぶんじょうした	4
ぶんじょうして	4
ぶんじょうしている	4
ぶんじょうしています	4
ぶんじょうしていた	4
ぶんじょうしていました	4
ぶんじょうしてる	4
ぶんじょうしてます	4
ふんべつする	1
ふんべつします	1
ふんべつしません	1
ふんべつしました	1
ふんべつしませんでした	1
ふんべつしましょう	1
ふんべつしない	1
ふんべつしなかった	1
ふんべつした	1
ふんべつして	1
ふんべつしている	1
ふんべつしています	1
ふんべつしていた	1
ふんべつしていました	1
ふんべつしてる	1
ふんべつしてます	1
ぶんかつする	4
ぶんかつします	4
ぶんかつしません	4
ぶんかつしました	4
ぶんかつしませんでした	4
ぶんかつしましょう	4
ぶんかつしない	4
ぶんかつしなかった	4
ぶんかつした	4
ぶんかつして	4
ぶんかつしている	4
ぶんかつしています	4
ぶんかつしていた	4
ぶんかつしていました	4
ぶんかつしてる	4
ぶんかつしてます	4
ぶんかする	3
ぶんかします	3
ぶんかしません	3
ぶんかしました	3
ぶんかしませんでした	3
ぶんかしましょう	3
ぶんかしない	3
ぶんかしなかった	3
ぶんかした	3
ぶんかして	3
ぶんかしている	3
ぶんかしています	3
ぶんかしていた	3
ぶんかしていました	3
ぶんかしてる	3
ぶんかしてます	3
ぶんきする	3
ぶんきします	3
ぶんきしません	3
ぶんきしました	3
ぶんきしませんでした	3
ぶんきしましょう	3
ぶんきしない	3
ぶんきしなかった	3
ぶんきした	3
ぶんきして	3
ぶんきしている	3
ぶんきしています	3
ぶんきしていた	3
ぶんきしていました	3
ぶんきしてる	3
ぶんきしてます	3
ぶんぷする	3
ぶんぷします	3
ぶんぷしません	3
ぶんぷしました	3
ぶんぷしませんでした	3
ぶんぷしましょう	3
ぶんぷしない	3
ぶんぷしなかった	3
ぶんぷした	3
ぶんぷして	3
ぶんぷしている	3
ぶんぷしています	3
ぶんぷしていた	3
ぶんぷしていました	3
ぶんぷしてる	3
ぶんぷしてます	3
ぶんたんする	4
ぶんたんします	4
ぶんたんしません	4
ぶんたんしました	4
ぶんたんしませんでした	4
ぶんたんしましょう	4
ぶんたんしない	4
ぶんたんしなかった	4
ぶんたんした	4
ぶんたんして	4
ぶんたんしている	4
ぶんたんしています	4
ぶんたんしていた	4
ぶんたんしていました	4
ぶんたんしてる	4
ぶんたんしてます	4
ぶんさんする	4
ぶんさんします	4
ぶんさんしません	4
ぶんさんしました	4
ぶんさんしませんでした	4
ぶんさんしましょう	4
ぶんさんしない	4
ぶんさんしなかった	4
ぶんさんした	4
ぶんさんして	4
ぶんさんしている	4
ぶんさんしています	4
ぶんさんしていた	4
ぶんさんしていました	4
ぶんさんしてる	4
ぶんさんしてます	4
ぶんせきする	4
ぶんせきします	4
ぶんせきしません	4
ぶんせきしました	4
ぶんせきしませんでした	4
ぶんせきしましょう	4
ぶんせきしない	4
ぶんせきしなかった	4
ぶんせきした	4
ぶんせきして	4
ぶんせきしている	4
ぶんせきしています	4
ぶんせきしていた	4
ぶんせきしていました	4
ぶんせきしてる	4
ぶんせきしてます	4
ぶんぎょうする	4
ぶんぎょうします	4
ぶんぎょうしません	4
ぶんぎょうしました	4
ぶんぎょうしませんでした	4
ぶんぎょうしましょう	4
ぶんぎょうしない	4
ぶんぎょうしなかった	4
ぶんぎょうした	4
ぶんぎょうして	4
ぶんぎょうしている	4
ぶんぎょうしています	4
ぶんぎょうしていた	4
ぶんぎょうしていました	4
ぶんぎょうしてる	4
ぶんぎょうしてます	4
ぶんぴつする	4
ぶんぴつします	4
ぶんぴつしません	4
ぶんぴつしました	4
ぶんぴつしませんでした	4
ぶんぴつしましょう	4
ぶんぴつしない	4
ぶんぴつしなかった	4
ぶんぴつした	4
ぶんぴつして	4
ぶんぴつしている	4
ぶんぴつしています	4
ぶんぴつしていた	4
ぶんぴつしていました	4
ぶんぴつしてる	4
ぶんぴつしてます	4
ぶんりつする	4
ぶんりつします	4
ぶんりつしません	4
ぶんりつしました	4
ぶんりつしませんでした	4
ぶんりつしましょう	4
ぶんりつしない	4
ぶんりつしなかった	4
ぶんりつした	4
ぶんりつして	4
ぶんりつしている	4
ぶんりつしています	4
ぶんりつしていた	4
ぶんりつしていました	4
ぶんりつしてる	4
ぶんりつしてます	4
ぶんれつする	4
ぶんれつします	4
ぶんれつしません	4
ぶんれつしました	4
ぶんれつしませんでした	4
ぶんれつしましょう	4
ぶんれつしない	4
ぶんれつしなかった	4
ぶんれつした	4
ぶんれつして	4
ぶんれつしている	4
ぶんれつしています	4
ぶんれつしていた	4
ぶんれつしていました	4
ぶんれつしてる	4
ぶんれつしてます	4
ぶんかいする	4
ぶんかいします	4
ぶんかいしません	4
ぶんかいしました	4
ぶんかいしませんでした	4
ぶんかいしましょう	4
ぶんかいしない	4
ぶんかいしなかった	4
ぶんかいした	4
ぶんかいして	4
ぶんかいしている	4
ぶんかいしています	4
ぶんかいしていた	4
ぶんかいしていました	4
ぶんかいしてる	4
ぶんかいしてます	4
ぶんぱいする	4
ぶんぱいします	4
ぶんぱいしません	4
ぶんぱいしました	4
ぶんぱいしませんでした	4
ぶんぱいしましょう	4
ぶんぱいしない	4
ぶんぱいしなかった	4
ぶんぱいした	4
ぶんぱいして	4
ぶんぱいしている	4
ぶんぱいしています	4
ぶんぱいしていた	4
ぶんぱいしていました	4
ぶんぱいしてる	4
ぶんぱいしてます	4
ぶんりょうする	3
ぶんりょうします	3
ぶんりょうしません	3
ぶんりょうしました	3
ぶんりょうしませんでした	3
ぶんりょうしましょう	3
ぶんりょうしない	3
ぶんりょうしなかった	3
ぶんりょうした	3
ぶんりょうして	3
ぶんりょうしている	3
ぶんりょうしています	3
ぶんりょうしていた	3
ぶんりょうしていました	3
ぶんりょうしてる	3
ぶんりょうしてます	3
ぶんりする	3
ぶんりします	3
ぶんりしません	3
ぶんりしました	3
ぶんりしませんでした	3
ぶんりしましょう	3
ぶんりしない	3
ぶんりしなかった	3
ぶんりした	3
ぶんりして	3
ぶんりしている	3
ぶんりしています	3
ぶんりしていた	3
ぶんりしていました	3
ぶんりしてる	3
ぶんりしてます	3
ぶんるいする	4
ぶんるいします	4
ぶんるいしません	4
ぶんるいしました	4
ぶんるいしませんでした	4
ぶんるいしましょう	4
ぶんるいしない	4
ぶんるいしなかった	4
ぶんるいした	4
ぶんるいして	4
ぶんるいしている	4
ぶんるいしています	4
ぶんるいしていた	4
ぶんるいしていました	4
ぶんるいしてる	4
ぶんるいしてます	4
きりぬきする	4
きりぬきします	4
きりぬきしません	4
きりぬきしました	4
きりぬきしませんでした	4
きりぬきしましょう	4
きりぬきしない	5
きりぬきしなかった	5
きりぬきした	4
きりぬきして	4
きりぬきしている	4
きりぬきしています	4
きりぬきしていた	4
きりぬきしていました	4
きりぬきしてる	4
きりぬきしてます	4
せつだんする	4
せつだんします	4
せつだんしません	4
せつだんしました	4
せつだんしませんでした	4
せつだんしましょう	4
せつだんしない	4
せつだんしなかった	4
せつだんした	4
せつだんして	4
せつだんしている	4
せつだんしています	4
せつだんしていた	4
せつだんしていました	4
せつだんしてる	4
せつだんしてます	4
せつぼうする	4
せつぼうします	4
せつぼうしません	4
せつぼうしました	4
せつぼうしませんでした	4
せつぼうしましょう	4
せつぼうしない	4
せつぼうしなかった	4
せつぼうした	4
せつぼうして	4
せつぼうしている	4
せつぼうしています	4
せつぼうしていた	4
せつぼうしていました	4
せつぼうしてる	4
せつぼうしてます	4
かんこうする	4
かんこうします	4
かんこうしません	4
かんこうしました	4
かんこうしませんでした	4
かんこうしましょう	4
かんこうしない	4
かんこうしなかった	4
かんこうした	4
かんこうして	4
かんこうしている	4
かんこうしています	4
かんこうしていた	4
かんこうしていました	4
かんこうしてる	4
かんこうしてます	4
れっきょする	1
れっきょします	1
れっきょしません	1
れっきょしました	1
れっきょしませんでした	1
れっきょしましょう	1
れっきょしない	1
れっきょしなかった	1
れっきょした	1
れっきょして	1
れっきょしている	1
れっきょしています	1
れっきょしていた	1
れっきょしていました	1
れっきょしてる	1
れっきょしてます	1
しょしゅつする	3
しょしゅつします	3
しょしゅつしません	6
しょしゅつしました	3
しょしゅつしませんでした	6
しょしゅつしましょう	0
しょしゅつしない	4
しょしゅつしなかった	4
しょしゅつした	3
しょしゅつして	4
しょしゅつしている	5
しょしゅつしています	5
しょしゅつしていた	5
しょしゅつしていました	5
しょしゅつしてる	4
しょしゅつしてます	6
しょえんする	3
しょえんします	3
しょえんしません	3
しょえんしました	3
しょえんしませんでした	3
しょえんしましょう	3
しょえんしない	3
しょえんしなかった	3
しょえんした	3
しょえんして	3
しょえんしている	3
しょえんしています	3
しょえんしていた	3
しょえんしていました	3
しょえんしてる	3
しょえんしてます	3
はんていする	4
はんていします	4
はんていしません	4
はんていしました	4
はんていしませんでした	4
はんていしましょう	4
はんていしない	4
はんていしなかった	4
はんていした	4
はんていして	4
はんていしている	4
はんていしています	4
はんていしていた	4
はんていしていました	4
はんていしてる	4
はんていしてます	4
はんだんする	1
はんだんします	1
はんだんしません	1
はんだんしました	1
はんだんしませんでした	1
はんだんしましょう	1
はんだんしない	1
はんだんしなかった	1
はんだんした	1
はんだんして	1
はんだんしている	1
はんだんしています	1
はんだんしていた	1
はんだんしていました	1
はんだんしてる	1
はんだんしてます	1
はんめいする	4
はんめいします	4
はんめいしません	4
はんめいしました	4
はんめいしませんでした	4
はんめいしましょう	4
はんめいしない	4
はんめいしなかった	4
はんめいした	4
はんめいして	4
はんめいしている	4
はんめいしています	4
はんめいしていた	4
はんめいしていました	4
はんめいしてる	4
はんめいしてます	4
はんけつする	4
はんけつします	4
はんけつしません	4
はんけつしました	4
はんけつしませんでした	4
はんけつしましょう	4
はんけつしない	4
はんけつしなかった	4
はんけつした	4
はんけつして	4
はんけつしている	4
はんけつしています	4
はんけつしていた	4
はんけつしていました	4
はんけつしてる	4
はんけつしてます	4
べっきょする	3
べっきょします	3
べっきょしません	3
べっきょしました	3
べっきょしませんでした	3
べっきょしましょう	3
べっきょしない	3
べっきょしなかった	3
べっきょした	3
べっきょして	3
べっきょしている	3
べっきょしています	3
べっきょしていた	3
べっきょしていました	3
べっきょしてる	3
べっきょしてます	3
りあげする	3
りあげします	3
りあげしません	3
りあげしました	3
りあげしませんでした	3
りあげしましょう	3
りあげしない	3
りあげしなかった	3
りあげした	3
りあげして	3
りあげしている	3
りあげしています	3
りあげしていた	3
りあげしていました	3
りあげしてる	3
りあげしてます	3
りさげする	3
りさげします	3
りさげしません	3
りさげしました	3
りさげしませんでした	3
りさげしましょう	3
りさげしない	3
りさげしなかった	3
りさげした	3
りさげして	3
りさげしている	3
りさげしています	3
りさげしていた	3
りさげしていました	3
りさげしてる	3
りさげしてます	3
りようする	3
りようします	3
りようしません	3
りようしました	3
りようしませんでした	3
りようしましょう	3
りようしない	3
りようしなかった	3
りようした	3
りようして	3
りようしている	3
りようしています	3
りようしていた	3
りようしていました	3
りようしてる	3
りようしてます	3
りえきする	1
りえきします	1
りえきしません	1
りえきしました	1
りえきしませんでした	1
りえきしましょう	1
りえきしない	1
りえきしなかった	1
りえきした	1
りえきして	1
りえきしている	1
りえきしています	1
りえきしていた	1
りえきしていました	1
りえきしてる	1
りえきしてます	1
とうらいする	4
とうらいします	4
とうらいしません	4
とうらいしました	4
とうらいしませんでした	4
とうらいしましょう	4
とうらいしない	4
とうらいしなかった	4
とうらいした	4
とうらいして	4
とうらいしている	4
とうらいしています	4
とうらいしていた	4
とうらいしていました	4
とうらいしてる	4
とうらいしてます	4
とうちゃくする	4
とうちゃくします	4
とうちゃくしません	4
とうちゃくしました	4
とうちゃくしませんでした	4
とうちゃくしましょう	4
とうちゃくしない	4
とうちゃくしなかった	4
とうちゃくした	4
とうちゃくして	4
とうちゃくしている	4
とうちゃくしています	4
とうちゃくしていた	4
とうちゃくしていました	4
とうちゃくしてる	4
とうちゃくしてます	4
とうたつする	4
とうたつします	4
とうたつしません	4
とうたつしました	4
とうたつしませんでした	4
とうたつしましょう	4
とうたつしない	4
とうたつしなかった	4
とうたつした	4
とうたつして	4
とうたつしている	4
とうたつしています	4
とうたつしていた	4
とうたつしていました	4
とうたつしてる	4
とうたつしてます	4
せいするする	3
せいするします	6
せいするしません	7
せいするしました	6
せいするしませんでした	7
せいするしましょう	7
せいするしない	5
せいするしなかった	5
せいするした	3
せいするして	3
せいするしている	3
せいするしています	3
せいするしていた	3
せいするしていました	3
せいするしてる	3
せいするしてます	3
せいさくする	4
せいさくします	4
せいさくしません	4
せいさくしました	4
せいさくしませんでした	4
せいさくしましょう	4
せいさくしない	4
せいさくしなかった	4
せいさくした	4
せいさくして	4
せいさくしている	4
せいさくしています	4
せいさくしていた	4
せいさくしていました	4
せいさくしてる	4
せいさくしてます	4
せいあつする	4
せいあつします	4
せいあつしません	4
せいあつしました	4
せいあつしませんでした	4
せいあつしましょう	4
せいあつしない	4
せいあつしなかった	4
せいあつした	4
せいあつして	4
せいあつしている	4
せいあつしています	4
せいあつしていた	4
せいあつしていました	4
せいあつしてる	4
せいあつしてます	4
せいていする	4
せいていします	4
せいていしません	4
せいていしました	4
せいていしませんでした	4
せいていしましょう	4
せいていしない	4
せいていしなかった	4
せいていした	4
せいていして	4
せいていしている	4
せいていしています	4
せいていしていた	4
せいていしていました	4
せいていしてる	4
せいていしてます	4
せいぎょする	1
せいぎょします	1
せいぎょしません	1
せいぎょしました	1
せいぎょしませんでした	1
せいぎょしましょう	1
せいぎょしない	1
せいぎょしなかった	1
せいぎょした	1
せいぎょして	1
せいぎょしている	1
せいぎょしています	1
せいぎょしていた	1
せいぎょしていました	1
せいぎょしてる	1
せいぎょしてます	1
せいしする	3
せいしします	3
せいししません	3
せいししました	3
せいししませんでした	3
せいししましょう	3
せいししない	3
せいししなかった	3
せいしした	3
せいしして	3
せいししている	3
せいししています	3
せいししていた	3
せいししていました	3
せいししてる	3
せいししてます	3
せいやくする	4
せいやくします	4
せいやくしません	4
せいやくしました	4
せいやくしませんでした	4
せいやくしましょう	4
せいやくしない	4
せいやくしなかった	4
せいやくした	4
せいやくして	4
せいやくしている	4
せいやくしています	4
せいやくしていた	4
せいやくしていました	4
せいやくしてる	4
せいやくしてます	4
せいさいする	4
せいさいします	4
せいさいしません	4
せいさいしました	4
せいさいしませんでした	4
せいさいしましょう	4
せいさいしない	4
せいさいしなかった	4
せいさいした	4
せいさいして	4
せいさいしている	4
せいさいしています	4
せいさいしていた	4
せいさいしていました	4
せいさいしてる	4
せいさいしてます	4
せいはする	1
せいはします	1
せいはしません	1
せいはしました	1
せいはしませんでした	1
せいはしましょう	1
せいはしない	1
せいはしなかった	1
せいはした	1
せいはして	1
せいはしている	1
せいはしています	1
せいはしていた	1
せいはしていました	1
せいはしてる	1
せいはしてます	1
せいげんする	3
せいげんします	3
せいげんしません	3
せいげんしました	3
せいげんしませんでした	3
せいげんしましょう	3
せいげんしない	3
せいげんしなかった	3
せいげんした	3
せいげんして	3
せいげんしている	3
せいげんしています	3
せいげんしていた	3
せいげんしていました	3
せいげんしてる	3
せいげんしてます	3
さっしんする	4
さっしんします	4
さっしんしません	4
さっしんしました	4
さっしんしませんでした	4
さっしんしましょう	4
さっしんしない	4
さっしんしなかった	4
さっしんした	4
さっしんして	4
さっしんしている	4
さっしんしています	4
さっしんしていた	4
さっしんしていました	4
さっしんしてる	4
さっしんしてます	4
しげきする	3
しげきします	3
しげきしません	3
しげきしました	3
しげきしませんでした	3
しげきしましょう	3
しげきしない	3
しげきしなかった	3
しげきした	3
しげきして	3
しげきしている	3
しげきしています	3
しげきしていた	3
しげきしていました	3
しげきしてる	3
しげきしてます	3
ししゅうする	3
ししゅうします	3
ししゅうしません	3
ししゅうしました	3
ししゅうしませんでした	3
ししゅうしましょう	3
ししゅうしない	3
ししゅうしなかった	3
ししゅうした	3
ししゅうして	3
ししゅうしている	3
ししゅうしています	3
ししゅうしていた	3
ししゅうしていました	3
ししゅうしてる	3
ししゅうしてます	3
ぎざぎざする	4
ぎざぎざします	4
ぎざぎざしません	4
ぎざぎざしました	4
ぎざぎざしませんでした	4
ぎざぎざしましょう	4
ぎざぎざしない	4
ぎざぎざしなかった	4
ぎざぎざした	4
ぎざぎざして	4
ぎざぎざしている	4
ぎざぎざしています	4
ぎざぎざしていた	4
ぎざぎざしていました	4
ぎざぎざしてる	4
ぎざぎざしてます	4
さくげんする	4
さくげんします	4
さくげんしません	4
さくげんしました	4
さくげんしませんでした	4
さくげんしましょう	4
さくげんしない	4
さくげんしなかった	4
さくげんした	4
さくげんして	4
さくげんしている	4
さくげんしています	4
さくげんしていた	4
さくげんしていました	4
さくげんしてる	4
さくげんしてます	4
さくじょする	1
さくじょします	1
さくじょしません	1
さくじょしました	1
さくじょしませんでした	1
さくじょしましょう	1
さくじょしない	1
さくじょしなかった	1
さくじょした	1
さくじょして	1
さくじょしている	1
さくじょしています	1
さくじょしていた	1
さくじょしていました	1
さくじょしてる	1
さくじょしてます	1
まえだおしする	5
まえだおしします	5
まえだおししません	5
まえだおししました	5
まえだおししませんでした	5
まえだおししましょう	5
まえだおししない	5
まえだおししなかった	5
まえだおしした	5
まえだおしして	5
まえだおししている	5
まえだおししています	5
まえだおししていた	5
まえだおししていました	5
まえだおししてる	5
まえだおししてます	5
まえがりする	4
まえがりします	4
まえがりしません	4
まえがりしました	4
まえがりしませんでした	4
まえがりしましょう	4
まえがりしない	4
まえがりしなかった	4
まえがりした	4
まえがりして	4
まえがりしている	4
まえがりしています	4
まえがりしていた	4
まえがりしていました	4
まえがりしてる	4
まえがりしてます	4
まえうりする	4
まえうりします	4
まえうりしません	4
まえうりしました	4
まえうりしませんでした	4
まえうりしましょう	4
まえうりしない	4
まえうりしなかった	4
まえうりした	4
まえうりして	4
まえうりしている	4
まえうりしています	4
まえうりしていた	4
まえうりしていました	4
まえうりしてる	4
まえうりしてます	4
ぜんごする	1
ぜんごします	1
ぜんごしません	1
ぜんごしました	1
ぜんごしませんでした	1
ぜんごしましょう	1
ぜんごしない	1
ぜんごしなかった	1
ぜんごした	1
ぜんごして	1
ぜんごしている	1
ぜんごしています	1
ぜんごしていた	1
ぜんごしていました	1
ぜんごしてる	1
ぜんごしてます	1
まえばらいする	3
まえばらいします	3
まえばらいしません	3
まえばらいしました	3
まえばらいしませんでした	3
まえばらいしましょう	3
まえばらいしない	3
まえばらいしなかった	3
まえばらいした	3
まえばらいして	3
まえばらいしている	3
まえばらいしています	3
まえばらいしていた	3
まえばらいしていました	3
まえばらいしてる	3
まえばらいしてます	3
まえおきする	4
まえおきします	4
まえおきしません	4
まえおきしました	4
まえおきしませんでした	4
まえおきしましょう	4
まえおきしない	4
まえおきしなかった	4
まえおきした	4
まえおきして	4
まえおきしている	4
まえおきしています	4
まえおきしていた	4
まえおきしていました	4
まえおきしてる	4
まえおきしてます	4
まえぶれする	4
まえぶれします	4
まえぶれしません	4
まえぶれしました	4
まえぶれしませんでした	4
まえぶれしましょう	4
まえぶれしない	4
まえぶれしなかった	4
まえぶれした	4
まえぶれして	4
まえぶれしている	4
まえぶれしています	4
まえぶれしていた	4
まえぶれしていました	4
まえぶれしてる	4
まえぶれしてます	4
ぜんきする	1
ぜんきします	1
ぜんきしません	1
ぜんきしました	1
ぜんきしませんでした	1
ぜんきしましょう	1
ぜんきしない	1
ぜんきしなかった	1
ぜんきした	1
ぜんきして	1
ぜんきしている	1
ぜんきしています	1
ぜんきしていた	1
ぜんきしていました	1
ぜんきしてる	1
ぜんきしてます	1
ぜんしんする	4
ぜんしんします	4
ぜんしんしません	4
ぜんしんしました	4
ぜんしんしませんでした	4
ぜんしんしましょう	4
ぜんしんしない	4
ぜんしんしなかった	4
ぜんしんした	4
ぜんしんして	4
ぜんしんしている	4
ぜんしんしています	4
ぜんしんしていた	4
ぜんしんしていました	4
ぜんしんしてる	4
ぜんしんしてます	4
わりざんする	2
わりざんします	2
わりざんしません	2
わりざんしました	2
わりざんしませんでした	2
わりざんしましょう	2
わりざんしない	2
わりざんしなかった	2
わりざんした	2
わりざんして	2
わりざんしている	2
わりざんしています	2
わりざんしていた	2
わりざんしていました	2
わりざんしてる	2
わりざんしてます	2
そうさくする	4
そうさくします	4
そうさくしません	4
そうさくしました	4
そうさくしませんでした	4
そうさくしましょう	4
そうさくしない	4
そうさくしなかった	4
そうさくした	4
そうさくして	4
そうさくしている	4
そうさくしています	4
そうさくしていた	4
そうさくしていました	4
そうさくしてる	4
そうさくしてます	4
そうしゅつする	4
そうしゅつします	4
そうしゅつしません	4
そうしゅつしました	4
そうしゅつしませんでした	4
そうしゅつしましょう	4
そうしゅつしない	4
そうしゅつしなかった	4
そうしゅつした	4
そうしゅつして	4
そうしゅつしている	4
そうしゅつしています	4
そうしゅつしていた	4
そうしゅつしていました	4
そうしゅつしてる	4
そうしゅつしてます	4
そうかんする	4
そうかんします	4
そうかんしません	4
そうかんしました	4
そうかんしませんでした	4
そうかんしましょう	4
そうかんしない	4
そうかんしなかった	4
そうかんした	4
そうかんして	4
そうかんしている	4
そうかんしています	4
そうかんしていた	4
そうかんしていました	4
そうかんしてる	4
そうかんしてます	4
そうしする	1
そうしします	1
そうししません	1
そうししました	1
そうししませんでした	1
そうししましょう	1
そうししない	1
そうししなかった	1
そうしした	1
そうしして	1
そうししている	1
そうししています	1
そうししていた	1
そうししていました	1
そうししてる	1
そうししてます	1
そうぎょうする	4
そうぎょうします	4
そうぎょうしません	4
そうぎょうしました	4
そうぎょうしませんでした	4
そうぎょうしましょう	4
そうぎょうしない	4
そうぎょうしなかった	4
そうぎょうした	4
そうぎょうして	4
そうぎょうしている	4
そうぎょうしています	4
そうぎょうしていた	4
そうぎょうしていました	4
そうぎょうしてる	4
そうぎょうしてます	4
そうりつする	4
そうりつします	4
そうりつしません	4
そうりつしました	4
そうりつしませんでした	4
そうりつしましょう	4
そうりつしない	4
そうりつしなかった	4
そうりつした	4
そうりつして	4
そうりつしている	4
そうりつしています	4
そうりつしていた	4
そうりつしていました	4
そうりつしてる	4
そうりつしてます	4
そうせつする	4
そうせつします	4
そうせつしません	4
そうせつしました	4
そうせつしませんでした	4
そうせつしましょう	4
そうせつしない	4
そうせつしなかった	4
そうせつした	4
そうせつして	4
そうせつしている	4
そうせつしています	4
そうせつしていた	4
そうせつしていました	4
そうせつしてる	4
そうせつしてます	4
そうぞうする	4
そうぞうします	4
そうぞうしません	4
そうぞうしました	4
そうぞうしませんでした	4
そうぞうしましょう	4
そうぞうしない	4
そうぞうしなかった	4
そうぞうした	4
そうぞうして	4
そうぞうしている	4
そうぞうしています	4
そうぞうしていた	4
そうぞうしていました	4
そうぞうしてる	4
そうぞうしてます	4
げきさくする	4
げきさくします	4
げきさくしません	4
げきさくしました	4
げきさくしませんでした	4
げきさくしましょう	1
げきさくしない	4
げきさくしなかった	4
げきさくした	4
げきさくして	4
げきさくしている	4
げきさくしています	4
げきさくしていた	4
げきさくしていました	4
げきさくしてる	4
げきさくしてます	4
りきさくする	4
りきさくします	4
りきさくしません	4
りきさくしました	4
りきさくしませんでした	4
りきさくしましょう	4
りきさくしない	4
りきさくしなかった	4
りきさくした	4
りきさくして	4
りきさくしている	4
りきさくしています	4
りきさくしていた	4
りきさくしていました	4
りきさくしてる	4
りきさくしてます	4
りきとうする	4
りきとうします	4
りきとうしません	4
りきとうしました	4
りきとうしませんでした	4
りきとうしましょう	4
りきとうしない	4
りきとうしなかった	4
りきとうした	4
りきとうして	4
りきとうしている	4
りきとうしています	4
りきとうしていた	4
りきとうしていました	4
りきとうしてる	4
りきとうしてます	4
りきせつする	4
りきせつします	4
りきせつしません	4
りきせつしました	4
りきせつしませんでした	4
りきせつしましょう	4
りきせつしない	4
りきせつしなかった	4
りきせつした	4
りきせつして	4
りきせつしている	4
りきせつしています	4
りきせつしていた	4
りきせつしていました	4
りきせつしてる	4
りきせつしてます	4
かにゅうする	3
かにゅうします	3
かにゅうしません	3
かにゅうしました	3
かにゅうしませんでした	3
かにゅうしましょう	3
かにゅうしない	3
かにゅうしなかった	3
かにゅうした	3
かにゅうして	3
かにゅうしている	3
かにゅうしています	3
かにゅうしていた	3
かにゅうしていました	3
かにゅうしてる	3
かにゅうしてます	3
かみする	1
かみします	1
かみしません	1
かみしました	1
かみしませんでした	1
かみしましょう	1
かみしない	1
かみしなかった	1
かみした	1
かみして	1
かみしている	1
かみしています	1
かみしていた	1
かみしていました	1
かみしてる	1
かみしてます	1
かあつする	3
かあつします	3
かあつしません	3
かあつしました	3
かあつしませんでした	3
かあつしましょう	3
かあつしない	3
かあつしなかった	3
かあつした	3
かあつして	3
かあつしている	3
かあつしています	3
かあつしていた	3
かあつしていました	3
かあつしてる	3
かあつしてます	3
かたんする	3
かたんします	3
かたんしません	3
かたんしました	3
かたんしませんでした	3
かたんしましょう	3
かたんしない	3
かたんしなかった	3
かたんした	3
かたんして	3
かたんしている	3
かたんしています	3
かたんしていた	3
かたんしていました	3
かたんしてる	3
かたんしてます	3
かげんする	3
かげんします	3
かげんしません	3
かげんしました	3
かげんしませんでした	3
かげんしましょう	3
かげんしない	3
かげんしなかった	3
かげんした	3
かげんして	3
かげんしている	3
かげんしています	3
かげんしていた	3
かげんしていました	3
かげんしてる	3
かげんしてます	3
かてんする	3
かてんします	3
かてんしません	3
かてんしました	3
かてんしませんでした	3
かてんしましょう	3
かてんしない	3
かてんしなかった	3
かてんした	3
かてんして	3
かてんしている	3
かてんしています	3
かてんしていた	3
かてんしていました	3
かてんしてる	3
かてんしてます	3
かねつする	3
かねつします	3
かねつしません	3
かねつしました	3
かねつしませんでした	3
かねつしましょう	3
かねつしない	3
かねつしなかった	3
かねつした	3
かねつして	3
かねつしている	3
かねつしています	3
かねつしていた	3
かねつしていました	3
かねつしてる	3
かねつしてます	3
かめいする	3
かめいします	3
かめいしません	3
かめいしました	3
かめいしませんでした	3
かめいしましょう	3
かめいしない	3
かめいしなかった	3
かめいした	3
かめいして	3
かめいしている	3
かめいしています	3
かめいしていた	3
かめいしていました	3
かめいしてる	3
かめいしてます	3
かさんする	3
かさんします	3
かさんしません	3
かさんしました	3
かさんしませんでした	3
かさんしましょう	3
かさんしない	3
かさんしなかった	3
かさんした	3
かさんして	3
かさんしている	3
かさんしています	3
かさんしていた	3
かさんしていました	3
かさんしてる	3
かさんしてます	3
かそくする	3
かそくします	3
かそくしません	3
かそくしました	3
かそくしませんでした	3
かそくしましょう	3
かそくしない	3
かそくしなかった	3
かそくした	3
かそくして	3
かそくしている	3
かそくしています	3
かそくしていた	3
かそくしていました	3
かそくしてる	3
かそくしてます	3
かじゅうする	3
かじゅうします	3
かじゅうしません	3
かじゅうしました	3
かじゅうしませんでした	3
かじゅうしましょう	3
かじゅうしない	3
かじゅうしなかった	3
かじゅうした	3
かじゅうして	3
かじゅうしている	3
かじゅうしています	3
かじゅうしていた	3
かじゅうしていました	3
かじゅうしてる	3
かじゅうしてます	3
れっかする	3
れっかします	3
れっかしません	3
れっかしました	3
れっかしませんでした	3
れっかしましょう	3
れっかしない	3
れっかしなかった	3
れっかした	3
れっかして	3
れっかしている	3
れっかしています	3
れっかしていた	3
れっかしていました	3
れっかしてる	3
れっかしてます	3
じょせいする	3
じょせいします	3
じょせいしません	3
じょせいしました	3
じょせいしませんでした	3
じょせいしましょう	3
じょせいしない	3
じょせいしなかった	3
じょせいした	3
じょせいして	3
じょせいしている	3
じょせいしています	3
じょせいしていた	3
じょせいしていました	3
じょせいしてる	3
じょせいしてます	3
じょえんする	3
じょえんします	3
じょえんしません	3
じょえんしました	3
じょえんしませんでした	3
じょえんしましょう	3
じょえんしない	3
じょえんしなかった	3
じょえんした	3
じょえんして	3
じょえんしている	3
じょえんしています	3
じょえんしていた	3
じょえんしていました	3
じょえんしてる	3
じょえんしてます	3
じょげんする	3
じょげんします	3
じょげんしません	3
じょげんしました	3
じょげんしませんでした	3
じょげんしましょう	3
じょげんしない	3
じょげんしなかった	3
じょげんした	3
じょげんして	3
じょげんしている	3
じょげんしています	3
じょげんしていた	3
じょげんしていました	3
じょげんしてる	3
じょげんしてます	3
どりょくする	1
どりょくします	1
どりょくしません	1
どりょくしました	1
どりょくしませんでした	1
どりょくしましょう	1
どりょくしない	1
どりょくしなかった	1
どりょくした	1
どりょくして	1
どりょくしている	1
どりょくしています	1
どりょくしていた	1
どりょくしていました	1
どりょくしてる	1
どりょくしてます	1
ろうさくする	4
ろうさくします	4
ろうさくしません	4
ろうさくしました	4
ろうさくしませんでした	4
ろうさくしましょう	4
ろうさくしない	4
ろうさくしなかった	4
ろうさくした	4
ろうさくして	4
ろうさくしている	4
ろうさくしています	4
ろうさくしていた	4
ろうさくしていました	4
ろうさくしてる	4
ろうさくしてます	4
ろうどうする	4
ろうどうします	4
ろうどうしません	4
ろうどうしました	4
ろうどうしませんでした	4
ろうどうしましょう	4
ろうどうしない	4
ろうどうしなかった	4
ろうどうした	4
ろうどうして	4
ろうどうしている	4
ろうどうしています	4
ろうどうしていた	4
ろうどうしていました	4
ろうどうしてる	4
ろうどうしてます	4
ぼっきする	3
ぼっきします	3
ぼっきしません	3
ぼっきしました	3
ぼっきしませんでした	3
ぼっきしましょう	3
ぼっきしない	3
ぼっきしなかった	3
ぼっきした	3
ぼっきして	3
ぼっきしている	3
ぼっきしています	3
ぼっきしていた	3
ぼっきしていました	3
ぼっきしてる	3
ぼっきしてます	3
ゆうたいする	4
ゆうたいします	4
ゆうたいしません	4
ゆうたいしました	4
ゆうたいしませんでした	4
ゆうたいしましょう	4
ゆうたいしない	4
ゆうたいしなかった	4
ゆうたいした	4
ゆうたいして	4
ゆうたいしている	4
ゆうたいしています	4
ゆうたいしていた	4
ゆうたいしていました	4
ゆうたいしてる	4
ゆうたいしてます	4
べんがくする	1
べんがくします	1
べんがくしません	1
べんがくしました	1
べんがくしませんでした	1
べんがくしましょう	1
べんがくしない	1
べんがくしなかった	1
べんがくした	1
べんがくして	1
べんがくしている	1
べんがくしています	1
べんがくしていた	1
べんがくしていました	1
べんがくしてる	1
べんがくしてます	1
べんきょうする	4
べんきょうします	4
べんきょうしません	4
べんきょうしました	4
べんきょうしませんでした	4
べんきょうしましょう	4
べんきょうしない	4
べんきょうしなかった	4
べんきょうした	4
べんきょうして	4
べんきょうしている	4
べんきょうしています	4
べんきょうしていた	4
べんきょうしていました	4
べんきょうしてる	4
べんきょうしてます	4
どうさする	1
どうさします	1
どうさしません	1
どうさしました	1
どうさしませんでした	1
どうさしましょう	1
どうさしない	1
どうさしなかった	1
どうさした	1
どうさして	1
どうさしている	1
どうさしています	1
どうさしていた	1
どうさしていました	1
どうさしてる	1
どうさしてます	1
どういんする	4
どういんします	4
どういんしません	4
どういんしました	4
どういんしませんでした	4
どういんしましょう	4
どういんしない	4
どういんしなかった	4
どういんした	4
どういんして	4
どういんしている	4
どういんしています	4
どういんしていた	4
どういんしていました	4
どういんしてる	4
どういんしてます	4
どうようする	4
どうようします	4
どうようしません	4
どうようしました	4
どうようしませんでした	4
どうようしましょう	4
どうようしない	4
どうようしなかった	4
どうようした	4
どうようして	4
どうようしている	4
どうようしています	4
どうようしていた	4
どうようしていました	4
どうようしてる	4
どうようしてます	4
かんじょうする	3
かんじょうします	3
かんじょうしません	3
かんじょうしました	3
かんじょうしませんでした	3
かんじょうしましょう	3
かんじょうしない	3
かんじょうしなかった	3
かんじょうした	3
かんじょうして	3
かんじょうしている	3
かんじょうしています	3
かんじょうしていた	3
かんじょうしていました	3
かんじょうしてる	3
かんじょうしてます	3
かんあんする	4
かんあんします	4
かんあんしません	4
かんあんしました	4
かんあんしませんでした	4
かんあんしましょう	4
かんあんしない	4
かんあんしなかった	4
かんあんした	4
かんあんして	4
かんあんしている	4
かんあんしています	4
かんあんしていた	4
かんあんしていました	4
かんあんしてる	4
かんあんしてます	4
かんちがいする	3
かんちがいします	3
かんちがいしません	3
かんちがいしました	3
かんちがいしませんでした	3
かんちがいしましょう	3
かんちがいしない	3
かんちがいしなかった	3
かんちがいした	3
かんちがいして	3
かんちがいしている	3
かんちがいしています	3
かんちがいしていた	3
かんちがいしていました	3
かんちがいしてる	3
かんちがいしてます	3
しょうりする	1
しょうりします	1
しょうりしません	1
しょうりしました	1
しょうりしませんでした	1
しょうりしましょう	1
しょうりしない	1
しょうりしなかった	1
しょうりした	1
しょうりして	1
しょうりしている	1
しょうりしています	1
しょうりしていた	1
しょうりしていました	1
しょうりしてる	1
しょうりしてます	1
しょうそする	1
しょうそします	1
しょうそしません	1
しょうそしました	1
しょうそしませんでした	1
しょうそしましょう	1
しょうそしない	1
しょうそしなかった	1
しょうそした	1
しょうそして	1
しょうそしている	1
しょうそしています	1
しょうそしていた	1
しょうそしていました	1
しょうそしてる	1
しょうそしてます	1
しょうぶする	1
しょうぶします	1
しょうぶしません	1
しょうぶしました	1
しょうぶしませんでした	1
しょうぶしましょう	1
しょうぶしない	1
しょうぶしなかった	1
しょうぶした	1
しょうぶして	1
しょうぶしている	1
しょうぶしています	1
しょうぶしていた	1
しょうぶしていました	1
しょうぶしてる	1
しょうぶしてます	1
ぼきんする	3
ぼきんします	3
ぼきんしません	3
ぼきんしました	3
ぼきんしませんでした	3
ぼきんしましょう	3
ぼきんしない	3
ぼきんしなかった	3
ぼきんした	3
ぼきんして	3
ぼきんしている	3
ぼきんしています	3
ぼきんしていた	3
ぼきんしていました	3
ぼきんしてる	3
ぼきんしてます	3
ぼしゅうする	3
ぼしゅうします	3
ぼしゅうしません	3
ぼしゅうしました	3
ぼしゅうしませんでした	3
ぼしゅうしましょう	3
ぼしゅうしない	3
ぼしゅうしなかった	3
ぼしゅうした	3
ぼしゅうして	3
ぼしゅうしている	3
ぼしゅうしています	3
ぼしゅうしていた	3
ぼしゅうしていました	3
ぼしゅうしてる	3
ぼしゅうしてます	3
せいぞろいする	3
せいぞろいします	3
せいぞろいしません	3
せいぞろいしました	3
せいぞろいしませんでした	3
せいぞろいしましょう	3
せいぞろいしない	3
せいぞろいしなかった	3
せいぞろいした	3
せいぞろいして	3
せいぞろいしている	3
せいぞろいしています	3
せいぞろいしていた	3
せいぞろいしていました	3
せいぞろいしてる	3
せいぞろいしてます	3
きんろうする	4
きんろうします	4
きんろうしません	4
きんろうしました	4
きんろうしませんでした	4
きんろうしましょう	4
きんろうしない	4
きんろうしなかった	4
きんろうした	4
きんろうして	4
きんろうしている	4
きんろうしています	4
きんろうしていた	4
きんろうしていました	4
きんろうしてる	4
きんろうしてます	4
きんむする	1
きんむします	1
きんむしません	1
きんむしました	1
きんむしませんでした	1
きんむしましょう	1
きんむしない	1
きんむしなかった	1
きんむした	1
きんむして	1
きんむしている	1
きんむしています	1
きんむしていた	1
きんむしていました	1
きんむしてる	1
きんむしてます	1
きんぞくする	4
きんぞくします	4
きんぞくしません	4
きんぞくしました	4
きんぞくしませんでした	4
きんぞくしましょう	4
きんぞくしない	4
きんぞくしなかった	4
きんぞくした	4
きんぞくして	4
きんぞくしている	4
きんぞくしています	4
きんぞくしていた	4
きんぞくしていました	4
きんぞくしてる	4
きんぞくしてます	4
かんこくする	4
かんこくします	4
かんこくしません	4
かんこくしました	4
かんこくしませんでした	4
かんこくしましょう	4
かんこくしない	4
かんこくしなかった	4
かんこくした	4
かんこくして	4
かんこくしている	4
かんこくしています	4
かんこくしていた	4
かんこくしていました	4
かんこくしてる	4
かんこくしてます	4
かんしょうする	4
かんしょうします	4
かんしょうしません	4
かんしょうしました	4
かんしょうしませんでした	4
かんしょうしましょう	4
かんしょうしない	4
かんしょうしなかった	4
かんしょうした	4
かんしょうして	4
かんしょうしている	4
かんしょうしています	4
かんしょうしていた	4
かんしょうしていました	4
かんしょうしてる	4
かんしょうしてます	4
かんゆうする	4
かんゆうします	4
かんゆうしません	4
かんゆうしました	4
かんゆうしませんでした	4
かんゆうしましょう	4
かんゆうしない	4
かんゆうしなかった	4
かんゆうした	4
かんゆうして	4
かんゆうしている	4
かんゆうしています	4
かんゆうしていた	4
かんゆうしていました	4
かんゆうしてる	4
かんゆうしてます	4
ほういする	1
ほういします	1
ほういしません	1
ほういしました	1
ほういしませんでした	1
ほういしましょう	1
ほういしない	1
ほういしなかった	1
ほういした	1
ほういして	1
ほういしている	1
ほういしています	1
ほういしていた	1
ほういしていました	1
ほういしてる	1
ほういしてます	1
ほうたいする	4
ほうたいします	4
ほうたいしません	4
ほうたいしました	4
ほうたいしませんでした	4
ほうたいしましょう	4
ほうたいしない	4
ほうたいしなかった	4
ほうたいした	4
ほうたいして	4
ほうたいしている	4
ほうたいしています	4
ほうたいしていた	4
ほうたいしていました	4
ほうたいしてる	4
ほうたいしてます	4
ほうかつする	4
ほうかつします	4
ほうかつしません	4
ほうかつしました	4
ほうかつしませんでした	4
ほうかつしましょう	4
ほうかつしない	4
ほうかつしなかった	4
ほうかつした	4
ほうかつして	4
ほうかつしている	4
ほうかつしています	4
ほうかつしていた	4
ほうかつしていました	4
ほうかつしてる	4
ほうかつしてます	4
ほうそうする	4
ほうそうします	4
ほうそうしません	4
ほうそうしました	4
ほうそうしませんでした	4
ほうそうしましょう	4
ほうそうしない	4
ほうそうしなかった	4
ほうそうした	4
ほうそうして	4
ほうそうしている	4
ほうそうしています	4
ほうそうしていた	4
ほうそうしていました	4
ほうそうしてる	4
ほうそうしてます	4
かごうする	3
かごうします	3
かごうしません	3
かごうしました	3
かごうしませんでした	3
かごうしましょう	3
かごうしない	3
かごうしなかった	3
かごうした	3
かごうして	3
かごうしている	3
かごうしています	3
かごうしていた	3
かごうしていました	3
かごうしてる	3
かごうしてます	3
かせいする	3
かせいします	3
かせいしません	3
かせいしました	3
かせいしませんでした	3
かせいしましょう	3
かせいしない	3
かせいしなかった	3
かせいした	3
かせいして	3
かせいしている	3
かせいしています	3
かせいしていた	3
かせいしていました	3
かせいしてる	3
かせいしてます	3
かせきする	3
かせきします	3
かせきしません	3
かせきしました	3
かせきしませんでした	3
かせきしましょう	3
かせきしない	3
かせきしなかった	3
かせきした	3
かせきして	3
かせきしている	3
かせきしています	3
かせきしていた	3
かせきしていました	3
かせきしてる	3
かせきしてます	3
けしょうする	2
けしょうします	2
けしょうしません	2
けしょうしました	2
けしょうしませんでした	2
けしょうしましょう	2
けしょうしない	2
けしょうしなかった	2
けしょうした	2
けしょうして	2
けしょうしている	2
けしょうしています	2
けしょうしていた	2
けしょうしていました	2
けしょうしてる	2
けしょうしてます	2
ほくじょうする	4
ほくじょうします	4
ほくじょうしません	4
ほくじょうしました	4
ほくじょうしませんでした	4
ほくじょうしましょう	4
ほくじょうしない	4
ほくじょうしなかった	4
ほくじょうした	4
ほくじょうして	4
ほくじょうしている	4
ほくじょうしています	4
ほくじょうしていた	4
ほくじょうしていました	4
ほくじょうしてる	4
ほくじょうしてます	4
ひってきする	4
ひってきします	4
ひってきしません	4
ひってきしました	4
ひってきしませんでした	4
ひってきしましょう	4
ひってきしない	4
ひってきしなかった	4
ひってきした	4
ひってきして	4
ひってきしている	4
ひってきしています	4
ひってきしていた	4
ひってきしていました	4
ひってきしてる	4
ひってきしてます	4
くぶんする	3
くぶんします	3
くぶんしません	3
くぶんしました	3
くぶんしませんでした	3
くぶんしましょう	3
くぶんしない	3
くぶんしなかった	3
くぶんした	3
くぶんして	3
くぶんしている	3
くぶんしています	3
くぶんしていた	3
くぶんしていました	3
くぶんしてる	3
くぶんしてます	3
くべつする	1
くべつします	1
くべつしません	1
くべつしました	1
くべつしませんでした	1
くべつしましょう	1
くべつしない	1
くべつしなかった	1
くべつした	1
くべつして	1
くべつしている	1
くべつしています	1
くべつしていた	1
くべつしていました	1
くべつしてる	1
くべつしてます	1
くかくする	3
くかくします	3
くかくしません	3
くかくしました	3
くかくしませんでした	3
くかくしましょう	3
くかくしない	3
くかくしなかった	3
くかくした	3
くかくして	3
くかくしている	3
くかくしています	3
くかくしていた	3
くかくしていました	3
くかくしてる	3
くかくしてます	3
じゅうぶんする	3
じゅうぶんします	3
じゅうぶんしません	3
じゅうぶんしました	3
じゅうぶんしませんでした	3
じゅうぶんしましょう	3
じゅうぶんしない	3
じゅうぶんしなかった	3
じゅうぶんした	3
じゅうぶんして	3
じゅうぶんしている	3
じゅうぶんしています	3
じゅうぶんしていた	3
じゅうぶんしていました	3
じゅうぶんしてる	3
じゅうぶんしてます	3
はんげんする	3
はんげんします	3
はんげんしません	3
はんげんしました	3
はんげんしませんでした	3
はんげんしましょう	3
はんげんしない	3
はんげんしなかった	3
はんげんした	3
はんげんして	3
はんげんしている	3
はんげんしています	3
はんげんしていた	3
はんげんしていました	3
はんげんしてる	3
はんげんしてます	3
そつぎょうする	4
そつぎょうします	4
そつぎょうしません	4
そつぎょうしました	4
そつぎょうしませんでした	4
そつぎょうしましょう	4
そつぎょうしない	4
そつぎょうしなかった	4
そつぎょうした	4
そつぎょうして	4
そつぎょうしている	4
そつぎょうしています	4
そつぎょうしていた	4
そつぎょうしていました	4
そつぎょうしてる	4
そつぎょうしてます	4
たくえつする	4
たくえつします	4
たくえつしません	4
たくえつしました	4
たくえつしませんでした	4
たくえつしましょう	4
たくえつしない	4
たくえつしなかった	4
たくえつした	4
たくえつして	4
たくえつしている	4
たくえつしています	4
たくえつしていた	4
たくえつしていました	4
たくえつしてる	4
たくえつしてます	4
きょうりょくする	4
きょうりょくします	4
きょうりょくしません	4
きょうりょくしました	4
きょうりょくしませんでした	4
きょうりょくしましょう	4
きょうりょくしない	4
きょうりょくしなかった	4
きょうりょくした	4
きょうりょくして	4
きょうりょくしている	4
きょうりょくしています	4
きょうりょくしていた	4
きょうりょくしていました	4
きょうりょくしてる	4
きょうりょくしてます	4
きょうていする	4
きょうていします	4
きょうていしません	4
きょうていしました	4
きょうていしませんでした	4
きょうていしましょう	4
きょうていしない	4
きょうていしなかった	4
きょうていした	4
きょうていして	4
きょうていしている	4
きょうていしています	4
きょうていしていた	4
きょうていしていました	4
きょうていしてる	4
きょうていしてます	4
きょうちょうする	4
きょうちょうします	4
きょうちょうしません	4
きょうちょうしました	4
きょうちょうしませんでした	4
きょうちょうしましょう	4
きょうちょうしない	4
きょうちょうしなかった	4
きょうちょうした	4
きょうちょうして	4
きょうちょうしている	4
きょうちょうしています	4
きょうちょうしていた	4
きょうちょうしていました	4
きょうちょうしてる	4
きょうちょうしてます	4
きょうぎする	1
きょうぎします	1
きょうぎしません	1
きょうぎしました	1
きょうぎしませんでした	1
きょうぎしましょう	1
きょうぎしない	1
きょうぎしなかった	1
きょうぎした	1
きょうぎして	1
きょうぎしている	1
きょうぎしています	1
きょうぎしていた	1
きょうぎしていました	1
きょうぎしてる	1
きょうぎしてます	1
きょうさんする	4
きょうさんします	4
きょうさんしません	4
きょうさんしました	4
きょうさんしませんでした	4
きょうさんしましょう	4
きょうさんしない	4
きょうさんしなかった	4
きょうさんした	4
きょうさんして	4
きょうさんしている	4
きょうさんしています	4
きょうさんしていた	4
きょうさんしていました	4
きょうさんしてる	4
きょうさんしてます	4
たんしんふにんする	4
たんしんふにんします	4
たんしんふにんしません	4
たんしんふにんしました	4
たんしんふにんしませんでした	4
たんしんふにんしましょう	4
たんしんふにんしない	4
たんしんふにんしなかった	4
たんしんふにんした	4
たんしんふにんして	4
たんしんふにんしている	4
たんしんふにんしています	4
たんしんふにんしていた	4
たんしんふにんしていました	4
たんしんふにんしてる	4
たんしんふにんしてます	4
せんきょする	1
せんきょします	1
せんきょしません	1
せんきょしました	1
せんきょしませんでした	1
せんきょしましょう	1
せんきょしない	1
せんきょしなかった	1
せんきょした	1
せんきょして	1
せんきょしている	1
せんきょしています	1
せんきょしていた	1
せんきょしていました	1
せんきょしてる	1
せんきょしてます	1
せんりょうする	4
せんりょうします	4
せんりょうしません	4
せんりょうしました	4
せんりょうしませんでした	4
せんりょうしましょう	4
せんりょうしない	4
せんりょうしなかった	4
せんりょうした	4
せんりょうして	4
せんりょうしている	4
せんりょうしています	4
せんりょうしていた	4
せんりょうしていました	4
せんりょうしてる	4
せんりょうしてます	4
いんさつする	4
いんさつします	4
いんさつしません	4
いんさつしました	4
いんさつしませんでした	4
いんさつしましょう	4
いんさつしない	4
いんさつしなかった	4
いんさつした	4
いんさつして	4
いんさつしている	4
いんさつしています	4
いんさつしていた	4
いんさつしていました	4
いんさつしてる	4
いんさつしてます	4
きぐする	1
きぐします	1
きぐしません	5
きぐしました	1
きぐしませんでした	5
きぐしましょう	5
きぐしない	1
きぐしなかった	1
きぐした	1
きぐして	2
きぐしている	2
きぐしています	2
きぐしていた	2
きぐしていました	2
きぐしてる	4
きぐしてます	2
そくするする	3
そくするします	6
そくするしません	7
そくするしました	6
そくするしませんでした	7
そくするしましょう	7
そくするしない	5
そくするしなかった	5
そくするした	3
そくするして	3
そくするしている	3
そくするしています	3
そくするしていた	3
そくするしていました	3
そくするしてる	3
そくするしてます	3
そくいする	1
そくいします	1
そくいしません	1
そくいしました	1
そくいしませんでした	1
そくいしましょう	1
そくいしない	1
そくいしなかった	1
そくいした	1
そくいして	1
そくいしている	1
そくいしています	1
そくいしていた	1
そくいしていました	1
そくいしてる	1
そくいしてます	1
そくばいする	4
そくばいします	4
そくばいしません	4
そくばいしました	4
そくばいしませんでした	4
そくばいしましょう	4
そくばいしない	4
そくばいしなかった	4
そくばいした	4
そくばいして	4
そくばいしている	4
そくばいしています	4
そくばいしていた	4
そくばいしていました	4
そくばいしてる	4
そくばいしてます	4
そくしする	3
そくしします	3
そくししません	3
そくししました	3
そくししませんでした	3
そくししましょう	3
そくししない	3
そくししなかった	3
そくしした	3
そくしして	3
そくししている	3
そくししています	3
そくししていた	3
そくししていました	3
そくししてる	3
そくししてます	3
あつぎする	3
あつぎします	3
あつぎしません	3
あつぎしました	3
あつぎしませんでした	3
あつぎしましょう	3
あつぎしない	3
あつぎしなかった	3
あつぎした	3
あつぎして	3
あつぎしている	3
あつぎしています	3
あつぎしていた	3
あつぎしていました	3
あつぎしてる	3
あつぎしてます	3
げんいんする	4
げんいんします	4
げんいんしません	4
げんいんしました	4
げんいんしませんでした	4
げんいんしましょう	4
げんいんしない	4
げんいんしなかった	4
げんいんした	4
げんいんして	4
げんいんしている	4
げんいんしています	4
げんいんしていた	4
げんいんしていました	4
げんいんしてる	4
げんいんしてます	4
げんぱつする	4
げんぱつします	4
げんぱつしません	4
げんぱつしました	4
げんぱつしませんでした	4
げんぱつしましょう	4
げんぱつしない	4
げんぱつしなかった	4
げんぱつした	4
げんぱつして	4
げんぱつしている	4
げんぱつしています	4
げんぱつしていた	4
げんぱつしていました	4
げんぱつしてる	4
げんぱつしてます	4
げんしゅする	1
げんしゅします	1
げんしゅしません	1
げんしゅしました	1
げんしゅしませんでした	1
げんしゅしましょう	1
げんしゅしない	1
げんしゅしなかった	1
げんしゅした	1
げんしゅして	1
げんしゅしている	1
げんしゅしています	1
げんしゅしていた	1
げんしゅしていました	1
げんしゅしてる	1
げんしゅしてます	1
さんよする	1
さんよします	1
さんよしません	1
さんよしました	1
さんよしませんでした	1
さんよしましょう	1
さんよしない	1
さんよしなかった	1
さんよした	1
さんよして	1
さんよしている	1
さんよしています	1
さんよしていた	1
さんよしていました	1
さんよしてる	1
さんよしてます	1
さんにゅうする	4
さんにゅうします	4
さんにゅうしません	4
さんにゅうしました	4
さんにゅうしませんでした	4
さんにゅうしましょう	4
さんにゅうしない	4
さんにゅうしなかった	4
さんにゅうした	4
さんにゅうして	4
さんにゅうしている	4
さんにゅうしています	4
さんにゅうしていた	4
さんにゅうしていました	4
さんにゅうしてる	4
さんにゅうしてます	4
さんれつする	4
さんれつします	4
さんれつしません	4
さんれつしました	4
さんれつしませんでした	4
さんれつしましょう	4
さんれつしない	4
さんれつしなかった	4
さんれつした	4
さんれつして	4
さんれつしている	4
さんれつしています	4
さんれつしていた	4
さんれつしていました	4
さんれつしてる	4
さんれつしてます	4
さんかする	3
さんかします	3
さんかしません	3
さんかしました	3
さんかしませんでした	3
さんかしましょう	3
さんかしない	3
さんかしなかった	3
さんかした	3
さんかして	3
さんかしている	3
さんかしています	3
さんかしていた	3
さんかしていました	3
さんかしてる	3
さんかしてます	3
さんせんする	4
さんせんします	4
さんせんしません	4
さんせんしました	4
さんせんしませんでした	4
さんせんしましょう	4
さんせんしない	4
さんせんしなかった	4
さんせんした	4
さんせんして	4
さんせんしている	4
さんせんしています	4
さんせんしていた	4
さんせんしていました	4
さんせんしてる	4
さんせんしてます	4
さんぱいする	4
さんぱいします	4
さんぱいしません	4
さんぱいしました	4
さんぱいしませんでした	4
さんぱいしましょう	4
さんぱいしない	4
さんぱいしなかった	4
さんぱいした	4
さんぱいして	4
さんぱいしている	4
さんぱいしています	4
さんぱいしていた	4
さんぱいしていました	4
さんぱいしてる	4
さんぱいしてます	4
さんしょうする	4
さんしょうします	4
さんしょうしません	4
さんしょうしました	4
さんしょうしませんでした	4
さんしょうしましょう	4
さんしょうしない	4
さんしょうしなかった	4
さんしょうした	4
さんしょうして	4
さんしょうしている	4
さんしょうしています	4
さんしょうしていた	4
さんしょうしていました	4
さんしょうしてる	4
さんしょうしてます	4
さんかくする	4
さんかくします	4
さんかくしません	4
さんかくしました	4
さんかくしませんでした	4
さんかくしましょう	4
さんかくしない	4
さんかくしなかった	4
さんかくした	4
さんかくして	4
さんかくしている	4
さんかくしています	4
さんかくしていた	4
さんかくしていました	4
さんかくしてる	4
さんかくしてます	4
さんかんする	4
さんかんします	4
さんかんしません	4
さんかんしました	4
さんかんしませんでした	4
さんかんしましょう	4
さんかんしない	4
さんかんしなかった	4
さんかんした	4
さんかんして	4
さんかんしている	4
さんかんしています	4
さんかんしていた	4
さんかんしていました	4
さんかんしてる	4
さんかんしてます	4
はんするする	3
はんするします	6
はんするしません	7
はんするしました	6
はんするしませんでした	7
はんするしましょう	7
はんするしない	5
はんするしなかった	5
はんするした	3
はんするして	3
はんするしている	3
はんするしています	3
はんするしていた	3
はんするしていました	3
はんするしてる	3
はんするしてます	3
はんらんする	4
はんらんします	4
はんらんしません	4
はんらんしました	4
はんらんしませんでした	4
はんらんしましょう	4
はんらんしない	4
はんらんしなかった	4
はんらんした	4
はんらんして	4
はんらんしている	4
はんらんしています	4
はんらんしていた	4
はんらんしていました	4
はんらんしてる	4
はんらんしてます	4
はんそくする	4
はんそくします	4
はんそくしません	4
はんそくしました	4
はんそくしませんでした	4
はんそくしましょう	4
はんそくしない	4
はんそくしなかった	4
はんそくした	4
はんそくして	4
はんそくしている	4
はんそくしています	4
はんそくしていた	4
はんそくしていました	4
はんそくしてる	4
はんそくしてます	4
はんたいする	4
はんたいします	4
はんたいしません	4
はんたいしました	4
はんたいしませんでした	4
はんたいしましょう	4
はんたいしない	4
はんたいしなかった	4
はんたいした	4
はんたいして	4
はんたいしている	4
はんたいしています	4
はんたいしていた	4
はんたいしていました	4
はんたいしてる	4
はんたいしてます	4
はんしゃする	3
はんしゃします	3
はんしゃしません	3
はんしゃしました	3
はんしゃしませんでした	3
はんしゃしましょう	3
はんしゃしない	3
はんしゃしなかった	3
はんしゃした	3
はんしゃして	3
はんしゃしている	3
はんしゃしています	3
はんしゃしていた	3
はんしゃしていました	3
はんしゃしてる	3
はんしゃしてます	3
はんのうする	4
はんのうします	4
はんのうしません	4
はんのうしました	4
はんのうしませんでした	4
はんのうしましょう	4
はんのうしない	4
はんのうしなかった	4
はんのうした	4
はんのうして	4
はんのうしている	4
はんのうしています	4
はんのうしていた	4
はんのうしていました	4
はんのうしてる	4
はんのうしてます	4
はんこうする	4
はんこうします	4
はんこうしません	4
はんこうしました	4
はんこうしませんでした	4
はんこうしましょう	4
はんこうしない	4
はんこうしなかった	4
はんこうした	4
はんこうして	4
はんこうしている	4
はんこうしています	4
はんこうしていた	4
はんこうしていました	4
はんこうしてる	4
はんこうしてます	4
はんげきする	4
はんげきします	4
はんげきしません	4
はんげきしました	4
はんげきしませんでした	4
はんげきしましょう	4
はんげきしない	4
はんげきしなかった	4
はんげきした	4
はんげきして	4
はんげきしている	4
はんげきしています	4
はんげきしていた	4
はんげきしていました	4
はんげきしてる	4
はんげきしてます	4
はんえいする	4
はんえいします	4
はんえいしません	4
はんえいしました	4
はんえいしませんでした	4
はんえいしましょう	4
はんえいしない	4
はんえいしなかった	4
はんえいした	4
はんえいして	4
はんえいしている	4
はんえいしています	4
はんえいしていた	4
はんえいしていました	4
はんえいしてる	4
はんえいしてます	4
はんぱつする	4
はんぱつします	4
はんぱつしません	4
はんぱつしました	4
はんぱつしませんでした	4
はんぱつしましょう	4
はんぱつしない	4
はんぱつしなかった	4
はんぱつした	4
はんぱつして	4
はんぱつしている	4
はんぱつしています	4
はんぱつしていた	4
はんぱつしていました	4
はんぱつしてる	4
はんぱつしてます	4
はんせいする	4
はんせいします	4
はんせいしません	4
はんせいしました	4
はんせいしませんでした	4
はんせいしましょう	4
はんせいしない	4
はんせいしなかった	4
はんせいした	4
はんせいして	4
はんせいしている	4
はんせいしています	4
はんせいしていた	4
はんせいしていました	4
はんせいしてる	4
はんせいしてます	4
はんらくする	4
はんらくします	4
はんらくしません	4
はんらくしました	4
はんらくしませんでした	4
はんらくしましょう	4
はんらくしない	4
はんらくしなかった	4
はんらくした	4
はんらくして	4
はんらくしている	4
はんらくしています	4
はんらくしていた	4
はんらくしていました	4
はんらくしてる	4
はんらくしてます	4
はんろんする	4
はんろんします	4
はんろんしません	4
はんろんしました	4
はんろんしませんでした	4
はんろんしましょう	4
はんろんしない	4
はんろんしなかった	4
はんろんした	4
はんろんして	4
はんろんしている	4
はんろんしています	4
はんろんしていた	4
はんろんしていました	4
はんろんしてる	4
はんろんしてます	4
はんてんする	4
はんてんします	4
はんてんしません	4
はんてんしました	4
はんてんしませんでした	4
はんてんしましょう	4
はんてんしない	4
はんてんしなかった	4
はんてんした	4
はんてんして	4
はんてんしている	4
はんてんしています	4
はんてんしていた	4
はんてんしていました	4
はんてんしてる	4
はんてんしてます	4
はんぎゃくする	4
はんぎゃくします	4
はんぎゃくしません	4
はんぎゃくしました	4
はんぎゃくしませんでした	4
はんぎゃくしましょう	4
はんぎゃくしない	4
はんぎゃくしなかった	4
はんぎゃくした	4
はんぎゃくして	4
はんぎゃくしている	4
はんぎゃくしています	4
はんぎゃくしていた	4
はんぎゃくしていました	4
はんぎゃくしてる	4
はんぎゃくしてます	4
はんきょうする	4
はんきょうします	4
はんきょうしません	4
はんきょうしました	4
はんきょうしませんでした	4
はんきょうしましょう	4
はんきょうしない	4
はんきょうしなかった	4
はんきょうした	4
はんきょうして	4
はんきょうしている	4
はんきょうしています	4
はんきょうしていた	4
はんきょうしていました	4
はんきょうしてる	4
はんきょうしてます	4
しゅうようする	4
しゅうようします	4
しゅうようしません	4
しゅうようしました	4
しゅうようしませんでした	4
しゅうようしましょう	4
しゅうようしない	4
しゅうようしなかった	4
しゅうようした	4
しゅうようして	4
しゅうようしている	4
しゅうようしています	4
しゅうようしていた	4
しゅうようしていました	4
しゅうようしてる	4
しゅうようしてます	4
しゅうしゅうする	4
しゅうしゅうします	4
しゅうしゅうしません	4
しゅうしゅうしました	4
しゅうしゅうしませんでした	4
しゅうしゅうしましょう	4
しゅうしゅうしない	4
しゅうしゅうしなかった	4
しゅうしゅうした	4
しゅうしゅうして	4
しゅうしゅうしている	4
しゅうしゅうしています	4
しゅうしゅうしていた	4
しゅうしゅうしていました	4
しゅうしゅうしてる	4
しゅうしゅうしてます	4
しゅうかくする	4
しゅうかくします	4
しゅうかくしません	4
しゅうかくしました	4
しゅうかくしませんでした	4
しゅうかくしましょう	4
しゅうかくしない	4
しゅうかくしなかった	4
しゅうかくした	4
しゅうかくして	4
しゅうかくしている	4
しゅうかくしています	4
しゅうかくしていた	4
しゅうかくしていました	4
しゅうかくしてる	4
しゅうかくしてます	4
しゅうのうする	4
しゅうのうします	4
しゅうのうしません	4
しゅうのうしました	4
しゅうのうしませんでした	4
しゅうのうしましょう	4
しゅうのうしない	4
しゅうのうしなかった	4
しゅうのうした	4
しゅうのうして	4
しゅうのうしている	4
しゅうのうしています	4
しゅうのうしていた	4
しゅうのうしていました	4
しゅうのうしてる	4
しゅうのうしてます	4
しゅうしゅくする	4
しゅうしゅくします	4
しゅうしゅくしません	4
しゅうしゅくしました	4
しゅうしゅくしませんでした	4
しゅうしゅくしましょう	4
しゅうしゅくしない	4
しゅうしゅくしなかった	4
しゅうしゅくした	4
しゅうしゅくして	4
しゅうしゅくしている	4
しゅうしゅくしています	4
しゅうしゅくしていた	4
しゅうしゅくしていました	4
しゅうしゅくしてる	4
しゅうしゅくしてます	4
しゅうわいする	4
しゅうわいします	4
しゅうわいしません	4
しゅうわいしました	4
しゅうわいしませんでした	4
しゅうわいしましょう	4
しゅうわいしない	4
しゅうわいしなかった	4
しゅうわいした	4
しゅうわいして	4
しゅうわいしている	4
しゅうわいしています	4
しゅうわいしていた	4
しゅうわいしていました	4
しゅうわいしてる	4
しゅうわいしてます	4
しゅうろくする	4
しゅうろくします	4
しゅうろくしません	4
しゅうろくしました	4
しゅうろくしませんでした	4
しゅうろくしましょう	4
しゅうろくしない	4
しゅうろくしなかった	4
しゅうろくした	4
しゅうろくして	4
しゅうろくしている	4
しゅうろくしています	4
しゅうろくしていた	4
しゅうろくしていました	4
しゅうろくしてる	4
しゅうろくしてます	4
とりこみする	4
とりこみします	6
とりこみしません	7
とりこみしました	6
とりこみしませんでした	7
とりこみしましょう	7
とりこみしない	0
とりこみしなかった	9
とりこみした	6
とりこみして	0
とりこみしている	6
とりこみしています	6
とりこみしていた	6
とりこみしていました	6
とりこみしてる	6
とりこみしてます	7
とりひきする	2
とりひきします	2
とりひきしません	2
とりひきしました	2
とりひきしませんでした	2
とりひきしましょう	2
とりひきしない	2
とりひきしなかった	2
とりひきした	2
とりひきして	2
とりひきしている	2
とりひきしています	2
とりひきしていた	2
とりひきしていました	2
とりひきしてる	2
とりひきしてます	2
しゅとくする	3
しゅとくします	3
しゅとくしません	3
しゅとくしました	3
しゅとくしませんでした	3
しゅとくしましょう	3
しゅとくしない	3
しゅとくしなかった	3
しゅとくした	3
しゅとくして	3
しゅとくしている	3
しゅとくしています	3
しゅとくしていた	3
しゅとくしていました	3
しゅとくしてる	3
しゅとくしてます	3
しゅざいする	3
しゅざいします	3
しゅざいしません	3
しゅざいしました	3
しゅざいしませんでした	3
しゅざいしましょう	3
しゅざいしない	3
しゅざいしなかった	3
しゅざいした	3
しゅざいして	3
しゅざいしている	3
しゅざいしています	3
しゅざいしていた	3
しゅざいしていました	3
しゅざいしてる	3
しゅざいしてます	3
しゅすいする	3
しゅすいします	3
しゅすいしません	3
しゅすいしました	3
しゅすいしませんでした	3
しゅすいしましょう	3
しゅすいしない	3
しゅすいしなかった	3
しゅすいした	3
しゅすいして	3
しゅすいしている	3
しゅすいしています	3
しゅすいしていた	3
しゅすいしていました	3
しゅすいしてる	3
しゅすいしてます	3
うけつけする	4
うけつけします	4
うけつけしません	4
うけつけしました	4
うけつけしませんでした	4
うけつけしましょう	4
うけつけしない	4
うけつけしなかった	4
うけつけした	4
うけつけして	4
うけつけしている	4
うけつけしています	4
うけつけしていた	4
うけつけしていました	4
うけつけしてる	4
うけつけしてます	4
じゅしんする	3
じゅしんします	3
じゅしんしません	3
じゅしんしました	3
じゅしんしませんでした	3
じゅしんしましょう	3
じゅしんしない	3
じゅしんしなかった	3
じゅしんした	3
じゅしんして	3
じゅしんしている	3
じゅしんしています	3
じゅしんしていた	3
じゅしんしていました	3
じゅしんしてる	3
じゅしんしてます	3
じゅぞうする	3
じゅぞうします	3
じゅぞうしません	3
じゅぞうしました	3
じゅぞうしませんでした	3
じゅぞうしましょう	3
じゅぞうしない	3
じゅぞうしなかった	3
じゅぞうした	3
じゅぞうして	3
じゅぞうしている	3
じゅぞうしています	3
じゅぞうしていた	3
じゅぞうしていました	3
じゅぞうしてる	3
じゅぞうしてます	3
じゅけいする	3
じゅけいします	3
じゅけいしません	3
じゅけいしました	3
じゅけいしませんでした	3
じゅけいしましょう	3
じゅけいしない	3
じゅけいしなかった	3
じゅけいした	3
じゅけいして	3
じゅけいしている	3
じゅけいしています	3
じゅけいしていた	3
じゅけいしていました	3
じゅけいしてる	3
じゅけいしてます	3
じゅようする	3
じゅようします	3
じゅようしません	3
じゅようしました	3
じゅようしませんでした	3
じゅようしましょう	3
じゅようしない	3
じゅようしなかった	3
じゅようした	3
じゅようして	3
じゅようしている	3
じゅようしています	3
じゅようしていた	3
じゅようしていました	3
じゅようしてる	3
じゅようしてます	3
じゅちゅうする	3
じゅちゅうします	3
じゅちゅうしません	3
じゅちゅうしました	3
じゅちゅうしませんでした	3
じゅちゅうしましょう	3
じゅちゅうしない	3
じゅちゅうしなかった	3
じゅちゅうした	3
じゅちゅうして	3
じゅちゅうしている	3
じゅちゅうしています	3
じゅちゅうしていた	3
じゅちゅうしていました	3
じゅちゅうしてる	3
じゅちゅうしてます	3
じゅりする	1
じゅりします	1
じゅりしません	1
じゅりしました	1
じゅりしませんでした	1
じゅりしましょう	1
じゅりしない	1
じゅりしなかった	1
じゅりした	1
じゅりして	1
じゅりしている	1
じゅりしています	1
じゅりしていた	1
じゅりしていました	1
じゅりしてる	1
じゅりしてます	1
じゅしょうする	3
じゅしょうします	3
じゅしょうしません	3
じゅしょうしました	3
じゅしょうしませんでした	3
じゅしょうしましょう	3
じゅしょうしない	3
じゅしょうしなかった	3
じゅしょうした	3
じゅしょうして	3
じゅしょうしている	3
じゅしょうしています	3
じゅしょうしていた	3
じゅしょうしていました	3
じゅしょうしてる	3
じゅしょうしてます	3
じゅせいする	3
じゅせいします	3
じゅせいしません	3
じゅせいしました	3
じゅせいしませんでした	3
じゅせいしましょう	3
じゅせいしない	3
じゅせいしなかった	3
じゅせいした	3
じゅせいして	3
じゅせいしている	3
じゅせいしています	3
じゅせいしていた	3
じゅせいしていました	3
じゅせいしてる	3
じゅせいしてます	3
じゅきゅうする	3
じゅきゅうします	3
じゅきゅうしません	3
じゅきゅうしました	3
じゅきゅうしませんでした	3
じゅきゅうしましょう	3
じゅきゅうしない	3
じゅきゅうしなかった	3
じゅきゅうした	3
じゅきゅうして	3
じゅきゅうしている	3
じゅきゅうしています	3
じゅきゅうしていた	3
じゅきゅうしていました	3
じゅきゅうしてる	3
じゅきゅうしてます	3
じゅたくする	3
じゅたくします	3
じゅたくしません	3
じゅたくしました	3
じゅたくしませんでした	3
じゅたくしましょう	3
じゅたくしない	3
じゅたくしなかった	3
じゅたくした	3
じゅたくして	3
じゅたくしている	3
じゅたくしています	3
じゅたくしていた	3
じゅたくしていました	3
じゅたくしてる	3
じゅたくしてます	3
じゅだくする	3
じゅだくします	3
じゅだくしません	3
じゅだくしました	3
じゅだくしませんでした	3
じゅだくしましょう	3
じゅだくしない	3
じゅだくしなかった	3
じゅだくした	3
じゅだくして	3
じゅだくしている	3
じゅだくしています	3
じゅだくしていた	3
じゅだくしていました	3
じゅだくしてる	3
じゅだくしてます	3
じゅこうする	3
じゅこうします	3
じゅこうしません	3
じゅこうしました	3
じゅこうしませんでした	3
じゅこうしましょう	3
じゅこうしない	3
じゅこうしなかった	3
じゅこうした	3
じゅこうして	3
じゅこうしている	3
じゅこうしています	3
じゅこうしていた	3
じゅこうしていました	3
じゅこうしてる	3
じゅこうしてます	3
じゅなんする	3
じゅなんします	3
じゅなんしません	3
じゅなんしました	3
じゅなんしませんでした	3
じゅなんしましょう	3
じゅなんしない	3
じゅなんしなかった	3
じゅなんした	3
じゅなんして	3
じゅなんしている	3
じゅなんしています	3
じゅなんしていた	3
じゅなんしていました	3
じゅなんしてる	3
じゅなんしてます	3
じゅりょうする	3
じゅりょうします	3
じゅりょうしません	3
じゅりょうしました	3
じゅりょうしませんでした	3
じゅりょうしましょう	3
じゅりょうしない	3
じゅりょうしなかった	3
じゅりょうした	3
じゅりょうして	3
じゅりょうしている	3
じゅりょうしています	3
じゅりょうしていた	3
じゅりょうしていました	3
じゅりょうしてる	3
じゅりょうしてます	3
じゅけんする	3
じゅけんします	3
じゅけんしません	3
じゅけんしました	3
じゅけんしませんでした	3
じゅけんしましょう	3
じゅけんしない	3
じゅけんしなかった	3
じゅけんした	3
じゅけんして	3
じゅけんしている	3
じゅけんしています	3
じゅけんしていた	3
じゅけんしていました	3
じゅけんしてる	3
じゅけんしてます	3
じょくんする	3
じょくんします	3
じょくんしません	3
じょくんしました	3
じょくんしませんでした	3
じょくんしましょう	3
じょくんしない	3
じょくんしなかった	3
じょくんした	3
じょくんして	3
じょくんしている	3
じょくんしています	3
じょくんしていた	3
じょくんしていました	3
じょくんしてる	3
じょくんしてます	3
くちだしする	4
くちだしします	4
くちだししません	4
くちだししました	4
くちだししませんでした	4
くちだししましょう	4
くちだししない	4
くちだししなかった	4
くちだしした	4
くちだしして	4
くちだししている	4
くちだししています	4
くちだししていた	4
くちだししていました	4
くちだししてる	4
くちだししてます	4
くちげんかする	3
くちげんかします	3
くちげんかしません	3
くちげんかしました	3
くちげんかしませんでした	3
くちげんかしましょう	3
くちげんかしない	3
くちげんかしなかった	3
くちげんかした	3
くちげんかして	3
くちげんかしている	3
くちげんかしています	3
くちげんかしていた	3
くちげんかしていました	3
くちげんかしてる	3
くちげんかしてます	3
くちどめする	4
くちどめします	4
くちどめしません	4
くちどめしました	4
くちどめしませんでした	4
くちどめしましょう	4
くちどめしない	4
くちどめしなかった	4
くちどめした	4
くちどめして	4
くちどめしている	4
くちどめしています	4
くちどめしていた	4
くちどめしていました	4
くちどめしてる	4
くちどめしてます	4
くちごたえする	3
くちごたえします	3
くちごたえしません	3
くちごたえしました	3
くちごたえしませんでした	3
くちごたえしましょう	3
くちごたえしない	3
くちごたえしなかった	3
くちごたえした	3
くちごたえして	3
くちごたえしている	3
くちごたえしています	3
くちごたえしていた	3
くちごたえしていました	3
くちごたえしてる	3
くちごたえしてます	3
こうろんする	1
こうろんします	1
こうろんしません	1
こうろんしました	1
こうろんしませんでした	1
こうろんしましょう	1
こうろんしない	1
こうろんしなかった	1
こうろんした	1
こうろんして	1
こうろんしている	1
こうろんしています	1
こうろんしていた	1
こうろんしていました	1
こうろんしてる	1
こうろんしてます	1
しょうしゅうする	4
しょうしゅうします	4
しょうしゅうしません	4
しょうしゅうしました	4
しょうしゅうしませんでした	4
しょうしゅうしましょう	4
しょうしゅうしない	4
しょうしゅうしなかった	4
しょうしゅうした	4
しょうしゅうして	4
しょうしゅうしている	4
しょうしゅうしています	4
しょうしゅうしていた	4
しょうしゅうしていました	4
しょうしゅうしてる	4
しょうしゅうしてます	4
かけつする	3
かけつします	3
かけつしません	3
かけつしました	3
かけつしませんでした	3
かけつしましょう	3
かけつしない	3
かけつしなかった	3
かけつした	3
かけつして	3
かけつしている	3
かけつしています	3
かけつしていた	3
かけつしていました	3
かけつしてる	3
かけつしてます	3
たいとうする	4
たいとうします	4
たいとうしません	4
たいとうしました	4
たいとうしませんでした	4
たいとうしましょう	4
たいとうしない	4
たいとうしなかった	4
たいとうした	4
たいとうして	4
たいとうしている	4
たいとうしています	4
たいとうしていた	4
たいとうしていました	4
たいとうしてる	4
たいとうしてます	4
みぎくりっくする	4
みぎくりっくします	4
みぎくりっくしません	4
みぎくりっくしました	4
みぎくりっくしませんでした	4
みぎくりっくしましょう	4
みぎくりっくしない	4
みぎくりっくしなかった	4
みぎくりっくした	4
みぎくりっくして	4
みぎくりっくしている	4
みぎくりっくしています	4
みぎくりっくしていた	4
みぎくりっくしていました	4
みぎくりっくしてる	4
みぎくりっくしてます	4
うせつする	3
うせつします	3
うせつしません	3
うせつしました	3
うせつしませんでした	3
うせつしましょう	3
うせつしない	3
うせつしなかった	3
うせつした	3
うせつして	3
うせつしている	3
うせつしています	3
うせつしていた	3
うせつしていました	3
うせつしてる	3
うせつしてます	3
ごうれいする	4
ごうれいします	4
ごうれいしません	4
ごうれいしました	4
ごうれいしませんでした	4
ごうれいしましょう	4
ごうれいしない	4
ごうれいしなかった	4
ごうれいした	4
ごうれいして	4
ごうれいしている	4
ごうれいしています	4
ごうれいしていた	4
ごうれいしていました	4
ごうれいしてる	4
ごうれいしてます	4
しれいする	3
しれいします	3
しれいしません	3
しれいしました	3
しれいしませんでした	3
しれいしましょう	3
しれいしない	3
しれいしなかった	3
しれいした	3
しれいして	3
しれいしている	3
しれいしています	3
しれいしていた	3
しれいしていました	3
しれいしてる	3
しれいしてます	3
しかいする	3
しかいします	3
しかいしません	3
しかいしました	3
しかいしませんでした	3
しかいしましょう	3
しかいしない	3
しかいしなかった	3
しかいした	3
しかいして	3
しかいしている	3
しかいしています	3
しかいしていた	3
しかいしていました	3
しかいしてる	3
しかいしてます	3
しゃっくりする	1
しゃっくりします	1
しゃっくりしません	1
しゃっくりしました	1
しゃっくりしませんでした	1
しゃっくりしましょう	1
しゃっくりしない	1
しゃっくりしなかった	1
しゃっくりした	1
しゃっくりして	1
しゃっくりしている	1
しゃっくりしています	1
しゃっくりしていた	1
しゃっくりしていました	1
しゃっくりしてる	1
しゃっくりしてます	1
びっくりする	3
びっくりします	3
びっくりしません	3
びっくりしました	3
びっくりしませんでした	3
びっくりしましょう	3
びっくりしない	3
びっくりしなかった	3
びっくりした	3
びっくりして	3
びっくりしている	3
びっくりしています	3
びっくりしていた	3
びっくりしていました	3
びっくりしてる	3
びっくりしてます	3
がっさくする	4
がっさくします	4
がっさくしません	4
がっさくしました	4
がっさくしませんでした	4
がっさくしましょう	4
がっさくしない	4
がっさくしなかった	4
がっさくした	4
がっさくして	4
がっさくしている	4
がっさくしています	4
がっさくしていた	4
がっさくしていました	4
がっさくしてる	4
がっさくしてます	4
がっぺいする	4
がっぺいします	4
がっぺいしません	4
がっぺいしました	4
がっぺいしませんでした	4
がっぺいしましょう	4
がっぺいしない	4
がっぺいしなかった	4
がっぺいした	4
がっぺいして	4
がっぺいしている	4
がっぺいしています	4
がっぺいしていた	4
がっぺいしていました	4
がっぺいしてる	4
がっぺいしてます	4
ごうりょくする	1
ごうりょくします	1
ごうりょくしません	1
ごうりょくしました	1
ごうりょくしませんでした	1
ごうりょくしましょう	1
ごうりょくしない	1
ごうりょくしなかった	1
ごうりょくした	1
ごうりょくして	1
ごうりょくしている	1
ごうりょくしています	1
ごうりょくしていた	1
ごうりょくしていました	1
ごうりょくしてる	1
ごうりょくしてます	1
ごうどうする	4
ごうどうします	4
ごうどうしません	4
ごうどうしました	4
ごうどうしませんでした	4
ごうどうしましょう	4
ごうどうしない	4
ごうどうしなかった	4
ごうどうした	4
ごうどうして	4
ごうどうしている	4
ごうどうしています	4
ごうどうしていた	4
ごうどうしていました	4
ごうどうしてる	4
ごうどうしてます	4
がっしょうする	4
がっしょうします	4
がっしょうしません	4
がっしょうしました	4
がっしょうしませんでした	4
がっしょうしましょう	4
がっしょうしない	4
がっしょうしなかった	4
がっしょうした	4
がっしょうして	4
がっしょうしている	4
がっしょうしています	4
がっしょうしていた	4
がっしょうしていました	4
がっしょうしてる	4
がっしょうしてます	4
あいずする	1
あいずします	1
あいずしません	1
あいずしました	1
あいずしませんでした	1
あいずしましょう	1
あいずしない	1
あいずしなかった	1
あいずした	1
あいずして	1
あいずしている	1
あいずしています	1
あいずしていた	1
あいずしていました	1
あいずしてる	1
あいずしてます	1
がっそうする	4
がっそうします	4
がっそうしません	4
がっそうしました	4
がっそうしませんでした	4
がっそうしましょう	4
がっそうしない	4
がっそうしなかった	4
がっそうした	4
がっそうして	4
がっそうしている	4
がっそうしています	4
がっそうしていた	4
がっそうしていました	4
がっそうしてる	4
がっそうしてます	4
がっしゅくする	4
がっしゅくします	4
がっしゅくしません	4
がっしゅくしました	4
がっしゅくしませんでした	4
がっしゅくしましょう	4
がっしゅくしない	4
がっしゅくしなかった	4
がっしゅくした	4
がっしゅくして	4
がっしゅくしている	4
がっしゅくしています	4
がっしゅくしていた	4
がっしゅくしていました	4
がっしゅくしてる	4
がっしゅくしてます	4
ごういする	3
ごういします	3
ごういしません	3
ごういしました	3
ごういしませんでした	3
ごういしましょう	3
ごういしない	3
ごういしなかった	3
ごういした	3
ごういして	3
ごういしている	3
ごういしています	3
ごういしていた	3
ごういしていました	3
ごういしてる	3
ごういしてます	3
ごうせいする	4
ごうせいします	4
ごうせいしません	4
ごうせいしました	4
ごうせいしませんでした	4
ごうせいしましょう	4
ごうせいしない	4
ごうせいしなかった	4
ごうせいした	4
ごうせいして	4
ごうせいしている	4
ごうせいしています	4
ごうせいしていた	4
ごうせいしていました	4
ごうせいしてる	4
ごうせいしてます	4
かっせんする	4
かっせんします	4
かっせんしません	4
かっせんしました	4
かっせんしませんでした	4
かっせんしましょう	4
かっせんしない	4
かっせんしなかった	4
かっせんした	4
かっせんして	4
かっせんしている	4
かっせんしています	4
かっせんしていた	4
かっせんしていました	4
かっせんしてる	4
かっせんしてます	4
ごうかくする	4
ごうかくします	4
ごうかくしません	4
ごうかくしました	4
ごうかくしませんでした	4
ごうかくしましょう	4
ごうかくしない	4
ごうかくしなかった	4
ごうかくした	4
ごうかくして	4
ごうかくしている	4
ごうかくしています	4
ごうかくしていた	4
ごうかくしていました	4
ごうかくしてる	4
ごうかくしてます	4
ごうりゅうする	4
ごうりゅうします	4
ごうりゅうしません	4
ごうりゅうしました	4
ごうりゅうしませんでした	4
ごうりゅうしましょう	4
ごうりゅうしない	4
ごうりゅうしなかった	4
ごうりゅうした	4
ごうりゅうして	4
ごうりゅうしている	4
ごうりゅうしています	4
ごうりゅうしていた	4
ごうりゅうしていました	4
ごうりゅうしてる	4
ごうりゅうしてます	4
ごうりかする	4
ごうりかします	4
ごうりかしません	4
ごうりかしました	4
ごうりかしませんでした	4
ごうりかしましょう	4
ごうりかしない	4
ごうりかしなかった	4
ごうりかした	4
ごうりかして	4
ごうりかしている	4
ごうりかしています	4
ごうりかしていた	4
ごうりかしていました	4
ごうりかしてる	4
ごうりかしてます	4
がっちする	3
がっちします	3
がっちしません	3
がっちしました	3
がっちしませんでした	3
がっちしましょう	3
がっちしない	3
がっちしなかった	3
がっちした	3
がっちして	3
がっちしている	3
がっちしています	3
がっちしていた	3
がっちしていました	3
がっちしてる	3
がっちしてます	3
ごうけいする	4
ごうけいします	4
ごうけいしません	4
ごうけいしました	4
ごうけいしませんでした	4
ごうけいしましょう	4
ごうけいしない	4
ごうけいしなかった	4
ごうけいした	4
ごうけいして	4
ごうけいしている	4
ごうけいしています	4
ごうけいしていた	4
ごうけいしていました	4
ごうけいしてる	4
ごうけいしてます	4
ごうぎする	1
ごうぎします	1
ごうぎしません	1
ごうぎしました	1
ごうぎしませんでした	1
ごうぎしましょう	1
ごうぎしない	1
ごうぎしなかった	1
ごうぎした	1
ごうぎして	1
ごうぎしている	1
ごうぎしています	1
ごうぎしていた	1
ごうぎしていました	1
ごうぎしてる	1
ごうぎしてます	1
どうじょうする	4
どうじょうします	4
どうじょうしません	4
どうじょうしました	4
どうじょうしませんでした	4
どうじょうしましょう	4
どうじょうしない	4
どうじょうしなかった	4
どうじょうした	4
どうじょうして	4
どうじょうしている	4
どうじょうしています	4
どうじょうしていた	4
どうじょうしていました	4
どうじょうしてる	4
どうじょうしてます	4
どうはんする	4
どうはんします	4
どうはんしません	4
どうはんしました	4
どうはんしませんでした	4
どうはんしましょう	4
どうはんしない	4
どうはんしなかった	4
どうはんした	4
どうはんして	4
どうはんしている	4
どうはんしています	4
どうはんしていた	4
どうはんしていました	4
どうはんしてる	4
どうはんしてます	4
どうかする	3
どうかします	3
どうかしません	3
どうかしました	3
どうかしませんでした	3
どうかしましょう	3
どうかしない	3
どうかしなかった	3
どうかした	3
どうかして	3
どうかしている	3
どうかしています	3
どうかしていた	3
どうかしていました	3
どうかしてる	3
どうかしてます	3
どうしつする	4
どうしつします	4
どうしつしません	4
どうしつしました	4
どうしつしませんでした	4
どうしつしましょう	4
どうしつしない	4
どうしつしなかった	4
どうしつした	4
どうしつして	4
どうしつしている	4
どうしつしています	4
どうしつしていた	4
どうしつしていました	4
どうしつしてる	4
どうしつしてます	4
どうふうする	4
どうふうします	4
どうふうしません	4
どうふうしました	4
どうふうしませんでした	4
どうふうしましょう	4
どうふうしない	4
どうふうしなかった	4
どうふうした	4
どうふうして	4
どうふうしている	4
どうふうしています	4
どうふうしていた	4
どうふうしていました	4
どうふうしてる	4
どうふうしてます	4
どうきょする	3
どうきょします	3
どうきょしません	3
どうきょしました	3
どうきょしませんでした	3
どうきょしましょう	3
どうきょしない	3
どうきょしなかった	3
どうきょした	3
どうきょして	3
どうきょしている	3
どうきょしています	3
どうきょしていた	3
どうきょしていました	3
どうきょしてる	3
どうきょしてます	3
どうせきする	4
どうせきします	4
どうせきしません	4
どうせきしました	4
どうせきしませんでした	4
どうせきしましょう	4
どうせきしない	4
どうせきしなかった	4
どうせきした	4
どうせきして	4
どうせきしている	4
どうせきしています	4
どうせきしていた	4
どうせきしていました	4
どうせきしてる	4
どうせきしてます	4
どういする	3
どういします	3
どういしません	3
どういしました	3
どういしませんでした	3
どういしましょう	3
どういしない	3
どういしなかった	3
どういした	3
どういして	3
どういしている	3
どういしています	3
どういしていた	3
どういしていました	3
どういしてる	3
どういしてます	3
どうかんする	4
どうかんします	4
どうかんしません	4
どうかんしました	4
どうかんしませんでした	4
どうかんしましょう	4
どうかんしない	4
どうかんしなかった	4
どうかんした	4
どうかんして	4
どうかんしている	4
どうかんしています	4
どうかんしていた	4
どうかんしていました	4
どうかんしてる	4
どうかんしてます	4
どうきする	1
どうきします	1
どうきしません	1
どうきしました	1
どうきしませんでした	1
どうきしましょう	1
どうきしない	1
どうきしなかった	1
どうきした	1
どうきして	1
どうきしている	1
どうきしています	1
どうきしていた	1
どうきしていました	1
どうきしてる	1
どうきしてます	1
どうせいする	4
どうせいします	4
どうせいしません	4
どうせいしました	4
どうせいしませんでした	4
どうせいしましょう	4
どうせいしない	4
どうせいしなかった	4
どうせいした	4
どうせいして	4
どうせいしている	4
どうせいしています	4
どうせいしていた	4
どうせいしていました	4
どうせいしてる	4
どうせいしてます	4
どうめいする	4
どうめいします	4
どうめいしません	4
どうめいしました	4
どうめいしませんでした	4
どうめいしましょう	4
どうめいしない	4
どうめいしなかった	4
どうめいした	4
どうめいして	4
どうめいしている	4
どうめいしています	4
どうめいしていた	4
どうめいしていました	4
どうめいしてる	4
どうめいしてます	4
どうせんする	4
どうせんします	4
どうせんしません	4
どうせんしました	4
どうせんしませんでした	4
どうせんしましょう	4
どうせんしない	4
どうせんしなかった	4
どうせんした	4
どうせんして	4
どうせんしている	4
どうせんしています	4
どうせんしていた	4
どうせんしていました	4
どうせんしてる	4
どうせんしてます	4
どうこうする	4
どうこうします	4
どうこうしません	4
どうこうしました	4
どうこうしませんでした	4
どうこうしましょう	4
どうこうしない	4
どうこうしなかった	4
どうこうした	4
どうこうして	4
どうこうしている	4
どうこうしています	4
どうこうしていた	4
どうこうしていました	4
どうこうしてる	4
どうこうしてます	4
どうちょうする	4
どうちょうします	4
どうちょうしません	4
どうちょうしました	4
どうちょうしませんでした	4
どうちょうしましょう	4
どうちょうしない	4
どうちょうしなかった	4
どうちょうした	4
どうちょうして	4
どうちょうしている	4
どうちょうしています	4
どうちょうしていた	4
どうちょうしていました	4
どうちょうしてる	4
どうちょうしてます	4
なざしする	3
なざしします	3
なざししません	3
なざししました	3
なざししませんでした	3
なざししましょう	3
なざししない	3
なざししなかった	3
なざしした	3
なざしして	3
なざししている	3
なざししています	3
なざししていた	3
なざししていました	3
なざししてる	3
なざししてます	3
とろする	1
とろします	1
とろしません	1
とろしました	1
とろしませんでした	1
とろしましょう	1
とろしない	1
とろしなかった	1
とろした	1
とろして	1
とろしている	1
とろしています	1
とろしていた	1
とろしていました	1
とろしてる	1
とろしてます	1
こうじょうする	4
こうじょうします	4
こうじょうしません	4
こうじょうしました	4
こうじょうしませんでした	4
こうじょうしましょう	4
こうじょうしない	4
こうじょうしなかった	4
こうじょうした	4
こうじょうして	4
こうじょうしている	4
こうじょうしています	4
こうじょうしていた	4
こうじょうしていました	4
こうじょうしてる	4
こうじょうしてます	4
くんりんする	4
くんりんします	4
くんりんしません	4
くんりんしました	4
くんりんしませんでした	4
くんりんしましょう	4
くんりんしない	4
くんりんしなかった	4
くんりんした	4
くんりんして	4
くんりんしている	4
くんりんしています	4
くんりんしていた	4
くんりんしていました	4
くんりんしてる	4
くんりんしてます	4
ぎんみする	1
ぎんみします	1
ぎんみしません	1
ぎんみしました	1
ぎんみしませんでした	1
ぎんみしましょう	1
ぎんみしない	1
ぎんみしなかった	1
ぎんみした	1
ぎんみして	1
ぎんみしている	1
ぎんみしています	1
ぎんみしていた	1
ぎんみしていました	1
ぎんみしてる	1
ぎんみしてます	1
ひていする	3
ひていします	3
ひていしません	3
ひていしました	3
ひていしませんでした	3
ひていしましょう	3
ひていしない	3
ひていしなかった	3
ひていした	3
ひていして	3
ひていしている	3
ひていしています	3
ひていしていた	3
ひていしていました	3
ひていしてる	3
ひていしてます	3
ひけつする	3
ひけつします	3
ひけつしません	3
ひけつしました	3
ひけつしませんでした	3
ひけつしましょう	3
ひけつしない	3
ひけつしなかった	3
ひけつした	3
ひけつして	1
ひけつしている	3
ひけつしています	3
ひけつしていた	3
ひけつしていました	3
ひけつしてる	3
ひけつしてます	3
ひにんする	3
ひにんします	3
ひにんしません	3
ひにんしました	3
ひにんしませんでした	3
ひにんしましょう	3
ひにんしない	3
ひにんしなかった	3
ひにんした	3
ひにんして	3
ひにんしている	3
ひにんしています	3
ひにんしていた	3
ひにんしていました	3
ひにんしてる	3
ひにんしてます	3
がんゆうする	4
がんゆうします	4
がんゆうしません	4
がんゆうしました	4
がんゆうしませんでした	4
がんゆうしましょう	4
がんゆうしない	4
がんゆうしなかった	4
がんゆうした	4
がんゆうして	4
がんゆうしている	4
がんゆうしています	4
がんゆうしていた	4
がんゆうしていました	4
がんゆうしてる	4
がんゆうしてます	4
きゅうしゅうする	4
きゅうしゅうします	4
きゅうしゅうしません	4
きゅうしゅうしました	4
きゅうしゅうしませんでした	4
きゅうしゅうしましょう	4
きゅうしゅうしない	4
きゅうしゅうしなかった	4
きゅうしゅうした	4
きゅうしゅうして	4
きゅうしゅうしている	4
きゅうしゅうしています	4
きゅうしゅうしていた	4
きゅうしゅうしていました	4
きゅうしゅうしてる	4
きゅうしゅうしてます	4
こくべつする	4
こくべつします	4
こくべつしません	4
こくべつしました	4
こくべつしませんでした	4
こくべつしましょう	4
こくべつしない	4
こくべつしなかった	4
こくべつした	4
こくべつして	4
こくべつしている	4
こくべつしています	4
こくべつしていた	4
こくべつしていました	4
こくべつしてる	4
こくべつしてます	4
こくはつする	4
こくはつします	4
こくはつしません	4
こくはつしました	4
こくはつしませんでした	4
こくはつしましょう	4
こくはつしない	4
こくはつしなかった	4
こくはつした	4
こくはつして	4
こくはつしている	4
こくはつしています	4
こくはつしていた	4
こくはつしていました	4
こくはつしてる	4
こくはつしてます	4
こくはくする	4
こくはくします	4
こくはくしません	4
こくはくしました	4
こくはくしませんでした	4
こくはくしましょう	4
こくはくしない	4
こくはくしなかった	4
こくはくした	4
こくはくして	4
こくはくしている	4
こくはくしています	4
こくはくしていた	4
こくはくしていました	4
こくはくしてる	4
こくはくしてます	4
こくちする	3
こくちします	3
こくちしません	3
こくちしました	3
こくちしませんでした	3
こくちしましょう	3
こくちしない	3
こくちしなかった	3
こくちした	3
こくちして	3
こくちしている	3
こくちしています	3
こくちしていた	3
こくちしていました	3
こくちしてる	3
こくちしてます	3
こくじする	3
こくじします	3
こくじしません	3
こくじしました	3
こくじしませんでした	3
こくじしましょう	3
こくじしない	3
こくじしなかった	3
こくじした	3
こくじして	3
こくじしている	3
こくじしています	3
こくじしていた	3
こくじしていました	3
こくじしてる	3
こくじしてます	3
こくそする	1
こくそします	1
こくそしません	1
こくそしました	1
こくそしませんでした	1
こくそしましょう	1
こくそしない	1
こくそしなかった	1
こくそした	1
こくそして	1
こくそしている	1
こくそしています	1
こくそしていた	1
こくそしていました	1
こくそしてる	1
こくそしてます	1
しゅうちする	1
しゅうちします	1
しゅうちしません	1
しゅうちしました	1
しゅうちしませんでした	1
しゅうちしましょう	1
しゅうちしない	1
しゅうちしなかった	1
しゅうちした	1
しゅうちして	1
しゅうちしている	1
しゅうちしています	1
しゅうちしていた	1
しゅうちしていました	1
しゅうちしてる	1
しゅうちしてます	1
あじつけする	4
あじつけします	4
あじつけしません	4
あじつけしました	4
あじつけしませんでした	4
あじつけしましょう	4
あじつけしない	4
あじつけしなかった	4
あじつけした	4
あじつけして	4
あじつけしている	4
あじつけしています	4
あじつけしていた	4
あじつけしていました	4
あじつけしてる	4
あじつけしてます	4
みかたする	3
みかたします	3
みかたしません	3
みかたしました	3
みかたしませんでした	3
みかたしましょう	3
みかたしない	3
みかたしなかった	3
みかたした	3
みかたして	3
みかたしている	3
みかたしています	3
みかたしていた	3
みかたしていました	3
みかたしてる	3
みかたしてます	3
よびだしする	4
よびだしします	4
よびだししません	4
よびだししました	4
よびだししませんでした	4
よびだししましょう	4
よびだししない	4
よびだししなかった	4
よびだしした	4
よびだしして	4
よびだししている	4
よびだししています	4
よびだししていた	4
よびだししていました	4
よびだししてる	4
よびだししてます	4
こきゅうする	3
こきゅうします	3
こきゅうしません	3
こきゅうしました	3
こきゅうしませんでした	3
こきゅうしましょう	3
こきゅうしない	3
こきゅうしなかった	3
こきゅうした	3
こきゅうして	3
こきゅうしている	3
こきゅうしています	3
こきゅうしていた	3
こきゅうしていました	3
こきゅうしてる	3
こきゅうしてます	3
こおうする	3
こおうします	3
こおうしません	3
こおうしました	3
こおうしませんでした	3
こおうしましょう	3
こおうしない	3
こおうしなかった	3
こおうした	3
こおうして	3
こおうしている	3
こおうしています	3
こおうしていた	3
こおうしていました	3
こおうしてる	3
こおうしてます	3
こしょうする	3
こしょうします	3
こしょうしません	3
こしょうしました	3
こしょうしませんでした	3
こしょうしましょう	3
こしょうしない	3
こしょうしなかった	3
こしょうした	3
こしょうして	3
こしょうしている	3
こしょうしています	3
こしょうしていた	3
こしょうしていました	3
こしょうしてる	3
こしょうしてます	3
めいちゅうする	4
めいちゅうします	4
めいちゅうしません	4
めいちゅうしました	4
めいちゅうしませんでした	4
めいちゅうしましょう	4
めいちゅうしない	4
めいちゅうしなかった	4
めいちゅうした	4
めいちゅうして	4
めいちゅうしている	4
めいちゅうしています	4
めいちゅうしていた	4
めいちゅうしていました	4
めいちゅうしてる	4
めいちゅうしてます	4
めいれいする	4
めいれいします	4
めいれいしません	4
めいれいしました	4
めいれいしませんでした	4
めいれいしましょう	4
めいれいしない	4
めいれいしなかった	4
めいれいした	4
めいれいして	4
めいれいしている	4
めいれいしています	4
めいれいしていた	4
めいれいしていました	4
めいれいしてる	4
めいれいしてます	4
めいめいする	4
めいめいします	4
めいめいしません	4
めいめいしました	4
めいめいしませんでした	4
めいめいしましょう	4
めいめいしない	4
めいめいしなかった	4
めいめいした	4
めいめいして	4
めいめいしている	4
めいめいしています	4
めいめいしていた	4
めいめいしていました	4
めいめいしてる	4
めいめいしてます	4
わかいする	3
わかいします	3
わかいしません	3
わかいしました	3
わかいしませんでした	3
わかいしましょう	3
わかいしない	3
わかいしなかった	3
わかいした	3
わかいして	3
わかいしている	3
わかいしています	3
わかいしていた	3
わかいしていました	3
わかいしてる	3
わかいしてます	3
あいとうする	4
あいとうします	4
あいとうしません	4
あいとうしました	4
あいとうしませんでした	4
あいとうしましょう	4
あいとうしない	4
あいとうしなかった	4
あいとうした	4
あいとうして	4
あいとうしている	4
あいとうしています	4
あいとうしていた	4
あいとうしていました	4
あいとうしてる	4
あいとうしてます	4
しょうばいする	1
しょうばいします	1
しょうばいしません	1
しょうばいしました	1
しょうばいしませんでした	1
しょうばいしましょう	1
しょうばいしない	1
しょうばいしなかった	1
しょうばいした	1
しょうばいして	1
しょうばいしている	1
しょうばいしています	1
しょうばいしていた	1
しょうばいしていました	1
しょうばいしてる	1
しょうばいしてます	1
しょうだんする	4
しょうだんします	4
しょうだんしません	4
しょうだんしました	4
しょうだんしませんでした	4
しょうだんしましょう	4
しょうだんしない	4
しょうだんしなかった	4
しょうだんした	4
しょうだんして	4
しょうだんしている	4
しょうだんしています	4
しょうだんしていた	4
しょうだんしていました	4
しょうだんしてる	4
しょうだんしてます	4
もんどうする	1
もんどうします	1
もんどうしません	1
もんどうしました	1
もんどうしませんでした	1
もんどうしましょう	1
もんどうしない	1
もんどうしなかった	1
もんどうした	1
もんどうして	1
もんどうしている	1
もんどうしています	1
もんどうしていた	1
もんどうしていました	1
もんどうしてる	1
もんどうしてます	1
もんせきする	4
もんせきします	4
もんせきしません	4
もんせきしました	4
もんせきしませんでした	4
もんせきしましょう	4
もんせきしない	4
もんせきしなかった	4
もんせきした	4
もんせきして	4
もんせきしている	4
もんせきしています	4
もんせきしていた	4
もんせきしていました	4
もんせきしてる	4
もんせきしてます	4
けいはつする	4
けいはつします	4
けいはつしません	4
けいはつしました	4
けいはつしませんでした	4
けいはつしましょう	4
けいはつしない	4
けいはつしなかった	4
けいはつした	4
けいはつして	4
けいはつしている	4
けいはつしています	4
けいはつしていた	4
けいはつしていました	4
けいはつしてる	4
けいはつしてます	4
けいもうする	4
けいもうします	4
けいもうしません	4
けいもうしました	4
けいもうしませんでした	4
けいもうしましょう	4
けいもうしない	4
けいもうしなかった	4
けいもうした	4
けいもうして	4
けいもうしている	4
けいもうしています	4
けいもうしていた	4
けいもうしていました	4
けいもうしてる	4
けいもうしてます	4
ぜんせんする	4
ぜんせんします	4
ぜんせんしません	4
ぜんせんしました	4
ぜんせんしませんでした	4
ぜんせんしましょう	4
ぜんせんしない	4
ぜんせんしなかった	4
ぜんせんした	4
ぜんせんして	4
ぜんせんしている	4
ぜんせんしています	4
ぜんせんしていた	4
ぜんせんしていました	4
ぜんせんしてる	4
ぜんせんしてます	4
かんもんする	4
かんもんします	4
かんもんしません	4
かんもんしました	4
かんもんしませんでした	4
かんもんしましょう	4
かんもんしない	4
かんもんしなかった	4
かんもんした	4
かんもんして	4
かんもんしている	4
かんもんしています	4
かんもんしていた	4
かんもんしていました	4
かんもんしてる	4
かんもんしてます	4
かんきする	1
かんきします	1
かんきしません	1
かんきしました	1
かんきしませんでした	1
かんきしましょう	1
かんきしない	1
かんきしなかった	1
かんきした	1
かんきして	1
かんきしている	1
かんきしています	1
かんきしていた	1
かんきしていました	1
かんきしてる	1
かんきしてます	1
けんかする	3
けんかします	3
けんかしません	3
けんかしました	3
けんかしませんでした	3
けんかしましょう	3
けんかしない	3
けんかしなかった	3
けんかした	3
けんかして	3
けんかしている	3
けんかしています	3
けんかしていた	3
けんかしていました	3
けんかしてる	3
けんかしてます	3
そうしつする	4
そうしつします	4
そうしつしません	4
そうしつしました	4
そうしつしませんでした	4
そうしつしましょう	4
そうしつしない	4
そうしつしなかった	4
そうしつした	4
そうしつして	4
そうしつしている	4
そうしつしています	4
そうしつしていた	4
そうしつしていました	4
そうしつしてる	4
そうしつしてます	4
きっするする	0
きっするします	6
きっするしません	7
きっするしました	6
きっするしませんでした	7
きっするしましょう	7
きっするしない	0
きっするしなかった	9
きっするした	6
きっするして	0
きっするしている	6
きっするしています	6
きっするしていた	6
きっするしていました	6
きっするしてる	5
きっするしてます	7
きつえんする	4
きつえんします	4
きつえんしません	4
きつえんしました	4
きつえんしませんでした	4
きつえんしましょう	4
きつえんしない	4
きつえんしなかった	4
きつえんした	4
きつえんして	4
きつえんしている	4
きつえんしています	4
きつえんしていた	4
きつえんしていました	4
きつえんしてる	4
きつえんしてます	4
えいぎょうする	4
えいぎょうします	4
えいぎょうしません	4
えいぎょうしました	4
えいぎょうしませんでした	4
えいぎょうしましょう	4
えいぎょうしない	4
えいぎょうしなかった	4
えいぎょうした	4
えいぎょうして	4
えいぎょうしている	4
えいぎょうしています	4
えいぎょうしていた	4
えいぎょうしていました	4
えいぎょうしてる	4
えいぎょうしてます	4
えいのうする	4
えいのうします	4
えいのうしません	4
えいのうしました	4
えいのうしませんでした	4
えいのうしましょう	4
えいのうしない	4
えいのうしなかった	4
えいのうした	4
えいのうして	4
えいのうしている	4
えいのうしています	4
えいのうしていた	4
えいのうしていました	4
えいのうしてる	4
えいのうしてます	4
しこうする	3
しこうします	3
しこうしません	3
しこうしました	3
しこうしませんでした	3
しこうしましょう	3
しこうしない	3
しこうしなかった	3
しこうした	3
しこうして	3
しこうしている	3
しこうしています	3
しこうしていた	3
しこうしていました	3
しこうしてる	3
しこうしてます	3
うがいする	3
うがいします	3
うがいしません	3
うがいしました	3
うがいしませんでした	3
うがいしましょう	3
うがいしない	3
うがいしなかった	3
うがいした	3
うがいして	3
うがいしている	3
うがいしています	3
うがいしていた	3
うがいしていました	3
うがいしてる	3
うがいしてます	3
おうとする	1
おうとします	1
おうとしません	1
おうとしました	1
おうとしませんでした	1
おうとしましょう	1
おうとしない	1
おうとしなかった	1
おうとした	1
おうとして	1
おうとしている	1
おうとしています	1
おうとしていた	1
おうとしていました	1
おうとしてる	1
おうとしてます	1
しょくたくする	4
しょくたくします	4
しょくたくしません	4
しょくたくしました	4
しょくたくしませんでした	4
しょくたくしましょう	4
しょくたくしない	4
しょくたくしなかった	4
しょくたくした	4
しょくたくして	4
しょくたくしている	4
しょくたくしています	4
しょくたくしていた	4
しょくたくしていました	4
しょくたくしてる	4
しょくたくしてます	4
うわさする	3
うわさします	3
うわさしません	3
うわさしました	3
うわさしませんでした	3
うわさしましょう	3
うわさしない	3
うわさしなかった	3
うわさした	3
うわさして	3
うわさしている	3
うわさしています	3
うわさしていた	3
うわさしていました	3
うわさしてる	3
うわさしてます	3
ふんしゅつする	4
ふんしゅつします	4
ふんしゅつしません	4
ふんしゅつしました	4
ふんしゅつしませんでした	4
ふんしゅつしましょう	4
ふんしゅつしない	4
ふんしゅつしなかった	4
ふんしゅつした	4
ふんしゅつして	4
ふんしゅつしている	4
ふんしゅつしています	4
ふんしゅつしていた	4
ふんしゅつしていました	4
ふんしゅつしてる	4
ふんしゅつしてます	4
ふんしゃする	3
ふんしゃします	3
ふんしゃしません	3
ふんしゃしました	3
ふんしゃしませんでした	3
ふんしゃしましょう	3
ふんしゃしない	3
ふんしゃしなかった	3
ふんしゃした	3
ふんしゃして	3
ふんしゃしている	3
ふんしゃしています	3
ふんしゃしていた	3
ふんしゃしていました	3
ふんしゃしてる	3
ふんしゃしてます	3
ふんかする	3
ふんかします	3
ふんかしません	3
ふんかしました	3
ふんかしませんでした	3
ふんかしましょう	3
ふんかしない	3
ふんかしなかった	3
ふんかした	3
ふんかして	3
ふんかしている	3
ふんかしています	3
ふんかしていた	3
ふんかしていました	3
ふんかしてる	3
ふんかしてます	3
ししゃごにゅうする	1
ししゃごにゅうします	1
ししゃごにゅうしません	1
ししゃごにゅうしました	1
ししゃごにゅうしませんでした	1
ししゃごにゅうしましょう	1
ししゃごにゅうしない	1
ししゃごにゅうしなかった	1
ししゃごにゅうした	1
ししゃごにゅうして	1
ししゃごにゅうしている	1
ししゃごにゅうしています	1
ししゃごにゅうしていた	1
ししゃごにゅうしていました	1
ししゃごにゅうしてる	1
ししゃごにゅうしてます	1
まわりみちする	3
まわりみちします	3
まわりみちしません	3
まわりみちしました	3
まわりみちしませんでした	3
まわりみちしましょう	3
まわりみちしない	3
まわりみちしなかった	3
まわりみちした	3
まわりみちして	3
まわりみちしている	3
まわりみちしています	3
まわりみちしていた	3
まわりみちしていました	3
まわりみちしてる	3
まわりみちしてます	3
かいしゅうする	4
かいしゅうします	4
かいしゅうしません	4
かいしゅうしました	4
かいしゅうしませんでした	4
かいしゅうしましょう	4
かいしゅうしない	4
かいしゅうしなかった	4
かいしゅうした	4
かいしゅうして	4
かいしゅうしている	4
かいしゅうしています	4
かいしゅうしていた	4
かいしゅうしていました	4
かいしゅうしてる	4
かいしゅうしてます	4
かいきする	1
かいきします	1
かいきしません	1
かいきしました	1
かいきしませんでした	1
かいきしましょう	1
かいきしない	1
かいきしなかった	1
かいきした	1
かいきして	1
かいきしている	1
かいきしています	1
かいきしていた	1
かいきしていました	1
かいきしてる	1
かいきしてます	1
かいふくする	4
かいふくします	4
かいふくしません	4
かいふくしました	4
かいふくしませんでした	4
かいふくしましょう	4
かいふくしない	4
かいふくしなかった	4
かいふくした	4
かいふくして	4
かいふくしている	4
かいふくしています	4
かいふくしていた	4
かいふくしていました	4
かいふくしてる	4
かいふくしてます	4
かいそうする	4
かいそうします	4
かいそうしません	4
かいそうしました	4
かいそうしませんでした	4
かいそうしましょう	4
かいそうしない	4
かいそうしなかった	4
かいそうした	4
かいそうして	4
かいそうしている	4
かいそうしています	4
かいそうしていた	4
かいそうしていました	4
かいそうしてる	4
かいそうしてます	4
かいせいする	4
かいせいします	4
かいせいしません	4
かいせいしました	4
かいせいしませんでした	4
かいせいしましょう	4
かいせいしない	4
かいせいしなかった	4
かいせいした	4
かいせいして	4
かいせいしている	4
かいせいしています	4
かいせいしていた	4
かいせいしていました	4
かいせいしてる	4
かいせいしてます	4
かいとうする	4
かいとうします	4
かいとうしません	4
かいとうしました	4
かいとうしませんでした	4
かいとうしましょう	4
かいとうしない	4
かいとうしなかった	4
かいとうした	4
かいとうして	4
かいとうしている	4
かいとうしています	4
かいとうしていた	4
かいとうしていました	4
かいとうしてる	4
かいとうしてます	4
かいてんする	4
かいてんします	4
かいてんしません	4
かいてんしました	4
かいてんしませんでした	4
かいてんしましょう	4
かいてんしない	4
かいてんしなかった	4
かいてんした	4
かいてんして	4
かいてんしている	4
かいてんしています	4
かいてんしていた	4
かいてんしていました	4
かいてんしてる	4
かいてんしてます	4
かいひする	1
かいひします	1
かいひしません	1
かいひしました	1
かいひしませんでした	1
かいひしましょう	1
かいひしない	1
かいひしなかった	1
かいひした	1
かいひして	1
かいひしている	1
かいひしています	1
かいひしていた	1
かいひしていました	1
かいひしてる	1
かいひしてます	1
かいこする	1
かいこします	1
かいこしません	1
かいこしました	1
かいこしませんでした	1
かいこしましょう	1
かいこしない	1
かいこしなかった	1
かいこした	1
かいこして	1
かいこしている	1
かいこしています	1
かいこしていた	1
かいこしていました	1
かいこしてる	1
かいこしてます	1
だんけつする	4
だんけつします	4
だんけつしません	4
だんけつしました	4
だんけつしませんでした	4
だんけつしましょう	4
だんけつしない	4
だんけつしなかった	4
だんけつした	4
だんけつして	4
だんけつしている	4
だんけつしています	4
だんけつしていた	4
だんけつしていました	4
だんけつしてる	4
だんけつしてます	4
こんわくする	4
こんわくします	4
こんわくしません	4
こんわくしました	4
こんわくしませんでした	4
こんわくしましょう	4
こんわくしない	4
こんわくしなかった	4
こんわくした	4
こんわくして	4
こんわくしている	4
こんわくしています	4
こんわくしていた	4
こんわくしていました	4
こんわくしてる	4
こんわくしてます	4
ずしする	1
ずしします	1
ずししません	1
ずししました	1
ずししませんでした	1
ずししましょう	1
ずししない	1
ずししなかった	1
ずしした	1
ずしして	1
ずししている	1
ずししています	1
ずししていた	1
ずししていました	1
ずししてる	1
ずししてます	1
ずかいする	3
ずかいします	3
ずかいしません	3
ずかいしました	3
ずかいしませんでした	3
ずかいしましょう	3
ずかいしない	3
ずかいしなかった	3
ずかいした	3
ずかいして	3
ずかいしている	3
ずかいしています	3
ずかいしていた	3
ずかいしていました	3
ずかいしてる	3
ずかいしてます	3
こしつする	3
こしつします	3
こしつしません	3
こしつしました	3
こしつしませんでした	3
こしつしましょう	3
こしつしない	3
こしつしなかった	3
こしつした	3
こしつして	3
こしつしている	3
こしつしています	3
こしつしていた	3
こしつしていました	3
こしつしてる	3
こしつしてます	3
こていする	3
こていします	3
こていしません	3
こていしました	3
こていしませんでした	3
こていしましょう	3
こていしない	3
こていしなかった	3
こていした	3
こていして	3
こていしている	3
こていしています	3
こていしていた	3
こていしていました	3
こていしてる	3
こていしてます	3
こくさいかする	5
こくさいかします	5
こくさいかしません	5
こくさいかしました	5
こくさいかしませんでした	5
こくさいかしましょう	5
こくさいかしない	5
こくさいかしなかった	5
こくさいかした	5
こくさいかして	5
こくさいかしている	5
こくさいかしています	5
こくさいかしていた	5
こくさいかしていました	5
こくさいかしてる	5
こくさいかしてます	5
あっとうする	4
あっとうします	4
あっとうしません	4
あっとうしました	4
あっとうしませんでした	4
あっとうしましょう	4
あっとうしない	4
あっとうしなかった	4
あっとうした	4
あっとうして	4
あっとうしている	4
あっとうしています	4
あっとうしていた	4
あっとうしていました	4
あっとうしてる	4
あっとうしてます	4
あっしょうする	4
あっしょうします	4
あっしょうしません	4
あっしょうしました	4
あっしょうしませんでした	4
あっしょうしましょう	4
あっしょうしない	4
あっしょうしなかった	4
あっしょうした	4
あっしょうして	4
あっしょうしている	4
あっしょうしています	4
あっしょうしていた	4
あっしょうしていました	4
あっしょうしてる	4
あっしょうしてます	4
あっかんする	4
あっかんします	4
あっかんしません	4
あっかんしました	4
あっかんしませんでした	4
あっかんしましょう	4
あっかんしない	4
あっかんしなかった	4
あっかんした	4
あっかんして	4
あっかんしている	4
あっかんしています	4
あっかんしていた	4
あっかんしていました	4
あっかんしてる	4
あっかんしてます	4
あっしゅくする	4
あっしゅくします	4
あっしゅくしません	4
あっしゅくしました	4
あっしゅくしませんでした	4
あっしゅくしましょう	4
あっしゅくしない	4
あっしゅくしなかった	4
あっしゅくした	4
あっしゅくして	4
あっしゅくしている	4
あっしゅくしています	4
あっしゅくしていた	4
あっしゅくしていました	4
あっしゅくしてる	4
あっしゅくしてます	4
あっぱくする	4
あっぱくします	4
あっぱくしません	4
あっぱくしました	4
あっぱくしませんでした	4
あっぱくしましょう	4
あっぱくしない	4
あっぱくしなかった	4
あっぱくした	4
あっぱくして	4
あっぱくしている	4
あっぱくしています	4
あっぱくしていた	4
あっぱくしていました	4
あっぱくしてる	4
あっぱくしてます	4
ざいきょうする	4
ざいきょうします	4
ざいきょうしません	4
ざいきょうしました	4
ざいきょうしませんでした	4
ざいきょうしましょう	4
ざいきょうしない	4
ざいきょうしなかった	4
ざいきょうした	4
ざいきょうして	4
ざいきょうしている	4
ざいきょうしています	4
ざいきょうしていた	4
ざいきょうしていました	4
ざいきょうしてる	4
ざいきょうしてます	4
ざいにんする	4
ざいにんします	4
ざいにんしません	4
ざいにんしました	4
ざいにんしませんでした	4
ざいにんしましょう	4
ざいにんしない	4
ざいにんしなかった	4
ざいにんした	4
ざいにんして	4
ざいにんしている	4
ざいにんしています	4
ざいにんしていた	4
ざいにんしていました	4
ざいにんしてる	4
ざいにんしてます	4
ざいじゅうする	4
ざいじゅうします	4
ざいじゅうしません	4
ざいじゅうしました	4
ざいじゅうしませんでした	4
ざいじゅうしましょう	4
ざいじゅうしない	4
ざいじゅうしなかった	4
ざいじゅうした	4
ざいじゅうして	4
ざいじゅうしている	4
ざいじゅうしています	4
ざいじゅうしていた	4
ざいじゅうしていました	4
ざいじゅうしてる	4
ざいじゅうしてます	4
ざいがくする	4
ざいがくします	4
ざいがくしません	4
ざいがくしました	4
ざいがくしませんでした	4
ざいがくしましょう	4
ざいがくしない	4
ざいがくしなかった	4
ざいがくした	4
ざいがくして	4
ざいがくしている	4
ざいがくしています	4
ざいがくしていた	4
ざいがくしていました	4
ざいがくしてる	4
ざいがくしてます	4
ざいたくする	4
ざいたくします	4
ざいたくしません	4
ざいたくしました	4
ざいたくしませんでした	4
ざいたくしましょう	4
ざいたくしない	4
ざいたくしなかった	4
ざいたくした	4
ざいたくして	4
ざいたくしている	4
ざいたくしています	4
ざいたくしていた	4
ざいたくしていました	4
ざいたくしてる	4
ざいたくしてます	4
ざいこする	3
ざいこします	3
ざいこしません	3
ざいこしました	3
ざいこしませんでした	3
ざいこしましょう	3
ざいこしない	3
ざいこしなかった	3
ざいこした	3
ざいこして	3
ざいこしている	3
ざいこしています	3
ざいこしていた	3
ざいこしていました	3
ざいこしてる	3
ざいこしてます	3
ざいにちする	4
ざいにちします	4
ざいにちしません	4
ざいにちしました	4
ざいにちしませんでした	4
ざいにちしましょう	4
ざいにちしない	4
ざいにちしなかった	4
ざいにちした	4
ざいにちして	4
ざいにちしている	4
ざいにちしています	4
ざいにちしていた	4
ざいにちしていました	4
ざいにちしてる	4
ざいにちしてます	4
ざいりゅうする	4
ざいりゅうします	4
ざいりゅうしません	4
ざいりゅうしました	4
ざいりゅうしませんでした	4
ざいりゅうしましょう	4
ざいりゅうしない	4
ざいりゅうしなかった	4
ざいりゅうした	4
ざいりゅうして	4
ざいりゅうしている	4
ざいりゅうしています	4
ざいりゅうしていた	4
ざいりゅうしていました	4
ざいりゅうしてる	4
ざいりゅうしてます	4
ざいせきする	4
ざいせきします	4
ざいせきしません	4
ざいせきしました	4
ざいせきしませんでした	4
ざいせきしましょう	4
ざいせきしない	4
ざいせきしなかった	4
ざいせきした	4
ざいせきして	4
ざいせきしている	4
ざいせきしています	4
ざいせきしていた	4
ざいせきしていました	4
ざいせきしてる	4
ざいせきしてます	4
ざいべいする	4
ざいべいします	4
ざいべいしません	4
ざいべいしました	4
ざいべいしませんでした	4
ざいべいしましょう	4
ざいべいしない	4
ざいべいしなかった	4
ざいべいした	4
ざいべいして	4
ざいべいしている	4
ざいべいしています	4
ざいべいしていた	4
ざいべいしていました	4
ざいべいしてる	4
ざいべいしてます	4
ざいしょくする	4
ざいしょくします	4
ざいしょくしません	4
ざいしょくしました	4
ざいしょくしませんでした	4
ざいしょくしましょう	4
ざいしょくしない	4
ざいしょくしなかった	4
ざいしょくした	4
ざいしょくして	4
ざいしょくしている	4
ざいしょくしています	4
ざいしょくしていた	4
ざいしょくしていました	4
ざいしょくしてる	4
ざいしょくしてます	4
きんこうする	4
きんこうします	4
きんこうしません	4
きんこうしました	4
きんこうしませんでした	4
きんこうしましょう	4
きんこうしない	4
きんこうしなかった	4
きんこうした	4
きんこうして	4
きんこうしている	4
きんこうしています	4
きんこうしていた	4
きんこうしていました	4
きんこうしてる	4
きんこうしてます	4
まいそうする	4
まいそうします	4
まいそうしません	4
まいそうしました	4
まいそうしませんでした	4
まいそうしましょう	4
まいそうしない	4
まいそうしなかった	4
まいそうした	4
まいそうして	4
まいそうしている	4
まいそうしています	4
まいそうしていた	4
まいそうしていました	4
まいそうしてる	4
まいそうしてます	4
まいぞうする	4
まいぞうします	4
まいぞうしません	4
まいぞうしました	4
まいぞうしませんでした	4
まいぞうしましょう	4
まいぞうしない	4
まいぞうしなかった	4
まいぞうした	4
まいぞうして	4
まいぞうしている	4
まいぞうしています	4
まいぞうしていた	4
まいぞうしていました	4
まいぞうしてる	4
まいぞうしてます	4
しつむする	1
しつむします	1
しつむしません	1
しつむしました	1
しつむしませんでした	1
しつむしましょう	1
しつむしない	1
しつむしなかった	1
しつむした	1
しつむして	1
しつむしている	1
しつむしています	1
しつむしていた	1
しつむしていました	1
しつむしてる	1
しつむしてます	1
しゅうちゃくする	4
しゅうちゃくします	4
しゅうちゃくしません	4
しゅうちゃくしました	4
しゅうちゃくしませんでした	4
しゅうちゃくしましょう	4
しゅうちゃくしない	4
しゅうちゃくしなかった	4
しゅうちゃくした	4
しゅうちゃくして	4
しゅうちゃくしている	4
しゅうちゃくしています	4
しゅうちゃくしていた	4
しゅうちゃくしていました	4
しゅうちゃくしてる	4
しゅうちゃくしてます	4
しっぴつする	4
しっぴつします	4
しっぴつしません	4
しっぴつしました	4
しっぴつしませんでした	4
しっぴつしましょう	4
しっぴつしない	4
しっぴつしなかった	4
しっぴつした	4
しっぴつして	4
しっぴつしている	4
しっぴつしています	4
しっぴつしていた	4
しっぴつしていました	4
しっぴつしてる	4
しっぴつしてます	4
しっこうする	4
しっこうします	4
しっこうしません	4
しっこうしました	4
しっこうしませんでした	4
しっこうしましょう	4
しっこうしない	4
しっこうしなかった	4
しっこうした	4
しっこうして	4
しっこうしている	4
しっこうしています	4
しっこうしていた	4
しっこうしていました	4
しっこうしてる	4
しっこうしてます	4
ばいようする	4
ばいようします	4
ばいようしません	4
ばいようしました	4
ばいようしませんでした	4
ばいようしましょう	4
ばいようしない	4
ばいようしなかった	4
ばいようした	4
ばいようして	4
ばいようしている	4
ばいようしています	4
ばいようしていた	4
ばいようしていました	4
ばいようしてる	4
ばいようしてます	4
けんじする	1
けんじします	1
けんじしません	1
けんじしました	1
けんじしませんでした	1
けんじしましょう	1
けんじしない	1
けんじしなかった	1
けんじした	1
けんじして	1
けんじしている	1
けんじしています	1
けんじしていた	1
けんじしていました	1
けんじしてる	1
けんじしてます	1
たいせきする	4
たいせきします	4
たいせきしません	4
たいせきしました	4
たいせきしませんでした	4
たいせきしましょう	4
たいせきしない	4
たいせきしなかった	4
たいせきした	4
たいせきして	4
たいせきしている	4
たいせきしています	4
たいせきしていた	4
たいせきしていました	4
たいせきしてる	4
たいせきしてます	4
だらくする	3
だらくします	3
だらくしません	3
だらくしました	3
だらくしませんでした	3
だらくしましょう	3
だらくしない	3
だらくしなかった	3
だらくした	3
だらくして	3
だらくしている	3
だらくしています	3
だらくしていた	3
だらくしていました	3
だらくしてる	3
だらくしてます	3
たんのうする	4
たんのうします	4
たんのうしません	4
たんのうしました	4
たんのうしませんでした	4
たんのうしましょう	4
たんのうしない	4
たんのうしなかった	4
たんのうした	4
たんのうして	4
たんのうしている	4
たんのうしています	4
たんのうしていた	4
たんのうしていました	4
たんのうしてる	4
たんのうしてます	4
ほうこくする	4
ほうこくします	4
ほうこくしません	4
ほうこくしました	4
ほうこくしませんでした	4
ほうこくしましょう	4
ほうこくしない	4
ほうこくしなかった	4
ほうこくした	4
ほうこくして	4
ほうこくしている	4
ほうこくしています	4
ほうこくしていた	4
ほうこくしていました	4
ほうこくしてる	4
ほうこくしてます	4
ほうふくする	4
ほうふくします	4
ほうふくしません	4
ほうふくしました	4
ほうふくしませんでした	4
ほうふくしましょう	4
ほうふくしない	4
ほうふくしなかった	4
ほうふくした	4
ほうふくして	4
ほうふくしている	4
ほうふくしています	4
ほうふくしていた	4
ほうふくしていました	4
ほうふくしてる	4
ほうふくしてます	4
ほうどうする	4
ほうどうします	4
ほうどうしません	4
ほうどうしました	4
ほうどうしませんでした	4
ほうどうしましょう	4
ほうどうしない	4
ほうどうしなかった	4
ほうどうした	4
ほうどうして	4
ほうどうしている	4
ほうどうしています	4
ほうどうしていた	4
ほうどうしていました	4
ほうどうしてる	4
ほうどうしてます	4
とそうする	3
とそうします	3
とそうしません	3
とそうしました	3
とそうしませんでした	3
とそうしましょう	3
とそうしない	3
とそうしなかった	3
とそうした	3
とそうして	3
とそうしている	3
とそうしています	3
とそうしていた	3
とそうしていました	3
とそうしてる	3
とそうしてます	3
えんかする	3
えんかします	3
えんかしません	3
えんかしました	3
えんかしませんでした	3
えんかしましょう	3
えんかしない	3
えんかしなかった	3
えんかした	3
えんかして	3
えんかしている	3
えんかしています	3
えんかしていた	3
えんかしていました	3
えんかしてる	3
えんかしてます	3
あんばいする	3
あんばいします	3
あんばいしません	3
あんばいしました	3
あんばいしませんでした	3
あんばいしましょう	3
あんばいしない	3
あんばいしなかった	3
あんばいした	3
あんばいして	3
あんばいしている	3
あんばいしています	3
あんばいしていた	3
あんばいしていました	3
あんばいしてる	3
あんばいしてます	3
はかまいりする	3
はかまいりします	3
はかまいりしません	3
はかまいりしました	3
はかまいりしませんでした	3
はかまいりしましょう	3
はかまいりしない	3
はかまいりしなかった	3
はかまいりした	3
はかまいりして	3
はかまいりしている	3
はかまいりしています	3
はかまいりしていた	3
はかまいりしていました	3
はかまいりしてる	3
はかまいりしてます	3
ぞうかする	3
ぞうかします	3
ぞうかしません	3
ぞうかしました	3
ぞうかしませんでした	3
ぞうかしましょう	3
ぞうかしない	3
ぞうかしなかった	3
ぞうかした	3
ぞうかして	3
ぞうかしている	3
ぞうかしています	3
ぞうかしていた	3
ぞうかしていました	3
ぞうかしてる	3
ぞうかしてます	3
ぞうしゅうする	4
ぞうしゅうします	4
ぞうしゅうしません	4
ぞうしゅうしました	4
ぞうしゅうしませんでした	4
ぞうしゅうしましょう	4
ぞうしゅうしない	4
ぞうしゅうしなかった	4
ぞうしゅうした	4
ぞうしゅうして	4
ぞうしゅうしている	4
ぞうしゅうしています	4
ぞうしゅうしていた	4
ぞうしゅうしていました	4
ぞうしゅうしてる	4
ぞうしゅうしてます	4
ぞういんする	4
ぞういんします	4
ぞういんしません	4
ぞういんしました	4
ぞういんしませんでした	4
ぞういんしましょう	4
ぞういんしない	4
ぞういんしなかった	4
ぞういんした	4
ぞういんして	4
ぞういんしている	4
ぞういんしています	4
ぞういんしていた	4
ぞういんしていました	4
ぞういんしてる	4
ぞういんしてます	4
ぞうだいする	4
ぞうだいします	4
ぞうだいしません	4
ぞうだいしました	4
ぞうだいしませんでした	4
ぞうだいしましょう	4
ぞうだいしない	4
ぞうだいしなかった	4
ぞうだいした	4
ぞうだいして	4
ぞうだいしている	4
ぞうだいしています	4
ぞうだいしていた	4
ぞうだいしていました	4
ぞうだいしてる	4
ぞうだいしてます	4
ぞうきょうする	4
ぞうきょうします	4
ぞうきょうしません	4
ぞうきょうしました	4
ぞうきょうしませんでした	4
ぞうきょうしましょう	4
ぞうきょうしない	4
ぞうきょうしなかった	4
ぞうきょうした	4
ぞうきょうして	4
ぞうきょうしている	4
ぞうきょうしています	4
ぞうきょうしていた	4
ぞうきょうしていました	4
ぞうきょうしてる	4
ぞうきょうしてます	4
ぞうしょくする	4
ぞうしょくします	4
ぞうしょくしません	4
ぞうしょくしました	4
ぞうしょくしませんでした	4
ぞうしょくしましょう	4
ぞうしょくしない	4
ぞうしょくしなかった	4
ぞうしょくした	4
ぞうしょくして	4
ぞうしょくしている	4
ぞうしょくしています	4
ぞうしょくしていた	4
ぞうしょくしていました	4
ぞうしょくしてる	4
ぞうしょくしてます	4
ぞうすいする	4
ぞうすいします	4
ぞうすいしません	4
ぞうすいしました	4
ぞうすいしませんでした	4
ぞうすいしましょう	4
ぞうすいしない	4
ぞうすいしなかった	4
ぞうすいした	4
ぞうすいして	4
ぞうすいしている	4
ぞうすいしています	4
ぞうすいしていた	4
ぞうすいしていました	4
ぞうすいしてる	4
ぞうすいしてます	4
ぞうげんする	4
ぞうげんします	4
ぞうげんしません	4
ぞうげんしました	4
ぞうげんしませんでした	4
ぞうげんしましょう	4
ぞうげんしない	4
ぞうげんしなかった	4
ぞうげんした	4
ぞうげんして	4
ぞうげんしている	4
ぞうげんしています	4
ぞうげんしていた	4
ぞうげんしていました	4
ぞうげんしてる	4
ぞうげんしてます	4
ぞうさんする	4
ぞうさんします	4
ぞうさんしません	4
ぞうさんしました	4
ぞうさんしませんでした	4
ぞうさんしましょう	4
ぞうさんしない	4
ぞうさんしなかった	4
ぞうさんした	4
ぞうさんして	4
ぞうさんしている	4
ぞうさんしています	4
ぞうさんしていた	4
ぞうさんしていました	4
ぞうさんしてる	4
ぞうさんしてます	4
ぞうはつする	4
ぞうはつします	4
ぞうはつしません	4
ぞうはつしました	4
ぞうはつしませんでした	4
ぞうはつしましょう	4
ぞうはつしない	4
ぞうはつしなかった	4
ぞうはつした	4
ぞうはつして	4
ぞうはつしている	4
ぞうはつしています	4
ぞうはつしていた	4
ぞうはつしていました	4
ぞうはつしてる	4
ぞうはつしてます	4
ぞうえきする	4
ぞうえきします	4
ぞうえきしません	4
ぞうえきしました	4
ぞうえきしませんでした	4
ぞうえきしましょう	4
ぞうえきしない	4
ぞうえきしなかった	4
ぞうえきした	4
ぞうえきして	4
ぞうえきしている	4
ぞうえきしています	4
ぞうえきしていた	4
ぞうえきしていました	4
ぞうえきしてる	4
ぞうえきしてます	4
ぞうぜいする	4
ぞうぜいします	4
ぞうぜいしません	4
ぞうぜいしました	4
ぞうぜいしませんでした	4
ぞうぜいしましょう	4
ぞうぜいしない	4
ぞうぜいしなかった	4
ぞうぜいした	4
ぞうぜいして	4
ぞうぜいしている	4
ぞうぜいしています	4
ぞうぜいしていた	4
ぞうぜいしていました	4
ぞうぜいしてる	4
ぞうぜいしてます	4
ぞうせつする	4
ぞうせつします	4
ぞうせつしません	4
ぞうせつしました	4
ぞうせつしませんでした	4
ぞうせつしましょう	4
ぞうせつしない	4
ぞうせつしなかった	4
ぞうせつした	4
ぞうせつして	4
ぞうせつしている	4
ぞうせつしています	4
ぞうせつしていた	4
ぞうせつしていました	4
ぞうせつしてる	4
ぞうせつしてます	4
ぞうしする	3
ぞうしします	3
ぞうししません	3
ぞうししました	3
ぞうししませんでした	3
ぞうししましょう	3
ぞうししない	3
ぞうししなかった	3
ぞうしした	3
ぞうしして	3
ぞうししている	3
ぞうししています	3
ぞうししていた	3
ぞうししていました	3
ぞうししてる	3
ぞうししてます	3
ぞうしんする	4
ぞうしんします	4
ぞうしんしません	4
ぞうしんしました	4
ぞうしんしませんでした	4
ぞうしんしましょう	4
ぞうしんしない	4
ぞうしんしなかった	4
ぞうしんした	4
ぞうしんして	4
ぞうしんしている	4
ぞうしんしています	4
ぞうしんしていた	4
ぞうしんしていました	4
ぞうしんしてる	4
ぞうしんしてます	4
ぞうがくする	4
ぞうがくします	4
ぞうがくしません	4
ぞうがくしました	4
ぞうがくしませんでした	4
ぞうがくしましょう	4
ぞうがくしない	4
ぞうがくしなかった	4
ぞうがくした	4
ぞうがくして	4
ぞうがくしている	4
ぞうがくしています	4
ぞうがくしていた	4
ぞうがくしていました	4
ぞうがくしてる	4
ぞうがくしてます	4
ついらくする	4
ついらくします	4
ついらくしません	4
ついらくしました	4
ついらくしませんでした	4
ついらくしましょう	4
ついらくしない	4
ついらくしなかった	4
ついらくした	4
ついらくして	4
ついらくしている	4
ついらくしています	4
ついらくしていた	4
ついらくしていました	4
ついらくしてる	4
ついらくしてます	4
かいめつする	4
かいめつします	4
かいめつしません	4
かいめつしました	4
かいめつしませんでした	4
かいめつしましょう	4
かいめつしない	4
かいめつしなかった	4
かいめつした	4
かいめつして	4
かいめつしている	4
かいめつしています	4
かいめつしていた	4
かいめつしていました	4
かいめつしてる	4
かいめつしてます	4
せいえんする	4
せいえんします	4
せいえんしません	4
せいえんしました	4
せいえんしませんでした	4
せいえんしましょう	4
せいえんしない	4
せいえんしなかった	4
せいえんした	4
せいえんして	4
せいえんしている	4
せいえんしています	4
せいえんしていた	4
せいえんしていました	4
せいえんしてる	4
せいえんしてます	4
せいめいする	4
せいめいします	4
せいめいしません	4
せいめいしました	4
せいめいしませんでした	4
せいめいしましょう	4
せいめいしない	4
せいめいしなかった	4
せいめいした	4
せいめいして	4
せいめいしている	4
せいめいしています	4
せいめいしていた	4
せいめいしていました	4
せいめいしてる	4
せいめいしてます	4
うりする	0
うりします	4
うりしません	5
うりしました	4
うりしませんでした	5
うりしましょう	5
うりしない	0
うりしなかった	7
うりした	4
うりして	2
うりしている	4
うりしています	4
うりしていた	4
うりしていました	4
うりしてる	4
うりしてます	5
ばいきゃくする	4
ばいきゃくします	4
ばいきゃくしません	4
ばいきゃくしました	4
ばいきゃくしませんでした	4
ばいきゃくしましょう	4
ばいきゃくしない	4
ばいきゃくしなかった	4
ばいきゃくした	4
ばいきゃくして	4
ばいきゃくしている	4
ばいきゃくしています	4
ばいきゃくしていた	4
ばいきゃくしていました	4
ばいきゃくしてる	4
ばいきゃくしてます	4
ばいしゅんする	4
ばいしゅんします	4
ばいしゅんしません	4
ばいしゅんしました	4
ばいしゅんしませんでした	4
ばいしゅんしましょう	4
ばいしゅんしない	4
ばいしゅんしなかった	4
ばいしゅんした	4
ばいしゅんして	4
ばいしゅんしている	4
ばいしゅんしています	4
ばいしゅんしていた	4
ばいしゅんしていました	4
ばいしゅんしてる	4
ばいしゅんしてます	4
ばいばいする	1
ばいばいします	1
ばいばいしません	1
ばいばいしました	1
ばいばいしませんでした	1
ばいばいしましょう	1
ばいばいしない	1
ばいばいしなかった	1
ばいばいした	1
ばいばいして	1
ばいばいしている	1
ばいばいしています	1
ばいばいしていた	1
ばいばいしていました	1
ばいばいしてる	1
ばいばいしてます	1
へんどうする	4
へんどうします	4
へんどうしません	4
へんどうしました	4
へんどうしませんでした	4
へんどうしましょう	4
へんどうしない	4
へんどうしなかった	4
へんどうした	4
へんどうして	4
へんどうしている	4
へんどうしています	4
へんどうしていた	4
へんどうしていました	4
へんどうしてる	4
へんどうしてます	4
へんかする	1
へんかします	1
へんかしません	1
へんかしました	1
へんかしませんでした	1
へんかしましょう	1
へんかしない	1
へんかしなかった	1
へんかした	1
へんかして	1
へんかしている	1
へんかしています	1
へんかしていた	1
へんかしていました	1
へんかしてる	1
へんかしてます	1
へんようする	4
へんようします	4
へんようしません	4
へんようしました	4
へんようしませんでした	4
へんようしましょう	4
へんようしない	4
へんようしなかった	4
へんようした	4
へんようして	4
へんようしている	4
へんようしています	4
へんようしていた	4
へんようしていました	4
へんようしてる	4
へんようしてます	4
へんけいする	4
へんけいします	4
へんけいしません	4
へんけいしました	4
へんけいしませんでした	4
へんけいしましょう	4
へんけいしない	4
へんけいしなかった	4
へんけいした	4
へんけいして	4
へんけいしている	4
へんけいしています	4
へんけいしていた	4
へんけいしていました	4
へんけいしてる	4
へんけいしてます	4
へんかんする	4
へんかんします	4
へんかんしません	4
へんかんしました	4
へんかんしませんでした	4
へんかんしましょう	4
へんかんしない	4
へんかんしなかった	4
へんかんした	4
へんかんして	4
へんかんしている	4
へんかんしています	4
へんかんしていた	4
へんかんしていました	4
へんかんしてる	4
へんかんしてます	4
へんこうする	4
へんこうします	4
へんこうしません	4
へんこうしました	4
へんこうしませんでした	4
へんこうしましょう	4
へんこうしない	4
へんこうしなかった	4
へんこうした	4
へんこうして	4
へんこうしている	4
へんこうしています	4
へんこうしていた	4
へんこうしていました	4
へんこうしてる	4
へんこうしてます	4
へんいする	1
へんいします	1
へんいしません	1
へんいしました	1
へんいしませんでした	1
へんいしましょう	1
へんいしない	1
へんいしなかった	1
へんいした	1
へんいして	1
へんいしている	1
へんいしています	1
へんいしていた	1
へんいしていました	1
へんいしてる	1
へんいしてます	1
へんぼうする	4
へんぼうします	4
へんぼうしません	4
へんぼうしました	4
へんぼうしませんでした	4
へんぼうしましょう	4
へんぼうしない	4
へんぼうしなかった	4
へんぼうした	4
へんぼうして	4
へんぼうしている	4
へんぼうしています	4
へんぼうしていた	4
へんぼうしていました	4
へんぼうしてる	4
へんぼうしてます	4
へんしつする	4
へんしつします	4
へんしつしません	4
へんしつしました	4
へんしつしませんでした	4
へんしつしましょう	4
へんしつしない	4
へんしつしなかった	4
へんしつした	4
へんしつして	4
へんしつしている	4
へんしつしています	4
へんしつしていた	4
へんしつしていました	4
へんしつしてる	4
へんしつしてます	4
へんしんする	4
へんしんします	4
へんしんしません	4
へんしんしました	4
へんしんしませんでした	4
へんしんしましょう	4
へんしんしない	4
へんしんしなかった	4
へんしんした	4
へんしんして	4
へんしんしている	4
へんしんしています	4
へんしんしていた	4
へんしんしていました	4
へんしんしてる	4
へんしんしてます	4
へんぞうする	4
へんぞうします	4
へんぞうしません	4
へんぞうしました	4
へんぞうしませんでした	4
へんぞうしましょう	4
へんぞうしない	4
へんぞうしなかった	4
へんぞうした	4
へんぞうして	4
へんぞうしている	4
へんぞうしています	4
へんぞうしていた	4
へんぞうしていました	4
へんぞうしてる	4
へんぞうしてます	4
へんせんする	4
へんせんします	4
へんせんしません	4
へんせんしました	4
へんせんしませんでした	4
へんせんしましょう	4
へんせんしない	4
へんせんしなかった	4
へんせんした	4
へんせんして	4
へんせんしている	4
へんせんしています	4
へんせんしていた	4
へんせんしていました	4
へんせんしてる	4
へんせんしてます	4
へんかくする	4
へんかくします	4
へんかくしません	4
へんかくしました	4
へんかくしませんでした	4
へんかくしましょう	4
へんかくしない	4
へんかくしなかった	4
へんかくした	4
へんかくして	4
へんかくしている	4
へんかくしています	4
へんかくしていた	4
へんかくしていました	4
へんかくしてる	4
へんかくしてます	4
なつばてする	4
なつばてします	4
なつばてしません	4
なつばてしました	4
なつばてしませんでした	4
なつばてしましょう	4
なつばてしない	4
なつばてしなかった	4
なつばてした	4
なつばてして	4
なつばてしている	4
なつばてしています	4
なつばてしていた	4
なつばてしていました	4
なつばてしてる	4
なつばてしてます	4
そとづけする	4
そとづけします	4
そとづけしません	4
そとづけしました	4
そとづけしませんでした	4
そとづけしましょう	4
そとづけしない	4
そとづけしなかった	4
そとづけした	4
そとづけして	4
そとづけしている	4
そとづけしています	4
そとづけしていた	4
そとづけしていました	4
そとづけしてる	4
そとづけしてます	4
がいしゅつする	4
がいしゅつします	4
がいしゅつしません	4
がいしゅつしました	4
がいしゅつしませんでした	4
がいしゅつしましょう	4
がいしゅつしない	4
がいしゅつしなかった	4
がいしゅつした	4
がいしゅつして	4
がいしゅつしている	4
がいしゅつしています	4
がいしゅつしていた	4
がいしゅつしていました	4
がいしゅつしてる	4
がいしゅつしてます	4
がいゆうする	4
がいゆうします	4
がいゆうしません	4
がいゆうしました	4
がいゆうしませんでした	4
がいゆうしましょう	4
がいゆうしない	4
がいゆうしなかった	4
がいゆうした	4
がいゆうして	4
がいゆうしている	4
がいゆうしています	4
がいゆうしていた	4
がいゆうしていました	4
がいゆうしてる	4
がいゆうしてます	4
がいしょくする	4
がいしょくします	4
がいしょくしません	4
がいしょくしました	4
がいしょくしませんでした	4
がいしょくしましょう	4
がいしょくしない	4
がいしょくしなかった	4
がいしょくした	4
がいしょくして	4
がいしょくしている	4
がいしょくしています	4
がいしょくしていた	4
がいしょくしていました	4
がいしょくしてる	4
がいしょくしてます	4
たようかする	4
たようかします	4
たようかしません	4
たようかしました	4
たようかしませんでした	4
たようかしましょう	4
たようかしない	4
たようかしなかった	4
たようかした	4
たようかして	4
たようかしている	4
たようかしています	4
たようかしていた	4
たようかしていました	4
たようかしてる	4
たようかしてます	4
たようする	3
たようします	3
たようしません	3
たようしました	3
たようしませんでした	3
たようしましょう	3
たようしない	3
たようしなかった	3
たようした	3
たようして	3
たようしている	3
たようしています	3
たようしていた	3
たようしていました	3
たようしてる	3
たようしてます	3
たはつする	3
たはつします	3
たはつしません	3
たはつしました	3
たはつしませんでした	3
たはつしましょう	3
たはつしない	3
たはつしなかった	3
たはつした	3
たはつして	3
たはつしている	3
たはつしています	3
たはつしていた	3
たはつしていました	3
たはつしてる	3
たはつしてます	3
よふかしする	2
よふかしします	2
よふかししません	2
よふかししました	2
よふかししませんでした	2
よふかししましょう	2
よふかししない	2
よふかししなかった	2
よふかしした	2
よふかしして	2
よふかししている	2
よふかししています	2
よふかししていた	2
よふかししていました	2
よふかししてる	2
よふかししてます	2
やこうする	3
やこうします	3
やこうしません	3
やこうしました	3
やこうしませんでした	3
やこうしましょう	3
やこうしない	3
やこうしなかった	3
やこうした	3
やこうして	3
やこうしている	3
やこうしています	3
やこうしていた	3
やこうしていました	3
やこうしてる	3
やこうしてます	3
むそうする	3
むそうします	3
むそうしません	3
むそうしました	3
むそうしませんでした	3
むそうしましょう	3
むそうしない	3
むそうしなかった	3
むそうした	3
むそうして	3
むそうしている	3
むそうしています	3
むそうしていた	3
むそうしていました	3
むそうしてる	3
むそうしてます	3
たいべつする	4
たいべつします	4
たいべつしません	4
たいべつしました	4
たいべつしませんでした	4
たいべつしましょう	4
たいべつしない	4
たいべつしなかった	4
たいべつした	4
たいべつして	4
たいべつしている	4
たいべつしています	4
たいべつしていた	4
たいべつしていました	4
たいべつしてる	4
たいべつしてます	4
たいしょうする	4
たいしょうします	4
たいしょうしません	4
たいしょうしました	4
たいしょうしませんでした	4
たいしょうしましょう	4
たいしょうしない	4
たいしょうしなかった	4
たいしょうした	4
たいしょうして	4
たいしょうしている	4
たいしょうしています	4
たいしょうしていた	4
たいしょうしていました	4
たいしょうしてる	4
たいしょうしてます	4
おおよろこびする	3
おおよろこびします	3
おおよろこびしません	3
おおよろこびしました	3
おおよろこびしませんでした	3
おおよろこびしましょう	3
おおよろこびしない	3
おおよろこびしなかった	3
おおよろこびした	3
おおよろこびして	3
おおよろこびしている	3
おおよろこびしています	3
おおよろこびしていた	3
おおよろこびしていました	3
おおよろこびしてる	3
おおよろこびしてます	3
だいかいてんする	3
だいかいてんします	3
だいかいてんしません	3
だいかいてんしました	3
だいかいてんしませんでした	3
だいかいてんしましょう	3
だいかいてんしない	3
だいかいてんしなかった	3
だいかいてんした	3
だいかいてんして	3
だいかいてんしている	3
だいかいてんしています	3
だいかいてんしていた	3
だいかいてんしていました	3
だいかいてんしてる	3
だいかいてんしてます	3
おおあたりする	3
おおあたりします	3
おおあたりしません	3
おおあたりしました	3
おおあたりしませんでした	3
おおあたりしましょう	3
おおあたりしない	3
おおあたりしなかった	3
おおあたりした	3
おおあたりして	3
おおあたりしている	3
おおあたりしています	3
おおあたりしていた	3
おおあたりしていました	3
おおあたりしてる	3
おおあたりしてます	3
たいせいする	4
たいせいします	4
たいせいしません	4
たいせいしました	4
たいせいしませんでした	4
たいせいしましょう	4
たいせいしない	4
たいせいしなかった	4
たいせいした	4
たいせいして	4
たいせいしている	4
たいせいしています	4
たいせいしていた	4
たいせいしていました	4
たいせいしてる	4
たいせいしてます	4
たいはいする	4
たいはいします	4
たいはいしません	4
たいはいしました	4
たいはいしませんでした	4
たいはいしましょう	4
たいはいしない	4
たいはいしなかった	4
たいはいした	4
たいはいして	4
たいはいしている	4
たいはいしています	4
たいはいしていた	4
たいはいしていました	4
たいはいしてる	4
たいはいしてます	4
だいかんげいする	3
だいかんげいします	3
だいかんげいしません	3
だいかんげいしました	3
だいかんげいしませんでした	3
だいかんげいしましょう	3
だいかんげいしない	3
だいかんげいしなかった	3
だいかんげいした	3
だいかんげいして	3
だいかんげいしている	3
だいかんげいしています	3
だいかんげいしていた	3
だいかんげいしていました	3
だいかんげいしてる	3
だいかんげいしてます	3
たいびょうする	1
たいびょうします	1
たいびょうしません	1
たいびょうしました	1
たいびょうしませんでした	1
たいびょうしましょう	1
たいびょうしない	1
たいびょうしなかった	1
たいびょうした	1
たいびょうして	1
たいびょうしている	1
たいびょうしています	1
たいびょうしていた	1
たいびょうしていました	1
たいびょうしてる	1
たいびょうしてます	1
たいはする	1
たいはします	1
たいはしません	1
たいはしました	1
たいはしませんでした	1
たいはしましょう	1
たいはしない	1
たいはしなかった	1
たいはした	1
たいはして	1
たいはしている	1
たいはしています	1
たいはしていた	1
たいはしていました	1
たいはしてる	1
たいはしてます	1
おおさわぎする	3
おおさわぎします	3
おおさわぎしません	3
おおさわぎしました	3
おおさわぎしませんでした	3
おおさわぎしましょう	3
おおさわぎしない	3
おおさわぎしなかった	3
おおさわぎした	3
おおさわぎして	3
おおさわぎしている	3
おおさわぎしています	3
おおさわぎしていた	3
おおさわぎしていました	3
おおさわぎしてる	3
おおさわぎしてます	3
あまくだりする	5
あまくだりします	5
あまくだりしません	5
あまくだりしました	5
あまくだりしませんでした	5
あまくだりしましょう	5
あまくだりしない	5
あまくだりしなかった	5
あまくだりした	5
あまくだりして	5
あまくだりしている	5
あまくだりしています	5
あまくだりしていた	5
あまくだりしていました	5
あまくだりしてる	5
あまくだりしてます	5
しつれんする	4
しつれんします	4
しつれんしません	4
しつれんしました	4
しつれんしませんでした	4
しつれんしましょう	4
しつれんしない	4
しつれんしなかった	4
しつれんした	4
しつれんして	4
しつれんしている	4
しつれんしています	4
しつれんしていた	4
しつれんしていました	4
しつれんしてる	4
しつれんしてます	4
しっぱいする	4
しっぱいします	4
しっぱいしません	4
しっぱいしました	4
しっぱいしませんでした	4
しっぱいしましょう	4
しっぱいしない	4
しっぱいしなかった	4
しっぱいした	4
しっぱいして	4
しっぱいしている	4
しっぱいしています	4
しっぱいしていた	4
しっぱいしていました	4
しっぱいしてる	4
しっぱいしてます	4
しっけいする	3
しっけいします	3
しっけいしません	3
しっけいしました	3
しっけいしませんでした	3
しっけいしましょう	3
しっけいしない	3
しっけいしなかった	3
しっけいした	3
しっけいして	3
しっけいしている	3
しっけいしています	3
しっけいしていた	3
しっけいしていました	3
しっけいしてる	3
しっけいしてます	3
しつめいする	4
しつめいします	4
しつめいしません	4
しつめいしました	4
しつめいしませんでした	4
しつめいしましょう	4
しつめいしない	4
しつめいしなかった	4
しつめいした	4
しつめいして	4
しつめいしている	4
しつめいしています	4
しつめいしていた	4
しつめいしていました	4
しつめいしてる	4
しつめいしてます	4
しつぼうする	4
しつぼうします	4
しつぼうしません	4
しつぼうしました	4
しつぼうしませんでした	4
しつぼうしましょう	4
しつぼうしない	4
しつぼうしなかった	4
しつぼうした	4
しつぼうして	4
しつぼうしている	4
しつぼうしています	4
しつぼうしていた	4
しつぼうしていました	4
しつぼうしてる	4
しつぼうしてます	4
しっかくする	4
しっかくします	4
しっかくしません	4
しっかくしました	4
しっかくしませんでした	4
しっかくしましょう	4
しっかくしない	4
しっかくしなかった	4
しっかくした	4
しっかくして	4
しっかくしている	4
しっかくしています	4
しっかくしていた	4
しっかくしていました	4
しっかくしてる	4
しっかくしてます	4
しつぎょうする	4
しつぎょうします	4
しつぎょうしません	4
しつぎょうしました	4
しつぎょうしませんでした	4
しつぎょうしましょう	4
しつぎょうしない	4
しつぎょうしなかった	4
しつぎょうした	4
しつぎょうして	4
しつぎょうしている	4
しつぎょうしています	4
しつぎょうしていた	4
しつぎょうしていました	4
しつぎょうしてる	4
しつぎょうしてます	4
しっさくする	4
しっさくします	4
しっさくしません	4
しっさくしました	4
しっさくしませんでした	4
しっさくしましょう	4
しっさくしない	4
しっさくしなかった	4
しっさくした	4
しっさくして	4
しっさくしている	4
しっさくしています	4
しっさくしていた	4
しっさくしていました	4
しっさくしてる	4
しっさくしてます	4
しっきゃくする	4
しっきゃくします	4
しっきゃくしません	4
しっきゃくしました	4
しっきゃくしませんでした	4
しっきゃくしましょう	4
しっきゃくしない	4
しっきゃくしなかった	4
しっきゃくした	4
しっきゃくして	4
しっきゃくしている	4
しっきゃくしています	4
しっきゃくしていた	4
しっきゃくしていました	4
しっきゃくしてる	4
しっきゃくしてます	4
しっせきする	4
しっせきします	4
しっせきしません	4
しっせきしました	4
しっせきしませんでした	4
しっせきしましょう	4
しっせきしない	4
しっせきしなかった	4
しっせきした	4
しっせきして	4
しっせきしている	4
しっせきしています	4
しっせきしていた	4
しっせきしていました	4
しっせきしてる	4
しっせきしてます	4
しっそうする	4
しっそうします	4
しっそうしません	4
しっそうしました	4
しっそうしませんでした	4
しっそうしましょう	4
しっそうしない	4
しっそうしなかった	4
しっそうした	4
しっそうして	4
しっそうしている	4
しっそうしています	4
しっそうしていた	4
しっそうしていました	4
しっそうしてる	4
しっそうしてます	4
しっそくする	4
しっそくします	4
しっそくしません	4
しっそくしました	4
しっそくしませんでした	4
しっそくしましょう	4
しっそくしない	4
しっそくしなかった	4
しっそくした	4
しっそくして	4
しっそくしている	4
しっそくしています	4
しっそくしていた	4
しっそくしていました	4
しっそくしてる	4
しっそくしてます	4
きしゅうする	3
きしゅうします	3
きしゅうしません	3
きしゅうしました	3
きしゅうしませんでした	3
きしゅうしましょう	3
きしゅうしない	3
きしゅうしなかった	3
きしゅうした	3
きしゅうして	3
きしゅうしている	3
きしゅうしています	3
きしゅうしていた	3
きしゅうしていました	3
きしゅうしてる	3
きしゅうしてます	3
ほうしする	1
ほうしします	1
ほうししません	1
ほうししました	1
ほうししませんでした	1
ほうししましょう	1
ほうししない	1
ほうししなかった	1
ほうしした	1
ほうしして	1
ほうししている	1
ほうししています	1
ほうししていた	1
ほうししていました	1
ほうししてる	1
ほうししてます	1
ほうこうする	1
ほうこうします	1
ほうこうしません	1
ほうこうしました	1
ほうこうしませんでした	1
ほうこうしましょう	1
ほうこうしない	1
ほうこうしなかった	1
ほうこうした	1
ほうこうして	1
ほうこうしている	1
ほうこうしています	1
ほうこうしていた	1
ほうこうしていました	1
ほうこうしてる	1
ほうこうしてます	1
そうこうする	4
そうこうします	4
そうこうしません	4
そうこうしました	4
そうこうしませんでした	4
そうこうしましょう	4
そうこうしない	4
そうこうしなかった	4
そうこうした	4
そうこうして	4
そうこうしている	4
そうこうしています	4
そうこうしていた	4
そうこうしていました	4
そうこうしてる	4
そうこうしてます	4
けいやくする	4
けいやくします	4
けいやくしません	4
けいやくしました	4
けいやくしませんでした	4
けいやくしましょう	4
けいやくしない	4
けいやくしなかった	4
けいやくした	4
けいやくして	4
けいやくしている	4
けいやくしています	4
けいやくしていた	4
けいやくしていました	4
けいやくしてる	4
けいやくしてます	4
しょうれいする	4
しょうれいします	4
しょうれいしません	4
しょうれいしました	4
しょうれいしませんでした	4
しょうれいしましょう	4
しょうれいしない	4
しょうれいしなかった	4
しょうれいした	4
しょうれいして	4
しょうれいしている	4
しょうれいしています	4
しょうれいしていた	4
しょうれいしていました	4
しょうれいしてる	4
しょうれいしてます	4
だっしゅする	1
だっしゅします	1
だっしゅしません	1
だっしゅしました	1
だっしゅしませんでした	1
だっしゅしましょう	1
だっしゅしない	1
だっしゅしなかった	1
だっしゅした	1
だっしゅして	1
だっしゅしている	1
だっしゅしています	1
だっしゅしていた	1
だっしゅしていました	1
だっしゅしてる	1
だっしゅしてます	1
だっかいする	4
だっかいします	4
だっかいしません	4
だっかいしました	4
だっかいしませんでした	4
だっかいしましょう	4
だっかいしない	4
だっかいしなかった	4
だっかいした	4
だっかいして	4
だっかいしている	4
だっかいしています	4
だっかいしていた	4
だっかいしていました	4
だっかいしてる	4
だっかいしてます	4
だっかんする	4
だっかんします	4
だっかんしません	4
だっかんしました	4
だっかんしませんでした	4
だっかんしましょう	4
だっかんしない	4
だっかんしなかった	4
だっかんした	4
だっかんして	4
だっかんしている	4
だっかんしています	4
だっかんしていた	4
だっかんしていました	4
だっかんしてる	4
だっかんしてます	4
ふんぱつする	4
ふんぱつします	4
ふんぱつしません	4
ふんぱつしました	4
ふんぱつしませんでした	4
ふんぱつしましょう	4
ふんぱつしない	4
ふんぱつしなかった	4
ふんぱつした	4
ふんぱつして	4
ふんぱつしている	4
ふんぱつしています	4
ふんぱつしていた	4
ふんぱつしていました	4
ふんぱつしてる	4
ふんぱつしてます	4
ふんきする	1
ふんきします	1
ふんきしません	1
ふんきしました	1
ふんきしませんでした	1
ふんきしましょう	1
ふんきしない	1
ふんきしなかった	1
ふんきした	1
ふんきして	1
ふんきしている	1
ふんきしています	1
ふんきしていた	1
ふんきしていました	1
ふんきしてる	1
ふんきしてます	1
ふんとうする	4
ふんとうします	4
ふんとうしません	4
ふんとうしました	4
ふんとうしませんでした	4
ふんとうしましょう	4
ふんとうしない	4
ふんとうしなかった	4
ふんとうした	4
ふんとうして	4
ふんとうしている	4
ふんとうしています	4
ふんとうしていた	4
ふんとうしていました	4
ふんとうしてる	4
ふんとうしてます	4
こうしゅする	1
こうしゅします	1
こうしゅしません	1
こうしゅしました	1
こうしゅしませんでした	1
こうしゅしましょう	1
こうしゅしない	1
こうしゅしなかった	1
こうしゅした	1
こうしゅして	1
こうしゅしている	1
こうしゅしています	1
こうしゅしていた	1
こうしゅしていました	1
こうしゅしてる	1
こうしゅしてます	1
こうとうする	4
こうとうします	4
こうとうしません	4
こうとうしました	4
こうとうしませんでした	4
こうとうしましょう	4
こうとうしない	4
こうとうしなかった	4
こうとうした	4
こうとうして	4
こうとうしている	4
こうとうしています	4
こうとうしていた	4
こうとうしていました	4
こうとうしてる	4
こうとうしてます	4
こうてんする	4
こうてんします	4
こうてんしません	4
こうてんしました	4
こうてんしませんでした	4
こうてんしましょう	4
こうてんしない	4
こうてんしなかった	4
こうてんした	4
こうてんして	4
こうてんしている	4
こうてんしています	4
こうてんしていた	4
こうてんしていました	4
こうてんしてる	4
こうてんしてます	4
もうそうする	4
もうそうします	4
もうそうしません	4
もうそうしました	4
もうそうしませんでした	4
もうそうしましょう	4
もうそうしない	4
もうそうしなかった	4
もうそうした	4
もうそうして	4
もうそうしている	4
もうそうしています	4
もうそうしていた	4
もうそうしていました	4
もうそうしてる	4
もうそうしてます	4
にんしんする	4
にんしんします	4
にんしんしません	4
にんしんしました	4
にんしんしませんでした	4
にんしんしましょう	4
にんしんしない	4
にんしんしなかった	4
にんしんした	4
にんしんして	4
にんしんしている	4
にんしんしています	4
にんしんしていた	4
にんしんしていました	4
にんしんしてる	4
にんしんしてます	4
だきょうする	3
だきょうします	3
だきょうしません	3
だきょうしました	3
だきょうしませんでした	3
だきょうしましょう	3
だきょうしない	3
だきょうしなかった	3
だきょうした	3
だきょうして	3
だきょうしている	3
だきょうしています	3
だきょうしていた	3
だきょうしていました	3
だきょうしてる	3
だきょうしてます	3
だとうする	3
だとうします	3
だとうしません	3
だとうしました	3
だとうしませんでした	3
だとうしましょう	3
だとうしない	3
だとうしなかった	3
だとうした	3
だとうして	3
だとうしている	3
だとうしています	3
だとうしていた	3
だとうしていました	3
だとうしてる	3
だとうしてます	3
だけつする	3
だけつします	3
だけつしません	3
だけつしました	3
だけつしませんでした	3
だけつしましょう	3
だけつしない	3
だけつしなかった	3
だけつした	3
だけつして	3
だけつしている	3
だけつしています	3
だけつしていた	3
だけつしていました	3
だけつしてる	3
だけつしてます	3
ぼうがいする	4
ぼうがいします	4
ぼうがいしません	4
ぼうがいしました	4
ぼうがいしませんでした	4
ぼうがいしましょう	4
ぼうがいしない	4
ぼうがいしなかった	4
ぼうがいした	4
ぼうがいして	4
ぼうがいしている	4
ぼうがいしています	4
ぼうがいしていた	4
ぼうがいしていました	4
ぼうがいしてる	4
ぼうがいしてます	4
しどうする	3
しどうします	3
しどうしません	3
しどうしました	3
しどうしませんでした	3
しどうしましょう	3
しどうしない	3
しどうしなかった	3
しどうした	3
しどうして	3
しどうしている	3
しどうしています	3
しどうしていた	3
しどうしていました	3
しどうしてる	3
しどうしてます	3
しまつする	1
しまつします	1
しまつしません	1
しまつしました	1
しまつしませんでした	1
しまつしましょう	1
しまつしない	1
しまつしなかった	1
しまつした	1
しまつして	1
しまつしている	1
しまつしています	1
しまつしていた	1
しまつしていました	1
しまつしてる	1
しまつしてます	1
しぎょうする	3
しぎょうします	3
しぎょうしません	3
しぎょうしました	3
しぎょうしませんでした	3
しぎょうしましょう	3
しぎょうしない	3
しぎょうしなかった	3
しぎょうした	3
しぎょうして	3
しぎょうしている	3
しぎょうしています	3
しぎょうしていた	3
しぎょうしていました	3
しぎょうしてる	3
しぎょうしてます	3
いにんする	3
いにんします	3
いにんしません	3
いにんしました	3
いにんしませんでした	3
いにんしましょう	3
いにんしない	3
いにんしなかった	3
いにんした	3
いにんして	3
いにんしている	3
いにんしています	3
いにんしていた	3
いにんしていました	3
いにんしてる	3
いにんしてます	3
いしょくする	3
いしょくします	3
いしょくしません	3
いしょくしました	3
いしょくしませんでした	3
いしょくしましょう	3
いしょくしない	3
いしょくしなかった	3
いしょくした	3
いしょくして	3
いしょくしている	3
いしょくしています	3
いしょくしていた	3
いしょくしていました	3
いしょくしてる	3
いしょくしてます	3
いたくする	3
いたくします	3
いたくしません	3
いたくしました	3
いたくしませんでした	3
いたくしましょう	3
いたくしない	3
いたくしなかった	3
いたくした	3
いたくして	3
いたくしている	3
いたくしています	3
いたくしていた	3
いたくしていました	3
いたくしてる	3
いたくしてます	3
いかくする	3
いかくします	3
いかくしません	3
いかくしました	3
いかくしませんでした	3
いかくしましょう	3
いかくしない	3
いかくしなかった	3
いかくした	3
いかくして	3
いかくしている	3
いかくしています	3
いかくしていた	3
いかくしていました	3
いかくしてる	3
いかくしてます	3
ごらくする	3
ごらくします	3
ごらくしません	3
ごらくしました	3
ごらくしませんでした	3
ごらくしましょう	3
ごらくしない	3
ごらくしなかった	3
ごらくした	3
ごらくして	3
ごらくしている	3
ごらくしています	3
ごらくしていた	3
ごらくしていました	3
ごらくしてる	3
ごらくしてます	3
こんいんする	4
こんいんします	4
こんいんしません	4
こんいんしました	4
こんいんしませんでした	4
こんいんしましょう	4
こんいんしない	4
こんいんしなかった	4
こんいんした	4
こんいんして	4
こんいんしている	4
こんいんしています	4
こんいんしていた	4
こんいんしていました	4
こんいんしてる	4
こんいんしてます	4
こんやくする	4
こんやくします	4
こんやくしません	4
こんやくしました	4
こんやくしませんでした	4
こんやくしましょう	4
こんやくしない	4
こんやくしなかった	4
こんやくした	4
こんやくして	4
こんやくしている	4
こんやくしています	4
こんやくしていた	4
こんやくしていました	4
こんやくしてる	4
こんやくしてます	4
しっとする	3
しっとします	3
しっとしません	3
しっとしました	3
しっとしませんでした	3
しっとしましょう	3
しっとしない	3
しっとしなかった	3
しっとした	3
しっとして	3
しっとしている	3
しっとしています	3
しっとしていた	3
しっとしていました	3
しっとしてる	3
しっとしてます	3
けんおする	1
けんおします	1
けんおしません	1
けんおしました	1
けんおしませんでした	1
けんおしましょう	1
けんおしない	1
けんおしなかった	1
けんおした	1
けんおして	1
けんおしている	1
けんおしています	1
けんおしていた	1
けんおしていました	1
けんおしてる	1
けんおしてます	1
いやきする	3
いやきします	3
いやきしません	3
いやきしました	3
いやきしませんでした	3
いやきしましょう	3
いやきしない	3
いやきしなかった	3
いやきした	3
いやきして	3
いやきしている	3
いやきしています	3
いやきしていた	3
いやきしていました	3
いやきしてる	3
いやきしてます	3
こそだてする	2
こそだてします	2
こそだてしません	2
こそだてしました	2
こそだてしませんでした	2
こそだてしましょう	2
こそだてしない	2
こそだてしなかった	2
こそだてした	2
こそだてして	2
こそだてしている	2
こそだてしています	2
こそだてしていた	2
こそだてしていました	2
こそだてしてる	2
こそだてしてます	2
そんざいする	4
そんざいします	4
そんざいしません	4
そんざいしました	4
そんざいしませんでした	4
そんざいしましょう	4
そんざいしない	4
そんざいしなかった	4
そんざいした	4
そんざいして	4
そんざいしている	4
そんざいしています	4
そんざいしていた	4
そんざいしていました	4
そんざいしてる	4
そんざいしてます	4
そんりつする	4
そんりつします	4
そんりつしません	4
そんりつしました	4
そんりつしませんでした	4
そんりつしましょう	4
そんりつしない	4
そんりつしなかった	4
そんりつした	4
そんりつして	4
そんりつしている	4
そんりつしています	4
そんりつしていた	4
そんりつしていました	4
そんりつしてる	4
そんりつしてます	4
そんぞくする	4
そんぞくします	4
そんぞくしません	4
そんぞくしました	4
そんぞくしませんでした	4
そんぞくしましょう	4
そんぞくしない	4
そんぞくしなかった	4
そんぞくした	4
そんぞくして	4
そんぞくしている	4
そんぞくしています	4
そんぞくしていた	4
そんぞくしていました	4
そんぞくしてる	4
そんぞくしてます	4
こうこうする	1
こうこうします	1
こうこうしません	1
こうこうしました	1
こうこうしませんでした	1
こうこうしましょう	1
こうこうしない	1
こうこうしなかった	1
こうこうした	1
こうこうして	1
こうこうしている	1
こうこうしています	1
こうこうしていた	1
こうこうしていました	1
こうこうしてる	1
こうこうしてます	1
こりつする	3
こりつします	3
こりつしません	3
こりつしました	3
こりつしませんでした	3
こりつしましょう	3
こりつしない	3
こりつしなかった	3
こりつした	3
こりつして	3
こりつしている	3
こりつしています	3
こりつしていた	3
こりつしていました	3
こりつしてる	3
こりつしてます	3
がくもんする	2
がくもんします	2
がくもんしません	2
がくもんしました	2
がくもんしませんでした	2
がくもんしましょう	2
がくもんしない	2
がくもんしなかった	2
がくもんした	2
がくもんして	2
がくもんしている	2
がくもんしています	2
がくもんしていた	2
がくもんしていました	2
がくもんしてる	2
がくもんしてます	2
がくしゅうする	4
がくしゅうします	4
がくしゅうしません	4
がくしゅうしました	4
がくしゅうしませんでした	4
がくしゅうしましょう	4
がくしゅうしない	4
がくしゅうしなかった	4
がくしゅうした	4
がくしゅうして	4
がくしゅうしている	4
がくしゅうしています	4
がくしゅうしていた	4
がくしゅうしていました	4
がくしゅうしてる	4
がくしゅうしてます	4
たくはいする	4
たくはいします	4
たくはいしません	4
たくはいしました	4
たくはいしませんでした	4
たくはいしましょう	4
たくはいしない	4
たくはいしなかった	4
たくはいした	4
たくはいして	4
たくはいしている	4
たくはいしています	4
たくはいしていた	4
たくはいしていました	4
たくはいしてる	4
たくはいしてます	4
しゅびする	1
しゅびします	1
しゅびしません	1
しゅびしました	1
しゅびしませんでした	1
しゅびしましょう	1
しゅびしない	1
しゅびしなかった	1
しゅびした	1
しゅびして	1
しゅびしている	1
しゅびしています	1
しゅびしていた	1
しゅびしていました	1
しゅびしてる	1
しゅびしてます	1
あんじゅうする	4
あんじゅうします	4
あんじゅうしません	4
あんじゅうしました	4
あんじゅうしませんでした	4
あんじゅうしましょう	4
あんじゅうしない	4
あんじゅうしなかった	4
あんじゅうした	4
あんじゅうして	4
あんじゅうしている	4
あんじゅうしています	4
あんじゅうしていた	4
あんじゅうしていました	4
あんじゅうしてる	4
あんじゅうしてます	4
やすうりする	4
やすうりします	4
やすうりしません	4
やすうりしました	4
やすうりしませんでした	4
やすうりしましょう	4
やすうりしない	4
やすうりしなかった	4
やすうりした	4
やすうりして	4
やすうりしている	4
やすうりしています	4
やすうりしていた	4
やすうりしていました	4
やすうりしてる	4
やすうりしてます	4
あんていする	4
あんていします	4
あんていしません	4
あんていしました	4
あんていしませんでした	4
あんていしましょう	4
あんていしない	4
あんていしなかった	4
あんていした	4
あんていして	4
あんていしている	4
あんていしています	4
あんていしていた	4
あんていしていました	4
あんていしてる	4
あんていしてます	4
あんしんする	4
あんしんします	4
あんしんしません	4
あんしんしました	4
あんしんしませんでした	4
あんしんしましょう	4
あんしんしない	4
あんしんしなかった	4
あんしんした	4
あんしんして	4
あんしんしている	4
あんしんしています	4
あんしんしていた	4
あんしんしていました	4
あんしんしてる	4
あんしんしてます	4
あんだする	1
あんだします	1
あんだしません	1
あんだしました	1
あんだしませんでした	1
あんだしましょう	1
あんだしない	1
あんだしなかった	1
あんだした	1
あんだして	1
あんだしている	1
あんだしています	1
あんだしていた	1
あんだしていました	1
あんだしてる	1
あんだしてます	1
あんらくしする	4
あんらくしします	4
あんらくししません	4
あんらくししました	4
あんらくししませんでした	4
あんらくししましょう	4
あんらくししない	4
あんらくししなかった	4
あんらくしした	4
あんらくしして	4
あんらくししている	4
あんらくししています	4
あんらくししていた	4
あんらくししていました	4
あんらくししてる	4
あんらくししてます	4
あんみんする	4
あんみんします	4
あんみんしません	4
あんみんしました	4
あんみんしませんでした	4
あんみんしましょう	4
あんみんしない	4
あんみんしなかった	4
あんみんした	4
あんみんして	4
あんみんしている	4
あんみんしています	4
あんみんしていた	4
あんみんしていました	4
あんみんしてる	4
あんみんしてます	4
かんりょうする	4
かんりょうします	4
かんりょうしません	4
かんりょうしました	4
かんりょうしませんでした	4
かんりょうしましょう	4
かんりょうしない	4
かんりょうしなかった	4
かんりょうした	4
かんりょうして	4
かんりょうしている	4
かんりょうしています	4
かんりょうしていた	4
かんりょうしていました	4
かんりょうしてる	4
かんりょうしてます	4
かんばいする	4
かんばいします	4
かんばいしません	4
かんばいしました	4
かんばいしませんでした	4
かんばいしましょう	4
かんばいしない	4
かんばいしなかった	4
かんばいした	4
かんばいして	4
かんばいしている	4
かんばいしています	4
かんばいしていた	4
かんばいしていました	4
かんばいしてる	4
かんばいしてます	4
かんぷうする	4
かんぷうします	4
かんぷうしません	4
かんぷうしました	4
かんぷうしませんでした	4
かんぷうしましょう	4
かんぷうしない	4
かんぷうしなかった	4
かんぷうした	4
かんぷうして	4
かんぷうしている	4
かんぷうしています	4
かんぷうしていた	4
かんぷうしていました	4
かんぷうしてる	4
かんぷうしてます	4
かんせいする	4
かんせいします	4
かんせいしません	4
かんせいしました	4
かんせいしませんでした	4
かんせいしましょう	4
かんせいしない	4
かんせいしなかった	4
かんせいした	4
かんせいして	4
かんせいしている	4
かんせいしています	4
かんせいしていた	4
かんせいしていました	4
かんせいしてる	4
かんせいしてます	4
かんとうする	4
かんとうします	4
かんとうしません	4
かんとうしました	4
かんとうしませんでした	4
かんとうしましょう	4
かんとうしない	4
かんとうしなかった	4
かんとうした	4
かんとうして	4
かんとうしている	4
かんとうしています	4
かんとうしていた	4
かんとうしていました	4
かんとうしてる	4
かんとうしてます	4
かんちする	1
かんちします	1
かんちしません	1
かんちしました	1
かんちしませんでした	1
かんちしましょう	1
かんちしない	1
かんちしなかった	1
かんちした	1
かんちして	1
かんちしている	1
かんちしています	1
かんちしていた	1
かんちしていました	1
かんちしてる	1
かんちしてます	1
かんけつする	4
かんけつします	4
かんけつしません	4
かんけつしました	4
かんけつしませんでした	4
かんけつしましょう	4
かんけつしない	4
かんけつしなかった	4
かんけつした	4
かんけつして	4
かんけつしている	4
かんけつしています	4
かんけつしていた	4
かんけつしていました	4
かんけつしてる	4
かんけつしてます	4
ていじゅうする	4
ていじゅうします	4
ていじゅうしません	4
ていじゅうしました	4
ていじゅうしませんでした	4
ていじゅうしましょう	4
ていじゅうしない	4
ていじゅうしなかった	4
ていじゅうした	4
ていじゅうして	4
ていじゅうしている	4
ていじゅうしています	4
ていじゅうしていた	4
ていじゅうしていました	4
ていじゅうしてる	4
ていじゅうしてます	4
ていねんする	4
ていねんします	4
ていねんしません	4
ていねんしました	4
ていねんしませんでした	4
ていねんしましょう	4
ていねんしない	4
ていねんしなかった	4
ていねんした	4
ていねんして	4
ていねんしている	4
ていねんしています	4
ていねんしていた	4
ていねんしていました	4
ていねんしてる	4
ていねんしてます	4
ていちゃくする	4
ていちゃくします	4
ていちゃくしません	4
ていちゃくしました	4
ていちゃくしませんでした	4
ていちゃくしましょう	4
ていちゃくしない	4
ていちゃくしなかった	4
ていちゃくした	4
ていちゃくして	4
ていちゃくしている	4
ていちゃくしています	4
ていちゃくしていた	4
ていちゃくしていました	4
ていちゃくしてる	4
ていちゃくしてます	4
ていぎする	1
ていぎします	1
ていぎしません	1
ていぎしました	1
ていぎしませんでした	1
ていぎしましょう	1
ていぎしない	1
ていぎしなかった	1
ていぎした	1
ていぎして	1
ていぎしている	1
ていぎしています	1
ていぎしていた	1
ていぎしていました	1
ていぎしてる	1
ていぎしてます	1
じつざいする	4
じつざいします	4
じつざいしません	4
じつざいしました	4
じつざいしませんでした	4
じつざいしましょう	4
じつざいしない	4
じつざいしなかった	4
じつざいした	4
じつざいして	4
じつざいしている	4
じつざいしています	4
じつざいしていた	4
じつざいしていました	4
じつざいしてる	4
じつざいしてます	4
じっかんする	4
じっかんします	4
じっかんしません	4
じっかんしました	4
じっかんしませんでした	4
じっかんしましょう	4
じっかんしない	4
じっかんしなかった	4
じっかんした	4
じっかんして	4
じっかんしている	4
じっかんしています	4
じっかんしていた	4
じっかんしていました	4
じっかんしてる	4
じっかんしてます	4
じっしする	3
じっしします	3
じっししません	3
じっししました	3
じっししませんでした	3
じっししましょう	3
じっししない	3
じっししなかった	3
じっしした	3
じっしして	3
じっししている	3
じっししています	3
じっししていた	3
じっししていました	3
じっししてる	3
じっししてます	3
じっきょうする	4
じっきょうします	4
じっきょうしません	4
じっきょうしました	4
じっきょうしませんでした	4
じっきょうしましょう	4
じっきょうしない	4
じっきょうしなかった	4
じっきょうした	4
じっきょうして	4
じっきょうしている	4
じっきょうしています	4
じっきょうしていた	4
じっきょうしていました	4
じっきょうしてる	4
じっきょうしてます	4
じつえんする	4
じつえんします	4
じつえんしません	4
じつえんしました	4
じつえんしませんでした	4
じつえんしましょう	4
じつえんしない	4
じつえんしなかった	4
じつえんした	4
じつえんして	4
じつえんしている	4
じつえんしています	4
じつえんしていた	4
じつえんしていました	4
じつえんしてる	4
じつえんしてます	4
じつげんする	4
じつげんします	4
じつげんしません	4
じつげんしました	4
じつげんしませんでした	4
じつげんしましょう	4
じつげんしない	4
じつげんしなかった	4
じつげんした	4
じつげんして	4
じつげんしている	4
じつげんしています	4
じつげんしていた	4
じつげんしていました	4
じつげんしてる	4
じつげんしてます	4
じっしゅうする	4
じっしゅうします	4
じっしゅうしません	4
じっしゅうしました	4
じっしゅうしませんでした	4
じっしゅうしましょう	4
じっしゅうしない	4
じっしゅうしなかった	4
じっしゅうした	4
じっしゅうして	4
じっしゅうしている	4
じっしゅうしています	4
じっしゅうしていた	4
じっしゅうしていました	4
じっしゅうしてる	4
じっしゅうしてます	4
じっこうする	4
じっこうします	4
じっこうしません	4
じっこうしました	4
じっこうしませんでした	4
じっこうしましょう	4
じっこうしない	4
じっこうしなかった	4
じっこうした	4
じっこうして	4
じっこうしている	4
じっこうしています	4
じっこうしていた	4
じっこうしていました	4
じっこうしてる	4
じっこうしてます	4
じっしょうする	4
じっしょうします	4
じっしょうしません	4
じっしょうしました	4
じっしょうしませんでした	4
じっしょうしましょう	4
じっしょうしない	4
じっしょうしなかった	4
じっしょうした	4
じっしょうして	4
じっしょうしている	4
じっしょうしています	4
じっしょうしていた	4
じっしょうしていました	4
じっしょうしてる	4
じっしょうしてます	4
じっせんする	4
じっせんします	4
じっせんしません	4
じっせんしました	4
じっせんしませんでした	4
じっせんしましょう	4
じっせんしない	4
じっせんしなかった	4
じっせんした	4
じっせんして	4
じっせんしている	4
じっせんしています	4
じっせんしていた	4
じっせんしていました	4
じっせんしてる	4
じっせんしてます	4
じっけんする	4
じっけんします	4
じっけんしません	4
じっけんしました	4
じっけんしませんでした	4
じっけんしましょう	4
じっけんしない	4
じっけんしなかった	4
じっけんした	4
じっけんして	4
じっけんしている	4
じっけんしています	4
じっけんしていた	4
じっけんしていました	4
じっけんしてる	4
じっけんしてます	4
せんでんする	4
せんでんします	4
せんでんしません	4
せんでんしました	4
せんでんしませんでした	4
せんでんしましょう	4
せんでんしない	4
せんでんしなかった	4
せんでんした	4
せんでんして	4
せんでんしている	4
せんでんしています	4
せんでんしていた	4
せんでんしていました	4
せんでんしてる	4
せんでんしてます	4
せんこくする	4
せんこくします	4
せんこくしません	4
せんこくしました	4
せんこくしませんでした	4
せんこくしましょう	4
せんこくしない	4
せんこくしなかった	4
せんこくした	4
せんこくして	4
せんこくしている	4
せんこくしています	4
せんこくしていた	4
せんこくしていました	4
せんこくしてる	4
せんこくしてます	4
せんせんする	4
せんせんします	4
せんせんしません	4
せんせんしました	4
せんせんしませんでした	4
せんせんしましょう	4
せんせんしない	4
せんせんしなかった	4
せんせんした	4
せんせんして	4
せんせんしている	4
せんせんしています	4
せんせんしていた	4
せんせんしていました	4
せんせんしてる	4
せんせんしてます	4
せんげんする	3
せんげんします	3
せんげんしません	3
せんげんしました	3
せんげんしませんでした	3
せんげんしましょう	3
せんげんしない	3
せんげんしなかった	3
せんげんした	3
せんげんして	3
せんげんしている	3
せんげんしています	3
せんげんしていた	3
せんげんしていました	3
せんげんしてる	3
せんげんしてます	3
がいするする	3
がいするします	6
がいするしません	7
がいするしました	6
がいするしませんでした	7
がいするしましょう	7
がいするしない	5
がいするしなかった	5
がいするした	3
がいするして	3
がいするしている	3
がいするしています	3
がいするしていた	3
がいするしていました	3
がいするしてる	3
がいするしてます	3
いえでする	3
いえでします	3
いえでしません	3
いえでしました	3
いえでしませんでした	3
いえでしましょう	3
いえでしない	3
いえでしなかった	3
いえでした	3
いえでして	3
いえでしている	3
いえでしています	3
いえでしていた	3
いえでしていました	3
いえでしてる	3
いえでしてます	3
ようにんする	4
ようにんします	4
ようにんしません	4
ようにんしました	4
ようにんしませんでした	4
ようにんしましょう	4
ようにんしない	4
ようにんしなかった	4
ようにんした	4
ようにんして	4
ようにんしている	4
ようにんしています	4
ようにんしていた	4
ようにんしていました	4
ようにんしてる	4
ようにんしてます	4
ようしゃする	1
ようしゃします	1
ようしゃしません	1
ようしゃしました	1
ようしゃしませんでした	1
ようしゃしましょう	1
ようしゃしない	1
ようしゃしなかった	1
ようしゃした	1
ようしゃして	1
ようしゃしている	1
ようしゃしています	1
ようしゃしていた	1
ようしゃしていました	1
ようしゃしてる	1
ようしゃしてます	1
しゅくはくする	4
しゅくはくします	4
しゅくはくしません	4
しゅくはくしました	4
しゅくはくしませんでした	4
しゅくはくしましょう	4
しゅくはくしない	4
しゅくはくしなかった	4
しゅくはくした	4
しゅくはくして	4
しゅくはくしている	4
しゅくはくしています	4
しゅくはくしていた	4
しゅくはくしていました	4
しゅくはくしてる	4
しゅくはくしてます	4
よりみちする	4
よりみちします	4
よりみちしません	4
よりみちしました	4
よりみちしませんでした	4
よりみちしましょう	4
よりみちしない	4
よりみちしなかった	4
よりみちした	4
よりみちして	4
よりみちしている	4
よりみちしています	4
よりみちしていた	4
よりみちしていました	4
よりみちしてる	4
よりみちしてます	4
きよする	1
きよします	1
きよしません	1
きよしました	1
きよしませんでした	1
きよしましょう	1
きよしない	1
きよしなかった	1
きよした	1
きよして	1
きよしている	1
きよしています	1
きよしていた	1
きよしていました	1
きよしてる	1
きよしてます	1
きふする	1
きふします	1
きふしません	1
きふしました	1
きふしませんでした	1
きふしましょう	1
きふしない	1
きふしなかった	1
きふした	1
きふして	1
きふしている	1
きふしています	1
きふしていた	1
きふしていました	1
きふしてる	1
きふしてます	1
きこうする	3
きこうします	3
きこうしません	3
きこうしました	3
きこうしませんでした	3
きこうしましょう	3
きこうしない	3
きこうしなかった	3
きこうした	3
きこうして	3
きこうしている	3
きこうしています	3
きこうしていた	3
きこうしていました	3
きこうしてる	3
きこうしてます	3
きせいする	3
きせいします	3
きせいしません	3
きせいしました	3
きせいしませんでした	3
きせいしましょう	3
きせいしない	3
きせいしなかった	3
きせいした	3
きせいして	3
きせいしている	3
きせいしています	3
きせいしていた	3
きせいしていました	3
きせいしてる	3
きせいしてます	3
きぞうする	3
きぞうします	3
きぞうしません	3
きぞうしました	3
きぞうしませんでした	3
きぞうしましょう	3
きぞうしない	3
きぞうしなかった	3
きぞうした	3
きぞうして	3
きぞうしている	3
きぞうしています	3
きぞうしていた	3
きぞうしていました	3
きぞうしてる	3
きぞうしてます	3
みつにゅうこくする	3
みつにゅうこくします	3
みつにゅうこくしません	3
みつにゅうこくしました	3
みつにゅうこくしませんでした	3
みつにゅうこくしましょう	3
みつにゅうこくしない	3
みつにゅうこくしなかった	3
みつにゅうこくした	3
みつにゅうこくして	3
みつにゅうこくしている	3
みつにゅうこくしています	3
みつにゅうこくしていた	3
みつにゅうこくしていました	3
みつにゅうこくしてる	3
みつにゅうこくしてます	3
みつばいする	4
みつばいします	4
みつばいしません	4
みつばいしました	4
みつばいしませんでした	4
みつばいしましょう	4
みつばいしない	4
みつばいしなかった	4
みつばいした	4
みつばいして	4
みつばいしている	4
みつばいしています	4
みつばいしていた	4
みつばいしていました	4
みつばいしてる	4
みつばいしてます	4
みっせつする	4
みっせつします	4
みっせつしません	4
みっせつしました	4
みっせつしませんでした	4
みっせつしましょう	4
みっせつしない	4
みっせつしなかった	4
みっせつした	4
みっせつして	4
みっせつしている	4
みっせつしています	4
みっせつしていた	4
みっせつしていました	4
みっせつしてる	4
みっせつしてます	4
みつりょうする	4
みつりょうします	4
みつりょうしません	4
みつりょうしました	4
みつりょうしませんでした	4
みつりょうしましょう	4
みつりょうしない	4
みつりょうしなかった	4
みつりょうした	4
みつりょうして	4
みつりょうしている	4
みつりょうしています	4
みつりょうしていた	4
みつりょうしていました	4
みつりょうしてる	4
みつりょうしてます	4
みっちゃくする	4
みっちゃくします	4
みっちゃくしません	4
みっちゃくしました	4
みっちゃくしませんでした	4
みっちゃくしましょう	4
みっちゃくしない	4
みっちゃくしなかった	4
みっちゃくした	4
みっちゃくして	4
みっちゃくしている	4
みっちゃくしています	4
みっちゃくしていた	4
みっちゃくしていました	4
みっちゃくしてる	4
みっちゃくしてます	4
みつやくする	4
みつやくします	4
みつやくしません	4
みつやくしました	4
みつやくしませんでした	4
みつやくしましょう	4
みつやくしない	4
みつやくしなかった	4
みつやくした	4
みつやくして	4
みつやくしている	4
みつやくしています	4
みつやくしていた	4
みつやくしていました	4
みつやくしてる	4
みつやくしてます	4
みっこうする	4
みっこうします	4
みっこうしません	4
みっこうしました	4
みっこうしませんでした	4
みっこうしましょう	4
みっこうしない	4
みっこうしなかった	4
みっこうした	4
みっこうして	4
みっこうしている	4
みっこうしています	4
みっこうしていた	4
みっこうしていました	4
みっこうしてる	4
みっこうしてます	4
みつゆする	3
みつゆします	3
みつゆしません	3
みつゆしました	3
みつゆしませんでした	3
みつゆしましょう	3
みつゆしない	3
みつゆしなかった	3
みつゆした	3
みつゆして	3
みつゆしている	3
みつゆしています	3
みつゆしていた	3
みつゆしていました	3
みつゆしてる	3
みつゆしてます	3
みっしゅうする	4
みっしゅうします	4
みっしゅうしません	4
みっしゅうしました	4
みっしゅうしませんでした	4
みっしゅうしましょう	4
みっしゅうしない	4
みっしゅうしなかった	4
みっしゅうした	4
みっしゅうして	4
みっしゅうしている	4
みっしゅうしています	4
みっしゅうしていた	4
みっしゅうしていました	4
みっしゅうしてる	4
みっしゅうしてます	4
かんようする	4
かんようします	4
かんようしません	4
かんようしました	4
かんようしませんでした	4
かんようしましょう	4
かんようしない	4
かんようしなかった	4
かんようした	4
かんようして	4
かんようしている	4
かんようしています	4
かんようしていた	4
かんようしていました	4
かんようしてる	4
かんようしてます	4
ねびえする	3
ねびえします	3
ねびえしません	3
ねびえしました	3
ねびえしませんでした	3
ねびえしましょう	3
ねびえしない	3
ねびえしなかった	3
ねびえした	3
ねびえして	3
ねびえしている	3
ねびえしています	3
ねびえしていた	3
ねびえしていました	3
ねびえしてる	3
ねびえしてます	3
ねぼうする	3
ねぼうします	3
ねぼうしません	3
ねぼうしました	3
ねぼうしませんでした	3
ねぼうしましょう	3
ねぼうしない	3
ねぼうしなかった	3
ねぼうした	3
ねぼうして	3
ねぼうしている	3
ねぼうしています	3
ねぼうしていた	3
ねぼうしていました	3
ねぼうしてる	3
ねぼうしてます	3
ねとまりする	2
ねとまりします	2
ねとまりしません	2
ねとまりしました	2
ねとまりしませんでした	2
ねとまりしましょう	2
ねとまりしない	2
ねとまりしなかった	2
ねとまりした	2
ねとまりして	2
ねとまりしている	2
ねとまりしています	2
ねとまりしていた	2
ねとまりしていました	2
ねとまりしてる	2
ねとまりしてます	2
ねがえりする	4
ねがえりします	4
ねがえりしません	7
ねがえりしました	4
ねがえりしませんでした	7
ねがえりしましょう	4
ねがえりしない	0
ねがえりしなかった	9
ねがえりした	4
ねがえりして	4
ねがえりしている	4
ねがえりしています	4
ねがえりしていた	4
ねがえりしていました	4
ねがえりしてる	4
ねがえりしてます	4
さっするする	0
さっするします	6
さっするしません	7
さっするしました	6
さっするしませんでした	7
さっするしましょう	7
さっするしない	0
さっするしなかった	9
さっするした	6
さっするして	0
さっするしている	6
さっするしています	6
さっするしていた	6
さっするしていました	6
さっするしてる	5
さっするしてます	7
さっちする	1
さっちします	1
さっちしません	1
さっちしました	1
さっちしませんでした	1
さっちしましょう	1
さっちしない	1
さっちしなかった	1
さっちした	1
さっちして	1
さっちしている	1
さっちしています	1
さっちしていた	1
さっちしていました	1
さっちしてる	1
さっちしてます	1
かせんする	3
かせんします	3
かせんしません	3
かせんしました	3
かせんしませんでした	3
かせんしましょう	3
かせんしない	3
かせんしなかった	3
かせんした	3
かせんして	3
かせんしている	3
かせんしています	3
かせんしていた	3
かせんしていました	3
かせんしてる	3
かせんしてます	3
しんさする	1
しんさします	1
しんさしません	1
しんさしました	1
しんさしませんでした	1
しんさしましょう	1
しんさしない	1
しんさしなかった	1
しんさした	1
しんさして	1
しんさしている	1
しんさしています	1
しんさしていた	1
しんさしていました	1
しんさしてる	1
しんさしてます	1
しんりする	1
しんりします	1
しんりしません	1
しんりしました	1
しんりしませんでした	1
しんりしましょう	1
しんりしない	1
しんりしなかった	1
しんりした	1
しんりして	1
しんりしている	1
しんりしています	1
しんりしていた	1
しんりしていました	1
しんりしてる	1
しんりしてます	1
しんぎする	1
しんぎします	1
しんぎしません	1
しんぎしました	1
しんぎしませんでした	1
しんぎしましょう	1
しんぎしない	1
しんぎしなかった	1
しんぎした	1
しんぎして	1
しんぎしている	1
しんぎしています	1
しんぎしていた	1
しんぎしていました	1
しんぎしてる	1
しんぎしてます	1
すんだんする	4
すんだんします	4
すんだんしません	4
すんだんしました	4
すんだんしませんでした	4
すんだんしましょう	4
すんだんしない	4
すんだんしなかった	4
すんだんした	4
すんだんして	4
すんだんしている	4
すんだんしています	4
すんだんしていた	4
すんだんしていました	4
すんだんしてる	4
すんだんしてます	4
たいするする	3
たいするします	6
たいするしません	7
たいするしました	6
たいするしませんでした	7
たいするしましょう	7
たいするしない	5
たいするしなかった	5
たいするした	3
たいするして	3
たいするしている	3
たいするしています	3
たいするしていた	3
たいするしていました	3
たいするしてる	3
たいするしてます	3
たいしょする	1
たいしょします	1
たいしょしません	1
たいしょしました	1
たいしょしませんでした	1
たいしょしましょう	1
たいしょしない	1
たいしょしなかった	1
たいしょした	1
たいしょして	1
たいしょしている	1
たいしょしています	1
たいしょしていた	1
たいしょしていました	1
たいしょしてる	1
たいしょしてます	1
たいこうする	4
たいこうします	4
たいこうしません	4
たいこうしました	4
たいこうしませんでした	4
たいこうしましょう	4
たいこうしない	4
たいこうしなかった	4
たいこうした	4
たいこうして	4
たいこうしている	4
たいこうしています	4
たいこうしていた	4
たいこうしていました	4
たいこうしてる	4
たいこうしてます	4
たいきょくする	4
たいきょくします	4
たいきょくしません	4
たいきょくしました	4
たいきょくしませんでした	4
たいきょくしましょう	4
たいきょくしない	4
たいきょくしなかった	4
たいきょくした	4
たいきょくして	4
たいきょくしている	4
たいきょくしています	4
たいきょくしていた	4
たいきょくしていました	4
たいきょくしてる	4
たいきょくしてます	4
たいじする	1
たいじします	1
たいじしません	1
たいじしました	1
たいじしませんでした	1
たいじしましょう	1
たいじしない	1
たいじしなかった	1
たいじした	1
たいじして	1
たいじしている	1
たいじしています	1
たいじしていた	1
たいじしていました	1
たいじしてる	1
たいじしてます	1
たいおうする	4
たいおうします	4
たいおうしません	4
たいおうしました	4
たいおうしませんでした	4
たいおうしましょう	4
たいおうしない	4
たいおうしなかった	4
たいおうした	4
たいおうして	4
たいおうしている	4
たいおうしています	4
たいおうしていた	4
たいおうしていました	4
たいおうしてる	4
たいおうしてます	4
たいせんする	4
たいせんします	4
たいせんしません	4
たいせんしました	4
たいせんしませんでした	4
たいせんしましょう	4
たいせんしない	4
たいせんしなかった	4
たいせんした	4
たいせんして	4
たいせんしている	4
たいせんしています	4
たいせんしていた	4
たいせんしていました	4
たいせんしてる	4
たいせんしてます	4
たいひする	3
たいひします	3
たいひしません	3
たいひしました	3
たいひしませんでした	3
たいひしましょう	3
たいひしない	3
たいひしなかった	3
たいひした	3
たいひして	3
たいひしている	3
たいひしています	3
たいひしていた	3
たいひしていました	3
たいひしてる	3
たいひしてます	3
たいけつする	4
たいけつします	4
たいけつしません	4
たいけつしました	4
たいけつしませんでした	4
たいけつしましょう	4
たいけつしない	4
たいけつしなかった	4
たいけつした	4
たいけつして	4
たいけつしている	4
たいけつしています	4
たいけつしていた	4
たいけつしていました	4
たいけつしてる	4
たいけつしてます	4
たいりつする	4
たいりつします	4
たいりつしません	4
たいりつしました	4
たいりつしませんでした	4
たいりつしましょう	4
たいりつしない	4
たいりつしなかった	4
たいりつした	4
たいりつして	4
たいりつしている	4
たいりつしています	4
たいりつしていた	4
たいりつしていました	4
たいりつしてる	4
たいりつしてます	4
たいわする	3
たいわします	3
たいわしません	3
たいわしました	3
たいわしませんでした	3
たいわしましょう	3
たいわしない	3
たいわしなかった	3
たいわした	3
たいわして	3
たいわしている	3
たいわしています	3
たいわしていた	3
たいわしていました	3
たいわしてる	3
たいわしてます	3
たいだんする	4
たいだんします	4
たいだんしません	4
たいだんしました	4
たいだんしませんでした	4
たいだんしましょう	4
たいだんしない	4
たいだんしなかった	4
たいだんした	4
たいだんして	4
たいだんしている	4
たいだんしています	4
たいだんしていた	4
たいだんしていました	4
たいだんしてる	4
たいだんしてます	4
たいろんする	4
たいろんします	4
たいろんしません	4
たいろんしました	4
たいろんしませんでした	4
たいろんしましょう	4
たいろんしない	4
たいろんしなかった	4
たいろんした	4
たいろんして	4
たいろんしている	4
たいろんしています	4
たいろんしていた	4
たいろんしていました	4
たいろんしてる	4
たいろんしてます	4
たいめんする	4
たいめんします	4
たいめんしません	4
たいめんしました	4
たいめんしませんでした	4
たいめんしましょう	4
たいめんしない	4
たいめんしなかった	4
たいめんした	4
たいめんして	4
たいめんしている	4
たいめんしています	4
たいめんしていた	4
たいめんしていました	4
たいめんしてる	4
たいめんしてます	4
ふうさする	3
ふうさします	3
ふうさしません	3
ふうさしました	3
ふうさしませんでした	3
ふうさしましょう	3
ふうさしない	3
ふうさしなかった	3
ふうさした	3
ふうさして	3
ふうさしている	3
ふうさしています	3
ふうさしていた	3
ふうさしていました	3
ふうさしてる	3
ふうさしてます	3
せんにんする	4
せんにんします	4
せんにんしません	4
せんにんしました	4
せんにんしませんでした	4
せんにんしましょう	4
せんにんしない	4
せんにんしなかった	4
せんにんした	4
せんにんして	4
せんにんしている	4
せんにんしています	4
せんにんしていた	4
せんにんしていました	4
せんにんしてる	4
せんにんしてます	4
せんしゅうする	4
せんしゅうします	4
せんしゅうしません	4
せんしゅうしました	4
せんしゅうしませんでした	4
せんしゅうしましょう	4
せんしゅうしない	4
せんしゅうしなかった	4
せんしゅうした	4
せんしゅうして	4
せんしゅうしている	4
せんしゅうしています	4
せんしゅうしていた	4
せんしゅうしていました	4
せんしゅうしてる	4
せんしゅうしてます	4
せんばいする	4
せんばいします	4
せんばいしません	4
せんばいしました	4
せんばいしませんでした	4
せんばいしましょう	4
せんばいしない	4
せんばいしなかった	4
せんばいした	4
せんばいして	4
せんばいしている	4
せんばいしています	4
せんばいしていた	4
せんばいしていました	4
せんばいしてる	4
せんばいしてます	4
せんぞくする	4
せんぞくします	4
せんぞくしません	4
せんぞくしました	4
せんぞくしませんでした	4
せんぞくしましょう	4
せんぞくしない	4
せんぞくしなかった	4
せんぞくした	4
せんぞくして	4
せんぞくしている	4
せんぞくしています	4
せんぞくしていた	4
せんぞくしていました	4
せんぞくしてる	4
せんぞくしてます	4
せんじゅうする	4
せんじゅうします	4
せんじゅうしません	4
せんじゅうしました	4
せんじゅうしませんでした	4
せんじゅうしましょう	4
せんじゅうしない	4
せんじゅうしなかった	4
せんじゅうした	4
せんじゅうして	4
せんじゅうしている	4
せんじゅうしています	4
せんじゅうしていた	4
せんじゅうしていました	4
せんじゅうしてる	4
せんじゅうしてます	4
せんねんする	3
せんねんします	3
せんねんしません	3
せんねんしました	3
せんねんしませんでした	3
せんねんしましょう	3
せんねんしない	3
せんねんしなかった	3
せんねんした	3
せんねんして	3
せんねんしている	3
せんねんしています	3
せんねんしていた	3
せんねんしていました	3
せんねんしてる	3
せんねんしてます	3
せんようする	4
せんようします	4
せんようしません	4
せんようしました	4
せんようしませんでした	4
せんようしましょう	4
せんようしない	4
せんようしなかった	4
せんようした	4
せんようして	4
せんようしている	4
せんようしています	4
せんようしていた	4
せんようしていました	4
せんようしてる	4
せんようしてます	4
しゃげきする	3
しゃげきします	3
しゃげきしません	3
しゃげきしました	3
しゃげきしませんでした	3
しゃげきしましょう	3
しゃげきしない	3
しゃげきしなかった	3
しゃげきした	3
しゃげきして	3
しゃげきしている	3
しゃげきしています	3
しゃげきしていた	3
しゃげきしていました	3
しゃげきしてる	3
しゃげきしてます	3
しゃさつする	3
しゃさつします	3
しゃさつしません	3
しゃさつしました	3
しゃさつしませんでした	3
しゃさつしましょう	3
しゃさつしない	3
しゃさつしなかった	3
しゃさつした	3
しゃさつして	3
しゃさつしている	3
しゃさつしています	3
しゃさつしていた	3
しゃさつしていました	3
しゃさつしてる	3
しゃさつしてます	3
しょうらいする	1
しょうらいします	1
しょうらいしません	1
しょうらいしました	1
しょうらいしませんでした	1
しょうらいしましょう	1
しょうらいしない	1
しょうらいしなかった	1
しょうらいした	1
しょうらいして	1
しょうらいしている	1
しょうらいしています	1
しょうらいしていた	1
しょうらいしていました	1
しょうらいしてる	1
しょうらいしてます	1
そんけいする	4
そんけいします	4
そんけいしません	4
そんけいしました	4
そんけいしませんでした	4
そんけいしましょう	4
そんけいしない	4
そんけいしなかった	4
そんけいした	4
そんけいして	4
そんけいしている	4
そんけいしています	4
そんけいしていた	4
そんけいしていました	4
そんけいしてる	4
そんけいしてます	4
そんちょうする	4
そんちょうします	4
そんちょうしません	4
そんちょうしました	4
そんちょうしませんでした	4
そんちょうしましょう	4
そんちょうしない	4
そんちょうしなかった	4
そんちょうした	4
そんちょうして	4
そんちょうしている	4
そんちょうしています	4
そんちょうしていた	4
そんちょうしていました	4
そんちょうしてる	4
そんちょうしてます	4
じんもんする	4
じんもんします	4
じんもんしません	4
じんもんしました	4
じんもんしませんでした	4
じんもんしましょう	4
じんもんしない	4
じんもんしなかった	4
じんもんした	4
じんもんして	4
じんもんしている	4
じんもんしています	4
じんもんしていた	4
じんもんしていました	4
じんもんしてる	4
じんもんしてます	4
どうにゅうする	4
どうにゅうします	4
どうにゅうしません	4
どうにゅうしました	4
どうにゅうしませんでした	4
どうにゅうしましょう	4
どうにゅうしない	4
どうにゅうしなかった	4
どうにゅうした	4
どうにゅうして	4
どうにゅうしている	4
どうにゅうしています	4
どうにゅうしていた	4
どうにゅうしていました	4
どうにゅうしてる	4
どうにゅうしてます	4
しょうべんする	3
しょうべんします	3
しょうべんしません	3
しょうべんしました	3
しょうべんしませんでした	3
しょうべんしましょう	3
しょうべんしない	3
しょうべんしなかった	3
しょうべんした	3
しょうべんして	3
しょうべんしている	3
しょうべんしています	3
しょうべんしていた	3
しょうべんしていました	3
しょうべんしてる	3
しょうべんしてます	3
こうりする	3
こうりします	3
こうりしません	3
こうりしました	3
こうりしませんでした	3
こうりしましょう	3
こうりしない	3
こうりしなかった	3
こうりした	3
こうりして	3
こうりしている	3
こうりしています	3
こうりしていた	3
こうりしていました	3
こうりしてる	3
こうりしてます	3
しゅうにんする	4
しゅうにんします	4
しゅうにんしません	4
しゅうにんしました	4
しゅうにんしませんでした	4
しゅうにんしましょう	4
しゅうにんしない	4
しゅうにんしなかった	4
しゅうにんした	4
しゅうにんして	4
しゅうにんしている	4
しゅうにんしています	4
しゅうにんしていた	4
しゅうにんしていました	4
しゅうにんしてる	4
しゅうにんしてます	4
しゅうろうする	4
しゅうろうします	4
しゅうろうしません	4
しゅうろうしました	4
しゅうろうしませんでした	4
しゅうろうしましょう	4
しゅうろうしない	4
しゅうろうしなかった	4
しゅうろうした	4
しゅうろうして	4
しゅうろうしている	4
しゅうろうしています	4
しゅうろうしていた	4
しゅうろうしていました	4
しゅうろうしてる	4
しゅうろうしてます	4
しゅうがくする	4
しゅうがくします	4
しゅうがくしません	4
しゅうがくしました	4
しゅうがくしませんでした	4
しゅうがくしましょう	4
しゅうがくしない	4
しゅうがくしなかった	4
しゅうがくした	4
しゅうがくして	4
しゅうがくしている	4
しゅうがくしています	4
しゅうがくしていた	4
しゅうがくしていました	4
しゅうがくしてる	4
しゅうがくしてます	4
しゅうしんする	4
しゅうしんします	4
しゅうしんしません	4
しゅうしんしました	4
しゅうしんしませんでした	4
しゅうしんしましょう	4
しゅうしんしない	4
しゅうしんしなかった	4
しゅうしんした	4
しゅうしんして	4
しゅうしんしている	4
しゅうしんしています	4
しゅうしんしていた	4
しゅうしんしていました	4
しゅうしんしてる	4
しゅうしんしてます	4
しゅうしょくする	4
しゅうしょくします	4
しゅうしょくしません	4
しゅうしょくしました	4
しゅうしょくしませんでした	4
しゅうしょくしましょう	4
しゅうしょくしない	4
しゅうしょくしなかった	4
しゅうしょくした	4
しゅうしょくして	4
しゅうしょくしている	4
しゅうしょくしています	4
しゅうしょくしていた	4
しゅうしょくしていました	4
しゅうしょくしてる	4
しゅうしょくしてます	4
しゅうこうする	4
しゅうこうします	4
しゅうこうしません	4
しゅうこうしました	4
しゅうこうしませんでした	4
しゅうこうしましょう	4
しゅうこうしない	4
しゅうこうしなかった	4
しゅうこうした	4
しゅうこうして	4
しゅうこうしている	4
しゅうこうしています	4
しゅうこうしていた	4
しゅうこうしていました	4
しゅうこうしてる	4
しゅうこうしてます	4
きょじゅうする	3
きょじゅうします	3
きょじゅうしません	3
きょじゅうしました	3
きょじゅうしませんでした	3
きょじゅうしましょう	3
きょじゅうしない	3
きょじゅうしなかった	3
きょじゅうした	3
きょじゅうして	3
きょじゅうしている	3
きょじゅうしています	3
きょじゅうしていた	3
きょじゅうしていました	3
きょじゅうしてる	3
きょじゅうしてます	3
いねむりする	2
いねむりします	2
いねむりしません	2
いねむりしました	2
いねむりしませんでした	2
いねむりしましょう	2
いねむりしない	2
いねむりしなかった	2
いねむりした	2
いねむりして	2
いねむりしている	2
いねむりしています	2
いねむりしていた	2
いねむりしていました	2
いねむりしてる	2
いねむりしてます	2
くっせつする	4
くっせつします	4
くっせつしません	4
くっせつしました	4
くっせつしませんでした	4
くっせつしましょう	4
くっせつしない	4
くっせつしなかった	4
くっせつした	4
くっせつして	4
くっせつしている	4
くっせつしています	4
くっせつしていた	4
くっせつしていました	4
くっせつしてる	4
くっせつしてます	4
くったくする	4
くったくします	4
くったくしません	4
くったくしました	4
くったくしませんでした	4
くったくしましょう	4
くったくしない	4
くったくしなかった	4
くったくした	4
くったくして	4
くったくしている	4
くったくしています	4
くったくしていた	4
くったくしていました	4
くったくしてる	4
くったくしてます	4
てんぼうする	4
てんぼうします	4
てんぼうしません	4
てんぼうしました	4
てんぼうしませんでした	4
てんぼうしましょう	4
てんぼうしない	4
てんぼうしなかった	4
てんぼうした	4
てんぼうして	4
てんぼうしている	4
てんぼうしています	4
てんぼうしていた	4
てんぼうしていました	4
てんぼうしてる	4
てんぼうしてます	4
てんじする	3
てんじします	3
てんじしません	3
てんじしました	3
てんじしませんでした	3
てんじしましょう	3
てんじしない	3
てんじしなかった	3
てんじした	3
てんじして	3
てんじしている	3
てんじしています	3
てんじしていた	3
てんじしていました	3
てんじしてる	3
てんじしてます	3
てんかいする	4
てんかいします	4
てんかいしません	4
てんかいしました	4
てんかいしませんでした	4
てんかいしましょう	4
てんかいしない	4
てんかいしなかった	4
てんかいした	4
てんかいして	4
てんかいしている	4
てんかいしています	4
てんかいしていた	4
てんかいしていました	4
てんかいしてる	4
てんかいしてます	4
ぞくするする	3
ぞくするします	6
ぞくするしません	7
ぞくするしました	6
ぞくするしませんでした	7
ぞくするしましょう	7
ぞくするしない	5
ぞくするしなかった	5
ぞくするした	3
ぞくするして	3
ぞくするしている	3
ぞくするしています	3
ぞくするしていた	3
ぞくするしていました	3
ぞくするしてる	3
ぞくするしてます	3
りこうする	3
りこうします	3
りこうしません	3
りこうしました	3
りこうしませんでした	3
りこうしましょう	3
りこうしない	3
りこうしなかった	3
りこうした	3
りこうして	3
りこうしている	3
りこうしています	3
りこうしていた	3
りこうしていました	3
りこうしてる	3
りこうしてます	3
さんせきする	4
さんせきします	4
さんせきしません	4
さんせきしました	4
さんせきしませんでした	4
さんせきしましょう	4
さんせきしない	4
さんせきしなかった	4
さんせきした	4
さんせきして	4
さんせきしている	4
さんせきしています	4
さんせきしていた	4
さんせきしていました	4
さんせきしてる	4
さんせきしてます	4
すうはいする	4
すうはいします	4
すうはいしません	4
すうはいしました	4
すうはいしませんでした	4
すうはいしましょう	4
すうはいしない	4
すうはいしなかった	4
すうはいした	4
すうはいして	4
すうはいしている	4
すうはいしています	4
すうはいしていた	4
すうはいしていました	4
すうはいしてる	4
すうはいしてます	4
ほうかいする	4
ほうかいします	4
ほうかいしません	4
ほうかいしました	4
ほうかいしませんでした	4
ほうかいしましょう	4
ほうかいしない	4
ほうかいしなかった	4
ほうかいした	4
ほうかいして	4
ほうかいしている	4
ほうかいしています	4
ほうかいしていた	4
ほうかいしていました	4
ほうかいしてる	4
ほうかいしてます	4
ほうらくする	4
ほうらくします	4
ほうらくしません	4
ほうらくしました	4
ほうらくしませんでした	4
ほうらくしましょう	4
ほうらくしない	4
ほうらくしなかった	4
ほうらくした	4
ほうらくして	4
ほうらくしている	4
ほうらくしています	4
ほうらくしていた	4
ほうらくしていました	4
ほうらくしてる	4
ほうらくしてます	4
じゅんかいする	4
じゅんかいします	4
じゅんかいしません	4
じゅんかいしました	4
じゅんかいしませんでした	4
じゅんかいしましょう	4
じゅんかいしない	4
じゅんかいしなかった	4
じゅんかいした	4
じゅんかいして	4
じゅんかいしている	4
じゅんかいしています	4
じゅんかいしていた	4
じゅんかいしていました	4
じゅんかいしてる	4
じゅんかいしてます	4
じゅんぎょうする	4
じゅんぎょうします	4
じゅんぎょうしません	4
じゅんぎょうしました	4
じゅんぎょうしませんでした	4
じゅんぎょうしましょう	4
じゅんぎょうしない	4
じゅんぎょうしなかった	4
じゅんぎょうした	4
じゅんぎょうして	4
じゅんぎょうしている	4
じゅんぎょうしています	4
じゅんぎょうしていた	4
じゅんぎょうしていました	4
じゅんぎょうしてる	4
じゅんぎょうしてます	4
じゅんれいする	4
じゅんれいします	4
じゅんれいしません	4
じゅんれいしました	4
じゅんれいしませんでした	4
じゅんれいしましょう	4
じゅんれいしない	4
じゅんれいしなかった	4
じゅんれいした	4
じゅんれいして	4
じゅんれいしている	4
じゅんれいしています	4
じゅんれいしていた	4
じゅんれいしていました	4
じゅんれいしてる	4
じゅんれいしてます	4
じゅんこうする	4
じゅんこうします	4
じゅんこうしません	4
じゅんこうしました	4
じゅんこうしませんでした	4
じゅんこうしましょう	4
じゅんこうしない	4
じゅんこうしなかった	4
じゅんこうした	4
じゅんこうして	4
じゅんこうしている	4
じゅんこうしています	4
じゅんこうしていた	4
じゅんこうしていました	4
じゅんこうしてる	4
じゅんこうしてます	4
じゅんしする	3
じゅんしします	3
じゅんししません	3
じゅんししました	3
じゅんししませんでした	3
じゅんししましょう	3
じゅんししない	3
じゅんししなかった	3
じゅんしした	3
じゅんしして	3
じゅんししている	3
じゅんししています	3
じゅんししていた	3
じゅんししていました	3
じゅんししてる	3
じゅんししてます	3
こうさくする	4
こうさくします	4
こうさくしません	4
こうさくしました	4
こうさくしませんでした	4
こうさくしましょう	4
こうさくしない	4
こうさくしなかった	4
こうさくした	4
こうさくして	4
こうさくしている	4
こうさくしています	4
こうさくしていた	4
こうさくしていました	4
こうさくしてる	4
こうさくしてます	4
くふうする	3
くふうします	3
くふうしません	3
くふうしました	3
くふうしませんでした	3
くふうしましょう	3
くふうしない	3
くふうしなかった	3
くふうした	3
くふうして	3
くふうしている	3
くふうしています	3
くふうしていた	3
くふうしていました	3
くふうしてる	3
くふうしてます	3
さゆうする	1
さゆうします	1
さゆうしません	1
さゆうしました	1
さゆうしませんでした	1
さゆうしましょう	1
さゆうしない	1
さゆうしなかった	1
さゆうした	1
さゆうして	1
さゆうしている	1
さゆうしています	1
さゆうしていた	1
さゆうしていました	1
さゆうしてる	1
さゆうしてます	1
させつする	3
させつします	3
させつしません	3
させつしました	3
させつしませんでした	3
させつしましょう	3
させつしない	3
させつしなかった	3
させつした	3
させつして	3
させつしている	3
させつしています	3
させつしていた	3
させつしていました	3
させつしてる	3
させつしてます	3
させんする	3
させんします	3
させんしません	3
させんしました	3
させんしませんでした	3
させんしましょう	3
させんしない	3
させんしなかった	3
させんした	3
させんして	3
させんしている	3
させんしています	3
させんしていた	3
させんしていました	3
させんしてる	3
させんしてます	3
さしひきする	2
さしひきします	2
さしひきしません	2
さしひきしました	2
さしひきしませんでした	2
さしひきしましょう	2
さしひきしない	5
さしひきしなかった	5
さしひきした	2
さしひきして	2
さしひきしている	2
さしひきしています	2
さしひきしていた	2
さしひきしていました	2
さしひきしてる	2
さしひきしてます	2
さべつする	1
さべつします	1
さべつしません	1
さべつしました	1
さべつしませんでした	1
さべつしましょう	1
さべつしない	1
さべつしなかった	1
さべつした	1
さべつして	1
さべつしている	1
さべつしています	1
さべつしていた	1
さべつしていました	1
さべつしてる	1
さべつしてます	1
しはんする	3
しはんします	3
しはんしません	3
しはんしました	3
しはんしませんでした	3
しはんしましょう	3
しはんしない	3
しはんしなかった	3
しはんした	3
しはんして	3
しはんしている	3
しはんしています	3
しはんしていた	3
しはんしていました	3
しはんしてる	3
しはんしてます	3
ふこくする	3
ふこくします	3
ふこくしません	3
ふこくしました	3
ふこくしませんでした	3
ふこくしましょう	3
ふこくしない	3
ふこくしなかった	3
ふこくした	3
ふこくして	3
ふこくしている	3
ふこくしています	3
ふこくしていた	3
ふこくしていました	3
ふこくしてる	3
ふこくしてます	3
ふきょうする	3
ふきょうします	3
ふきょうしません	3
ふきょうしました	3
ふきょうしませんでした	3
ふきょうしましょう	3
ふきょうしない	3
ふきょうしなかった	3
ふきょうした	3
ふきょうして	3
ふきょうしている	3
ふきょうしています	3
ふきょうしていた	3
ふきょうしていました	3
ふきょうしてる	3
ふきょうしてます	3
ふせする	2
ふせします	2
ふせしません	2
ふせしました	2
ふせしませんでした	2
ふせしましょう	2
ふせしない	2
ふせしなかった	2
ふせした	2
ふせして	2
ふせしている	2
ふせしています	2
ふせしていた	2
ふせしていました	2
ふせしてる	2
ふせしてます	2
ふせきする	3
ふせきします	3
ふせきしません	3
ふせきしました	3
ふせきしませんでした	3
ふせきしましょう	3
ふせきしない	3
ふせきしなかった	3
ふせきした	3
ふせきして	3
ふせきしている	3
ふせきしています	3
ふせきしていた	3
ふせきしていました	3
ふせきしてる	3
ふせきしてます	3
ふじんする	3
ふじんします	3
ふじんしません	3
ふじんしました	3
ふじんしませんでした	3
ふじんしましょう	3
ふじんしない	3
ふじんしなかった	3
ふじんした	3
ふじんして	3
ふじんしている	3
ふじんしています	3
ふじんしていた	3
ふじんしていました	3
ふじんしてる	3
ふじんしてます	3
きぼうする	3
きぼうします	3
きぼうしません	3
きぼうしました	3
きぼうしませんでした	3
きぼうしましょう	3
きぼうしない	3
きぼうしなかった	3
きぼうした	3
きぼうして	3
きぼうしている	3
きぼうしています	3
きぼうしていた	3
きぼうしていました	3
きぼうしてる	3
きぼうしてます	3
しじする	1
しじします	1
しじしません	1
しじしました	1
しじしませんでした	1
しじしましょう	1
しじしない	1
しじしなかった	1
しじした	1
しじして	1
しじしている	1
しじしています	1
しじしていた	1
しじしていました	1
しじしてる	1
しじしてます	1
せっけんする	4
せっけんします	4
せっけんしません	4
せっけんしました	4
せっけんしませんでした	4
せっけんしましょう	4
せっけんしない	4
せっけんしなかった	4
せっけんした	4
せっけんして	4
せっけんしている	4
せっけんしています	4
せっけんしていた	4
せっけんしていました	4
せっけんしてる	4
せっけんしてます	4
ききょうする	3
ききょうします	3
ききょうしません	3
ききょうしました	3
ききょうしませんでした	3
ききょうしましょう	3
ききょうしない	3
ききょうしなかった	3
ききょうした	3
ききょうして	3
ききょうしている	3
ききょうしています	3
ききょうしていた	3
ききょうしていました	3
ききょうしてる	3
ききょうしてます	3
ききゅうする	3
ききゅうします	3
ききゅうしません	3
ききゅうしました	3
ききゅうしませんでした	3
ききゅうしましょう	3
ききゅうしない	3
ききゅうしなかった	3
ききゅうした	3
ききゅうして	3
ききゅうしている	3
ききゅうしています	3
ききゅうしていた	3
ききゅうしていました	3
ききゅうしてる	3
ききゅうしてます	3
きかする	1
きかしない	1
きかしなかった	1
きこくする	3
きこくします	3
きこくしません	3
きこくしました	3
きこくしませんでした	3
きこくしましょう	3
きこくしない	3
きこくしなかった	3
きこくした	3
きこくして	3
きこくしている	3
きこくしています	3
きこくしていた	3
きこくしていました	3
きこくしてる	3
きこくしてます	3
きたくする	3
きたくします	3
きたくしません	3
きたくしました	3
きたくしませんでした	3
きたくしましょう	3
きたくしない	3
きたくしなかった	3
きたくした	3
きたくして	3
きたくしている	3
きたくしています	3
きたくしていた	3
きたくしていました	3
きたくしてる	3
きたくしてます	3
きぞくする	3
きぞくします	3
きぞくしません	3
きぞくしました	3
きぞくしませんでした	3
きぞくしましょう	3
きぞくしない	3
きぞくしなかった	3
きぞくした	3
きぞくして	3
きぞくしている	3
きぞくしています	3
きぞくしていた	3
きぞくしていました	3
きぞくしてる	3
きぞくしてます	3
きかんする	3
きかんします	3
きかんしません	3
きかんしました	3
きかんしませんでした	3
きかんしましょう	3
きかんしない	3
きかんしなかった	3
きかんした	3
きかんして	3
きかんしている	3
きかんしています	3
きかんしていた	3
きかんしていました	3
きかんしてる	3
きかんしてます	3
じょうにんする	4
じょうにんします	4
じょうにんしません	4
じょうにんしました	4
じょうにんしませんでした	4
じょうにんしましょう	4
じょうにんしない	4
じょうにんしなかった	4
じょうにんした	4
じょうにんして	4
じょうにんしている	4
じょうにんしています	4
じょうにんしていた	4
じょうにんしていました	4
じょうにんしてる	4
じょうにんしてます	4
じょうきんする	4
じょうきんします	4
じょうきんしません	4
じょうきんしました	4
じょうきんしませんでした	4
じょうきんしましょう	4
じょうきんしない	4
じょうきんしなかった	4
じょうきんした	4
じょうきんして	4
じょうきんしている	4
じょうきんしています	4
じょうきんしていた	4
じょうきんしていました	4
じょうきんしてる	4
じょうきんしてます	4
じょうようする	4
じょうようします	4
じょうようしません	4
じょうようしました	4
じょうようしませんでした	4
じょうようしましょう	4
じょうようしない	4
じょうようしなかった	4
じょうようした	4
じょうようして	4
じょうようしている	4
じょうようしています	4
じょうようしていた	4
じょうようしていました	4
じょうようしてる	4
じょうようしてます	4
じょうしゅうする	4
じょうしゅうします	4
じょうしゅうしません	4
じょうしゅうしました	4
じょうしゅうしませんでした	4
じょうしゅうしましょう	4
じょうしゅうしない	4
じょうしゅうしなかった	4
じょうしゅうした	4
じょうしゅうして	4
じょうしゅうしている	4
じょうしゅうしています	4
じょうしゅうしていた	4
じょうしゅうしていました	4
じょうしゅうしてる	4
じょうしゅうしてます	4
じょうせつする	4
じょうせつします	4
じょうせつしません	4
じょうせつしました	4
じょうせつしませんでした	4
じょうせつしましょう	4
じょうせつしない	4
じょうせつしなかった	4
じょうせつした	4
じょうせつして	4
じょうせつしている	4
じょうせつしています	4
じょうせつしていた	4
じょうせつしていました	4
じょうせつしてる	4
じょうせつしてます	4
じょうちゅうする	4
じょうちゅうします	4
じょうちゅうしません	4
じょうちゅうしました	4
じょうちゅうしませんでした	4
じょうちゅうしましょう	4
じょうちゅうしない	4
じょうちゅうしなかった	4
じょうちゅうした	4
じょうちゅうして	4
じょうちゅうしている	4
じょうちゅうしています	4
じょうちゅうしていた	4
じょうちゅうしていました	4
じょうちゅうしてる	4
じょうちゅうしてます	4
ぼうしする	3
ぼうしします	3
ぼうししません	3
ぼうししました	3
ぼうししませんでした	3
ぼうししましょう	3
ぼうししない	3
ぼうししなかった	3
ぼうしした	3
ぼうしして	3
ぼうししている	3
ぼうししています	3
ぼうししていた	3
ぼうししていました	3
ぼうししてる	3
ぼうししてます	3
へいきんする	4
へいきんします	4
へいきんしません	4
へいきんしました	4
へいきんしませんでした	4
へいきんしましょう	4
へいきんしない	4
へいきんしなかった	4
へいきんした	4
へいきんして	4
へいきんしている	4
へいきんしています	4
へいきんしていた	4
へいきんしていました	4
へいきんしてる	4
へいきんしてます	4
さいわいする	4
さいわいします	4
さいわいしません	4
さいわいしました	4
さいわいしませんでした	4
さいわいしましょう	4
さいわいしない	4
さいわいしなかった	4
さいわいした	4
さいわいして	4
さいわいしている	4
さいわいしています	4
さいわいしていた	4
さいわいしていました	4
さいわいしてる	4
さいわいしてます	4
かんじする	1
かんじします	1
かんじしません	1
かんじしました	1
かんじしませんでした	1
かんじしましょう	1
かんじしない	1
かんじしなかった	1
かんじした	1
かんじして	1
かんじしている	1
かんじしています	1
かんじしていた	1
かんじしていました	1
かんじしてる	1
かんじしてます	1
げんそうする	4
げんそうします	4
げんそうしません	4
げんそうしました	4
げんそうしませんでした	4
げんそうしましょう	4
げんそうしない	4
げんそうしなかった	4
げんそうした	4
げんそうして	4
げんそうしている	4
げんそうしています	4
げんそうしていた	4
げんそうしていました	4
げんそうしてる	4
げんそうしてます	4
ひろびろする	3
ひろびろします	3
ひろびろしません	3
ひろびろしました	3
ひろびろしませんでした	3
ひろびろしましょう	3
ひろびろしない	3
ひろびろしなかった	3
ひろびろした	3
ひろびろして	3
ひろびろしている	3
ひろびろしています	3
ひろびろしていた	3
ひろびろしていました	3
ひろびろしてる	3
ひろびろしてます	3
こうこくする	4
こうこくします	4
こうこくしません	4
こうこくしました	4
こうこくしませんでした	4
こうこくしましょう	4
こうこくしない	4
こうこくしなかった	4
こうこくした	4
こうこくして	4
こうこくしている	4
こうこくしています	4
こうこくしていた	4
こうこくしていました	4
こうこくしてる	4
こうこくしてます	4
こうほうする	1
こうほうします	1
こうほうしません	1
こうほうしました	1
こうほうしませんでした	1
こうほうしましょう	1
こうほうしない	1
こうほうしなかった	1
こうほうした	1
こうほうして	1
こうほうしている	1
こうほうしています	1
こうほうしていた	1
こうほうしていました	1
こうほうしてる	1
こうほうしてます	1
そこいれする	4
そこいれします	4
そこいれしません	4
そこいれしました	4
そこいれしませんでした	4
そこいれしましょう	4
そこいれしない	4
そこいれしなかった	4
そこいれした	4
そこいれして	4
そこいれしている	4
そこいれしています	4
そこいれしていた	4
そこいれしていました	4
そこいれしてる	4
そこいれしてます	4
ていりゅうする	4
ていりゅうします	2
ていりゅうしません	2
ていりゅうしました	2
ていりゅうしませんでした	2
ていりゅうしましょう	2
ていりゅうしない	4
ていりゅうしなかった	4
ていりゅうした	2
ていりゅうして	2
ていりゅうしている	2
ていりゅうしています	2
ていりゅうしていた	2
ていりゅうしていました	2
ていりゅうしてる	2
ていりゅうしてます	2
みせびらきする	3
みせびらきします	3
みせびらきしません	3
みせびらきしました	3
みせびらきしませんでした	3
みせびらきしましょう	3
みせびらきしない	3
みせびらきしなかった	3
みせびらきした	3
みせびらきして	3
みせびらきしている	3
みせびらきしています	3
みせびらきしていた	3
みせびらきしていました	3
みせびらきしてる	3
みせびらきしてます	3
はいきする	1
はいきします	1
はいきしません	1
はいきしました	1
はいきしませんでした	1
はいきしましょう	1
はいきしない	1
はいきしなかった	1
はいきした	1
はいきして	1
はいきしている	1
はいきしています	1
はいきしていた	1
はいきしていました	1
はいきしてる	1
はいきしてます	1
はいぎょうする	4
はいぎょうします	4
はいぎょうしません	4
はいぎょうしました	4
はいぎょうしませんでした	4
はいぎょうしましょう	4
はいぎょうしない	4
はいぎょうしなかった	4
はいぎょうした	4
はいぎょうして	4
はいぎょうしている	4
はいぎょうしています	4
はいぎょうしていた	4
はいぎょうしていました	4
はいぎょうしてる	4
はいぎょうしてます	4
はいしする	3
はいしします	3
はいししません	3
はいししました	3
はいししませんでした	3
はいししましょう	3
はいししない	3
はいししなかった	3
はいしした	3
はいしして	3
はいししている	3
はいししています	3
はいししていた	3
はいししていました	3
はいししてる	3
はいししてます	3
はいぜつする	4
はいぜつします	4
はいぜつしません	4
はいぜつしました	4
はいぜつしませんでした	4
はいぜつしましょう	4
はいぜつしない	4
はいぜつしなかった	4
はいぜつした	4
はいぜつして	4
はいぜつしている	4
はいぜつしています	4
はいぜつしていた	4
はいぜつしていました	4
はいぜつしてる	4
はいぜつしてます	4
えんめいする	4
えんめいします	4
えんめいしません	4
えんめいしました	4
えんめいしませんでした	4
えんめいしましょう	4
えんめいしない	4
えんめいしなかった	4
えんめいした	4
えんめいして	4
えんめいしている	4
えんめいしています	4
えんめいしていた	4
えんめいしていました	4
えんめいしてる	4
えんめいしてます	4
えんきする	3
えんきします	3
えんきしません	3
えんきしました	3
えんきしませんでした	3
えんきしましょう	3
えんきしない	3
えんきしなかった	3
えんきした	3
えんきして	3
えんきしている	3
えんきしています	3
えんきしていた	3
えんきしていました	3
えんきしてる	3
えんきしてます	3
えんたいする	4
えんたいします	4
えんたいしません	4
えんたいしました	4
えんたいしませんでした	4
えんたいしましょう	4
えんたいしない	4
えんたいしなかった	4
えんたいした	4
えんたいして	4
えんたいしている	4
えんたいしています	4
えんたいしていた	4
えんたいしていました	4
えんたいしてる	4
えんたいしてます	4
えんちょうする	4
えんちょうします	4
えんちょうしません	4
えんちょうしました	4
えんちょうしませんでした	4
えんちょうしましょう	4
えんちょうしない	4
えんちょうしなかった	4
えんちょうした	4
えんちょうして	4
えんちょうしている	4
えんちょうしています	4
えんちょうしていた	4
えんちょうしていました	4
えんちょうしてる	4
えんちょうしてます	4
けんこくする	4
けんこくします	4
けんこくしません	4
けんこくしました	4
けんこくしませんでした	4
けんこくしましょう	4
けんこくしない	4
けんこくしなかった	4
けんこくした	4
けんこくして	4
けんこくしている	4
けんこくしています	4
けんこくしていた	4
けんこくしていました	4
けんこくしてる	4
けんこくしてます	4
こんりゅうする	4
こんりゅうします	4
こんりゅうしません	4
こんりゅうしました	4
こんりゅうしませんでした	4
こんりゅうしましょう	4
こんりゅうしない	4
こんりゅうしなかった	4
こんりゅうした	4
こんりゅうして	4
こんりゅうしている	4
こんりゅうしています	4
こんりゅうしていた	4
こんりゅうしていました	4
こんりゅうしてる	4
こんりゅうしてます	4
けんちくする	4
けんちくします	4
けんちくしません	4
けんちくしました	4
けんちくしませんでした	4
けんちくしましょう	4
けんちくしない	4
けんちくしなかった	4
けんちくした	4
けんちくして	4
けんちくしている	4
けんちくしています	4
けんちくしていた	4
けんちくしていました	4
けんちくしてる	4
けんちくしてます	4
けんせつする	4
けんせつします	4
けんせつしません	4
けんせつしました	4
けんせつしませんでした	4
けんせつしましょう	4
けんせつしない	4
けんせつしなかった	4
けんせつした	4
けんせつして	4
けんせつしている	4
けんせつしています	4
けんせつしていた	4
けんせつしていました	4
けんせつしてる	4
けんせつしてます	4
けんぎする	1
けんぎします	1
けんぎしません	1
けんぎしました	1
けんぎしませんでした	1
けんぎしましょう	1
けんぎしない	1
けんぎしなかった	1
けんぎした	1
けんぎして	1
けんぎしている	1
けんぎしています	1
けんぎしていた	1
けんぎしていました	1
けんぎしてる	1
けんぎしてます	1
けんぞうする	4
けんぞうします	4
けんぞうしません	4
けんぞうしました	4
けんぞうしませんでした	4
けんぞうしましょう	4
けんぞうしない	4
けんぞうしなかった	4
けんぞうした	4
けんぞうして	4
けんぞうしている	4
けんぞうしています	4
けんぞうしていた	4
けんぞうしていました	4
けんぞうしてる	4
けんぞうしてます	4
べんしょうする	4
べんしょうします	4
べんしょうしません	4
べんしょうしました	4
べんしょうしませんでした	4
べんしょうしましょう	4
べんしょうしない	4
べんしょうしなかった	4
べんしょうした	4
べんしょうして	4
べんしょうしている	4
べんしょうしています	4
べんしょうしていた	4
べんしょうしていました	4
べんしょうしてる	4
べんしょうしてます	4
べんめいする	4
べんめいします	4
べんめいしません	4
べんめいしました	4
べんめいしませんでした	4
べんめいしましょう	4
べんめいしない	4
べんめいしなかった	4
べんめいした	4
べんめいして	4
べんめいしている	4
べんめいしています	4
べんめいしていた	4
べんめいしていました	4
べんめいしてる	4
べんめいしてます	4
べんさいする	4
べんさいします	4
べんさいしません	4
べんさいしました	4
べんさいしませんでした	4
べんさいしましょう	4
べんさいしない	4
べんさいしなかった	4
べんさいした	4
べんさいして	4
べんさいしている	4
べんさいしています	4
べんさいしていた	4
べんさいしていました	4
べんさいしてる	4
べんさいしてます	4
べんかいする	4
べんかいします	4
べんかいしません	4
べんかいしました	4
べんかいしませんでした	4
べんかいしましょう	4
べんかいしない	4
べんかいしなかった	4
べんかいした	4
べんかいして	4
べんかいしている	4
べんかいしています	4
べんかいしていた	4
べんかいしていました	4
べんかいしてる	4
べんかいしてます	4
べんろんする	4
べんろんします	4
べんろんしません	4
べんろんしました	4
べんろんしませんでした	4
べんろんしましょう	4
べんろんしない	4
べんろんしなかった	4
べんろんした	4
べんろんして	4
べんろんしている	4
べんろんしています	4
べんろんしていた	4
べんろんしていました	4
べんろんしてる	4
べんろんしてます	4
べんごする	1
べんごします	1
べんごしません	1
べんごしました	1
べんごしませんでした	1
べんごしましょう	1
べんごしない	1
べんごしなかった	1
べんごした	1
べんごして	1
べんごしている	1
べんごしています	1
べんごしていた	1
べんごしていました	1
べんごしてる	1
べんごしてます	1
ちょうもんする	4
ちょうもんします	4
ちょうもんしません	4
ちょうもんしました	4
ちょうもんしませんでした	4
ちょうもんしましょう	4
ちょうもんしない	4
ちょうもんしなかった	4
ちょうもんした	4
ちょうもんして	4
ちょうもんしている	4
ちょうもんしています	4
ちょうもんしていた	4
ちょうもんしていました	4
ちょうもんしてる	4
ちょうもんしてます	4
ひきざんする	2
ひきざんします	2
ひきざんしません	2
ひきざんしました	2
ひきざんしませんでした	2
ひきざんしましょう	2
ひきざんしない	2
ひきざんしなかった	2
ひきざんした	2
ひきざんして	2
ひきざんしている	2
ひきざんしています	2
ひきざんしていた	2
ひきざんしていました	2
ひきざんしてる	2
ひきざんしてます	2
ひっこしする	4
ひっこしします	4
ひっこししません	4
ひっこししました	4
ひっこししませんでした	4
ひっこししましょう	4
ひっこししない	4
ひっこししなかった	4
ひっこしした	4
ひっこしして	4
ひっこししている	4
ひっこししています	4
ひっこししていた	4
ひっこししていました	4
ひっこししてる	4
ひっこししてます	4
いんようする	4
いんようします	4
いんようしません	4
いんようしました	4
いんようしませんでした	4
いんようしましょう	4
いんようしない	4
いんようしなかった	4
いんようした	4
いんようして	4
いんようしている	4
いんようしています	4
いんようしていた	4
いんようしていました	4
いんようしてる	4
いんようしてます	4
いんせきする	4
いんせきします	4
いんせきしません	4
いんせきしました	4
いんせきしませんでした	4
いんせきしましょう	4
いんせきしない	4
いんせきしなかった	4
いんせきした	4
いんせきして	4
いんせきしている	4
いんせきしています	4
いんせきしていた	4
いんせきしていました	4
いんせきしてる	4
いんせきしてます	4
いんたいする	4
いんたいします	4
いんたいしません	4
いんたいしました	4
いんたいしませんでした	4
いんたいしましょう	4
いんたいしない	4
いんたいしなかった	4
いんたいした	4
いんたいして	4
いんたいしている	4
いんたいしています	4
いんたいしていた	4
いんたいしていました	4
いんたいしてる	4
いんたいしてます	4
でしいりする	2
でしいりします	2
でしいりしません	2
でしいりしました	2
でしいりしませんでした	2
でしいりしましょう	2
でしいりしない	2
でしいりしなかった	2
でしいりした	2
でしいりして	2
でしいりしている	2
でしいりしています	2
でしいりしていた	2
でしいりしていました	2
でしいりしてる	2
でしいりしてます	2
きょうかする	1
きょうかします	1
きょうかしません	1
きょうかしました	1
きょうかしませんでした	1
きょうかしましょう	1
きょうかしない	1
きょうかしなかった	1
きょうかした	1
きょうかして	1
きょうかしている	1
きょうかしています	1
きょうかしていた	1
きょうかしていました	1
きょうかしてる	1
きょうかしてます	1
きょうだする	1
きょうだします	1
きょうだしません	1
きょうだしました	1
きょうだしませんでした	1
きょうだしましょう	1
きょうだしない	1
きょうだしなかった	1
きょうだした	1
きょうだして	1
きょうだしている	1
きょうだしています	1
きょうだしていた	1
きょうだしていました	1
きょうだしてる	1
きょうだしてます	1
きょうこうする	4
きょうこうします	4
きょうこうしません	4
きょうこうしました	4
きょうこうしませんでした	4
きょうこうしましょう	4
きょうこうしない	4
きょうこうしなかった	4
きょうこうした	4
きょうこうして	4
きょうこうしている	4
きょうこうしています	4
きょうこうしていた	4
きょうこうしていました	4
きょうこうしてる	4
きょうこうしてます	4
きょうこうさいけつする	5
きょうこうさいけつします	5
きょうこうさいけつしません	5
きょうこうさいけつしました	5
きょうこうさいけつしませんでした	5
きょうこうさいけつしましょう	5
きょうこうさいけつしない	5
きょうこうさいけつしなかった	5
きょうこうさいけつした	5
きょうこうさいけつして	5
きょうこうさいけつしている	5
きょうこうさいけつしています	5
きょうこうさいけつしていた	5
きょうこうさいけつしていました	5
きょうこうさいけつしてる	5
きょうこうさいけつしてます	5
だんがいする	4
だんがいします	4
だんがいしません	4
だんがいしました	4
だんがいしませんでした	4
だんがいしましょう	4
だんがいしない	4
だんがいしなかった	4
だんがいした	4
だんがいして	4
だんがいしている	4
だんがいしています	4
だんがいしていた	4
だんがいしていました	4
だんがいしてる	4
だんがいしてます	4
だんあつする	4
だんあつします	4
だんあつしません	4
だんあつしました	4
だんあつしませんでした	4
だんあつしましょう	4
だんあつしない	4
だんあつしなかった	4
だんあつした	4
だんあつして	4
だんあつしている	4
だんあつしています	4
だんあつしていた	4
だんあつしていました	4
だんあつしてる	4
だんあつしてます	4
とうわくする	4
とうわくします	4
とうわくしません	4
とうわくしました	4
とうわくしませんでした	4
とうわくしましょう	4
とうわくしない	4
とうわくしなかった	4
とうわくした	4
とうわくして	4
とうわくしている	4
とうわくしています	4
とうわくしていた	4
とうわくしていました	4
とうわくしてる	4
とうわくしてます	4
とうちょくする	4
とうちょくします	4
とうちょくしません	4
とうちょくしました	4
とうちょくしませんでした	4
とうちょくしましょう	4
とうちょくしない	4
とうちょくしなかった	4
とうちょくした	4
とうちょくして	4
とうちょくしている	4
とうちょくしています	4
とうちょくしていた	4
とうちょくしていました	4
とうちょくしてる	4
とうちょくしてます	4
とうせんする	4
とうせんします	4
とうせんしません	4
とうせんしました	4
とうせんしませんでした	4
とうせんしましょう	4
とうせんしない	4
とうせんしなかった	4
とうせんした	4
とうせんして	4
とうせんしている	4
とうせんしています	4
とうせんしていた	4
とうせんしていました	4
とうせんしてる	4
とうせんしてます	4
とうめんする	4
とうめんします	4
とうめんしません	4
とうめんしました	4
とうめんしませんでした	4
とうめんしましょう	7
とうめんしない	4
とうめんしなかった	4
とうめんした	4
とうめんして	4
とうめんしている	4
とうめんしています	4
とうめんしていた	4
とうめんしていました	4
とうめんしてる	4
とうめんしてます	4
けいせいする	4
けいせいします	4
けいせいしません	4
けいせいしました	4
けいせいしませんでした	4
けいせいしましょう	4
けいせいしない	4
けいせいしなかった	4
けいせいした	4
けいせいして	4
けいせいしている	4
けいせいしています	4
けいせいしていた	4
けいせいしていました	4
けいせいしてる	4
けいせいしてます	4
さいしきする	4
さいしきします	4
さいしきしません	4
さいしきしました	4
さいしきしませんでした	4
さいしきしましょう	4
さいしきしない	4
さいしきしなかった	4
さいしきした	4
さいしきして	4
さいしきしている	4
さいしきしています	4
さいしきしていた	4
さいしきしていました	4
さいしきしてる	4
さいしきしてます	4
ちょうこくする	4
ちょうこくします	4
ちょうこくしません	4
ちょうこくしました	4
ちょうこくしませんでした	4
ちょうこくしましょう	4
ちょうこくしない	4
ちょうこくしなかった	4
ちょうこくした	4
ちょうこくして	4
ちょうこくしている	4
ちょうこくしています	4
ちょうこくしていた	4
ちょうこくしていました	4
ちょうこくしてる	4
ちょうこくしてます	4
えいきょうする	4
えいきょうします	4
えいきょうしません	4
えいきょうしました	4
えいきょうしませんでした	4
えいきょうしましょう	4
えいきょうしない	4
えいきょうしなかった	4
えいきょうした	4
えいきょうして	4
えいきょうしている	4
えいきょうしています	4
えいきょうしていた	4
えいきょうしていました	4
えいきょうしてる	4
えいきょうしてます	4
あちこちする	2
あちこちします	2
あちこちしません	2
あちこちしました	2
あちこちしませんでした	2
あちこちしましょう	2
あちこちしない	2
あちこちしなかった	2
あちこちした	2
あちこちして	2
あちこちしている	2
あちこちしています	2
あちこちしていた	2
あちこちしていました	2
あちこちしてる	2
あちこちしてます	2
おうふくする	4
おうふくします	4
おうふくしません	4
おうふくしました	4
おうふくしませんでした	4
おうふくしましょう	4
おうふくしない	4
おうふくしなかった	4
おうふくした	4
おうふくして	4
おうふくしている	4
おうふくしています	4
おうふくしていた	4
おうふくしていました	4
おうふくしてる	4
おうふくしてます	4
おうらいする	4
おうらいします	4
おうらいしません	4
おうらいしました	4
おうらいしませんでした	4
おうらいしましょう	4
おうらいしない	4
おうらいしなかった	4
おうらいした	4
おうらいして	4
おうらいしている	4
おうらいしています	4
おうらいしていた	4
おうらいしていました	4
おうらいしてる	4
おうらいしてます	4
おうじょうする	1
おうじょうします	1
おうじょうしません	1
おうじょうしました	1
おうじょうしませんでした	1
おうじょうしましょう	1
おうじょうしない	1
おうじょうしなかった	1
おうじょうした	1
おうじょうして	1
おうじょうしている	1
おうじょうしています	1
おうじょうしていた	1
おうじょうしていました	1
おうじょうしてる	1
おうじょうしてます	1
せいふくする	4
せいふくします	4
せいふくしません	4
せいふくしました	4
せいふくしませんでした	4
せいふくしましょう	4
せいふくしない	4
せいふくしなかった	4
せいふくした	4
せいふくして	4
せいふくしている	4
せいふくしています	4
せいふくしていた	4
せいふくしていました	4
せいふくしてる	4
せいふくしてます	4
まちぶせする	4
まちぶせします	2
まちぶせしません	2
まちぶせしました	2
まちぶせしませんでした	2
まちぶせしましょう	2
まちぶせしない	0
まちぶせしなかった	9
まちぶせした	2
まちぶせして	2
まちぶせしている	2
まちぶせしています	2
まちぶせしていた	2
まちぶせしていました	2
まちぶせしてる	2
まちぶせしてます	2
まちあいする	4
まちあいします	6
まちあいしません	7
まちあいしました	6
まちあいしませんでした	7
まちあいしましょう	7
まちあいしない	4
まちあいしなかった	4
まちあいした	4
まちあいして	4
まちあいしている	4
まちあいしています	4
まちあいしていた	4
まちあいしていました	4
まちあいしてる	6
まちあいしてます	4
たいぼうする	4
たいぼうします	4
たいぼうしません	4
たいぼうしました	4
たいぼうしませんでした	4
たいぼうしましょう	4
たいぼうしない	4
たいぼうしなかった	4
たいぼうした	4
たいぼうして	4
たいぼうしている	4
たいぼうしています	4
たいぼうしていた	4
たいぼうしていました	4
たいぼうしてる	4
たいぼうしてます	4
たいきする	1
たいきします	1
たいきしません	1
たいきしました	1
たいきしませんでした	1
たいきしましょう	1
たいきしない	1
たいきしなかった	1
たいきした	1
たいきして	1
たいきしている	1
たいきしています	1
たいきしていた	1
たいきしていました	1
たいきしてる	1
たいきしてます	1
たいぐうする	4
たいぐうします	4
たいぐうしません	4
たいぐうしました	4
たいぐうしませんでした	4
たいぐうしましょう	4
たいぐうしない	4
たいぐうしなかった	4
たいぐうした	4
たいぐうして	4
たいぐうしている	4
たいぐうしています	4
たいぐうしていた	4
たいぐうしていました	4
たいぐうしてる	4
たいぐうしてます	4
あとしまつする	3
あとしまつします	3
あとしまつしません	3
あとしまつしました	3
あとしまつしませんでした	3
あとしまつしましょう	3
あとしまつしない	3
あとしまつしなかった	3
あとしまつした	3
あとしまつして	3
あとしまつしている	3
あとしまつしています	3
あとしまつしていた	3
あとしまつしていました	3
あとしまつしてる	3
あとしまつしてます	3
あともどりする	3
あともどりします	3
あともどりしません	3
あともどりしました	3
あともどりしませんでした	3
あともどりしましょう	3
あともどりしない	3
あともどりしなかった	3
あともどりした	3
あともどりして	3
あともどりしている	3
あともどりしています	3
あともどりしていた	3
あともどりしていました	3
あともどりしてる	3
あともどりしてます	3
あとおしする	2
あとおしします	2
あとおししません	2
あとおししました	2
あとおししませんでした	2
あとおししましょう	2
あとおししない	2
あとおししなかった	2
あとおしした	2
あとおしして	2
あとおししている	2
あとおししています	2
あとおししていた	2
あとおししていました	2
あとおししてる	2
あとおししてます	2
あとかたづけする	3
あとかたづけします	3
あとかたづけしません	3
あとかたづけしました	3
あとかたづけしませんでした	3
あとかたづけしましょう	3
あとかたづけしない	3
あとかたづけしなかった	3
あとかたづけした	3
あとかたづけして	3
あとかたづけしている	3
あとかたづけしています	3
あとかたづけしていた	3
あとかたづけしていました	3
あとかたづけしてる	3
あとかたづけしてます	3
こうはつする	4
こうはつします	4
こうはつしません	4
こうはつしました	4
こうはつしませんでした	4
こうはつしましょう	4
こうはつしない	4
こうはつしなかった	4
こうはつした	4
こうはつして	4
こうはつしている	4
こうはつしています	4
こうはつしていた	4
こうはつしていました	4
こうはつしてる	4
こうはつしてます	4
こうぞくする	4
こうぞくします	4
こうぞくしません	4
こうぞくしました	4
こうぞくしませんでした	4
こうぞくしましょう	4
こうぞくしない	4
こうぞくしなかった	4
こうぞくした	4
こうぞくして	4
こうぞくしている	4
こうぞくしています	4
こうぞくしていた	4
こうぞくしていました	4
こうぞくしてる	4
こうぞくしてます	4
こうけんする	4
こうけんします	4
こうけんしません	4
こうけんしました	4
こうけんしませんでした	4
こうけんしましょう	4
こうけんしない	4
こうけんしなかった	4
こうけんした	4
こうけんして	4
こうけんしている	4
こうけんしています	4
こうけんしていた	4
こうけんしていました	4
こうけんしてる	4
こうけんしてます	4
じょこうする	3
じょこうします	3
じょこうしません	3
じょこうしました	3
じょこうしませんでした	3
じょこうしましょう	3
じょこうしない	3
じょこうしなかった	3
じょこうした	3
じょこうして	3
じょこうしている	3
じょこうしています	3
じょこうしていた	3
じょこうしていました	3
じょこうしてる	3
じょこうしてます	3
じゅうじする	1
じゅうじします	1
じゅうじしません	1
じゅうじしました	1
じゅうじしませんでした	1
じゅうじしましょう	1
じゅうじしない	1
じゅうじしなかった	1
じゅうじした	1
じゅうじして	1
じゅうじしている	1
じゅうじしています	1
じゅうじしていた	1
じゅうじしていました	1
じゅうじしてる	1
じゅうじしてます	1
じゅうぞくする	4
じゅうぞくします	4
じゅうぞくしません	4
じゅうぞくしました	4
じゅうぞくしませんでした	4
じゅうぞくしましょう	4
じゅうぞくしない	4
じゅうぞくしなかった	4
じゅうぞくした	4
じゅうぞくして	4
じゅうぞくしている	4
じゅうぞくしています	4
じゅうぞくしていた	4
じゅうぞくしていました	4
じゅうぞくしてる	4
じゅうぞくしてます	4
じゅうぐんする	4
じゅうぐんします	4
じゅうぐんしません	4
じゅうぐんしました	4
じゅうぐんしませんでした	4
じゅうぐんしましょう	4
じゅうぐんしない	4
じゅうぐんしなかった	4
じゅうぐんした	4
じゅうぐんして	4
じゅうぐんしている	4
じゅうぐんしています	4
じゅうぐんしていた	4
じゅうぐんしていました	4
じゅうぐんしてる	4
じゅうぐんしてます	4
とくするする	0
とくするします	6
とくするしません	7
とくするしました	6
とくするしませんでした	7
とくするしましょう	7
とくするしない	0
とくするしなかった	9
とくするした	6
とくするして	0
とくするしている	6
とくするしています	6
とくするしていた	6
とくするしていました	6
とくするしてる	5
とくするしてます	7
とくてんする	4
とくてんします	4
とくてんしません	4
とくてんしました	4
とくてんしませんでした	4
とくてんしましょう	4
とくてんしない	4
とくてんしなかった	4
とくてんした	4
とくてんして	4
とくてんしている	4
とくてんしています	4
とくてんしていた	4
とくてんしていました	4
とくてんしてる	4
とくてんしてます	4
とくひょうする	4
とくひょうします	4
とくひょうしません	4
とくひょうしました	4
とくひょうしませんでした	4
とくひょうしましょう	4
とくひょうしない	4
とくひょうしなかった	4
とくひょうした	4
とくひょうして	4
とくひょうしている	4
とくひょうしています	4
とくひょうしていた	4
とくひょうしていました	4
とくひょうしてる	4
とくひょうしてます	4
ふくげんする	4
ふくげんします	4
ふくげんしません	4
ふくげんしました	4
ふくげんしませんでした	4
ふくげんしましょう	4
ふくげんしない	4
ふくげんしなかった	4
ふくげんした	4
ふくげんして	4
ふくげんしている	4
ふくげんしています	4
ふくげんしていた	4
ふくげんしていました	4
ふくげんしてる	4
ふくげんしてます	4
ふくとうする	4
ふくとうします	4
ふくとうしません	4
ふくとうしました	4
ふくとうしませんでした	4
ふくとうしましょう	4
ふくとうしない	4
ふくとうしなかった	4
ふくとうした	4
ふくとうして	4
ふくとうしている	4
ふくとうしています	4
ふくとうしていた	4
ふくとうしていました	4
ふくとうしてる	4
ふくとうしてます	4
ふっこくする	4
ふっこくします	4
ふっこくしません	4
ふっこくしました	4
ふっこくしませんでした	4
ふっこくしましょう	4
ふっこくしない	4
ふっこくしなかった	4
ふっこくした	4
ふっこくして	4
ふっこくしている	4
ふっこくしています	4
ふっこくしていた	4
ふっこくしていました	4
ふっこくしてる	4
ふっこくしてます	4
ふくいんする	4
ふくいんします	4
ふくいんしません	4
ふくいんしました	4
ふくいんしませんでした	4
ふくいんしましょう	4
ふくいんしない	4
ふくいんしなかった	4
ふくいんした	4
ふくいんして	4
ふくいんしている	4
ふくいんしています	4
ふくいんしていた	4
ふくいんしていました	4
ふくいんしてる	4
ふくいんしてます	4
ふっきする	3
ふっきします	3
ふっきしません	3
ふっきしました	3
ふっきしませんでした	3
ふっきしましょう	3
ふっきしない	3
ふっきしなかった	3
ふっきした	3
ふっきして	3
ふっきしている	3
ふっきしています	3
ふっきしていた	3
ふっきしていました	3
ふっきしてる	3
ふっきしてます	3
ふっきゅうする	4
ふっきゅうします	4
ふっきゅうしません	4
ふっきゅうしました	4
ふっきゅうしませんでした	4
ふっきゅうしましょう	4
ふっきゅうしない	4
ふっきゅうしなかった	4
ふっきゅうした	4
ふっきゅうして	4
ふっきゅうしている	4
ふっきゅうしています	4
ふっきゅうしていた	4
ふっきゅうしていました	4
ふっきゅうしてる	4
ふっきゅうしてます	4
ふっけんする	4
ふっけんします	4
ふっけんしません	4
ふっけんしました	4
ふっけんしませんでした	4
ふっけんしましょう	4
ふっけんしない	4
ふっけんしなかった	4
ふっけんした	4
ふっけんして	4
ふっけんしている	4
ふっけんしています	4
ふっけんしていた	4
ふっけんしていました	4
ふっけんしてる	4
ふっけんしてます	4
ふっかつする	4
ふっかつします	4
ふっかつしません	4
ふっかつしました	4
ふっかつしませんでした	4
ふっかつしましょう	4
ふっかつしない	4
ふっかつしなかった	4
ふっかつした	4
ふっかつして	4
ふっかつしている	4
ふっかつしています	4
ふっかつしていた	4
ふっかつしていました	4
ふっかつしてる	4
ふっかつしてます	4
ふくしゅうする	4
ふくしゅうします	4
ふくしゅうしません	4
ふくしゅうしました	4
ふくしゅうしませんでした	4
ふくしゅうしましょう	4
ふくしゅうしない	4
ふくしゅうしなかった	4
ふくしゅうした	4
ふくしゅうして	4
ふくしゅうしている	4
ふくしゅうしています	4
ふくしゅうしていた	4
ふくしゅうしていました	4
ふくしゅうしてる	4
ふくしゅうしてます	4
ふっこうする	4
ふっこうします	4
ふっこうしません	4
ふっこうしました	4
ふっこうしませんでした	4
ふっこうしましょう	4
ふっこうしない	4
ふっこうしなかった	4
ふっこうした	4
ふっこうして	4
ふっこうしている	4
ふっこうしています	4
ふっこうしていた	4
ふっこうしていました	4
ふっこうしてる	4
ふっこうしてます	4
ふくちょうする	4
ふくちょうします	4
ふくちょうしません	4
ふくちょうしました	4
ふくちょうしませんでした	4
ふくちょうしましょう	4
ふくちょうしない	4
ふくちょうしなかった	4
ふくちょうした	4
ふくちょうして	4
ふくちょうしている	4
ふくちょうしています	4
ふくちょうしていた	4
ふくちょうしていました	4
ふくちょうしてる	4
ふくちょうしてます	4
じゅんかんする	4
じゅんかんします	4
じゅんかんしません	4
じゅんかんしました	4
じゅんかんしませんでした	4
じゅんかんしましょう	4
じゅんかんしない	4
じゅんかんしなかった	4
じゅんかんした	4
じゅんかんして	4
じゅんかんしている	4
じゅんかんしています	4
じゅんかんしていた	4
じゅんかんしていました	4
じゅんかんしてる	4
じゅんかんしてます	4
びどうする	3
びどうします	3
びどうしません	3
びどうしました	3
びどうしませんでした	3
びどうしましょう	3
びどうしない	3
びどうしなかった	3
びどうした	3
びどうして	3
びどうしている	3
びどうしています	3
びどうしていた	3
びどうしていました	3
びどうしてる	3
びどうしてます	3
びしょうする	3
びしょうします	3
びしょうしません	3
びしょうしました	3
びしょうしませんでした	3
びしょうしましょう	3
びしょうしない	3
びしょうしなかった	3
びしょうした	3
びしょうして	3
びしょうしている	3
びしょうしています	3
びしょうしていた	3
びしょうしていました	3
びしょうしてる	3
びしょうしてます	3
ちょうへいする	4
ちょうへいします	4
ちょうへいしません	4
ちょうへいしました	4
ちょうへいしませんでした	4
ちょうへいしましょう	4
ちょうへいしない	4
ちょうへいしなかった	4
ちょうへいした	4
ちょうへいして	4
ちょうへいしている	4
ちょうへいしています	4
ちょうへいしていた	4
ちょうへいしていました	4
ちょうへいしてる	4
ちょうへいしてます	4
ちょうしゅうする	4
ちょうしゅうします	4
ちょうしゅうしません	4
ちょうしゅうしました	4
ちょうしゅうしませんでした	4
ちょうしゅうしましょう	4
ちょうしゅうしない	4
ちょうしゅうしなかった	4
ちょうしゅうした	4
ちょうしゅうして	4
ちょうしゅうしている	4
ちょうしゅうしています	4
ちょうしゅうしていた	4
ちょうしゅうしていました	4
ちょうしゅうしてる	4
ちょうしゅうしてます	4
てっするする	0
てっするします	6
てっするしません	7
てっするしました	6
てっするしませんでした	7
てっするしましょう	7
てっするしない	0
てっするしなかった	9
てっするした	6
てっするして	0
てっするしている	6
てっするしています	6
てっするしていた	6
てっするしていました	6
てっするしてる	2
てっするしてます	7
てつやする	3
てつやします	3
てつやしません	3
てつやしました	3
てつやしませんでした	3
てつやしましょう	3
てつやしない	3
てつやしなかった	3
てつやした	3
てつやして	3
てつやしている	3
てつやしています	3
てつやしていた	3
てつやしていました	3
てつやしてる	3
てつやしてます	3
てっていする	4
てっていします	4
てっていしません	4
てっていしました	4
てっていしませんでした	4
てっていしましょう	4
てっていしない	4
てっていしなかった	4
てっていした	4
てっていして	4
てっていしている	4
てっていしています	4
てっていしていた	4
てっていしていました	4
てっていしてる	4
てっていしてます	4
しんじゅうする	4
しんじゅうします	4
しんじゅうしません	4
しんじゅうしました	4
しんじゅうしませんでした	4
しんじゅうしましょう	4
しんじゅうしない	4
しんじゅうしなかった	4
しんじゅうした	4
しんじゅうして	4
しんじゅうしている	4
しんじゅうしています	4
しんじゅうしていた	4
しんじゅうしていました	4
しんじゅうしてる	4
しんじゅうしてます	4
こころまちする	5
こころまちします	5
こころまちしません	5
こころまちしました	5
こころまちしませんでした	5
こころまちしましょう	5
こころまちしない	5
こころまちしなかった	5
こころまちした	5
こころまちして	5
こころまちしている	5
こころまちしています	5
こころまちしていた	5
こころまちしていました	5
こころまちしてる	5
こころまちしてます	5
こころがまえする	4
こころがまえします	4
こころがまえしません	4
こころがまえしました	4
こころがまえしませんでした	4
こころがまえしましょう	4
こころがまえしない	4
こころがまえしなかった	4
こころがまえした	4
こころがまえして	4
こころがまえしている	4
こころがまえしています	4
こころがまえしていた	4
こころがまえしていました	4
こころがまえしてる	4
こころがまえしてます	4
しんぱいする	4
しんぱいします	4
しんぱいしません	4
しんぱいしました	4
しんぱいしませんでした	4
しんぱいしましょう	4
しんぱいしない	4
しんぱいしなかった	4
しんぱいした	4
しんぱいして	4
しんぱいしている	4
しんぱいしています	4
しんぱいしていた	4
しんぱいしていました	4
しんぱいしてる	4
しんぱいしてます	4
ひっちゃくする	4
ひっちゃくします	4
ひっちゃくしません	4
ひっちゃくしました	4
ひっちゃくしませんでした	4
ひっちゃくしましょう	4
ひっちゃくしない	4
ひっちゃくしなかった	4
ひっちゃくした	4
ひっちゃくして	4
ひっちゃくしている	4
ひっちゃくしています	4
ひっちゃくしていた	4
ひっちゃくしていました	4
ひっちゃくしてる	4
ひっちゃくしてます	4
にんたいする	1
にんたいします	1
にんたいしません	1
にんたいしました	1
にんたいしませんでした	1
にんたいしましょう	1
にんたいしない	1
にんたいしなかった	1
にんたいした	1
にんたいして	1
にんたいしている	1
にんたいしています	1
にんたいしていた	1
にんたいしていました	1
にんたいしてる	1
にんたいしてます	1
しぼうする	3
しぼうします	3
しぼうしません	3
しぼうしました	3
しぼうしませんでした	3
しぼうしましょう	3
しぼうしない	3
しぼうしなかった	3
しぼうした	3
しぼうして	3
しぼうしている	3
しぼうしています	3
しぼうしていた	3
しぼうしていました	3
しぼうしてる	3
しぼうしてます	3
しがんする	1
しがんします	1
しがんしません	1
しがんしました	1
しがんしませんでした	1
しがんしましょう	1
しがんしない	1
しがんしなかった	1
しがんした	1
しがんして	1
しがんしている	1
しがんしています	1
しがんしていた	1
しがんしていました	1
しがんしてる	1
しがんしてます	1
ぼうきゃくする	4
ぼうきゃくします	4
ぼうきゃくしません	4
ぼうきゃくしました	4
ぼうきゃくしませんでした	4
ぼうきゃくしましょう	4
ぼうきゃくしない	4
ぼうきゃくしなかった	4
ぼうきゃくした	4
ぼうきゃくして	4
ぼうきゃくしている	4
ぼうきゃくしています	4
ぼうきゃくしていた	4
ぼうきゃくしていました	4
ぼうきゃくしてる	4
ぼうきゃくしてます	4
おうぼする	3
おうぼします	3
おうぼしません	3
おうぼしました	3
おうぼしませんでした	3
おうぼしましょう	3
おうぼしない	3
おうぼしなかった	3
おうぼした	3
おうぼして	3
おうぼしている	3
おうぼしています	3
おうぼしていた	3
おうぼしていました	3
おうぼしてる	3
おうぼしてます	3
おうたいする	4
おうたいします	4
おうたいしません	4
おうたいしました	4
おうたいしませんでした	4
おうたいしましょう	4
おうたいしない	4
おうたいしなかった	4
おうたいした	4
おうたいして	4
おうたいしている	4
おうたいしています	4
おうたいしていた	4
おうたいしていました	4
おうたいしてる	4
おうたいしてます	4
おうせつする	4
おうせつします	4
おうせつしません	4
おうせつしました	4
おうせつしませんでした	4
おうせつしましょう	4
おうせつしない	4
おうせつしなかった	4
おうせつした	4
おうせつして	4
おうせつしている	4
おうせつしています	4
おうせつしていた	4
おうせつしていました	4
おうせつしてる	4
おうせつしてます	4
おうえんする	4
おうえんします	4
おうえんしません	4
おうえんしました	4
おうえんしませんでした	4
おうえんしましょう	4
おうえんしない	4
おうえんしなかった	4
おうえんした	4
おうえんして	4
おうえんしている	4
おうえんしています	4
おうえんしていた	4
おうえんしていました	4
おうえんしてる	4
おうえんしてます	4
おうさつする	4
おうさつします	4
おうさつしません	4
おうさつしました	4
おうさつしませんでした	4
おうさつしましょう	4
おうさつしない	4
おうさつしなかった	4
おうさつした	4
おうさつして	4
おうさつしている	4
おうさつしています	4
おうさつしていた	4
おうさつしていました	4
おうさつしてる	4
おうさつしてます	4
おうようする	4
おうようします	4
おうようしません	4
おうようしました	4
おうようしませんでした	4
おうようしましょう	4
おうようしない	4
おうようしなかった	4
おうようした	4
おうようして	4
おうようしている	4
おうようしています	4
おうようしていた	4
おうようしていました	4
おうようしてる	4
おうようしてます	4
おうとうする	4
おうとうします	4
おうとうしません	4
おうとうしました	4
おうとうしませんでした	4
おうとうしましょう	4
おうとうしない	4
おうとうしなかった	4
おうとうした	4
おうとうして	4
おうとうしている	4
おうとうしています	4
おうとうしていた	4
おうとうしていました	4
おうとうしてる	4
おうとうしてます	4
おうしゅうする	4
おうしゅうします	4
おうしゅうしません	4
おうしゅうしました	4
おうしゅうしませんでした	4
おうしゅうしましょう	4
おうしゅうしない	4
おうしゅうしなかった	4
おうしゅうした	4
おうしゅうして	4
おうしゅうしている	4
おうしゅうしています	4
おうしゅうしていた	4
おうしゅうしていました	4
おうしゅうしてる	4
おうしゅうしてます	4
ちゅうこくする	4
ちゅうこくします	4
ちゅうこくしません	4
ちゅうこくしました	4
ちゅうこくしませんでした	4
ちゅうこくしましょう	4
ちゅうこくしない	4
ちゅうこくしなかった	4
ちゅうこくした	4
ちゅうこくして	4
ちゅうこくしている	4
ちゅうこくしています	4
ちゅうこくしていた	4
ちゅうこくしていました	4
ちゅうこくしてる	4
ちゅうこくしてます	4
かいしょうする	4
かいしょうします	4
かいしょうしません	4
かいしょうしました	4
かいしょうしませんでした	4
かいしょうしましょう	4
かいしょうしない	4
かいしょうしなかった	4
かいしょうした	4
かいしょうして	4
かいしょうしている	4
かいしょうしています	4
かいしょうしていた	4
かいしょうしていました	4
かいしょうしてる	4
かいしょうしてます	4
ねんがんする	4
ねんがんします	4
ねんがんしません	4
ねんがんしました	4
ねんがんしませんでした	4
ねんがんしましょう	4
ねんがんしない	4
ねんがんしなかった	4
ねんがんした	4
ねんがんして	4
ねんがんしている	4
ねんがんしています	4
ねんがんしていた	4
ねんがんしていました	4
ねんがんしてる	4
ねんがんしてます	4
きゅうしんする	4
きゅうしんします	4
きゅうしんしません	4
きゅうしんしました	4
きゅうしんしませんでした	4
きゅうしんしましょう	2
きゅうしんしない	4
きゅうしんしなかった	4
きゅうしんした	4
きゅうしんして	4
きゅうしんしている	4
きゅうしんしています	4
きゅうしんしていた	4
きゅうしんしていました	4
きゅうしんしてる	4
きゅうしんしてます	4
きゅうぞうする	4
きゅうぞうします	4
きゅうぞうしません	4
きゅうぞうしました	4
きゅうぞうしませんでした	4
きゅうぞうしましょう	4
きゅうぞうしない	4
きゅうぞうしなかった	4
きゅうぞうした	4
きゅうぞうして	4
きゅうぞうしている	4
きゅうぞうしています	4
きゅうぞうしていた	4
きゅうぞうしていました	4
きゅうぞうしてる	4
きゅうぞうしてます	4
きゅうへんする	4
きゅうへんします	4
きゅうへんしません	4
きゅうへんしました	4
きゅうへんしませんでした	4
きゅうへんしましょう	4
きゅうへんしない	4
きゅうへんしなかった	4
きゅうへんした	4
きゅうへんして	4
きゅうへんしている	4
きゅうへんしています	4
きゅうへんしていた	4
きゅうへんしていました	4
きゅうへんしてる	4
きゅうへんしてます	4
きゅうせいちょうする	3
きゅうせいちょうします	3
きゅうせいちょうしません	3
きゅうせいちょうしました	3
きゅうせいちょうしませんでした	3
きゅうせいちょうしましょう	3
きゅうせいちょうしない	3
きゅうせいちょうしなかった	3
きゅうせいちょうした	3
きゅうせいちょうして	3
きゅうせいちょうしている	3
きゅうせいちょうしています	3
きゅうせいちょうしていた	3
きゅうせいちょうしていました	3
きゅうせいちょうしてる	3
きゅうせいちょうしてます	3
きゅうらくする	4
きゅうらくします	4
きゅうらくしません	4
きゅうらくしました	4
きゅうらくしませんでした	4
きゅうらくしましょう	4
きゅうらくしない	4
きゅうらくしなかった	4
きゅうらくした	4
きゅうらくして	4
きゅうらくしている	4
きゅうらくしています	4
きゅうらくしていた	4
きゅうらくしていました	4
きゅうらくしてる	4
きゅうらくしてます	4
きゅうとうする	4
きゅうとうします	4
きゅうとうしません	4
きゅうとうしました	4
きゅうとうしませんでした	4
きゅうとうしましょう	4
きゅうとうしない	4
きゅうとうしなかった	4
きゅうとうした	4
きゅうとうして	4
きゅうとうしている	4
きゅうとうしています	4
きゅうとうしていた	4
きゅうとうしていました	4
きゅうとうしてる	4
きゅうとうしてます	4
けがする	2
けがします	2
けがしません	2
けがしました	2
けがしませんでした	2
けがしましょう	2
けがしない	2
けがしなかった	2
けがした	2
けがして	2
けがしている	2
けがしています	2
けがしていた	2
けがしていました	2
けがしてる	2
けがしてます	2
れんあいする	4
れんあいします	4
れんあいしません	4
れんあいしました	4
れんあいしませんでした	4
れんあいしましょう	4
れんあいしない	4
れんあいしなかった	4
れんあいした	4
れんあいして	4
れんあいしている	4
れんあいしています	4
れんあいしていた	4
れんあいしていました	4
れんあいしてる	4
れんあいしてます	4
きょうかつする	4
きょうかつします	4
きょうかつしません	4
きょうかつしました	4
きょうかつしませんでした	4
きょうかつしましょう	4
きょうかつしない	4
きょうかつしなかった	4
きょうかつした	4
きょうかつして	4
きょうかつしている	4
きょうかつしています	4
きょうかつしていた	4
きょうかつしていました	4
きょうかつしてる	4
きょうかつしてます	4
きょうふする	1
きょうふします	1
きょうふしません	1
きょうふしました	1
きょうふしませんでした	1
きょうふしましょう	1
きょうふしない	1
きょうふしなかった	1
きょうふした	1
きょうふして	1
きょうふしている	1
きょうふしています	1
きょうふしていた	1
きょうふしていました	1
きょうふしてる	1
きょうふしてます	1
きょうしゅくする	4
きょうしゅくします	4
きょうしゅくしません	4
きょうしゅくしました	4
きょうしゅくしませんでした	4
きょうしゅくしましょう	4
きょうしゅくしない	4
きょうしゅくしなかった	4
きょうしゅくした	4
きょうしゅくして	4
きょうしゅくしている	4
きょうしゅくしています	4
きょうしゅくしていた	4
きょうしゅくしていました	4
きょうしゅくしてる	4
きょうしゅくしてます	4
おんがえしする	3
おんがえしします	3
おんがえししません	3
おんがえししました	3
おんがえししませんでした	3
おんがえししましょう	3
おんがえししない	3
おんがえししなかった	3
おんがえしした	3
おんがえしして	3
おんがえししている	3
おんがえししています	3
おんがえししていた	3
おんがえししていました	3
おんがえししてる	3
おんがえししてます	3
いきぎれする	4
いきぎれします	4
いきぎれしません	4
いきぎれしました	4
いきぎれしませんでした	4
いきぎれしましょう	4
いきぎれしない	4
いきぎれしなかった	4
いきぎれした	4
いきぎれして	4
いきぎれしている	4
いきぎれしています	4
いきぎれしていた	4
いきぎれしていました	4
いきぎれしてる	4
いきぎれしてます	4
くやしなきする	5
くやしなきします	5
くやしなきしません	5
くやしなきしました	5
くやしなきしませんでした	5
くやしなきしましょう	5
くやしなきしない	5
くやしなきしなかった	5
くやしなきした	5
くやしなきして	5
くやしなきしている	5
くやしなきしています	5
くやしなきしていた	5
くやしなきしていました	5
くやしなきしてる	5
くやしなきしてます	5
あっかする	3
あっかします	3
あっかしません	3
あっかしました	3
あっかしませんでした	3
あっかしましょう	3
あっかしない	3
あっかしなかった	3
あっかした	3
あっかして	3
あっかしている	3
あっかしています	3
あっかしていた	3
あっかしていました	3
あっかしてる	3
あっかしてます	3
あっこうする	2
あっこうします	2
あっこうしません	2
あっこうしました	2
あっこうしませんでした	2
あっこうしましょう	2
あっこうしない	2
あっこうしなかった	2
あっこうした	2
あっこうして	2
あっこうしている	2
あっこうしています	2
あっこうしていた	2
あっこうしていました	2
あっこうしてる	2
あっこうしてます	2
いたずらする	4
いたずらします	4
いたずらしません	4
いたずらしました	4
いたずらしませんでした	4
いたずらしましょう	4
いたずらしない	4
いたずらしなかった	4
いたずらした	4
いたずらして	4
いたずらしている	4
いたずらしています	4
いたずらしていた	4
いたずらしていました	4
いたずらしてる	4
いたずらしてます	4
あくようする	4
あくようします	4
あくようしません	4
あくようしました	4
あくようしませんでした	4
あくようしましょう	4
あくようしない	4
あくようしなかった	4
あくようした	4
あくようして	4
あくようしている	4
あくようしています	4
あくようしていた	4
あくようしていました	4
あくようしてる	4
あくようしてます	4
ひかんする	3
ひかんします	3
ひかんしません	3
ひかんしました	3
ひかんしませんでした	3
ひかんしましょう	3
ひかんしない	3
ひかんしなかった	3
ひかんした	3
ひかんして	3
ひかんしている	3
ひかんしています	3
ひかんしていた	3
ひかんしていました	3
ひかんしてる	3
ひかんしてます	3
ざんぱいする	4
ざんぱいします	4
ざんぱいしません	4
ざんぱいしました	4
ざんぱいしませんでした	4
ざんぱいしましょう	4
ざんぱいしない	4
ざんぱいしなかった	4
ざんぱいした	4
ざんぱいして	4
ざんぱいしている	4
ざんぱいしています	4
ざんぱいしていた	4
ざんぱいしていました	4
ざんぱいしてる	4
ざんぱいしてます	4
そうていする	4
そうていします	4
そうていしません	4
そうていしました	4
そうていしませんでした	4
そうていしましょう	4
そうていしない	4
そうていしなかった	4
そうていした	4
そうていして	4
そうていしている	4
そうていしています	4
そうていしていた	4
そうていしていました	4
そうていしてる	4
そうていしてます	4
いみする	1
いみします	1
いみしません	1
いみしました	1
いみしませんでした	1
いみしましょう	1
いみしない	1
いみしなかった	1
いみした	1
いみして	1
いみしている	1
いみしています	1
いみしていた	1
いみしていました	1
いみしてる	1
いみしてます	1
いとする	1
いとします	1
いとしません	1
いとしました	1
いとしませんでした	1
いとしましょう	1
いとしない	1
いとしなかった	1
いとした	1
いとして	1
いとしている	1
いとしています	1
いとしていた	1
いとしていました	1
いとしてる	1
いとしてます	1
いしひょうじする	3
いしひょうじします	3
いしひょうじしません	3
いしひょうじしました	3
いしひょうじしませんでした	3
いしひょうじしましょう	3
いしひょうじしない	3
いしひょうじしなかった	3
いしひょうじした	3
いしひょうじして	3
いしひょうじしている	3
いしひょうじしています	3
いしひょうじしていた	3
いしひょうじしていました	3
いしひょうじしてる	3
いしひょうじしてます	3
いけんする	1
いけんします	1
いけんしません	1
いけんしました	1
いけんしませんでした	1
いけんしましょう	1
いけんしない	1
いけんしなかった	1
いけんした	1
いけんして	1
いけんしている	1
いけんしています	1
いけんしていた	1
いけんしていました	1
いけんしてる	1
いけんしてます	1
いしきする	1
いしきします	1
いしきしません	1
いしきしました	1
いしきしませんでした	1
いしきしましょう	1
いしきしない	1
いしきしなかった	1
いしきした	1
いしきして	1
いしきしている	1
いしきしています	1
いしきしていた	1
いしきしていました	1
いしきしてる	1
いしきしてます	1
ぐずぐずする	1
ぐずぐずします	1
ぐずぐずしません	1
ぐずぐずしました	1
ぐずぐずしませんでした	1
ぐずぐずしましょう	1
ぐずぐずしない	1
ぐずぐずしなかった	1
ぐずぐずした	1
ぐずぐずして	1
ぐずぐずしている	1
ぐずぐずしています	1
ぐずぐずしていた	1
ぐずぐずしていました	1
ぐずぐずしてる	1
ぐずぐずしてます	1
あいするする	3
あいするします	6
あいするしません	7
あいするしました	6
あいするしませんでした	7
あいするしましょう	7
あいするしない	5
あいするしなかった	5
あいするした	3
あいするして	3
あいするしている	3
あいするしています	3
あいするしていた	3
あいするしていました	3
あいするしてる	3
あいするしてます	3
あいこうする	4
あいこうします	4
あいこうしません	4
あいこうしました	4
あいこうしませんでした	4
あいこうしましょう	4
あいこうしない	4
あいこうしなかった	4
あいこうした	4
あいこうして	4
あいこうしている	4
あいこうしています	4
あいこうしていた	4
あいこうしていました	4
あいこうしてる	4
あいこうしてます	4
あいようする	4
あいようします	4
あいようしません	4
あいようしました	4
あいようしませんでした	4
あいようしましょう	4
あいようしない	4
あいようしなかった	4
あいようした	4
あいようして	4
あいようしている	4
あいようしています	4
あいようしていた	4
あいようしていました	4
あいようしてる	4
あいようしてます	4
あいちゃくする	4
あいちゃくします	4
あいちゃくしません	4
あいちゃくしました	4
あいちゃくしませんでした	4
あいちゃくしましょう	4
あいちゃくしない	4
あいちゃくしなかった	4
あいちゃくした	4
あいちゃくして	4
あいちゃくしている	4
あいちゃくしています	4
あいちゃくしていた	4
あいちゃくしていました	4
あいちゃくしてる	4
あいちゃくしてます	4
あいどくする	4
あいどくします	4
あいどくしません	4
あいどくしました	4
あいどくしませんでした	4
あいどくしましょう	4
あいどくしない	4
あいどくしなかった	4
あいどくした	4
あいどくして	4
あいどくしている	4
あいどくしています	4
あいどくしていた	4
あいどくしていました	4
あいどくしてる	4
あいどくしてます	4
あいごする	1
あいごします	1
あいごしません	1
あいごしました	1
あいごしませんでした	1
あいごしましょう	1
あいごしない	1
あいごしなかった	1
あいごした	1
あいごして	1
あいごしている	1
あいごしています	1
あいごしていた	1
あいごしていました	1
あいごしてる	1
あいごしてます	1
かんどうする	4
かんどうします	4
かんどうしません	4
かんどうしました	4
かんどうしませんでした	4
かんどうしましょう	4
かんどうしない	4
かんどうしなかった	4
かんどうした	4
かんどうして	4
かんどうしている	4
かんどうしています	4
かんどうしていた	4
かんどうしていました	4
かんどうしてる	4
かんどうしてます	4
かんかする	1
かんかします	1
かんかしません	1
かんかしました	1
かんかしませんでした	1
かんかしましょう	1
かんかしない	1
かんかしなかった	1
かんかした	1
かんかして	1
かんかしている	1
かんかしています	1
かんかしていた	1
かんかしていました	1
かんかしてる	1
かんかしてます	1
かんたんする	4
かんたんします	4
かんたんしません	4
かんたんしました	4
かんたんしませんでした	4
かんたんしましょう	4
かんたんしない	4
かんたんしなかった	4
かんたんした	4
かんたんして	4
かんたんしている	4
かんたんしています	4
かんたんしていた	4
かんたんしていました	4
かんたんしてる	4
かんたんしてます	4
かんしんする	4
かんしんします	4
かんしんしません	4
かんしんしました	4
かんしんしませんでした	4
かんしんしましょう	4
かんしんしない	4
かんしんしなかった	4
かんしんした	4
かんしんして	4
かんしんしている	4
かんしんしています	4
かんしんしていた	4
かんしんしていました	4
かんしんしてる	4
かんしんしてます	4
かんせんする	4
かんせんします	4
かんせんしません	4
かんせんしました	4
かんせんしませんでした	4
かんせんしましょう	4
かんせんしない	4
かんせんしなかった	4
かんせんした	4
かんせんして	4
かんせんしている	4
かんせんしています	4
かんせんしていた	4
かんせんしていました	4
かんせんしてる	4
かんせんしてます	4
かんげきする	4
かんげきします	4
かんげきしません	4
かんげきしました	4
かんげきしませんでした	4
かんげきしましょう	4
かんげきしない	4
かんげきしなかった	4
かんげきした	4
かんげきして	4
かんげきしている	4
かんげきしています	4
かんげきしていた	4
かんげきしていました	4
かんげきしてる	4
かんげきしてます	4
かんかくする	4
かんかくします	4
かんかくしません	4
かんかくしました	4
かんかくしませんでした	4
かんかくしましょう	4
かんかくしない	4
かんかくしなかった	4
かんかくした	4
かんかくして	4
かんかくしている	4
かんかくしています	4
かんかくしていた	4
かんかくしていました	4
かんかくしてる	4
かんかくしてます	4
かんしゃする	1
かんしゃします	1
かんしゃしません	1
かんしゃしました	1
かんしゃしませんでした	1
かんしゃしましょう	1
かんしゃしない	1
かんしゃしなかった	1
かんしゃした	1
かんしゃして	1
かんしゃしている	1
かんしゃしています	1
かんしゃしていた	1
かんしゃしていました	1
かんしゃしてる	1
かんしゃしてます	1
かんめいする	4
かんめいします	4
かんめいしません	4
かんめいしました	4
かんめいしませんでした	4
かんめいしましょう	4
かんめいしない	4
かんめいしなかった	4
かんめいした	4
かんめいして	4
かんめいしている	4
かんめいしています	4
かんめいしていた	4
かんめいしていました	4
かんめいしてる	4
かんめいしてます	4
かんしゅうする	4
かんしゅうします	4
かんしゅうしません	4
かんしゅうしました	4
かんしゅうしませんでした	4
かんしゅうしましょう	4
かんしゅうしない	4
かんしゅうしなかった	4
かんしゅうした	4
かんしゅうして	4
かんしゅうしている	4
かんしゅうしています	4
かんしゅうしていた	4
かんしゅうしていました	4
かんしゅうしてる	4
かんしゅうしてます	4
いあんする	3
いあんします	3
いあんしません	3
いあんしました	3
いあんしませんでした	3
いあんしましょう	3
いあんしない	3
いあんしなかった	3
いあんした	3
いあんして	3
いあんしている	3
いあんしています	3
いあんしていた	3
いあんしていました	3
いあんしてる	3
いあんしてます	3
いしゃする	1
いしゃします	1
いしゃしません	1
いしゃしました	1
いしゃしませんでした	1
いしゃしましょう	1
いしゃしない	1
いしゃしなかった	1
いしゃした	1
いしゃして	1
いしゃしている	1
いしゃしています	1
いしゃしていた	1
いしゃしていました	1
いしゃしてる	1
いしゃしてます	1
いれいする	3
いれいします	3
いれいしません	3
いれいしました	3
いれいしませんでした	3
いれいしましょう	3
いれいしない	3
いれいしなかった	3
いれいした	3
いれいして	3
いれいしている	3
いれいしています	3
いれいしていた	3
いれいしていました	3
いれいしてる	3
いれいしてます	3
ゆうりょする	1
ゆうりょします	1
ゆうりょしません	1
ゆうりょしました	1
ゆうりょしませんでした	1
ゆうりょしましょう	1
ゆうりょしない	1
ゆうりょしなかった	1
ゆうりょした	1
ゆうりょして	1
ゆうりょしている	1
ゆうりょしています	1
ゆうりょしていた	1
ゆうりょしていました	1
ゆうりょしてる	1
ゆうりょしてます	1
ぞうおする	1
ぞうおします	1
ぞうおしません	1
ぞうおしました	1
ぞうおしませんでした	1
ぞうおしましょう	1
ぞうおしない	1
ぞうおしなかった	1
ぞうおした	1
ぞうおして	1
ぞうおしている	1
ぞうおしています	1
ぞうおしていた	1
ぞうおしていました	1
ぞうおしてる	1
ぞうおしてます	1
ふんがいする	4
ふんがいします	4
ふんがいしません	4
ふんがいしました	4
ふんがいしませんでした	4
ふんがいしましょう	4
ふんがいしない	4
ふんがいしなかった	4
ふんがいした	4
ふんがいして	4
ふんがいしている	4
ふんがいしています	4
ふんがいしていた	4
ふんがいしていました	4
ふんがいしてる	4
ふんがいしてます	4
おくそくする	4
おくそくします	4
おくそくしません	4
おくそくしました	4
おくそくしませんでした	4
おくそくしましょう	4
おくそくしない	4
おくそくしなかった	4
おくそくした	4
おくそくして	4
おくそくしている	4
おくそくしています	4
おくそくしていた	4
おくそくしていました	4
おくそくしてる	4
おくそくしてます	4
こんわする	3
こんわします	3
こんわしません	3
こんわしました	3
こんわしませんでした	3
こんわしましょう	1
こんわしない	3
こんわしなかった	3
こんわした	3
こんわして	3
こんわしている	3
こんわしています	3
こんわしていた	3
こんわしていました	3
こんわしてる	3
こんわしてます	3
こんだんする	4
こんだんします	4
こんだんしません	4
こんだんしました	4
こんだんしませんでした	4
こんだんしましょう	4
こんだんしない	4
こんだんしなかった	4
こんだんした	4
こんだんして	4
こんだんしている	4
こんだんしています	4
こんだんしていた	4
こんだんしていました	4
こんだんしてる	4
こんだんしてます	4
ちょうかいする	4
ちょうかいします	4
ちょうかいしません	4
ちょうかいしました	4
ちょうかいしませんでした	4
ちょうかいしましょう	4
ちょうかいしない	4
ちょうかいしなかった	4
ちょうかいした	4
ちょうかいして	4
ちょうかいしている	4
ちょうかいしています	4
ちょうかいしていた	4
ちょうかいしていました	4
ちょうかいしてる	4
ちょうかいしてます	4
ちょうばつする	1
ちょうばつします	1
ちょうばつしません	1
ちょうばつしました	1
ちょうばつしませんでした	1
ちょうばつしましょう	1
ちょうばつしない	1
ちょうばつしなかった	1
ちょうばつした	1
ちょうばつして	1
ちょうばつしている	1
ちょうばつしています	1
ちょうばつしていた	1
ちょうばつしていました	1
ちょうばつしてる	1
ちょうばつしてます	1
けねんする	3
けねんします	3
けねんしません	3
けねんしました	3
けねんしませんでした	3
けねんしましょう	3
けねんしない	3
けねんしなかった	3
けねんした	3
けねんして	3
けねんしている	3
けねんしています	3
けねんしていた	3
けねんしていました	3
けねんしてる	3
けねんしてます	3
せいじんする	4
せいじんします	4
せいじんしません	4
せいじんしました	4
せいじんしませんでした	4
せいじんしましょう	4
せいじんしない	4
せいじんしなかった	4
せいじんした	4
せいじんして	4
せいじんしている	4
せいじんしています	4
せいじんしていた	4
せいじんしていました	4
せいじんしてる	4
せいじんしてます	4
せいこうする	4
せいこうします	4
せいこうしません	4
せいこうしました	4
せいこうしませんでした	4
せいこうしましょう	4
せいこうしない	4
せいこうしなかった	4
せいこうした	4
せいこうして	4
せいこうしている	4
せいこうしています	4
せいこうしていた	4
せいこうしていました	4
せいこうしてる	4
せいこうしてます	4
せいじゅくする	4
せいじゅくします	4
せいじゅくしません	4
せいじゅくしました	4
せいじゅくしませんでした	4
せいじゅくしましょう	4
せいじゅくしない	4
せいじゅくしなかった	4
せいじゅくした	4
せいじゅくして	4
せいじゅくしている	4
せいじゅくしています	4
せいじゅくしていた	4
せいじゅくしていました	4
せいじゅくしてる	4
せいじゅくしてます	4
せいりつする	4
せいりつします	4
せいりつしません	4
せいりつしました	4
せいりつしませんでした	4
せいりつしましょう	4
せいりつしない	4
せいりつしなかった	4
せいりつした	4
せいりつして	4
せいりつしている	4
せいりつしています	4
せいりつしていた	4
せいりつしていました	4
せいりつしてる	4
せいりつしてます	4
せいちょうする	4
せいちょうします	4
せいちょうしません	4
せいちょうしました	4
せいちょうしませんでした	4
せいちょうしましょう	4
せいちょうしない	4
せいちょうしなかった	4
せいちょうした	4
せいちょうして	4
せいちょうしている	4
せいちょうしています	4
せいちょうしていた	4
せいちょうしていました	4
せいちょうしてる	4
せいちょうしてます	4
がまんする	1
がまんします	1
がまんしません	1
がまんしました	1
がまんしませんでした	1
がまんしましょう	1
がまんしない	1
がまんしなかった	1
がまんした	1
がまんして	1
がまんしている	1
がまんしています	1
がまんしていた	1
がまんしていました	1
がまんしてる	1
がまんしてます	1
かいこくする	4
かいこくします	4
かいこくしません	4
かいこくしました	4
かいこくしませんでした	4
かいこくしましょう	4
かいこくしない	4
かいこくしなかった	4
かいこくした	4
かいこくして	4
かいこくしている	4
かいこくしています	4
かいこくしていた	4
かいこくしていました	4
かいこくしてる	4
かいこくしてます	4
せんそうする	4
せんそうします	4
せんそうしません	4
せんそうしました	4
せんそうしませんでした	4
せんそうしましょう	4
せんそうしない	4
せんそうしなかった	4
せんそうした	4
せんそうして	4
せんそうしている	4
せんそうしています	4
せんそうしていた	4
せんそうしていました	4
せんそうしてる	4
せんそうしてます	4
せんしょうする	4
せんしょうします	4
せんしょうしません	4
せんしょうしました	4
せんしょうしませんでした	4
せんしょうしましょう	4
せんしょうしない	4
せんしょうしなかった	4
せんしょうした	4
せんしょうして	4
せんしょうしている	4
せんしょうしています	4
せんしょうしていた	4
せんしょうしていました	4
せんしょうしてる	4
せんしょうしてます	4
せんしする	3
せんしします	3
せんししません	3
せんししました	3
せんししませんでした	3
せんししましょう	3
せんししない	3
せんししなかった	3
せんしした	3
せんしして	3
せんししている	3
せんししています	3
せんししていた	3
せんししていました	3
せんししてる	3
せんししてます	3
せんぼつする	4
せんぼつします	4
せんぼつしません	4
せんぼつしました	4
せんぼつしませんでした	4
せんぼつしましょう	4
せんぼつしない	4
せんぼつしなかった	4
せんぼつした	4
せんぼつして	4
せんぼつしている	4
せんぼつしています	4
せんぼつしていた	4
せんぼつしていました	4
せんぼつしてる	4
せんぼつしてます	4
せんとうする	4
せんとうします	4
せんとうしません	4
せんとうしました	4
せんとうしませんでした	4
せんとうしましょう	4
せんとうしない	4
せんとうしなかった	4
せんとうした	4
せんとうして	4
せんとうしている	4
せんとうしています	4
せんとうしていた	4
せんとうしていました	4
せんとうしてる	4
せんとうしてます	4
こべつほうもんする	4
こべつほうもんします	4
こべつほうもんしません	4
こべつほうもんしました	4
こべつほうもんしませんでした	4
こべつほうもんしましょう	4
こべつほうもんしない	4
こべつほうもんしなかった	4
こべつほうもんした	4
こべつほうもんして	4
こべつほうもんしている	4
こべつほうもんしています	4
こべつほうもんしていた	4
こべつほうもんしていました	4
こべつほうもんしてる	4
こべつほうもんしてます	4
とまどいする	4
とまどいします	4
とまどいしません	4
とまどいしました	4
とまどいしませんでした	4
とまどいしましょう	4
とまどいしない	5
とまどいしなかった	5
とまどいした	4
とまどいして	4
とまどいしている	4
とまどいしています	4
とまどいしていた	4
とまどいしていました	4
とまどいしてる	4
とまどいしてます	4
とじまりする	2
とじまりします	2
とじまりしません	2
とじまりしました	2
とじまりしませんでした	2
とじまりしましょう	2
とじまりしない	2
とじまりしなかった	2
とじまりした	2
とじまりして	2
とじまりしている	2
とじまりしています	2
とじまりしていた	2
とじまりしていました	2
とじまりしてる	2
とじまりしてます	2
しょざいする	3
しょざいします	3
しょざいしません	3
しょざいしました	3
しょざいしませんでした	3
しょざいしましょう	3
しょざいしない	3
しょざいしなかった	3
しょざいした	3
しょざいして	3
しょざいしている	3
しょざいしています	3
しょざいしていた	3
しょざいしていました	3
しょざいしてる	3
しょざいしてます	3
しょぞくする	3
しょぞくします	3
しょぞくしません	3
しょぞくしました	3
しょぞくしませんでした	3
しょぞくしましょう	3
しょぞくしない	3
しょぞくしなかった	3
しょぞくした	3
しょぞくして	3
しょぞくしている	3
しょぞくしています	3
しょぞくしていた	3
しょぞくしていました	3
しょぞくしてる	3
しょぞくしてます	3
しょじする	1
しょじします	1
しょじしません	1
しょじしました	1
しょじしませんでした	1
しょじしましょう	1
しょじしない	1
しょじしなかった	1
しょじした	1
しょじして	1
しょじしている	1
しょじしています	1
しょじしていた	1
しょじしていました	1
しょじしてる	1
しょじしてます	1
しょゆうする	3
しょゆうします	3
しょゆうしません	3
しょゆうしました	3
しょゆうしませんでした	3
しょゆうしましょう	3
しょゆうしない	3
しょゆうしなかった	3
しょゆうした	3
しょゆうして	3
しょゆうしている	3
しょゆうしています	3
しょゆうしていた	3
しょゆうしていました	3
しょゆうしてる	3
しょゆうしてます	3
しょかんする	3
しょかんします	3
しょかんしません	3
しょかんしました	3
しょかんしませんでした	3
しょかんしましょう	3
しょかんしない	3
しょかんしなかった	3
しょかんした	3
しょかんして	3
しょかんしている	3
しょかんしています	3
しょかんしていた	3
しょかんしていました	3
しょかんしてる	3
しょかんしてます	3
しょぞうする	3
しょぞうします	3
しょぞうしません	3
しょぞうしました	3
しょぞうしませんでした	3
しょぞうしましょう	3
しょぞうしない	3
しょぞうしなかった	3
しょぞうした	3
しょぞうして	3
しょぞうしている	3
しょぞうしています	3
しょぞうしていた	3
しょぞうしていました	3
しょぞうしてる	3
しょぞうしてます	3
ていれする	3
ていれします	3
ていれしません	3
ていれしました	3
ていれしませんでした	3
ていれしましょう	3
ていれしない	3
ていれしなかった	3
ていれした	3
ていれして	3
ていれしている	3
ていれしています	3
ていれしていた	3
ていれしていました	3
ていれしてる	3
ていれしてます	3
てわけする	3
てわけします	3
てわけしません	3
てわけしました	3
てわけしませんでした	3
てわけしましょう	3
てわけしない	3
てわけしなかった	3
てわけした	3
てわけして	3
てわけしている	3
てわけしています	3
てわけしていた	3
てわけしていました	3
てわけしてる	3
てわけしてます	3
てだすけする	2
てだすけします	2
てだすけしません	2
てだすけしました	2
てだすけしませんでした	2
てだすけしましょう	2
てだすけしない	2
てだすけしなかった	2
てだすけした	2
てだすけして	2
てだすけしている	2
てだすけしています	2
てだすけしていた	2
てだすけしていました	2
てだすけしてる	2
てだすけしてます	2
てびきする	1
てびきします	1
てびきしません	1
てびきしました	1
てびきしませんでした	1
てびきしましょう	1
てびきしない	1
てびきしなかった	1
てびきした	1
てびきして	1
てびきしている	1
てびきしています	1
てびきしていた	1
てびきしていました	1
てびきしてる	1
てびきしてます	1
てあてする	1
てあてします	1
てあてしません	1
てあてしました	1
てあてしませんでした	1
てあてしましょう	1
てあてしない	1
てあてしなかった	1
てあてした	1
てあてして	1
てあてしている	1
てあてしています	1
てあてしていた	1
てあてしていました	1
てあてしてる	1
てあてしてます	1
てぬきする	3
てぬきします	3
てぬきしません	3
てぬきしました	3
てぬきしませんでした	3
てぬきしましょう	3
てぬきしない	3
てぬきしなかった	3
てぬきした	3
てぬきして	3
てぬきしている	3
てぬきしています	3
てぬきしていた	3
てぬきしていました	3
てぬきしてる	3
てぬきしてます	3
てさぐりする	2
てさぐりします	2
てさぐりしません	2
てさぐりしました	2
てさぐりしませんでした	2
てさぐりしましょう	2
てさぐりしない	2
てさぐりしなかった	2
てさぐりした	2
てさぐりして	2
てさぐりしている	2
てさぐりしています	2
てさぐりしていた	2
てさぐりしていました	2
てさぐりしてる	2
てさぐりしてます	2
てなおしする	2
てなおしします	2
てなおししません	2
てなおししました	2
てなおししませんでした	2
てなおししましょう	2
てなおししない	2
てなおししなかった	2
てなおしした	2
てなおしして	2
てなおししている	2
てなおししています	2
てなおししていた	2
てなおししていました	2
てなおししてる	2
てなおししてます	2
しゅじゅつする	1
しゅじゅつします	1
しゅじゅつしません	1
しゅじゅつしました	1
しゅじゅつしませんでした	1
しゅじゅつしましょう	1
しゅじゅつしない	1
しゅじゅつしなかった	1
しゅじゅつした	1
しゅじゅつして	1
しゅじゅつしている	1
しゅじゅつしています	1
しゅじゅつしていた	1
しゅじゅつしていました	1
しゅじゅつしてる	1
しゅじゅつしてます	1
しゅきする	1
しゅきします	1
しゅきしません	1
しゅきしました	1
しゅきしませんでした	1
しゅきしましょう	1
しゅきしない	1
しゅきしなかった	1
しゅきした	1
しゅきして	1
しゅきしている	1
しゅきしています	1
しゅきしていた	1
しゅきしていました	1
しゅきしてる	1
しゅきしてます	1
てはいする	1
てはいします	1
てはいしません	1
てはいしました	1
てはいしませんでした	1
てはいしましょう	1
てはいしない	1
てはいしなかった	1
てはいした	1
てはいして	1
てはいしている	1
てはいしています	1
てはいしていた	1
てはいしていました	1
てはいしてる	1
てはいしてます	1
うちあわせする	5
うちあわせします	5
うちあわせしません	5
うちあわせしました	5
うちあわせしませんでした	5
うちあわせしましょう	5
うちあわせしない	5
うちあわせしなかった	5
うちあわせした	5
うちあわせして	5
うちあわせしている	5
うちあわせしています	5
うちあわせしていた	5
うちあわせしていました	5
うちあわせしてる	5
うちあわせしてます	5
だぼくする	3
だぼくします	3
だぼくしません	3
だぼくしました	3
だぼくしませんでした	3
だぼくしましょう	3
だぼくしない	3
だぼくしなかった	3
だぼくした	3
だぼくして	3
だぼくしている	3
だぼくしています	3
だぼくしていた	3
だぼくしていました	3
だぼくしてる	3
だぼくしてます	3
だはする	1
だはします	1
だはしません	1
だはしました	1
だはしませんでした	1
だはしましょう	1
だはしない	1
だはしなかった	1
だはした	1
だはして	1
だはしている	1
だはしています	1
だはしていた	1
だはしていました	1
だはしてる	1
だはしてます	1
だしんする	3
だしんします	3
だしんしません	3
だしんしました	3
だしんしませんでした	3
だしんしましょう	3
だしんしない	3
だしんしなかった	3
だしんした	3
だしんして	3
だしんしている	3
だしんしています	3
だしんしていた	3
だしんしていました	3
だしんしてる	3
だしんしてます	3
だかいする	3
だかいします	3
だかいしません	3
だかいしました	3
だかいしませんでした	3
だかいしましょう	3
だかいしない	3
だかいしなかった	3
だかいした	3
だかいして	3
だかいしている	3
だかいしています	3
だかいしていた	3
だかいしていました	3
だかいしてる	3
だかいしてます	3
はらいもどしする	6
はらいもどしします	6
はらいもどししません	6
はらいもどししました	6
はらいもどししませんでした	6
はらいもどししましょう	6
はらいもどししない	6
はらいもどししなかった	6
はらいもどしした	6
はらいもどしして	6
はらいもどししている	6
はらいもどししています	6
はらいもどししていた	6
はらいもどししていました	6
はらいもどししてる	6
はらいもどししてます	6
ふっしょくする	4
ふっしょくします	4
ふっしょくしません	4
ふっしょくしました	4
ふっしょくしませんでした	4
ふっしょくしましょう	4
ふっしょくしない	4
ふっしょくしなかった	4
ふっしょくした	4
ふっしょくして	4
ふっしょくしている	4
ふっしょくしています	4
ふっしょくしていた	4
ふっしょくしていました	4
ふっしょくしてる	4
ふっしょくしてます	4
ふじょする	1
ふじょします	1
ふじょしません	1
ふじょしました	1
ふじょしませんでした	1
ふじょしましょう	1
ふじょしない	1
ふじょしなかった	1
ふじょした	1
ふじょして	1
ふじょしている	1
ふじょしています	1
ふじょしていた	1
ふじょしていました	1
ふじょしてる	1
ふじょしてます	1
ふようする	3
ふようします	3
ふようしません	3
ふようしました	3
ふようしませんでした	3
ふようしましょう	3
ふようしない	3
ふようしなかった	3
ふようした	3
ふようして	3
ふようしている	3
ふようしています	3
ふようしていた	3
ふようしていました	3
ふようしてる	3
ふようしてます	3
ひじゅんする	3
ひじゅんします	3
ひじゅんしません	3
ひじゅんしました	3
ひじゅんしませんでした	3
ひじゅんしましょう	3
ひじゅんしない	3
ひじゅんしなかった	3
ひじゅんした	3
ひじゅんして	3
ひじゅんしている	3
ひじゅんしています	3
ひじゅんしていた	3
ひじゅんしていました	3
ひじゅんしてる	3
ひじゅんしてます	3
ひはんする	3
ひはんします	3
ひはんしません	3
ひはんしました	3
ひはんしませんでした	3
ひはんしましょう	3
ひはんしない	3
ひはんしなかった	3
ひはんした	3
ひはんして	3
ひはんしている	3
ひはんしています	3
ひはんしていた	3
ひはんしていました	3
ひはんしてる	3
ひはんしてます	3
ひひょうする	3
ひひょうします	3
ひひょうしません	3
ひひょうしました	3
ひひょうしませんでした	3
ひひょうしましょう	3
ひひょうしない	3
ひひょうしなかった	3
ひひょうした	3
ひひょうして	3
ひひょうしている	3
ひひょうしています	3
ひひょうしていた	3
ひひょうしていました	3
ひひょうしてる	3
ひひょうしてます	3
しょうちする	3
しょうちします	3
しょうちしません	3
しょうちしました	3
しょうちしませんでした	3
しょうちしましょう	3
しょうちしない	3
しょうちしなかった	3
しょうちした	3
しょうちして	3
しょうちしている	3
しょうちしています	3
しょうちしていた	3
しょうちしていました	3
しょうちしてる	3
しょうちしてます	3
しょうにんする	4
しょうにんします	4
しょうにんしません	4
しょうにんしました	4
しょうにんしませんでした	4
しょうにんしましょう	4
しょうにんしない	4
しょうにんしなかった	4
しょうにんした	4
しょうにんして	4
しょうにんしている	4
しょうにんしています	4
しょうにんしていた	4
しょうにんしていました	4
しょうにんしてる	4
しょうにんしてます	4
しょうだくする	4
しょうだくします	4
しょうだくしません	4
しょうだくしました	4
しょうだくしませんでした	4
しょうだくしましょう	4
しょうだくしない	4
しょうだくしなかった	4
しょうだくした	4
しょうだくして	4
しょうだくしている	4
しょうだくしています	4
しょうだくしていた	4
しょうだくしていました	4
しょうだくしてる	4
しょうだくしてます	4
はあくする	3
はあくします	3
はあくしません	3
はあくしました	3
はあくしませんでした	3
はあくしましょう	3
はあくしない	3
はあくしなかった	3
はあくした	3
はあくして	3
はあくしている	3
はあくしています	3
はあくしていた	3
はあくしていました	3
はあくしてる	3
はあくしてます	3
よくせいする	4
よくせいします	4
よくせいしません	4
よくせいしました	4
よくせいしませんでした	4
よくせいしましょう	4
よくせいしない	4
よくせいしなかった	4
よくせいした	4
よくせいして	4
よくせいしている	4
よくせいしています	4
よくせいしていた	4
よくせいしていました	4
よくせいしてる	4
よくせいしてます	4
よくあつする	4
よくあつします	4
よくあつしません	4
よくあつしました	4
よくあつしませんでした	4
よくあつしましょう	4
よくあつしない	4
よくあつしなかった	4
よくあつした	4
よくあつして	4
よくあつしている	4
よくあつしています	4
よくあつしていた	4
よくあつしていました	4
よくあつしてる	4
よくあつしてます	4
よくしする	3
よくしします	3
よくししません	3
よくししました	3
よくししませんでした	3
よくししましょう	3
よくししない	3
よくししなかった	3
よくしした	3
よくしして	3
よくししている	3
よくししています	3
よくししていた	3
よくししていました	3
よくししてる	3
よくししてます	3
よくりゅうする	4
よくりゅうします	4
よくりゅうしません	4
よくりゅうしました	4
よくりゅうしませんでした	4
よくりゅうしましょう	4
よくりゅうしない	4
よくりゅうしなかった	4
よくりゅうした	4
よくりゅうして	4
よくりゅうしている	4
よくりゅうしています	4
よくりゅうしていた	4
よくりゅうしていました	4
よくりゅうしてる	4
よくりゅうしてます	4
とうかする	3
とうかします	3
とうかしません	3
とうかしました	3
とうかしませんでした	3
とうかしましょう	3
とうかしない	3
とうかしなかった	3
とうかした	3
とうかして	3
とうかしている	3
とうかしています	3
とうかしていた	3
とうかしていました	3
とうかしてる	3
とうかしてます	3
とうよする	1
とうよします	1
とうよしません	1
とうよしました	1
とうよしませんでした	1
とうよしましょう	1
とうよしない	1
とうよしなかった	1
とうよした	1
とうよして	1
とうよしている	1
とうよしています	1
とうよしていた	1
とうよしていました	1
とうよしてる	1
とうよしてます	1
とうにゅうする	4
とうにゅうします	4
とうにゅうしません	4
とうにゅうしました	4
とうにゅうしませんでした	4
とうにゅうしましょう	4
とうにゅうしない	4
とうにゅうしなかった	4
とうにゅうした	4
とうにゅうして	4
とうにゅうしている	4
とうにゅうしています	4
とうにゅうしていた	4
とうにゅうしていました	4
とうにゅうしてる	4
とうにゅうしてます	4
とうかんする	4
とうかんします	4
とうかんしません	4
とうかんしました	4
とうかんしませんでした	4
とうかんしましょう	4
とうかんしない	4
とうかんしなかった	4
とうかんした	4
とうかんして	4
とうかんしている	4
とうかんしています	4
とうかんしていた	4
とうかんしていました	4
とうかんしてる	4
とうかんしてます	4
とうしゃする	3
とうしゃします	3
とうしゃしません	3
とうしゃしました	3
とうしゃしませんでした	3
とうしゃしましょう	3
とうしゃしない	3
とうしゃしなかった	3
とうしゃした	3
とうしゃして	3
とうしゃしている	3
とうしゃしています	3
とうしゃしていた	3
とうしゃしていました	3
とうしゃしてる	3
とうしゃしてます	3
とうえいする	4
とうえいします	4
とうえいしません	4
とうえいしました	4
とうえいしませんでした	4
とうえいしましょう	4
とうえいしない	4
とうえいしなかった	4
とうえいした	4
とうえいして	4
とうえいしている	4
とうえいしています	4
とうえいしていた	4
とうえいしていました	4
とうえいしてる	4
とうえいしてます	4
とうしょする	3
とうしょします	3
とうしょしません	3
とうしょしました	3
とうしょしませんでした	3
とうしょしましょう	3
とうしょしない	3
とうしょしなかった	3
とうしょした	3
とうしょして	3
とうしょしている	3
とうしょしています	3
とうしょしていた	3
とうしょしていました	3
とうしょしてる	3
とうしょしてます	3
とうきする	1
とうきします	1
とうきしません	1
とうきしました	1
とうきしませんでした	1
とうきしましょう	1
とうきしない	1
とうきしなかった	1
とうきした	1
とうきして	1
とうきしている	1
とうきしています	1
とうきしていた	1
とうきしていました	1
とうきしてる	1
とうきしてます	1
とうきゅうする	4
とうきゅうします	4
とうきゅうしません	4
とうきゅうしました	4
とうきゅうしませんでした	4
とうきゅうしましょう	4
とうきゅうしない	4
とうきゅうしなかった	4
とうきゅうした	4
とうきゅうして	4
とうきゅうしている	4
とうきゅうしています	4
とうきゅうしていた	4
とうきゅうしていました	4
とうきゅうしてる	4
とうきゅうしてます	4
とうせきする	4
とうせきします	4
とうせきしません	4
とうせきしました	4
とうせきしませんでした	4
とうせきしましょう	4
とうせきしない	4
とうせきしなかった	4
とうせきした	4
とうせきして	4
とうせきしている	4
とうせきしています	4
とうせきしていた	4
とうせきしていました	4
とうせきしてる	4
とうせきしてます	4
とうひょうする	4
とうひょうします	4
とうひょうしません	4
とうひょうしました	4
とうひょうしませんでした	4
とうひょうしましょう	4
とうひょうしない	4
とうひょうしなかった	4
とうひょうした	4
とうひょうして	4
とうひょうしている	4
とうひょうしています	4
とうひょうしていた	4
とうひょうしていました	4
とうひょうしてる	4
とうひょうしてます	4
とうこうする	4
とうこうします	4
とうこうしません	4
とうこうしました	4
とうこうしませんでした	4
とうこうしましょう	4
とうこうしない	4
とうこうしなかった	4
とうこうした	4
とうこうして	4
とうこうしている	4
とうこうしています	4
とうこうしていた	4
とうこうしていました	4
とうこうしてる	4
とうこうしてます	4
とうやくする	4
とうやくします	4
とうやくしません	4
とうやくしました	4
とうやくしませんでした	4
とうやくしましょう	4
とうやくしない	4
とうやくしなかった	4
とうやくした	4
とうやくして	4
とうやくしている	4
とうやくしています	4
とうやくしていた	4
とうやくしていました	4
とうやくしてる	4
とうやくしてます	4
とうしする	3
とうしします	3
とうししません	3
とうししました	3
とうししませんでした	3
とうししましょう	3
とうししない	3
とうししなかった	3
とうしした	3
とうしして	3
とうししている	3
とうししています	3
とうししていた	3
とうししていました	3
とうししてる	3
とうししてます	3
こうそうする	4
こうそうします	4
こうそうしません	4
こうそうしました	4
こうそうしませんでした	4
こうそうしましょう	4
こうそうしない	4
こうそうしなかった	4
こうそうした	4
こうそうして	4
こうそうしている	4
こうそうしています	4
こうそうしていた	4
こうそうしていました	4
こうそうしてる	4
こうそうしてます	4
こうぎする	1
こうぎします	1
こうぎしません	1
こうぎしました	1
こうぎしませんでした	1
こうぎしましょう	1
こうぎしない	1
こうぎしなかった	1
こうぎした	1
こうぎして	1
こうぎしている	1
こうぎしています	1
こうぎしていた	1
こうぎしていました	1
こうぎしてる	1
こうぎしてます	1
せっぱんする	1
せっぱんします	1
せっぱんしません	1
せっぱんしました	1
せっぱんしませんでした	1
せっぱんしましょう	1
せっぱんしない	1
せっぱんしなかった	1
せっぱんした	1
せっぱんして	1
せっぱんしている	1
せっぱんしています	1
せっぱんしていた	1
せっぱんしていました	1
せっぱんしてる	1
せっぱんしてます	1
せっしょうする	4
せっしょうします	4
せっしょうしません	4
せっしょうしました	4
せっしょうしませんでした	4
せっしょうしましょう	4
せっしょうしない	4
せっしょうしなかった	4
せっしょうした	4
せっしょうして	4
せっしょうしている	4
せっしょうしています	4
せっしょうしていた	4
せっしょうしていました	4
せっしょうしてる	4
せっしょうしてます	4
せっちゅうする	4
せっちゅうします	4
せっちゅうしません	4
せっちゅうしました	4
せっちゅうしませんでした	4
せっちゅうしましょう	4
せっちゅうしない	4
せっちゅうしなかった	4
せっちゅうした	4
せっちゅうして	4
せっちゅうしている	4
せっちゅうしています	4
せっちゅうしていた	4
せっちゅうしていました	4
せっちゅうしてる	4
せっちゅうしてます	4
ばっすいする	4
ばっすいします	4
ばっすいしません	4
ばっすいしました	4
ばっすいしませんでした	4
ばっすいしましょう	4
ばっすいしない	4
ばっすいしなかった	4
ばっすいした	4
ばっすいして	4
ばっすいしている	4
ばっすいしています	4
ばっすいしていた	4
ばっすいしていました	4
ばっすいしてる	4
ばっすいしてます	4
ひろうする	1
ひろうします	1
ひろうしません	1
ひろうしました	1
ひろうしませんでした	1
ひろうしましょう	1
ひろうしない	1
ひろうしなかった	1
ひろうした	1
ひろうして	1
ひろうしている	1
ひろうしています	1
ひろうしていた	1
ひろうしていました	1
ひろうしてる	1
ひろうしてます	1
だっこする	1
だっこします	1
だっこしません	1
だっこしました	1
だっこしませんでした	1
だっこしましょう	1
だっこしない	1
だっこしなかった	1
だっこした	1
だっこして	1
だっこしている	1
だっこしています	1
だっこしていた	1
だっこしていました	1
だっこしてる	1
だっこしてます	1
ていこうする	4
ていこうします	4
ていこうしません	4
ていこうしました	4
ていこうしませんでした	4
ていこうしましょう	4
ていこうしない	4
ていこうしなかった	4
ていこうした	4
ていこうして	4
ていこうしている	4
ていこうしています	4
ていこうしていた	4
ていこうしていました	4
ていこうしてる	4
ていこうしてます	4
ていしょくする	4
ていしょくします	4
ていしょくしません	4
ていしょくしました	4
ていしょくしませんでした	4
ていしょくしましょう	4
ていしょくしない	4
ていしょくしなかった	4
ていしょくした	4
ていしょくして	4
ていしょくしている	4
ていしょくしています	4
ていしょくしていた	4
ていしょくしていました	4
ていしょくしてる	4
ていしょくしてます	4
まっしょうする	4
まっしょうします	4
まっしょうしません	4
まっしょうしました	4
まっしょうしませんでした	4
まっしょうしましょう	4
まっしょうしない	4
まっしょうしなかった	4
まっしょうした	4
まっしょうして	4
まっしょうしている	4
まっしょうしています	4
まっしょうしていた	4
まっしょうしていました	4
まっしょうしてる	4
まっしょうしてます	4
おしもんどうする	3
おしもんどうします	3
おしもんどうしません	3
おしもんどうしました	3
おしもんどうしませんでした	3
おしもんどうしましょう	3
おしもんどうしない	3
おしもんどうしなかった	3
おしもんどうした	3
おしもんどうして	3
おしもんどうしている	3
おしもんどうしています	3
おしもんどうしていた	3
おしもんどうしていました	3
おしもんどうしてる	3
おしもんどうしてます	3
おしうりする	4
おしうりします	4
おしうりしません	4
おしうりしました	4
おしうりしませんでした	4
おしうりしましょう	4
おしうりしない	4
おしうりしなかった	4
おしうりした	4
おしうりして	4
おしうりしている	4
おしうりしています	4
おしうりしていた	4
おしうりしていました	4
おしうりしてる	4
おしうりしてます	4
ちゅうしゅつする	4
ちゅうしゅつします	4
ちゅうしゅつしません	4
ちゅうしゅつしました	4
ちゅうしゅつしませんでした	4
ちゅうしゅつしましょう	4
ちゅうしゅつしない	4
ちゅうしゅつしなかった	4
ちゅうしゅつした	4
ちゅうしゅつして	4
ちゅうしゅつしている	4
ちゅうしゅつしています	4
ちゅうしゅつしていた	4
ちゅうしゅつしていました	4
ちゅうしゅつしてる	4
ちゅうしゅつしてます	4
ちゅうせんする	4
ちゅうせんします	4
ちゅうせんしません	4
ちゅうせんしました	4
ちゅうせんしませんでした	4
ちゅうせんしましょう	4
ちゅうせんしない	4
ちゅうせんしなかった	4
ちゅうせんした	4
ちゅうせんして	4
ちゅうせんしている	4
ちゅうせんしています	4
ちゅうせんしていた	4
ちゅうせんしていました	4
ちゅうせんしてる	4
ちゅうせんしてます	4
たんにんする	4
たんにんします	4
たんにんしません	4
たんにんしました	4
たんにんしませんでした	4
たんにんしましょう	4
たんにんしない	4
たんにんしなかった	4
たんにんした	4
たんにんして	4
たんにんしている	4
たんにんしています	4
たんにんしていた	4
たんにんしていました	4
たんにんしてる	4
たんにんしてます	4
たんぽする	1
たんぽします	1
たんぽしません	1
たんぽしました	1
たんぽしませんでした	1
たんぽしましょう	1
たんぽしない	1
たんぽしなかった	1
たんぽした	1
たんぽして	1
たんぽしている	1
たんぽしています	1
たんぽしていた	1
たんぽしていました	1
たんぽしてる	1
たんぽしてます	1
たんとうする	4
たんとうします	4
たんとうしません	4
たんとうしました	4
たんとうしませんでした	4
たんとうしましょう	4
たんとうしない	4
たんとうしなかった	4
たんとうした	4
たんとうして	4
たんとうしている	4
たんとうしています	4
たんとうしていた	4
たんとうしていました	4
たんとうしてる	4
たんとうしてます	4
らちする	1
らちします	1
らちしません	1
らちしました	1
らちしませんでした	1
らちしましょう	1
らちしない	1
らちしなかった	1
らちした	1
らちして	1
らちしている	1
らちしています	1
らちしていた	1
らちしていました	1
らちしてる	1
らちしてます	1
はくしゅする	1
はくしゅします	1
はくしゅしません	1
はくしゅしました	1
はくしゅしませんでした	1
はくしゅしましょう	1
はくしゅしない	1
はくしゅしなかった	1
はくしゅした	1
はくしゅして	1
はくしゅしている	1
はくしゅしています	1
はくしゅしていた	1
はくしゅしていました	1
はくしゅしてる	1
はくしゅしてます	1
きょひする	1
きょひします	1
きょひしません	1
きょひしました	1
きょひしませんでした	1
きょひしましょう	1
きょひしない	1
きょひしなかった	1
きょひした	1
きょひして	1
きょひしている	1
きょひしています	1
きょひしていた	1
きょひしていました	1
きょひしてる	1
きょひしてます	1
きょぜつする	3
きょぜつします	3
きょぜつしません	3
きょぜつしました	3
きょぜつしませんでした	3
きょぜつしましょう	3
きょぜつしない	3
きょぜつしなかった	3
きょぜつした	3
きょぜつして	3
きょぜつしている	3
きょぜつしています	3
きょぜつしていた	3
きょぜつしていました	3
きょぜつしてる	3
きょぜつしてます	3
こうそくする	4
こうそくします	4
こうそくしません	4
こうそくしました	4
こうそくしませんでした	4
こうそくしましょう	4
こうそくしない	4
こうそくしなかった	4
こうそくした	4
こうそくして	4
こうそくしている	4
こうそくしています	4
こうそくしていた	4
こうそくしていました	4
こうそくしてる	4
こうそくしてます	4
こうきんする	4
こうきんします	4
こうきんしません	4
こうきんしました	4
こうきんしませんでした	4
こうきんしましょう	4
こうきんしない	4
こうきんしなかった	4
こうきんした	4
こうきんして	4
こうきんしている	4
こうきんしています	4
こうきんしていた	4
こうきんしていました	4
こうきんしてる	4
こうきんしてます	4
こうちする	1
こうちします	1
こうちしません	1
こうちしました	1
こうちしませんでした	1
こうちしましょう	1
こうちしない	1
こうちしなかった	1
こうちした	1
こうちして	1
こうちしている	1
こうちしています	1
こうちしていた	1
こうちしていました	1
こうちしてる	1
こうちしてます	1
しょうたいする	1
しょうたいします	1
しょうたいしません	1
しょうたいしました	1
しょうたいしませんでした	1
しょうたいしましょう	1
しょうたいしない	1
しょうたいしなかった	1
しょうたいした	1
しょうたいして	1
しょうたいしている	1
しょうたいしています	1
しょうたいしていた	1
しょうたいしていました	1
しょうたいしてる	1
しょうたいしてます	1
しょうせいする	4
しょうせいします	4
しょうせいしません	4
しょうせいしました	4
しょうせいしませんでした	4
しょうせいしましょう	4
しょうせいしない	4
しょうせいしなかった	4
しょうせいした	4
しょうせいして	4
しょうせいしている	4
しょうせいしています	4
しょうせいしていた	4
しょうせいしていました	4
しょうせいしてる	4
しょうせいしてます	4
はいけんする	4
はいけんします	4
はいけんしません	4
はいけんしました	4
はいけんしませんでした	4
はいけんしましょう	4
はいけんしない	4
はいけんしなかった	4
はいけんした	4
はいけんして	4
はいけんしている	4
はいけんしています	4
はいけんしていた	4
はいけんしていました	4
はいけんしてる	4
はいけんしてます	4
きょしゅつする	3
きょしゅつします	3
きょしゅつしません	3
きょしゅつしました	3
きょしゅつしませんでした	3
きょしゅつしましょう	3
きょしゅつしない	3
きょしゅつしなかった	3
きょしゅつした	3
きょしゅつして	3
きょしゅつしている	3
きょしゅつしています	3
きょしゅつしていた	3
きょしゅつしていました	3
きょしゅつしてる	3
きょしゅつしてます	3
かくじゅうする	4
かくじゅうします	4
かくじゅうしません	4
かくじゅうしました	4
かくじゅうしませんでした	4
かくじゅうしましょう	4
かくじゅうしない	4
かくじゅうしなかった	4
かくじゅうした	4
かくじゅうして	4
かくじゅうしている	4
かくじゅうしています	4
かくじゅうしていた	4
かくじゅうしていました	4
かくじゅうしてる	4
かくじゅうしてます	4
かくだいする	4
かくだいします	4
かくだいしません	4
かくだいしました	4
かくだいしませんでした	4
かくだいしましょう	4
かくだいしない	4
かくだいしなかった	4
かくだいした	4
かくだいして	4
かくだいしている	4
かくだいしています	4
かくだいしていた	4
かくだいしていました	4
かくだいしてる	4
かくだいしてます	4
かくちょうする	4
かくちょうします	4
かくちょうしません	4
かくちょうしました	4
かくちょうしませんでした	4
かくちょうしましょう	4
かくちょうしない	4
かくちょうしなかった	4
かくちょうした	4
かくちょうして	4
かくちょうしている	4
かくちょうしています	4
かくちょうしていた	4
かくちょうしていました	4
かくちょうしてる	4
かくちょうしてます	4
かくさんする	4
かくさんします	4
かくさんしません	4
かくさんしました	4
かくさんしませんでした	4
かくさんしましょう	4
かくさんしない	4
かくさんしなかった	4
かくさんした	4
かくさんして	4
かくさんしている	4
かくさんしています	4
かくさんしていた	4
かくさんしていました	4
かくさんしてる	4
かくさんしてます	4
かっこする	1
かっこします	1
かっこしません	1
かっこしました	1
かっこしませんでした	1
かっこしましょう	1
かっこしない	1
かっこしなかった	1
かっこした	1
かっこして	1
かっこしている	1
かっこしています	1
かっこしていた	1
かっこしていました	1
かっこしてる	1
かっこしてます	1
ごうもんする	4
ごうもんします	4
ごうもんしません	4
ごうもんしました	4
ごうもんしませんでした	4
ごうもんしましょう	4
ごうもんしない	4
ごうもんしなかった	4
ごうもんした	4
ごうもんして	4
ごうもんしている	4
ごうもんしています	4
ごうもんしていた	4
ごうもんしていました	4
ごうもんしてる	4
ごうもんしてます	4
しゅうとくする	4
しゅうとくします	4
しゅうとくしません	4
しゅうとくしました	4
しゅうとくしませんでした	4
しゅうとくしましょう	4
しゅうとくしない	4
しゅうとくしなかった	4
しゅうとくした	4
しゅうとくして	4
しゅうとくしている	4
しゅうとくしています	4
しゅうとくしていた	4
しゅうとくしていました	4
しゅうとくしてる	4
しゅうとくしてます	4
じきゅうする	3
じきゅうします	3
じきゅうしません	3
じきゅうしました	3
じきゅうしませんでした	3
じきゅうしましょう	3
じきゅうしない	3
じきゅうしなかった	3
じきゅうした	3
じきゅうして	3
じきゅうしている	3
じきゅうしています	3
じきゅうしていた	3
じきゅうしていました	3
じきゅうしてる	3
じきゅうしてます	3
じさんする	3
じさんします	3
じさんしません	3
じさんしました	3
じさんしませんでした	3
じさんしましょう	3
じさんしない	3
じさんしなかった	3
じさんした	3
じさんして	3
じさんしている	3
じさんしています	3
じさんしていた	3
じさんしていました	3
じさんしてる	3
じさんしてます	3
じぞくする	3
じぞくします	3
じぞくしません	3
じぞくしました	3
じぞくしませんでした	3
じぞくしましょう	3
じぞくしない	3
じぞくしなかった	3
じぞくした	3
じぞくして	3
じぞくしている	3
じぞくしています	3
じぞくしていた	3
じぞくしていました	3
じぞくしてる	3
じぞくしてます	3
ゆびきりする	3
ゆびきりします	3
ゆびきりしません	3
ゆびきりしました	3
ゆびきりしませんでした	3
ゆびきりしましょう	3
ゆびきりしない	3
ゆびきりしなかった	3
ゆびきりした	3
ゆびきりして	3
ゆびきりしている	3
ゆびきりしています	3
ゆびきりしていた	3
ゆびきりしていました	3
ゆびきりしてる	3
ゆびきりしてます	3
しめいする	3
しめいします	3
しめいしません	3
しめいしました	3
しめいしませんでした	3
しめいしましょう	3
しめいしない	3
しめいしなかった	3
しめいした	3
しめいして	3
しめいしている	3
しめいしています	3
しめいしていた	3
しめいしていました	3
しめいしてる	3
しめいしてます	3
しめいてはいする	4
しめいてはいします	4
しめいてはいしません	4
しめいてはいしました	4
しめいてはいしませんでした	4
しめいてはいしましょう	4
しめいてはいしない	4
しめいてはいしなかった	4
しめいてはいした	4
しめいてはいして	4
しめいてはいしている	4
しめいてはいしています	4
しめいてはいしていた	4
しめいてはいしていました	4
しめいてはいしてる	4
しめいてはいしてます	4
さしずする	1
さしずします	1
さしずしません	1
さしずしました	1
さしずしませんでした	1
さしずしましょう	1
さしずしない	1
さしずしなかった	1
さしずした	1
さしずして	1
さしずしている	1
さしずしています	1
さしずしていた	1
さしずしていました	1
さしずしてる	1
さしずしてます	1
していする	3
していします	3
していしません	3
していしました	3
していしませんでした	3
していしましょう	3
していしない	3
していしなかった	3
していした	3
していして	3
していしている	3
していしています	3
していしていた	3
していしていました	3
していしてる	3
していしてます	3
しきする	2
しきします	2
しきしません	2
しきしました	2
しきしませんでした	2
しきしましょう	2
しきしない	2
しきしなかった	2
しきした	2
しきして	2
しきしている	2
しきしています	2
しきしていた	2
しきしていました	2
しきしてる	2
しきしてます	2
してきする	3
してきします	3
してきしません	3
してきしました	3
してきしませんでした	3
してきしましょう	3
してきしない	3
してきしなかった	3
してきした	3
してきして	3
してきしている	3
してきしています	3
してきしていた	3
してきしていました	3
してきしてる	3
してきしてます	3
ちょうせんする	4
ちょうせんします	4
ちょうせんしません	4
ちょうせんしました	4
ちょうせんしませんでした	4
ちょうせんしましょう	4
ちょうせんしない	4
ちょうせんしなかった	4
ちょうせんした	4
ちょうせんして	4
ちょうせんしている	4
ちょうせんしています	4
ちょうせんしていた	4
ちょうせんしていました	4
ちょうせんしてる	4
ちょうせんしてます	4
ちょうはつする	4
ちょうはつします	4
ちょうはつしません	4
ちょうはつしました	4
ちょうはつしませんでした	4
ちょうはつしましょう	4
ちょうはつしない	4
ちょうはつしなかった	4
ちょうはつした	4
ちょうはつして	4
ちょうはつしている	4
ちょうはつしています	4
ちょうはつしていた	4
ちょうはつしていました	4
ちょうはつしてる	4
ちょうはつしてます	4
きょしきする	3
きょしきします	3
きょしきしません	3
きょしきしました	3
きょしきしませんでした	3
きょしきしましょう	3
きょしきしない	3
きょしきしなかった	3
きょしきした	3
きょしきして	3
きょしきしている	3
きょしきしています	3
きょしきしていた	3
きょしきしていました	3
きょしきしてる	3
きょしきしてます	3
はさみうちする	3
はさみうちします	3
はさみうちしません	3
はさみうちしました	3
はさみうちしませんでした	3
はさみうちしましょう	3
はさみうちしない	3
はさみうちしなかった	3
はさみうちした	3
はさみうちして	3
はさみうちしている	3
はさみうちしています	3
はさみうちしていた	3
はさみうちしていました	3
はさみうちしてる	3
はさみうちしてます	3
ざせつする	3
ざせつします	3
ざせつしません	3
ざせつしました	3
ざせつしませんでした	3
ざせつしましょう	3
ざせつしない	3
ざせつしなかった	3
ざせつした	3
ざせつして	3
ざせつしている	3
ざせつしています	3
ざせつしていた	3
ざせつしていました	3
ざせつしてる	3
ざせつしてます	3
ふりつけする	4
ふりつけします	4
ふりつけしません	4
ふりつけしました	4
ふりつけしませんでした	4
ふりつけしましょう	4
ふりつけしない	4
ふりつけしなかった	4
ふりつけした	4
ふりつけして	4
ふりつけしている	4
ふりつけしています	4
ふりつけしていた	4
ふりつけしていました	4
ふりつけしてる	4
ふりつけしてます	4
しんどうする	4
しんどうします	4
しんどうしません	4
しんどうしました	4
しんどうしませんでした	4
しんどうしましょう	4
しんどうしない	4
しんどうしなかった	4
しんどうした	4
しんどうして	4
しんどうしている	4
しんどうしています	4
しんどうしていた	4
しんどうしていました	4
しんどうしてる	4
しんどうしてます	4
そうにゅうする	4
そうにゅうします	4
そうにゅうしません	4
そうにゅうしました	4
そうにゅうしませんでした	4
そうにゅうしましょう	4
そうにゅうしない	4
そうにゅうしなかった	4
そうにゅうした	4
そうにゅうして	4
そうにゅうしている	4
そうにゅうしています	4
そうにゅうしていた	4
そうにゅうしていました	4
そうにゅうしてる	4
そうにゅうしてます	4
ねつぞうする	4
ねつぞうします	4
ねつぞうしません	4
ねつぞうしました	4
ねつぞうしませんでした	4
ねつぞうしましょう	4
ねつぞうしない	4
ねつぞうしなかった	4
ねつぞうした	4
ねつぞうして	4
ねつぞうしている	4
ねつぞうしています	4
ねつぞうしていた	4
ねつぞうしていました	4
ねつぞうしてる	4
ねつぞうしてます	4
ほかくする	3
ほかくします	3
ほかくしません	3
ほかくしました	3
ほかくしませんでした	3
ほかくしましょう	3
ほかくしない	3
ほかくしなかった	3
ほかくした	3
ほかくして	3
ほかくしている	3
ほかくしています	3
ほかくしていた	3
ほかくしていました	3
ほかくしてる	3
ほかくしてます	3
そうさする	1
そうさします	1
そうさしません	1
そうさしました	1
そうさしませんでした	1
そうさしましょう	1
そうさしない	1
そうさしなかった	1
そうさした	1
そうさして	1
そうさしている	1
そうさしています	1
そうさしていた	1
そうさしていました	1
そうさしてる	1
そうさしてます	1
ねんざする	3
ねんざします	3
ねんざしません	3
ねんざしました	3
ねんざしませんでした	3
ねんざしましょう	3
ねんざしない	3
ねんざしなかった	3
ねんざした	3
ねんざして	3
ねんざしている	3
ねんざしています	3
ねんざしていた	3
ねんざしていました	3
ねんざしてる	3
ねんざしてます	3
そうかいする	4
そうかいします	4
そうかいしません	4
そうかいしました	4
そうかいしませんでした	4
そうかいしましょう	4
そうかいしない	4
そうかいしなかった	4
そうかいした	4
そうかいして	4
そうかいしている	4
そうかいしています	4
そうかいしていた	4
そうかいしていました	4
そうかいしてる	4
そうかいしてます	4
そうとうする	4
そうとうします	4
そうとうしません	4
そうとうしました	4
そうとうしませんでした	4
そうとうしましょう	4
そうとうしない	4
そうとうしなかった	4
そうとうした	4
そうとうして	4
そうとうしている	4
そうとうしています	4
そうとうしていた	4
そうとうしていました	4
そうとうしてる	4
そうとうしてます	4
そうじする	3
そうじします	3
そうじしません	3
そうじしました	3
そうじしませんでした	3
そうじしましょう	3
そうじしない	3
そうじしなかった	3
そうじした	3
そうじして	3
そうじしている	3
そうじしています	3
そうじしていた	3
そうじしていました	3
そうじしてる	3
そうじしてます	3
じゅよする	1
じゅよします	1
じゅよしません	1
じゅよしました	1
じゅよしませんでした	1
じゅよしましょう	1
じゅよしない	1
じゅよしなかった	1
じゅよした	1
じゅよして	1
じゅよしている	1
じゅよしています	1
じゅよしていた	1
じゅよしていました	1
じゅよしてる	1
じゅよしてます	1
じゅじゅする	1
じゅじゅします	1
じゅじゅしません	1
じゅじゅしました	1
じゅじゅしませんでした	1
じゅじゅしましょう	1
じゅじゅしない	1
じゅじゅしなかった	1
じゅじゅした	1
じゅじゅして	1
じゅじゅしている	1
じゅじゅしています	1
じゅじゅしていた	1
じゅじゅしていました	1
じゅじゅしてる	1
じゅじゅしてます	1
じゅぎょうする	1
じゅぎょうします	1
じゅぎょうしません	1
じゅぎょうしました	1
じゅぎょうしませんでした	1
じゅぎょうしましょう	1
じゅぎょうしない	1
じゅぎょうしなかった	1
じゅぎょうした	1
じゅぎょうして	1
じゅぎょうしている	1
じゅぎょうしています	1
じゅぎょうしていた	1
じゅぎょうしていました	1
じゅぎょうしてる	1
じゅぎょうしてます	1
しょうあくする	4
しょうあくします	4
しょうあくしません	4
しょうあくしました	4
しょうあくしませんでした	4
しょうあくしましょう	4
しょうあくしない	4
しょうあくしなかった	4
しょうあくした	4
しょうあくして	4
しょうあくしている	4
しょうあくしています	4
しょうあくしていた	4
しょうあくしていました	4
しょうあくしてる	4
しょうあくしてます	4
はいしゅつする	4
はいしゅつします	4
はいしゅつしません	4
はいしゅつしました	4
はいしゅつしませんでした	4
はいしゅつしましょう	4
はいしゅつしない	4
はいしゅつしなかった	4
はいしゅつした	4
はいしゅつして	4
はいしゅつしている	4
はいしゅつしています	4
はいしゅつしていた	4
はいしゅつしていました	4
はいしゅつしてる	4
はいしゅつしてます	4
はいせきする	4
はいせきします	4
はいせきしません	4
はいせきしました	4
はいせきしませんでした	4
はいせきしましょう	4
はいせきしない	4
はいせきしなかった	4
はいせきした	4
はいせきして	4
はいせきしている	4
はいせきしています	4
はいせきしていた	4
はいせきしていました	4
はいせきしてる	4
はいせきしてます	4
はいすいする	4
はいすいします	4
はいすいしません	4
はいすいしました	4
はいすいしませんでした	4
はいすいしましょう	4
はいすいしない	4
はいすいしなかった	4
はいすいした	4
はいすいして	4
はいすいしている	4
はいすいしています	4
はいすいしていた	4
はいすいしていました	4
はいすいしてる	4
はいすいしてます	4
はいじょする	1
はいじょします	1
はいじょしません	1
はいじょしました	1
はいじょしませんでした	1
はいじょしましょう	1
はいじょしない	1
はいじょしなかった	1
はいじょした	1
はいじょして	1
はいじょしている	1
はいじょしています	1
はいじょしていた	1
はいじょしていました	1
はいじょしてる	1
はいじょしてます	1
くっさくする	4
くっさくします	4
くっさくしません	4
くっさくしました	4
くっさくしませんでした	4
くっさくしましょう	4
くっさくしない	4
くっさくしなかった	4
くっさくした	4
くっさくして	4
くっさくしている	4
くっさくしています	4
くっさくしていた	4
くっさくしていました	4
くっさくしてる	4
くっさくしてます	4
かけごえする	3
かけごえします	3
かけごえしません	3
かけごえしました	3
かけごえしませんでした	3
かけごえしましょう	3
かけごえしない	3
かけごえしなかった	3
かけごえした	3
かけごえして	3
かけごえしている	3
かけごえしています	3
かけごえしていた	3
かけごえしていました	3
かけごえしてる	3
かけごえしてます	3
さいしゅする	1
さいしゅします	1
さいしゅしません	1
さいしゅしました	1
さいしゅしませんでした	1
さいしゅしましょう	1
さいしゅしない	1
さいしゅしなかった	1
さいしゅした	1
さいしゅして	1
さいしゅしている	1
さいしゅしています	1
さいしゅしていた	1
さいしゅしていました	1
さいしゅしてる	1
さいしゅしてます	1
さいたくする	4
さいたくします	4
さいたくしません	4
さいたくしました	4
さいたくしませんでした	4
さいたくしましょう	4
さいたくしない	4
さいたくしなかった	4
さいたくした	4
さいたくして	4
さいたくしている	4
さいたくしています	4
さいたくしていた	4
さいたくしていました	4
さいたくしてる	4
さいたくしてます	4
さいくつする	4
さいくつします	4
さいくつしません	4
さいくつしました	4
さいくつしませんでした	4
さいくつしましょう	4
さいくつしない	4
さいくつしなかった	4
さいくつした	4
さいくつして	4
さいくつしている	4
さいくつしています	4
さいくつしていた	4
さいくつしていました	4
さいくつしてる	4
さいくつしてます	4
さいけつする	1
さいけつします	1
さいけつしません	1
さいけつしました	1
さいけつしませんでした	1
さいけつしましょう	1
さいけつしない	1
さいけつしなかった	1
さいけつした	1
さいけつして	1
さいけつしている	1
さいけつしています	1
さいけつしていた	1
さいけつしていました	1
さいけつしてる	1
さいけつしてます	1
さいてんする	4
さいてんします	4
さいてんしません	4
さいてんしました	4
さいてんしませんでした	4
さいてんしましょう	4
さいてんしない	4
さいてんしなかった	4
さいてんした	4
さいてんして	4
さいてんしている	4
さいてんしています	4
さいてんしていた	4
さいてんしていました	4
さいてんしてる	4
さいてんしてます	4
さいようする	4
さいようします	4
さいようしません	4
さいようしました	4
さいようしませんでした	4
さいようしましょう	4
さいようしない	4
さいようしなかった	4
さいようした	4
さいようして	4
さいようしている	4
さいようしています	4
さいようしていた	4
さいようしていました	4
さいようしてる	4
さいようしてます	4
さいしゅうする	4
さいしゅうします	4
さいしゅうしません	4
さいしゅうしました	4
さいしゅうしませんでした	4
さいしゅうしましょう	4
さいしゅうしない	4
さいしゅうしなかった	4
さいしゅうした	4
さいしゅうして	4
さいしゅうしている	4
さいしゅうしています	4
さいしゅうしていた	4
さいしゅうしていました	4
さいしゅうしてる	4
さいしゅうしてます	4
たんていする	4
たんていします	4
たんていしません	4
たんていしました	4
たんていしませんでした	4
たんていしましょう	4
たんていしない	4
たんていしなかった	4
たんていした	4
たんていして	4
たんていしている	4
たんていしています	4
たんていしていた	4
たんていしていました	4
たんていしてる	4
たんていしてます	4
たんさする	1
たんさします	1
たんさしません	1
たんさしました	1
たんさしませんでした	1
たんさしましょう	1
たんさしない	1
たんさしなかった	1
たんさした	1
たんさして	1
たんさしている	1
たんさしています	1
たんさしていた	1
たんさしていました	1
たんさしてる	1
たんさしてます	1
たんけんする	4
たんけんします	4
たんけんしません	4
たんけんしました	4
たんけんしませんでした	4
たんけんしましょう	4
たんけんしない	4
たんけんしなかった	4
たんけんした	4
たんけんして	4
たんけんしている	4
たんけんしています	4
たんけんしていた	4
たんけんしていました	4
たんけんしてる	4
たんけんしてます	4
たんきゅうする	4
たんきゅうします	4
たんきゅうしません	4
たんきゅうしました	4
たんきゅうしませんでした	4
たんきゅうしましょう	4
たんきゅうしない	4
たんきゅうしなかった	4
たんきゅうした	4
たんきゅうして	4
たんきゅうしている	4
たんきゅうしています	4
たんきゅうしていた	4
たんきゅうしていました	4
たんきゅうしてる	4
たんきゅうしてます	4
せっするする	0
せっするします	6
せっするしません	7
せっするしました	6
せっするしませんでした	7
せっするしましょう	7
せっするしない	0
せっするしなかった	9
せっするした	6
せっするして	0
せっするしている	6
せっするしています	6
せっするしていた	6
せっするしていました	6
せっするしてる	5
せっするしてます	7
せったいする	1
せったいします	1
せったいしません	1
せったいしました	1
せったいしませんでした	1
せったいしましょう	1
せったいしない	1
せったいしなかった	1
せったいした	1
せったいして	1
せったいしている	1
せったいしています	1
せったいしていた	1
せったいしていました	1
せったいしてる	1
せったいしてます	1
せっせんする	4
せっせんします	4
せっせんしません	4
せっせんしました	4
せっせんしませんでした	4
せっせんしましょう	4
せっせんしない	4
せっせんしなかった	4
せっせんした	4
せっせんして	4
せっせんしている	4
せっせんしています	4
せっせんしていた	4
せっせんしていました	4
せっせんしてる	4
せっせんしてます	4
せっちゃくする	4
せっちゃくします	4
せっちゃくしません	4
せっちゃくしました	4
せっちゃくしませんでした	4
せっちゃくしましょう	4
せっちゃくしない	4
せっちゃくしなかった	4
せっちゃくした	4
せっちゃくして	4
せっちゃくしている	4
せっちゃくしています	4
せっちゃくしていた	4
せっちゃくしていました	4
せっちゃくしてる	4
せっちゃくしてます	4
せっしゅする	1
せっしゅします	1
せっしゅしません	1
せっしゅしました	1
せっしゅしませんでした	1
せっしゅしましょう	1
せっしゅしない	1
せっしゅしなかった	1
せっしゅした	1
せっしゅして	1
せっしゅしている	1
せっしゅしています	1
せっしゅしていた	1
せっしゅしていました	1
せっしゅしてる	1
せっしゅしてます	1
せつぞくする	4
せつぞくします	4
せつぞくしません	4
せつぞくしました	4
せつぞくしませんでした	4
せつぞくしましょう	4
せつぞくしない	4
せつぞくしなかった	4
せつぞくした	4
せつぞくして	4
せつぞくしている	4
せつぞくしています	4
せつぞくしていた	4
せつぞくしていました	4
せつぞくしてる	4
せつぞくしてます	4
せっしょくする	4
せっしょくします	4
せっしょくしません	4
せっしょくしました	4
せっしょくしませんでした	4
せっしょくしましょう	4
せっしょくしない	4
せっしょくしなかった	4
せっしょくした	4
せっしょくして	4
せっしょくしている	4
せっしょくしています	4
せっしょくしていた	4
せっしょくしていました	4
せっしょくしてる	4
せっしょくしてます	4
せっきんする	4
せっきんします	4
せっきんしません	4
せっきんしました	4
せっきんしませんでした	4
せっきんしましょう	4
せっきんしない	4
せっきんしなかった	4
せっきんした	4
せっきんして	4
せっきんしている	4
せっきんしています	4
せっきんしていた	4
せっきんしていました	4
せっきんしてる	4
せっきんしてます	4
こうじょする	1
こうじょします	1
こうじょしません	1
こうじょしました	1
こうじょしませんでした	1
こうじょしましょう	1
こうじょしない	1
こうじょしなかった	1
こうじょした	1
こうじょして	1
こうじょしている	1
こうじょしています	1
こうじょしていた	1
こうじょしていました	1
こうじょしてる	1
こうじょしてます	1
すいしょうする	4
すいしょうします	4
すいしょうしません	4
すいしょうしました	4
すいしょうしませんでした	4
すいしょうしましょう	4
すいしょうしない	4
すいしょうしなかった	4
すいしょうした	4
すいしょうして	4
すいしょうしている	4
すいしょうしています	4
すいしょうしていた	4
すいしょうしていました	4
すいしょうしてる	4
すいしょうしてます	4
すいていする	4
すいていします	4
すいていしません	4
すいていしました	4
すいていしませんでした	4
すいていしましょう	4
すいていしない	4
すいていしなかった	4
すいていした	4
すいていして	4
すいていしている	4
すいていしています	4
すいていしていた	4
すいていしていました	4
すいていしてる	4
すいていしてます	4
すいこうする	4
すいこうします	4
すいこうしません	4
すいこうしました	4
すいこうしませんでした	4
すいこうしましょう	4
すいこうしない	4
すいこうしなかった	4
すいこうした	4
すいこうして	4
すいこうしている	4
すいこうしています	4
すいこうしていた	4
すいこうしていました	4
すいこうしてる	4
すいこうしてます	4
すいそくする	4
すいそくします	4
すいそくしません	4
すいそくしました	4
すいそくしませんでした	4
すいそくしましょう	4
すいそくしない	4
すいそくしなかった	4
すいそくした	4
すいそくして	4
すいそくしている	4
すいそくしています	4
すいそくしていた	4
すいそくしていました	4
すいそくしてる	4
すいそくしてます	4
すいりする	1
すいりします	1
すいりしません	1
すいりしました	1
すいりしませんでした	1
すいりしましょう	1
すいりしない	1
すいりしなかった	1
すいりした	1
すいりして	1
すいりしている	1
すいりしています	1
すいりしていた	1
すいりしていました	1
すいりしてる	1
すいりしてます	1
すいいする	1
すいいします	1
すいいしません	1
すいいしました	1
すいいしませんでした	1
すいいしましょう	1
すいいしない	1
すいいしなかった	1
すいいした	1
すいいして	1
すいいしている	1
すいいしています	1
すいいしていた	1
すいいしていました	1
すいいしてる	1
すいいしてます	1
すいせんする	4
すいせんします	4
すいせんしません	4
すいせんしました	4
すいせんしませんでした	4
すいせんしましょう	4
すいせんしない	4
すいせんしなかった	4
すいせんした	4
すいせんして	4
すいせんしている	4
すいせんしています	4
すいせんしていた	4
すいせんしていました	4
すいせんしてる	4
すいせんしてます	4
すいけいする	4
すいけいします	4
すいけいしません	4
すいけいしました	4
すいけいしませんでした	4
すいけいしましょう	4
すいけいしない	4
すいけいしなかった	4
すいけいした	4
すいけいして	4
すいけいしている	4
すいけいしています	4
すいけいしていた	4
すいけいしていました	4
すいけいしてる	4
すいけいしてます	4
すいしんする	4
すいしんします	4
すいしんしません	4
すいしんしました	4
すいしんしませんでした	4
すいしんしましょう	4
すいしんしない	4
すいしんしなかった	4
すいしんした	4
すいしんして	4
すいしんしている	4
すいしんしています	4
すいしんしていた	4
すいしんしていました	4
すいしんしてる	4
すいしんしてます	4
すいりょうする	4
すいりょうします	4
すいりょうしません	4
すいりょうしました	4
すいりょうしませんでした	4
すいりょうしましょう	4
すいりょうしない	4
すいりょうしなかった	4
すいりょうした	4
すいりょうして	4
すいりょうしている	4
すいりょうしています	4
すいりょうしていた	4
すいりょうしていました	4
すいりょうしてる	4
すいりょうしてます	4
そちする	1
そちします	1
そちしません	1
そちしました	1
そちしませんでした	1
そちしましょう	1
そちしない	1
そちしなかった	1
そちした	1
そちして	1
そちしている	1
そちしています	1
そちしていた	1
そちしていました	1
そちしてる	1
そちしてます	1
けいようする	4
けいようします	4
けいようしません	4
けいようしました	4
けいようしませんでした	4
けいようしましょう	4
けいようしない	4
けいようしなかった	4
けいようした	4
けいようして	4
けいようしている	4
けいようしています	4
けいようしていた	4
けいようしていました	4
けいようしてる	4
けいようしてます	4
けいじする	3
けいじします	3
けいじしません	3
けいじしました	3
けいじしませんでした	3
けいじしましょう	3
けいじしない	3
けいじしなかった	3
けいじした	3
けいじして	3
けいじしている	3
けいじしています	3
けいじしていた	3
けいじしていました	3
けいじしてる	3
けいじしてます	3
けいさいする	4
けいさいします	4
けいさいしません	4
けいさいしました	4
けいさいしませんでした	4
けいさいしましょう	4
けいさいしない	4
けいさいしなかった	4
けいさいした	4
けいさいして	4
けいさいしている	4
けいさいしています	4
けいさいしていた	4
けいさいしていました	4
けいさいしてる	4
けいさいしてます	4
びょうしゃする	3
びょうしゃします	3
びょうしゃしません	3
びょうしゃしました	3
びょうしゃしませんでした	3
びょうしゃしましょう	3
びょうしゃしない	3
びょうしゃしなかった	3
びょうしゃした	3
びょうしゃして	3
びょうしゃしている	3
びょうしゃしています	3
びょうしゃしていた	3
びょうしゃしていました	3
びょうしゃしてる	3
びょうしゃしてます	3
ていきょうする	4
ていきょうします	4
ていきょうしません	4
ていきょうしました	4
ていきょうしませんでした	4
ていきょうしましょう	4
ていきょうしない	4
ていきょうしなかった	4
ていきょうした	4
ていきょうして	4
ていきょうしている	4
ていきょうしています	4
ていきょうしていた	4
ていきょうしていました	4
ていきょうしてる	4
ていきょうしてます	4
ていしゅつする	4
ていしゅつします	4
ていしゅつしません	4
ていしゅつしました	4
ていしゅつしませんでした	4
ていしゅつしましょう	4
ていしゅつしない	4
ていしゅつしなかった	4
ていしゅつした	4
ていしゅつして	4
ていしゅつしている	4
ていしゅつしています	4
ていしゅつしていた	4
ていしゅつしていました	4
ていしゅつしてる	4
ていしゅつしてます	4
ていしょうする	4
ていしょうします	4
ていしょうしません	4
ていしょうしました	4
ていしょうしませんでした	4
ていしょうしましょう	4
ていしょうしない	4
ていしょうしなかった	4
ていしょうした	4
ていしょうして	4
ていしょうしている	4
ていしょうしています	4
ていしょうしていた	4
ていしょうしていました	4
ていしょうしてる	4
ていしょうしてます	4
ていけいする	4
ていけいします	4
ていけいしません	4
ていけいしました	4
ていけいしませんでした	4
ていけいしましょう	4
ていけいしない	4
ていけいしなかった	4
ていけいした	4
ていけいして	4
ていけいしている	4
ていけいしています	4
ていけいしていた	4
ていけいしていました	4
ていけいしてる	4
ていけいしてます	4
ていあんする	4
ていあんします	4
ていあんしません	4
ていあんしました	4
ていあんしませんでした	4
ていあんしましょう	4
ていあんしない	4
ていあんしなかった	4
ていあんした	4
ていあんして	4
ていあんしている	4
ていあんしています	4
ていあんしていた	4
ていあんしていました	4
ていあんしてる	4
ていあんしてます	4
ていじする	3
ていじします	3
ていじしません	3
ていじしました	3
ていじしませんでした	3
ていじしましょう	3
ていじしない	3
ていじしなかった	3
ていじした	3
ていじして	3
ていじしている	3
ていじしています	3
ていじしていた	3
ていじしていました	3
ていじしてる	3
ていじしてます	3
ていそする	1
ていそします	1
ていそしません	1
ていそしました	1
ていそしませんでした	1
ていそしましょう	1
ていそしない	1
ていそしなかった	1
ていそした	1
ていそして	1
ていそしている	1
ていそしています	1
ていそしていた	1
ていそしていました	1
ていそしてる	1
ていそしてます	1
ていきする	1
ていきします	1
ていきしません	1
ていきしました	1
ていきしませんでした	1
ていきしましょう	1
ていきしない	1
ていきしなかった	1
ていきした	1
ていきして	1
ていきしている	1
ていきしています	1
ていきしていた	1
ていきしていました	1
ていきしてる	1
ていきしてます	1
かんさんする	4
かんさんします	4
かんさんしません	4
かんさんしました	4
かんさんしませんでした	4
かんさんしましょう	4
かんさんしない	4
かんさんしなかった	4
かんさんした	4
かんさんして	4
かんさんしている	4
かんさんしています	4
かんさんしていた	4
かんさんしていました	4
かんさんしてる	4
かんさんしてます	4
かんきんする	4
かんきんします	4
かんきんしません	4
かんきんしました	4
かんきんしませんでした	4
かんきんしましょう	4
かんきんしない	4
かんきんしなかった	4
かんきんした	4
かんきんして	4
かんきんしている	4
かんきんしています	4
かんきんしていた	4
かんきんしていました	4
かんきんしてる	4
かんきんしてます	4
あくしゅする	1
あくしゅします	1
あくしゅしません	1
あくしゅしました	1
あくしゅしませんでした	1
あくしゅしましょう	1
あくしゅしない	1
あくしゅしなかった	1
あくしゅした	1
あくしゅして	1
あくしゅしている	1
あくしゅしています	1
あくしゅしていた	1
あくしゅしていました	1
あくしゅしてる	1
あくしゅしてます	1
えんじょする	1
えんじょします	1
えんじょしません	1
えんじょしました	1
えんじょしませんでした	1
えんじょしましょう	1
えんじょしない	1
えんじょしなかった	1
えんじょした	1
えんじょして	1
えんじょしている	1
えんじょしています	1
えんじょしていた	1
えんじょしていました	1
えんじょしてる	1
えんじょしてます	1
えんじょこうさいする	4
えんじょこうさいします	4
えんじょこうさいしません	4
えんじょこうさいしました	4
えんじょこうさいしませんでした	4
えんじょこうさいしましょう	4
えんじょこうさいしない	4
えんじょこうさいしなかった	4
えんじょこうさいした	4
えんじょこうさいして	4
えんじょこうさいしている	4
えんじょこうさいしています	4
えんじょこうさいしていた	4
えんじょこうさいしていました	4
えんじょこうさいしてる	4
えんじょこうさいしてます	4
えんごする	1
えんごします	1
えんごしません	1
えんごしました	1
えんごしませんでした	1
えんごしましょう	1
えんごしない	1
えんごしなかった	1
えんごした	1
えんごして	1
えんごしている	1
えんごしています	1
えんごしていた	1
えんごしていました	1
えんごしてる	1
えんごしてます	1
ゆらゆらする	0
ゆらゆらします	6
ゆらゆらしません	7
ゆらゆらしました	6
ゆらゆらしませんでした	7
ゆらゆらしましょう	7
ゆらゆらしない	0
ゆらゆらしなかった	9
ゆらゆらした	6
ゆらゆらして	0
ゆらゆらしている	6
ゆらゆらしています	6
ゆらゆらしていた	6
ゆらゆらしていました	6
ゆらゆらしてる	6
ゆらゆらしてます	7
そんする	1
そんします	1
そんしません	1
そんしました	1
そんしませんでした	1
そんしましょう	1
そんしない	1
そんしなかった	3
そんした	1
そんして	1
そんしている	1
そんしています	1
そんしていた	1
そんしていました	1
そんしてる	1
そんしてます	1
そんしょうする	4
そんしょうします	4
そんしょうしません	4
そんしょうしました	4
そんしょうしませんでした	4
そんしょうしましょう	4
そんしょうしない	4
そんしょうしなかった	4
そんしょうした	4
そんしょうして	4
そんしょうしている	4
そんしょうしています	4
そんしょうしていた	4
そんしょうしていました	4
そんしょうしてる	4
そんしょうしてます	4
そんかいする	4
そんかいします	4
そんかいしません	4
そんかいしました	4
そんかいしませんでした	4
そんかいしましょう	4
そんかいしない	4
そんかいしなかった	4
そんかいした	4
そんかいして	4
そんかいしている	4
そんかいしています	4
そんかいしていた	4
そんかいしていました	4
そんかいしてる	4
そんかいしてます	4
そんがいする	4
そんがいします	4
そんがいしません	4
そんがいしました	4
そんがいしませんでした	4
そんがいしましょう	4
そんがいしない	4
そんがいしなかった	4
そんがいした	4
そんがいして	4
そんがいしている	4
そんがいしています	4
そんがいしていた	4
そんがいしていました	4
そんがいしてる	4
そんがいしてます	4
はんにゅうする	4
はんにゅうします	4
はんにゅうしません	4
はんにゅうしました	4
はんにゅうしませんでした	4
はんにゅうしましょう	4
はんにゅうしない	4
はんにゅうしなかった	4
はんにゅうした	4
はんにゅうして	4
はんにゅうしている	4
はんにゅうしています	4
はんにゅうしていた	4
はんにゅうしていました	4
はんにゅうしてる	4
はんにゅうしてます	4
はんそうする	4
はんそうします	4
はんそうしません	4
はんそうしました	4
はんそうしませんでした	4
はんそうしましょう	4
はんそうしない	4
はんそうしなかった	4
はんそうした	4
はんそうして	4
はんそうしている	4
はんそうしています	4
はんそうしていた	4
はんそうしていました	4
はんそうしてる	4
はんそうしてます	4
とうじょうする	4
とうじょうします	4
とうじょうしません	4
とうじょうしました	4
とうじょうしませんでした	4
とうじょうしましょう	4
とうじょうしない	4
とうじょうしなかった	4
とうじょうした	4
とうじょうして	4
とうじょうしている	4
とうじょうしています	4
とうじょうしていた	4
とうじょうしていました	4
とうじょうしてる	4
とうじょうしてます	4
とうさいする	4
とうさいします	4
とうさいしません	4
とうさいしました	4
とうさいしませんでした	4
とうさいしましょう	4
とうさいしない	4
とうさいしなかった	4
とうさいした	4
とうさいして	4
とうさいしている	4
とうさいしています	4
とうさいしていた	4
とうさいしていました	4
とうさいしてる	4
とうさいしてます	4
けいたいする	4
けいたいします	4
けいたいしません	4
けいたいしました	4
けいたいしませんでした	4
けいたいしましょう	4
けいたいしない	4
けいたいしなかった	4
けいたいした	4
けいたいして	4
けいたいしている	4
けいたいしています	4
けいたいしていた	4
けいたいしていました	4
けいたいしてる	4
けいたいしてます	4
さくしゅする	1
さくしゅします	1
さくしゅしません	1
さくしゅしました	1
さくしゅしませんでした	1
さくしゅしましょう	1
さくしゅしない	1
さくしゅしなかった	1
さくしゅした	1
さくしゅして	1
さくしゅしている	1
さくしゅしています	1
さくしゅしていた	1
さくしゅしていました	1
さくしゅしてる	1
さくしゅしてます	1
てきしゅつする	4
てきしゅつします	4
てきしゅつしません	4
てきしゅつしました	4
てきしゅつしませんでした	4
てきしゅつしましょう	4
てきしゅつしない	4
てきしゅつしなかった	4
てきしゅつした	4
てきしゅつして	4
てきしゅつしている	4
てきしゅつしています	4
てきしゅつしていた	4
てきしゅつしていました	4
てきしゅつしてる	4
てきしゅつしてます	4
てきはつする	4
てきはつします	4
てきはつしません	4
てきはつしました	4
てきはつしませんでした	4
てきはつしましょう	4
てきはつしない	4
てきはつしなかった	4
てきはつした	4
てきはつして	4
てきはつしている	4
てきはつしています	4
てきはつしていた	4
てきはつしていました	4
てきはつしてる	4
てきはつしてます	4
まさつする	3
まさつします	3
まさつしません	3
まさつしました	3
まさつしませんでした	3
まさつしましょう	3
まさつしない	3
まさつしなかった	3
まさつした	3
まさつして	3
まさつしている	3
まさつしています	3
まさつしていた	3
まさつしていました	3
まさつしてる	3
まさつしてます	3
げきついする	4
げきついします	4
げきついしません	4
げきついしました	4
げきついしませんでした	4
げきついしましょう	4
げきついしない	4
げきついしなかった	4
げきついした	4
げきついして	4
げきついしている	4
げきついしています	4
げきついしていた	4
げきついしていました	4
げきついしてる	4
げきついしてます	4
てっきょする	1
てっきょします	1
てっきょしません	1
てっきょしました	1
てっきょしませんでした	1
てっきょしましょう	1
てっきょしない	1
てっきょしなかった	1
てっきょした	1
てっきょして	1
てっきょしている	1
てっきょしています	1
てっきょしていた	1
てっきょしていました	1
てっきょしてる	1
てっきょしてます	1
てっしゅうする	4
てっしゅうします	4
てっしゅうしません	4
てっしゅうしました	4
てっしゅうしませんでした	4
てっしゅうしましょう	4
てっしゅうしない	4
てっしゅうしなかった	4
てっしゅうした	4
てっしゅうして	4
てっしゅうしている	4
てっしゅうしています	4
てっしゅうしていた	4
てっしゅうしていました	4
てっしゅうしてる	4
てっしゅうしてます	4
てっかいする	4
てっかいします	4
てっかいしません	4
てっかいしました	4
てっかいしませんでした	4
てっかいしましょう	4
てっかいしない	4
てっかいしなかった	4
てっかいした	4
てっかいして	4
てっかいしている	4
てっかいしています	4
てっかいしていた	4
てっかいしていました	4
てっかいしてる	4
てっかいしてます	4
てっぱいする	4
てっぱいします	4
てっぱいしません	4
てっぱいしました	4
てっぱいしませんでした	4
てっぱいしましょう	4
てっぱいしない	4
てっぱいしなかった	4
てっぱいした	4
てっぱいして	4
てっぱいしている	4
てっぱいしています	4
てっぱいしていた	4
てっぱいしていました	4
てっぱいしてる	4
てっぱいしてます	4
てったいする	4
てったいします	4
てったいしません	4
てったいしました	4
てったいしませんでした	4
てったいしましょう	4
てったいしない	4
てったいしなかった	4
てったいした	4
てったいして	4
てったいしている	4
てったいしています	4
てったいしていた	4
てったいしていました	4
てったいしてる	4
てったいしてます	4
さつえいする	4
さつえいします	4
さつえいしません	4
さつえいしました	4
さつえいしませんでした	4
さつえいしましょう	4
さつえいしない	4
さつえいしなかった	4
さつえいした	4
さつえいして	4
さつえいしている	4
さつえいしています	4
さつえいしていた	4
さつえいしていました	4
さつえいしてる	4
さつえいしてます	4
ぼくめつする	4
ぼくめつします	4
ぼくめつしません	4
ぼくめつしました	4
ぼくめつしませんでした	4
ぼくめつしましょう	4
ぼくめつしない	4
ぼくめつしなかった	4
ぼくめつした	4
ぼくめつして	4
ぼくめつしている	4
ぼくめつしています	4
ぼくめつしていた	4
ぼくめつしていました	4
ぼくめつしてる	4
ぼくめつしてます	4
ようするする	3
ようするします	6
ようするしません	7
ようするしました	6
ようするしませんでした	7
ようするしましょう	7
ようするしない	5
ようするしなかった	5
ようするした	3
ようするして	3
ようするしている	3
ようするしています	3
ようするしていた	3
ようするしていました	3
ようするしてる	2
ようするしてます	3
ようりつする	4
ようりつします	4
ようりつしません	4
ようりつしました	4
ようりつしませんでした	4
ようりつしましょう	4
ようりつしない	4
ようりつしなかった	4
ようりつした	4
ようりつして	4
ようりつしている	4
ようりつしています	4
ようりつしていた	4
ようりつしていました	4
ようりつしてる	4
ようりつしてます	4
ようごする	1
ようごします	1
ようごしません	1
ようごしました	1
ようごしませんでした	1
ようごしましょう	1
ようごしない	1
ようごしなかった	1
ようごした	1
ようごして	1
ようごしている	1
ようごしています	1
ようごしていた	1
ようごしていました	1
ようごしてる	1
ようごしてます	1
そうじゅうする	4
そうじゅうします	4
そうじゅうしません	4
そうじゅうしました	4
そうじゅうしませんでした	4
そうじゅうしましょう	4
そうじゅうしない	4
そうじゅうしなかった	4
そうじゅうした	4
そうじゅうして	4
そうじゅうしている	4
そうじゅうしています	4
そうじゅうしていた	4
そうじゅうしていました	4
そうじゅうしてる	4
そうじゅうしてます	4
ししゅつする	3
ししゅつします	3
ししゅつしません	3
ししゅつしました	3
ししゅつしませんでした	3
ししゅつしましょう	3
ししゅつしない	3
ししゅつしなかった	3
ししゅつした	3
ししゅつして	3
ししゅつしている	3
ししゅつしています	3
ししゅつしていた	3
ししゅつしていました	3
ししゅつしてる	3
ししゅつしてます	3
したくする	3
したくします	3
したくしません	3
したくしました	3
したくしませんでした	3
したくしましょう	3
したくしない	3
したくしなかった	3
したくした	3
したくして	3
したくしている	3
したくしています	3
したくしていた	3
したくしていました	3
したくしてる	3
したくしてます	3
しえんする	3
しえんします	3
しえんしません	3
しえんしました	3
しえんしませんでした	3
しえんしましょう	3
しえんしない	3
しえんしなかった	3
しえんした	3
しえんして	3
しえんしている	3
しえんしています	3
しえんしていた	3
しえんしていました	3
しえんしてる	3
しえんしてます	3
しきゅうする	3
しきゅうします	3
しきゅうしません	3
しきゅうしました	3
しきゅうしませんでした	3
しきゅうしましょう	3
しきゅうしない	3
しきゅうしなかった	3
しきゅうした	3
しきゅうして	3
しきゅうしている	3
しきゅうしています	3
しきゅうしていた	3
しきゅうしていました	3
しきゅうしてる	3
しきゅうしてます	3
しはいする	1
しはいします	1
しはいしません	1
しはいしました	1
しはいしませんでした	1
しはいしましょう	1
しはいしない	1
しはいしなかった	1
しはいした	1
しはいして	1
しはいしている	1
しはいしています	1
しはいしていた	1
しはいしていました	1
しはいしてる	1
しはいしてます	1
かいざんする	4
かいざんします	4
かいざんしません	4
かいざんしました	4
かいざんしませんでした	4
かいざんしましょう	4
かいざんしない	4
かいざんしなかった	4
かいざんした	4
かいざんして	4
かいざんしている	4
かいざんしています	4
かいざんしていた	4
かいざんしていました	4
かいざんしてる	4
かいざんしてます	4
かいぜんする	4
かいぜんします	4
かいぜんしません	4
かいぜんしました	4
かいぜんしませんでした	4
かいぜんしましょう	4
かいぜんしない	4
かいぜんしなかった	4
かいぜんした	4
かいぜんして	4
かいぜんしている	4
かいぜんしています	4
かいぜんしていた	4
かいぜんしていました	4
かいぜんしてる	4
かいぜんしてます	4
かいていする	4
かいていします	4
かいていしません	4
かいていしました	4
かいていしませんでした	4
かいていしましょう	4
かいていしない	4
かいていしなかった	4
かいていした	4
かいていして	4
かいていしている	4
かいていしています	4
かいていしていた	4
かいていしていました	4
かいていしてる	4
かいていしてます	4
かいさつする	4
かいさつします	4
かいさつしません	4
かいさつしました	4
かいさつしませんでした	4
かいさつしましょう	4
かいさつしない	4
かいさつしなかった	4
かいさつした	4
かいさつして	4
かいさつしている	4
かいさつしています	4
かいさつしていた	4
かいさつしていました	4
かいさつしてる	4
かいさつしてます	4
かいちくする	4
かいちくします	4
かいちくしません	4
かいちくしました	4
かいちくしませんでした	4
かいちくしましょう	4
かいちくしない	4
かいちくしなかった	4
かいちくした	4
かいちくして	4
かいちくしている	4
かいちくしています	4
かいちくしていた	4
かいちくしていました	4
かいちくしてる	4
かいちくしてます	4
かいそする	3
かいそします	3
かいそしません	3
かいそしました	3
かいそしませんでした	3
かいそしましょう	3
かいそしない	3
かいそしなかった	3
かいそした	3
かいそして	3
かいそしている	3
かいそしています	3
かいそしていた	3
かいそしていました	3
かいそしてる	3
かいそしてます	3
かいへんする	4
かいへんします	4
かいへんしません	4
かいへんしました	4
かいへんしませんでした	4
かいへんしましょう	4
かいへんしない	4
かいへんしなかった	4
かいへんした	4
かいへんして	4
かいへんしている	4
かいへんしています	4
かいへんしていた	4
かいへんしていました	4
かいへんしてる	4
かいへんしてます	4
かいりょうする	4
かいりょうします	4
かいりょうしません	4
かいりょうしました	4
かいりょうしませんでした	4
かいりょうしましょう	4
かいりょうしない	4
かいりょうしなかった	4
かいりょうした	4
かいりょうして	4
かいりょうしている	4
かいりょうしています	4
かいりょうしていた	4
かいりょうしていました	4
かいりょうしてる	4
かいりょうしてます	4
かいぞうする	4
かいぞうします	4
かいぞうしません	4
かいぞうしました	4
かいぞうしませんでした	4
かいぞうしましょう	4
かいぞうしない	4
かいぞうしなかった	4
かいぞうした	4
かいぞうして	4
かいぞうしている	4
かいぞうしています	4
かいぞうしていた	4
かいぞうしていました	4
かいぞうしてる	4
かいぞうしてます	4
かいせんする	4
かいせんします	4
かいせんしません	4
かいせんしました	4
かいせんしませんでした	4
かいせんしましょう	4
かいせんしない	4
かいせんしなかった	4
かいせんした	4
かいせんして	4
かいせんしている	4
かいせんしています	4
かいせんしていた	4
かいせんしていました	4
かいせんしてる	4
かいせんしてます	4
かいかくする	4
かいかくします	4
かいかくしません	4
かいかくしました	4
かいかくしませんでした	4
かいかくしましょう	4
かいかくしない	4
かいかくしなかった	4
かいかくした	4
かいかくして	4
かいかくしている	4
かいかくしています	4
かいかくしていた	4
かいかくしていました	4
かいかくしてる	4
かいかくしてます	4
こうげきする	4
こうげきします	4
こうげきしません	4
こうげきしました	4
こうげきしませんでした	4
こうげきしましょう	4
こうげきしない	4
こうげきしなかった	4
こうげきした	4
こうげきして	4
こうげきしている	4
こうげきしています	4
こうげきしていた	4
こうげきしていました	4
こうげきしてる	4
こうげきしてます	4
こうりゃくする	4
こうりゃくします	4
こうりゃくしません	4
こうりゃくしました	4
こうりゃくしませんでした	4
こうりゃくしましょう	4
こうりゃくしない	4
こうりゃくしなかった	4
こうりゃくした	4
こうりゃくして	4
こうりゃくしている	4
こうりゃくしています	4
こうりゃくしていた	4
こうりゃくしていました	4
こうりゃくしてる	4
こうりゃくしてます	4
ほうにんする	4
ほうにんします	4
ほうにんしません	4
ほうにんしました	4
ほうにんしませんでした	4
ほうにんしましょう	4
ほうにんしない	4
ほうにんしなかった	4
ほうにんした	4
ほうにんして	4
ほうにんしている	4
ほうにんしています	4
ほうにんしていた	4
ほうにんしていました	4
ほうにんしてる	4
ほうにんしてます	4
ほうしゅつする	4
ほうしゅつします	4
ほうしゅつしません	4
ほうしゅつしました	4
ほうしゅつしませんでした	4
ほうしゅつしましょう	4
ほうしゅつしない	4
ほうしゅつしなかった	4
ほうしゅつした	4
ほうしゅつして	4
ほうしゅつしている	4
ほうしゅつしています	4
ほうしゅつしていた	4
ほうしゅつしていました	4
ほうしゅつしてる	4
ほうしゅつしてます	4
ほうしゃする	3
ほうしゃします	3
ほうしゃしません	3
ほうしゃしました	3
ほうしゃしませんでした	3
ほうしゃしましょう	3
ほうしゃしない	3
ほうしゃしなかった	3
ほうしゃした	3
ほうしゃして	3
ほうしゃしている	3
ほうしゃしています	3
ほうしゃしていた	3
ほうしゃしていました	3
ほうしゃしてる	3
ほうしゃしてます	3
ほうえいする	4
ほうえいします	4
ほうえいしません	4
ほうえいしました	4
ほうえいしませんでした	4
ほうえいしましょう	4
ほうえいしない	4
ほうえいしなかった	4
ほうえいした	4
ほうえいして	4
ほうえいしている	4
ほうえいしています	4
ほうえいしていた	4
ほうえいしていました	4
ほうえいしてる	4
ほうえいしてます	4
ほうきする	1
ほうきします	1
ほうきしません	1
ほうきしました	1
ほうきしませんでした	1
ほうきしましょう	1
ほうきしない	1
ほうきしなかった	1
ほうきした	1
ほうきして	1
ほうきしている	1
ほうきしています	1
ほうきしていた	1
ほうきしていました	1
ほうきしてる	1
ほうきしてます	1
ほうすいする	4
ほうすいします	4
ほうすいしません	4
ほうすいしました	4
ほうすいしませんでした	4
ほうすいしましょう	4
ほうすいしない	4
ほうすいしなかった	4
ほうすいした	4
ほうすいして	4
ほうすいしている	4
ほうすいしています	4
ほうすいしていた	4
ほうすいしていました	4
ほうすいしてる	4
ほうすいしてます	4
ほうりゅうする	4
ほうりゅうします	4
ほうりゅうしません	4
ほうりゅうしました	4
ほうりゅうしませんでした	4
ほうりゅうしましょう	4
ほうりゅうしない	4
ほうりゅうしなかった	4
ほうりゅうした	4
ほうりゅうして	4
ほうりゅうしている	4
ほうりゅうしています	4
ほうりゅうしていた	4
ほうりゅうしていました	4
ほうりゅうしてる	4
ほうりゅうしてます	4
ほうろうする	4
ほうろうします	4
ほうろうしません	4
ほうろうしました	4
ほうろうしませんでした	4
ほうろうしましょう	4
ほうろうしない	4
ほうろうしなかった	4
ほうろうした	4
ほうろうして	4
ほうろうしている	4
ほうろうしています	4
ほうろうしていた	4
ほうろうしていました	4
ほうろうしてる	4
ほうろうしてます	4
ほうかする	3
ほうかします	3
ほうかしません	3
ほうかしました	3
ほうかしませんでした	3
ほうかしましょう	3
ほうかしない	3
ほうかしなかった	3
ほうかした	3
ほうかして	3
ほうかしている	3
ほうかしています	3
ほうかしていた	3
ほうかしていました	3
ほうかしてる	3
ほうかしてます	3
ほうちする	1
ほうちします	1
ほうちしません	1
ほうちしました	1
ほうちしませんでした	1
ほうちしましょう	1
ほうちしない	1
ほうちしなかった	1
ほうちした	1
ほうちして	1
ほうちしている	1
ほうちしています	1
ほうちしていた	1
ほうちしていました	1
ほうちしてる	1
ほうちしてます	1
きゅうしゅつする	4
きゅうしゅつします	4
きゅうしゅつしません	4
きゅうしゅつしました	4
きゅうしゅつしませんでした	4
きゅうしゅつしましょう	4
きゅうしゅつしない	4
きゅうしゅつしなかった	4
きゅうしゅつした	4
きゅうしゅつして	4
きゅうしゅつしている	4
きゅうしゅつしています	4
きゅうしゅつしていた	4
きゅうしゅつしていました	4
きゅうしゅつしてる	4
きゅうしゅつしてます	4
きゅうじょする	1
きゅうじょします	1
きゅうじょしません	1
きゅうじょしました	1
きゅうじょしませんでした	1
きゅうじょしましょう	1
きゅうじょしない	1
きゅうじょしなかった	1
きゅうじょした	1
きゅうじょして	1
きゅうじょしている	1
きゅうじょしています	1
きゅうじょしていた	1
きゅうじょしていました	1
きゅうじょしてる	1
きゅうじょしてます	1
きゅうえんする	4
きゅうえんします	4
きゅうえんしません	4
きゅうえんしました	4
きゅうえんしませんでした	4
きゅうえんしましょう	4
きゅうえんしない	4
きゅうえんしなかった	4
きゅうえんした	4
きゅうえんして	4
きゅうえんしている	4
きゅうえんしています	4
きゅうえんしていた	4
きゅうえんしていました	4
きゅうえんしてる	4
きゅうえんしてます	4
きゅうさいする	4
きゅうさいします	4
きゅうさいしません	4
きゅうさいしました	4
きゅうさいしませんでした	4
きゅうさいしましょう	4
きゅうさいしない	4
きゅうさいしなかった	4
きゅうさいした	4
きゅうさいして	4
きゅうさいしている	4
きゅうさいしています	4
きゅうさいしていた	4
きゅうさいしていました	4
きゅうさいしてる	4
きゅうさいしてます	4
はいぼくする	4
はいぼくします	4
はいぼくしません	4
はいぼくしました	4
はいぼくしませんでした	4
はいぼくしましょう	4
はいぼくしない	4
はいぼくしなかった	4
はいぼくした	4
はいぼくして	4
はいぼくしている	4
はいぼくしています	4
はいぼくしていた	4
はいぼくしていました	4
はいぼくしてる	4
はいぼくしてます	4
はいせんする	4
はいせんします	4
はいせんしません	4
はいせんしました	4
はいせんしませんでした	4
はいせんしましょう	4
はいせんしない	4
はいせんしなかった	4
はいせんした	4
はいせんして	4
はいせんしている	4
はいせんしています	4
はいせんしていた	4
はいせんしていました	4
はいせんしてる	4
はいせんしてます	4
はいそする	1
はいそします	1
はいそしません	1
はいそしました	1
はいそしませんでした	1
はいそしましょう	1
はいそしない	1
はいそしなかった	1
はいそした	1
はいそして	1
はいそしている	1
はいそしています	1
はいそしていた	1
はいそしていました	1
はいそしてる	1
はいそしてます	1
はいたいする	4
はいたいします	4
はいたいしません	4
はいたいしました	4
はいたいしませんでした	4
はいたいしましょう	4
はいたいしない	4
はいたいしなかった	4
はいたいした	4
はいたいして	4
はいたいしている	4
はいたいしています	4
はいたいしていた	4
はいたいしていました	4
はいたいしてる	4
はいたいしてます	4
きょうしゅうする	4
きょうしゅうします	4
きょうしゅうしません	4
きょうしゅうしました	4
きょうしゅうしませんでした	4
きょうしゅうしましょう	4
きょうしゅうしない	4
きょうしゅうしなかった	4
きょうしゅうした	4
きょうしゅうして	4
きょうしゅうしている	4
きょうしゅうしています	4
きょうしゅうしていた	4
きょうしゅうしていました	4
きょうしゅうしてる	4
きょうしゅうしてます	4
きょういくする	4
きょういくします	4
きょういくしません	4
きょういくしました	4
きょういくしませんでした	4
きょういくしましょう	4
きょういくしない	4
きょういくしなかった	4
きょういくした	4
きょういくして	4
きょういくしている	4
きょういくしています	4
きょういくしていた	4
きょういくしていました	4
きょういくしてる	4
きょういくしてます	4
きょうくんする	4
きょうくんします	4
きょうくんしません	4
きょうくんしました	4
きょうくんしませんでした	4
きょうくんしましょう	4
きょうくんしない	4
きょうくんしなかった	4
きょうくんした	4
きょうくんして	4
きょうくんしている	4
きょうくんしています	4
きょうくんしていた	4
きょうくんしていました	4
きょうくんしてる	4
きょうくんしてます	4
さんかいする	4
さんかいします	4
さんかいしません	4
さんかいしました	4
さんかいしませんでした	4
さんかいしましょう	4
さんかいしない	4
さんかいしなかった	4
さんかいした	4
さんかいして	4
さんかいしている	4
さんかいしています	4
さんかいしていた	4
さんかいしていました	4
さんかいしてる	4
さんかいしてます	4
さんぷする	3
さんぷします	3
さんぷしません	3
さんぷしました	3
さんぷしませんでした	3
さんぷしましょう	3
さんぷしない	3
さんぷしなかった	3
さんぷした	3
さんぷして	3
さんぷしている	3
さんぷしています	3
さんぷしていた	3
さんぷしていました	3
さんぷしてる	3
さんぷしてます	3
さんぽする	3
さんぽします	3
さんぽしません	3
さんぽしました	3
さんぽしませんでした	3
さんぽしましょう	3
さんぽしない	3
さんぽしなかった	3
さんぽした	3
さんぽして	3
さんぽしている	3
さんぽしています	3
さんぽしていた	3
さんぽしていました	3
さんぽしてる	3
さんぽしてます	3
さんぱつする	4
さんぱつします	4
さんぱつしません	4
さんぱつしました	4
さんぱつしませんでした	4
さんぱつしましょう	4
さんぱつしない	4
さんぱつしなかった	4
さんぱつした	4
さんぱつして	4
さんぱつしている	4
さんぱつしています	4
さんぱつしていた	4
さんぱつしていました	4
さんぱつしてる	4
さんぱつしてます	4
さんさくする	4
さんさくします	4
さんさくしません	4
さんさくしました	4
さんさくしませんでした	4
さんさくしましょう	4
さんさくしない	4
さんさくしなかった	4
さんさくした	4
さんさくして	4
さんさくしている	4
さんさくしています	4
さんさくしていた	4
さんさくしていました	4
さんさくしてる	4
さんさくしてます	4
さんこつする	4
さんこつします	4
さんこつしません	4
さんこつしました	4
さんこつしませんでした	4
さんこつしましょう	4
さんこつしない	4
さんこつしなかった	4
さんこつした	4
さんこつして	4
さんこつしている	4
さんこつしています	4
さんこつしていた	4
さんこつしていました	4
さんこつしてる	4
さんこつしてます	4
けいえんする	4
けいえんします	4
けいえんしません	4
けいえんしました	4
けいえんしませんでした	4
けいえんしましょう	4
けいえんしない	4
けいえんしなかった	4
けいえんした	4
けいえんして	4
けいえんしている	4
けいえんしています	4
けいえんしていた	4
けいえんしていました	4
けいえんしてる	4
けいえんしてます	4
せいびする	1
せいびします	1
せいびしません	1
せいびしました	1
せいびしませんでした	1
せいびしましょう	1
せいびしない	1
せいびしなかった	1
せいびした	1
せいびして	1
せいびしている	1
せいびしています	1
せいびしていた	1
せいびしていました	1
せいびしてる	1
せいびしてます	1
せいれつする	4
せいれつします	4
せいれつしません	4
せいれつしました	4
せいれつしませんでした	4
せいれつしましょう	4
せいれつしない	4
せいれつしなかった	4
せいれつした	4
せいれつして	4
せいれつしている	4
せいれつしています	4
せいれつしていた	4
せいれつしていました	4
せいれつしてる	4
せいれつしてます	4
せいごうする	4
せいごうします	4
せいごうしません	4
せいごうしました	4
せいごうしませんでした	4
せいごうしましょう	4
せいごうしない	4
せいごうしなかった	4
せいごうした	4
せいごうして	4
せいごうしている	4
せいごうしています	4
せいごうしていた	4
せいごうしていました	4
せいごうしてる	4
せいごうしてます	4
せいりする	1
せいりします	1
せいりしません	1
せいりしました	1
せいりしませんでした	1
せいりしましょう	1
せいりしない	1
せいりしなかった	1
せいりした	1
せいりして	1
せいりしている	1
せいりしています	1
せいりしていた	1
せいりしていました	1
せいりしてる	1
せいりしてます	1
せいとんする	4
せいとんします	4
せいとんしません	4
せいとんしました	4
せいとんしませんでした	4
せいとんしましょう	4
せいとんしない	4
せいとんしなかった	4
せいとんした	4
せいとんして	4
せいとんしている	4
せいとんしています	4
せいとんしていた	4
せいとんしていました	4
せいとんしてる	4
せいとんしてます	4
てきたいする	4
てきたいします	4
てきたいしません	4
てきたいしました	4
てきたいしませんでした	4
てきたいしましょう	4
てきたいしない	4
てきたいしなかった	4
てきたいした	4
てきたいして	4
てきたいしている	4
てきたいしています	4
てきたいしていた	4
てきたいしていました	4
てきたいしてる	4
てきたいしてます	4
ふせつする	3
ふせつします	3
ふせつしません	3
ふせつしました	3
ふせつしませんでした	3
ふせつしましょう	3
ふせつしない	3
ふせつしなかった	3
ふせつした	3
ふせつして	3
ふせつしている	3
ふせつしています	3
ふせつしていた	3
ふせつしていました	3
ふせつしてる	3
ふせつしてます	3
ぶんつうする	4
ぶんつうします	4
ぶんつうしません	4
ぶんつうしました	4
ぶんつうしませんでした	4
ぶんつうしましょう	4
ぶんつうしない	4
ぶんつうしなかった	4
ぶんつうした	4
ぶんつうして	4
ぶんつうしている	4
ぶんつうしています	4
ぶんつうしていた	4
ぶんつうしていました	4
ぶんつうしてる	4
ぶんつうしてます	4
せいしょうする	4
せいしょうします	4
せいしょうしません	4
せいしょうしました	4
せいしょうしませんでした	4
せいしょうしましょう	4
せいしょうしない	4
せいしょうしなかった	4
せいしょうした	4
せいしょうして	4
せいしょうしている	4
せいしょうしています	4
せいしょうしていた	4
せいしょうしていました	4
せいしょうしてる	4
せいしょうしてます	4
りょうりする	1
りょうりします	1
りょうりしません	1
りょうりしました	1
りょうりしませんでした	1
りょうりしましょう	1
りょうりしない	1
りょうりしなかった	1
りょうりした	1
りょうりして	1
りょうりしている	1
りょうりしています	1
りょうりしていた	1
りょうりしていました	1
りょうりしてる	1
りょうりしてます	1
あっせんする	4
あっせんします	4
あっせんしません	4
あっせんしました	4
あっせんしませんでした	4
あっせんしましょう	4
あっせんしない	4
あっせんしなかった	4
あっせんした	4
あっせんして	4
あっせんしている	4
あっせんしています	4
あっせんしていた	4
あっせんしていました	4
あっせんしてる	4
あっせんしてます	4
だんていする	4
だんていします	4
だんていしません	4
だんていしました	4
だんていしませんでした	4
だんていしましょう	4
だんていしない	4
だんていしなかった	4
だんていした	4
だんていして	4
だんていしている	4
だんていしています	4
だんていしていた	4
だんていしていました	4
だんていしてる	4
だんていしてます	4
だんねんする	3
だんねんします	3
だんねんしません	3
だんねんしました	3
だんねんしませんでした	3
だんねんしましょう	3
だんねんしない	3
だんねんしなかった	3
だんねんした	3
だんねんして	3
だんねんしている	3
だんねんしています	3
だんねんしていた	3
だんねんしていました	3
だんねんしてる	3
だんねんしてます	3
だんすいする	4
だんすいします	4
だんすいしません	4
だんすいしました	4
だんすいしませんでした	4
だんすいしましょう	4
だんすいしない	4
だんすいしなかった	4
だんすいした	4
だんすいして	4
だんすいしている	4
だんすいしています	4
だんすいしていた	4
だんすいしていました	4
だんすいしてる	4
だんすいしてます	4
だんねつする	4
だんねつします	4
だんねつしません	4
だんねつしました	4
だんねつしませんでした	4
だんねつしましょう	4
だんねつしない	4
だんねつしなかった	4
だんねつした	4
だんねつして	4
だんねつしている	4
だんねつしています	4
だんねつしていた	4
だんねつしていました	4
だんねつしてる	4
だんねつしてます	4
だんぜつする	4
だんぜつします	4
だんぜつしません	4
だんぜつしました	4
だんぜつしませんでした	4
だんぜつしましょう	4
だんぜつしない	4
だんぜつしなかった	4
だんぜつした	4
だんぜつして	4
だんぜつしている	4
だんぜつしています	4
だんぜつしていた	4
だんぜつしていました	4
だんぜつしてる	4
だんぜつしてます	4
だんぞくする	4
だんぞくします	4
だんぞくしません	4
だんぞくしました	4
だんぞくしませんでした	4
だんぞくしましょう	4
だんぞくしない	4
だんぞくしなかった	4
だんぞくした	4
だんぞくして	4
だんぞくしている	4
だんぞくしています	4
だんぞくしていた	4
だんぞくしていました	4
だんぞくしてる	4
だんぞくしてます	4
だんこうする	4
だんこうします	4
だんこうしません	4
だんこうしました	4
だんこうしませんでした	4
だんこうしましょう	4
だんこうしない	4
だんこうしなかった	4
だんこうした	4
だんこうして	4
だんこうしている	4
だんこうしています	4
だんこうしていた	4
だんこうしていました	4
だんこうしてる	4
だんこうしてます	4
だんげんする	3
だんげんします	3
だんげんしません	3
だんげんしました	3
だんげんしませんでした	3
だんげんしましょう	3
だんげんしない	3
だんげんしなかった	3
だんげんした	3
だんげんして	3
だんげんしている	3
だんげんしています	3
だんげんしていた	3
だんげんしていました	3
だんげんしてる	3
だんげんしてます	3
だんじきする	4
だんじきします	4
だんじきしません	4
だんじきしました	4
だんじきしませんでした	4
だんじきしましょう	4
だんじきしない	4
だんじきしなかった	4
だんじきした	4
だんじきして	4
だんじきしている	4
だんじきしています	4
だんじきしていた	4
だんじきしていました	4
だんじきしてる	4
だんじきしてます	4
しんさくする	4
しんさくします	4
しんさくしません	4
しんさくしました	4
しんさくしませんでした	4
しんさくしましょう	4
しんさくしない	4
しんさくしなかった	4
しんさくした	4
しんさくして	4
しんさくしている	4
しんさくしています	4
しんさくしていた	4
しんさくしていました	4
しんさくしてる	4
しんさくしてます	4
しんこんする	4
しんこんします	4
しんこんしません	4
しんこんしました	4
しんこんしませんでした	4
しんこんしましょう	4
しんこんしない	4
しんこんしなかった	4
しんこんした	4
しんこんして	4
しんこんしている	4
しんこんしています	4
しんこんしていた	4
しんこんしていました	4
しんこんしてる	4
しんこんしてます	4
しんせいする	4
しんせいします	4
しんせいしません	4
しんせいしました	4
しんせいしませんでした	4
しんせいしましょう	6
しんせいしない	4
しんせいしなかった	4
しんせいした	4
しんせいして	4
しんせいしている	4
しんせいしています	4
しんせいしていた	4
しんせいしていました	4
しんせいしてる	4
しんせいしてます	4
しんはつばいする	3
しんはつばいします	3
しんはつばいしません	3
しんはつばいしました	3
しんはつばいしませんでした	3
しんはつばいしましょう	3
しんはつばいしない	3
しんはつばいしなかった	3
しんはつばいした	3
しんはつばいして	3
しんはつばいしている	3
しんはつばいしています	3
しんはつばいしていた	3
しんはつばいしていました	3
しんはつばいしてる	3
しんはつばいしてます	3
しんちゃくする	4
しんちゃくします	4
しんちゃくしません	4
しんちゃくしました	4
しんちゃくしませんでした	4
しんちゃくしましょう	4
しんちゃくしない	4
しんちゃくしなかった	4
しんちゃくした	4
しんちゃくして	4
しんちゃくしている	4
しんちゃくしています	4
しんちゃくしていた	4
しんちゃくしていました	4
しんちゃくしてる	4
しんちゃくしてます	4
しんちくする	4
しんちくします	4
しんちくしません	4
しんちくしました	4
しんちくしませんでした	4
しんちくしましょう	4
しんちくしない	4
しんちくしなかった	4
しんちくした	4
しんちくして	4
しんちくしている	4
しんちくしています	4
しんちくしていた	4
しんちくしていました	4
しんちくしてる	4
しんちくしてます	4
しんそうする	4
しんそうします	4
しんそうしません	4
しんそうしました	4
しんそうしませんでした	4
しんそうしましょう	4
しんそうしない	4
しんそうしなかった	4
しんそうした	4
しんそうして	4
しんそうしている	4
しんそうしています	4
しんそうしていた	4
しんそうしていました	4
しんそうしてる	4
しんそうしてます	4
しんせつする	4
しんせつします	4
しんせつしません	4
しんせつしました	4
しんせつしませんでした	4
しんせつしましょう	4
しんせつしない	4
しんせつしなかった	4
しんせつした	4
しんせつして	4
しんせつしている	4
しんせつしています	4
しんせつしていた	4
しんせつしていました	4
しんせつしてる	4
しんせつしてます	4
せこうする	3
せこうします	3
せこうしません	3
せこうしました	3
せこうしませんでした	3
せこうしましょう	3
せこうしない	3
せこうしなかった	3
せこうした	3
せこうして	3
せこうしている	3
せこうしています	3
せこうしていた	3
せこうしていました	3
せこうしてる	3
せこうしてます	3
しせつする	1
しせつします	1
しせつしません	1
しせつしました	1
しせつしませんでした	1
しせつしましょう	1
しせつしない	1
しせつしなかった	1
しせつした	1
しせつして	1
しせつしている	1
しせつしています	1
しせつしていた	1
しせつしていました	1
しせつしてる	1
しせつしてます	1
りょこうする	3
りょこうします	3
りょこうしません	3
りょこうしました	3
りょこうしませんでした	3
りょこうしましょう	3
りょこうしない	3
りょこうしなかった	3
りょこうした	3
りょこうして	3
りょこうしている	3
りょこうしています	3
りょこうしていた	3
りょこうしていました	3
りょこうしてる	3
りょこうしてます	3
はたあげする	4
はたあげします	4
はたあげしません	4
はたあげしました	4
はたあげしませんでした	4
はたあげしましょう	4
はたあげしない	4
はたあげしなかった	4
はたあげした	4
はたあげして	4
はたあげしている	4
はたあげしています	4
はたあげしていた	4
はたあげしていました	4
はたあげしてる	4
はたあげしてます	4
きそんする	3
きそんします	3
きそんしません	3
きそんしました	3
きそんしませんでした	3
きそんしましょう	3
きそんしない	3
きそんしなかった	3
きそんした	3
きそんして	3
きそんしている	3
きそんしています	3
きそんしていた	3
きそんしていました	3
きそんしてる	3
きそんしてます	3
にっこうよくする	3
にっこうよくします	3
にっこうよくしません	3
にっこうよくしました	3
にっこうよくしませんでした	3
にっこうよくしましょう	3
にっこうよくしない	3
にっこうよくしなかった	3
にっこうよくした	3
にっこうよくして	3
にっこうよくしている	3
にっこうよくしています	3
にっこうよくしていた	3
にっこうよくしていました	3
にっこうよくしてる	3
にっこうよくしてます	3
ひがえりする	4
ひがえりします	4
ひがえりしません	4
ひがえりしました	4
ひがえりしませんでした	4
ひがえりしましょう	4
ひがえりしない	4
ひがえりしなかった	4
ひがえりした	4
ひがえりして	4
ひがえりしている	4
ひがえりしています	4
ひがえりしていた	4
ひがえりしていました	4
ひがえりしてる	4
ひがえりしてます	4
ひやけする	3
ひやけします	3
ひやけしません	3
ひやけしました	3
ひやけしませんでした	3
ひやけしましょう	3
ひやけしない	3
ひやけしなかった	3
ひやけした	3
ひやけして	3
ひやけしている	3
ひやけしています	3
ひやけしていた	3
ひやけしていました	3
ひやけしてる	3
ひやけしてます	3
はやねする	2
はやねします	2
はやねしません	2
はやねしました	2
はやねしませんでした	2
はやねしましょう	2
はやねしない	2
はやねしなかった	2
はやねした	2
はやねして	2
はやねしている	2
はやねしています	2
はやねしていた	2
はやねしていました	2
はやねしてる	2
はやねしてます	2
はやびけする	4
はやびけします	4
はやびけしません	4
はやびけしました	4
はやびけしませんでした	4
はやびけしましょう	4
はやびけしない	4
はやびけしなかった	4
はやびけした	4
はやびけして	4
はやびけしている	4
はやびけしています	4
はやびけしていた	4
はやびけしていました	4
はやびけしてる	4
はやびけしてます	4
はやおきする	2
はやおきします	2
はやおきしません	2
はやおきしました	2
はやおきしませんでした	2
はやおきしましょう	2
はやおきしない	2
はやおきしなかった	2
はやおきした	2
はやおきして	2
はやおきしている	2
はやおきしています	2
はやおきしていた	2
はやおきしていました	2
はやおきしてる	2
はやおきしてます	2
そうたいする	4
そうたいします	4
そうたいしません	4
そうたいしました	4
そうたいしませんでした	4
そうたいしましょう	4
そうたいしない	4
そうたいしなかった	4
そうたいした	4
そうたいして	4
そうたいしている	4
そうたいしています	4
そうたいしていた	4
そうたいしていました	4
そうたいしてる	4
そうたいしてます	4
しょうかくする	4
しょうかくします	4
しょうかくしません	4
しょうかくしました	4
しょうかくしませんでした	4
しょうかくしましょう	4
しょうかくしない	4
しょうかくしなかった	4
しょうかくした	4
しょうかくして	4
しょうかくしている	4
しょうかくしています	4
しょうかくしていた	4
しょうかくしていました	4
しょうかくしてる	4
しょうかくしてます	4
しょうきゅうする	4
しょうきゅうします	4
しょうきゅうしません	4
しょうきゅうしました	4
しょうきゅうしませんでした	4
しょうきゅうしましょう	4
しょうきゅうしない	4
しょうきゅうしなかった	4
しょうきゅうした	4
しょうきゅうして	4
しょうきゅうしている	4
しょうきゅうしています	4
しょうきゅうしていた	4
しょうきゅうしていました	4
しょうきゅうしてる	4
しょうきゅうしてます	4
しょうしんする	4
しょうしんします	4
しょうしんしません	4
しょうしんしました	4
しょうしんしませんでした	4
しょうしんしましょう	4
しょうしんしない	4
しょうしんしなかった	4
しょうしんした	4
しょうしんして	4
しょうしんしている	4
しょうしんしています	4
しょうしんしていた	4
しょうしんしていました	4
しょうしんしてる	4
しょうしんしてます	4
あけくれする	4
あけくれします	4
あけくれしません	4
あけくれしました	4
あけくれしませんでした	4
あけくれしましょう	4
あけくれしない	4
あけくれしなかった	4
あけくれした	4
あけくれして	4
あけくれしている	4
あけくれしています	4
あけくれしていた	4
あけくれしていました	4
あけくれしてる	4
あけくれしてます	4
めいぶんかする	5
めいぶんかします	5
めいぶんかしません	5
めいぶんかしました	5
めいぶんかしませんでした	5
めいぶんかしましょう	5
めいぶんかしない	5
めいぶんかしなかった	5
めいぶんかした	5
めいぶんかして	5
めいぶんかしている	5
めいぶんかしています	5
めいぶんかしていた	5
めいぶんかしていました	5
めいぶんかしてる	5
めいぶんかしてます	5
めいじする	3
めいじします	3
めいじしません	3
めいじしました	3
めいじしませんでした	3
めいじしましょう	3
めいじしない	3
めいじしなかった	3
めいじした	3
めいじして	3
めいじしている	3
めいじしています	3
めいじしていた	3
めいじしていました	3
めいじしてる	3
めいじしてます	3
めいげんする	3
めいげんします	3
めいげんしません	3
めいげんしました	3
めいげんしませんでした	3
めいげんしましょう	3
めいげんしない	3
めいげんしなかった	3
めいげんした	3
めいげんして	3
めいげんしている	3
めいげんしています	3
めいげんしていた	3
めいげんしていました	3
めいげんしてる	3
めいげんしてます	3
めいきする	1
めいきします	1
めいきしません	1
めいきしました	1
めいきしませんでした	1
めいきしましょう	1
めいきしない	1
めいきしなかった	1
めいきした	1
めいきして	1
めいきしている	1
めいきしています	1
めいきしていた	1
めいきしていました	1
めいきしてる	1
めいきしてます	1
ぜせいする	3
ぜせいします	3
ぜせいしません	3
ぜせいしました	3
ぜせいしませんでした	3
ぜせいしましょう	3
ぜせいしない	3
ぜせいしなかった	3
ぜせいした	3
ぜせいして	3
ぜせいしている	3
ぜせいしています	3
ぜせいしていた	3
ぜせいしていました	3
ぜせいしてる	3
ぜせいしてます	3
ひるねする	3
ひるねします	3
ひるねしません	3
ひるねしました	3
ひるねしませんでした	3
ひるねしましょう	3
ひるねしない	3
ひるねしなかった	3
ひるねした	3
ひるねして	3
ひるねしている	3
ひるねしています	3
ひるねしていた	3
ひるねしていました	3
ひるねしてる	3
ひるねしてます	3
ふきゅうする	3
ふきゅうします	3
ふきゅうしません	3
ふきゅうしました	3
ふきゅうしませんでした	3
ふきゅうしましょう	3
ふきゅうしない	3
ふきゅうしなかった	3
ふきゅうした	3
ふきゅうして	3
ふきゅうしている	3
ふきゅうしています	3
ふきゅうしていた	3
ふきゅうしていました	3
ふきゅうしてる	3
ふきゅうしてます	3
ひまする	3
ひまします	2
ひましません	2
ひましました	2
ひましませんでした	2
ひましましょう	2
ひましない	2
ひましなかった	2
ひました	2
ひまして	2
ひましている	2
ひましています	2
ひましていた	2
ひましていました	2
ひましてる	2
ひましてます	2
だんぼうする	4
だんぼうします	4
だんぼうしません	4
だんぼうしました	4
だんぼうしませんでした	4
だんぼうしましょう	4
だんぼうしない	4
だんぼうしなかった	4
だんぼうした	4
だんぼうして	4
だんぼうしている	4
だんぼうしています	4
だんぼうしていた	4
だんぼうしていました	4
だんぼうしてる	4
だんぼうしてます	4
あんさつする	4
あんさつします	4
あんさつしません	4
あんさつしました	4
あんさつしませんでした	4
あんさつしましょう	4
あんさつしない	4
あんさつしなかった	4
あんさつした	4
あんさつして	4
あんさつしている	4
あんさつしています	4
あんさつしていた	4
あんさつしていました	4
あんさつしてる	4
あんさつしてます	4
あんじする	3
あんじします	3
あんじしません	3
あんじしました	3
あんじしませんでした	3
あんじしましょう	3
あんじしない	3
あんじしなかった	3
あんじした	3
あんじして	3
あんじしている	3
あんじしています	3
あんじしていた	3
あんじしていました	3
あんじしてる	3
あんじしてます	3
あんきする	3
あんきします	3
あんきしません	3
あんきしました	3
あんきしませんでした	3
あんきしましょう	3
あんきしない	3
あんきしなかった	3
あんきした	3
あんきして	3
あんきしている	3
あんきしています	3
あんきしていた	3
あんきしていました	3
あんきしてる	3
あんきしてます	3
しばらくする	2
しばらくします	2
しばらくしません	2
しばらくしました	2
しばらくしませんでした	2
しばらくしましょう	2
しばらくしない	2
しばらくしなかった	2
しばらくした	2
しばらくして	2
しばらくしている	2
しばらくしています	2
しばらくしていた	2
しばらくしていました	2
しばらくしてる	2
しばらくしてます	2
ぼうらくする	4
ぼうらくします	4
ぼうらくしません	4
ぼうらくしました	4
ぼうらくしませんでした	4
ぼうらくしましょう	4
ぼうらくしない	4
ぼうらくしなかった	4
ぼうらくした	4
ぼうらくして	4
ぼうらくしている	4
ぼうらくしています	4
ぼうらくしていた	4
ぼうらくしていました	4
ぼうらくしてる	4
ぼうらくしてます	4
ぼうこうする	4
ぼうこうします	4
ぼうこうしません	4
ぼうこうしました	4
ぼうこうしませんでした	4
ぼうこうしましょう	4
ぼうこうしない	4
ぼうこうしなかった	4
ぼうこうした	4
ぼうこうして	4
ぼうこうしている	4
ぼうこうしています	4
ぼうこうしていた	4
ぼうこうしていました	4
ぼうこうしてる	4
ぼうこうしてます	4
ぼうそうする	4
ぼうそうします	4
ぼうそうしません	4
ぼうそうしました	4
ぼうそうしませんでした	4
ぼうそうしましょう	4
ぼうそうしない	4
ぼうそうしなかった	4
ぼうそうした	4
ぼうそうして	4
ぼうそうしている	4
ぼうそうしています	4
ぼうそうしていた	4
ぼうそうしていました	4
ぼうそうしてる	4
ぼうそうしてます	4
ばくろする	1
ばくろします	1
ばくろしません	1
ばくろしました	1
ばくろしませんでした	1
ばくろしましょう	1
ばくろしない	1
ばくろしなかった	1
ばくろした	1
ばくろして	1
ばくろしている	1
ばくろしています	1
ばくろしていた	1
ばくろしていました	1
ばくろしてる	1
ばくろしてます	1
ぼうとうする	4
ぼうとうします	4
ぼうとうしません	4
ぼうとうしました	4
ぼうとうしませんでした	4
ぼうとうしましょう	4
ぼうとうしない	4
ぼうとうしなかった	4
ぼうとうした	4
ぼうとうして	4
ぼうとうしている	4
ぼうとうしています	4
ぼうとうしていた	4
ぼうとうしていました	4
ぼうとうしてる	4
ぼうとうしてます	4
きょくせつする	4
きょくせつします	4
きょくせつしません	4
きょくせつしました	4
きょくせつしませんでした	4
きょくせつしましょう	4
きょくせつしない	4
きょくせつしなかった	4
きょくせつした	4
きょくせつして	4
きょくせつしている	4
きょくせつしています	4
きょくせつしていた	4
きょくせつしていました	4
きょくせつしてる	4
きょくせつしてます	4
こうせいする	4
こうせいします	4
こうせいしません	4
こうせいしました	4
こうせいしませんでした	4
こうせいしましょう	4
こうせいしない	4
こうせいしなかった	4
こうせいした	4
こうせいして	4
こうせいしている	4
こうせいしています	4
こうせいしていた	4
こうせいしていました	4
こうせいしてる	4
こうせいしてます	4
こうてつする	4
こうてつします	4
こうてつしません	4
こうてつしました	4
こうてつしませんでした	4
こうてつしましょう	4
こうてつしない	4
こうてつしなかった	4
こうてつした	4
こうてつして	4
こうてつしている	4
こうてつしています	4
こうてつしていた	4
こうてつしていました	4
こうてつしてる	4
こうてつしてます	4
かきこみする	4
かきこみします	6
かきこみしません	7
かきこみしました	6
かきこみしませんでした	7
かきこみしましょう	7
かきこみしない	0
かきこみしなかった	9
かきこみした	6
かきこみして	0
かきこみしている	6
かきこみしています	6
かきこみしていた	6
かきこみしていました	6
かきこみしてる	6
かきこみしてます	7
しょきする	2
しょきします	6
しょきしません	7
しょきしました	6
しょきしませんでした	7
しょきしましょう	7
しょきしない	2
しょきしなかった	2
しょきした	6
しょきして	0
しょきしている	6
しょきしています	6
しょきしていた	6
しょきしていました	6
しょきしてる	6
しょきしてます	7
ゆうするする	3
ゆうするします	6
ゆうするしません	7
ゆうするしました	6
ゆうするしませんでした	7
ゆうするしましょう	7
ゆうするしない	5
ゆうするしなかった	5
ゆうするした	3
ゆうするして	3
ゆうするしている	3
ゆうするしています	3
ゆうするしていた	3
ゆうするしていました	3
ゆうするしてる	3
ゆうするしてます	3
ゆうこうかつようする	4
ゆうこうかつようします	4
ゆうこうかつようしません	4
ゆうこうかつようしました	4
ゆうこうかつようしませんでした	4
ゆうこうかつようしましょう	4
ゆうこうかつようしない	4
ゆうこうかつようしなかった	4
ゆうこうかつようした	4
ゆうこうかつようして	4
ゆうこうかつようしている	4
ゆうこうかつようしています	4
ゆうこうかつようしていた	4
ゆうこうかつようしていました	4
ゆうこうかつようしてる	4
ゆうこうかつようしてます	4
ふくえきする	4
ふくえきします	4
ふくえきしません	4
ふくえきしました	4
ふくえきしませんでした	4
ふくえきしましょう	4
ふくえきしない	4
ふくえきしなかった	4
ふくえきした	4
ふくえきして	4
ふくえきしている	4
ふくえきしています	4
ふくえきしていた	4
ふくえきしていました	4
ふくえきしてる	4
ふくえきしてます	4
ふくじゅうする	4
ふくじゅうします	4
ふくじゅうしません	4
ふくじゅうしました	4
ふくじゅうしませんでした	4
ふくじゅうしましょう	4
ふくじゅうしない	4
ふくじゅうしなかった	4
ふくじゅうした	4
ふくじゅうして	4
ふくじゅうしている	4
ふくじゅうしています	4
ふくじゅうしていた	4
ふくじゅうしていました	4
ふくじゅうしてる	4
ふくじゅうしてます	4
ふくようする	4
ふくようします	4
ふくようしません	4
ふくようしました	4
ふくようしませんでした	4
ふくようしましょう	4
ふくようしない	4
ふくようしなかった	4
ふくようした	4
ふくようして	4
ふくようしている	4
ふくようしています	4
ふくようしていた	4
ふくようしていました	4
ふくようしてる	4
ふくようしてます	4
ろうどくする	4
ろうどくします	4
ろうどくしません	4
ろうどくしました	4
ろうどくしませんでした	4
ろうどくしましょう	4
ろうどくしない	4
ろうどくしなかった	4
ろうどくした	4
ろうどくして	4
ろうどくしている	4
ろうどくしています	4
ろうどくしていた	4
ろうどくしていました	4
ろうどくしてる	4
ろうどくしてます	4
きたいする	3
きたいします	3
きたいしません	3
きたいしました	3
きたいしませんでした	3
きたいしましょう	3
きたいしない	3
きたいしなかった	3
きたいした	3
きたいして	3
きたいしている	3
きたいしています	3
きたいしていた	3
きたいしていました	3
きたいしてる	3
きたいしてます	3
ほんかくかする	5
ほんかくかします	5
ほんかくかしません	5
ほんかくかしました	5
ほんかくかしませんでした	5
ほんかくかしましょう	5
ほんかくかしない	5
ほんかくかしなかった	5
ほんかくかした	5
ほんかくかして	5
ほんかくかしている	5
ほんかくかしています	5
ほんかくかしていた	5
ほんかくかしていました	5
ほんかくかしてる	5
ほんかくかしてます	5
そくばくする	4
そくばくします	4
そくばくしません	4
そくばくしました	4
そくばくしませんでした	4
そくばくしましょう	4
そくばくしない	4
そくばくしなかった	4
そくばくした	4
そくばくして	4
そくばくしている	4
そくばくしています	4
そくばくしていた	4
そくばくしていました	4
そくばくしてる	4
そくばくしてます	4
らいてんする	4
らいてんします	4
らいてんしません	4
らいてんしました	4
らいてんしませんでした	4
らいてんしましょう	4
らいてんしない	4
らいてんしなかった	4
らいてんした	4
らいてんして	4
らいてんしている	4
らいてんしています	4
らいてんしていた	4
らいてんしていました	4
らいてんしてる	4
らいてんしてます	4
らいにちする	4
らいにちします	4
らいにちしません	4
らいにちしました	4
らいにちしませんでした	4
らいにちしましょう	4
らいにちしない	4
らいにちしなかった	4
らいにちした	4
らいにちして	4
らいにちしている	4
らいにちしています	4
らいにちしていた	4
らいにちしていました	4
らいにちしてる	4
らいにちしてます	4
らいほうする	4
らいほうします	4
らいほうしません	4
らいほうしました	4
らいほうしませんでした	4
らいほうしましょう	4
らいほうしない	4
らいほうしなかった	4
らいほうした	4
らいほうして	4
らいほうしている	4
らいほうしています	4
らいほうしていた	4
らいほうしていました	4
らいほうしてる	4
らいほうしてます	4
りんりつする	4
りんりつします	4
りんりつしません	4
りんりつしました	4
りんりつしませんでした	4
りんりつしましょう	4
りんりつしない	4
りんりつしなかった	4
りんりつした	4
りんりつして	4
りんりつしている	4
りんりつしています	4
りんりつしていた	4
りんりつしていました	4
りんりつしてる	4
りんりつしてます	4
かきょうする	3
かきょうします	3
かきょうしません	3
かきょうしました	3
かきょうしませんでした	3
かきょうしましょう	3
かきょうしない	3
かきょうしなかった	3
かきょうした	3
かきょうして	3
かきょうしている	3
かきょうしています	3
かきょうしていた	3
かきょうしていました	3
かきょうしてる	3
かきょうしてます	3
せんしょくする	4
せんしょくします	4
せんしょくしません	4
せんしょくしました	4
せんしょくしませんでした	4
せんしょくしましょう	4
せんしょくしない	4
せんしょくしなかった	4
せんしょくした	4
せんしょくして	4
せんしょくしている	4
せんしょくしています	4
せんしょくしていた	4
せんしょくしていました	4
せんしょくしてる	4
せんしょくしてます	4
さていする	3
さていします	3
さていしません	3
さていしました	3
さていしませんでした	3
さていしましょう	3
さていしない	3
さていしなかった	3
さていした	3
さていして	3
さていしている	3
さていしています	3
さていしていた	3
さていしていました	3
さていしてる	3
さていしてます	3
ささつする	3
ささつします	3
ささつしません	3
ささつしました	3
ささつしませんでした	3
ささつしましょう	3
ささつしない	3
ささつしなかった	3
ささつした	3
ささつして	3
ささつしている	3
ささつしています	3
ささつしていた	3
ささつしていました	3
ささつしてる	3
ささつしてます	3
さしょうする	3
さしょうします	3
さしょうしません	3
さしょうしました	3
さしょうしませんでした	3
さしょうしましょう	3
さしょうしない	3
さしょうしなかった	3
さしょうした	3
さしょうして	3
さしょうしている	3
さしょうしています	3
さしょうしていた	3
さしょうしていました	3
さしょうしてる	3
さしょうしてます	3
かくぶそうする	3
かくぶそうします	3
かくぶそうしません	3
かくぶそうしました	3
かくぶそうしませんでした	3
かくぶそうしましょう	3
かくぶそうしない	3
かくぶそうしなかった	3
かくぶそうした	3
かくぶそうして	3
かくぶそうしている	3
かくぶそうしています	3
かくぶそうしていた	3
かくぶそうしていました	3
かくぶそうしてる	3
かくぶそうしてます	3
ねまわしする	2
ねまわしします	2
ねまわししません	2
ねまわししました	2
ねまわししませんでした	2
ねまわししましょう	2
ねまわししない	2
ねまわししなかった	2
ねまわしした	2
ねまわしして	2
ねまわししている	2
ねまわししています	2
ねまわししていた	2
ねまわししていました	2
ねまわししてる	2
ねまわししてます	2
こんぜつする	4
こんぜつします	4
こんぜつしません	4
こんぜつしました	4
こんぜつしませんでした	4
こんぜつしましょう	4
こんぜつしない	4
こんぜつしなかった	4
こんぜつした	4
こんぜつして	4
こんぜつしている	4
こんぜつしています	4
こんぜつしていた	4
こんぜつしていました	4
こんぜつしてる	4
こんぜつしてます	4
かくあげする	4
かくあげします	4
かくあげしません	4
かくあげしました	4
かくあげしませんでした	4
かくあげしましょう	4
かくあげしない	4
かくあげしなかった	4
かくあげした	4
かくあげして	4
かくあげしている	4
かくあげしています	4
かくあげしていた	4
かくあげしていました	4
かくあげしてる	4
かくあげしてます	4
かくづけする	4
かくづけします	4
かくづけしません	4
かくづけしました	4
かくづけしませんでした	4
かくづけしましょう	4
かくづけしない	4
かくづけしなかった	4
かくづけした	4
かくづけして	4
かくづけしている	4
かくづけしています	4
かくづけしていた	4
かくづけしていました	4
かくづけしてる	4
かくづけしてます	4
かくとうする	4
かくとうします	4
かくとうしません	4
かくとうしました	4
かくとうしませんでした	4
かくとうしましょう	4
かくとうしない	4
かくとうしなかった	4
かくとうした	4
かくとうして	4
かくとうしている	4
かくとうしています	4
かくとうしていた	4
かくとうしていました	4
かくとうしてる	4
かくとうしてます	4
さいばいする	4
さいばいします	4
さいばいしません	4
さいばいしました	4
さいばいしませんでした	4
さいばいしましょう	4
さいばいしない	4
さいばいしなかった	4
さいばいした	4
さいばいして	4
さいばいしている	4
さいばいしています	4
さいばいしていた	4
さいばいしていました	4
さいばいしてる	4
さいばいしてます	4
あんないする	3
あんないします	3
あんないしません	3
あんないしました	3
あんないしませんでした	3
あんないしましょう	3
あんないしない	3
あんないしなかった	3
あんないした	3
あんないして	3
あんないしている	3
あんないしています	3
あんないしていた	3
あんないしていました	3
あんないしてる	3
あんないしてます	3
つゆいりする	4
つゆいりします	4
つゆいりしません	4
つゆいりしました	4
つゆいりしませんでした	4
つゆいりしましょう	4
つゆいりしない	4
つゆいりしなかった	4
つゆいりした	4
つゆいりして	4
つゆいりしている	4
つゆいりしています	4
つゆいりしていた	4
つゆいりしていました	4
つゆいりしてる	4
つゆいりしてます	4
つゆあけする	4
つゆあけします	4
つゆあけしません	4
つゆあけしました	4
つゆあけしませんでした	4
つゆあけしましょう	4
つゆあけしない	4
つゆあけしなかった	4
つゆあけした	4
つゆあけして	4
つゆあけしている	4
つゆあけしています	4
つゆあけしていた	4
つゆあけしていました	4
つゆあけしてる	4
つゆあけしてます	4
はしごする	3
はしごします	3
はしごしません	3
はしごしました	3
はしごしませんでした	3
はしごしましょう	3
はしごしない	3
はしごしなかった	3
はしごした	3
はしごして	3
はしごしている	3
はしごしています	3
はしごしていた	3
はしごしていました	3
はしごしてる	3
はしごしてます	3
こんぽうする	4
こんぽうします	4
こんぽうしません	4
こんぽうしました	4
こんぽうしませんでした	4
こんぽうしましょう	4
こんぽうしない	4
こんぽうしなかった	4
こんぽうした	4
こんぽうして	4
こんぽうしている	4
こんぽうしています	4
こんぽうしていた	4
こんぽうしていました	4
こんぽうしてる	4
こんぽうしてます	4
ききゃくする	3
ききゃくします	3
ききゃくしません	3
ききゃくしました	3
ききゃくしませんでした	3
ききゃくしましょう	3
ききゃくしない	3
ききゃくしなかった	3
ききゃくした	3
ききゃくして	3
ききゃくしている	3
ききゃくしています	3
ききゃくしていた	3
ききゃくしていました	3
ききゃくしてる	3
ききゃくしてます	3
きけんする	3
きけんします	3
きけんしません	3
きけんしました	3
きけんしませんでした	3
きけんしましょう	3
きけんしない	3
きけんしなかった	3
きけんした	3
きけんして	3
きけんしている	3
きけんしています	3
きけんしていた	3
きけんしていました	3
きけんしてる	3
きけんしてます	3
たなあげする	4
たなあげします	4
たなあげしません	4
たなあげしました	4
たなあげしませんでした	4
たなあげしましょう	4
たなあげしない	4
たなあげしなかった	4
たなあげした	4
たなあげして	4
たなあげしている	4
たなあげしています	4
たなあげしていた	4
たなあげしていました	4
たなあげしてる	4
たなあげしてます	4
しょくりんする	4
しょくりんします	4
しょくりんしません	4
しょくりんしました	4
しょくりんしませんでした	4
しょくりんしましょう	4
しょくりんしない	4
しょくりんしなかった	4
しょくりんした	4
しょくりんして	4
しょくりんしている	4
しょくりんしています	4
しょくりんしていた	4
しょくりんしていました	4
しょくりんしてる	4
しょくりんしてます	4
しょくじゅする	1
しょくじゅします	1
しょくじゅしません	1
しょくじゅしました	1
しょくじゅしませんでした	1
しょくじゅしましょう	1
しょくじゅしない	1
しょくじゅしなかった	1
しょくじゅした	1
しょくじゅして	1
しょくじゅしている	1
しょくじゅしています	1
しょくじゅしていた	1
しょくじゅしていました	1
しょくじゅしてる	1
しょくじゅしてます	1
けんしゅつする	4
けんしゅつします	4
けんしゅつしません	4
けんしゅつしました	4
けんしゅつしませんでした	4
けんしゅつしましょう	4
けんしゅつしない	4
けんしゅつしなかった	4
けんしゅつした	4
けんしゅつして	4
けんしゅつしている	4
けんしゅつしています	4
けんしゅつしていた	4
けんしゅつしていました	4
けんしゅつしてる	4
けんしゅつしてます	4
けんもんする	4
けんもんします	4
けんもんしません	4
けんもんしました	4
けんもんしませんでした	4
けんもんしましょう	4
けんもんしない	4
けんもんしなかった	4
けんもんした	4
けんもんして	4
けんもんしている	4
けんもんしています	4
けんもんしていた	4
けんもんしていました	4
けんもんしてる	4
けんもんしてます	4
けんていする	4
けんていします	4
けんていしません	4
けんていしました	4
けんていしませんでした	4
けんていしましょう	4
けんていしない	4
けんていしなかった	4
けんていした	4
けんていして	4
けんていしている	4
けんていしています	4
けんていしていた	4
けんていしていました	4
けんていしてる	4
けんていしてます	4
けんさつする	4
けんさつします	4
けんさつしません	4
けんさつしました	4
けんさつしませんでした	4
けんさつしましょう	4
けんさつしない	4
けんさつしなかった	4
けんさつした	4
けんさつして	4
けんさつしている	4
けんさつしています	4
けんさつしていた	4
けんさつしていました	4
けんさつしてる	4
けんさつしてます	4
けんきょする	1
けんきょします	1
けんきょしません	1
けんきょしました	1
けんきょしませんでした	1
けんきょしましょう	1
けんきょしない	1
けんきょしなかった	1
けんきょした	1
けんきょして	1
けんきょしている	1
けんきょしています	1
けんきょしていた	1
けんきょしていました	1
けんきょしてる	1
けんきょしてます	1
けんさする	1
けんさします	1
けんさしません	1
けんさしました	1
けんさしませんでした	1
けんさしましょう	1
けんさしない	1
けんさしなかった	1
けんさした	1
けんさして	1
けんさしている	1
けんさしています	1
けんさしていた	1
けんさしていました	1
けんさしてる	1
けんさしてます	1
けんえきする	4
けんえきします	4
けんえきしません	4
けんえきしました	4
けんえきしませんでした	4
けんえきしましょう	4
けんえきしない	4
けんえきしなかった	4
けんえきした	4
けんえきして	4
けんえきしている	4
けんえきしています	4
けんえきしていた	4
けんえきしていました	4
けんえきしてる	4
けんえきしてます	4
けんさくする	4
けんさくします	4
けんさくしません	4
けんさくしました	4
けんさくしませんでした	4
けんさくしましょう	4
けんさくしない	4
けんさくしなかった	4
けんさくした	4
けんさくして	4
けんさくしている	4
けんさくしています	4
けんさくしていた	4
けんさくしていました	4
けんさくしてる	4
けんさくしてます	4
けんしする	3
けんしします	3
けんししません	3
けんししました	3
けんししませんでした	3
けんししましょう	3
けんししない	3
けんししなかった	3
けんしした	3
けんしして	3
けんししている	3
けんししています	3
けんししていた	3
けんししていました	3
けんししてる	3
けんししてます	3
けんしんする	4
けんしんします	4
けんしんしません	4
けんしんしました	4
けんしんしませんでした	4
けんしんしましょう	4
けんしんしない	4
けんしんしなかった	4
けんしんした	4
けんしんして	4
けんしんしている	4
けんしんしています	4
けんしんしていた	4
けんしんしていました	4
けんしんしてる	4
けんしんしてます	4
けんしょうする	4
けんしょうします	4
けんしょうしません	4
けんしょうしました	4
けんしょうしませんでした	4
けんしょうしましょう	4
けんしょうしない	4
けんしょうしなかった	4
けんしょうした	4
けんしょうして	4
けんしょうしている	4
けんしょうしています	4
けんしょうしていた	4
けんしょうしていました	4
けんしょうしてる	4
けんしょうしてます	4
けんえつする	4
けんえつします	4
けんえつしません	4
けんえつしました	4
けんえつしませんでした	4
けんえつしましょう	4
けんえつしない	4
けんえつしなかった	4
けんえつした	4
けんえつして	4
けんえつしている	4
けんえつしています	4
けんえつしていた	4
けんえつしていました	4
けんえつしてる	4
けんえつしてます	4
らっかんする	4
らっかんします	4
らっかんしません	4
らっかんしました	4
らっかんしませんでした	4
らっかんしましょう	4
らっかんしない	4
らっかんしなかった	4
らっかんした	4
らっかんして	4
らっかんしている	4
らっかんしています	4
らっかんしていた	4
らっかんしていました	4
らっかんしてる	4
らっかんしてます	4
がいさんする	4
がいさんします	4
がいさんしません	4
がいさんしました	4
がいさんしませんでした	4
がいさんしましょう	4
がいさんしない	4
がいさんしなかった	4
がいさんした	4
がいさんして	4
がいさんしている	4
がいさんしています	4
がいさんしていた	4
がいさんしていました	4
がいさんしてる	4
がいさんしてます	4
がいろんする	4
がいろんします	4
がいろんしません	4
がいろんしました	4
がいろんしませんでした	4
がいろんしましょう	4
がいろんしない	4
がいろんしなかった	4
がいろんした	4
がいろんして	4
がいろんしている	4
がいろんしています	4
がいろんしていた	4
がいろんしていました	4
がいろんしてる	4
がいろんしてます	4
こうちくする	4
こうちくします	4
こうちくしません	4
こうちくしました	4
こうちくしませんでした	4
こうちくしましょう	4
こうちくしない	4
こうちくしなかった	4
こうちくした	4
こうちくして	4
こうちくしている	4
こうちくしています	4
こうちくしていた	4
こうちくしていました	4
こうちくしてる	4
こうちくしてます	4
さまがわりする	3
さまがわりします	3
さまがわりしません	3
さまがわりしました	3
さまがわりしませんでした	3
さまがわりしましょう	3
さまがわりしない	3
さまがわりしなかった	3
さまがわりした	3
さまがわりして	3
さまがわりしている	3
さまがわりしています	3
さまがわりしていた	3
さまがわりしていました	3
さまがわりしてる	3
さまがわりしてます	3
もほうする	3
もほうします	3
もほうしません	3
もほうしました	3
もほうしませんでした	3
もほうしましょう	3
もほうしない	3
もほうしなかった	3
もほうした	3
もほうして	3
もほうしている	3
もほうしています	3
もほうしていた	3
もほうしていました	3
もほうしてる	3
もほうしてます	3
もぎする	1
もぎします	1
もぎしません	1
もぎしました	1
もぎしませんでした	1
もぎしましょう	1
もぎしない	1
もぎしなかった	1
もぎした	1
もぎして	1
もぎしている	1
もぎしています	1
もぎしていた	1
もぎしていました	1
もぎしてる	1
もぎしてます	1
もさくする	3
もさくします	3
もさくしません	3
もさくしました	3
もさくしませんでした	3
もさくしましょう	3
もさくしない	3
もさくしなかった	3
もさくした	3
もさくして	3
もさくしている	3
もさくしています	3
もさくしていた	3
もさくしていました	3
もさくしてる	3
もさくしてます	3
よこばいする	4
よこばいします	4
よこばいしません	4
よこばいしました	4
よこばいしませんでした	4
よこばいしましょう	4
よこばいしない	4
よこばいしなかった	4
よこばいした	4
よこばいして	4
よこばいしている	4
よこばいしています	4
よこばいしていた	4
よこばいしていました	4
よこばいしてる	4
よこばいしてます	4
よこどりする	4
よこどりします	4
よこどりしません	4
よこどりしました	4
よこどりしませんでした	4
よこどりしましょう	4
よこどりしない	4
よこどりしなかった	4
よこどりした	4
よこどりして	4
よこどりしている	4
よこどりしています	4
よこどりしていた	4
よこどりしていました	4
よこどりしてる	4
よこどりしてます	4
おうだんする	4
おうだんします	4
おうだんしません	4
おうだんしました	4
おうだんしませんでした	4
おうだんしましょう	4
おうだんしない	4
おうだんしなかった	4
おうだんした	4
おうだんして	4
おうだんしている	4
おうだんしています	4
おうだんしていた	4
おうだんしていました	4
おうだんしてる	4
おうだんしてます	4
おうちゃくする	3
おうちゃくします	3
おうちゃくしません	3
おうちゃくしました	3
おうちゃくしませんでした	3
おうちゃくしましょう	3
おうちゃくしない	3
おうちゃくしなかった	3
おうちゃくした	3
おうちゃくして	3
おうちゃくしている	3
おうちゃくしています	3
おうちゃくしていた	3
おうちゃくしていました	3
おうちゃくしてる	3
おうちゃくしてます	3
おうこうする	4
おうこうします	4
おうこうしません	4
おうこうしました	4
おうこうしませんでした	4
おうこうしましょう	4
おうこうしない	4
おうこうしなかった	4
おうこうした	4
おうこうして	4
おうこうしている	4
おうこうしています	4
おうこうしていた	4
おうこうしていました	4
おうこうしてる	4
おうこうしてます	4
おうてんする	4
おうてんします	4
おうてんしません	4
おうてんしました	4
おうてんしませんでした	4
おうてんしましょう	4
おうてんしない	4
おうてんしなかった	4
おうてんした	4
おうてんして	4
おうてんしている	4
おうてんしています	4
おうてんしていた	4
おうてんしていました	4
おうてんしてる	4
おうてんしてます	4
おうりょうする	4
おうりょうします	4
おうりょうしません	4
おうりょうしました	4
おうりょうしませんでした	4
おうりょうしましょう	4
おうりょうしない	4
おうりょうしなかった	4
おうりょうした	4
おうりょうして	4
おうりょうしている	4
おうりょうしています	4
おうりょうしていた	4
おうりょうしていました	4
おうりょうしてる	4
おうりょうしてます	4
じゅりつする	3
じゅりつします	3
じゅりつしません	3
じゅりつしました	3
じゅりつしませんでした	3
じゅりつしましょう	3
じゅりつしない	3
じゅりつしなかった	3
じゅりつした	3
じゅりつして	3
じゅりつしている	3
じゅりつしています	3
じゅりつしていた	3
じゅりつしていました	3
じゅりつしてる	3
じゅりつしてます	3
はしわたしする	3
はしわたしします	3
はしわたししません	3
はしわたししました	3
はしわたししませんでした	3
はしわたししましょう	3
はしわたししない	3
はしわたししなかった	3
はしわたしした	3
はしわたしして	3
はしわたししている	3
はしわたししています	3
はしわたししていた	3
はしわたししていました	3
はしわたししてる	3
はしわたししてます	3
きかいかする	4
きかいかします	4
きかいかしません	4
きかいかしました	4
きかいかしませんでした	4
きかいかしましょう	4
きかいかしない	4
きかいかしなかった	4
きかいかした	4
きかいかして	4
きかいかしている	4
きかいかしています	4
きかいかしていた	4
きかいかしていました	4
きかいかしてる	4
きかいかしてます	4
きのうする	1
きのうします	1
きのうしません	1
きのうしました	1
きのうしませんでした	1
きのうしましょう	1
きのうしない	1
きのうしなかった	1
きのうした	1
きのうして	1
きのうしている	1
きのうしています	1
きのうしていた	1
きのうしていました	1
きのうしてる	1
きのうしてます	1
けつぼうする	4
けつぼうします	4
けつぼうしません	4
けつぼうしました	4
けつぼうしませんでした	4
けつぼうしましょう	4
けつぼうしない	4
けつぼうしなかった	4
けつぼうした	4
けつぼうして	4
けつぼうしている	4
けつぼうしています	4
けつぼうしていた	4
けつぼうしていました	4
けつぼうしてる	4
けつぼうしてます	4
あくびする	3
あくびします	3
あくびしません	3
あくびしました	3
あくびしませんでした	3
あくびしましょう	3
あくびしない	3
あくびしなかった	3
あくびした	3
あくびして	3
あくびしている	3
あくびしています	3
あくびしていた	3
あくびしていました	3
あくびしてる	3
あくびしてます	3
けつじょうする	4
けつじょうします	4
けつじょうしません	4
けつじょうしました	4
けつじょうしませんでした	4
けつじょうしましょう	4
けつじょうしない	4
けつじょうしなかった	4
けつじょうした	4
けつじょうして	4
けつじょうしている	4
けつじょうしています	4
けつじょうしていた	4
けつじょうしていました	4
けつじょうしてる	4
けつじょうしてます	4
けつじょする	1
けつじょします	1
けつじょしません	1
けつじょしました	1
けつじょしませんでした	1
けつじょしましょう	1
けつじょしない	1
けつじょしなかった	1
けつじょした	1
けつじょして	1
けつじょしている	1
けつじょしています	1
けつじょしていた	1
けつじょしていました	1
けつじょしてる	1
けつじょしてます	1
けっせきする	4
けっせきします	4
けっせきしません	4
けっせきしました	4
けっせきしませんでした	4
けっせきしましょう	4
けっせきしない	4
けっせきしなかった	4
けっせきした	4
けっせきして	4
けっせきしている	4
けっせきしています	4
けっせきしていた	4
けっせきしていました	4
けっせきしてる	4
けっせきしてます	4
けっそんする	4
けっそんします	4
けっそんしません	4
けっそんしました	4
けっそんしませんでした	4
けっそんしましょう	4
けっそんしない	4
けっそんしなかった	4
けっそんした	4
けっそんして	4
けっそんしている	4
けっそんしています	4
けっそんしていた	4
けっそんしていました	4
けっそんしてる	4
けっそんしてます	4
ほっするする	0
ほっするします	6
ほっするしません	7
ほっするしました	6
ほっするしませんでした	7
ほっするしましょう	7
ほっするしない	0
ほっするしなかった	9
ほっするした	6
ほっするして	0
ほっするしている	6
ほっするしています	6
ほっするしていた	6
ほっするしていました	6
ほっするしてる	5
ほっするしてます	7
よっきゅうする	4
よっきゅうします	4
よっきゅうしません	4
よっきゅうしました	4
よっきゅうしませんでした	4
よっきゅうしましょう	4
よっきゅうしない	4
よっきゅうしなかった	4
よっきゅうした	4
よっきゅうして	4
よっきゅうしている	4
よっきゅうしています	4
よっきゅうしていた	4
よっきゅうしていました	4
よっきゅうしてる	4
よっきゅうしてます	4
かんげいする	4
かんげいします	4
かんげいしません	4
かんげいしました	4
かんげいしませんでした	4
かんげいしましょう	4
かんげいしない	4
かんげいしなかった	4
かんげいした	4
かんげいして	4
かんげいしている	4
かんげいしています	4
かんげいしていた	4
かんげいしていました	4
かんげいしてる	4
かんげいしてます	4
せいじょうかする	5
せいじょうかします	5
せいじょうかしません	5
せいじょうかしました	5
せいじょうかしませんでした	5
せいじょうかしましょう	5
せいじょうかしない	5
せいじょうかしなかった	5
せいじょうかした	5
せいじょうかして	5
せいじょうかしている	5
せいじょうかしています	5
せいじょうかしていた	5
せいじょうかしていました	5
せいじょうかしてる	5
せいじょうかしてます	5
せいざする	3
せいざします	3
せいざしません	3
せいざしました	3
せいざしませんでした	3
せいざしましょう	3
せいざしない	3
せいざしなかった	3
せいざした	3
せいざして	3
せいざしている	3
せいざしています	3
せいざしていた	3
せいざしていました	3
せいざしてる	3
せいざしてます	3
せいそうする	4
せいそうします	4
せいそうしません	4
せいそうしました	4
せいそうしませんでした	4
せいそうしましょう	4
せいそうしない	4
せいそうしなかった	4
せいそうした	4
せいそうして	4
せいそうしている	4
せいそうしています	4
せいそうしていた	4
せいそうしていました	4
せいそうしてる	4
せいそうしてます	4
せいかいする	4
せいかいします	4
せいかいしません	4
せいかいしました	4
せいかいしませんでした	4
せいかいしましょう	4
せいかいしない	4
せいかいしなかった	4
せいかいした	4
せいかいして	4
せいかいしている	4
せいかいしています	4
せいかいしていた	4
せいかいしていました	4
せいかいしてる	4
せいかいしてます	4
ぶそうする	3
ぶそうします	3
ぶそうしません	3
ぶそうしました	3
ぶそうしませんでした	3
ぶそうしましょう	3
ぶそうしない	3
ぶそうしなかった	3
ぶそうした	3
ぶそうして	3
ぶそうしている	3
ぶそうしています	3
ぶそうしていた	3
ぶそうしていました	3
ぶそうしてる	3
ぶそうしてます	3
ほこうする	3
ほこうします	3
ほこうしません	3
ほこうしました	3
ほこうしませんでした	3
ほこうしましょう	3
ほこうしない	3
ほこうしなかった	3
ほこうした	3
ほこうして	3
ほこうしている	3
ほこうしています	3
ほこうしていた	3
ほこうしていました	3
ほこうしてる	3
ほこうしてます	3
はみがきする	2
はみがきします	2
はみがきしません	2
はみがきしました	2
はみがきしませんでした	2
はみがきしましょう	2
はみがきしない	2
はみがきしなかった	2
はみがきした	2
はみがきして	2
はみがきしている	2
はみがきしています	2
はみがきしていた	2
はみがきしていました	2
はみがきしてる	2
はみがきしてます	2
れきほうする	4
れきほうします	4
れきほうしません	4
れきほうしました	4
れきほうしませんでした	4
れきほうしましょう	4
れきほうしない	4
れきほうしなかった	4
れきほうした	4
れきほうして	4
れきほうしている	4
れきほうしています	4
れきほうしていた	4
れきほうしていました	4
れきほうしてる	4
れきほうしてます	4
しきょする	1
しきょします	1
しきょしません	1
しきょしました	1
しきょしませんでした	1
しきょしましょう	1
しきょしない	1
しきょしなかった	1
しきょした	1
しきょして	1
しきょしている	1
しきょしています	1
しきょしていた	1
しきょしていました	1
しきょしてる	1
しきょしてます	1
ざんるいする	4
ざんるいします	4
ざんるいしません	4
ざんるいしました	4
ざんるいしませんでした	4
ざんるいしましょう	4
ざんるいしない	4
ざんるいしなかった	4
ざんるいした	4
ざんるいして	4
ざんるいしている	4
ざんるいしています	4
ざんるいしていた	4
ざんるいしていました	4
ざんるいしてる	4
ざんるいしてます	4
ざんぞんする	4
ざんぞんします	4
ざんぞんしません	4
ざんぞんしました	4
ざんぞんしませんでした	4
ざんぞんしましょう	4
ざんぞんしない	4
ざんぞんしなかった	4
ざんぞんした	4
ざんぞんして	4
ざんぞんしている	4
ざんぞんしています	4
ざんぞんしていた	4
ざんぞんしていました	4
ざんぞんしてる	4
ざんぞんしてます	4
ざんぎょうする	4
ざんぎょうします	4
ざんぎょうしません	4
ざんぎょうしました	4
ざんぎょうしませんでした	4
ざんぎょうしましょう	4
ざんぎょうしない	4
ざんぎょうしなかった	4
ざんぎょうした	4
ざんぎょうして	4
ざんぎょうしている	4
ざんぎょうしています	4
ざんぎょうしていた	4
ざんぎょうしていました	4
ざんぎょうしてる	4
ざんぎょうしてます	4
ざんりゅうする	4
ざんりゅうします	4
ざんりゅうしません	4
ざんりゅうしました	4
ざんりゅうしませんでした	4
ざんりゅうしましょう	4
ざんりゅうしない	4
ざんりゅうしなかった	4
ざんりゅうした	4
ざんりゅうして	4
ざんりゅうしている	4
ざんりゅうしています	4
ざんりゅうしていた	4
ざんりゅうしていました	4
ざんりゅうしてる	4
ざんりゅうしてます	4
おうだする	1
おうだします	1
おうだしません	1
おうだしました	1
おうだしませんでした	1
おうだしましょう	1
おうだしない	1
おうだしなかった	1
おうだした	1
おうだして	1
おうだしている	1
おうだしています	1
おうだしていた	1
おうだしていました	1
おうだしてる	1
おうだしてます	1
だんどりする	4
だんどりします	4
だんどりしません	4
だんどりしました	4
だんどりしませんでした	4
だんどりしましょう	4
だんどりしない	4
だんどりしなかった	4
だんどりした	4
だんどりして	4
だんどりしている	4
だんどりしています	4
だんどりしていた	4
だんどりしていました	4
だんどりしてる	4
だんどりしてます	4
さつじんする	4
さつじんします	4
さつじんしません	4
さつじんしました	4
さつじんしませんでした	4
さつじんしましょう	4
さつじんしない	4
さつじんしなかった	4
さつじんした	4
さつじんして	4
さつじんしている	4
さつじんしています	4
さつじんしていた	4
さつじんしていました	4
さつじんしてる	4
さつじんしてます	4
さっしょうする	4
さっしょうします	4
さっしょうしません	4
さっしょうしました	4
さっしょうしませんでした	4
さっしょうしましょう	4
さっしょうしない	4
さっしょうしなかった	4
さっしょうした	4
さっしょうして	4
さっしょうしている	4
さっしょうしています	4
さっしょうしていた	4
さっしょうしていました	4
さっしょうしてる	4
さっしょうしてます	4
さっとうする	4
さっとうします	4
さっとうしません	4
さっとうしました	4
さっとうしませんでした	4
さっとうしましょう	4
さっとうしない	4
さっとうしなかった	4
さっとうした	4
さっとうして	4
さっとうしている	4
さっとうしています	4
さっとうしていた	4
さっとうしていました	4
さっとうしてる	4
さっとうしてます	4
さつがいする	4
さつがいします	4
さつがいしません	4
さつがいしました	4
さつがいしませんでした	4
さつがいしましょう	4
さつがいしない	4
さつがいしなかった	4
さつがいした	4
さつがいして	4
さつがいしている	4
さつがいしています	4
さつがいしていた	4
さつがいしていました	4
さつがいしてる	4
さつがいしてます	4
さっきんする	4
さっきんします	4
さっきんしません	4
さっきんしました	4
さっきんしませんでした	4
さっきんしましょう	4
さっきんしない	4
さっきんしなかった	4
さっきんした	4
さっきんして	4
さっきんしている	4
さっきんしています	4
さっきんしていた	4
さっきんしていました	4
さっきんしてる	4
さっきんしてます	4
ひれいする	3
ひれいします	3
ひれいしません	3
ひれいしました	3
ひれいしませんでした	3
ひれいしましょう	3
ひれいしない	3
ひれいしなかった	3
ひれいした	3
ひれいして	3
ひれいしている	3
ひれいしています	3
ひれいしていた	3
ひれいしていました	3
ひれいしてる	3
ひれいしてます	3
ひかくする	3
ひかくします	3
ひかくしません	3
ひかくしました	3
ひかくしませんでした	3
ひかくしましょう	3
ひかくしない	3
ひかくしなかった	3
ひかくした	3
ひかくして	3
ひかくしている	3
ひかくしています	3
ひかくしていた	3
ひかくしていました	3
ひかくしてる	3
ひかくしてます	3
みんえいかする	5
みんえいかします	5
みんえいかしません	5
みんえいかしました	5
みんえいかしませんでした	5
みんえいかしましょう	5
みんえいかしない	5
みんえいかしなかった	5
みんえいかした	5
みんえいかして	5
みんえいかしている	5
みんえいかしています	5
みんえいかしていた	5
みんえいかしていました	5
みんえいかしてる	5
みんえいかしてます	5
きづかれする	4
きづかれします	4
きづかれしません	4
きづかれしました	4
きづかれしませんでした	4
きづかれしましょう	4
きづかれしない	4
きづかれしなかった	4
きづかれした	4
きづかれして	4
きづかれしている	4
きづかれしています	4
きづかれしていた	4
きづかれしていました	4
きづかれしてる	4
きづかれしてます	4
きがねする	3
きがねします	3
きがねしません	3
きがねしました	3
きがねしませんでした	3
きがねしましょう	3
きがねしない	3
きがねしなかった	3
きがねした	3
きがねして	3
きがねしている	3
きがねしています	3
きがねしていた	3
きがねしていました	3
きがねしてる	3
きがねしてます	3
きぜつする	3
きぜつします	3
きぜつしません	3
きぜつしました	3
きぜつしませんでした	3
きぜつしましょう	3
きぜつしない	3
きぜつしなかった	3
きぜつした	3
きぜつして	3
きぜつしている	3
きぜつしています	3
きぜつしていた	3
きぜつしていました	3
きぜつしてる	3
きぜつしてます	3
きくばりする	2
きくばりします	2
きくばりしません	2
きくばりしました	2
きくばりしませんでした	2
きくばりしましょう	2
きくばりしない	2
きくばりしなかった	2
きくばりした	2
きくばりして	2
きくばりしている	2
きくばりしています	2
きくばりしていた	2
きくばりしていました	2
きくばりしてる	2
きくばりしてます	2
みずましする	4
みずましします	4
みずまししません	4
みずまししました	4
みずまししませんでした	4
みずまししましょう	4
みずまししない	4
みずまししなかった	4
みずましした	4
みずましして	4
みずまししている	4
みずまししています	4
みずまししていた	4
みずまししていました	4
みずまししてる	4
みずまししてます	4
みずあげする	4
みずあげします	4
みずあげしません	4
みずあげしました	4
みずあげしませんでした	4
みずあげしましょう	4
みずあげしない	4
みずあげしなかった	4
みずあげした	4
みずあげして	4
みずあげしている	4
みずあげしています	4
みずあげしていた	4
みずあげしていました	4
みずあげしてる	4
みずあげしてます	4
すいしする	3
すいしします	3
すいししません	3
すいししました	3
すいししませんでした	3
すいししましょう	3
すいししない	3
すいししなかった	3
すいしした	3
すいしして	3
すいししている	3
すいししています	3
すいししていた	3
すいししていました	3
すいししてる	3
すいししてます	3
すいえいする	4
すいえいします	4
すいえいしません	4
すいえいしました	4
すいえいしませんでした	4
すいえいしましょう	4
すいえいしない	4
すいえいしなかった	4
すいえいした	4
すいえいして	4
すいえいしている	4
すいえいしています	4
すいえいしていた	4
すいえいしていました	4
すいえいしてる	4
すいえいしてます	4
えいじゅうする	4
えいじゅうします	4
えいじゅうしません	4
えいじゅうしました	4
えいじゅうしませんでした	4
えいじゅうしましょう	4
えいじゅうしない	4
えいじゅうしなかった	4
えいじゅうした	4
えいじゅうして	4
えいじゅうしている	4
えいじゅうしています	4
えいじゅうしていた	4
えいじゅうしていました	4
えいじゅうしてる	4
えいじゅうしてます	4
えいぞくする	4
えいぞくします	4
えいぞくしません	4
えいぞくしました	4
えいぞくしませんでした	4
えいぞくしましょう	4
えいぞくしない	4
えいぞくしなかった	4
えいぞくした	4
えいぞくして	4
えいぞくしている	4
えいぞくしています	4
えいぞくしていた	4
えいぞくしていました	4
えいぞくしてる	4
えいぞくしてます	4
きゅうじんする	4
きゅうじんします	4
きゅうじんしません	4
きゅうじんしました	4
きゅうじんしませんでした	4
きゅうじんしましょう	4
きゅうじんしない	4
きゅうじんしなかった	4
きゅうじんした	4
きゅうじんして	4
きゅうじんしている	4
きゅうじんしています	4
きゅうじんしていた	4
きゅうじんしていました	4
きゅうじんしてる	4
きゅうじんしてます	4
はんようする	4
はんようします	4
はんようしません	4
はんようしました	4
はんようしませんでした	4
はんようしましょう	4
はんようしない	4
はんようしなかった	4
はんようした	4
はんようして	4
はんようしている	4
はんようしています	4
はんようしていた	4
はんようしていました	4
はんようしてる	4
はんようしてます	4
おせんする	3
おせんします	3
おせんしません	3
おせんしました	3
おせんしませんでした	3
おせんしましょう	3
おせんしない	3
おせんしなかった	3
おせんした	3
おせんして	3
おせんしている	3
おせんしています	3
おせんしていた	3
おせんしていました	3
おせんしてる	3
おせんしてます	3
おだくする	3
おだくします	3
おだくしません	3
おだくしました	3
おだくしませんでした	3
おだくしましょう	3
おだくしない	3
おだくしなかった	3
おだくした	3
おだくして	3
おだくしている	3
おだくしています	3
おだくしていた	3
おだくしていました	3
おだくしてる	3
おだくしてます	3
おしょくする	3
おしょくします	3
おしょくしません	3
おしょくしました	3
おしょくしませんでした	3
おしょくしましょう	3
おしょくしない	3
おしょくしなかった	3
おしょくした	3
おしょくして	3
おしょくしている	3
おしょくしています	3
おしょくしていた	3
おしょくしていました	3
おしょくしてる	3
おしょくしてます	3
けっするする	3
けっするします	6
けっするしません	7
けっするしました	6
けっするしませんでした	7
けっするしましょう	7
けっするしない	5
けっするしなかった	5
けっするした	3
けっするして	3
けっするしている	3
けっするしています	3
けっするしていた	3
けっするしていました	3
けっするしてる	3
けっするしてます	3
けつべつする	4
けつべつします	4
けつべつしません	4
けつべつしました	4
けつべつしませんでした	4
けつべつしましょう	4
けつべつしない	4
けつべつしなかった	4
けつべつした	4
けつべつして	4
けつべつしている	4
けつべつしています	4
けつべつしていた	4
けつべつしていました	4
けつべつしてる	4
けつべつしてます	4
けっていする	4
けっていします	4
けっていしません	4
けっていしました	4
けっていしませんでした	4
けっていしましょう	4
けっていしない	4
けっていしなかった	4
けっていした	4
けっていして	4
けっていしている	4
けっていしています	4
けっていしていた	4
けっていしていました	4
けっていしてる	4
けっていしてます	4
けっしんする	1
けっしんします	1
けっしんしません	1
けっしんしました	1
けっしんしませんでした	1
けっしんしましょう	1
けっしんしない	1
けっしんしなかった	1
けっしんした	1
けっしんして	1
けっしんしている	1
けっしんしています	1
けっしんしていた	1
けっしんしていました	1
けっしんしてる	1
けっしんしてます	1
けついする	1
けついします	1
けついしません	1
けついしました	1
けついしませんでした	1
けついしましょう	1
けついしない	1
けついしなかった	1
けついした	1
けついして	1
けついしている	1
けついしています	1
けついしていた	1
けついしていました	1
けついしてる	1
けついしてます	1
けっせんする	4
けっせんします	4
けっせんしません	4
けっせんしました	4
けっせんしませんでした	4
けっせんしましょう	4
けっせんしない	4
けっせんしなかった	4
けっせんした	4
けっせんして	4
けっせんしている	4
けっせんしています	4
けっせんしていた	4
けっせんしていました	4
けっせんしてる	4
けっせんしてます	4
けつだんする	4
けつだんします	4
けつだんしません	4
けつだんしました	4
けつだんしませんでした	4
けつだんしましょう	4
けつだんしない	4
けつだんしなかった	4
けつだんした	4
けつだんして	4
けつだんしている	4
けつだんしています	4
けつだんしていた	4
けつだんしていました	4
けつだんしてる	4
けつだんしてます	4
けっさいする	1
けっさいします	1
けっさいしません	1
けっさいしました	1
けっさいしませんでした	1
けっさいしましょう	1
けっさいしない	1
けっさいしなかった	1
けっさいした	1
けっさいして	1
けっさいしている	1
けっさいしています	1
けっさいしていた	1
けっさいしていました	1
けっさいしてる	1
けっさいしてます	1
けっちゃくする	4
けっちゃくします	4
けっちゃくしません	4
けっちゃくしました	4
けっちゃくしませんでした	4
けっちゃくしましょう	4
けっちゃくしない	4
けっちゃくしなかった	4
けっちゃくした	4
けっちゃくして	4
けっちゃくしている	4
けっちゃくしています	4
けっちゃくしていた	4
けっちゃくしていました	4
けっちゃくしてる	4
けっちゃくしてます	4
けっさんする	1
けっさんします	1
けっさんしません	1
けっさんしました	1
けっさんしませんでした	1
けっさんしましょう	1
けっさんしない	1
けっさんしなかった	1
けっさんした	1
けっさんして	1
けっさんしている	1
けっさんしています	1
けっさんしていた	1
けっさんしていました	1
けっさんしてる	1
けっさんしてます	1
けつれつする	4
けつれつします	4
けつれつしません	4
けつれつしました	4
けつれつしませんでした	4
けつれつしましょう	4
けつれつしない	4
けつれつしなかった	4
けつれつした	4
けつれつして	4
けつれつしている	4
けつれつしています	4
けつれつしていた	4
けつれつしていました	4
けつれつしてる	4
けつれつしてます	4
けつぎする	1
けつぎします	1
けつぎしません	1
けつぎしました	1
けつぎしませんでした	1
けつぎしましょう	1
けつぎしない	1
けつぎしなかった	1
けつぎした	1
けつぎして	1
けつぎしている	1
けつぎしています	1
けつぎしていた	1
けつぎしていました	1
けつぎしてる	1
けつぎしてます	1
けっきする	1
けっきします	1
けっきしません	1
けっきしました	1
けっきしませんでした	1
けっきしましょう	1
けっきしない	1
けっきしなかった	1
けっきした	1
けっきして	1
けっきしている	1
けっきしています	1
けっきしていた	1
けっきしていました	1
けっきしてる	1
けっきしてます	1
ちんかする	3
ちんかします	3
ちんかしません	3
ちんかしました	3
ちんかしませんでした	3
ちんかしましょう	3
ちんかしない	3
ちんかしなかった	3
ちんかした	3
ちんかして	3
ちんかしている	3
ちんかしています	3
ちんかしていた	3
ちんかしていました	3
ちんかしてる	3
ちんかしてます	3
ちんぼつする	4
ちんぼつします	4
ちんぼつしません	4
ちんぼつしました	4
ちんぼつしませんでした	4
ちんぼつしましょう	4
ちんぼつしない	4
ちんぼつしなかった	4
ちんぼつした	4
ちんぼつして	4
ちんぼつしている	4
ちんぼつしています	4
ちんぼつしていた	4
ちんぼつしていました	4
ちんぼつしてる	4
ちんぼつしてます	4
ちんちゃくする	4
ちんちゃくします	4
ちんちゃくしません	4
ちんちゃくしました	4
ちんちゃくしませんでした	4
ちんちゃくしましょう	4
ちんちゃくしない	4
ちんちゃくしなかった	4
ちんちゃくした	4
ちんちゃくして	4
ちんちゃくしている	4
ちんちゃくしています	4
ちんちゃくしていた	4
ちんちゃくしていました	4
ちんちゃくしてる	4
ちんちゃくしてます	4
ちんもくする	4
ちんもくします	4
ちんもくしません	4
ちんもくしました	4
ちんもくしませんでした	4
ちんもくしましょう	4
ちんもくしない	4
ちんもくしなかった	4
ちんもくした	4
ちんもくして	4
ちんもくしている	4
ちんもくしています	4
ちんもくしていた	4
ちんもくしていました	4
ちんもくしてる	4
ちんもくしてます	4
ぼっしゅうする	4
ぼっしゅうします	4
ぼっしゅうしません	4
ぼっしゅうしました	4
ぼっしゅうしませんでした	4
ぼっしゅうしましょう	4
ぼっしゅうしない	4
ぼっしゅうしなかった	4
ぼっしゅうした	4
ぼっしゅうして	4
ぼっしゅうしている	4
ぼっしゅうしています	4
ぼっしゅうしていた	4
ぼっしゅうしていました	4
ぼっしゅうしてる	4
ぼっしゅうしてます	4
ぼつらくする	4
ぼつらくします	4
ぼつらくしません	4
ぼつらくしました	4
ぼつらくしませんでした	4
ぼつらくしましょう	4
ぼつらくしない	4
ぼつらくしなかった	4
ぼつらくした	4
ぼつらくして	4
ぼつらくしている	4
ぼつらくしています	4
ぼつらくしていた	4
ぼつらくしていました	4
ぼつらくしてる	4
ぼつらくしてます	4
ぼっとうする	4
ぼっとうします	4
ぼっとうしません	4
ぼっとうしました	4
ぼっとうしませんでした	4
ぼっとうしましょう	4
ぼっとうしない	4
ぼっとうしなかった	4
ぼっとうした	4
ぼっとうして	4
ぼっとうしている	4
ぼっとうしています	4
ぼっとうしていた	4
ぼっとうしていました	4
ぼっとうしてる	4
ぼっとうしてます	4
ふっとうする	4
ふっとうします	4
ふっとうしません	4
ふっとうしました	4
ふっとうしませんでした	4
ふっとうしましょう	4
ふっとうしない	4
ふっとうしなかった	4
ふっとうした	4
ふっとうして	4
ふっとうしている	4
ふっとうしています	4
ふっとうしていた	4
ふっとうしていました	4
ふっとうしてる	4
ふっとうしてます	4
ゆだんする	3
ゆだんします	3
ゆだんしません	3
ゆだんしました	3
ゆだんしませんでした	3
ゆだんしましょう	3
ゆだんしない	3
ゆだんしなかった	3
ゆだんした	3
ゆだんして	3
ゆだんしている	3
ゆだんしています	3
ゆだんしていた	3
ゆだんしていました	3
ゆだんしてる	3
ゆだんしてます	3
ちすいする	3
ちすいします	3
ちすいしません	3
ちすいしました	3
ちすいしませんでした	3
ちすいしましょう	3
ちすいしない	3
ちすいしなかった	3
ちすいした	3
ちすいして	3
ちすいしている	3
ちすいしています	3
ちすいしていた	3
ちすいしていました	3
ちすいしてる	3
ちすいしてます	3
ちりょうする	3
ちりょうします	3
ちりょうしません	3
ちりょうしました	3
ちりょうしませんでした	3
ちりょうしましょう	3
ちりょうしない	3
ちりょうしなかった	3
ちりょうした	3
ちりょうして	3
ちりょうしている	3
ちりょうしています	3
ちりょうしていた	3
ちりょうしていました	3
ちりょうしてる	3
ちりょうしてます	3
ちゆする	1
ちゆします	1
ちゆしません	1
ちゆしました	1
ちゆしませんでした	1
ちゆしましょう	1
ちゆしない	1
ちゆしなかった	1
ちゆした	1
ちゆして	1
ちゆしている	1
ちゆしています	1
ちゆしていた	1
ちゆしていました	1
ちゆしてる	1
ちゆしてます	1
はきゅうする	3
はきゅうします	3
はきゅうしません	3
はきゅうしました	3
はきゅうしませんでした	3
はきゅうしましょう	3
はきゅうしない	3
はきゅうしなかった	3
はきゅうした	3
はきゅうして	3
はきゅうしている	3
はきゅうしています	3
はきゅうしていた	3
はきゅうしていました	3
はきゅうしてる	3
はきゅうしてます	3
どろどろする	1
どろどろします	1
どろどろしません	1
どろどろしました	1
どろどろしませんでした	1
どろどろしましょう	1
どろどろしない	1
どろどろしなかった	1
どろどろした	1
どろどろして	1
どろどろしている	1
どろどろしています	1
どろどろしていた	1
どろどろしていました	1
どろどろしてる	1
どろどろしてます	1
どろぼうする	4
どろぼうします	4
どろぼうしません	4
どろぼうしました	4
どろぼうしませんでした	4
どろぼうしましょう	4
どろぼうしない	4
どろぼうしなかった	4
どろぼうした	4
どろぼうして	4
どろぼうしている	4
どろぼうしています	4
どろぼうしていた	4
どろぼうしていました	4
どろぼうしてる	4
どろぼうしてます	4
ちゅうする	3
ちゅうしない	0
ちゅうしなかった	7
ちゅうにゅうする	4
ちゅうにゅうします	4
ちゅうにゅうしません	4
ちゅうにゅうしました	4
ちゅうにゅうしませんでした	4
ちゅうにゅうしましょう	4
ちゅうにゅうしない	4
ちゅうにゅうしなかった	4
ちゅうにゅうした	4
ちゅうにゅうして	4
ちゅうにゅうしている	4
ちゅうにゅうしています	4
ちゅうにゅうしていた	4
ちゅうにゅうしていました	4
ちゅうにゅうしてる	4
ちゅうにゅうしてます	4
ちゅうしゃする	3
ちゅうしゃします	3
ちゅうしゃしません	3
ちゅうしゃしました	3
ちゅうしゃしませんでした	3
ちゅうしゃしましょう	3
ちゅうしゃしない	3
ちゅうしゃしなかった	3
ちゅうしゃした	3
ちゅうしゃして	3
ちゅうしゃしている	3
ちゅうしゃしています	3
ちゅうしゃしていた	3
ちゅうしゃしていました	3
ちゅうしゃしてる	3
ちゅうしゃしてます	3
ちゅういする	1
ちゅういします	1
ちゅういしません	1
ちゅういしました	1
ちゅういしませんでした	1
ちゅういしましょう	1
ちゅういしない	1
ちゅういしなかった	1
ちゅういした	1
ちゅういして	1
ちゅういしている	1
ちゅういしています	1
ちゅういしていた	1
ちゅういしていました	1
ちゅういしてる	1
ちゅういしてます	1
ちゅうもんする	4
ちゅうもんします	4
ちゅうもんしません	4
ちゅうもんしました	4
ちゅうもんしませんでした	4
ちゅうもんしましょう	4
ちゅうもんしない	4
ちゅうもんしなかった	4
ちゅうもんした	4
ちゅうもんして	4
ちゅうもんしている	4
ちゅうもんしています	4
ちゅうもんしていた	4
ちゅうもんしていました	4
ちゅうもんしてる	4
ちゅうもんしてます	4
ちゅうもくする	4
ちゅうもくします	4
ちゅうもくしません	4
ちゅうもくしました	4
ちゅうもくしませんでした	4
ちゅうもくしましょう	4
ちゅうもくしない	4
ちゅうもくしなかった	4
ちゅうもくした	4
ちゅうもくして	4
ちゅうもくしている	4
ちゅうもくしています	4
ちゅうもくしていた	4
ちゅうもくしていました	4
ちゅうもくしてる	4
ちゅうもくしてます	4
せんじょうする	4
せんじょうします	4
せんじょうしません	4
せんじょうしました	4
せんじょうしませんでした	4
せんじょうしましょう	4
せんじょうしない	4
せんじょうしなかった	4
せんじょうした	4
せんじょうして	4
せんじょうしている	4
せんじょうしています	4
せんじょうしていた	4
せんじょうしていました	4
せんじょうしてる	4
せんじょうしてます	4
せんたくする	4
せんたくします	4
せんたくしません	4
せんたくしました	4
せんたくしませんでした	4
せんたくしましょう	4
せんたくしない	4
せんたくしなかった	4
せんたくした	4
せんたくして	4
せんたくしている	4
せんたくしています	4
せんたくしていた	4
せんたくしていました	4
せんたくしてる	4
せんたくしてます	4
せんれんする	4
せんれんします	4
せんれんしません	4
せんれんしました	4
せんれんしませんでした	4
せんれんしましょう	4
せんれんしない	4
せんれんしなかった	4
せんれんした	4
せんれんして	4
せんれんしている	4
せんれんしています	4
せんれんしていた	4
せんれんしていました	4
せんれんしてる	4
せんれんしてます	4
せんめんする	4
せんめんします	4
せんめんしません	4
せんめんしました	4
せんめんしませんでした	4
せんめんしましょう	4
せんめんしない	4
せんめんしなかった	4
せんめんした	4
せんめんして	4
せんめんしている	4
せんめんしています	4
せんめんしていた	4
せんめんしていました	4
せんめんしてる	4
せんめんしてます	4
どうさつする	4
どうさつします	4
どうさつしません	4
どうさつしました	4
どうさつしませんでした	4
どうさつしましょう	4
どうさつしない	4
どうさつしなかった	4
どうさつした	4
どうさつして	4
どうさつしている	4
どうさつしています	4
どうさつしていた	4
どうさつしていました	4
どうさつしてる	4
どうさつしてます	4
かつどうする	4
かつどうします	4
かつどうしません	4
かつどうしました	4
かつどうしませんでした	4
かつどうしましょう	4
かつどうしない	4
かつどうしなかった	4
かつどうした	4
かつどうして	4
かつどうしている	4
かつどうしています	4
かつどうしていた	4
かつどうしていました	4
かつどうしてる	4
かつどうしてます	4
かつようする	4
かつようします	4
かつようしません	4
かつようしました	4
かつようしませんでした	4
かつようしましょう	4
かつようしない	4
かつようしなかった	4
かつようした	4
かつようして	4
かつようしている	4
かつようしています	4
かつようしていた	4
かつようしていました	4
かつようしてる	4
かつようしてます	4
かつやくする	4
かつやくします	4
かつやくしません	4
かつやくしました	4
かつやくしませんでした	4
かつやくしましょう	4
かつやくしない	4
かつやくしなかった	4
かつやくした	4
かつやくして	4
かつやくしている	4
かつやくしています	4
かつやくしていた	4
かつやくしていました	4
かつやくしてる	4
かつやくしてます	4
はへいする	3
はへいします	3
はへいしません	3
はへいしました	3
はへいしませんでした	3
はへいしましょう	3
はへいしない	3
はへいしなかった	3
はへいした	3
はへいして	3
はへいしている	3
はへいしています	3
はへいしていた	3
はへいしていました	3
はへいしてる	3
はへいしてます	3
はせいする	3
はせいします	3
はせいしません	3
はせいしました	3
はせいしませんでした	3
はせいしましょう	3
はせいしない	3
はせいしなかった	3
はせいした	3
はせいして	3
はせいしている	3
はせいしています	3
はせいしていた	3
はせいしていました	3
はせいしてる	3
はせいしてます	3
はけんする	3
はけんします	3
はけんしません	3
はけんしました	3
はけんしませんでした	3
はけんしましょう	3
はけんしない	3
はけんしなかった	3
はけんした	3
はけんして	3
はけんしている	3
はけんしています	3
はけんしていた	3
はけんしていました	3
はけんしてる	3
はけんしてます	3
りゅうにゅうする	4
りゅうにゅうします	4
りゅうにゅうしません	4
りゅうにゅうしました	4
りゅうにゅうしませんでした	4
りゅうにゅうしましょう	4
りゅうにゅうしない	4
りゅうにゅうしなかった	4
りゅうにゅうした	4
りゅうにゅうして	4
りゅうにゅうしている	4
りゅうにゅうしています	4
りゅうにゅうしていた	4
りゅうにゅうしていました	4
りゅうにゅうしてる	4
りゅうにゅうしてます	4
りゅうしゅつする	4
りゅうしゅつします	4
りゅうしゅつしません	4
りゅうしゅつしました	4
りゅうしゅつしませんでした	4
りゅうしゅつしましょう	4
りゅうしゅつしない	4
りゅうしゅつしなかった	4
りゅうしゅつした	4
りゅうしゅつして	4
りゅうしゅつしている	4
りゅうしゅつしています	4
りゅうしゅつしていた	4
りゅうしゅつしていました	4
りゅうしゅつしてる	4
りゅうしゅつしてます	4
りゅうどうする	4
りゅうどうします	4
りゅうどうしません	4
りゅうどうしました	4
りゅうどうしませんでした	4
りゅうどうしましょう	4
りゅうどうしない	4
りゅうどうしなかった	4
りゅうどうした	4
りゅうどうして	4
りゅうどうしている	4
りゅうどうしています	4
りゅうどうしていた	4
りゅうどうしていました	4
りゅうどうしてる	4
りゅうどうしてます	4
りゅうようする	4
りゅうようします	4
りゅうようしません	4
りゅうようしました	4
りゅうようしませんでした	4
りゅうようしましょう	4
りゅうようしない	4
りゅうようしなかった	4
りゅうようした	4
りゅうようして	4
りゅうようしている	4
りゅうようしています	4
りゅうようしていた	4
りゅうようしていました	4
りゅうようしてる	4
りゅうようしてます	4
りゅうけつする	4
りゅうけつします	4
りゅうけつしません	4
りゅうけつしました	4
りゅうけつしませんでした	4
りゅうけつしましょう	4
りゅうけつしない	4
りゅうけつしなかった	4
りゅうけつした	4
りゅうけつして	4
りゅうけつしている	4
りゅうけつしています	4
りゅうけつしていた	4
りゅうけつしていました	4
りゅうけつしてる	4
りゅうけつしてます	4
りゅうこうする	4
りゅうこうします	4
りゅうこうしません	4
りゅうこうしました	4
りゅうこうしませんでした	4
りゅうこうしましょう	4
りゅうこうしない	4
りゅうこうしなかった	4
りゅうこうした	4
りゅうこうして	4
りゅうこうしている	4
りゅうこうしています	4
りゅうこうしていた	4
りゅうこうしていました	4
りゅうこうしてる	4
りゅうこうしてます	4
りゅうつうする	4
りゅうつうします	4
りゅうつうしません	4
りゅうつうしました	4
りゅうつうしませんでした	4
りゅうつうしましょう	4
りゅうつうしない	4
りゅうつうしなかった	4
りゅうつうした	4
りゅうつうして	4
りゅうつうしている	4
りゅうつうしています	4
りゅうつうしていた	4
りゅうつうしていました	4
りゅうつうしてる	4
りゅうつうしてます	4
じょうかする	3
じょうかします	3
じょうかしません	3
じょうかしました	3
じょうかしませんでした	3
じょうかしましょう	3
じょうかしない	3
じょうかしなかった	3
じょうかした	3
じょうかして	3
じょうかしている	3
じょうかしています	3
じょうかしていた	3
じょうかしていました	3
じょうかしてる	3
じょうかしてます	3
ろうにんする	4
ろうにんします	4
ろうにんしません	4
ろうにんしました	4
ろうにんしませんでした	4
ろうにんしましょう	4
ろうにんしない	4
ろうにんしなかった	4
ろうにんした	4
ろうにんして	4
ろうにんしている	4
ろうにんしています	4
ろうにんしていた	4
ろうにんしていました	4
ろうにんしてる	4
ろうにんしてます	4
ろうひする	3
ろうひします	3
ろうひしません	3
ろうひしました	3
ろうひしませんでした	3
ろうひしましょう	3
ろうひしない	3
ろうひしなかった	3
ろうひした	3
ろうひして	3
ろうひしている	3
ろうひしています	3
ろうひしていた	3
ろうひしていました	3
ろうひしてる	3
ろうひしてます	3
うきうきする	1
うきうきします	1
うきうきしません	1
うきうきしました	1
うきうきしませんでした	1
うきうきしましょう	1
うきうきしない	1
うきうきしなかった	1
うきうきした	1
うきうきして	1
うきうきしている	1
うきうきしています	1
うきうきしていた	1
うきうきしていました	1
うきうきしてる	1
うきうきしてます	1
ふじょうする	3
ふじょうします	3
ふじょうしません	3
ふじょうしました	3
ふじょうしませんでした	3
ふじょうしましょう	3
ふじょうしない	3
ふじょうしなかった	3
ふじょうした	3
ふじょうして	3
ふじょうしている	3
ふじょうしています	3
ふじょうしていた	3
ふじょうしていました	3
ふじょうしてる	3
ふじょうしてます	3
うわきする	3
うわきします	3
うわきしません	3
うわきしました	3
うわきしませんでした	3
うわきしましょう	3
うわきしない	3
うわきしなかった	3
うわきした	3
うわきして	3
うわきしている	3
うわきしています	3
うわきしていた	3
うわきしていました	3
うわきしてる	3
うわきしてます	3
ふちんする	3
ふちんします	3
ふちんしません	3
ふちんしました	3
ふちんしませんでした	3
ふちんしましょう	3
ふちんしない	3
ふちんしなかった	3
ふちんした	3
ふちんして	3
ふちんしている	3
ふちんしています	3
ふちんしていた	3
ふちんしていました	3
ふちんしてる	3
ふちんしてます	3
ふゆうする	3
ふゆうします	3
ふゆうしません	3
ふゆうしました	3
ふゆうしませんでした	3
ふゆうしましょう	3
ふゆうしない	3
ふゆうしなかった	3
ふゆうした	3
ふゆうして	3
ふゆうしている	3
ふゆうしています	3
ふゆうしていた	3
ふゆうしていました	3
ふゆうしてる	3
ふゆうしてます	3
しんすいする	4
しんすいします	4
しんすいしません	4
しんすいしました	4
しんすいしませんでした	4
しんすいしましょう	4
しんすいしない	4
しんすいしなかった	4
しんすいした	4
しんすいして	4
しんすいしている	4
しんすいしています	4
しんすいしていた	4
しんすいしていました	4
しんすいしてる	4
しんすいしてます	4
しんとうする	4
しんとうします	4
しんとうしません	4
しんとうしました	4
しんとうしませんでした	4
しんとうしましょう	4
しんとうしない	4
しんとうしなかった	4
しんとうした	4
しんとうして	4
しんとうしている	4
しんとうしています	4
しんとうしていた	4
しんとうしていました	4
しんとうしてる	4
しんとうしてます	4
しょうかする	3
しょうかします	3
しょうかしません	3
しょうかしました	3
しょうかしませんでした	3
しょうかしましょう	3
しょうかしない	3
しょうかしなかった	3
しょうかした	3
しょうかして	3
しょうかしている	3
しょうかしています	3
しょうかしていた	3
しょうかしていました	3
しょうかしてる	3
しょうかしてます	3
しょうきょする	1
しょうきょします	1
しょうきょしません	1
しょうきょしました	1
しょうきょしませんでした	1
しょうきょしましょう	1
しょうきょしない	1
しょうきょしなかった	1
しょうきょした	1
しょうきょして	1
しょうきょしている	1
しょうきょしています	1
しょうきょしていた	1
しょうきょしていました	1
しょうきょしてる	1
しょうきょしてます	1
しょうきょくする	4
しょうきょくします	4
しょうきょくしません	4
しょうきょくしました	4
しょうきょくしませんでした	4
しょうきょくしましょう	4
しょうきょくしない	4
しょうきょくしなかった	4
しょうきょくした	4
しょうきょくして	4
しょうきょくしている	4
しょうきょくしています	4
しょうきょくしていた	4
しょうきょくしていました	4
しょうきょくしてる	4
しょうきょくしてます	4
しょうどくする	4
しょうどくします	4
しょうどくしません	4
しょうどくしました	4
しょうどくしませんでした	4
しょうどくしましょう	4
しょうどくしない	4
しょうどくしなかった	4
しょうどくした	4
しょうどくして	4
しょうどくしている	4
しょうどくしています	4
しょうどくしていた	4
しょうどくしていました	4
しょうどくしてる	4
しょうどくしてます	4
しょうめつする	4
しょうめつします	4
しょうめつしません	4
しょうめつしました	4
しょうめつしませんでした	4
しょうめつしましょう	4
しょうめつしない	4
しょうめつしなかった	4
しょうめつした	4
しょうめつして	4
しょうめつしている	4
しょうめつしています	4
しょうめつしていた	4
しょうめつしていました	4
しょうめつしてる	4
しょうめつしてます	4
しょうとうする	4
しょうとうします	4
しょうとうしません	4
しょうとうしました	4
しょうとうしませんでした	4
しょうとうしましょう	4
しょうとうしない	4
しょうとうしなかった	4
しょうとうした	4
しょうとうして	4
しょうとうしている	4
しょうとうしています	4
しょうとうしていた	4
しょうとうしていました	4
しょうとうしてる	4
しょうとうしてます	4
しょうもうする	4
しょうもうします	4
しょうもうしません	4
しょうもうしました	4
しょうもうしませんでした	4
しょうもうしましょう	4
しょうもうしない	4
しょうもうしなかった	4
しょうもうした	4
しょうもうして	4
しょうもうしている	4
しょうもうしています	4
しょうもうしていた	4
しょうもうしていました	4
しょうもうしてる	4
しょうもうしてます	4
しょうひする	3
しょうひします	3
しょうひしません	3
しょうひしました	3
しょうひしませんでした	3
しょうひしましょう	3
しょうひしない	3
しょうひしなかった	3
しょうひした	3
しょうひして	3
しょうひしている	3
しょうひしています	3
しょうひしていた	3
しょうひしていました	3
しょうひしてる	3
しょうひしてます	3
えきかする	3
えきかします	3
えきかしません	3
えきかしました	3
えきかしませんでした	3
えきかしましょう	3
えきかしない	3
えきかしなかった	3
えきかした	3
えきかして	3
えきかしている	3
えきかしています	3
えきかしていた	3
えきかしていました	3
えきかしてる	3
えきかしてます	3
しんこくかする	5
しんこくかします	5
しんこくかしません	5
しんこくかしました	5
しんこくかしませんでした	5
しんこくかしましょう	5
しんこくかしない	5
しんこくかしなかった	5
しんこくかした	5
しんこくかして	5
しんこくかしている	5
しんこくかしています	5
しんこくかしていた	5
しんこくかしていました	5
しんこくかしてる	5
しんこくかしてます	5
こんらんする	4
こんらんします	4
こんらんしません	4
こんらんしました	4
こんらんしませんでした	4
こんらんしましょう	4
こんらんしない	4
こんらんしなかった	4
こんらんした	4
こんらんして	4
こんらんしている	4
こんらんしています	4
こんらんしていた	4
こんらんしていました	4
こんらんしてる	4
こんらんしてます	4
こんにゅうする	4
こんにゅうします	4
こんにゅうしません	4
こんにゅうしました	4
こんにゅうしませんでした	4
こんにゅうしましょう	4
こんにゅうしない	4
こんにゅうしなかった	4
こんにゅうした	4
こんにゅうして	4
こんにゅうしている	4
こんにゅうしています	4
こんにゅうしていた	4
こんにゅうしていました	4
こんにゅうしてる	4
こんにゅうしてます	4
こんごうする	4
こんごうします	4
こんごうしません	4
こんごうしました	4
こんごうしませんでした	4
こんごうしましょう	4
こんごうしない	4
こんごうしなかった	4
こんごうした	4
こんごうして	4
こんごうしている	4
こんごうしています	4
こんごうしていた	4
こんごうしていました	4
こんごうしてる	4
こんごうしてます	4
こんどうする	4
こんどうします	4
こんどうしません	4
こんどうしました	4
こんどうしませんでした	4
こんどうしましょう	4
こんどうしない	4
こんどうしなかった	4
こんどうした	4
こんどうして	4
こんどうしている	4
こんどうしています	4
こんどうしていた	4
こんどうしていました	4
こんどうしてる	4
こんどうしてます	4
こんせいする	4
こんせいします	4
こんせいしません	4
こんせいしました	4
こんせいしませんでした	4
こんせいしましょう	4
こんせいしない	4
こんせいしなかった	4
こんせいした	4
こんせいして	4
こんせいしている	4
こんせいしています	4
こんせいしていた	4
こんせいしていました	4
こんせいしてる	4
こんせいしてます	4
こんせんする	4
こんせんします	4
こんせんしません	4
こんせんしました	4
こんせんしませんでした	4
こんせんしましょう	4
こんせんしない	4
こんせんしなかった	4
こんせんした	4
こんせんして	4
こんせんしている	4
こんせんしています	4
こんせんしていた	4
こんせんしていました	4
こんせんしてる	4
こんせんしてます	4
こんけつする	4
こんけつします	4
こんけつしません	4
こんけつしました	4
こんけつしませんでした	4
こんけつしましょう	4
こんけつしない	4
こんけつしなかった	4
こんけつした	4
こんけつして	4
こんけつしている	4
こんけつしています	4
こんけつしていた	4
こんけつしていました	4
こんけつしてる	4
こんけつしてます	4
こんめいする	4
こんめいします	4
こんめいしません	4
こんめいしました	4
こんめいしませんでした	4
こんめいしましょう	4
こんめいしない	4
こんめいしなかった	4
こんめいした	4
こんめいして	4
こんめいしている	4
こんめいしています	4
こんめいしていた	4
こんめいしていました	4
こんめいしてる	4
こんめいしてます	4
こんざつする	1
こんざつします	1
こんざつしません	1
こんざつしました	1
こんざつしませんでした	1
こんざつしましょう	1
こんざつしない	1
こんざつしなかった	1
こんざつした	1
こんざつして	1
こんざつしている	1
こんざつしています	1
こんざつしていた	1
こんざつしていました	1
こんざつしてる	1
こんざつしてます	1
てんじょうする	4
てんじょうします	4
てんじょうしません	4
てんじょうしました	4
てんじょうしませんでした	4
てんじょうしましょう	4
てんじょうしない	4
てんじょうしなかった	4
てんじょうした	4
てんじょうして	4
てんじょうしている	4
てんじょうしています	4
てんじょうしていた	4
てんじょうしていました	4
てんじょうしてる	4
てんじょうしてます	4
てんぷする	3
てんぷします	3
てんぷしません	3
てんぷしました	3
てんぷしませんでした	3
てんぷしましょう	3
てんぷしない	3
てんぷしなかった	3
てんぷした	3
てんぷして	3
てんぷしている	3
てんぷしています	3
てんぷしていた	3
てんぷしていました	3
てんぷしてる	3
てんぷしてます	3
てんさくする	4
てんさくします	4
てんさくしません	4
てんさくしました	4
てんさくしませんでした	4
てんさくしましょう	4
てんさくしない	4
てんさくしなかった	4
てんさくした	4
てんさくして	4
てんさくしている	4
てんさくしています	4
てんさくしていた	4
てんさくしていました	4
てんさくしてる	4
てんさくしてます	4
てんかする	3
てんかします	3
てんかしません	3
てんかしました	3
てんかしませんでした	3
てんかしましょう	3
てんかしない	3
てんかしなかった	3
てんかした	3
てんかして	3
てんかしている	3
てんかしています	3
てんかしていた	3
てんかしていました	3
てんかしてる	3
てんかしてます	3
せいしょする	3
せいしょします	3
せいしょしません	3
せいしょしました	3
せいしょしませんでした	3
せいしょしましょう	3
せいしょしない	3
せいしょしなかった	3
せいしょした	3
せいしょして	3
せいしょしている	3
せいしょしています	3
せいしょしていた	3
せいしょしていました	3
せいしょしてる	3
せいしょしてます	3
せいさんする	4
せいさんします	4
せいさんしません	4
せいさんしました	4
せいさんしませんでした	4
せいさんしましょう	4
せいさんしない	4
せいさんしなかった	4
せいさんした	4
せいさんして	4
せいさんしている	4
せいさんしています	4
せいさんしていた	4
せいさんしていました	4
せいさんしてる	4
せいさんしてます	4
かっすいする	4
かっすいします	4
かっすいしません	4
かっすいしました	4
かっすいしませんでした	4
かっすいしましょう	4
かっすいしない	4
かっすいしなかった	4
かっすいした	4
かっすいして	4
かっすいしている	4
かっすいしています	4
かっすいしていた	4
かっすいしていました	4
かっすいしてる	4
かっすいしてます	4
じゅうたいする	4
じゅうたいします	4
じゅうたいしません	4
じゅうたいしました	4
じゅうたいしませんでした	4
じゅうたいしましょう	4
じゅうたいしない	4
じゅうたいしなかった	4
じゅうたいした	4
じゅうたいして	4
じゅうたいしている	4
じゅうたいしています	4
じゅうたいしていた	4
じゅうたいしていました	4
じゅうたいしてる	4
じゅうたいしてます	4
げんめんする	4
げんめんします	4
げんめんしません	4
げんめんしました	4
げんめんしませんでした	4
げんめんしましょう	4
げんめんしない	4
げんめんしなかった	4
げんめんした	4
げんめんして	4
げんめんしている	4
げんめんしています	4
げんめんしていた	4
げんめんしていました	4
げんめんしてる	4
げんめんしてます	4
げんたんする	4
げんたんします	4
げんたんしません	4
げんたんしました	4
げんたんしませんでした	4
げんたんしましょう	4
げんたんしない	4
げんたんしなかった	4
げんたんした	4
げんたんして	4
げんたんしている	4
げんたんしています	4
げんたんしていた	4
げんたんしていました	4
げんたんしてる	4
げんたんしてます	4
げんしゅうする	4
げんしゅうします	4
げんしゅうしません	4
げんしゅうしました	4
げんしゅうしませんでした	4
げんしゅうしましょう	4
げんしゅうしない	4
げんしゅうしなかった	4
げんしゅうした	4
げんしゅうして	4
げんしゅうしている	4
げんしゅうしています	4
げんしゅうしていた	4
げんしゅうしていました	4
げんしゅうしてる	4
げんしゅうしてます	4
げんしょうする	4
げんしょうします	4
げんしょうしません	4
げんしょうしました	4
げんしょうしませんでした	4
げんしょうしましょう	4
げんしょうしない	4
げんしょうしなかった	4
げんしょうした	4
げんしょうして	4
げんしょうしている	4
げんしょうしています	4
げんしょうしていた	4
げんしょうしていました	4
げんしょうしてる	4
げんしょうしてます	4
げんてんする	4
げんてんします	4
げんてんしません	4
げんてんしました	4
げんてんしませんでした	4
げんてんしましょう	4
げんてんしない	4
げんてんしなかった	4
げんてんした	4
げんてんして	4
げんてんしている	4
げんてんしています	4
げんてんしていた	4
げんてんしていました	4
げんてんしてる	4
げんてんしてます	4
げんさんする	4
げんさんします	4
げんさんしません	4
げんさんしました	4
げんさんしませんでした	4
げんさんしましょう	4
げんさんしない	4
げんさんしなかった	4
げんさんした	4
げんさんして	4
げんさんしている	4
げんさんしています	4
げんさんしていた	4
げんさんしていました	4
げんさんしてる	4
げんさんしてます	4
げんえきする	4
げんえきします	4
げんえきしません	4
げんえきしました	4
げんえきしませんでした	4
げんえきしましょう	4
げんえきしない	4
げんえきしなかった	4
げんえきした	4
げんえきして	4
げんえきしている	4
げんえきしています	4
げんえきしていた	4
げんえきしていました	4
げんえきしてる	4
げんえきしてます	4
げんぜいする	4
げんぜいします	4
げんぜいしません	4
げんぜいしました	4
げんぜいしませんでした	4
げんぜいしましょう	4
げんぜいしない	4
げんぜいしなかった	4
げんぜいした	4
げんぜいして	4
げんぜいしている	4
げんぜいしています	4
げんぜいしていた	4
げんぜいしていました	4
げんぜいしてる	4
げんぜいしてます	4
げんきゅうする	4
げんきゅうします	4
げんきゅうしません	4
げんきゅうしました	4
げんきゅうしませんでした	4
げんきゅうしましょう	4
げんきゅうしない	4
げんきゅうしなかった	4
げんきゅうした	4
げんきゅうして	4
げんきゅうしている	4
げんきゅうしています	4
げんきゅうしていた	4
げんきゅうしていました	4
げんきゅうしてる	4
げんきゅうしてます	4
げんたいする	4
げんたいします	4
げんたいしません	4
げんたいしました	4
げんたいしませんでした	4
げんたいしましょう	4
げんたいしない	4
げんたいしなかった	4
げんたいした	4
げんたいして	4
げんたいしている	4
げんたいしています	4
げんたいしていた	4
げんたいしていました	4
げんたいしてる	4
げんたいしてます	4
げんそくする	4
げんそくします	4
げんそくしません	4
げんそくしました	4
げんそくしませんでした	4
げんそくしましょう	4
げんそくしない	4
げんそくしなかった	4
げんそくした	4
げんそくして	4
げんそくしている	4
げんそくしています	4
げんそくしていた	4
げんそくしていました	4
げんそくしてる	4
げんそくしてます	4
げんりょうする	4
げんりょうします	4
げんりょうしません	4
げんりょうしました	4
げんりょうしませんでした	4
げんりょうしましょう	4
げんりょうしない	4
げんりょうしなかった	4
げんりょうした	4
げんりょうして	4
げんりょうしている	4
げんりょうしています	4
げんりょうしていた	4
げんりょうしていました	4
げんりょうしてる	4
げんりょうしてます	4
げんがくする	4
げんがくします	4
げんがくしません	4
げんがくしました	4
げんがくしませんでした	4
げんがくしましょう	4
げんがくしない	4
げんがくしなかった	4
げんがくした	4
げんがくして	4
げんがくしている	4
げんがくしています	4
げんがくしていた	4
げんがくしていました	4
げんがくしてる	4
げんがくしてます	4
とこうする	3
とこうします	3
とこうしません	3
とこうしました	3
とこうしませんでした	3
とこうしましょう	3
とこうしない	3
とこうしなかった	3
とこうした	3
とこうして	3
とこうしている	3
とこうしています	3
とこうしていた	3
とこうしていました	3
とこうしてる	3
とこうしてます	3
おんぞんする	4
おんぞんします	4
おんぞんしません	4
おんぞんしました	4
おんぞんしませんでした	4
おんぞんしましょう	4
おんぞんしない	4
おんぞんしなかった	4
おんぞんした	4
おんぞんして	4
おんぞんしている	4
おんぞんしています	4
おんぞんしていた	4
おんぞんしていました	4
おんぞんしてる	4
おんぞんしてます	4
そくていする	4
そくていします	4
そくていしません	4
そくていしました	4
そくていしませんでした	4
そくていしましょう	4
そくていしない	4
そくていしなかった	4
そくていした	4
そくていして	4
そくていしている	4
そくていしています	4
そくていしていた	4
そくていしていました	4
そくていしてる	4
そくていしてます	4
そくりょうする	4
そくりょうします	4
そくりょうしません	4
そくりょうしました	4
そくりょうしませんでした	4
そくりょうしましょう	4
そくりょうしない	4
そくりょうしなかった	4
そくりょうした	4
そくりょうして	4
そくりょうしている	4
そくりょうしています	4
そくりょうしていた	4
そくりょうしていました	4
そくりょうしてる	4
そくりょうしてます	4
まんりょうする	4
まんりょうします	4
まんりょうしません	4
まんりょうしました	4
まんりょうしませんでした	4
まんりょうしましょう	4
まんりょうしない	4
まんりょうしなかった	4
まんりょうした	4
まんりょうして	4
まんりょうしている	4
まんりょうしています	4
まんりょうしていた	4
まんりょうしていました	4
まんりょうしてる	4
まんりょうしてます	4
まんきつする	4
まんきつします	4
まんきつしません	4
まんきつしました	4
まんきつしませんでした	4
まんきつしましょう	4
まんきつしない	4
まんきつしなかった	4
まんきつした	4
まんきつして	4
まんきつしている	4
まんきつしています	4
まんきつしていた	4
まんきつしていました	4
まんきつしてる	4
まんきつしてます	4
まんぷくする	4
まんぷくします	4
まんぷくしません	4
まんぷくしました	4
まんぷくしませんでした	4
まんぷくしましょう	4
まんぷくしない	4
まんぷくしなかった	4
まんぷくした	4
まんぷくして	4
まんぷくしている	4
まんぷくしています	4
まんぷくしていた	4
まんぷくしていました	4
まんぷくしてる	4
まんぷくしてます	4
まんぞくする	1
まんぞくします	1
まんぞくしません	1
まんぞくしました	1
まんぞくしませんでした	1
まんぞくしましょう	1
まんぞくしない	1
まんぞくしなかった	1
まんぞくした	1
まんぞくして	1
まんぞくしている	1
まんぞくしています	1
まんぞくしていた	1
まんぞくしていました	1
まんぞくしてる	1
まんぞくしてます	1
まんかいする	4
まんかいします	4
まんかいしません	4
まんかいしました	4
まんかいしませんでした	4
まんかいしましょう	4
まんかいしない	4
まんかいしなかった	4
まんかいした	4
まんかいして	4
まんかいしている	4
まんかいしています	4
まんかいしていた	4
まんかいしていました	4
まんかいしてる	4
まんかいしてます	4
じゅんびする	1
じゅんびします	1
じゅんびしません	1
じゅんびしました	1
じゅんびしませんでした	1
じゅんびしましょう	1
じゅんびしない	1
じゅんびしなかった	1
じゅんびした	1
じゅんびして	1
じゅんびしている	1
じゅんびしています	1
じゅんびしていた	1
じゅんびしていました	1
じゅんびしてる	1
じゅんびしてます	1
ようせつする	4
ようせつします	4
ようせつしません	4
ようせつしました	4
ようせつしませんでした	4
ようせつしましょう	4
ようせつしない	4
ようせつしなかった	4
ようせつした	4
ようせつして	4
ようせつしている	4
ようせつしています	4
ようせつしていた	4
ようせつしていました	4
ようせつしてる	4
ようせつしてます	4
めつぼうする	4
めつぼうします	4
めつぼうしません	4
めつぼうしました	4
めつぼうしませんでした	4
めつぼうしましょう	4
めつぼうしない	4
めつぼうしなかった	4
めつぼうした	4
めつぼうして	4
めつぼうしている	4
めつぼうしています	4
めつぼうしていた	4
めつぼうしていました	4
めつぼうしてる	4
めつぼうしてます	4
かっそうする	4
かっそうします	4
かっそうしません	4
かっそうしました	4
かっそうしませんでした	4
かっそうしましょう	4
かっそうしない	4
かっそうしなかった	4
かっそうした	4
かっそうして	4
かっそうしている	4
かっそうしています	4
かっそうしていた	4
かっそうしていました	4
かっそうしてる	4
かっそうしてます	4
かっこうする	4
かっこうします	4
かっこうしません	4
かっこうしました	4
かっこうしませんでした	4
かっこうしましょう	4
かっこうしない	4
かっこうしなかった	4
かっこうした	4
かっこうして	4
かっこうしている	4
かっこうしています	4
かっこうしていた	4
かっこうしていました	4
かっこうしてる	4
かっこうしてます	4
たいざいする	4
たいざいします	4
たいざいしません	4
たいざいしました	4
たいざいしませんでした	4
たいざいしましょう	4
たいざいしない	4
たいざいしなかった	4
たいざいした	4
たいざいして	4
たいざいしている	4
たいざいしています	4
たいざいしていた	4
たいざいしていました	4
たいざいしてる	4
たいざいしてます	4
たいのうする	4
たいのうします	4
たいのうしません	4
たいのうしました	4
たいのうしませんでした	4
たいのうしましょう	4
たいのうしない	4
たいのうしなかった	4
たいのうした	4
たいのうして	4
たいのうしている	4
たいのうしています	4
たいのうしていた	4
たいのうしていました	4
たいのうしてる	4
たいのうしてます	4
ぎょかくする	3
ぎょかくします	3
ぎょかくしません	3
ぎょかくしました	3
ぎょかくしませんでした	3
ぎょかくしましょう	3
ぎょかくしない	3
ぎょかくしなかった	3
ぎょかくした	3
ぎょかくして	3
ぎょかくしている	3
ぎょかくしています	3
ぎょかくしていた	3
ぎょかくしていました	3
ぎょかくしてる	3
ぎょかくしてます	3
ひょうりゅうする	4
ひょうりゅうします	4
ひょうりゅうしません	4
ひょうりゅうしました	4
ひょうりゅうしませんでした	4
ひょうりゅうしましょう	4
ひょうりゅうしない	4
ひょうりゅうしなかった	4
ひょうりゅうした	4
ひょうりゅうして	4
ひょうりゅうしている	4
ひょうりゅうしています	4
ひょうりゅうしていた	4
ひょうりゅうしていました	4
ひょうりゅうしてる	4
ひょうりゅうしてます	4
ろうえいする	4
ろうえいします	4
ろうえいしません	4
ろうえいしました	4
ろうえいしませんでした	4
ろうえいしましょう	4
ろうえいしない	4
ろうえいしなかった	4
ろうえいした	4
ろうえいして	4
ろうえいしている	4
ろうえいしています	4
ろうえいしていた	4
ろうえいしていました	4
ろうえいしてる	4
ろうえいしてます	4
えんしゅつする	4
えんしゅつします	4
えんしゅつしません	4
えんしゅつしました	4
えんしゅつしませんでした	4
えんしゅつしましょう	4
えんしゅつしない	4
えんしゅつしなかった	4
えんしゅつした	4
えんしゅつして	4
えんしゅつしている	4
えんしゅつしています	4
えんしゅつしていた	4
えんしゅつしていました	4
えんしゅつしてる	4
えんしゅつしてます	4
えんそうする	4
えんそうします	4
えんそうしません	4
えんそうしました	4
えんそうしませんでした	4
えんそうしましょう	4
えんそうしない	4
えんそうしなかった	4
えんそうした	4
えんそうして	4
えんそうしている	4
えんそうしています	4
えんそうしていた	4
えんそうしていました	4
えんそうしてる	4
えんそうしてます	4
えんぎする	1
えんぎします	1
えんぎしません	1
えんぎしました	1
えんぎしませんでした	1
えんぎしましょう	1
えんぎしない	1
えんぎしなかった	1
えんぎした	1
えんぎして	1
えんぎしている	1
えんぎしています	1
えんぎしていた	1
えんぎしていました	1
えんぎしてる	1
えんぎしてます	1
えんざんする	4
えんざんします	4
えんざんしません	4
えんざんしました	4
えんざんしませんでした	4
えんざんしましょう	4
えんざんしない	4
えんざんしなかった	4
えんざんした	4
えんざんして	4
えんざんしている	4
えんざんしています	4
えんざんしていた	4
えんざんしていました	4
えんざんしてる	4
えんざんしてます	4
えんしゅうする	4
えんしゅうします	4
えんしゅうしません	4
えんしゅうしました	4
えんしゅうしませんでした	4
えんしゅうしましょう	4
えんしゅうしない	4
えんしゅうしなかった	4
えんしゅうした	4
えんしゅうして	4
えんしゅうしている	4
えんしゅうしています	4
えんしゅうしていた	4
えんしゅうしていました	4
えんしゅうしてる	4
えんしゅうしてます	4
えんぶする	3
えんぶします	3
えんぶしません	3
えんぶしました	3
えんぶしませんでした	3
えんぶしましょう	3
えんぶしない	3
えんぶしなかった	3
えんぶした	3
えんぶして	3
えんぶしている	3
えんぶしています	3
えんぶしていた	3
えんぶしていました	3
えんぶしてる	3
えんぶしてます	3
えんぜつする	4
えんぜつします	4
えんぜつしません	4
えんぜつしました	4
えんぜつしませんでした	4
えんぜつしましょう	4
えんぜつしない	4
えんぜつしなかった	4
えんぜつした	4
えんぜつして	4
えんぜつしている	4
えんぜつしています	4
えんぜつしていた	4
えんぜつしていました	4
えんぜつしてる	4
えんぜつしてます	4
せんざいする	4
せんざいします	4
せんざいしません	4
せんざいしました	4
せんざいしませんでした	4
せんざいしましょう	4
せんざいしない	4
せんざいしなかった	4
せんざいした	4
せんざいして	4
せんざいしている	4
せんざいしています	4
せんざいしていた	4
せんざいしていました	4
せんざいしてる	4
せんざいしてます	4
せんすいする	4
せんすいします	4
せんすいしません	4
せんすいしました	4
せんすいしませんでした	4
せんすいしましょう	4
せんすいしない	4
せんすいしなかった	4
せんすいした	4
せんすいして	4
せんすいしている	4
せんすいしています	4
せんすいしていた	4
せんすいしていました	4
せんすいしてる	4
せんすいしてます	4
じゅんしょくする	4
じゅんしょくします	4
じゅんしょくしません	4
じゅんしょくしました	4
じゅんしょくしませんでした	4
じゅんしょくしましょう	4
じゅんしょくしない	4
じゅんしょくしなかった	4
じゅんしょくした	4
じゅんしょくして	4
じゅんしょくしている	4
じゅんしょくしています	4
じゅんしょくしていた	4
じゅんしょくしていました	4
じゅんしょくしてる	4
じゅんしょくしてます	4
げきれいする	4
げきれいします	4
げきれいしません	4
げきれいしました	4
げきれいしませんでした	4
げきれいしましょう	4
げきれいしない	4
げきれいしなかった	4
げきれいした	4
げきれいして	4
げきれいしている	4
げきれいしています	4
げきれいしていた	4
げきれいしていました	4
げきれいしてる	4
げきれいしてます	4
げきどうする	4
げきどうします	4
げきどうしません	4
げきどうしました	4
げきどうしませんでした	4
げきどうしましょう	4
げきどうしない	4
げきどうしなかった	4
げきどうした	4
げきどうして	4
げきどうしている	4
げきどうしています	4
げきどうしていた	4
げきどうしていました	4
げきどうしてる	4
げきどうしてます	4
げきかする	3
げきかします	3
げきかしません	3
げきかしました	3
げきかしませんでした	3
げきかしましょう	3
げきかしない	3
げきかしなかった	3
げきかした	3
げきかして	3
げきかしている	3
げきかしています	3
げきかしていた	3
げきかしていました	3
げきかしてる	3
げきかしてます	3
げきへんする	4
げきへんします	4
げきへんしません	4
げきへんしました	4
げきへんしませんでした	4
げきへんしましょう	4
げきへんしない	4
げきへんしなかった	4
げきへんした	4
げきへんして	4
げきへんしている	4
げきへんしています	4
げきへんしていた	4
げきへんしていました	4
げきへんしてる	4
げきへんしてます	4
げきどする	1
げきどします	1
げきどしません	1
げきどしました	1
げきどしませんでした	1
げきどしましょう	1
げきどしない	1
げきどしなかった	1
げきどした	1
げきどして	1
げきどしている	1
げきどしています	1
げきどしていた	1
げきどしていました	1
げきどしてる	1
げきどしてます	1
げきせんする	4
げきせんします	4
げきせんしません	4
げきせんしました	4
げきせんしませんでした	4
げきせんしましょう	4
げきせんしない	4
げきせんしなかった	4
げきせんした	4
げきせんして	4
げきせんしている	4
げきせんしています	4
げきせんしていた	4
げきせんしていました	4
げきせんしてる	4
げきせんしてます	4
げきげんする	4
げきげんします	4
げきげんしません	4
げきげんしました	4
げきげんしませんでした	4
げきげんしましょう	4
げきげんしない	4
げきげんしなかった	4
げきげんした	4
げきげんして	4
げきげんしている	4
げきげんしています	4
げきげんしていた	4
げきげんしていました	4
げきげんしてる	4
げきげんしてます	4
げきとつする	4
げきとつします	4
げきとつしません	4
げきとつしました	4
げきとつしませんでした	4
げきとつしましょう	4
げきとつしない	4
げきとつしなかった	4
げきとつした	4
げきとつして	4
げきとつしている	4
げきとつしています	4
げきとつしていた	4
げきとつしていました	4
げきとつしてる	4
げきとつしてます	4
げきろんする	4
げきろんします	4
げきろんしません	4
げきろんしました	4
げきろんしませんでした	4
げきろんしましょう	4
げきろんしない	4
げきろんしなかった	4
げきろんした	4
げきろんして	4
げきろんしている	4
げきろんしています	4
げきろんしていた	4
げきろんしていました	4
げきろんしてる	4
げきろんしてます	4
のうしゅくする	4
のうしゅくします	4
のうしゅくしません	4
のうしゅくしました	4
のうしゅくしませんでした	4
のうしゅくしましょう	4
のうしゅくしない	4
のうしゅくしなかった	4
のうしゅくした	4
のうしゅくして	4
のうしゅくしている	4
のうしゅくしています	4
のうしゅくしていた	4
のうしゅくしていました	4
のうしゅくしてる	4
のうしゅくしてます	4
かんがいする	4
かんがいします	4
かんがいしません	4
かんがいしました	4
かんがいしませんでした	4
かんがいしましょう	4
かんがいしない	4
かんがいしなかった	4
かんがいした	4
かんがいして	4
かんがいしている	4
かんがいしています	4
かんがいしていた	4
かんがいしていました	4
かんがいしてる	4
かんがいしてます	4
やけどする	3
やけどします	3
やけどしません	3
やけどしました	3
やけどしませんでした	3
やけどしましょう	3
やけどしない	3
やけどしなかった	3
やけどした	3
やけどして	3
やけどしている	3
やけどしています	3
やけどしていた	3
やけどしていました	3
やけどしてる	3
やけどしてます	3
すいじする	3
すいじします	3
すいじしません	3
すいじしました	3
すいじしませんでした	3
すいじしましょう	3
すいじしない	3
すいじしなかった	3
すいじした	3
すいじして	3
すいじしている	3
すいじしています	3
すいじしていた	3
すいじしていました	3
すいじしてる	3
すいじしてます	3
えんじょうする	4
えんじょうします	4
えんじょうしません	4
えんじょうしました	4
えんじょうしませんでした	4
えんじょうしましょう	4
えんじょうしない	4
えんじょうしなかった	4
えんじょうした	4
えんじょうして	4
えんじょうしている	4
えんじょうしています	4
えんじょうしていた	4
えんじょうしていました	4
えんじょうしてる	4
えんじょうしてます	4
さくれつする	4
さくれつします	4
さくれつしません	4
さくれつしました	4
さくれつしませんでした	4
さくれつしましょう	4
さくれつしない	4
さくれつしなかった	4
さくれつした	4
さくれつして	4
さくれつしている	4
さくれつしています	4
さくれつしていた	4
さくれつしていました	4
さくれつしてる	4
さくれつしてます	4
てんざいする	4
てんざいします	4
てんざいしません	4
てんざいしました	4
てんざいしませんでした	4
てんざいしましょう	4
てんざいしない	4
てんざいしなかった	4
てんざいした	4
てんざいして	4
てんざいしている	4
てんざいしています	4
てんざいしていた	4
てんざいしていました	4
てんざいしてる	4
てんざいしてます	4
てんけんする	4
てんけんします	4
てんけんしません	4
てんけんしました	4
てんけんしませんでした	4
てんけんしましょう	4
てんけんしない	4
てんけんしなかった	4
てんけんした	4
てんけんして	4
てんけんしている	4
てんけんしています	4
てんけんしていた	4
てんけんしていました	4
てんけんしてる	4
てんけんしてます	4
てんめつする	4
てんめつします	4
てんめつしません	4
てんめつしました	4
てんめつしませんでした	4
てんめつしましょう	4
てんめつしない	4
てんめつしなかった	4
てんめつした	4
てんめつして	4
てんめつしている	4
てんめつしています	4
てんめつしていた	4
てんめつしていました	4
てんめつしてる	4
てんめつしてます	4
てんてきする	4
てんてきします	4
てんてきしません	4
てんてきしました	4
てんてきしませんでした	4
てんてきしましょう	4
てんてきしない	4
てんてきしなかった	4
てんてきした	4
てんてきして	4
てんてきしている	4
てんてきしています	4
てんてきしていた	4
てんてきしていました	4
てんてきしてる	4
てんてきしてます	4
てんやくする	4
てんやくします	4
てんやくしません	4
てんやくしました	4
てんやくしませんでした	4
てんやくしましょう	4
てんやくしない	4
てんやくしなかった	4
てんやくした	4
てんやくして	4
てんやくしている	4
てんやくしています	4
てんやくしていた	4
てんやくしていました	4
てんやくしてる	4
てんやくしてます	4
むしんする	3
むしんします	3
むしんしません	3
むしんしました	3
むしんしませんでした	3
むしんしましょう	3
むしんしない	3
むしんしなかった	3
むしんした	3
むしんして	3
むしんしている	3
むしんしています	3
むしんしていた	3
むしんしていました	3
むしんしてる	3
むしんしてます	3
むりする	1
むりします	1
むりしません	1
むりしました	1
むりしませんでした	1
むりしましょう	1
むりしない	1
むりしなかった	1
むりした	1
むりして	1
むりしている	1
むりしています	1
むりしていた	1
むりしていました	1
むりしてる	1
むりしてます	1
ぶしょうする	2
ぶしょうします	2
ぶしょうしません	2
ぶしょうしました	2
ぶしょうしませんでした	2
ぶしょうしましょう	2
ぶしょうしない	2
ぶしょうしなかった	2
ぶしょうした	2
ぶしょうして	2
ぶしょうしている	2
ぶしょうしています	2
ぶしょうしていた	2
ぶしょうしていました	2
ぶしょうしてる	2
ぶしょうしてます	2
むしする	1
むしします	1
むししません	1
むししました	1
むししませんでした	1
むししましょう	1
むししない	1
むししなかった	1
むしした	1
むしして	1
むししている	1
むししています	1
むししていた	1
むししていました	1
むししてる	1
むししてます	1
むだづかいする	3
むだづかいします	3
むだづかいしません	3
むだづかいしました	3
むだづかいしませんでした	3
むだづかいしましょう	3
むだづかいしない	3
むだづかいしなかった	3
むだづかいした	3
むだづかいして	3
むだづかいしている	3
むだづかいしています	3
むだづかいしていた	3
むだづかいしていました	3
むだづかいしてる	3
むだづかいしてます	3
しょうしする	3
しょうしします	3
しょうししません	3
しょうししました	3
しょうししませんでした	3
しょうししましょう	3
しょうししない	3
しょうししなかった	3
しょうしした	3
しょうしして	3
しょうししている	3
しょうししています	3
しょうししていた	3
しょうししていました	3
しょうししてる	3
しょうししてます	3
しょうかいする	4
しょうかいします	4
しょうかいしません	4
しょうかいしました	4
しょうかいしませんでした	4
しょうかいしましょう	4
しょうかいしない	4
しょうかいしなかった	4
しょうかいした	4
しょうかいして	4
しょうかいしている	4
しょうかいしています	4
しょうかいしていた	4
しょうかいしていました	4
しょうかいしてる	4
しょうかいしてます	4
しょうしゃする	1
しょうしゃします	1
しょうしゃしません	1
しょうしゃしました	1
しょうしゃしませんでした	1
しょうしゃしましょう	1
しょうしゃしない	1
しょうしゃしなかった	1
しょうしゃした	1
しょうしゃして	1
しょうしゃしている	1
しょうしゃしています	1
しょうしゃしていた	1
しょうしゃしていました	1
しょうしゃしてる	1
しょうしゃしてます	1
しょうめいする	4
しょうめいします	4
しょうめいしません	4
しょうめいしました	4
しょうめいしませんでした	4
しょうめいしましょう	4
しょうめいしない	4
しょうめいしなかった	4
しょうめいした	4
しょうめいして	4
しょうめいしている	4
しょうめいしています	4
しょうめいしていた	4
しょうめいしていました	4
しょうめいしてる	4
しょうめいしてます	4
じゅくちする	1
じゅくちします	1
じゅくちしません	1
じゅくちしました	1
じゅくちしませんでした	1
じゅくちしましょう	1
じゅくちしない	1
じゅくちしなかった	1
じゅくちした	1
じゅくちして	1
じゅくちしている	1
じゅくちしています	1
じゅくちしていた	1
じゅくちしていました	1
じゅくちしてる	1
じゅくちしてます	1
じゅくれんする	4
じゅくれんします	4
じゅくれんしません	4
じゅくれんしました	4
じゅくれんしませんでした	4
じゅくれんしましょう	4
じゅくれんしない	4
じゅくれんしなかった	4
じゅくれんした	4
じゅくれんして	4
じゅくれんしている	4
じゅくれんしています	4
じゅくれんしていた	4
じゅくれんしていました	4
じゅくれんしてる	4
じゅくれんしてます	4
ねっするする	4
ねっするします	6
ねっするしません	7
ねっするしました	6
ねっするしませんでした	7
ねっするしましょう	7
ねっするしない	5
ねっするしなかった	5
ねっするした	4
ねっするして	4
ねっするしている	4
ねっするしています	4
ねっするしていた	4
ねっするしていました	4
ねっするしてる	4
ねっするしてます	4
ねっちゅうする	4
ねっちゅうします	4
ねっちゅうしません	4
ねっちゅうしました	4
ねっちゅうしませんでした	4
ねっちゅうしましょう	4
ねっちゅうしない	4
ねっちゅうしなかった	4
ねっちゅうした	4
ねっちゅうして	4
ねっちゅうしている	4
ねっちゅうしています	4
ねっちゅうしていた	4
ねっちゅうしていました	4
ねっちゅうしてる	4
ねっちゅうしてます	4
ねっきょうする	4
ねっきょうします	4
ねっきょうしません	4
ねっきょうしました	4
ねっきょうしませんでした	4
ねっきょうしましょう	4
ねっきょうしない	4
ねっきょうしなかった	4
ねっきょうした	4
ねっきょうして	4
ねっきょうしている	4
ねっきょうしています	4
ねっきょうしていた	4
ねっきょうしていました	4
ねっきょうしてる	4
ねっきょうしてます	4
ねんしょうする	4
ねんしょうします	4
ねんしょうしません	4
ねんしょうしました	4
ねんしょうしませんでした	4
ねんしょうしましょう	4
ねんしょうしない	4
ねんしょうしなかった	4
ねんしょうした	4
ねんしょうして	4
ねんしょうしている	4
ねんしょうしています	4
ねんしょうしていた	4
ねんしょうしていました	4
ねんしょうしてる	4
ねんしょうしてます	4
ばくげきする	4
ばくげきします	4
ばくげきしません	4
ばくげきしました	4
ばくげきしませんでした	4
ばくげきしましょう	4
ばくげきしない	4
ばくげきしなかった	4
ばくげきした	4
ばくげきして	4
ばくげきしている	4
ばくげきしています	4
ばくげきしていた	4
ばくげきしていました	4
ばくげきしてる	4
ばくげきしてます	4
ばくはつする	4
ばくはつします	4
ばくはつしません	4
ばくはつしました	4
ばくはつしませんでした	4
ばくはつしましょう	4
ばくはつしない	4
ばくはつしなかった	4
ばくはつした	4
ばくはつして	4
ばくはつしている	4
ばくはつしています	4
ばくはつしていた	4
ばくはつしていました	4
ばくはつしてる	4
ばくはつしてます	4
ばくはする	3
ばくはします	3
ばくはしません	3
ばくはしました	3
ばくはしませんでした	3
ばくはしましょう	3
ばくはしない	3
ばくはしなかった	3
ばくはした	3
ばくはして	3
ばくはしている	3
ばくはしています	3
ばくはしていた	3
ばくはしていました	3
ばくはしてる	3
ばくはしてます	3
ばくしょうする	4
ばくしょうします	4
ばくしょうしません	4
ばくしょうしました	4
ばくしょうしませんでした	4
ばくしょうしましょう	4
ばくしょうしない	4
ばくしょうしなかった	4
ばくしょうした	4
ばくしょうして	4
ばくしょうしている	4
ばくしょうしています	4
ばくしょうしていた	4
ばくしょうしていました	4
ばくしょうしてる	4
ばくしょうしてます	4
とくばいする	4
とくばいします	4
とくばいしません	4
とくばいしました	4
とくばいしませんでした	4
とくばいしましょう	4
とくばいしない	4
とくばいしなかった	4
とくばいした	4
とくばいして	4
とくばいしている	4
とくばいしています	4
とくばいしていた	4
とくばいしていました	4
とくばいしてる	4
とくばいしてます	4
とくていする	4
とくていします	4
とくていしません	4
とくていしました	4
とくていしませんでした	4
とくていしましょう	4
とくていしない	4
とくていしなかった	4
とくていした	4
とくていして	4
とくていしている	4
とくていしています	4
とくていしていた	4
とくていしていました	4
とくていしてる	4
とくていしてます	4
とくさんする	4
とくさんします	4
とくさんしません	4
とくさんしました	4
とくさんしませんでした	4
とくさんしましょう	4
とくさんしない	4
とくさんしなかった	4
とくさんした	4
とくさんして	4
とくさんしている	4
とくさんしています	4
とくさんしていた	4
とくさんしていました	4
とくさんしてる	4
とくさんしてます	4
とくひつする	4
とくひつします	4
とくひつしません	4
とくひつしました	4
とくひつしませんでした	4
とくひつしましょう	4
とくひつしない	4
とくひつしなかった	4
とくひつした	4
とくひつして	4
とくひつしている	4
とくひつしています	4
とくひつしていた	4
とくひつしていました	4
とくひつしてる	4
とくひつしてます	4
とくやくする	4
とくやくします	4
とくやくしません	4
とくやくしました	4
とくやくしませんでした	4
とくやくしましょう	4
とくやくしない	4
とくやくしなかった	4
とくやくした	4
とくやくして	4
とくやくしている	4
とくやくしています	4
とくやくしていた	4
とくやくしていました	4
とくやくしてる	4
とくやくしてます	4
とくせいする	4
とくせいします	4
とくせいしません	4
とくせいしました	4
とくせいしませんでした	4
とくせいしましょう	4
とくせいしない	4
とくせいしなかった	4
とくせいした	4
とくせいして	4
とくせいしている	4
とくせいしています	4
とくせいしていた	4
とくせいしていました	4
とくせいしてる	4
とくせいしてます	4
とっくんする	4
とっくんします	4
とっくんしません	4
とっくんしました	4
とっくんしませんでした	4
とっくんしましょう	4
とっくんしない	4
とっくんしなかった	4
とっくんした	4
とっくんして	4
とっくんしている	4
とっくんしています	4
とっくんしていた	4
とっくんしていました	4
とっくんしてる	4
とっくんしてます	4
とくせつする	4
とくせつします	4
とくせつしません	4
とくせつしました	4
とくせつしませんでした	4
とくせつしましょう	4
とくせつしない	4
とくせつしなかった	4
とくせつした	4
とくせつして	4
とくせつしている	4
とくせつしています	4
とくせつしていた	4
とくせつしていました	4
とくせつしてる	4
とくせつしてます	4
とくせんする	4
とくせんします	4
とくせんしません	4
とくせんしました	4
とくせんしませんでした	4
とくせんしましょう	4
とくせんしない	4
とくせんしなかった	4
とくせんした	4
とくせんして	4
とくせんしている	4
とくせんしています	4
とくせんしていた	4
とくせんしていました	4
とくせんしてる	4
とくせんしてます	4
とくしゅうする	4
とくしゅうします	4
とくしゅうしません	4
とくしゅうしました	4
とくしゅうしませんでした	4
とくしゅうしましょう	4
とくしゅうしない	4
とくしゅうしなかった	4
とくしゅうした	4
とくしゅうして	4
とくしゅうしている	4
とくしゅうしています	4
とくしゅうしていた	4
とくしゅうしていました	4
とくしゅうしてる	4
とくしゅうしてます	4
きょうらんする	4
きょうらんします	4
きょうらんしません	4
きょうらんしました	4
きょうらんしませんでした	4
きょうらんしましょう	4
きょうらんしない	4
きょうらんしなかった	4
きょうらんした	4
きょうらんして	4
きょうらんしている	4
きょうらんしています	4
きょうらんしていた	4
きょうらんしていました	4
きょうらんしてる	4
きょうらんしてます	4
しゅりょうする	3
しゅりょうします	3
しゅりょうしません	3
しゅりょうしました	3
しゅりょうしませんでした	3
しゅりょうしましょう	3
しゅりょうしない	3
しゅりょうしなかった	3
しゅりょうした	3
しゅりょうして	3
しゅりょうしている	3
しゅりょうしています	3
しゅりょうしていた	3
しゅりょうしていました	3
しゅりょうしてる	3
しゅりょうしてます	3
ひとりじめする	5
ひとりじめします	5
ひとりじめしません	5
ひとりじめしました	5
ひとりじめしませんでした	5
ひとりじめしましょう	5
ひとりじめしない	5
ひとりじめしなかった	5
ひとりじめした	5
ひとりじめして	5
ひとりじめしている	5
ひとりじめしています	5
ひとりじめしていた	5
ひとりじめしていました	5
ひとりじめしてる	5
ひとりじめしてます	5
どくそうする	4
どくそうします	4
どくそうしません	4
どくそうしました	4
どくそうしませんでした	4
どくそうしましょう	4
どくそうしない	4
どくそうしなかった	4
どくそうした	4
どくそうして	4
どくそうしている	4
どくそうしています	4
どくそうしていた	4
どくそうしていました	4
どくそうしてる	4
どくそうしてます	4
どくせんする	4
どくせんします	4
どくせんしません	4
どくせんしました	4
どくせんしませんでした	4
どくせんしましょう	4
どくせんしない	4
どくせんしなかった	4
どくせんした	4
どくせんして	4
どくせんしている	4
どくせんしています	4
どくせんしていた	4
どくせんしていました	4
どくせんしてる	4
どくせんしてます	4
どくがくする	4
どくがくします	4
どくがくしません	4
どくがくしました	4
どくがくしませんでした	4
どくがくしましょう	4
どくがくしない	4
どくがくしなかった	4
どくがくした	4
どくがくして	4
どくがくしている	4
どくがくしています	4
どくがくしていた	4
どくがくしていました	4
どくがくしてる	4
どくがくしてます	4
どくだんする	4
どくだんします	4
どくだんしません	4
どくだんしました	4
どくだんしませんでした	4
どくだんしましょう	4
どくだんしない	4
どくだんしなかった	4
どくだんした	4
どくだんして	4
どくだんしている	4
どくだんしています	4
どくだんしていた	4
どくだんしていました	4
どくだんしてる	4
どくだんしてます	4
どくりつする	4
どくりつします	4
どくりつしません	4
どくりつしました	4
どくりつしませんでした	4
どくりつしましょう	4
どくりつしない	4
どくりつしなかった	4
どくりつした	4
どくりつして	4
どくりつしている	4
どくりつしています	4
どくりつしていた	4
どくりつしていました	4
どくりつしてる	4
どくりつしてます	4
どくさいする	4
どくさいします	4
どくさいしません	4
どくさいしました	4
どくさいしませんでした	4
どくさいしましょう	4
どくさいしない	4
どくさいしなかった	4
どくさいした	4
どくさいして	4
どくさいしている	4
どくさいしています	4
どくさいしていた	4
どくさいしていました	4
どくさいしてる	4
どくさいしてます	4
もうだする	2
もうだします	2
もうだしません	2
もうだしました	2
もうだしませんでした	2
もうだしましょう	2
もうだしない	2
もうだしなかった	2
もうだした	2
もうだして	2
もうだしている	2
もうだしています	2
もうだしていた	2
もうだしていました	2
もうだしてる	2
もうだしてます	2
もうこうする	4
もうこうします	4
もうこうしません	4
もうこうしました	4
もうこうしませんでした	4
もうこうしましょう	4
もうこうしない	4
もうこうしなかった	4
もうこうした	4
もうこうして	4
もうこうしている	4
もうこうしています	4
もうこうしていた	4
もうこうしていました	4
もうこうしてる	4
もうこうしてます	4
けんじょうする	4
けんじょうします	4
けんじょうしません	4
けんじょうしました	4
けんじょうしませんでした	4
けんじょうしましょう	4
けんじょうしない	4
けんじょうしなかった	4
けんじょうした	4
けんじょうして	4
けんじょうしている	4
けんじょうしています	4
けんじょうしていた	4
けんじょうしていました	4
けんじょうしてる	4
けんじょうしてます	4
けんけつする	4
けんけつします	4
けんけつしません	4
けんけつしました	4
けんけつしませんでした	4
けんけつしましょう	4
けんけつしない	4
けんけつしなかった	4
けんけつした	4
けんけつして	4
けんけつしている	4
けんけつしています	4
けんけつしていた	4
けんけつしていました	4
けんけつしてる	4
けんけつしてます	4
けんきんする	4
けんきんします	4
けんきんしません	4
けんきんしました	4
けんきんしませんでした	4
けんきんしましょう	4
けんきんしない	4
けんきんしなかった	4
けんきんした	4
けんきんして	4
けんきんしている	4
けんきんしています	4
けんきんしていた	4
けんきんしていました	4
けんきんしてる	4
けんきんしてます	4
ゆうよする	1
ゆうよします	1
ゆうよしません	1
ゆうよしました	1
ゆうよしませんでした	1
ゆうよしましょう	1
ゆうよしない	1
ゆうよしなかった	1
ゆうよした	1
ゆうよして	1
ゆうよしている	1
ゆうよしています	1
ゆうよしていた	1
ゆうよしていました	1
ゆうよしてる	1
ゆうよしてます	1
かくとくする	4
かくとくします	4
かくとくしません	4
かくとくしました	4
かくとくしませんでした	4
かくとくしましょう	4
かくとくしない	4
かくとくしなかった	4
かくとくした	4
かくとくして	4
かくとくしている	4
かくとくしています	4
かくとくしていた	4
かくとくしていました	4
かくとくしてる	4
かくとくしてます	4
そっせんする	4
そっせんします	4
そっせんしません	4
そっせんしました	4
そっせんしませんでした	4
そっせんしましょう	4
そっせんしない	4
そっせんしなかった	4
そっせんした	4
そっせんして	4
そっせんしている	4
そっせんしています	4
そっせんしていた	4
そっせんしていました	4
そっせんしてる	4
そっせんしてます	4
おうてする	1
おうてします	1
おうてしません	1
おうてしました	1
おうてしませんでした	1
おうてしましょう	1
おうてしない	1
おうてしなかった	1
おうてした	1
おうてして	1
おうてしている	1
おうてしています	1
おうてしていた	1
おうてしていました	1
おうてしてる	1
おうてしてます	1
げんぞうする	4
げんぞうします	4
げんぞうしません	4
げんぞうしました	4
げんぞうしませんでした	4
げんぞうしましょう	4
げんぞうしない	4
げんぞうしなかった	4
げんぞうした	4
げんぞうして	4
げんぞうしている	4
げんぞうしています	4
げんぞうしていた	4
げんぞうしていました	4
げんぞうしてる	4
げんぞうしてます	4
げんざいする	1
げんざいします	1
げんざいしません	1
げんざいしました	1
げんざいしませんでした	1
げんざいしましょう	1
げんざいしない	1
げんざいしなかった	1
げんざいした	1
げんざいして	1
げんざいしている	1
げんざいしています	1
げんざいしていた	1
げんざいしていました	1
げんざいしてる	1
げんざいしてます	1
げんゆうする	4
げんゆうします	4
げんゆうしません	4
げんゆうしました	4
げんゆうしませんでした	4
げんゆうしましょう	4
げんゆうしない	4
げんゆうしなかった	4
げんゆうした	4
げんゆうして	4
げんゆうしている	4
げんゆうしています	4
げんゆうしていた	4
げんゆうしていました	4
げんゆうしてる	4
げんゆうしてます	4
りかいする	1
りかいします	1
りかいしません	1
りかいしました	1
りかいしませんでした	1
りかいしましょう	1
りかいしない	1
りかいしなかった	1
りかいした	1
りかいして	1
りかいしている	1
りかいしています	1
りかいしていた	1
りかいしていました	1
りかいしてる	1
りかいしてます	1
りはつする	3
りはつします	3
りはつしません	3
りはつしました	3
りはつしませんでした	3
りはつしましょう	3
りはつしない	3
りはつしなかった	3
りはつした	3
りはつして	3
りはつしている	3
りはつしています	3
りはつしていた	3
りはつしていました	3
りはつしてる	3
りはつしてます	3
たくまする	1
たくまします	1
たくましません	1
たくましました	1
たくましませんでした	1
たくましましょう	1
たくましない	1
たくましなかった	1
たくました	1
たくまして	1
たくましている	1
たくましています	1
たくましていた	1
たくましていました	1
たくましてる	1
たくましてます	1
びんづめする	4
びんづめします	4
びんづめしません	4
びんづめしました	4
びんづめしませんでした	4
びんづめしましょう	4
びんづめしない	4
びんづめしなかった	4
びんづめした	4
びんづめして	4
びんづめしている	4
びんづめしています	4
びんづめしていた	4
びんづめしていました	4
びんづめしてる	4
びんづめしてます	4
いきいきする	3
いきいきします	3
いきいきしません	3
いきいきしました	3
いきいきしませんでした	3
いきいきしましょう	3
いきいきしない	3
いきいきしなかった	3
いきいきした	3
いきいきして	3
いきいきしている	3
いきいきしています	3
いきいきしていた	3
いきいきしていました	3
いきいきしてる	3
いきいきしてます	3
なまちゅうけいする	3
なまちゅうけいします	3
なまちゅうけいしません	3
なまちゅうけいしました	3
なまちゅうけいしませんでした	3
なまちゅうけいしましょう	3
なまちゅうけいしない	3
なまちゅうけいしなかった	3
なまちゅうけいした	3
なまちゅうけいして	3
なまちゅうけいしている	3
なまちゅうけいしています	3
なまちゅうけいしていた	3
なまちゅうけいしていました	3
なまちゅうけいしてる	3
なまちゅうけいしてます	3
せいぞんする	4
せいぞんします	4
せいぞんしません	4
せいぞんしました	4
せいぞんしませんでした	4
せいぞんしましょう	4
せいぞんしない	4
せいぞんしなかった	4
せいぞんした	4
せいぞんして	4
せいぞんしている	4
せいぞんしています	4
せいぞんしていた	4
せいぞんしていました	4
せいぞんしてる	4
せいぞんしてます	4
せいそくする	4
せいそくします	4
せいそくしません	4
せいそくしました	4
せいそくしませんでした	4
せいそくしましょう	4
せいそくしない	4
せいそくしなかった	4
せいそくした	4
せいそくして	4
せいそくしている	4
せいそくしています	4
せいそくしていた	4
せいそくしていました	4
せいそくしてる	4
せいそくしてます	4
せいせいする	4
せいせいします	4
せいせいしません	4
せいせいしました	4
せいせいしませんでした	4
せいせいしましょう	4
せいせいしない	4
せいせいしなかった	4
せいせいした	4
せいせいして	4
せいせいしている	4
せいせいしています	4
せいせいしていた	4
せいせいしていました	4
せいせいしてる	4
せいせいしてます	4
せいしょくする	4
せいしょくします	4
せいしょくしません	4
せいしょくしました	4
せいしょくしませんでした	4
せいしょくしましょう	4
せいしょくしない	4
せいしょくしなかった	4
せいしょくした	4
せいしょくして	4
せいしょくしている	4
せいしょくしています	4
せいしょくしていた	4
せいしょくしていました	4
せいしょくしてる	4
せいしょくしてます	4
せいかつする	4
せいかつします	4
せいかつしません	4
せいかつしました	4
せいかつしませんでした	4
せいかつしましょう	4
せいかつしない	4
せいかつしなかった	4
せいかつした	4
せいかつして	4
せいかつしている	4
せいかつしています	4
せいかつしていた	4
せいかつしていました	4
せいかつしてる	4
せいかつしてます	4
せいいくする	4
せいいくします	4
せいいくしません	4
せいいくしました	4
せいいくしませんでした	4
せいいくしましょう	4
せいいくしない	4
せいいくしなかった	4
せいいくした	4
せいいくして	4
せいいくしている	4
せいいくしています	4
せいいくしていた	4
せいいくしていました	4
せいいくしてる	4
せいいくしてます	4
せいたんする	4
せいたんします	4
せいたんしません	4
せいたんしました	4
せいたんしませんでした	4
せいたんしましょう	4
せいたんしない	4
せいたんしなかった	4
せいたんした	4
せいたんして	4
せいたんしている	4
せいたんしています	4
せいたんしていた	4
せいたんしていました	4
せいたんしてる	4
せいたんしてます	4
せいかんする	4
せいかんします	4
せいかんしません	4
せいかんしました	4
せいかんしませんでした	4
せいかんしましょう	4
せいかんしない	4
せいかんしなかった	4
せいかんした	4
せいかんして	4
せいかんしている	4
せいかんしています	4
せいかんしていた	4
せいかんしていました	4
せいかんしてる	4
せいかんしてます	4
さんらんする	4
さんらんします	4
さんらんしません	4
さんらんしました	4
さんらんしませんでした	4
さんらんしましょう	4
さんらんしない	4
さんらんしなかった	4
さんらんした	4
さんらんして	4
さんらんしている	4
さんらんしています	4
さんらんしていた	4
さんらんしていました	4
さんらんしてる	4
さんらんしてます	4
ようじんする	1
ようじんします	1
ようじんしません	1
ようじんしました	1
ようじんしませんでした	1
ようじんしましょう	1
ようじんしない	1
ようじんしなかった	1
ようじんした	1
ようじんして	1
ようじんしている	1
ようじんしています	1
ようじんしていた	1
ようじんしていました	1
ようじんしてる	1
ようじんしてます	1
よういする	1
よういします	1
よういしません	1
よういしました	1
よういしませんでした	1
よういしましょう	1
よういしない	1
よういしなかった	1
よういした	1
よういして	1
よういしている	1
よういしています	1
よういしていた	1
よういしていました	1
よういしてる	1
よういしてます	1
ゆらいする	3
ゆらいします	3
ゆらいしません	3
ゆらいしました	3
ゆらいしませんでした	3
ゆらいしましょう	3
ゆらいしない	3
ゆらいしなかった	3
ゆらいした	3
ゆらいして	3
ゆらいしている	3
ゆらいしています	3
ゆらいしていた	3
ゆらいしていました	3
ゆらいしてる	3
ゆらいしてます	3
もうしわけする	5
もうしわけします	5
もうしわけしません	5
もうしわけしました	5
もうしわけしませんでした	5
もうしわけしましょう	5
もうしわけしない	5
もうしわけしなかった	5
もうしわけした	5
もうしわけして	5
もうしわけしている	5
もうしわけしています	5
もうしわけしていた	5
もうしわけしていました	5
もうしわけしてる	5
もうしわけしてます	5
しんこくする	4
しんこくします	4
しんこくしません	4
しんこくしました	4
しんこくしませんでした	4
しんこくしましょう	4
しんこくしない	4
しんこくしなかった	4
しんこくした	4
しんこくして	4
しんこくしている	4
しんこくしています	4
しんこくしていた	4
しんこくしていました	4
しんこくしてる	4
しんこくしてます	4
かくするする	3
かくするします	6
かくするしません	7
かくするしました	6
かくするしませんでした	7
かくするしましょう	7
かくするしない	5
かくするしなかった	5
かくするした	3
かくするして	3
かくするしている	3
かくするしています	3
かくするしていた	3
かくするしていました	3
かくするしてる	3
かくするしてます	3
りゅうにんする	4
りゅうにんします	4
りゅうにんしません	4
りゅうにんしました	4
りゅうにんしませんでした	4
りゅうにんしましょう	4
りゅうにんしない	4
りゅうにんしなかった	4
りゅうにんした	4
りゅうにんして	4
りゅうにんしている	4
りゅうにんしています	4
りゅうにんしていた	4
りゅうにんしていました	4
りゅうにんしてる	4
りゅうにんしてます	4
りゅうほする	1
りゅうほします	1
りゅうほしません	1
りゅうほしました	1
りゅうほしませんでした	1
りゅうほしましょう	1
りゅうほしない	1
りゅうほしなかった	1
りゅうほした	1
りゅうほして	1
りゅうほしている	1
りゅうほしています	1
りゅうほしていた	1
りゅうほしていました	1
りゅうほしてる	1
りゅうほしてます	1
りゅうがくする	4
りゅうがくします	4
りゅうがくしません	4
りゅうがくしました	4
りゅうがくしませんでした	4
りゅうがくしましょう	4
りゅうがくしない	4
りゅうがくしなかった	4
りゅうがくした	4
りゅうがくして	4
りゅうがくしている	4
りゅうがくしています	4
りゅうがくしていた	4
りゅうがくしていました	4
りゅうがくしてる	4
りゅうがくしてます	4
るすする	1
るすします	1
るすしません	1
るすしました	1
るすしませんでした	1
るすしましょう	1
るすしない	1
るすしなかった	1
るすした	1
るすして	1
るすしている	1
るすしています	1
るすしていた	1
るすしていました	1
るすしてる	1
るすしてます	1
るすばんする	4
るすばんします	4
るすばんしません	4
るすばんしました	4
るすばんしませんでした	4
るすばんしましょう	4
るすばんしない	4
るすばんしなかった	4
るすばんした	4
るすばんして	4
るすばんしている	4
るすばんしています	4
るすばんしていた	4
るすばんしていました	4
るすばんしてる	4
るすばんしてます	4
りゅうねんする	4
りゅうねんします	4
りゅうねんしません	4
りゅうねんしました	4
りゅうねんしませんでした	4
りゅうねんしましょう	4
りゅうねんしない	4
りゅうねんしなかった	4
りゅうねんした	4
りゅうねんして	4
りゅうねんしている	4
りゅうねんしています	4
りゅうねんしていた	4
りゅうねんしていました	4
りゅうねんしてる	4
りゅうねんしてます	4
りゅうちする	3
りゅうちします	3
りゅうちしません	3
りゅうちしました	3
りゅうちしませんでした	3
りゅうちしましょう	3
りゅうちしない	3
りゅうちしなかった	3
りゅうちした	3
りゅうちして	3
りゅうちしている	3
りゅうちしています	3
りゅうちしていた	3
りゅうちしていました	3
りゅうちしてる	3
りゅうちしてます	3
りゃくだつする	4
りゃくだつします	4
りゃくだつしません	4
りゃくだつしました	4
りゃくだつしませんでした	4
りゃくだつしましょう	4
りゃくだつしない	4
りゃくだつしなかった	4
りゃくだつした	4
りゃくだつして	4
りゃくだつしている	4
りゃくだつしています	4
りゃくだつしていた	4
りゃくだつしていました	4
りゃくだつしてる	4
りゃくだつしてます	4
りゃくしょうする	4
りゃくしょうします	4
りゃくしょうしません	4
りゃくしょうしました	4
りゃくしょうしませんでした	4
りゃくしょうしましょう	4
りゃくしょうしない	4
りゃくしょうしなかった	4
りゃくしょうした	4
りゃくしょうして	4
りゃくしょうしている	4
りゃくしょうしています	4
りゃくしょうしていた	4
りゃくしょうしていました	4
りゃくしょうしてる	4
りゃくしょうしてます	4
いどうする	3
いどうします	3
いどうしません	3
いどうしました	3
いどうしませんでした	3
いどうしましょう	3
いどうしない	3
いどうしなかった	3
いどうした	3
いどうして	3
いどうしている	3
いどうしています	3
いどうしていた	3
いどうしていました	3
いどうしてる	3
いどうしてます	3
そがいする	3
そがいします	3
そがいしません	3
そがいしました	3
そがいしませんでした	3
そがいしましょう	3
そがいしない	3
そがいしなかった	3
そがいした	3
そがいして	3
そがいしている	3
そがいしています	3
そがいしていた	3
そがいしていました	3
そがいしてる	3
そがいしてます	3
そつうする	3
そつうします	3
そつうしません	3
そつうしました	3
そつうしませんでした	3
そつうしましょう	3
そつうしない	3
そつうしなかった	3
そつうした	3
そつうして	3
そつうしている	3
そつうしています	3
そつうしていた	3
そつうしていました	3
そつうしてる	3
そつうしてます	3
そかいする	3
そかいします	3
そかいしません	3
そかいしました	3
そかいしませんでした	3
そかいしましょう	3
そかいしない	3
そかいしなかった	3
そかいした	3
そかいして	3
そかいしている	3
そかいしています	3
そかいしていた	3
そかいしていました	3
そかいしてる	3
そかいしてます	3
ひへいする	3
ひへいします	3
ひへいしません	3
ひへいしました	3
ひへいしませんでした	3
ひへいしましょう	3
ひへいしない	3
ひへいしなかった	3
ひへいした	3
ひへいして	3
ひへいしている	3
ひへいしています	3
ひへいしていた	3
ひへいしていました	3
ひへいしてる	3
ひへいしてます	3
びょうしする	3
びょうしします	3
びょうししません	3
びょうししました	3
びょうししませんでした	3
びょうししましょう	3
びょうししない	3
びょうししなかった	3
びょうしした	3
びょうしして	3
びょうししている	3
びょうししています	3
びょうししていた	3
びょうししていました	3
びょうししてる	3
びょうししてます	3
つうかんする	4
つうかんします	4
つうかんしません	4
つうかんしました	4
つうかんしませんでした	4
つうかんしましょう	4
つうかんしない	4
つうかんしなかった	4
つうかんした	4
つうかんして	4
つうかんしている	4
つうかんしています	4
つうかんしていた	4
つうかんしていました	4
つうかんしてる	4
つうかんしてます	4
りょうようする	4
りょうようします	4
りょうようしません	4
りょうようしました	4
りょうようしませんでした	4
りょうようしましょう	4
りょうようしない	4
りょうようしなかった	4
りょうようした	4
りょうようして	4
りょうようしている	4
りょうようしています	4
りょうようしていた	4
りょうようしていました	4
りょうようしてる	4
りょうようしてます	4
ゆちゃくする	3
ゆちゃくします	3
ゆちゃくしません	3
ゆちゃくしました	3
ゆちゃくしませんでした	3
ゆちゃくしましょう	3
ゆちゃくしない	3
ゆちゃくしなかった	3
ゆちゃくした	3
ゆちゃくして	3
ゆちゃくしている	3
ゆちゃくしています	3
ゆちゃくしていた	3
ゆちゃくしていました	3
ゆちゃくしてる	3
ゆちゃくしてます	3
はっするする	0
はっするします	6
はっするしません	7
はっするしました	6
はっするしませんでした	7
はっするしましょう	7
はっするしない	0
はっするしなかった	9
はっするした	6
はっするして	0
はっするしている	6
はっするしています	6
はっするしていた	6
はっするしていました	6
はっするしてる	5
はっするしてます	7
はつれいする	4
はつれいします	4
はつれいしません	4
はつれいしました	4
はつれいしませんでした	4
はつれいしましょう	4
はつれいしない	4
はつれいしなかった	4
はつれいした	4
はつれいして	4
はつれいしている	4
はつれいしています	4
はつれいしていた	4
はつれいしていました	4
はつれいしてる	4
はつれいしてます	4
はっしんする	4
はっしんします	4
はっしんしません	4
はっしんしました	4
はっしんしませんでした	4
はっしんしましょう	4
はっしんしない	4
はっしんしなかった	4
はっしんした	4
はっしんして	4
はっしんしている	4
はっしんしています	4
はっしんしていた	4
はっしんしていました	4
はっしんしてる	4
はっしんしてます	4
はっこうする	4
はっこうします	4
はっこうしません	4
はっこうしました	4
はっこうしませんでした	4
はっこうしましょう	4
はっこうしない	4
はっこうしなかった	4
はっこうした	4
はっこうして	4
はっこうしている	4
はっこうしています	4
はっこうしていた	4
はっこうしていました	4
はっこうしてる	4
はっこうしてます	4
はっかんする	4
はっかんします	4
はっかんしません	4
はっかんしました	4
はっかんしませんでした	4
はっかんしましょう	4
はっかんしない	4
はっかんしなかった	4
はっかんした	4
はっかんして	4
はっかんしている	4
はっかんしています	4
はっかんしていた	4
はっかんしていました	4
はっかんしてる	4
はっかんしてます	4
はつどうする	4
はつどうします	4
はつどうしません	4
はつどうしました	4
はつどうしませんでした	4
はつどうしましょう	4
はつどうしない	4
はつどうしなかった	4
はつどうした	4
はつどうして	4
はつどうしている	4
はつどうしています	4
はつどうしていた	4
はつどうしていました	4
はつどうしてる	4
はつどうしてます	4
はっせいする	4
はっせいします	4
はっせいしません	4
はっせいしました	4
はっせいしませんでした	4
はっせいしましょう	4
はっせいしない	4
はっせいしなかった	4
はっせいした	4
はっせいして	4
はっせいしている	4
はっせいしています	4
はっせいしていた	4
はっせいしていました	4
はっせいしてる	4
はっせいしてます	4
はつばいする	4
はつばいします	4
はつばいしません	4
はつばいしました	4
はつばいしませんでした	4
はつばいしましょう	4
はつばいしない	4
はつばいしなかった	4
はつばいした	4
はつばいして	4
はつばいしている	4
はつばいしています	4
はつばいしていた	4
はつばいしていました	4
はつばいしてる	4
はつばいしてます	4
はっしゃする	3
はっしゃします	3
はっしゃしません	3
はっしゃしました	3
はっしゃしませんでした	3
はっしゃしましょう	3
はっしゃしない	3
はっしゃしなかった	3
はっしゃした	3
はっしゃして	3
はっしゃしている	3
はっしゃしています	3
はっしゃしていた	3
はっしゃしていました	3
はっしゃしてる	3
はっしゃしてます	3
はってんする	4
はってんします	4
はってんしません	4
はってんしました	4
はってんしませんでした	4
はってんしましょう	4
はってんしない	4
はってんしなかった	4
はってんした	4
はってんして	4
はってんしている	4
はってんしています	4
はってんしていた	4
はってんしていました	4
はってんしてる	4
はってんしてます	4
はっそうする	4
はっそうします	4
はっそうしません	4
はっそうしました	4
はっそうしませんでした	4
はっそうしましょう	4
はっそうしない	4
はっそうしなかった	4
はっそうした	4
はっそうして	4
はっそうしている	4
はっそうしています	4
はっそうしていた	4
はっそうしていました	4
はっそうしてる	4
はっそうしてます	4
はっくつする	4
はっくつします	4
はっくつしません	4
はっくつしました	4
はっくつしませんでした	4
はっくつしましょう	4
はっくつしない	4
はっくつしなかった	4
はっくつした	4
はっくつして	4
はっくつしている	4
はっくつしています	4
はっくつしていた	4
はっくつしていました	4
はっくつしてる	4
はっくつしてます	4
はっきする	3
はっきします	3
はっきしません	3
はっきしました	3
はっきしませんでした	3
はっきしましょう	3
はっきしない	3
はっきしなかった	3
はっきした	3
はっきして	3
はっきしている	3
はっきしています	3
はっきしていた	3
はっきしていました	3
はっきしてる	3
はっきしてます	3
はっさんする	4
はっさんします	4
はっさんしません	4
はっさんしました	4
はっさんしませんでした	4
はっさんしましょう	4
はっさんしない	4
はっさんしなかった	4
はっさんした	4
はっさんして	4
はっさんしている	4
はっさんしています	4
はっさんしていた	4
はっさんしていました	4
はっさんしてる	4
はっさんしてます	4
はつめいする	4
はつめいします	4
はつめいしません	4
はつめいしました	4
はつめいしませんでした	4
はつめいしましょう	4
はつめいしない	4
はつめいしなかった	4
はつめいした	4
はつめいして	4
はつめいしている	4
はつめいしています	4
はつめいしていた	4
はつめいしていました	4
はつめいしてる	4
はつめいしてます	4
はつあんする	4
はつあんします	4
はつあんしません	4
はつあんしました	4
はつあんしませんでした	4
はつあんしましょう	4
はつあんしない	4
はつあんしなかった	4
はつあんした	4
はつあんして	4
はつあんしている	4
はつあんしています	4
はつあんしていた	4
はつあんしていました	4
はつあんしてる	4
はつあんしてます	4
はっちゅうする	4
はっちゅうします	4
はっちゅうしません	4
はっちゅうしました	4
はっちゅうしませんでした	4
はっちゅうしましょう	4
はっちゅうしない	4
はっちゅうしなかった	4
はっちゅうした	4
はっちゅうして	4
はっちゅうしている	4
はっちゅうしています	4
はっちゅうしていた	4
はっちゅうしていました	4
はっちゅうしてる	4
はっちゅうしてます	4
はっかする	3
はっかします	3
はっかしません	3
はっかしました	3
はっかしませんでした	3
はっかしましょう	3
はっかしない	3
はっかしなかった	3
はっかした	3
はっかして	3
はっかしている	3
はっかしています	3
はっかしていた	3
はっかしていました	3
はっかしてる	3
はっかしてます	3
はつねつする	4
はつねつします	4
はつねつしません	4
はつねつしました	4
はつねつしませんでした	4
はつねつしましょう	4
はつねつしない	4
はつねつしなかった	4
はつねつした	4
はつねつして	4
はつねつしている	4
はつねつしています	4
はつねつしていた	4
はつねつしていました	4
はつねつしてる	4
はつねつしてます	4
はつびょうする	4
はつびょうします	4
はつびょうしません	4
はつびょうしました	4
はつびょうしませんでした	4
はつびょうしましょう	4
はつびょうしない	4
はつびょうしなかった	4
はつびょうした	4
はつびょうして	4
はつびょうしている	4
はつびょうしています	4
はつびょうしていた	4
はつびょうしていました	4
はつびょうしてる	4
はつびょうしてます	4
はっしょうする	4
はっしょうします	4
はっしょうしません	4
はっしょうしました	4
はっしょうしませんでした	4
はっしょうしましょう	4
はっしょうしない	4
はっしょうしなかった	4
はっしょうした	4
はっしょうして	4
はっしょうしている	4
はっしょうしています	4
はっしょうしていた	4
はっしょうしていました	4
はっしょうしてる	4
はっしょうしてます	4
はっちゃくする	4
はっちゃくします	4
はっちゃくしません	4
はっちゃくしました	4
はっちゃくしませんでした	4
はっちゃくしましょう	4
はっちゃくしない	4
はっちゃくしなかった	4
はっちゃくした	4
はっちゃくして	4
はっちゃくしている	4
はっちゃくしています	4
はっちゃくしていた	4
はっちゃくしていました	4
はっちゃくしてる	4
はっちゃくしてます	4
はっぽうする	4
はっぽうします	4
はっぽうしません	4
はっぽうしました	4
はっぽうしませんでした	4
はっぽうしましょう	4
はっぽうしない	4
はっぽうしなかった	4
はっぽうした	4
はっぽうして	4
はっぽうしている	4
はっぽうしています	4
はっぽうしていた	4
はっぽうしていました	4
はっぽうしてる	4
はっぽうしてます	4
はっきゅうする	4
はっきゅうします	4
はっきゅうしません	4
はっきゅうしました	4
はっきゅうしませんでした	4
はっきゅうしましょう	4
はっきゅうしない	4
はっきゅうしなかった	4
はっきゅうした	4
はっきゅうして	4
はっきゅうしている	4
はっきゅうしています	4
はっきゅうしていた	4
はっきゅうしていました	4
はっきゅうしてる	4
はっきゅうしてます	4
はついくする	4
はついくします	4
はついくしません	4
はついくしました	4
はついくしませんでした	4
はついくしましょう	4
はついくしない	4
はついくしなかった	4
はついくした	4
はついくして	4
はついくしている	4
はついくしています	4
はついくしていた	4
はついくしていました	4
はついくしてる	4
はついくしてます	4
はつがする	3
はつがします	3
はつがしません	3
はつがしました	3
はつがしませんでした	3
はつがしましょう	3
はつがしない	3
はつがしなかった	3
はつがした	3
はつがして	3
はつがしている	3
はつがしています	3
はつがしていた	3
はつがしていました	3
はつがしてる	3
はつがしてます	3
はっぴょうする	4
はっぴょうします	4
はっぴょうしません	4
はっぴょうしました	4
はっぴょうしませんでした	4
はっぴょうしましょう	4
はっぴょうしない	4
はっぴょうしなかった	4
はっぴょうした	4
はっぴょうして	4
はっぴょうしている	4
はっぴょうしています	4
はっぴょうしていた	4
はっぴょうしていました	4
はっぴょうしてる	4
はっぴょうしてます	4
はっけんする	4
はっけんします	4
はっけんしません	4
はっけんしました	4
はっけんしませんでした	4
はっけんしましょう	4
はっけんしない	4
はっけんしなかった	4
はっけんした	4
はっけんして	4
はっけんしている	4
はっけんしています	4
はっけんしていた	4
はっけんしていました	4
はっけんしてる	4
はっけんしてます	4
はっかくする	4
はっかくします	4
はっかくしません	4
はっかくしました	4
はっかくしませんでした	4
はっかくしましょう	4
はっかくしない	4
はっかくしなかった	4
はっかくした	4
はっかくして	4
はっかくしている	4
はっかくしています	4
はっかくしていた	4
はっかくしていました	4
はっかくしてる	4
はっかくしてます	4
はつげんする	4
はつげんします	4
はつげんしません	4
はつげんしました	4
はつげんしませんでした	4
はつげんしましょう	4
はつげんしない	4
はつげんしなかった	4
はつげんした	4
はつげんして	4
はつげんしている	4
はつげんしています	4
はつげんしていた	4
はつげんしていました	4
はつげんしてる	4
はつげんしてます	4
ほっそくする	4
ほっそくします	4
ほっそくしません	4
ほっそくしました	4
ほっそくしませんでした	4
ほっそくしましょう	4
ほっそくしない	4
ほっそくしなかった	4
ほっそくした	4
ほっそくして	4
ほっそくしている	4
ほっそくしています	4
ほっそくしていた	4
ほっそくしていました	4
ほっそくしてる	4
ほっそくしてます	4
はったつする	4
はったつします	4
はったつしません	4
はったつしました	4
はったつしませんでした	4
はったつしましょう	4
はったつしない	4
はったつしなかった	4
はったつした	4
はったつして	4
はったつしている	4
はったつしています	4
はったつしていた	4
はったつしていました	4
はったつしてる	4
はったつしてます	4
はつでんする	4
はつでんします	4
はつでんしません	4
はつでんしました	4
はつでんしませんでした	4
はつでんしましょう	4
はつでんしない	4
はつでんしなかった	4
はつでんした	4
はつでんして	4
はつでんしている	4
はつでんしています	4
はつでんしていた	4
はつでんしていました	4
はつでんしてる	4
はつでんしてます	4
はつおんする	4
はつおんします	4
はつおんしません	4
はつおんしました	4
はつおんしませんでした	4
はつおんしましょう	4
はつおんしない	4
はつおんしなかった	4
はつおんした	4
はつおんして	4
はつおんしている	4
はつおんしています	4
はつおんしていた	4
はつおんしていました	4
はつおんしてる	4
はつおんしてます	4
とざんする	1
とざんします	1
とざんしません	1
とざんしました	1
とざんしませんでした	1
とざんしましょう	1
とざんしない	1
とざんしなかった	1
とざんした	1
とざんして	1
とざんしている	1
とざんしています	1
とざんしていた	1
とざんしていました	1
とざんしてる	1
とざんしてます	1
とうばんする	4
とうばんします	4
とうばんしません	4
とうばんしました	4
とうばんしませんでした	4
とうばんしましょう	4
とうばんしない	4
とうばんしなかった	4
とうばんした	4
とうばんして	4
とうばんしている	4
とうばんしています	4
とうばんしていた	4
とうばんしていました	4
とうばんしてる	4
とうばんしてます	4
とうようする	4
とうようします	4
とうようしません	4
とうようしました	4
とうようしませんでした	4
とうようしましょう	4
とうようしない	4
とうようしなかった	4
とうようした	4
とうようして	4
とうようしている	4
とうようしています	4
とうようしていた	4
とうようしていました	4
とうようしてる	4
とうようしてます	4
とうろくする	4
とうろくします	4
とうろくしません	4
とうろくしました	4
とうろくしませんでした	4
とうろくしましょう	4
とうろくしない	4
とうろくしなかった	4
とうろくした	4
とうろくして	4
とうろくしている	4
とうろくしています	4
とうろくしていた	4
とうろくしていました	4
とうろくしてる	4
とうろくしてます	4
とうちょうする	4
とうちょうします	4
とうちょうしません	4
とうちょうしました	4
とうちょうしませんでした	4
とうちょうしましょう	4
とうちょうしない	4
とうちょうしなかった	4
とうちょうした	4
とうちょうして	4
とうちょうしている	4
とうちょうしています	4
とうちょうしていた	4
とうちょうしていました	4
とうちょうしてる	4
とうちょうしてます	4
はくねつする	4
はくねつします	4
はくねつしません	4
はくねつしました	4
はくねつしませんでした	4
はくねつしましょう	4
はくねつしない	4
はくねつしなかった	4
はくねつした	4
はくねつして	4
はくねつしている	4
はくねつしています	4
はくねつしていた	4
はくねつしていました	4
はくねつしてる	4
はくねつしてます	4
はくじょうする	1
はくじょうします	1
はくじょうしません	1
はくじょうしました	1
はくじょうしませんでした	1
はくじょうしましょう	1
はくじょうしない	1
はくじょうしなかった	1
はくじょうした	1
はくじょうして	1
はくじょうしている	1
はくじょうしています	1
はくじょうしていた	1
はくじょうしていました	1
はくじょうしてる	1
はくじょうしてます	1
てきちゅうする	4
てきちゅうします	4
てきちゅうしません	4
てきちゅうしました	4
てきちゅうしませんでした	4
てきちゅうしましょう	4
てきちゅうしない	4
てきちゅうしなかった	4
てきちゅうした	4
てきちゅうして	4
てきちゅうしている	4
てきちゅうしています	4
てきちゅうしていた	4
てきちゅうしていました	4
てきちゅうしてる	4
てきちゅうしてます	4
とうるいする	4
とうるいします	4
とうるいしません	4
とうるいしました	4
とうるいしませんでした	4
とうるいしましょう	4
とうるいしない	4
とうるいしなかった	4
とうるいした	4
とうるいして	4
とうるいしている	4
とうるいしています	4
とうるいしていた	4
とうるいしていました	4
とうるいしてる	4
とうるいしてます	4
かんさつする	4
かんさつします	4
かんさつしません	4
かんさつしました	4
かんさつしませんでした	4
かんさつしましょう	4
かんさつしない	4
かんさつしなかった	4
かんさつした	4
かんさつして	4
かんさつしている	4
かんさつしています	4
かんさつしていた	4
かんさつしていました	4
かんさつしてる	4
かんさつしてます	4
かんさする	1
かんさします	1
かんさしません	1
かんさしました	1
かんさしませんでした	1
かんさしましょう	1
かんさしない	1
かんさしなかった	1
かんさした	1
かんさして	1
かんさしている	1
かんさしています	1
かんさしていた	1
かんさしていました	1
かんさしてる	1
かんさしてます	1
かんりする	1
かんりします	1
かんりしません	1
かんりしました	1
かんりしませんでした	1
かんりしましょう	1
かんりしない	1
かんりしなかった	1
かんりした	1
かんりして	1
かんりしている	1
かんりしています	1
かんりしていた	1
かんりしていました	1
かんりしてる	1
かんりしてます	1
かんとくする	4
かんとくします	4
かんとくしません	4
かんとくしました	4
かんとくしませんでした	4
かんとくしましょう	4
かんとくしない	4
かんとくしなかった	4
かんとくした	4
かんとくして	4
かんとくしている	4
かんとくしています	4
かんとくしていた	4
かんとくしていました	4
かんとくしてる	4
かんとくしてます	4
かんしする	3
かんしします	3
かんししません	3
かんししました	3
かんししませんでした	3
かんししましょう	3
かんししない	3
かんししなかった	3
かんしした	3
かんしして	3
かんししている	3
かんししています	3
かんししていた	3
かんししていました	3
かんししてる	3
かんししてます	3
もくげきする	4
もくげきします	4
もくげきしません	4
もくげきしました	4
もくげきしませんでした	4
もくげきしましょう	4
もくげきしない	4
もくげきしなかった	4
もくげきした	4
もくげきして	4
もくげきしている	4
もくげきしています	4
もくげきしていた	4
もくげきしていました	4
もくげきしてる	4
もくげきしてます	4
めべりする	3
めべりします	3
めべりしません	3
めべりしました	3
めべりしませんでした	3
めべりしましょう	3
めべりしない	3
めべりしなかった	3
めべりした	3
めべりして	3
めべりしている	3
めべりしています	3
めべりしていた	3
めべりしていました	3
めべりしてる	3
めべりしてます	3
ちょっかする	1
ちょっかします	1
ちょっかしません	1
ちょっかしました	1
ちょっかしませんでした	1
ちょっかしましょう	1
ちょっかしない	1
ちょっかしなかった	1
ちょっかした	1
ちょっかして	1
ちょっかしている	1
ちょっかしています	1
ちょっかしていた	1
ちょっかしていました	1
ちょっかしてる	1
ちょっかしてます	1
ちょくえいする	4
ちょくえいします	4
ちょくえいしません	4
ちょくえいしました	4
ちょくえいしませんでした	4
ちょくえいしましょう	4
ちょくえいしない	4
ちょくえいしなかった	4
ちょくえいした	4
ちょくえいして	4
ちょくえいしている	4
ちょくえいしています	4
ちょくえいしていた	4
ちょくえいしていました	4
ちょくえいしてる	4
ちょくえいしてます	4
ちょくぞくする	4
ちょくぞくします	4
ちょくぞくしません	4
ちょくぞくしました	4
ちょくぞくしませんでした	4
ちょくぞくしましょう	4
ちょくぞくしない	4
ちょくぞくしなかった	4
ちょくぞくした	4
ちょくぞくして	4
ちょくぞくしている	4
ちょくぞくしています	4
ちょくぞくしていた	4
ちょくぞくしていました	4
ちょくぞくしてる	4
ちょくぞくしてます	4
ちょっかんする	4
ちょっかんします	4
ちょっかんしません	4
ちょっかんしました	4
ちょっかんしませんでした	4
ちょっかんしましょう	4
ちょっかんしない	4
ちょっかんしなかった	4
ちょっかんした	4
ちょっかんして	4
ちょっかんしている	4
ちょっかんしています	4
ちょっかんしていた	4
ちょっかんしていました	4
ちょっかんしてる	4
ちょっかんしてます	4
ちょくげきする	4
ちょくげきします	4
ちょくげきしません	4
ちょくげきしました	4
ちょくげきしませんでした	4
ちょくげきしましょう	4
ちょくげきしない	4
ちょくげきしなかった	4
ちょくげきした	4
ちょくげきして	4
ちょくげきしている	4
ちょくげきしています	4
ちょくげきしていた	4
ちょくげきしていました	4
ちょくげきしてる	4
ちょくげきしてます	4
ちょっこうする	4
ちょっこうします	4
ちょっこうしません	4
ちょっこうしました	4
ちょっこうしませんでした	4
ちょっこうしましょう	4
ちょっこうしない	4
ちょっこうしなかった	4
ちょっこうした	4
ちょっこうして	4
ちょっこうしている	4
ちょっこうしています	4
ちょっこうしていた	4
ちょっこうしていました	4
ちょっこうしてる	4
ちょっこうしてます	4
ちょくしする	1
ちょくしします	1
ちょくししません	1
ちょくししました	1
ちょくししませんでした	1
ちょくししましょう	1
ちょくししない	1
ちょくししなかった	1
ちょくしした	1
ちょくしして	1
ちょくししている	1
ちょくししています	1
ちょくししていた	1
ちょくししていました	1
ちょくししてる	1
ちょくししてます	1
ちょっかつする	4
ちょっかつします	4
ちょっかつしません	4
ちょっかつしました	4
ちょっかつしませんでした	4
ちょっかつしましょう	4
ちょっかつしない	4
ちょっかつしなかった	4
ちょっかつした	4
ちょっかつして	4
ちょっかつしている	4
ちょっかつしています	4
ちょっかつしていた	4
ちょっかつしていました	4
ちょっかつしてる	4
ちょっかつしてます	4
ちょくつうする	4
ちょくつうします	4
ちょくつうしません	4
ちょくつうしました	4
ちょくつうしませんでした	4
ちょくつうしましょう	4
ちょくつうしない	4
ちょくつうしなかった	4
ちょくつうした	4
ちょくつうして	4
ちょくつうしている	4
ちょくつうしています	4
ちょくつうしていた	4
ちょくつうしていました	4
ちょくつうしてる	4
ちょくつうしてます	4
ちょくしんする	4
ちょくしんします	4
ちょくしんしません	4
ちょくしんしました	4
ちょくしんしませんでした	4
ちょくしんしましょう	4
ちょくしんしない	4
ちょくしんしなかった	4
ちょくしんした	4
ちょくしんして	4
ちょくしんしている	4
ちょくしんしています	4
ちょくしんしていた	4
ちょくしんしていました	4
ちょくしんしてる	4
ちょくしんしてます	4
ちょくめんする	4
ちょくめんします	4
ちょくめんしません	4
ちょくめんしました	4
ちょくめんしませんでした	4
ちょくめんしましょう	4
ちょくめんしない	4
ちょくめんしなかった	4
ちょくめんした	4
ちょくめんして	4
ちょくめんしている	4
ちょくめんしています	4
ちょくめんしていた	4
ちょくめんしていました	4
ちょくめんしてる	4
ちょくめんしてます	4
そうじょうする	4
そうじょうします	4
そうじょうしません	4
そうじょうしました	4
そうじょうしませんでした	4
そうじょうしましょう	4
そうじょうしない	4
そうじょうしなかった	4
そうじょうした	4
そうじょうして	4
そうじょうしている	4
そうじょうしています	4
そうじょうしていた	4
そうじょうしていました	4
そうじょうしてる	4
そうじょうしてます	4
あいのりする	4
あいのりします	4
あいのりしません	4
あいのりしました	4
あいのりしませんでした	4
あいのりしましょう	4
あいのりしない	4
あいのりしなかった	4
あいのりした	4
あいのりして	4
あいのりしている	4
あいのりしています	4
あいのりしていた	4
あいのりしていました	4
あいのりしてる	4
あいのりしてます	4
そうおうする	4
そうおうします	4
そうおうしません	4
そうおうしました	4
そうおうしませんでした	4
そうおうしましょう	4
そうおうしない	4
そうおうしなかった	4
そうおうした	4
そうおうして	4
そうおうしている	4
そうおうしています	4
そうおうしていた	4
そうおうしていました	4
そうおうしてる	4
そうおうしてます	4
そうさいする	4
そうさいします	4
そうさいしません	4
そうさいしました	4
そうさいしませんでした	4
そうさいしましょう	4
そうさいしない	4
そうさいしなかった	4
そうさいした	4
そうさいして	4
そうさいしている	4
そうさいしています	4
そうさいしていた	4
そうさいしていました	4
そうさいしてる	4
そうさいしてます	4
そうぞくする	4
そうぞくします	4
そうぞくしません	4
そうぞくしました	4
そうぞくしませんでした	4
そうぞくしましょう	4
そうぞくしない	4
そうぞくしなかった	4
そうぞくした	4
そうぞくして	4
そうぞくしている	4
そうぞくしています	4
そうぞくしていた	4
そうぞくしていました	4
そうぞくしてる	4
そうぞくしてます	4
そうだんする	4
そうだんします	4
そうだんしません	4
そうだんしました	4
そうだんしませんでした	4
そうだんしましょう	4
そうだんしない	4
そうだんしなかった	4
そうだんした	4
そうだんして	4
そうだんしている	4
そうだんしています	4
そうだんしていた	4
そうだんしていました	4
そうだんしてる	4
そうだんしてます	4
そういする	3
そういします	3
そういしません	3
そういしました	3
そういしませんでした	3
そういしましょう	3
そういしない	3
そういしなかった	3
そういした	3
そういして	3
そういしている	3
そういしています	3
そういしていた	3
そういしていました	3
そういしてる	3
そういしてます	3
しょうりょくする	4
しょうりょくします	4
しょうりょくしません	4
しょうりょくしました	4
しょうりょくしませんでした	4
しょうりょくしましょう	4
しょうりょくしない	4
しょうりょくしなかった	4
しょうりょくした	4
しょうりょくして	4
しょうりょくしている	4
しょうりょくしています	4
しょうりょくしていた	4
しょうりょくしていました	4
しょうりょくしてる	4
しょうりょくしてます	4
しょうりゃくする	4
しょうりゃくします	4
しょうりゃくしません	4
しょうりゃくしました	4
しょうりゃくしませんでした	4
しょうりゃくしましょう	4
しょうりゃくしない	4
しょうりゃくしなかった	4
しょうりゃくした	4
しょうりゃくして	4
しょうりゃくしている	4
しょうりゃくしています	4
しょうりゃくしていた	4
しょうりゃくしていました	4
しょうりゃくしてる	4
しょうりゃくしてます	4
かんびょうする	1
かんびょうします	1
かんびょうしません	1
かんびょうしました	1
かんびょうしませんでした	1
かんびょうしましょう	1
かんびょうしない	1
かんびょうしなかった	1
かんびょうした	1
かんびょうして	1
かんびょうしている	1
かんびょうしています	1
かんびょうしていた	1
かんびょうしていました	1
かんびょうしてる	1
かんびょうしてます	1
かんごする	1
かんごします	1
かんごしません	1
かんごしました	1
かんごしませんでした	1
かんごしましょう	1
かんごしない	1
かんごしなかった	1
かんごした	1
かんごして	1
かんごしている	1
かんごしています	1
かんごしていた	1
かんごしていました	1
かんごしてる	1
かんごしてます	1
まねする	2
まねします	2
まねしません	2
まねしました	2
まねしませんでした	2
まねしましょう	2
まねしない	2
まねしなかった	2
まねした	2
まねして	2
まねしている	2
まねしています	2
まねしていた	2
まねしていました	2
まねしてる	2
まねしてます	2
ちゃくちする	3
ちゃくちします	3
ちゃくちしません	3
ちゃくちしました	3
ちゃくちしませんでした	3
ちゃくちしましょう	3
ちゃくちしない	3
ちゃくちしなかった	3
ちゃくちした	3
ちゃくちして	3
ちゃくちしている	3
ちゃくちしています	3
ちゃくちしていた	3
ちゃくちしていました	3
ちゃくちしてる	3
ちゃくちしてます	3
ちゃっこうする	4
ちゃっこうします	4
ちゃっこうしません	4
ちゃっこうしました	4
ちゃっこうしませんでした	4
ちゃっこうしましょう	4
ちゃっこうしない	4
ちゃっこうしなかった	4
ちゃっこうした	4
ちゃっこうして	4
ちゃっこうしている	4
ちゃっこうしています	4
ちゃっこうしていた	4
ちゃっこうしていました	4
ちゃっこうしてる	4
ちゃっこうしてます	4
ちゃくせきする	4
ちゃくせきします	4
ちゃくせきしません	4
ちゃくせきしました	4
ちゃくせきしませんでした	4
ちゃくせきしましょう	4
ちゃくせきしない	4
ちゃくせきしなかった	4
ちゃくせきした	4
ちゃくせきして	4
ちゃくせきしている	4
ちゃくせきしています	4
ちゃくせきしていた	4
ちゃくせきしていました	4
ちゃくせきしてる	4
ちゃくせきしてます	4
ちゃくしゅする	1
ちゃくしゅします	1
ちゃくしゅしません	1
ちゃくしゅしました	1
ちゃくしゅしませんでした	1
ちゃくしゅしましょう	1
ちゃくしゅしない	1
ちゃくしゅしなかった	1
ちゃくしゅした	1
ちゃくしゅして	1
ちゃくしゅしている	1
ちゃくしゅしています	1
ちゃくしゅしていた	1
ちゃくしゅしていました	1
ちゃくしゅしてる	1
ちゃくしゅしてます	1
きがえする	3
きがえします	3
きがえしません	3
きがえしました	3
きがえしませんでした	3
きがえしましょう	3
きがえしない	3
きがえしなかった	3
きがえした	3
きがえして	3
きがえしている	3
きがえしています	3
きがえしていた	3
きがえしていました	3
きがえしてる	3
きがえしてます	3
ちゃくようする	4
ちゃくようします	4
ちゃくようしません	4
ちゃくようしました	4
ちゃくようしませんでした	4
ちゃくようしましょう	4
ちゃくようしない	4
ちゃくようしなかった	4
ちゃくようした	4
ちゃくようして	4
ちゃくようしている	4
ちゃくようしています	4
ちゃくようしていた	4
ちゃくようしていました	4
ちゃくようしてる	4
ちゃくようしてます	4
ちゃくもくする	4
ちゃくもくします	4
ちゃくもくしません	4
ちゃくもくしました	4
ちゃくもくしませんでした	4
ちゃくもくしましょう	4
ちゃくもくしない	4
ちゃくもくしなかった	4
ちゃくもくした	4
ちゃくもくして	4
ちゃくもくしている	4
ちゃくもくしています	4
ちゃくもくしていた	4
ちゃくもくしていました	4
ちゃくもくしてる	4
ちゃくもくしてます	4
ちゃくしょくする	4
ちゃくしょくします	4
ちゃくしょくしません	4
ちゃくしょくしました	4
ちゃくしょくしませんでした	4
ちゃくしょくしましょう	4
ちゃくしょくしない	4
ちゃくしょくしなかった	4
ちゃくしょくした	4
ちゃくしょくして	4
ちゃくしょくしている	4
ちゃくしょくしています	4
ちゃくしょくしていた	4
ちゃくしょくしていました	4
ちゃくしょくしてる	4
ちゃくしょくしてます	4
ちゃくいする	1
ちゃくいします	1
ちゃくいしません	1
ちゃくいしました	1
ちゃくいしませんでした	1
ちゃくいしましょう	1
ちゃくいしない	1
ちゃくいしなかった	1
ちゃくいした	1
ちゃくいして	1
ちゃくいしている	1
ちゃくいしています	1
ちゃくいしていた	1
ちゃくいしていました	1
ちゃくいしてる	1
ちゃくいしてます	1
ちゃくりくする	4
ちゃくりくします	4
ちゃくりくしません	4
ちゃくりくしました	4
ちゃくりくしませんでした	4
ちゃくりくしましょう	4
ちゃくりくしない	4
ちゃくりくしなかった	4
ちゃくりくした	4
ちゃくりくして	4
ちゃくりくしている	4
ちゃくりくしています	4
ちゃくりくしていた	4
ちゃくりくしていました	4
ちゃくりくしてる	4
ちゃくりくしてます	4
とくそくする	4
とくそくします	4
とくそくしません	4
とくそくしました	4
とくそくしませんでした	4
とくそくしましょう	4
とくそくしない	4
とくそくしなかった	4
とくそくした	4
とくそくして	4
とくそくしている	4
とくそくしています	4
とくそくしていた	4
とくそくしていました	4
とくそくしてる	4
とくそくしてます	4
むじゅんする	3
むじゅんします	3
むじゅんしません	3
むじゅんしました	3
むじゅんしませんでした	3
むじゅんしましょう	3
むじゅんしない	3
むじゅんしなかった	3
むじゅんした	3
むじゅんして	3
むじゅんしている	3
むじゅんしています	3
むじゅんしていた	3
むじゅんしていました	3
むじゅんしてる	3
むじゅんしてます	3
しらんかおする	2
しらんかおします	2
しらんかおしません	2
しらんかおしました	2
しらんかおしませんでした	2
しらんかおしましょう	2
しらんかおしない	2
しらんかおしなかった	2
しらんかおした	2
しらんかおして	2
しらんかおしている	2
しらんかおしています	2
しらんかおしていた	2
しらんかおしていました	2
しらんかおしてる	2
しらんかおしてます	2
ちかくする	3
ちかくします	3
ちかくしません	3
ちかくしました	3
ちかくしませんでした	3
ちかくしましょう	3
ちかくしない	3
ちかくしなかった	3
ちかくした	3
ちかくして	3
ちかくしている	3
ちかくしています	3
ちかくしていた	3
ちかくしていました	3
ちかくしてる	3
ちかくしてます	3
たんらくする	4
たんらくします	4
たんらくしません	4
たんらくしました	4
たんらくしませんでした	4
たんらくしましょう	4
たんらくしない	4
たんらくしなかった	4
たんらくした	4
たんらくして	4
たんらくしている	4
たんらくしています	4
たんらくしていた	4
たんらくしていました	4
たんらくしてる	4
たんらくしてます	4
たんしゅくする	4
たんしゅくします	4
たんしゅくしません	4
たんしゅくしました	4
たんしゅくしませんでした	4
たんしゅくしましょう	4
たんしゅくしない	4
たんしゅくしなかった	4
たんしゅくした	4
たんしゅくして	4
たんしゅくしている	4
たんしゅくしています	4
たんしゅくしていた	4
たんしゅくしていました	4
たんしゅくしてる	4
たんしゅくしてます	4
けんしゅうする	4
けんしゅうします	4
けんしゅうしません	4
けんしゅうしました	4
けんしゅうしませんでした	4
けんしゅうしましょう	4
けんしゅうしない	4
けんしゅうしなかった	4
けんしゅうした	4
けんしゅうして	4
けんしゅうしている	4
けんしゅうしています	4
けんしゅうしていた	4
けんしゅうしていました	4
けんしゅうしてる	4
けんしゅうしてます	4
けんきゅうする	4
けんきゅうします	4
けんきゅうしません	4
けんきゅうしました	4
けんきゅうしませんでした	4
けんきゅうしましょう	4
けんきゅうしない	4
けんきゅうしなかった	4
けんきゅうした	4
けんきゅうして	4
けんきゅうしている	4
けんきゅうしています	4
けんきゅうしていた	4
けんきゅうしていました	4
けんきゅうしてる	4
けんきゅうしてます	4
ほうげきする	4
ほうげきします	4
ほうげきしません	4
ほうげきしました	4
ほうげきしませんでした	4
ほうげきしましょう	4
ほうげきしない	4
ほうげきしなかった	4
ほうげきした	4
ほうげきして	4
ほうげきしている	4
ほうげきしています	4
ほうげきしていた	4
ほうげきしていました	4
ほうげきしてる	4
ほうげきしてます	4
はかいする	3
はかいします	3
はかいしません	3
はかいしました	3
はかいしませんでした	3
はかいしましょう	3
はかいしない	3
はかいしなかった	3
はかいした	3
はかいして	3
はかいしている	3
はかいしています	3
はかいしていた	3
はかいしていました	3
はかいしてる	3
はかいしてます	3
はきょくする	3
はきょくします	3
はきょくしません	3
はきょくしました	3
はきょくしませんでした	3
はきょくしましょう	3
はきょくしない	3
はきょくしなかった	3
はきょくした	3
はきょくして	3
はきょくしている	3
はきょくしています	3
はきょくしていた	3
はきょくしていました	3
はきょくしてる	3
はきょくしてます	3
はそんする	3
はそんします	3
はそんしません	3
はそんしました	3
はそんしませんでした	3
はそんしましょう	3
はそんしない	3
はそんしなかった	3
はそんした	3
はそんして	3
はそんしている	3
はそんしています	3
はそんしていた	3
はそんしていました	3
はそんしてる	3
はそんしてます	3
はきする	1
はきします	1
はきしません	1
はきしました	1
はきしませんでした	1
はきしましょう	1
はきしない	1
はきしなかった	1
はきした	1
はきして	1
はきしている	1
はきしています	1
はきしていた	1
はきしていました	1
はきしてる	1
はきしてます	1
はめつする	3
はめつします	3
はめつしません	3
はめつしました	3
はめつしませんでした	3
はめつしましょう	3
はめつしない	3
はめつしなかった	3
はめつした	3
はめつして	3
はめつしている	3
はめつしています	3
はめつしていた	3
はめつしていました	3
はめつしてる	3
はめつしてます	3
はさんする	3
はさんします	3
はさんしません	3
はさんしました	3
はさんしませんでした	3
はさんしましょう	3
はさんしない	3
はさんしなかった	3
はさんした	3
はさんして	3
はさんしている	3
はさんしています	3
はさんしていた	3
はさんしていました	3
はさんしてる	3
はさんしてます	3
はたんする	3
はたんします	3
はたんしません	3
はたんしました	3
はたんしませんでした	3
はたんしましょう	3
はたんしない	3
はたんしなかった	3
はたんした	3
はたんして	3
はたんしている	3
はたんしています	3
はたんしていた	3
はたんしていました	3
はたんしてる	3
はたんしてます	3
はれつする	3
はれつします	3
はれつしません	3
はれつしました	3
はれつしませんでした	3
はれつしましょう	3
はれつしない	3
はれつしなかった	3
はれつした	3
はれつして	3
はれつしている	3
はれつしています	3
はれつしていた	3
はれつしていました	3
はれつしてる	3
はれつしてます	3
こうかする	3
こうかします	3
こうかしません	3
こうかしました	3
こうかしませんでした	3
こうかしましょう	3
こうかしない	3
こうかしなかった	3
こうかした	3
こうかして	3
こうかしている	3
こうかしています	3
こうかしていた	3
こうかしていました	3
こうかしてる	3
こうかしてます	3
こうちょくする	4
こうちょくします	4
こうちょくしません	4
こうちょくしました	4
こうちょくしませんでした	4
こうちょくしましょう	4
こうちょくしない	4
こうちょくしなかった	4
こうちょくした	4
こうちょくして	4
こうちょくしている	4
こうちょくしています	4
こうちょくしていた	4
こうちょくしていました	4
こうちょくしてる	4
こうちょくしてます	4
しっかりする	3
しっかりします	3
しっかりしません	3
しっかりしました	3
しっかりしませんでした	3
しっかりしましょう	3
しっかりしない	3
しっかりしなかった	3
しっかりした	3
しっかりして	3
しっかりしている	3
しっかりしています	3
しっかりしていた	3
しっかりしていました	3
しっかりしてる	3
しっかりしてます	3
かくほする	1
かくほします	1
かくほしません	1
かくほしました	1
かくほしませんでした	1
かくほしましょう	1
かくほしない	1
かくほしなかった	1
かくほした	1
かくほして	1
かくほしている	1
かくほしています	1
かくほしていた	1
かくほしていました	1
かくほしてる	1
かくほしてます	1
かくしんする	4
かくしんします	4
かくしんしません	4
かくしんしました	4
かくしんしませんでした	4
かくしんしましょう	4
かくしんしない	4
かくしんしなかった	4
かくしんした	4
かくしんして	4
かくしんしている	4
かくしんしています	4
かくしんしていた	4
かくしんしていました	4
かくしんしてる	4
かくしんしてます	4
かくしつする	4
かくしつします	4
かくしつしません	4
かくしつしました	4
かくしつしませんでした	4
かくしつしましょう	4
かくしつしない	4
かくしつしなかった	4
かくしつした	4
かくしつして	4
かくしつしている	4
かくしつしています	4
かくしつしていた	4
かくしつしていました	4
かくしつしてる	4
かくしつしてます	4
かくていする	4
かくていします	4
かくていしません	4
かくていしました	4
かくていしませんでした	4
かくていしましょう	4
かくていしない	4
かくていしなかった	4
かくていした	4
かくていして	4
かくていしている	4
かくていしています	4
かくていしていた	4
かくていしていました	4
かくていしてる	4
かくていしてます	4
かくりつする	4
かくりつします	4
かくりつしません	4
かくりつしました	4
かくりつしませんでした	4
かくりつしましょう	4
かくりつしない	4
かくりつしなかった	4
かくりつした	4
かくりつして	4
かくりつしている	4
かくりつしています	4
かくりつしていた	4
かくりつしていました	4
かくりつしてる	4
かくりつしてます	4
かくやくする	4
かくやくします	4
かくやくしません	4
かくやくしました	4
かくやくしませんでした	4
かくやくしましょう	4
かくやくしない	4
かくやくしなかった	4
かくやくした	4
かくやくして	4
かくやくしている	4
かくやくしています	4
かくやくしていた	4
かくやくしていました	4
かくやくしてる	4
かくやくしてます	4
かくにんする	4
かくにんします	4
かくにんしません	4
かくにんしました	4
かくにんしませんでした	4
かくにんしましょう	4
かくにんしない	4
かくにんしなかった	4
かくにんした	4
かくにんして	4
かくにんしている	4
かくにんしています	4
かくにんしていた	4
かくにんしていました	4
かくにんしてる	4
かくにんしてます	4
しさする	1
しさします	1
しさしません	1
しさしました	1
しさしませんでした	1
しさしましょう	1
しさしない	1
しさしなかった	1
しさした	1
しさして	1
しさしている	1
しさしています	1
しさしていた	1
しさしていました	1
しさしてる	1
しさしてます	1
じだんする	1
じだんします	1
じだんしません	1
じだんしました	1
じだんしませんでした	1
じだんしましょう	1
じだんしない	1
じだんしなかった	1
じだんした	1
じだんして	1
じだんしている	1
じだんしています	1
じだんしていた	1
じだんしていました	1
じだんしてる	1
じだんしてます	1
れいはいする	4
れいはいします	4
れいはいしません	4
れいはいしました	4
れいはいしませんでした	4
れいはいしましょう	4
れいはいしない	4
れいはいしなかった	4
れいはいした	4
れいはいして	4
れいはいしている	4
れいはいしています	4
れいはいしていた	4
れいはいしていました	4
れいはいしてる	4
れいはいしてます	4
しゃかいふっきする	4
しゃかいふっきします	4
しゃかいふっきしません	4
しゃかいふっきしました	4
しゃかいふっきしませんでした	4
しゃかいふっきしましょう	4
しゃかいふっきしない	4
しゃかいふっきしなかった	4
しゃかいふっきした	4
しゃかいふっきして	4
しゃかいふっきしている	4
しゃかいふっきしています	4
しゃかいふっきしていた	4
しゃかいふっきしていました	4
しゃかいふっきしてる	4
しゃかいふっきしてます	4
きねんする	3
きねんします	3
きねんしません	3
きねんしました	3
きねんしませんでした	3
きねんしましょう	3
きねんしない	3
きねんしなかった	3
きねんした	3
きねんして	3
きねんしている	3
きねんしています	3
きねんしていた	3
きねんしていました	3
きねんしてる	3
きねんしてます	3
きがんする	1
きがんします	1
きがんしません	1
きがんしました	1
きがんしませんでした	1
きがんしましょう	1
きがんしない	1
きがんしなかった	1
きがんした	1
きがんして	1
きがんしている	1
きがんしています	1
きがんしていた	1
きがんしていました	1
きがんしてる	1
きがんしてます	1
しゅくふくする	4
しゅくふくします	4
しゅくふくしません	4
しゅくふくしました	4
しゅくふくしませんでした	4
しゅくふくしましょう	4
しゅくふくしない	4
しゅくふくしなかった	4
しゅくふくした	4
しゅくふくして	4
しゅくふくしている	4
しゅくふくしています	4
しゅくふくしていた	4
しゅくふくしていました	4
しゅくふくしてる	4
しゅくふくしてます	4
しゅくがする	3
しゅくがします	3
しゅくがしません	3
しゅくがしました	3
しゅくがしませんでした	3
しゅくがしましょう	3
しゅくがしない	3
しゅくがしなかった	3
しゅくがした	3
しゅくがして	3
しゅくがしている	3
しゅくがしています	3
しゅくがしていた	3
しゅくがしていました	3
しゅくがしてる	3
しゅくがしてます	3
きんしする	3
きんしします	3
きんししません	3
きんししました	3
きんししませんでした	3
きんししましょう	3
きんししない	3
きんししなかった	3
きんしした	3
きんしして	3
きんししている	3
きんししています	3
きんししていた	3
きんししていました	3
きんししてる	3
きんししてます	3
きんゆする	3
きんゆします	3
きんゆしません	3
きんゆしました	3
きんゆしませんでした	3
きんゆしましょう	3
きんゆしない	3
きんゆしなかった	3
きんゆした	3
きんゆして	3
きんゆしている	3
きんゆしています	3
きんゆしていた	3
きんゆしていました	3
きんゆしてる	3
きんゆしてます	3
きんしゅする	3
きんしゅします	3
きんしゅしません	3
きんしゅしました	3
きんしゅしませんでした	3
きんしゅしましょう	3
きんしゅしない	3
きんしゅしなかった	3
きんしゅした	3
きんしゅして	3
きんしゅしている	3
きんしゅしています	3
きんしゅしていた	3
きんしゅしていました	3
きんしゅしてる	3
きんしゅしてます	3
きんこする	1
きんこします	1
きんこしません	1
きんこしました	1
きんこしませんでした	1
きんこしましょう	1
きんこしない	1
きんこしなかった	1
きんこした	1
きんこして	1
きんこしている	1
きんこしています	1
きんこしていた	1
きんこしていました	1
きんこしてる	1
きんこしてます	1
しゆうする	3
しゆうします	3
しゆうしません	3
しゆうしました	3
しゆうしませんでした	3
しゆうしましょう	3
しゆうしない	3
しゆうしなかった	3
しゆうした	3
しゆうして	3
しゆうしている	3
しゆうしています	3
しゆうしていた	3
しゆうしていました	3
しゆうしてる	3
しゆうしてます	3
しごする	2
しごします	2
しごしません	2
しごしました	2
しごしませんでした	2
しごしましょう	2
しごしない	2
しごしなかった	2
しごした	2
しごして	2
しごしている	2
しごしています	2
しごしていた	2
しごしていました	2
しごしてる	2
しごしてます	2
かするする	2
かするします	5
かするしません	6
かするしました	5
かするしませんでした	6
かするしましょう	6
かするしない	4
かするしなかった	4
かするした	2
かするして	2
かするしている	2
かするしています	2
かするしていた	2
かするしていました	2
かするしてる	2
かするしてます	2
かがくする	1
かがくします	1
かがくしません	1
かがくしました	1
かがくしませんでした	1
かがくしましょう	1
かがくしない	1
かがくしなかった	1
かがくした	1
かがくして	1
かがくしている	1
かがくしています	1
かがくしていた	1
かがくしていました	1
かがくしてる	1
かがくしてます	1
しょうするする	3
しょうするします	6
しょうするしません	7
しょうするしました	6
しょうするしませんでした	7
しょうするしましょう	7
しょうするしない	5
しょうするしなかった	5
しょうするした	3
しょうするして	3
しょうするしている	3
しょうするしています	3
しょうするしていた	3
しょうするしていました	3
しょうするしてる	3
しょうするしてます	3
いじゅうする	3
いじゅうします	3
いじゅうしません	3
いじゅうしました	3
いじゅうしませんでした	3
いじゅうしましょう	3
いじゅうしない	3
いじゅうしなかった	3
いじゅうした	3
いじゅうして	3
いじゅうしている	3
いじゅうしています	3
いじゅうしていた	3
いじゅうしていました	3
いじゅうしてる	3
いじゅうしてます	3
いみんする	3
いみんします	3
いみんしません	3
いみんしました	3
いみんしませんでした	3
いみんしましょう	3
いみんしない	3
いみんしなかった	3
いみんした	3
いみんして	3
いみんしている	3
いみんしています	3
いみんしていた	3
いみんしていました	3
いみんしてる	3
いみんしてます	3
いかんする	3
いかんします	3
いかんしません	3
いかんしました	3
いかんしませんでした	3
いかんしましょう	3
いかんしない	3
いかんしなかった	3
いかんした	3
いかんして	3
いかんしている	3
いかんしています	3
いかんしていた	3
いかんしていました	3
いかんしてる	3
いかんしてます	3
いせきする	3
いせきします	3
いせきしません	3
いせきしました	3
いせきしませんでした	3
いせきしましょう	3
いせきしない	3
いせきしなかった	3
いせきした	3
いせきして	3
いせきしている	3
いせきしています	3
いせきしていた	3
いせきしていました	3
いせきしてる	3
いせきしてます	3
いこうする	3
いこうします	3
いこうしません	3
いこうしました	3
いこうしませんでした	3
いこうしましょう	3
いこうしない	3
いこうしなかった	3
いこうした	3
いこうして	3
いこうしている	3
いこうしています	3
いこうしていた	3
いこうしていました	3
いこうしてる	3
いこうしてます	3
いじょうする	3
いじょうします	3
いじょうしません	3
いじょうしました	3
いじょうしませんでした	3
いじょうしましょう	3
いじょうしない	3
いじょうしなかった	3
いじょうした	3
いじょうして	3
いじょうしている	3
いじょうしています	3
いじょうしていた	3
いじょうしていました	3
いじょうしてる	3
いじょうしてます	3
いてんする	3
いてんします	3
いてんしません	3
いてんしました	3
いてんしませんでした	3
いてんしましょう	3
いてんしない	3
いてんしなかった	3
いてんした	3
いてんして	3
いてんしている	3
いてんしています	3
いてんしていた	3
いてんしていました	3
いてんしてる	3
いてんしてます	3
いそうする	3
いそうします	3
いそうしません	3
いそうしました	3
いそうしませんでした	3
いそうしましょう	3
いそうしない	3
いそうしなかった	3
いそうした	3
いそうして	3
いそうしている	3
いそうしています	3
いそうしていた	3
いそうしていました	3
いそうしてる	3
いそうしてます	3
しゅべつする	1
しゅべつします	1
しゅべつしません	1
しゅべつしました	1
しゅべつしませんでした	1
しゅべつしましょう	1
しゅべつしない	1
しゅべつしなかった	1
しゅべつした	1
しゅべつして	1
しゅべつしている	1
しゅべつしています	1
しゅべつしていた	1
しゅべつしていました	1
しゅべつしてる	1
しゅべつしてます	1
かどうする	3
かどうします	3
かどうしません	3
かどうしました	3
かどうしませんでした	3
かどうしましょう	3
かどうしない	3
かどうしなかった	3
かどうした	3
かどうして	3
かどうしている	3
かどうしています	3
かどうしていた	3
かどうしていました	3
かどうしてる	3
かどうしてます	3
けいこする	1
けいこします	1
けいこしません	1
けいこしました	1
けいこしませんでした	1
けいこしましょう	1
けいこしない	1
けいこしなかった	1
けいこした	1
けいこして	1
けいこしている	1
けいこしています	1
けいこしていた	1
けいこしていました	1
けいこしてる	1
けいこしてます	1
こうする	1
こうします	1
こうしません	1
こうしました	1
こうしませんでした	1
こうしましょう	1
こうしない	1
こうしなかった	1
こうした	1
こうして	1
こうしている	1
こうしています	1
こうしていた	1
こうしていました	1
こうしてる	1
こうしてます	1
つんどくする	4
つんどくします	4
つんどくしません	4
つんどくしました	4
つんどくしませんでした	4
つんどくしましょう	4
つんどくしない	4
つんどくしなかった	4
つんどくした	4
つんどくして	4
つんどくしている	4
つんどくしています	4
つんどくしていた	4
つんどくしていました	4
つんどくしてる	4
つんどくしてます	4
せきさんする	4
せきさんします	4
せきさんしません	4
せきさんしました	4
せきさんしませんでした	4
せきさんしましょう	4
せきさんしない	4
せきさんしなかった	4
せきさんした	4
せきさんして	4
せきさんしている	4
せきさんしています	4
せきさんしていた	4
せきさんしていました	4
せきさんしてる	4
せきさんしてます	4
せきさいする	4
せきさいします	4
せきさいしません	4
せきさいしました	4
せきさいしませんでした	4
せきさいしましょう	4
せきさいしない	4
せきさいしなかった	4
せきさいした	4
せきさいして	4
せきさいしている	4
せきさいしています	4
せきさいしていた	4
せきさいしていました	4
せきさいしてる	4
せきさいしてます	4
せきせつする	4
せきせつします	4
せきせつしません	4
せきせつしました	4
せきせつしませんでした	4
せきせつしましょう	4
せきせつしない	4
せきせつしなかった	4
せきせつした	4
せきせつして	4
せきせつしている	4
せきせつしています	4
せきせつしていた	4
せきせつしていました	4
せきせつしてる	4
せきせつしてます	4
あなうめする	4
あなうめします	4
あなうめしません	4
あなうめしました	4
あなうめしませんでした	4
あなうめしましょう	4
あなうめしない	4
あなうめしなかった	4
あなうめした	4
あなうめして	4
あなうめしている	4
あなうめしています	4
あなうめしていた	4
あなうめしていました	4
あなうめしてる	4
あなうめしてます	4
きゅうめいする	4
きゅうめいします	4
きゅうめいしません	4
きゅうめいしました	4
きゅうめいしませんでした	4
きゅうめいしましょう	4
きゅうめいしない	4
きゅうめいしなかった	4
きゅうめいした	4
きゅうめいして	4
きゅうめいしている	4
きゅうめいしています	4
きゅうめいしていた	4
きゅうめいしていました	4
きゅうめいしてる	4
きゅうめいしてます	4
きゅうきょくする	4
きゅうきょくします	4
きゅうきょくしません	4
きゅうきょくしました	4
きゅうきょくしませんでした	4
きゅうきょくしましょう	4
きゅうきょくしない	4
きゅうきょくしなかった	4
きゅうきょくした	4
きゅうきょくして	4
きゅうきょくしている	4
きゅうきょくしています	4
きゅうきょくしていた	4
きゅうきょくしていました	4
きゅうきょくしてる	4
きゅうきょくしてます	4
くうそうする	4
くうそうします	4
くうそうしません	4
くうそうしました	4
くうそうしませんでした	4
くうそうしましょう	4
くうそうしない	4
くうそうしなかった	4
くうそうした	4
くうそうして	4
くうそうしている	4
くうそうしています	4
くうそうしていた	4
くうそうしていました	4
くうそうしてる	4
くうそうしてます	4
からぶりする	4
からぶりします	4
からぶりしません	4
からぶりしました	4
からぶりしませんでした	4
からぶりしましょう	4
からぶりしない	4
からぶりしなかった	4
からぶりした	4
からぶりして	4
からぶりしている	4
からぶりしています	4
からぶりしていた	4
からぶりしていました	4
からぶりしてる	4
からぶりしてます	4
くうばくする	4
くうばくします	4
くうばくしません	4
くうばくしました	4
くうばくしませんでした	4
くうばくしましょう	4
くうばくしない	4
くうばくしなかった	4
くうばくした	4
くうばくして	4
くうばくしている	4
くうばくしています	4
くうばくしていた	4
くうばくしていました	4
くうばくしてる	4
くうばくしてます	4
くうしゅうする	4
くうしゅうします	4
くうしゅうしません	4
くうしゅうしました	4
くうしゅうしませんでした	4
くうしゅうしましょう	4
くうしゅうしない	4
くうしゅうしなかった	4
くうしゅうした	4
くうしゅうして	4
くうしゅうしている	4
くうしゅうしています	4
くうしゅうしていた	4
くうしゅうしていました	4
くうしゅうしてる	4
くうしゅうしてます	4
くうてんする	4
くうてんします	4
くうてんしません	4
くうてんしました	4
くうてんしませんでした	4
くうてんしましょう	4
くうてんしない	4
くうてんしなかった	4
くうてんした	4
くうてんして	4
くうてんしている	4
くうてんしています	4
くうてんしていた	4
くうてんしていました	4
くうてんしてる	4
くうてんしてます	4
くうゆする	3
くうゆします	3
くうゆしません	3
くうゆしました	3
くうゆしませんでした	3
くうゆしましょう	3
くうゆしない	3
くうゆしなかった	3
くうゆした	3
くうゆして	3
くうゆしている	3
くうゆしています	3
くうゆしていた	3
くうゆしていました	3
くうゆしてる	3
くうゆしてます	3
とつにゅうする	4
とつにゅうします	4
とつにゅうしません	4
とつにゅうしました	4
とつにゅうしませんでした	4
とつにゅうしましょう	4
とつにゅうしない	4
とつにゅうしなかった	4
とつにゅうした	4
とつにゅうして	4
とつにゅうしている	4
とつにゅうしています	4
とつにゅうしていた	4
とつにゅうしていました	4
とつにゅうしてる	4
とつにゅうしてます	4
とっしゅつする	4
とっしゅつします	4
とっしゅつしません	4
とっしゅつしました	4
とっしゅつしませんでした	4
とっしゅつしましょう	4
とっしゅつしない	4
とっしゅつしなかった	4
とっしゅつした	4
とっしゅつして	4
とっしゅつしている	4
とっしゅつしています	4
とっしゅつしていた	4
とっしゅつしていました	4
とっしゅつしてる	4
とっしゅつしてます	4
とっぱする	3
とっぱします	3
とっぱしません	3
とっぱしました	3
とっぱしませんでした	3
とっぱしましょう	3
とっぱしない	3
とっぱしなかった	3
とっぱした	3
とっぱして	3
とっぱしている	3
とっぱしています	3
とっぱしていた	3
とっぱしていました	3
とっぱしてる	3
とっぱしてます	3
とっきする	3
とっきします	3
とっきしません	3
とっきしました	3
とっきしませんでした	3
とっきしましょう	3
とっきしない	3
とっきしなかった	3
とっきした	3
とっきして	3
とっきしている	3
とっきしています	3
とっきしていた	3
とっきしていました	3
とっきしてる	3
とっきしてます	3
とっしんする	4
とっしんします	4
とっしんしません	4
とっしんしました	4
とっしんしませんでした	4
とっしんしましょう	4
とっしんしない	4
とっしんしなかった	4
とっしんした	4
とっしんして	4
とっしんしている	4
とっしんしています	4
とっしんしていた	4
とっしんしていました	4
とっしんしてる	4
とっしんしてます	4
せっとうする	4
せっとうします	4
せっとうしません	4
せっとうしました	4
せっとうしませんでした	4
せっとうしましょう	4
せっとうしない	4
せっとうしなかった	4
せっとうした	4
せっとうして	4
せっとうしている	4
せっとうしています	4
せっとうしていた	4
せっとうしていました	4
せっとうしてる	4
せっとうしてます	4
ちっそくする	4
ちっそくします	4
ちっそくしません	4
ちっそくしました	4
ちっそくしませんでした	4
ちっそくしましょう	4
ちっそくしない	4
ちっそくしなかった	4
ちっそくした	4
ちっそくして	4
ちっそくしている	4
ちっそくしています	4
ちっそくしていた	4
ちっそくしていました	4
ちっそくしてる	4
ちっそくしてます	4
たちいりする	4
たちいりします	4
たちいりしません	4
たちいりしました	4
たちいりしませんでした	4
たちいりしましょう	4
たちいりしない	5
たちいりしなかった	5
たちいりした	4
たちいりして	4
たちいりしている	4
たちいりしています	4
たちいりしていた	4
たちいりしていました	4
たちいりしてる	4
たちいりしてます	4
たちおうじょうする	3
たちおうじょうします	3
たちおうじょうしません	3
たちおうじょうしました	3
たちおうじょうしませんでした	3
たちおうじょうしましょう	3
たちおうじょうしない	3
たちおうじょうしなかった	3
たちおうじょうした	3
たちおうじょうして	3
たちおうじょうしている	3
たちおうじょうしています	3
たちおうじょうしていた	3
たちおうじょうしていました	3
たちおうじょうしてる	3
たちおうじょうしてます	3
たちばなしする	3
たちばなしします	3
たちばなししません	3
たちばなししました	3
たちばなししませんでした	3
たちばなししましょう	3
たちばなししない	3
たちばなししなかった	3
たちばなしした	3
たちばなしして	3
たちばなししている	3
たちばなししています	3
たちばなししていた	3
たちばなししていました	3
たちばなししてる	3
たちばなししてます	3
たちよみする	4
たちよみします	6
たちよみしません	7
たちよみしました	6
たちよみしませんでした	7
たちよみしましょう	7
たちよみしない	5
たちよみしなかった	5
たちよみした	3
たちよみして	3
たちよみしている	3
たちよみしています	3
たちよみしていた	3
たちよみしていました	3
たちよみしてる	6
たちよみしてます	3
りっこうほする	3
りっこうほします	3
りっこうほしません	3
りっこうほしました	3
りっこうほしませんでした	3
りっこうほしましょう	3
りっこうほしない	3
りっこうほしなかった	3
りっこうほした	3
りっこうほして	3
りっこうほしている	3
りっこうほしています	3
りっこうほしていた	3
りっこうほしていました	3
りっこうほしてる	3
りっこうほしてます	3
りっこくする	4
りっこくします	4
りっこくしません	4
りっこくしました	4
りっこくしませんでした	4
りっこくしましょう	4
りっこくしない	4
りっこくしなかった	4
りっこくした	4
りっこくして	4
りっこくしている	4
りっこくしています	4
りっこくしていた	4
りっこくしていました	4
りっこくしてる	4
りっこくしてます	4
りっちする	3
りっちします	3
りっちしません	3
りっちしました	3
りっちしませんでした	3
りっちしましょう	3
りっちしない	3
りっちしなかった	3
りっちした	3
りっちして	3
りっちしている	3
りっちしています	3
りっちしていた	3
りっちしていました	3
りっちしてる	3
りっちしてます	3
りつあんする	4
りつあんします	4
りつあんしません	4
りつあんしました	4
りつあんしませんでした	4
りつあんしましょう	4
りつあんしない	4
りつあんしなかった	4
りつあんした	4
りつあんして	4
りつあんしている	4
りつあんしています	4
りつあんしていた	4
りつあんしていました	4
りつあんしてる	4
りつあんしてます	4
りっぽうする	4
りっぽうします	4
りっぽうしません	4
りっぽうしました	4
りっぽうしませんでした	4
りっぽうしましょう	4
りっぽうしない	4
りっぽうしなかった	4
りっぽうした	4
りっぽうして	4
りっぽうしている	4
りっぽうしています	4
りっぽうしていた	4
りっぽうしていました	4
りっぽうしてる	4
りっぽうしてます	4
りっきゃくする	4
りっきゃくします	4
りっきゃくしません	4
りっきゃくしました	4
りっきゃくしませんでした	4
りっきゃくしましょう	4
りっきゃくしない	4
りっきゃくしなかった	4
りっきゃくした	4
りっきゃくして	4
りっきゃくしている	4
りっきゃくしています	4
りっきゃくしていた	4
りっきゃくしていました	4
りっきゃくしてる	4
りっきゃくしてます	4
りっしょうする	4
りっしょうします	4
りっしょうしません	4
りっしょうしました	4
りっしょうしませんでした	4
りっしょうしましょう	4
りっしょうしない	4
りっしょうしなかった	4
りっしょうした	4
りっしょうして	4
りっしょうしている	4
りっしょうしています	4
りっしょうしていた	4
りっしょうしていました	4
りっしょうしてる	4
りっしょうしてます	4
きょうそうする	4
きょうそうします	4
きょうそうしません	4
きょうそうしました	4
きょうそうしませんでした	4
きょうそうしましょう	4
きょうそうしない	4
きょうそうしなかった	4
きょうそうした	4
きょうそうして	4
きょうそうしている	4
きょうそうしています	4
きょうそうしていた	4
きょうそうしていました	4
きょうそうしてる	4
きょうそうしてます	4
きょうごうする	4
きょうごうします	4
きょうごうしません	4
きょうごうしました	4
きょうごうしませんでした	4
きょうごうしましょう	4
きょうごうしない	4
きょうごうしなかった	4
きょうごうした	4
きょうごうして	4
きょうごうしている	4
きょうごうしています	4
きょうごうしていた	4
きょうごうしていました	4
きょうごうしてる	4
きょうごうしてます	4
きょうばいする	4
きょうばいします	4
きょうばいしません	4
きょうばいしました	4
きょうばいしませんでした	4
きょうばいしましょう	4
きょうばいしない	4
きょうばいしなかった	4
きょうばいした	4
きょうばいして	4
きょうばいしている	4
きょうばいしています	4
きょうばいしていた	4
きょうばいしていました	4
きょうばいしてる	4
きょうばいしてます	4
ひっきする	3
ひっきします	3
ひっきしません	3
ひっきしました	3
ひっきしませんでした	3
ひっきしましょう	3
ひっきしない	3
ひっきしなかった	3
ひっきした	3
ひっきして	3
ひっきしている	3
ひっきしています	3
ひっきしていた	3
ひっきしていました	3
ひっきしてる	3
ひっきしてます	3
とうぶんする	4
とうぶんします	4
とうぶんしません	4
とうぶんしました	4
とうぶんしませんでした	4
とうぶんしましょう	4
とうぶんしない	4
とうぶんしなかった	4
とうぶんした	4
とうぶんして	4
とうぶんしている	4
とうぶんしています	4
とうぶんしていた	4
とうぶんしていました	4
とうぶんしてる	4
とうぶんしてます	4
とうべんする	1
とうべんします	1
とうべんしません	1
とうべんしました	1
とうべんしませんでした	1
とうべんしましょう	1
とうべんしない	1
とうべんしなかった	1
とうべんした	1
とうべんして	1
とうべんしている	1
とうべんしています	1
とうべんしていた	1
とうべんしていました	1
とうべんしてる	1
とうべんしてます	1
とうしんする	4
とうしんします	4
とうしんしません	4
とうしんしました	4
とうしんしませんでした	4
とうしんしましょう	4
とうしんしない	4
とうしんしなかった	4
とうしんした	4
とうしんして	4
とうしんしている	4
とうしんしています	4
とうしんしていた	4
とうしんしていました	4
とうしんしてる	4
とうしんしてます	4
さくていする	4
さくていします	4
さくていしません	4
さくていしました	4
さくていしませんでした	4
さくていしましょう	4
さくていしない	4
さくていしなかった	4
さくていした	4
さくていして	4
さくていしている	4
さくていしています	4
さくていしていた	4
さくていしていました	4
さくていしてる	4
さくていしてます	4
さんしゅつする	4
さんしゅつします	4
さんしゅつしません	4
さんしゅつしました	4
さんしゅつしませんでした	4
さんしゅつしましょう	4
さんしゅつしない	4
さんしゅつしなかった	4
さんしゅつした	4
さんしゅつして	4
さんしゅつしている	4
さんしゅつしています	4
さんしゅつしていた	4
さんしゅつしていました	4
さんしゅつしてる	4
さんしゅつしてます	4
さんていする	4
さんていします	4
さんていしません	4
さんていしました	4
さんていしませんでした	4
さんていしましょう	4
さんていしない	4
さんていしなかった	4
さんていした	4
さんていして	4
さんていしている	4
さんていしています	4
さんていしていた	4
さんていしていました	4
さんていしてる	4
さんていしてます	4
かんかつする	4
かんかつします	4
かんかつしません	4
かんかつしました	4
かんかつしませんでした	4
かんかつしましょう	4
かんかつしない	4
かんかつしなかった	4
かんかつした	4
かんかつして	4
かんかつしている	4
かんかつしています	4
かんかつしていた	4
かんかつしていました	4
かんかつしてる	4
かんかつしてます	4
せつげんする	4
せつげんします	4
せつげんしません	4
せつげんしました	4
せつげんしませんでした	4
せつげんしましょう	4
せつげんしない	4
せつげんしなかった	4
せつげんした	4
せつげんして	4
せつげんしている	4
せつげんしています	4
せつげんしていた	4
せつげんしていました	4
せつげんしてる	4
せつげんしてます	4
せつやくする	4
せつやくします	4
せつやくしません	4
せつやくしました	4
せつやくしませんでした	4
せつやくしましょう	4
せつやくしない	4
せつやくしなかった	4
せつやくした	4
せつやくして	4
せつやくしている	4
せつやくしています	4
せつやくしていた	4
せつやくしていました	4
せつやくしてる	4
せつやくしてます	4
ねばねばする	2
ねばねばします	2
ねばねばしません	2
ねばねばしました	2
ねばねばしませんでした	2
ねばねばしましょう	2
ねばねばしない	2
ねばねばしなかった	2
ねばねばした	2
ねばねばして	2
ねばねばしてる	2
ねばねばしてます	2
ねんちゃくする	4
ねんちゃくします	4
ねんちゃくしません	4
ねんちゃくしました	4
ねんちゃくしませんでした	4
ねんちゃくしましょう	4
ねんちゃくしない	4
ねんちゃくしなかった	4
ねんちゃくした	4
ねんちゃくして	4
ねんちゃくしている	4
ねんちゃくしています	4
ねんちゃくしていた	4
ねんちゃくしていました	4
ねんちゃくしてる	4
ねんちゃくしてます	4
せいまいする	4
せいまいします	4
せいまいしません	4
せいまいしました	4
せいまいしませんでした	4
せいまいしましょう	4
せいまいしない	4
せいまいしなかった	4
せいまいした	4
せいまいして	4
せいまいしている	4
せいまいしています	4
せいまいしていた	4
せいまいしていました	4
せいまいしてる	4
せいまいしてます	4
せいつうする	4
せいつうします	4
せいつうしません	4
せいつうしました	4
せいつうしませんでした	4
せいつうしましょう	4
せいつうしない	4
せいつうしなかった	4
せいつうした	4
せいつうして	4
せいつうしている	4
せいつうしています	4
せいつうしていた	4
せいつうしていました	4
せいつうしてる	4
せいつうしてます	4
やくそくする	4
やくそくします	4
やくそくしません	4
やくそくしました	4
やくそくしませんでした	4
やくそくしましょう	4
やくそくしない	4
やくそくしなかった	4
やくそくした	4
やくそくして	4
やくそくしている	4
やくそくしています	4
やくそくしていた	4
やくそくしていました	4
やくそくしてる	4
やくそくしてます	4
こうちょうする	4
こうちょうします	4
こうちょうしません	4
こうちょうしました	4
こうちょうしませんでした	4
こうちょうしましょう	4
こうちょうしない	4
こうちょうしなかった	4
こうちょうした	4
こうちょうして	4
こうちょうしている	4
こうちょうしています	4
こうちょうしていた	4
こうちょうしていました	4
こうちょうしてる	4
こうちょうしてます	4
こうようする	4
こうようします	4
こうようしません	4
こうようしました	4
こうようしませんでした	4
こうようしましょう	4
こうようしない	4
こうようしなかった	4
こうようした	4
こうようして	4
こうようしている	4
こうようしています	4
こうようしていた	4
こうようしていました	4
こうようしてる	4
こうようしてます	4
のうふする	3
のうふします	3
のうふしません	3
のうふしました	3
のうふしませんでした	3
のうふしましょう	3
のうふしない	3
のうふしなかった	3
のうふした	3
のうふして	3
のうふしている	3
のうふしています	3
のうふしていた	3
のうふしていました	3
のうふしてる	3
のうふしてます	3
のうにゅうする	4
のうにゅうします	4
のうにゅうしません	4
のうにゅうしました	4
のうにゅうしませんでした	4
のうにゅうしましょう	4
のうにゅうしない	4
のうにゅうしなかった	4
のうにゅうした	4
のうにゅうして	4
のうにゅうしている	4
のうにゅうしています	4
のうにゅうしていた	4
のうにゅうしていました	4
のうにゅうしてる	4
のうにゅうしてます	4
なっとくする	4
なっとくします	4
なっとくしません	4
なっとくしました	4
なっとくしませんでした	4
なっとくしましょう	4
なっとくしない	4
なっとくしなかった	4
なっとくした	4
なっとくして	4
なっとくしている	4
なっとくしています	4
なっとくしていた	4
なっとくしていました	4
なっとくしてる	4
なっとくしてます	4
のうぜいする	4
のうぜいします	4
のうぜいしません	4
のうぜいしました	4
のうぜいしませんでした	4
のうぜいしましょう	4
のうぜいしない	4
のうぜいしなかった	4
のうぜいした	4
のうぜいして	4
のうぜいしている	4
のうぜいしています	4
のうぜいしていた	4
のうぜいしていました	4
のうぜいしてる	4
のうぜいしてます	4
のうきんする	4
のうきんします	4
のうきんしません	4
のうきんしました	4
のうきんしませんでした	4
のうきんしましょう	4
のうきんしない	4
のうきんしなかった	4
のうきんした	4
のうきんして	4
のうきんしている	4
のうきんしています	4
のうきんしていた	4
のうきんしていました	4
のうきんしてる	4
のうきんしてます	4
ふんそうする	4
ふんそうします	4
ふんそうしません	4
ふんそうしました	4
ふんそうしませんでした	4
ふんそうしましょう	4
ふんそうしない	4
ふんそうしなかった	4
ふんそうした	4
ふんそうして	4
ふんそうしている	4
ふんそうしています	4
ふんそうしていた	4
ふんそうしていました	4
ふんそうしてる	4
ふんそうしてます	4
ふんしつする	4
ふんしつします	4
ふんしつしません	4
ふんしつしました	4
ふんしつしませんでした	4
ふんしつしましょう	4
ふんしつしない	4
ふんしつしなかった	4
ふんしつした	4
ふんしつして	4
ふんしつしている	4
ふんしつしています	4
ふんしつしていた	4
ふんしつしていました	4
ふんしつしてる	4
ふんしつしてます	4
ふんきゅうする	4
ふんきゅうします	4
ふんきゅうしません	4
ふんきゅうしました	4
ふんきゅうしませんでした	4
ふんきゅうしましょう	4
ふんきゅうしない	4
ふんきゅうしなかった	4
ふんきゅうした	4
ふんきゅうして	4
ふんきゅうしている	4
ふんきゅうしています	4
ふんきゅうしていた	4
ふんきゅうしていました	4
ふんきゅうしてる	4
ふんきゅうしてます	4
るいせきする	4
るいせきします	4
るいせきしません	4
るいせきしました	4
るいせきしませんでした	4
るいせきしましょう	4
るいせきしない	4
るいせきしなかった	4
るいせきした	4
るいせきして	4
るいせきしている	4
るいせきしています	4
るいせきしていた	4
るいせきしていました	4
るいせきしてる	4
るいせきしてます	4
るいけいする	4
るいけいします	4
るいけいしません	4
るいけいしました	4
るいけいしませんでした	4
るいけいしましょう	4
るいけいしない	4
るいけいしなかった	4
るいけいした	4
るいけいして	4
るいけいしている	4
るいけいしています	4
るいけいしていた	4
るいけいしていました	4
るいけいしてる	4
るいけいしてます	4
るいしんする	4
るいしんします	4
るいしんしません	4
るいしんしました	4
るいしんしませんでした	4
るいしんしましょう	4
るいしんしない	4
るいしんしなかった	4
るいしんした	4
るいしんして	4
るいしんしている	4
るいしんしています	4
るいしんしていた	4
るいしんしていました	4
るいしんしてる	4
るいしんしてます	4
こまごまする	3
こまごまします	3
こまごましません	3
こまごましました	3
こまごましませんでした	3
こまごましましょう	3
こまごましない	3
こまごましなかった	3
こまごました	3
こまごまして	3
こまごましている	3
こまごましています	3
こまごましていた	3
こまごましていました	3
こまごましてる	6
こまごましてます	3
さいぶんする	4
さいぶんします	4
さいぶんしません	4
さいぶんしました	4
さいぶんしませんでした	4
さいぶんしましょう	4
さいぶんしない	4
さいぶんしなかった	4
さいぶんした	4
さいぶんして	4
さいぶんしている	4
さいぶんしています	4
さいぶんしていた	4
さいぶんしていました	4
さいぶんしてる	4
さいぶんしてます	4
さいくする	3
さいくします	3
さいくしません	3
さいくしました	3
さいくしませんでした	3
さいくしましょう	3
さいくしない	3
さいくしなかった	3
さいくした	3
さいくして	3
さいくしている	3
さいくしています	3
さいくしていた	3
さいくしていました	3
さいくしてる	3
さいくしてます	3
しゅうしする	1
しゅうしします	1
しゅうししません	1
しゅうししました	1
しゅうししませんでした	1
しゅうししましょう	1
しゅうししない	1
しゅうししなかった	1
しゅうしした	1
しゅうしして	1
しゅうししている	1
しゅうししています	1
しゅうししていた	1
しゅうししていました	1
しゅうししてる	1
しゅうししてます	1
しゅうそくする	4
しゅうそくします	4
しゅうそくしません	4
しゅうそくしました	4
しゅうそくしませんでした	4
しゅうそくしましょう	4
しゅうそくしない	4
しゅうそくしなかった	4
しゅうそくした	4
しゅうそくして	4
しゅうそくしている	4
しゅうそくしています	4
しゅうそくしていた	4
しゅうそくしていました	4
しゅうそくしてる	4
しゅうそくしてます	4
しゅうえんする	4
しゅうえんします	4
しゅうえんしません	4
しゅうえんしました	4
しゅうえんしませんでした	4
しゅうえんしましょう	4
しゅうえんしない	4
しゅうえんしなかった	4
しゅうえんした	4
しゅうえんして	4
しゅうえんしている	4
しゅうえんしています	4
しゅうえんしていた	4
しゅうえんしていました	4
しゅうえんしてる	4
しゅうえんしてます	4
しゅうけつする	4
しゅうけつします	4
しゅうけつしません	4
しゅうけつしました	4
しゅうけつしませんでした	4
しゅうけつしましょう	4
しゅうけつしない	4
しゅうけつしなかった	4
しゅうけつした	4
しゅうけつして	4
しゅうけつしている	4
しゅうけつしています	4
しゅうけつしていた	4
しゅうけつしていました	4
しゅうけつしてる	4
しゅうけつしてます	4
くみかえする	4
くみかえします	4
くみかえしません	4
くみかえしました	4
くみかえしませんでした	4
くみかえしましょう	4
くみかえしない	4
くみかえしなかった	4
くみかえした	4
くみかえして	4
くみかえしている	4
くみかえしています	4
くみかえしていた	4
くみかえしていました	4
くみかえしてる	4
くみかえしてます	4
そしきする	1
そしきします	1
そしきしません	1
そしきしました	1
そしきしませんでした	1
そしきしましょう	1
そしきしない	1
そしきしなかった	1
そしきした	1
そしきして	1
そしきしている	1
そしきしています	1
そしきしていた	1
そしきしていました	1
そしきしてる	1
そしきしてます	1
そかくする	3
そかくします	3
そかくしません	3
そかくしました	3
そかくしませんでした	3
そかくしましょう	3
そかくしない	3
そかくしなかった	3
そかくした	3
そかくして	3
そかくしている	3
そかくしています	3
そかくしていた	3
そかくしていました	3
そかくしてる	3
そかくしてます	3
けいえいする	4
けいえいします	4
けいえいしません	4
けいえいしました	4
けいえいしませんでした	4
けいえいしましょう	4
けいえいしない	4
けいえいしなかった	4
けいえいした	4
けいえいして	4
けいえいしている	4
けいえいしています	4
けいえいしていた	4
けいえいしていました	4
けいえいしてる	4
けいえいしてます	4
けいゆする	3
けいゆします	3
けいゆしません	3
けいゆしました	3
けいゆしませんでした	3
けいゆしましょう	3
けいゆしない	3
けいゆしなかった	3
けいゆした	3
けいゆして	3
けいゆしている	3
けいゆしています	3
けいゆしていた	3
けいゆしていました	3
けいゆしてる	3
けいゆしてます	3
けいかする	3
けいかします	3
けいかしません	3
けいかしました	3
けいかしませんでした	3
けいかしましょう	3
けいかしない	3
けいかしなかった	3
けいかした	3
けいかして	3
けいかしている	3
けいかしています	3
けいかしていた	3
けいかしていました	3
けいかしてる	3
けいかしてます	3
けいけんする	4
けいけんします	4
けいけんしません	4
けいけんしました	4
けいけんしませんでした	4
けいけんしましょう	4
けいけんしない	4
けいけんしなかった	4
けいけんした	4
けいけんして	4
けいけんしている	4
けいけんしています	4
けいけんしていた	4
けいけんしていました	4
けいけんしてる	4
けいけんしてます	4
けっとうする	4
けっとうします	4
けっとうしません	4
けっとうしました	4
けっとうしませんでした	4
けっとうしましょう	4
けっとうしない	4
けっとうしなかった	4
けっとうした	4
けっとうして	4
けっとうしている	4
けっとうしています	4
けっとうしていた	4
けっとうしていました	4
けっとうしてる	4
けっとうしてます	4
けつごうする	4
けつごうします	4
けつごうしません	4
けつごうしました	4
けつごうしませんでした	4
けつごうしましょう	4
けつごうしない	4
けつごうしなかった	4
けつごうした	4
けつごうして	4
けつごうしている	4
けつごうしています	4
けつごうしていた	4
けつごうしていました	4
けつごうしてる	4
けつごうしてます	4
けっこんする	4
けっこんします	4
けっこんしません	4
けっこんしました	4
けっこんしませんでした	4
けっこんしましょう	4
けっこんしない	4
けっこんしなかった	4
けっこんした	4
けっこんして	4
けっこんしている	4
けっこんしています	4
けっこんしていた	4
けっこんしていました	4
けっこんしてる	4
けっこんしてます	4
けっせいする	4
けっせいします	4
けっせいしません	4
けっせいしました	4
けっせいしませんでした	4
けっせいしましょう	4
けっせいしない	4
けっせいしなかった	4
けっせいした	4
けっせいして	4
けっせいしている	4
けっせいしています	4
けっせいしていた	4
けっせいしていました	4
けっせいしてる	4
けっせいしてます	4
けっしょうする	4
けっしょうします	4
けっしょうしません	4
けっしょうしました	4
けっしょうしませんでした	4
けっしょうしましょう	4
けっしょうしない	4
けっしょうしなかった	4
けっしょうした	4
けっしょうして	4
けっしょうしている	4
けっしょうしています	4
けっしょうしていた	4
けっしょうしていました	4
けっしょうしてる	4
けっしょうしてます	4
けっそくする	4
けっそくします	4
けっそくしません	4
けっそくしました	4
けっそくしませんでした	4
けっそくしましょう	4
けっそくしない	4
けっそくしなかった	4
けっそくした	4
けっそくして	4
けっそくしている	4
けっそくしています	4
けっそくしていた	4
けっそくしていました	4
けっそくしてる	4
けっそくしてます	4
けっかする	3
けっかします	3
けっかしません	3
けっかしました	3
けっかしませんでした	3
けっかしましょう	3
けっかしない	3
けっかしなかった	3
けっかした	3
けっかして	3
けっかしている	3
けっかしています	3
けっかしていた	3
けっかしていました	3
けっかしてる	3
けっかしてます	3
けつろんする	4
けつろんします	4
けつろんしません	4
けつろんしました	4
けつろんしませんでした	4
けつろんしましょう	4
けつろんしない	4
けつろんしなかった	4
けつろんした	4
けつろんして	4
けつろんしている	4
けつろんしています	4
けつろんしていた	4
けつろんしていました	4
けつろんしてる	4
けつろんしてます	4
けっしゅうする	4
けっしゅうします	4
けっしゅうしません	4
けっしゅうしました	4
けっしゅうしませんでした	4
けっしゅうしましょう	4
けっしゅうしない	4
けっしゅうしなかった	4
けっしゅうした	4
けっしゅうして	4
けっしゅうしている	4
けっしゅうしています	4
けっしゅうしていた	4
けっしゅうしていました	4
けっしゅうしてる	4
けっしゅうしてます	4
きゅうよする	1
きゅうよします	1
きゅうよしません	1
きゅうよしました	1
きゅうよしませんでした	1
きゅうよしましょう	1
きゅうよしない	1
きゅうよしなかった	1
きゅうよした	1
きゅうよして	1
きゅうよしている	1
きゅうよしています	1
きゅうよしていた	1
きゅうよしていました	1
きゅうよしてる	1
きゅうよしてます	1
きゅうふする	3
きゅうふします	3
きゅうふしません	3
きゅうふしました	3
きゅうふしませんでした	3
きゅうふしましょう	3
きゅうふしない	3
きゅうふしなかった	3
きゅうふした	3
きゅうふして	3
きゅうふしている	3
きゅうふしています	3
きゅうふしていた	3
きゅうふしていました	3
きゅうふしてる	3
きゅうふしてます	3
きゅうすいする	4
きゅうすいします	4
きゅうすいしません	4
きゅうすいしました	4
きゅうすいしませんでした	4
きゅうすいしましょう	4
きゅうすいしない	4
きゅうすいしなかった	4
きゅうすいした	4
きゅうすいして	4
きゅうすいしている	4
きゅうすいしています	4
きゅうすいしていた	4
きゅうすいしていました	4
きゅうすいしてる	4
きゅうすいしてます	4
きゅうゆする	3
きゅうゆします	3
きゅうゆしません	3
きゅうゆしました	3
きゅうゆしませんでした	3
きゅうゆしましょう	3
きゅうゆしない	3
きゅうゆしなかった	3
きゅうゆした	3
きゅうゆして	3
きゅうゆしている	3
きゅうゆしています	3
きゅうゆしていた	3
きゅうゆしていました	3
きゅうゆしてる	3
きゅうゆしてます	3
とういつする	4
とういつします	4
とういつしません	4
とういつしました	4
とういつしませんでした	4
とういつしましょう	4
とういつしない	4
とういつしなかった	4
とういつした	4
とういつして	4
とういつしている	4
とういつしています	4
とういつしていた	4
とういつしていました	4
とういつしてる	4
とういつしてます	4
とうせいする	4
とうせいします	4
とうせいしません	4
とうせいしました	4
とうせいしませんでした	4
とうせいしましょう	4
とうせいしない	4
とうせいしなかった	4
とうせいした	4
とうせいして	4
とうせいしている	4
とうせいしています	4
とうせいしていた	4
とうせいしていました	4
とうせいしてる	4
とうせいしてます	4
とうごうする	4
とうごうします	4
とうごうしません	4
とうごうしました	4
とうごうしませんでした	4
とうごうしましょう	4
とうごうしない	4
とうごうしなかった	4
とうごうした	4
とうごうして	4
とうごうしている	4
とうごうしています	4
とうごうしていた	4
とうごうしていました	4
とうごうしてる	4
とうごうしてます	4
とうかつする	4
とうかつします	4
とうかつしません	4
とうかつしました	4
とうかつしませんでした	4
とうかつしましょう	4
とうかつしない	4
とうかつしなかった	4
とうかつした	4
とうかつして	4
とうかつしている	4
とうかつしています	4
とうかつしていた	4
とうかつしていました	4
とうかつしてる	4
とうかつしてます	4
とうけいする	4
とうけいします	4
とうけいしません	4
とうけいしました	4
とうけいしませんでした	4
とうけいしましょう	4
とうけいしない	4
とうけいしなかった	4
とうけいした	4
とうけいして	4
とうけいしている	4
とうけいしています	4
とうけいしていた	4
とうけいしていました	4
とうけいしてる	4
とうけいしてます	4
ぜっこうする	4
ぜっこうします	4
ぜっこうしません	4
ぜっこうしました	4
ぜっこうしませんでした	4
ぜっこうしましょう	4
ぜっこうしない	4
ぜっこうしなかった	4
ぜっこうした	4
ぜっこうして	4
ぜっこうしている	4
ぜっこうしています	4
ぜっこうしていた	4
ぜっこうしていました	4
ぜっこうしてる	4
ぜっこうしてます	4
ぜっくする	3
ぜっくします	3
ぜっくしません	3
ぜっくしました	3
ぜっくしませんでした	3
ぜっくしましょう	3
ぜっくしない	3
ぜっくしなかった	3
ぜっくした	3
ぜっくして	3
ぜっくしている	3
ぜっくしています	3
ぜっくしていた	3
ぜっくしていました	3
ぜっくしてる	3
ぜっくしてます	3
ぜつぼうする	4
ぜつぼうします	4
ぜつぼうしません	4
ぜつぼうしました	4
ぜつぼうしませんでした	4
ぜつぼうしましょう	4
ぜつぼうしない	4
ぜつぼうしなかった	4
ぜつぼうした	4
ぜつぼうして	4
ぜつぼうしている	4
ぜつぼうしています	4
ぜつぼうしていた	4
ぜつぼうしていました	4
ぜつぼうしてる	4
ぜつぼうしてます	4
ぜつめつする	4
ぜつめつします	4
ぜつめつしません	4
ぜつめつしました	4
ぜつめつしませんでした	4
ぜつめつしましょう	4
ぜつめつしない	4
ぜつめつしなかった	4
ぜつめつした	4
ぜつめつして	4
ぜつめつしている	4
ぜつめつしています	4
ぜつめつしていた	4
ぜつめつしていました	4
ぜつめつしてる	4
ぜつめつしてます	4
ぜつえんする	4
ぜつえんします	4
ぜつえんしません	4
ぜつえんしました	4
ぜつえんしませんでした	4
ぜつえんしましょう	4
ぜつえんしない	4
ぜつえんしなかった	4
ぜつえんした	4
ぜつえんして	4
ぜつえんしている	4
ぜつえんしています	4
ぜつえんしていた	4
ぜつえんしていました	4
ぜつえんしてる	4
ぜつえんしてます	4
ぜっさんする	4
ぜっさんします	4
ぜっさんしません	4
ぜっさんしました	4
ぜっさんしませんでした	4
ぜっさんしましょう	4
ぜっさんしない	4
ぜっさんしなかった	4
ぜっさんした	4
ぜっさんして	4
ぜっさんしている	4
ぜっさんしています	4
ぜっさんしていた	4
ぜっさんしていました	4
ぜっさんしてる	4
ぜっさんしてます	4
ぜっちょうする	4
ぜっちょうします	4
ぜっちょうしません	4
ぜっちょうしました	4
ぜっちょうしませんでした	4
ぜっちょうしましょう	4
ぜっちょうしない	4
ぜっちょうしなかった	4
ぜっちょうした	4
ぜっちょうして	4
ぜっちょうしている	4
ぜっちょうしています	4
ぜっちょうしていた	4
ぜっちょうしていました	4
ぜっちょうしてる	4
ぜっちょうしてます	4
つぎはぎする	4
つぎはぎします	4
つぎはぎしません	4
つぎはぎしました	4
つぎはぎしませんでした	4
つぎはぎしましょう	4
つぎはぎしない	4
つぎはぎしなかった	4
つぎはぎした	4
つぎはぎして	4
つぎはぎしている	4
つぎはぎしています	4
つぎはぎしていた	4
つぎはぎしていました	4
つぎはぎしてる	4
つぎはぎしてます	4
けいしょうする	4
けいしょうします	4
けいしょうしません	4
けいしょうしました	4
けいしょうしませんでした	4
けいしょうしましょう	4
けいしょうしない	4
けいしょうしなかった	4
けいしょうした	4
けいしょうして	4
けいしょうしている	4
けいしょうしています	4
けいしょうしていた	4
けいしょうしていました	4
けいしょうしてる	4
けいしょうしてます	4
けいとうする	4
けいとうします	4
けいとうしません	4
けいとうしました	4
けいとうしませんでした	4
けいとうしましょう	4
けいとうしない	4
けいとうしなかった	4
けいとうした	4
けいとうして	4
けいとうしている	4
けいとうしています	4
けいとうしていた	4
けいとうしていました	4
けいとうしてる	4
けいとうしてます	4
けいぞくする	4
けいぞくします	4
けいぞくしません	4
けいぞくしました	4
けいぞくしませんでした	4
けいぞくしましょう	4
けいぞくしない	4
けいぞくしなかった	4
けいぞくした	4
けいぞくして	4
けいぞくしている	4
けいぞくしています	4
けいぞくしていた	4
けいぞくしていました	4
けいぞくしてる	4
けいぞくしてます	4
ぞくしんする	4
ぞくしんします	4
ぞくしんしません	4
ぞくしんしました	4
ぞくしんしませんでした	4
ぞくしんしましょう	4
ぞくしんしない	4
ぞくしんしなかった	4
ぞくしんした	4
ぞくしんして	4
ぞくしんしている	4
ぞくしんしています	4
ぞくしんしていた	4
ぞくしんしていました	4
ぞくしんしてる	4
ぞくしんしてます	4
ぞくしゅつする	4
ぞくしゅつします	4
ぞくしゅつしません	4
ぞくしゅつしました	4
ぞくしゅつしませんでした	4
ぞくしゅつしましょう	4
ぞくしゅつしない	4
ぞくしゅつしなかった	4
ぞくしゅつした	4
ぞくしゅつして	4
ぞくしゅつしている	4
ぞくしゅつしています	4
ぞくしゅつしていた	4
ぞくしゅつしていました	4
ぞくしゅつしてる	4
ぞくしゅつしてます	4
ぞっこうする	4
ぞっこうします	4
ぞっこうしません	4
ぞっこうしました	4
ぞっこうしませんでした	4
ぞっこうしましょう	4
ぞっこうしない	4
ぞっこうしなかった	4
ぞっこうした	4
ぞっこうして	4
ぞっこうしている	4
ぞっこうしています	4
ぞっこうしていた	4
ぞっこうしていました	4
ぞっこうしてる	4
ぞっこうしてます	4
いじする	1
いじします	1
いじしません	1
いじしました	1
いじしませんでした	1
いじしましょう	1
いじしない	1
いじしなかった	1
いじした	1
いじして	1
いじしている	1
いじしています	1
いじしていた	1
いじしていました	1
いじしてる	1
いじしてます	1
つなわたりする	3
つなわたりします	3
つなわたりしません	3
つなわたりしました	3
つなわたりしませんでした	3
つなわたりしましょう	3
つなわたりしない	3
つなわたりしなかった	3
つなわたりした	3
つなわたりして	3
つなわたりしている	3
つなわたりしています	3
つなわたりしていた	3
つなわたりしていました	3
つなわたりしてる	3
つなわたりしてます	3
もうらする	1
もうらします	1
もうらしません	1
もうらしました	1
もうらしませんでした	1
もうらしましょう	1
もうらしない	1
もうらしなかった	1
もうらした	1
もうらして	1
もうらしている	1
もうらしています	1
もうらしていた	1
もうらしていました	1
もうらしてる	1
もうらしてます	1
きんちょうする	4
きんちょうします	4
きんちょうしません	4
きんちょうしました	4
きんちょうしませんでした	4
きんちょうしましょう	4
きんちょうしない	4
きんちょうしなかった	4
きんちょうした	4
きんちょうして	4
きんちょうしている	4
きんちょうしています	4
きんちょうしていた	4
きんちょうしていました	4
きんちょうしてる	4
きんちょうしてます	4
きんしゅくする	4
きんしゅくします	4
きんしゅくしません	4
きんしゅくしました	4
きんしゅくしませんでした	4
きんしゅくしましょう	4
きんしゅくしない	4
きんしゅくしなかった	4
きんしゅくした	4
きんしゅくして	4
きんしゅくしている	4
きんしゅくしています	4
きんしゅくしていた	4
きんしゅくしていました	4
きんしゅくしてる	4
きんしゅくしてます	4
きんぱくする	4
きんぱくします	4
きんぱくしません	4
きんぱくしました	4
きんぱくしませんでした	4
きんぱくしましょう	4
きんぱくしない	4
きんぱくしなかった	4
きんぱくした	4
きんぱくして	4
きんぱくしている	4
きんぱくしています	4
きんぱくしていた	4
きんぱくしていました	4
きんぱくしてる	4
きんぱくしてます	4
そうどういんする	3
そうどういんします	3
そうどういんしません	3
そうどういんしました	3
そうどういんしませんでした	3
そうどういんしましょう	3
そうどういんしない	3
そうどういんしなかった	3
そうどういんした	3
そうどういんして	3
そうどういんしている	3
そうどういんしています	3
そうどういんしていた	3
そうどういんしていました	3
そうどういんしてる	3
そうどういんしてます	3
そうごうする	4
そうごうします	4
そうごうしません	4
そうごうしました	4
そうごうしませんでした	4
そうごうしましょう	4
そうごうしない	4
そうごうしなかった	4
そうごうした	4
そうごうして	4
そうごうしている	4
そうごうしています	4
そうごうしていた	4
そうごうしていました	4
そうごうしてる	4
そうごうしてます	4
そうかつする	1
そうかつします	1
そうかつしません	1
そうかつしました	1
そうかつしませんでした	1
そうかつしましょう	1
そうかつしない	1
そうかつしなかった	1
そうかつした	1
そうかつして	1
そうかつしている	1
そうかつしています	1
そうかつしていた	1
そうかつしていました	1
そうかつしてる	1
そうかつしてます	1
そうけっさんする	3
そうけっさんします	3
そうけっさんしません	3
そうけっさんしました	3
そうけっさんしませんでした	3
そうけっさんしましょう	3
そうけっさんしない	3
そうけっさんしなかった	3
そうけっさんした	3
そうけっさんして	3
そうけっさんしている	3
そうけっさんしています	3
そうけっさんしていた	3
そうけっさんしていました	3
そうけっさんしてる	3
そうけっさんしてます	3
そうりする	1
そうりします	1
そうりしません	1
そうりしました	1
そうりしませんでした	1
そうりしましょう	1
そうりしない	1
そうりしなかった	1
そうりした	1
そうりして	1
そうりしている	1
そうりしています	1
そうりしていた	1
そうりしていました	1
そうりしてる	1
そうりしてます	1
そうひょうする	4
そうひょうします	4
そうひょうしません	4
そうひょうしました	4
そうひょうしませんでした	4
そうひょうしましょう	4
そうひょうしない	4
そうひょうしなかった	4
そうひょうした	4
そうひょうして	4
そうひょうしている	4
そうひょうしています	4
そうひょうしていた	4
そうひょうしていました	4
そうひょうしてる	4
そうひょうしてます	4
そうじしょくする	3
そうじしょくします	3
そうじしょくしません	3
そうじしょくしました	3
そうじしょくしませんでした	3
そうじしょくしましょう	3
そうじしょくしない	3
そうじしょくしなかった	3
そうじしょくした	3
そうじしょくして	3
そうじしょくしている	3
そうじしょくしています	3
そうじしょくしていた	3
そうじしょくしていました	3
そうじしょくしてる	3
そうじしょくしてます	3
りょっかする	3
りょっかします	3
りょっかしません	3
りょっかしました	3
りょっかしませんでした	3
りょっかしましょう	3
りょっかしない	3
りょっかしなかった	3
りょっかした	3
りょっかして	3
りょっかしている	3
りょっかしています	3
りょっかしていた	3
りょっかしていました	3
りょっかしてる	3
りょっかしてます	3
ていやくする	4
ていやくします	4
ていやくしません	4
ていやくしました	4
ていやくしませんでした	4
ていやくしましょう	4
ていやくしない	4
ていやくしなかった	4
ていやくした	4
ていやくして	4
ていやくしている	4
ていやくしています	4
ていやくしていた	4
ていやくしていました	4
ていやくしてる	4
ていやくしてます	4
ていけつする	4
ていけつします	4
ていけつしません	4
ていけつしました	4
ていけつしませんでした	4
ていけつしましょう	4
ていけつしない	4
ていけつしなかった	4
ていけつした	4
ていけつして	4
ていけつしている	4
ていけつしています	4
ていけつしていた	4
ていけつしていました	4
ていけつしてる	4
ていけつしてます	4
へんにゅうする	4
へんにゅうします	4
へんにゅうしません	4
へんにゅうしました	4
へんにゅうしませんでした	4
へんにゅうしましょう	4
へんにゅうしない	4
へんにゅうしなかった	4
へんにゅうした	4
へんにゅうして	4
へんにゅうしている	4
へんにゅうしています	4
へんにゅうしていた	4
へんにゅうしていました	4
へんにゅうしてる	4
へんにゅうしてます	4
へんせいする	4
へんせいします	4
へんせいしません	4
へんせいしました	4
へんせいしませんでした	4
へんせいしましょう	4
へんせいしない	4
へんせいしなかった	4
へんせいした	4
へんせいして	4
へんせいしている	4
へんせいしています	4
へんせいしていた	4
へんせいしていました	4
へんせいしてる	4
へんせいしてます	4
へんしゅうする	4
へんしゅうします	4
へんしゅうしません	4
へんしゅうしました	4
へんしゅうしませんでした	4
へんしゅうしましょう	4
へんしゅうしない	4
へんしゅうしなかった	4
へんしゅうした	4
へんしゅうして	4
へんしゅうしている	4
へんしゅうしています	4
へんしゅうしていた	4
へんしゅうしていました	4
へんしゅうしてる	4
へんしゅうしてます	4
かんわする	3
かんわします	3
かんわしません	3
かんわしました	3
かんわしませんでした	3
かんわしましょう	3
かんわしない	3
かんわしなかった	3
かんわした	3
かんわして	3
かんわしている	3
かんわしています	3
かんわしていた	3
かんわしていました	3
かんわしてる	3
かんわしてます	3
れんしゅうする	4
れんしゅうします	4
れんしゅうしません	4
れんしゅうしました	4
れんしゅうしませんでした	4
れんしゅうしましょう	4
れんしゅうしない	4
れんしゅうしなかった	4
れんしゅうした	4
れんしゅうして	4
れんしゅうしている	4
れんしゅうしています	4
れんしゅうしていた	4
れんしゅうしていました	4
れんしゅうしてる	4
れんしゅうしてます	4
じゅうだんする	4
じゅうだんします	4
じゅうだんしません	4
じゅうだんしました	4
じゅうだんしませんでした	4
じゅうだんしましょう	4
じゅうだんしない	4
じゅうだんしなかった	4
じゅうだんした	4
じゅうだんして	4
じゅうだんしている	4
じゅうだんしています	4
じゅうだんしていた	4
じゅうだんしていました	4
じゅうだんしてる	4
じゅうだんしてます	4
ほうせいする	4
ほうせいします	4
ほうせいしません	4
ほうせいしました	4
ほうせいしませんでした	4
ほうせいしましょう	4
ほうせいしない	4
ほうせいしなかった	4
ほうせいした	4
ほうせいして	4
ほうせいしている	4
ほうせいしています	4
ほうせいしていた	4
ほうせいしていました	4
ほうせいしてる	4
ほうせいしてます	4
しゅくしょうする	4
しゅくしょうします	4
しゅくしょうしません	4
しゅくしょうしました	4
しゅくしょうしませんでした	4
しゅくしょうしましょう	4
しゅくしょうしない	4
しゅくしょうしなかった	4
しゅくしょうした	4
しゅくしょうして	4
しゅくしょうしている	4
しゅくしょうしています	4
しゅくしょうしていた	4
しゅくしょうしていました	4
しゅくしょうしてる	4
しゅくしょうしてます	4
はんしょくする	4
はんしょくします	4
はんしょくしません	4
はんしょくしました	4
はんしょくしませんでした	4
はんしょくしましょう	4
はんしょくしない	4
はんしょくしなかった	4
はんしょくした	4
はんしょくして	4
はんしょくしている	4
はんしょくしています	4
はんしょくしていた	4
はんしょくしていました	4
はんしょくしてる	4
はんしょくしてます	4
はんじょうする	1
はんじょうします	1
はんじょうしません	1
はんじょうしました	1
はんじょうしませんでした	1
はんじょうしましょう	1
はんじょうしない	1
はんじょうしなかった	1
はんじょうした	1
はんじょうして	1
はんじょうしている	1
はんじょうしています	1
はんじょうしていた	1
はんじょうしていました	1
はんじょうしてる	1
はんじょうしてます	1
ばっするする	0
ばっするします	6
ばっするしません	7
ばっするしました	6
ばっするしませんでした	7
ばっするしましょう	7
ばっするしない	0
ばっするしなかった	9
ばっするした	6
ばっするして	0
ばっするしている	6
ばっするしています	6
ばっするしていた	6
ばっするしていました	6
ばっするしてる	5
ばっするしてます	7
しょめいする	3
しょめいします	3
しょめいしません	3
しょめいしました	3
しょめいしませんでした	3
しょめいしましょう	3
しょめいしない	3
しょめいしなかった	3
しょめいした	3
しょめいして	3
しょめいしている	3
しょめいしています	3
しょめいしていた	3
しょめいしていました	3
しょめいしてる	3
しょめいしてます	3
ひめんする	3
ひめんします	3
ひめんしません	3
ひめんしました	3
ひめんしませんでした	3
ひめんしましょう	3
ひめんしない	3
ひめんしなかった	3
ひめんした	3
ひめんして	3
ひめんしている	3
ひめんしています	3
ひめんしていた	3
ひめんしていました	3
ひめんしてる	3
ひめんしてます	3
びかする	1
びかします	1
びかしません	1
びかしました	1
びかしませんでした	1
びかしましょう	1
びかしない	1
びかしなかった	1
びかした	1
びかして	1
びかしている	1
びかしています	1
びかしていた	1
びかしていました	1
びかしてる	1
びかしてます	1
ぐんしゅうする	4
ぐんしゅうします	4
ぐんしゅうしません	4
ぐんしゅうしました	4
ぐんしゅうしませんでした	4
ぐんしゅうしましょう	4
ぐんしゅうしない	4
ぐんしゅうしなかった	4
ぐんしゅうした	4
ぐんしゅうして	4
ぐんしゅうしている	4
ぐんしゅうしています	4
ぐんしゅうしていた	4
ぐんしゅうしていました	4
ぐんしゅうしてる	4
ぐんしゅうしてます	4
ほんやくする	4
ほんやくします	4
ほんやくしません	4
ほんやくしました	4
ほんやくしませんでした	4
ほんやくしましょう	4
ほんやくしない	4
ほんやくしなかった	4
ほんやくした	4
ほんやくして	4
ほんやくしている	4
ほんやくしています	4
ほんやくしていた	4
ほんやくしていました	4
ほんやくしてる	4
ほんやくしてます	4
ろうかする	3
ろうかします	3
ろうかしません	3
ろうかしました	3
ろうかしませんでした	3
ろうかしましょう	3
ろうかしない	3
ろうかしなかった	3
ろうかした	3
ろうかして	3
ろうかしている	3
ろうかしています	3
ろうかしていた	3
ろうかしていました	3
ろうかしてる	3
ろうかしてます	3
ろうきゅうする	4
ろうきゅうします	4
ろうきゅうしません	4
ろうきゅうしました	4
ろうきゅうしませんでした	4
ろうきゅうしましょう	4
ろうきゅうしない	4
ろうきゅうしなかった	4
ろうきゅうした	4
ろうきゅうして	4
ろうきゅうしている	4
ろうきゅうしています	4
ろうきゅうしていた	4
ろうきゅうしていました	4
ろうきゅうしてる	4
ろうきゅうしてます	4
ろうすいする	4
ろうすいします	4
ろうすいしません	4
ろうすいしました	4
ろうすいしませんでした	4
ろうすいしましょう	4
ろうすいしない	4
ろうすいしなかった	4
ろうすいした	4
ろうすいして	4
ろうすいしている	4
ろうすいしています	4
ろうすいしていた	4
ろうすいしていました	4
ろうすいしてる	4
ろうすいしてます	4
こうさつする	4
こうさつします	4
こうさつしません	4
こうさつしました	4
こうさつしませんでした	4
こうさつしましょう	4
こうさつしない	4
こうさつしなかった	4
こうさつした	4
こうさつして	4
こうさつしている	4
こうさつしています	4
こうさつしていた	4
こうさつしていました	4
こうさつしてる	4
こうさつしてます	4
こうりょする	1
こうりょします	1
こうりょしません	1
こうりょしました	1
こうりょしませんでした	1
こうりょしましょう	1
こうりょしない	1
こうりょしなかった	1
こうりょした	1
こうりょして	1
こうりょしている	1
こうりょしています	1
こうりょしていた	1
こうりょしていました	1
こうりょしてる	1
こうりょしてます	1
ききがきする	4
ききがきします	4
ききがきしません	4
ききがきしました	4
ききがきしませんでした	4
ききがきしましょう	4
ききがきしない	4
ききがきしなかった	4
ききがきした	4
ききがきして	4
ききがきしている	4
ききがきしています	4
ききがきしていた	4
ききがきしていました	4
ききがきしてる	4
ききがきしてます	4
ちょうしゅする	1
ちょうしゅします	1
ちょうしゅしません	1
ちょうしゅしました	1
ちょうしゅしませんでした	1
ちょうしゅしましょう	1
ちょうしゅしない	1
ちょうしゅしなかった	1
ちょうしゅした	1
ちょうしゅして	1
ちょうしゅしている	1
ちょうしゅしています	1
ちょうしゅしていた	1
ちょうしゅしていました	1
ちょうしゅしてる	1
ちょうしゅしてます	1
ちょうこうする	4
ちょうこうします	4
ちょうこうしません	4
ちょうこうしました	4
ちょうこうしませんでした	4
ちょうこうしましょう	4
ちょうこうしない	4
ちょうこうしなかった	4
ちょうこうした	4
ちょうこうして	4
ちょうこうしている	4
ちょうこうしています	4
ちょうこうしていた	4
ちょうこうしていました	4
ちょうこうしてる	4
ちょうこうしてます	4
にくはくする	4
にくはくします	4
にくはくしません	4
にくはくしました	4
にくはくしませんでした	4
にくはくしましょう	4
にくはくしない	4
にくはくしなかった	4
にくはくした	4
にくはくして	4
にくはくしている	4
にくはくしています	4
にくはくしていた	4
にくはくしていました	4
にくはくしてる	4
にくはくしてます	4
にくしょくする	4
にくしょくします	4
にくしょくしません	4
にくしょくしました	4
にくしょくしませんでした	4
にくしょくしましょう	4
にくしょくしない	4
にくしょくしなかった	4
にくしょくした	4
にくしょくして	4
にくしょくしている	4
にくしょくしています	4
にくしょくしていた	4
にくしょくしていました	4
にくしょくしてる	4
にくしょくしてます	4
ひだいする	3
ひだいします	3
ひだいしません	3
ひだいしました	3
ひだいしませんでした	3
ひだいしましょう	3
ひだいしない	3
ひだいしなかった	3
ひだいした	3
ひだいして	3
ひだいしている	3
ひだいしています	3
ひだいしていた	3
ひだいしていました	3
ひだいしてる	3
ひだいしてます	3
ひまんする	3
ひまんします	3
ひまんしません	3
ひまんしました	3
ひまんしませんでした	3
ひまんしましょう	3
ひまんしない	3
ひまんしなかった	3
ひまんした	3
ひまんして	3
ひまんしている	3
ひまんしています	3
ひまんしていた	3
ひまんしていました	3
ひまんしてる	3
ひまんしてます	3
かたがわりする	3
かたがわりします	3
かたがわりしません	3
かたがわりしました	3
かたがわりしませんでした	3
かたがわりしましょう	3
かたがわりしない	3
かたがわりしなかった	3
かたがわりした	3
かたがわりして	3
かたがわりしている	3
かたがわりしています	3
かたがわりしていた	3
かたがわりしていました	3
かたがわりしてる	3
かたがわりしてます	3
いくじする	1
いくじします	1
いくじしません	1
いくじしました	1
いくじしませんでした	1
いくじしましょう	1
いくじしない	1
いくじしなかった	1
いくじした	1
いくじして	1
いくじしている	1
いくじしています	1
いくじしていた	1
いくじしていました	1
いくじしてる	1
いくじしてます	1
いくせいする	4
いくせいします	4
いくせいしません	4
いくせいしました	4
いくせいしませんでした	4
いくせいしましょう	4
いくせいしない	4
いくせいしなかった	4
いくせいした	4
いくせいして	4
いくせいしている	4
いくせいしています	4
いくせいしていた	4
いくせいしていました	4
いくせいしてる	4
いくせいしてます	4
はいにんする	4
はいにんします	4
はいにんしません	4
はいにんしました	4
はいにんしませんでした	4
はいにんしましょう	4
はいにんしない	4
はいにんしなかった	4
はいにんした	4
はいにんして	4
はいにんしている	4
はいにんしています	4
はいにんしていた	4
はいにんしていました	4
はいにんしてる	4
はいにんしてます	4
はいしんする	4
はいしんします	4
はいしんしません	4
はいしんしました	4
はいしんしませんでした	4
はいしんしましょう	4
はいしんしない	4
はいしんしなかった	4
はいしんした	4
はいしんして	4
はいしんしている	4
はいしんしています	4
はいしんしていた	4
はいしんしていました	4
はいしんしてる	4
はいしんしてます	4
どうあげする	4
どうあげします	4
どうあげしません	4
どうあげしました	4
どうあげしませんでした	4
どうあげしましょう	4
どうあげしない	4
どうあげしなかった	4
どうあげした	4
どうあげして	4
どうあげしている	4
どうあげしています	4
どうあげしていた	4
どうあげしていました	4
どうあげしてる	4
どうあげしてます	4
きょういする	1
きょういします	1
きょういしません	1
きょういしました	1
きょういしませんでした	1
きょういしましょう	1
きょういしない	1
きょういしなかった	1
きょういした	1
きょういして	1
きょういしている	1
きょういしています	1
きょういしていた	1
きょういしていました	1
きょういしてる	1
きょういしてます	1
きょうはくする	4
きょうはくします	4
きょうはくしません	4
きょうはくしました	4
きょうはくしませんでした	4
きょうはくしましょう	4
きょうはくしない	4
きょうはくしなかった	4
きょうはくした	4
きょうはくして	4
きょうはくしている	4
きょうはくしています	4
きょうはくしていた	4
きょうはくしていました	4
きょうはくしてる	4
きょうはくしてます	4
わきみする	3
わきみします	3
わきみしません	3
わきみしました	3
わきみしませんでした	3
わきみしましょう	3
わきみしない	3
わきみしなかった	3
わきみした	3
わきみして	3
わきみしている	3
わきみしています	3
わきみしていた	3
わきみしていました	3
わきみしてる	3
わきみしてます	3
きゃくしょくする	4
きゃくしょくします	4
きゃくしょくしません	4
きゃくしょくしました	4
きゃくしょくしませんでした	4
きゃくしょくしましょう	4
きゃくしょくしない	4
きゃくしょくしなかった	4
きゃくしょくした	4
きゃくしょくして	4
きゃくしょくしている	4
きゃくしょくしています	4
きゃくしょくしていた	4
きゃくしょくしていました	4
きゃくしょくしてる	4
きゃくしょくしてます	4
だっするする	0
だっするします	6
だっするしません	7
だっするしました	6
だっするしませんでした	7
だっするしましょう	7
だっするしない	0
だっするしなかった	9
だっするした	6
だっするして	0
だっするしている	6
だっするしています	6
だっするしていた	6
だっするしていました	6
だっするしてる	5
だっするしてます	7
だっしゅつする	4
だっしゅつします	4
だっしゅつしません	4
だっしゅつしました	4
だっしゅつしませんでした	4
だっしゅつしましょう	4
だっしゅつしない	4
だっしゅつしなかった	4
だっしゅつした	4
だっしゅつして	4
だっしゅつしている	4
だっしゅつしています	4
だっしゅつしていた	4
だっしゅつしていました	4
だっしゅつしてる	4
だっしゅつしてます	4
だっきゃくする	4
だっきゃくします	4
だっきゃくしません	4
だっきゃくしました	4
だっきゃくしませんでした	4
だっきゃくしましょう	4
だっきゃくしない	4
だっきゃくしなかった	4
だっきゃくした	4
だっきゃくして	4
だっきゃくしている	4
だっきゃくしています	4
だっきゃくしていた	4
だっきゃくしていました	4
だっきゃくしてる	4
だっきゃくしてます	4
だっすいする	4
だっすいします	4
だっすいしません	4
だっすいしました	4
だっすいしませんでした	4
だっすいしましょう	4
だっすいしない	4
だっすいしなかった	4
だっすいした	4
だっすいして	4
だっすいしている	4
だっすいしています	4
だっすいしていた	4
だっすいしていました	4
だっすいしてる	4
だっすいしてます	4
だっぴする	3
だっぴします	3
だっぴしません	3
だっぴしました	3
だっぴしませんでした	3
だっぴしましょう	3
だっぴしない	3
だっぴしなかった	3
だっぴした	3
だっぴして	3
だっぴしている	3
だっぴしています	3
だっぴしていた	3
だっぴしていました	3
だっぴしてる	3
だっぴしてます	3
だつりゅうする	4
だつりゅうします	4
だつりゅうしません	4
だつりゅうしました	4
だつりゅうしませんでした	4
だつりゅうしましょう	4
だつりゅうしない	4
だつりゅうしなかった	4
だつりゅうした	4
だつりゅうして	4
だつりゅうしている	4
だつりゅうしています	4
だつりゅうしていた	4
だつりゅうしていました	4
だつりゅうしてる	4
だつりゅうしてます	4
だつぜいする	4
だつぜいします	4
だつぜいしません	4
だつぜいしました	4
だつぜいしませんでした	4
だつぜいしましょう	4
だつぜいしない	4
だつぜいしなかった	4
だつぜいした	4
だつぜいして	4
だつぜいしている	4
だつぜいしています	4
だつぜいしていた	4
だつぜいしていました	4
だつぜいしてる	4
だつぜいしてます	4
だっせんする	4
だっせんします	4
だっせんしません	4
だっせんしました	4
だっせんしませんでした	4
だっせんしましょう	4
だっせんしない	4
だっせんしなかった	4
だっせんした	4
だっせんして	4
だっせんしている	4
だっせんしています	4
だっせんしていた	4
だっせんしていました	4
だっせんしてる	4
だっせんしてます	4
だつらくする	4
だつらくします	4
だつらくしません	4
だつらくしました	4
だつらくしませんでした	4
だつらくしましょう	4
だつらくしない	4
だつらくしなかった	4
だつらくした	4
だつらくして	4
だつらくしている	4
だつらくしています	4
だつらくしていた	4
だつらくしていました	4
だつらくしてる	4
だつらくしてます	4
だついする	3
だついします	3
だついしません	3
だついしました	3
だついしませんでした	3
だついしましょう	3
だついしない	3
だついしなかった	3
だついした	3
だついして	3
だついしている	3
だついしています	3
だついしていた	3
だついしていました	3
だついしてる	3
だついしてます	3
だっそうする	4
だっそうします	4
だっそうしません	4
だっそうしました	4
だっそうしませんでした	4
だっそうしましょう	4
だっそうしない	4
だっそうしなかった	4
だっそうした	4
だっそうして	4
だっそうしている	4
だっそうしています	4
だっそうしていた	4
だっそうしていました	4
だっそうしてる	4
だっそうしてます	4
だったいする	4
だったいします	4
だったいしません	4
だったいしました	4
だったいしませんでした	4
だったいしましょう	4
だったいしない	4
だったいしなかった	4
だったいした	4
だったいして	4
だったいしている	4
だったいしています	4
だったいしていた	4
だったいしていました	4
だったいしてる	4
だったいしてます	4
ふしんする	3
ふしんします	3
ふしんしません	3
ふしんしました	3
ふしんしませんでした	3
ふしんしましょう	3
ふしんしない	3
ふしんしなかった	3
ふしんした	3
ふしんして	3
ふしんしている	3
ふしんしています	3
ふしんしていた	3
ふしんしていました	3
ふしんしてる	3
ふしんしてます	3
ふはいする	3
ふはいします	3
ふはいしません	3
ふはいしました	3
ふはいしませんでした	3
ふはいしましょう	3
ふはいしない	3
ふはいしなかった	3
ふはいした	3
ふはいして	3
ふはいしている	3
ふはいしています	3
ふはいしていた	3
ふはいしていました	3
ふはいしてる	3
ふはいしてます	3
ぼうだいする	4
ぼうだいします	4
ぼうだいしません	4
ぼうだいしました	4
ぼうだいしませんでした	4
ぼうだいしましょう	4
ぼうだいしない	4
ぼうだいしなかった	4
ぼうだいした	4
ぼうだいして	4
ぼうだいしている	4
ぼうだいしています	4
ぼうだいしていた	4
ぼうだいしていました	4
ぼうだいしてる	4
ぼうだいしてます	4
じしゅする	1
じしゅします	1
じしゅしません	1
じしゅしました	1
じしゅしませんでした	1
じしゅしましょう	1
じしゅしない	1
じしゅしなかった	1
じしゅした	1
じしゅして	1
じしゅしている	1
じしゅしています	1
じしゅしていた	1
じしゅしていました	1
じしゅしてる	1
じしゅしてます	1
じにんする	3
じにんします	3
じにんしません	3
じにんしました	3
じにんしませんでした	3
じにんしましょう	3
じにんしない	3
じにんしなかった	3
じにんした	3
じにんして	3
じにんしている	3
じにんしています	3
じにんしていた	3
じにんしていました	3
じにんしてる	3
じにんしてます	3
じさくする	3
じさくします	3
じさくしません	3
じさくしました	3
じさくしませんでした	3
じさくしましょう	3
じさくしない	3
じさくしなかった	3
じさくした	3
じさくして	3
じさくしている	3
じさくしています	3
じさくしていた	3
じさくしていました	3
じさくしてる	3
じさくしてます	3
じせいする	3
じせいします	3
じせいしません	3
じせいしました	3
じせいしませんでした	3
じせいしましょう	3
じせいしない	3
じせいしなかった	3
じせいした	3
じせいして	3
じせいしている	3
じせいしています	3
じせいしていた	3
じせいしていました	3
じせいしてる	3
じせいしてます	3
じどうかする	4
じどうかします	4
じどうかしません	4
じどうかしました	4
じどうかしませんでした	4
じどうかしましょう	4
じどうかしない	4
じどうかしなかった	4
じどうかした	4
じどうかして	4
じどうかしている	4
じどうかしています	4
じどうかしていた	4
じどうかしていました	4
じどうかしてる	4
じどうかしてます	4
じもんする	3
じもんします	3
じもんしません	3
じもんしました	3
じもんしませんでした	3
じもんしましょう	3
じもんしない	3
じもんしなかった	3
じもんした	3
じもんして	3
じもんしている	3
じもんしています	3
じもんしていた	3
じもんしていました	3
じもんしてる	3
じもんしてます	3
じえいする	3
じえいします	3
じえいしません	3
じえいしました	3
じえいしませんでした	3
じえいしましょう	3
じえいしない	3
じえいしなかった	3
じえいした	3
じえいして	3
じえいしている	3
じえいしています	3
じえいしていた	3
じえいしていました	3
じえいしてる	3
じえいしてます	3
じこかんりする	3
じこかんりします	3
じこかんりしません	3
じこかんりしました	3
じこかんりしませんでした	3
じこかんりしましょう	3
じこかんりしない	3
じこかんりしなかった	3
じこかんりした	3
じこかんりして	3
じこかんりしている	3
じこかんりしています	3
じこかんりしていた	3
じこかんりしていました	3
じこかんりしてる	3
じこかんりしてます	3
じまんする	3
じまんします	3
じまんしません	3
じまんしました	3
じまんしませんでした	3
じまんしましょう	3
じまんしない	3
じまんしなかった	3
じまんした	3
じまんして	3
じまんしている	3
じまんしています	3
じまんしていた	3
じまんしていました	3
じまんしてる	3
じまんしてます	3
じさつする	3
じさつします	3
じさつしません	3
じさつしました	3
じさつしませんでした	3
じさつしましょう	3
じさつしない	3
じさつしなかった	3
じさつした	3
じさつして	3
じさつしている	3
じさつしています	3
じさつしていた	3
じさつしていました	3
じさつしてる	3
じさつしてます	3
じけつする	3
じけつします	3
じけつしません	3
じけつしました	3
じけつしませんでした	3
じけつしましょう	3
じけつしない	3
じけつしなかった	3
じけつした	3
じけつして	3
じけつしている	3
じけつしています	3
じけつしていた	3
じけつしていました	3
じけつしてる	3
じけつしてます	3
じかつする	3
じかつします	3
じかつしません	3
じかつしました	3
じかつしませんでした	3
じかつしましょう	3
じかつしない	3
じかつしなかった	3
じかつした	3
じかつして	3
じかつしている	3
じかつしています	3
じかつしていた	3
じかつしていました	3
じかつしてる	3
じかつしてます	3
じじょうする	3
じじょうします	3
じじょうしません	3
じじょうしました	3
じじょうしませんでした	3
じじょうしましょう	3
じじょうしない	3
じじょうしなかった	3
じじょうした	3
じじょうして	3
じじょうしている	3
じじょうしています	3
じじょうしていた	3
じじょうしていました	3
じじょうしてる	3
じじょうしてます	3
じめつする	3
じめつします	3
じめつしません	3
じめつしました	3
じめつしませんでした	3
じめつしましょう	3
じめつしない	3
じめつしなかった	3
じめつした	3
じめつして	3
じめつしている	3
じめつしています	3
じめつしていた	3
じめつしていました	3
じめつしてる	3
じめつしてます	3
じすいする	3
じすいします	3
じすいしません	3
じすいしました	3
じすいしませんでした	3
じすいしましょう	3
じすいしない	3
じすいしなかった	3
じすいした	3
じすいして	3
じすいしている	3
じすいしています	3
じすいしていた	3
じすいしていました	3
じすいしてる	3
じすいしてます	3
じゆうかする	4
じゆうかします	4
じゆうかしません	4
じゆうかしました	4
じゆうかしませんでした	4
じゆうかしましょう	4
じゆうかしない	4
じゆうかしなかった	4
じゆうかした	4
じゆうかして	4
じゆうかしている	4
じゆうかしています	4
じゆうかしていた	4
じゆうかしていました	4
じゆうかしてる	4
じゆうかしてます	4
じはくする	3
じはくします	3
じはくしません	3
じはくしました	3
じはくしませんでした	3
じはくしましょう	3
じはくしない	3
じはくしなかった	3
じはくした	3
じはくして	3
じはくしている	3
じはくしています	3
じはくしていた	3
じはくしていました	3
じはくしてる	3
じはくしてます	3
じしょうする	3
じしょうします	3
じしょうしません	3
じしょうしました	3
じしょうしませんでした	3
じしょうしましょう	3
じしょうしない	3
じしょうしなかった	3
じしょうした	3
じしょうして	3
じしょうしている	3
じしょうしています	3
じしょうしていた	3
じしょうしていました	3
じしょうしてる	3
じしょうしてます	3
じりつする	3
じりつします	3
じりつしません	3
じりつしました	3
じりつしませんでした	3
じりつしましょう	3
じりつしない	3
じりつしなかった	3
じりつした	3
じりつして	3
じりつしている	3
じりつしています	3
じりつしていた	3
じりつしていました	3
じりつしてる	3
じりつしてます	3
じしゅくする	3
じしゅくします	3
じしゅくしません	3
じしゅくしました	3
じしゅくしませんでした	3
じしゅくしましょう	3
じしゅくしない	3
じしゅくしなかった	3
じしゅくした	3
じしゅくして	3
じしゅくしている	3
じしゅくしています	3
じしゅくしていた	3
じしゅくしていました	3
じしゅくしてる	3
じしゅくしてます	3
じしゅうする	3
じしゅうします	3
じしゅうしません	3
じしゅうしました	3
じしゅうしませんでした	3
じしゅうしましょう	3
じしゅうしない	3
じしゅうしなかった	3
じしゅうした	3
じしゅうして	3
じしゅうしている	3
じしゅうしています	3
じしゅうしていた	3
じしゅうしていました	3
じしゅうしてる	3
じしゅうしてます	3
じかくする	3
じかくします	3
じかくしません	3
じかくしました	3
じかくしませんでした	3
じかくしましょう	3
じかくしない	3
じかくしなかった	3
じかくした	3
じかくして	3
じかくしている	3
じかくしています	3
じかくしていた	3
じかくしていました	3
じかくしてる	3
じかくしてます	3
じふする	1
じふします	1
じふしません	1
じふしました	1
じふしませんでした	1
じふしましょう	1
じふしない	1
じふしなかった	1
じふした	1
じふして	1
じふしている	1
じふしています	1
じふしていた	1
じふしていました	1
じふしてる	1
じふしてます	1
こうふんする	4
こうふんします	4
こうふんしません	4
こうふんしました	4
こうふんしませんでした	4
こうふんしましょう	4
こうふんしない	4
こうふんしなかった	4
こうふんした	4
こうふんして	4
こうふんしている	4
こうふんしています	4
こうふんしていた	4
こうふんしていました	4
こうふんしてる	4
こうふんしてます	4
こうぎょうする	4
こうぎょうします	4
こうぎょうしません	4
こうぎょうしました	4
こうぎょうしませんでした	4
こうぎょうしましょう	4
こうぎょうしない	4
こうぎょうしなかった	4
こうぎょうした	4
こうぎょうして	4
こうぎょうしている	4
こうぎょうしています	4
こうぎょうしていた	4
こうぎょうしていました	4
こうぎょうしてる	4
こうぎょうしてます	4
ほそうする	3
ほそうします	3
ほそうしません	3
ほそうしました	3
ほそうしませんでした	3
ほそうしましょう	3
ほそうしない	3
ほそうしなかった	3
ほそうした	3
ほそうして	3
ほそうしている	3
ほそうしています	3
ほそうしていた	3
ほそうしていました	3
ほそうしてる	3
ほそうしてます	3
ぶとうする	3
ぶとうします	3
ぶとうしません	3
ぶとうしました	3
ぶとうしませんでした	3
ぶとうしましょう	3
ぶとうしない	3
ぶとうしなかった	3
ぶとうした	3
ぶとうして	3
ぶとうしている	3
ぶとうしています	3
ぶとうしていた	3
ぶとうしていました	3
ぶとうしてる	3
ぶとうしてます	3
ふなでする	3
ふなでします	3
ふなでしません	3
ふなでしました	3
ふなでしませんでした	3
ふなでしましょう	3
ふなでしない	3
ふなでしなかった	3
ふなでした	3
ふなでして	3
ふなでしている	3
ふなでしています	3
ふなでしていた	3
ふなでしていました	3
ふなでしてる	3
ふなでしてます	3
つやつやする	1
つやつやします	2
つやつやしません	2
つやつやしました	2
つやつやしませんでした	2
つやつやしましょう	2
つやつやしない	1
つやつやしなかった	1
つやつやした	2
つやつやして	5
つやつやしてる	6
つやつやしてます	2
はなみする	3
はなみします	3
はなみしません	3
はなみしました	3
はなみしませんでした	3
はなみしましょう	3
はなみしない	3
はなみしなかった	3
はなみした	3
はなみして	3
はなみしている	3
はなみしています	3
はなみしていた	3
はなみしていました	3
はなみしてる	3
はなみしてます	3
いらいらする	4
いらいらします	4
いらいらしません	4
いらいらしました	4
いらいらしませんでした	4
いらいらしましょう	4
いらいらしない	4
いらいらしなかった	4
いらいらした	4
いらいらして	4
いらいらしている	4
いらいらしています	4
いらいらしていた	4
いらいらしていました	4
いらいらしてる	4
いらいらしてます	4
わかがえりする	5
わかがえりします	5
わかがえりしません	5
わかがえりしました	5
わかがえりしませんでした	5
わかがえりしましょう	5
わかがえりしない	5
わかがえりしなかった	5
わかがえりした	5
わかがえりして	5
わかがえりしている	5
わかがえりしています	5
わかがえりしていた	5
わかがえりしていました	5
わかがえりしてる	5
わかがえりしてます	5
くろうする	1
くろうします	1
くろうしません	1
くろうしました	1
くろうしませんでした	1
くろうしましょう	1
くろうしない	1
くろうしなかった	1
くろうした	1
くろうして	1
くろうしている	1
くろうしています	1
くろうしていた	1
くろうしていました	1
くろうしてる	1
くろうしてます	1
くしんする	1
くしんします	1
くしんしません	1
くしんしました	1
くしんしませんでした	1
くしんしましょう	1
くしんしない	1
くしんしなかった	1
くしんした	1
くしんして	1
くしんしている	1
くしんしています	1
くしんしていた	1
くしんしていました	1
くしんしてる	1
くしんしてます	1
くのうする	3
くのうします	3
くのうしません	3
くのうしました	3
くのうしませんでした	3
くのうしましょう	3
くのうしない	3
くのうしなかった	3
くのうした	3
くのうして	3
くのうしている	3
くのうしています	3
くのうしていた	3
くのうしていました	3
くのうしてる	3
くのうしてます	3
くりょする	1
くりょします	1
くりょしません	1
くりょしました	1
くりょしませんでした	1
くりょしましょう	1
くりょしない	1
くりょしなかった	1
くりょした	1
くりょして	1
くりょしている	1
くりょしています	1
くりょしていた	1
くりょしていました	1
くりょしてる	1
くりょしてます	1
くせんする	3
くせんします	3
くせんしません	3
くせんしました	3
くせんしませんでした	3
くせんしましょう	3
くせんしない	3
くせんしなかった	3
くせんした	3
くせんして	3
くせんしている	3
くせんしています	3
くせんしていた	3
くせんしていました	3
くせんしてる	3
くせんしてます	3
くじゅうする	3
くじゅうします	3
くじゅうしません	3
くじゅうしました	3
くじゅうしませんでした	3
くじゅうしましょう	3
くじゅうしない	3
くじゅうしなかった	3
くじゅうした	3
くじゅうして	3
くじゅうしている	3
くじゅうしています	3
くじゅうしていた	3
くじゅうしていました	3
くじゅうしてる	3
くじゅうしてます	3
にがわらいする	3
にがわらいします	3
にがわらいしません	3
にがわらいしました	3
にがわらいしませんでした	3
にがわらいしましょう	3
にがわらいしない	3
にがわらいしなかった	3
にがわらいした	3
にがわらいして	3
にがわらいしている	3
にがわらいしています	3
にがわらいしていた	3
にがわらいしていました	3
にがわらいしてる	3
にがわらいしてます	3
えいやくする	4
えいやくします	4
えいやくしません	4
えいやくしました	4
えいやくしませんでした	4
えいやくしましょう	4
えいやくしない	4
えいやくしなかった	4
えいやくした	4
えいやくして	4
えいやくしている	4
えいやくしています	4
えいやくしていた	4
えいやくしていました	4
えいやくしてる	4
えいやくしてます	4
そうしょくする	4
そうしょくします	4
そうしょくしません	4
そうしょくしました	4
そうしょくしませんでした	4
そうしょくしましょう	4
そうしょくしない	4
そうしょくしなかった	4
そうしょくした	4
そうしょくして	4
そうしょくしている	4
そうしょくしています	4
そうしょくしていた	4
そうしょくしていました	4
そうしょくしてる	4
そうしょくしてます	4
こうはいする	4
こうはいします	4
こうはいしません	4
こうはいしました	4
こうはいしませんでした	4
こうはいしましょう	4
こうはいしない	4
こうはいしなかった	4
こうはいした	4
こうはいして	4
こうはいしている	4
こうはいしています	4
こうはいしていた	4
こうはいしていました	4
こうはいしてる	4
こうはいしてます	4
にづくりする	2
にづくりします	2
にづくりしません	2
にづくりしました	2
にづくりしませんでした	2
にづくりしましょう	2
にづくりしない	2
にづくりしなかった	2
にづくりした	2
にづくりして	2
にづくりしている	2
にづくりしています	2
にづくりしていた	2
にづくりしていました	2
にづくりしてる	2
にづくりしてます	2
さいしょくする	4
さいしょくします	4
さいしょくしません	4
さいしょくしました	4
さいしょくしませんでした	4
さいしょくしましょう	4
さいしょくしない	4
さいしょくしなかった	4
さいしょくした	4
さいしょくして	4
さいしょくしている	4
さいしょくしています	4
さいしょくしていた	4
さいしょくしていました	4
さいしょくしてる	4
さいしょくしてます	4
ほうがする	1
ほうがします	1
ほうがしません	1
ほうがしました	1
ほうがしませんでした	1
ほうがしましょう	1
ほうがしない	1
ほうがしなかった	1
ほうがした	1
ほうがして	1
ほうがしている	1
ほうがしています	1
ほうがしていた	1
ほうがしていました	1
ほうがしてる	1
ほうがしてます	1
いしゅくする	3
いしゅくします	3
いしゅくしません	3
いしゅくしました	3
いしゅくしませんでした	3
いしゅくしましょう	3
いしゅくしない	3
いしゅくしなかった	3
いしゅくした	3
いしゅくして	3
いしゅくしている	3
いしゅくしています	3
いしゅくしていた	3
いしゅくしていました	3
いしゅくしてる	3
いしゅくしてます	3
おちばする	1
おちばします	1
おちばしません	1
おちばしました	1
おちばしませんでした	1
おちばしましょう	1
おちばしない	1
おちばしなかった	1
おちばした	1
おちばして	1
おちばしている	1
おちばしています	1
おちばしていた	1
おちばしていました	1
おちばしてる	1
おちばしてます	1
らっかする	3
らっかします	3
らっかしません	3
らっかしました	3
らっかしませんでした	3
らっかしましょう	3
らっかしない	3
らっかしなかった	3
らっかした	3
らっかして	3
らっかしている	3
らっかしています	3
らっかしていた	3
らっかしていました	3
らっかしてる	3
らっかしてます	3
らくがきする	4
らくがきします	4
らくがきしません	4
らくがきしました	4
らくがきしませんでした	4
らくがきしましょう	4
らくがきしない	4
らくがきしなかった	4
らくがきした	4
らくがきして	4
らくがきしている	4
らくがきしています	4
らくがきしていた	4
らくがきしていました	4
らくがきしてる	4
らくがきしてます	4
らくさつする	4
らくさつします	4
らくさつしません	4
らくさつしました	4
らくさつしませんでした	4
らくさつしましょう	4
らくさつしない	4
らくさつしなかった	4
らくさつした	4
らくさつして	4
らくさつしている	4
らくさつしています	4
らくさつしていた	4
らくさつしていました	4
らくさつしてる	4
らくさつしてます	4
らくだいする	4
らくだいします	4
らくだいしません	4
らくだいしました	4
らくだいしませんでした	4
らくだいしましょう	4
らくだいしない	4
らくだいしなかった	4
らくだいした	4
らくだいして	4
らくだいしている	4
らくだいしています	4
らくだいしていた	4
らくだいしていました	4
らくだいしてる	4
らくだいしてます	4
らくたんする	4
らくたんします	4
らくたんしません	4
らくたんしました	4
らくたんしませんでした	4
らくたんしましょう	4
らくたんしない	4
らくたんしなかった	4
らくたんした	4
らくたんして	4
らくたんしている	4
らくたんしています	4
らくたんしていた	4
らくたんしていました	4
らくたんしてる	4
らくたんしてます	4
らくせんする	4
らくせんします	4
らくせんしません	4
らくせんしました	4
らくせんしませんでした	4
らくせんしましょう	4
らくせんしない	4
らくせんしなかった	4
らくせんした	4
らくせんして	4
らくせんしている	4
らくせんしています	4
らくせんしていた	4
らくせんしていました	4
らくせんしてる	4
らくせんしてます	4
ちょさくする	3
ちょさくします	3
ちょさくしません	3
ちょさくしました	3
ちょさくしませんでした	3
ちょさくしましょう	3
ちょさくしない	3
ちょさくしなかった	3
ちょさくした	3
ちょさくして	3
ちょさくしている	3
ちょさくしています	3
ちょさくしていた	3
ちょさくしていました	3
ちょさくしてる	3
ちょさくしてます	3
かっとうする	4
かっとうします	4
かっとうしません	4
かっとうしました	4
かっとうしませんでした	4
かっとうしましょう	4
かっとうしない	4
かっとうしなかった	4
かっとうした	4
かっとうして	4
かっとうしている	4
かっとうしています	4
かっとうしていた	4
かっとうしていました	4
かっとうしてる	4
かっとうしてます	4
そうそうする	4
そうそうします	4
そうそうしません	4
そうそうしました	4
そうそうしませんでした	4
そうそうしましょう	4
そうそうしない	4
そうそうしなかった	4
そうそうした	4
そうそうして	4
そうそうしている	4
そうそうしています	4
そうそうしていた	4
そうそうしていました	4
そうそうしてる	4
そうそうしてます	4
じょうはつする	4
じょうはつします	4
じょうはつしません	4
じょうはつしました	4
じょうはつしませんでした	4
じょうはつしましょう	4
じょうはつしない	4
じょうはつしなかった	4
じょうはつした	4
じょうはつして	4
じょうはつしている	4
じょうはつしています	4
じょうはつしていた	4
じょうはつしていました	4
じょうはつしてる	4
じょうはつしてます	4
ちくせきする	4
ちくせきします	4
ちくせきしません	4
ちくせきしました	4
ちくせきしませんでした	4
ちくせきしましょう	4
ちくせきしない	4
ちくせきしなかった	4
ちくせきした	4
ちくせきして	4
ちくせきしている	4
ちくせきしています	4
ちくせきしていた	4
ちくせきしていました	4
ちくせきしてる	4
ちくせきしてます	4
ちくざいする	4
ちくざいします	4
ちくざいしません	4
ちくざいしました	4
ちくざいしませんでした	4
ちくざいしましょう	4
ちくざいしない	4
ちくざいしなかった	4
ちくざいした	4
ちくざいして	4
ちくざいしている	4
ちくざいしています	4
ちくざいしていた	4
ちくざいしていました	4
ちくざいしてる	4
ちくざいしてます	4
うすぎする	3
うすぎします	3
うすぎしません	3
うすぎしました	3
うすぎしませんでした	3
うすぎしましょう	3
うすぎしない	3
うすぎしなかった	3
うすぎした	3
うすぎして	3
うすぎしている	3
うすぎしています	3
うすぎしていた	3
うすぎしていました	3
うすぎしてる	3
うすぎしてます	3
ばらばらする	3
ばらばらします	3
ばらばらしません	3
ばらばらしました	3
ばらばらしませんでした	3
ばらばらしましょう	3
ばらばらしない	3
ばらばらしなかった	3
ばらばらした	3
ばらばらして	3
ばらばらしている	3
ばらばらしています	3
ばらばらしていた	3
ばらばらしていました	3
ばらばらしてる	3
ばらばらしてます	3
ぎゃくたいする	4
ぎゃくたいします	4
ぎゃくたいしません	4
ぎゃくたいしました	4
ぎゃくたいしませんでした	4
ぎゃくたいしましょう	4
ぎゃくたいしない	4
ぎゃくたいしなかった	4
ぎゃくたいした	4
ぎゃくたいして	4
ぎゃくたいしている	4
ぎゃくたいしています	4
ぎゃくたいしていた	4
ぎゃくたいしていました	4
ぎゃくたいしてる	4
ぎゃくたいしてます	4
ぎゃくさつする	4
ぎゃくさつします	4
ぎゃくさつしません	4
ぎゃくさつしました	4
ぎゃくさつしませんでした	4
ぎゃくさつしましょう	4
ぎゃくさつしない	4
ぎゃくさつしなかった	4
ぎゃくさつした	4
ぎゃくさつして	4
ぎゃくさつしている	4
ぎゃくさつしています	4
ぎゃくさつしていた	4
ぎゃくさつしていました	4
ぎゃくさつしてる	4
ぎゃくさつしてます	4
きょこうする	3
きょこうします	3
きょこうしません	3
きょこうしました	3
きょこうしませんでした	3
きょこうしましょう	3
きょこうしない	3
きょこうしなかった	3
きょこうした	3
きょこうして	3
きょこうしている	3
きょこうしています	3
きょこうしていた	3
きょこうしていました	3
きょこうしてる	3
きょこうしてます	3
ゆうごうする	4
ゆうごうします	4
ゆうごうしません	4
ゆうごうしました	4
ゆうごうしませんでした	4
ゆうごうしましょう	4
ゆうごうしない	4
ゆうごうしなかった	4
ゆうごうした	4
ゆうごうして	4
ゆうごうしている	4
ゆうごうしています	4
ゆうごうしていた	4
ゆうごうしていました	4
ゆうごうしてる	4
ゆうごうしてます	4
ゆうわする	3
ゆうわします	3
ゆうわしません	3
ゆうわしました	3
ゆうわしませんでした	3
ゆうわしましょう	3
ゆうわしない	3
ゆうわしなかった	3
ゆうわした	3
ゆうわして	3
ゆうわしている	3
ゆうわしています	3
ゆうわしていた	3
ゆうわしていました	3
ゆうわしてる	3
ゆうわしてます	3
ゆうしする	1
ゆうしします	1
ゆうししません	1
ゆうししました	1
ゆうししませんでした	1
ゆうししましょう	1
ゆうししない	1
ゆうししなかった	1
ゆうしした	1
ゆうしして	1
ゆうししている	1
ゆうししています	1
ゆうししていた	1
ゆうししていました	1
ゆうししてる	1
ゆうししてます	1
ゆうずうする	4
ゆうずうします	4
ゆうずうしません	4
ゆうずうしました	4
ゆうずうしませんでした	4
ゆうずうしましょう	4
ゆうずうしない	4
ゆうずうしなかった	4
ゆうずうした	4
ゆうずうして	4
ゆうずうしている	4
ゆうずうしています	4
ゆうずうしていた	4
ゆうずうしていました	4
ゆうずうしてる	4
ゆうずうしてます	4
ゆききする	3
ゆききします	3
ゆききしません	3
ゆききしました	3
ゆききしませんでした	3
ゆききしましょう	3
ゆききしない	3
ゆききしなかった	3
ゆききした	3
ゆききして	3
ゆききしている	3
ゆききしています	3
ゆききしていた	3
ゆききしていました	3
ゆききしてる	3
ゆききしてます	3
こうしする	1
こうしします	1
こうししません	1
こうししました	1
こうししませんでした	1
こうししましょう	1
こうししない	1
こうししなかった	1
こうしした	1
こうしして	1
こうししている	1
こうししています	1
こうししていた	1
こうししていました	1
こうししてる	1
こうししてます	1
ぎょうれつする	4
ぎょうれつします	4
ぎょうれつしません	4
ぎょうれつしました	4
ぎょうれつしませんでした	4
ぎょうれつしましょう	4
ぎょうれつしない	4
ぎょうれつしなかった	4
ぎょうれつした	4
ぎょうれつして	4
ぎょうれつしている	4
ぎょうれつしています	4
ぎょうれつしていた	4
ぎょうれつしていました	4
ぎょうれつしてる	4
ぎょうれつしてます	4
こうどうする	4
こうどうします	4
こうどうしません	4
こうどうしました	4
こうどうしませんでした	4
こうどうしましょう	4
こうどうしない	4
こうどうしなかった	4
こうどうした	4
こうどうして	4
こうどうしている	4
こうどうしています	4
こうどうしていた	4
こうどうしていました	4
こうどうしてる	4
こうどうしてます	4
あんぎゃする	1
あんぎゃします	1
あんぎゃしません	1
あんぎゃしました	1
あんぎゃしませんでした	1
あんぎゃしましょう	1
あんぎゃしない	1
あんぎゃしなかった	1
あんぎゃした	1
あんぎゃして	1
あんぎゃしている	1
あんぎゃしています	1
あんぎゃしていた	1
あんぎゃしていました	1
あんぎゃしてる	1
あんぎゃしてます	1
しょうとつする	4
しょうとつします	4
しょうとつしません	4
しょうとつしました	4
しょうとつしませんでした	4
しょうとつしましょう	4
しょうとつしない	4
しょうとつしなかった	4
しょうとつした	4
しょうとつして	4
しょうとつしている	4
しょうとつしています	4
しょうとつしていた	4
しょうとつしていました	4
しょうとつしてる	4
しょうとつしてます	4
ころもがえする	5
ころもがえします	5
ころもがえしません	5
ころもがえしました	5
ころもがえしませんでした	5
ころもがえしましょう	5
ころもがえしない	5
ころもがえしなかった	5
ころもがえした	5
ころもがえして	5
ころもがえしている	5
ころもがえしています	5
ころもがえしていた	5
ころもがえしていました	5
ころもがえしてる	5
ころもがえしてます	5
ひょうするする	3
ひょうするします	6
ひょうするしません	7
ひょうするしました	6
ひょうするしませんでした	7
ひょうするしましょう	7
ひょうするしない	5
ひょうするしなかった	5
ひょうするした	3
ひょうするして	3
ひょうするしている	3
ひょうするしています	3
ひょうするしていた	3
ひょうするしていました	3
ひょうするしてる	3
ひょうするしてます	3
ひょうしょうする	4
ひょうしょうします	4
ひょうしょうしません	4
ひょうしょうしました	4
ひょうしょうしませんでした	4
ひょうしょうしましょう	4
ひょうしょうしない	4
ひょうしょうしなかった	4
ひょうしょうした	4
ひょうしょうして	4
ひょうしょうしている	4
ひょうしょうしています	4
ひょうしょうしていた	4
ひょうしょうしていました	4
ひょうしょうしてる	4
ひょうしょうしてます	4
ひょうめいする	4
ひょうめいします	4
ひょうめいしません	4
ひょうめいしました	4
ひょうめいしませんでした	4
ひょうめいしましょう	4
ひょうめいしない	4
ひょうめいしなかった	4
ひょうめいした	4
ひょうめいして	4
ひょうめいしている	4
ひょうめいしています	4
ひょうめいしていた	4
ひょうめいしていました	4
ひょうめいしてる	4
ひょうめいしてます	4
ひょうけつする	4
ひょうけつします	4
ひょうけつしません	4
ひょうけつしました	4
ひょうけつしませんでした	4
ひょうけつしましょう	4
ひょうけつしない	4
ひょうけつしなかった	4
ひょうけつした	4
ひょうけつして	4
ひょうけつしている	4
ひょうけつしています	4
ひょうけつしていた	4
ひょうけつしていました	4
ひょうけつしてる	4
ひょうけつしてます	4
ひょうげんする	3
ひょうげんします	3
ひょうげんしません	3
ひょうげんしました	3
ひょうげんしませんでした	3
ひょうげんしましょう	3
ひょうげんしない	3
ひょうげんしなかった	3
ひょうげんした	3
ひょうげんして	3
ひょうげんしている	3
ひょうげんしています	3
ひょうげんしていた	3
ひょうげんしていました	3
ひょうげんしてる	3
ひょうげんしてます	3
ひょうじする	3
ひょうじします	3
ひょうじしません	3
ひょうじしました	3
ひょうじしませんでした	3
ひょうじしましょう	3
ひょうじしない	3
ひょうじしなかった	3
ひょうじした	3
ひょうじして	3
ひょうじしている	3
ひょうじしています	3
ひょうじしていた	3
ひょうじしていました	3
ひょうじしてる	3
ひょうじしてます	3
ひょうしする	3
ひょうしします	3
ひょうししません	3
ひょうししました	3
ひょうししませんでした	3
ひょうししましょう	3
ひょうししない	3
ひょうししなかった	3
ひょうしした	3
ひょうしして	3
ひょうししている	3
ひょうししています	3
ひょうししていた	3
ひょうししていました	3
ひょうししてる	3
ひょうししてます	3
ひょうりする	1
ひょうりします	1
ひょうりしません	1
ひょうりしました	1
ひょうりしませんでした	1
ひょうりしましょう	1
ひょうりしない	1
ひょうりしなかった	1
ひょうりした	1
ひょうりして	1
ひょうりしている	1
ひょうりしています	1
ひょうりしていた	1
ひょうりしていました	1
ひょうりしてる	1
ひょうりしてます	1
ひょうきする	1
ひょうきします	1
ひょうきしません	1
ひょうきしました	1
ひょうきしませんでした	1
ひょうきしましょう	1
ひょうきしない	1
ひょうきしなかった	1
ひょうきした	1
ひょうきして	1
ひょうきしている	1
ひょうきしています	1
ひょうきしていた	1
ひょうきしていました	1
ひょうきしてる	1
ひょうきしてます	1
すいじゃくする	4
すいじゃくします	4
すいじゃくしません	4
すいじゃくしました	4
すいじゃくしませんでした	4
すいじゃくしましょう	4
すいじゃくしない	4
すいじゃくしなかった	4
すいじゃくした	4
すいじゃくして	4
すいじゃくしている	4
すいじゃくしています	4
すいじゃくしていた	4
すいじゃくしていました	4
すいじゃくしてる	4
すいじゃくしてます	4
すいたいする	4
すいたいします	4
すいたいしません	4
すいたいしました	4
すいたいしませんでした	4
すいたいしましょう	4
すいたいしない	4
すいたいしなかった	4
すいたいした	4
すいたいして	4
すいたいしている	4
すいたいしています	4
すいたいしていた	4
すいたいしていました	4
すいたいしてる	4
すいたいしてます	4
ひさいする	3
ひさいします	3
ひさいしません	3
ひさいしました	3
ひさいしませんでした	3
ひさいしましょう	3
ひさいしない	3
ひさいしなかった	3
ひさいした	3
ひさいして	3
ひさいしている	3
ひさいしています	3
ひさいしていた	3
ひさいしていました	3
ひさいしてる	3
ひさいしてます	3
ひばくする	3
ひばくします	3
ひばくしません	3
ひばくしました	3
ひばくしませんでした	3
ひばくしましょう	3
ひばくしない	3
ひばくしなかった	3
ひばくした	3
ひばくして	3
ひばくしている	3
ひばくしています	3
ひばくしていた	3
ひばくしていました	3
ひばくしてる	3
ひばくしてます	3
さいばんする	1
さいばんします	1
さいばんしません	1
さいばんしました	1
さいばんしませんでした	1
さいばんしましょう	1
さいばんしない	1
さいばんしなかった	1
さいばんした	1
さいばんして	1
さいばんしている	1
さいばんしています	1
さいばんしていた	1
さいばんしていました	1
さいばんしてる	1
さいばんしてます	1
さいていする	4
さいていします	4
さいていしません	4
さいていしました	4
さいていしませんでした	4
さいていしましょう	4
さいていしない	4
さいていしなかった	4
さいていした	4
さいていして	4
さいていしている	4
さいていしています	4
さいていしていた	4
さいていしていました	4
さいていしてる	4
さいていしてます	4
さいほうする	4
さいほうします	4
さいほうしません	4
さいほうしました	4
さいほうしませんでした	4
さいほうしましょう	4
さいほうしない	4
さいほうしなかった	4
さいほうした	4
さいほうして	4
さいほうしている	4
さいほうしています	4
さいほうしていた	4
さいほうしていました	4
さいほうしてる	4
さいほうしてます	4
さいりょうする	4
さいりょうします	4
さいりょうしません	4
さいりょうしました	4
さいりょうしませんでした	4
さいりょうしましょう	4
さいりょうしない	4
さいりょうしなかった	4
さいりょうした	4
さいりょうして	4
さいりょうしている	4
さいりょうしています	4
さいりょうしていた	4
さいりょうしていました	4
さいりょうしてる	4
さいりょうしてます	4
そうびする	1
そうびします	1
そうびしません	1
そうびしました	1
そうびしませんでした	1
そうびしましょう	1
そうびしない	1
そうびしなかった	1
そうびした	1
そうびして	1
そうびしている	1
そうびしています	1
そうびしていた	1
そうびしていました	1
そうびしてる	1
そうびしてます	1
そうちゃくする	4
そうちゃくします	4
そうちゃくしません	4
そうちゃくしました	4
そうちゃくしませんでした	4
そうちゃくしましょう	4
そうちゃくしない	4
そうちゃくしなかった	4
そうちゃくした	4
そうちゃくして	4
そうちゃくしている	4
そうちゃくしています	4
そうちゃくしていた	4
そうちゃくしていました	4
そうちゃくしてる	4
そうちゃくしてます	4
そうちする	1
そうちします	1
そうちしません	1
そうちしました	1
そうちしませんでした	1
そうちしましょう	1
そうちしない	1
そうちしなかった	1
そうちした	1
そうちして	1
そうちしている	1
そうちしています	1
そうちしていた	1
そうちしていました	1
そうちしてる	1
そうちしてます	1
ほさする	1
ほさします	1
ほさしません	1
ほさしました	1
ほさしませんでした	1
ほさしましょう	1
ほさしない	1
ほさしなかった	1
ほさした	1
ほさして	1
ほさしている	1
ほさしています	1
ほさしていた	1
ほさしていました	1
ほさしてる	1
ほさしてます	1
ほしゅうする	3
ほしゅうします	3
ほしゅうしません	3
ほしゅうしました	3
ほしゅうしませんでした	3
ほしゅうしましょう	3
ほしゅうしない	3
ほしゅうしなかった	3
ほしゅうした	3
ほしゅうして	3
ほしゅうしている	3
ほしゅうしています	3
ほしゅうしていた	3
ほしゅうしていました	3
ほしゅうしてる	3
ほしゅうしてます	3
ほじゅうする	3
ほじゅうします	3
ほじゅうしません	3
ほじゅうしました	3
ほじゅうしませんでした	3
ほじゅうしましょう	3
ほじゅうしない	3
ほじゅうしなかった	3
ほじゅうした	3
ほじゅうして	3
ほじゅうしている	3
ほじゅうしています	3
ほじゅうしていた	3
ほじゅうしていました	3
ほじゅうしてる	3
ほじゅうしてます	3
ほじょする	1
ほじょします	1
ほじょしません	1
ほじょしました	1
ほじょしませんでした	1
ほじょしましょう	1
ほじょしない	1
ほじょしなかった	1
ほじょした	1
ほじょして	1
ほじょしている	1
ほじょしています	1
ほじょしていた	1
ほじょしていました	1
ほじょしてる	1
ほじょしてます	1
ほきょうする	3
ほきょうします	3
ほきょうしません	3
ほきょうしました	3
ほきょうしませんでした	3
ほきょうしましょう	3
ほきょうしない	3
ほきょうしなかった	3
ほきょうした	3
ほきょうして	3
ほきょうしている	3
ほきょうしています	3
ほきょうしていた	3
ほきょうしていました	3
ほきょうしてる	3
ほきょうしてます	3
ほせいする	3
ほせいします	3
ほせいしません	3
ほせいしました	3
ほせいしませんでした	3
ほせいしましょう	3
ほせいしない	3
ほせいしなかった	3
ほせいした	3
ほせいして	3
ほせいしている	3
ほせいしています	3
ほせいしていた	3
ほせいしていました	3
ほせいしてる	3
ほせいしてます	3
ほきゅうする	3
ほきゅうします	3
ほきゅうしません	3
ほきゅうしました	3
ほきゅうしませんでした	3
ほきゅうしましょう	3
ほきゅうしない	3
ほきゅうしなかった	3
ほきゅうした	3
ほきゅうして	3
ほきゅうしている	3
ほきゅうしています	3
ほきゅうしていた	3
ほきゅうしていました	3
ほきゅうしてる	3
ほきゅうしてます	3
ほそくする	3
ほそくします	3
ほそくしません	3
ほそくしました	3
ほそくしませんでした	3
ほそくしましょう	3
ほそくしない	3
ほそくしなかった	3
ほそくした	3
ほそくして	3
ほそくしている	3
ほそくしています	3
ほそくしていた	3
ほそくしていました	3
ほそくしてる	3
ほそくしてます	3
せいずする	3
せいずします	3
せいずしません	3
せいずしました	3
せいずしませんでした	3
せいずしましょう	3
せいずしない	3
せいずしなかった	3
せいずした	3
せいずして	3
せいずしている	3
せいずしています	3
せいずしていた	3
せいずしていました	3
せいずしてる	3
せいずしてます	3
せいぞうする	4
せいぞうします	4
せいぞうしません	4
せいぞうしました	4
せいぞうしませんでした	4
せいぞうしましょう	4
せいぞうしない	4
せいぞうしなかった	4
せいぞうした	4
せいぞうして	4
せいぞうしている	4
せいぞうしています	4
せいぞうしていた	4
せいぞうしていました	4
せいぞうしてる	4
せいぞうしてます	4
せいてつする	4
せいてつします	4
せいてつしません	4
せいてつしました	4
せいてつしませんでした	4
せいてつしましょう	4
せいてつしない	4
せいてつしなかった	4
せいてつした	4
せいてつして	4
せいてつしている	4
せいてつしています	4
せいてつしていた	4
せいてつしていました	4
せいてつしてる	4
せいてつしてます	4
ふくしゃする	3
ふくしゃします	3
ふくしゃしません	3
ふくしゃしました	3
ふくしゃしませんでした	3
ふくしゃしましょう	3
ふくしゃしない	3
ふくしゃしなかった	3
ふくしゃした	3
ふくしゃして	3
ふくしゃしている	3
ふくしゃしています	3
ふくしゃしていた	3
ふくしゃしていました	3
ふくしゃしてる	3
ふくしゃしてます	3
ふくごうする	4
ふくごうします	4
ふくごうしません	4
ふくごうしました	4
ふくごうしませんでした	4
ふくごうしましょう	4
ふくごうしない	4
ふくごうしなかった	4
ふくごうした	4
ふくごうして	4
ふくごうしている	4
ふくごうしています	4
ふくごうしていた	4
ふくごうしていました	4
ふくごうしてる	4
ふくごうしてます	4
ふくせいする	4
ふくせいします	4
ふくせいしません	4
ふくせいしました	4
ふくせいしませんでした	4
ふくせいしましょう	4
ふくせいしない	4
ふくせいしなかった	4
ふくせいした	4
ふくせいして	4
ふくせいしている	4
ふくせいしています	4
ふくせいしていた	4
ふくせいしていました	4
ふくせいしてる	4
ふくせいしてます	4
しゅうめいする	4
しゅうめいします	4
しゅうめいしません	4
しゅうめいしました	4
しゅうめいしませんでした	4
しゅうめいしましょう	4
しゅうめいしない	4
しゅうめいしなかった	4
しゅうめいした	4
しゅうめいして	4
しゅうめいしている	4
しゅうめいしています	4
しゅうめいしていた	4
しゅうめいしていました	4
しゅうめいしてる	4
しゅうめいしてます	4
しゅうげきする	4
しゅうげきします	4
しゅうげきしません	4
しゅうげきしました	4
しゅうげきしませんでした	4
しゅうげきしましょう	4
しゅうげきしない	4
しゅうげきしなかった	4
しゅうげきした	4
しゅうげきして	4
しゅうげきしている	4
しゅうげきしています	4
しゅうげきしていた	4
しゅうげきしていました	4
しゅうげきしてる	4
しゅうげきしてます	4
ようぼうする	4
ようぼうします	4
ようぼうしません	4
ようぼうしました	4
ようぼうしませんでした	4
ようぼうしましょう	4
ようぼうしない	4
ようぼうしなかった	4
ようぼうした	4
ようぼうして	4
ようぼうしている	4
ようぼうしています	4
ようぼうしていた	4
ようぼうしていました	4
ようぼうしてる	4
ようぼうしてます	4
ようきゅうする	4
ようきゅうします	4
ようきゅうしません	4
ようきゅうしました	4
ようきゅうしませんでした	4
ようきゅうしましょう	4
ようきゅうしない	4
ようきゅうしなかった	4
ようきゅうした	4
ようきゅうして	4
ようきゅうしている	4
ようきゅうしています	4
ようきゅうしていた	4
ようきゅうしていました	4
ようきゅうしてる	4
ようきゅうしてます	4
ようやくする	4
ようやくします	4
ようやくしません	4
ようやくしました	4
ようやくしませんでした	4
ようやくしましょう	4
ようやくしない	4
ようやくしなかった	4
ようやくした	4
ようやくして	4
ようやくしている	4
ようやくしています	4
ようやくしていた	4
ようやくしていました	4
ようやくしてる	4
ようやくしてます	4
ようせいする	4
ようせいします	4
ようせいしません	4
ようせいしました	4
ようせいしませんでした	4
ようせいしましょう	4
ようせいしない	4
ようせいしなかった	4
ようせいした	4
ようせいして	4
ようせいしている	4
ようせいしています	4
ようせいしていた	4
ようせいしていました	4
ようせいしてる	4
ようせいしてます	4
ふくめんする	4
ふくめんします	4
ふくめんしません	4
ふくめんしました	4
ふくめんしませんでした	4
ふくめんしましょう	4
ふくめんしない	4
ふくめんしなかった	4
ふくめんした	4
ふくめんして	4
ふくめんしている	4
ふくめんしています	4
ふくめんしていた	4
ふくめんしていました	4
ふくめんしてる	4
ふくめんしてます	4
みえかくれする	5
みえかくれします	5
みえかくれしません	5
みえかくれしました	5
みえかくれしませんでした	5
みえかくれしましょう	5
みえかくれしない	5
みえかくれしなかった	5
みえかくれした	5
みえかくれして	5
みえかくれしている	5
みえかくれしています	5
みえかくれしていた	5
みえかくれしていました	5
みえかくれしてる	5
みえかくれしてます	5
みきりはっしゃする	4
みきりはっしゃします	4
みきりはっしゃしません	4
みきりはっしゃしました	4
みきりはっしゃしませんでした	4
みきりはっしゃしましょう	4
みきりはっしゃしない	4
みきりはっしゃしなかった	4
みきりはっしゃした	4
みきりはっしゃして	4
みきりはっしゃしている	4
みきりはっしゃしています	4
みきりはっしゃしていた	4
みきりはっしゃしていました	4
みきりはっしゃしてる	4
みきりはっしゃしてます	4
みあいする	3
みあいします	3
みあいしません	3
みあいしました	3
みあいしませんでした	3
みあいしましょう	3
みあいしない	3
みあいしなかった	3
みあいした	3
みあいして	3
みあいしている	3
みあいしています	3
みあいしていた	3
みあいしていました	3
みあいしてる	3
みあいしてます	3
けんがくする	4
けんがくします	4
けんがくしません	4
けんがくしました	4
けんがくしませんでした	4
けんがくしましょう	4
けんがくしない	4
けんがくしなかった	4
けんがくした	4
けんがくして	4
けんがくしている	4
けんがくしています	4
けんがくしていた	4
けんがくしていました	4
けんがくしてる	4
けんがくしてます	4
みばえする	3
みばえします	3
みばえしません	3
みばえしました	3
みばえしませんでした	3
みばえしましょう	3
みばえしない	3
みばえしなかった	3
みばえした	3
みばえして	3
みばえしている	3
みばえしています	3
みばえしていた	3
みばえしていました	3
みばえしてる	3
みばえしてます	3
けんぶつする	4
けんぶつします	4
けんぶつしません	4
けんぶつしました	4
けんぶつしませんでした	4
けんぶつしましょう	4
けんぶつしない	4
けんぶつしなかった	4
けんぶつした	4
けんぶつして	4
けんぶつしている	4
けんぶつしています	4
けんぶつしていた	4
けんぶつしていました	4
けんぶつしてる	4
けんぶつしてます	4
みなおしする	4
みなおしします	4
みなおししません	4
みなおししました	4
みなおししませんでした	4
みなおししましょう	4
みなおししない	4
みなおししなかった	4
みなおしした	4
みなおしして	4
みなおししている	4
みなおししています	4
みなおししていた	4
みなおししていました	4
みなおししてる	4
みなおししてます	4
けんぶんする	4
けんぶんします	4
けんぶんしません	4
けんぶんしました	4
けんぶんしませんでした	4
けんぶんしましょう	4
けんぶんしない	4
けんぶんしなかった	4
けんぶんした	4
けんぶんして	4
けんぶんしている	4
けんぶんしています	4
けんぶんしていた	4
けんぶんしていました	4
けんぶんしてる	4
けんぶんしてます	4
きていする	3
きていします	3
きていしません	3
きていしました	3
きていしませんでした	3
きていしましょう	3
きていしない	3
きていしなかった	3
きていした	3
きていして	3
きていしている	3
きていしています	3
きていしていた	3
きていしていました	3
きていしてる	3
きていしてます	3
しさつする	3
しさつします	3
しさつしません	3
しさつしました	3
しさつしませんでした	3
しさつしましょう	3
しさつしない	3
しさつしなかった	3
しさつした	3
しさつして	3
しさつしている	3
しさつしています	3
しさつしていた	3
しさつしていました	3
しさつしてる	3
しさつしてます	3
しちょうする	3
しちょうします	3
しちょうしません	3
しちょうしました	3
しちょうしませんでした	3
しちょうしましょう	3
しちょうしない	3
しちょうしなかった	3
しちょうした	3
しちょうして	3
しちょうしている	3
しちょうしています	3
しちょうしていた	3
しちょうしていました	3
しちょうしてる	3
しちょうしてます	3
かくごする	1
かくごします	1
かくごしません	1
かくごしました	1
かくごしませんでした	1
かくごしましょう	1
かくごしない	1
かくごしなかった	1
かくごした	1
かくごして	1
かくごしている	1
かくごしています	1
かくごしていた	1
かくごしていました	1
かくごしてる	1
かくごしてます	1
かくせいする	4
かくせいします	4
かくせいしません	4
かくせいしました	4
かくせいしませんでした	4
かくせいしましょう	4
かくせいしない	4
かくせいしなかった	4
かくせいした	4
かくせいして	4
かくせいしている	4
かくせいしています	4
かくせいしていた	4
かくせいしていました	4
かくせいしてる	4
かくせいしてます	4
おやふこうする	3
おやふこうします	3
おやふこうしません	3
おやふこうしました	3
おやふこうしませんでした	3
おやふこうしましょう	3
おやふこうしない	3
おやふこうしなかった	3
おやふこうした	3
おやふこうして	3
おやふこうしている	3
おやふこうしています	3
おやふこうしていた	3
おやふこうしていました	3
おやふこうしてる	3
おやふこうしてます	3
おやこうこうする	3
おやこうこうします	3
おやこうこうしません	3
おやこうこうしました	3
おやこうこうしませんでした	3
おやこうこうしましょう	3
おやこうこうしない	3
おやこうこうしなかった	3
おやこうこうした	3
おやこうこうして	3
おやこうこうしている	3
おやこうこうしています	3
おやこうこうしていた	3
おやこうこうしていました	3
おやこうこうしてる	3
おやこうこうしてます	3
しんぼくする	4
しんぼくします	4
しんぼくしません	4
しんぼくしました	4
しんぼくしませんでした	4
しんぼくしましょう	4
しんぼくしない	4
しんぼくしなかった	4
しんぼくした	4
しんぼくして	4
しんぼくしている	4
しんぼくしています	4
しんぼくしていた	4
しんぼくしていました	4
しんぼくしてる	4
しんぼくしてます	4
かんねんする	1
かんねんします	1
かんねんしません	1
かんねんしました	1
かんねんしませんでした	1
かんねんしましょう	1
かんねんしない	1
かんねんしなかった	1
かんねんした	1
かんねんして	1
かんねんしている	1
かんねんしています	1
かんねんしていた	1
かんねんしていました	1
かんねんしてる	1
かんねんしてます	1
かんそくする	4
かんそくします	4
かんそくしません	4
かんそくしました	4
かんそくしませんでした	4
かんそくしましょう	4
かんそくしない	4
かんそくしなかった	4
かんそくした	4
かんそくして	4
かんそくしている	4
かんそくしています	4
かんそくしていた	4
かんそくしていました	4
かんそくしてる	4
かんそくしてます	4
かいにんする	4
かいにんします	4
かいにんしません	4
かいにんしました	4
かいにんしませんでした	4
かいにんしましょう	4
かいにんしない	4
かいにんしなかった	4
かいにんした	4
かいにんして	4
かいにんしている	4
かいにんしています	4
かいにんしていた	4
かいにんしていました	4
かいにんしてる	4
かいにんしてます	4
かいたいする	4
かいたいします	4
かいたいしません	4
かいたいしました	4
かいたいしませんでした	4
かいたいしましょう	4
かいたいしない	4
かいたいしなかった	4
かいたいした	4
かいたいして	4
かいたいしている	4
かいたいしています	4
かいたいしていた	4
かいたいしていました	4
かいたいしてる	4
かいたいしてます	4
かいぼうする	4
かいぼうします	4
かいぼうしません	4
かいぼうしました	4
かいぼうしませんでした	4
かいぼうしましょう	4
かいぼうしない	4
かいぼうしなかった	4
かいぼうした	4
かいぼうして	4
かいぼうしている	4
かいぼうしています	4
かいぼうしていた	4
かいぼうしていました	4
かいぼうしてる	4
かいぼうしてます	4
かいほうする	4
かいほうします	4
かいほうしません	4
かいほうしました	4
かいほうしませんでした	4
かいほうしましょう	4
かいほうしない	4
かいほうしなかった	4
かいほうした	4
かいほうして	4
かいほうしている	4
かいほうしています	4
かいほうしていた	4
かいほうしていました	4
かいほうしてる	4
かいほうしてます	4
かいさんする	4
かいさんします	4
かいさんしません	4
かいさんしました	4
かいさんしませんでした	4
かいさんしましょう	4
かいさんしない	4
かいさんしなかった	4
かいさんした	4
かいさんして	4
かいさんしている	4
かいさんしています	4
かいさんしていた	4
かいさんしていました	4
かいさんしてる	4
かいさんしてます	4
かいめいする	4
かいめいします	4
かいめいしません	4
かいめいしました	4
かいめいしませんでした	4
かいめいしましょう	4
かいめいしない	4
かいめいしなかった	4
かいめいした	4
かいめいして	4
かいめいしている	4
かいめいしています	4
かいめいしていた	4
かいめいしていました	4
かいめいしてる	4
かいめいしてます	4
かいせきする	4
かいせきします	4
かいせきしません	4
かいせきしました	4
かいせきしませんでした	4
かいせきしましょう	4
かいせきしない	4
かいせきしなかった	4
かいせきした	4
かいせきして	4
かいせきしている	4
かいせきしています	4
かいせきしていた	4
かいせきしていました	4
かいせきしてる	4
かいせきしてます	4
かいけつする	4
かいけつします	4
かいけつしません	4
かいけつしました	4
かいけつしませんでした	4
かいけつしましょう	4
かいけつしない	4
かいけつしなかった	4
かいけつした	4
かいけつして	4
かいけつしている	4
かいけつしています	4
かいけつしていた	4
かいけつしていました	4
かいけつしてる	4
かいけつしてます	4
げねつする	3
げねつします	3
げねつしません	3
げねつしました	3
げねつしませんでした	3
げねつしましょう	3
げねつしない	3
げねつしなかった	3
げねつした	3
げねつして	3
げねつしている	3
げねつしています	3
げねつしていた	3
げねつしていました	3
げねつしてる	3
げねつしてます	3
かいきんする	4
かいきんします	4
かいきんしません	4
かいきんしました	4
かいきんしませんでした	4
かいきんしましょう	4
かいきんしない	4
かいきんしなかった	4
かいきんした	4
かいきんして	4
かいきんしている	4
かいきんしています	4
かいきんしていた	4
かいきんしていました	4
かいきんしてる	4
かいきんしてます	4
かいやくする	4
かいやくします	4
かいやくしません	4
かいやくしました	4
かいやくしませんでした	4
かいやくしましょう	4
かいやくしない	4
かいやくしなかった	4
かいやくした	4
かいやくして	4
かいやくしている	4
かいやくしています	4
かいやくしていた	4
かいやくしていました	4
かいやくしてる	4
かいやくしてます	4
かいせつする	4
かいせつします	4
かいせつしません	4
かいせつしました	4
かいせつしませんでした	4
かいせつしましょう	4
かいせつしない	4
かいせつしなかった	4
かいせつした	4
かいせつして	4
かいせつしている	4
かいせつしています	4
かいせつしていた	4
かいせつしていました	4
かいせつしてる	4
かいせつしてます	4
かいどくする	4
かいどくします	4
かいどくしません	4
かいどくしました	4
かいどくしませんでした	4
かいどくしましょう	4
かいどくしない	4
かいどくしなかった	4
かいどくした	4
かいどくして	4
かいどくしている	4
かいどくしています	4
かいどくしていた	4
かいどくしていました	4
かいどくしてる	4
かいどくしてます	4
かいしゃくする	1
かいしゃくします	1
かいしゃくしません	1
かいしゃくしました	1
かいしゃくしませんでした	1
かいしゃくしましょう	1
かいしゃくしない	1
かいしゃくしなかった	1
かいしゃくした	1
かいしゃくして	1
かいしゃくしている	1
かいしゃくしています	1
かいしゃくしていた	1
かいしゃくしていました	1
かいしゃくしてる	1
かいしゃくしてます	1
しょくはつする	4
しょくはつします	4
しょくはつしません	4
しょくはつしました	4
しょくはつしませんでした	4
しょくはつしましょう	4
しょくはつしない	4
しょくはつしなかった	4
しょくはつした	4
しょくはつして	4
しょくはつしている	4
しょくはつしています	4
しょくはつしていた	4
しょくはつしていました	4
しょくはつしてる	4
しょくはつしてます	4
いいわけする	4
いいわけします	4
いいわけしません	4
いいわけしました	4
いいわけしませんでした	4
いいわけしましょう	4
いいわけしない	4
いいわけしなかった	4
いいわけした	4
いいわけして	4
いいわけしている	4
いいわけしています	4
いいわけしていた	4
いいわけしていました	4
いいわけしてる	4
いいわけしてます	4
ていせいする	4
ていせいします	4
ていせいしません	4
ていせいしました	4
ていせいしませんでした	4
ていせいしましょう	4
ていせいしない	4
ていせいしなかった	4
ていせいした	4
ていせいして	4
ていせいしている	4
ていせいしています	4
ていせいしていた	4
ていせいしていました	4
ていせいしてる	4
ていせいしてます	4
けいじょうする	4
けいじょうします	4
けいじょうしません	4
けいじょうしました	4
けいじょうしませんでした	4
けいじょうしましょう	4
けいじょうしない	4
けいじょうしなかった	4
けいじょうした	4
けいじょうして	4
けいじょうしている	4
けいじょうしています	4
けいじょうしていた	4
けいじょうしていました	4
けいじょうしてる	4
けいじょうしてます	4
けいそくする	4
けいそくします	4
けいそくしません	4
けいそくしました	4
けいそくしませんでした	4
けいそくしましょう	4
けいそくしない	4
けいそくしなかった	4
けいそくした	4
けいそくして	4
けいそくしている	4
けいそくしています	4
けいそくしていた	4
けいそくしていました	4
けいそくしてる	4
けいそくしてます	4
けいかくする	4
けいかくします	4
けいかくしません	4
けいかくしました	4
けいかくしませんでした	4
けいかくしましょう	4
けいかくしない	4
けいかくしなかった	4
けいかくした	4
けいかくして	4
けいかくしている	4
けいかくしています	4
けいかくしていた	4
けいかくしていました	4
けいかくしてる	4
けいかくしてます	4
けいさんする	4
けいさんします	4
けいさんしません	4
けいさんしました	4
けいさんしませんでした	4
けいさんしましょう	4
けいさんしない	4
けいさんしなかった	4
けいさんした	4
けいさんして	4
けいさんしている	4
けいさんしています	4
けいさんしていた	4
けいさんしていました	4
けいさんしてる	4
けいさんしてます	4
けいりょうする	4
けいりょうします	4
けいりょうしません	4
けいりょうしました	4
けいりょうしませんでした	4
けいりょうしましょう	4
けいりょうしない	4
けいりょうしなかった	4
けいりょうした	4
けいりょうして	4
けいりょうしている	4
けいりょうしています	4
けいりょうしていた	4
けいりょうしていました	4
けいりょうしてる	4
けいりょうしてます	4
とうろんする	1
とうろんします	1
とうろんしません	1
とうろんしました	1
とうろんしませんでした	1
とうろんしましょう	1
とうろんしない	1
とうろんしなかった	1
とうろんした	1
とうろんして	1
とうろんしている	1
とうろんしています	1
とうろんしていた	1
とうろんしていました	1
とうろんしてる	1
とうろんしてます	1
とうぎする	1
とうぎします	1
とうぎしません	1
とうぎしました	1
とうぎしませんでした	1
とうぎしましょう	1
とうぎしない	1
とうぎしなかった	1
とうぎした	1
とうぎして	1
とうぎしている	1
とうぎしています	1
とうぎしていた	1
とうぎしていました	1
とうぎしてる	1
とうぎしてます	1
くんじする	3
くんじします	3
くんじしません	3
くんじしました	3
くんじしませんでした	3
くんじしましょう	3
くんじしない	3
くんじしなかった	3
くんじした	3
くんじして	3
くんじしている	3
くんじしています	3
くんじしていた	3
くんじしていました	3
くんじしてる	3
くんじしてます	3
くんれんする	1
くんれんします	1
くんれんしません	1
くんれんしました	1
くんれんしませんでした	1
くんれんしましょう	1
くんれんしない	1
くんれんしなかった	1
くんれんした	1
くんれんして	1
くんれんしている	1
くんれんしています	1
くんれんしていた	1
くんれんしていました	1
くんれんしてる	1
くんれんしてます	1
くんよみする	4
くんよみします	4
くんよみしません	4
くんよみしました	4
くんよみしませんでした	4
くんよみしましょう	4
くんよみしない	4
くんよみしなかった	4
くんよみした	4
くんよみして	4
くんよみしている	4
くんよみしています	4
くんよみしていた	4
くんよみしていました	4
くんよみしてる	4
くんよみしてます	4
きにゅうする	3
きにゅうします	3
きにゅうしません	3
きにゅうしました	3
きにゅうしませんでした	3
きにゅうしましょう	3
きにゅうしない	3
きにゅうしなかった	3
きにゅうした	3
きにゅうして	3
きにゅうしている	3
きにゅうしています	3
きにゅうしていた	3
きにゅうしていました	3
きにゅうしてる	3
きにゅうしてます	3
きちょうする	3
きちょうします	3
きちょうしません	3
きちょうしました	3
きちょうしませんでした	3
きちょうしましょう	3
きちょうしない	3
きちょうしなかった	3
きちょうした	3
きちょうして	3
きちょうしている	3
きちょうしています	3
きちょうしていた	3
きちょうしていました	3
きちょうしてる	3
きちょうしてます	3
きおくする	3
きおくします	3
きおくしません	3
きおくしました	3
きおくしませんでした	3
きおくしましょう	3
きおくしない	3
きおくしなかった	3
きおくした	3
きおくして	3
きおくしている	3
きおくしています	3
きおくしていた	3
きおくしていました	3
きおくしてる	3
きおくしてます	3
きしゃかいけんする	3
きしゃかいけんします	3
きしゃかいけんしません	3
きしゃかいけんしました	3
きしゃかいけんしませんでした	3
きしゃかいけんしましょう	3
きしゃかいけんしない	3
きしゃかいけんしなかった	3
きしゃかいけんした	3
きしゃかいけんして	3
きしゃかいけんしている	3
きしゃかいけんしています	3
きしゃかいけんしていた	3
きしゃかいけんしていました	3
きしゃかいけんしてる	3
きしゃかいけんしてます	3
きさいする	3
きさいします	3
きさいしません	3
きさいしました	3
きさいしませんでした	3
きさいしましょう	3
きさいしない	3
きさいしなかった	3
きさいした	3
きさいして	3
きさいしている	3
きさいしています	3
きさいしていた	3
きさいしていました	3
きさいしてる	3
きさいしてます	3
きじゅつする	3
きじゅつします	3
きじゅつしません	3
きじゅつしました	3
きじゅつしませんでした	3
きじゅつしましょう	3
きじゅつしない	3
きじゅつしなかった	3
きじゅつした	3
きじゅつして	3
きじゅつしている	3
きじゅつしています	3
きじゅつしていた	3
きじゅつしていました	3
きじゅつしてる	3
きじゅつしてます	3
きろくする	3
きろくします	3
きろくしません	3
きろくしました	3
きろくしませんでした	3
きろくしましょう	3
きろくしない	3
きろくしなかった	3
きろくした	3
きろくして	3
きろくしている	3
きろくしています	3
きろくしていた	3
きろくしていました	3
きろくしてる	3
きろくしてます	3
ほうちゅうする	4
ほうちゅうします	4
ほうちゅうしません	4
ほうちゅうしました	4
ほうちゅうしませんでした	4
ほうちゅうしましょう	4
ほうちゅうしない	4
ほうちゅうしなかった	4
ほうちゅうした	4
ほうちゅうして	4
ほうちゅうしている	4
ほうちゅうしています	4
ほうちゅうしていた	4
ほうちゅうしていました	4
ほうちゅうしてる	4
ほうちゅうしてます	4
ほうもんする	4
ほうもんします	4
ほうもんしません	4
ほうもんしました	4
ほうもんしませんでした	4
ほうもんしましょう	4
ほうもんしない	4
ほうもんしなかった	4
ほうもんした	4
ほうもんして	4
ほうもんしている	4
ほうもんしています	4
ほうもんしていた	4
ほうもんしていました	4
ほうもんしてる	4
ほうもんしてます	4
ほうにちする	4
ほうにちします	4
ほうにちしません	4
ほうにちしました	4
ほうにちしませんでした	4
ほうにちしましょう	4
ほうにちしない	4
ほうにちしなかった	4
ほうにちした	4
ほうにちして	4
ほうにちしている	4
ほうにちしています	4
ほうにちしていた	4
ほうにちしていました	4
ほうにちしてる	4
ほうにちしてます	4
ほうおうする	4
ほうおうします	4
ほうおうしません	4
ほうおうしました	4
ほうおうしませんでした	4
ほうおうしましょう	4
ほうおうしない	4
ほうおうしなかった	4
ほうおうした	4
ほうおうして	4
ほうおうしている	4
ほうおうしています	4
ほうおうしていた	4
ほうおうしていました	4
ほうおうしてる	4
ほうおうしてます	4
ほうべいする	4
ほうべいします	4
ほうべいしません	4
ほうべいしました	4
ほうべいしませんでした	4
ほうべいしましょう	4
ほうべいしない	4
ほうべいしなかった	4
ほうべいした	4
ほうべいして	4
ほうべいしている	4
ほうべいしています	4
ほうべいしていた	4
ほうべいしていました	4
ほうべいしてる	4
ほうべいしてます	4
せつびする	1
せつびします	1
せつびしません	1
せつびしました	1
せつびしませんでした	1
せつびしましょう	1
せつびしない	1
せつびしなかった	1
せつびした	1
せつびして	1
せつびしている	1
せつびしています	1
せつびしていた	1
せつびしていました	1
せつびしてる	1
せつびしてます	1
せつもんする	4
せつもんします	4
せつもんしません	4
せつもんしました	4
せつもんしませんでした	4
せつもんしましょう	4
せつもんしない	4
せつもんしなかった	4
せつもんした	4
せつもんして	4
せつもんしている	4
せつもんしています	4
せつもんしていた	4
せつもんしていました	4
せつもんしてる	4
せつもんしてます	4
せっていする	4
せっていします	4
せっていしません	4
せっていしました	4
せっていしませんでした	4
せっていしましょう	4
せっていしない	4
せっていしなかった	4
せっていした	4
せっていして	4
せっていしている	4
せっていしています	4
せっていしていた	4
せっていしていました	4
せっていしてる	4
せっていしてます	4
せつりつする	4
せつりつします	4
せつりつしません	4
せつりつしました	4
せつりつしませんでした	4
せつりつしましょう	4
せつりつしない	4
せつりつしなかった	4
せつりつした	4
せつりつして	4
せつりつしている	4
せつりつしています	4
せつりつしていた	4
せつりつしていました	4
せつりつしてる	4
せつりつしてます	4
せっちする	3
せっちします	3
せっちしません	3
せっちしました	3
せっちしませんでした	3
せっちしましょう	3
せっちしない	3
せっちしなかった	3
せっちした	3
せっちして	3
せっちしている	3
せっちしています	3
せっちしていた	3
せっちしていました	3
せっちしてる	3
せっちしてます	3
せっけいする	4
せっけいします	4
せっけいしません	4
せっけいしました	4
せっけいしませんでした	4
せっけいしましょう	4
せっけいしない	4
せっけいしなかった	4
せっけいした	4
せっけいして	4
せっけいしている	4
せっけいしています	4
せっけいしていた	4
せっけいしていました	4
せっけいしてる	4
せっけいしてます	4
きょかする	1
きょかします	1
きょかしません	1
きょかしました	1
きょかしませんでした	1
きょかしましょう	1
きょかしない	1
きょかしなかった	1
きょかした	1
きょかして	1
きょかしている	1
きょかしています	1
きょかしていた	1
きょかしていました	1
きょかしてる	1
きょかしてます	1
きょようする	3
きょようします	3
きょようしません	3
きょようしました	3
きょようしませんでした	3
きょようしましょう	3
きょようしない	3
きょようしなかった	3
きょようした	3
きょようして	3
きょようしている	3
きょようしています	3
きょようしていた	3
きょようしていました	3
きょようしてる	3
きょようしてます	3
きょだくする	3
きょだくします	3
きょだくしません	3
きょだくしました	3
きょだくしませんでした	3
きょだくしましょう	3
きょだくしない	3
きょだくしなかった	3
きょだくした	3
きょだくして	3
きょだくしている	3
きょだくしています	3
きょだくしていた	3
きょだくしていました	3
きょだくしてる	3
きょだくしてます	3
そしょうする	3
そしょうします	3
そしょうしません	3
そしょうしました	3
そしょうしませんでした	3
そしょうしましょう	3
そしょうしない	3
そしょうしなかった	3
そしょうした	3
そしょうして	3
そしょうしている	3
そしょうしています	3
そしょうしていた	3
そしょうしていました	3
そしょうしてる	3
そしょうしてます	3
そついする	3
そついします	3
そついしません	3
そついしました	3
そついしませんでした	3
そついしましょう	3
そついしない	3
そついしなかった	3
そついした	3
そついして	3
そついしている	3
そついしています	3
そついしていた	3
そついしていました	3
そついしてる	3
そついしてます	3
しんさつする	4
しんさつします	4
しんさつしません	4
しんさつしました	4
しんさつしませんでした	4
しんさつしましょう	4
しんさつしない	4
しんさつしなかった	4
しんさつした	4
しんさつして	4
しんさつしている	4
しんさつしています	4
しんさつしていた	4
しんさつしていました	4
しんさつしてる	4
しんさつしてます	4
しんだんする	4
しんだんします	4
しんだんしません	4
しんだんしました	4
しんだんしませんでした	4
しんだんしましょう	4
しんだんしない	4
しんだんしなかった	4
しんだんした	4
しんだんして	4
しんだんしている	4
しんだんしています	4
しんだんしていた	4
しんだんしていました	4
しんだんしてる	4
しんだんしてます	4
しんりょうする	4
しんりょうします	4
しんりょうしません	4
しんりょうしました	4
しんりょうしませんでした	4
しんりょうしましょう	4
しんりょうしない	4
しんりょうしなかった	4
しんりょうした	4
しんりょうして	4
しんりょうしている	4
しんりょうしています	4
しんりょうしていた	4
しんりょうしていました	4
しんりょうしてる	4
しんりょうしてます	4
あかしする	3
あかしします	4
あかししません	5
あかししました	4
あかししませんでした	5
あかししましょう	5
あかししない	0
あかししなかった	7
あかしした	4
あかしして	0
あかししている	4
あかししています	4
あかししていた	4
あかししていました	4
あかししてる	4
あかししてます	5
しょうげんする	4
しょうげんします	4
しょうげんしません	4
しょうげんしました	4
しょうげんしませんでした	4
しょうげんしましょう	4
しょうげんしない	4
しょうげんしなかった	4
しょうげんした	4
しょうげんして	4
しょうげんしている	4
しょうげんしています	4
しょうげんしていた	4
しょうげんしていました	4
しょうげんしてる	4
しょうげんしてます	4
ひょうかする	1
ひょうかします	1
ひょうかしません	1
ひょうかしました	1
ひょうかしませんでした	1
ひょうかしましょう	1
ひょうかしない	1
ひょうかしなかった	1
ひょうかした	1
ひょうかして	1
ひょうかしている	1
ひょうかしています	1
ひょうかしていた	1
ひょうかしていました	1
ひょうかしてる	1
ひょうかしてます	1
ひょうばんする	4
ひょうばんします	4
ひょうばんしません	4
ひょうばんしました	4
ひょうばんしませんでした	4
ひょうばんしましょう	4
ひょうばんしない	4
ひょうばんしなかった	4
ひょうばんした	4
ひょうばんして	4
ひょうばんしている	4
ひょうばんしています	4
ひょうばんしていた	4
ひょうばんしていました	4
ひょうばんしてる	4
ひょうばんしてます	4
ひょうろんする	4
ひょうろんします	4
ひょうろんしません	4
ひょうろんしました	4
ひょうろんしませんでした	4
ひょうろんしましょう	4
ひょうろんしない	4
ひょうろんしなかった	4
ひょうろんした	4
ひょうろんして	4
ひょうろんしている	4
ひょうろんしています	4
ひょうろんしていた	4
ひょうろんしていました	4
ひょうろんしてる	4
ひょうろんしてます	4
ひょうぎする	1
ひょうぎします	1
ひょうぎしません	1
ひょうぎしました	1
ひょうぎしませんでした	1
ひょうぎしましょう	1
ひょうぎしない	1
ひょうぎしなかった	1
ひょうぎした	1
ひょうぎして	1
ひょうぎしている	1
ひょうぎしています	1
ひょうぎしていた	1
ひょうぎしていました	1
ひょうぎしてる	1
ひょうぎしてます	1
しさくする	3
しさくします	3
しさくしません	3
しさくしました	3
しさくしませんでした	3
しさくしましょう	3
しさくしない	3
しさくしなかった	3
しさくした	3
しさくして	3
しさくしている	3
しさくしています	3
しさくしていた	3
しさくしていました	3
しさくしてる	3
しさくしてます	3
ししゃする	2
ししゃします	2
ししゃしません	2
ししゃしました	2
ししゃしませんでした	2
ししゃしましょう	2
ししゃしない	2
ししゃしなかった	2
ししゃした	2
ししゃして	2
ししゃしている	2
ししゃしています	2
ししゃしていた	2
ししゃしていました	2
ししゃしてる	2
ししゃしてます	2
しあいする	3
しあいします	3
しあいしません	3
しあいしました	3
しあいしませんでした	3
しあいしましょう	3
しあいしない	3
しあいしなかった	3
しあいした	3
しあいして	3
しあいしている	3
しあいしています	3
しあいしていた	3
しあいしていました	3
しあいしてる	3
しあいしてます	3
しちゃくする	3
しちゃくします	3
しちゃくしません	3
しちゃくしました	3
しちゃくしませんでした	3
しちゃくしましょう	3
しちゃくしない	3
しちゃくしなかった	3
しちゃくした	3
しちゃくして	3
しちゃくしている	3
しちゃくしています	3
しちゃくしていた	3
しちゃくしていました	3
しちゃくしてる	3
しちゃくしてます	3
しさんする	3
しさんします	3
しさんしません	3
しさんしました	3
しさんしませんでした	3
しさんしましょう	3
しさんしない	3
しさんしなかった	3
しさんした	3
しさんして	3
しさんしている	3
しさんしています	3
しさんしていた	3
しさんしていました	3
しさんしてる	3
しさんしてます	3
しこうさくごする	4
しこうさくごします	4
しこうさくごしません	4
しこうさくごしました	4
しこうさくごしませんでした	4
しこうさくごしましょう	4
しこうさくごしない	4
しこうさくごしなかった	4
しこうさくごした	4
しこうさくごして	4
しこうさくごしている	4
しこうさくごしています	4
しこうさくごしていた	4
しこうさくごしていました	4
しこうさくごしてる	4
しこうさくごしてます	4
ししょくする	3
ししょくします	3
ししょくしません	3
ししょくしました	3
ししょくしませんでした	3
ししょくしましょう	3
ししょくしない	3
ししょくしなかった	3
ししょくした	3
ししょくして	3
ししょくしている	3
ししょくしています	3
ししょくしていた	3
ししょくしていました	3
ししょくしてる	3
ししょくしてます	3
しけんする	2
しけんします	2
しけんしません	2
しけんしました	2
しけんしませんでした	2
しけんしましょう	2
しけんしない	2
しけんしなかった	2
しけんした	2
しけんして	2
しけんしている	2
しけんしています	2
しけんしていた	2
しけんしていました	2
しけんしてる	2
しけんしてます	2
はなしあいする	5
はなしあいします	5
はなしあいしません	5
はなしあいしました	5
はなしあいしませんでした	5
はなしあいしましょう	5
はなしあいしない	5
はなしあいしなかった	5
はなしあいした	5
はなしあいして	5
はなしあいしている	5
はなしあいしています	5
はなしあいしていた	5
はなしあいしていました	5
はなしあいしてる	5
はなしあいしてます	5
がいとうする	4
がいとうします	4
がいとうしません	4
がいとうしました	4
がいとうしませんでした	4
がいとうしましょう	4
がいとうしない	4
がいとうしなかった	4
がいとうした	4
がいとうして	4
がいとうしている	4
がいとうしています	4
がいとうしていた	4
がいとうしていました	4
がいとうしてる	4
がいとうしてます	4
しょうほうする	4
しょうほうします	4
しょうほうしません	4
しょうほうしました	4
しょうほうしませんでした	4
しょうほうしましょう	4
しょうほうしない	4
しょうほうしなかった	4
しょうほうした	4
しょうほうして	4
しょうほうしている	4
しょうほうしています	4
しょうほうしていた	4
しょうほうしていました	4
しょうほうしてる	4
しょうほうしてます	4
こちょうする	3
こちょうします	3
こちょうしません	3
こちょうしました	3
こちょうしませんでした	3
こちょうしましょう	3
こちょうしない	3
こちょうしなかった	3
こちょうした	3
こちょうして	3
こちょうしている	3
こちょうしています	3
こちょうしていた	3
こちょうしていました	3
こちょうしてる	3
こちょうしてます	3
にんかする	1
にんかします	1
にんかしません	1
にんかしました	1
にんかしませんでした	1
にんかしましょう	1
にんかしない	1
にんかしなかった	1
にんかした	1
にんかして	1
にんかしている	1
にんかしています	1
にんかしていた	1
にんかしていました	1
にんかしてる	1
にんかしてます	1
にんていする	4
にんていします	4
にんていしません	4
にんていしました	4
にんていしませんでした	4
にんていしましょう	4
にんていしない	4
にんていしなかった	4
にんていした	4
にんていして	4
にんていしている	4
にんていしています	4
にんていしていた	4
にんていしていました	4
にんていしてる	4
にんていしてます	4
にんちする	1
にんちします	1
にんちしません	1
にんちしました	1
にんちしませんでした	1
にんちしましょう	1
にんちしない	1
にんちしなかった	1
にんちした	1
にんちして	1
にんちしている	1
にんちしています	1
にんちしていた	1
にんちしていました	1
にんちしてる	1
にんちしてます	1
にんしょうする	4
にんしょうします	4
にんしょうしません	4
にんしょうしました	4
にんしょうしませんでした	4
にんしょうしましょう	4
にんしょうしない	4
にんしょうしなかった	4
にんしょうした	4
にんしょうして	4
にんしょうしている	4
にんしょうしています	4
にんしょうしていた	4
にんしょうしていました	4
にんしょうしてる	4
にんしょうしてます	4
にんしきする	4
にんしきします	4
にんしきしません	4
にんしきしました	4
にんしきしませんでした	4
にんしきしましょう	4
にんしきしない	4
にんしきしなかった	4
にんしきした	4
にんしきして	4
にんしきしている	4
にんしきしています	4
にんしきしていた	4
にんしきしていました	4
にんしきしてる	4
にんしきしてます	4
たんじょうする	4
たんじょうします	4
たんじょうしません	4
たんじょうしました	4
たんじょうしませんでした	4
たんじょうしましょう	4
たんじょうしない	4
たんじょうしなかった	4
たんじょうした	4
たんじょうして	4
たんじょうしている	4
たんじょうしています	4
たんじょうしていた	4
たんじょうしていました	4
たんじょうしてる	4
たんじょうしてます	4
ゆうどうする	4
ゆうどうします	4
ゆうどうしません	4
ゆうどうしました	4
ゆうどうしませんでした	4
ゆうどうしましょう	4
ゆうどうしない	4
ゆうどうしなかった	4
ゆうどうした	4
ゆうどうして	4
ゆうどうしている	4
ゆうどうしています	4
ゆうどうしていた	4
ゆうどうしていました	4
ゆうどうしてる	4
ゆうどうしてます	4
ゆうわくする	4
ゆうわくします	4
ゆうわくしません	4
ゆうわくしました	4
ゆうわくしませんでした	4
ゆうわくしましょう	4
ゆうわくしない	4
ゆうわくしなかった	4
ゆうわくした	4
ゆうわくして	4
ゆうわくしている	4
ゆうわくしています	4
ゆうわくしていた	4
ゆうわくしていました	4
ゆうわくしてる	4
ゆうわくしてます	4
ゆうかいする	4
ゆうかいします	4
ゆうかいしません	4
ゆうかいしました	4
ゆうかいしませんでした	4
ゆうかいしましょう	4
ゆうかいしない	4
ゆうかいしなかった	4
ゆうかいした	4
ゆうかいして	4
ゆうかいしている	4
ゆうかいしています	4
ゆうかいしていた	4
ゆうかいしていました	4
ゆうかいしてる	4
ゆうかいしてます	4
ゆうちする	1
ゆうちします	1
ゆうちしません	1
ゆうちしました	1
ゆうちしませんでした	1
ゆうちしましょう	1
ゆうちしない	1
ゆうちしなかった	1
ゆうちした	1
ゆうちして	1
ゆうちしている	1
ゆうちしています	1
ゆうちしていた	1
ゆうちしていました	1
ゆうちしてる	1
ゆうちしてます	1
ごさんする	3
ごさんします	3
ごさんしません	3
ごさんしました	3
ごさんしませんでした	3
ごさんしましょう	3
ごさんしない	3
ごさんしなかった	3
ごさんした	3
ごさんして	3
ごさんしている	3
ごさんしています	3
ごさんしていた	3
ごさんしていました	3
ごさんしてる	3
ごさんしてます	3
ごかいする	3
ごかいします	3
ごかいしません	3
ごかいしました	3
ごかいしませんでした	3
ごかいしましょう	3
ごかいしない	3
ごかいしなかった	3
ごかいした	3
ごかいして	3
ごかいしている	3
ごかいしています	3
ごかいしていた	3
ごかいしていました	3
ごかいしてる	3
ごかいしてます	3
ごにんする	3
ごにんします	3
ごにんしません	3
ごにんしました	3
ごにんしませんでした	3
ごにんしましょう	3
ごにんしない	3
ごにんしなかった	3
ごにんした	3
ごにんして	3
ごにんしている	3
ごにんしています	3
ごにんしていた	3
ごにんしていました	3
ごにんしてる	3
ごにんしてます	3
せっとくする	4
せっとくします	4
せっとくしません	4
せっとくしました	4
せっとくしませんでした	4
せっとくしましょう	4
せっとくしない	4
せっとくしなかった	4
せっとくした	4
せっとくして	4
せっとくしている	4
せっとくしています	4
せっとくしていた	4
せっとくしていました	4
せっとくしてる	4
せっとくしてます	4
せっきょうする	3
せっきょうします	3
せっきょうしません	3
せっきょうしました	3
せっきょうしませんでした	3
せっきょうしましょう	3
せっきょうしない	3
せっきょうしなかった	3
せっきょうした	3
せっきょうして	3
せっきょうしている	3
せっきょうしています	3
せっきょうしていた	3
せっきょうしていました	3
せっきょうしてる	3
せっきょうしてます	3
せつめいする	4
せつめいします	4
せつめいしません	4
せつめいしました	4
せつめいしませんでした	4
せつめいしましょう	4
せつめいしない	4
せつめいしなかった	4
せつめいした	4
せつめいして	4
せつめいしている	4
せつめいしています	4
せつめいしていた	4
せつめいしていました	4
せつめいしてる	4
せつめいしてます	4
よみとりする	4
よみとりします	4
よみとりしません	4
よみとりしました	4
よみとりしませんでした	4
よみとりしましょう	4
よみとりしない	5
よみとりしなかった	5
よみとりした	4
よみとりして	4
よみとりしている	4
よみとりしています	4
よみとりしていた	4
よみとりしていました	4
よみとりしてる	4
よみとりしてます	4
どくしょする	1
どくしょします	1
どくしょしません	1
どくしょしました	1
どくしょしませんでした	1
どくしょしましょう	1
どくしょしない	1
どくしょしなかった	1
どくしょした	1
どくしょして	1
どくしょしている	1
どくしょしています	1
どくしょしていた	1
どくしょしていました	1
どくしょしてる	1
どくしょしてます	1
かぜいする	3
かぜいします	3
かぜいしません	3
かぜいしました	3
かぜいしませんでした	3
かぜいしましょう	3
かぜいしない	3
かぜいしなかった	3
かぜいした	3
かぜいして	3
かぜいしている	3
かぜいしています	3
かぜいしていた	3
かぜいしていました	3
かぜいしてる	3
かぜいしてます	3
ひぼうする	3
ひぼうします	3
ひぼうしません	3
ひぼうしました	3
ひぼうしませんでした	3
ひぼうしましょう	3
ひぼうしない	3
ひぼうしなかった	3
ひぼうした	3
ひぼうして	3
ひぼうしている	3
ひぼうしています	3
ひぼうしていた	3
ひぼうしていました	3
ひぼうしてる	3
ひぼうしてます	3
ちょうていする	4
ちょうていします	4
ちょうていしません	4
ちょうていしました	4
ちょうていしませんでした	4
ちょうていしましょう	4
ちょうていしない	4
ちょうていしなかった	4
ちょうていした	4
ちょうていして	4
ちょうていしている	4
ちょうていしています	4
ちょうていしていた	4
ちょうていしていました	4
ちょうていしてる	4
ちょうていしてます	4
ちょういんする	4
ちょういんします	4
ちょういんしません	4
ちょういんしました	4
ちょういんしませんでした	4
ちょういんしましょう	4
ちょういんしない	4
ちょういんしなかった	4
ちょういんした	4
ちょういんして	4
ちょういんしている	4
ちょういんしています	4
ちょういんしていた	4
ちょういんしていました	4
ちょういんしてる	4
ちょういんしてます	4
ちょうわする	3
ちょうわします	3
ちょうわしません	3
ちょうわしました	3
ちょうわしませんでした	3
ちょうわしましょう	3
ちょうわしない	3
ちょうわしなかった	3
ちょうわした	3
ちょうわして	3
ちょうわしている	3
ちょうわしています	3
ちょうわしていた	3
ちょうわしていました	3
ちょうわしてる	3
ちょうわしてます	3
ちょうきょうする	4
ちょうきょうします	4
ちょうきょうしません	4
ちょうきょうしました	4
ちょうきょうしませんでした	4
ちょうきょうしましょう	4
ちょうきょうしない	4
ちょうきょうしなかった	4
ちょうきょうした	4
ちょうきょうして	4
ちょうきょうしている	4
ちょうきょうしています	4
ちょうきょうしていた	4
ちょうきょうしていました	4
ちょうきょうしてる	4
ちょうきょうしてます	4
ちょうせいする	4
ちょうせいします	4
ちょうせいしません	4
ちょうせいしました	4
ちょうせいしませんでした	4
ちょうせいしましょう	4
ちょうせいしない	4
ちょうせいしなかった	4
ちょうせいした	4
ちょうせいして	4
ちょうせいしている	4
ちょうせいしています	4
ちょうせいしていた	4
ちょうせいしていました	4
ちょうせいしてる	4
ちょうせいしてます	4
ちょうさする	1
ちょうさします	1
ちょうさしません	1
ちょうさしました	1
ちょうさしませんでした	1
ちょうさしましょう	1
ちょうさしない	1
ちょうさしなかった	1
ちょうさした	1
ちょうさして	1
ちょうさしている	1
ちょうさしています	1
ちょうさしていた	1
ちょうさしていました	1
ちょうさしてる	1
ちょうさしてます	1
ちょうりする	1
ちょうりします	1
ちょうりしません	1
ちょうりしました	1
ちょうりしませんでした	1
ちょうりしましょう	1
ちょうりしない	1
ちょうりしなかった	1
ちょうりした	1
ちょうりして	1
ちょうりしている	1
ちょうりしています	1
ちょうりしていた	1
ちょうりしていました	1
ちょうりしてる	1
ちょうりしてます	1
ちょうせつする	4
ちょうせつします	4
ちょうせつしません	4
ちょうせつしました	4
ちょうせつしませんでした	4
ちょうせつしましょう	4
ちょうせつしない	4
ちょうせつしなかった	4
ちょうせつした	4
ちょうせつして	4
ちょうせつしている	4
ちょうせつしています	4
ちょうせつしていた	4
ちょうせつしていました	4
ちょうせつしてる	4
ちょうせつしてます	4
ちょうたつする	4
ちょうたつします	4
ちょうたつしません	4
ちょうたつしました	4
ちょうたつしませんでした	4
ちょうたつしましょう	4
ちょうたつしない	4
ちょうたつしなかった	4
ちょうたつした	4
ちょうたつして	4
ちょうたつしている	4
ちょうたつしています	4
ちょうたつしていた	4
ちょうたつしていました	4
ちょうたつしてる	4
ちょうたつしてます	4
だんごうする	4
だんごうします	4
だんごうしません	4
だんごうしました	4
だんごうしませんでした	4
だんごうしましょう	4
だんごうしない	4
だんごうしなかった	4
だんごうした	4
だんごうして	4
だんごうしている	4
だんごうしています	4
だんごうしていた	4
だんごうしていました	4
だんごうしてる	4
だんごうしてます	4
だんわする	3
だんわします	3
だんわしません	3
だんわしました	3
だんわしませんでした	3
だんわしましょう	3
だんわしない	3
だんわしなかった	3
だんわした	3
だんわして	3
だんわしている	3
だんわしています	3
だんわしていた	3
だんわしていました	3
だんわしてる	3
だんわしてます	3
せいきゅうする	4
せいきゅうします	4
せいきゅうしません	4
せいきゅうしました	4
せいきゅうしませんでした	4
せいきゅうしましょう	4
せいきゅうしない	4
せいきゅうしなかった	4
せいきゅうした	4
せいきゅうして	4
せいきゅうしている	4
せいきゅうしています	4
せいきゅうしていた	4
せいきゅうしていました	4
せいきゅうしてる	4
せいきゅうしてます	4
せいたくする	4
せいたくします	4
せいたくしません	4
せいたくしました	4
せいたくしませんでした	4
せいたくしましょう	4
せいたくしない	4
せいたくしなかった	4
せいたくした	4
せいたくして	4
せいたくしている	4
せいたくしています	4
せいたくしていた	4
せいたくしていました	4
せいたくしてる	4
せいたくしてます	4
せいがんする	4
せいがんします	4
せいがんしません	4
せいがんしました	4
せいがんしませんでした	4
せいがんしましょう	4
せいがんしない	4
せいがんしなかった	4
せいがんした	4
せいがんして	4
せいがんしている	4
せいがんしています	4
せいがんしていた	4
せいがんしていました	4
せいがんしてる	4
せいがんしてます	4
ろんそうする	4
ろんそうします	4
ろんそうしません	4
ろんそうしました	4
ろんそうしませんでした	4
ろんそうしましょう	4
ろんそうしない	4
ろんそうしなかった	4
ろんそうした	4
ろんそうして	4
ろんそうしている	4
ろんそうしています	4
ろんそうしていた	4
ろんそうしていました	4
ろんそうしてる	4
ろんそうしてます	4
ろんこくする	4
ろんこくします	4
ろんこくしません	4
ろんこくしました	4
ろんこくしませんでした	4
ろんこくしましょう	4
ろんこくしない	4
ろんこくしなかった	4
ろんこくした	4
ろんこくして	4
ろんこくしている	4
ろんこくしています	4
ろんこくしていた	4
ろんこくしていました	4
ろんこくしてる	4
ろんこくしてます	4
ろんせんする	4
ろんせんします	4
ろんせんしません	4
ろんせんしました	4
ろんせんしませんでした	4
ろんせんしましょう	4
ろんせんしない	4
ろんせんしなかった	4
ろんせんした	4
ろんせんして	4
ろんせんしている	4
ろんせんしています	4
ろんせんしていた	4
ろんせんしていました	4
ろんせんしてる	4
ろんせんしてます	4
ろんぴょうする	4
ろんぴょうします	4
ろんぴょうしません	4
ろんぴょうしました	4
ろんぴょうしませんでした	4
ろんぴょうしましょう	4
ろんぴょうしない	4
ろんぴょうしなかった	4
ろんぴょうした	4
ろんぴょうして	4
ろんぴょうしている	4
ろんぴょうしています	4
ろんぴょうしていた	4
ろんぴょうしていました	4
ろんぴょうしてる	4
ろんぴょうしてます	4
ろんせつする	4
ろんせつします	4
ろんせつしません	4
ろんせつしました	4
ろんせつしませんでした	4
ろんせつしましょう	4
ろんせつしない	4
ろんせつしなかった	4
ろんせつした	4
ろんせつして	4
ろんせつしている	4
ろんせつしています	4
ろんせつしていた	4
ろんせつしていました	4
ろんせつしてる	4
ろんせつしてます	4
ろんぎする	1
ろんぎします	1
ろんぎしません	1
ろんぎしました	1
ろんぎしませんでした	1
ろんぎしましょう	1
ろんぎしない	1
ろんぎしなかった	1
ろんぎした	1
ろんぎして	1
ろんぎしている	1
ろんぎしています	1
ろんぎしていた	1
ろんぎしていました	1
ろんぎしてる	1
ろんぎしてます	1
しもんする	3
しもんします	3
しもんしません	3
しもんしました	3
しもんしませんでした	3
しもんしましょう	3
しもんしない	3
しもんしなかった	3
しもんした	3
しもんして	3
しもんしている	3
しもんしています	3
しもんしていた	3
しもんしていました	3
しもんしてる	3
しもんしてます	3
けんそんする	4
けんそんします	4
けんそんしません	4
けんそんしました	4
けんそんしませんでした	4
けんそんしましょう	4
けんそんしない	4
けんそんしなかった	4
けんそんした	4
けんそんして	4
けんそんしている	4
けんそんしています	4
けんそんしていた	4
けんそんしていました	4
けんそんしてる	4
けんそんしてます	4
こうわする	3
こうわします	3
こうわしません	3
こうわしました	3
こうわしませんでした	3
こうわしましょう	3
こうわしない	3
こうわしなかった	3
こうわした	3
こうわして	3
こうわしている	3
こうわしています	3
こうわしていた	3
こうわしていました	3
こうわしてる	3
こうわしてます	3
こうしゅうする	4
こうしゅうします	4
こうしゅうしません	4
こうしゅうしました	4
こうしゅうしませんでした	4
こうしゅうしましょう	4
こうしゅうしない	4
こうしゅうしなかった	4
こうしゅうした	4
こうしゅうして	4
こうしゅうしている	4
こうしゅうしています	4
こうしゅうしていた	4
こうしゅうしていました	4
こうしゅうしてる	4
こうしゅうしてます	4
しゃれいする	3
しゃれいします	3
しゃれいしません	3
しゃれいしました	3
しゃれいしませんでした	3
しゃれいしましょう	3
しゃれいしない	3
しゃれいしなかった	3
しゃれいした	3
しゃれいして	3
しゃれいしている	3
しゃれいしています	3
しゃれいしていた	3
しゃれいしていました	3
しゃれいしてる	3
しゃれいしてます	3
しゃざいする	3
しゃざいします	3
しゃざいしません	3
しゃざいしました	3
しゃざいしませんでした	3
しゃざいしましょう	3
しゃざいしない	3
しゃざいしなかった	3
しゃざいした	3
しゃざいして	3
しゃざいしている	3
しゃざいしています	3
しゃざいしていた	3
しゃざいしていました	3
しゃざいしてる	3
しゃざいしてます	3
きんしんする	4
きんしんします	4
きんしんしません	4
きんしんしました	4
きんしんしませんでした	4
きんしんしましょう	4
きんしんしない	4
きんしんしなかった	4
きんしんした	4
きんしんして	4
きんしんしている	4
きんしんしています	4
きんしんしていた	4
きんしんしていました	4
きんしんしてる	4
きんしんしてます	4
しきべつする	4
しきべつします	4
しきべつしません	4
しきべつしました	4
しきべつしませんでした	4
しきべつしましょう	4
しきべつしない	4
しきべつしなかった	4
しきべつした	4
しきべつして	4
しきべつしている	4
しきべつしています	4
しきべつしていた	4
しきべつしていました	4
しきべつしてる	4
しきべつしてます	4
けいびする	1
けいびします	1
けいびしません	1
けいびしました	1
けいびしませんでした	1
けいびしましょう	1
けいびしない	1
けいびしなかった	1
けいびした	1
けいびして	1
けいびしている	1
けいびしています	1
けいびしていた	1
けいびしていました	1
けいびしてる	1
けいびしてます	1
けいこくする	4
けいこくします	4
けいこくしません	4
けいこくしました	4
けいこくしませんでした	4
けいこくしましょう	4
けいこくしない	4
けいこくしなかった	4
けいこくした	4
けいこくして	4
けいこくしている	4
けいこくしています	4
けいこくしていた	4
けいこくしていました	4
けいこくしてる	4
けいこくしてます	4
けいかいする	4
けいかいします	4
けいかいしません	4
けいかいしました	4
けいかいしませんでした	4
けいかいしましょう	4
けいかいしない	4
けいかいしなかった	4
けいかいした	4
けいかいして	4
けいかいしている	4
けいかいしています	4
けいかいしていた	4
けいかいしていました	4
けいかいしてる	4
けいかいしてます	4
けいごする	1
けいごします	1
けいごしません	1
けいごしました	1
けいごしませんでした	1
けいごしましょう	1
けいごしない	1
けいごしなかった	1
けいごした	1
けいごして	1
けいごしている	1
けいごしています	1
けいごしていた	1
けいごしていました	1
けいごしてる	1
けいごしてます	1
ぎけつする	3
ぎけつします	3
ぎけつしません	3
ぎけつしました	3
ぎけつしませんでした	3
ぎけつしましょう	3
ぎけつしない	3
ぎけつしなかった	3
ぎけつした	3
ぎけつして	3
ぎけつしている	3
ぎけつしています	3
ぎけつしていた	3
ぎけつしていました	3
ぎけつしてる	3
ぎけつしてます	3
ぎろんする	1
ぎろんします	1
ぎろんしません	1
ぎろんしました	1
ぎろんしませんでした	1
ぎろんしましょう	1
ぎろんしない	1
ぎろんしなかった	1
ぎろんした	1
ぎろんして	1
ぎろんしている	1
ぎろんしています	1
ぎろんしていた	1
ぎろんしていました	1
ぎろんしてる	1
ぎろんしてます	1
じょうほする	1
じょうほします	1
じょうほしません	1
じょうほしました	1
じょうほしませんでした	1
じょうほしましょう	1
じょうほしない	1
じょうほしなかった	1
じょうほした	1
じょうほして	1
じょうほしている	1
じょうほしています	1
じょうほしていた	1
じょうほしていました	1
じょうほしてる	1
じょうほしてます	1
じょうとする	1
じょうとします	1
じょうとしません	1
じょうとしました	1
じょうとしませんでした	1
じょうとしましょう	8
じょうとしない	1
じょうとしなかった	1
じょうとした	1
じょうとして	1
じょうとしている	1
じょうとしています	1
じょうとしていた	1
じょうとしていました	1
じょうとしてる	1
じょうとしてます	1
ごえいする	3
ごえいします	3
ごえいしません	3
ごえいしました	3
ごえいしませんでした	3
ごえいしましょう	3
ごえいしない	3
ごえいしなかった	3
ごえいした	3
ごえいして	3
ごえいしている	3
ごえいしています	3
ごえいしていた	3
ごえいしていました	3
ごえいしてる	3
ごえいしてます	3
ごそうする	3
ごそうします	3
ごそうしません	3
ごそうしました	3
ごそうしませんでした	3
ごそうしましょう	3
ごそうしない	3
ごそうしなかった	3
ごそうした	3
ごそうして	3
ごそうしている	3
ごそうしています	3
ごそうしていた	3
ごそうしていました	3
ごそうしてる	3
ごそうしてます	3
しょうちょうする	4
しょうちょうします	4
しょうちょうしません	4
しょうちょうしました	4
しょうちょうしませんでした	4
しょうちょうしましょう	4
しょうちょうしない	4
しょうちょうしなかった	4
しょうちょうした	4
しょうちょうして	4
しょうちょうしている	4
しょうちょうしています	4
しょうちょうしていた	4
しょうちょうしていました	4
しょうちょうしてる	4
しょうちょうしてます	4
おんぶする	1
おんぶします	1
おんぶしません	1
おんぶしました	1
おんぶしませんでした	1
おんぶしましょう	1
おんぶしない	1
おんぶしなかった	1
おんぶした	1
おんぶして	1
おんぶしている	1
おんぶしています	1
おんぶしていた	1
おんぶしていました	1
おんぶしてる	1
おんぶしてます	1
ふしょうする	3
ふしょうします	3
ふしょうしません	3
ふしょうしました	3
ふしょうしませんでした	3
ふしょうしましょう	3
ふしょうしない	3
ふしょうしなかった	3
ふしょうした	3
ふしょうして	3
ふしょうしている	3
ふしょうしています	3
ふしょうしていた	3
ふしょうしていました	3
ふしょうしてる	3
ふしょうしてます	3
ふたんする	3
ふたんします	3
ふたんしません	3
ふたんしました	3
ふたんしませんでした	3
ふたんしましょう	3
ふたんしない	3
ふたんしなかった	3
ふたんした	3
ふたんして	3
ふたんしている	3
ふたんしています	3
ふたんしていた	3
ふたんしていました	3
ふたんしてる	3
ふたんしてます	3
びんぼうする	1
びんぼうします	1
びんぼうしません	1
びんぼうしました	1
びんぼうしませんでした	1
びんぼうしましょう	1
びんぼうしない	1
びんぼうしなかった	1
びんぼうした	1
びんぼうして	1
びんぼうしている	1
びんぼうしています	1
びんぼうしていた	1
びんぼうしていました	1
びんぼうしてる	1
びんぼうしてます	1
はんばいする	4
はんばいします	4
はんばいしません	4
はんばいしました	4
はんばいしませんでした	4
はんばいしましょう	4
はんばいしない	4
はんばいしなかった	4
はんばいした	4
はんばいして	4
はんばいしている	4
はんばいしています	4
はんばいしていた	4
はんばいしていました	4
はんばいしてる	4
はんばいしてます	4
ちょすいする	3
ちょすいします	3
ちょすいしません	3
ちょすいしました	3
ちょすいしませんでした	3
ちょすいしましょう	3
ちょすいしない	3
ちょすいしなかった	3
ちょすいした	3
ちょすいして	3
ちょすいしている	3
ちょすいしています	3
ちょすいしていた	3
ちょすいしていました	3
ちょすいしてる	3
ちょすいしてます	3
ちょちくする	3
ちょちくします	3
ちょちくしません	3
ちょちくしました	3
ちょちくしませんでした	3
ちょちくしましょう	3
ちょちくしない	3
ちょちくしなかった	3
ちょちくした	3
ちょちくして	3
ちょちくしている	3
ちょちくしています	3
ちょちくしていた	3
ちょちくしていました	3
ちょちくしてる	3
ちょちくしてます	3
ちょぞうする	3
ちょぞうします	3
ちょぞうしません	3
ちょぞうしました	3
ちょぞうしませんでした	3
ちょぞうしましょう	3
ちょぞうしない	3
ちょぞうしなかった	3
ちょぞうした	3
ちょぞうして	3
ちょぞうしている	3
ちょぞうしています	3
ちょぞうしていた	3
ちょぞうしていました	3
ちょぞうしてる	3
ちょぞうしてます	3
ちょきんする	3
ちょきんします	3
ちょきんしません	3
ちょきんしました	3
ちょきんしませんでした	3
ちょきんしましょう	3
ちょきんしない	3
ちょきんしなかった	3
ちょきんした	3
ちょきんして	3
ちょきんしている	3
ちょきんしています	3
ちょきんしていた	3
ちょきんしていました	3
ちょきんしてる	3
ちょきんしてます	3
かいものする	4
かいものします	4
かいものしません	4
かいものしました	4
かいものしませんでした	4
かいものしましょう	4
かいものしない	4
かいものしなかった	4
かいものした	4
かいものして	4
かいものしている	4
かいものしています	4
かいものしていた	4
かいものしていました	4
かいものしてる	4
かいものしてます	4
ばいしゅうする	4
ばいしゅうします	4
ばいしゅうしません	4
ばいしゅうしました	4
ばいしゅうしませんでした	4
ばいしゅうしましょう	4
ばいしゅうしない	4
ばいしゅうしなかった	4
ばいしゅうした	4
ばいしゅうして	4
ばいしゅうしている	4
ばいしゅうしています	4
ばいしゅうしていた	4
ばいしゅうしていました	4
ばいしゅうしてる	4
ばいしゅうしてます	4
かいとりする	4
かいとりします	4
かいとりしません	4
かいとりしました	4
かいとりしませんでした	4
かいとりしましょう	4
かいとりしない	4
かいとりしなかった	4
かいとりした	4
かいとりして	4
かいとりしている	4
かいとりしています	4
かいとりしていた	4
かいとりしていました	4
かいとりしてる	4
かいとりしてます	4
たいよする	1
たいよします	1
たいよしません	1
たいよしました	1
たいよしませんでした	1
たいよしましょう	1
たいよしない	1
たいよしなかった	1
たいよした	1
たいよして	1
たいよしている	1
たいよしています	1
たいよしていた	1
たいよしていました	1
たいよしてる	1
たいよしてます	1
かしつけする	4
かしつけします	4
かしつけしません	4
かしつけしました	4
かしつけしませんでした	4
かしつけしましょう	4
かしつけしない	4
かしつけしなかった	4
かしつけした	4
かしつけして	4
かしつけしている	4
かしつけしています	4
かしつけしていた	4
かしつけしていました	4
かしつけしてる	4
かしつけしてます	4
たいしゃくする	1
たいしゃくします	1
たいしゃくしません	1
たいしゃくしました	1
たいしゃくしませんでした	1
たいしゃくしましょう	1
たいしゃくしない	1
たいしゃくしなかった	1
たいしゃくした	1
たいしゃくして	1
たいしゃくしている	1
たいしゃくしています	1
たいしゃくしていた	1
たいしゃくしていました	1
たいしゃくしてる	1
たいしゃくしてます	1
かしだしする	4
かしだしします	5
かしだししません	6
かしだししました	5
かしだししませんでした	6
かしだししましょう	6
かしだししない	4
かしだししなかった	4
かしだしした	3
かしだしして	3
かしだししている	3
かしだししています	3
かしだししていた	3
かしだししていました	3
かしだししてる	5
かしだししてます	3
ちょうふする	1
ちょうふします	1
ちょうふしません	1
ちょうふしました	1
ちょうふしませんでした	1
ちょうふしましょう	1
ちょうふしない	1
ちょうふしなかった	1
ちょうふした	1
ちょうふして	1
ちょうふしている	1
ちょうふしています	1
ちょうふしていた	1
ちょうふしていました	1
ちょうふしてる	1
ちょうふしてます	1
ぼうえきする	4
ぼうえきします	4
ぼうえきしません	4
ぼうえきしました	4
ぼうえきしませんでした	4
ぼうえきしましょう	4
ぼうえきしない	4
ぼうえきしなかった	4
ぼうえきした	4
ぼうえきして	4
ぼうえきしている	4
ぼうえきしています	4
ぼうえきしていた	4
ぼうえきしていました	4
ぼうえきしてる	4
ぼうえきしてます	4
ちんあげする	4
ちんあげします	4
ちんあげしません	4
ちんあげしました	4
ちんあげしませんでした	4
ちんあげしましょう	4
ちんあげしない	4
ちんあげしなかった	4
ちんあげした	4
ちんあげして	4
ちんあげしている	4
ちんあげしています	4
ちんあげしていた	4
ちんあげしていました	4
ちんあげしてる	4
ちんあげしてます	4
ちんたいする	4
ちんたいします	4
ちんたいしません	4
ちんたいしました	4
ちんたいしませんでした	4
ちんたいしましょう	4
ちんたいしない	4
ちんたいしなかった	4
ちんたいした	4
ちんたいして	4
ちんたいしている	4
ちんたいしています	4
ちんたいしていた	4
ちんたいしていました	4
ちんたいしてる	4
ちんたいしてます	4
しするする	2
しするします	5
しするしません	6
しするしました	5
しするしませんでした	6
しするしましょう	6
しするしない	4
しするしなかった	4
しするした	2
しするして	2
しするしている	2
しするしています	2
しするしていた	2
しするしていました	2
しするしてる	2
しするしてます	2
さんどうする	4
さんどうします	4
さんどうしません	4
さんどうしました	4
さんどうしませんでした	4
さんどうしましょう	4
さんどうしない	4
さんどうしなかった	4
さんどうした	4
さんどうして	4
さんどうしている	4
さんどうしています	4
さんどうしていた	4
さんどうしていました	4
さんどうしてる	4
さんどうしてます	4
さんびする	1
さんびします	1
さんびしません	1
さんびしました	1
さんびしませんでした	1
さんびしましょう	1
さんびしない	1
さんびしなかった	1
さんびした	1
さんびして	1
さんびしている	1
さんびしています	1
さんびしていた	1
さんびしていました	1
さんびしてる	1
さんびしてます	1
しょうさんする	4
しょうさんします	4
しょうさんしません	4
しょうさんしました	4
しょうさんしませんでした	4
しょうさんしましょう	4
しょうさんしない	4
しょうさんしなかった	4
しょうさんした	4
しょうさんして	4
しょうさんしている	4
しょうさんしています	4
しょうさんしていた	4
しょうさんしていました	4
しょうさんしてる	4
しょうさんしてます	4
ばいしょうする	4
ばいしょうします	4
ばいしょうしません	4
ばいしょうしました	4
ばいしょうしませんでした	4
ばいしょうしましょう	4
ばいしょうしない	4
ばいしょうしなかった	4
ばいしょうした	4
ばいしょうして	4
ばいしょうしている	4
ばいしょうしています	4
ばいしょうしていた	4
ばいしょうしていました	4
ばいしょうしてる	4
ばいしょうしてます	4
しつもんする	4
しつもんします	4
しつもんしません	4
しつもんしました	4
しつもんしませんでした	4
しつもんしましょう	4
しつもんしない	4
しつもんしなかった	4
しつもんした	4
しつもんして	4
しつもんしている	4
しつもんしています	4
しつもんしていた	4
しつもんしていました	4
しつもんしてる	4
しつもんしてます	4
しつぎする	1
しつぎします	1
しつぎしません	1
しつぎしました	1
しつぎしませんでした	1
しつぎしましょう	1
しつぎしない	1
しつぎしなかった	1
しつぎした	1
しつぎして	1
しつぎしている	1
しつぎしています	1
しつぎしていた	1
しつぎしていました	1
しつぎしてる	1
しつぎしてます	1
こうにゅうする	4
こうにゅうします	4
こうにゅうしません	4
こうにゅうしました	4
こうにゅうしませんでした	4
こうにゅうしましょう	4
こうにゅうしない	4
こうにゅうしなかった	4
こうにゅうした	4
こうにゅうして	4
こうにゅうしている	4
こうにゅうしています	4
こうにゅうしていた	4
こうにゅうしていました	4
こうにゅうしてる	4
こうにゅうしてます	4
こうどくする	4
こうどくします	4
こうどくしません	4
こうどくしました	4
こうどくしませんでした	4
こうどくしましょう	4
こうどくしない	4
こうどくしなかった	4
こうどくした	4
こうどくして	4
こうどくしている	4
こうどくしています	4
こうどくしていた	4
こうどくしていました	4
こうどくしてる	4
こうどくしてます	4
こうばいする	4
こうばいします	4
こうばいしません	4
こうばいしました	4
こうばいしませんでした	4
こうばいしましょう	4
こうばいしない	4
こうばいしなかった	4
こうばいした	4
こうばいして	4
こうばいしている	4
こうばいしています	4
こうばいしていた	4
こうばいしていました	4
こうばいしてる	4
こうばいしてます	4
ぜいたくする	3
ぜいたくします	3
ぜいたくしません	3
ぜいたくしました	3
ぜいたくしませんでした	3
ぜいたくしましょう	3
ぜいたくしない	3
ぜいたくしなかった	3
ぜいたくした	3
ぜいたくして	3
ぜいたくしている	3
ぜいたくしています	3
ぜいたくしていた	3
ぜいたくしていました	3
ぜいたくしてる	3
ぜいたくしてます	3
ぞうよする	1
ぞうよします	1
ぞうよしません	1
ぞうよしました	1
ぞうよしませんでした	1
ぞうよしましょう	1
ぞうよしない	1
ぞうよしなかった	1
ぞうよした	1
ぞうよして	1
ぞうよしている	1
ぞうよしています	1
ぞうよしていた	1
ぞうよしていました	1
ぞうよしてる	1
ぞうよしてます	1
ぞうていする	4
ぞうていします	4
ぞうていしません	4
ぞうていしました	4
ぞうていしませんでした	4
ぞうていしましょう	4
ぞうていしない	4
ぞうていしなかった	4
ぞうていした	4
ぞうていして	4
ぞうていしている	4
ぞうていしています	4
ぞうていしていた	4
ぞうていしていました	4
ぞうていしてる	4
ぞうていしてます	4
ぞうとうする	4
ぞうとうします	4
ぞうとうしません	4
ぞうとうしました	4
ぞうとうしませんでした	4
ぞうとうしましょう	4
ぞうとうしない	4
ぞうとうしなかった	4
ぞうとうした	4
ぞうとうして	4
ぞうとうしている	4
ぞうとうしています	4
ぞうとうしていた	4
ぞうとうしていました	4
ぞうとうしてる	4
ぞうとうしてます	4
ぞうわいする	4
ぞうわいします	4
ぞうわいしません	4
ぞうわいしました	4
ぞうわいしませんでした	4
ぞうわいしましょう	4
ぞうわいしない	4
ぞうわいしなかった	4
ぞうわいした	4
ぞうわいして	4
ぞうわいしている	4
ぞうわいしています	4
ぞうわいしていた	4
ぞうわいしていました	4
ぞうわいしてる	4
ぞうわいしてます	4
ひいきする	1
ひいきします	1
ひいきしません	1
ひいきしました	1
ひいきしませんでした	1
ひいきしましょう	1
ひいきしない	1
ひいきしなかった	1
ひいきした	1
ひいきして	1
ひいきしている	1
ひいきしています	1
ひいきしていた	1
ひいきしていました	1
ひいきしてる	1
ひいきしてます	1
せきめんする	4
せきめんします	4
せきめんしません	4
せきめんしました	4
せきめんしませんでした	4
せきめんしましょう	4
せきめんしない	4
せきめんしなかった	4
せきめんした	4
せきめんして	4
せきめんしている	4
せきめんしています	4
せきめんしていた	4
せきめんしていました	4
せきめんしてる	4
せきめんしてます	4
そうるいする	4
そうるいします	4
そうるいしません	4
そうるいしました	4
そうるいしませんでした	4
そうるいしましょう	4
そうるいしない	4
そうるいしなかった	4
そうるいした	4
そうるいして	4
そうるいしている	4
そうるいしています	4
そうるいしていた	4
そうるいしていました	4
そうるいしてる	4
そうるいしてます	4
ふにんする	3
ふにんします	3
ふにんしません	3
ふにんしました	3
ふにんしませんでした	3
ふにんしましょう	3
ふにんしない	3
ふにんしなかった	3
ふにんした	3
ふにんして	3
ふにんしている	3
ふにんしています	3
ふにんしていた	3
ふにんしていました	3
ふにんしてる	3
ふにんしてます	3
きふくする	3
きふくします	3
きふくしません	3
きふくしました	3
きふくしませんでした	3
きふくしましょう	3
きふくしない	3
きふくしなかった	3
きふくした	3
きふくして	3
きふくしている	3
きふくしています	3
きふくしていた	3
きふくしていました	3
きふくしてる	3
きふくしてます	3
きどうする	3
きどうします	3
きどうしません	3
きどうしました	3
きどうしませんでした	3
きどうしましょう	3
きどうしない	3
きどうしなかった	3
きどうした	3
きどうして	3
きどうしている	3
きどうしています	3
きどうしていた	3
きどうしていました	3
きどうしてる	3
きどうしてます	3
きいんする	3
きいんします	3
きいんしません	3
きいんしました	3
きいんしませんでした	3
きいんしましょう	3
きいんしない	3
きいんしなかった	3
きいんした	3
きいんして	3
きいんしている	3
きいんしています	3
きいんしていた	3
きいんしていました	3
きいんしてる	3
きいんしてます	3
きしょうする	3
きしょうします	3
きしょうしません	3
きしょうしました	3
きしょうしませんでした	3
きしょうしましょう	3
きしょうしない	3
きしょうしなかった	3
きしょうした	3
きしょうして	3
きしょうしている	3
きしょうしています	3
きしょうしていた	3
きしょうしていました	3
きしょうしてる	3
きしょうしてます	3
きばくする	3
きばくします	3
きばくしません	3
きばくしました	3
きばくしませんでした	3
きばくしましょう	3
きばくしない	3
きばくしなかった	3
きばくした	3
きばくして	3
きばくしている	3
きばくしています	3
きばくしていた	3
きばくしていました	3
きばくしてる	3
きばくしてます	3
きようする	3
きようします	3
きようしません	3
きようしました	3
きようしませんでした	3
きようしましょう	3
きようしない	3
きようしなかった	3
きようした	3
きようして	3
きようしている	3
きようしています	3
きようしていた	3
きようしていました	3
きようしてる	3
きようしてます	3
きりつする	2
きりつします	2
きりつしません	2
きりつしました	2
きりつしませんでした	2
きりつしましょう	2
きりつしない	2
きりつしなかった	2
きりつした	2
きりつして	2
きりつしている	2
きりつしています	2
きりつしていた	2
きりつしていました	2
きりつしてる	2
きりつしてます	2
きそうする	3
きそうします	3
きそうしません	3
きそうしました	3
きそうしませんでした	3
きそうしましょう	3
きそうしない	3
きそうしなかった	3
きそうした	3
きそうして	3
きそうしている	3
きそうしています	3
きそうしていた	3
きそうしていました	3
きそうしてる	3
きそうしてます	3
きそする	1
きそします	1
きそしません	1
きそしました	1
きそしませんでした	1
きそしましょう	1
きそしない	1
きそしなかった	1
きそした	1
きそして	1
きそしている	1
きそしています	1
きそしていた	1
きそしていました	1
きそしてる	1
きそしてます	1
ちょうえつする	4
ちょうえつします	4
ちょうえつしません	4
ちょうえつしました	4
ちょうえつしませんでした	4
ちょうえつしましょう	4
ちょうえつしない	4
ちょうえつしなかった	4
ちょうえつした	4
ちょうえつして	4
ちょうえつしている	4
ちょうえつしています	4
ちょうえつしていた	4
ちょうえつしていました	4
ちょうえつしてる	4
ちょうえつしてます	4
ちょうかする	3
ちょうかします	3
ちょうかしません	3
ちょうかしました	3
ちょうかしませんでした	3
ちょうかしましょう	3
ちょうかしない	3
ちょうかしなかった	3
ちょうかした	3
ちょうかして	3
ちょうかしている	3
ちょうかしています	3
ちょうかしていた	3
ちょうかしていました	3
ちょうかしてる	3
ちょうかしてます	3
えっとうする	4
えっとうします	4
えっとうしません	4
えっとうしました	4
えっとうしませんでした	4
えっとうしましょう	4
えっとうしない	4
えっとうしなかった	4
えっとうした	4
えっとうして	4
えっとうしている	4
えっとうしています	4
えっとうしていた	4
えっとうしていました	4
えっとうしてる	4
えっとうしてます	4
えっきょうする	4
えっきょうします	4
えっきょうしません	4
えっきょうしました	4
えっきょうしませんでした	4
えっきょうしましょう	4
えっきょうしない	4
えっきょうしなかった	4
えっきょうした	4
えっきょうして	4
えっきょうしている	4
えっきょうしています	4
えっきょうしていた	4
えっきょうしていました	4
えっきょうしてる	4
えっきょうしてます	4
えつねんする	4
えつねんします	4
えつねんしません	4
えつねんしました	4
えつねんしませんでした	4
えつねんしましょう	4
えつねんしない	4
えつねんしなかった	4
えつねんした	4
えつねんして	4
えつねんしている	4
えつねんしています	4
えつねんしていた	4
えつねんしていました	4
えつねんしてる	4
えつねんしてます	4
あしぶみする	3
あしぶみします	3
あしぶみしません	3
あしぶみしました	3
あしぶみしませんでした	3
あしぶみしましょう	3
あしぶみしない	3
あしぶみしなかった	3
あしぶみした	3
あしぶみして	3
あしぶみしている	3
あしぶみしています	3
あしぶみしていた	3
あしぶみしていました	3
あしぶみしてる	3
あしぶみしてます	3
ちょうやくする	4
ちょうやくします	4
ちょうやくしません	4
ちょうやくしました	4
ちょうやくしませんでした	4
ちょうやくしましょう	4
ちょうやくしない	4
ちょうやくしなかった	4
ちょうやくした	4
ちょうやくして	4
ちょうやくしている	4
ちょうやくしています	4
ちょうやくしていた	4
ちょうやくしていました	4
ちょうやくしてる	4
ちょうやくしてます	4
ちゅうちょする	1
ちゅうちょします	1
ちゅうちょしません	1
ちゅうちょしました	1
ちゅうちょしませんでした	1
ちゅうちょしましょう	1
ちゅうちょしない	1
ちゅうちょしなかった	1
ちゅうちょした	1
ちゅうちょして	1
ちゅうちょしている	1
ちゅうちょしています	1
ちゅうちょしていた	1
ちゅうちょしていました	1
ちゅうちょしてる	1
ちゅうちょしてます	1
やくどうする	4
やくどうします	4
やくどうしません	4
やくどうしました	4
やくどうしませんでした	4
やくどうしましょう	4
やくどうしない	4
やくどうしなかった	4
やくどうした	4
やくどうして	4
やくどうしている	4
やくどうしています	4
やくどうしていた	4
やくどうしていました	4
やくどうしてる	4
やくどうしてます	4
やくしんする	4
やくしんします	4
やくしんしません	4
やくしんしました	4
やくしんしませんでした	4
やくしんしましょう	4
やくしんしない	4
やくしんしなかった	4
やくしんした	4
やくしんして	4
やくしんしている	4
やくしんしています	4
やくしんしていた	4
やくしんしていました	4
やくしんしてる	4
やくしんしてます	4
みうごきする	2
みうごきします	2
みうごきしません	2
みうごきしました	2
みうごきしませんでした	2
みうごきしましょう	2
みうごきしない	2
みうごきしなかった	2
みうごきした	2
みうごきして	2
みうごきしている	2
みうごきしています	2
みうごきしていた	2
みうごきしていました	2
みうごきしてる	2
みうごきしてます	2
みなげする	3
みなげします	3
みなげしません	3
みなげしました	3
みなげしませんでした	3
みなげしましょう	3
みなげしない	3
みなげしなかった	3
みなげした	3
みなげして	3
みなげしている	3
みなげしています	3
みなげしていた	3
みなげしていました	3
みなげしてる	3
みなげしてます	3
ぐんばいする	4
ぐんばいします	4
ぐんばいしません	4
ぐんばいしました	4
ぐんばいしませんでした	4
ぐんばいしましょう	4
ぐんばいしない	4
ぐんばいしなかった	4
ぐんばいした	4
ぐんばいして	4
ぐんばいしている	4
ぐんばいしています	4
ぐんばいしていた	4
ぐんばいしていました	4
ぐんばいしてる	4
ぐんばいしてます	4
なんかする	3
なんかします	3
なんかしません	3
なんかしました	3
なんかしませんでした	3
なんかしましょう	3
なんかしない	3
なんかしなかった	3
なんかした	3
なんかして	3
なんかしている	3
なんかしています	3
なんかしていた	3
なんかしていました	3
なんかしてる	3
なんかしてます	3
なんぱする	3
なんぱします	3
なんぱしません	3
なんぱしました	3
なんぱしませんでした	3
なんぱしましょう	3
なんぱしない	3
なんぱしなかった	3
なんぱした	3
なんぱして	3
なんぱしている	3
なんぱしています	3
なんぱしていた	3
なんぱしていました	3
なんぱしてる	3
なんぱしてます	3
なんきんする	4
なんきんします	4
なんきんしません	4
なんきんしました	4
なんきんしませんでした	4
なんきんしましょう	4
なんきんしない	4
なんきんしなかった	4
なんきんした	4
なんきんして	4
なんきんしている	4
なんきんしています	4
なんきんしていた	4
なんきんしていました	4
なんきんしてる	4
なんきんしてます	4
てんてんする	4
てんてんします	4
てんてんしません	4
てんてんしました	4
てんてんしませんでした	4
てんてんしましょう	4
てんてんしない	4
てんてんしなかった	4
てんてんした	4
てんてんして	4
てんてんしている	4
てんてんしています	4
てんてんしていた	4
てんてんしていました	4
てんてんしてる	4
てんてんしてます	4
てんとうする	4
てんとうします	4
てんとうしません	4
てんとうしました	4
てんとうしませんでした	4
てんとうしましょう	4
てんとうしない	4
てんとうしなかった	4
てんとうした	4
てんとうして	4
てんとうしている	4
てんとうしています	4
てんとうしていた	4
てんとうしていました	4
てんとうしてる	4
てんとうしてます	4
てんしゅつする	4
てんしゅつします	4
てんしゅつしません	4
てんしゅつしました	4
てんしゅつしませんでした	4
てんしゅつしましょう	4
てんしゅつしない	4
てんしゅつしなかった	4
てんしゅつした	4
てんしゅつして	4
てんしゅつしている	4
てんしゅつしています	4
てんしゅつしていた	4
てんしゅつしていました	4
てんしゅつしてる	4
てんしゅつしてます	4
てんきんする	4
てんきんします	4
てんきんしません	4
てんきんしました	4
てんきんしませんでした	4
てんきんしましょう	4
てんきんしない	4
てんきんしなかった	4
てんきんした	4
てんきんして	4
てんきんしている	4
てんきんしています	4
てんきんしていた	4
てんきんしていました	4
てんきんしてる	4
てんきんしてます	4
てんこうする	4
てんこうします	4
てんこうしません	4
てんこうしました	4
てんこうしませんでした	4
てんこうしましょう	4
てんこうしない	4
てんこうしなかった	4
てんこうした	4
てんこうして	4
てんこうしている	4
てんこうしています	4
てんこうしていた	4
てんこうしていました	4
てんこうしてる	4
てんこうしてます	4
てんばいする	4
てんばいします	4
てんばいしません	4
てんばいしました	4
てんばいしませんでした	4
てんばいしましょう	4
てんばいしない	4
てんばいしなかった	4
てんばいした	4
てんばいして	4
てんばいしている	4
てんばいしています	4
てんばいしていた	4
てんばいしていました	4
てんばいしてる	4
てんばいしてます	4
てんきょする	1
てんきょします	1
てんきょしません	1
てんきょしました	1
てんきょしませんでした	1
てんきょしましょう	1
てんきょしない	1
てんきょしなかった	1
てんきょした	1
てんきょして	1
てんきょしている	1
てんきょしています	1
てんきょしていた	1
てんきょしていました	1
てんきょしてる	1
てんきょしてます	1
てんせんする	4
てんせんします	4
てんせんしません	4
てんせんしました	4
てんせんしませんでした	4
てんせんしましょう	4
てんせんしない	4
てんせんしなかった	4
てんせんした	4
てんせんして	4
てんせんしている	4
てんせんしています	4
てんせんしていた	4
てんせんしていました	4
てんせんしてる	4
てんせんしてます	4
てんかんする	4
てんかんします	4
てんかんしません	4
てんかんしました	4
てんかんしませんでした	4
てんかんしましょう	4
てんかんしない	4
てんかんしなかった	4
てんかんした	4
てんかんして	4
てんかんしている	4
てんかんしています	4
てんかんしていた	4
てんかんしていました	4
てんかんしてる	4
てんかんしてます	4
てんようする	4
てんようします	4
てんようしません	4
てんようしました	4
てんようしませんでした	4
てんようしましょう	4
てんようしない	4
てんようしなかった	4
てんようした	4
てんようして	4
てんようしている	4
てんようしています	4
てんようしていた	4
てんようしていました	4
てんようしてる	4
てんようしてます	4
てんいする	1
てんいします	1
てんいしません	1
てんいしました	1
てんいしませんでした	1
てんいしましょう	1
てんいしない	1
てんいしなかった	1
てんいした	1
てんいして	1
てんいしている	1
てんいしています	1
てんいしていた	1
てんいしていました	1
てんいしてる	1
てんいしてます	1
てんしょくする	4
てんしょくします	4
てんしょくしません	4
てんしょくしました	4
てんしょくしませんでした	4
てんしょくしましょう	4
てんしょくしない	4
てんしょくしなかった	4
てんしょくした	4
てんしょくして	4
てんしょくしている	4
てんしょくしています	4
てんしょくしていた	4
てんしょくしていました	4
てんしょくしてる	4
てんしょくしてます	4
てんらくする	4
てんらくします	4
てんらくしません	4
てんらくしました	4
てんらくしませんでした	4
てんらくしましょう	4
てんらくしない	4
てんらくしなかった	4
てんらくした	4
てんらくして	4
てんらくしている	4
てんらくしています	4
てんらくしていた	4
てんらくしていました	4
てんらくしてる	4
てんらくしてます	4
てんぷくする	4
てんぷくします	4
てんぷくしません	4
てんぷくしました	4
てんぷくしませんでした	4
てんぷくしましょう	4
てんぷくしない	4
てんぷくしなかった	4
てんぷくした	4
てんぷくして	4
てんぷくしている	4
てんぷくしています	4
てんぷくしていた	4
てんぷくしていました	4
てんぷくしてる	4
てんぷくしてます	4
てんしんする	4
てんしんします	4
てんしんしません	4
てんしんしました	4
てんしんしませんでした	4
てんしんしましょう	4
てんしんしない	4
てんしんしなかった	4
てんしんした	4
てんしんして	4
てんしんしている	4
てんしんしています	4
てんしんしていた	4
てんしんしていました	4
てんしんしてる	4
てんしんしてます	4
てんそうする	4
てんそうします	4
てんそうしません	4
てんそうしました	4
てんそうしませんでした	4
てんそうしましょう	4
てんそうしない	4
てんそうしなかった	4
てんそうした	4
てんそうして	4
てんそうしている	4
てんそうしています	4
てんそうしていた	4
てんそうしていました	4
てんそうしてる	4
てんそうしてます	4
かるがるする	3
かるがるします	3
かるがるしません	7
かるがるしました	3
かるがるしませんでした	7
かるがるしましょう	3
かるがるしない	3
かるがるしなかった	3
かるがるした	3
かるがるして	5
かるがるしている	5
かるがるしています	5
かるがるしていた	5
かるがるしていました	5
かるがるしてる	6
かるがるしてます	5
けいげんする	4
けいげんします	4
けいげんしません	4
けいげんしました	4
けいげんしませんでした	4
けいげんしましょう	4
けいげんしない	4
けいげんしなかった	4
けいげんした	4
けいげんして	4
けいげんしている	4
けいげんしています	4
けいげんしていた	4
けいげんしていました	4
けいげんしてる	4
けいげんしてます	4
けいべつする	4
けいべつします	4
けいべつしません	4
けいべつしました	4
けいべつしませんでした	4
けいべつしましょう	4
けいべつしない	4
けいべつしなかった	4
けいべつした	4
けいべつして	4
けいべつしている	4
けいべつしています	4
けいべつしていた	4
けいべつしていました	4
けいべつしてる	4
けいべつしてます	4
けいしする	1
けいしします	1
けいししません	1
けいししました	1
けいししませんでした	1
けいししましょう	1
けいししない	1
けいししなかった	1
けいしした	1
けいしして	1
けいししている	1
けいししています	1
けいししていた	1
けいししていました	1
けいししてる	1
けいししてます	1
ゆにゅうする	3
ゆにゅうします	3
ゆにゅうしません	3
ゆにゅうしました	3
ゆにゅうしませんでした	3
ゆにゅうしましょう	3
ゆにゅうしない	3
ゆにゅうしなかった	3
ゆにゅうした	3
ゆにゅうして	3
ゆにゅうしている	3
ゆにゅうしています	3
ゆにゅうしていた	3
ゆにゅうしていました	3
ゆにゅうしてる	3
ゆにゅうしてます	3
ゆしゅつする	3
ゆしゅつします	3
ゆしゅつしません	3
ゆしゅつしました	3
ゆしゅつしませんでした	3
ゆしゅつしましょう	3
ゆしゅつしない	3
ゆしゅつしなかった	3
ゆしゅつした	3
ゆしゅつして	3
ゆしゅつしている	3
ゆしゅつしています	3
ゆしゅつしていた	3
ゆしゅつしていました	3
ゆしゅつしてる	3
ゆしゅつしてます	3
ゆけつする	3
ゆけつします	3
ゆけつしません	3
ゆけつしました	3
ゆけつしませんでした	3
ゆけつしましょう	3
ゆけつしない	3
ゆけつしなかった	3
ゆけつした	3
ゆけつして	3
ゆけつしている	3
ゆけつしています	3
ゆけつしていた	3
ゆけつしていました	3
ゆけつしてる	3
ゆけつしてます	3
ゆそうする	3
ゆそうします	3
ゆそうしません	3
ゆそうしました	3
ゆそうしませんでした	3
ゆそうしましょう	3
ゆそうしない	3
ゆそうしなかった	3
ゆそうした	3
ゆそうして	3
ゆそうしている	3
ゆそうしています	3
ゆそうしていた	3
ゆそうしていました	3
ゆそうしてる	3
ゆそうしてます	3
しんぼうする	1
しんぼうします	1
しんぼうしません	1
しんぼうしました	1
しんぼうしませんでした	1
しんぼうしましょう	1
しんぼうしない	1
しんぼうしなかった	1
しんぼうした	1
しんぼうして	1
しんぼうしている	1
しんぼうしています	1
しんぼうしていた	1
しんぼうしていました	1
しんぼうしてる	1
しんぼうしてます	1
じしょくする	3
じしょくします	3
じしょくしません	3
じしょくしました	3
じしょくしませんでした	3
じしょくしましょう	3
じしょくしない	3
じしょくしなかった	3
じしょくした	3
じしょくして	3
じしょくしている	3
じしょくしています	3
じしょくしていた	3
じしょくしていました	3
じしょくしてる	3
じしょくしてます	3
じたいする	1
じたいします	1
じたいしません	1
じたいしました	1
じたいしませんでした	1
じたいしましょう	1
じたいしない	1
じたいしなかった	1
じたいした	1
じたいして	1
じたいしている	1
じたいしています	1
じたいしていた	1
じたいしていました	1
じたいしてる	1
じたいしてます	1
げいげきする	4
げいげきします	4
げいげきしません	4
げいげきしました	4
げいげきしませんでした	4
げいげきしましょう	4
げいげきしない	4
げいげきしなかった	4
げいげきした	4
げいげきして	4
げいげきしている	4
げいげきしています	4
げいげきしていた	4
げいげきしていました	4
げいげきしてる	4
げいげきしてます	4
ちかみちする	2
ちかみちします	2
ちかみちしません	2
ちかみちしました	2
ちかみちしませんでした	2
ちかみちしましょう	2
ちかみちしない	2
ちかみちしなかった	2
ちかみちした	2
ちかみちして	2
ちかみちしている	2
ちかみちしています	2
ちかみちしていた	2
ちかみちしていました	2
ちかみちしてる	2
ちかみちしてます	2
へんじょうする	4
へんじょうします	4
へんじょうしません	4
へんじょうしました	4
へんじょうしませんでした	4
へんじょうしましょう	4
へんじょうしない	4
へんじょうしなかった	4
へんじょうした	4
へんじょうして	4
へんじょうしている	4
へんじょうしています	4
へんじょうしていた	4
へんじょうしていました	4
へんじょうしてる	4
へんじょうしてます	4
へんじする	3
へんじします	3
へんじしません	3
へんじしました	3
へんじしませんでした	3
へんじしましょう	3
へんじしない	3
へんじしなかった	3
へんじした	3
へんじして	3
へんじしている	3
へんじしています	3
へんじしていた	3
へんじしていました	3
へんじしてる	3
へんじしてます	3
へんきゃくする	4
へんきゃくします	4
へんきゃくしません	4
へんきゃくしました	4
へんきゃくしませんでした	4
へんきゃくしましょう	4
へんきゃくしない	4
へんきゃくしなかった	4
へんきゃくした	4
へんきゃくして	4
へんきゃくしている	4
へんきゃくしています	4
へんきゃくしていた	4
へんきゃくしていました	4
へんきゃくしてる	4
へんきゃくしてます	4
へんぴんする	4
へんぴんします	4
へんぴんしません	4
へんぴんしました	4
へんぴんしませんでした	4
へんぴんしましょう	4
へんぴんしない	4
へんぴんしなかった	4
へんぴんした	4
へんぴんして	4
へんぴんしている	4
へんぴんしています	4
へんぴんしていた	4
へんぴんしていました	4
へんぴんしてる	4
へんぴんしてます	4
へんさいする	4
へんさいします	4
へんさいしません	4
へんさいしました	4
へんさいしませんでした	4
へんさいしましょう	4
へんさいしない	4
へんさいしなかった	4
へんさいした	4
へんさいして	4
へんさいしている	4
へんさいしています	4
へんさいしていた	4
へんさいしていました	4
へんさいしてる	4
へんさいしてます	4
へんとうする	4
へんとうします	4
へんとうしません	4
へんとうしました	4
へんとうしませんでした	4
へんとうしましょう	4
へんとうしない	4
へんとうしなかった	4
へんとうした	4
へんとうして	4
へんとうしている	4
へんとうしています	4
へんとうしていた	4
へんとうしていました	4
へんとうしてる	4
へんとうしてます	4
へんそうする	4
へんそうします	4
へんそうしません	4
へんそうしました	4
へんそうしませんでした	4
へんそうしましょう	4
へんそうしない	4
へんそうしなかった	4
へんそうした	4
へんそうして	4
へんそうしている	4
へんそうしています	4
へんそうしていた	4
へんそうしていました	4
へんそうしてる	4
へんそうしてます	4
へんきんする	4
へんきんします	4
へんきんしません	4
へんきんしました	4
へんきんしませんでした	4
へんきんしましょう	4
へんきんしない	4
へんきんしなかった	4
へんきんした	4
へんきんして	4
へんきんしている	4
へんきんしています	4
へんきんしていた	4
へんきんしていました	4
へんきんしてる	4
へんきんしてます	4
はくがいする	4
はくがいします	4
はくがいしません	4
はくがいしました	4
はくがいしませんでした	4
はくがいしましょう	4
はくがいしない	4
はくがいしなかった	4
はくがいした	4
はくがいして	4
はくがいしている	4
はくがいしています	4
はくがいしていた	4
はくがいしていました	4
はくがいしてる	4
はくがいしてます	4
はくげきする	4
はくげきします	4
はくげきしません	4
はくげきしました	4
はくげきしませんでした	4
はくげきしましょう	4
はくげきしない	4
はくげきしなかった	4
はくげきした	4
はくげきして	4
はくげきしている	4
はくげきしています	4
はくげきしていた	4
はくげきしていました	4
はくげきしてる	4
はくげきしてます	4
めいわくする	1
めいわくします	1
めいわくしません	1
めいわくしました	1
めいわくしませんでした	1
めいわくしましょう	1
めいわくしない	1
めいわくしなかった	1
めいわくした	1
めいわくして	1
めいわくしている	1
めいわくしています	1
めいわくしていた	1
めいわくしていました	1
めいわくしてる	1
めいわくしてます	1
ついかする	3
ついかします	3
ついかしません	3
ついかしました	3
ついかしませんでした	3
ついかしましょう	3
ついかしない	3
ついかしなかった	3
ついかした	3
ついかして	3
ついかしている	3
ついかしています	3
ついかしていた	3
ついかしていました	3
ついかしてる	3
ついかしてます	3
ついきゅうする	4
ついきゅうします	4
ついきゅうしません	4
ついきゅうしました	4
ついきゅうしませんでした	4
ついきゅうしましょう	4
ついきゅうしない	4
ついきゅうしなかった	4
ついきゅうした	4
ついきゅうして	4
ついきゅうしている	4
ついきゅうしています	4
ついきゅうしていた	4
ついきゅうしていました	4
ついきゅうしてる	4
ついきゅうしてます	4
ついちょうする	4
ついちょうします	4
ついちょうしません	4
ついちょうしました	4
ついちょうしませんでした	4
ついちょうしましょう	4
ついちょうしない	4
ついちょうしなかった	4
ついちょうした	4
ついちょうして	4
ついちょうしている	4
ついちょうしています	4
ついちょうしていた	4
ついちょうしていました	4
ついちょうしてる	4
ついちょうしてます	4
ついとうする	4
ついとうします	4
ついとうしません	4
ついとうしました	4
ついとうしませんでした	4
ついとうしましょう	4
ついとうしない	4
ついとうしなかった	4
ついとうした	4
ついとうして	4
ついとうしている	4
ついとうしています	4
ついとうしていた	4
ついとうしていました	4
ついとうしてる	4
ついとうしてます	4
ついげきする	4
ついげきします	4
ついげきしません	4
ついげきしました	4
ついげきしませんでした	4
ついげきしましょう	4
ついげきしない	4
ついげきしなかった	4
ついげきした	4
ついげきして	4
ついげきしている	4
ついげきしています	4
ついげきしていた	4
ついげきしていました	4
ついげきしてる	4
ついげきしてます	4
ついほうする	4
ついほうします	4
ついほうしません	4
ついほうしました	4
ついほうしませんでした	4
ついほうしましょう	4
ついほうしない	4
ついほうしなかった	4
ついほうした	4
ついほうして	4
ついほうしている	4
ついほうしています	4
ついほうしていた	4
ついほうしていました	4
ついほうしてる	4
ついほうしてます	4
ついとつする	4
ついとつします	4
ついとつしません	4
ついとつしました	4
ついとつしませんでした	4
ついとつしましょう	4
ついとつしない	4
ついとつしなかった	4
ついとつした	4
ついとつして	4
ついとつしている	4
ついとつしています	4
ついとつしていた	4
ついとつしていました	4
ついとつしてる	4
ついとつしてます	4
ついせきする	4
ついせきします	4
ついせきしません	4
ついせきしました	4
ついせきしませんでした	4
ついせきしましょう	4
ついせきしない	4
ついせきしなかった	4
ついせきした	4
ついせきして	4
ついせきしている	4
ついせきしています	4
ついせきしていた	4
ついせきしていました	4
ついせきしてる	4
ついせきしてます	4
ついずいする	4
ついずいします	4
ついずいしません	4
ついずいしました	4
ついずいしませんでした	4
ついずいしましょう	4
ついずいしない	4
ついずいしなかった	4
ついずいした	4
ついずいして	4
ついずいしている	4
ついずいしています	4
ついずいしていた	4
ついずいしていました	4
ついずいしてる	4
ついずいしてます	4
たいにんする	4
たいにんします	4
たいにんしません	4
たいにんしました	4
たいにんしませんでした	4
たいにんしましょう	4
たいにんしない	4
たいにんしなかった	4
たいにんした	4
たいにんして	4
たいにんしている	4
たいにんしています	4
たいにんしていた	4
たいにんしていました	4
たいにんしてる	4
たいにんしてます	4
たいきょする	1
たいきょします	1
たいきょしません	1
たいきょしました	1
たいきょしませんでした	1
たいきょしましょう	1
たいきょしない	1
たいきょしなかった	1
たいきょした	1
たいきょして	1
たいきょしている	1
たいきょしています	1
たいきょしていた	1
たいきょしていました	1
たいきょしてる	1
たいきょしてます	1
たいじょうする	4
たいじょうします	4
たいじょうしません	4
たいじょうしました	4
たいじょうしませんでした	4
たいじょうしましょう	4
たいじょうしない	4
たいじょうしなかった	4
たいじょうした	4
たいじょうして	4
たいじょうしている	4
たいじょうしています	4
たいじょうしていた	4
たいじょうしていました	4
たいじょうしてる	4
たいじょうしてます	4
たいがくする	4
たいがくします	4
たいがくしません	4
たいがくしました	4
たいがくしませんでした	4
たいがくしましょう	4
たいがくしない	4
たいがくしなかった	4
たいがくした	4
たいがくして	4
たいがくしている	4
たいがくしています	4
たいがくしていた	4
たいがくしていました	4
たいがくしてる	4
たいがくしてます	4
たいくつする	4
たいくつします	4
たいくつしません	4
たいくつしました	4
たいくつしませんでした	4
たいくつしましょう	4
たいくつしない	4
たいくつしなかった	4
たいくつした	4
たいくつして	4
たいくつしている	4
たいくつしています	4
たいくつしていた	4
たいくつしていました	4
たいくつしてる	4
たいくつしてます	4
たいえきする	4
たいえきします	4
たいえきしません	4
たいえきしました	4
たいえきしませんでした	4
たいえきしましょう	4
たいえきしない	4
たいえきしなかった	4
たいえきした	4
たいえきして	4
たいえきしている	4
たいえきしています	4
たいえきしていた	4
たいえきしていました	4
たいえきしてる	4
たいえきしてます	4
たいしょくする	4
たいしょくします	4
たいしょくしません	4
たいしょくしました	4
たいしょくしませんでした	4
たいしょくしましょう	4
たいしょくしない	4
たいしょくしなかった	4
たいしょくした	4
たいしょくして	4
たいしょくしている	4
たいしょくしています	4
たいしょくしていた	4
たいしょくしていました	4
たいしょくしてる	4
たいしょくしてます	4
たいいんする	4
たいいんします	4
たいいんしません	4
たいいんしました	4
たいいんしませんでした	4
たいいんしましょう	4
たいいんしない	4
たいいんしなかった	4
たいいんした	4
たいいんして	4
たいいんしている	4
たいいんしています	4
たいいんしていた	4
たいいんしていました	4
たいいんしてる	4
たいいんしてます	4
たいじんする	4
たいじんします	4
たいじんしません	4
たいじんしました	4
たいじんしませんでした	4
たいじんしましょう	4
たいじんしない	4
たいじんしなかった	4
たいじんした	4
たいじんして	4
たいじんしている	4
たいじんしています	4
たいじんしていた	4
たいじんしていました	4
たいじんしてる	4
たいじんしてます	4
そうふする	3
そうふします	3
そうふしません	3
そうふしました	3
そうふしませんでした	3
そうふしましょう	3
そうふしない	3
そうふしなかった	3
そうふした	3
そうふして	3
そうふしている	3
そうふしています	3
そうふしていた	3
そうふしていました	3
そうふしてる	3
そうふしてます	3
そうしんする	4
そうしんします	4
そうしんしません	4
そうしんしました	4
そうしんしませんでした	4
そうしんしましょう	4
そうしんしない	4
そうしんしなかった	4
そうしんした	4
そうしんして	4
そうしんしている	4
そうしんしています	4
そうしんしていた	4
そうしんしていました	4
そうしんしてる	4
そうしんしてます	4
そうべつする	4
そうべつします	4
そうべつしません	4
そうべつしました	4
そうべつしませんでした	4
そうべつしましょう	4
そうべつしない	4
そうべつしなかった	4
そうべつした	4
そうべつして	4
そうべつしている	4
そうべつしています	4
そうべつしていた	4
そうべつしていました	4
そうべつしてる	4
そうべつしてます	4
そうけんする	4
そうけんします	4
そうけんしません	4
そうけんしました	4
そうけんしませんでした	4
そうけんしましょう	4
そうけんしない	4
そうけんしなかった	4
そうけんした	4
そうけんして	4
そうけんしている	4
そうけんしています	4
そうけんしていた	4
そうけんしていました	4
そうけんしてる	4
そうけんしてます	4
そうきゅうする	4
そうきゅうします	4
そうきゅうしません	4
そうきゅうしました	4
そうきゅうしませんでした	4
そうきゅうしましょう	4
そうきゅうしない	4
そうきゅうしなかった	4
そうきゅうした	4
そうきゅうして	4
そうきゅうしている	4
そうきゅうしています	4
そうきゅうしていた	4
そうきゅうしていました	4
そうきゅうしてる	4
そうきゅうしてます	4
そうげいする	4
そうげいします	4
そうげいしません	4
そうげいしました	4
そうげいしませんでした	4
そうげいしましょう	4
そうげいしない	4
そうげいしなかった	4
そうげいした	4
そうげいして	4
そうげいしている	4
そうげいしています	4
そうげいしていた	4
そうげいしていました	4
そうげいしてる	4
そうげいしてます	4
そうきんする	4
そうきんします	4
そうきんしません	4
そうきんしました	4
そうきんしませんでした	4
そうきんしましょう	4
そうきんしない	4
そうきんしなかった	4
そうきんした	4
そうきんして	4
そうきんしている	4
そうきんしています	4
そうきんしていた	4
そうきんしていました	4
そうきんしてる	4
そうきんしてます	4
そうでんする	4
そうでんします	4
そうでんしません	4
そうでんしました	4
そうでんしませんでした	4
そうでんしましょう	4
そうでんしない	4
そうでんしなかった	4
そうでんした	4
そうでんして	4
そうでんしている	4
そうでんしています	4
そうでんしていた	4
そうでんしていました	4
そうでんしてる	4
そうでんしてます	4
とうぼうする	4
とうぼうします	4
とうぼうしません	4
とうぼうしました	4
とうぼうしませんでした	4
とうぼうしましょう	4
とうぼうしない	4
とうぼうしなかった	4
とうぼうした	4
とうぼうして	4
とうぼうしている	4
とうぼうしています	4
とうぼうしていた	4
とうぼうしていました	4
とうぼうしてる	4
とうぼうしてます	4
とうそうする	4
とうそうします	4
とうそうしません	4
とうそうしました	4
とうそうしませんでした	4
とうそうしましょう	4
とうそうしない	4
とうそうしなかった	4
とうそうした	4
とうそうして	4
とうそうしている	4
とうそうしています	4
とうそうしていた	4
とうそうしていました	4
とうそうしてる	4
とうそうしてます	4
とうひする	3
とうひします	3
とうひしません	3
とうひしました	3
とうひしませんでした	3
とうひしましょう	3
とうひしない	3
とうひしなかった	3
とうひした	3
とうひして	3
とうひしている	3
とうひしています	3
とうひしていた	3
とうひしていました	3
とうひしてる	3
とうひしてます	3
さかだちする	4
さかだちします	4
さかだちしません	4
さかだちしました	4
さかだちしませんでした	4
さかだちしましょう	4
さかだちしない	0
さかだちしなかった	9
さかだちした	4
さかだちして	4
さかだちしている	4
さかだちしています	4
さかだちしていた	4
さかだちしていました	4
さかだちしてる	4
さかだちしてます	4
ぎゃくしゅうする	4
ぎゃくしゅうします	4
ぎゃくしゅうしません	4
ぎゃくしゅうしました	4
ぎゃくしゅうしませんでした	4
ぎゃくしゅうしましょう	4
ぎゃくしゅうしない	4
ぎゃくしゅうしなかった	4
ぎゃくしゅうした	4
ぎゃくしゅうして	4
ぎゃくしゅうしている	4
ぎゃくしゅうしています	4
ぎゃくしゅうしていた	4
ぎゃくしゅうしていました	4
ぎゃくしゅうしてる	4
ぎゃくしゅうしてます	4
ぎゃくてんする	4
ぎゃくてんします	4
ぎゃくてんしません	4
ぎゃくてんしました	4
ぎゃくてんしませんでした	4
ぎゃくてんしましょう	4
ぎゃくてんしない	4
ぎゃくてんしなかった	4
ぎゃくてんした	4
ぎゃくてんして	4
ぎゃくてんしている	4
ぎゃくてんしています	4
ぎゃくてんしていた	4
ぎゃくてんしていました	4
ぎゃくてんしてる	4
ぎゃくてんしてます	4
ぎゃくてんがちする	6
ぎゃくてんがちします	6
ぎゃくてんがちしません	6
ぎゃくてんがちしました	6
ぎゃくてんがちしませんでした	6
ぎゃくてんがちしましょう	6
ぎゃくてんがちしない	6
ぎゃくてんがちしなかった	6
ぎゃくてんがちした	6
ぎゃくてんがちして	6
ぎゃくてんがちしている	6
ぎゃくてんがちしています	6
ぎゃくてんがちしていた	6
ぎゃくてんがちしていました	6
ぎゃくてんがちしてる	6
ぎゃくてんがちしてます	6
ぎゃくゆにゅうする	3
ぎゃくゆにゅうします	3
ぎゃくゆにゅうしません	3
ぎゃくゆにゅうしました	3
ぎゃくゆにゅうしませんでした	3
ぎゃくゆにゅうしましょう	3
ぎゃくゆにゅうしない	3
ぎゃくゆにゅうしなかった	3
ぎゃくゆにゅうした	3
ぎゃくゆにゅうして	3
ぎゃくゆにゅうしている	3
ぎゃくゆにゅうしています	3
ぎゃくゆにゅうしていた	3
ぎゃくゆにゅうしていました	3
ぎゃくゆにゅうしてる	3
ぎゃくゆにゅうしてます	3
つうしんする	4
つうしんします	4
つうしんしません	4
つうしんしました	4
つうしんしませんでした	4
つうしんしましょう	4
つうしんしない	4
つうしんしなかった	4
つうしんした	4
つうしんして	4
つうしんしている	4
つうしんしています	4
つうしんしていた	4
つうしんしていました	4
つうしんしてる	4
つうしんしてます	4
つうきんする	4
つうきんします	4
つうきんしません	4
つうきんしました	4
つうきんしませんでした	4
つうきんしましょう	4
つうきんしない	4
つうきんしなかった	4
つうきんした	4
つうきんして	4
つうきんしている	4
つうきんしています	4
つうきんしていた	4
つうきんしていました	4
つうきんしてる	4
つうきんしてます	4
つうこくする	4
つうこくします	4
つうこくしません	4
つうこくしました	4
つうこくしませんでした	4
つうこくしましょう	4
つうこくしない	4
つうこくしなかった	4
つうこくした	4
つうこくして	4
つうこくしている	4
つうこくしています	4
つうこくしていた	4
つうこくしていました	4
つうこくしてる	4
つうこくしてます	4
つうしょうする	4
つうしょうします	4
つうしょうしません	4
つうしょうしました	4
つうしょうしませんでした	4
つうしょうしましょう	4
つうしょうしない	4
つうしょうしなかった	4
つうしょうした	4
つうしょうして	4
つうしょうしている	4
つうしょうしています	4
つうしょうしていた	4
つうしょうしていました	4
つうしょうしてる	4
つうしょうしてます	4
つうほうする	4
つうほうします	4
つうほうしません	4
つうほうしました	4
つうほうしませんでした	4
つうほうしましょう	4
つうほうしない	4
つうほうしなかった	4
つうほうした	4
つうほうして	4
つうほうしている	4
つうほうしています	4
つうほうしていた	4
つうほうしていました	4
つうほうしてる	4
つうほうしてます	4
つうがくする	4
つうがくします	4
つうがくしません	4
つうがくしました	4
つうがくしませんでした	4
つうがくしましょう	4
つうがくしない	4
つうがくしなかった	4
つうがくした	4
つうがくして	4
つうがくしている	4
つうがくしています	4
つうがくしていた	4
つうがくしていました	4
つうがくしてる	4
つうがくしてます	4
つうようする	4
つうようします	4
つうようしません	4
つうようしました	4
つうようしませんでした	4
つうようしましょう	4
つうようしない	4
つうようしなかった	4
つうようした	4
つうようして	4
つうようしている	4
つうようしています	4
つうようしていた	4
つうようしていました	4
つうようしてる	4
つうようしてます	4
つうちする	3
つうちします	3
つうちしません	3
つうちしました	3
つうちしませんでした	3
つうちしましょう	3
つうちしない	3
つうちしなかった	3
つうちした	3
つうちして	3
つうちしている	3
つうちしています	3
つうちしていた	3
つうちしていました	3
つうちしてる	3
つうちしてます	3
つうさんする	4
つうさんします	4
つうさんしません	4
つうさんしました	4
つうさんしませんでした	4
つうさんしましょう	4
つうさんしない	4
つうさんしなかった	4
つうさんした	4
つうさんして	4
つうさんしている	4
つうさんしています	4
つうさんしていた	4
つうさんしていました	4
つうさんしてる	4
つうさんしてます	4
つうこうする	4
つうこうします	4
つうこうしません	4
つうこうしました	4
つうこうしませんでした	4
つうこうしましょう	4
つうこうしない	4
つうこうしなかった	4
つうこうした	4
つうこうして	4
つうこうしている	4
つうこうしています	4
つうこうしていた	4
つうこうしていました	4
つうこうしてる	4
つうこうしてます	4
つうやくする	1
つうやくします	1
つうやくしません	1
つうやくしました	1
つうやくしませんでした	1
つうやくしましょう	1
つうやくしない	1
つうやくしなかった	1
つうやくした	1
つうやくして	1
つうやくしている	1
つうやくしています	1
つうやくしていた	1
つうやくしていました	1
つうやくしてる	1
つうやくしてます	1
つうわする	3
つうわします	3
つうわしません	3
つうわしました	3
つうわしませんでした	3
つうわしましょう	3
つうわしない	3
つうわしなかった	3
つうわした	3
つうわして	3
つうわしている	3
つうわしています	3
つうわしていた	3
つうわしていました	3
つうわしてる	3
つうわしてます	3
つうはんする	1
つうはんします	1
つうはんしません	1
つうはんしました	1
つうはんしませんでした	1
つうはんしましょう	1
つうはんしない	1
つうはんしなかった	1
つうはんした	1
つうはんして	1
つうはんしている	1
つうはんしています	1
つうはんしていた	1
つうはんしていました	1
つうはんしてる	1
つうはんしてます	1
つうかする	3
つうかします	3
つうかしません	3
つうかしました	3
つうかしませんでした	3
つうかしましょう	3
つうかしない	3
つうかしなかった	3
つうかした	3
つうかして	3
つうかしている	3
つうかしています	3
つうかしていた	3
つうかしていました	3
つうかしてる	3
つうかしてます	3
つうたつする	4
つうたつします	4
つうたつしません	4
つうたつしました	4
つうたつしませんでした	4
つうたつしましょう	4
つうたつしない	4
つうたつしなかった	4
つうたつした	4
つうたつして	4
つうたつしている	4
つうたつしています	4
つうたつしていた	4
つうたつしていました	4
つうたつしてる	4
つうたつしてます	4
つういんする	4
つういんします	4
つういんしません	4
つういんしました	4
つういんしませんでした	4
つういんしましょう	4
つういんしない	4
つういんしなかった	4
つういんした	4
つういんして	4
つういんしている	4
つういんしています	4
つういんしていた	4
つういんしていました	4
つういんしてる	4
つういんしてます	4
そくほうする	4
そくほうします	4
そくほうしません	4
そくほうしました	4
そくほうしませんでした	4
そくほうしましょう	4
そくほうしない	4
そくほうしなかった	4
そくほうした	4
そくほうして	4
そくほうしている	4
そくほうしています	4
そくほうしていた	4
そくほうしていました	4
そくほうしてる	4
そくほうしてます	4
そっこうする	4
そっこうします	4
そっこうしません	4
そっこうしました	4
そっこうしませんでした	4
そっこうしましょう	4
そっこうしない	4
そっこうしなかった	4
そっこうした	4
そっこうして	4
そっこうしている	4
そっこうしています	4
そっこうしていた	4
そっこうしていました	4
そっこうしてる	4
そっこうしてます	4
そくたつする	4
そくたつします	4
そくたつしません	4
そくたつしました	4
そくたつしませんでした	4
そくたつしましょう	4
そくたつしない	4
そくたつしなかった	4
そくたつした	4
そくたつして	4
そくたつしている	4
そくたつしています	4
そくたつしていた	4
そくたつしていました	4
そくたつしてる	4
そくたつしてます	4
ぞうはんする	4
ぞうはんします	4
ぞうはんしません	4
ぞうはんしました	4
ぞうはんしませんでした	4
ぞうはんしましょう	4
ぞうはんしない	4
ぞうはんしなかった	4
ぞうはんした	4
ぞうはんして	4
ぞうはんしている	4
ぞうはんしています	4
ぞうはんしていた	4
ぞうはんしていました	4
ぞうはんしてる	4
ぞうはんしてます	4
ぞうけいする	4
ぞうけいします	4
ぞうけいしません	4
ぞうけいしました	4
ぞうけいしませんでした	4
ぞうけいしましょう	4
ぞうけいしない	4
ぞうけいしなかった	4
ぞうけいした	4
ぞうけいして	4
ぞうけいしている	4
ぞうけいしています	4
ぞうけいしていた	4
ぞうけいしていました	4
ぞうけいしてる	4
ぞうけいしてます	4
ぞうせいする	4
ぞうせいします	4
ぞうせいしません	4
ぞうせいしました	4
ぞうせいしませんでした	4
ぞうせいしましょう	4
ぞうせいしない	4
ぞうせいしなかった	4
ぞうせいした	4
ぞうせいして	4
ぞうせいしている	4
ぞうせいしています	4
ぞうせいしていた	4
ぞうせいしていました	4
ぞうせいしてる	4
ぞうせいしてます	4
ぞうせんする	4
ぞうせんします	4
ぞうせんしません	4
ぞうせんしました	4
ぞうせんしませんでした	4
ぞうせんしましょう	4
ぞうせんしない	4
ぞうせんしなかった	4
ぞうせんした	4
ぞうせんして	4
ぞうせんしている	4
ぞうせんしています	4
ぞうせんしていた	4
ぞうせんしていました	4
ぞうせんしてる	4
ぞうせんしてます	4
ぞうごする	3
ぞうごします	3
ぞうごしません	3
ぞうごしました	3
ぞうごしませんでした	3
ぞうごしましょう	3
ぞうごしない	3
ぞうごしなかった	3
ぞうごした	3
ぞうごして	3
ぞうごしている	3
ぞうごしています	3
ぞうごしていた	3
ぞうごしていました	3
ぞうごしてる	3
ぞうごしてます	3
れんさくする	4
れんさくします	4
れんさくしません	4
れんさくしました	4
れんさくしませんでした	4
れんさくしましょう	4
れんさくしない	4
れんさくしなかった	4
れんさくした	4
れんさくして	4
れんさくしている	4
れんさくしています	4
れんさくしていた	4
れんさくしていました	4
れんさくしてる	4
れんさくしてます	4
れんどうする	4
れんどうします	4
れんどうしません	4
れんどうしました	4
れんどうしませんでした	4
れんどうしましょう	4
れんどうしない	4
れんどうしなかった	4
れんどうした	4
れんどうして	4
れんどうしている	4
れんどうしています	4
れんどうしていた	4
れんどうしていました	4
れんどうしてる	4
れんどうしてます	4
れんしょうする	4
れんしょうします	4
れんしょうしません	4
れんしょうしました	4
れんしょうしませんでした	4
れんしょうしましょう	4
れんしょうしない	4
れんしょうしなかった	4
れんしょうした	4
れんしょうして	4
れんしょうしている	4
れんしょうしています	4
れんしょうしていた	4
れんしょうしていました	4
れんしょうしてる	4
れんしょうしてます	4
れんごうする	4
れんごうします	4
れんごうしません	4
れんごうしました	4
れんごうしませんでした	4
れんごうしましょう	4
れんごうしない	4
れんごうしなかった	4
れんごうした	4
れんごうして	4
れんごうしている	4
れんごうしています	4
れんごうしていた	4
れんごうしていました	4
れんごうしてる	4
れんごうしてます	4
れんたいする	4
れんたいします	4
れんたいしません	4
れんたいしました	4
れんたいしませんでした	4
れんたいしましょう	4
れんたいしない	4
れんたいしなかった	4
れんたいした	4
れんたいして	4
れんたいしている	4
れんたいしています	4
れんたいしていた	4
れんたいしていました	4
れんたいしてる	4
れんたいしてます	4
れんざする	3
れんざします	3
れんざしません	3
れんざしました	3
れんざしませんでした	3
れんざしましょう	3
れんざしない	3
れんざしなかった	3
れんざした	3
れんざして	3
れんざしている	3
れんざしています	3
れんざしていた	3
れんざしていました	3
れんざしてる	3
れんざしてます	3
れんそうする	4
れんそうします	4
れんそうしません	4
れんそうしました	4
れんそうしませんでした	4
れんそうしましょう	4
れんそうしない	4
れんそうしなかった	4
れんそうした	4
れんそうして	4
れんそうしている	4
れんそうしています	4
れんそうしていた	4
れんそうしていました	4
れんそうしてる	4
れんそうしてます	4
れんせんする	4
れんせんします	4
れんせんしません	4
れんせんしました	4
れんせんしませんでした	4
れんせんしましょう	4
れんせんしない	4
れんせんしなかった	4
れんせんした	4
れんせんして	4
れんせんしている	4
れんせんしています	4
れんせんしていた	4
れんせんしていました	4
れんせんしてる	4
れんせんしてます	4
れんだする	1
れんだします	1
れんだしません	1
れんだしました	1
れんだしませんでした	1
れんだしましょう	1
れんだしない	1
れんだしなかった	1
れんだした	1
れんだして	1
れんだしている	1
れんだしています	1
れんだしていた	1
れんだしていました	1
れんだしてる	1
れんだしてます	1
れんとうする	4
れんとうします	4
れんとうしません	4
れんとうしました	4
れんとうしませんでした	4
れんとうしましょう	4
れんとうしない	4
れんとうしなかった	4
れんとうした	4
れんとうして	4
れんとうしている	4
れんとうしています	4
れんとうしていた	4
れんとうしていました	4
れんとうしてる	4
れんとうしてます	4
れんけいする	4
れんけいします	4
れんけいしません	4
れんけいしました	4
れんけいしませんでした	4
れんけいしましょう	4
れんけいしない	4
れんけいしなかった	4
れんけいした	4
れんけいして	4
れんけいしている	4
れんけいしています	4
れんけいしていた	4
れんけいしていました	4
れんけいしてる	4
れんけいしてます	4
れんぱいする	4
れんぱいします	4
れんぱいしません	4
れんぱいしました	4
れんぱいしませんでした	4
れんぱいしましょう	4
れんぱいしない	4
れんぱいしなかった	4
れんぱいした	4
れんぱいして	4
れんぱいしている	4
れんぱいしています	4
れんぱいしていた	4
れんぱいしていました	4
れんぱいしてる	4
れんぱいしてます	4
れんようする	4
れんようします	4
れんようしません	4
れんようしました	4
れんようしませんでした	4
れんようしましょう	4
れんようしない	4
れんようしなかった	4
れんようした	4
れんようして	4
れんようしている	4
れんようしています	4
れんようしていた	4
れんようしていました	4
れんようしてる	4
れんようしてます	4
れんぱつする	4
れんぱつします	4
れんぱつしません	4
れんぱつしました	4
れんぱつしませんでした	4
れんぱつしましょう	4
れんぱつしない	4
れんぱつしなかった	4
れんぱつした	4
れんぱつして	4
れんぱつしている	4
れんぱつしています	4
れんぱつしていた	4
れんぱつしていました	4
れんぱつしてる	4
れんぱつしてます	4
れんりつする	4
れんりつします	4
れんりつしません	4
れんりつしました	4
れんりつしませんでした	4
れんりつしましょう	4
れんりつしない	4
れんりつしなかった	4
れんりつした	4
れんりつして	4
れんりつしている	4
れんりつしています	4
れんりつしていた	4
れんりつしていました	4
れんりつしてる	4
れんりつしてます	4
れんけつする	4
れんけつします	4
れんけつしません	4
れんけつしました	4
れんけつしませんでした	4
れんけつしましょう	4
れんけつしない	4
れんけつしなかった	4
れんけつした	4
れんけつして	4
れんけつしている	4
れんけつしています	4
れんけつしていた	4
れんけつしていました	4
れんけつしてる	4
れんけつしてます	4
れんらくする	4
れんらくします	4
れんらくしません	4
れんらくしました	4
れんらくしませんでした	4
れんらくしましょう	4
れんらくしない	4
れんらくしなかった	4
れんらくした	4
れんらくして	4
れんらくしている	4
れんらくしています	4
れんらくしていた	4
れんらくしていました	4
れんらくしてる	4
れんらくしてます	4
れんぞくする	4
れんぞくします	4
れんぞくしません	4
れんぞくしました	4
れんぞくしませんでした	4
れんぞくしましょう	4
れんぞくしない	4
れんぞくしなかった	4
れんぞくした	4
れんぞくして	4
れんぞくしている	4
れんぞくしています	4
れんぞくしていた	4
れんぞくしていました	4
れんぞくしてる	4
れんぞくしてます	4
れんこうする	4
れんこうします	4
れんこうしません	4
れんこうしました	4
れんこうしませんでした	4
れんこうしましょう	4
れんこうしない	4
れんこうしなかった	4
れんこうした	4
れんこうして	4
れんこうしている	4
れんこうしています	4
れんこうしていた	4
れんこうしていました	4
れんこうしてる	4
れんこうしてます	4
れんぱする	1
れんぱします	1
れんぱしません	1
れんぱしました	1
れんぱしませんでした	1
れんぱしましょう	1
れんぱしない	1
れんぱしなかった	1
れんぱした	1
れんぱして	1
れんぱしている	1
れんぱしています	1
れんぱしていた	1
れんぱしていました	1
れんぱしてる	1
れんぱしてます	1
れんさいする	4
れんさいします	4
れんさいしません	4
れんさいしました	4
れんさいしませんでした	4
れんさいしましょう	4
れんさいしない	4
れんさいしなかった	4
れんさいした	4
れんさいして	4
れんさいしている	4
れんさいしています	4
れんさいしていた	4
れんさいしていました	4
れんさいしてる	4
れんさいしてます	4
れんさする	1
れんさします	1
れんさしません	1
れんさしました	1
れんさしませんでした	1
れんさしましょう	1
れんさしない	1
れんさしなかった	1
れんさした	1
れんさして	1
れんさしている	1
れんさしています	1
れんさしていた	1
れんさしていました	1
れんさしてる	1
れんさしてます	1
れんかんする	4
れんかんします	4
れんかんしません	4
れんかんしました	4
れんかんしませんでした	4
れんかんしましょう	4
れんかんしない	4
れんかんしなかった	4
れんかんした	4
れんかんして	4
れんかんしている	4
れんかんしています	4
れんかんしていた	4
れんかんしていました	4
れんかんしてる	4
れんかんしてます	4
たいほする	1
たいほします	1
たいほしません	1
たいほしました	1
たいほしませんでした	1
たいほしましょう	1
たいほしない	1
たいほしなかった	1
たいほした	1
たいほして	1
たいほしている	1
たいほしています	1
たいほしていた	1
たいほしていました	1
たいほしてる	1
たいほしてます	1
しんしゅつする	4
しんしゅつします	4
しんしゅつしません	4
しんしゅつしました	4
しんしゅつしませんでした	4
しんしゅつしましょう	4
しんしゅつしない	4
しんしゅつしなかった	4
しんしゅつした	4
しんしゅつして	4
しんしゅつしている	4
しんしゅつしています	4
しんしゅつしていた	4
しんしゅつしていました	4
しんしゅつしてる	4
しんしゅつしてます	4
しんかする	1
しんかします	1
しんかしません	1
しんかしました	1
しんかしませんでした	1
しんかしましょう	1
しんかしない	1
しんかしなかった	1
しんかした	1
しんかして	1
しんかしている	1
しんかしています	1
しんかしていた	1
しんかしていました	1
しんかしてる	1
しんかしてます	1
しんがくする	4
しんがくします	4
しんがくしません	4
しんがくしました	4
しんがくしませんでした	4
しんがくしましょう	4
しんがくしない	4
しんがくしなかった	4
しんがくした	4
しんがくして	4
しんがくしている	4
しんがくしています	4
しんがくしていた	4
しんがくしていました	4
しんがくしてる	4
しんがくしてます	4
しんてんする	4
しんてんします	4
しんてんしません	4
しんてんしました	4
しんてんしませんでした	4
しんてんしましょう	4
しんてんしない	4
しんてんしなかった	4
しんてんした	4
しんてんして	4
しんてんしている	4
しんてんしています	4
しんてんしていた	4
しんてんしていました	4
しんてんしてる	4
しんてんしてます	4
しんちょくする	4
しんちょくします	4
しんちょくしません	4
しんちょくしました	4
しんちょくしませんでした	4
しんちょくしましょう	4
しんちょくしない	4
しんちょくしなかった	4
しんちょくした	4
しんちょくして	4
しんちょくしている	4
しんちょくしています	4
しんちょくしていた	4
しんちょくしていました	4
しんちょくしてる	4
しんちょくしてます	4
しんげきする	4
しんげきします	4
しんげきしません	4
しんげきしました	4
しんげきしませんでした	4
しんげきしましょう	4
しんげきしない	4
しんげきしなかった	4
しんげきした	4
しんげきして	4
しんげきしている	4
しんげきしています	4
しんげきしていた	4
しんげきしていました	4
しんげきしてる	4
しんげきしてます	4
しんぽする	1
しんぽします	1
しんぽしません	1
しんぽしました	1
しんぽしませんでした	1
しんぽしましょう	1
しんぽしない	1
しんぽしなかった	1
しんぽした	1
しんぽして	1
しんぽしている	1
しんぽしています	1
しんぽしていた	1
しんぽしていました	1
しんぽしてる	1
しんぽしてます	1
しんたいする	1
しんたいします	1
しんたいしません	1
しんたいしました	1
しんたいしませんでした	1
しんたいしましょう	1
しんたいしない	1
しんたいしなかった	1
しんたいした	1
しんたいして	1
しんたいしている	1
しんたいしています	1
しんたいしていた	1
しんたいしていました	1
しんたいしてる	1
しんたいしてます	1
いつだつする	4
いつだつします	4
いつだつしません	4
いつだつしました	4
いつだつしませんでした	4
いつだつしましょう	4
いつだつしない	4
いつだつしなかった	4
いつだつした	4
いつだつして	4
いつだつしている	4
いつだつしています	4
いつだつしていた	4
いつだつしていました	4
いつだつしてる	4
いつだつしてます	4
ちこくする	3
ちこくします	3
ちこくしません	3
ちこくしました	3
ちこくしませんでした	3
ちこくしましょう	3
ちこくしない	3
ちこくしなかった	3
ちこくした	3
ちこくして	3
ちこくしている	3
ちこくしています	3
ちこくしていた	3
ちこくしていました	3
ちこくしてる	3
ちこくしてます	3
ちえんする	3
ちえんします	3
ちえんしません	3
ちえんしました	3
ちえんしませんでした	3
ちえんしましょう	3
ちえんしない	3
ちえんしなかった	3
ちえんした	3
ちえんして	3
ちえんしている	3
ちえんしています	3
ちえんしていた	3
ちえんしていました	3
ちえんしてる	3
ちえんしてます	3
ゆうげきする	4
ゆうげきします	4
ゆうげきしません	4
ゆうげきしました	4
ゆうげきしませんでした	4
ゆうげきしましょう	4
ゆうげきしない	4
ゆうげきしなかった	4
ゆうげきした	4
ゆうげきして	4
ゆうげきしている	4
ゆうげきしています	4
ゆうげきしていた	4
ゆうげきしていました	4
ゆうげきしてる	4
ゆうげきしてます	4
ゆうほする	1
ゆうほします	1
ゆうほしません	1
ゆうほしました	1
ゆうほしませんでした	1
ゆうほしましょう	1
ゆうほしない	1
ゆうほしなかった	1
ゆうほした	1
ゆうほして	1
ゆうほしている	1
ゆうほしています	1
ゆうほしていた	1
ゆうほしていました	1
ゆうほしてる	1
ゆうほしてます	1
ゆうぼくする	4
ゆうぼくします	4
ゆうぼくしません	4
ゆうぼくしました	4
ゆうぼくしませんでした	4
ゆうぼくしましょう	4
ゆうぼくしない	4
ゆうぼくしなかった	4
ゆうぼくした	4
ゆうぼくして	4
ゆうぼくしている	4
ゆうぼくしています	4
ゆうぼくしていた	4
ゆうぼくしていました	4
ゆうぼくしてる	4
ゆうぼくしてます	4
ゆうらんする	4
ゆうらんします	4
ゆうらんしません	4
ゆうらんしました	4
ゆうらんしませんでした	4
ゆうらんしましょう	4
ゆうらんしない	4
ゆうらんしなかった	4
ゆうらんした	4
ゆうらんして	4
ゆうらんしている	4
ゆうらんしています	4
ゆうらんしていた	4
ゆうらんしていました	4
ゆうらんしてる	4
ゆうらんしてます	4
ゆうぜいする	4
ゆうぜいします	4
ゆうぜいしません	4
ゆうぜいしました	4
ゆうぜいしませんでした	4
ゆうぜいしましょう	4
ゆうぜいしない	4
ゆうぜいしなかった	4
ゆうぜいした	4
ゆうぜいして	4
ゆうぜいしている	4
ゆうぜいしています	4
ゆうぜいしていた	4
ゆうぜいしていました	4
ゆうぜいしてる	4
ゆうぜいしてます	4
うんきゅうする	4
うんきゅうします	4
うんきゅうしません	4
うんきゅうしました	4
うんきゅうしませんでした	4
うんきゅうしましょう	4
うんきゅうしない	4
うんきゅうしなかった	4
うんきゅうした	4
うんきゅうして	4
うんきゅうしている	4
うんきゅうしています	4
うんきゅうしていた	4
うんきゅうしていました	4
うんきゅうしてる	4
うんきゅうしてます	4
うんどうする	4
うんどうします	4
うんどうしません	4
うんどうしました	4
うんどうしませんでした	4
うんどうしましょう	4
うんどうしない	4
うんどうしなかった	4
うんどうした	4
うんどうして	4
うんどうしている	4
うんどうしています	4
うんどうしていた	4
うんどうしていました	4
うんどうしてる	4
うんどうしてます	4
うんえいする	4
うんえいします	4
うんえいしません	4
うんえいしました	4
うんえいしませんでした	4
うんえいしましょう	4
うんえいしない	4
うんえいしなかった	4
うんえいした	4
うんえいして	4
うんえいしている	4
うんえいしています	4
うんえいしていた	4
うんえいしていました	4
うんえいしてる	4
うんえいしてます	4
うんぱんする	4
うんぱんします	4
うんぱんしません	4
うんぱんしました	4
うんぱんしませんでした	4
うんぱんしましょう	4
うんぱんしない	4
うんぱんしなかった	4
うんぱんした	4
うんぱんして	4
うんぱんしている	4
うんぱんしています	4
うんぱんしていた	4
うんぱんしていました	4
うんぱんしてる	4
うんぱんしてます	4
うんようする	4
うんようします	4
うんようしません	4
うんようしました	4
うんようしませんでした	4
うんようしましょう	4
うんようしない	4
うんようしなかった	4
うんようした	4
うんようして	4
うんようしている	4
うんようしています	4
うんようしていた	4
うんようしていました	4
うんようしてる	4
うんようしてます	4
うんこうする	4
うんこうします	4
うんこうしません	4
うんこうしました	4
うんこうしませんでした	4
うんこうしましょう	4
うんこうしない	4
うんこうしなかった	4
うんこうした	4
うんこうして	4
うんこうしている	4
うんこうしています	4
うんこうしていた	4
うんこうしていました	4
うんこうしてる	4
うんこうしてます	4
うんてんする	4
うんてんします	4
うんてんしません	4
うんてんしました	4
うんてんしませんでした	4
うんてんしましょう	4
うんてんしない	4
うんてんしなかった	4
うんてんした	4
うんてんして	4
うんてんしている	4
うんてんしています	4
うんてんしていた	4
うんてんしていました	4
うんてんしてる	4
うんてんしてます	4
うんそうする	4
うんそうします	4
うんそうしません	4
うんそうしました	4
うんそうしませんでした	4
うんそうしましょう	4
うんそうしない	4
うんそうしなかった	4
うんそうした	4
うんそうして	4
うんそうしている	4
うんそうしています	4
うんそうしていた	4
うんそうしていました	4
うんそうしてる	4
うんそうしてます	4
かしょうひょうかする	4
かしょうひょうかします	4
かしょうひょうかしません	4
かしょうひょうかしました	4
かしょうひょうかしませんでした	4
かしょうひょうかしましょう	4
かしょうひょうかしない	4
かしょうひょうかしなかった	4
かしょうひょうかした	4
かしょうひょうかして	4
かしょうひょうかしている	4
かしょうひょうかしています	4
かしょうひょうかしていた	4
かしょうひょうかしていました	4
かしょうひょうかしてる	4
かしょうひょうかしてます	4
みちくさする	4
みちくさします	4
みちくさしません	4
みちくさしました	4
みちくさしませんでした	4
みちくさしましょう	4
みちくさしない	4
みちくさしなかった	4
みちくさした	4
みちくさして	4
みちくさしている	4
みちくさしています	4
みちくさしていた	4
みちくさしていました	4
みちくさしてる	4
みちくさしてます	4
たっするする	0
たっするします	6
たっするしません	7
たっするしました	6
たっするしませんでした	7
たっするしましょう	7
たっするしない	0
たっするしなかった	9
たっするした	6
たっするして	0
たっするしている	6
たっするしています	6
たっするしていた	6
たっするしていました	6
たっするしてる	5
たっするしてます	7
たっせいする	4
たっせいします	4
たっせいしません	4
たっせいしました	4
たっせいしませんでした	4
たっせいしましょう	4
たっせいしない	4
たっせいしなかった	4
たっせいした	4
たっせいして	4
たっせいしている	4
たっせいしています	4
たっせいしていた	4
たっせいしていました	4
たっせいしてる	4
たっせいしてます	4
いはんする	3
いはんします	3
いはんしません	3
いはんしました	3
いはんしませんでした	3
いはんしましょう	3
いはんしない	3
いはんしなかった	3
いはんした	3
いはんして	3
いはんしている	3
いはんしています	3
いはんしていた	3
いはんしていました	3
いはんしてる	3
いはんしてます	3
えんせいする	4
えんせいします	4
えんせいしません	4
えんせいしました	4
えんせいしませんでした	4
えんせいしましょう	4
えんせいしない	4
えんせいしなかった	4
えんせいした	4
えんせいして	4
えんせいしている	4
えんせいしています	4
えんせいしていた	4
えんせいしていました	4
えんせいしてる	4
えんせいしてます	4
えんりょする	3
えんりょします	3
えんりょしません	3
えんりょしました	3
えんりょしませんでした	3
えんりょしましょう	3
えんりょしない	3
えんりょしなかった	3
えんりょした	3
えんりょして	3
えんりょしている	3
えんりょしています	3
えんりょしていた	3
えんりょしていました	3
えんりょしてる	3
えんりょしてます	3
えんそくする	4
えんそくします	4
えんそくしません	4
えんそくしました	4
えんそくしませんでした	4
えんそくしましょう	4
えんそくしない	4
えんそくしなかった	4
えんそくした	4
えんそくして	4
えんそくしている	4
えんそくしています	4
えんそくしていた	4
えんそくしていました	4
えんそくしてる	4
えんそくしてます	4
てきするする	3
てきするします	6
てきするしません	7
てきするしました	6
てきするしませんでした	7
てきするしましょう	7
てきするしない	5
てきするしなかった	5
てきするした	3
てきするして	3
てきするしている	3
てきするしています	3
てきするしていた	3
てきするしていました	3
てきするしてる	2
てきするしてます	3
てきごうする	4
てきごうします	4
てきごうしません	4
てきごうしました	4
てきごうしませんでした	4
てきごうしましょう	4
てきごうしない	4
てきごうしなかった	4
てきごうした	4
てきごうして	4
てきごうしている	4
てきごうしています	4
てきごうしていた	4
てきごうしていました	4
てきごうしてる	4
てきごうしてます	4
てきおうする	4
てきおうします	4
てきおうしません	4
てきおうしました	4
てきおうしませんでした	4
てきおうしましょう	4
てきおうしない	4
てきおうしなかった	4
てきおうした	4
てきおうして	4
てきおうしている	4
てきおうしています	4
てきおうしていた	4
てきおうしていました	4
てきおうしてる	4
てきおうしてます	4
てきようする	4
てきようします	4
てきようしません	4
てきようしました	4
てきようしませんでした	4
てきようしましょう	4
てきようしない	4
てきようしなかった	4
てきようした	4
てきようして	4
てきようしている	4
てきようしています	4
てきようしていた	4
てきようしていました	4
てきようしてる	4
てきようしてます	4
そうなんする	4
そうなんします	4
そうなんしません	4
そうなんしました	4
そうなんしませんでした	4
そうなんしましょう	4
そうなんしない	4
そうなんしなかった	4
そうなんした	4
そうなんして	4
そうなんしている	4
そうなんしています	4
そうなんしていた	4
そうなんしていました	4
そうなんしてる	4
そうなんしてます	4
じゅんしゅする	1
じゅんしゅします	1
じゅんしゅしません	1
じゅんしゅしました	1
じゅんしゅしませんでした	1
じゅんしゅしましょう	1
じゅんしゅしない	1
じゅんしゅしなかった	1
じゅんしゅした	1
じゅんしゅして	1
じゅんしゅしている	1
じゅんしゅしています	1
じゅんしゅしていた	1
じゅんしゅしていました	1
じゅんしゅしてる	1
じゅんしゅしてます	1
せんとする	1
せんとします	1
せんとしません	1
せんとしました	1
せんとしませんでした	1
せんとしましょう	1
せんとしない	1
せんとしなかった	1
せんとした	1
せんとして	1
せんとしている	1
せんとしています	1
せんとしていた	1
せんとしていました	1
せんとしてる	1
せんとしてます	1
せんしゅつする	4
せんしゅつします	4
せんしゅつしません	4
せんしゅつしました	4
せんしゅつしませんでした	4
せんしゅつしましょう	4
せんしゅつしない	4
せんしゅつしなかった	4
せんしゅつした	4
せんしゅつして	4
せんしゅつしている	4
せんしゅつしています	4
せんしゅつしていた	4
せんしゅつしていました	4
せんしゅつしてる	4
せんしゅつしてます	4
せんべつする	4
せんべつします	4
せんべつしません	4
せんべつしました	4
せんべつしませんでした	4
せんべつしましょう	4
せんべつしない	4
せんべつしなかった	4
せんべつした	4
せんべつして	4
せんべつしている	4
せんべつしています	4
せんべつしていた	4
せんべつしていました	4
せんべつしてる	4
せんべつしてます	4
せんていする	4
せんていします	4
せんていしません	4
せんていしました	4
せんていしませんでした	4
せんていしましょう	4
せんていしない	4
せんていしなかった	4
せんていした	4
せんていして	4
せんていしている	4
せんていしています	4
せんていしていた	4
せんていしていました	4
せんていしてる	4
せんていしてます	4
せんばつする	4
せんばつします	4
せんばつしません	4
せんばつしました	4
せんばつしませんでした	4
せんばつしましょう	4
せんばつしない	4
せんばつしなかった	4
せんばつした	4
せんばつして	4
せんばつしている	4
せんばつしています	4
せんばつしていた	4
せんばつしていました	4
せんばつしてる	4
せんばつしてます	4
せんきょうんどうする	4
せんきょうんどうします	4
せんきょうんどうしません	4
せんきょうんどうしました	4
せんきょうんどうしませんでした	4
せんきょうんどうしましょう	4
せんきょうんどうしない	4
せんきょうんどうしなかった	4
せんきょうんどうした	4
せんきょうんどうして	4
せんきょうんどうしている	4
せんきょうんどうしています	4
せんきょうんどうしていた	4
せんきょうんどうしていました	4
せんきょうんどうしてる	4
せんきょうんどうしてます	4
いでんする	3
いでんします	3
いでんしません	3
いでんしました	3
いでんしませんでした	3
いでんしましょう	3
いでんしない	3
いでんしなかった	3
いでんした	3
いでんして	3
いでんしている	3
いでんしています	3
いでんしていた	3
いでんしていました	3
いでんしてる	3
いでんしてます	3
いきする	1
いきします	1
いきしません	1
いきしました	1
いきしませんでした	1
いきしましょう	1
いきしない	1
いきしなかった	1
いきした	1
いきして	1
いきしている	1
いきしています	1
いきしていた	1
いきしていました	1
いきしてる	1
いきしてます	1
ゆいごんする	4
ゆいごんします	4
ゆいごんしません	4
ゆいごんしました	4
ゆいごんしませんでした	4
ゆいごんしましょう	4
ゆいごんしない	4
ゆいごんしなかった	4
ゆいごんした	4
ゆいごんして	4
ゆいごんしている	4
ゆいごんしています	4
ゆいごんしていた	4
ゆいごんしていました	4
ゆいごんしてる	4
ゆいごんしてます	4
ひしょする	1
ひしょします	1
ひしょしません	1
ひしょしました	1
ひしょしませんでした	1
ひしょしましょう	1
ひしょしない	1
ひしょしなかった	1
ひしょした	1
ひしょして	1
ひしょしている	1
ひしょしています	1
ひしょしていた	1
ひしょしていました	1
ひしょしてる	1
ひしょしてます	1
ひなんする	1
ひなんします	1
ひなんしません	1
ひなんしました	1
ひなんしませんでした	1
ひなんしましょう	1
ひなんしない	1
ひなんしなかった	1
ひなんした	1
ひなんして	1
ひなんしている	1
ひなんしています	1
ひなんしていた	1
ひなんしていました	1
ひなんしてる	1
ひなんしてます	1
かんぷする	1
かんぷします	1
かんぷしません	1
かんぷしました	1
かんぷしませんでした	1
かんぷしましょう	1
かんぷしない	1
かんぷしなかった	1
かんぷした	1
かんぷして	1
かんぷしている	1
かんぷしています	1
かんぷしていた	1
かんぷしていました	1
かんぷしてる	1
かんぷしてます	1
かんげんする	4
かんげんします	4
かんげんしません	4
かんげんしました	4
かんげんしませんでした	4
かんげんしましょう	4
かんげんしない	4
かんげんしなかった	4
かんげんした	4
かんげんして	4
かんげんしている	4
かんげんしています	4
かんげんしていた	4
かんげんしていました	4
かんげんしてる	4
かんげんしてます	4
かんりゅうする	4
かんりゅうします	4
かんりゅうしません	4
かんりゅうしました	4
かんりゅうしませんでした	4
かんりゅうしましょう	4
かんりゅうしない	4
かんりゅうしなかった	4
かんりゅうした	4
かんりゅうして	4
かんりゅうしている	4
かんりゅうしています	4
かんりゅうしていた	4
かんりゅうしていました	4
かんりゅうしてる	4
かんりゅうしてます	4
じゃまする	2
じゃまします	2
じゃましません	2
じゃましました	2
じゃましませんでした	2
じゃましましょう	2
じゃましない	2
じゃましなかった	2
じゃました	2
じゃまして	2
じゃましている	2
じゃましています	2
じゃましていた	2
じゃましていました	2
じゃましてる	2
じゃましてます	2
ゆうそうする	4
ゆうそうします	4
ゆうそうしません	4
ゆうそうしました	4
ゆうそうしませんでした	4
ゆうそうしましょう	4
ゆうそうしない	4
ゆうそうしなかった	4
ゆうそうした	4
ゆうそうして	4
ゆうそうしている	4
ゆうそうしています	4
ゆうそうしていた	4
ゆうそうしていました	4
ゆうそうしてる	4
ゆうそうしてます	4
つごうする	3
つごうします	3
つごうしません	3
つごうしました	3
つごうしませんでした	3
つごうしましょう	3
つごうしない	3
つごうしなかった	3
つごうした	3
つごうして	3
つごうしている	3
つごうしています	3
つごうしていた	3
つごうしていました	3
つごうしてる	3
つごうしてます	3
はいびする	1
はいびします	1
はいびしません	1
はいびしました	1
はいびしませんでした	1
はいびしましょう	1
はいびしない	1
はいびしなかった	1
はいびした	1
はいびして	1
はいびしている	1
はいびしています	1
はいびしていた	1
はいびしていました	1
はいびしてる	1
はいびしてます	1
はいぶんする	4
はいぶんします	4
はいぶんしません	4
はいぶんしました	4
はいぶんしませんでした	4
はいぶんしましょう	4
はいぶんしない	4
はいぶんしなかった	4
はいぶんした	4
はいぶんして	4
はいぶんしている	4
はいぶんしています	4
はいぶんしていた	4
はいぶんしていました	4
はいぶんしてる	4
はいぶんしてます	4
はいれつする	4
はいれつします	4
はいれつしません	4
はいれつしました	4
はいれつしませんでした	4
はいれつしましょう	4
はいれつしない	4
はいれつしなかった	4
はいれつした	4
はいれつして	4
はいれつしている	4
はいれつしています	4
はいれつしていた	4
はいれつしていました	4
はいれつしてる	4
はいれつしてます	4
はいごうする	4
はいごうします	4
はいごうしません	4
はいごうしました	4
はいごうしませんでした	4
はいごうしましょう	4
はいごうしない	4
はいごうしなかった	4
はいごうした	4
はいごうして	4
はいごうしている	4
はいごうしています	4
はいごうしていた	4
はいごうしていました	4
はいごうしてる	4
はいごうしてます	4
はいぞくする	4
はいぞくします	4
はいぞくしません	4
はいぞくしました	4
はいぞくしませんでした	4
はいぞくしましょう	4
はいぞくしない	4
はいぞくしなかった	4
はいぞくした	4
はいぞくして	4
はいぞくしている	4
はいぞくしています	4
はいぞくしていた	4
はいぞくしていました	4
はいぞくしてる	4
はいぞくしてます	4
はいふする	3
はいふします	3
はいふしません	3
はいふしました	3
はいふしませんでした	3
はいふしましょう	3
はいふしない	3
はいふしなかった	3
はいふした	3
はいふして	3
はいふしている	3
はいふしています	3
はいふしていた	3
はいふしていました	3
はいふしてる	3
はいふしてます	3
はいとうする	4
はいとうします	4
はいとうしません	4
はいとうしました	4
はいとうしませんでした	4
はいとうしましょう	4
はいとうしない	4
はいとうしなかった	4
はいとうした	4
はいとうして	4
はいとうしている	4
はいとうしています	4
はいとうしていた	4
はいとうしていました	4
はいとうしてる	4
はいとうしてます	4
はいりょする	1
はいりょします	1
はいりょしません	1
はいりょしました	1
はいりょしませんでした	1
はいりょしましょう	1
はいりょしない	1
はいりょしなかった	1
はいりょした	1
はいりょして	1
はいりょしている	1
はいりょしています	1
はいりょしていた	1
はいりょしていました	1
はいりょしてる	1
はいりょしてます	1
はいほんする	4
はいほんします	4
はいほんしません	4
はいほんしました	4
はいほんしませんでした	4
はいほんしましょう	4
はいほんしない	4
はいほんしなかった	4
はいほんした	4
はいほんして	4
はいほんしている	4
はいほんしています	4
はいほんしていた	4
はいほんしていました	4
はいほんしてる	4
はいほんしてます	4
はいかんする	4
はいかんします	4
はいかんしません	4
はいかんしました	4
はいかんしませんでした	4
はいかんしましょう	4
はいかんしない	4
はいかんしなかった	4
はいかんした	4
はいかんして	4
はいかんしている	4
はいかんしています	4
はいかんしていた	4
はいかんしていました	4
はいかんしてる	4
はいかんしてます	4
はいきゅうする	4
はいきゅうします	4
はいきゅうしません	4
はいきゅうしました	4
はいきゅうしませんでした	4
はいきゅうしましょう	4
はいきゅうしない	4
はいきゅうしなかった	4
はいきゅうした	4
はいきゅうして	4
はいきゅうしている	4
はいきゅうしています	4
はいきゅうしていた	4
はいきゅうしていました	4
はいきゅうしてる	4
はいきゅうしてます	4
はいちする	3
はいちします	3
はいちしません	3
はいちしました	3
はいちしませんでした	3
はいちしましょう	3
はいちしない	3
はいちしなかった	3
はいちした	3
はいちして	3
はいちしている	3
はいちしています	3
はいちしていた	3
はいちしていました	3
はいちしてる	3
はいちしてます	3
はいそうする	4
はいそうします	4
はいそうしません	4
はいそうしました	4
はいそうしませんでした	4
はいそうしましょう	4
はいそうしない	4
はいそうしなかった	4
はいそうした	4
はいそうして	4
はいそうしている	4
はいそうしています	4
はいそうしていた	4
はいそうしていました	4
はいそうしてる	4
はいそうしてます	4
はいたつする	4
はいたつします	4
はいたつしません	4
はいたつしました	4
はいたつしませんでした	4
はいたつしましょう	4
はいたつしない	4
はいたつしなかった	4
はいたつした	4
はいたつして	4
はいたつしている	4
はいたつしています	4
はいたつしていた	4
はいたつしていました	4
はいたつしてる	4
はいたつしてます	4
はいでんする	4
はいでんします	4
はいでんしません	4
はいでんしました	4
はいでんしませんでした	4
はいでんしましょう	4
はいでんしない	4
はいでんしなかった	4
はいでんした	4
はいでんして	4
はいでんしている	4
はいでんしています	4
はいでんしていた	4
はいでんしていました	4
はいでんしてる	4
はいでんしてます	4
じょうせいする	4
じょうせいします	4
じょうせいしません	4
じょうせいしました	4
じょうせいしませんでした	4
じょうせいしましょう	4
じょうせいしない	4
じょうせいしなかった	4
じょうせいした	4
じょうせいして	4
じょうせいしている	4
じょうせいしています	4
じょうせいしていた	4
じょうせいしていました	4
じょうせいしてる	4
じょうせいしてます	4
じょうぞうする	4
じょうぞうします	4
じょうぞうしません	4
じょうぞうしました	4
じょうぞうしませんでした	4
じょうぞうしましょう	4
じょうぞうしない	4
じょうぞうしなかった	4
じょうぞうした	4
じょうぞうして	4
じょうぞうしている	4
じょうぞうしています	4
じょうぞうしていた	4
じょうぞうしていました	4
じょうぞうしてる	4
じょうぞうしてます	4
しゃくほうする	4
しゃくほうします	4
しゃくほうしません	4
しゃくほうしました	4
しゃくほうしませんでした	4
しゃくほうしましょう	4
しゃくほうしない	4
しゃくほうしなかった	4
しゃくほうした	4
しゃくほうして	4
しゃくほうしている	4
しゃくほうしています	4
しゃくほうしていた	4
しゃくほうしていました	4
しゃくほうしてる	4
しゃくほうしてます	4
しゃくめいする	4
しゃくめいします	4
しゃくめいしません	4
しゃくめいしました	4
しゃくめいしませんでした	4
しゃくめいしましょう	4
しゃくめいしない	4
しゃくめいしなかった	4
しゃくめいした	4
しゃくめいして	4
しゃくめいしている	4
しゃくめいしています	4
しゃくめいしていた	4
しゃくめいしていました	4
しゃくめいしてる	4
しゃくめいしてます	4
さとがえりする	3
さとがえりします	3
さとがえりしません	3
さとがえりしました	3
さとがえりしませんでした	3
さとがえりしましょう	3
さとがえりしない	3
さとがえりしなかった	3
さとがえりした	3
さとがえりして	3
さとがえりしている	3
さとがえりしています	3
さとがえりしていた	3
さとがえりしていました	3
さとがえりしてる	3
さとがえりしてます	3
ちょうほうする	1
ちょうほうします	1
ちょうほうしません	1
ちょうほうしました	1
ちょうほうしませんでした	1
ちょうほうしましょう	1
ちょうほうしない	1
ちょうほうしなかった	1
ちょうほうした	1
ちょうほうして	1
ちょうほうしている	1
ちょうほうしています	1
ちょうほうしていた	1
ちょうほうしていました	1
ちょうほうしてる	1
ちょうほうしてます	1
じゅうそうする	4
じゅうそうします	4
じゅうそうしません	4
じゅうそうしました	4
じゅうそうしませんでした	4
じゅうそうしましょう	4
じゅうそうしない	4
じゅうそうしなかった	4
じゅうそうした	4
じゅうそうして	4
じゅうそうしている	4
じゅうそうしています	4
じゅうそうしていた	4
じゅうそうしていました	4
じゅうそうしてる	4
じゅうそうしてます	4
ちょうふくする	4
ちょうふくします	4
ちょうふくしません	4
ちょうふくしました	4
ちょうふくしませんでした	4
ちょうふくしましょう	4
ちょうふくしない	4
ちょうふくしなかった	4
ちょうふくした	4
ちょうふくして	4
ちょうふくしている	4
ちょうふくしています	4
ちょうふくしていた	4
ちょうふくしていました	4
ちょうふくしてる	4
ちょうふくしてます	4
じゅうようしする	4
じゅうようしします	4
じゅうようししません	4
じゅうようししました	4
じゅうようししませんでした	4
じゅうようししましょう	4
じゅうようししない	4
じゅうようししなかった	4
じゅうようしした	4
じゅうようしして	4
じゅうようししている	4
じゅうようししています	4
じゅうようししていた	4
じゅうようししていました	4
じゅうようししてる	4
じゅうようししてます	4
じゅうしする	1
じゅうしします	1
じゅうししません	1
じゅうししました	1
じゅうししませんでした	1
じゅうししましょう	1
じゅうししない	1
じゅうししなかった	1
じゅうしした	1
じゅうしして	1
じゅうししている	1
じゅうししています	1
じゅうししていた	1
じゅうししていました	1
じゅうししてる	1
じゅうししてます	1
やごうする	3
やごうします	3
やごうしません	3
やごうしました	3
やごうしませんでした	3
やごうしましょう	3
やごうしない	3
やごうしなかった	3
やごうした	3
やごうして	3
やごうしている	3
やごうしています	3
やごうしていた	3
やごうしていました	3
やごうしてる	3
やごうしてます	3
やせいする	3
やせいします	3
やせいしません	3
やせいしました	3
やせいしませんでした	3
やせいしましょう	3
やせいしない	3
やせいしなかった	3
やせいした	3
やせいして	3
やせいしている	3
やせいしています	3
やせいしていた	3
やせいしていました	3
やせいしてる	3
やせいしてます	3
りょうけいする	4
りょうけいします	4
りょうけいしません	4
りょうけいしました	4
りょうけいしませんでした	4
りょうけいしましょう	4
りょうけいしない	4
りょうけいしなかった	4
りょうけいした	4
りょうけいして	4
りょうけいしている	4
りょうけいしています	4
りょうけいしていた	4
りょうけいしていました	4
りょうけいしてる	4
りょうけいしてます	4
りょうさんする	4
りょうさんします	4
りょうさんしません	4
りょうさんしました	4
りょうさんしませんでした	4
りょうさんしましょう	4
りょうさんしない	4
りょうさんしなかった	4
りょうさんした	4
りょうさんして	4
りょうさんしている	4
りょうさんしています	4
りょうさんしていた	4
りょうさんしていました	4
りょうさんしてる	4
りょうさんしてます	4
かねもうけする	3
かねもうけします	3
かねもうけしません	3
かねもうけしました	3
かねもうけしませんでした	3
かねもうけしましょう	3
かねもうけしない	3
かねもうけしなかった	3
かねもうけした	3
かねもうけして	3
かねもうけしている	3
かねもうけしています	3
かねもうけしていた	3
かねもうけしていました	3
かねもうけしてる	3
かねもうけしてます	3
どんかする	3
どんかします	3
どんかしません	3
どんかしました	3
どんかしませんでした	3
どんかしましょう	3
どんかしない	3
どんかしなかった	3
どんかした	3
どんかして	3
どんかしている	3
どんかしています	3
どんかしていた	3
どんかしていました	3
どんかしてる	3
どんかしてます	3
はちまきする	2
はちまきします	2
はちまきしません	2
はちまきしました	2
はちまきしませんでした	2
はちまきしましょう	2
はちまきしない	2
はちまきしなかった	2
はちまきした	2
はちまきして	2
はちまきしている	2
はちまきしています	2
はちまきしていた	2
はちまきしていました	2
はちまきしてる	2
はちまきしてます	2
じゅうげきする	4
じゅうげきします	4
じゅうげきしません	4
じゅうげきしました	4
じゅうげきしませんでした	4
じゅうげきしましょう	4
じゅうげきしない	4
じゅうげきしなかった	4
じゅうげきした	4
じゅうげきして	4
じゅうげきしている	4
じゅうげきしています	4
じゅうげきしていた	4
じゅうげきしていました	4
じゅうげきしてる	4
じゅうげきしてます	4
さっかくする	4
さっかくします	4
さっかくしません	4
さっかくしました	4
さっかくしませんでした	4
さっかくしましょう	4
さっかくしない	4
さっかくしなかった	4
さっかくした	4
さっかくして	4
さっかくしている	4
さっかくしています	4
さっかくしていた	4
さっかくしていました	4
さっかくしてる	4
さっかくしてます	4
ろくがする	3
ろくがします	3
ろくがしません	3
ろくがしました	3
ろくがしませんでした	3
ろくがしましょう	3
ろくがしない	3
ろくがしなかった	3
ろくがした	3
ろくがして	3
ろくがしている	3
ろくがしています	3
ろくがしていた	3
ろくがしていました	3
ろくがしてる	3
ろくがしてます	3
ろくおんする	4
ろくおんします	4
ろくおんしません	4
ろくおんしました	4
ろくおんしませんでした	4
ろくおんしましょう	4
ろくおんしない	4
ろくおんしなかった	4
ろくおんした	4
ろくおんして	4
ろくおんしている	4
ろくおんしています	4
ろくおんしていた	4
ろくおんしていました	4
ろくおんしてる	4
ろくおんしてます	4
さこくする	3
さこくします	3
さこくしません	3
さこくしました	3
さこくしませんでした	3
さこくしましょう	3
さこくしない	3
さこくしなかった	3
さこくした	3
さこくして	3
さこくしている	3
さこくしています	3
さこくしていた	3
さこくしていました	3
さこくしてる	3
さこくしてます	3
ちんあつする	4
ちんあつします	4
ちんあつしません	4
ちんあつしました	4
ちんあつしませんでした	4
ちんあつしましょう	4
ちんあつしない	4
ちんあつしなかった	4
ちんあつした	4
ちんあつして	4
ちんあつしている	4
ちんあつしています	4
ちんあつしていた	4
ちんあつしていました	4
ちんあつしてる	4
ちんあつしてます	4
ちんこんする	4
ちんこんします	4
ちんこんしません	4
ちんこんしました	4
ちんこんしませんでした	4
ちんこんしましょう	4
ちんこんしない	4
ちんこんしなかった	4
ちんこんした	4
ちんこんして	4
ちんこんしている	4
ちんこんしています	4
ちんこんしていた	4
ちんこんしていました	4
ちんこんしてる	4
ちんこんしてます	4
かんていする	4
かんていします	4
かんていしません	4
かんていしました	4
かんていしませんでした	4
かんていしましょう	4
かんていしない	4
かんていしなかった	4
かんていした	4
かんていして	4
かんていしている	4
かんていしています	4
かんていしていた	4
かんていしていました	4
かんていしてる	4
かんていしてます	4
ちょうだする	1
ちょうだします	1
ちょうだしません	1
ちょうだしました	1
ちょうだしませんでした	1
ちょうだしましょう	1
ちょうだしない	1
ちょうだしなかった	1
ちょうだした	1
ちょうだして	1
ちょうだしている	1
ちょうだしています	1
ちょうだしていた	1
ちょうだしていました	1
ちょうだしてる	1
ちょうだしてます	1
ながもちする	4
ながもちします	4
ながもちしません	4
ながもちしました	4
ながもちしませんでした	4
ながもちしましょう	4
ながもちしない	4
ながもちしなかった	4
ながもちした	4
ながもちして	4
ながもちしている	4
ながもちしています	4
ながもちしていた	4
ながもちしていました	4
ながもちしてる	4
ながもちしてます	4
ながいきする	3
ながいきします	3
ながいきしません	3
ながいきしました	3
ながいきしませんでした	3
ながいきしましょう	3
ながいきしない	3
ながいきしなかった	3
ながいきした	3
ながいきして	3
ながいきしている	3
ながいきしています	3
ながいきしていた	3
ながいきしていました	3
ながいきしてる	3
ながいきしてます	3
ながつづきする	3
ながつづきします	3
ながつづきしません	3
ながつづきしました	3
ながつづきしませんでした	3
ながつづきしましょう	3
ながつづきしない	3
ながつづきしなかった	3
ながつづきした	3
ながつづきして	3
ながつづきしている	3
ながつづきしています	3
ながつづきしていた	3
ながつづきしていました	3
ながつづきしてる	3
ながつづきしてます	3
ながばなしする	3
ながばなしします	3
ながばなししません	3
ながばなししました	3
ながばなししませんでした	3
ながばなししましょう	3
ながばなししない	3
ながばなししなかった	3
ながばなしした	3
ながばなしして	3
ながばなししている	3
ながばなししています	3
ながばなししていた	3
ながばなししていました	3
ながばなししてる	3
ながばなししてます	3
もんぜんばらいする	5
もんぜんばらいします	5
もんぜんばらいしません	5
もんぜんばらいしました	5
もんぜんばらいしませんでした	5
もんぜんばらいしましょう	5
もんぜんばらいしない	5
もんぜんばらいしなかった	5
もんぜんばらいした	5
もんぜんばらいして	5
もんぜんばらいしている	5
もんぜんばらいしています	5
もんぜんばらいしていた	5
もんぜんばらいしていました	5
もんぜんばらいしてる	5
もんぜんばらいしてます	5
へいかいする	4
へいかいします	4
へいかいしません	4
へいかいしました	4
へいかいしませんでした	4
へいかいしましょう	4
へいかいしない	4
へいかいしなかった	4
へいかいした	4
へいかいして	4
へいかいしている	4
へいかいしています	4
へいかいしていた	4
へいかいしていました	4
へいかいしてる	4
へいかいしてます	4
へいそくする	4
へいそくします	4
へいそくしません	4
へいそくしました	4
へいそくしませんでした	4
へいそくしましょう	4
へいそくしない	4
へいそくしなかった	4
へいそくした	4
へいそくして	4
へいそくしている	4
へいそくしています	4
へいそくしていた	4
へいそくしていました	4
へいそくしてる	4
へいそくしてます	4
へいまくする	4
へいまくします	4
へいまくしません	4
へいまくしました	4
へいまくしませんでした	4
へいまくしましょう	4
へいまくしない	4
へいまくしなかった	4
へいまくした	4
へいまくして	4
へいまくしている	4
へいまくしています	4
へいまくしていた	4
へいまくしていました	4
へいまくしてる	4
へいまくしてます	4
へいてんする	4
へいてんします	4
へいてんしません	4
へいてんしました	4
へいてんしませんでした	4
へいてんしましょう	4
へいてんしない	4
へいてんしなかった	4
へいてんした	4
へいてんして	4
へいてんしている	4
へいてんしています	4
へいてんしていた	4
へいてんしていました	4
へいてんしてる	4
へいてんしてます	4
へいさする	3
へいさします	3
へいさしません	3
へいさしました	3
へいさしませんでした	3
へいさしましょう	3
へいさしない	3
へいさしなかった	3
へいさした	3
へいさして	3
へいさしている	3
へいさしています	3
へいさしていた	3
へいさしていました	3
へいさしてる	3
へいさしてます	3
かいかいする	4
かいかいします	4
かいかいしません	4
かいかいしました	4
かいかいしませんでした	4
かいかいしましょう	4
かいかいしない	4
かいかいしなかった	4
かいかいした	4
かいかいして	4
かいかいしている	4
かいかいしています	4
かいかいしていた	4
かいかいしていました	4
かいかいしてる	4
かいかいしてます	4
かいさいする	4
かいさいします	4
かいさいしません	4
かいさいしました	4
かいさいしませんでした	4
かいさいしましょう	4
かいさいしない	4
かいさいしなかった	4
かいさいした	4
かいさいして	4
かいさいしている	4
かいさいしています	4
かいさいしていた	4
かいさいしていました	4
かいさいしてる	4
かいさいしてます	4
かいこうする	4
かいこうします	4
かいこうしません	4
かいこうしました	4
かいこうしませんでした	4
かいこうしましょう	4
かいこうしない	4
かいこうしなかった	4
かいこうした	4
かいこうして	4
かいこうしている	4
かいこうしています	4
かいこうしていた	4
かいこうしていました	4
かいこうしてる	4
かいこうしてます	4
かいじょうする	4
かいじょうします	4
かいじょうしません	4
かいじょうしました	4
かいじょうしませんでした	4
かいじょうしましょう	4
かいじょうしない	4
かいじょうしなかった	4
かいじょうした	4
かいじょうして	4
かいじょうしている	4
かいじょうしています	4
かいじょうしていた	4
かいじょうしていました	4
かいじょうしてる	4
かいじょうしてます	4
かいしする	3
かいしします	3
かいししません	3
かいししました	3
かいししませんでした	3
かいししましょう	3
かいししない	3
かいししなかった	3
かいしした	3
かいしして	3
かいししている	3
かいししています	3
かいししていた	3
かいししていました	3
かいししてる	3
かいししてます	3
かいきょくする	4
かいきょくします	4
かいきょくしません	4
かいきょくしました	4
かいきょくしませんでした	4
かいきょくしましょう	4
かいきょくしない	4
かいきょくしなかった	4
かいきょくした	4
かいきょくして	4
かいきょくしている	4
かいきょくしています	4
かいきょくしていた	4
かいきょくしていました	4
かいきょくしてる	4
かいきょくしてます	4
かいまくする	4
かいまくします	4
かいまくしません	4
かいまくしました	4
かいまくしませんでした	4
かいまくしましょう	4
かいまくしない	4
かいまくしなかった	4
かいまくした	4
かいまくして	4
かいまくしている	4
かいまくしています	4
かいまくしていた	4
かいまくしていました	4
かいまくしてる	4
かいまくしてます	4
かいたくする	4
かいたくします	4
かいたくしません	4
かいたくしました	4
かいたくしませんでした	4
かいたくしましょう	4
かいたくしない	4
かいたくしなかった	4
かいたくした	4
かいたくして	4
かいたくしている	4
かいたくしています	4
かいたくしていた	4
かいたくしていました	4
かいたくしてる	4
かいたくしてます	4
かいぎょうする	4
かいぎょうします	4
かいぎょうしません	4
かいぎょうしました	4
かいぎょうしませんでした	4
かいぎょうしましょう	4
かいぎょうしない	4
かいぎょうしなかった	4
かいぎょうした	4
かいぎょうして	4
かいぎょうしている	4
かいぎょうしています	4
かいぎょうしていた	4
かいぎょうしていました	4
かいぎょうしてる	4
かいぎょうしてます	4
かいえんする	4
かいえんします	4
かいえんしません	4
かいえんしました	4
かいえんしませんでした	4
かいえんしましょう	4
かいえんしない	4
かいえんしなかった	4
かいえんした	4
かいえんして	4
かいえんしている	4
かいえんしています	4
かいえんしていた	4
かいえんしていました	4
かいえんしてる	4
かいえんしてます	4
かいはつする	4
かいはつします	4
かいはつしません	4
かいはつしました	4
かいはつしませんでした	4
かいはつしましょう	4
かいはつしない	4
かいはつしなかった	4
かいはつした	4
かいはつして	4
かいはつしている	4
かいはつしています	4
かいはつしていた	4
かいはつしていました	4
かいはつしてる	4
かいはつしてます	4
かいじする	1
かいじします	1
かいじしません	1
かいじしました	1
かいじしませんでした	1
かいじしましょう	1
かいじしない	1
かいじしなかった	1
かいじした	1
かいじして	1
かいじしている	1
かいじしています	1
かいじしていた	1
かいじしていました	1
かいじしてる	1
かいじしてます	1
かいひょうする	4
かいひょうします	4
かいひょうしません	4
かいひょうしました	4
かいひょうしませんでした	4
かいひょうしましょう	4
かいひょうしない	4
かいひょうしなかった	4
かいひょうした	4
かいひょうして	4
かいひょうしている	4
かいひょうしています	4
かいひょうしていた	4
かいひょうしていました	4
かいひょうしてる	4
かいひょうしてます	4
かいかする	3
かいかします	3
かいかしません	3
かいかしました	3
かいかしませんでした	3
かいかしましょう	3
かいかしない	3
かいかしなかった	3
かいかした	3
かいかして	3
かいかしている	3
かいかしています	3
かいかしていた	3
かいかしていました	3
かいかしてる	3
かいかしてます	3
かいつうする	4
かいつうします	4
かいつうしません	4
かいつうしました	4
かいつうしませんでした	4
かいつうしましょう	4
かいつうしない	4
かいつうしなかった	4
かいつうした	4
かいつうして	4
かいつうしている	4
かいつうしています	4
かいつうしていた	4
かいつうしていました	4
かいつうしてる	4
かいつうしてます	4
かいへいする	4
かいへいします	4
かいへいしません	4
かいへいしました	4
かいへいしませんでした	4
かいへいしましょう	4
かいへいしない	4
かいへいしなかった	4
かいへいした	4
かいへいして	4
かいへいしている	4
かいへいしています	4
かいへいしていた	4
かいへいしていました	4
かいへいしてる	4
かいへいしてます	4
かいかんする	4
かいかんします	4
かいかんしません	4
かいかんしました	4
かいかんしませんでした	4
かいかんしましょう	4
かいかんしない	4
かいかんしなかった	4
かいかんした	4
かいかんして	4
かいかんしている	4
かいかんしています	4
かいかんしていた	4
かいかんしていました	4
かいかんしてる	4
かいかんしてます	4
かんばつする	4
かんばつします	4
かんばつしません	4
かんばつしました	4
かんばつしませんでした	4
かんばつしましょう	4
かんばつしない	4
かんばつしなかった	4
かんばつした	4
かんばつして	4
かんばつしている	4
かんばつしています	4
かんばつしていた	4
かんばつしていました	4
かんばつしてる	4
かんばつしてます	4
まがりする	3
まがりします	3
まがりしません	3
まがりしました	3
まがりしませんでした	3
まがりしましょう	3
まがりしない	3
まがりしなかった	3
まがりした	3
まがりして	3
まがりしている	3
まがりしています	3
まがりしていた	3
まがりしていました	3
まがりしてる	3
まがりしてます	3
かんしょくする	4
かんしょくします	4
かんしょくしません	4
かんしょくしました	4
かんしょくしませんでした	4
かんしょくしましょう	4
かんしょくしない	4
かんしょくしなかった	4
かんしょくした	4
かんしょくして	4
かんしょくしている	4
かんしょくしています	4
かんしょくしていた	4
かんしょくしていました	4
かんしょくしてる	4
かんしょくしてます	4
かんするする	3
かんするします	6
かんするしません	7
かんするしました	6
かんするしませんでした	7
かんするしましょう	7
かんするしない	5
かんするしなかった	5
かんするした	3
かんするして	3
かんするしている	3
かんするしています	3
かんするしていた	3
かんするしていました	3
かんするしてる	3
かんするしてます	3
かんよする	1
かんよします	1
かんよしません	1
かんよしました	1
かんよしませんでした	1
かんよしましょう	1
かんよしない	1
かんよしなかった	1
かんよした	1
かんよして	1
かんよしている	1
かんよしています	1
かんよしていた	1
かんよしていました	1
かんよしてる	1
かんよしてます	1
かんけいする	4
かんけいします	4
かんけいしません	4
かんけいしました	4
かんけいしませんでした	4
かんけいしましょう	4
かんけいしない	4
かんけいしなかった	4
かんけいした	4
かんけいして	4
かんけいしている	4
かんけいしています	4
かんけいしていた	4
かんけいしていました	4
かんけいしてる	4
かんけいしてます	4
かんれんする	4
かんれんします	4
かんれんしません	4
かんれんしました	4
かんれんしませんでした	4
かんれんしましょう	4
かんれんしない	4
かんれんしなかった	4
かんれんした	4
かんれんして	4
かんれんしている	4
かんれんしています	4
かんれんしていた	4
かんれんしていました	4
かんれんしてる	4
かんれんしてます	4
えつらんする	4
えつらんします	4
えつらんしません	4
えつらんしました	4
えつらんしませんでした	4
えつらんしましょう	4
えつらんしない	4
えつらんしなかった	4
えつらんした	4
えつらんして	4
えつらんしている	4
えつらんしています	4
えつらんしていた	4
えつらんしていました	4
えつらんしてる	4
えつらんしてます	4
とうびょうする	4
とうびょうします	4
とうびょうしません	4
とうびょうしました	4
とうびょうしませんでした	4
とうびょうしましょう	4
とうびょうしない	4
とうびょうしなかった	4
とうびょうした	4
とうびょうして	4
とうびょうしている	4
とうびょうしています	4
とうびょうしていた	4
とうびょうしていました	4
とうびょうしてる	4
とうびょうしてます	4
ぼうぎょする	1
ぼうぎょします	1
ぼうぎょしません	1
ぼうぎょしました	1
ぼうぎょしませんでした	1
ぼうぎょしましょう	1
ぼうぎょしない	1
ぼうぎょしなかった	1
ぼうぎょした	1
ぼうぎょして	1
ぼうぎょしている	1
ぼうぎょしています	1
ぼうぎょしていた	1
ぼうぎょしていました	1
ぼうぎょしてる	1
ぼうぎょしてます	1
ぼうせんする	4
ぼうせんします	4
ぼうせんしません	4
ぼうせんしました	4
ぼうせんしませんでした	4
ぼうせんしましょう	4
ぼうせんしない	4
ぼうせんしなかった	4
ぼうせんした	4
ぼうせんして	4
ぼうせんしている	4
ぼうせんしています	4
ぼうせんしていた	4
ぼうせんしていました	4
ぼうせんしてる	4
ぼうせんしてます	4
ぼうすいする	4
ぼうすいします	4
ぼうすいしません	4
ぼうすいしました	4
ぼうすいしませんでした	4
ぼうすいしましょう	4
ぼうすいしない	4
ぼうすいしなかった	4
ぼうすいした	4
ぼうすいして	4
ぼうすいしている	4
ぼうすいしています	4
ぼうすいしていた	4
ぼうすいしていました	4
ぼうすいしてる	4
ぼうすいしてます	4
ぼうえいする	4
ぼうえいします	4
ぼうえいしません	4
ぼうえいしました	4
ぼうえいしませんでした	4
ぼうえいしましょう	4
ぼうえいしない	4
ぼうえいしなかった	4
ぼうえいした	4
ぼうえいして	4
ぼうえいしている	4
ぼうえいしています	4
ぼうえいしていた	4
ぼうえいしていました	4
ぼうえいしてる	4
ぼうえいしてます	4
ぼうごする	1
ぼうごします	1
ぼうごしません	1
ぼうごしました	1
ぼうごしませんでした	1
ぼうごしましょう	1
ぼうごしない	1
ぼうごしなかった	1
ぼうごした	1
ぼうごして	1
ぼうごしている	1
ぼうごしています	1
ぼうごしていた	1
ぼうごしていました	1
ぼうごしてる	1
ぼうごしてます	1
ぼうおんする	4
ぼうおんします	4
ぼうおんしません	4
ぼうおんしました	4
ぼうおんしませんでした	4
ぼうおんしましょう	4
ぼうおんしない	4
ぼうおんしなかった	4
ぼうおんした	4
ぼうおんして	4
ぼうおんしている	4
ぼうおんしています	4
ぼうおんしていた	4
ぼうおんしていました	4
ぼうおんしてる	4
ぼうおんしてます	4
そしする	1
そしします	1
そししません	1
そししました	1
そししませんでした	1
そししましょう	1
そししない	1
そししなかった	1
そしした	1
そしして	1
そししている	1
そししています	1
そししていた	1
そししていました	1
そししてる	1
そししてます	1
こうふくする	4
こうふくします	4
こうふくしません	4
こうふくしました	4
こうふくしませんでした	4
こうふくしましょう	4
こうふくしない	4
こうふくしなかった	4
こうふくした	4
こうふくして	4
こうふくしている	4
こうふくしています	4
こうふくしていた	4
こうふくしていました	4
こうふくしてる	4
こうふくしてます	4
こうさんする	4
こうさんします	4
こうさんしません	4
こうさんしました	4
こうさんしませんでした	4
こうさんしましょう	4
こうさんしない	4
こうさんしなかった	4
こうさんした	4
こうさんして	4
こうさんしている	4
こうさんしています	4
こうさんしていた	4
こうさんしていました	4
こうさんしてる	4
こうさんしてます	4
こうばんする	4
こうばんします	4
こうばんしません	4
こうばんしました	4
こうばんしませんでした	4
こうばんしましょう	4
こうばんしない	4
こうばんしなかった	4
こうばんした	4
こうばんして	4
こうばんしている	4
こうばんしています	4
こうばんしていた	4
こうばんしていました	4
こうばんしてる	4
こうばんしてます	4
こうかくする	4
こうかくします	4
こうかくしません	4
こうかくしました	4
こうかくしませんでした	4
こうかくしましょう	4
こうかくしない	4
こうかくしなかった	4
こうかくした	4
こうかくして	4
こうかくしている	4
こうかくしています	4
こうかくしていた	4
こうかくしていました	4
こうかくしてる	4
こうかくしてます	4
こうせつする	4
こうせつします	4
こうせつしません	4
こうせつしました	4
こうせつしませんでした	4
こうせつしましょう	4
こうせつしない	4
こうせつしなかった	4
こうせつした	4
こうせつして	4
こうせつしている	4
こうせつしています	4
こうせつしていた	4
こうせつしていました	4
こうせつしてる	4
こうせつしてます	4
げんていする	4
げんていします	4
げんていしません	4
げんていしました	4
げんていしませんでした	4
げんていしましょう	4
げんていしない	4
げんていしなかった	4
げんていした	4
げんていして	4
げんていしている	4
げんていしています	4
げんていしていた	4
げんていしていました	4
げんていしてる	4
げんていしてます	4
じょきょする	1
じょきょします	1
じょきょしません	1
じょきょしました	1
じょきょしませんでした	1
じょきょしましょう	1
じょきょしない	1
じょきょしなかった	1
じょきょした	1
じょきょして	1
じょきょしている	1
じょきょしています	1
じょきょしていた	1
じょきょしていました	1
じょきょしてる	1
じょきょしてます	1
じょめいする	3
じょめいします	3
じょめいしません	3
じょめいしました	3
じょめいしませんでした	3
じょめいしましょう	3
じょめいしない	3
じょめいしなかった	3
じょめいした	3
じょめいして	3
じょめいしている	3
じょめいしています	3
じょめいしていた	3
じょめいしていました	3
じょめいしてる	3
じょめいしてます	3
じょがいする	3
じょがいします	3
じょがいしません	3
じょがいしました	3
じょがいしませんでした	3
じょがいしましょう	3
じょがいしない	3
じょがいしなかった	3
じょがいした	3
じょがいして	3
じょがいしている	3
じょがいしています	3
じょがいしていた	3
じょがいしていました	3
じょがいしてる	3
じょがいしてます	3
じょそうする	3
じょそうします	3
じょそうしません	3
じょそうしました	3
じょそうしませんでした	3
じょそうしましょう	3
じょそうしない	3
じょそうしなかった	3
じょそうした	3
じょそうして	3
じょそうしている	3
じょそうしています	3
じょそうしていた	3
じょそうしていました	3
じょそうしてる	3
じょそうしてます	3
じょきんする	3
じょきんします	3
じょきんしません	3
じょきんしました	3
じょきんしませんでした	3
じょきんしましょう	3
じょきんしない	3
じょきんしなかった	3
じょきんした	3
じょきんして	3
じょきんしている	3
じょきんしています	3
じょきんしていた	3
じょきんしていました	3
じょきんしてる	3
じょきんしてます	3
かんぼつする	4
かんぼつします	4
かんぼつしません	4
かんぼつしました	4
かんぼつしませんでした	4
かんぼつしましょう	4
かんぼつしない	4
かんぼつしなかった	4
かんぼつした	4
かんぼつして	4
かんぼつしている	4
かんぼつしています	4
かんぼつしていた	4
かんぼつしていました	4
かんぼつしてる	4
かんぼつしてます	4
かんらくする	4
かんらくします	4
かんらくしません	4
かんらくしました	4
かんらくしませんでした	4
かんらくしましょう	4
かんらくしない	4
かんらくしなかった	4
かんらくした	4
かんらくして	4
かんらくしている	4
かんらくしています	4
かんらくしていた	4
かんらくしていました	4
かんらくしてる	4
かんらくしてます	4
ちんれつする	4
ちんれつします	4
ちんれつしません	4
ちんれつしました	4
ちんれつしませんでした	4
ちんれつしましょう	4
ちんれつしない	4
ちんれつしなかった	4
ちんれつした	4
ちんれつして	4
ちんれつしている	4
ちんれつしています	4
ちんれつしていた	4
ちんれつしていました	4
ちんれつしてる	4
ちんれつしてます	4
ちんじょうする	4
ちんじょうします	4
ちんじょうしません	4
ちんじょうしました	4
ちんじょうしませんでした	4
ちんじょうしましょう	4
ちんじょうしない	4
ちんじょうしなかった	4
ちんじょうした	4
ちんじょうして	4
ちんじょうしている	4
ちんじょうしています	4
ちんじょうしていた	4
ちんじょうしていました	4
ちんじょうしてる	4
ちんじょうしてます	4
ちんしゃする	1
ちんしゃします	1
ちんしゃしません	1
ちんしゃしました	1
ちんしゃしませんでした	1
ちんしゃしましょう	1
ちんしゃしない	1
ちんしゃしなかった	1
ちんしゃした	1
ちんしゃして	1
ちんしゃしている	1
ちんしゃしています	1
ちんしゃしていた	1
ちんしゃしていました	1
ちんしゃしてる	1
ちんしゃしてます	1
ちんじゅつする	4
ちんじゅつします	4
ちんじゅつしません	4
ちんじゅつしました	4
ちんじゅつしませんでした	4
ちんじゅつしましょう	4
ちんじゅつしない	4
ちんじゅつしなかった	4
ちんじゅつした	4
ちんじゅつして	4
ちんじゅつしている	4
ちんじゅつしています	4
ちんじゅつしていた	4
ちんじゅつしていました	4
ちんじゅつしてる	4
ちんじゅつしてます	4
とうすいする	4
とうすいします	4
とうすいしません	4
とうすいしました	4
とうすいしませんでした	4
とうすいしましょう	4
とうすいしない	4
とうすいしなかった	4
とうすいした	4
とうすいして	4
とうすいしている	4
とうすいしています	4
とうすいしていた	4
とうすいしていました	4
とうすいしてる	4
とうすいしてます	4
かくりする	3
かくりします	3
かくりしません	3
かくりしました	3
かくりしませんでした	3
かくりしましょう	3
かくりしない	3
かくりしなかった	3
かくりした	3
かくりして	3
かくりしている	3
かくりしています	3
かくりしていた	3
かくりしていました	3
かくりしてる	3
かくりしてます	3
いんめつする	4
いんめつします	4
いんめつしません	4
いんめつしました	4
いんめつしませんでした	4
いんめつしましょう	4
いんめつしない	4
いんめつしなかった	4
いんめつした	4
いんめつして	4
いんめつしている	4
いんめつしています	4
いんめつしていた	4
いんめつしていました	4
いんめつしてる	4
いんめつしてます	4
りんせつする	4
りんせつします	4
りんせつしません	4
りんせつしました	4
りんせつしませんでした	4
りんせつしましょう	4
りんせつしない	4
りんせつしなかった	4
りんせつした	4
りんせつして	4
りんせつしている	4
りんせつしています	4
りんせつしていた	4
りんせつしていました	4
りんせつしてる	4
りんせつしてます	4
しゅうちゅうする	4
しゅうちゅうします	4
しゅうちゅうしません	4
しゅうちゅうしました	4
しゅうちゅうしませんでした	4
しゅうちゅうしましょう	4
しゅうちゅうしない	4
しゅうちゅうしなかった	4
しゅうちゅうした	4
しゅうちゅうして	4
しゅうちゅうしている	4
しゅうちゅうしています	4
しゅうちゅうしていた	4
しゅうちゅうしていました	4
しゅうちゅうしてる	4
しゅうちゅうしてます	4
しゅうかいする	4
しゅうかいします	4
しゅうかいしません	4
しゅうかいしました	4
しゅうかいしませんでした	4
しゅうかいしましょう	4
しゅうかいしない	4
しゅうかいしなかった	4
しゅうかいした	4
しゅうかいして	4
しゅうかいしている	4
しゅうかいしています	4
しゅうかいしていた	4
しゅうかいしていました	4
しゅうかいしてる	4
しゅうかいしてます	4
しゅうごうする	4
しゅうごうします	4
しゅうごうしません	4
しゅうごうしました	4
しゅうごうしませんでした	4
しゅうごうしましょう	4
しゅうごうしない	4
しゅうごうしなかった	4
しゅうごうした	4
しゅうごうして	4
しゅうごうしている	4
しゅうごうしています	4
しゅうごうしていた	4
しゅうごうしていました	4
しゅうごうしてる	4
しゅうごうしてます	4
しゅうたいせいする	3
しゅうたいせいします	3
しゅうたいせいしません	3
しゅうたいせいしました	3
しゅうたいせいしませんでした	3
しゅうたいせいしましょう	3
しゅうたいせいしない	3
しゅうたいせいしなかった	3
しゅうたいせいした	3
しゅうたいせいして	3
しゅうたいせいしている	3
しゅうたいせいしています	3
しゅうたいせいしていた	3
しゅうたいせいしていました	3
しゅうたいせいしてる	3
しゅうたいせいしてます	3
しゅうさんする	4
しゅうさんします	4
しゅうさんしません	4
しゅうさんしました	4
しゅうさんしませんでした	4
しゅうさんしましょう	4
しゅうさんしない	4
しゅうさんしなかった	4
しゅうさんした	4
しゅうさんして	4
しゅうさんしている	4
しゅうさんしています	4
しゅうさんしていた	4
しゅうさんしていました	4
しゅうさんしてる	4
しゅうさんしてます	4
しゅうひょうする	4
しゅうひょうします	4
しゅうひょうしません	4
しゅうひょうしました	4
しゅうひょうしませんでした	4
しゅうひょうしましょう	4
しゅうひょうしない	4
しゅうひょうしなかった	4
しゅうひょうした	4
しゅうひょうして	4
しゅうひょうしている	4
しゅうひょうしています	4
しゅうひょうしていた	4
しゅうひょうしていました	4
しゅうひょうしてる	4
しゅうひょうしてます	4
しゅうせきする	4
しゅうせきします	4
しゅうせきしません	4
しゅうせきしました	4
しゅうせきしませんでした	4
しゅうせきしましょう	4
しゅうせきしない	4
しゅうせきしなかった	4
しゅうせきした	4
しゅうせきして	4
しゅうせきしている	4
しゅうせきしています	4
しゅうせきしていた	4
しゅうせきしていました	4
しゅうせきしてる	4
しゅうせきしてます	4
しゅうやくする	4
しゅうやくします	4
しゅうやくしません	4
しゅうやくしました	4
しゅうやくしませんでした	4
しゅうやくしましょう	4
しゅうやくしない	4
しゅうやくしなかった	4
しゅうやくした	4
しゅうやくして	4
しゅうやくしている	4
しゅうやくしています	4
しゅうやくしていた	4
しゅうやくしていました	4
しゅうやくしてる	4
しゅうやくしてます	4
しゅうかする	3
しゅうかします	3
しゅうかしません	3
しゅうかしました	3
しゅうかしませんでした	3
しゅうかしましょう	3
しゅうかしない	3
しゅうかしなかった	3
しゅうかした	3
しゅうかして	3
しゅうかしている	3
しゅうかしています	3
しゅうかしていた	3
しゅうかしていました	3
しゅうかしてる	3
しゅうかしてます	3
しゅうけいする	4
しゅうけいします	4
しゅうけいしません	4
しゅうけいしました	4
しゅうけいしませんでした	4
しゅうけいしましょう	4
しゅうけいしない	4
しゅうけいしなかった	4
しゅうけいした	4
しゅうけいして	4
しゅうけいしている	4
しゅうけいしています	4
しゅうけいしていた	4
しゅうけいしていました	4
しゅうけいしてる	4
しゅうけいしてます	4
しゅうきんする	4
しゅうきんします	4
しゅうきんしません	4
しゅうきんしました	4
しゅうきんしませんでした	4
しゅうきんしましょう	4
しゅうきんしない	4
しゅうきんしなかった	4
しゅうきんした	4
しゅうきんして	4
しゅうきんしている	4
しゅうきんしています	4
しゅうきんしていた	4
しゅうきんしていました	4
しゅうきんしてる	4
しゅうきんしてます	4
こようする	3
こようします	3
こようしません	3
こようしました	3
こようしませんでした	3
こようしましょう	3
こようしない	3
こようしなかった	3
こようした	3
こようして	3
こようしている	3
こようしています	3
こようしていた	3
こようしていました	3
こようしてる	3
こようしてます	3
ざっきょする	3
ざっきょします	3
ざっきょしません	3
ざっきょしました	3
ざっきょしませんでした	3
ざっきょしましょう	3
ざっきょしない	3
ざっきょしなかった	3
ざっきょした	3
ざっきょして	3
ざっきょしている	3
ざっきょしています	3
ざっきょしていた	3
ざっきょしていました	3
ざっきょしてる	3
ざっきょしてます	3
ざつだんする	4
ざつだんします	4
ざつだんしません	4
ざつだんしました	4
ざつだんしませんでした	4
ざつだんしましょう	4
ざつだんしない	4
ざつだんしなかった	4
ざつだんした	4
ざつだんして	4
ざつだんしている	4
ざつだんしています	4
ざつだんしていた	4
ざつだんしていました	4
ざつだんしてる	4
ざつだんしてます	4
ざっとうする	4
ざっとうします	4
ざっとうしません	4
ざっとうしました	4
ざっとうしませんでした	4
ざっとうしましょう	4
ざっとうしない	4
ざっとうしなかった	4
ざっとうした	4
ざっとうして	4
ざっとうしている	4
ざっとうしています	4
ざっとうしていた	4
ざっとうしていました	4
ざっとうしてる	4
ざっとうしてます	4
りとうする	3
りとうします	3
りとうしません	3
りとうしました	3
りとうしませんでした	3
りとうしましょう	3
りとうしない	3
りとうしなかった	3
りとうした	3
りとうして	3
りとうしている	3
りとうしています	3
りとうしていた	3
りとうしていました	3
りとうしてる	3
りとうしてます	3
りはんする	3
りはんします	3
りはんしません	3
りはんしました	3
りはんしませんでした	3
りはんしましょう	3
りはんしない	3
りはんしなかった	3
りはんした	3
りはんして	3
りはんしている	3
りはんしています	3
りはんしていた	3
りはんしていました	3
りはんしてる	3
りはんしてます	3
りこんする	3
りこんします	3
りこんしません	3
りこんしました	3
りこんしませんでした	3
りこんしましょう	3
りこんしない	3
りこんしなかった	3
りこんした	3
りこんして	3
りこんしている	3
りこんしています	3
りこんしていた	3
りこんしていました	3
りこんしてる	3
りこんしてます	3
りさんする	3
りさんします	3
りさんしません	3
りさんしました	3
りさんしませんでした	3
りさんしましょう	3
りさんしない	3
りさんしなかった	3
りさんした	3
りさんして	3
りさんしている	3
りさんしています	3
りさんしていた	3
りさんしていました	3
りさんしてる	3
りさんしてます	3
りちゃくりくする	2
りちゃくりくします	2
りちゃくりくしません	2
りちゃくりくしました	2
りちゃくりくしませんでした	2
りちゃくりくしましょう	2
りちゃくりくしない	2
りちゃくりくしなかった	2
りちゃくりくした	2
りちゃくりくして	2
りちゃくりくしている	2
りちゃくりくしています	2
りちゃくりくしていた	2
りちゃくりくしていました	2
りちゃくりくしてる	2
りちゃくりくしてます	2
りしょくする	3
りしょくします	3
りしょくしません	3
りしょくしました	3
りしょくしませんでした	3
りしょくしましょう	3
りしょくしない	3
りしょくしなかった	3
りしょくした	3
りしょくして	3
りしょくしている	3
りしょくしています	3
りしょくしていた	3
りしょくしていました	3
りしょくしてる	3
りしょくしてます	3
りだつする	3
りだつします	3
りだつしません	3
りだつしました	3
りだつしませんでした	3
りだつしましょう	3
りだつしない	3
りだつしなかった	3
りだつした	3
りだつして	3
りだつしている	3
りだつしています	3
りだつしていた	3
りだつしていました	3
りだつしてる	3
りだつしてます	3
りりくする	3
りりくします	3
りりくしません	3
りりくしました	3
りりくしませんでした	3
りりくしましょう	3
りりくしない	3
りりくしなかった	3
りりくした	3
りりくして	3
りりくしている	3
りりくしています	3
りりくしていた	3
りりくしていました	3
りりくしてる	3
りりくしてます	3
なんもんする	4
なんもんします	4
なんもんしません	4
なんもんしました	4
なんもんしませんでした	4
なんもんしましょう	4
なんもんしない	4
なんもんしなかった	4
なんもんした	4
なんもんして	4
なんもんしている	4
なんもんしています	4
なんもんしていた	4
なんもんしていました	4
なんもんしてる	4
なんもんしてます	4
なんこうする	4
なんこうします	4
なんこうしません	4
なんこうしました	4
なんこうしませんでした	4
なんこうしましょう	4
なんこうしない	4
なんこうしなかった	4
なんこうした	4
なんこうして	4
なんこうしている	4
なんこうしています	4
なんこうしていた	4
なんこうしていました	4
なんこうしてる	4
なんこうしてます	4
あまやどりする	3
あまやどりします	3
あまやどりしません	3
あまやどりしました	3
あまやどりしませんでした	3
あまやどりしましょう	3
あまやどりしない	3
あまやどりしなかった	3
あまやどりした	3
あまやどりして	3
あまやどりしている	3
あまやどりしています	3
あまやどりしていた	3
あまやどりしていました	3
あまやどりしてる	3
あまやどりしてます	3
あまもりする	2
あまもりします	2
あまもりしません	2
あまもりしました	2
あまもりしませんでした	2
あまもりしましょう	2
あまもりしない	2
あまもりしなかった	2
あまもりした	2
あまもりして	2
あまもりしている	2
あまもりしています	2
あまもりしていた	2
あまもりしていました	2
あまもりしてる	2
あまもりしてます	2
せつじょくする	4
せつじょくします	4
せつじょくしません	4
せつじょくしました	4
せつじょくしませんでした	4
せつじょくしましょう	4
せつじょくしない	4
せつじょくしなかった	4
せつじょくした	4
せつじょくして	4
せつじょくしている	4
せつじょくしています	4
せつじょくしていた	4
せつじょくしていました	4
せつじょくしてる	4
せつじょくしてます	4
でんかする	3
でんかします	3
でんかしません	3
でんかしました	3
でんかしませんでした	3
でんかしましょう	3
でんかしない	3
でんかしなかった	3
でんかした	3
でんかして	3
でんかしている	3
でんかしています	3
でんかしていた	3
でんかしていました	3
でんかしてる	3
でんかしてます	3
でんちぎれする	3
でんちぎれします	3
でんちぎれしません	3
でんちぎれしました	3
でんちぎれしませんでした	3
でんちぎれしましょう	3
でんちぎれしない	3
でんちぎれしなかった	3
でんちぎれした	3
でんちぎれして	3
でんちぎれしている	3
でんちぎれしています	3
でんちぎれしていた	3
でんちぎれしていました	3
でんちぎれしてる	3
でんちぎれしてます	3
でんわする	3
でんわします	3
でんわしません	3
でんわしました	3
でんわしませんでした	3
でんわしましょう	3
でんわしない	3
でんわしなかった	3
でんわした	3
でんわして	3
でんわしている	3
でんわしています	3
でんわしていた	3
でんわしていました	3
でんわしてる	3
でんわしてます	3
ろけんする	3
ろけんします	3
ろけんしません	3
ろけんしました	3
ろけんしませんでした	3
ろけんしましょう	3
ろけんしない	3
ろけんしなかった	3
ろけんした	3
ろけんして	3
ろけんしている	3
ろけんしています	3
ろけんしていた	3
ろけんしていました	3
ろけんしてる	3
ろけんしてます	3
せいようする	4
せいようします	4
せいようしません	4
せいようしました	4
せいようしませんでした	4
せいようしましょう	4
せいようしない	4
せいようしなかった	4
せいようした	4
せいようして	4
せいようしている	4
せいようしています	4
せいようしていた	4
せいようしていました	4
せいようしてる	4
せいようしてます	4
めんするする	3
めんするします	6
めんするしません	7
めんするしました	6
めんするしませんでした	7
めんするしましょう	7
めんするしない	5
めんするしなかった	5
めんするした	3
めんするして	3
めんするしている	3
めんするしています	3
めんするしていた	3
めんするしていました	3
めんするしてる	3
めんするしてます	3
めんかいする	4
めんかいします	4
めんかいしません	4
めんかいしました	4
めんかいしませんでした	4
めんかいしましょう	4
めんかいしない	4
めんかいしなかった	4
めんかいした	4
めんかいして	4
めんかいしている	4
めんかいしています	4
めんかいしていた	4
めんかいしていました	4
めんかいしてる	4
めんかいしてます	4
めんせつする	4
めんせつします	4
めんせつしません	4
めんせつしました	4
めんせつしませんでした	4
めんせつしましょう	4
めんせつしない	4
めんせつしなかった	4
めんせつした	4
めんせつして	4
めんせつしている	4
めんせつしています	4
めんせつしていた	4
めんせつしていました	4
めんせつしてる	4
めんせつしてます	4
めんだんする	4
めんだんします	4
めんだんしません	4
めんだんしました	4
めんだんしませんでした	4
めんだんしましょう	4
めんだんしない	4
めんだんしなかった	4
めんだんした	4
めんだんして	4
めんだんしている	4
めんだんしています	4
めんだんしていた	4
めんだんしていました	4
めんだんしてる	4
めんだんしてます	4
おんどくする	4
おんどくします	4
おんどくしません	4
おんどくしました	4
おんどくしませんでした	4
おんどくしましょう	4
おんどくしない	4
おんどくしなかった	4
おんどくした	4
おんどくして	4
おんどくしている	4
おんどくしています	4
おんどくしていた	4
おんどくしていました	4
おんどくしてる	4
おんどくしてます	4
おんよみする	4
おんよみします	4
おんよみしません	4
おんよみしました	4
おんよみしませんでした	4
おんよみしましょう	4
おんよみしない	4
おんよみしなかった	4
おんよみした	4
おんよみして	4
おんよみしている	4
おんよみしています	4
おんよみしていた	4
おんよみしていました	4
おんよみしてる	4
おんよみしてます	4
よたくする	3
よたくします	3
よたくしません	3
よたくしました	3
よたくしませんでした	3
よたくしましょう	3
よたくしない	3
よたくしなかった	3
よたくした	3
よたくして	3
よたくしている	3
よたくしています	3
よたくしていた	3
よたくしていました	3
よたくしてる	3
よたくしてます	3
よきんする	3
よきんします	3
よきんしません	3
よきんしました	3
よきんしませんでした	3
よきんしましょう	3
よきんしない	3
よきんしなかった	3
よきんした	3
よきんして	3
よきんしている	3
よきんしています	3
よきんしていた	3
よきんしていました	3
よきんしてる	3
よきんしてます	3
りょうしゅうする	4
りょうしゅうします	4
りょうしゅうしません	4
りょうしゅうしました	4
りょうしゅうしませんでした	4
りょうしゅうしましょう	4
りょうしゅうしない	4
りょうしゅうしなかった	4
りょうしゅうした	4
りょうしゅうして	4
りょうしゅうしている	4
りょうしゅうしています	4
りょうしゅうしていた	4
りょうしゅうしていました	4
りょうしゅうしてる	4
りょうしゅうしてます	4
りょうゆうする	4
りょうゆうします	4
りょうゆうしません	4
りょうゆうしました	4
りょうゆうしませんでした	4
りょうゆうしましょう	4
りょうゆうしない	4
りょうゆうしなかった	4
りょうゆうした	4
りょうゆうして	4
りょうゆうしている	4
りょうゆうしています	4
りょうゆうしていた	4
りょうゆうしていました	4
りょうゆうしてる	4
りょうゆうしてます	4
ひんぱつする	4
ひんぱつします	4
ひんぱつしません	4
ひんぱつしました	4
ひんぱつしませんでした	4
ひんぱつしましょう	4
ひんぱつしない	4
ひんぱつしなかった	4
ひんぱつした	4
ひんぱつして	4
ひんぱつしている	4
ひんぱつしています	4
ひんぱつしていた	4
ひんぱつしていました	4
ひんぱつしてる	4
ひんぱつしてます	4
だいするする	3
だいするします	6
だいするしません	7
だいするしました	6
だいするしませんでした	7
だいするしましょう	7
だいするしない	5
だいするしなかった	5
だいするした	3
だいするして	3
だいするしている	3
だいするしています	3
だいするしていた	3
だいするしていました	3
だいするしてる	3
だいするしてます	3
かおあわせする	5
かおあわせします	5
かおあわせしません	5
かおあわせしました	5
かおあわせしませんでした	5
かおあわせしましょう	5
かおあわせしない	5
かおあわせしなかった	5
かおあわせした	5
かおあわせして	5
かおあわせしている	5
かおあわせしています	5
かおあわせしていた	5
かおあわせしていました	5
かおあわせしてる	5
かおあわせしてます	5
かおまけする	4
かおまけします	4
かおまけしません	4
かおまけしました	4
かおまけしませんでした	4
かおまけしましょう	4
かおまけしない	4
かおまけしなかった	4
かおまけした	4
かおまけして	4
かおまけしている	4
かおまけしています	4
かおまけしていた	4
かおまけしていました	4
かおまけしてる	4
かおまけしてます	4
けんざいする	4
けんざいします	4
けんざいしません	4
けんざいしました	4
けんざいしませんでした	4
けんざいしましょう	4
けんざいしない	4
けんざいしなかった	4
けんざいした	4
けんざいして	4
けんざいしている	4
けんざいしています	4
けんざいしていた	4
けんざいしていました	4
けんざいしてる	4
けんざいしてます	4
がんぼうする	4
がんぼうします	4
がんぼうしません	4
がんぼうしました	4
がんぼうしませんでした	4
がんぼうしましょう	4
がんぼうしない	4
がんぼうしなかった	4
がんぼうした	4
がんぼうして	4
がんぼうしている	4
がんぼうしています	4
がんぼうしていた	4
がんぼうしていました	4
がんぼうしてる	4
がんぼうしてます	4
るいじする	3
るいじします	3
るいじしません	3
るいじしました	3
るいじしませんでした	3
るいじしましょう	3
るいじしない	3
るいじしなかった	3
るいじした	3
るいじして	3
るいじしている	3
るいじしています	3
るいじしていた	3
るいじしていました	3
るいじしてる	3
るいじしてます	3
るいすいする	4
るいすいします	4
るいすいしません	4
るいすいしました	4
るいすいしませんでした	4
るいすいしましょう	4
るいすいしない	4
るいすいしなかった	4
るいすいした	4
るいすいして	4
るいすいしている	4
るいすいしています	4
るいすいしていた	4
るいすいしていました	4
るいすいしてる	4
るいすいしてます	4
ふうしする	3
ふうしします	3
ふうししません	3
ふうししました	3
ふうししませんでした	3
ふうししましょう	3
ふうししない	3
ふうししなかった	3
ふうしした	3
ふうしして	3
ふうししている	3
ふうししています	3
ふうししていた	3
ふうししていました	3
ふうししてる	3
ふうししてます	3
とびひする	3
とびひします	3
とびひしません	3
とびひしました	3
とびひしませんでした	3
とびひしましょう	3
とびひしない	3
とびひしなかった	3
とびひした	3
とびひして	3
とびひしている	3
とびひしています	3
とびひしていた	3
とびひしていました	3
とびひしてる	3
とびひしてます	3
ひこうする	3
ひこうします	3
ひこうしません	3
ひこうしました	3
ひこうしませんでした	3
ひこうしましょう	3
ひこうしない	3
ひこうしなかった	3
ひこうした	3
ひこうして	3
ひこうしている	3
ひこうしています	3
ひこうしていた	3
ひこうしていました	3
ひこうしてる	3
ひこうしてます	3
ひやくする	3
ひやくします	3
ひやくしません	3
ひやくしました	3
ひやくしませんでした	3
ひやくしましょう	3
ひやくしない	3
ひやくしなかった	3
ひやくした	3
ひやくして	3
ひやくしている	3
ひやくしています	3
ひやくしていた	3
ひやくしていました	3
ひやくしてる	3
ひやくしてます	3
たべあるきする	5
たべあるきします	5
たべあるきしません	5
たべあるきしました	5
たべあるきしませんでした	5
たべあるきしましょう	5
たべあるきしない	6
たべあるきしなかった	6
たべあるきした	5
たべあるきして	5
たべあるきしている	5
たべあるきしています	5
たべあるきしていた	5
たべあるきしていました	5
たべあるきしてる	5
たべあるきしてます	5
しょくじする	3
しょくじします	3
しょくじしません	3
しょくじしました	3
しょくじしませんでした	3
しょくじしましょう	3
しょくじしない	3
しょくじしなかった	3
しょくじした	3
しょくじして	3
しょくじしている	3
しょくじしています	3
しょくじしていた	3
しょくじしていました	3
しょくじしてる	3
しょくじしてます	3
うえじにする	5
うえじにします	5
うえじにしません	5
うえじにしました	5
うえじにしませんでした	5
うえじにしましょう	5
うえじにしない	5
うえじにしなかった	5
うえじにした	5
うえじにして	5
うえじにしている	5
うえじにしています	5
うえじにしていた	5
うえじにしていました	5
うえじにしてる	5
うえじにしてます	5
いんしゅする	3
いんしゅします	3
いんしゅしません	3
いんしゅしました	3
いんしゅしませんでした	3
いんしゅしましょう	3
いんしゅしない	3
いんしゅしなかった	3
いんしゅした	3
いんしゅして	3
いんしゅしている	3
いんしゅしています	3
いんしゅしていた	3
いんしゅしていました	3
いんしゅしてる	3
いんしゅしてます	3
いんしょくする	4
いんしょくします	4
いんしょくしません	4
いんしょくしました	4
いんしょくしませんでした	4
いんしょくしましょう	4
いんしょくしない	4
いんしょくしなかった	4
いんしょくした	4
いんしょくして	4
いんしょくしている	4
いんしょくしています	4
いんしょくしていた	4
いんしょくしていました	4
いんしょくしてる	4
いんしょくしてます	4
しいくする	3
しいくします	3
しいくしません	3
しいくしました	3
しいくしませんでした	3
しいくしましょう	3
しいくしない	3
しいくしなかった	3
しいくした	3
しいくして	3
しいくしている	3
しいくしています	3
しいくしていた	3
しいくしていました	3
しいくしてる	3
しいくしてます	3
ほうわする	3
ほうわします	3
ほうわしません	3
ほうわしました	3
ほうわしませんでした	3
ほうわしましょう	3
ほうわしない	3
ほうわしなかった	3
ほうわした	3
ほうわして	3
ほうわしている	3
ほうわしています	3
ほうわしていた	3
ほうわしていました	3
ほうわしてる	3
ほうわしてます	3
ほうしょくする	4
ほうしょくします	4
ほうしょくしません	4
ほうしょくしました	4
ほうしょくしませんでした	4
ほうしょくしましょう	4
ほうしょくしない	4
ほうしょくしなかった	4
ほうしょくした	4
ほうしょくして	4
ほうしょくしている	4
ほうしょくしています	4
ほうしょくしていた	4
ほうしょくしていました	4
ほうしょくしてる	4
ほうしょくしてます	4
ようしょくする	4
ようしょくします	4
ようしょくしません	4
ようしょくしました	4
ようしょくしませんでした	4
ようしょくしましょう	4
ようしょくしない	4
ようしょくしなかった	4
ようしょくした	4
ようしょくして	4
ようしょくしている	4
ようしょくしています	4
ようしょくしていた	4
ようしょくしていました	4
ようしょくしてる	4
ようしょくしてます	4
よういくする	4
よういくします	4
よういくしません	4
よういくしました	4
よういくしませんでした	4
よういくしましょう	4
よういくしない	4
よういくしなかった	4
よういくした	4
よういくして	4
よういくしている	4
よういくしています	4
よういくしていた	4
よういくしていました	4
よういくしてる	4
よういくしてます	4
がしする	1
がしします	1
がししません	1
がししました	1
がししませんでした	1
がししましょう	1
がししない	1
がししなかった	1
がしした	1
がしして	1
がししている	1
がししています	1
がししていた	1
がししていました	1
がししてる	1
がししてます	1
かけっこする	2
かけっこします	2
かけっこしません	2
かけっこしました	2
かけっこしませんでした	2
かけっこしましょう	2
かけっこしない	2
かけっこしなかった	2
かけっこした	2
かけっこして	2
かけっこしている	2
かけっこしています	2
かけっこしていた	2
かけっこしていました	2
かけっこしてる	2
かけっこしてます	2
かけひきする	2
かけひきします	2
かけひきしません	2
かけひきしました	2
かけひきしませんでした	2
かけひきしましょう	2
かけひきしない	2
かけひきしなかった	2
かけひきした	2
かけひきして	2
かけひきしている	2
かけひきしています	2
かけひきしていた	2
かけひきしていました	2
かけひきしてる	2
かけひきしてます	2
くしする	1
くしします	1
くししません	1
くししました	1
くししませんでした	1
くししましょう	1
くししない	1
くししなかった	1
くしした	1
くしして	1
くししている	1
くししています	1
くししていた	1
くししていました	1
くししてる	1
くししてます	1
くどうする	3
くどうします	3
くどうしません	3
くどうしました	3
くどうしませんでした	3
くどうしましょう	3
くどうしない	3
くどうしなかった	3
くどうした	3
くどうして	3
くどうしている	3
くどうしています	3
くどうしていた	3
くどうしていました	3
くどうしてる	3
くどうしてます	3
くじょする	1
くじょします	1
くじょしません	1
くじょしました	1
くじょしませんでした	1
くじょしましょう	1
くじょしない	1
くじょしなかった	1
くじょした	1
くじょして	1
くじょしている	1
くじょしています	1
くじょしていた	1
くじょしていました	1
くじょしてる	1
くじょしてます	1
ちゅうざいする	4
ちゅうざいします	4
ちゅうざいしません	4
ちゅうざいしました	4
ちゅうざいしませんでした	4
ちゅうざいしましょう	4
ちゅうざいしない	4
ちゅうざいしなかった	4
ちゅうざいした	4
ちゅうざいして	4
ちゅうざいしている	4
ちゅうざいしています	4
ちゅうざいしていた	4
ちゅうざいしていました	4
ちゅうざいしてる	4
ちゅうざいしてます	4
ちゅうとんする	4
ちゅうとんします	4
ちゅうとんしません	4
ちゅうとんしました	4
ちゅうとんしませんでした	4
ちゅうとんしましょう	4
ちゅうとんしない	4
ちゅうとんしなかった	4
ちゅうとんした	4
ちゅうとんして	4
ちゅうとんしている	4
ちゅうとんしています	4
ちゅうとんしていた	4
ちゅうとんしていました	4
ちゅうとんしてる	4
ちゅうとんしてます	4
ちゅうりゅうする	4
ちゅうりゅうします	4
ちゅうりゅうしません	4
ちゅうりゅうしました	4
ちゅうりゅうしませんでした	4
ちゅうりゅうしましょう	4
ちゅうりゅうしない	4
ちゅうりゅうしなかった	4
ちゅうりゅうした	4
ちゅうりゅうして	4
ちゅうりゅうしている	4
ちゅうりゅうしています	4
ちゅうりゅうしていた	4
ちゅうりゅうしていました	4
ちゅうりゅうしてる	4
ちゅうりゅうしてます	4
そうどうする	1
そうどうします	1
そうどうしません	1
そうどうしました	1
そうどうしませんでした	1
そうどうしましょう	1
そうどうしない	1
そうどうしなかった	1
そうどうした	1
そうどうして	1
そうどうしている	1
そうどうしています	1
そうどうしていた	1
そうどうしていました	1
そうどうしてる	1
そうどうしてます	1
こっせつする	4
こっせつします	4
こっせつしません	4
こっせつしました	4
こっせつしませんでした	4
こっせつしましょう	4
こっせつしない	4
こっせつしなかった	4
こっせつした	4
こっせつして	4
こっせつしている	4
こっせつしています	4
こっせつしていた	4
こっせつしていました	4
こっせつしてる	4
こっせつしてます	4
みりょうする	3
みりょうします	3
みりょうしません	3
みりょうしました	3
みりょうしませんでした	3
みりょうしましょう	3
みりょうしない	3
みりょうしなかった	3
みりょうした	3
みりょうして	3
みりょうしている	3
みりょうしています	3
みりょうしていた	3
みりょうしていました	3
みりょうしてる	3
みりょうしてます	3
みわくする	3
みわくします	3
みわくしません	3
みわくしました	3
みわくしませんでした	3
みわくしましょう	3
みわくしない	3
みわくしなかった	3
みわくした	3
みわくして	3
みわくしている	3
みわくしています	3
みわくしていた	3
みわくしていました	3
みわくしてる	3
みわくしてます	3
まひする	1
まひします	1
まひしません	1
まひしました	1
まひしませんでした	1
まひしましょう	1
まひしない	1
まひしなかった	1
まひした	1
まひして	1
まひしている	1
まひしています	1
まひしていた	1
まひしていました	1
まひしてる	1
まひしてます	1
もくとうする	4
もくとうします	4
もくとうしません	4
もくとうしました	4
もくとうしませんでした	4
もくとうしましょう	4
もくとうしない	4
もくとうしなかった	4
もくとうした	4
もくとうして	4
もくとうしている	4
もくとうしています	4
もくとうしていた	4
もくとうしていました	4
もくとうしてる	4
もくとうしてます	4
すたでぃー	2
うぃー	1
ぼっくす	1
しゃみ	1
ぐれーと	2
たぽあ	1
ばすけ	1
ますく	1
どりんく	2
ようこ	1
がいあ	1
ごーる	1
するー	2
うぉんとぅ	1
ぷっしゅ	1
やんぐ	1
でぃずにー	1
ふらんす	0
はーふ	1
たぐ	1
ぱるふぁん	1
せんたー	1
すまっく	2
さーびす	1
せい	1
ほわっと	2
くれじっと	2
きゃすと	1
きゃぷてん	1
ぷっしゅだうん	4
きゃんぷ	1
すいんぐ	2
えとせとら	3
ふゅーちゃー	1
ぐれい	2
ごれん	1
すてーと	2
とっぷ	1
じゃぱん	2
べすと	1
あるばいと	3
すたでいー	2
てーく	1
ぱーそん	1
にほん	2
ぎゃる	1
なんばー	1
れーざー	1
ぎゃらりー	1
ほてる	1
たふ	1
こんぐ	1
ぼでぃー	1
ばうんす	1
しゅーと	1
ぐっど	1
さいん	1
べるぎー	3
えっと	0
ふゅっせ	1
じい	1
しゃーぷ	1
でぱーと	2
ぐれいと	2
ぷりんと	0
ばっくあっぷ	4
びーる	1
さいず	1
あーと	1
はりー	1
ぐらぶ	1
ごうる	1
らんぷ	1
とぅー	1
でざいん	2
ぼつくす	1
かーぶ	1
しんくろ	0
まるせいえーず	3
おりっくす	2
めーく	1
ひも	0
えきすぱーと	4
いんたーなしょなる	5
ろらんじゅ	2
すきん	2
ぼたん	0
たいや	0
しょーと	1
あうとどあ	4
きゃんぱす	1
えらー	1
ほーむすてい	5
おーばーろーど	5
かーど	1
すくーる	2
くろーず	2
うぃーん	1
ぽすともだん	4
かっとおふ	4
ぷりてすと	3
でーたーべーす	5
もじ	1
えーとー	0
ふぃっつ	1
ふぁんきー	1
くらうん	2
はっぴー	1
いえす	1
ばす	1
やまがた	2
なんせんす	1
すろー	2
えー	0
らっきー	1
すたっふ	2
かれー	0
だーてぃー	1
くおーたー	2
ふぁいばー	1
かなるぐ	2
のぶ	1
せるびあ	0
えんど	1
さーゔぃす	1
びーむ	1
すぽーつ	2
げーむ	1
いんたーねっと	5
がろん	1
だーく	1
べたー	1
ぱんち	1
だぶる	1
ひとり	2
ばなな	1
でらっくす	2
がいあな	0
えこしすてむ	3
いぎりす	0
せいりんぐ	1
だんす	1
にっぽん	3
ろーん	1
くるーえる	2
につぽん	3
たいぷ	1
びーと	1
せーふがーど	4
てすと	1
がーでん	1
れーす	1
ぱーる	1
きやんぷ	1
あっぷでーと	4
せーふ	1
えーじぇんと	1
まっぷ	1
れふ	1
へあー	1
えあばす	0
はいきんぐ	1
えーと	0
ろーすと	1
んー	0
ぷらすちっく	4
かっぷ	1
すーぱー	1
すぃんぐ	2
かて	1
しょーるーむ	3
ふぉーまっと	1
へあ	1
かうんとだうん	5
してぃー	1
あとむ	1
てれび	1
ぱられる	1
てぃーたいむ	3
あっと	1
めいる	0
くりすぴー	2
すくりーん	3
つー	1
ふれんどりー	2
しぇにょ	1
ふぃーどばっく	4
わいるど	1
おーばーほーる	5
ぱふ	1
ぷらいす	2
さぽーと	2
でこーだー	2
あんち	1
らいふすたいる	5
きゃんせる	1
ぶらとっぷ	3
ばんかー	1
おーばーらっぷ	5
ぴあの	0
だめ	2
こんとろーる	4
こっく	1
まいくろほん	4
さんた	1
はろー	1
あうとるっく	4
ちょこれーと	3
ぱらめーたー	3
ぼでいー	1
らんく	1
あわー	1
ぺありんぐ	0
しゃったー	1
いんぐらんど	1
りーど	1
えーる	1
おーる	0
いち	2
うぃん	1
さんだー	1
ゆにばーさる	3
ぷろぐらむ	3
すーぱーまーけっと	5
あのー	0
ふぃっくす	1
びる	1
すろーだうん	4
くらふと	2
めいく	1
こーひー	3
しりある	1
ゔぉー	1
ぶるー	2
めんたる	1
だうんろーど	4
みすまっち	3
すこーぷ	2
おーとまとん	4
ぷろびる	1
こーるど	1
じゅーす	1
ぱとろーる	3
すくーぷ	2
でばっぐ	2
まいくろ	0
とらいぐらむ	2
さっかー	1
きす	1
くりーん	2
にゅーよーく	3
うぇるかむ	1
もんど	1
おーぷん	1
みくろ	1
しるばー	1
りさーち	2
しにあ	1
だいあもんど	4
うぃーくりー	1
しゃるだん	1
ゆにばーしてぃー	3
えこつあー	3
めっしゅ	1
すとれーと	3
ないとくらぶ	4
えろ	1
ぐらまー	2
ゔぁん	1
じょ	1
かーゔ	1
れざー	1
ほわいと	2
ばっくあつぷ	4
すとろんぐ	3
ふーど	1
べーかりー	1
すーぱーすたー	6
ふじ	1
ふぁん	1
よーか	1
ぱすぽーと	3
めにゅー	1
たいむ	1
ろぜいゆ	2
だいやもんどへっど	7
ふらいぱん	0
ふぁすてすと	3
せーふてぃー	1
とーらす	1
わーるど	1
とれーにんぐ	2
びざ	1
がいどらいん	4
きくい	0
ないん	1
ぱすわーど	3
ぷろとたいぷ	4
ぴっくあっぷ	4
ぶろっく	2
ぺいおふ	3
ふりー	2
きゃっちふれーず	5
どこも	1
からふる	1
ぼんご	1
ないす	1
でじたる	1
しやーぷ	1
しょーけーす	3
ろーど	1
おんしつ	0
おんぼーど	3
ごーじゃす	1
えぬだぶりゅー	3
くろ	1
ぽーとまん	1
かーん	1
れたー	1
ふろすと	2
ほーむすてー	5
ねっとわーく	4
れーだー	1
ぷーるさいど	4
あっぷろーど	4
どらっぐすとあー	6
くらすたりんぐ	5
すぺしゃる	2
あんど	0
ちゅーばっか	3
まうす	1
ちぇっくりすと	4
うぃーく	1
あどばいざー	3
けーき	1
どらい	2
じゃんぼ	1
ほーるふーど	4
でぃすたんす	1
ぽっぽ	1
どりーむ	2
ぷれぜんと	2
ぶいえす	0
がっこう	0
ぼらんてぃあ	2
ばたー	1
ぷろでゅーす	3
りんがー	1
ぶるーべりー	4
ぐっず	1
いんたあなしよなる	5
いんたーなしよなる	5
すらいど	0
ばいぱす	0
ふれっしゅ	2
けやき	0
なん	1
かりすま	0
ふらっしゅ	2
かっぷる	1
ゆあせるふ	3
あると	1
にっち	1
いっと	1
じょいん	1
すきゃんだる	2
ふぃぎゅあ	1
たーふ	1
すりーぶ	2
しーじー	3
はいてく	0
ふぃっと	1
ちーず	1
どらいぶ	2
はいらいと	3
くりーむ	2
ちょろぎ	1
ぱーむ	0
せんせい	3
せんせえ	3
せんせー	3
ぶろーどばんど	5
ろまんちっく	4
まざー	1
あじあ	1
すまーと	2
ぱわふる	1
ふぉーらむ	1
えあうぇいず	1
かんぱにー	1
じき	1
でこでこ	0
えらすてぃっく	4
ばか	1
しねま	1
ればー	1
れすとらん	1
あたっく	2
さんぷる	1
ぱらべん	1
そーる	1
あんこーる	3
ぴんく	1
はっぴぃ	1
はっぴい	1
ばーげん	1
おーばーらん	5
しんぷる	1
らんだむ	1
なーんせーんす	1
ぷいー	2
ぱーとなーしっぷ	6
びっぐ	1
ぴーち	1
たっち	1
おけ	1
たいむりー	1
びゅーてぃふる	1
めもりある	2
こーち	1
さーち	1
ろーりんぐ	0
だいぶ	1
だいゔ	1
きーぼーど	3
ぐろーぶ	2
ふぁーすと	0
らっきい	1
ふおーまっと	1
きると	1
おきなわ	0
ぷらざ	1
ぱたーん	2
ひゅーまん	1
のーすいーすと	4
てーぜ	1
ごま	0
しば	1
くりてぃかる	2
わいど	1
しゃんぷー	1
かなでぃあん	2
てーらー	1
えんとりー	1
くれぢつと	2
でざーと	2
えぬえいちけー	6
おーゔぁーらっぷ	5
せらー	1
べーすらいん	4
しねぷらざ	3
びくたー	1
ころな	1
ばするーむ	3
ふぁーる	1
なう	1
ぷーる	1
どろっぷあうと	5
ぷち	1
りすとら	0
さいちゅう	1
すーぱーこんぴゅーたー	7
ものぐらふ	3
るーず	1
ちっぷす	1
あくせぷと	3
ふらわー	2
ほっとけーき	4
くーる	1
せっとあっぷ	4
ぷらもでる	3
すぴーどあっぷ	5
おんぶれす	1
ふろあ	2
らんげーじ	1
そにー	1
あなろぐ	0
ろーずまりー	4
あめりか	0
はんずふりー	5
まいくろばす	5
むっく	1
りさいくる	2
べんつ	1
ぶりっじ	2
れいあうと	3
うぉーず	1
ゔぇーる	1
みすたー	1
きゅいじーぬ	3
げんだい	1
はっく	1
こっぷ	0
ぱーく	1
ふぉん	1
らじかる	1
すうぃんぐ	2
りむら	1
ぺーすめーかー	4
ゆーざー	1
どーなつ	1
ふいっと	1
へゔぃ	1
れある	1
えころじかる	3
ぶれーく	2
ねんど	1
ちーむ	1
れっど	1
へりこぷたー	3
つーる	1
みゅらっく	1
おすかー	1
ばすけっとぼーる	6
ぐろーばる	2
こらぼれーしょん	4
ふぃるはーもにー	3
きやぷてん	1
れぶ	1
まいなす	0
るーぶる	1
さんでー	1
もーる	1
こぴー	1
じぐ	1
りふれいん	3
めんばー	1
あばんぎゃるど	4
えあ	1
ぷれー	2
でびゅー	1
ろっかー	1
ぶろつく	2
すりーぴー	2
ていく	1
さっくす	1
びーんず	1
いんたーふぇーす	5
えあらいん	3
びえら	1
ぐれーす	2
だっしゅ	1
ほうし	1
ばーる	1
ぱわー	1
うべあ	1
おーとばい	3
ゆにゔぁーさる	3
いっぽう	3
ちぇっくぽいんと	4
はいじゃっく	3
べすつ	1
せいふ	1
ぱーんち	1
ふれんどりぃ	2
れでぃー	1
めろどらま	3
ゆーろすぴーち	5
せんしてぃぶ	1
てれこむ	1
ぷりんつ	0
あいぶ	1
ぷろぽーず	3
ぽっぷこーん	4
つーかー	0
とらっく	2
めりる	1
ふぉろー	1
ぐらんぱす	2
たたら	1
ぷろでぅーす	3
しーん	1
しんがー	1
れじぉなる	3
かうんたーばらんす	6
こんさーとますたー	6
ふぃんがー	1
いんすとーる	4
らんちたいむ	4
べーる	1
あぷろーち	3
すかい	2
とんぷそん	1
どらいゔ	2
ふぁいなる	1
すまあと	2
とんねる	0
せーき	1
かばー	1
すこありんぐ	0
はんがー	1
なちゅらる	1
ぶるう	2
くろけっと	3
とたん	0
ぼいこっと	3
れんたる	1
ぷらいべいと	4
ふぁっくす	1
ゑろ	1
ふあっくす	1
ふらいと	0
すくらっぷ	3
だぶりゅー	1
こんぷりーと	4
すかいらいん	4
ひっと	1
きっす	1
きつす	1
しゃとー	1
しーえぬえぬ	5
おなにー	1
すてんと	2
ふぃにっしゅ	1
いである	1
おぶじぇくと	1
まま	1
そふとりー	1
あぶすとらくと	5
くっきんぐ	1
すていと	2
すてえと	2
あー	0
ぶらん	1
いとー	0
ぶらっくべりー	5
りりーふ	2
ろーばー	1
ぐれー	2
ぴーく	1
ぷれい	2
しーど	1
ますきんぐ	0
せんてんす	1
ちぇんじ	1
ぶらうじんぐ	0
りんが	1
でじぃたる	1
でぢたる	1
とるこ	1
のーと	1
ぶりっぢ	2
ぶりつぢ	2
あくせす	1
じゃんく	1
てすつ	1
ばれーぼーる	4
ひっつ	1
ちーむめーと	4
ちょいす	1
ぱて	1
すぱんこーる	4
きらー	1
びえんなーれ	4
うえーぶ	2
かめらまん	3
しゃてやーる	3
すとっぷうぉっち	5
はいぱーりんく	5
ゔぃえいゆ	2
ゔぃーにゅ	1
ものとーん	3
ぼーいんぐ	1
しょっく	1
こぴい	1
こんとろーるず	4
こーるず	1
すてっぷ	2
ほーく	1
りたーん	2
ぶっくまーく	4
りりーす	2
だいやる	0
あめりかないず	5
すとれっち	3
すらいでぃんぐ	0
でびゅう	1
でびゆー	1
でゔゅー	1
ふぁくとりある	3
くらぶ	1
まいん	1
うぇーぶ	1
うえーゔ	2
えれべーたー	3
りこーる	2
のうはう	1
ふぁんたじー	1
こんべあ	3
とっぷれす	1
いらく	1
つりー	2
ろしあ	1
さぶりな	0
ぱっけーじ	1
こみゅにけーしょん	4
りすこありんぐ	3
さいくりんぐ	1
でぃれくと	2
ぎみー	1
のべ	1
のゔぇ	1
りゆーす	2
まじぇすた	2
おぺら	1
ふおろー	1
ぷらんにんぐ	2
いんてりじぇんと	3
しょっぴんぐ	1
でぃすかうんと	3
ほっぷ	1
りめいく	2
かゔぁー	1
じゃっじ	1
すちーる	2
ぷろてくたー	3
あぴーる	2
ろまんちつく	4
ぼいこつと	3
りくるーと	3
ふぁうる	1
れじ	1
しぇる	1
つけ	2
でぃすかっしょん	3
ふぇりー	1
じょいふる	1
ばすたー	1
ふっとぼーる	4
めんてなんす	1
はーどでぃすく	4
れくちゃー	1
こんてすと	1
だいえっと	1
とらふ	2
ふぁるこねり	3
みーにんぐ	1
うぇぃゔ	1
うぇいぶ	1
うぇいゔ	1
うぇーゔ	1
りみっと	1
いんできしんぐ	3
うぉーる	1
そてー	1
ぶらんく	2
ごーるど	1
しふと	1
ずーむ	1
せーらー	1
のおと	1
はっする	1
きゃぷちゃ	0
ばっち	1
ばってぃんぐ	0
ぱっく	1
りふぉーむ	2
りんす	1
すきっぷ	2
こすぷれ	0
まくろ	1
りとる	1
すてつぷ	2
せいぶ	1
りにゅーある	2
きーぷ	1
びじゅある	1
らっきーず	1
りはびり	0
りくえすと	3
だーし	1
ばろう	1
いんたーらくしょん	5
おーばーらいど	5
はいうぇい	3
ふりーだむ	2
りふれーん	3
えんとり	1
りめーく	2
でこーど	2
はんてぃんぐ	1
こみにけーしょん	4
こーん	1
りむ	1
りらっくす	2
ろーどすたー	4
すらいす	2
いんすとぅーる	4
おりーぶ	2
くりっぱー	2
てるねっと	3
でふらぐ	0
とーたる	1
ぷろぐらみんぐ	4
れぽーと	2
れんたるず	1
おにゃにー	1
くらっしっく	4
じゃんぷ	1
すきつぷ	2
りぴーと	2
いんぽーと	3
しゃっとあうと	4
すこあ	2
せれくと	2
とっぴんぐ	0
あだぷと	2
くっきん	1
こめんつ	0
すかうと	2
だいじぇすと	1
ちぇいんじ	1
ちぇんじず	1
とりーとめんと	2
はいうぇー	3
れいぷ	1
だいある	0
ぺいんと	0
ほいっぷ	2
ゆーとぴあ	3
りふれっしゅ	3
おふぁー	1
かすたまいず	4
せってぃんぐ	0
だんぷ	1
まっちんぐ	0
りたん	2
れりーず	2
あれんじ	2
せっくる	1
でーたべーす	4
めいんてなんす	2
らっぴんぐ	0
りほーむ	2
じょぎんぐ	0
すけっち	2
ふぃるたりんぐ	0
ぷらにんぐ	2
ぷろっと	2
ほーむ	1
まんせー	1
あさいん	2
あしすと	2
あっぴーる	3
あぴーるず	2
あらいめんと	2
あんてるなしおなる	7
いんたなしょなる	4
いんたなしよなる	4
ういんく	2
そーと	1
ですかっしょん	3
はんちんぐ	1
はーど	1
ぶれんど	0
りらんきんぐ	2
えすかれーと	4
きゃぷちゃー	1
こらーじゅ	2
すくいず	2
すけーぷ	2
でもんすとれーしょん	6
とつぴんぐ	0
ふりーず	2
へや	1
ほいつぷ	2
りかばり	2
りにゅある	2
れくちゅあ	1
れしーぶ	2
いんたらくしょん	4
こぴぺ	0
すけつち	2
でこーでぃんぐ	0
でもんすとれいしょん	6
ねーみんぐ	0
ふぇいしんぐ	0
ふぉーかす	1
ぷろつと	2
みっくす	1
りたいあ	2
りばびりー	2
りばいばる	2
うえっと	2
かってぃんぐ	0
くらっきんぐ	2
くらっしゅ	2
すぴん	2
ちゃーたー	1
でもんすとれーしよん	6
ばんどる	0
ふぃーばー	1
ふぇーしんぐ	0
へっでぃんぐ	0
ほーるでぃんぐず	1
ぽしぇ	1
りかばりー	2
りゔぁいばる	2
りゔぁいゔぁる	2
れぴーと	2
りべんじ	2
わっくす	1
あいでんてぃふぁい	3
あうとくらい	5
あうとぷっと	4
あうふへーべん	4
あくせられいと	5
あくせられーと	5
あくろこるどん	4
あぐりー	1
あしっだいず	4
あてんど	2
あでぃくと	2
あぷらい	3
あぺんど	2
あまるがめーと	5
あみゅーざん	2
あらいんめんと	2
あれいんめんと	2
あろけーと	3
あんがじぇ	0
あんざいれん	3
えきっぷめんと	5
いぐのあ	0
いめちぇん	0
いるみねーてぃんぐ	4
いんくりめんと	5
いんくるーど	4
いんさーと	3
いんすてっぷ	4
いんすぱいあー	4
いんすぺくと	4
いんたーなしょならいず	8
いんたらぷと	4
いんたーらぷと	5
いんてぐれいと	5
いんてぐれーと	5
いんぷっと	3
いんぷりめんと	3
いんぷるーぶ	4
うぃんく	1
うこのぃえ	3
うこのいえ	3
えくすてんしょん	4
えくすとらくと	5
えすけーぷ	3
えすこーと	3
えでぃてぃんぐ	0
えみゅれーと	3
えんじょい	3
えんすと	0
えんぱわめんと	3
えんぱわーめんと	4
えんりっち	3
おぷてぃまいず	1
おみっと	2
おーそらいず	4
おーばーしゅーと	5
おーばーひーと	5
おーばーらいと	5
かぷりんぐ	0
かむふらーじゅ	4
かもふらーじゅ	4
かりきゅーす	3
かんにんぐ	0
からめりぜ	3
きゃらめりぜ	3
くらうにんぐ	2
くらっしゅど	2
くらっど	2
くらんきんぐ	0
くりえいと	3
くりえーと	3
くりんち	2
くりーぶ	2
くろーにんぐ	2
ぐらでゅえーと	4
ぐれいいしゅ	2
ぐれっぷ	0
けれけれ	0
こみゅにけーと	4
ころないず	3
こんさばてぃずむ	5
こんてぃにゅー	3
こんでんす	3
こんぱいる	3
こんぱれーた	4
こんぷれっしょん	4
こーきんぐ	0
こーてぃんぐ	0
さじぇすと	2
さぼたーじゅ	3
さるべーじ	3
さーきゅれーと	1
さーてぃふぃけーと	3
しみゅれーと	3
しゃうと	1
しゃっとだうん	4
しゃっふる	1
しゃふる	1
しゃとりんぐ	0
しょーあっぷ	3
しんぼらいず	4
じぇねれーと	3
じゃぐりんぐ	0
じゃすてぃふぁい	1
じゃっぐる	1
じょいんと	0
じよいんと	0
じらーれ	2
すいっちばっく	5
すいべる	1
すいぶる	1
すうぃんぎんぐ	2
すぃーぷ	2
すいーぷ	2
すきみんぐ	0
すくろーる	3
すけーりんぐ	0
すこーぴんぐ	0
すたっふぃんぐ	2
すたんばい	2
すとらいぴんぐ	3
すぱーく	2
すぷりっと	3
すぷりつと	3
すぺくとらむ	2
すぽいる	2
すぽいるず	2
すまっしゅ	2
すまっしんぐ	2
すりっぽん	2
すーぱーばいず	5
すーぱーゔぁいず	5
せんがく	0
そふぃすてぃけいと	5
そふぃすてぃけーと	5
そーてぃんぐ	0
たっくる	1
たっぴん	0
たっぴんぐ	0
たんにんぐ	0
だっきんぐ	0
だびんぐ	0
ちぇっくあうと	4
ちゃっきんぐ	0
ちゃらんけ	2
ちゃーじ	1
ちやーじ	1
ちゃーむ	1
ちやーむ	1
ちゅーんなっぷ	4
ちーく	1
ついーと	2
ていくおふ	4
ていすてぃんぐ	0
てーすてぃんぐ	0
てーぴんぐ	0
でぃぺんど	2
できゃんてぃんぐ	0
でけー	2
でっさん	1
でつさん	1
でじけーと	3
ででぃけーと	3
でぃふぁいん	2
でふぁいん	2
でふれーと	3
でぷろい	1
でりばー	1
とらばーす	3
とらばーゆ	3
とらんすふぁー	2
どっきんぐ	0
どらぐ	0
どらぽじ	0
どーぷ	1
なりっしゅ	1
ねぐれくと	3
ねとさ	0
のっくあうと	4
のっくだうん	4
のべらいず	1
のゔぇらいず	1
のみねいと	3
のみねーと	3
のーまらいず	4
はっぐ	1
はんぶる	1
ふぁんぶる	1
はーもないず	4
ばりすと	0
ばーすと	1
ぱらふれーず	4
ぱらめたらいず	5
ぱーじ	1
ぱーそならいず	5
びじゅあらいず	4
びばーく	2
びぶらーと	3
ゔぃぶらーと	3
ゔぃゔらーと	3
ぴっちんぐ	0
ふぁいならいず	4
ふぁいならんず	4
ふあいならいず	4
ふぃーちゃー	1
ふぃーちゅあ	1
ふぃーゔぁー	1
ふぇあ	1
ふぉーみゅれーと	4
ふらんべ	2
ぶらしんぐ	0
ぶりんく	2
ぶりーふ	2
ぶりーふぃんぐ	2
ぶろーどきゃすと	5
ぶーと	1
ぷりいんすとーる	6
ぷれいんすとーる	6
ぷれえんとりー	3
ぷれぜんてーしょん	5
ぷれっしんぐ	2
ぷれびゅー	3
ぷろてくと	3
ぷろもーと	3
へっじ	1
へでぃんぐ	0
ぺーしんぐ	0
ほっぴんぐ	0
ほばりんぐ	0
ほわいとにんぐ	2
ぼんでぃんぐ	0
ぼーく	1
ぽじしょにんぐ	2
ぽじしょんにんぐ	0
まいんすいーぱ	5
ますたべーしょん	4
ますたーべーしょん	5
まどる	1
まりあーじゅ	3
まーきんぐ	0
みきしんぐ	0
みすくらしふぁいど	4
みすぷりんと	4
みすりーど	3
みつくす	1
むんちゅ	1
めーきゃっぷ	3
もでぃふぁい	1
もんたーじゅ	3
よーろっぱないず	6
らいせんしんぐ	3
らみねーと	3
らんしっど	3
らんだまいず	4
りあらいず	3
りかばりぃ	2
りかゔぁりー	2
りかばー	2
りがーど	2
りこいる	2
りこんふぁーむ	4
りさいず	2
りざーぶ	2
りざーぶず	2
りざーゔ	2
りすか	0
りすぺくと	3
れすぺくと	3
りせっと	2
りたいや	2
りだいやる	2
りだいれくと	2
りちゃーじ	2
りでざいにんぐ	3
りでざいん	3
りばんど	0
りびると	2
りびるど	2
りふぃにっしゅ	2
りぷりんと	3
りぷれい	3
りぷれー	3
りぷれーす	3
りゔぇんじ	2
りますたー	2
りらいと	2
りーりんぐ	0
れっかー	1
ろぎんぐ	0
ろっきん	0
ろっきんぐ	0
ろびんぐ	0
ろーからいず	4
ろーまないず	4
ろーみんぐ	0
わいぷあうと	4
わつくす	1
あーす	1
ぴらみっでぃんぐ	3
まねーじ	2
りじぇくと	2
りぷ	1
れきしからいず	5
れこぐないず	4
がっこー	0
せーぶ	1
ふぁっく	1
ふぉーる	1
りぴ	1
ろっく	1
しーる	1
せいゔ	1
せーゔ	1
ばすけつと	3
りすとあ	0
りふぁいん	2
えれくと	2
げっつ	1
しんくろないず	5
ぼいる	1
いでぃあ	1
ちょっぷ	1
ぼーと	1
いんふぉーむ	3
うぇぶさいと	3
じっさい	0
でぃすあんびぎゅえーしょん	7
ばうんど	0
これくと	2
せっくす	1
ばすけっと	3
りんくす	1
さくら	0
のつく	1
えぬわい	3
ぱけ	1
のんせんす	1
もばいる	2
れじすと	2
あゔぁんぎゃるど	4
こんぱす	1
がーるふれんど	5
もるとぷれん	5
あなる	1
ふぉっくす	1
すりーぴぃ	2
くりあー	2
びるだー	1
はんでぃきゃっぷ	4
きの	1
すとーる	2
ひむ	1
ほーるでぃんぐ	0
みんく	1
きゅうしゅう	1
ばけっと	2
わーぷ	1
くりや	2
くりやー	2
ばいからー	3
けあー	1
ぴーる	1
かるね	1
せんしてぃゔ	1
せんすぃてぃゔ	1
のっく	1
はいあっと	1
ほか	0
まーじ	1
あこーすてぃっく	5
ぷろでゅーさー	3
はぴ	1
はーぴー	1
いんぱるす	3
あくせる	1
しんく	1
てっく	1
ぷろふぁいりんぐ	3
さくせす	1
すてーしょん	2
きんく	1
ちゃっぷ	1
なちゆらる	1
うおっち	2
たーる	1
きーとん	1
ぐらすわーるど	4
しゅらふ	1
ぽーら	1
あんちっく	3
かなだ	1
さにー	1
だいなみっく	4
かったー	1
はんにち	4
ぴっぐ	1
うぉーたー	1
ほんだ	0
ぴーす	1
ろくに	0
どめーぬ	2
ふりーうぇい	4
ゆにべるせる	3
ゆにゔぇるせる	3
しよつく	1
きげん	0
せきゅあ	1
そろ	1
とれお	1
こーで	1
おあ	0
くっく	1
ふぇいす	1
きゃんでー	1
えっち	1
さらりーまん	3
あめーじんぐ	2
たくしー	1
ふぁんだめんたる	4
あっぷす	1
いーじす	1
とれーどまーく	5
ふーず	1
せいふてぃ	1
せふてぃ	1
おーけすとら	3
くろーる	2
あるま	1
いんだすとりある	3
せーる	1
でぃじたる	1
でいじたる	1
ぱーそなる	1
おりじなる	2
じゃいあんと	1
ゔぃじゅある	1
あーる	1
じおん	1
かうぼーい	3
ぐらゔ	1
べいるーと	3
ろまんてぃっく	4
ふれーしゅ	2
むーちょ	1
いっしょう	0
めいじゃー	1
ばいたる	1
りーだーしっぷ	5
ろまねすく	3
さーぶ	1
はいてっく	3
うえーと	0
こんびに	0
いんてりあ	3
せーふてぃ	1
ぱわふるず	1
あぐり	1
こんくーる	3
ますかっと	3
あんてぃーく	3
ろまんちっしゅ	4
ろまんちつしゆ	4
ろまんてぃしゅ	4
ろまんてぃっしゅ	4
はつと	1
ふぁじぃ	1
さいばー	1
すぱげてぃ	3
ひゅーまんず	1
まじかる	1
りむーばぶる	2
うらん	1
こすと	1
かなでぃあんず	2
びゅーちふる	1
びゅーてぃふぉー	1
びゆーちふる	1
へびー	1
あいるらんど	4
すぴりちゅある	3
まらそん	0
えりあ	1
あこーすてぃつく	5
かじゅある	1
こーと	1
はーと	0
ふろーらる	2
あうとさいど	4
ふぁいる	1
あんちつく	3
せまんてぃっく	4
くりすます	3
ぷろふぇっしょなる	3
らいぶらりー	1
けぁ	1
はあど	1
ぐるめ	1
めかにかる	2
らでぃかる	1
るーす	1
あんだーしゃつ	5
たいぷらいたー	4
ねいてぃぶ	1
みらくる	1
じぇーあーる	3
ろーかる	1
しーく	1
ぱらとぐらふ	4
ぷろゔぁんす	2
いんふぃにっと	3
わっち	1
せしてぃぶ	1
てくにかる	2
みみ	1
えくせれんと	1
せくしゅある	1
へっどらいと	4
あくてぃぶ	1
おりぢなる	2
しま	1
じょるじゅ	1
でぃーぷ	1
ぼいす	1
れんず	1
あだると	2
あめいじんぐ	2
すてっき	2
せくしー	1
なちゅれる	1
なちゅれーる	3
うぇっと	1
きゃっしんぐ	0
にゅーとらる	1
うえす	2
しゃむ	1
すとっくやーど	5
ひゅーりすてぃくす	3
へるぱー	1
めーん	1
りにあ	1
いたりあん	2
えれがんす	1
くらしかる	2
ゔぁいたる	1
へびぃ	1
へびい	1
へゔぃー	1
ぼーだーれす	3
いーじぃ	1
いーじー	1
がーりー	1
きゃち	1
あんちーく	3
あんてぃっく	3
くりつく	2
ふぁじい	1
ふぁじー	1
ふらつと	2
ぷろふぇっしよなる	3
まなー	1
にゅーらる	1
ねいてぃゔ	1
ねいていぶ	1
ねーてぃぶ	1
あくーすてぃっく	5
けみかる	1
ふぁんだめんたるず	4
でいーぷ	1
どらまちっく	4
きち	1
ぽぴゅらー	1
れとろ	1
あいである	1
あいでぃある	1
あめりかん	2
じゃいろ	1
ばつく	1
ふあんだめんたる	5
りべらる	1
あうとりーち	4
あんでゅすとりある	5
えれがんと	1
ちゃーみんぐ	1
にゆーとらる	1
ひる	1
いんでぃふぁれんと	3
えすにっく	3
がーりぃ	1
いのせんと	1
いんてぃめーと	4
えころ	1
おふぃしゃる	1
くりん	1
くれいじー	2
じゃすと	1
じゅーしー	1
せれぶ	1
でっど	1
ぷりさぽーじんぐ	4
りーふ	1
あくてぃゔ	1
ぐらふぃくす	3
ぐらふぃっくす	3
こらぼれーてぃぶ	4
こんすたんと	1
せくしぃ	1
ふらっつ	2
ぽじてぃぶ	1
りーずなぶる	1
あすべすと	3
おーそどっくす	4
せくしゃる	1
だいこてぃっく	4
ちーぷ	1
にーとらる	1
はんぐりー	1
ぱらでぃ	1
ぷらぐまてぃっく	4
れきしからいずど	5
あばうと	2
いたーりあん	2
くろーずど	2
こらぼれいてぃぶ	4
こらぼれいてぃゔ	4
こんぐれっしょなる	4
ちーと	1
でくららてぃぶ	3
ぴゆあ	1
ぼーだれす	1
ぽじてぃゔ	1
あいろにっく	1
あかうんたぶる	3
あくせしぶる	3
あごにすてぃっく	5
あだぷてぃぶ	2
あでぃてぃぶ	1
あどみにすとれいてぃぶ	7
あどみにすとれーてぃぶ	7
あなくろにっく	4
あなーきすてぃっく	6
あなーきい	2
あなーきー	2
あにみすてぃっく	3
あふぁまてぃぶ	3
あふぁまてぃゔ	3
あふぁーまちぶ	2
あふぁーまてぃぶ	2
あふぁーまてぃゔ	2
あふぇくてぃぶ	2
あもるふ	2
あるふぁべてぃかる	4
あろまてぃっく	4
あんたちゃぶる	3
あんたっちゃぶる	3
あんであん	1
あんひびてっど	3
あんびえんと	4
あんびぎゅあす	3
あんまーくと	3
あーがてぃぶ	1
あーてぃすてぃっく	5
いくいばれんと	3
いでぃおまてぃっく	5
いでおまてぃっく	5
いでおろじかる	4
いでおろじっく	5
いねびたぶる	4
いのべーてぃぶ	3
えふしぇんと	3
いぷさてぃぶ	3
いまじなてぃぶ	3
いまじなりー	2
いまーじなる	2
いりゅーじょなる	2
いれぎゅらー	2
いれぎゅーらー	3
いんあくてぃぶ	3
いんくるーしぶ	4
いんくるーしゔ	4
いんすてぃちゅーしょなる	5
いんすてぃてゅーしょなる	5
いんすぴれーしょなる	5
いんたーすてぃみゅらす	6
いんたらくてぃぶ	4
いんたらくてぃゔ	4
いんたーらくてぃぶ	5
いんたーらくてぃゔ	5
いんてんしぃぶ	5
いんてんしぶ	3
いんてんしゔ	3
いんてんしーぶ	5
いんでぃふぁてぃがぶる	5
いんばーてっど	3
いんふぇありあ	4
いんふぇりあー	3
いんふぇりおー	3
いんぽっしぶりー	3
えきさいてぃんぐ	3
えきゅめにかる	3
えくすたてぃっく	5
えくすとりーむ	5
えきすとりーむ	5
えくすとれむ	4
えくすとれーむ	5
いぐざくと	3
えぐざくと	3
えっじぃ	1
えっじー	1
えさんしえる	4
えせんしゃる	2
えっせんしゃる	3
えっせんしゃるず	3
えふぇくてぃぶ	2
えふぇめらる	3
えぽかる	1
えもーしょなる	2
えんぴりかる	3
えーでっど	1
おぷしょなる	1
おぷちみすてぃっく	6
おぷてぃみすてぃっく	6
おぺれーしょなる	3
おーたねいてぃぶ	4
おーせんてぃっく	5
をーそどつくす	4
おーらる	1
おーるまいてぃ	4
おーるまいてぃー	4
おーるまいてい	4
かおてぃっく	1
かてごりかる	3
かーびー	1
きゃむぷ	1
ぐらちゅい	1
ぐらでぃえんと	2
ぐりーにっしゅ	2
ぐれいっしゅ	3
ぐろっきー	2
こみゅにかぶる	4
ころにある	2
こんさばてぃぶ	3
こんさーばてぃぶ	3
こんすちつーしょねる	5
こんとらすてぃぶ	4
こんぱらぶる	3
こんぷりめんたりー	5
さいけでりっく	5
さいころじかる	4
させぷてぃぶる	2
さぽーてぃぶ	2
しぐにふぃかんと	2
ししりあん	2
しすてみっく	4
しびーる	2
しんめとりかる	4
じぇねらてぃぶ	2
じっくざっく	1
じつくざつく	1
すけぷてぃっく	2
すてぃっきー	2
すとらくちゅある	3
すとらてじっく	3
すのっばりー	4
すぺしふぃっく	4
すぽんてーにあす	4
すむーず	2
すもーくど	2
すりっぴー	2
せみぱらめとりっく	5
せれくてぃぶ	2
せんさりー	1
せんしゃす	1
そるてぃー	1
だいえたりー	3
だすきー	1
だんでぃー	1
だんでぃ	1
ちゃれんじんぐ	2
てりぶる	1
てんたてぃぶ	1
てんたてぃゔ	1
てんぽらりー	1
てんぽらる	1
でぃすじゃんくてぃぶ	3
でっどりー	1
でぱあと	2
でぃぷれっしぶ	3
でりーしゃす	2
とぽろじかる	3
とぽろじっく	4
なしょなりすてぃっく	6
なすてぃ	1
なすてぃー	1
なみんぐ	1
なるしー	1
にひる	1
にゅーとらしゅーてぃかる	5
にゅーとりてぃぶ	3
にゅーろてぃっく	4
ねがてぃぶ	1
ねがてぃゔ	1
のいじー	1
のんばーばる	3
のんりにあ	3
はいあらーきかる	4
はいから	0
はいぶらう	4
はいぶろー	4
はぷてぃっく	3
はーばる	1
はーもにくす	4
はーもにっくす	4
ばいおれんと	1
ゔぁいおれんと	1
ばさら	0
ばてじにあす	3
ゔぁてじにあす	3
ばなきゅらー	2
ゔぁなきゅらー	2
ばぶりー	1
ばるきー	1
ばーちゅある	1
ゔぁーちゅある	1
ばーばらす	1
ばーばる	1
ぱいど	1
ぱたごにすてぃっく	6
ぱたふぃじっく	4
ぱのらみっく	4
ぱふぉーまてぃぶ	2
ぱらまぐねてぃずむ	6
ぱろでぃっく	3
ぱーせぷちゅある	3
ぱーふぇくとりー	3
ぱーぷりっしゅ	1
ぱーぺちゅある	4
ぱーりぃ	1
ぱーりー	1
ひすとりかる	3
ひどぅん	1
ひぷのてぃっく	4
ぴくちゃれすく	4
ぴびむ	1
ぴゅあ	1
ぴゅあー	1
ぴーすふる	1
ふぁびゅらす	1
ふぁんしぃ	1
ふぁんしい	1
ふぁんしー	1
ふぁーましゅーてぃかる	4
ふぁーましゅーてぃかるず	4
ふぃくてぃぶ	1
ふぃくてぃゔ	1
ふぃねす	1
ふぃろそふぃかる	3
ふぉぎー	1
ふぉーかる	1
ふゅーちゃりすてぃっく	6
ふりーくえんと	2
ふれぐらんと	2
ふろすてぃ	2
ふろすてぃー	2
ぶらでぃー	2
ぶれいぶ	2
ぶれすれす	2
ぶれっしー	2
ぶれいゔ	2
ぶーみー	1
ぷあ	1
ぷあー	1
ぷーあ	1
ぷらいまる	2
ぷりすくりぷてぃぶ	5
ぷりずまてぃかる	4
ぷりんしぱる	2
ぷろぐれっしぶ	4
ぷろぐれっしゔ	4
ぷろすぺくてぃぶ	4
ぷろもーしょなる	3
へれにすてぃっく	5
ほめおてぃっく	4
ほめおていっく	4
ぼけーしょなる	2
ぼたにかる	2
ぼらんたりー	2
ぼーるど	1
ぽじちぶ	1
ぽすとこんぺてぃてぃぶ	7
ぽーき	1
まぐねてぃっく	4
ますきゅりん	2
まっちょ	1
まるちかるちゅらる	4
まるちすれっど	5
みすてぃーく	3
めかにっく	3
めぞすこぴっく	5
めたふぉりかる	3
もちべーしょなる	3
らんぴっど	1
らんぴー	1
りかーしぶ	2
りれーしょなる	2
りんふぉるつぁんど	5
りーだぶる	1
れりじゃす	1
わんだふる	1
いんたーふぇいす	5
どれーく	2
はいそ	1
ふあいる	1
ぷろぐれ	0
えこのみっく	4
えこのみつく	4
くれーじー	2
じゅーしぃ	1
じゅーしい	1
ちゃーみんぐー	1
ぶれーぶ	2
ういん	2
すむーす	2
ゆにーく	2
あくちぶ	1
しすてまてぃっく	5
ふぃじかる	1
まにっしゅ	1
くりえーてぃぶ	3
こんしすてんと	3
すまいりー	2
どらまてぃっく	4
ふれきしぶる	2
へるしー	1
まいるど	1
まにあっく	3
ろばすと	2
あかでみっく	4
あかでみつく	4
えきぞちっく	4
おふぃしゃるず	1
おふしゃる	1
くりえいてぃぶ	3
くりえいてぃゔ	3
くれーじ	2
ぐろてすく	3
ごあ	1
しにかる	1
しびあー	1
しんぼりっく	4
すきゃんだらす	2
すぴーでぃ	2
すぴーでぃー	2
すもーきー	2
でりけーと	3
なるしすてぃっく	5
のすたるじっく	5
ひすてりっく	4
ふぁっしょなぶる	1
ふいじかる	1
ふひじかる	1
ふぉーまる	1
ふるーてぃ	2
ぷらくてぃかる	2
ぷりみてぃぶ	2
ぷろそでぃっく	4
へるしぃ	1
べーこん	1
ゆにつく	1
ゆーもらす	1
あいでぃえーしょなる	4
あいろにかる	3
あくちゅある	1
あくろばちっく	0
あくろばてぃっく	5
あぐれっしぶ	3
あぐれっしゔ	3
あでぃしょなる	2
あとらくてぃぶ	3
あとらくてぃゔ	3
あなりてぃかる	4
あぶのーまる	3
ありすとくらてぃっく	7
あえかにっく	3
あるごりずみっく	6
あんはっぴー	3
あんびしゃす	3
あんびばれんつ	3
あんびばれんと	3
あんびゔぁれんつ	3
あんびゔぁれんと	3
あんふぇあ	3
あんふぇあー	3
あんらっきー	3
あーてぃふぃしゃる	3
いでおろぎっしゅ	5
いのせんす	1
いのべーしょなる	3
いみでぃえいと	2
いみでぃえーと	4
いみーでぃえーと	2
いりーがる	2
いんくりめんたる	5
いんたぷりてぃぶ	4
いんたーぷりてぃぶ	6
いんだいれくと	3
いんてれくちゅある	4
いんてんしょなる	3
いんとりんじっく	6
いんふぉーまる	3
いんぽらいと	4
いんもらる	3
いーじーごーいんぐ	5
うぉーみー	1
うっでぃ	1
うっでぃー	1
えきせんとりっく	6
えくせんとりっく	6
えきぞてぃっく	4
えぐぞてぃっく	4
えきすとりんじっく	7
えくすとりんじっく	5
えくすぺんしいぶ	6
えくすぺんしぶ	4
えくすぺんしーぶ	6
えこのみかる	3
えごいすちっく	6
えごいすてぃっく	5
えろえろ	0
えろぐろ	0
えろちっく	3
えろてぃっく	3
えんどれす	1
おいりー	1
おかるてぃっく	4
おふぇんしぶ	2
おりえんてぃっど	3
おりえんてど	3
きゃっちー	1
きゅーと	1
くりーみぃ	2
くりーみぃー	2
くりーみー	2
くればー	2
くれゔぁー	2
ぐらんじ	2
ぐるーみー	2
こみかる	1
こみゅにかてぃぶ	4
こみゅにかてぃゔ	4
こみゅにけいてぃぶ	4
こみゅにけーてぃぶ	4
こんてんぽらり	3
こんてんぽらりー	5
こんでぃしょなる	3
こんべんしょなる	3
さいえんてぃふぃっく	6
さいけ	1
ざっはりっひ	4
しすてまちっく	5
しすとりっく	3
しにっく	1
しゃるまん	1
しゅあ	1
しゅあー	1
しりあす	1
しーりあす	1
しるきー	1
しんめとりっく	3
じおめとりっく	3
じゃーなりすてぃっく	6
すけーらぶる	2
すたいりっしゅ	4
すたてぃっく	2
すてーとふる	2
すてーとれす	2
すとりくと	3
すのびっしゅ	1
すぱいしぃ	2
すぱいしー	2
すぽーてぃ	2
すぽーてぃー	2
すれんだー	2
せぱれいてぃっど	3
せぱれいてっど	3
せぱれーてっど	3
せんしぶる	1
せんしゅある	1
せんせいしょなる	3
せんせーしょなる	3
せんちめんたる	4
そうるふる	1
たくてぃかる	1
だんさぶる	1
てぃぴかる	1
でぃすとりびゅーしょなる	5
でぃふぇんしぶ	2
ですぺれーと	4
でもくらしっく	5
でもくらてぃか	4
でもくらてぃっく	5
でもーにっしゅ	2
とぴかる	1
とらじっく	2
とらっど	2
とらでぃしょなる	3
とらでぃしょねる	3
とらでぃつぃおなーれ	6
とらんすぺあれんと	5
とらんするーせんと	5
とりっきー	2
とりびある	2
とれんでぃ	2
とれんでぃー	2
どきゅめんたる	3
どぐまてぃっく	4
どらすちっく	4
どらまちかる	3
どらまてぃかる	3
どれっしー	2
ないーぶ	2
ないーゔ	2
なるししすてぃっく	6
なーばす	1
なーゔぁす	1
にひりすちっく	5
にひりすてぃっく	5
ねぐりじぶる	4
のみなる	1
のんしゃらん	1
のんぽらいと	4
のーぶる	1
のーまる	1
はいぱわーど	4
はすきー	1
はんさむ	1
はーとふる	1
ばいでぃめんしょなる	4
ばりっど	2
ばーてぃかる	1
ゔぁーてぃかる	1
ぱせえてぃっく	4
ぱせてぃっく	3
ぱせーてぃっく	4
ぱっしょねーと	4
ぱにっきー	2
ぱぶりっしゅ	1
ぱらどきしかる	4
ぱらどくしかる	4
ぱるしぶ	1
ぱんきっしゅ	3
ぱんくちゅある	1
ひすてりかる	3
ひゅーまにすちっく	6
ひゅーまにすてぃっく	6
ひろいっく	3
びじねすらいく	5
びびっと	1
びびっど	1
びびど	1
ゔぃゔぃっと	1
ゔぃゔぃっど	1
ゔぃゔぃと	1
ゔぃゔぃど	1
ぴーきー	1
ふぁみりあ	2
ふぁみりあー	2
ふぁんくしょなる	1
ふぁんたじっく	4
ふぁんたすてぃく	5
ふぃくしょなる	1
ふぇみにん	1
ふぇーたる	1
ふぉとじぇにっく	3
ふるーてぃー	2
ぶらいと	2
ぶらいつ	2
ぶりりあんと	2
ぶろおくん	2
ぶろーくん	2
ぷらくちかる	2
ぷらとにっく	4
ぷりちー	2
ぷりてぃ	2
ぷりてぃー	2
ぷりみてぃゔ	2
ぷれいあぶる	2
ぷれーあぶる	2
ぷろぷらいえたり	4
ぷろぷりあ	3
ぷろぽーしょなる	3
へてろじにあす	4
ぺいんすてーきんぐ	5
ぺいんずてーきんぐ	5
ぺだんちっく	4
ぺだんてぃっく	4
ほりぞんたる	3
ぼりゅーみぃ	2
ぼりゅーみー	2
ぽえてぃっく	3
ぽけったぶる	4
ぽっけたぶる	3
ぽしぶる	1
ぽっしぶる	1
ぽらいと	2
ぽりくろーなる	4
ぽりちかる	2
ぽりてぃかる	2
ぼーらす	1
ぽーらす	1
まぞひすてぃっく	5
まっしぶ	1
まっしゔ	1
まるちたすく	4
まんまんでー	3
まーじなる	1
みすてりあす	3
むーでぃー	1
めたふぃじかる	3
めたふいぢかる	3
めたりっく	3
めらんこりっく	5
めりとくらてぃっく	5
もにゅめんたる	3
ものとなす	3
らくしゅりー	1
らぐじぇありー	1
らぐじゅありー	2
らしょなる	1
らぴっど	1
りありすてぃっく	5
れありすてぃっく	5
りえんとらんと	2
りじっど	1
りすきー	1
りりかる	1
れでぃらいく	3
れでぃーらいく	4
れとりかる	2
れーしー	1
ろんりー	1
うるとら	0
しゃい	1
すろーもー	2
まーすとる	1
さいど	1
すたいる	2
ちやーみんぐ	1
ぶぶん	1
じぇいこぶ	1
すぱーす	2
ぺんた	1
まにや	1
あくせんと	1
おーすとらりあ	5
そふとぼーる	4
いや	2
なしおなる	3
ぐーっど	1
ぐーど	1
はいぶりっど	4
ますたー	1
すけべ	2
ころんぼ	2
ちえっく	1
かつと	1
うぉーく	1
みさいる	2
あいどるあな	5
しゃつ	1
えきすぷれす	4
さんぐらす	3
ぶるーず	2
けいき	1
こーらる	1
さぶたいとる	3
ちゅーぶ	1
らむぷ	1
わーくす	1
すりむ	1
ばんぐ	1
せいかつ	0
ろーぷ	1
てーるらいと	4
びでおてーぷ	4
いちろー	0
せだん	1
こーとだじゅーる	5
かゔぁ	1
えっとー	0
ふぁいんだー	0
めろう	1
めろー	1
だますく	2
すてぃ	2
ぱーてぃー	1
りみなる	1
ほーむれす	1
れでぃ	1
あくたー	1
こらぼ	1
ごれんじゃー	2
しっくす	1
ばっぐ	1
れめでぃーず	1
あいぽいんと	3
らんぐらー	1
さてらいと	3
ぐー	1
だいえー	0
ちーむめいと	4
るなふぁざー	3
らいせんす	1
おな	1
ぶれあ	2
つりーばんく	4
はいやー	1
ふぇあー	1
どーる	1
ごるふぁー	1
さんば	1
ざっつ	1
でぃなー	1
こあー	1
なしよなる	1
ちょーく	1
しゃんぱん	3
ぶろぐ	0
ふれーず	2
こんや	1
りしん	1
けーじ	1
たわーず	1
えぶりしん	1
ゔぃでおてーぷ	4
めーきんぐ	0
きば	1
ごっと	1
ばーぶ	1
ごーるでん	1
せつと	1
いんぱくと	1
でー	1
まりー	1
ろって	1
ぷれーんず	2
おん	1
おむにばす	3
ここ	0
しゃっと	1
まねじめんと	2
にゅーすれたー	4
いんたーふぇあれんす	5
くえりー	1
ばいおてくのろじー	6
りは	1
ふぁいあうぉーる	4
こんくりーと	4
じぇっと	1
ゔぃん	1
ぱいぷらいん	4
めんどう	3
ろく	2
いんぱ	0
ひーたー	1
めんどー	3
まっど	1
みにすかーと	4
めたる	0
その	0
みくすちゃー	1
くろせっと	3
じじつ	1
はいびじょん	3
ぱふぉーむ	2
くいっく	2
ふぃっしんぐ	0
まがじん	1
まふらー	1
つあー	1
ふれんど	2
ふぉーむ	1
らいんあっぷ	4
おぶじぇ	1
つーりすも	3
きゃぷ	1
れーる	0
はんでぃー	1
あならいざー	3
みにー	1
ぎゃんぶる	1
くりあ	2
へっどせっと	4
ろつく	1
るーふ	1
あすとら	0
にゅーすりーだー	4
ごるふ	1
ぺん	1
たっく	1
へーえ	1
でぽ	1
へるす	1
けあ	1
すけるとん	2
ばろめーたー	3
ふぇーす	1
ぶとん	0
もだーん	0
たーげっと	1
たうん	1
きゃなーる	2
ぱらさいと	1
ぶーす	1
まねー	1
めーんらんど	4
しょっぷ	1
すたでぃず	2
すたでぃーす	2
すたでぃーず	2
だいやもんど	4
らーめん	1
てーる	1
でいと	1
すぱいかー	2
そふとうえあ	5
まりお	1
ばすじゃっく	3
らっしー	1
ふらいど	0
すらむ	1
ぶれいく	2
いんでぃぺんでんと	4
はーぶ	1
れーばー	1
こっか	1
りーす	1
ぶれす	1
おーふ	1
くりありんぐはうす	7
ばっく	1
よん	1
いんふぉめーしょん	4
まにあ	1
りっち	1
でこ	1
ばーがー	1
もーたーさいくる	5
かむい	1
くぉーたー	2
しょうるーむ	3
まーく	1
たるー	2
とちゅう	0
どあ	1
はっぴ	1
こーなー	1
ぜーんぶ	1
わいんぐらす	4
でぃてくしょん	2
ぼでぃ	1
もーど	1
ふあいばー	1
すたでい	2
もじゅれーしょん	3
ぱーとなー	1
ぜったい	0
はーつ	1
らふ	1
ぱらしゅーと	3
でたー	1
かんぱ	1
かせっと	2
がいだんす	1
てなんと	0
といれ	1
べい	1
めーりんぐ	0
えて	1
つーりずむ	3
きしゅ	1
たわー	1
いんたーねつと	5
たきさん	1
るーつ	1
ぷろばいだー	0
うえいと	0
しーぷどっぐ	4
りぞーと	2
まるこ	1
まっと	1
ろいやる	1
くろーん	2
かたろぐ	0
くらすたー	2
ざっく	3
こぱ	1
ろんぐ	1
とら	0
ぱぱいや	2
びるま	1
ふぁくす	1
たっぐ	1
たつぐ	1
ふぃん	1
あどりぶ	0
さざん	1
ふれーむわーく	5
らっく	1
あなた	2
そふとうぇあ	4
いおん	1
おくとぱす	1
すとっく	2
ぜーったい	4
ぜえったい	4
らいぶ	1
くりっく	2
びーち	1
ぴーあーる	3
まんでー	1
にんげん	0
べびー	1
えす	1
じすてんぱー	3
ふぁんど	1
すぽっとらいと	5
ぷらすちつく	4
まるちめでぃあ	4
えふぇくと	2
めーど	0
ほーる	1
ふぁー	1
みどるうぇあ	4
いんふら	0
ぴんせっと	3
よーこ	1
きっど	1
じっぱー	1
なしょなる	1
あうとるつく	4
こーぽれーしょん	4
さんどぺーぱー	4
おぺらんと	1
ほうこう	1
ぶりっく	2
えくすとらねっと	6
くればす	2
べいびーず	1
あどれす	1
かふぇてりあ	3
かじゃ	1
いんたーんしっぷ	6
ばつと	1
ざいん	1
すくえあ	3
てろりすと	3
もーたーぼーと	5
がらす	0
じゃま	0
ぜみ	1
ぷらすてぃっく	4
すたでぃ	2
えーっと	0
えいじぇんと	1
かてごりー	2
そーもん	1
すーつけーす	4
どうちゅう	1
ほんと	0
わいす	1
ちゃんぷる	1
ねんぶつ	0
はいく	1
ちぇーん	1
ろじかる	1
そーしゃる	1
どんずー	3
むし	0
おせろ	1
こーじー	1
へっどほん	3
おごじょ	2
おんえあー	3
きむち	1
ゔぁーじん	1
みっきー	1
れだりー	1
こーぱす	1
みらー	1
たかしま	2
はうす	1
こみゅにてぃー	2
げすと	1
じぇそく	1
めたるーる	3
しんぐる	1
とぅるー	2
でこれーしょん	3
かき	1
てれゔぃ	1
ろいたー	1
らて	1
あま	1
べいる	1
ゔぇいる	1
ゔえいる	1
ゔえーる	1
まんしょん	1
ういーく	2
きゃんぺーん	3
ぷりぷら	0
てくのろじ	3
ぼーりんぐ	0
きゃんぱー	1
ぼでい	1
うぉーかー	1
しすてむず	1
みすれこぐにしょん	6
らんくる	1
こんぴゅーたー	3
しゅーる	1
ありあーにこ	3
おーゔぁーほーる	5
あと	1
こんたど	0
ゔぁか	1
ふれんち	2
すろーがん	2
わいん	1
かーなび	0
おふぃす	1
ちっぷ	1
かなりや	0
すみすくらいん	5
ましん	2
あふたーけあ	5
ぐらくそ	2
さいそく	1
るぽ	1
ういんかー	2
かっこう	0
ぷろもーしょん	3
ばいもーだる	3
すてつき	2
ふぁみりー	1
のー	1
じゃんぐる	1
ちょこれいと	3
ちよこれーと	3
なびげーたー	3
びっくり	3
ぷれいす	2
ほびー	1
へっどわーど	4
めでぃあーじゅ	3
らばー	1
あすぱらがす	4
うぃる	1
えるふ	1
ばすろーぶ	3
がりー	1
びーびーしー	5
きゃすたー	1
あでぃ	1
あびす	1
なお	1
ばんぱー	1
いんでぃー	1
おかめ	2
みにばん	0
かわい	0
しーと	1
びつくり	3
くらーく	2
さんしゃいん	3
とらっぷ	2
ばでぃー	1
ぼでー	1
いんとらねっと	5
こつく	1
ぐっどまん	1
すりーまいる	4
じゃーなる	1
すたじお	0
すとっぷ	2
どくたー	1
ぺるー	1
ばーなーど	3
ぐれーはうんど	4
こぴーらいたー	4
ものくろ	0
わーすと	1
えろさいと	3
すとろんぐりー	3
まどんな	2
まらがしー	3
しすてむ	1
ちきちき	1
ちくたく	1
ちっくたっく	1
あいどる	1
いんすとらくたー	5
えこーろけーしょん	5
てぃーぶい	3
ぺんたっくす	3
ちゆーぶ	1
ふぃんらんど	1
たーん	1
みーとぼーる	4
もざいく	2
らいさん	1
げっと	1
へんじ	1
すまいる	2
すくりゅー	2
みに	1
いくぉーる	3
いくおーる	3
えぞ	1
えっくすぴー	5
ぱーん	1
せうがく	0
ぜみなーる	3
りぶ	1
おぺれーしょん	3
おーなー	1
あべ	0
くろっく	2
ちーむわーく	4
とらいほん	2
あっぷとーく	4
さーふぃん	1
とうぶん	0
へいあん	0
ぐろう	2
どっく	1
ばっくすてーじ	5
みーと	1
わん	1
ばじる	1
あわ	1
こめでぃー	1
ちゃいな	1
りとりーばる	3
まんぐーす	3
おっけー	1
ぐりーん	2
ふあん	1
おっけえ	1
しるゔぁー	1
おっけ	1
すたんと	2
だいもん	1
あいすらんど	4
なゔぃ	1
ぽすとどくたー	4
きゃっしゅ	1
がいどぶっく	4
ぱっち	0
ぷれいん	2
みさ	1
しーずん	1
あれこれ	2
らいとにんぐ	1
かーぼん	1
めにゅう	1
みすてりー	1
くらいあんと	2
でぃっしゅ	1
いんたふぇーす	4
びや	1
ばいおはざーど	5
ぱそこん	0
ぺんたぷりずむ	5
すぴーち	2
せみろんぐ	3
でぃすこーす	1
きー	1
そふと	1
もーにんぐ	1
ほらー	1
もにたりんぐ	0
まんもす	1
せーるす	1
そーぷ	1
ゔぃざ	1
かすたまー	1
ずさん	0
はんまー	1
まるちーず	3
ふぉるむ	1
りんち	4
じんじゃー	1
あーばん	1
あふがん	1
つど	1
てんぷれーと	4
とーきょー	0
しんがぽーる	4
ぶろう	2
みゃんまー	1
いろいろ	0
こーるまん	1
たばこ	0
いーすと	1
ぜろ	1
たいまー	1
ちゃんす	1
ましーん	2
いやー	1
しょー	1
ちぇっく	1
あくあまりん	4
いんばらんす	3
まいくろいんじぇくしょん	7
かぼちゃ	0
とうきょう	0
のーす	1
らぐ	1
とらぶる	2
ぷーどる	1
いたりあ	0
いぞん	0
ぷれーりー	2
りかー	1
しぇありんぐ	1
ぴーりんぐ	3
せーるすまん	4
にゅい	1
あどゔぁいざー	3
わーど	1
ぴえろ	1
ゔぉらんてぃあ	2
ぎゃるそん	1
めも	1
すーぱーまん	3
きゃのん	1
ばっくぐらうんど	5
しゃつたー	1
しやつたー	1
じゅばん	0
すいす	1
ざーさい	0
すぷりんぐ	0
はーどうぇあ	4
そーす	1
ぷらかーど	3
すりーゔ	2
りーだー	1
おーばー	1
おーゔぁー	1
のお	1
れゔぁー	1
かむぱにい	1
ちょう	1
びえんちゃん	2
ぶらんど	0
めいん	1
つぅ	1
ほりでー	1
しっく	1
ないふ	1
べいびー	1
ますと	1
かい	1
ういんどうず	2
おーゔぁ	1
ぷろだくと	3
たんご	1
れっすん	1
へいわーど	3
らいなー	1
のんばんく	3
ぱふぇ	1
まっち	1
がうす	1
おうば	1
おうゔぁ	1
ばーれーん	3
たいがー	1
ばいきんぐ	1
ぱん	1
からーりんぐ	0
ぱれんしてぃかる	5
おれんじ	2
こおひい	3
てろりずむ	3
いらん	1
はかせ	1
ふぁんず	1
えぴすてみっく	4
がんだむ	1
ごじら	1
にこる	1
はじ	1
あんたいど	3
じゃっかる	1
ばーど	1
みすたあ	1
あなりすと	3
きむら	0
ばーなー	1
ふおん	1
へあぴん	0
きゃんどる	1
あるこーる	0
のっち	1
きゃん	1
すもーる	2
じぇいあーる	3
ゆー	1
りざるつ	2
あいあい	1
とろりーばす	5
すぽーつぶら	5
どー	1
おりんぴっく	4
きいろ	0
まっくす	1
あどゔぇんちゃーず	3
えりくそん	2
きりんぐ	1
りある	1
きゃりあ	1
しゃっく	1
りっぷるど	1
ぷりんす	2
がーる	1
すきーやー	2
あいてれーてっど	4
えすえすてぃーぶい	7
おんすてーじ	4
ぐろりあ	2
ごーとら	0
ふぉーくぼーる	4
ざんまい	0
どぅりんく	2
どりんくす	2
はんと	1
ていらー	1
ぼっと	1
もーだる	1
いぶ	1
いべんと	0
ふぃらー	1
せくたー	1
うでぃねーぜ	3
ふらんく	2
ぷらいど	0
ちぇいす	1
はっかー	1
ばいおがす	4
りぼ	1
れーすれす	1
そろもん	1
れとりばー	3
ご	1
れつど	1
あどべんちゃー	3
さっし	1
してぃ	1
しゃーべっと	1
のんわーど	3
だるま	0
てくのろじー	3
はやし	0
ろつかー	1
こーど	1
すとれす	2
べいと	1
ぐれぃ	2
まに	1
ぱす	1
ふれんでぃ	2
こつぷ	0
ちゃいく	0
びりーぶ	2
ふぇすてぃばる	1
らん	1
りゅっく	1
びでお	1
あてね	1
さらい	1
かー	1
れいと	1
あとりえ	0
うえーばー	2
しあたー	1
にゅーすきゃすたー	4
ぶらうん	2
ほーす	1
まっぴ	1
まんぐろーぶ	4
さぽーず	2
ぷろぽーしょん	3
あしすたんと	2
れじおなる	3
ぎやまん	0
ひーと	1
こんてんと	1
にゅーじーらんど	5
ふあいなる	1
さぶてーま	3
せるゔいあ	0
ういんどーず	2
ひろいん	2
ぽすところにありずむ	8
ぽるとがる	0
とらつく	2
へっどらいん	4
えぬ	1
くりぃむ	2
くりいむ	2
みるきんぐ	0
そうる	1
んーとー	0
ぱーらー	1
こすめさいと	4
ほーむるーむ	4
とらんすみっしょん	5
れーざ	1
きりっ	2
からー	1
こかいん	2
ふぁにちゃー	1
ぼぎー	1
くるす	1
すとりーと	3
えっせいすと	3
さんかく	1
にほんばし	0
めいが	1
びえいゆ	2
びえーゆ	2
ゔぃえーゆ	2
びーにゅ	1
くりすたる	2
ぐるーぷうぇあ	5
でら	1
どれす	1
えっせい	1
はち	2
まきしまむ	1
かーるとん	1
じゃんぱー	1
ひゃく	2
わーくしょっぷ	4
きろへるつ	3
すもーきん	2
ねー	1
ばらんす	0
ゆにおん	1
のーはう	1
ねっくれす	1
はんでぃ	1
みゅーじあむ	1
ぱーかっしょん	3
らんどりー	1
しゆーと	1
えば	1
わっか	1
すてぃーる	2
じむにー	1
まりおん	1
れぢ	1
そふぁー	1
ちょうせん	3
いこん	1
ばつち	1
あすたりすく	4
ふつとぼーる	4
あーつ	1
ないと	1
ひるず	1
りみつと	1
かるちゃー	1
こんぴてんす	1
ぺんぎん	0
あっぷぐれーど	5
のあ	1
わいやれす	1
あじぇ	1
ゔぇすと	1
すりんぐ	2
さんきゅー	1
ばろー	1
くらすめーと	4
ごーず	1
とんちやく	1
ばっど	1
もりん	1
くりーなー	2
ばーい	1
ほつぷ	1
どみの	1
ねっく	1
はいふん	1
たーびん	1
ばんち	1
きゃんぴんぐ	0
ですくとっぷ	4
ふーる	1
あかまい	2
けんか	0
るぽらいたー	3
いうぉーく	2
かめら	1
さつし	1
あじょいにんぐ	2
おりーゔ	2
れいでぃ	1
れいでぃず	1
れいでぃー	1
れでぃす	1
れでぃず	1
れでぃーず	1
さんでい	1
ぴっち	1
くい	1
まいれーじ	1
けいこ	1
さけ	1
すぃんく	1
とれじゃー	2
ぷてぃ	1
ばあ	1
むーど	1
あいえふしー	5
ばりあ	1
びーぴー	3
うえぶ	0
こらむ	1
あのぉ	0
えれくとーん	4
とらいあんぐる	4
どーむ	1
はんたー	1
ぱるふぁむ	1
ぺんき	0
きろめーとる	3
しゃんく	1
すていしょん	2
すていしよん	2
すてーしよん	2
もんすたー	1
くらうんず	2
ぶーつ	1
ぷらん	1
らっぷ	1
らんちょ	1
ないろん	1
めっせ	1
くろぜっと	2
れすらー	1
いらすとれーたー	5
ふりーうぇー	4
ろいやるてぃー	3
うんぬん	0
がねっと	1
ぼーいず	1
こーでぃねーたー	4
ゔぃーと	0
あぶらむし	3
きゃらうぇー	1
ぷろぱてんと	4
おおけすとら	3
せんちめーとる	4
とれっきんぐ	2
ほんき	0
かーてん	1
ぱんぷす	1
くるーず	2
てら	1
どーろ	1
わーどるーむ	4
おとこ	3
ないつ	1
れぇす	1
れえす	1
きょうどう	0
そうごう	0
たいど	1
えぶりん	1
がーりっく	1
きやんでー	1
べりー	1
りんさん	1
あうとれっと	4
すぱーきんぐ	0
そんぐらいたー	4
ふれーむず	2
ほっく	1
ほっけー	1
まっしゅるーむ	4
あるて	1
くれじー	2
くれぢー	2
ふらいんぐ	0
ぶい	1
くれでぃ	2
さたでー	1
ちゃいるどらいん	5
さいばーすぺーす	6
ちろ	1
ぽーず	1
まるちぱす	4
ちぇいさー	1
てれふぉん	1
へつどらいと	4
えぶりぃばでぃ	5
こーる	1
りゅう	1
げったー	1
はいうえー	4
ばいおます	1
めるぱるく	3
かつたー	1
ちぇすと	1
ぱーるず	1
ぺるら	1
ふぉーく	1
わんぴ	1
じゅーちゅ	1
めっせーじ	1
きゃんべる	1
さみっと	1
せく	1
ちゃねる	1
はーどうえあ	5
ちゃんぴおん	1
すぺいん	2
ぶっしゅ	1
ゔぉいす	1
いんたーん	3
うぇいとれす	1
すのーぼーど	4
せんたーず	1
ぴんぽいんと	3
めるせです	3
いちいち	2
えれゔぇーたー	3
えれゔえーたー	3
ばでぃ	1
ぷらっとふぉーむ	5
ぷれじでんと	2
はな	1
きんぐだむ	1
こーつ	1
さんどうゐつち	4
ないとらいふ	4
ふれっくす	2
ゆめ	2
えこ	1
えと	1
きゃっぷてん	1
おしあんくる	3
ばすら	1
ぽすともだにずむ	6
ろと	1
あいろん	0
おーくしょん	1
ばーすでい	1
へやー	1
ちゃりてぃー	1
やくしゃ	1
くめーる	2
くーらー	1
ついん	2
べいゆ	1
ぺんしる	1
いんぐりっしゅ	1
えとー	0
しやつ	1
ばいぐらむ	1
すきーうえあー	5
せいんと	1
ほつく	1
けっこう	1
かがん	1
さーもん	1
りゔぃんぐ	1
ぷれうぉーる	3
あくしょん	1
てくのろじーず	3
ほーくす	1
いんたーふぉん	3
けいさつ	0
けーさつ	0
たれ	2
べっど	1
てにす	1
まんほーる	3
ぎりー	1
すたーだすと	4
ふぇらーり	2
ういんなー	2
げーと	1
ふた	0
りーく	1
はわい	1
さぷらいやー	3
ふゅちゅーる	2
ふゅーちゃーず	1
めとろのーむ	4
でにむ	1
ぼーだーらいん	5
ぷろふぃーる	3
まいすりー	1
ばらえてぃー	2
ぶるーむ	2
べびぃ	1
べびい	1
まーしゃる	1
きっと	1
しゃーしー	1
すぴーど	0
でぃあもーる	3
ほるもん	1
ちつぷ	1
なんばーず	1
ぱーていー	1
かつどう	0
かりぐらふぃー	3
みどる	1
れんこん	0
しやんぱん	3
ふれいず	2
てーぶる	0
もな	1
あきゅーと	2
くりんとん	2
さうす	1
まろーふぁっと	4
めいきんぐ	0
あなうんさー	3
しぇあ	1
すていつ	2
すてーつ	2
せーりんぐ	0
かるてる	1
くれよん	2
でーと	1
ねが	1
ふれんどり	2
ぷるさーまる	3
らま	1
すーぷ	1
たおる	1
みねらる	1
らじお	1
うぃーくす	1
るっく	1
やまだ	0
えーす	1
がーどれーる	4
ぶらっく	2
ぽるの	1
みっど	1
みなみ	0
けが	2
ぷらねたりうむ	5
まー	1
かぷせる	1
たくしい	1
ばいおすふぃあ	3
えすてーと	3
ていくす	1
ほーん	1
ほおる	1
てーくす	1
まがぢん	1
さん	0
すくーと	2
でじかめ	0
かてきん	0
くろま	2
ごまだら	0
てれびじょん	3
にっちぇ	1
ぱっちわーく	4
たんぱん	1
くすぐり	0
じえっと	1
じえつと	1
せきゅりてぃ	2
しょこら	1
どれっさー	2
ぐりーんべると	5
ぷろぶれむ	2
らいふらいん	4
くおーつ	2
あーの	0
くいーん	2
だいやもんず	4
であまん	2
ぱーむず	1
しぐなる	1
りびんぐ	1
ろーず	1
きっちん	1
ぐらしーず	1
こおと	1
ぷれやー	0
ぷれいやーず	2
ぷれーやーず	2
べや	1
しゃわー	1
ている	1
ねぱーる	2
こねくしょん	2
すりらんか	3
だいなぱわー	4
ぱーすん	1
ふろんてぃあ	2
れーん	1
あうとそーしんぐ	4
あろー	1
いんふぉめいしょん	4
おおかみ	1
こっぺ	1
たーとるねっく	5
ないない	0
ぱすた	1
ふらしゅ	1
えすとらごん	4
ぷれすてーじ	4
すてぃっく	2
ぎゃるず	1
べーすと	1
けるん	1
ふぉーむず	1
ふほーむ	2
きゃらめる	0
すとーりー	2
どろっぷす	1
ぱらしゆーと	3
いえろーすとーん	6
いんこ	1
かせつと	2
かむず	1
こじ	1
のいる	1
らぼらとりー	3
えあろびくす	4
だずんと	1
くいず	1
ぐらふぃてぃ	2
だいなてっく	4
まぐだねる	3
おてる	1
ぶーむ	1
ほてるず	1
らいゔ	1
あどりゔ	0
らいく	1
くらん	1
こんふりー	1
らんでぃんぐ	0
わーかー	1
かうんたー	0
しんぐるす	1
たーぼ	1
ぴっと	1
ふぁっしょん	1
くらふつ	2
さいくろできすとりん	7
まんでい	1
からーず	1
じぃすてんぱー	3
もれ	1
あたも	1
えふえくと	2
ひゅーず	1
だいおーど	3
こぜー	1
びじねすまん	4
ぷれすて	0
いにっと	1
かーず	1
こーぽれいしょん	4
こーぽれーしよん	4
じつぱー	1
ばつぐ	1
らつく	1
しゅーず	1
ばいく	1
おもに	1
ごじゅう	2
れふと	1
かふえてりあ	3
かむぃ	1
くれゔぁす	2
ごじゅー	2
すくぇあ	3
はれ	1
きゃらゔぁん	1
さまー	1
くろかん	0
くろーばー	2
ぐれまる	1
ぼぶ	1
りゅっくさっく	4
あゔぇ	0
かふぇ	1
まけどにあ	0
れい	1
ぐらっせ	2
じゃず	1
あんごら	0
こいん	1
ぷらっとほーむ	5
まつと	1
ういーくりー	2
はるく	1
まいんず	1
あるごりずむ	4
えみっしょん	2
ぷるとにうむ	4
きゃぱしてぃ	2
ぼとる	0
むぎ	1
ばーじん	1
べぃびー	1
べいびい	1
じょーだん	1
ばすたーず	1
あいしー	3
えやー	1
ゑやあ	1
おーるど	1
どいつ	1
きでぃー	1
くりむぞん	3
こけ	2
ろびー	1
おーとみーる	4
くれいむ	0
しんせん	0
すとらいく	3
でこれいしょん	3
ぼくさー	1
すとあ	2
ちるどれん	1
いみ	1
けっこん	0
うぉーまー	1
さんけい	0
たんく	1
ぼうりんぐ	0
すぱいす	2
すぽんさーど	4
ばらなし	2
びじねす	1
ういんどぶれーかー	6
かーねーしょん	3
すてー	2
ちありーだー	3
どらむす	0
どらむず	0
すてんれす	2
さいくる	1
すまいるず	2
ふぃれ	0
うっ	1
ぴぴ	1
まっは	1
まれーしあ	2
じーんず	1
びーむす	0
ぶるどーざー	3
まにきゅあ	0
むーあ	1
えいさー	1
さろん	1
あるみにうむ	4
まーめいど	3
えれくとす	3
あそしえいつ	4
おーばる	1
ぱたー	1
ぷろゔぁいだー	0
ほるだー	1
ろすと	1
くりにっく	2
のんすとっぷ	4
すぱいん	2
でいず	1
なゔぃげーたー	3
ぷらすちっくす	4
ぷらすてぃーく	4
しりこん	1
でめりっと	2
ばんく	1
びきに	1
かくらん	0
かつん	2
さんが	1
とらつぷ	2
びふれんだーず	3
ぎゃるりー	1
じゃむ	1
すとーりーてりんぐ	6
ちそー	0
ちゃいにーず	3
どらっぐすとあ	6
ふえあー	1
なとりうむ	3
ふぇろしると	3
ふぉーん	1
ますこみ	0
りびー	1
るな	1
るびゅ	1
るゔゅ	1
えるとぅ	1
おーえす	1
じやーなる	1
すたぢお	0
たーみなるず	1
ぽるふぃまー	3
まい	1
えくすぱーと	4
ぐれいはうんど	4
こすもす	1
れいんぼー	2
ふらいばっく	4
ぺだる	0
らいじんぐ	1
しーあーる	3
すきんず	1
てぃらみす	1
はいうえい	4
えめらるど	3
くらいまっくす	4
びんぼー	1
あうとどあー	4
くびれ	0
さーべい	1
しーずんず	1
たいあ	0
ふぃりぴん	1
あうとらいあー	4
じゅにあ	1
てくのろじぃ	3
てくのろじい	3
ぼくしんぐ	1
うえっぶ	0
かるりー	0
ばげっと	2
べんきょー	0
ぺなるてぃー	2
しゅーるれありすむ	6
ばどみんとん	3
ふぇろーず	1
むかし	0
もると	1
くろつく	2
ごむ	1
ねいばーあいらんど	5
がとー	1
こいる	1
てれわーく	3
ふぁんとむ	1
らぐーん	2
れーだ	1
きぶつ	1
すくおら	0
すくーるず	2
でーず	1
どつく	1
あいてむ	1
かてごりぃ	2
たいふーん	3
てれほん	1
ゆだや	1
あんてな	0
はーどる	0
びっきー	1
ふらんか	2
ぷれてすと	3
みーてぃんぐ	0
ゆーす	1
いすらーむ	3
いんてぐれーしょん	5
さんよー	0
にっせい	0
ふぃるむ	1
すぺくとる	2
せいとう	0
めろん	1
いるみねーしょん	4
えころじー	2
あれい	1
のっぶ	1
ほーぷ	1
くうぉーたー	2
こんぴーたー	3
こんぴゅうたー	3
どぅぶる	1
どぅーぶる	1
むすー	1
ものれーる	3
もおにんぐ	1
しちー	1
してぃーず	1
ろっど	1
あいぜん	1
ぴあのず	0
ぴやの	0
まいんど	1
すくりゆー	2
ふぁみりぃ	1
わーなー	1
えーえすじぇー	5
しゃとる	1
とーち	1
ぴーなっつ	1
もーら	1
くーぺ	1
ちやねる	1
ふあいば	1
ほーまっく	1
こみっしょん	2
せんさー	1
あどべんちゃーず	3
うぃすきー	1
ちやんす	1
でぃすとらくたー	4
あんてぃ	1
げーむず	1
ちゃっか	0
さーびしす	1
さーびしず	1
さーゔぃしす	1
さーゔぃしず	1
じゃん	1
すくいぶ	2
みす	1
ばいおりあくたー	5
ふぁいば	1
ろっくす	1
くじゅう	1
えんぜる	1
かっとう	0
くな	1
ぷれいりー	2
あどゔぇんちゃー	3
ういーくりい	2
ぐらんど	0
さまんさ	2
じれー	1
ほんばん	0
りすとらんて	4
あぱーと	2
もらる	1
うぇあー	0
えんじん	1
てぃーちんぐ	1
もでるず	1
らけっと	2
りすたいる	3
くろーす	2
なゆた	0
ふをん	1
ますたーど	3
わいぱー	1
いんしんく	3
ぐらいど	2
すぷりんがー	3
てぃぷす	1
まらかいと	3
もちーふ	2
あいず	1
こもん	1
てれめーた	3
へっど	1
いんど	1
たいがあ	1
もーしょん	1
よっと	1
がそりん	0
がーでんす	1
がーでんず	1
ぷれじゃー	2
ぐらんで	2
ぐらんだ	2
しょーつ	1
ぱらだいむ	3
あうと	1
ぐれーぷふるーつ	6
じすとろふぃー	3
ぜねか	1
つーりずも	3
ひーろー	1
すれいやーず	2
たーきー	1
とうま	1
ぽすどく	0
えあーばす	4
せにあ	1
ばい	1
えっぐ	1
さーかす	1
すとれいと	3
ぱーぷる	1
ふぃふてぃーす	1
えーじぇんしー	1
おれんぢ	2
かっぷす	1
ぐらす	1
たーむ	1
ゔぁいきんぐ	1
らんず	1
りっぷ	1
きゃんでぃでーつ	4
せっつ	1
ちぇいん	1
なかじま	0
なんか	1
ほりでい	1
おりんぴつく	4
せいよう	1
どむどむ	0
じゃけ	1
だうんたうん	4
でぃすかうんたー	3
はうすれす	1
ぷれみあ	0
やつ	1
けぷすとらむ	4
ごーるず	1
さいんず	1
すらだん	0
のーべる	1
ろまんせ	1
ろーまんす	1
おいすたー	1
ぷろせす	2
うぃんどうず	1
うぉーるず	1
うおーる	2
ちか	1
ばいお	1
みでぃあむ	1
くえありー	2
こーだ	1
でぃこーだー	2
あいてれいてっど	4
ぎたーず	1
くーりんぐ	0
はね	2
ぷらーざ	2
ほうほう	0
えあろぱーつ	4
ぎぶ	1
こめ	1
さらだ	1
しゔぁ	1
とりの	1
ぼいらー	1
みすてりぃ	1
りーふす	1
りーふず	1
いんき	0
すずき	0
でぃずにぃー	1
みずーり	2
いゔぇんと	0
とーい	1
あいらんど	1
あきお	0
おーとま	0
ぐらんつ	2
ぐりえ	1
たいむず	1
どっつ	0
のぐち	1
ふらっぐしっぷ	5
しやーべつと	1
すわろーず	1
はんどら	1
まつだ	0
きらーず	1
かみんぐ	1
はんまぁー	1
あいこ	1
えくすぷれす	4
でこーだ	2
ねぐら	1
ぱっど	1
ふぇすてぃゔぁる	1
うえるかむ	2
えんとらんす	1
すうぃんぐす	2
せみふぁいなる	3
はーばー	1
じゅー	1
せんとろいど	4
みてぃげーしょん	3
もるつ	1
ろあるど	2
ぎゃれー	1
けーす	1
さんと	1
せいふてぃー	1
そーま	1
とまと	1
びすだいん	3
ふぁくとりー	1
ぷろぴる	1
めたでーたー	3
ろーじん	1
あとりゑ	0
がれー	1
さまりー	1
しれね	1
ぷるりちん	0
ぷれっそ	2
すとろー	2
たわーりんぐ	4
ぴーまん	1
ふろんたーれ	4
らいおんず	1
いそふらぼのいど	6
かのん	1
きゃのんず	1
すきーむ	2
ぬがー	1
ふれんず	2
らっしゅ	1
りありてぃー	2
あるばむ	0
こんとらばす	5
じゃんる	1
びーん	1
まじく	1
まじーく	2
ごーと	1
でふれーたー	3
ふぉあぐら	0
ゆにゔぁーしてぃ	3
しんくろないずど	5
すぱむ	1
せんちゅりー	1
にゅーず	1
ぬーぼー	1
はいぱーてきすと	5
ぴえす	1
ぴーしず	1
ぷれはぶ	0
べーや	1
きゃっぷす	1
まいすたーじんがー	6
ますかー	1
ゆにばーしてぃ	3
じゃーなりすと	4
にしん	1
ねすと	1
めか	1
うぇい	1
えっせー	1
きーまん	1
でぃばいど	2
とらんすみつしよん	5
うえいとれす	2
がまん	1
きゃっぷ	1
ごすろり	0
すたいりすと	4
てあとる	2
てーらーす	1
ばいぶれーたー	4
まだむ	1
らぐびー	1
えこー	1
おくたーぶ	3
そーゔぃにょん	3
ちょーせん	3
はあぶ	0
ぱすぽと	3
ぱすぽるつ	3
ぱるず	1
ぼら	1
らぢお	1
りすく	1
えんたーぷらいず	6
きっず	1
しほん	1
めーらー	0
じやんぱー	1
うぉーるど	1
うをーるど	1
わーるず	1
かおか	1
でりへる	0
ばくはつ	0
みついし	2
らんどりぃ	1
いんさーしょん	3
ぴんぽん	1
ふらいつ	2
げのむ	1
そふあー	1
ばちかん	0
ぱらめたー	0
ぱらめーたーず	3
こんぱにおん	3
しんぼる	1
せき	1
ぷろぃえくと	4
ぷろいえくと	4
かべるね	2
きゃろうぇい	1
くろー	2
しんがーず	1
じんげる	1
すきーいんぐ	2
とれーさびりてぃー	5
ぴーくす	1
ぶりーだー	2
いりゅーじょん	2
とらべる	2
くっきー	1
くらすめいと	4
こんべぁー	3
こんべあー	3
こんべや	3
こんべやー	3
すこあぼーど	4
とらいあんぐらー	4
にゆーす	1
わいしゃつ	0
いーゆー	3
えんや	0
ちろりん	1
ぱらとぐらむ	4
れべりんぐ	0
ろーずまりーず	4
ろーばーず	1
ろーゔぁーず	1
しゃんて	1
ちゃんねるず	1
とるねーど	3
ぷりま	1
まっとれす	1
ろびん	1
かれっじ	1
きゃらばん	1
たいがーす	1
どりーむす	2
どりーむず	2
ふぁいりんぐ	0
まんごー	1
うぃんどぉず	1
うぃんどーず	1
こーぶ	1
さーぱす	1
だっくすふんと	5
はいみなーる	4
ぴつち	1
ふぁあ	1
ぼらんてあ	2
ぼらんてぃあず	2
ぽーたる	1
えーてぃーあーる	5
ぐっつ	1
しゅーまい	0
すーぷら	1
すーぺる	1
ぼれー	1
ふっく	1
ぶれすれっと	2
めぞねっと	3
もーで	1
ありーな	2
かっぷるず	1
くぷる	1
てんぽ	1
あみの	1
すきゃんだるず	2
すぴいど	0
すりーぶす	2
すりーゔす	2
ならてぃぶ	1
ふぃがー	1
ふぃぎあ	1
ふぇぎゅあー	1
あとれてぃこ	3
すとらっぷ	3
でぃすくりぷしょん	4
ぱきすたん	2
ぷらっとふおおむ	5
ぷらつとふおーむ	5
みーたー	0
みーたーず	1
いんたーすていと	6
えあうぇー	3
こんぱにえ	3
こんぱにー	1
こんぺに	1
くえり	1
ふぉーるむ	1
ふーらむ	1
まざーす	1
まざーず	1
あどばいざーず	3
しねまず	1
じゃいあんつ	1
そふとうぇあー	4
そふとうえあー	5
でいけい	3
ねいちゃー	1
ぱりーぐ	2
べーかり	1
めーかーず	1
いんすたんす	4
うえすたん	2
のんふぃくしょん	3
ぱらぺん	1
ぼいしんぐ	1
めぞそぷらの	3
りりー	1
えあこん	0
たいぴんぐ	0
ちゃぺる	1
ろーしょん	1
おくら	0
かあてん	1
ちゃめ	1
はあはあ	1
ぷる	1
ほすぴす	1
のーぽじ	0
ろーりえ	1
いらすとれーしょん	5
たーいむ	1
のば	1
ぱたん	2
ぶらすれいたー	4
みきさー	1
めだる	0
えいじ	1
ぽおず	1
あっくす	1
あふぃりえいと	2
いんふぉーむど	3
おりぶ	1
おりゔ	1
さたでい	1
のゔぁ	1
らって	1
えいじす	1
えぶりーばでぃ	5
ころんびあ	2
しよう	0
ちぇーさー	1
はんどる	0
ばぶる	1
かふぇいん	2
ふらわーず	2
めっせいじ	1
いゔ	1
おんぶれ	1
こんたーくっ	3
だいほん	0
ぴんぼーる	3
らんぐえーじ	1
らんげーじず	1
おーじー	1
すいっちぼーど	5
ちーむず	1
てぃーむ	1
ぴすとん	1
みぜっと	1
りんく	1
どうなつつ	1
どーなっつ	1
びでおでぃすく	4
うぃっちーず	1
えりや	1
さんどうぃっち	4
つーるす	1
でぃすてぃらりー	1
ねくすと	1
ぷるぷる	1
ほりすてぃっく	4
えぃじ	1
かんとりー	1
せこんど	0
そんぐ	1
びーえー	3
おぶざーばー	3
おおくしょん	1
だうなー	1
どらいばーず	2
どらいゔぁーず	2
ばーすでぃ	1
ばーすでー	1
ろまん	1
うえあ	2
えぴたきしー	3
こーら	1
しぇるふ	1
しめおん	1
どーしゃ	1
ぬーとりしょん	4
ゔあん	1
べーゆ	1
しんかー	1
しんくろなす	4
ちゃーはん	1
ぴぐ	1
ふおーる	1
ぺいんてぃんぐ	2
りっぷるうっど	5
ろご	0
あくしよん	1
ほつと	1
みるかー	1
えーじ	1
おりんぴっくす	4
こーざ	1
じやむ	1
てれこん	1
ふっとわーく	4
べねちあ	0
いんたーほん	3
えくそさいず	1
こーでぃねいたー	4
すぴっつ	2
べんずぽるふぃりん	6
またまた	0
てれぐらふ	1
ばこん	1
ふんど	1
ぽてと	1
うぃず	1
さど	1
せーたー	1
のーず	1
ふぁっと	1
りとりーばー	3
ろわいある	2
きっくおふ	4
こーすたー	1
さーもすたっと	5
しらぶる	1
ちょく	1
のーど	1
ぽんち	1
あぶすとらくつ	5
あるふぁ	1
おぶじぇくつ	1
ぐりす	1
しえあ	1
せーらーず	1
てえぶる	0
ぽんて	1
おぴにおん	2
じしん	1
せんとらる	1
とうとう	1
とらいある	2
どりかむ	0
ぷらつとほーむ	5
めるこすーる	4
ゆにてぃ	1
あきす	1
えいす	1
こあ	1
すとりんぐ	3
すうぷ	1
どあー	1
ぱいろっつ	3
いらすとれいたー	5
うぃるす	1
くえすと	2
ごんぱ	1
すとっぷうおっち	6
すぱんぐる	2
めいじ	1
いえすたでぃ	2
えすていと	3
きゃっつ	1
ぐるっぺ	2
ぐるーぽ	2
さっこ	1
でざいんず	2
ぬーゔぇる	1
らんじぇりー	1
あすきー	1
くゑすちょん	2
てぃーぽっと	3
てれびじよん	3
てれゔぃじょん	3
べつど	1
ぺあ	1
らいんなっぷ	4
れっつ	1
わくちん	1
えくせれんす	1
おーちゃーど	3
すらっぷすてぃっく	6
とぅもろー	2
ぶらーう	2
くぉーつ	2
けんこー	0
しーくれっと	1
すきっぱー	2
りみっつ	1
おかぴ	1
じぇっつ	1
でふれ	0
はんど	1
びすとろ	0
ふぁんくしょん	1
ふろんと	0
あどうえあ	4
えくすてりあ	4
しやわー	1
しんふぉにー	1
すこあー	2
ふりーどむ	2
りんがる	1
きやらめる	0
くらしっくす	3
くらしつくす	3
くらっしくす	4
じゅり	1
にゅう	1
にゅー	1
ぶらっくす	2
ぶりん	1
りんぐ	1
うえっぶさいと	5
うえぶさいと	4
にゅーろん	1
ぼたんず	1
やんきーす	1
あるかんたーら	5
いくすぷれす	4
こむぱす	1
さいてー	0
ぜー	1
ぶらうざー	0
まうんてん	2
ろいある	1
ろいやるず	1
ろおやる	1
ろわいやる	2
ろーやる	1
いれぶん	2
おー	0
はんできゃっぷ	4
はんできやつぷ	4
ぽすとふぇみにずむ	6
むーらん	1
くりっぱーず	2
ぬーべる	1
ぴーぷる	1
いんてるなしおなる	7
しゅらーふ	2
すてんしょん	2
どらくえ	0
ろーだー	1
おーがにっく	1
かてーてる	2
でぃざいん	2
ふりーうえい	5
べんちれーしょん	4
ぼうるす	1
いにしぁる	2
いあー	1
いあーず	1
いーさーねっと	5
えすててぃっく	4
かふえ	1
かふゑ	1
ほいす	1
ゔぁらえてぃー	2
びるだーず	1
へきさのん	1
らふてー	1
いにしある	2
おるけすとら	3
さらりーめん	3
でいりー	1
でーりー	1
ばいおりん	0
ふぇろもん	1
りがちゃー	1
いんてりおる	3
いんふれ	0
おおいた	1
かーぼーい	3
さいてい	0
さんじょー	1
ちゃいむ	1
ばいやーず	1
うぃおら	1
ほいーる	2
らんちるーむ	4
らーじ	1
りーだしっぷ	4
うーんと	0
えれくとりっく	5
おかやま	2
かすたむ	1
くれまーと	3
さいこう	0
ぢやず	1
ぢやづ	1
すぱげってぃ	3
すぱげってぃー	3
すぱげてぃー	3
べくとる	1
ぼーなす	1
めーりすと	3
かばれーじ	1
からめる	0
さどう	1
ぜねらる	1
にっける	0
ぽすたー	1
ぽーち	1
ゆにっつ	1
ゆにーと	1
あんだーうぇあ	5
こるく	1
ごりら	1
たいぷらいた	4
ちゃぱか	1
でぃてぃーる	0
ふみん	1
みるく	1
おーぶ	1
きゃしんぐ	0
くらりねっと	4
こんでんさー	3
だんろっぷ	3
とりびあ	2
はんが	1
まなーず	1
まねじゃ	0
きゃりあー	1
きゃりや	1
きゃりやー	1
だいあろぐ	4
だいはつ	0
ちぇりー	1
てぃあら	1
ぱらでぃー	1
ろびぃ	1
あぷりこっと	4
ぐみ	1
さすぺんしょん	3
せいばい	1
せみぷろ	0
あいそれーしょん	4
あくさん	1
かんのん	0
なびげーと	3
のう	1
らいんず	1
あそしえーつ	4
あとぴー	1
すてれお	0
てんち	1
はいぶりっと	4
いっちばん	3
いんさいだー	3
うおーく	2
おしゃれ	2
かーねーしよん	3
かんばす	1
たると	1
ぶらざーず	2
ぽまと	1
ままん	1
りふと	1
ろびい	1
けいく	1
けーく	1
びお	1
びたーび	2
れでぃお	1
あんぐる	1
ぱふぉーまんす	2
ほるまんと	1
ぷらいばしー	2
へりこぷたーず	3
みすすぺる	3
めきしかん	3
らいばる	1
あくたーず	1
げんき	1
こんびにえんす	3
さーずでい	1
せっと	1
どらっく	2
ぱっきー	1
ぱぴよん	1
ふぇろーしっぷ	4
まんがん	1
まーめーど	3
めるへん	1
れめでぃ	1
れめでぃー	1
れめでい	1
あぜりあ	2
いんふぉ	1
がーるず	1
くりにつく	2
これくたーず	2
すこーん	2
どーご	1
ほーず	1
まるた	1
めい	1
あまちゅあ	0
きゃんでぃー	1
きゃんでぃーず	1
こんびねーしょん	4
ごるふぁーず	1
さんぱん	3
しゃんぴん	4
しゃんぺん	3
しゃんぺーん	3
しやんぺーん	3
ちやいにーず	3
てぃーるーむ	3
ありばい	0
えぶりしんぐ	1
えりーと	2
くらいまくーる	5
こすめ	1
さーぶれっと	1
しょっぷす	1
せっしょん	1
てぃしゅ	1
ふぁいあーうぉーる	5
べーぐる	1
ぽるふいまー	3
じぐそー	1
ぜっと	1
なちゅらりすと	4
ぴらふ	1
ましーんず	2
まねいじめんと	2
まねーじめんと	2
らんなー	1
こんど	1
さてん	1
さーゔぇい	1
たうんず	1
みきすちゅあ	3
みくすちゅあ	1
らいつ	1
あせっと	2
いんてぐれーたー	5
おーと	1
さいくろん	1
すゅーるれありすむ	6
ぱんちゅ	1
まがじんず	1
みにすか	0
あどまいやー	3
くらっち	2
はず	0
ぱぱいあ	2
ふぉねてぃっくす	3
べーじゅ	0
あこーど	2
すくうぇあ	3
すとーりぃ	2
でぃーぽ	1
でぽー	1
とりお	1
ぱっせーじ	1
めもりーず	1
りありすと	3
えころじい	2
かなーど	2
かなーる	2
すとーりい	2
はんばーがー	3
ばっふぁろー	1
ぶらうす	2
らうめん	1
れすきゅー	1
れんたりーす	4
いるみねーしよん	4
あんでぱんだん	4
あんでぱんだんと	4
いんでぃぺんでんて	4
いんでぺんでぃえんて	7
いんでぺんでんと	4
いんふぉーめーしょん	5
うえーとれす	2
えろげ	0
こちゅじゃん	2
すぱいうぇあ	4
どあーず	1
はーぶす	1
べいじる	1
びすけっと	3
びにーる	2
ぶれざー	2
ままぁ	1
ままー	1
ままーず	1
あくせそわ	3
あっぷ	1
えんじぇる	1
くりすてぃあ	3
せきゅりてぃー	2
せるしお	0
とーく	1
らいゔず	1
ろっさ	1
いんぷれす	1
はうじんぐ	1
ぱらしぅと	3
ぱらしうと	3
ぴっつぁ	1
ぴーなつつ	1
ろーぷろ	0
うえでぃんぐ	2
かなり	1
てれふたれーと	5
といれー	1
ぱるてぃーど	3
ぱーちい	1
ぱーちー	1
ふぉんでゅ	1
ぶるどっく	3
べてらん	0
ほすてす	1
らいぶず	1
りぞーつ	2
れむなんと	3
いえろー	2
からっす	1
くらっせ	2
こんさるたんと	3
びろーど	0
ぷろみすきゃす	3
らいせんさー	3
らいぶす	1
りすたーと	3
れいんぼう	2
れーんぼー	1
ぎあー	0
ぎやず	1
ぎやー	1
けいこう	0
ころにー	1
さうざん	1
しるく	1
じーぱん	0
すぷりんぐす	3
すぽると	2
びーちず	1
もんでー	1
りさいたる	2
りれーしょんしっぷ	6
あぱあと	2
あんさんぶる	3
いふぇくと	2
えふぇくつ	2
えんぢん	1
おーびたる	1
こみゅにけーしょんず	4
すくりぷと	3
たーみなる	1
はいと	1
はっきんぐ	0
はんで	1
ふぁうんど	1
まるてぃめでぃあ	4
らけつと	2
れしぴ	1
わいぱあ	1
いんとねーしょん	4
きゃしゅ	1
げーとうえー	1
こんぽじっと	4
じぱー	1
すくぇあー	3
すくえあー	3
すぽーと	2
びよんど	2
ふぃるはーもにあ	5
えきすとらねっと	6
えすたど	0
きゃふぇてりあ	3
きやつし	1
こさいん	2
すぱーすねす	2
すぺる	2
でさんと	0
とれいんど	2
とーと	1
ばりゅー	1
びーえむえっくす	5
へっず	1
りあくしょん	2
えいじぇんしー	3
かぶりおれ	4
しょうがい	0
ぞーん	1
ちゃんぷるー	1
ちゃんぷるーず	1
ぱらぼら	0
むーとん	1
おふぃーす	1
そしある	1
そーしある	1
そーしやる	1
だいあろーぐ	4
はねむーん	3
ばじん	1
ばーじんず	1
ゔぁじん	1
ふぃーるどわーく	5
へっどふぉん	3
ほも	1
ゆーから	0
うぉしゅれっと	1
きゃっし	1
きゃんでぃでいつ	4
こと	2
さばいばる	2
さらぶれっど	4
ふぁいたー	1
れぼりゅーしょん	3
あうえー	3
あどみれーしょん	4
うぉーかーず	1
うおーかー	2
うおーかーず	2
きゃんぺいん	3
ぎゔ	1
こんとろーらー	4
さぶりーす	3
でぃばいす	2
ばーか	1
ぴえろー	1
あすれちっく	4
ぐっばい	1
しすたー	1
すぷりんと	3
せっど	1
てんと	1
ふぁさーど	0
あどばいざ	3
あふたけあ	4
からおけ	0
こすも	1
すいーと	2
すぺいす	2
つうぃん	2
ぷらいむ	2
べるず	1
れんじ	1
あみ	2
あーむず	1
いんふぇるの	3
うぃんかー	0
こばると	0
こんでぃしょん	3
しょむ	1
しーつ	1
すたんぷ	2
のっちど	1
ばあか	1
ばーてん	0
ふぉとくろりん	4
らゔぁー	1
わごん	1
あすばらかす	4
しぐねちゃー	1
のるま	1
ほびお	1
まにー	1
みりせかんず	3
むり	1
うぃーるす	1
ばいらす	1
びーるす	1
ゔぁいらす	1
ゔぃーるす	1
きやつぷ	1
ぐろーりあ	2
これくしょん	2
はりけーん	3
ばざー	1
りえんじにありんぐ	5
れぎゅらー	1
あにましおん	3
いんふらすとらくちゅあ	7
うーまん	1
えころけいしょん	4
えーゆー	3
きどにー	1
ぎゃっぷ	1
さんぼ	1
すたでぃお	0
すちゅでぃお	2
すちゅでお	2
すちゅーでぃお	2
すてゅでぃお	2
すてゅでお	2
すてゅーでぃお	2
すねーく	2
そっくす	1
てれまーく	3
どっぽ	1
めかにずむ	3
るーきーず	1
しいつ	1
どーどー	1
ふりま	1
ろんどん	1
おぺれーしょんず	3
おらんうーたん	4
おーなーず	1
がっつ	1
くろっくす	2
じぁんる	1
すとろべりー	4
すとろう	2
すわん	1
せんちゆりー	1
つあーず	1
とぅる	1
とらいふぉん	2
ぷろふぃる	3
らいん	1
あんのうん	3
えなめる	0
おぷしょん	1
きゅー	1
くれそん	2
げれんで	0
こんばーたー	3
さぶりみなる	3
しっくすてぃーず	4
そむりえーる	4
だいばー	1
おーぶん	1
かるぼん	1
くえすちょん	2
くらいえんて	4
くらいえんと	2
くりっぱ	2
さりん	1
しなりお	0
じゅえりー	1
すぽんじ	0
そーびにょん	3
だいはーど	3
ちぇろかばぶ	3
びるだ	1
ぴざ	1
ふぇすた	1
ぼとむす	0
ぼとむず	1
ぽりてくにーく	5
ものぐらむ	3
よつと	1
こぎ	1
さぼてん	0
せっくすれす	4
たいがーず	1
てぃーがー	1
てれわーかー	3
もるにんぐ	1
やんきーず	1
えめりたす	2
かすとま	0
すぺりんぐ	2
どりぶん	1
ばけつ	0
ぱーとなーず	1
ぶーすたー	1
ぷらんたん	2
へつど	1
いりゆーじよん	2
うおしゅれっと	1
おりむぴっく	4
こんせぷと	3
じゅらしっく	3
しゃんす	1
でぃまんど	2
はーれくいん	5
まりーん	2
まーと	1
いんできしかる	3
うぇーばー	1
うぇいばー	1
うぉっちんぐ	1
えぶりい	1
えぶりー	1
さいふぉん	1
たばさ	1
ふぉーぐらむ	1
ぷれりー	1
りふぁれんしゃる	3
わいしやつ	0
いじ	2
えふぇくたー	2
おうん	0
くらいてりあ	4
しぼー	0
しゅうまい	0
しうまい	0
だつくすふんと	5
てこんどー	2
ばっくぐらうんず	5
ばっくぐらんど	5
ばっぐぐらんど	5
ぶらいだる	2
まぐねっと	3
りばれいん	3
りとりばー	3
れとりーばー	3
あいでんてぃてぃー	3
あるふぁべっと	4
いんび	1
おーばらっぷ	4
おーゔぁらっぷ	4
てれふぉーん	3
てれふおーん	3
どっじぼーる	4
ならてぃゔ	1
びっぐあいらんど	4
ぶれいじんぐ	0
まんごう	1
めぞん	1
るーじゅ	1
わいやーど	3
あぷりけーしょん	4
あーまー	1
ねーちゃー	1
ばいぶる	1
ふぁくとりい	1
ふつく	1
ぶりゅれ	1
めそっど	1
あみか	1
いらすとれーしよん	5
えんじにありんぐ	4
えんび	0
えんゔぃ	0
おーぎょうちー	3
かーご	1
きゅうい	1
ぐらにゅー	2
こちにーる	3
とぅりーず	2
とらんじすたー	4
ぬぅゔぉお	1
ぬーゔぉー	1
ばりーうぉーる	4
ぱるふぇ	1
ひと	0
ふらたにてぃー	3
ぷろだくつ	3
むすりむ	1
あくろにむ	3
いやりんぐ	1
くりすと	0
ぐりーす	2
こみにてぃー	2
しどにー	1
しんぽ	1
そふぁ	1
まねきん	0
りざると	2
るーゔる	1
あふぃりえーと	2
あるこほる	0
あーてぃすつ	1
いらいら	0
いーぐるす	1
えるぐらんど	4
おもいっきり	0
かご	0
かふえいん	2
きゃんどるず	1
さいと	0
しんなもん	1
たいみんぐ	0
はんどぶっく	4
はんばーぐ	3
ふぁぶりかん	2
へやぴん	0
ゆーざーず	1
あいてれーてっと	4
いんたびゅあー	4
えこのみすと	4
えんとろぴー	4
くらいみんぐ	2
こっとん	1
こむめじー	1
こめじー	1
こんめじー	1
こんめぢい	1
でりべーしょん	3
ぱれす	1
ぱーぷれきしてぃー	4
ぶれさぶる	3
ぷらんす	2
ぷりんしず	2
ぷりんすぃず	2
ぷろぐらむす	3
ぷろぐりゃむ	3
えべんと	0
いらすと	0
うえいぶ	2
えきしま	0
きゃふぇ	1
かんとりぃ	1
くぃーん	2
くれいよん	2
くれおん	2
すけーたーず	2
のんわーず	3
はっかーず	1
ばるーん	2
もんく	1
あれるげん	3
あれんじめんと	2
うぉーらー	1
えぶり	0
かろーら	2
くりーど	2
さんくす	1
すらぶ	1
ぜりー	1
てれーん	2
はんどりんぐ	0
ふぇすてぃばるす	1
ぷれーと	0
へりこいど	3
まーかー	1
あんだすたんど	5
あんだーすたんど	6
いーたー	1
うーる	1
かめれおん	3
てあーたー	2
とれっく	1
とろぴかる	2
にゅーろこんぴゅーた	6
はんこっく	3
べじょーた	2
まりなーず	1
みりせかんど	3
めろでぃー	1
らぶこめ	0
るみなす	1
えいし	1
くらべ	1
くらゔぇ	1
しぇふ	1
しなじー	1
すぴーかー	2
すぇーたー	1
そふあ	1
のうず	1
ばとる	1
ぱうだー	1
みすとる	1
らでぃお	1
らでお	1
れいでぃお	1
れーでぃお	1
うぉたー	1
うぉーたーず	1
うおーたー	2
わーたー	1
えくすぱんしょん	4
せくはら	0
たいつ	1
だんさー	1
てぃっしゅ	1
ばったー	1
びすふぇのーる	4
ふりーたー	2
ぷりしじょん	3
ぼーねん	1
まーち	1
めだりすと	3
うおっちんぐ	2
えせー	1
えっせいず	1
くぇすと	2
ぐるーぷうえあ	6
ぐろりあす	2
こりー	1
じぇーなす	1
すもーきんぐ	2
そーふぁ	1
ぞふあ	1
てぅりー	2
とぅりー	2
とぅもろう	2
どれっす	1
どれつす	1
ねすてぃんぐ	0
ふぁにちゅあー	1
ふぁーにちゃー	1
うにおん	1
あすてりすく	4
あるごん	1
あんとれいんど	4
いえすたでい	2
いえすたでー	2
ういんぐず	2
えでぃっと	1
こめでぃあん	2
じゃんばー	1
じゃんぱ	1
でぃぺんでんと	2
のらんて	2
ぷちぶる	1
ぽけもん	0
まくしまむ	1
まーよ	1
あどうえぁ	4
あるでぃーじゃ	3
いんたほん	3
かおす	1
げす	0
こんぴたんす	1
しゅりんげ	2
とむやむくん	3
どらごんず	1
はいすぴ	0
はっち	1
ばりえーしょん	3
ふぃーるだー	1
ぶらぼー	2
へりぽーと	3
ぺんぎんず	0
まんすりー	1
もんすてら	4
わいあれす	1
いー	0
いんたーぱるす	5
きゃめら	1
くりふ	1
でぃーぶいでぃー	5
でぃすくとっぷ	4
とらんすれーしょん	5
ふってぃんぐ	0
ぷるみえーる	4
らいたーず	1
わーぷろ	0
あたっしぇ	2
いれゔん	2
くろむ	2
くーでたー	3
しぐなるず	1
じーにすと	3
すきる	2
せまてぃっく	3
にっくねーむ	4
はんたーず	1
ばりあー	1
ばりやー	1
ぱいそん	1
ぴあす	1
ふわいと	2
めじゃーず	1
もんすたーず	1
れくりえーしょん	4
れじゃー	1
ろーまん	1
えれめんと	1
おぶざーゔぁー	3
かすれ	0
がむ	1
くろーぜっと	2
さーきっと	1
せんち	1
ちぇあ	1
でぃーぜる	1
どらごーん	3
ねばー	1
はんぐる	1
ぽーすと	1
ひゅーもあ	1
ふもる	1
ゆもあ	1
れん	1
えっぐす	1
えっぐず	1
おーしゃんず	1
かれんだー	2
きーれす	1
じむ	1
すこっぷ	2
せるふ	1
なげっと	1
ゔぁいおりん	0
ゔあいおりん	0
ばりかたん	3
ひったー	1
ふぃふす	1
ふれっしゅまん	2
ぷれいんぐ	2
ゔぇくとる	1
ほぃーる	2
まんだら	0
もーてる	1
ゆびきたす	3
りっしぇ	1
ろっじ	1
いちぶ	2
いーと	1
えぶりばでぃ	1
えぶりぼでぃ	1
かーびんぐ	1
ぎあす	1
くらーん	2
ごーすと	1
ちぇざー	1
てれーす	2
どろー	2
につける	0
はーぷ	1
びびん	1
びゅーてぃー	1
ぺっぱー	1
ほーるど	1
まるしぇ	1
らいだー	1
くろう	2
これくとりー	2
こんてるてぃんぐ	3
こんどみにあむ	4
こーなりんぐ	0
こーらす	1
さんどいっち	4
さんどゐつち	4
ちゃんぴおんず	1
ちゃんぴょん	1
ちゃんぴょんず	1
てーら	1
とりゔぃあ	2
どーず	1
ぷれじでんつ	2
れたす	1
れいんじ	1
あーく	1
かんゔぁす	1
こんとろーるど	4
さいずも	0
しょべる	1
すぃーと	2
すきーうぇあー	4
たろ	1
ばすでぃー	1
びぁ	1
ぴつと	1
ぷろてくてぃぶ	3
ぷろーぶ	2
ぺんしるず	1
まふぃおん	1
みらい	1
もじゅーる	2
らいだーす	1
らすぷべりー	4
りざまーと	3
れじすとり	2
わんず	0
あんさー	1
さーずでー	1
しゃどぅー	1
しゃどうず	1
しゃどうー	1
じゃみ	1
すえっつ	2
だいじょうぶ	3
だいじょーぶ	3
ふぁくたー	1
ぶろっこりー	2
ぷらいゔぁしー	2
ぷろぐれっしょん	4
めるひぇん	1
らいゔぁる	1
れーてんと	1
あまちゆあ	0
かんちょー	0
きゅーぶす	1
こんびねーしよん	4
しぇあー	1
しぇあーず	1
しらばす	2
すろーぷ	2
だいやぐらむ	4
てゅりー	2
たーぶる	0
ていぶる	1
ぬーどる	1
ばず	1
ふぃるたーず	1
ふぃーるたー	1
ふいるた	0
ふいるたー	0
まきしま	1
まはーばーらた	4
みっずる	1
みっづる	1
みにまる	1
みりせっく	3
りちうむ	2
わんたん	3
いぐないと	3
きでい	1
くっしょん	1
ぐりる	1
こんでんさあ	3
すきーうえあ	5
ぴーらー	0
ふぇざー	1
ふゅーじょん	1
ぶらいんど	0
へるにあ	0
うえはーす	2
かしみや	0
からばん	1
くらつち	2
くるーがー	2
すけーる	2
すっぷ	1
すーん	1
てんしょん	1
でいたむ	1
はんどべる	4
ばっふぁろう	1
ぱっせいじ	1
ぱにく	1
びすけつと	3
ふらっぐす	2
ふるーと	2
ぷろぶれま	3
めんちかつ	4
もーと	1
よーが	1
りはびりてーしょん	5
れすきゅう	1
あうとそーじんぐ	4
いんふるえんざ	5
えぬてぃーてぃー	5
えんぺらー	1
かっふぇ	1
かっふぇえ	1
かっふぇー	1
かつふえー	1
かつふゑー	1
かふぇー	1
かふえー	1
きゃっふぇ	1
きゃっする	1
きゃぴたる	1
くりったー	2
じゃぱーにーず	4
すうぃーと	2
すてっく	2
ですとらくしょん	4
でぃれくとり	2
でりばりー	2
どらいや	0
ねーばーあいらんど	5
ゔぃにーる	2
ふぃなんしゃる	2
ぶらくら	0
ぶれーぶす	2
ぷれすてぃっじ	4
ぷれすてぃーじ	4
ぷれすてぃーじゅ	4
ぷろんと	2
むーびー	1
らぼ	1
りばてぃーんず	3
るねさんす	2
えあろびっく	4
えんじにあ	3
おーぷにんぐ	1
きゃらくたーず	2
ぐらふぃてぃー	2
ぐらふてぃ	2
すちる	1
すてーき	2
せれもにー	1
そなー	1
のーぶれ	0
びろうど	0
ふぇでらる	5
ふおんでゅ	1
ぷらーす	2
ぷろじゅーす	3
ゔぇてらん	0
めとろぽりたん	4
らぼらとりーず	3
れぼれとりー	3
れこぐないずど	4
れーま	1
いんでぃあか	3
きんぐす	1
ぐらびあ	0
げーとうえい	5
さぽーたーず	2
さんきょう	0
しうーず	2
しんぐるず	1
じるが	1
すてっかー	2
だるめしあん	3
でぃーらー	1
ぱしふぃっく	3
ぴすとる	0
ふあっしょん	2
ふりーく	2
るーきー	1
あんでぃすかばりー	5
あーち	1
いべりこ	0
いんたーばる	3
おふぇんす	0
きゃらそん	0
くろこ	1
しんぽじうむ	4
じゅにあーず	1
じゅにおーるす	3
じゅにおーるず	3
すたんど	0
すとりーむ	3
でっかー	1
はいらんだー	3
ばらんさー	0
ばーみきゅらいと	5
ぱーしゃる	1
びるでぃんぐ	1
ふぃふてぃ	1
ふぃろそふぃー	2
ぷてぃんぐ	1
ぷでぃんぐ	1
ぷろそでぃー	3
まかろに	0
らいふる	1
りっくさっく	4
るっくざっく	4
あにめーと	3
あろーず	1
うぃどー	1
えぐぜくてぃゔ	3
えゔり	0
えみっしょんず	2
えるがすたー	3
えんじぇるす	1
えんじぇるず	1
えんぜるす	1
きゃぱしてぃー	2
くりむそん	2
こくぴっと	3
さゔぁいばる	2
さゔぁいゔぁる	2
しゅりーれん	2
しょあーず	1
じれ	1
すとらっく	3
そつぷ	1
せんてにある	3
だすたー	1
なぽりたん	2
ふぁうんでーしょん	4
ふるーつ	2
ぷりざーど	3
ぷるーく	2
みれ	1
らいず	1
れゔぉりゅーしょん	3
わいぷ	1
あすりーと	3
あるみにゅーむ	4
あるみにあむ	4
あるみにゅうむ	4
あるみにゆむ	4
あるみにゆーむ	4
うおーまー	2
えんでぃんぐ	0
きゃっちゃー	1
くろーばーず	2
くろーゔぁーず	2
しゅご	1
すてろいど	3
すらろーむ	3
せきゅりてい	2
せきゆりてい	2
せきりてぃ	2
せきりてぃー	2
せきりてい	2
てぃんく	1
だいばーず	1
にーどる	1
ばとん	0
ぱんだ	1
びあっじょ	2
びしねす	1
ふろーむ	0
べあぼーん	3
まにゅきあ	0
まにゅきゅあ	0
むこ	1
らいおん	0
りふれーしょん	3
あそしぇいと	3
えれくとぅす	3
かぬー	1
こあら	1
こんせんさす	3
しゃーく	1
しょるだー	1
すくらんぶる	3
そりゅーしょん	2
ばとみんとん	3
びふれんだー	3
ふぉんと	1
ぺんたごん	3
れーべる	0
れでぃっしゅ	1
あすぺくと	3
あっぱー	1
おえ	1
ぎふと	1
ぎやつぷ	1
しゅるれありすむ	5
しゅるれありすむす	6
しゅるれありずむ	5
じゃぐらー	1
すためん	0
すらいだーず	2
たかへ	0
たんざん	0
ちゅーば	1
とぅでー	2
とるーぱー	2
ばざーる	2
ぴんず	0
ふいるむ	1
ふろっぴー	2
ぼれろ	1
ぽっけっと	1
まーけていんぐ	0
めっざ	1
りもん	1
ろいやりてぃ	3
ろびいすと	2
あいてむず	1
あんのーん	3
あんぷ	1
いりゅみねーしょん	4
うえーつ	2
えごどら	0
おーゔん	1
かーでぃなる	1
けじゃん	1
じゃけつ	0
じやけつ	0
すろっと	2
そーだ	1
ぱらせいりんぐ	3
ふぁんとま	1
ふぁんとーむ	3
ふぃるむず	1
ぼいるど	1
みにこみ	0
ろいやりてぃー	3
ゔぁーげん	1
おぷちかる	1
かるちゅあ	1
ぎたりすと	0
こんみっしょん	3
こんみっしよん	3
こんみつしよん	3
こんばいん	3
こーちんぐ	0
さらんはんだ	4
しゃっとる	1
しやつとる	1
ねっくすと	1
ねゔぁー	1
ばりゅう	1
ゔぁりゅー	1
びぶぎおーる	4
ぴーなつ	1
ふぇち	1
ふりんと	2
ぷろでゅーさーず	3
ぺんだんと	1
ぽーとふぉりお	4
みすちる	0
みりおん	1
みりたりー	1
らげっじ	1
りきっと	1
りくぃっど	1
りくいっど	1
りくいど	1
るぽるたーじゅ	4
れっず	1
ろんだりんぐ	0
あかちゃん	1
あすとろ	0
あならいざ	3
あるふあべつと	4
あんとらーず	1
えすえぬ	0
くらっかー	2
くりえーたーず	3
こまーす	2
こみにゅけーしょん	4
こみゅにけいしょん	4
こんぷれっくす	4
しぇいど	1
ていっしゅ	1
てれめーたー	3
でゅーてぃ	1
どっぢぼーる	4
ねくたい	1
はろげん	1
ばーじ	1
ひっぷ	1
ふあみりー	2
ふぃんがーず	1
ふぉーみゅら	1
ぷりんせす	2
ぷれじゃーず	2
ぺーじゃー	1
ほすげん	1
まるちもーだる	4
みあなだ	0
もてぃーふ	2
もひ	1
もらーる	2
もーらる	1
もーらるす	1
りきゅーる	2
あうたー	0
あるでんて	3
あんじゅ	1
あんてぃーくす	3
あんぶれら	3
いんすたれーしょん	5
えんぢにありんぐ	4
おーぎょーちー	3
かるちぇあ	1
かるちえあ	1
かるちゅーあ	3
かるちゆあ	1
かるちゆーあ	3
きゅーい	1
きゃんでぃでーと	4
こんどーむ	3
さんきゅ	1
しょこらてぃえ	3
じぇらーと	2
すたみな	0
すれっしょーるど	4
すれーやー	2
せおりー	1
たんかー	1
たーむす	1
だうんたうんず	4
ゔぃらんず	1
ふあいと	2
ふぃっとねす	1
ぽけべる	0
ぽーすとどっく	5
みゅーじっく	1
やっぴー	1
あそしえいと	4
あそしえーと	4
いのべーしょん	3
いんたゔゅあー	4
えぐぜくてぃぶ	3
えなじー	1
えなーじー	2
えねるぎあ	3
えねるじー	2
おむらいす	3
きゃっと	1
きゃべつ	1
こーぎー	1
さらど	1
さんぐれ	0
だいなまいと	4
どぅーむ	1
にゅーよーかー	3
ねーる	1
ばりでーしょん	3
びゅーかむ	1
ぴる	1
ふぇのーる	2
ぶろんこ	2
ぷろんぷと	2
ほえーる	2
ほーんてっど	4
ぽるとれ	0
ぽるとれえ	3
ぽるとれー	3
ぽーとれーつ	4
まっする	1
まりのす	1
めでぃうむ	1
めでゅーむ	1
みゅーじかる	1
らいふわーく	4
りでゅーす	2
ろぶらーる	3
あうとらいん	4
あてんだんと	2
あまらんさす	3
あれーな	1
うぉーむ	1
おりご	1
おーどぶる	1
かんぺしの	3
ぎゃぐ	1
こんびーふ	3
すちろーる	3
すぽいらー	2
すわろー	1
せくしょん	1
てけつ	1
でこい	2
とぽろじ	2
とりくろろえちれん	6
とりびゅーん	3
ねっき	0
はんどらー	1
ゔぁりえーしょん	3
ばんぱいあ	3
ぱじゃま	1
ひーりんぐ	0
ぴっきんぐ	0
ふれっしゅねす	2
ぶれいかー	0
まぐま	1
みいら	1
むにえる	1
もるたる	0
りせらー	0
りそーす	2
ろけはん	0
うぃき	1
えこーず	1
えんたぷらいず	5
えんたーぷらいす	6
えんたーぷらいぜす	7
えんたーぷらいぜず	6
えんばいろめんと	3
おーぱ	1
かさど	1
きゃばくら	0
ここなつ	1
さぴえんす	1
しゃいにんぐ	1
じゅるなりすと	4
すめる	1
すりーぷ	2
せぴあ	1
さんちゅり	1
さんちゅりい	1
さんちゅりー	1
せんちゅりあ	3
そーびによん	3
そーゔぃによん	3
たすく	1
だんさあ	1
つーそん	1
でばいど	2
とーくす	1
ばらどる	1
ぱーせんてーじ	5
ぱーふぃでぃあ	3
びゅっふぇ	1
ふぉわぐら	0
ぶれっど	2
ぷれふぁぶ	0
ほすと	1
ぼんごれ	1
めだーむ	2
らんちょん	1
りめんばー	2
ろや	1
あゔぇいらぶる	2
あらいぶ	2
あんもにあ	0
いすらみあ	0
いるーじょん	2
いんさーしょんず	3
いんどめたしん	5
うおっちゃー	2
えすかれーたー	4
えんぱいや	3
かるしうむ	3
かれじ	1
これっじ	1
これーじ	1
これーじゅ	2
これーぢ	1
こーれっじ	1
くっきーず	1
くれぞーる	3
こーさつ	0
こらむにすと	4
こんさるてーしょん	5
こんそなんと	1
しやむ	1
しゅうり	1
すくわっと	3
すりる	1
すんに	1
そっぷ	1
だいやろーぐ	1
てれくら	0
てーま	1
でぃてーる	2
でいりーず	1
とらいあんぎゅらー	3
とらべるず	2
とらゔぇるず	2
とるねーどーず	3
とーねーど	3
はつち	1
ばりえいしょん	3
ゔぁりえいしょん	3
ゔありえーしよん	3
ひんと	1
ぴっちゃー	1
ふろもっくす	3
ぶらざーす	2
ぶらゔぉー	2
へろいん	2
ほすぴたる	1
まふぃおし	2
もでぃふぃけーしょん	4
れくりぇーしょん	4
あぴお	1
いりゅすとらしおん	5
ういず	0
うぇすたん	1
うえすたーん	4
かいざー	1
きんぐず	1
くれーたー	2
くれーん	2
こんぱうんど	3
こんぴゅたー	3
すてーたす	2
だっくすふんど	5
ちえあ	1
ちぇーっく	1
てぃしゅー	1
てっしゅ	1
でぃけい	1
でぃすこ	1
でぷす	1
なびげーた	3
につくねーむ	4
ねいちゅあ	1
ねいびー	1
ぴらみっど	3
ふぁんでーしょん	3
ふらめんこ	3
ぷらぐら	0
ぷるず	1
ぷろばいた	0
おすぴす	2
ぽぜしょん	2
まふら	1
まりのべーしょん	4
りうまち	0
れくりえーしよん	4
れじゅめ	0
わじ	1
あふぇりえいと	4
えるぼ	1
おべーしょん	2
おんりー	1
くうぇすちょん	2
くえすちょんず	2
くえっしょん	2
くれじんぐ	0
さんみゃく	0
しよべる	1
ぜねこん	0
そんぐす	1
だいゔぁーず	1
だぐあうと	3
でぃすてぃらりーず	3
でんじゃー	1
とらっくす	2
のーまらいぜーしょん	6
ばふぁろーず	1
ばぶるす	1
ばろん	1
ぱっきん	1
ぱーちめんと	1
ぴすとんず	1
ふぁすなー	1
ふぇぃばりっと	1
ふぉとだいなみく	6
ふおーく	1
ぶるどっぐ	3
ぺあれんつ	1
ほーりすてぃっく	5
ぼまー	1
ぼりしょい	0
ぽじしょん	2
みくさ	1
みくさー	1
めらとにん	0
らんくす	1
ろっぢ	1
ろーてーしょん	3
いんあん	0
いんしでんと	1
えっじんぐ	0
えれくとろにくす	6
おしろすこーぷ	5
おぴにおーね	4
げりら	1
こまん	1
こむもん	1
こんもん	1
さーりー	1
しすこ	1
しりんだ	2
じぇすちゃー	1
じぇまあ	1
じゃぐじー	1
じゅびろ	1
すかだー	1
すかーら	2
すこっち	2
せらぴー	1
すうぇーたー	2
すえたー	1
すえーたー	2
たいたにっく	3
ちゃいなたうん	4
ちゃくら	1
てきとう	0
でぃすとりびゅーてっど	5
にゅーとりっしょん	4
にーと	1
ねいきっど	1
ぱぱー	1
ぱーふぉーまんす	3
びおす	1
ぴっつあ	1
ぴつぁ	1
ぶれーん	2
べらんだ	0
ほーねっつ	1
まーまー	1
めでぃっく	1
りっぴんぐ	0
れーさー	1
ろーぜん	1
あどうぇあ	3
いえすたでいず	2
うぃざーず	1
えくせらんす	1
おくとーばーふぇすと	7
おとわ	0
きやつする	1
くりとりす	3
こみゅにけ	2
こーぷ	1
さいれん	1
しんほにー	1
すかっど	2
すきっぱーず	2
すぷーん	2
せぐめんと	1
せめんと	0
せれくしょん	2
ぜっけん	1
たっちんぐ	0
たーたん	0
てとらくろろえちれん	7
てんしよん	1
でゅえっと	1
つもろー	2
とらいあるず	2
なちゅらす	1
なちゅらるず	1
ばうえる	1
ばぐすと	2
ゔぁーなる	1
ぱずる	1
ふるうと	2
ぺあず	1
ぺあー	1
ぺぺろんちーの	5
ほるむあるでひど	6
ほーねっと	1
ぽつけつと	1
ぽりしー	1
まうんてんず	2
むーゔぃー	1
めたん	1
よーぐると	3
りはびりていしょん	5
りはびりてーしよん	5
るーたー	0
ろんてぃー	0
あにばーさりー	3
あるかり	0
あんてぃか	0
いーさねっと	4
えすててぃく	4
えすててぃくす	4
えんたーていんめんと	5
えーいー	3
おーがにくす	4
かかお	1
かとりっく	3
かどりつく	3
かばれっじ	1
かばーれっじ	4
きゅーてぃ	1
これくたー	2
こんばーじぇんす	3
しょーる	1
しーふーど	3
すぴりちゅありずむ	6
すろっとる	2
げねらる	1
じぇねらる	1
じぇねらるず	1
へねらる	1
たぶろいど	3
だいおきしん	3
ちんげん	1
でぃあすぽら	2
でぃているず	2
でてーる	2
とらひっく	3
どじゃーす	1
ねおん	1
はいたー	1
びおろん	0
ゔぃおろん	0
ばるさみこ	3
ばれりーな	3
ばーち	1
ぱしふいっく	3
ひーる	1
びゅーらー	0
ぴあにすと	3
ぴりおど	1
ぴーぷるず	1
ふぁうんでいしょん	4
ふえでらる	5
ぶらしゅ	1
ぶらっし	1
ぶらつし	1
べくた	1
べくたー	1
べーしす	1
ぺなんと	0
ほぬ	1
ぽすたる	1
まにゅふぁくちゃりんぐ	3
まよねーず	3
あうぇあねす	2
あくろす	1
あんだーうぇあー	5
あんだーうえあ	6
いぇろー	2
いまーじゅ	2
いめじ	1
いめーじず	2
いんせんてぃぶ	3
うえっじ	2
えこのみー	2
えねみー	1
えるみたーじゅ	4
おばた	1
かくてる	1
かばーず	1
かゔぁーず	1
きやつちやー	1
きゃんばす	1
きゃんゔぁす	1
くらりおねっと	5
げーせん	0
きるく	1
さぶきゃら	0
しーくえんす	1
じょぶ	1
すいーつ	2
たるたる	0
たんぶらー	1
とぅでぃ	2
とぅでい	2
ねごしえーたー	4
ぱせり	1
ぱぴおん	1
ぱるぷ	1
ゔぃあっじょ	2
びーぐる	1
びーとるず	1
ふぇいます	1
ふぉるまんと	1
ぶらざー	2
ぶるどつぐ	3
ぶろんど	0
ぶろーち	2
ぶーめらん	1
ぷりんしぷる	2
ぷろぱてぃーず	2
ぷろむなーど	4
ぽんちょ	1
まるちんぐ	0
まーじん	1
むちん	1
もちべーしょん	3
もるてん	1
りざべーしょん	3
りねん	1
りれい	0
れーしんぐ	1
ろーんだりんぐ	1
あざれあ	0
あせすめんと	2
あせっつ	2
いんたれすてぃんぐー	4
えきすぽ	0
えりっと	1
えれふぁす	1
えろげー	0
がーでにんぐ	0
がーべっじ	1
きねてぃっく	3
きゃばれー	1
きゃびん	1
きゃんてぃ	1
こちじゃん	2
これくた	2
こんそめ	0
こんびなーと	4
こんぴゅーてぃんぐ	3
こんぷれ	0
こんぽーと	3
さぶみり	0
しねこん	0
しーあ	1
じぐぞー	1
じゃぱにーず	3
すかーふ	2
すこーる	2
すろつと	2
ずっく	1
そりすと	2
てゅーば	1
てむぽ	1
どぅえり	1
どきゅめんたりー	3
にとろ	1
にゅあんす	1
ばっふぁろーず	1
ばふぁろー	1
ぱいなっぷる	3
ぱっさーじゅ	3
ぱらせーりんぐ	3
ぱるむ	1
ふあくたー	1
ふぃにしゅ	1
ふいにっしゅ	2
ふぃりあ	1
ふぉわ	1
ふぉれすたー	1
ふりる	1
ぶれいざーす	2
ぶれいざーず	2
みとん	1
めるしぃ	1
もにとーる	3
らぱん	1
らんなーず	1
らーにんぐ	1
れありすと	3
れじめ	0
れんち	1
ろけ	1
あくーすてぃく	5
あくーすてぃくす	5
あこーすてぃく	5
あこーすてぃくす	5
あこーすてぃっくす	5
あんふぃに	0
いんてぐれーた	5
うぃにー	1
うぇでぃんぐ	1
うぃめん	1
おりえんたる	3
おーどゔる	1
かんとん	1
くらつかー	2
げーとうぇー	1
こんさるたんつ	3
ごんどら	0
さむまりい	1
さむまりー	1
さらぶれっと	4
ざんすー	3
しるくす	1
すいと	1
すぃーつ	2
すぅいーつ	2
すうぃーつ	2
すてーとめんと	2
すとろぼ	0
すなっく	2
すなっぷ	2
すぱん	2
せくしゅありてぃ	4
せぐめんつ	1
そろいすつ	2
そりてあ	2
ちろりあん	2
ちゅりー	2
てれふたらーと	5
にゅーとろ	0
ほーしんぐ	1
ゔぁっは	1
ばんだむ	1
ぱれた	1
ひんずー	1
びでぃお	1
びーこん	1
ふぁいたーず	1
ふぇーど	0
ふぉるだー	1
ふぉんでゅー	1
ふろっぴぃ	2
ふーりがん	1
ぷろばいおてぃくす	6
ぷろみすきゅあす	4
べてらんず	0
ぽぷら	1
ぽんぷ	1
まぐれ	1
までぃふ	1
まとりっくす	3
まみー	1
むーでぃすと	3
めそじすと	3
めとーど	2
めあど	0
もっとー	1
りきゅうる	2
りすとりくてっど	4
りんぱ	1
るみなりえ	3
れがーす	2
れしぴす	1
ろつど	1
あいりっしゅ	1
あいりん	1
あぅえー	2
あうぇい	2
あうぇー	2
あうえい	2
あくめ	1
あこぎ	0
あごら	1
あすれちっくす	4
あすれてぃっく	4
あだぷた	0
あとらく	0
あべっく	2
あれふ	1
あーしんぐ	0
いのべいしょん	3
いのゔぇーしょん	3
いめーじんぐ	2
いんふぁーの	3
いんへるの	3
いんふらすとぅらくちゃー	7
いんふらすとらくちゃ	7
いんふらすとらくちゃー	7
うぃみん	1
うーまんず	1
うーめん	1
えばんげりおん	4
おーつ	1
おらうーたん	3
かしみあ	0
かんだか	0
かーじなるす	1
かすてい	0
かすと	1
きうい	1
きっかー	1
きみょう	0
きやべつ	1
きゃみ	1
ぎゃっぷす	0
くれっそん	2
こあびたしおん	4
これくしおん	2
こんとろーら	4
こんぽ	1
ざーめん	1
しぇいかー	1
しすたーず	1
しゃぎー	1
しゃれー	1
じゃずめん	2
じゃーく	1
じゅーりー	1
じょっきー	1
すたっく	2
すとまっく	2
すねいくす	2
すわんず	1
せりえ	1
たんでむ	1
だるわざ	0
ちぇき	1
てえま	1
でぃしじょん	2
でぃれくとりー	2
でゅお	1
でゅれーしょん	2
とりびゆーん	3
とれーん	2
とろったー	2
どとーる	2
どろーず	1
にっぱー	1
のーつ	1
はぷにんぐ	1
はりけん	3
はりけーんず	3
ばあい	0
ばーや	1
ばりえて	2
ゔぁりえて	2
ゔぁんぱいあ	3
ぱぼにあ	0
ぱんてぃ	1
ひゅーまにずむ	4
びぶれ	1
びらんず	1
びーえふえいち	5
ふぁっさーど	3
ふえのーる	2
ふぉーみゅらー	1
ふーりっしゅ	1
ぶおの	2
ぷらずま	0
ぷらぜーる	3
ぷろりふぇれーしょん	5
へぶん	1
ほいる	1
まなさら	0
まんねり	0
みりたりい	1
むとん	1
めがにずむ	3
らいだーず	1
れざん	1
れってる	0
れぼりゅーしょんず	3
あじぇんだ	2
あじゃんくしょん	2
あぷりけーしょんず	4
あべいらぶる	2
あべーらぶる	2
あぺると	2
あるふぁべーと	4
あれんじゃー	2
あむもにあ	0
いありんぐ	1
うぃどう	1
えぽか	1
えんじにあず	3
えんたーていめんと	5
えんたていんめんと	4
おぶん	1
おぷしょんず	1
おーらい	1
かぶりおれー	4
きゃぶりおれ	4
きゃぶりおれー	4
かんがるー	3
きぃうぃ	1
きぅい	1
きうぃ	1
きーうぃ	1
きゃっぺとー	1
くらんち	2
くろーば	2
こんま	1
ごーいんぐ	1
さいほん	1
しゃぼてん	0
ざっぴんぐ	0
しーそー	1
すきゃふぉーるでぃんぐ	3
すちゅわーです	3
すてっぷす	2
すてーくす	2
すていたす	2
すとらてじ	3
すとろーく	3
すわいしょう	2
せりーぐ	2
そゆーず	2
ちぬりくらん	4
でぃあーず	1
でぃれい	1
でぱ	1
でまんど	2
とぅげざー	2
とぅて	1
とらんく	2
ないたー	1
なっしんぐー	1
にゃんざん	1
ばりゅ	1
ぱしふぃこ	2
ぱぺっと	2
ぱりじぇんぬ	3
ゔぃおれ	1
ばいたみん	1
ゔぁいたみん	1
びーふん	1
ぴらみつど	3
ふぁみこん	0
ふぃすかる	1
ふぃえすた	2
ふぇれっと	2
ふぇいく	1
ぶんが	1
ぷろじぇくしょん	3
べにあ	0
ほわっつ	2
ぽりてくにく	4
まぬかん	0
みせす	1
むすれむ	1
もすりむ	1
もすれむ	1
めそーど	1
めとーで	2
めらのさいとーしす	6
らいぶらり	1
らーく	1
りかれんと	1
りたーんず	2
りにえんしー	3
りべーと	2
れじーむ	2
ろごす	1
わいあーど	3
わんだーふぉーげる	5
あいぼりー	1
あかしあ	0
あさか	0
あにめーしょん	3
あばたー	0
あらかると	3
あーかいぶす	3
あーみー	1
いずべすちや	4
いんじうむ	3
いんたびゅあ	3
いんたびゅーあー	4
いんたゔゅーあー	4
いんでぃあんす	1
いーぐる	1
いーぐるず	1
うらにうむ	3
うろるーめ	3
えきしまー	2
えすかるご	3
えっぢんぐ	0
おりじなるす	2
おりじなるず	2
おんりい	1
けいおす	1
けーおす	1
かとらりー	2
かんすと	0
かんそー	1
がいざー	1
ぎゃろっぷ	1
くれーぷ	2
くろろほるむ	4
げるまにうむ	4
こめじあん	2
こめぢあん	2
こめんてーたー	4
こんでじ	0
さぷりめんと	1
さーふぁーず	1
しぇふず	1
しぇるたー	1
しぇーびんぐ	0
しそーらす	2
しびりあん	2
しゃはーぶ	2
しゃんぷ	1
しんなー	1
しーけんさ	3
じぇまー	1
じえん	2
じれんま	2
すくりーにんぐ	3
すとらいぷ	3
すぺくとろぐらむ	6
すぽるてぃふ	2
すらっしゅ	2
すわっぷ	2
せらぴぃ	1
ぞっきょ	1
たいみんぐー	0
だんさーず	1
ちぐりじあ	3
でぃれくたーず	2
でりかしー	2
でりばてぃぶ	2
とむやんくん	3
どらすぴ	0
にゅーろこんぴゅーたー	6
ねーきっど	1
ねいびい	1
ねーびー	1
ねいるず	1
ねーるず	1
のいろーぜ	3
のーまりぜーしょん	6
ばったーず	1
ばーなる	1
ぱつきん	1
ぱんくす	1
ぱーざー	1
ぱーそなるず	1
びぃすた	1
びすた	1
ふあすなー	1
ふぁーむ	1
ふぃっしゅ	1
ふいつしゆ	1
ふぃるだー	1
ふぇいばりっと	1
ふぇいゔぁりっと	1
ふぇーばりっと	1
ぶらーば	2
ぶらーぼ	2
ぶらーゔぁ	2
ぶらーゔぉ	2
ぶりっつ	2
ぶりーざぶる	2
ぷらちな	0
ぷれしじょん	3
へまとぽるふぃりん	6
ゔぇいぱー	1
べにや	0
ゔぇらんだ	0
ぺにす	1
ぺぱーみんつ	4
ゔぉーぐ	1
まおいすと	3
まぞ	1
まふぃあ	1
まりなー	1
めさいあ	2
ものらる	1
ゆーこみす	1
らんにんぐ	0
りとぐらふ	3
るねっさんす	2
れて	1
れりーふ	2
れんじゃーず	1
あたっしゅ	2
あにそん	0
あみゅーず	2
あるかろいど	4
あんだーらーと	5
いずむ	1
いあほん	2
いやほーん	3
いんすぴれーしょん	5
いんせんてぃゔ	3
いんじあん	1
いんぢあん	1
いんでぃあんず	1
いんふぉーまんと	3
うるて	1
いくすきゅーてぃぶ	4
いぐぜきゅてぃぶ	3
いぐぜきゅてぃゔ	3
えくぜくてぃぶ	3
えれき	1
えれめんつ	1
えんじにあー	3
えんたていめんと	4
えいじんぐ	1
おえのせら	3
おめるた	2
おりはるこん	3
かってーじ	1
かふぇおうれー	3
かぷちーの	3
かれんだ	2
がせり	1
がばなんす	1
がぱお	1
きおすく	2
くらむ	1
くろーむ	2
ぐらすのすち	4
こてーじ	1
こひーれんと	2
こまーしゃる	2
こみっとめんと	2
ころぽっくる	3
こんくり	0
こんぐろまりっと	5
こんふぃでんす	1
こーなーりんぐ	0
さいえんす	1
さふぁり	1
さませふ	1
ざうるす	1
しぇいぷ	1
ちくときしん	4
しゅのーける	2
しよーる	1
しーくぇんす	1
じっぽー	1
じゃじ	1
じゃぱにす	1
じゃぱにーす	3
じゃぽねーす	4
じゃぽねーず	3
じゃーぱにーず	4
じやぱにーす	3
はぽねす	1
すから	1
すかるぷちゅあ	3
すてごどん	3
すとーぶ	2
すぴーかーず	2
すぺしゃりすと	4
すれーと	0
すわぶ	1
ずつく	1
せくぽ	1
せったー	1
てーまてぃっく	4
せるぶず	1
せんた	1
そなた	1
そりゅーしょんず	2
そーり	1
だいあぐらむ	4
ちぇあー	1
てくにこ	2
てけ	1
てれこみゅにけーしょん	6
でぃっぷ	1
でぃびじょん	2
だいれくとりー	3
じーぜる	1
ぢーぜる	1
でぃーじぇる	1
とぅあ	1
とらば	0
とらんすくりぷしょん	6
どぅーびー	1
どきゅめんたりい	3
どっじびー	4
にっぽにあ	0
にゆあんす	1
ぬおーぼ	2
ぬおーゔぉ	2
ぬぼー	1
ぬゔぉー	1
のすたるじい	3
のねなーる	3
はるゔぁ	1
ばいおりにすと	5
ばにら	1
ばんだな	0
ぱじぇろ	1
ぱーてぃしょん	1
ひえらるきー	3
ひったーず	1
ひんどぅー	1
ぴんち	1
ふぁみれす	0
ふぁんてぃりゅーじょん	4
ふぇす	1
ふぇーます	1
ふぉーるす	1
ふゅめ	1
ふらいでー	2
ぶりき	0
ぷれーいんぐ	2
ぷろしーでぃんぐす	3
へまとぽるふいりん	6
ぺっぱーず	1
ぺるしぇっと	3
ほーりー	1
ほーるだー	1
ぼうらー	1
ぼこーだー	2
ぼるけーの	3
まんぐすた	3
まんだーらば	3
まんだーらゔぁ	3
みもざ	1
みーんず	1
もか	1
もでゅーる	2
もちゔぇーしょん	3
もるひね	0
ゆびきだす	2
らぴーと	2
りぼーん	2
るねさーんす	2
るねっさーんす	2
るねつさんす	2
るーちん	1
るーてぃーん	3
りくりえーしょん	4
りくれーしょん	3
れくれーしょん	3
れじすとりー	2
れーしっく	1
らてんと	2
ろおじえ	0
あくせしびりてぃ	5
あじえんだ	2
あすとろず	1
あすぱるちる	4
あすふぁると	3
あぶる	1
あゔぇっく	2
あべにーる	3
あめにてぃー	2
ありい	1
あろーはー	2
あーがいる	3
あーきてくちゃー	4
あーせなる	1
いみぐれ	0
いれっさ	2
いんすとらくしょん	5
いんでくしんぐ	3
うぃんな	1
うぃんなー	1
うぇか	1
うぇはーす	1
うぇふぁーす	1
うえはす	2
うえふぁーす	2
えくすとるーだー	5
えっせんす	1
えゔぁんげりおん	4
ゑゔぁんげりをん	4
えんたぁていめんと	5
おまーじゅ	2
おもにむ	1
おるど	1
おんぶず	1
かじの	1
かじゅあるず	1
かつれつ	0
かのーあ	2
かぷさいしん	3
かるま	1
かるでぃなる	2
きせのん	2
かーする	1
きゃっちゃーず	1
きゃばれえ	1
きやばれー	1
きゃぴとる	1
ぎたーりすと	4
ぎぷす	1
ぐらふぃく	2
こさっく	2
こっくぴっと	4
こっとんず	1
かんふぁれんす	1
こんぷらいあんす	4
こんぽーねんと	3
こーちん	1
こーほーと	3
ごーしゅ	1
さふぁいあ	2
さぷり	1
さむばでぃー	3
しぇーかー	1
しばらとり	3
しゃーくす	1
しるうぇっと	1
しんぽじゅーむ	4
じっぽ	1
じぷしー	1
じゃーなりずむ	4
じょっぐ	1
じーぷ	1
すいしん	0
すてぃっかー	2
すてっち	2
すていとめんと	2
すとらいかー	3
すとりーむす	3
すなつぷ	2
すぺきゅれーしょん	4
すもっぐ	2
すろっつ	2
ずっきーに	3
せぱれーたー	3
せまんてぃくす	4
せまんてぃっくす	4
せれっそ	2
ぜんちょ	0
そてぃー	1
そーなー	1
そりゅーしおんず	2
そるーしょん	2
そおだあ	1
そーだー	1
たおまふ	0
とらっぷす	2
たりーず	1
たーれお	1
だいあるみねーと	6
だるましあん	3
ちゅにっく	1
ちんちら	0
でぃすとらくしょん	4
でぃばいだー	2
でぃゔぃじょん	2
でぃめんしょん	2
でぃれー	1
でゅーてぃー	1
でりばり	2
とぅた	1
つでー	2
とうばんじゃん	3
とぽす	1
とらんさみん	0
とろーりんぐ	0
どきゅめんてーしょん	5
どれっしんぐ	2
どーれん	1
なぷきん	1
にあんす	1
ねね	1
のすたるじー	3
はじゃーる	2
はれるや	2
ゔぁいおりにすと	5
ばーざーる	3
ぱっさーる	3
ばるこにー	3
ゔぁーちゃる	1
ぱのらま	0
ぱらりんぴっく	5
ひっぴー	1
ひゆーまにずむ	4
ひんじ	1
びじたーず	1
びるじんぐ	1
びるぢんぐ	1
びれー	1
ぴすとるず	1
ふぁいなんしゃる	3
ふぁしりてぃ	2
ふぁーましあ	3
ふぃーりんぐ	0
ふぇてぃしずむ	3
ふぇーず	1
ふぇいど	1
ふりぺ	0
ふりーくす	2
ふりゅーと	2
ふれーて	2
ふろれしえんしす	5
ぶいやべーす	4
ぶざー	1
ぶるじょわ	0
ぶろんず	0
ぷるでんしゃる	3
ぷれじゅでぃす	2
ぷろそじー	2
ぷろだくしょんず	5
ぷろてすたんと	3
ぷろふぇっしょなるず	3
ぷろみねんす	2
へるぷ	1
ぺいんたーず	2
ほすぴたりてぃ	4
ほるたー	0
ほろぐらむ	3
ぼうしん	0
ぼきゃぶらりー	2
ゔぉーかりすと	4
ぽえじー	1
ぽえみっくす	3
ぽまーど	2
ぽむぷ	1
まいのりてぃー	3
まっこり	0
まほー	1
まみぃ	1
まみい	1
みすてりーず	1
みすど	0
むーびーず	1
むーぶめんと	1
めそぢすと	3
めっせんじゃー	3
めでぃかる	1
めりんす	0
めるしー	1
めるまが	0
めろでぃーず	1
めろでい	1
めんぜん	1
もっとお	1
ゆないてっど	2
ゆにぞん	1
ゆにふぃけーしょん	4
ゆーてぃりてぃ	3
らいせんしー	3
らいふるず	1
らげーじ	1
らじかせ	0
りざーべいしょん	4
りざーべーしょん	4
りばてぃーん	3
れふぉるむ	2
りらくぜーしょん	4
りわーく	2
るぽーるたーじゅ	5
れきちゅあ	1
れぱーとりー	2
れりじょん	2
れーてぃんぐ	1
ろひぷのーる	4
あいゔぉりー	1
あいろにー	1
あくれでぃてーしょん	5
あざーず	1
あじてーしょん	3
あたっちめんと	2
あなふぃらきしー	5
あなーきずむ	4
あにめいしょん	3
あぱーとめんと	2
あみど	1
あらせな	0
あらもーど	3
あろさうるす	3
あろま	1
あんとらー	1
あんびぎゅいてぃー	4
あんもにや	0
あむもにや	0
あーきおろじー	4
いずゔぇすちや	4
いにしぁてぃぶ	3
いにしぁてぃゔ	3
いにしあちーぶ	5
いにしあてぃーぶ	5
いにしあてぃーゔ	5
いにしゃちぶ	3
いにしゃちゔ	3
いにしゃちーぶ	4
いにしゃちーゔ	4
いにしゃてぃぶ	3
いにしゃてぃゔ	3
いにちあてぃぶ	3
いにしえーしょん	4
いめくら	0
いんすぴれいしょん	5
いんすぴれーしよん	5
いんたーふぇろん	5
いんとろだくしょん	5
いんふぃでる	1
いんぺれーたー	4
いんぽーたんと	3
いーすたん	1
うぃじょん	1
うぇーく	1
うぇいく	1
うぇーだー	1
うぇっじ	1
うぉっちゃー	1
うぉっちゃーず	1
うおーむ	2
うるま	1
えあろすぺーす	5
えきじびしょん	4
えくすぽず	1
えくすてんだー	4
えくすぷろれーしょん	6
えくすぷろーら	5
えくすぷろーらー	5
えくすぽーねんと	4
えすぽあーる	4
えちる	1
えっちんぐ	0
えばりゅえーしょん	4
えぴねふりん	4
えるぼー	1
えんたーてぃめんと	5
えんたーてーんめんと	5
えんでゅあ	1
えんばいろめんつ	3
えむぱいあ	3
えんぱいあ	3
えんぷろいあびりてぃ	7
えーじんぐ	0
えーさー	1
おっしろすこーぷ	6
おでっせー	2
おとぱ	1
おぺれーたー	3
おらくる	1
おれがの	0
おーさー	1
おーどーぶる	3
かいろぷらくてぃっく	7
かすけーど	3
かどみうむ	3
かむさはむにだ	5
かりゅきゅらむ	1
かるしゅうむ	3
かるしゅーむ	3
かるしゆーむ	3
かるちうむ	3
かるぱっちょ	3
かるぼなーら	4
かんばせーしょん	4
かんぺしーの	4
かんぺすぃーの	4
ぎゃすとりっく	4
がゔぁなんす	1
がりうむ	2
がれっじ	2
きねま	1
きゃすてぃんぐ	0
きゃべじ	1
きゃべーじ	2
きやべぢ	1
きやべーじ	2
くいっけん	2
くいにーあまん	5
くうぉりてぃ	2
くおりてぃーず	2
くりにかる	2
くりぷとん	2
くれいん	2
くれいんず	2
くろわっさん	3
くろーりん	2
くーでた	3
けみすとりー	1
げふぃちにぶ	3
こえんざいむ	4
こさーじゅ	2
こすもぽりたにずむ	7
こね	1
こめるす	2
こみってぃー	2
こみゅにゅけ	0
こみゅにけーたー	4
こめんていたー	4
これくてぃぶ	2
こんぷれくす	4
かんま	1
こーくす	1
こーでぃねーしょん	4
こーんびーふ	1
ごじっく	1
ごじつく	1
ごっしく	1
ごんぐ	1
ごーうぃん	1
さいでぃんぐ	0
さうな	1
さすてなぶる	4
さぶさーしょん	3
さぷらいやーず	3
しぇいびんぐ	0
しぇーゔぃんぐ	0
しぇーぷ	1
しぐねいちゃー	3
しゃとれーぬ	3
しゃしー	1
しやし	1
しゅぷれひこーる	5
しゅぷーる	2
しゅりんく	2
しゅーたー	1
じぇすちゅあ	1
じぇすちゅあー	1
ぜすちゃー	1
ぜすちゅあ	1
じきたりす	3
じゃぎー	1
じゃくじー	1
じゃくーじ	2
じゃっき	1
じゃっくす	1
じゅらい	2
ぢれんま	2
すうぃーぷ	2
すうぇでぃっしゅ	3
すかれった	3
すくあっと	3
すこぽらみん	0
すたんだーず	4
すとっきんぐ	2
すとれっちゃー	3
すとろんぐす	3
すとーゔ	2
すぷりんくらー	3
すぷん	2
すぺくたくる	2
すぽーてぃぶ	2
すらぐ	1
すれっしゅほーるど	5
すれっしょるど	4
すんにと	0
すんにー	1
すぼん	1
せぐめんてーしょん	5
せぎゅめんと	1
せにょーる	2
せふぁむ	1
せふぇむ	1
てらぴー	1
せれくたー	0
そぷらにすた	4
そろいすと	2
そしありすと	4
たきしーど	3
たくてぃくす	3
たらそてらぴー	4
だいありー	1
だいらたんしい	4
だっぐあうと	4
だみー	1
だりあ	1
だんじょん	1
だんでぃずむ	3
ちぇっかー	1
ちゅーさ	1
ちょるてん	1
てぃえど	1
てぃーんえいじゃー	4
てりーぬ	2
てれぱしー	2
てれふぉにー	1
でぃる	1
でぃらー	1
でーらー	0
でぃーん	1
でてらんす	1
でゅある	1
となかい	2
とむきゃっと	3
とらふぃっく	3
とらんすぽーと	5
とれんち	2
とれい	2
とれいん	2
どぅあー	1
どぐま	1
どねーしょん	2
どーらん	0
なしょなりずむ	4
のーずろ	1
はいどらんじあ	4
ひどらんじあ	3
はるば	1
はんなら	0
ばうんだり	1
ばずーか	2
ばっする	1
ばにっしゅ	1
ゔぁにら	1
ばりでぃしょん	3
ばんぱいや	3
ばんぱいやー	3
ゔぁんぱいや	3
ゔぁんぱいやー	3
ばーちゃる	1
ぴじゃま	1
ぱすてぃちぇりあ	4
ぱたんなー	0
ぱぷりか	2
ぱるちざん	3
ぱーそなりー	1
ひゅりすてぃっくす	4
ひゅーりすちっく	5
ひゅーりすてぃっくす	5
ひるどいど	3
びくとりー	1
びねがー	1
びのむ	1
びばーちぇ	2
ゔぃゔぁーちぇ	2
びゅふぇ	1
ぶっふぇ	1
ぶっふえ	1
びらん	1
ゔぃらん	1
びりーばー	2
ぴくちゃーず	1
ぴっちゃーず	1
ぴらみっと	3
ぴらみつと	3
ぴらみど	3
ぴらみーど	3
ぴーんち	1
ふぁーますーてぃかるず	4
ふぃしゅ	1
ふいっしゅ	2
ふぇんしんぐ	1
ふぇーく	1
ふぇいず	1
ふえーず	1
ふぉとふりん	3
ふゅーじてぃぶ	1
ふりんじ	2
ふりーくえんしー	2
ふるおれせいん	5
ふんしんぺっく	5
ぶりっくす	2
ぶりっぐ	2
ぶれいん	2
ぶーげんびりあ	5
ぷりむろーず	4
ぷろとこーる	4
ぷろとぷらすと	5
べいぱー	1
べごにあ	0
べじたりあん	3
べぜる	0
べのむ	1
ゔぇのむ	1
ぺあれんと	1
ほえい	2
ほえーるず	2
ふぉすげん	1
ふぉるむあるでひど	6
うぉっつ	1
ほーみたい	4
ゔぉこーだー	2
ぼさのば	0
ぼんばー	1
ぼんごぉれ	3
ぼんごーれ	3
ぼんべ	1
ぼーかりすと	4
ぼーぐ	1
ぽぜっしょん	2
ぽたーじゅ	2
ぽもどーろ	3
ぽりーぷ	2
まぐねしうむ	4
まっさーじゅ	3
まっさーじー	3
まにふぇすと	3
まにゅふぁくちゅありんぐ	3
まふいあ	1
まりの	1
まーもっと	1
みかるでぃす	2
みさいらー	2
みたくしゃら	3
みにあちゅあ	3
みにあちゅーる	4
みにゅちゅあ	0
みにまりずむ	4
むじかーれ	3
みゅじしゃん	1
みゅーじしゃんず	1
みゅーじっしゃん	3
みゅじっく	1
みゅじーく	2
みゅーじゅく	1
むじぃーく	2
むじーく	2
みーん	1
むだん	1
むーす	1
めっせーじんぐ	0
めどれー	1
めりーごーらうんど	6
めんとれ	0
もだりてぃー	2
もじひけーしうん	4
もぢひけーしうん	4
もびりてぃー	2
もらとーりあむ	3
もーめんと	1
やっほう	1
やっほー	1
ゆーもれすく	4
よぐると	2
らいらい	0
らずり	1
らぶりー	1
れいべる	0
りけーる	2
りそーせず	2
りたーなぶる	2
りぽそーむ	3
りみてっど	1
りうまちす	3
りゅうまち	0
りゅーまち	0
りゅーまちす	3
りょーまち	0
りよーまち	0
れうまち	0
れうまちす	3
りらくぜいしょん	4
りりっく	1
りんでろん	1
るさんちまん	2
るてちうむ	3
るーぺ	1
れいど	1
れずびあん	2
れぱーとりぃ	2
れぷろしー	2
れぽ	1
ろきそにん	0
ろーじえ	0
ろーたー	1
ろていしょん	2
ろーらーず	1
あいでぃんてぃてぃ	3
あんでんてぃてぃ	3
あいろにい	1
あうす	1
あうろ	1
あかしや	0
あくせしびりてぃー	5
あくせっしびりてぃー	6
あざー	1
あしーら	2
あすふあると	3
あすふはると	3
あすふわると	3
あたつちめんと	2
あだぷたー	2
あっせい	1
あでぃだす	1
あどりなりん	0
あのんす	2
あなあきすと	4
あなーきすと	4
あなきずむ	3
あぱるとへいと	5
あぱるためんと	2
あぱるとまん	2
あぱるとめんと	2
あふたぬーん	4
あふたーぬーん	5
あふる	1
あぶぞーぶ	3
あぽろじに	3
あもーれ	2
あらまんだ	3
あるかりー	0
あるぴにすと	4
あーれふ	1
あんそりしてぃっど	4
あるひーふ	3
あーかいぶず	3
あるけおろじー	4
あーきてぃくちゃ	4
あーきてくちゅあ	4
あーきてくつ	4
あるすなる	3
あみー	1
あーめーん	3
いずべすちゃ	3
いにしぇーしょん	3
いにしゅえーしょん	4
いぶにんぐ	1
いゔにんぐ	1
いまじねいしょん	4
いまじねーしょん	4
いんじけーた	4
いんすとらくたーず	5
いんすぴいれーしよん	6
いんすぴーれーしょん	6
いんすぴーれーしよん	6
いんせんちぶ	3
いんたーふえろん	5
いんでん	1
いんとりゅーしょん	4
いむぷれっしょん	4
いんぷれっしょん	4
いんぷれっしょんず	4
いんぽーつ	3
うえいく	2
うぇは	1
うえは	1
うらにゅーむ	3
えきしびしょん	4
えきしびじょん	4
えくすぽ	0
えくすちぇんじ	4
えくすぷろいと	5
えくすぷろうら	5
えくすぷろらー	5
えくすぺでぃしょん	5
えくすぺでぃしょんず	5
えぐざいる	3
えしゃれっと	1
えしゃろっと	1
えしゃろっとぅ	1
えすぱにょーる	4
えちおぷるぷりん	6
えつせんす	1
えでぃたーず	1
えでぃとーる	3
えなみー	1
えびる	1
えぴねふぃりん	4
ふぉるみてーじ	4
ふほるみてぇーじ	4
えれがんつ	1
えろきゅーしょん	3
えろちしずむ	4
えろてぃしずむ	4
えんたーていなー	5
えんぷろいあびりてぃー	7
えんぷろいやびりてぃ	7
おいのす	1
おぺれーた	3
おぺれーたーず	3
おりおーる	3
おりおーるず	3
おりじなりてぃ	4
おりじなりてぃー	4
おんぶす	1
おーがないざー	4
おーさがなる	3
おーさーず	1
おーぼー	1
あうら	1
おーら	1
おるうぇいず	1
おーるうぇいず	1
おーるうぇーず	1
かいえん	1
かいろぷらくてぃくす	7
かいろぷらっくちっく	8
かいろぷらてぃくす	6
かいろぷらてぃっく	6
こくてーる	3
きゃすけーど	3
かてーじ	2
かてれつ	0
かどみゅーむ	3
かぷっちーの	4
かもん	1
かるめ	1
きゃんぴろばくたー	5
かんぷ	1
かんぼく	0
かーでぃがんず	1
かーねる	1
がすとりっく	4
がんばん	0
がーぜ	1
きよすく	2
くせのん	2
きねてぃくす	3
きゃすちんぐ	0
きやすちんぐ	0
かたぴら	0
かたぴらー	2
きゃたぴら	2
きゃたぴらー	2
きゃっちんぐ	0
きゃびあ	1
きゃゔぃあ	1
けびん	1
きゃんぎゃる	0
きゃんさー	1
きゅーてぃー	1
ぎにょーる	2
ぎぶす	1
がろっぷ	2
くいにゃまん	3
くらくしょん	2
くりた	1
くるーざー	2
くれすと	2
くろの	1
くろろふぉるむ	4
ころろほるむ	4
くろあっさん	3
ぐらいだー	2
ぐれいぷばいん	5
ぐれーぷばいん	5
ぐろーばりぜーしょん	6
けみかるす	1
けみかるず	1
げすぶ	0
げっとー	1
げふいちにぶ	3
げるまにゅうむ	4
げるまにゅーむ	4
ぜるまにうむ	4
こうむ	1
こえんざえむ	4
こきゅー	1
かざっく	2
かざーく	2
こさつく	2
こざっく	2
こっさっく	1
こさーじ	2
こるさーじゅ	3
こーさーじ	3
こたん	1
こってーじ	1
こてじ	1
こてっじ	1
こひれんと	3
こんまーしゃる	3
こみく	1
こみっくす	1
こめでぃえんぬ	4
これくちぶ	2
これくちゔ	2
こんぐれしょなる	4
こんぐろまりと	5
こんこるど	3
こんちねんつ	1
こんちねんと	1
こんてぃねんと	1
こんとりびゅーしょん	5
こんばーた	3
かんふぁらんす	1
こんふぁれんす	1
こんふぇれんす	1
こんふぃ	1
こんぽーねんつ	3
こうほーと	3
こほーと	2
こーむ	1
さいあんす	1
さいやんす	1
さいこめとらー	4
さすていなぶる	3
さすぴしょん	3
さふぁいや	2
さふあいや	2
さぷるめんと	1
さふぇーさー	2
しぇいぷす	1
しえりと	2
しえりーと	3
しくときしん	4
したでる	1
しちゅあしおん	3
しゃし	1
しゃはぶ	1
しゃんでりあ	3
すのーけりんぐ	0
すのーける	2
しょこりきさー	3
しょせ	1
しんせりてぃ	3
しーいんぐ	0
しーくうぇんす	1
しーけんす	1
しーくえんさー	4
しーけんさー	3
じぇらしー	1
じぎたりす	3
じひ	1
じべっと	1
じゃいぶ	1
じゃずまん	2
じやつき	1
じゃぱぐら	0
じゃーんぷ	1
ぢやーなりずむ	4
じゃーにー	1
じるこにあ	0
でぃれんま	2
すかるぷちゃー	3
すかふ	1
すこーぴお	2
すこーぴおん	2
すこーぴおんず	2
すたっくす	2
すちゅあーです	3
すっちゃです	1
すとっきんぐす	2
すとらいぷす	3
すとらいぷず	3
すとらと	0
すとぶ	1
すとゔ	1
すにーかーず	2
すぱいらる	2
すぴりっつ	2
すぺりっと	2
すぺりつと	2
すぺきおさ	3
すぺしゃりすつ	4
すむーさー	2
すむーざー	2
すらっくす	2
すらつくす	2
すらんぐ	2
すんどぅぶ	0
すーふぁみ	0
せいむ	1
せくしゃりてぃ	3
せくしゃりてぃー	3
せくしゅありてぃー	4
せたー	1
せっちんぐ	0
せびろ	0
せぶんてぃーん	4
せれくてぃっど	2
せれくてっど	2
せーは	1
せーむ	1
そなぐらむ	3
そりてぃあ	2
そーしゃりすと	4
たらそせらぴー	4
たんたん	0
たーい	1
だいあり	1
じおきしん	3
だいじぇすてぃぶ	3
だいらたんしー	4
だとー	1
だめっじ	1
だめーじず	2
だりや	1
だんく	1
だんでぃすむ	3
だんでいずむ	3
ちぇっかーず	1
ちゃねらー	0
ちゃんねらー	0
ちゃぷたー	1
ちゃんぴおんしっぷ	6
ちゅーなーず	1
ちょっき	0
ちよつき	0
きんきるら	3
てぃーねいじゃー	3
てぃーんえーじゃー	4
てきさふぃりん	4
てりとりー	1
てれっくす	2
てんぷら	0
でぃあすぽーら	4
でぃくりぷたー	3
でぃーくりぷたー	4
でくりぷたー	3
でぃぐりー	1
でぐりー	1
でぃすとりびゅーしょん	5
でばいだー	2
でぃびぃじょん	2
でぃびーじょん	2
だいめんしょん	3
だいめんしよん	3
でぃめんじょん	2
でぃこーでぃんぐ	0
でせお	1
でもすとれーしょん	5
でぅある	1
でゅあれーしょん	3
でりばてぃぶず	3
でりばでぃぶ	3
とぅぎゃざー	2
とげざー	2
とーばんじゃん	3
とっぱーず	1
とぱず	1
とらべりんぐ	2
とらゔぇりんぐ	2
とらむ	1
とらんしっと	4
とたる	1
どくめんてーしょん	5
どきめんと	1
どきゅまん	1
どきゅめんつ	1
どっぺるげんがー	5
ないしん	1
なち	1
なっつめっぐ	4
なつめっぐ	3
なふきん	1
ねとる	1
のびれ	1
はじゃる	1
はにかむ	1
はにい	1
はにー	1
はにーず	1
はぷんど	1
はもん	1
あれるや	2
はれるーや	3
ばうんだりー	1
ばぎな	1
ゔぁぎな	1
ばぎー	1
ぱさーる	2
ばるこん	1
ばんこん	0
ばんどるず	1
ゔぁんぷ	1
ぱいなつぷる	3
ぱいんあっぷる	4
ぱいんあつぷる	4
ぱすてぃす	1
ぱすてぃっちぇりあ	5
ぱってぃんぐ	0
ぱっていんぐ	0
ぱてぃんぐ	0
ぱとりおっと	4
ぺいとりおっつ	5
ぺとりおっと	4
ぱねりすと	3
ぱばーぬ	2
ぱゔぁーぬ	2
ぱひゅーむ	2
ぱふゅーむ	2
ぱぺっつ	1
ぱれっど	1
ぱろでぃ	1
ぱろでぃー	1
ぱんてぃー	1
ぱーせぷしょん	3
ぱーすなりてぃ	4
ぱーすなりてい	4
ぱーそなりてぃ	4
ぱーそなりてぃー	4
ぱーそなりてぃーず	4
ぱてーしょん	0
ぱーてーしょん	3
ぱーふぇくつ	1
はいあらーき	4
はいあらーきー	4
はいらーきー	3
ひえらるひー	3
ひすとぐらむ	4
ひゅまにずむ	3
ひゆまにずむ	3
ゆまにすむ	3
ひんどう	1
びぎなー	1
ゔぃくとりー	1
ゔぃねがー	1
びゅらー	1
びゅーら	0
びっれっじ	1
びーとる	1
ぴくしぃー	1
ぴくしー	1
ぴくちゃ	1
ぴくちゃー	1
ぴくちゅあ	1
ぴすたしお	3
ぴすたちお	3
ぴすたつぃお	3
ぴてかんとろぷす	5
ふぁしりてぃー	2
ふぁしりてぃーず	2
ふぁりなーた	3
ふぁーますーてぃかる	4
ふぁーむず	1
ひいろそひいー	3
ひろそひい	2
ひろそひー	2
ひーろそひー	3
ふーいろそひー	4
ふぃーりんぐす	3
ふぃーりーんぐす	3
ふぇいんと	0
ふぇざーど	2
ふぇると	0
ふえると	0
ふえんだー	0
ふぇーずど	1
ふぇーぶる	1
ふぉいる	1
ふぉーるあうと	4
ふくしん	2
ふらすこ	0
ふりくえんしー	2
ふりけんしー	3
ふるがりてぃ	3
ゔいやべーす	4
ふざー	1
ぶるじおわ	0
ぶるじょあ	0
ぶるじよあ	0
ぶるぢよあ	0
ぶるとーざー	3
ぶろんどす	2
ぶーげんびりや	5
ぶーげんびれあ	5
ぶーめらんぐ	1
ぷらぐまてぃくす	5
ぷらぐまてぃっくす	5
ぷるーでんしゃる	4
ぷれっじんぐ	0
ぷろぜくたー	3
ぷろてくしょん	3
ぷろてくしよん	3
ぷろばいおてぃっく	6
ぷろばびりてぃー	4
へぶんず	1
へゔんず	1
へーぜる	1
べしゃめる	0
べしゃめーる	3
びじてりあん	3
べじてりあん	3
ゔぇじたりあん	3
べるてぽるふぃん	4
べるてぽるふいん	4
べーたぽるふぃん	4
べーぱー	1
ぺいんたー	0
ぺいんつ	1
ぺんち	1
ほすぴたりてぃー	4
ほっちきす	1
ほよー	1
ほろすこーぷ	4
ぼきゃぶらりい	2
ゔぉきゃぶらりー	2
ぼさのゔぁ	0
ぼっさのば	0
ぼぶすれー	1
ぼるていじ	1
ぼるてーじ	3
ゔぉるてーじ	3
ぼーすん	1
ぼーらー	0
ぽえぢい	1
ぽしちーう	3
ぽじちーぶ	3
ぽすてっど	3
ぽっとしょっと	4
ぽりぷ	1
ぽわれ	2
ぽんず	0
まえすとろ	2
まぐねしゅうむ	3
まぐねしゅーむ	3
ますたーぴーす	5
まっかり	1
まっこうり	3
まっこるり	1
まて	2
まとりくす	3
まにゅふぇすと	3
まはら	1
まみーず	1
まいょねーず	4
まいよねーず	4
めいよんねーず	5
まりふぁな	0
まりふあな	0
まるちぷれくしんぐ	5
みしん	1
みすえれ	0
みせず	1
みっくちゅ	1
みのすたしん	0
むーにえ	1
むるしぇらーご	4
むるしえらご	4
むーぶまん	1
むーゔめんと	1
めいず	1
めさいや	2
めしあ	1
めそでぃすと	3
めたもるふぉーず	5
めたもるふぉーぜ	5
めっせんじゃーず	3
めじかる	1
めぢかる	1
めりーごーらんど	4
めるあど	0
めーず	1
もじら	1
もだにすと	3
もてぃべーしょん	3
もっず	1
もっつぁれっら	4
もっつぁれら	3
もっつあれら	3
ものまー	1
ものーらる	2
もびりてぃ	2
もるふぃん	1
もめんと	1
ゆないてぃっど	2
ゆにおにすと	4
ゆにらてらりずむ	6
ゆーすふる	1
ゆちりちー	2
ゆーてぃりてぃー	3
ゆもれすく	3
よが	1
らいち	1
らいちー	1
らいむ	1
らくさ	1
らじぇーた	2
らぴす	1
らぶりぃ	1
らゔりぃ	1
らゔりー	1
らぷそてぃ	2
らぷそてぃー	2
らべんだー	2
らゔぇんだー	2
らむね	0
らりゅ	1
りくーど	2
りさーちゃー	2
らいなっくす	3
りんねる	1
れぴーたー	2
りべらるず	1
りべらーる	3
りぽぞーむ	3
りみってぃっど	2
りみてぃど	1
りみてつど	1
りもこん	0
りらくせーしょん	4
るしるず	1
りゅーたー	0
れがろ	1
れしーぶど	2
りせぷしょん	2
れせぷしょん	2
れぱとあー	2
れぱとわ	0
れふぁらんす	1
れふぁれんす	1
れふあれんす	1
れいてぃんぐ	1
れいてぃんぐす	1
ろでぃお	1
ろでお	1
ろーたーず	1
あいあむぱす	4
あいあんばす	5
あいおきしにる	4
あいおのまー	3
あいおり	0
あいより	0
あいから	0
あいぎす	1
あいぐれふぃぬす	5
あいげんふぇいす	5
あいげんふぇーす	5
あいげんぼいす	5
あいこにしてぃー	4
あいこのくらずむ	6
あいこのすこーぷ	6
あいこら	0
あいごー	1
あいしゅばるや	4
あいしゅゔぁるや	4
あいしんぐ	1
あいじんぐらす	5
あいすど	1
あいすばーん	4
あいすぶれーかー	5
あいすぼっくす	4
あいすまん	1
あいぜんばーん	5
あいそきねてぃっく	5
あいそきねてぃっくす	6
あいそくろにー	4
あいそざいむ	4
あいそすたしー	5
あいそすたちっく	6
あいそすぴん	5
あいそたいぷ	4
あいそとにっくす	5
あいそとーぷ	4
あいそめとりっく	6
あいそめとりっくす	6
あいそもーふぃすむ	6
あいそもーふぃずむ	6
あいそれーしょにずむ	7
あいそれーた	4
あいそれーたー	4
あいでありすと	5
あいでぃありすと	5
あいでありずむ	5
あいでぃありずむ	5
あいでぃたろっど	4
あいでむぽーてんと	5
あいでんてぃふぃけーしょん	7
あいでんと	1
あいどーす	3
あいなー	1
あいね	1
あいねく	0
あいの	1
あいぱっち	3
あいぱー	1
あいび	1
あいゔぃ	1
あいぶろう	4
あいぶろー	4
あいへん	1
あいべっくす	3
あいほ	1
あいほーる	3
あいぼると	3
あいむ	0
あいも	1
あいらいなー	3
あいらぐ	0
あいらっしゅ	4
あいらんだー	3
あいらんだーず	3
あいりす	1
いりす	1
あいりどろじー	4
あいゆ	1
あいりゅ	1
あいれっと	1
いろにー	1
あいわ	1
あいんざっつ	4
あいんしゅぺなー	4
あいんす	1
あいんすたいにうむ	7
あいんつぇるつぃんめる	6
あうぇいく	2
あうえる	1
あうぐすてお	3
あうすぐらいひ	5
あうすとららしか	6
あうすとららしくす	7
あうすとらりす	5
あうすとらる	4
あうすとらろぴてくす	7
おーすとらろぴてくす	7
あうすれーぜ	4
あうせんほふ	3
あうたるきー	3
あうたーうぇあー	5
あうたーうえあ	6
あうち	1
あうとさいだー	4
あうとすとらーだ	6
あうとていく	4
あうとてーく	4
あうとばーん	4
あうとぱふぉーむ	5
あうとふぃったー	4
あうとふぃったーず	4
あうとぽーれーす	6
あうとりがー	4
あうとろ	0
あうとろうず	4
あうふ	1
あうふたくと	4
あうむ	1
あうらんてぃふぉりあ	6
あうる	1
あうれあ	2
あうろす	1
あうろぷんくたた	6
あうんみぇー	2
あうんみえ	2
あうんみえー	2
あえぐろぷしす	5
あえごりうす	4
あえら	1
あえろもなす	4
あおざい	0
あおりすと	3
あかうんたびりてぃ	6
あかうんたびりてぃー	6
あかうんてぃんぐ	2
あかしじあ	3
あかしっく	3
あかしゃ	1
あーかーしゃ	3
あかじょ	1
あかっとーりこ	4
あかでみあ	3
あかでみしゃん	4
あかでみずむ	4
あかでめいあ	4
あかはい	0
あかはら	0
あからしあ	3
あからす	1
あかりん	1
あかるぼーす	4
あかんさす	2
あかんとす	2
あかんとふぉりす	5
あかんとふぉりでー	5
あかんぺ	2
あかーるむ	2
あがちす	1
あがとす	0
あがにょーく	3
あがばてぃ	2
あがぱんさす	3
あがべ	1
あがぺ	1
あがぺー	1
あがりすく	3
あがるしだーぜ	5
あがるむ	1
あがろーす	3
あがー	1
あがーうっど	4
あがーえ	2
あがーべ	2
あげーぶ	2
あきしおん	2
あきしゃる	1
あきそおむ	3
あきぴてる	3
あきぺんせる	3
あきめねす	3
あきゅあす	1
あきゅあすでぃすちれーと	8
あきゅぱんくちゃー	3
あきゅぷれしゃー	4
あきゅむれーしょん	4
あきゅむれーた	4
あきゅむれーたー	4
あきゅらしー	2
あきゅーざてぃぶ	2
あきらんさす	3
あきれあ	0
あきれぎあ	3
あきー	1
あぎおす	1
あくあちんと	4
あくあてぃくす	4
あくあてぃくむ	4
あくあてぃっく	4
あくあとぴあ	4
あくあとろん	4
あくあのーと	4
あくあびくす	4
あくあびっと	4
あくあらんぐ	4
あくありうむ	4
あくうぃじしょん	3
あくいふぇっくす	4
あくいら	2
あくいー	0
あくしあ	2
あきしす	1
あくしす	1
あくすぃす	1
あくしだーむ	4
あくしでんたる	4
あくしでんと	1
あくしびじょん	4
あくする	1
あくせっしょん	3
あくせぷたびりてぃ	6
あくせぷたびりてぃー	6
あくせぷたぶる	3
あくせぷたんす	3
あくせぷたんと	3
あくせぷた	3
あくせぷたー	3
あくせられーしょん	5
あくせられーた	5
あくせられーたー	5
あくせるれーたー	5
あくせるれーたーず	5
あくせれれーたー	5
あくせんちゅある	3
あくせんちゅえいてぃんぐ	6
あくせんとれす	5
あくそん	1
あくちおん	3
あくちなーぜ	4
あくちにうむ	4
あくちにじん	4
あくちにど	3
あくちにん	0
あくちのいど	4
あくちのまいしん	5
あくちばぶる	4
あくちびん	0
あくちゅありすと	5
あくちゅありて	4
あくちゅありてぃ	4
あくちゅありてぃー	4
あくちゃりー	1
あくちゅありー	1
あくちぇーた	3
あくちゅえーた	4
あくちゅえーたー	4
あくちゅれーたー	4
あくちゆれーたー	4
あくちん	1
あくてぃのらいむす	5
あくてぃびすと	4
あくてぃゔぃすと	4
あくてぃびてぃ	3
あくてぃびてぃー	3
あくてぃゔぃてぃ	3
あくてぃべっくす	4
あくてぃべーしょん	4
あくちべーたー	4
あくてぃべーたー	4
あくてぃべいてぃっど	4
あくてぃべーてぃっど	4
あくてぃぼ	0
あくてぃんぐ	0
あくとすくあめうす	7
あくとみおしん	4
あくとれす	1
あくなれっじ	3
あくね	1
あくねーど	3
あくみなーた	4
あくめいずむ	4
あくらしのん	4
あくらとにうむ	5
あくらるびしん	5
あくりじん	3
あくりたい	2
あくりだん	3
あくりどん	0
あくりのーる	4
あくれあーた	4
あくろけふぁるす	5
あくろしん	0
あくろすてぃっく	5
あくろばあと	4
あくろばっと	4
あくろぽりす	4
あくろまいしん	4
あくろれいん	4
あくろろふぃあ	4
あくわいあらー	3
あくーすてぃか	0
あぐあぼにた	4
あぐあるでぃえんて	6
あぐらおねま	5
あぐりかるちゃー	4
あぐりけみかる	4
あぐりげーしょん	4
あぐりげーと	4
あぐりこーる	4
あぐりびじねす	4
あぐりーめんと	3
あぐれかん	0
あぐれがしおん	4
あぐれじぇ	3
あぐれっさー	3
あぐれっしょん	3
あぐれまん	3
あぐろとれーど	5
あぐろのみっく	5
あぐろばくてりうむ	7
あぐろふぉれすとりー	5
あぐーち	2
あぐーてぃ	2
あけいろぐなとぅす	6
あけろす	1
あげいん	2
あげーん	2
あげいんすと	2
あげらたむ	3
あげんすと	2
あこないと	3
あこにちん	3
あこもでーしょん	4
あころ	1
あこーざる	2
あこるでぃおん	3
あこーでぃんぐ	0
あごう	2
あごにすと	3
あごー	2
あごーぎく	2
あごーぎぐ	2
あごーん	2
あさいど	2
あさいなー	2
あさいらむ	2
あさいんめんと	2
あさしねーしょん	4
あさしん	1
あさっじょ	2
あさると	2
あさんが	2
あさんて	2
あさんぶらーじゅ	5
あせんぶらーじゅ	5
あっさんぶらーじゅ	6
あさんぷしょん	2
あっそんぷすぃよん	6
あっそんぷすいよん	6
あさーしょん	2
あさーてぃぶ	2
あさーてぃぶねす	4
あさーらと	2
あざしくろへぷたん	6
あざちおぷりん	4
あざとりしくろ	5
あざびしくろ	4
あざふぇのちあじん	6
あざふえのちあじん	6
あざぷろぱぞん	5
あざらく	2
あざーん	2
あしぇっと	2
あしぇー	1
あしえ	1
あしえんだ	2
あしすたんす	2
あしすてっど	2
あしぃど	2
あしっど	2
あしーど	2
あしっどへっず	5
あしっどへっど	5
あしどーしす	3
あちどーじす	3
あしなじー	3
あしなまり	3
あしのん	1
あしみれーしょん	4
あすみれーしょん	4
あしみれーと	4
あしめとり	3
あしめとりー	3
あしんめとりー	4
あしゃ	1
あしやー	0
あしゅけなじむ	4
あしけなーじ	4
あしゅけなじー	3
あしゅけなーじ	4
あしゅたみ	0
あしゅたんが	3
あしゅばった	3
あしゅゔぁった	3
あしゅらむ	1
あーしゅらむ	1
あしゅん	1
あしゅーむど	2
あしょけ	1
あしる	1
あしんくろにー	5
あじあてぃっく	4
あじあてぃっしぇ	4
あじあん	1
えいじあん	1
えいじゃん	1
あじあんたむ	3
あじゃんたむ	2
あじうむど	3
あじぇくてぃぶ	2
あじぇくてぃぶず	2
あじぇーせんしー	4
あじたーと	3
あじてーた	3
あじてーたー	3
あじていてぃんぐ	3
あじてーてぃんぐ	3
あじてーと	3
あじど	1
あじどちみじん	5
あじどめちる	4
あじぴん	0
あじぷろ	0
あじぺーと	3
あじぽにとりる	4
あじます	0
あじゃすたぶる	2
あじゃすた	0
あじゃすてぃんぐ	2
あじゃすてっど	2
あじゃすと	2
あじゃすとめんと	2
あじゃんくと	2
あじやまん	3
あじゅか	1
あじゅが	1
あゆが	1
あじゅだん	1
あじゅばんと	3
あじゅもに	0
あじゅま	1
あじゅんま	2
あじょし	1
あじょれ	1
あじりじにる	4
あじりてぃ	2
あじりてぃー	2
あじる	1
あじるーと	3
あづぃるーと	3
あじんほすめちる	6
あじーと	2
あじーる	2
あじーん	2
あじーんなっつぁち	5
あすかりどーる	5
あすく	1
あすけるりく	4
あすけーしす	3
あすこふぃるむ	4
あすこまーな	4
あすこるびなーぜ	6
あすこびる	4
あすこるびる	4
あすこるびん	0
あすころびん	0
あすしゅりあ	3
あすすゅりあ	3
あすぞーる	3
あすたうんでぃんぐ	4
あすたきさんちん	0
あすたくす	3
あすたちん	3
あすたらえる	3
あすたー	1
あすちるべ	3
あすていおん	4
あすてみぞーる	5
あすてらかんた	5
あすてりあ	3
あすてりじえら	5
あすてりずむ	4
あすてりな	3
あすてろいど	4
あすとふぃりん	4
あすとらいど	4
あすとらかん	4
あすとらる	1
あすとらんちあ	4
あすとらんてぃあ	4
あすとりんじぇんと	4
あすとりんぜん	4
あすとりんぜんと	4
あすとろのみい	5
あすとろのみー	5
あすとろらーぶ	5
あすとろろぎい	4
あすとろろぎー	4
あすとろろじー	5
あすとろん	3
あすぱらぎなーぜ	6
あすぱらぎにる	5
あすぱるちるあるぎにる	9
あすぱらてーむ	5
あすぱるてーむ	5
あすぱると	3
あすぴっく	3
あすぴれーしょん	4
あすぴれーた	4
あすぴれーたー	4
あすぴーて	3
あすふぁるたいと	5
あすふぁるちっく	5
あすふぁるてん	3
あすふぉでる	3
あすぷ	1
あすぺくちゅある	3
あすぺりでてす	5
あすぺるぎす	3
あすぺるぎるす	5
あすら	1
あすれてぃしずむ	5
あずらいと	3
あずれみっく	3
あずれん	1
あずれーじょ	3
あずーり	2
あずーる	2
あせぐらとん	3
あせす	1
あせするふぁむ	4
あせたぞらみど	5
あせたみぷりど	5
あせたーる	3
あせちる	1
あせちるあんとらにる	8
あせちるがらくとさみん	9
あせちるこりん	5
あせちるさりちる	5
あせちるらくといるおきしえちる	13
あせちりん	0
あせちれん	0
あせちろまーと	5
あせっさー	2
あせてぃしずむ	4
あせたーと	3
あせてーと	3
あせと	1
あちぇーと	2
あせとあにりど	5
あせたみど	3
あせとあみど	4
あせとあみのふぇのーる	8
あせとあみのふえのーる	8
あせとあみのふぇん	0
あせとあるでひど	6
あせときし	3
あせときしえちる	6
あせときしすちれん	7
あせときしふぇのきし	6
あせときしふえのきし	6
あせときしりじど	6
あせとくろーる	5
あせとにとりる	4
あせとにど	3
あせとにるべんじる	6
あせとふぇのん	4
あせとへきさみど	6
あせとん	2
あせとんぶたのーる	7
あせなりん	0
あしーにあむ	2
あせにあむ	2
あせの	1
あせのすふぇあ	5
あせぶとろーる	5
あせめたしん	3
あせろら	0
あせろーら	3
あせんしょん	2
あせんだんと	2
あせんと	2
あせんど	2
あせんぶらー	2
あせんぶり	2
あせんぶりー	2
あっせんぶりー	3
あせんぶる	2
あっせんぶる	3
あぜぴん	1
あぜらいん	3
あぜらすちん	3
あそしあしおん	4
あそしえーしょん	4
あっそしえーしょん	5
あつそしえーしよん	5
えそしえーしょん	4
えそしえーしよん	4
あそしえいてっど	4
あそしえーてっど	4
あそちあつぃおにずも	7
あそべ	1
あそーと	2
あそーると	2
あぞきし	2
あぞしにる	3
あぞせみど	3
あぞとばくたー	4
あぞにあすぴろ	5
あぞにあとりしくろ	7
あぞべ	1
あぞるら	2
あぞーと	2
あぞーる	2
あたざなびる	4
あたっかー	2
あたっかーず	2
あたまん	0
あたらくしあ	4
あたらっくす	3
あたらんす	3
あたらんてぃあ	3
あだっくす	2
あだぱれん	0
あだぷちん	0
あだぷてーしょん	4
あだます	1
あだまん	0
あだまー	1
あだむさいと	4
あだらーと	3
あだりむまぶ	4
あだりん	1
あだーじぇっと	2
あだじお	2
あだじよ	2
あだーじお	2
あだーじょ	2
あだーら	2
あちゃーる	2
あちゅーと	2
あちゅーんめんと	2
あちょーて	2
あちれあ	2
あちーぶめんと	2
あちーゔめんと	2
あっくど	1
あっさい	1
あっさうら	3
あっさらーむ	4
あっざーらる	3
あしゅー	1
あっしぇ	1
あっしゃるく	3
あっしゅ	1
あったさーりにー	4
あっちぇれらんど	5
あっちゃーる	3
あってねーた	4
あってねーたー	4
あっど	1
あっぱーかっと	5
あっぷたうん	4
あっぷでーてぃんぐ	4
あっぷらいと	4
あっぷりんく	4
あっぷる	1
あっぷるず	1
あっらか	1
あっれ	1
あてぃちゅーど	1
あてぃてゅーど	1
あてすと	2
あてっさ	2
あてとーしす	3
あてとーぜ	3
あてのろーる	4
あてれくとみー	5
あてれす	1
あてれりくす	4
あてろこらーげん	5
あてろーむ	3
あてんしょん	2
あでぃおす	1
あでぃくしょん	2
あでぃしょん	1
あでぃっしょん	2
あでぃてぃびてぃー	3
あでぃぽねくちん	4
あでぃやーとま	3
あですたん	2
あですて	2
あでにる	1
あでにん	1
あでの	1
あでのいど	3
あでのうぃるす	4
あでのういるす	5
あでのしん	3
あでぷと	2
あでゅー	2
あでりー	1
あでるふぁい	2
あでるふぃ	2
あでるふぃー	2
あでるふひ	2
あとい	1
あとぅんぱん	2
あとにん	1
あとにー	1
あとぱ	1
あとまいざー	3
あどまいざー	3
あとみずむ	3
あとみっく	3
あとみっくす	3
あとめ	0
あともきせちん	4
あともす	1
あともすふぃあ	5
あともすふぇあ	5
あためん	1
あともん	1
あとらくす	3
あとらくたー	3
あとらじん	0
あとらす	1
あとらんてぃこ	3
あとらんてす	3
あとりうむ	3
あとりびゅーしょん	4
あとりびゅーと	4
あとりーちぇ	3
あとるばすたちん	5
あとれみうす	4
あとろぱーぷれうむ	7
あとろぷるぷれあ	6
あとわてり	3
あとーばすたてぃん	6
あとーゔぁすたてぃん	6
あとーる	2
あとーれ	2
あどぅる	1
あどそん	1
あどにす	1
あどばいさりー	3
あどばいざりー	3
あどゔぁいさりー	3
あどばたいざー	4
あどゔぁたいざー	4
あどばたいずめんと	4
あどばん	0
あどばんす	1
あどゔぁんす	1
あどばんすと	3
あどばんすど	3
あどばんてっじ	5
あどばーぶ	3
あどひあらんす	3
あどべ	0
あどべにえんす	3
あどゔぇにえんす	3
あどべんちゃらー	3
あどゔぇんちゃらー	3
あどべんてぃすと	5
あどべんと	3
あどゔぇんと	3
あどほっく	3
あどぼ	1
あどぼかしー	3
あどぼかーと	4
あどゔぉかーと	4
あどぼけいと	4
あどぼけーと	4
あどまん	1
あどみたんす	3
あどみっしぶる	3
あどみっしょん	3
あどみっと	3
あどみに	0
あどみにすとれーしょん	7
あどみにすとれいたー	7
あどみにすとれーた	7
あどみにすとれーたー	7
あどみらりい	3
あどみらりー	3
あどみらるず	4
あどりあしん	4
あどりあまいしん	5
あどりぶるーす	5
あどれっせんてぃす	5
あなあな	0
あなうんすめんと	3
あなかん	0
あながるりす	4
あなくろ	0
あなくろにずむ	5
あなくろにずむす	5
あなぐらむ	2
あなこんだ	3
あなざあ	2
あなざー	2
あなすちぐまーと	6
あなっく	1
あなでじ	0
あなときしん	4
あなとさうるす	4
あなとみあ	3
あなとぅら	0
あなとら	0
あなとー	1
あなにの	0
あなばぷてぃすと	5
あなふぃらくといど	6
あなふぉら	0
あなふらにーる	5
あなぷらずま	4
あなべな	0
あなぼりずむ	4
あなむねしす	4
あなむねーしす	4
あなもふぃっく	4
あなもるふぉーしす	5
あなもるふぉーず	5
あならいず	1
あなるげじっくす	5
あなるこ	2
あなるとりー	3
あなれきしん	0
あなろじあ	3
あなろじかる	3
あなろぎー	2
あなろじ	2
あなろじー	2
あなんしえーたー	5
あなきすと	3
あなきぃ	1
あなきー	1
あにおん	1
あにさきす	3
あにす	1
あにさみど	3
あにすあみど	4
あにすくーへん	4
あにすむ	1
あにぜっと	3
あにそとろぴん	4
あにそるむ	3
あにそーる	3
あにぱろ	0
あにひれーしょん	4
あにべるせる	3
あにべるせーる	5
あにゔぇるせる	3
ざにべるせーる	5
ざにゔぇるせーる	5
あにまとろにくす	6
あにまりずむ	4
あにまる	1
あにまるず	1
あにまんど	3
あにまーと	3
あにみずむ	3
あにむずむ	3
あみにずむ	3
あにむす	1
あにめいたー	3
あにめーた	3
あにゅある	1
あにゅすでい	2
あにゅら	1
あにゅらー	1
あにょう	1
あにょー	1
あにりど	0
あにりの	0
あにりん	2
あにれりじん	0
あにーりんぐ	0
あにーる	2
あぬえぬえ	3
あぬす	1
あぬっさや	2
あぬったら	2
あぬらた	0
あねあろびくす	5
あねきせーと	4
あねくどき	3
あねくどーと	4
あねくめね	3
あなすていじあ	4
あねすてしあ	4
あねすてじあ	4
あねっくす	2
あねもね	0
あねもめーたー	4
あなじー	1
あねろいど	3
あねろびっく	4
あねんせふぁり	4
あのあ	1
あのいりん	0
あのてーしょん	3
あのどりゅんくす	4
あのにま	0
あのにます	2
あのにむ	1
あのふぇれす	3
あのまらす	3
あのまりあ	3
あのまろかりす	5
あのまー	1
あのみあい	3
あのみー	1
あのらっく	3
あのりす	1
あのーど	2
あのーば	2
あのーる	2
あはらーむ	3
あはろのっと	4
あばか	1
あばかす	1
あばかびる	3
あばたーら	3
あゔぁたーら	3
あばっつぃあ	2
あばっと	1
あばめくちん	4
あばらんしゅ	3
あばらんちぇ	3
あゔぁらんしゅ	3
あゔぁらんちぇ	3
あばらんち	3
あばんせ	2
あゔぁんせ	2
あばんちゅーる	4
あばんてぃ	2
あゔぁんてぃ	2
あばーしぶ	2
あばーす	2
あぱけ	1
あぱしぃ	1
あぱしー	1
あぱたいと	1
あぱっしゅ	2
あぱっしょなーた	5
あぱっしょなーと	5
あぱてぃあ	2
あぱていあ	3
あぱと	1
あぱとさうるす	4
あぱとらびあ	4
あぱとらびや	4
あぱどらびや	4
あぱどらゔぃや	4
あぱれいゆ	3
あぱろぷてろん	4
あぱちゃー	1
あぱーちゃー	2
あぱーちゅあ	2
あひあまりーよ	5
あひぱんか	3
あひむさ	2
あひむさー	2
あひんさー	2
あびえす	1
あびぇーしょん	3
あびえいしょん	3
あびえーしょん	3
あゔぃえいしょん	3
あびえいたー	3
あびえーたー	3
あびおごん	3
あびおにくす	4
あびしにあん	3
あびじん	1
あびすて	2
あびすぱ	2
あびだるま	3
あびてん	0
あびとぅあ	0
あびやんが	3
あびゅら	1
あびゅーす	1
あびゅーず	2
あびりた	2
あびりちー	2
あびりてぃ	2
あびりてぃー	2
あびりてぃーず	2
あびろん	1
あびー	1
あべい	1
あびーち	2
あゔぃーち	2
あぴあらんす	2
あぴあれんす	2
あぴあー	2
あぴかる	1
あぴす	1
あぴたいざー	3
あぺたいざー	3
あぴとん	1
あぴゅい	1
あぴゅいえ	2
あぴーりんぐ	2
あふぁめーしょん	3
あふぁれんしす	3
あふぁーめーしょん	4
あふぃしゅ	1
あふぃにす	1
あふぃにて	2
あふぃにてぃー	2
あふぃりえーしょん	4
あふぃりえいたー	4
あふぃりえーたー	4
あふぃん	1
あふぇあ	2
あふぇあず	2
あふぇあー	2
あふぇあーず	2
あふぇくたしおん	4
あふぇくてーしょん	4
あふぇくと	2
あふぇま	1
あふぇらんどら	3
あふぇれんくす	3
あふぇれんこいです	5
あふぇれーしす	3
あふぉしぇー	1
あふぉりすむ	3
あふぉりずむ	3
あふぉーだんす	2
あふたぞろん	4
あふらえぐれ	4
あふらときしん	5
あふりかにずむ	5
あふりかぬす	4
あふりかん	0
あふりかんとろぷす	6
あふりかーな	4
あふりかーなー	4
あふりっく	3
あふれこ	0
あっふれったんど	4
あふれったんど	3
あふろ	1
あふろくあろん	4
あふろるもしあ	5
あふろーと	3
あぶさん	1
あぶさんと	3
あぶししん	0
あぶしじん	0
あぶじぇくしょん	3
あぶじぇくと	3
あぶせんてぃずむ	5
あぶせんと	1
あぶそりゅーてぃずむ	6
あぷそりゅちずむ	5
あぶそりゅーと	1
あぶそるーと	4
あぶそるーてぃぶ	4
あぶそーば	3
あぶそーばー	3
あぶそーぶ	3
あぶたーら	3
あゔたーら	3
あぶだくしょん	3
あぶちろん	2
あぶとろにくす	5
あぶどみなる	3
あぶべーる	3
あぷべあ	0
あぷゔぇあ	0
あぶりん	1
あゔりん	1
あぷぐるんと	4
あぷさらす	1
あぷさんと	3
あっぷざいれん	4
あぷざいれん	3
あぷす	1
あぷそりゅ	1
あぷたぺつ	3
あぷてのでゅてす	5
あぷとす	1
あぷのもにたー	4
あぷらいあんす	2
あぷらいど	3
あぷらうと	3
あぷらくろにじん	0
あぷらんどる	3
あぷりおり	2
あぷりけーたー	4
あぷりしえーしょん	5
あぷりんじん	3
あぷるとん	2
あぷるーぶ	3
あぷれ	1
あぷれしえ	3
あぷれっと	1
あぷれんてぃす	3
あぷれーす	3
あぷろきしめーしょん	6
あぷろくしめーしょん	6
あへっど	2
あべいる	2
あべす	1
あべすた	2
あべすたー	2
あゔぇすた	2
あゔぇすたー	2
あべそ	1
あべな	1
あべにだ	0
あべらしおん	3
あべるめくちん	4
あべれーじ	1
あべれーじんぐ	3
あべんじゃー	2
あゔぇんじゃー	2
あべんちゅら	2
あべいらびりてぃ	5
あべいらびりてぃー	5
あべーらびりてぃー	5
あゔぇいらびりてぃ	5
あぺいろん	2
あぺたいと	3
あぺっくす	2
あぺてぃーと	3
あぺらしおん	3
あぺりちぇふ	2
あぺりーれ	3
あぺんじくれら	4
あぺんでぃっくす	4
あほえん	2
あほろーとる	3
あぼかど	0
あぼがど	0
あゔぉかど	0
あぼじら	0
あぼだ	1
あゔぉだ	1
あぼびす	1
あぼべんぞん	3
あぼみなぶる	4
あぼりしょにすと	5
あぼりじなる	3
あぼるだーじゅ	4
あぽいんたー	2
あぽいんてぃー	2
あぽいんと	2
あぽいんとめんと	2
あぽかりぷす	4
あぽくりふぁ	3
あぽくりん	0
あぽくろまっと	5
あぽくろまーと	5
あぽすてりおり	5
あぽすとらーと	5
あぽすとろ	2
あぽすとろす	4
あぽすとろふぃ	4
あぽすとろふぃー	4
あぽっする	2
あぽでむす	3
あぽとそーむ	4
あぽとーしす	3
あぽやんど	3
あぽりあ	2
あぽりしょん	2
あぽりぽたんぱく	5
あぽろじぇてぃかる	4
あぽろじぇていかる	5
あぽろじすと	4
あぽろじー	2
あぽん	1
あぽーは	2
あまうろてぃす	4
あまくさえんしす	5
あまくりん	3
あまぞな	0
あまぞねす	3
あまちにん	0
あまちゅありすむ	5
あまちゅありずむ	5
あまにえんしす	4
あまにた	0
あまにたときしん	5
あまねせーる	4
あまぽーら	3
あままよなら	3
あまむ	1
あまらんす	2
あまらんと	3
あまりりす	3
あまるがめいてっど	5
あまるがめーてっど	5
あまるぎーじょす	4
あまれす	0
あまれってぃーに	5
あまれっと	3
あまれーな	3
あまんたじん	4
あまんでぃーぬ	4
あまーく	2
あまーびれ	2
あまーろ	2
あみあ	1
あみおだろん	4
あみかす	1
あみぐだりん	4
あみこ	0
あみこら	0
あみししあ	3
あみじの	2
あみじん	1
あみずぃむ	3
あみずいむ	3
あみせちん	0
あみとりぷちりん	5
あみどひどろらーぜ	7
あみどふるめと	4
あみどーる	3
あみのあせたみど	6
あみのあせとあみど	7
あみのあせときし	6
あみのえちるぴぺらじん	9
あみのえときし	5
あみのじふぇにる	4
あみのじふえにる	4
あみのぴりん	4
あみのふぃりん	4
あみのふいりん	4
あみのふぇのーる	5
あみのふえのーる	5
あみのれくす	4
あみのればん	4
あみのれぶりん	4
あみば	1
あみぷ	1
あみゅれっと	1
あみゅー	1
あみゅーずめんと	2
あみらーぜ	3
あみりん	1
あみる	1
あみるしんなみっく	7
あみるれぞるしん	5
あみろいど	3
あみろいどーしす	5
あみろぐらふ	4
あみろぺくちん	4
あみろらいど	4
あみろーす	3
あみん	1
あみーが	2
あみーご	2
あみーず	1
あみーちぇ	2
あむしのにど	4
あむすてるだまー	6
あむぜる	1
あむねすてぃ	3
あむねすてぃー	3
あむねぞん	2
あむほてりしん	4
あむりた	2
あむりのん	3
あむるびしん	4
あむろじぴん	0
あむーる	2
あむーるた	2
あめいねさ	2
あめかじ	0
あめこみ	0
あめしすと	3
あめじすと	3
あめじにうむ	4
あめすり	0
あめにてぃ	2
あめぴん	0
あめふぇす	0
あめふと	0
あめぶろ	0
あめらぐ	0
あめらじあん	3
あめれいじあん	3
あめりかす	2
あめりかず	0
あめりかないぜーしょん	7
あめりかにぜいしょん	6
あめりかにずむ	5
あめりかーな	4
あめりかーね	4
あめりけーぬ	4
あめりしうむ	4
あめんちあ	2
あめんどう	2
あめんどめんと	5
あめーず	1
あみーば	2
あめーば	2
あめーばー	2
あめーる	2
あも	1
あもえな	0
あもがすとりん	3
あもきさぴん	0
あもきししりん	5
あもきしりん	0
あもさいと	3
あもすらろーる	5
あもばるびたーる	6
あもばん	0
あもらる	1
あもりと	2
あもるふぁす	2
あもーふぁす	2
あもるふぉふぁるす	5
あもろさ	0
あもろるふぃん	0
あもろるふいん	0
あんもん	1
あもんてぃやーど	5
あもんてぃりぁーど	6
あもんてぃりあーど	6
あやむ	1
あゆる	1
あーゆる	1
あーら	1
あらいあんす	2
あらいくむ	2
あらいこむ	2
あらいす	2
あらいと	3
あらいど	2
あらいぶねす	2
あらいむす	2
あらうぃー	1
あらうんど	2
あらえあ	0
あらきどん	0
あらくのいです	4
あらざん	2
あらすかん	2
あらせぷりる	4
あらっく	1
あらにじぴん	0
あらにる	1
あらにん	1
あらばすたー	3
あらばるだ	3
あらびあーた	4
あららびあーた	5
あらびか	2
あらびきのしらん	5
あらびくす	3
あらびすと	3
あらびっく	3
あらびどぷしす	5
あらびの	0
あらびのーす	4
あらべすく	3
あらみど	0
あらむ	1
あらも	1
あらや	1
あらりが	2
あらりよ	2
あらりよー	2
あらるんが	3
あらんだむ	2
あらーと	2
あらーむ	2
ありあん	1
ありあんさ	3
ありうむ	2
ありうーぷ	3
ありえった	3
ありおーぞ	3
ありげーたー	3
あるりがとる	4
ありごて	0
ありざりん	0
ありしん	1
ありすたくらしー	5
ありすとくらしー	5
ありせぷと	3
ありだーど	3
ありちあみん	0
ありっさむ	2
ありてのいど	4
ありてらしー	3
ありなーぜ	3
ありにゅまん	2
ありぴぷらぞーる	6
ありふ	1
ありむ	1
ありめまじん	4
ありめんた	3
ありゅあー	1
ありゅーる	2
あるーる	2
ありゅーじょん	2
あららん	0
ありらん	0
あーりらん	1
ありる	1
ありるおきしふぇのきし	8
ありるおきしふえのきし	8
ありるのるもるひね	7
ありるふぇのきし	5
ありるふえのきし	5
ありるぷろじん	5
あーりん	1
ありんべ	2
ありーる	2
あるあいれ	3
あるあうさと	3
あるいえ	2
あるえっと	3
あるかいすむ	3
あるかえおすぺるま	7
あるかさる	3
あるかざーる	4
あるかす	1
あるかな	0
あるかのーる	4
あるかぷとん	3
あるかろーしす	4
あるかろーじす	4
あるかんちおーる	6
あるがり	0
あるがん	1
あるきっど	3
あるきど	0
あるきる	1
あるきるいんだん	5
あるきるじちおかるばみど	10
あるきるじちおちあじあぞーる	11
あるきるべんぜん	5
あるきれん	0
あるきらーと	4
あるきれーと	4
あるきん	1
あるぎなーぜ	4
あるぎにる	3
あるぎにん	0
あるぎねーと	4
あるぎん	0
あるくあた	3
あるくちか	3
あるくとけふぁるす	6
あるくとす	3
あるくろにうむ	5
あるぐ	1
あるぐるせらーぜ	6
あるけうす	3
あるけにる	3
あるけみら	3
あるけみー	3
あるけん	1
あるけー	1
あるげまいね	4
あるこきし	3
あるこきしあるきるあみん	10
あるこきしど	4
あるこきしぽり	4
あるこほりっく	5
あるこほーりくす	6
あるこらーと	4
あるこる	1
あるこーす	3
あるこーぶ	3
あるこーゔ	3
あるごんきあん	3
あるさみん	0
あるさるみん	0
あるさろ	0
あるしん	1
あるしーぶ	3
あるしーぷ	3
あるじぇぶれいく	5
あるじぇぶれっく	5
あるじねーと	4
あるじみん	0
あるじるりん	0
あるじれりん	0
あるじーる	3
あるす	1
あるすとろめりあ	6
あるすろでるま	5
あるせにっく	3
あるそろぷらすてぃー	6
あるた	1
あるたいくす	3
あるたいる	3
あるたいーら	4
あるたっと	3
あるたー	1
あるたーなりあ	5
あるちざん	3
あるてぃま	0
あるてぃめーしょん	4
あるてっつぁ	3
あるてみあ	3
あるてり	0
あるてるなんてら	5
あるでおてぃす	4
あるとふぁごす	4
あるとり	0
あるどきしむ	4
あるどすてろん	5
あるどりん	0
あるどーす	3
あるにか	0
あーにか	1
あるばいてん	3
あるばかれす	4
ありばとろーす	5
あるばとろす	4
あるばりあ	3
あるぱいん	3
あるぱか	0
あるひーべ	3
あるびかんす	3
あるびきるら	4
あるびじょあ	3
あるびじょわ	3
あるびばんなた	4
あるびゔぁんなた	4
あるびぺんにす	4
あるびの	0
あるびーの	3
あるぴにずむ	4
あるふぁきさろん	5
あるふあきさろん	5
あるふぁこん	3
あるふあこん	3
あるふぁぷろじん	5
あるふぁめたどーる	6
あるふぁめぷろじん	6
あるふぁるふぁ	3
あるふぃすた	3
あるふぃなんつ	3
あるふぇうす	3
あるふぇにけ	3
あるふぇろあ	3
あるふー	0
あるぶちん	0
あるぶみん	0
あるぷほるん	4
あるぷらぞらむ	5
あるぷれのろーる	6
あるぷろすたじる	6
あるへい	0
あるべかしん	3
あるべまーる	4
あるべるげ	3
あるべんしす	3
あるゔぇんすぃす	3
あるべんだぞーる	6
あるぺじえーた	5
あるぺじえーたー	5
あるぺじお	3
あるぺっじょ	3
あるぺっじょーね	5
あるぺんしゅとっく	6
あるぺーじゅ	3
あるぼぐらりす	5
あるぼれ	0
あるぼれうむ	4
あるぼれすせんす	4
あるぼおす	3
あるぼーす	3
あるまく	0
あるまげすと	4
あるまじろ	3
あるまたん	3
あるまてら	3
あるまなっく	4
あるまんど	3
あるまーす	3
あるまーず	3
あるまだ	0
あるまーだ	3
あーまーだ	3
あるみな	0
あるみの	0
あるむ	1
あるむす	1
あるめは	0
あるめりあ	0
あるら	1
あるるかん	3
あるれっきーの	5
あるろぺあす	4
あるわたん	3
あれあ	1
あれか	1
あれきさんどらいと	7
あれくさんどらいと	7
あれきしさいみっく	5
あれきししみあ	5
あれくすおさ	4
あれぐら	0
あれぐりあ	3
あれぐれ	0
あれごりあ	3
あれごりあいず	5
あれごりかる	3
あれごりー	2
あれじおん	3
あれすた	2
あれすたー	2
あれてー	1
あれび	1
あれびあちん	4
あれるげにー	3
あれるせ	2
あれるぷろぴおん	5
あれれーど	3
あれろぱしー	3
あれんたーな	4
あれーん	2
あろいおねま	4
あろいんぐ	2
あろうあた	2
あろえべら	4
あろか	1
あろかいにん	3
あろかしあ	3
あろけーしょん	3
あろすてりっく	5
あろちのろーる	5
あろっとめんと	2
あろてぃーの	3
あろにあ	2
あろばるびたーる	6
あろぱしー	2
あろぴらびたーる	6
あろふぇん	1
あろふぉにっく	3
あろふぉん	1
あろぷりのーる	5
あろませらぴー	4
あろまてらぴー	4
あろまたーぜ	4
あろめとりー	3
あろわな	0
あろんじぇ	2
あろーる	2
あろーん	2
あおーど	1
あわーど	1
あんあくせぷたぶる	5
あんいんてんしょなる	5
あんかっと	3
あんかばー	3
あんかー	1
あんかーず	1
あんが	1
あんがじゅまん	1
あんがーじゅまん	3
あんきさうるす	4
あんきろさうりでー	7
あんきろさうるす	5
あんぎおぐらふぃ	5
あんぎおてんしん	5
あんじおてんしん	5
あんぎおぱちー	4
あんじおぱしー	4
あんぎゅらー	1
あんぎらす	1
あんぎな	0
あんぎーな	3
あんくるん	3
あんぐいな	3
あんぐいるら	4
あんぐすてぃけぷす	6
あんぐらとぅす	4
あんぐらりす	4
あんぐりか	3
あんぐりかん	3
あんぐるどーざー	5
あんぐれくむ	4
あんぐれこぷしす	5
あんぐれーず	4
あんぐろ	0
あんぐろさきぞん	5
あんぐろさくそん	5
あんぐろざくそん	5
あんぐろまにー	5
あんけーさー	3
あんげる	1
あんげるす	1
あんこん	0
あんこんとろーる	6
あんこー	1
あんごろ	0
あんさーとぅんてぃー	3
あんさる	0
あんさーる	3
あんしぇぬまん	3
あんしぇーにゅ	3
あんしぇーぬ	3
あんしえんぬ	4
あんしえーぬ	4
あんしくろぺでぃすと	7
あんしたびん	4
あんしゃん	1
あんしぁん	1
あんしゃーぷ	3
あんしゃーぷねす	3
あんしらりー	3
あんしー	1
あんじぇらす	1
あんぜらす	1
あんじぇりこ	3
あんぢえりこ	3
あんじぇりっく	4
あんじおてんしのーげん	8
あんじゃべいーる	5
あんじゃべる	3
あんじゅれーたー	4
あんじょ	1
あんじろーば	4
あんすてぃちゅ	4
あんすてぃてゅ	4
あんすらさいくりん	5
あんすらっくす	4
あんすりうむ	4
あんすりゅうむ	4
あんすりゅーむ	4
あんせすたー	3
あんせむ	1
あんせりあ	3
あんせる	1
あんせるみんてぃか	5
あんぜりか	3
あんじぇりか	3
あんそろじすと	5
あんそろぽろじー	5
あんたいいんぐ	3
あんたいとる	3
あんたいとるど	3
あんたごにすと	5
あんたるくてぃか	5
あんたんでゅ	3
なんたんでゅ	3
あんたんと	3
あんだなーだ	4
あんだるしあん	4
あんだるしやん	4
あんだるーさ	4
あんだんて	3
あんだんてぃーの	5
あんだーあちーばー	6
あんだーかっと	5
あんだーかつと	5
あんだーぐらうんど	6
あんだーすたんでぃんぐ	6
あんだーはんど	5
あんだーむ	3
あんだーらいいんぐ	5
あんだーらいん	5
あんちぇいんど	3
あんちぇんど	3
あんちぇーんど	3
あんちげねみあ	5
あんちのっく	4
あんちのつく	4
あんちのみあん	4
あんちのみー	4
あんちぱちい	3
あんちぱちー	3
あんちぴりん	4
あんちふぇぶりん	5
あんちぺりすたしす	7
あんてぃぺりすたしす	6
あんちぽーど	4
あんてぃぽーど	4
あんちもねーと	5
あんちもにー	4
あんちもん	3
あんちょび	0
あんちょゔぃ	0
あんつぁいがー	3
あんつー	0
あんつーかー	3
あんてぃあす	3
あんてぃくーちょ	4
あんてぃだいせんてりか	8
あんてぃぱすと	4
あんてぃぱーすぱいらんと	7
あんてぃみす	3
あんてぃみすむ	4
あんてぃみずむ	4
あんてぃろかぷら	5
あんてぃん	1
あんてどらっぐ	5
あんてなぺでぃあ	5
あんてぬ	0
あんてぃぷりまー	4
あんてぷりま	4
あんてべらむ	4
あんてりあ	3
あんてりあー	3
あんてるめでぃえーる	7
あんてろーぷ	4
あんでぃぶ	1
あんでぃーぶ	3
あんでるす	3
あんとぅれ	1
あんとしあにん	4
あんとしあん	4
あんとにあず	3
あんとにむ	1
あんとまいりん	4
あんとらきのん	5
あんとらさいくりん	5
あんすらにる	3
あんとらにる	4
あんとるこーと	5
あんとるめ	3
あんとれぷれなー	6
あんとろぽす	4
あんとろぽろぎー	5
あんとんぎりい	5
あんどぅ	1
あんどぅー	1
あんどろいど	4
あんどろぎぬす	5
あんどろぎゅぬす	5
あんどろぎゅのす	5
あんどろげん	4
あんどろじぇん	4
あんどろじなす	5
あんどろすた	4
あんどろすてろん	6
あんどろすてんじおん	6
あんどーんてぃっど	3
あんどーんてっど	3
あんなみてぃくす	4
あんにゅい	3
あんにょん	1
あんにょんはしむにか	7
あにがせよ	0
あにょはせよ	0
あんにょんあせよ	0
あんにょんはせよ	0
あんばいあすと	5
あんばうんでっどねす	6
あんばさだー	3
あんばさどぅーる	5
あんばさーど	3
あんばら	0
あんばんどりんぐ	6
あんばんどる	3
あんばー	1
あんぱいや	3
あんぱいやー	3
あんぱさんど	4
あんびぎゅ	0
あんびぎゅいてぃ	4
あんびしょん	3
あんびっしょん	3
あんびつしよん	3
あんびしらびしてぃー	6
あんびてんでんつ	4
あんびばれんす	3
あんびゔぁれんす	3
あんびゅらんす	1
あんびりばぼー	4
あんびりーばぶる	4
あんびりーばぼー	4
あんびる	1
あんゔぃる	1
あんぴしりん	4
あんぴーる	3
あんふぁん	0
あんふぃくちおにー	5
あんふぃくてぃおにあ	6
あんふぃしあたー	4
あんふぃすたっふ	5
あんふぇたみん	4
あんふぇなく	3
あんふえなく	3
あんふぇぷらもん	5
あんふぉ	1
あんふぉげったぶる	3
あんふぉら	1
あんふぉるめる	3
あんふら	0
あんぶしゅあ	3
あんぶっしゃー	3
あんぶっしゅ	3
あんぶりん	1
あんぶりんぐ	0
あむぶろしあ	4
あんぶろしあ	4
あんぶろーじあ	4
あんぷらぐど	4
あんぷりふぁいあ	5
あんぷる	1
あんぷれあぶる	4
あんぷれしょにすむ	6
あんぷれなびる	5
あんぷれやぶる	4
あんぷろんぷちゅ	4
あんぷろんぷてゅ	4
あんへれす	3
あんべりすーる	5
あんぺいど	3
あんぺっく	3
あんぺら	0
あんぺろめとりー	5
あんまっちど	3
あんまりーど	3
あんみん	1
あんめーたー	3
あんもどらむす	4
あんもないと	4
あむもにうむ	4
あんもにうむ	4
あんりみってぃっど	4
あんりみてっど	3
あんれーぶ	3
あんれーゔ	3
あんろーだー	3
あーうぃん	1
あーかいば	3
あーかいばー	3
あーかいぶ	3
あーかいゔ	3
あーがてぃびてぃー	4
あーきたいぷ	3
あーきてくちぁ	4
あーきてくちゃ	4
あーきとれーぶ	5
あーきとれーゔ	5
あーきびすと	4
あーぎゅめんてーしょん	6
あーぎゅめんと	1
あーぐ	1
あーけあ	3
あーころじー	3
あーごしい	1
あーごしー	1
あーごる	1
あーさな	0
あーしてくと	4
あーじぇ	1
あーじぇとらむ	4
あーすくぇーく	5
あーすくえーく	5
あーせないと	4
あーせにかむ	4
あーちぇりー	1
あーてぃきゅれいしょん	5
あーてぃきゅれーしょん	5
あーてぃきゅれーとりー	5
あーてぃくる	1
あーてぃざん	1
あーちちょーく	4
あーてぃちょーく	4
あーてぃーちょーく	5
あーとたいぷ	4
あーとぴっくす	4
あーとふる	1
あーとま	0
あーとまん	1
あーどうるふ	4
あーぬさーわりー	4
あーねんえるべ	5
あーのるでぃ	3
あーばれすと	4
あーばー	1
あーびとらりー	4
あーびとらりーねす	6
あーびとらーじ	5
あーゔ	1
あーぶる	1
あーべいん	3
あーべん	1
あーべんと	1
あーまちゅあ	1
あーまらか	3
あーまーど	3
あーみっしゅ	3
あーみん	1
えるみん	1
あーみんぐ	0
あーむちぇあ	4
あーむど	1
あーもなー	1
あーもりー	1
あーもわーる	4
あまんど	2
あーゆぼーわん	6
あーらや	1
あーららまん	4
あーりあ	1
あーりや	1
あーるや	1
あーりえる	1
あーりぃ	1
あーりー	1
いえおまぷ	3
いぇしばー	2
いえしばー	2
いえしゅ	1
いぇそえんすぃす	4
いえそえんすぃす	4
いえっさー	2
いえったとりーちぇ	6
いゑつたとりいちゑ	6
いぇつぃらー	2
いえつぃらー	2
いえてぃ	1
いえてい	1
いぇでぃおっと	4
いえでぃおっと	4
いぇにちぇり	2
いえにちぇり	2
いえふぇりゅい	3
いえべ	0
いえべー	0
いえろーけーき	5
いえろーてーる	5
いぇーりー	2
いえーりー	2
いおでーと	3
よてぇーと	2
よてーと	2
いおにうむ	3
いおにざしおん	4
いおにんぐ	2
いおのん	1
よのん	1
いおまぜにる	4
いおらに	0
いおんとふぉれーぜ	6
いかすとら	3
いかっと	2
いきおす	1
いきしあ	0
いくいっぷめんと	3
いくいぽいず	4
いくいぽいーず	5
いくいぽーてんと	4
いくいりぶりあむ	5
いくえいたー	3
えくえいたー	3
いくえーしょん	3
いくそぶりゅくす	5
いくそら	0
いくたるるす	4
いくたー	1
いくちおさうるす	5
いくちおるにす	5
いくてろへもりじあ	7
いくりぷす	3
いくろーる	3
いぐあな	0
いぐあのどん	4
いぐじすてんつふぃろそふぃー	9
いぐないたー	3
いぐにす	1
いぐにしょん	3
いぐにっしょん	3
いぐにんぶらいと	6
いぐのあー	3
いぐらー	1
いぐるー	3
いぐれっく	3
いこさぺんたえん	6
いこできすとりん	5
いこらいざ	3
いこらいざー	3
いこらいじんぐ	3
いこーな	2
えいこん	1
いさら	1
いしま	0
いしゅてぃかーく	4
いじぇくしょん	2
えじぇくしょん	2
いじぇくたー	0
えじぇくた	0
えじぇくたー	0
いじぇくと	2
いじまえ	0
いすくら	2
いすこちん	0
いすとりっく	4
いすなーど	3
いすぱの	0
いすまえりっと	3
いすむす	1
いすらんじうむ	5
いずろにだーぜ	5
いずろん	1
いそあみにる	3
いそあみる	3
いそいんどりん	5
いそおきさぞりるかるぼにる	11
いそおきさぞーる	6
いそおくたん	3
いそかるぼきさじど	7
いそきさぞりる	4
いそきさちおん	4
いそきのりのん	4
いそくすぷりん	4
いそこなぞーる	5
いそさふろーる	5
いそしあなとめちる	7
いそしあぬる	4
いそしあなーと	5
いそしあねーと	5
いそそるびど	4
いそちあにる	4
いそちおしあなーと	7
いそちおしあねーと	7
いそちしあねーと	6
いそとま	0
いそにあじど	4
いそばれるあるでひど	8
いそびてきしん	4
いそふぇんほす	3
いそふえんほす	3
いそふむろん	3
いそふらぼん	4
いそふるらん	4
いそふるろふぇいと	6
いそふるろふぇーと	6
いそふるろふえいと	6
いそぶぞーる	4
いそぶたなーる	5
いそぶちりる	4
いそぶちる	3
いそぶちれん	4
いそぶときし	4
いそぶときしかるぼにるおきしめちる	10
いそぶときしぺんちる	7
いそぷれん	3
いそぷろちおらん	6
いそぷろてれのーる	7
いそぷろぱのーる	6
いそぷろぱみど	5
いそぷろぴりでんじおきし	10
いそぷろぴりでんじふぇのーる	11
いそぷろぴる	5
いそぷろぴるとろぱにうむ	10
いそぷろぴるぴらぞろ	7
いそぷろぴるめちるぴりみじる	12
いそぷろぽきし	5
いそぷろぽきしえときし	9
いそぷろぽきしかるぼにる	10
いそぷろぽきしかるぼにるおきしめちる	16
いそぷろぽきしふぇにる	8
いそぷろぽきしぷろぱん	9
いそべんぞふらにる	7
いそぺんちる	3
いそほろん	3
いそまると	3
いそみたーる	4
いそめらーぜ	4
いそらいみうむ	5
いそろいしる	3
いそろいしん	3
いぞら	1
いたかじ	0
いたぐれ	0
いたこん	1
いたりあーな	4
いたりっく	3
いだむ	1
いだるびしん	4
いだんと	2
いちじく	2
いちぢく	2
いちじゅく	2
いっちゃんてぃか	3
いっつ	1
いってるびうむ	5
いっとりうむ	4
いつとりうむ	4
いっひ	1
いっぷす	1
いっぽぽたも	4
いてはど	0
いてらてぃぶ	3
いてれーたー	3
いでありすむ	4
いでありずむ	4
いでぃおしんくらしー	7
いでぃおむ	1
あいでおれくと	5
いでぃおれくと	4
いっでぃしゅ	1
いでぃっしゅ	1
いーでぃっしゅ	1
いでおろーぐ	4
いでゅるするふぁーぜ	6
いでゆるするふあーぜ	6
いとむんぷやら	5
いとれりん	0
いどぅら	1
いどら	1
いどらくしょん	3
いなぅ	1
いなう	1
いなじゃ	1
いなっと	1
いなと	1
いなにめいと	4
いなにめーと	4
いなふ	1
いなーしゃ	2
いなーと	2
いにしあ	2
いにしぇたー	3
いにしぇーたー	3
いにしえーたー	4
いにしゃらいざ	4
いにしゃらいざー	4
いにみたぶる	3
いにゅえんどう	3
いにゅにっく	1
いにる	1
いにんぐす	1
いぬま	1
いぬりん	2
いねしんとめた	6
いねびたぶるず	5
いねん	1
いのういえい	4
いのけらむす	4
いのしとーる	4
いのしん	0
いのちぇんてぃ	3
いのべーたー	3
いのべーと	3
いのむちゃしぎ	4
いのるなとぅす	4
いのんど	2
いはまな	0
いばるでぃ	2
いゔぁるでぃ	2
いばーだん	2
いゔぁーだん	2
いひちおーる	4
いびっく	1
いびどりゅんか	4
いぴおす	1
いふぃしぇんと	3
いふぇんぷろじる	5
いふえんぷろじる	5
いふぉまいど	3
いふわーん	3
いぶぷろふぇん	0
いぶりつもまぶ	5
いぷさ	1
いぷしろぷす	4
いぷしろーぷす	4
いぷぴあーら	4
いぷらとろぴうむ	6
いべりす	1
いべるめくちん	4
いべろ	1
いべんたー	0
いぺ	1
いぺぱすい	3
いぺりっと	3
いぺりつと	3
いほすふぁみど	4
いほすふあみど	4
いほまいど	3
いぼてん	0
いぽいぽ	1
いぽにあず	3
いぽのいあ	3
いまきゅれーと	3
いまざりる	3
いまじげん	3
いまじすてぃっく	5
いまじすと	3
いまじすむ	3
いまじずむ	3
いまじねいてぃぶ	4
いまじなる	2
いまじにあ	3
いまじなしおん	4
いまじん	2
いまちにぶ	3
いまらちお	3
いまーしょん	2
いまーじょん	2
いまーむ	2
いみきもど	3
いみぐるせらーぜ	6
いみぐれいしょん	4
いみぐれーしょん	4
いみしあほす	4
いみたつぃお	3
いみだくろぷりど	6
いみだぞ	0
いみだぞぴりじん	6
いみだぞりじにる	6
いみだぞりじん	4
いみだぞりじんちおん	8
いみだぞりる	4
いみだぞりるちお	6
いみだぞりん	0
いみだぞーる	4
いみだふぇなしん	4
いみだふえなしん	4
いみっしょん	2
いんみっしょん	3
いみたしよん	3
いみてーしょん	3
いみていたー	3
いみてーたー	3
いみてーと	3
いみでーと	3
いみど	1
いみの	1
いみのえたのふぇなんとろ	8
いみのえたのふえなんとろ	8
いみのくたじん	5
いみのしくろへきさ	7
いみのじ	0
いみのじふぇのーる	6
いみのじぷろぴる	5
いみぷらみん	0
いみぷろとりん	5
いみゅないぜーしょん	5
いみゅにぜーしょん	4
いみゅにてぃ	2
いみゅにてぃー	1
いむにか	2
いむのぶらだー	4
いむのぶろってぃんぐ	5
いむのぶろてぃんぐ	5
いむらん	1
いめきゃら	0
いめじゃりー	2
いめとれ	0
いめーじゃ	2
いめーじゃー	2
いもび	1
いもびらいざ	4
いもびらいざー	4
いもーてる	2
いやまふ	2
いやりー	1
いおまんて	3
いよまんて	3
いらけれ	0
いらこん	0
いらじえーしょん	4
いらすとれいてっど	5
いらすとれーてっど	5
いらにあん	2
いらまちお	3
いらら	1
いられ	1
いらーひー	2
いらーひーや	4
いらーぶ	2
いりあう	1
いりあっく	3
いりじうむ	3
いりぢうむ	3
いりじすてぃぶる	3
いれじすてぃぶる	3
いりだ	1
いりっぺ	2
いりてらしー	3
いりていてぃんぐ	3
いりてーてぃんぐ	3
いりでん	1
いりでんしあなみど	7
いりでんまろん	5
いりどうぃるす	3
いりどういるす	5
いりどすみん	3
いりのてかん	4
いりぷれーさぶる	4
いりゅすとれ	3
いりゅーすとれ	4
いりゅーじょにすと	5
いりゅーじょにずむ	5
いりゅーむ	2
いりんば	2
いるあせときし	5
いるあぞ	0
いるかるばもいる	6
いるぐん	1
いるすとぅらーど	5
いるすとりーるて	5
いるそぐらじん	4
いるちお	2
いるはっ	1
いるふぉーむ	3
いるぼにより	3
いるまん	1
いるみないざー	4
いるみなてぃ	3
いるみなーてぃー	4
いるみなんと	2
いるみねーたー	4
いるみねーてっど	4
いるみねいと	4
いるみねーと	4
いるりがーとる	4
いるれぐらりす	4
いれうす	1
いれぎゅらりてぃー	4
いれぎゅらーず	2
いれくたー	2
いれしね	0
いれでんてぃずむ	5
いれぶんしす	3
いれぶんじず	3
いれぶんす	2
いれん	1
いれんか	2
いれんせ	2
いれーす	2
いれーず	2
いれーる	2
いろぬす	2
いろんば	2
いんあくちべーたー	6
いんあくてぃべーたー	6
いんあにめーと	5
いんおるがにっく	6
いんおーがにっく	3
いんかす	1
いんかむ	1
いんかれ	0
いんきゅなぶら	4
いんきゅべーしょん	4
いんきゅべーた	4
いんきゅべーたー	4
いんくすたんど	5
いんくらいん	4
いんくりめんたりずむ	8
いんくるば	3
いんくるゔぁ	3
いんくるーじょん	4
いんくわいありー	4
いんくわいあらー	4
いんくわいらー	4
えんくわいらー	4
いんぐれす	1
いんぐれーぜ	4
いんぐーし	3
いんけーさー	3
いんこぐにーと	5
いんこれーれ	4
いんこんぷりーと	6
いんこーぽれいてっど	6
いんこーぽれーてっど	6
いんこーぽれーてつど	6
いんごっと	3
いんさいしぶ	3
いんしぐね	3
いんすぃぐね	3
いんしだんす	1
いんしでんす	1
いんしゅあらんす	3
いんしゅらんす	1
いんしゅりん	0
いんすりん	0
いんしゅれーしょん	4
いんしゅれーたー	4
いんじぇくた	3
いんじぇくたー	3
いんじけーたー	4
いんでぃけーた	4
いんでぃけーたー	4
いんじご	1
いんじせとろん	4
いんじなびる	4
いんじなびーる	5
いんじぃにあす	3
いんじーにあす	3
いんすかる	1
いんでぃすかる	3
いんすてぃちゅーしょなりずむ	9
いんすてぃてゅーしょなりずむ	9
いんすてぃちゅーしょん	5
いんすてぃてゅーしょん	5
いんすてぃんくと	4
いんすとるめんたりずむ	9
いんすとるめんたりてぃー	6
いんすとぅるめんたる	6
いんすとるめんたる	6
いんすとぅるめんつ	6
いんすとぅるめんと	6
いんすとぅるめんとぅむ	6
いんすとーら	4
いんすとーらー	4
いんすぱいあ	4
いんすぺくしょん	4
いんすぺくた	4
いんすぺくたー	4
いんすらりす	3
いんすりのーま	5
いんせくと	3
いんそむにあ	4
いんたびゅいー	4
いんたりよ	3
いんたれすちんぐ	3
いんたれすと	4
いんてれすと	1
いんたろげーしょん	5
いんたーおぺらびりてぃ	8
いんたーおぺらびりてぃー	8
いんたーかるちゅらりずむ	9
いんたーかれーしょん	6
いんたーくーらー	5
いんたーこんち	5
いんたーこーす	5
いんたーせぷしょん	5
いんたーせぷと	5
いんたちぇんじ	4
いんたーちぇんじ	5
いんたーちぇんじびりてぃー	8
いんたーなしょならいずど	8
いんたーなしょなりすと	8
いんたーなしょなりずむ	8
いんたーなしょなりぜーしょん	9
いんたーなる	3
いんたーばんく	5
いんたーぱーそなる	5
いんたぷりた	4
いんたーぷりた	5
いんたーぷりたー	6
いんたーぷりてーしょん	7
いんたーべんしょん	4
いんたーぽれーしょん	6
いんたーみでぃえいと	7
いんたーみでぃえーと	7
いんたらくてぃびてぃー	6
いんたーらくてぃびてぃー	7
いんたーりんく	5
いんたーれぐ	5
いんたーれす	3
いんたーれーす	5
いんたーろいきん	5
いんたーろきゅーたー	6
いんとろきゅーたー	5
いんたーろっく	5
いんたーろつく	5
いんだくしうん	3
いんだくしゅん	3
いんだくしゆん	3
いんだくしょん	3
いんだくたんす	3
いんだくたー	3
いんだくてぃぶ	3
いんだしん	3
いんだすとりあらいぜーしょん	10
いんだすとりい	3
いんだすとりー	3
いんだすとりーず	3
いんだぞーる	4
いんだにる	3
いんだん	1
いんだんかるぼん	5
いんだんじおん	3
いんちゅいたー	3
いんちゅいてぃふ	3
いんちゅいてぃぶ	3
いんてゅいてぃふ	3
いんてゅいてぃぶ	3
いんちゅぶす	3
いんてゅぶす	3
いんてぃふぁーだ	4
いんてぃましー	3
いんていん	3
いんてぐらる	3
いんてぃぐりてぃ	4
いんてぐりてぃ	4
いんてぐりてぃー	4
いんてぐりん	0
いんてぐれーど	5
いんてぐろん	3
いんてりげんちあ	5
いんてりげんちゃ	5
いんてりげんちや	5
いんてりげんちゅあ	5
いんてりげんつぁ	5
いんてりげんつぃあ	5
いんてりげんつぃや	5
いんてりじぇんす	3
いんてるぷれたちお	7
いんてるめっつぉ	5
いんてるめでぃうす	5
いんてれくちゃる	4
いんてんしてぃ	3
いんてんしてぃー	3
いんてんしふぁいあ	6
いんてんしふぁいあー	6
いんてんしょん	3
いんてんす	1
いんてんと	3
いんていく	3
いんてーく	3
いんじお	1
いんぢお	1
いんでぃお	1
いんでぃかてぃぶ	4
いんじびじゅありずむ	7
いんぢびじゆありずむ	7
いんぢびぢゆありずむ	7
いんでぃびじゅありずむ	7
いんでぃびじゅありてーと	8
いんじびじゅある	4
いんじびじゅえる	5
いんじゔぃじゅある	4
いんじゔぃじゅえる	5
いんでぃびじゅある	4
いんでぃびでぃある	4
いんでぃびでゅある	4
いんでぃふぁれんす	3
いんでぃふぃにっと	3
いんでぃへな	3
いんでぃへにすも	5
いんでぃぺんでんす	4
いんでぺんでんす	4
いんでくさー	3
いんでくせーしょん	5
いんですとらくと	6
いんでくす	3
いんでっくす	3
いんでにるおきし	6
いんでのろーる	5
いんでろきさじん	6
いんでんしぶ	3
いんでんしょなる	3
いんでんと	3
いんとぅー	3
いんとらりぴっど	5
いんとらりぽす	4
いんとらんす	1
いんとりぎんぐ	5
いんとりぐぃんぐ	5
いんとりけーと	5
いんとぅりーぐ	4
いんとりーぐ	4
いんとぅるーだ	4
いんとるーだー	4
いんとれ	0
いんとれちゃーと	5
いんとれらんす	3
いんとろ	0
いんとろいぼ	4
いんとろすぺくしょん	6
いんとろん	3
いんどくとりねーしょん	7
いんどしあにん	4
いんどとりかるぼしあにん	10
いんどねしあん	4
いんどみたぶる	4
いんどり	1
いんどーる	3
いんねんほふ	3
いんはい	0
いんばいおらびりてぃー	7
いんばりあんと	3
いんばーじょん	3
いんばーす	1
いんばーた	3
いんばーたー	3
いんぱす	1
いんぱちぇんす	4
いんぱちえんす	4
いんぱね	0
いんぱら	0
いんぱーびあす	5
いんひびたー	3
いんひびん	0
いんびくた	3
いんゔぃくた	3
いんびじびりてぃ	5
いんびじびりてぃー	5
いんびじぶる	4
いんびてーしょん	4
いんびぼ	0
いんびんしぶる	5
いんゔぃんしぶる	5
いんゔゐんしぶる	5
いんぴんじめんと	3
いんぴーだんす	3
いんふぁれんす	1
いんふぇれんす	1
いんふぁんしー	3
いんふぁんてむ	3
いんふぁんと	3
いんふぁなる	1
いんふぁーなる	3
いんふぃおらーた	5
いんふぃに	0
いんふぃにぃてぃ	3
いんふぃにてぃ	3
いんふぃにてぃー	3
いんふぃにてぃぶ	3
いんふぃにてぃゔ	3
いんふぃる	1
いんふぃーるど	3
いんふぇくしょん	3
いんふぇりおりてぃー	5
いんふぉーまてぃっく	5
いんふぉーまてぃぶ	3
いんふゅーざー	3
いんふゅーじょん	3
いんふらろじっく	5
いんふりきしまぶ	5
いんふる	1
いんふるうぃんす	3
いんふるういんす	3
いんふるえんす	3
いんふるーえんす	4
いんふれくしょん	4
いんふれーしょん	4
いんふれーた	4
いんふれーたー	4
いんぶいあ	3
いんぶりかた	4
いんぷらんと	4
いんぷり	0
いんぷりかちゃー	4
いむぷりけーしょん	5
いんぷりけーしょん	5
いんぷりしっと	5
いんぷりめんてーしょん	7
いんぷりんてぃんぐ	4
いんぷるーぶめんと	4
いんぷるーゔめんと	4
いんぷれ	0
いんぷれっしょにずむ	7
いんぷろするふぁん	5
いんぷろばいざー	5
いんぷろゔぁいざー	5
いんぷろっぱー	4
いんぷろぱー	3
いんぷろびぜーしょん	6
いんぷろゔぃぜーしょん	6
いんべすたー	3
いんべすたーず	3
いんゔぇすたー	3
いんべすてぃげいしょん	6
いんべすてぃげーしょん	6
いんゔぇすてぃげいしょん	6
いんべすとめんと	3
いんゔぇすとめんと	3
いんべるたーぜ	5
いんべんしょん	3
いんゔぇんしょん	3
いんべんてぃぶ	3
いんべんと	3
いんべんとり	3
いんべんとりー	3
いんべいだー	3
いんべーだー	3
いんゔぇいだー	3
いんぺ	1
いんぴあめんと	3
いんぺあめんと	3
いんぺとす	3
いむぺらーとる	4
いんぺらとる	3
いんぺらーとる	4
いんぺらー	1
いんぺりありずむ	6
あんぺりある	3
いんぺりある	3
いんぺりうむ	4
いんぼいす	3
いんぼりゅーしょん	4
いんぼりゅーと	4
いんぼるぶ	3
いんぼるぶめんと	3
いんぽ	1
いんぽせっくす	4
いんぽっしぶる	3
いんぽてんす	4
いんぽてんつ	4
いむぽーたんす	3
いんぽーたんす	3
いんまてりある	4
いんまに	0
いんむたびりす	4
いんれっと	3
いんれー	1
いーがー	1
いーぐれ	1
いーしゅ	1
いーすたー	1
いーず	1
いーち	1
いーぶず	1
いーぶる	1
いーゔる	1
いーぺーこー	3
いーまーん	3
いーりあん	1
いーるど	1
いーわん	1
いーわーん	3
うあす	1
うあぱか	0
うあらうぷ	3
うあらねーじゅ	4
うぃあーど	2
うぃぐらー	1
うぃざらて	2
うぃざーどりぃー	2
うぃざーどりー	2
うぃしゅしゃんあで	3
うぃじゃん	1
うぃすてりあ	3
うぃすぱりー	1
うぃすぱー	1
うぃすぷ	1
うぃずあうと	3
うぃずいん	3
ゐた	1
うぃっかー	1
うぃっしゅ	1
ういっしゅ	2
うぃっしゅぼーん	4
ういっしゅぼーん	4
うぃっせんしゃふと	5
うぃっとねす	1
うぃっぷ	1
うぃっぷと	1
うぃてんぶるぎ	4
うぃどまんすてってん	6
うぃなー	1
うぃのなず	1
うぃむ	1
うぃめっくす	2
うぃめんず	1
ういめんず	1
うぃりあむしあぬむ	5
うぃるそにい	2
うぃるそにー	2
うぃるどぷれってぃー	5
うぃんぐれっと	1
うぃんたー	1
うぃーくねす	1
うぃーず	1
うぃーど	1
うぃーばー	1
うぃーゔぁー	1
うぃーぴんぐ	0
ういーぴんぐ	2
うぃーぷ	1
うぃーぷす	1
うぃすかー	1
ういすかー	2
うぃっぐ	1
ういっぐ	2
ういっと	2
ういどー	2
うぃなーず	1
ういなー	2
うぃにんぐ	1
ういにんぐ	2
ういりー	1
ういろいど	3
ういろにうむ	4
ういんたみん	4
ういんたー	2
うぃんち	1
ういんち	2
ういんとまいろん	5
うぃんどさーふぃん	4
ういんどさーふぃん	5
ういんどうぺーん	6
ういんどーぺーん	6
ういーくえんだー	5
うぃーくえんど	4
ういーくえんど	5
うぇあうるふ	3
うぇあーうるふ	4
うぇあはうす	3
うえあはうす	4
うぇありんぐ	1
うえありんぐ	2
うぇいじ	1
うぇいぱー	1
うぇいふぁー	1
うぇすかーず	1
うぇすてぃー	1
うぇっびんぐ	0
うぇびんぐ	0
うえびんぐ	0
うぇでるり	2
うぇのむ	1
うぇぷりす	1
うぇぽん	1
うぇぽんず	1
うえぽん	2
うぇりーき	2
うぇるうぃっちあ	3
うぇるしゅ	1
うぇるしー	1
うぇるす	1
うゑるす	1
うぇるたー	0
うえるたー	0
うぇるでるまんにい	5
うえると	1
うぇわ	1
うぇんけばっは	4
うぇんずでい	1
うぇんずでー	1
うえんずでー	2
うぇんなお	1
うぇーでぃんぐ	0
うぇーでるん	1
うえーでるん	2
うぇいふ	1
うぇーふ	1
うぇーもんも	3
うぇーる	1
うえいはお	2
うぇざー	1
うえざー	2
うえすとこーと	5
うえすとべると	5
うえすとらいん	5
うぇはー	1
うぇーは	1
うえはー	2
うぇふぁーぼーど	4
うえはーぼーど	5
ううえぺけれ	4
うえぺけれ	3
うぇるねす	1
うえるねす	2
うぇいたー	0
うぇーたー	0
うえいたー	0
うえーたー	0
うえーてっど	2
うぇーびんぐ	0
うえーびんぐ	0
うえーぶれっと	2
うぉすとーく	3
うぉっか	1
うぉつか	1
うぉとか	1
うおっか	2
うおつか	2
うおとか	2
ぼとか	1
ゔぉとか	1
うぉっしゃぶる	1
うおっしゃぶる	2
うぉっしんぐ	0
うぉっでぃんぐ	0
うぉっべ	1
うぉな	1
うぉぶりんぐ	3
うぉぶろーる	1
うぉぶん	1
うぉも	1
うぉりあー	1
うぉりあーず	1
うぉるばりーん	4
うぉるゔぁりーん	4
うぉるふらむ	1
うぉるらす	1
うぉれっと	1
わーれっと	1
うぉんてっど	1
うぉんつ	1
うぉんと	1
うおんつ	2
うぉんばっと	3
うぉーくとぅ	1
うぉーしっぷ	3
うぉーたりんぐ	0
うぉーたりー	1
うぉーたーふろんと	6
うぉーでぃあん	1
うぉーでぃー	1
うぉーば	1
うぉーみんぐ	0
うおーみんぐ	0
うぉーりあ	1
うぉるなっつ	3
うぉーるなっと	4
うおるなっと	4
うおぶる	2
うおーでん	2
わーでん	1
うおーぼ	2
うおーゔぉ	2
うがり	1
うくらーど	3
うくれれ	0
うぐら	1
うぐらんでぃな	3
うぐれゃ	0
うぐれや	0
うしゃぶち	2
うしゅる	1
うじゅーど	2
うすにん	1
うすりえんしす	4
うすりえんすぃす	4
うたしけぷ	3
うたやかに	3
うたり	1
うちゅちゃた	0
うっぞ	1
うーぞ	1
うっだーど	3
うっどぶろっく	5
うっどぺっかー	4
うてめりん	3
うとぱら	0
うどぅー	1
うにうぇるしたす	5
うにお	1
うにこ	1
うにこーる	3
うにべるしてーつ	6
うのぷろすとん	4
うばそく	2
うばーれ	2
うぱにしゃっと	4
うぱにしゃっど	4
うぱにしゃーど	4
うぱにしやつと	4
うぱにしやつど	4
うぱら	1
うぱるしん	2
うぱーさなー	2
うびかゆー	3
うびふぇるむ	3
うゔぃふぇるむ	3
うびわーち	3
うふる	1
うぶらっはー	3
うべにめくす	4
うべり	1
うほし	1
うぽぽ	1
うまうぁけーにょ	5
うまうあけーにょ	5
うみあく	2
うみあっく	3
うみりあーる	4
うむにだ	1
うむら	1
うむらうと	1
うむーたかぷ	4
うらいけ	2
うらしる	2
うらっど	2
うらにぼり	3
うらにる	1
うらぶんな	3
うらまー	2
うりあ	1
うりある	1
うりじる	1
うりじん	2
うりっと	1
うりなら	0
うりまる	0
うりんべ	2
うるかば	0
うるがた	0
うるがーた	3
ぶるがーた	3
ゔるがーた	3
うるぐぶ	0
うるぐーと	3
うるさり	0
うるしおーる	4
うるじゃんぱ	3
うるすす	1
うるそ	1
うるそでおきしこーる	8
うるそでおすきしこーる	9
うるつ	1
うるてぃま	0
うるてぃむ	1
うるとらじん	5
うるどぅ	1
うるどぅー	1
うるふ	1
うるぶず	1
うるふすべーん	5
うるわとぅ	3
うれあ	1
うれあーぜ	3
うろきなーぜ	4
うろくろむ	3
うろくろもーげん	5
うろぐらふぃん	0
うろすとーま	4
うろだいなみっく	6
うろびりのーげん	5
うろびりん	0
うろふゅきす	3
うろぼす	1
うろぼろす	3
うわうるし	3
うわどろ	0
うんきなとぅす	4
うんだーべるぐ	5
うんつぇれぐ	3
うんでぃち	0
うんでぃーね	3
うんでかにうむ	5
うんでからくとん	5
うんでかん	3
うんでしる	3
うんでせん	3
うんどぅらた	3
うんはいむりっひ	6
うんぶりな	3
うんべるらた	4
うーしあ	1
うーず	1
うーだるにく	4
うーなお	1
うーぱ	1
うーぱーるーぱー	5
うーはー	0
うーむず	1
うーらいと	3
うーりー	1
うーるん	1
えあさす	1
えあぞる	3
えあぞーる	3
えーろぞる	4
えあてぃっく	3
えあてっく	3
えあでぃしょん	3
えあでーる	3
えあぼーん	3
えあぽーと	3
えあまん	2
えあめーる	3
えありある	2
えありてぃ	2
えありー	1
えあれす	1
えあろぐらむ	4
えあろげる	4
えあろだいなみっくす	7
えあろのーと	4
えあろばてぃっくす	5
えあろびさいず	5
えあろぷらざ	4
あえろめろでぃこん	5
えあろめろでぃこん	5
えいいん	0
えいこさのいど	5
えいこさぺんたえん	7
えいこさぺんとえん	0
えいこしる	1
えいこんどらいと	6
えいてぃーす	3
えいてぃーず	1
えいてぃーん	3
えいてぃーんす	3
えいとせる	1
えいど	1
えいどす	1
えいみーず	1
えいむ	1
えいりあす	1
えいりあん	1
えーりあん	1
えいんへるやる	4
えいんへるやん	4
えうかりすちあ	5
えうきるす	3
えうぐらんでぃな	4
えうじぇにあ	0
えうすてのぷてろん	6
えうてぃぬす	3
えうでゅぷてす	4
えうにゅんふぃくす	5
えうばらえな	4
えうふぉるびあ	4
えうぽどてぃす	4
えうりこね	3
えうりぞのいです	5
えうりゅすとむす	5
えうりゅとむす	4
えうりゅのりゅんくす	5
えうろふぃあ	3
えおあんとろぷす	6
えおじん	0
えおぢん	0
えおすたっふぇら	4
えおにずむ	3
えおらぷとる	3
えおりあん	2
えかうだとぅす	4
えかるて	2
えかんと	2
えがりて	2
えがりてい	2
えきうむ	2
えきさいたー	3
えきすぱ	0
えきすぱんしょん	4
えきすぱんだー	4
えくすぱんだー	4
えきすぱんでっど	4
えきせん	1
えきせんとりしてぃー	6
えきそん	1
えきぞちしずむ	5
えきぞちずむ	4
えきぞてぃしずむ	5
えぐぞてぃすむ	4
えきなせあ	3
えきのけれうす	4
えきのこっかす	4
えきのこっくす	4
えきのまいしん	4
えきぱい	0
えきまに	0
えきゅめにずむ	4
えきゅめのぽりす	5
えぎーゆ	2
えくい	1
えくぃてぃ	2
えくいてぃ	2
えくいてぃー	2
えくいな	2
えくいぶ	2
えくえすとりす	5
えくおーる	3
えくごにん	0
えくさるたとぅす	5
えくざーる	3
えくしーど	3
えくじすてろいど	6
えくじそん	3
えきすかべーたー	5
えくすかべーたー	5
えくすかーしょん	4
えくすかーじょん	4
えくすきゃばた	4
えくすきゅいーず	5
えくすきゅーじょん	4
えくすきゅーす	4
えくすきゅーず	4
えきすきーず	4
えくすきーず	4
えくすくいした	4
えくすくいすぃた	4
えくすくらめーしょん	6
えくすくらーふぇん	5
えくすくるしぶ	5
えくすくるーしぶ	5
えくすくるーじぶ	5
えくすくるーじょん	5
えくすくるーじょんず	5
えくすちぇんじゃびりてぃー	7
えくすちぇんじゃぶる	4
えくすてんしぶ	4
えくすてんしる	4
えくすてんそぐらふ	7
えくすてんど	4
えきすとらおーでぃなれー	6
えきすとらおーでなれー	6
えくすとらおーでぃなりー	6
えくすとらてりとりありてぃー	10
えくすとらにーる	6
えくすとらばがんと	7
えきすとらりんぐいすてぃくす	11
えくすとらりんぐいすてぃっく	11
えくすとろにっく	6
えくすとろぴー	4
えくすとーる	4
えくすばりー	4
えくすぱてぃーず	4
えきすぱんでぃんぐ	4
えくすぱんでぃんぐ	4
えきすぱんど	4
えくすぱんど	4
えくすふぉりえいたー	6
えくすふぉりえーたー	6
えくすふぉりえいてぃんぐ	6
えくすふぉりえーてぃんぐ	6
えくすぷりかちゃー	5
えくすぷりしっと	5
えくすぷれっしょにずむ	8
えくすぷれっしょん	5
えくすぷろいてーしょん	7
えくすぷろーじょん	5
えくすぺくてっど	4
えきすぺくてーしょん	6
えくすぺくてーしょん	6
ゑきすぺくてーしょん	6
えくすぺでぃえんしー	6
えっきすぴーじぇんしー	7
えつきすぴーぢえんしい	7
えくすぺりえんさー	6
えくすぺりえんしゃりすと	9
えくすぺりあんす	4
えくすぺりえんす	4
えくすぺりめんたる	6
えっきすぺーりめんたる	8
えつきすぺーりめんたる	8
えくすぺりめんと	4
えくすぺんす	4
えくすぺーる	4
えくすぽじしょん	5
えきすほじたる	4
えくすぽじたー	4
えくすぽねんしゃる	5
えくすぽーじゃー	4
えくすぽーず	4
えきすぽーと	4
えくすぽーと	4
えくすりぶりす	4
えっきすりぷりす	5
えつきすりぷりす	5
えくすろー	2
えくせす	1
いくせぷしょん	3
えくせぷしょん	3
えくせぷと	3
えくせら	0
えくせらーぜ	4
えくせるしおーる	6
えくせんとりしてぃ	6
えくせんとりしてぃー	6
えくせんぷら	3
えきそさいとーしす	6
えくそさいとーしす	6
えくそしすと	4
えくそしずむ	4
えきそどす	3
えくそだす	3
えくとぷらずむ	5
えくめあ	0
えくめね	1
えくら	1
えくらさてぃん	4
えくらん	1
えくり	1
えくりちゅーる	4
えくりぷた	3
えくりゅ	2
えくりん	1
えくるびす	2
えくるゔぃす	2
えくれあ	0
えくれあーず	3
えくれーる	3
えくれくてぃしずむ	6
えくれしあ	3
えくろじゃいと	4
いぐざみなー	3
えぐざみなー	3
えぐざみねーしょん	5
えぐざむ	1
いぐざむ	1
いぐざんぷる	3
えぐざんぷる	3
いぐじっと	1
えぐじっと	1
えぐぜ	1
えぐぜんぷと	3
えぐぞせ	2
えぐぞーすてぃびてぃー	6
えぐぞーすてぃぶ	3
いぐぞーすと	3
えきぞーすと	3
えくぞーすと	3
えぐぞーすと	3
えけべりあ	3
えけれじや	3
えこえてぃか	3
えこさいど	3
えこす	1
えこちおふぇいと	5
えこちおふえいと	5
えこなぞーる	4
えこのまいざー	4
えこのみくす	4
えこのみっくす	4
えこのむ	1
えこのめとりっくす	6
えこふぁーまー	3
えこふぇみにずむ	5
えころじすと	4
えこーる	2
いごいすと	3
えごいすと	3
えごいずむ	3
えごぐらむ	3
えごしす	1
えごてぃすと	3
えごてぃずむ	3
えごぷら	0
えされん	1
えしか	1
ゑしか	1
えしかる	1
えしっく	1
えしっくす	2
えしつくす	2
えじっくす	2
えちっく	1
えじつくす	2
えしゅろん	1
えじたーれ	3
えじぷしゃん	2
えじぷとろじすと	6
えすかしょん	3
えすかっしょん	3
えすかべっしゅ	3
えすかべーしゅ	4
えすかれーしょん	4
えすかれーど	4
えすかろっぷ	4
えすかろーぷ	4
えすかーだ	3
えすきす	1
えすきーす	3
えすきなんさす	4
えすくぁいあ	4
えすくあいあ	4
えすくわいあー	4
えすくりくてぃうす	6
えすくりん	0
えすたぞらむ	4
えすたぶりっしゅ	5
えすたぶりしゅめんと	5
えすたぶりっしゅめんと	5
えすたんしあ	3
えすたんぷ	3
えすてぃめいと	4
えすてぃーむ	3
えすていーむ	3
えすてしゃん	3
えすててぃしゃん	4
えすてていしゃん	4
えすてらーぜ	4
えすてる	1
えすてーしょん	3
えすとっく	3
えすとっぺる	3
えすとらさいと	5
えすとらじおーる	6
えすとらとりえん	5
えすとらむすちん	5
えすとりおーる	5
えすとれーりゃ	4
えすとろげん	4
えすにしてぃ	4
えすにしてぃー	4
えすの	1
えすのぐらふぃ	4
えすのぐらふぃー	4
えすのせんたりずむ	7
えすのせんとりずむ	7
えすのぼたにー	4
えすぱす	1
えすぱどりーゆ	5
えすぱりえ	3
えすぱると	3
えすぱー	1
えすぴおなーじ	5
えすぴおなーじゅ	5
えすぴなか	3
えすぷらなーど	5
えすぷらねーど	5
えすぷり	0
えすぷれっしーぼ	6
えすぷれっしーゔぉ	6
えすぷれっそ	4
えすぺらんさ	3
えすぺらんてぃすと	6
えすぽわーる	4
えすまるひ	3
えすも	1
えすれる	1
えそくす	1
えそてりっく	4
えそろじすと	4
えそーる	1
えたくりん	0
えたなーる	3
えたにてぃ	2
えたにてぃー	2
えたねるせぷと	5
えたの	1
えたのあんとらせん	7
えたのてとらひどろ	7
えたのーる	3
えたふぇのん	3
えたふえのん	3
えたん	1
えたんじおあと	5
えたんすらん	2
えたんちおーる	5
えたんぶとーる	5
えたーなる	2
えだらぼん	2
えちおぴくす	4
えちおふぇんかるぶ	6
えちおふえんかるぶ	6
えちおん	1
えちか	1
えちぞらむ	3
えちどろん	0
えちなけあ	0
えちにる	1
えちにるしくろへきさのーる	11
えちふぇるみん	0
えちふえるみん	0
えちぷろーる	4
えちらんふぇたみん	6
えちらーと	3
えちりでん	0
えちりでんのるぼるねん	8
えちりでんびすほすほん	8
えちるいんだん	4
えちるうれあ	4
えちるおくたひどろ	7
えちるがらみん	4
えちるしくろへきしるあみん	11
えちるぴぺらじん	0
えちるぶろみど	5
えちるへきしる	4
えちるへきしるあみん	8
えちるへきしるえすてる	8
えちるぺんちる	4
えちるほすほなーと	7
えちるほすほねいと	7
えちるほすほのちおろちおなーと	13
えちるめるくり	5
えちるもるほりん	0
えちれんいみん	5
えちれんじいみの	5
えちん	1
えっぐのっぐ	4
えっしゅ	1
えっせん	1
えっせんしゃりずむ	6
えっぷんみだ	3
いちもろじー	3
えてるな	2
えてん	1
えじしょん	2
えでぃとりある	3
えでぃふぃす	1
えでぃぶる	1
えでっせ	2
えでと	1
えでゅけーしょなる	3
えじけいしょん	3
えじけいしよん	3
えじゅけーしょん	3
えでゅけーしょん	3
えぢゆけーしょん	3
えぢゆけーしよん	3
えでゅけーたー	3
えでん	1
ゑでん	1
えときしえちる	4
えときしかるぼにる	7
えときしかるぼにるおきし	10
えときしきん	0
えときしど	3
えときしふぇのきし	6
えときしふえのきし	6
えときしふぇにる	5
えときしふえにる	5
えときしぷろぴおん	6
えときしべんじる	5
えときしめちる	5
えときしめときしべんずあにりど	13
えときしらーと	5
えときしれーと	5
えときせりじん	4
えすくろるびのーる	7
えとくろるびのーる	8
えとさくしみど	5
えとすくしみど	5
えとにたぜん	4
えすのす	1
えとのす	1
えとふぇんぷろっくす	6
えとぶろみど	4
えとぷろほす	4
えとぽしど	3
えとみどりん	0
えとらびりん	4
えとらんじぇ	3
えとらんぜ	3
えとらんぜえ	3
えとらんぜー	3
えとりんがいと	5
えとるすこ	3
えとるふぃん	0
えとるめうす	4
えとれちなーと	5
えとばす	0
えとわす	1
えとゔぁす	0
えとあーる	3
えとわる	1
えとわーる	3
えとおーる	3
えとーる	2
えどもんとさうるす	6
えどわじえら	4
えなんちおまー	5
えなんと	2
えにあぐらむ	4
えにぐまてぃっく	5
えにしんぐ	1
いにゅまれーしょん	4
えにる	1
えにい	1
えにー	1
えにーたいむ	4
えにーと	2
えぬま	1
えねま	1
えねまぐら	3
えねめいと	3
えねめーと	3
えねるげいあ	4
えねるげいや	3
えねるげてぃーく	5
えのきさぱりん	4
えのしたびん	0
えのてか	0
えのてーか	3
えのとりーあ	4
えのぷるす	3
えのら	1
えのるみす	3
えばきゅえーしょん	4
えばねっせんす	3
えゔぁねっせんす	3
えばねっせんと	3
えばぽれーた	4
えばぽれーたー	4
えばりゅーしょん	3
えばんげりすと	5
えばんじぇりすと	5
えばんぜりすと	5
えばんじる	2
えばんじーる	4
えゔぁんじる	2
えゔぁんじーる	4
えばんたいゆ	4
えゔぁんたいゆ	4
えばぐりーん	4
えばーぐりーん	5
えぱごーげー	3
えぱなごーげー	4
えぱぬい	2
えひーど	2
えびおにずむ	4
えびすた	2
えびでんしゃりてぃー	5
えびでんす	1
えびでんどらむ	5
えぴおぶらすま	5
えぴがろかてきん	5
えぴきゅりあん	3
えぴきゅりすむ	4
えぴきゅりずむ	4
えぴくらてす	4
えぴくれーしす	4
えぴくろるひどりん	6
えぴくろろひどりん	6
えぴぐらふ	3
えぴぐらむ	3
えぴごーねん	3
えぴすこぱる	4
えぴすしあ	3
えぴすたしす	3
えぴすたてぃっく	5
えぴすちゅりうむ	5
えぴすてゅりうむ	5
えぴすてもろじー	5
えぴすてーめ	4
えぴすてーめー	4
えぴすとら	3
えぴそーむ	3
えぴたきしゃる	4
えぴちお	2
えぴでみっく	0
えぴでるもふぃとん	5
えぴでんどらむ	5
えぴなすちん	3
えぴふぁにー	2
えぴるびしん	4
えぴれおぷちまる	4
えぴれなみん	0
えぴろーぐ	3
えぴん	1
えふぁびれんつ	4
えふあびれんつ	4
えふぃかしー	2
えふぃしぇんしー	3
えふぃしぇんと	2
えふぃなーる	3
いふぇくてぃぶ	2
えふぇどら	0
えふぇどりん	0
えふぇまいあ	3
えふぇんでぃ	2
えふぉるす	1
えふぉろす	1
えふぉーと	2
えふらっくす	3
えふろれっせんす	4
えぶえぶ	0
えぶるなめにん	4
えぷたこぐ	3
えぷたぞしん	0
えぷてしくす	4
えぷてすぃくす	4
えぷらじのん	4
えぷりす	1
えぷーりす	2
えべぬまん	2
えゔぇぬまん	2
えべろりむす	4
えぺ	1
えぺりぞん	2
えほにじぴん	0
えぼ	1
えゔぉ	1
えぼないと	3
えぼにー	1
えぼりゅーしょなりー	3
えぼりゅーしょん	3
えゔぉりゅーしょん	3
えぼるて	2
えゔぉるて	2
えぽえちん	3
えぽきし	2
えぽきしど	3
えぽけ	1
えぽけー	1
えぽへ	1
えぽぷろすてのーる	7
えぽーれっと	2
えぽーる	2
えまいゆ	2
えまこ	1
えまなちおん	3
えまほるむ	3
えまめくちん	3
えまるぎなとぅむ	5
えまるしょん	2
えまるじょん	2
えまんせ	2
いまーぜんしー	2
えまじぇんしー	3
えまーじぇんし	2
えまーじょん	2
えまーじんぐ	2
えみぐれ	2
えみぐれーしょん	4
えみった	2
えみったー	2
えみなんす	1
えみねんと	3
えみゅれーしょん	3
えみゅれーた	0
えみゅー	1
えみれいつ	3
えみれーと	3
えむし	1
えめだすちん	3
えめりー	1
えもりえんと	2
えもるふぁぞん	4
えもるふあぞん	4
えもーしょなりずむ	6
えもーしょん	2
えらぐ	1
えらすた	2
えらすたー	2
えらすたーぜ	4
えらすちっく	4
えらすちん	2
えらすてぃしてぃ	5
えらすと	2
えらすとまー	4
えらせりん	0
えらのす	1
えらふぇ	1
えらふす	1
えらふるす	3
えらぶときしん	4
えらぼれーしょん	4
えらぼれいと	4
えらぼれーと	4
えらまん	1
えらんぎす	2
えらんどーる	4
えりあじんぐ	0
えりあてぃっく	4
えれあてく	3
えりおってぃ	3
えりから	0
えりきさ	2
えりきしる	3
えりきしーる	4
えりくしーる	4
えりぐなとぅす	4
えりげろん	3
えりざべさん	3
えりしゅ	1
えりじうむ	3
えりじゆむ	3
えりじびりてぃー	4
えりじぶる	3
えりすりちる	3
えりすりとーる	5
えりすろ	0
えりとろ	0
えりすろきしろん	5
えりすろしん	0
えりすろぽいえちん	7
えりすろぽえちん	5
えりすろまいしん	5
えりたくす	3
えりたでにん	0
えりたーじゅ	3
えりっしゅ	1
えりてまとーです	5
えりとまとーです	5
えりないと	3
えりなけうす	4
えりなしん	0
えりまつす	3
えりみ	0
えりみなー	2
いりみねーしょん	4
えりみねーしょん	4
えりみねいたー	4
えりみねーたー	4
えりみねーと	4
えりみん	1
えりゅとらえうす	5
えりゅとるら	3
えりんねるんぐ	5
えるか	1
えるかとにん	4
えるがすてりおん	5
えるく	1
えるくはうんど	4
えるごかるしふぇろーる	8
えるごくりぷちん	5
えるごすてろーる	6
えるごたみん	0
えるごでぃっく	4
えるごのみくす	5
えるごのみっく	5
えるごのみっくす	5
えるごめとりん	5
えるごめーたー	4
えるごりにる	4
えるごん	1
えるごーど	3
えるしど	0
えるす	1
えるすたー	2
えるだりー	1
えるだー	1
えるだべりー	4
えるだーべりー	5
えるで	1
えるにーにょ	3
えるびうむ	3
えるふると	3
えるぶ	1
えるぷめんなー	4
えるむ	1
えるむず	1
えるめてぃすむ	4
えるめてぃずも	4
えるらんげん	3
えるりおてぃ	3
えるれん	1
えるろちにぶ	4
えるろん	1
えるーど	2
えれあこ	0
えれいそん	2
えれうてろだくちゅるす	8
えれうてろだくてゅるす	8
えれか	1
えれきてる	3
いれくしょん	2
えれくしょん	2
えれくた	2
えれくたー	2
いれくてっど	2
えれくてっど	2
えれくとけんとるす	7
えれくとらむ	4
えれくとれっと	5
えれくとろ	8
えれくとろせらみっくす	8
えれくとろたいぷ	6
えれくとろにか	5
えれくとろにっく	6
えれくとろぽれーしょん	7
えれくとろめーたー	6
えれくとろるみねせんす	8
えれくとろん	4
えれじー	1
えれともけりゅす	5
えれとりぷたん	5
えれぴ	1
えれふぁんてぃぺす	5
えれふぁんと	1
えれぷしん	2
えれべーしょん	3
えれべいてっど	3
えれべーてっど	3
えれゔぇいてっど	3
えれめんたりー	3
えれめんたる	3
えれもしとらす	4
えろいか	2
いろくぇいんす	4
いろくえいんす	4
えろくえんす	3
えろぐ	0
えろす	1
えろちすむ	3
えろちずむ	3
えろてぃか	2
えろび	0
えろもなす	3
えろーじょん	2
えんかうすてぃっく	6
えんかうんたー	3
えんかれっじ	4
えんがでぃなー	4
えんがでぃーな	4
えんきあんさす	4
えんきくりあ	4
えんきゃぷしゅれーしょん	6
えんぎにあ	3
えんくろーじゃ	4
えんくろーじゃー	4
えんくろーじゅあ	4
えんぐらうりす	4
えんぐらむ	1
えんぐれす	1
えんけふぁりん	4
えんげーじ	3
えんげーぢ	3
えんげいじど	3
えんげーじど	3
えんげいじめんと	3
えんげーじめんと	3
えんげーぢめんと	3
えんこみえんだ	5
えんこーでぃんぐ	3
えんこーど	3
えんさいくろぺでぃあ	7
えんざいむ	3
えんしぇんと	3
えんしれーじ	4
えんじぇりっく	4
えんじぇるふぃっしゅ	5
えんぜるふぃっしゅ	5
えんすー	1
えんすーじあすと	6
えんすーじゃすと	5
えんせふぁりとぞーん	7
えんぞじのーる	5
えんた	1
えんたいとる	3
えんたぶらちゃー	4
えんたぶらちゅあ	5
えんたぶれちゅあ	5
えんため	0
えんたるぴ	3
えんたるぴー	3
えんたんぐるど	5
えんたていなー	4
えんたーてぃなー	5
えんだいぶ	3
えんだもろじー	4
えんちくろぺでぃー	6
えんちゅくろぺでぃー	6
えんつゅくろぺでぃー	6
えんちゃんと	3
えんちらーだ	4
えんちーむ	3
えんてぃてぃ	1
えんてぃてぃー	1
えんてかびる	4
えんてりてぃでぃす	5
えんてるるす	4
えんてれけいあ	5
えんてろ	0
えんてろうぃるす	5
えんてろういるす	6
えんてろきなーぜ	6
えんてろこりちか	6
えんてろときしん	5
えんてろばくたー	5
えんでぃあん	3
えんでゅらんす	1
えんでゅーろ	3
えんとらんと	4
えんとれいんめんと	4
えんどえきそ	4
えんどきさん	3
えんどくりん	5
えんどさいとーしす	6
えんどそーむ	4
えんどときしん	4
えんどみる	4
えんどりん	0
えんどるふぃん	3
えんどーす	3
えんどーすめんと	3
えんはんさー	3
えんはんす	3
えんはんすど	3
えんはー	1
えんばいろめんたる	6
えんばしー	1
えんばんくめんと	3
えんばーごー	3
えんばーみんぐ	3
えんぱしー	1
えんぱす	1
えんぱちょ	0
えんぱなーだ	4
えんぱわりんぐ	3
えんびー	1
えんぴりしすと	5
えんふぁしす	3
えんふぁぬむ	3
えんふぉーすめんと	3
えんふゅーじょん	3
えんふるらん	4
えんぶだい	3
えんぶりお	3
えんぶれ	0
えむぶれむ	1
えんぶれむ	1
えんぶれーむ	4
えんぶろいだりー	4
えんぷてぃねすと	1
えんぷてぃーねすと	1
えんぷてぃ	1
えんぷてぃー	1
えんぷら	0
えんぷりおす	3
えんぷれす	1
えんぷろいど	4
えんぷろいめんたびりてぃ	9
えんぷろいめんたびりてぃー	9
えんぷろいめんと	4
えんぷろいー	4
えんぷろすちる	4
えんべっでぃんぐ	3
えんべでっど	4
えんべりざ	3
えんぺんすりん	5
えんぼあーば	4
えんぼい	1
えんぼす	1
えんぽりお	3
えんぽりおん	3
えんぽろす	3
えんらいばー	3
えんらまいしん	4
えんるむ	1
えんろーる	3
えーく	1
えいじずむ	3
えーじずむ	3
えーじど	1
えーじれす	1
えーせす	1
あいてーる	3
えーでるわいす	5
えとす	1
えーとす	1
えーど	1
えーぬ	1
えいぶる	1
えーぶる	1
えいぷ	1
えーぷ	1
えいぷりる	1
えいぷりるず	1
えーぷりる	1
えいぺくす	1
えーぺくす	1
えりゅしおん	2
えーりゅしおん	3
おあはかん	3
おいくれ	0
おいげのーる	4
おいたなじー	3
おいちしか	3
おいなーる	3
おいのこえ	3
おいりゅとみー	3
おからんす	3
おかるてぃすと	4
おかるてぃずむ	4
おかー	1
おかーれんす	2
おがく	1
おきこなーる	4
おきさ	1
おきさざほすほりん	0
おきさしくろてとらでしの	10
おきさじあぞーる	6
おきさじの	3
おきさぜぱむ	4
おきさぜぴん	4
おきさぞらむ	4
おきさぞりじのん	6
おきさぞりん	0
おきさぞろめちる	6
おきさぞーる	4
おきさぞーるぷろぴおん	9
おきさちおらん	5
おきさとみど	4
おきさびしくろ	5
おきさぴうむ	4
おきさぷろじん	4
おきさぺんたあざしくろのなでしん	14
おきさみど	3
おきさりぷらちん	5
おきさろ	0
おきざろ	0
おきさろあせちっく	6
おきさろーる	4
おきざりす	3
おきしあるきれん	6
おきしえちるておふぃりん	9
おきしえちるておふいりん	9
おきしかいん	4
おきしくろるでん	5
おきしげなーぜ	5
おきしげにうむ	5
おきしこどん	4
おきしこなぞーる	6
おきしじぇん	3
おきしじゅなん	3
おきしせる	3
おきしたーぜ	4
おきしだーぜ	4
おきしてとらさいくりん	7
おきしでんたる	4
おくしでんたる	4
おきしとしん	4
おきしとろぴうむ	6
おきさいど	3
おきしど	0
おきしどーる	4
おきしぴろにうむ	6
おきしふぇどりん	4
おきしふえどりん	4
おきしふぇんさいくりみん	9
おきしふえんさいくりみん	9
おきしふぇんぶたぞん	6
おきしふえんぶたぞん	6
おきしふる	1
おきしぶちにん	5
おきしぷろぴるておふぃりん	9
おきしぷろぴるておふいりん	9
おきしへもぐろびん	7
おきしべんぞん	4
おきしぺたらむ	4
おきしめたぞりん	5
おきしめてばのーる	7
おきしめーたー	4
おきしもるふぉん	4
おきしもるほん	4
おきしんとん	3
おきせたかいん	5
おきそ	1
おきそしくろぺんたんへぷたん	11
おきそしくろぺんちる	7
おきそしくろぺんちるめちる	11
おきそでしる	4
おきそにうむ	4
おきそへきしる	4
おきそへぷたん	4
おきでんたりす	5
おきなぞーる	4
おきゅさーと	3
おきゅぱいど	3
きゅぺーしょなる	3
おきゅぺーしょん	3
おくしでぃるす	4
おくすぷれのろーる	7
おくたくろるてとらひどろ	9
おくたくろろ	4
おくたくろろなふたれん	0
おくたこさ	3
おくたこさのーる	6
おくたでかん	4
おくたでしる	4
おくたでしるほすふぁーと	9
おくたでしるほすふあーと	9
おくたでせにるおきし	8
おくたでせの	4
おくたなーる	4
おくたのいるおきし	7
おくたのーる	4
おくたひどろ	4
おくたひどろいみだぞ	8
おくたひどろいんどろ	7
おくたひどろぴろろ	7
おくたへどろん	4
おくたぼ	3
おくためちる	4
おくためちれん	4
おくたん	1
おくたんと	3
おくちゃぶりすと	5
おくちる	1
おくちるふぇのーる	6
おくてにる	3
おくてろさいど	5
おくてん	1
おくてんにとりる	5
おくとじぇじま	4
おくとぱみん	0
おくとれおちど	5
おくとーげん	3
おくとーばー	3
おくな	1
おくほすふぁーと	5
おくほすふあーと	5
おくめ	1
おくるでぃん	0
おくるーじょん	3
おくろけふぁら	4
おぐのりゅんくす	4
おぐみおん	3
おぐりっしゅ	3
おけあのどろま	5
おけい	2
おけぴ	0
おけらーた	3
おけいじょん	2
おけーじょん	2
おさすな	0
おざぐれる	3
おざわいねら	4
おしきゃっと	3
おしろぐらふ	4
おっしろぐらふ	5
おしろぐらむ	4
おしろめーたー	4
おじご	1
おじーぶ	2
おじーゔ	2
おじーる	2
おすきっるむ	3
おすくーれ	3
おすたりあ	3
おすちや	2
ほすちあ	2
おすてぃなーと	4
おすておかるしん	5
おすておぱしー	4
おすておぱす	4
おすておぴるす	5
おすておらえむす	5
おすと	1
おすとみー	1
おすとらこん	4
おすとらしずむ	5
おすとりっち	4
おすばん	0
おすぷれい	1
おすぺんねぇけんか	0
おすぺんねーけんか	0
おすみうむ	3
おすみゅうむ	3
おすみゅーむ	3
おすもふぇりん	4
おせいん	2
おせるたみびる	4
おせろっと	3
おぜいゆ	2
おぞがまいしん	4
おぞけらいと	4
おぞとけろす	4
おたりあ	2
おだいん	2
おだりすく	3
おっかい	0
おっくすてーる	5
おっくすぶりっじ	6
おっじ	1
おっず	1
おっせおいんてぐれーしょん	9
おったー	1
おっちゃほい	3
おっとまん	1
おっど	1
おっどぼーる	4
おどぼーる	3
おてぃす	1
おてぃく	1
おてぃっく	1
おてむばある	4
おてむばーる	4
おでおん	1
おでをん	1
おでぃっせー	2
おでぱんど	3
おとあこーすてぃっく	4
おとぅす	1
おとしんくるす	5
おとず	2
おとぽる	1
おとらぼとき	4
おどぅーる	2
おどめーたー	3
おどれみん	0
おどんとぐろっさむ	6
おどんとふぁりんくす	6
おどんとらぶでぃてぃす	7
おながー	1
おなげる	1
おなにずむ	3
おなほーる	3
おなー	1
おにうし	2
おにうむ	2
おにおにん	3
おにおん	1
おにきす	1
おにっくす	2
おねすてぃー	1
おのまとぴあ	4
おのまとぺ	3
おのん	1
おばりす	1
おゔぁりす	1
おばんぼ	2
おぱしめーた	4
おぱれっせんと	3
おぱーる	2
おひしーる	3
おびすぽり	3
おびり	1
おゔぃり	1
おびーでぃえんと	2
おぴあと	2
おぴうむ	2
おぴゅーむ	2
おぴおいど	3
おぴすととろぴす	5
おふぁりんぐ	0
おふぃおらいと	4
おふぃきなりす	4
おふぃきい	1
おふぃきー	1
おふぃくれいど	4
おふぃくれーど	4
おふぃさー	1
おふぃしえ	2
おふぃしなりす	3
おふぃちーね	3
おふぃてす	1
おふぇるとりうむ	5
おふこん	0
おふさいど	1
おふしょあ	3
おふしょーるなやぞーな	8
おふせっと	3
おふせつと	3
おふれこ	0
おぶざーぶ	3
おぶざーぶど	3
おぶざーべーしょん	5
おぶじぇくしょん	3
おぶじぇくてぃぶ	3
おぶじぇくてぃぶず	3
おぶすきゅら	3
おぶすきゅーら	4
おぶすくら	3
おぶすくーら	4
おぶすくるす	4
おぶすとらくしょん	5
おぶすとるえんと	4
おぶせっしょん	3
おぶっしふぉりあ	5
おぶらーと	3
おぶりがーと	4
おぶりがーだ	4
おぶりがーど	4
おぶりげーしょん	4
おぶりーじゅ	3
おぶろんぎふぉりあ	6
おぷしん	1
おぷす	1
おぷせるばとぅーる	6
おぷせるゔぁとぅーる	6
おぷそ	1
おぷそにん	0
おぷちみすと	4
おぷてぃみすと	4
おぷちみずむ	4
おぷてぃみずむ	4
おぷてぃ	1
おぷてぃしぁん	3
おぷてぃしゃん	3
おぷてぃっく	3
おぷてぃっくす	3
おぷてぃまいざー	4
おぷてぃまいじんぐ	4
おぷてぃまむ	1
おぷてぃまりてぃー	4
おぷてぃみぜーしょん	5
おぷと	1
おぷとえれくとろにくす	9
おぷりーちにき	5
おぷりーちにな	5
おぷろいて	3
おぷんてぃあ	2
おべしすぴら	4
おべすぃすぴら	4
おべすす	1
おべちぇ	1
おべりすく	3
おぺらんど	3
おぺれった	3
おぺれいしょなりずむ	7
おぺれーしょなりずむ	7
おぺれーちんぐ	3
おぺれーと	3
おぺろん	1
おぺーく	2
おほすふぇいと	4
おほすふえいと	4
おぼ	1
おぼきにん	0
おぼむちん	0
おぽじしょん	3
おっぽじっと	4
おぽじっと	2
おぽちゅにすてぃっく	4
おぽちゅにすと	4
おぽちゅにずむ	4
おぽちゅにてぃー	3
おぽっさむ	2
おぽねんと	3
おまりずまぶ	4
おまーる	2
おみってっど	4
おみてっど	3
おむちゃ	1
おむにあ	2
おむにぽてんしや	5
おむにまっくす	4
おむぱろす	3
おむますとりふぇす	5
おむれっと	3
おむれつ	0
おめぷらぞん	3
おめぷらぞーる	5
おめぷらーる	4
おもぷらった	4
おもぷらーた	4
おらしょ	1
おらとりお	3
おらとりー	2
おれとりー	1
おらどーる	3
おらぶりす	3
おらんけ	2
おらんざぴん	0
おらんじぇりー	2
おらんじゅりー	2
おらーと	2
おりい	1
おりえんたりす	5
おりえんたりすと	6
おりえんたりずむ	6
おりえんてぃす	3
おりえんてーしょん	5
おりえんてーりんぐ	5
おりがぬむ	3
おりがるきー	3
おりがーきー	3
おりごでんどろぐりあ	8
おりごでんどろさいと	8
おりごぺぷちど	4
おりごぽりー	4
おりごまー	2
おりざにん	0
おりざのーる	4
おりじねーたー	4
おりじねーと	4
おりじんず	1
おりぜー	1
おりぞんて	3
おりぞんてぃ	3
おりのば	0
おりばけあ	3
おりゔぁけあ	3
おりぱびん	0
おりふぃす	1
おりょーる	2
ありょーる	2
ありよーる	3
おりんぴあーど	5
おるおる	1
おるか	1
おるがないざー	4
おるがなー	0
おるがにすと	4
おるがにずむ	4
おーがにずむ	4
おるがぬむ	3
おるがねら	3
おるがの	0
おるがのん	3
おるがん	0
おるぐ	1
おるげるぷんくと	5
おるこねくてす	4
おるごん	1
おるごーる	3
おるじす	1
おるぢす	1
おるせいん	3
おるせのん	0
おるそ	1
おると	1
おるそくろまちっく	7
おるそけらとろじー	6
おるそぱんくろまちっく	9
おるそふぇなんすろりん	8
おるそふぇなんとろりん	7
おるそふえなんすろりん	8
おるたねーた	4
おるたねーたー	4
おるたねいと	4
おるたねーと	4
おるたんしあ	3
おるてんしあ	3
おるたー	1
おるたなてぃぶ	4
おるたなてぃゔ	4
おるたねいてぃぶ	4
おるたーなてぃぶ	3
おるたーなてぃゔ	3
おーるたなてぃぶ	4
おーるたーなてぃぶ	4
おるつぁーた	3
おるてぃんどー	3
おるでぃね	0
おるとくろるめるくりふぇのーる	12
おるとくろるめるくりふえのーる	12
おるとくろろめるくりふぇのーる	12
おるととりるきなぞろん	9
おるとふぇにる	4
おるとふぇにーる	5
おるとらん	3
おるとるいずむ	5
おるどなんす	4
おるどびす	3
おるどー	1
おるにちる	3
おるにとけいるす	5
おるにとぷてら	5
おるにとみむす	5
おるのぷろすちる	6
おるふぃすむ	3
おるぼわーる	4
おーぼぁーる	4
おーぼあーる	4
おるめか	0
おれあんどまいしん	6
おれい	1
おれいる	2
おれいるあみん	5
おれいん	2
おれおふぁしす	4
おれおふぁすぃす	4
おれきしん	0
おれふぃん	4
おれふぇん	1
おれんす	2
おれーふ	2
おろちん	1
おろぱたじん	4
おろんご	2
おんか	1
おんきふぇりす	4
おんこさいとーま	6
おんこすたちん	5
おんこせるか	4
おんこびん	3
おんこるひゅんくす	5
おんごんき	0
おんざびり	4
おんしじうむ	4
おんしじゅーむ	4
おんせ	1
おんせっと	3
おんたーで	3
おんだとら	3
おんだんせとろん	5
おんだーた	3
おんとろじ	3
おんとろじー	3
おんとろーぎっしゅ	6
おんどる	0
おんどろ	0
おんにさんてぃ	4
おんぬり	0
おんぶずまん	0
おんま	1
おんみょん	1
おんむん	0
おんれこ	0
おんわーど	3
おーかー	1
おうがすたん	3
おーがすたん	3
おるがすむ	3
おるがすむす	4
おるがずむ	3
おーがずむ	3
おるがないじんぐ	4
おーがないじんぐ	4
おーがないぜーしょん	6
おーがにぜいしょん	5
おーがにぜーしょん	5
おーがねすく	4
おーがのいど	4
おーがん	1
おーがんじー	3
おーがんでぃー	3
おーがー	1
おーきしん	3
おーきっど	1
おーぎゅめんと	1
おーくしょにあ	4
おーくる	1
おーぐじりありー	5
おーぐめんてぃど	4
おーぐめんてっど	4
おーぐめんてーしょん	6
おーけすとりおん	5
おーけすとれーしょん	6
おーげーぺーうー	7
おーさりんぐ	1
おーしゃにっく	1
おーしゃん	1
おせあん	1
おーじあ	1
おーじおぐらむ	5
おーじおめーた	5
おーじおめーたー	5
おーじおろじー	4
おるぎー	1
おーすてないと	5
おーすてんぱ	4
おーすとらりあん	5
おーすとらろいど	6
おーすとらーりす	5
おーすとりっしゅ	5
おーすとりっち	5
おーすとろあじあ	6
おーすとろねしあん	6
おーせんてぃっくす	5
おーそぐらふぃっく	5
おるそがらふぃー	4
おーそぐらふぃー	5
おるとどきし	4
おーそどきしー	4
おーそりぜーしょん	5
おーそりちー	3
おーそりてぃ	3
おーそりてぃず	3
おーそりてぃー	3
おーそりてー	3
おーたむ	1
おーたむなる	3
おーたむなーりす	5
おーだりんぐ	0
おーだりー	1
おーちょ	1
おーてぃっくす	3
おーでぃあんす	1
おーでぃえんす	1
おーでぃおびじゅある	5
おーでぃたー	1
おーでぃとりあむ	5
おーでいとりあむ	5
おーでぃとりー	1
おーでぃなりー	1
おーでぃぶる	1
おーでいおん	3
おーでにーる	4
おーでるぶ	3
おーでるゔ	3
おーでるぼん	3
おーでるゔぉん	3
おーとくりん	5
おーとくれーぶ	5
おーとこりめーた	6
おーとこりめーたー	6
おーとじゃいろ	4
おーとのます	4
おーとぽいえーしす	6
おーとまいぜーしょん	6
おーとまっと	4
おーとまてぃかりー	4
おおとまてぃすむ	5
おーとまてぃすむ	5
おーとまてぃずむ	5
おーとめ	0
おーとめっくす	4
おーとめいしょん	4
おーとめーしょん	4
おーともびる	4
おーともびるず	4
おーともてぃぶ	4
おーともーてぃぶ	4
おおとりてえ	3
おーとりてー	3
おーなめんたる	4
おーなめんと	1
おーなーしっぷ	5
おーにそがらむ	5
おーにそぷたー	4
おーにんぐ	0
おーばおーる	4
おーばーおーる	5
おーゔぁおーる	4
おーばーかむ	5
おーばーこーと	5
おーばーしゅーず	5
おーばーすてい	6
おーばーすてーと	6
おーばーすろー	6
おーばちゅあ	1
おーばーちゃ	3
おーばーちゅあ	3
おーゔぁーちゃ	3
おーばーどーず	5
おーゔぁーどーず	5
おーばーはんぐ	5
おーばーはんど	5
おーばーふろー	6
おーばーへっど	5
おーばーぺいめんと	5
おーばーれい	5
おーばーわーく	5
おぱす	1
おーぱす	1
おーびす	1
おーびたー	1
おーびっと	1
おーふぁん	1
おーぷなー	1
おーぷんど	1
おーぷんりー	3
おーべぴん	3
おーべるじゅ	3
おーべん	1
おーほ	1
おーほす	1
おぼい	0
おーめん	1
おーらす	0
おーらのふぃん	4
おーらのふいん	4
おーらみん	0
おーららいぜーしょん	6
おーらりぜーしょん	5
おーりくらりあ	5
おーるそー	1
おーるでぃー	1
おーるぺん	1
おーれ	1
おーれおまいしん	5
おーろっくす	3
あうろら	0
あうろーら	3
おーろら	0
ばりん	1
かいえ	1
かいぜる	1
かいぜるほおふ	5
かいぜるほーふ	5
かいにん	1
かいねちん	3
かいのーる	3
かいまなひら	4
かいまなひーら	5
かいまん	1
かいもぐらふ	4
きもぐらふ	3
かいる	1
かいろぷらくたー	5
かいんど	1
かいんどねす	1
かうこん	0
かうだ	1
かうだた	0
かうち	1
かうべる	3
かうりんぐ	0
かうる	1
かうんする	2
かうんせりー	2
かうんせる	2
かうんたーぽいず	6
かうんてぃ	2
かうんてぃー	2
かえろぷす	3
かおば	1
かおやーぴん	3
かおりないと	4
かおりん	1
かきすとくらしー	5
かくあみん	0
かくたす	1
かくてりんぐ	0
かぐー	2
かさびー	1
かさーれ	2
かしああらた	4
かしけ	1
かしす	1
かしでぃくす	3
かすぃでぃくす	3
かしゃぐ	1
かしゃーる	2
かしーけ	2
かしーぬ	2
かじくる	1
かずぃくる	1
かじゃん	1
かすからさぐらだ	6
かすがまいしん	4
かすく	1
かすたねあ	0
かすたねうす	4
かすたねっと	4
かすたねつと	4
かすたまいぜーしょん	6
かすたーど	3
かすたーにえ	3
かすていす	3
かすてら	0
かすてーら	3
かすてる	1
かすとらーと	4
かすとーでぃある	3
かすば	1
かすぱーぜ	3
かすぷ	1
かすーれ	2
かずいすちか	4
かずさほす	3
かずん	1
かずー	1
かせとめーたー	4
かせーた	2
かぜいなーと	4
かぜいん	2
かそでっくす	3
かそなーど	3
かそろん	1
かそーど	2
かたかり	0
かたこんぶ	3
かたこんべ	3
かたこーむ	3
かたすたてぃっく	5
かたすとろふ	4
かたとにあ	0
かたぱると	3
かたふらくた	4
かたまらん	3
かたらーぜ	3
かたりすと	3
かたれぷしー	3
かたーばすつー	4
かだる	1
かだんば	2
かちおん	1
かちぼ	1
かちゃっぴ	2
かちゅーしゃ	2
かちょ	1
かっさつぃおーね	5
かっさーた	3
かっち	1
かっちゃー	1
かっとそー	3
かっとわーく	4
かっぱー	1
かっぴんぐ	0
かっぺりーに	4
かっわーりー	3
かてぃ	1
かてぃー	1
かてきずむ	3
かてきゅー	2
かてこらみん	0
かてこる	1
かてこーる	3
かてこるあみん	5
かてこーるあみん	6
かてごらいぜーしょん	6
かてごりぜーしょん	5
かてすべいあな	4
かてどら	0
かせどらる	2
かてどらる	2
かてなりー	2
かてぷしん	2
かでぃあん	1
かでっと	1
かでな	1
かでるねった	4
かでんつ	2
かでんつぁ	2
かとうびえんせ	5
かとけまと	3
かとらす	1
かとりしずむ	4
かとぅる	1
かとる	1
かとれあ	0
かとれや	0
かとん	1
かどぅざん	1
かどへりん	0
かどみ	0
かどらー	1
かどりーゆ	3
かどりーる	3
かどる	1
かなか	1
かねきん	2
かなっぺ	2
かなでんしす	3
かなでんすぃす	3
かなぷき	2
かなまいしん	3
かなーと	2
かーなーと	3
かにこーら	3
かにす	1
かにちむとぺ	4
かにばらいぜーしょん	6
かにばりすむ	4
かにばりずむ	4
かにぱぃかさ	3
かにぱいかさ	3
かにふろんす	4
かにゅーれ	2
かにんへん	2
かにーへん	2
かぬか	1
かぬれ	1
かぬーいすと	4
かぬーいんぐ	2
かねかろん	2
かねくろーる	4
かねろに	0
かねろーに	3
かのにかる	2
かのむ	1
かのら	1
かのるす	1
かばてぃーな	3
かゔぁてぃーな	3
かばでぃ	1
かばら	1
かばらー	1
かばり	1
かばる	1
かゔぁる	1
かばれった	3
かばれりあ	3
かゔぁれりあ	3
かばろ	1
かゔぁろ	1
かばーど	2
かばーにゃ	2
かぱ	1
かぱるあ	2
かぴた	1
かぴたにあ	0
かぴたん	1
かぴてん	1
きゃぴたん	1
かぴちゅれーしょん	4
かぴとりお	3
かぴばら	2
かふぃあ	1
かふぃえ	1
かふぃや	1
かふぇいにずむ	4
かふぇす	1
かふたん	1
かぶん	1
かゔん	1
かぷさ	1
かぷさんちん	3
かぷそるびん	0
かぷたほーる	4
きゃぷたふぉる	3
かぷちゅーる	3
かぷちん	1
かぷっちょ	2
かぷっと	2
かぷりこるぬ	4
かぷりす	1
かぷりちおーそ	5
かぷりちお	3
かぷりっちお	3
かぷりっちょ	3
かぷりむるぐす	4
かぷりる	1
かぷりろにとりる	6
かぷりん	1
かぷろらくたむ	4
かぷろん	1
かべおら	0
かべおりん	3
かべさ	1
かべるごりん	4
かべるじぇっくす	4
かぺしたびん	4
かぺら	1
かぺれあ	2
かぺんしす	2
かぺーろす	2
かぼしょん	2
かぼてぃーぬ	3
かぼんば	2
かぽ	1
かぽえいら	3
かぽえら	2
かぽたすと	3
かぽーる	2
かまぜぱむ	3
かまらさうるす	4
かまー	1
かまーばんど	4
かみさ	1
かみせん	0
かみーず	1
かみーの	2
かむかむ	1
かむしゃふと	3
かむちゃてぃか	3
かむちやていか	3
かむぱ	1
かむりーど	3
かむるち	2
かむるちー	2
かめお	1
かめらりすむす	5
かめらわーく	4
かめらーた	3
かめらーと	3
かめりあ	2
かめりや	2
かめりは	0
かめれおにずむ	5
かめれれ	0
かもて	1
かもふらーじゃ	4
かもみら	0
かもまいる	3
かもみーる	3
かもーん	1
かむんがい	2
かもんがい	2
かやぐむ	0
かやっかー	2
かやっきんぐ	0
かやぷて	2
かゆぷて	0
からあざーる	4
からおーら	3
からかる	1
からぎなん	0
からくろ	0
からくん	0
からくる	1
からくーる	3
からげなん	3
からぎーなん	3
からげーにん	3
からこん	0
からざ	0
からしん	0
からじうむ	3
からでぃうむ	3
からすねす	2
からっく	1
からっぱ	2
からてあ	2
からばお	0
からばり	0
からびこるにす	4
からゔぃこるにす	4
からびな	2
からびにえ	3
からびにえり	4
からびにえーり	5
からふぇ	1
からーふ	2
きゃらふ	1
からべら	0
からべる	1
きゃらべる	1
からぼ	0
からまに	0
からまんる	3
からみてぃ	2
からみてぃー	2
からみんさ	3
かららいぜーしょん	5
からりすと	3
からんく	2
からんこえ	2
からんて	2
からんと	2
からんといです	5
からんどりあ	4
からーれーしょん	4
かりあてぃーど	4
かりえす	1
かりおか	0
きゃりおか	0
かりおぷてりす	5
かりかちゅあ	3
かりかちゅーる	4
かりかちゅあらいず	5
かりがり	0
かりがーと	3
かりぐらふぁー	3
かりけーさら	3
かりし	1
かりすたん	2
かりすてふぃん	3
かりそん	1
かりたす	1
かりたーてぃす	3
かりだ	1
かりだえ	0
かりっさ	2
かりに	0
かりーに	2
かりにゃん	1
かりぱす	1
きゃりぱす	1
かりびあん	2
かりふ	1
かりふぉるにくす	5
かりふらわー	4
かりぶらこあ	4
かりぶー	1
かりぷそ	0
かりほるにうむ	5
かりゅぷとりゅんくす	5
かりおん	1
かりんか	2
かりんば	2
かりーな	2
かりーの	2
かりーべ	2
かるあーてーる	5
かるき	1
かるきのす	3
かるきーのす	3
かるきゅれーたー	4
かるくっす	3
かるくろほす	4
かるぐらー	2
かるこげにど	4
かるこげん	0
かるこふぁぷす	4
かるさん	0
かるしとにん	0
かるしとりおーる	6
かるしどーる	4
かるしにゅーりん	4
かるしのとろん	5
かるしのーま	4
かるしふぇろーる	5
かるしぽとりおーる	7
かるじぇる	0
かるじおすこーぷ	6
かるじのふぃりん	5
かるちのふぃりん	5
かるちのふいりん	5
かるすと	2
かるせおらりあ	5
かるぜ	1
かるそんず	1
かるたっぷ	3
かるたみん	0
かるだもん	3
かるちないお	4
かるちのいど	4
かるちのりじん	5
かるちべーたー	4
かるちゔえーたー	4
かるちゃーど	3
かるちゅらりずむ	5
かるちゃる	1
かるちゅらる	1
かるちょ	1
かるつぁ	1
かるつぃおーね	4
かるてぃえ	0
くぁるてぃえ	0
くあるてぃえ	0
かるてぃじぇん	3
かるてぃばー	3
かるてぃゔぁー	3
かるてぃべいと	4
かるてぃべーと	4
かるてぃゔぇーと	4
かるておろーる	5
かるてじあにずむ	6
かるてっと	1
くぁるてっと	2
くあるてっと	2
くゎるてっと	2
くわるてっと	2
かるてむくしゃ	4
かるでぃなーれ	4
かるでさっく	4
かるでら	0
かるとぅーしゅ	3
かるとら	0
かるとーばー	3
かるなうば	3
かるなばる	3
かるなばーる	4
かるなゔぁる	3
かるなゔぁーる	4
かるにちん	0
かるにやりく	4
かるねむ	1
かるのさうるす	4
かるのしん	3
かるばこーる	4
かるばぞーる	4
かるばどす	3
かるゔぁどす	3
かるばぺねむ	4
かるばまぜぴん	4
かるばまーと	4
かるばめーと	4
かるばみる	3
かるばみるこりん	6
かるばみるめちるこりん	9
かるばみん	0
かるばもいる	4
かるばもいるおきし	7
かるばもいるめちる	7
かるばりる	3
かるばるぞん	0
かるぱーしずむ	5
かるびにすと	4
かるゔぃにすと	4
かるびにずむ	4
かるゔぃにずむ	4
かるぴぷらみん	5
かるふーる	3
かるぷろにうむ	5
かるべたぺんたん	5
かるべたぺんてん	5
かるべときしあせちる	8
かるべん	1
かるぺ	1
かるぺりちど	4
かるぼい	1
かるぼかちおん	4
かるぼきさにりど	6
かるぼきさみど	5
かるぼきし	3
かるぼきしいみど	6
かるぼきしらーぜ	6
かるぼきしらーと	6
かるぼきしる	4
かるぼくろめん	5
かるぼこん	3
かるぼするふぁん	4
かるぼなり	3
かるぼなりい	3
かるぼなりー	3
かるぼなぁーと	4
かるぼなーと	4
かるぼねーと	4
かるぼなーど	4
かるぼにっく	4
かるぼにとりる	4
かるぼにる	4
かるぼふらん	4
かるぼぷらちん	4
かるぼべじ	4
かるぼゔぇじ	4
かるぼーる	3
かるみな	0
かるみん	1
かるめら	0
かるめる	0
かるもじゅりん	4
かるもちん	0
かるもふーる	4
かるりあんてむむ	6
かるりかるぱ	4
かるりすた	3
かるりとりくす	5
かるりな	0
かるるす	1
かるれすぼげるてぃ	6
かるろすきうるす	5
かるんくりな	4
かるんける	2
かれいすきー	2
かれいど	2
かれいどすこーぷ	6
かれっさ	2
かれっと	2
かれどにあん	3
かれんしー	2
かれんず	2
かれーず	2
かろかがてぃあ	4
かろきしおん	3
かろすとろま	4
かろちのいど	4
かろてのいど	4
かろっつぇりあ	4
かろでんでゅらむ	5
かろねーど	3
かろぷりゅんぬす	4
かろめる	0
かろりっく	3
かろりなえ	3
かろりにあん	0
かろりねんしす	4
かろりねんすぃす	4
かろりめーたー	4
からうひんじや	4
かろりんじあん	3
かろーさむ	2
かろーりんぐ	0
かわかわ	0
かわらくとねす	4
かんくりぼるす	5
かんくりゔぉるす	5
かんじだ	0
かんじーだ	3
がんじた	0
がんじだ	0
かんじー	1
かんずっぷ	3
かんぜーぬ	3
かんたりじん	3
かんたりす	3
かんたんて	3
かんたー	1
きゃんたー	1
かんたーた	3
かんたーびれ	3
かんたーれ	3
かんだはー	1
かんつぉねった	4
かんつぉーね	3
かんて	1
かんてぃにえれ	4
かんちればー	4
かんちれゔぁー	4
かんてぃればー	4
かんちれーしょん	4
かんてぃれーしょん	3
かんてぃれーな	4
かんてぃな	0
かんてぃーな	3
かんてら	0
かんでぃだむ	3
かんとぅか	0
かんとる	1
かんどら	0
かなびす	1
かんなびす	3
かんばう	1
かんぱにじぇーろ	5
かんぱにゅら	3
かんぱぬら	3
かんぱにゅーる	4
かんぱにりずも	5
かんぱねっら	4
かんぱねら	3
かんぱねるら	4
かんぱり	0
きゃんぱりー	1
かんぱーにゅ	3
かんぴろかるぷむ	5
かんぴろばくたー	5
かんふぇくろる	4
かんふぇん	1
かんふぁー	1
かんふる	1
かんふー	1
くんふー	1
かんぷとさうるす	5
かんぷん	0
かんぺおなーと	5
かんぺすとりす	5
かんれの	0
かーくりご	1
かーさ	1
かーしゃ	1
かーじおいど	4
かーじなる	1
かーじゅ	1
かーで	1
かーでぃあ	1
かーでぃお	1
かるじおばーじょん	2
かるでぃおばーじょん	5
かーでぃおばーじょん	5
かーとぅーん	3
かーとん	1
かーとんき	3
かーどる	1
かーなりっと	4
かーにぼー	1
かーにゃ	1
かーにー	1
かーぬーん	3
かるねおる	3
かーねりあん	3
かーにる	1
かるねーじ	3
かーねーじ	3
かあば	1
かーば	1
かーばいど	3
かーばんくる	3
かーひん	1
かーびん	1
かーふれいず	4
かーべ	1
かーゔぇ	1
かーぺっとばがー	6
かーぼねーと	4
かーぼらんだむ	4
かーぽ	1
かーぽーと	3
かーま	1
かーまいん	3
かーみなてぃふ	4
かーみん	1
かーみんぐ	0
かーむ	1
かーむーてぃふ	3
かーらー	1
かーりみー	3
かーりんぐ	0
かーりー	1
かーるすべるげんしす	7
がいざいだあん	5
がいすと	1
がいでぃんぐ	0
がいやるど	3
がいらるでぃあ	4
がうあ	1
がうこ	1
がうしあん	2
がうじんぐ	0
がうちょ	1
がうらいたー	3
がうる	1
がうん	1
がおない	1
がおん	1
ががま	1
がざにあ	0
がざー	1
がいぇた	0
がいえた	0
がじぇた	1
がじぇっと	1
ぎゃじっと	1
がすけっちんぐ	3
がすけっと	3
がすとりん	0
がすとろぐらふぃん	5
がすとろぜぴん	5
がすとろのみー	4
がすとろのーむ	5
がすはうす	3
ぎゃすはうす	3
がすぱっちょ	3
がすぱーちょ	3
がすもちん	3
がすろん	1
がすーる	2
がずらー	1
がせおさ	0
がぜっと	2
がぜつと	2
がぜぼ	1
がぜる	1
がぜーた	2
がたー	1
がちふろきさしん	6
がっしゅ	1
ぐわっしゅ	2
がっじょん	1
がっせ	1
がっでむ	1
がっと	1
がてぃ	1
がてぃーと	2
がどぅす	1
がどがど	0
がどりにうむ	4
がなっしゅ	1
がなとん	1
がなま	1
がなー	1
がにれりくす	4
がばがーい	3
がばなびりてぃ	4
がばなびりてぃー	4
がばな	1
がばなー	1
がばめんと	1
がびありす	3
がびある	1
がびおた	0
がぶび	1
がべきさーと	4
がぼっと	1
がゔぉっと	1
がぼねんしす	3
がまるじょーば	4
がむぼ	1
がめらん	1
がやとりー	1
がーやとりー	3
がらくと	2
がらくとさみん	5
がらくとしだーぜ	6
がらくとーす	4
がらさ	0
がらつぃ	1
がらな	1
がらんさす	2
がらんす	1
がらんたみん	2
がらんたーぜ	4
がらんてぃーぬ	4
ぎゃらんてぃーぬ	4
がりおっと	3
ぎゃりおっと	1
がりかにずむ	4
がりなるむ	3
がりれいあーの	5
がりんぺいろ	4
がるあ	1
がるおーく	3
がるげんふもーる	6
がるごいずむ	4
がるするふぁーぜ	5
がるするふあーぜ	5
がるてん	1
がるでにあ	0
がるでにや	3
がるでろーべ	4
がるに	1
がるばのめーたー	5
がるばりうむ	4
がるばんそ	3
がるふ	1
がるべるだ	3
がるまんに	3
がるりこるんば	5
がるりぬら	3
がるりらるるす	5
がるるす	1
がるるらくす	4
がるーべ	2
がるーん	2
がれうた	0
がれおん	1
がれのきさしん	5
がっれりあ	3
がれりあ	2
ぎゃれりあ	2
がれりー	1
がろて	1
がんぐうぇー	1
がんぐりおしど	5
がんぐりおん	3
がんげてぃくす	4
がんげてぃくむ	4
がんしくろびる	5
がんじゃ	1
がんだまー	1
がんだむず	1
がんだりうむ	4
がんちゃ	1
がんつ	1
がんとりー	1
がんとれっと	4
がんどぅーら	3
がんなー	1
がんなーず	1
がんにー	1
がんねる	1
がんぱー	1
がんびーる	3
がんぶしあ	3
がんぶすぃあ	3
がんぷら	0
がんぼーじ	3
がーきん	1
がーぐる	1
がーごいる	3
がーたー	1
がるでぃあん	2
がーでぃあん	1
がーでぃんぐ	0
がーでぃー	1
がーでなー	1
がーでにあ	0
がーどる	0
がーにっしゅ	1
がーねっと	1
がーべら	0
がーまんあのーる	6
がーめんと	1
きあすむ	2
きあずま	2
きあっけれ	2
きあろすくーろ	5
きうしあぬむ	4
きうすぃあぬむ	4
きえきえ	0
きえてぃすむ	3
きかでおいであ	4
きかとりこさす	5
きかとりこすす	5
きこりうむ	3
きさなどぅ	3
きさんちん	2
きさんてん	0
きさんとげん	0
きさんとふぃる	5
きさんとぷろていん	7
きさんぼん	2
きざろほっぷ	4
きしらじん	0
きしらなーぜ	4
きしらん	1
きしりじど	3
きしりじん	0
きしりっと	3
きしりとーる	4
きしりるえたん	5
きしりるおきし	5
きしりれんじあみん	7
きしれのーる	4
きしれん	2
きしろ	1
きしろかいん	4
きしろーす	3
きしろーる	3
きすとく	1
きせにあ	2
きたいすかや	4
きたろーね	3
きたーぶ	2
きっきんぐ	0
きっくぼくしんぐ	4
きっしゅ	1
きっちゅ	1
きっぱ	1
きとさん	0
きとん	1
きとーな	2
きなぞりにる	4
きなぞりのん	4
きなぞりん	0
きなぞろん	3
きなぷりる	3
きなるほす	3
きなー	1
きなーぜ	2
きにじん	2
きにん	1
きにーね	2
きぬあ	1
きぬくりじにる	5
きぬくりじにるめちる	8
きぬくりじん	0
きぬぷりすちん	0
きねしお	0
きねしっくす	3
きねしん	0
きねすこーぷ	4
きねすててぃく	4
きねすてーぜ	4
きねだっく	3
きねとこあ	3
きねとすこーぷ	5
きねまてぃくす	4
きねまとぐらふ	5
きのあ	1
きんわ	1
きのきさりにる	5
きのきさりん	0
きのほるむ	3
きのりじにうむ	5
きのりのん	0
きのりる	1
きのりるかるぼにる	7
きのろん	1
きのん	1
きひげん	2
きびたす	1
きゔぃたす	1
しうぃたす	1
しうゐたす	1
きふぃ	1
きぶゆ	1
きぶら	1
きぺら	1
きむりっく	3
きまいら	2
きめら	1
しめーる	2
きもしん	2
きもとりぷしん	5
きもぷしん	0
きゃさぬる	1
きゃさぬーる	3
きゃしーず	1
きゃすく	1
きゃすけっと	3
きゃせろーる	3
きゃせろーれ	3
かたらいざー	3
きゃたらいざー	3
きゃたりしす	3
かさば	0
かっさば	0
きゃしあー	1
きゃっしゃ	1
きゃっしゃー	1
きゃっしゅれす	1
きゃっとふぃっしゅ	4
きゃっぴんぐ	0
きゃっぷど	1
きゃでぃ	1
きゃでぃー	1
きゃとる	1
かなる	1
きゃなる	1
きゃにおにんぐ	0
きゃにすた	2
きゃにすたー	1
かのぴー	1
きゃのぴぃ	1
きゃのぴい	1
きゃのぴー	1
きゃのーら	2
きゃばりーの	3
きゃゔぁりーの	3
きゃばれってぃ	3
きゃばれってぃー	3
きゃばーぶ	2
きゃぱしたんす	2
きゃぱした	2
きゃぱしたー	2
きゃびあえ	0
きゃびてぃ	1
きゃびてぃー	1
きゃびてーしょん	3
きゃぴたごん	1
きゃぴたりすと	4
きゃぴたりずむ	4
きゃぴらり	0
きゃぴらりー	2
きゃぶこん	1
きゃぶたいや	3
きゃぶたいやー	3
きやぶたいや	3
きやぶたいやー	3
きゃぶれたー	3
きゃぷしど	1
きゃぷしょん	1
きゃぷすたん	2
きゃぷたん	1
きゃぷたー	1
きゃぷちゃりんぐ	0
きゃぷてぃぶ	1
きゃぷてんしー	3
きゃぷりーぬ	3
きゃべじん	1
きゃべーこん	2
きゃます	1
かみそーる	3
きゃみそーる	3
きゃむけー	1
きゃめる	1
きゃらくたりすてぃっく	7
きゃらくたらいぜーしょん	7
きゃらくたりぜーしょん	6
きゃらでざ	0
きゃらばんさらい	5
きゃらゔぁんさらい	5
きゃらほび	0
きゃらみや	0
きゃらこ	1
きゃりこ	1
きやらこ	1
きゃりず	1
きゃりっじ	1
きゃりばー	1
きゃりぱ	1
きゃりぱー	1
きゃりぶれーしょん	4
きゃれっと	1
きゃれる	1
かろっと	1
きゃろっと	1
きゃろむ	1
きゃんかー	1
きゃんせら	1
きゃんせらー	1
きゃんぜーぬ	3
きゃんでりら	3
きゃんと	1
きゃんどりんぐ	0
きゃんば	1
きゃんばー	1
きやんばー	1
きゃんぱぶ	0
かんぶりっく	4
きゃんぶりっく	4
きゃんぷふぁいあ	4
きゃんぷふぁいあー	4
きゃんほふぇにっく	4
きゅあねあ	2
きゅあのらんふす	4
きゅいえーる	3
きゅおとえんせ	4
きゅくろぴす	3
きゅくろぷす	3
きゅにこす	1
きゅのけふぁるす	4
きゅのどん	1
きゅのみゅす	1
きゅぷら	1
きゅべ	1
きゅゔぇ	1
きゅべれい	1
きゅりうむ	2
きゅりおしてぃ	4
きゅりおしてぃー	3
きゅりおーさ	3
きゅりんどれるら	5
きゅるとないあす	4
きゅれげん	1
きゅれー	1
きゅれーたー	2
きゅーれーたー	3
きゅんめる	1
きゆむめる	1
きゅーてぃくり	1
きゅーてぃくる	1
きゅーびくる	1
きゅびすと	2
きゅーびすと	3
きゅびすむ	2
きゅびずむ	2
きゅーびずむ	3
きゅーびっく	1
くぴど	1
きゅーべ	1
きゅぽら	1
きゅーぽら	0
きゆぽら	1
くーぽら	1
きゅーれっと	1
きょうる	1
きょっぽ	1
きょんしー	1
きらうころ	3
きらる	1
きりえ	1
きりのいど	3
きりむ	1
けれむ	1
きるさん	0
きるしゅ	1
きるしゅわっさー	4
きるたんさす	3
きるてぃ	1
きるとらんでぃい	4
きるとるきす	4
きるど	1
きるどれ	0
きるびめーたー	4
きるへ	1
きるほぺたるむ	5
きるん	1
きれーと	2
きろにゅーとん	3
きろろ	1
きわの	1
きんかじゅー	3
きんぎーら	3
きんぐめーかー	4
きんぐりい	1
きんぐりー	1
きんけりば	3
きんだべーと	4
きんだー	1
きんと	1
きんどる	1
きんぱぷ	0
きんぱる	1
きんびりきってぃ	5
きんま	1
きーすほんど	4
きーすらーがー	4
きーぜる	1
きなす	1
きーなす	1
きーのーと	3
きーぱんちゃー	3
きーぴすと	3
きーぴんぐ	1
きーぼーでぃすと	5
きーる	1
ぎあぼっくす	3
ぎあーまん	2
ぎがんてぃふぉりうむ	6
ぎがんてす	2
ぎぐ	1
ぎでぃ	1
ぎでぃー	1
ぎなんどろもるふ	6
ぎばー	1
ぎぶり	1
ぎぶん	1
ぎぷのぺじあ	4
ぎべりん	1
ぎぺのさいど	4
ぎぼん	1
ぎみっく	1
ぎむなじうむ	4
ぎむなじゅーむ	4
じむなじうむ	4
ぎむなーじゃ	3
ぎむなーじや	3
ぎむねま	0
ぎむのじにうむ	5
ぎむれっと	1
ぎむわり	0
ぎめらしる	3
ぎゃお	1
ぎゃおす	1
ぎゃざー	1
ぎゃざーど	1
ぎゃっじ	1
ぎゃっち	1
ぎゃば	1
ぎゃばじん	1
ぎゃばろん	1
ぎゃふ	1
ぎゃらくしー	2
ぎゃらくてぃか	3
ぎゃるげー	0
ぎゃんぎんぐ	0
ぎゃんぐ	1
ぎゃんぐすた	3
ぎゃんぶらー	1
ぎあーど	2
ぎやーど	2
ぎゅうーず	2
ぎゅむなしおん	3
ぎゅむのころにす	4
ぎゅんのぎゅぷす	4
ぎょうざ	0
ぎょーざ	0
ぎょーしぇ	1
ぎゅよー	1
ぎらえ	1
ぎりあ	1
ぎりぇん	1
ぎりえん	1
ぎるてぃ	1
ぎるてぃー	1
ぎると	1
ぎるど	1
ぎるにょん	1
ぎるね	1
ぎるらんで	3
ぎれてぃあな	3
ぎろ	1
ぎんがむ	1
ぎんこーる	3
ぎーく	1
ぎーた	1
くーあ	1
くあおると	3
くあぜぱむ	3
くあだーらー	3
くあっが	2
くぁっふる	2
くあっふる	2
くあとし	2
くあとすぃ	2
くぁとろ	0
くあっとろ	2
くあとろ	0
くわとろ	0
くあど	1
くあどらぎんとぅす	5
くあどらてぃっく	4
くあどらーど	4
くあどるら	3
くあはうす	3
くあれじま	3
くわれーじま	3
くあんと	2
くらんと	2
くあー	1
くあーりあ	2
くぃあ	1
くいあ	1
くいうい	0
くいす	1
くいっきー	2
くいっくりー	2
くいってぃあお	4
くぃてぃお	0
くいてぃお	0
くえってぃお	2
くぃでぃっち	3
くいでぃっち	3
くぃぶらー	1
くいぶらー	1
くいら	1
くいるず	1
くいんた	2
くいんてっと	2
くいーにー	2
くうぃーにー	2
くぇいちょうふぃるむ	6
くえいちょうふぃるむ	6
くえすちょねやー	5
くえば	1
くえるきくす	4
くぇんがり	2
くえんがり	2
くうぇーかー	2
くぇーかー	2
くえいかー	2
くえーかー	2
くえーく	1
くぇーさー	2
くえーさー	2
くおいてぃお	2
くおたにうむ	4
くおどるぷる	4
くおみん	1
くおりあ	2
くぉりふぁい	2
くおりふぁい	2
くおりふぁいんぐ	4
くぉりい	1
くおりー	1
くおれ	1
くおれってぃ	3
くおん	1
くぉんたむ	2
くおんたむ	2
くおんつ	2
くおんてぃてぃー	2
くおんてぃふぁいあ	5
くおんてぃふぁいあー	5
くぉーく	2
くおーく	2
くぉーたりー	2
くおーたりー	2
くうぉーたーばっく	6
くおーたーばっく	6
くおーてっど	2
くぉーてーしょん	4
くおーてーしょん	4
こーてーしょん	3
くおーと	2
くきん	1
くくみしん	0
くくめりぬむ	4
くぐろふ	1
くさうろん	2
くさんとるふりゅす	6
くさーる	2
くしこす	1
くしふぃあす	3
くすぃふぃあす	3
くしふぉれな	3
くすぃふぉれな	3
くさとりあ	3
くしゃとりあ	3
くしゃとりや	3
くしゃな	1
くしゅ	1
くっそ	1
くちくら	2
くちゅりえ	2
くちゅーる	2
くっかばら	3
くっかばーら	4
くっかー	1
くつかー	1
くっくす	1
くっくそにあ	4
くっくぶっく	4
くっこ	1
くっしょにんぐ	0
くくす	1
くっすちぇんぱん	4
くっぱ	1
くてぃあ	1
くてん	1
くとぷら	0
くとらぐ	0
くどーどぉ	2
くどーどー	2
くないぺ	2
くにくり	0
くにじうむ	3
くにゃーじ	2
くねっけ	2
くねぷふら	3
くねーでる	2
くふぇあ	1
くぷら	1
くぷれそいです	4
くべば	1
くべーす	2
くまほす	2
くまらん	1
くまりん	1
くまろん	1
くみり	1
くむりぽ	0
くらいあー	2
くらいこさいろいど	7
くらいしす	2
くりしす	1
くらいすつ	2
くらいすとろん	5
くらいてりおん	4
くらいね	2
くらいまー	2
くらいむ	2
くらいむず	2
くらいめーと	4
くらいもぐらふ	5
くりもぐらふ	4
くらいんがるてなー	7
くらいんがるてん	5
くらいんぐ	0
くらうせな	3
くらうちんぐ	0
くらうでぃな	3
くらうでぃんぐ	0
くらうど	2
くらしこ	2
くらししずむ	4
くらしふぁい	2
くらしふぁいあー	4
くらっしふぁいやー	5
くらしふぃけーしょん	5
くらしーばや	3
くらしーゔぁや	3
くらすと	2
くらすぷ	2
くらすりん	0
くらするーむ	4
くらたえごめすぴるす	8
くらっき	2
くらっく	2
くらつく	2
くらっしゃー	2
くらったー	2
くらとん	1
くらどすぽりうむ	6
くらどりびん	0
くらにお	2
くらばっと	3
くらびあ	2
くらゔぃあ	2
くらびげら	3
くらゔぃげら	3
くらびこーど	4
くらゔぃこーど	4
くらびせぷす	4
くらびちぇんばろ	4
くらびつぃんばるむ	6
くらゔぃちぇんばろ	4
くらゔぃつぃんばるむ	6
くらびばくたー	4
くらびんぐ	0
ぐらびんぐ	0
くらびーあ	3
くらびーる	3
くらゔぃーあ	3
くらふぃてぃ	2
くらふてぃ	2
くらふてぃー	2
くらふとべるく	5
くらふとまん	4
くらふとまんしっぷ	7
くらぶさん	2
くらゔさん	2
くらぶはうす	4
くらぶりぬむ	4
くらゔりぬむ	4
くらべす	1
くらみどもなす	5
くらみゅす	1
くらみゅどてぃす	4
くららいあ	3
くらりおん	2
くらりて	2
くらりてぃ	2
くらりてぃー	2
くらりふぁいんぐ	4
くらりん	1
くらるき	2
くらるて	2
くられ	2
くらろーでぃえんす	3
くらんく	2
くらんくしゃふと	5
くらんくしやふと	5
くらんくはいと	5
くらんけ	2
くらんたすてぃっく	6
くらんつ	2
くらんぷ	2
くらんべりー	4
くらんぽん	2
くらーくず	2
くらーけん	2
くらーじゅ	2
くらーてる	2
くらーでぃあん	2
くらーとす	2
くらーべ	2
くらーれ	2
くりあねす	3
くりあらんす	2
くりえいてぃびてぃ	5
くりえーてぃびてぃー	5
くらいおすたっと	6
くりおすたっと	5
くりおね	0
くりおぷれしぴてーと	8
くりおめとりくす	6
くりおーりょ	3
くりくれ	0
くりこねま	3
くりこん	0
くりさんさす	3
くりさんせまむ	5
くりさんてまーと	6
くりしぇ	2
くりすたた	3
くりすたらいず	5
くりすたりん	0
くりすたるぐらびー	7
くりすちあにてぃー	5
くりすちゃにてぃ	4
くりすちゃにてぃー	4
くりすて	2
くりすとるふ	4
くりすぷ	2
くりそこめ	3
くりそこら	3
くりんそこら	4
くりそすたきあ	5
くりそぜふぃるす	5
くりそべりる	4
くりだなく	3
くりっかぶる	2
くりっと	2
くりっぴんぐ	2
くりてぃしずむ	4
くりてぃっく	3
くりなむ	2
くりにくむ	3
くりのめーた	4
くりのめーたー	4
くりのりん	0
くりのー	1
くりばく	0
くりゔぁく	0
くりぱる	1
くりびやっく	4
くりぶ	1
くりぷたんさす	4
くりぷとくらしー	5
くりぷとくろむ	5
くりぷとこっかす	5
くりぷとすぽりじうむ	8
くりぷとぴろるりあ	7
くりぷとぴろーる	6
くりまぐ	0
くりみなる	2
くりめいんず	3
くりめにあ	3
くりゅ	1
くりゅさえとす	3
くりゅさりどかるぷす	6
くりそがすてる	4
くりゅそがすてる	4
くりゅそぷす	3
くりゅっぺる	2
くりるたい	2
くりんか	2
くりんかー	2
くりんだまいしん	5
くりんちゃー	2
くりんぷ	2
くりーく	2
くりーくす	2
くりーぐしふぃーる	6
くりーぐすぴーる	6
くりーす	2
くりーぜ	2
くりーどう	2
くりーぷ	2
くりーみんぐ	2
くりーむど	2
くりーんなっぷ	5
くりーんねす	2
くるいん	2
くるが	1
くるきげる	3
くるくま	0
くるくりん	0
くるくーり	3
くるすて	0
くるずす	1
くるせいだー	3
くるせいだーず	3
くるせだー	3
くるせだーす	3
くるせだーず	3
くるた	1
くるっぷ	2
くるて	1
くるとぅす	1
くるとぅる	1
くるとぅーら	3
くるとん	1
くるばん	1
くるへ	1
くるべ	1
くるぺあ	0
くるほめーと	4
くるらほん	3
くるんき	2
くるんちぇ	2
くるーしぶる	2
くるーしゃる	2
くるーぜ	2
くるーなー	2
くるーぷ	2
くるーらー	2
くるーる	2
くれあたー	2
くれあちにん	4
くれあちん	0
くれあちゅーる	4
くれあとぅーる	4
くれあぷ	2
くれいふぃっしゅ	4
くれいもあ	4
くれおそーと	4
けれおそーと	4
くれおぱとらず	4
くれおめ	2
くりおーる	3
くれおる	2
くれおーる	3
くれか	1
くれさら	0
くれすた	2
くれすちん	2
くれずまてぃっく	5
くれずまてぃっくす	5
くれずまー	2
くれせんと	3
くれちん	1
くれせんど	3
くれっせんと	2
くれでぃびりてぃ	4
くれでぃびりてぃー	4
くれでんざ	3
くれでんしゃる	3
くれでんしやる	3
くれでんだ	3
くれとじむ	4
くれど	2
くれにお	0
くれぱす	2
くれびたん	2
くれぴでぃあすとるむ	7
くれぴーぬ	3
くれふ	1
くれふてぃい	2
くれぶしえら	4
くれぼぷりど	4
くれますちん	0
くれまちす	3
くれむり	2
くれめんたいん	5
くれりっく	3
くれれと	0
くれんざー	2
くれんず	2
くれんちんぐ	0
くれんぶてろーる	6
くれんめ	2
くれーと	0
くれーど	0
くれいどる	2
くれーどる	2
くれーまー	0
くれーるーきあ	4
くれーろす	2
くろあーか	3
くろいす	2
くろいすたー	2
くろいつ	2
くろきさぞらむ	4
くろきどぅら	3
くろこだいる	4
くろっこだいる	5
くろこでゅるす	4
くろこなぞーる	5
くろざぴん	0
くろしぇっと	3
くろしどらいと	5
くろしゃーる	3
くろしゅぽっしゅ	5
くろすおーば	4
くろすおーばー	4
くろすおーゔぁー	4
くろすてぃーに	4
くろすとりじうむ	6
くろすば	0
くろすばー	4
くろすぴぷらみん	6
くろすろーど	4
くろすわーど	4
くろせ	1
くろそいど	3
くろそぷてぃろん	5
くろたん	0
くろちあぜぱむ	4
くろちあぴん	4
くろっかす	2
くろーかす	2
くろっきー	2
くろっけー	2
くろさんどら	3
くろっさんどら	4
くろっしんぐ	2
くろっしんぐず	2
くろっち	2
くろっど	2
くろっぱー	2
くろっぱーず	2
くろっぷ	2
くろっぷと	2
くろっぷど	2
くろてっと	3
くろてっど	3
くろとなみど	4
くろとなーと	4
くろとん	2
くろなぜぱむ	4
くろにくる	2
くろにくるす	3
くろにじん	0
くろにたぜん	4
くろのぐらふ	4
くろのぐらふぉ	4
くろのてらぴー	4
くろのめーたー	4
くろのろじかる	4
くろのろじー	3
くろばざむ	3
くろぴどぐれる	4
くろぴどーる	4
くろふぇぞん	3
くろふえぞん	3
くろふぇだのーる	5
くろふえだのーる	5
くろふぇのたん	4
くろふてぃんぐ	0
くろぶちのーる	5
くろべたぞーる	5
くろまとぐらふ	0
くろまとぐらふぃー	5
くろまとぐらむ	5
くろまとろん	4
くろまにょん	3
くろまによん	3
くろみっく	3
くろみっど	3
くろみふぇん	2
くろみふえん	2
くろみぷらみん	5
くろもぐらふぃー	4
くろもぐりく	4
くろもみこーしす	5
くろらいど	3
くろりど	0
くろらぜぷ	3
くろらぜぺーと	5
くろらみん	0
くろらむふぇにこーる	7
くろらーる	3
くろりあん	2
くろるくろとにる	5
くろるじあぜぽきしど	7
くろるじめほるむ	6
くろるでん	2
くろるひどりん	4
くろろひどりん	4
くろるぴりほす	5
くろるぴりほすめちる	8
くろるふぇなぴる	4
くろるふえなぴる	4
くろるふぇにらみん	6
くろるふぇのきさみん	7
くろるふえのきさみん	7
くろるふるあずろん	6
くろるぷれなりん	0
くろるぷろぱみど	6
くろるぷろまじん	6
くろーるぷろまじん	7
くろるへきしじん	0
くろろへきしじん	6
くろるまじのん	4
くろれら	0
くろれんど	3
くろろあせとふぇのん	7
くろろえたん	4
くろろえちる	4
くろろきん	0
くろろしす	3
くろろじふるおろえたん	9
くろろじふるおろめたん	9
くろろじべんぞ	5
くろるておふぃりん	5
くろるておふいりん	5
くろろておふぃりん	6
くろろとりふるおろえちれん	10
くろろひどろ	4
くろるぴくりん	4
くろろぴくりん	4
くろろふぃらーぜ	5
くろろふぃりど	4
くろろふぃりん	4
くろろふいりん	4
くろろふぃる	4
くろろふぇのきし	5
くろろふえのきし	5
くろるふぇのちあじん	7
くろるふえのちあじん	7
くろろふぇのちあじん	7
くろろふるおろかーぼん	8
くろろふるおーるかーぼん	9
くろろふろろかーぼん	7
くろろぷらすと	4
くろろぷれん	4
くろろぷろぱん	4
くろろへぷたふるおろぷろぱん	12
くろろべんじりでんまろのにとりる	13
くろろべんじれーと	7
くろろべんぜん	4
くろろべんぞいみだぞーる	10
くろろべんついみだぞーる	10
くろろべんぞいる	6
くろろべんぞにとりる	7
くろろまいせちん	6
くろるめるくり	4
くろろめるくり	4
くろーく	2
くろーくるーむ	5
くろーさー	2
くろーざー	0
くろーしゅ	2
くろーじゃ	2
くろーじゃー	2
くろーぬす	2
くろーぶ	2
くろーゔ	2
くろーら	2
くろーりんぐ	0
くろーりー	2
くろーるかるき	5
くろーるするほん	5
くわいあ	2
くわいや	2
こわいや	2
くわいえっと	2
くうぁいと	2
くわいと	2
くわしおるこーる	6
くわちゃ	1
くわっががい	4
くあっど	2
くわっど	0
くわるく	2
くわれすま	3
くわれんて	3
くぁーきー	2
くあーきー	2
くわーきー	2
くんじょる	1
くんすてん	1
くんすと	1
くんだりにー	4
くんちっぷ	3
くんに	1
かにりんぐす	3
くんにりんぐす	4
くんばか	0
くんばはか	4
くんぱるしーた	5
くーかぶら	3
くーがー	1
くーげる	1
くーげんほふ	3
くーずー	1
くーとん	1
くーな	1
くーにゃん	1
くーばーど	3
くーふぁん	1
くーぷ	1
くーべるちゅーる	5
くーぽん	1
くーぽーん	3
くーらんと	3
くーりえ	1
くーりえん	1
くーりっしゅ	1
くーりー	1
くーろす	1
くーろわーる	4
ぐあうぐあう	4
ぐぁかもーれ	4
ぐあかもーれ	4
ぐあなこ	0
ぐあなべんず	4
ぐあにじの	3
ぐあにじのへきさのいるおきし	12
ぐあにじのべんぞあーと	9
ぐあにじん	3
ぐあにる	0
ぐあにるにとろさみのぐあにる	11
ぐあにん	1
ぐぁの	1
ぐあの	1
ぐあのしん	3
ぐぁば	2
ぐあば	2
ぐあやく	2
ぐあやこーる	4
ぐあやっく	3
ぐあゆーる	3
ぐあらちゃ	0
ぐあらに	2
がらに	1
ぐぁるだ	2
ぐあるだ	2
ぐあるど	2
ぐあんふぁしん	4
ぐあんふあしん	4
ぐある	1
ぐあー	1
ぐいろ	1
ぐえのん	2
げのん	1
ぐじぇ	1
ぐすはん	1
ぐすぺりむす	3
ぐずまにあ	3
ぐたとぅす	1
ぐたぺるか	3
ぐっくす	1
ぐっでー	1
ぐっどねす	1
ぐっぴー	1
ぐにえら	0
ぐのもん	1
ぐのーしす	2
ぐひやさまーじゃ	5
ぐぶうる	2
ぐべるなんと	4
ぐゔぇるなんと	4
ぐらいでぃんぐ	2
ぐらいんだ	0
ぐらいんだー	0
ぐらいんでぃんぐ	0
ぐらうぃっしも	3
ぐらうか	2
ぐらうが	2
ぐらうくす	3
ぐらうこふぃるむ	5
ぐらうこーま	4
ぐらうちんぐ	2
ぐらうと	2
ぐらうんだー	0
ぐらうんでっど	2
ぐらかん	1
ぐらきりす	3
ぐらころ	0
ぐらこん	0
ぐらしあす	2
ぐらしありす	3
ぐらしん	1
ぐらしー	1
ぐらじえんと	4
ぐらじゅありー	2
ぐらじゅえーしょん	4
ぐらすむく	3
ぐらそん	1
ぐらちえ	2
ぐらつぃえ	2
ぐらっそ	2
ぐらっちぇ	2
ぐらっちぇー	2
ぐらーちぇ	2
ぐらーつぃえ	2
ぐらっぱ	2
ぐらっぷ	2
ぐらっぷらー	2
ぐらっぷる	2
ぐらつぃおーそ	4
ぐらてぃね	0
ぐらでぃうす	3
ぐらでぃえいたー	4
ぐらでぃえーたー	4
ぐらでぃかる	2
ぐらでかる	2
ぐらでーしょなる	3
ぐらどる	1
ぐらな	1
ぐらなーた	3
ぐらなーて	3
ぐらにせとろん	6
ぐらにっと	3
ぐらにっろ	3
ぐらにて	2
ぐらにゅれーた	4
ぐらにーた	3
ぐらのら	3
ぐらのーら	3
ぐらびちぇんばろ	4
ぐらゔぃちぇんばろ	4
ぐらびちゅーぶ	4
ぐらゔぃちゅーぶ	4
ぐらびとん	3
ぐらびーる	3
ぐらふぁいと	3
ぐらふぁろい	2
ぐらふぃかる	2
ぐらふぃけーしょん	4
ぐらふぇにん	0
ぐらふえにん	0
ぐらふぉろじー	3
ぐらふと	2
ぐらぷとぎゅね	4
ぐらべっと	3
ぐらべと	0
ぐらゔぇっと	3
ぐらべる	1
ぐらぼ	0
ぐらまてぃからいぜーしょん	8
ぐらまらす	2
ぐらみあん	2
ぐらみん	1
ぐらめっくす	3
ぐらもふぉん	2
ぐらるぎん	0
ぐられおら	3
ぐらんしんぐ	0
ぐらんぜこーる	5
ぐらんだきしん	5
ぐらんだっど	4
ぐらんだむ	2
ぐらんでぃおーそ	5
ぐらんでぃこるるむ	6
ぐらんでぃふろーら	6
ぐらんでぃんぐ	0
ぐらんぴー	2
ぐらんま	2
ぐらーさ	2
ぐらーしゅ	2
ぐーらしゅ	1
ぐらーべ	2
ぐらーゔぇ	2
ぐらある	2
ぐらーる	2
ぐりあ	1
ぐりあじん	0
ぐりあそにあぬむ	6
ぐりお	1
ぐりおきさーる	5
ぐりおきしそーむ	6
ぐりおきしる	3
ぐりおーま	3
ぐりかん	1
ぐりくらじど	4
ぐりくろぴらみど	6
ぐりこあるぶみん	7
ぐりこさみのぐりかん	7
ぐりこしだーぜ	5
ぐりこしど	3
ぐりこしる	3
ぐりこぴろにうむ	6
ぐりこげん	3
ぐりこーげん	3
ぐりこーる	3
ぐりこるあみど	5
ぐりこーるあみど	6
ぐりざいゆ	3
ぐりしじる	3
ぐりしん	1
ぐりすべーん	4
ぐりずりー	2
ぐりずりーず	2
ぐりずる	1
ぐりせおふるびん	5
ぐりせみっく	3
ぐりせらいど	4
ぐりせりど	3
ぐりせりる	3
ぐりせりん	0
ぐりせるあるでひど	7
ぐりせろ	0
ぐりせろりん	0
ぐりせろーる	4
ぐりせーど	3
ぐりしるりじん	5
ぐりしるりちん	5
ぐりちるりちん	5
ぐりっさんど	2
ぐりっしーに	4
ぐりったー	2
ぐりっつ	2
ぐりっと	2
ぐりっぱ	2
ぐりっぱー	2
ぐりにっしゅ	3
ぐりぱにあ	0
ぐりふぃしあぬむ	5
ぐりふぃっしあなむ	6
ぐりふぉん	2
ぐりぶぞーる	4
ぐりぶな	0
ぐりぷとどん	4
ぐりべんくらみど	6
ぐりぺん	1
ぐりほさーと	4
ぐりぽてぃふぉーさ	5
ぐりまー	1
ぐりめ	1
ぐりめぴりど	4
ぐりや	1
ぐりゅいえーる	4
ぐりゅぷてみゅす	4
ぐりゅーね	2
ぐりるど	1
ぐりんと	2
ぐりーしー	2
ぐりーでぃー	2
ぐりーにんぐ	2
ぐりーふ	2
ぐりーむ	2
ぐるいん	2
ぐるかごん	0
ぐるかん	1
ぐるくろん	3
ぐるここるちこいど	7
ぐるこさみのぐりかん	7
ぐるこさみん	0
ぐるこしだーぜ	5
ぐるこしど	3
ぐるこしのれいと	6
ぐるこしのれーと	6
ぐるこせれぶろしだーぜ	9
ぐるこねーと	4
ぐるこの	0
ぐるこぴらのさと	6
ぐるこぴらのしど	6
ぐるこぴらのしる	6
ぐるこまんなん	4
ぐるこん	0
ぐるこーす	3
ぐるしとーる	4
ぐるたみっく	4
ぐるたみん	0
ぐるたる	1
ぐるたるあるでひど	7
ぐるたーるあるでひど	8
ぐるたろにとりる	5
ぐるだ	1
ぐるっちん	2
ぐるっぺん	2
ぐるてぃのーさ	4
ぐるてちみど	4
ぐるてにん	0
ぐるてりん	0
ぐるなしゅ	1
ぐるにえ	0
ぐるほしねーと	5
ぐるまん	1
ぐるーおん	2
ぐるーでぃんぐ	0
ぐるーびー	2
ぐるーぴぃ	2
ぐるーぴー	2
ぐるーまー	2
ぐるーみんぐ	2
ぐれあ	1
ぐれいぷにる	5
ぐれいる	2
ぐれいん	2
ぐれがりうむ	4
ぐれごりあーの	5
ぐれっち	2
ぐれなでん	3
ぐれねーど	3
ぐれみお	0
ぐれりん	1
ぐれんふぃでぃっく	4
ぐれーしゃー	2
ぐれいじんぐ	2
ぐれーじんぐ	2
ぐれーすふる	2
ぐれいず	2
ぐれーず	2
ぐれーだー	2
ぐれーてぃんぐ	0
ぐれーでぃっど	2
ぐれーでぃど	2
ぐれーばー	2
ぐれいび	2
ぐれいゔぃ	2
ぐれーびー	2
ぐれーび	2
ぐれーゔぃ	2
ぐれーぶねす	2
ぐろきしにあ	4
ぐろぐらん	2
ぐろしさん	2
ぐろぜいゆ	3
ぐろっぎー	2
ぐろっく	2
ぐろぎ	1
ぐろっぐ	2
ぐろっけん	2
ぐろっけんしゅぴーる	7
ぐろさりーず	2
ぐろっさり	2
ぐろっさりー	2
ぐろっさー	2
ぐろっしぃ	2
ぐろっしー	2
ぐろっそ	2
ぐろった	2
ぐろっと	2
ぐろったる	2
ぐろってぃす	2
ぐろっとぐらふ	5
ぐろばり	0
ぐろびげりな	4
ぐろびゅーる	3
ぐろびん	2
ぐろぶらりあ	4
ぐろぶりん	0
ぐろめらーた	4
ぐろりおーさ	4
ぐろわりーず	2
ぐろわー	2
ぐろういんぐ	0
ぐろーいんぐ	0
ぐろーからいざー	5
ぐろーさりー	2
ぐろーす	2
ぐろーばりすと	5
ぐろーばりずむ	5
ぐろーばらいぜーしょん	7
ぐろーばりーぜーしょん	7
ぐろーむす	2
ぐろーり	2
ぐろーりー	2
ぐんじゃーに	3
ぐんゆう	1
ぐーく	1
ぐーくす	1
ぐすべりー	1
ぐずべりー	1
ぐーたん	1
ぐーつへるしゃふと	6
ぐーてん	1
ぐーにー	1
ぐーにーず	1
ぐーらっしゅ	1
ぐーらーしゅ	3
ぐーらみ	1
ぐーる	1
けあびくす	3
けあまね	0
けあれす	1
けいじゃん	1
けいでんす	1
けいぱー	1
けっぱー	1
けーぱー	1
けいろとぬす	4
けいじあん	1
けいんじあん	2
けうえん	1
けぐらー	1
けさぱさ	0
けさらんぱさらん	5
けせらんぱさらん	5
くえすた	2
けすた	1
けそ	1
けたぞらむ	3
けたみん	1
けたらーる	3
けちゃ	1
けちゃっく	1
けっじんぐ	0
けっち	1
けつぁーる	2
けてん	1
けと	1
けとあしどーしす	5
けとあみん	0
けとぅぱ	1
けとこなぞーる	5
けとすてろいど	5
けとちふぇん	3
けとふぇにるぶたぞん	7
けとふえにるぶたぞん	7
けとぷろふぇん	4
けとぷろふえん	4
けとべみどん	4
けとる	1
けとん	1
けとーしす	2
けとーす	2
けなこると	3
けなふ	1
けのでおきしこーる	7
けのとろん	3
けぴ	1
けふな	1
けふれんしー	3
けぶらちょ	0
けぶらー	1
けゔらー	1
けまんちょ	0
けみぐらんど	4
けみこん	0
けみすとり	2
けみー	1
けもかいん	3
けもたいぷ	3
げら	0
けらくす	1
けらぐえん	3
けらすとりな	4
けらたん	1
けらちなーぜ	4
けらとさうるす	4
けらとてりうむ	5
けらとぷす	3
けらまえ	2
けらー	1
けりぽと	0
けりゅぐま	2
けりゅどら	0
けりーむ	2
けるこけぶす	4
けるず	1
けるせちん	0
けるてぃっく	1
けるなっく	3
けるにっひ	3
けるびむ	1
けるぴー	1
けるぶす	1
けるゔす	1
けるぷ	1
けれん	1
けれー	1
けろしん	2
けろちん	1
けんがり	0
けんそる	1
けんとらりす	4
けんとろさうるす	5
けねる	1
けんねる	1
けんぱす	1
けーしんぐ	1
けーすわーかー	4
けーすわーく	4
けーず	1
けーそん	1
けーたりんぐ	0
けーな	1
けいばー	1
けーばー	1
けーぱびりてぃー	4
けいぱびりてぃ	4
けーびんぐ	0
けーぷ	1
げいなー	1
げいろーど	3
げいん	1
げおくれみゅす	4
げおとりかむ	3
げおふろいい	4
げおぷしたくす	5
げおぷすぃたくす	5
げおぽりてぃーく	5
げおめとりくす	4
げおるぎくす	4
げざがーど	3
げざのん	1
げざぷりむ	3
げしぇー	1
げしゅたると	3
げしゅとっぷ	3
げしゅとっぷふと	3
げすとはうす	4
げぜるしゃふと	4
げたっぷ	2
げっちゅ	1
げっつー	3
げにうす	1
げねぷろ	0
げねらるぱうぜ	5
げのっせんしゃふと	6
げのみくす	3
げのみっく	1
げのみっくす	3
じぇのみくす	3
げばんとはうす	5
げゔぁんとはうす	5
げばーくと	2
げゔぁーくと	2
げふぇるりひ	4
げふゅーる	2
げぶーすと	2
げゔーすと	2
げへな	1
げべるつとらみねーる	8
げゔぇるつとらみねーる	8
げべーる	2
げまいんしゃふと	5
げまいんで	2
げまら	1
げみなた	0
げみゅーと	2
げみゅーとりひ	5
げむしたびん	0
げむつずまぶ	4
げめぷろすと	4
げらちねー	2
げらにおーる	4
げらにる	1
げりまんだー	3
げるせみん	0
げるぜみん	0
げるでぃ	1
げるでぃー	1
げると	1
げるふ	1
げるまにすてぃく	4
げるまにすと	4
げるまん	1
ぜるまん	1
げろっぱ	2
げろんがん	2
げんたまいしん	4
げんちあな	3
げーじんぐ	0
げーてっど	1
げーときーぱー	4
げーとる	0
げーぶる	1
げいぶるす	1
げいぶるず	1
げーぶるず	1
げーまー	0
げーみんぐ	0
げーらっくす	3
げーる	1
げえろつく	3
げーろっく	3
げーんはんれー	4
こあきしある	3
こあきしゃる	3
こあぐれーた	4
こあぐれーたー	4
こあせるべーと	5
こいあ	1
こいや	1
こいか	1
こいたす	1
こいねー	1
こぃぷす	1
こいぷす	1
こいべんしす	3
こいべんすぃす	3
こいらー	1
こうびるど	3
こーびるど	3
こうふぉーげい	3
こえらるぃば	4
こえらるいば	4
こえるろさうるす	5
こえろふぃしす	4
こえんどろ	2
こおかれんす	2
こーおかーれんす	4
こおぺれーしょん	4
こかりど	2
こかるど	2
こきな	1
こきゅ	1
こきゅあーじゅ	3
こきー	1
こきーゆ	2
こきーる	2
こぎたちお	3
こぎと	1
こくい	1
こくしじうむ	4
こくりこ	0
こくれあつむ	4
こくろでぃにうむ	5
こくろでいにうむ	6
こくーん	2
こぐなとぅす	3
こぐにざんす	4
こぐにしょん	3
こぐにっしょん	3
こぐにてぃぶ	2
こけっと	2
こけっとりー	2
ここいる	2
ここっと	2
ここんご	2
こしぽ	1
こしゃり	1
こじぇねれーしょん	4
こーじぇねれーしょん	5
こすたりけんしす	5
こすたりけんすぃす	5
こすでこ	0
こすとぅす	1
こすぱふぉ	0
こすぷれいやー	4
こすぽもりたにずむ	7
こすみっく	3
こすめげん	3
こすめちっく	4
こすめちっくす	4
こすめてぃくす	4
こすめてぃっく	4
こすめてぃっくす	4
こずめちつく	4
こすめでぃくす	3
こすもしん	3
こすもぽりたん	4
こすもろじー	3
こずみっく	1
こせかんと	2
こそかん	0
こたるにん	0
こたんじぇんと	2
こちねれ	0
こちろさうるす	4
こっかー	1
こっきんぐ	0
こっくす	1
こっくすず	1
こくにー	1
こっくに	1
こっくにー	1
こくろーち	3
こっくろーち	4
こっころば	3
こったぼす	3
こったー	1
こっつぉん	1
こっぱ	1
こっぴー	1
こっへる	1
こっふぇる	1
こでいん	2
こでっくす	2
ことぅるにこぷす	5
ことねあすたー	4
こどなんて	3
こどりん	1
こどん	1
こなべーしょん	3
こなーべーしょん	4
こにうむ	2
こにかる	1
こにさー	1
こにさーず	1
こにふぁー	1
こにーで	2
こねくしょにずむ	5
こねくてぃぶ	2
こねくちんぐ	2
こねくてぃんぐ	2
こねくてっど	2
このてーしょん	3
このときしん	4
こぱいば	2
こひーら	2
こひーらー	2
こひーれんしー	4
こーひーれんしー	5
こひーれんす	2
こぴんぬ	2
こぴーらいと	4
こふぁだむ	1
こふあだむ	1
こふぃん	1
こふた	1
こふれ	1
こぶら	1
こぶらー	1
こぷちゃい	1
こぷちゃんくい	3
こぷと	1
こぷら	1
こぴゅら	1
こぷらなー	3
こぷろぽるふぃりん	0
こぷろぽるふいりん	0
こぷろらりー	4
こべあ	1
こべなんつ	1
こべなんと	1
こぺいな	2
こぺぽーだ	3
こぺると	2
こほっしゅ	1
こぼると	2
こまぷすむにだ	0
こまぷすむにだー	0
こまんだー	0
こんまんだー	3
こまーしゃりずむ	5
こみけ	1
こみせん	0
こみっさーる	4
こみっしょなー	2
こみってっど	2
こみてぃあ	2
こみによん	2
こみゅてーたー	3
こみゅんてーた	4
こみゅなりずむ	4
こみゅなりてぃー	3
こみゅなる	1
こみゅにけーた	4
こみゅにけーてぃんぐ	4
こみゅにすと	3
こむにすと	3
こむむにすと	4
こんみゅにすと	4
こみゅにすむ	3
こみゅにずむ	3
こみゅにたす	2
こみゅにたりあにずむ	7
こみゅにたりあん	4
こみゅーたー	2
こみゅーん	2
こんみうん	1
こんみゅん	1
こむさ	1
こむそもーる	4
こむたん	1
こむねーろす	3
こむらー	1
こむーね	2
こめっつ	1
こんめでぃあ	3
こんめーでぃあ	3
こめでぃかる	2
こめれす	1
こめんたり	2
こめんたりー	2
こめんだとーれ	5
こもでぃてぃ	2
こもでぃてぃー	2
こものまー	2
こもんうぇるす	4
こもんず	1
こよーて	2
こらきな	0
こらくす	1
こらげ	1
こらげな	0
こらげなーぜ	4
こらげにすと	4
こらそん	1
こらっと	2
こらてらいずど	4
こらてらる	3
こらぷしょん	2
こらぷす	1
こらぼれーと	4
こらる	1
こらん	1
こらんだむ	2
こらんちる	2
こらーげん	2
こらーだ	2
こらーと	2
こりあんだー	3
こりえ	1
こりえーれ	3
こりおぐらふぁー	4
これおぐらふぁー	4
こりおじぇにん	0
こりおん	1
こりしうむ	3
こりじょん	2
こりすちん	0
こりっく	1
こりてぃす	1
こーらいたす	3
こりでーる	3
こりどらす	3
こりどー	1
こりぬす	1
こりふぁんた	3
こりゅふぁんた	3
こりめーたー	3
こりめーと	3
こりゅるす	1
こりれーしょん	3
こりん	1
こりんえすてらーぜ	7
こるうす	1
こるげーてっど	3
こるじりね	3
こるせあ	0
こるそ	1
こるたーる	3
こるだ	1
こるだいてす	3
こるち	1
こるちかむ	3
こるちこいど	4
こるちこすてろいど	7
こるちことろぴん	0
こるちこれりん	5
こるちぞーる	4
こるどん	1
こるにしょん	3
こるにっしゅ	1
こるにっしょん	3
こるにーちぇ	3
こるぬ	1
こるぬとぅす	3
こるね	1
こるねっと	3
こるひくむ	3
こるちしん	0
こるひちん	0
こるびーな	3
こるゔぃーな	3
こるばす	1
こるぶす	1
こるゔす	1
こるゔぇっと	3
こるべっと	3
こるべん	1
こるほるしん	4
こるほーず	3
こるぽ	1
こるぽすこーぷ	5
こるぽるたあじゅ	5
こるぽるたあじゆ	5
こるぽるたーじゅ	5
こるま	1
こるむねあ	3
こるりっぷくっ	5
こるれす	1
こるん	1
こりうす	2
これうす	2
これおぷしす	3
これおぷすぃす	3
これかるしふぇろーる	7
これぎうむ	3
こーれぎうむ	4
これくちゅーる	4
これくてぃびずむ	5
これくてぃんぐ	2
これくとぅーる	4
これじお	0
これじよ	0
これっじょ	2
これすたとりえん	5
これすてりん	0
これすてろーる	5
こるれすぽんでんす	5
これすぽんでんす	4
これすぽんでんと	4
これすぽんど	4
これととりくむ	4
これひお	0
これら	1
これらえすいす	5
これー	1
これーたー	2
ころいだる	2
ころきあむ	2
ころきうむ	3
ころきゅある	2
ころくる	1
ころけーしょん	3
ころせうむ	3
ころっせうむ	4
ころしんと	3
ころじおん	2
ころぞ	1
ころたいぷ	3
ころっせお	2
ころとみー	2
ころなりあ	3
ころなる	1
ころなーとぅす	3
ころにーへーぶ	5
ころにーへーべ	5
ころぬす	1
ころね	1
ころねーしょん	3
ころねーど	3
ころのすこぴー	4
ころぶす	1
ころぼりー	2
ころらちゅら	3
ころらとぅーら	4
ころらびす	3
ころれい	0
こわにー	1
こんかちねーしょん	5
こんかなばりん	5
こんかー	1
こんが	1
こんきすたどーる	6
こんきりえ	3
こんくえ	0
こんくっす	3
こんくらーべ	4
こんくりゅーしょん	4
こんくるーしょん	4
こんくるーじょん	4
こんぐっくす	3
こんぐらちゅれーしょん	6
こんぐらっちゅれーしょんず	7
こんぐらっちれーしょん	7
こんぐりしにん	5
こんくれげーしょなりすつ	8
こんぐれげーしょなりすと	9
こんぐれげーしょなる	5
こんぐれす	1
こんこるだーと	5
こんころる	3
こんころーる	4
こんこるだんす	3
こんこーだんす	3
こんさば	0
こんさゔぁ	0
こんせるばちずむ	6
こんせるわちずむ	6
こんさばたー	3
こんさべーたー	4
こんさゔぁたー	3
こんさまとりー	3
こんさるたてぃぶ	3
こんさるてぇいてぃぶ	7
こんさるてーいてぃぶ	7
こんさるたんてぃんぐ	5
こんさんぐいにて	6
こんさーてぃーな	5
こんさーん	3
こんしぇるじぇ	3
こんしぇるじゅ	3
こんしすてんしー	5
こんしすてんす	3
こんしすと	3
こんしだれーしょん	5
こんしゃす	1
こんしゃすねす	3
こんしゃんす	3
こんせんす	3
こんしゅーまりずむ	6
こんしゅまー	3
こんしゅーま	3
こんしゅーまー	3
こんしらー	3
こんしーら	3
こーんしーらー	4
こんじゃんくしょん	3
こんゆんくちお	5
こんじゃんくてぃぶ	3
こんじゅげーと	4
こんじょいんと	3
こんじろーま	4
こんじろーむ	4
こんすたんたん	4
こんすてぃちゅーしょなる	5
こんすてぃちゅーしょん	5
こんすてれーしょん	5
こんすと	0
こんすとらくしょん	5
こんすとらくちよん	5
こんすとらくた	5
こんすとらくたー	5
こんすとらくたーず	5
こんすとらくてぃびすと	8
こんすとらくてぃびずむ	8
こんすとらくと	5
こんすとりくしょん	5
こんすとるーある	5
こんすとれいんつ	5
こんすとれいんど	5
こんすぴらしー	4
こんすぺしふぃっく	5
こんすぺっしふぃっく	6
こんすりすと	4
こんしゅる	1
こんしゆる	1
こんする	1
こんすーも	3
こんずらんご	4
こんせっしょん	3
こんぜっしうん	3
こんぜつしうん	3
こんせっと	3
こんせぷしょん	3
こんせぷちゅある	3
こんせらん	3
こんせるとへぼう	6
こんせるとへぼー	6
こんせるばとあーる	7
こんせるばとりうむ	7
こんせるばとわーる	7
こんせるばとーりお	6
こんせるゔぁとりうむ	7
こんせるゔぁとわーる	7
こんせるゔぁとーりお	6
こんせんとりっく	6
こんせんとれーしょん	6
こんせんとれーた	6
こんせんとれーたー	6
こんせんとれーと	6
こんせいゆ	3
こんせーゆ	3
こんそぶりぬす	4
こんそるて	3
こんそーしあむ	3
こんそーと	3
こんそる	1
こんそーる	3
こんたぎうむ	4
こんたぎおん	3
こんたみ	0
こんたみねーしょん	5
こんたんぽらん	3
こんとんぽらん	3
こんたー	1
こんとあー	1
こんだくしょん	3
こんだくたんす	3
こんだくたー	3
こんだくと	3
こんちぇる	1
こんちぇるてぃーの	5
こんちぇると	1
こんつぇると	1
こんちねんたる	4
こんちゃお	1
こんちりさん	0
こんちん	0
こんつぇるん	1
こんてぃにゅあんと	3
こんてぃにゅあ	3
こんてぃにゅいてぃ	4
こんてぃんじぇんしー	5
こんてぃんじぇんと	3
こんてなりぜーしょん	6
こんてんしょん	3
こんてんだー	3
こんてんだーず	3
こむてむぷらーしうん	6
こんてんぷれーしょん	6
こんでぃくてぃお	4
こんでぃしょなりてぃ	5
こんでぃしょなりてぃー	5
こんでぃしょな	3
こんでぃしょなー	3
こんでいしよなー	3
こんでしょなー	3
こんでぃしょにんぐ	3
こんでしょにんぐ	3
こんでぃめんと	1
こんでんせーしょん	5
こんでんせーと	5
こんとぅーる	3
こんとらくたー	4
こんとらくと	4
こんとらでぃくしょん	5
こんとらばしすと	6
こんとらふぁごっと	5
こんとらぷんくと	5
こんとらぽすと	5
こんとらると	4
こんとりびゅーた	5
こんとりびゅーたー	5
こんとりびゅーと	5
こんどらいと	4
こんどりおぞーむ	6
こんどる	1
こんどるず	1
こんどろいちん	4
こんどろひえらくす	7
こんなむる	3
こんのれ	0
こんばいんど	3
こんばっと	1
こんばーじょん	3
こんばーちぶる	3
こんばーてぃぶる	3
こんぱいらー	3
こんぱくとねす	1
こんぱち	0
こんぱちびりてぃ	5
こんぱちびりてぃー	5
こんぱちぶる	3
こんぱっしょん	3
こんぱてぃびりてぃー	5
こんぱにぇらす	5
こんぱにぇろす	5
こんぱにえらす	5
こんぱにえろす	5
こんぱにや	3
こんぱね	0
こむぺれーちう	4
こんぱらてぃぶ	4
こんぱる	1
こんぱれちあ	4
こんぱれーたー	4
こんばーとめんと	3
こんぱーとめんと	3
こんぱーな	3
こんひさん	0
こんびなとりある	5
こんびねぞん	4
こんびびありて	5
こんびびありてぃー	5
こんゔぃゔぃありて	5
こんぴたんし	4
こんぴたんしー	4
こんぴてんしー	4
こんぴゅてーしょん	4
こんぴゅーたりぜーしょん	7
こんぴゅーとぴあ	5
こんぴれいしょん	4
こんぴれーしょん	4
こんふぁめーしょん	4
こんふぁー	1
こんふぃぎゅれーしょん	5
こんふぃぐれーしょん	5
こんふぃずりー	3
こんふぃちゅーる	4
こんふぃでんしゃる	4
こんふぃるたりんぐ	0
こんふぇいと	3
こんふぇくしょなりー	3
こんふぇくと	3
こんふぇっしょん	3
こんふぇで	0
こんふぇでれーしょん	5
こんふぇでれーしょんず	5
こんふぇでれーと	5
こんふぉめーしょん	4
こんふぉるみすと	5
こんふぉるみすむ	5
こんふぉーた	3
こんふぉーたー	3
かんふぉーつ	3
かんふぉーと	3
こんふぉーと	3
こんふぉーる	3
こんふゅーじょん	3
こんふりくと	4
こんぷそぐなとぅす	6
こんぷらどーる	5
こんぷりけいてぃっど	5
こんぷりけーてぃっど	5
こんぷりけーてっど	5
こんぷりへんしぶ	5
こんぷりへんしょん	5
こんぷりめんて	5
こんぷりめんと	3
こんぷりっしょん	4
こんぷりーしょん	4
こんぷりーてぃっど	4
こんぷれきしてぃ	5
こんぷれきしてぃー	6
こんぷれくしてぃ	5
こんぷれす	3
こんぷれっさ	4
こんぷれっさー	4
こんぷれいん	4
こんぷれーん	4
こんぷろみー	4
こんへすちおん	4
こんへそる	3
こんべくしょん	3
こんべんしょなりずむ	7
こんべんしょん	3
こんゔぇんしょん	3
こんぺ	1
こんぺあー	3
こんぺいとう	0
こんぺいとー	0
こんぺーと	0
こんぺてぃしょん	3
こんぺてぃたー	3
こんぺんせいしょん	5
こんぺんせいしよん	5
こんぼ	1
こんぼい	3
こんぼりゅーしょん	4
こんぼるーしょん	4
こんぽじしょん	4
こんぽすと	3
こんぽーざー	3
こんぽーざーず	3
こんます	0
こんみゅーん	3
こめんたーる	4
こんめんたーる	5
こんもーと	3
こーかしあん	3
こーかす	1
こーかそいど	4
こーしょん	1
こーじぇね	0
こーすたる	1
こーすと	1
こーずまいと	4
こーちか	0
こるちぞん	3
こーちぞん	3
こーちぞーる	4
こーちゃー	1
こーちゃーず	1
こーでぃねーてぃんぐ	4
こーでっく	1
こーでっくす	3
こーでゅら	1
こーどうぇいなー	4
こーどうぇいなーず	4
こーどばん	0
こーどぶっく	4
こーどれす	1
こーどれーん	4
こーにす	1
こーぬすくろーね	6
こーはうす	3
こばりあんす	2
こーばりあんす	3
こぱる	1
こーぱる	1
こーぴんぐ	0
こーぽくらしー	5
こーぽらす	1
こーぽらてぃずむ	5
こーおぺらてぃぶ	5
こーぽらてぃぶ	3
こーぽりまー	3
こーぽれーてっど	4
こーぽれーと	4
こーま	1
こーみっしぇ	3
こーみんぐ	0
こりにあ	2
こーりにあ	3
こうりゃん	1
こうりやん	1
こーりんぐ	1
こーるすろー	5
こーるてん	0
こーるどろん	4
こーるゆーぶんげん	6
こーるらび	1
こーれっせんす	3
こーれる	1
こーれるどろー	5
こーんこぶ	1
こーんすたーち	5
こーんふれーく	5
こーんふれーくす	5
こーんみーる	4
ごあてっくす	3
ごいぇすかす	3
ごいえすかす	3
ごいすて	1
ごいむ	1
ごうるでぃあえ	4
ごしぽーる	3
ごすだるすとぶのい	7
ごすぺらー	1
ごすぺらーず	1
ごすぺる	1
ごすぺるす	1
ごせれりん	0
ごちぇっと	1
ごっどせふぃあな	4
ごっどふぁーざー	4
ごでちあ	2
ごどまなえ	3
ごなどとろぴん	4
ごぶりん	1
ごぶる	1
ごまーじゅ	2
ごめさ	1
ごめにあん	2
ごりゅとす	1
ごるごさうるす	4
ごるじゅ	1
ごるだ	1
ごるぶすか	3
ぐれいろ	2
ごれいろ	2
ごれむ	1
ごろふくれん	4
ごろわーず	1
ごーぐる	1
ごーじ	1
ごーじっと	1
ごーびゃう	1
ごーふらーじゅ	4
ごーふる	1
ごーりすむ	3
ごーるきーぱー	4
ごーるてんでぃんぐ	4
ごーるぽすと	4
さあい	1
さあや	1
さいあないと	4
さいあみーず	4
さいえんてぃすつ	5
さいえんてぃすと	5
さいおん	1
さいかー	1
さいきす	1
さいきっく	3
さいきっくす	3
さいきんぐ	3
さいくりすと	4
さいくりっく	0
さいくりん	1
さいくろいど	4
さいくろすぽりん	6
さいくろせりん	5
さいくろてぃーん	5
さいくろとろん	5
さいくろぴーん	5
さいけでりくす	5
さいけでりっくす	5
さいこおんころじー	6
さいこきねしす	5
さいこぐらふ	4
さいこせらぴすと	6
さいこせらぴー	5
さいこどらま	4
さいこみゅ	0
さいこめとりか	5
さいこめとりっく	6
さいころじかりー	4
さいころじすと	5
さいころじー	3
さいざる	1
さいざー	1
さいじんぐ	1
さいすこーぷ	4
さいすぽ	0
さいちおあーと	5
さいてーしょん	3
さいとかいにん	4
さいとかいん	4
さいとさーる	4
さいとぞる	4
さいとときしん	4
さいとめがろ	4
さいとめがろうぃるす	6
さいどあうと	4
さいどすりっぷ	5
さいどすりつぷ	5
さいどわいんだー	5
さいなす	1
さいなー	1
さいのしゅあー	4
さいばねてぃくす	5
さいばねてぃっく	4
さいばねてぃっくす	5
さいふぁー	1
さいふぁ	1
さいぷれす	1
さいぼーぐ	3
さいまる	0
さいまるきゃすと	5
さいまるてにあす	5
さいまるてーにあす	5
さいらとろん	4
さいりうむ	3
さいりすた	3
さいれんさー	3
さいれんす	1
さいれんと	1
さいれーじ	1
さいろ	1
さうざんす	1
さうざんど	1
さうだーじ	3
さうだーぢ	3
さうにすと	3
さうるるす	3
さうるおるにといです	7
さうろるにといです	6
さうろろふす	4
さうんがう	2
さうんだ	0
さうんだー	0
さうんでぃんぐ	0
さうんどすけーぷ	6
さからた	2
さきしときしん	5
さきそふぉん	3
さきそほん	3
さきそほーん	4
さくそふぉん	3
さくそふぉーん	3
さくそほん	3
さきそん	1
さきなびる	3
さきゃ	1
さきゅばす	1
さくさてぃりす	4
さくしぞん	3
さくしにるこりん	6
さくしなーと	4
さくしねーと	4
さくしょん	1
さくしん	1
さくすほるん	4
さくせっさー	3
さくそるん	2
さくらめんと	4
さくらる	1
さくりふぁいす	4
さくれくーる	4
さぐらだ	0
さぐれい	1
さけっと	1
さご	1
ささん	0
さざなー	1
さじぇすしょん	2
さじぇすちょん	2
さぜすちょん	2
さぜっしょん	2
さじぇすてぃぶ	2
さじたる	1
さすつるぎ	3
さすてぃなびりてぃ	5
さすていなびりてぃ	6
さすていなびりてぃー	6
さすてなびりてぃ	5
さすてぃーん	3
さすていん	3
さすてんしょん	3
さすぺくつ	3
さすぺんだー	3
さすぺんでっど	3
さすぺんど	3
さたーんばあろ	2
さだる	1
さちゅれーしょん	3
さちゅろす	1
さてゅろす	1
さっかや	1
さっからーぜ	4
さっかりめーたー	5
さっかりん	0
さつかりん	0
さっかろみせす	5
さっかろーす	4
さっくりんぐ	0
さっさふらす	4
さっしゅ	1
さったば	0
さっちぇ	1
さっちゃりずむ	4
さっとば	0
さっとゔぁ	0
さっとま	0
さっず	0
さっど	1
さっふぃずむ	3
さふぃずむ	2
さてぃあん	1
さてぃすふぁいど	2
さてぃすふぁくしょん	4
さてぃば	1
さてぃゔぁ	1
さてぃぶむ	1
さてぃゔむ	1
さてぃやーぐらは	6
さてぃりうむ	3
さてかんぴん	3
さじすと	2
さぢすと	2
さでぃすと	2
さじすむす	3
さぢすむす	3
さでぃずむ	2
さとぅるなりあ	4
さっとびっく	3
さとびっく	3
さとらっぷ	3
さどぅー	1
さなとりあ	3
さなとりうむ	4
さなとりゅーむ	4
さなとろじー	3
さにたりー	1
さにてぃ	1
さにてぃしょん	3
さにるぶじん	4
さばいばりすと	5
さゔぁいゔぁりすと	5
さばいばー	2
さゔぁいゔぁー	2
さばげ	0
さばげー	0
さばてぃかる	2
さばーてぃかる	2
さばと	1
さばらん	1
さばるたん	2
さばん	1
さばな	1
さばんな	2
さゔぁんな	2
さばーい	2
さばーばん	2
さばーぶ	2
さぱてあーど	4
さぱてぃすた	3
さぱー	1
さひぶ	1
さひーふ	2
さびあん	1
さびな	1
さびろい	1
さふ	0
さふぃしぇんしー	3
さふぃっくす	2
さふぃにあ	0
さふらじぇっと	4
さふらじすと	4
さふらにん	0
さふらわー	3
さぶあせんぶり	4
さぶあせんぶりー	4
さぶいんたーん	5
さぶうぇー	1
さぶかる	0
さぶかるちゃー	3
さぶきゃりあ	3
さぶきゃりや	3
さぶこみってぃ	4
さぶこみってぃー	4
さぶこん	0
さぶさーふぇーす	5
さぶしすてんす	3
さぶしーくえんす	3
さぶしーけんす	3
さぶじぇ	1
さぶじぇくてぃぶ	3
さぶすくらいぶ	5
さぶすくりぷしょん	5
さぶすたんす	1
さぶすてぃちゅーしょん	5
さぶすぺしーす	5
さぶせっと	3
さちらいしん	3
さぶちりしん	0
さぶとらくしょん	4
さぶとらくと	4
さぶねっと	3
さぶねてぃっと	3
さぶふぉーむ	3
さぶふれーむ	4
さぶぷらいむ	4
さぶまりん	3
さぶまーじょん	3
さぶみっと	3
さぶゆにっと	4
さぶゆにつと	4
さぶらいみてぃー	4
さぶらいむ	3
さぶるーちん	3
さぶるーてぃん	3
さぶれ	1
さぶれー	1
さぷらいず	3
さぷりかんと	4
さぷれっさ	3
さぷれっさー	3
さぷれっしょん	3
さぷーる	2
さへる	1
さべーじ	2
さぺり	1
さぼたーじ	3
さぽじら	2
さぽせん	0
さぽて	1
さぽなりあ	3
さぽにん	2
さぽねりあ	0
さぽれんしす	3
さぽれんすぃす	3
さまそに	0
さまな	1
さまらいず	1
さまらいぜーしょん	5
さまりうむ	3
さまんばや	2
さみずだーと	4
さみっつ	1
さみんぐ	1
さむぎょぷさる	3
さむげたん	3
さむさ	1
さむさら	0
さむしゅー	1
さむしんぐ	1
さむじゃん	1
さむどら	0
さむねいる	3
さむねーる	3
さむぷれいす	4
さむぷれーす	4
さむるのり	3
さめーしょん	2
さもさ	1
さもわーる	3
さやん	1
さやんげ	2
さるらけにあ	4
さらせみあ	3
さらぞぴりん	0
さらたい	1
さらばんど	3
さらふぁん	1
さらふぃー	1
さらまんだー	3
さらゆ	1
さらりえ	2
さらる	1
さらーと	2
さらーむ	2
さりか	1
さりしん	1
さりす	1
さりちおん	3
さりちる	1
さるちる	1
さりっくす	2
さりどまいど	4
さりわ	1
さるこいど	3
さるこいどーしす	5
さるこしん	0
さるこめあ	3
さるさ	1
さるさぱりあ	4
さるさぱりら	4
さるしふぁい	2
さるすてぃあーな	5
さるせん	1
さーせん	0
さるたさうるす	4
さるたど	0
さるたーど	3
さるだ	1
さるだーな	3
さるてぃんぼっか	5
さるでぃうす	3
さるでぃおん	2
さるでぃな	0
さるでぃねるら	4
さるでぃのぷす	4
さるとりあ	3
さるばるさん	0
さるぱ	1
さるびあ	0
さるびのりん	4
さるぴこん	2
さるふぁ	1
さるふぇいと	3
さるふぇーと	3
さるふえいと	3
するふぁーと	3
するふぇいと	3
するふえいと	3
そるふぇーと	3
さるぶたもーる	5
さるべってぃー	3
さるぺとりえーる	6
さるぼだや	3
さるぼーだや	3
さるぽぐれらーと	6
さるめてろーる	5
さるもいです	3
さるーき	2
さるーて	2
さるーで	2
さるーん	2
されかっと	3
されっぷ	2
されんだー	2
さろす	1
さろっど	2
さろぺっと	3
さろーね	2
さわでぃー	1
さわー	1
さわーさっぷ	4
さわーどぅ	2
さわーひりー	4
さんくしょん	1
さんくすぎびんぐ	5
さんくちゅありー	4
さんくとぅす	1
さんくん	0
さんぐらは	3
さんぐりあ	3
さんぐん	0
さんしぇん	0
さんしえん	0
さんしっ	3
さんしっく	3
さんしや	0
さんじにあ	0
さんずぃにあ	0
さんすきりっと	5
さんすくりっと	5
さんすくりつと	5
さんすべりあ	4
さんすーし	3
さんすーしー	3
さんせっと	3
さんせべりあ	4
さんたる	1
さんたん	1
さんたんじぇろ	3
さんたんどれ	3
さんたんどれあ	5
さんだーばーど	5
さんだーぼると	5
さんちゅ	1
さんちゅーる	3
さんつぁい	0
さんて	1
さんてぃっしま	3
さんてぃやんと	4
さんててぃすむ	4
さんじかりすと	5
さんでぃかりすと	5
さんじかりすむ	5
さんじかりずむ	5
さんでぃかりすむ	5
さんでぃかりずむ	5
さんでぃんぐ	0
さんでる	1
さんとぅーる	3
さんとら	0
さんとりな	3
さんとる	1
さんとーる	3
さんどばっぐ	4
さんどれす	3
さんにお	1
さんにゃーしー	3
さんばいの	3
さんばる	1
さんばー	1
さんぱてぃっく	4
さんぱー	1
さんびすと	3
さんぴえとろ	3
さんふぁ	1
さんふぃっしゅ	3
さんふらわー	4
さんぶれら	3
さんぷしょん	1
さんぼりすと	4
さんぼりすむ	4
さんぽーにゃ	3
さんまー	1
さんらーたん	3
すわんらーたん	4
さんるーむ	3
さーかむすたんす	6
さーきゅらー	1
さーきゅれーしょん	4
さーきゆれーしよん	4
さーきゅれーたー	4
さーくれっと	1
さーしおれらい	5
さーじぇりー	1
さーじぇんと	1
さーじかる	1
さーだな	0
さーちゃー	1
さーちゃーじ	3
さーちやーじ	3
さーちらいと	4
さーてぃー	1
さーてぃーす	3
さーてぃーん	3
さーてぃーんす	3
さーでぃん	1
さーとぅんてぃー	5
さーどおにきす	4
さーどにっくす	4
さーどねす	1
さーにずむ	3
さーばんと	1
さわーひる	2
さーひる	1
さーびさー	0
さーびしんぐ	0
さーびすまん	4
さーびちゅーど	4
さーゔぃちゅーど	4
さーびんぐ	0
さーふ	1
さーふぇいす	3
さーふぇす	1
さーふぇいさー	3
さーふぇーさー	3
さーふぼーど	4
さーふらいだー	4
さーふろ	0
さーふろー	1
さーぶかる	1
さーぶる	0
さーぷらす	1
さーべいやー	0
さーべいらんす	3
さーゔぇいらんす	3
さあべる	0
さーべる	0
さーぱんと	1
さーぺんと	1
さーぼ	1
さーぼもーた	4
さーぼもーたー	4
さーみすた	3
さーみすたー	3
さーもえれめんと	4
さーもかっぷ	4
さーもからー	4
さーもぐらふ	0
さーもぐらふぃ	4
さーもぐらふぃー	4
さーもこんくりーと	7
さーもさいくらー	4
さーもとろぴっく	6
さーもめーた	4
さーろいん	3
さーんきゃ	1
さーんきや	1
ざいてぃんぐらーと	6
ざいてんぐらーと	6
ざいてんぐらーど	6
ざいとるっちぇん	4
ざいみっく	1
ざいる	1
さわーくらうと	5
ざうあーくらうと	6
ざうえるくらうと	6
ざうわーくらうと	6
ざうぃあ	1
ざうばー	1
ざうろす	1
ざおりく	0
ざかーと	2
ざくーすか	2
ざじてん	0
ざっはとるて	4
ざなーた	2
ざはぜーる	3
ざはりひかいと	3
ざばいおーね	4
ざばいよーね	4
ざふぃるるかすと	5
ざぼん	0
ざぼーと	2
ざゔぉーと	2
ざぽん	1
ざみんだーりー	4
ざみーんだーる	5
ざめらく	2
ざるこまいしん	4
ざるしたびん	0
ざるとぷろふぇん	5
ざるとぷろふえん	5
ざろふす	2
ざわでぃ	1
ざわーぶらーてん	5
ざんじる	1
ざんたっく	1
ざんとまん	1
ざんともなす	3
ざーとういっけん	5
ざーね	1
ざーねん	1
ざーる	1
しあおしん	2
しあさっかー	3
しあとりかる	3
しあなじん	0
しあなみど	3
しあねーと	3
しあの	1
しあのあくりる	4
しあのあくりれーと	7
しあのあにりの	5
しあのいみの	4
しあのえちる	4
しあのぐあにじん	6
しあのげん	3
しあのこばらみん	6
しあのばくてりあ	0
しあのふぇのちあじん	6
しあのふえのちあじん	6
しあのふえにる	5
しありだーぜ	4
しある	1
しあのひどりん	4
しあんひどりん	4
しあー	1
しうだでーら	4
しうるど	1
しぇあくろっぱー	4
しぇあほーるだー	3
しぇあーど	1
しぇからーと	3
しぇっど	1
しぇりあ	1
しぇりふ	1
しぇるたりんぐ	0
しぇるてぃ	1
しぇるてぃー	1
しぇるびんぐ	0
しぇろ	1
しぇんき	1
しぇんきー	1
しぇんたん	1
しぇんてぃ	1
しぇーきんぐ	0
しぇーくる	1
しぇーすち	1
しぇーず	1
しぇいだー	1
しぇーだ	1
しぇーだー	1
しぇいでぃんぐ	0
しぇーな	1
しぇいばー	1
しぇーば	1
しぇーばー	1
しぇいぱー	1
しぇーぱー	1
しえーぱー	1
しぇいぴんぐ	0
しぇーぴんぐ	0
しぇいぶ	1
しぇいゔ	1
しぇーぶ	1
しぇいぶど	1
しぇーぶど	1
しぇーま	1
しぇーむ	2
しぇーれ	1
しぇーん	1
しぇーんばっは	4
しぇーんぶりゅん	4
しぇーんぶるん	4
しえしえ	1
しぇすた	1
しえすた	2
しえて	1
しえな	1
しえら	1
しおぞーる	3
しおで	0
しおにすと	3
しおにずむ	3
しかりおす	3
しかーだ	2
しけーだ	2
しがかるむ	3
しがてら	0
しがりろ	0
しがー	1
しきそとろぴー	5
しくさー	1
しくさーず	1
しくらめん	3
しくりす	1
しくりっど	3
しくろ	1
しくろおきしげなーぜ	8
しくろすぽりん	5
しくろてとらめちれんてとらにとらみん	16
しくろできすとりん	0
しくろとりめちれんとりにとらみん	0
しくろとりめちれんとりにとろあみん	15
しくろどでかとりえん	8
しくろぴろくす	5
しくろぴろろん	4
しくろふぃりん	4
しくろぶたんじかるぼきしらと	12
しくろぷろとりん	0
しくろぷろぱん	5
しくろへきさのん	6
しくろへきさのーる	7
しくろへきさん	4
しくろへきしみど	6
しくろへきしりでん	7
しくろへきしる	4
しくろへきしるあみん	8
しくろへきしるうれあ	8
しくろへきしるびふぇにる	9
しくろへきしれん	6
しくろへぷた	4
しくろへぷたじえにりでん	10
しくろへぷたん	4
しくろへぷちるあみの	8
しくろへぷてん	4
しくろへぷといみだぞろん	10
しくろぺんたじえにる	7
しくろぺんちりでんじおきし	11
しくろぺんちる	4
しくろぺんちるふぇのきし	9
しくろぺんちるふぇのきしる	10
しくろぺんちるふえのきしる	10
しくろぺんてにる	6
さいくろほすふぁみど	7
さいくろほすふあみど	7
しくろふぉすふぁみど	6
しくろほすふぁみど	6
しくろほすふあみど	6
しくろめちこん	4
しぐにふぃかんす	3
しぐもいど	3
しぐろ	1
しけいん	2
しげら	1
しげろいです	4
しこれー	2
しごと	0
しさぷりど	3
しざー	1
しざーす	1
しざーず	1
ししかばぶ	3
ししかばぶー	3
ししちく	2
すぃしちく	2
ししゃも	0
しじゃん	1
しじゅーら	2
すぃじゅーら	2
しすあど	0
しすおぺ	0
しすく	1
すぃすく	1
しすくぬいえじぇら	7
しすこん	0
しすたちん	0
しすちん	1
しすていにる	3
しすてしあん	4
しすとろん	1
しすぷらちん	4
しすま	1
しずる	0
しぞ	1
したらびん	2
したーる	2
しだるけあ	3
しだー	1
しだーれいん	4
しちじる	2
しちずん	2
しちずんず	2
してぃずん	2
しちずんしっぷ	5
してぃずんしっぷ	5
しちゅーぽっと	4
しちりあーな	4
しっかろーる	4
しっかー	1
しっくすす	1
しっくすてぃーす	5
しっくすてぃーん	5
しっくすてぃーんす	5
しっくなー	1
しっくねす	1
しっくりーぶど	4
しったー	1
しっだーんた	3
しってぃんぐ	0
しっと	1
しーっと	1
しっぱー	1
しっぴんぐ	1
してぃお	1
しでろすたっと	5
しでろらいと	4
しとしん	1
きとるす	1
しとらす	1
しとらーる	3
しとりっく	3
しとりん	1
しとれおびりじん	5
しとろねら	3
しとろねらーる	5
しとろねろーる	5
しとろねりる	4
しとろねーる	4
しとろぷしす	4
しとろほーん	4
しとろん	2
しどのんいみん	5
しなごく	0
しなごーぐ	3
しなぷしす	3
しなっぷす	2
しなぷとそーむ	5
しなぼん	1
きなもむむ	3
しなもまむ	3
しなんとろぷす	4
しなーる	2
しにおりてぃー	3
しにょりてぃ	2
しにぐりん	0
しにしずむ	3
しにすむ	2
しにふぃあん	2
しにふぃえ	0
しにふぃかしおん	4
しにぺるか	3
すぃにぺるか	3
しにょりっじ	3
しにょりーあ	3
しにょーりあ	2
しにょりーな	3
しにょん	1
しによん	1
しにょーら	2
しぬーく	2
しねおーる	3
しねくてぃくす	4
しねくてぃっく	2
しねすこ	0
しねちれる	3
しねてぃっく	3
しねふぃる	1
しねまぐらふぃか	5
しねますこーぷ	5
しねまてーく	4
しねまとぐらふ	5
しねまとぐらふぃっく	6
しねらま	0
しねれあ	0
しねれしす	3
しねんしす	2
すぃねんすぃす	2
しのあ	1
しのいきすもす	4
しゅのいきすもす	4
しのえんねあ	3
すぃのえんねあ	3
しのどす	1
しのにむ	1
しのぷしす	2
しのろじー	2
しのわずり	3
しのわずりー	3
しはろほっぷ	4
しはろほつぷ	4
しばのーる	3
しばるりい	2
しばるりー	2
しばーや	2
しゔぁーや	2
しぱーひー	2
しびす	1
しびっく	1
しゔぃっく	1
しうぃりぜいしょん	4
しびらいぜーしょん	5
しびりぜーしょん	4
しべりぜーしょん	4
しべりぜーしよん	4
しゔぃらいぜーしょん	5
しびる	1
しゔぃる	1
しゔいる	1
しびれーしょん	3
しふぁか	1
しふぃりす	1
しふぇのとりん	4
しふえのとりん	4
しふぉん	1
しふたー	1
しふちんぐ	0
しふてぃんぐ	0
しふるとりん	4
しふるめとふぇん	4
しふるめとふえん	4
しぶいる	2
しぶおーる	3
きゅぷりぺでぃうむ	5
しぷりぺでぃうむ	5
しぷれあ	2
さいぷろへぷたじん	0
しぷろへぷたじん	0
しゔぇ	1
しべとん	1
さいべりあん	3
しべんぞりん	4
しまじん	2
しまりんぐ	3
しみたー	1
しみゅらぐらむ	4
しみゅらーくる	3
しみゅるたねいすむ	5
しみゅれーしょにずむ	6
しみゅれーてっど	3
しみょん	1
しみらりてぃー	3
しみらー	1
しみり	1
しむす	1
しむちょん	1
しむるぐ	2
しーむるぐ	4
しめちじん	3
しもきさにる	4
しもにあ	2
しもにー	1
しもり	1
しゃあばーん	3
しょるばね	0
しゃいにー	1
しゃいねす	1
しゃいんてぃ	2
しゃいんてぃー	2
しゃうかすてん	3
しゃうる	1
しゃおじぇ	1
しゃおちえ	2
しゃおつぇい	1
しゃおぱん	1
しゃくしゅーか	3
しゃくてぃ	1
しゃげ	1
しゃこんぬ	2
しゃしりっく	2
しゃっくる	1
しやつくる	1
しゃっせ	1
しゃっとねら	0
しゃっど	1
しゃっふりんぐ	0
しゃふりんぐ	0
しゃっぽ	1
しゃぺう	1
しゃぽー	1
しゃとん	1
しゃとーぬふ	2
しゃとーぶりあん	4
しゃどーいんぐ	2
しゃねらー	0
しゃのあーる	3
しゃのわーる	3
しゃはなーいー	3
しゃば	0
しゃばっと	1
しゃばら	1
しゃゔぁら	1
しゃひーん	2
しゃふちんぐ	0
しゃふてぃんぐ	0
しやふちんぐ	0
しゃぶろ	1
しゃぺい	0
しゃぺろにん	0
しゃぺろん	1
しゃまた	1
しゃまん	1
しゃまーど	2
しゃもあ	1
しゃもっと	1
しゃやむ	1
しゃりお	1
しゃりかーと	3
しゃりばり	2
しゃりゔぁり	2
しゃりあ	1
しゃりーあ	2
しゃるとりゅー	3
しゃるどね	0
しゃるまい	1
しゃるむ	1
しゃるむーず	3
しやるむーず	3
しゃるわるかみーず	5
しゃるわーる	3
しゃれーど	2
しゃろれー	1
しゃろー	1
しゃわるま	2
しゃんごん	1
しゃんたお	1
しゃんたん	3
しゃんつぁい	1
しゃんつあい	0
しゃんつあお	0
しゃんつぇ	1
しゃんてん	1
しゃんでりや	3
しゃんのす	1
しゃんぴにおん	3
しゃんぴにょん	3
しゃんぶれー	1
しゃんむーぎー	3
しゃーくすきん	5
しゃーじゃん	0
しゃーなーい	3
しゃーぷなー	1
しゃーぷねす	1
しゃーぷりー	1
しゃーまにすてぃっく	6
しゃまにずむ	3
しゃーまにずむ	4
しゃーまん	1
しゃーらたん	1
しゃーらたんず	1
しゃーりゅー	1
しゃーるすたいん	5
しゃーれ	1
しゃーれん	1
しゃーろきあん	3
しやー	1
しゅありー	1
しゅえっと	1
しゅえつぁい	2
しゅつぁい	1
しゅつあい	1
しゅえぴー	1
しゅがー	1
しゅくと	1
すくと	1
しゅくれ	1
しゅたいくあいぜん	5
しゅたっと	2
しゅたっとふりーとほふ	8
しゅたむらーがー	4
しゅたるく	2
すたるく	2
しゅたーつぜくれてーる	8
しゅちゅーべ	2
しゅてゅーべ	2
しゅっく	1
しゅっど	1
しゅーど	1
しゅてぃふと	2
しゅてぃむんぐ	3
しゅてぃーる	2
しゅてでぃんがー	3
しゅてむ	2
しゅとぅるむ	2
しゅつーか	2
しゅとぅか	1
しゅとぅーか	2
しゅとぅーべ	2
しゅとらせ	2
しゅとらっせ	3
しゅとらんとこるぷ	6
すとらんとこるぷ	6
しゅとらーせ	3
しゅとるひ	2
しゅとるむ	2
しゅとれーべん	3
しゅとろいぜる	3
しゅとれん	1
しゅとーれん	2
しゅなうざー	2
しゅなっぷ	2
しゅなっぷす	2
しゅにっつぇる	2
しぇにーる	2
しゅにーる	2
しゅはだー	2
しゅはだーぁ	2
しゅばだうしゅとら	5
しゅゔぁだうしゅとら	5
しゅばりえ	2
しゅゔぁりえ	2
しゅうぃんぐんぐ	4
しゅびんぐんぐ	4
しゅゔぃんぐんぐ	4
しゆういんぐんぐ	4
しゅぴーげる	2
しゅぶりえむ	2
しゅぶりむ	1
しゅぶるいゆ	3
しゅゔるいゆ	3
しゅぶんぐ	2
しゅぷりーむ	3
しゅぷりーむす	3
しゅーぷりーむ	4
すぷりーむ	3
しゅぷるんぐ	3
しゅぷれまてぃずむ	5
しゅぷれーむ	3
しゅべあーと	3
しゅべると	2
しゅゔぇあーと	3
しゅぺっく	2
しゅぺりえる	2
しゅぺりゅーる	3
しゅーぺりゅーる	3
しゅまく	1
しゅまっく	1
しゅまーれんばっは	6
しゅみね	1
しみーず	2
しゅみず	1
しゅみーず	2
しゅらいん	2
しゅらうど	2
しゅらすこ	2
しゅらっぐ	2
しゅらはとしゃっぷ	5
しゅらぶ	1
しゅらーだん	2
しゆらーだん	2
しゅらーばか	2
しゅらーゔぁか	2
しゅらーふざっく	5
しゅりゅっせる	2
しゅりんがーら	4
しゅりんきんぐ	2
しゅりんくす	2
しゅりんぷ	2
しゅるあ	1
しゅるどる	1
しゅるまてぃくす	4
すゅるまてぃくす	4
しゅるらぷてす	4
すゅるらぷてす	4
しゅるんと	2
しゅるー	2
しゅれっだ	2
しゅれっだー	2
しゅれっつぁー	2
しゅれっど	2
しゅろーか	2
しゅわげりな	3
しゅんつ	1
しゅんとりぼらんふす	6
すゅんとりぼらんふす	6
しゅーくへむ	3
しゅーくるーと	4
しゅーそ	1
しゅーてぃかる	1
しゅーどてらのーば	6
しゆーどてらのーば	6
しゅーどぱぼな	4
しゅーどもなす	4
しゅーどら	1
すーどら	1
しゅーば	1
しゅーゔぁ	1
しゅーぷ	1
しゅーぼっくす	3
しゅーるすとれみんぐ	6
しゅーるすとれーみんぐ	6
しゅるれありすと	5
しゅーるれありすと	6
しゅーれ	1
しょあ	1
しょあー	1
しよあー	1
しょあらいん	3
しょこらーで	3
しょっかー	1
しょっぱー	1
しょっぱーず	1
しょふれーるす	3
しょんばーきあ	3
しょーたー	1
しょーとけいき	4
しょーとけーき	4
しょーとぶれっど	5
しょーびにすむ	4
しょーびにずむ	4
しょふぁー	1
しょーふぁー	1
しょーふろわ	4
しょーぶね	0
しょーゔね	0
しょーまんしっぷ	5
しょーろんぽー	3
しらざぷりる	4
しらはいどろかーぼん	7
しらびふぃけーしょん	5
しらーず	1
しりあらいぜーしょん	6
しりか	1
しりかふゅーむ	4
しりけーと	3
しりこくろむ	4
しりこまんがん	4
しりまないと	4
しりみり	0
しりろしど	3
しりんがれしのーる	7
しりんごいる	4
しりんじ	2
しりんたらえ	4
すぃりんたらえ	5
すいりんたらえ	5
しりんどりかる	4
しるえいてぃ	3
しるえいてぃー	3
しるきん	1
しるけん	1
しるじん	1
しるでなふぃる	5
しるばてぃか	3
しるばーねる	3
しるゔぁーねる	3
しるふ	1
しるふぃーど	3
しるみん	1
しるむ	1
しるれあ	0
しれな	1
しれーね	2
しろきさん	0
しろしびん	0
しろしん	1
しろしんごぴん	5
しろすたぞーる	5
しろだーら	3
しろっこ	2
しろどしん	0
しろふぉん	1
しろほん	1
しんがぷーら	4
しんぎゅらりてぃー	4
しんぎゅらー	1
しんぎんぐ	1
しんくれてぃずむ	5
しんくろとろん	5
しんくろないざー	5
しんくろないぜーしょん	7
しんくろにしてぃ	5
しんくろにしてぃー	5
しんくろにっく	4
さんくろみすむ	5
しんくろみずむ	5
しんぐりっしゅ	1
しんぐるとん	3
しんこぺいしょん	4
しんこぺーしょん	4
しんこぺーてっど	4
しんこらーな	4
しんごにうむ	4
しんじけーしょん	4
しんじけーと	4
しんぢけーと	4
しんす	1
しんすろいど	4
しんせ	1
しんせさいざ	4
しんせさいざー	4
しんせりてぃー	3
しんたくてぃっく	4
しんたぐま	3
さんたぐまてぃっく	6
しんたぐまてぃっく	6
しんてきす	3
しんたーぜ	3
しんちかめら	4
しんちぐらふ	4
しんちぐらふぃ	4
しんちぐらふぃー	4
しんちぐらむ	4
しんちれーしょん	4
しんちれーた	4
しんちれーたー	4
しんてたーぜ	4
しんでくりーと	5
しんどぅら	1
しんどろーむ	4
しんなみっく	4
しんなみる	3
しんなむあるでひど	7
しんなもいる	4
しんはれす	1
しんばすたちん	4
しむばる	1
しんばる	1
しんぱさいざー	4
しんぱしぃ	1
しんぱしー	1
しんび	1
しんびおーしす	4
しんびじうむ	4
しんびじゅーむ	4
しんふぉにあ	3
しんふぉにかー	3
しんぶる	1
しんぷそんず	1
しんぷらいず	4
しんぷりして	4
しんぷりしてぃ	4
しんぷりしてぃー	4
しんぷりー	1
しんぷれっくす	4
しんべらみん	0
しむぼりすと	4
しんぼりすと	4
しんぼりずむ	4
しめとり	2
しんめとり	3
しんめとりー	3
しんめとれる	3
しんろっく	3
しーかー	1
しーくえんしんぐ	4
しーくえんと	1
しーけんしゃる	3
しーさいど	3
しーざるずむ	4
しーざーす	1
しーすくあ	3
しーずなりてぃ	4
しーずなりてぃー	4
しーずにんぐ	1
しーたん	1
しーたー	1
しだーす	1
しーだー	1
しーちんぐ	0
しーとらーげん	4
しーなりぃ	1
しーなりー	1
しーにゅ	1
しーぬ	1
しーね	1
しーばむ	1
しーふ	1
しーぶ	1
しーべしゅらーべ	5
しーゔぇしゅらーゔぇ	5
しーべん	1
しーほーす	3
しーま	1
しーまんしっぷ	5
しーみんぐ	0
しーむ	1
しーむりあ	3
せいもうりあ	3
しーむれす	1
しーらー	1
しーりしぐ	0
しーりんぐ	0
しーろすたっと	5
しーろめーた	4
しーろんす	3
しーろー	1
じあざしくろへぷたん	7
じあざとりしくろ	6
じあざびしくろ	4
じあしるぐりせろーる	8
じあじりん	0
じあすたーぜ	4
じあすてれおまー	6
じあせちるべんじじん	8
じあせちるもるひね	6
ぢあせちるもるひね	6
じあせてーと	4
じあせときし	4
じあぜぱむ	3
じあぜぴん	0
じあぞ	1
じあぞきしど	4
じあぞにうむ	4
じあにしじん	0
じあのぐりーん	5
じあふえんちうろん	6
じあみのあにそーる	7
じあみのじふぇにるするふぃど	10
じあみのじふぇにるめたん	10
じあみのじふえにるめたん	10
じあみのとるえん	5
じあみのぴめりん	6
じあみのふぇのーる	6
じあみん	1
じありるのるときしふぇりん	10
じありるのるときしふえりん	10
じありーるえてん	6
じあるきるあみの	6
じあるきるあみのあるきる	9
じあるじあ	3
じあんぷろみど	5
じあんみん	2
じあんみんぐりこらと	8
じいそおくちる	4
じいそしあなーと	6
じいそしあねーと	6
じいそのにる	4
じいそぶちる	4
じいそぷろぴるあみん	8
じいそぷろぴるとりぷたみん	11
じいそぷろぴるふぇのーる	9
じいそぷろぴるふえのーる	9
じいる	1
じいるじちおびす	5
じうば	1
ちおうぱー	2
じうろん	1
じうんでしる	4
じぇおるじくす	4
じぇきてぃば	0
じぇじゅに	1
じえじゆに	1
じぇすいっと	3
じぇすちゃらる	1
じぇすちゅらる	1
じぇずいっと	1
じぇずべ	1
じぇったー	1
じぇってぃんぐ	0
じぇっとさむ	1
じぇつきさーと	4
じぇてぃも	1
じぇにおぐろっさす	5
じぇにっく	1
じぇにーず	1
じぇねしす	1
じぇねじゃん	0
じぇねてぃかりー	3
じぇなてぃっく	3
じぇねてぃくす	3
じぇねららいずど	4
じぇねれーしょんず	3
じぇねれーた	0
じぇねれーたー	3
じぇのぐらむ	3
じぇのさいど	3
げのたいぷ	0
じぇのたいぷ	3
じぇのとろぴん	0
じぇのべーぜ	3
じぇのみっくす	3
じぇのわーず	3
じぇみねーしょん	3
じぇみねいと	3
じぇみねーと	3
じぇみゅーる	2
じぇむ	1
じぇむざーる	3
じぇらんど	2
じぇりくる	1
じぇるせみあむ	3
じぇるみなる	2
じぇるんでぃお	2
じぇろぼあむ	3
じゅろぼあむ	3
じぇろんとろじー	5
じぇんが	1
じぇんがー	1
じぇんだー	1
じぇんてぃうむ	3
じぇんとりふぃけーしょん	6
じぇんとり	1
じぇんとりー	1
じぇんとる	1
じぇんとるまん	1
じぇんとるめん	1
ぜんとるまん	1
じぇんべ	1
じぇーしゃち	1
じぇーど	1
じぇーびゃち	1
じぇーゔぃゃち	1
じえたじん	0
じえたのーるあみん	7
じえちる	1
じえちるあみど	5
じえちるあみの	5
じえちるあみのえちる	8
じえちるあみのえときし	9
じえちるあみのえときしふぇにる	12
じえちるあみのえときしふえにる	12
じえちるうれあ	5
じえちるかるばみみどいる	10
じえちるじちおかるばみん	10
じえちるじちおほすほりーる	11
じえちるちあんぶてん	8
じえちるちあんぷてん	6
じえちるちおかるばまーと	10
じえちるちおほすふぇいと	9
じえちるちおほすふぇーと	9
じえちるちおほすふえいと	9
じえちるめるくり	5
じえちれん	2
じえちれんとりあみん	8
じえときしちおほすほりるおきし	13
じえときしん	3
じえにりでんめちる	7
じえふー	1
じおいど	2
じおきさ	2
じおきさじあざしくろてとらこしん	14
じおきさちえぴんおきさいど	11
じおきさちおん	4
じおきさほすほりなん	7
じおきさん	0
じおきそぴぺらじん	7
じおきそぴぺりじん	0
じおきそーる	4
じおくちる	3
じおぐらふぃかる	4
じおぐらふぃー	3
げおぽりてぃく	4
じおぽりてぃく	5
じおぽりてぃくす	5
じおぽりてぃっく	5
じおめとり	3
じおめとりい	3
じおめとりー	3
じおめると	3
じおらま	0
でぃおらま	0
じおれふぃん	3
じかるこげにど	5
じかるばみん	0
じかるばもいるちお	7
じかるばるでひど	6
じかるぼあるでひど	7
じかるぼきしいみど	7
じかるぼん	2
じがー	1
じくみる	1
じくろしめっと	4
じくろしめつと	4
じくろとほす	4
じくろにん	0
じくろふぇなく	4
じくろふえなく	4
じくろらいど	4
じくろりど	3
じくろる	1
じくろるじふるおるめたん	10
じくろるびにるほすふぇいと	10
じくろるびにるほすふぇーと	10
じくろるびにるほすふえいと	10
じくろろびにるほすふぇいと	10
じくろるぶちん	4
じくろるぼす	4
じくろろ	0
じくろるあせたみど	7
じくろろあせとあみど	8
じくろるあにりの	6
じくろろあにりの	6
じくろろえたん	5
じくろろじふぇにるとりくろろえたん	14
じくろるふぇにるあみの	8
じくろるふえにるあみの	8
じくろろふぇにるあみの	8
じくろろふぇのきし	6
じくろろふえのきし	7
じくろるべんじじん	7
じくろろべんじじん	7
じくろろべんじりでん	8
じくろるべんぜん	5
じくろろべんぜん	5
じくあっと	3
じくわっと	3
じぐざぎせらす	5
じぐへっど	1
じぐりしじる	4
じけとぴぺらじん	5
じこほる	1
じこほーる	3
じごきしん	0
じごしん	2
じごろ	1
じさにじん	0
じしあの	0
じしあのべんぜん	5
じしあん	1
じしあんじあみど	6
じしくろへきしるあんもにうむ	12
じしくろぺんたじえにる	8
じしくろぺんたじえん	8
じしくろぺんちる	5
じしびりぃな	4
じしびりーな	4
じしらん	1
じすきねじあ	4
じすきねじー	3
じすちぐみん	0
じすとにあ	0
じすとま	0
ぢすとま	0
じすとろふぃん	0
じすぷろしうむ	5
じすぷろちん	0
じすむたーぜ	4
ですむたーぜ	4
じするふぃど	3
じするふいど	3
じするふぃらむ	4
じするふいらむ	4
じするほとん	4
じすろまっく	3
じずや	1
じそぴらみど	4
じそぷろきしる	5
じたん	1
じだねす	1
じだのしん	3
じちああんとらきのん	8
じちあのん	3
じちえにる	3
じちえん	1
じちお	1
じちおかるばみん	0
じちおしくろぺんちりでん	10
じちおしくろぺんてん	7
じちおぴる	3
じちおほすふえいと	7
じちおらん	3
じぐらっと	3
じっぐらと	1
じった	1
じったー	0
じつた	1
じったーばぐ	5
じっぴー	1
じっぴーず	1
じっへる	1
じでおきし	3
じでおきしいのしん	6
じでおきししちじん	6
じでしる	1
じてひどろ	3
じでひどろ	3
じとりでしる	4
じどぶじん	0
じにとるみど	4
じにとろとるえん	5
じにとろふぇのーる	6
じにとろふえのーる	6
じにとろべんずあみど	8
じにとろべんぜん	5
じのせぶ	1
じのぷろすとん	4
じのるまるへきしる	6
じはいどろじぇん	5
じひどろあべるめくちん	8
じひどろいそきのりん	7
じひどろいみだぞ	0
じひどろかるぼすちりる	9
じひどろきしぷろぴるておふぃりん	12
じひどろきしぷろぴるておふいりん	12
じひどろきしもるひなん	9
じひどろきしもるふぃなん	9
じひどろこでいのん	6
じひどろこでいん	6
じひどろてすとすてろん	9
じひどろでおきしもるひね	10
じひどろひどろきしこでいのん	11
じひどろひどろきしもるひのん	12
じひどろぴりじん	6
じひどろふらぼのーる	8
じひどろふらん	5
じひどろぷらすときのん	9
じひどろもるひのん	7
じびえ	1
じびにるべんぜん	5
じぴぱのん	3
じぴりじにうむ	5
じぴりじりうむ	5
じぴりだもーる	5
じぴりど	2
じふぇちあろーる	5
じふえちあろーる	5
じふぇなみぞーる	5
じふえなみぞーる	5
じふぇにどーる	4
じふえにどーる	4
じふぇにる	1
じふぇにーる	3
じふえにる	1
じふぇにるあみん	5
じふえにるあみん	5
じふぇにるかるばじっど	8
じふぇにるかるばじど	7
じふえにるかるばじつど	8
じふぇにるぐりこれーと	8
じふえにるぐりこれーと	8
じふぇにるひだんといん	8
じふえにるひだんといん	8
じふえにるぴらぞりじん	8
じふぇにるぶたんあみど	8
じふえにるぶたんあみど	8
じふぇにるぶちるあみど	8
じふえにるぶちるあみど	8
じふぇにるぷろぱ	5
じふえにるぷろぱ	5
じふぇにるぷろぽきし	7
じふえにるぷろぽきし	7
じふぇにるへぷたん	5
じふぇにるめたん	5
じふぇにるめちるするふぃにる	10
じふえにるめちるするふいにる	10
じふぇにろーる	4
じふぇのきしれーと	6
じふぇのきしん	4
じふぇんひどらみん	0
じふてりや	0
じふてりあ	0
じふてりー	1
ぢふてりあ	0
ぢふてりー	1
じふるおろあみの	6
じふるおろしちじん	7
じふるおろめちれんじおきし	11
じふるこるとろん	5
じふるにさる	4
じふるぷれどなーと	7
じふろらいど	4
じぶちる	1
じぶちるはいどろきしとるえん	11
じぶちるひどろきしとるえん	10
じぶろみど	3
じぶろむ	1
じぶろも	0
じぶろむえたん	1
じぶろもえたん	4
じぶろもくろろめたん	8
じぷとん	1
じぷとーん	3
じぷにー	1
じぷろぴおなーと	6
じぷろぴる	3
じぷろぴるぐるたらむ	8
じぷろぴるちおかるばみん	10
じへきしる	3
じへぷちる	3
じべかしん	0
じべつ	1
じべてぃくす	3
ずぃべてぃくす	3
じべる	1
じべれら	2
ぎべれりん	0
じべれりん	0
じべんず	2
じべんずあみじん	6
じべんぜぴん	4
じべんぞ	2
じべんぞいる	4
じべんぞおきしん	2
じべんぞしくろへぷたじえん	11
じべんぞじひどろあぜぴん	9
じべんぞふらん	4
じぺぷちど	3
じぺぷろーる	4
じぺんた	2
じほすほん	3
じむかーな	3
じむなすてぃっく	3
じむなすてぃっくす	5
じむのぺてぃー	3
じむのぺでぃ	3
じめたくりん	4
じめたのなふたりん	0
じめたのなふたれん	0
じめたんするほなーと	8
じめたんするほねーと	8
じめちこん	2
じめちこんこぽりおーる	9
じめちらん	2
でぃめちらん	2
でいめちらん	2
じめちる	0
じめちるあくりれーと	8
じめちるあせとあみど	8
じめちるあみの	5
じめちるあみのえときし	9
じめちるあみのぷろぴおにるあみのあんちぴりん	20
じめちるあみのぷろぴおにるおきし	14
じめちるあみのぷろぴりでん	10
じめちるあみのべんじりでんろだにん	14
じめちるあみん	5
じめちるいみだぞりじん	9
じめちるえちるめるかぷとえちるちおほすふえいと	21
じめちるえときししらん	9
じめちるえるごりん	0
じめちるかるばみん	0
じめちるかるばもいる	8
じめちるかるばみるおきし	10
じめちるかるばもいるおきし	11
じめちるきさんちん	0
じめちるしくろへきしるあみん	12
じめちるじちおかるばまーと	11
じめちるじちおかるばめーと	11
じめちるじべんず	6
じめちるするふぁみど	7
じめちるするふあみど	7
じめちるするふぃど	6
じめちるちあんぶてん	8
じめちるなふたれん	0
じめちるぴぺりじにうむ	9
じめちるぴぺりじの	7
じめちるぴらじん	5
じめちるふぇねちる	5
じめちるふえねちる	5
じめちるふぇねちるあみん	9
じめちるふぇのきし	6
じめちるふえのきし	6
じめちるふぇのちあじん	8
じめちるふえのちあじん	8
じめちるぶちらみど	7
じめちるぷろぱのいるおきしめちる	14
じめちるほるむあみど	8
じめちるもるふぃなん	7
じめちるもるふいなん	7
じめとえーと	4
じめときしいんだん	6
じめときしきなぞりん	8
じめときしふぇねちる	6
じめときしふえねちる	6
じめときしべんぞいる	8
じめときしほすふぃにるおきし	11
じめとちあじん	5
じめとん	1
じめのきさどーる	6
じめふぇぷたのーる	6
じめふりん	0
じめもるふぁん	3
じめもるふあん	3
じめんひどりなーと	7
じもるほらみん	4
じゃーじゃー	1
じゃいな	1
じゃいれくとりー	3
じゃいれーとりー	3
じゃいろこぷたー	4
じゃいろすこーぷ	5
じゃいろだいん	4
じやいろだいん	4
じゃいろぷれん	4
じゃいろぷれーん	5
じやいろぷれん	4
じゃからんだ	3
はからんだ	3
じゃかーど	2
じやかーど	2
じゃがー	1
じゃがーず	1
じゃぎゅあ	1
じゃぐぁー	1
じゃぐあー	1
じゃがーど	2
じゃくすたくりん	4
じゃごー	1
じゃじゃのん	2
じゃすてぃす	1
じゃすてぃふぃけーしょん	5
じゃすぱー	1
じゃすぴん	1
じゃすぷ	1
じゃすみん	1
じゃっかー	1
じゃっくないふ	4
じゃっじめんと	1
じゃっぷ	1
じゃっぷす	1
じゃどーる	2
じゃにしょ	0
じゃにそん	1
じゃにたれ	0
じゃにたー	1
じゃにゅありー	1
じゃばる	1
じゃぱにうむ	3
じゃぱにずむ	3
じゃぱにめーしょん	4
じゃぱねすく	3
じゃぱのろじすと	5
じゃぱのろじー	3
じゃぱりっしゅ	3
じゃぱれげ	0
じゃぱんず	2
じゃべりん	1
じゃぼ	1
じゃぼちかば	3
じゃぱにか	2
じゃぽにか	2
やぽにか	2
じゃぽにすむ	3
じゃぽにずむ	3
じゃぽね	1
じゃまいかん	2
じゃまひりあ	3
じゃまーひりーや	5
じゃまーあ	2
じゃみんぐ	1
じゃむう	1
じゃむち	1
じゃめびゅ	1
じゃるじゃ	1
じゃるだん	1
じやるだん	1
じゃるでぃねってぃ	4
じゃろじー	1
じゃんがりあん	3
じゃんきー	1
じゃんけっと	3
じゃんせにすむ	4
じゃんだまりー	4
じゃんだるむ	3
じゃんばらや	3
じゃんぴんぐ	0
じゃんべ	1
じんべ	1
じゃんぼらな	4
じゃんぼりー	1
じゃんぼん	1
じゃんま	1
じゃーきー	1
じゃるごん	1
じゃーごん	1
じゃーたか	1
ぢゃーたか	1
じゃーてぃ	1
じゃーひりーや	4
じゃーまん	1
じゃーみー	1
じゃーむ	1
じゅあな	1
じゅあーる	2
じゅえらー	1
じゅえらーず	1
じゅくるぱ	2
じゅごん	1
じゅじゅぶ	1
じゅすとこーる	4
じゅぞみゅす	1
ずゅぞみゅす	1
じゅてーむ	2
じゅじしうす	3
じゅでぃしゃす	1
じゅでぃしゃる	1
じゅなーる	2
じゅにあばんたむ	4
じゅにあふらい	5
じゅにあみどる	4
じゅにあらいと	4
じゅにおれっと	3
じゅにぱー	1
じゅぬーん	2
じゅぱ	1
じゅびりー	1
じゅべないる	3
じゅめれあ	2
じゅらば	1
でゅらるみん	0
じゅりえんぬ	3
じゅりすじくしうん	6
じゅりすでぃくしょん	4
じゆりすぢくしうん	6
じゅりすと	2
じゅりすぷれでんす	5
じゅりめとりっくす	5
じゅれ	1
ぢゆれ	1
じゅんちゃん	0
じゅーず	1
じゅーいっしゅ	1
じゅーくぼっくす	4
じゅーさ	1
じゅーさー	1
じゆーさー	1
じゅーと	1
ぢゅーりー	1
じゅれっぷ	1
じゅーれっぷ	1
じゅーん	1
じょいえーろ	3
じょいすと	1
じょがー	1
じょっがー	1
じょこんど	2
じょこーそ	2
じょっき	1
じょっくすこっと	5
じょっぱー	1
じょっぱーず	1
じょどぱーず	1
じょばー	1
じょるじーな	3
じょるなーた	3
じょんぐるーる	4
じょんず	1
じょーかー	1
じょーく	1
じょーじうむ	3
じょーじず	1
じょーぜっと	1
じょーだんず	1
じょーぬ	1
じよーどふぇにる	5
じよーどふえにる	5
じらぜぷ	1
じらふ	1
じらむ	1
じらろーすと	3
じりお	1
じるかろい	3
じるこにうむ	4
じるこん	1
じるちあぜむ	4
じるてっく	3
じるば	1
じるべるざってる	5
じわんじば	2
じわんじゔぁ	2
じんく	1
じんくす	1
じんぐしゅぴーる	5
じんぐる	0
じんげろん	1
じんごいずむ	4
じんじゅ	1
じんせのさいど	5
じんだーばー	3
じんてーぜ	3
じんばる	0
じんぷ	1
じんみー	1
ずいんみー	2
じーじゃん	0
じーずに	1
じいそすてあ	4
じーそすてあ	4
じーなす	1
じにあす	1
じーにあす	1
ぢにあす	1
すぃきゅおす	3
すいきゅおす	3
すいげんしす	3
すいげんすぃす	3
すいちゃぷ	1
すいっちゃー	2
すいまーず	1
すいむ	1
すいむうぇあー	4
すいむうえあ	5
すいんがー	2
すうぃんがー	2
すうぃんがーず	2
すいんぎんぐ	2
すいんぐれあ	4
すうぃんぐれあ	5
すいーてぃー	2
すうぃーてぃ	2
すいーとはーと	5
すいとぴー	3
すいーとぴー	4
すぃーぱー	2
すいーぱ	2
すいーぱー	2
すうぃえてにあ	4
すいふと	1
すうぃふと	2
すうぇだな	0
すうぇっじ	2
すうぇる	1
すえー	2
すうぉーむ	2
すうぉっしゅ	2
すうっしゅ	2
すうーしゅ	2
すえーじんぐ	2
すうぇーど	0
すえーど	0
すおなー	1
すおみ	1
すかいだいびんぐ	4
すかいらいなー	4
すかいらいなーず	4
すかいらーく	4
すかうてぃんぐ	0
すかっしゅ	2
すかっちんぐ	0
すかっぱー	2
すかとろ	0
すかとろじー	3
すかとーる	3
すかのーぜりん	3
すかびおさ	3
すかべんじゃー	3
すかむ	1
すからしっぷ	4
すからーしっぷ	5
すからっぷ	3
すきゃろっぷ	3
すからぶ	0
すからべ	0
すからむーしゅ	4
すからー	2
すからーず	2
すかるぷ	2
すきゃるぷ	2
すくるぷ	2
すかるぷたー	3
すかるん	1
すかんく	2
すかんじうむ	4
すかんぴ	2
すかんぽ	2
すかーぴばーん	5
すかれっと	2
すかれつと	2
すかーれっと	2
すきあーば	3
すきあーゔぁ	3
すきうるす	3
すきぐる	2
すくぃぐる	2
すくいぐる	2
すきこん	0
すきさめとにうむ	6
すきしぶぞん	4
すきぞ	2
すきっぞ	2
すきぞふれにあ	5
すきっしゅ	2
すきっだー	2
すきっつぉいど	4
すきっと	2
すきっとぅるず	2
すきっとる	2
すきっど	2
すきつど	2
すきっぴー	2
すきっぷじゃっく	5
すきっぷと	2
すきにぃ	2
すきにー	2
すきふ	1
すきまー	0
すきみあ	2
すきむ	1
すきめん	1
すきゃたー	0
すきゃったー	0
すきゃっと	2
すきゃっぱにずむ	5
すきゃっぶ	2
すきゃてぃ	1
すきゃてぃー	2
すきゃにんぐ	0
すきゃんだりずむ	5
すきゃんてぃー	2
すきゅら	1
すきゅーたむ	2
すきゅーば	2
すきゅーばー	2
すくーば	2
すきるす	1
すきるど	2
すきれっと	3
すきんく	2
すきんしっぷ	4
すきんへっど	4
すきーと	2
すくあまとぅす	4
すくあらみん	0
すくあれん	3
すくいじー	3
すくいど	2
すくいーざー	3
すくいーず	3
すくうぇいんふるてぃ	6
すくえあーど	3
すくてらりあ	4
すくでっと	3
すくーでっと	2
すくぴら	0
すくらっち	3
すくらっぷぶっく	6
すくらば	0
すくらばー	3
すくらぶる	3
すくらるふぁーと	5
すくらろーす	4
すくらんだー	3
すくらーぜ	3
すくりじゅー	3
すくりぶる	3
すくりぷたー	3
すくりぷてぃんぐ	3
すくりめーじ	4
すくりーみんぐ	3
すくると	2
すくれいぷ	3
すくれろかくとぅす	5
すくれろてぃおらむ	5
すくれんき	3
すくれいぱー	3
すくれーぱ	3
すくれーぱー	3
すけっぱー	2
すくれいぴー	3
すくれーぴー	3
すくれーぷどーざ	6
すくれーぷどーざー	6
しゅーくろーす	4
すくろーす	3
すくうぉったー	3
すくわったー	3
すくわっど	3
すくわらん	3
すくーでりあ	4
すくーなー	2
すくーらー	2
すぐっと	2
すけじゅーりんぐ	0
すけっく	2
すけっちぶっく	5
すけっちゃー	2
すけっちゃーず	2
すけぶ	0
すけぷしす	2
すけぼー	0
すけりぐ	0
すけりどさうるす	5
すけるぜり	3
すけるつぁんど	2
すけるつぉ	2
すけれっと	3
すけーとぼーど	5
すけーぷごーてぃんぐ	5
すけーぷごーと	5
すけーらびりてぃー	5
すこあぶっく	4
すこあらー	2
すこいあびりす	4
すこっつ	2
すこてぃっしゅ	3
すこてっしゅ	3
すこふたるみだえ	6
すこぽふぃりー	4
すこむぶるす	4
すこむべる	3
すこや	2
すこら	2
すこりあ	2
すこりや	2
すこるじん	2
すこれー	1
すころさうるす	4
すころぱくす	4
すこんく	2
すこーかー	2
すじゃ	1
すたいらいず	4
すたいらす	2
すたいるぶっく	5
すたいろ	2
すたいろぐろっさす	6
すたいんぴるす	5
すたうと	2
すたぐねーしょん	4
すたぐふれーしょん	5
すたじゃん	0
すたせん	0
すたちゅー	2
すたちん	2
すたっかー	2
すたつかー	2
すたっかーと	4
すたっぐ	2
すたっこ	2
すたっず	2
すたっつ	2
すたっど	2
すたつど	2
すたっとれす	2
すたっどれす	2
すたてぃすてぃかる	3
すたちすちく	4
すたちすちっく	5
すたてぃすてぃっく	5
すたてぃすてぃっくす	5
すたてっど	3
すたぱ	0
すたびらいざ	4
すたびらいざー	4
すたびりちー	3
すたびりてぃ	3
すたびりてぃー	3
すたぶ	1
すたぺりあ	3
すたぼーん	3
すたりおん	2
すたんざ	2
すたんしょん	2
すたんだっぷ	4
すたんだーだいぜーしょん	8
すたんだーと	4
すたんつ	2
すたんどおふ	5
すたんぴんぐ	0
すたんぴーど	4
すたーた	2
すたーたー	2
すたーだむ	2
すたーち	2
すたーちす	2
すたーちど	2
すたーつすうぇれーねーてーと	11
すたーつすうえれーねーてーと	11
すたーとあっぷ	5
すたーとあっぷす	5
すたーのはいおいど	7
すてるのはいおいど	7
すたーびー	2
すたーぼーど	4
すたーらっぷ	4
すたーらつぷ	4
すたーらー	2
すたーらーず	2
すたーりにすと	5
すたーりにずむ	5
すたーりんぐ	2
すてるりんぐ	4
すたーりー	2
すたーれっと	2
すちふにん	0
すちまらまー	3
すちゅわーど	3
すてゅわーど	3
すちゅーでんつ	2
すちゅーでんと	2
すてゅーでんと	2
すちれん	1
すちんぷ	2
すちーま	2
すちーまー	2
すちーむ	2
すてぃーむ	2
すちーむど	2
しちんぼーる	4
すちーむぼーと	5
すっく	1
すつぢい	1
すったにぱーた	5
すっちー	1
すつーる	2
すとぅーる	2
すてあろ	0
すてあろいる	4
すてあー	2
すてぃぐま	2
すちふ	1
すてぃっふ	2
すてぃふ	1
すてぃぴとぅるす	4
すちっぷれーしうん	5
すちぷれーしょん	4
すてぃぴゅれーしょん	4
すちふなー	2
すてぃふなー	2
すてぃみゅらす	2
すてぃらこさうるす	5
すてぃる	1
すてぃろ	1
すてぃんがー	2
すてぃんぐれー	2
すてぃんと	2
すてぃーど	2
すてぃーぷるちぇいす	6
すていやー	2
すてがのぐらふぃー	5
すてごさうるす	4
すてごてきすと	4
すてごでーた	4
すてごでーたー	4
すてっぴんぐ	0
すてっぷとろにっく	7
すてでぃかむ	3
すてでぃ	2
すてでぃー	2
すての	1
すてのぐろってぃす	5
すてのぐろってす	5
すてのにこ	3
すてのにこさうるす	6
すてのれぴす	4
すてびあ	2
すてびおさいど	5
すてびおしど	4
すてふぁのてぃす	4
すてみんぐ	2
すてられーた	4
すてられーたー	4
すてらー	1
すてらーず	1
すてりらいざー	4
すてりん	2
すてるす	2
すてるな	2
すてるねぼり	4
すてるべん	2
すてるんべるぎあ	5
すてれおぐらむ	5
すてれおたいぷ	5
すてろたいぷ	4
すてれおほにっく	5
すてれおほにつく	5
すてれおふぉにー	5
すてれおほにー	5
すてろーる	3
すてんしりんぐ	0
すてんしる	2
すてんたーな	4
すてんとれす	2
すていくほるだー	5
すてーくほるだー	5
すてーくほるだーず	5
すてーくほーるだー	5
すてーしょなりー	2
すてーする	2
すてーたー	2
すてーつまん	2
すてーとまん	2
すてぃーぶる	2
すてーぶる	2
すてーぷらー	2
すていぷる	2
すてーぷる	2
すてーる	2
すとあど	0
すとあーど	3
すといしずむ	4
すとぅでぃおろ	3
すとぅーぱ	2
すとうぇーじ	3
すとがー	1
すとけしあ	3
すとっかー	2
すとぱ	0
すとぱー	0
すとま	1
すとまい	0
すとまっかー	3
すとらいき	3
すとらいど	3
すとらいぷと	3
すとらくたぷる	3
すとらくちゃりんぐ	3
すとらくちゃーど	3
すとらくてむ	3
すとらぐりんぐ	3
すとらたす	3
すとらちゃてっら	5
すとらっぐる	3
すとらっつ	3
すとらっと	3
すとらてぃおてす	4
すとらてじすと	5
すとらどりんぐ	5
すとらっどる	3
すとらどる	3
すとらばいと	4
すとらばがんて	5
すとらゔぁがんて	5
すとらばがんてぃ	5
すとらゔぁがんてぃ	5
すとらばがんと	5
すとらゔぁがんと	5
すとらんぐる	3
すとらんぼっと	5
すとらんうぁえしあ	6
すとらんわえしあ	6
すとらーだ	3
すとらーと	3
すとりあてっど	5
すとりきにーね	5
すとりくとりー	3
すとりこ	2
すとーりこ	2
すとりごぷす	4
すとりじろーすむ	5
すとりっぱ	3
すとりっぱー	3
すとりっぴんぐ	3
すとりっぷ	3
すとりんぐす	3
すとりんじぇんど	5
すとりーきんぐ	3
すとりーく	3
すとりーま	3
すとりーまー	3
すとるげ	2
すとるてるしい	4
すとるてるすぃい	4
すとれいん	3
すとれすふる	4
すとれっさー	3
すとれっちんぐ	3
すとれぷと	3
すとれぷとかーぱす	6
すとれぷとどるなーぜ	8
すとれぷとまいしん	6
すとれぷとまいせす	6
すとれりゃーち	4
すとれれっつ	3
すとれれーつ	4
すとれんぎす	3
すとれんぐす	3
すとれんぐすず	3
すとれんじ	3
すとれんじねす	3
すとれんじあ	3
すとれんじゃー	3
すとれんぢあ	3
すとれんすなー	3
すとれーが	3
すとれーじ	3
すとれいつ	3
すとれーつ	3
すとれーとにんぐ	0
すとれーな	3
すとれーなー	3
すとろがのふ	4
すとろびふぉるみす	5
すとろびらんせす	5
すとろふぁんちん	4
すとろふぁんつす	4
すとろふあんつす	4
すとろふるす	4
すとろま	0
すとろまとらいと	6
すとろんがー	3
すとろんじろいど	6
すとろんちあないと	7
すとろんちうむ	5
すとろんちゅーむ	5
すとろーふぃ	3
すとんぼ	2
すとーく	2
すとーにー	2
すとーま	2
すとーまー	2
すとーみんぐ	2
すとーみー	2
すとーむ	2
すとーりーてらー	6
すとーんうぉっしゅ	5
すないどる	2
すないぱー	2
すないぷ	2
すなっぐ	2
すなっち	2
すなっちゃー	2
すなっぱー	2
すなっふ	2
すなり	1
すなーる	2
すにぇむ	1
すにえむ	1
すにちにぶ	3
すにっち	2
すにふたー	2
すにーく	2
すにーじー	2
すにーず	2
すぬーず	2
すぬーど	2
すねあ	2
すねあー	2
すねいる	2
すねーくうっど	5
すのっぶ	2
すのびすむ	3
すのびずむ	3
すのぼ	0
すのぼー	0
すのも	1
すのーうぃー	2
すのーういー	2
すのーかっく	4
すのーざー	2
すのーしゅー	4
すのーぼーだー	4
すばばーば	3
すゔぁばーゔぁ	3
すぱあい	0
すぱいすど	2
すぱいだー	2
すぱいだーず	2
すぱいろめとりー	5
すぱいろめーたー	5
すぱうと	2
すぱくり	0
すぱげってぃーに	5
すぱこん	0
すぱしーぼ	3
すぱしお	2
すぱじお	2
すぱじりっく	4
すぱすむ	2
すぱずむ	2
すぱったりんぐ	2
すぱったれす	2
すぱった	2
すぱったー	2
すぱっつ	2
すぱてぃふぃらむ	4
すぱてぃふぃるむ	4
すぱな	2
すぱなー	1
すぱにえる	2
すぱにえーる	4
すぱにょれった	4
すぱにんぐ	0
すぱるたきあーだ	6
すぱるたきあーど	6
すぱるてぃな	3
すぱろー	2
すぱんかー	2
すぱんぐりっしゅ	2
すぱんでっくす	4
すぴあーの	3
すぴざえとぅす	4
すぴっかーと	4
すぴっと	2
すぴっとふぁいあ	5
すぴっとぼーる	5
すぴなっち	3
すぴなべ	0
すぴなー	2
すぴんなー	2
すぴねる	2
すぴねーかー	3
すぴのる	2
すぴのーる	3
すぴぺろん	0
すぴらくしだえ	5
すぴらくすぃだえ	5
すぴらぷらずま	5
すぴろぷらずま	5
すぴらる	1
すぴらんといです	6
すぴらー	1
すぴらーず	1
すぴりちゅありすと	6
すぴりちゅありてぃ	5
すぴりちゅありてぃー	5
すぴるおーばー	4
すぴるら	2
すぴろ	1
すぴろのとぅす	4
すぴろへーた	4
すぴろへーたー	4
すぴろべんぞぴらん	7
すぴんどる	2
すぴーきんぐ	2
すぴーく	2
すぴーくいーじー	5
すぴーげる	2
すぴーしーず	2
すぴーでっど	2
すぴーどうぇい	5
すぴーどる	2
すぴーる	2
すふぁるでぃー	2
すひんくす	2
すふぃんくす	2
すふいんくす	2
すふぃんご	2
すふぃんごりぴっど	5
すふぇのどん	3
すふぇろめーたー	4
すふぇーん	2
すふぉるつぁんど	4
すふまーと	3
すふりぇれ	3
すふれ	1
すぶらーき	3
すぶろばた	3
すぶろばーた	4
すぷまんて	3
すぷらい	2
すぷらいさー	3
すぷらいしんぐ	3
すぷらいす	3
すぷらいん	2
すぷらうと	3
すぷらたすと	4
すぷらっしゅ	3
すぷらった	3
すぷらったー	3
すぷらっぱ	3
すぷらっぴ	3
すぷらとぅす	3
すぷらなしょなる	4
すぷりあす	2
すぷりっぐ	3
すぷりった	0
すぷりんくら	3
すぷりんたー	3
すぷりんたーず	3
すぷる	1
すぷるーす	3
すぷれきゅあ	3
すぷれけりあ	4
すぷれっく	3
すぷれだー	3
すぷれっだ	3
すぷれっだー	3
すぷれっど	3
すぷれっどしーと	6
すぷれましー	3
すぷれんげりー	5
すぷれんだー	3
すぷれんでぃーど	5
すぷろけ	0
すぷろけっと	4
すぷろーる	3
すぷーとにく	4
すぷーふぃんぐ	0
すぷーる	2
すべーちく	2
すゔぇーちく	2
すぺあ	2
すぺあー	2
すぺあーず	2
すぺあな	0
すぺあみんと	2
すぺありぶ	4
すぺいしー	2
すぺきおすす	4
すぺきゅらー	2
すぺきゅれいてぃぶ	4
すぺきゅれてぃぶ	4
すぺきゅれーてぃぶ	4
すぺくてーたる	4
すぺくとるーむ	5
すぺくとらる	2
すぺくとろぐらふ	6
すぺくとろめーた	6
すぺくとろめーたー	6
すぺこ	1
すぺしうむ	3
すぺしおすす	4
すぺしふぃけーしょん	5
すぺしふぃしてぃー	4
すぺしゃりて	3
すぺしゃりてぃ	3
すぺしゃりてぃー	3
すぺしゃりてぃーす	3
すぺしゃりてぃーず	3
すぺしゃるてぃ	3
すぺっくる	2
すぺらんかー	3
すぺらんつぁ	3
すぺりおる	3
すぺるきりおさ	5
すぺるたー	2
すぺるま	2
すぺんでぃんぐ	0
すぺーさ	2
すぺーさー	2
すぺーしゃる	2
すぺーしんぐ	0
すぺーしー	2
すぺーど	0
すほーど	2
すぽいと	0
すぽいるど	2
すぽかじ	0
すぽじゃす	2
すぽっく	2
すぽったー	2
すぽってんぐ	0
すぽってぃ	2
すぽってぃー	2
すぽってっど	2
すぽどり	0
すぽぶら	0
すぽらでぃっく	4
すぽるてぃーぼ	4
すぽれく	2
すぽろぞいと	4
すぽろとりこーしす	6
すぽろとりくす	5
すぽろとりっくす	5
すぽんじんぐ	0
すぽんぜる	2
すぽんたにあてぃー	5
すぽんたにえてぃー	5
すぽんでぃおす	4
すぽうく	2
すぽーく	2
すぽーくすぱーそん	6
すぽーくん	2
すぽーつしゅーれ	5
すぽーつまん	4
すぽーつまんしっぷ	7
すぽるてぃーふ	4
すぽーてぃふ	2
すぽるてぃんぐ	2
すぽーてぃんぐ	2
すぽーにんぐ	2
すぽーん	2
すまいらっくす	4
すまいりんぐ	2
すまとりぷたん	5
すまぱん	0
すまぶら	0
すまふぉ	0
すまほ	0
すみあ	1
すむこん	1
すむーじー	2
すむーじーず	2
すむーずねす	2
すめありんぐ	0
すめくたいと	2
すめるず	1
すめるてぃんぐ	4
すめるてぃんぐず	4
すもっきんぐ	2
すもっく	2
すもーかー	2
すもーかーず	2
すもーがすぼーど	6
すもーく	2
すもーぶろー	5
すらいさ	2
すらいさー	2
すらいしんぐ	0
すらいて	2
すらいばー	2
すらいむ	2
すらすたー	2
すらすと	2
すらっかー	2
すらっがー	2
すらっしゃー	2
すらっじ	2
すらったー	2
すらぶちぃか	3
すらぶちか	3
すらぶてぃか	3
すらりー	1
すらんと	2
すらんばりる	4
すらんばー	4
すらんぷ	2
すりかた	0
すりかーた	3
すりっかー	2
すりったー	2
すりっと	2
すりっぱー	2
すりっぷす	2
すりっぷるす	2
すりっぺりー	4
すりぺりー	3
すりっぺーじ	4
すりふと	2
すりみんぐ	3
すりんぐしょっと	5
すりんだく	2
すりーぱー	2
すりーぴんぐ	2
すりーぶれす	4
すりーまー	2
するたむ	1
さるたん	1
するたん	1
するとぷりど	4
するとん	1
するない	0
するば	1
するぴりど	3
するぴりん	0
するふぁぐあにじん	6
さるふぁだいあじん	6
するふぁじあじん	5
するふあじあじん	5
するふぁたーぜ	4
するふあたーぜ	4
するふぁにる	3
するふあにる	3
するふぁにるあみど	6
するふあにるあみど	6
するふぁぴりじん	5
するふあぴりじん	5
するふぁみん	0
するふぁめときさぞーる	8
するふぁもいる	4
するふぁもいるべんずあみど	10
するふあもいるべんずあみど	10
するふぃど	0
するふいど	0
するふぃにる	3
するふいにる	3
するふぇなもいる	5
するふえなもいる	6
するふぉにうむ	4
するふぉらふぁん	4
するふぉん	1
するふぉんあみど	5
するふりる	3
するぷろほす	4
するほ	4
するほきしる	4
するほてっぷ	4
するほなとべんじる	6
するほなーる	4
するふぉにる	3
するほにる	3
するふぉにるうれあ	6
するほにるうれあ	6
するほめちゅろん	4
するほめつろん	4
するほん	1
するーぷ	2
するーぷっと	4
すれっでぃんぐ	0
すれなくす	3
すれん	1
すれーき	2
すれーぶりー	2
すろったー	2
すろっぷ	2
すろとれ	0
すろーと	2
すわすちか	3
すわっぐ	2
すわっち	2
すわっぴんぐ	2
すわでし	2
すわでーし	3
すわらーじ	3
すわろ	1
すわろうている	5
すわろーてーる	5
すわんぷ	2
すわーみー	2
すんくす	1
すんころく	3
すんでくっ	0
すんな	1
すむま	1
すんま	1
すんよん	1
すぅいんらー	3
すーいんらー	3
すーく	1
すーくーす	3
すーざふぉん	1
すーざほん	1
すーしゃ	1
すーじんぐ	0
すーず	1
すーてぃつぁい	3
すーとら	1
すーにゃ	1
すーはい	0
すーぱーいんぽーず	7
すーぱーおきさいど	5
すーぱーかりふらじりすてぃくえくすぴありどーしゃす	20
すーぱーちゃーじゃー	5
すーぱーはいうえー	8
すーぱーばいざー	5
すーぱーもたーど	6
すーふぃいずむ	4
すーふぃずむ	3
すーふぃ	1
すーふぃー	1
すーふい	1
すーぷてぃっく	4
すーぷれっくす	4
すーぷーさん	3
すーぶにーる	4
さぺりあー	2
すぺりおーる	4
すーぺありあ	4
すーぺりあ	3
すーぼ	1
すーまお	1
すーみー	1
すーるない	1
ずおふぉん	1
ずぐろっぴーの	5
ずこっと	2
ずだ	1
ずた	1
ずっぱ	1
ずどらーすとびーちぇ	7
ずどらーすとゔぃーちぇ	7
すふぁじらん	3
ずふぁじらん	3
ずぶあら	0
ずぶろっか	3
ずべずだ	2
ずみるっくす	3
ずむさた	0
ずるな	1
ずるびれあ	3
ずるほなーる	4
ずるほん	1
ずろおす	2
ずろーす	2
ずーく	1
ずーまー	1
ずーみんぐ	0
ずーるはーね	4
せいうち	0
せいくりっど	4
せいくれっど	1
せいちぇんと	1
せいばー	1
せいぼりー	1
せいゔぉりー	1
せいみ	1
せいんほいん	4
せおどらいと	4
せおりすと	3
せおれてぃかる	3
せかんと	1
せかんどねす	2
せかんどはんど	5
せきそびっと	4
せきゅらりずむ	4
せきゅらー	1
せきゅりたいぜーしょん	6
せくしずむ	3
せくしょなりずむ	5
せくすありす	4
せくすてっと	4
せくそろじー	3
せくと	1
ぜくて	1
せくふれ	0
せくぶたばるびたーる	8
せくらる	1
せくれたり	3
せくれたりー	3
せくれたーぜ	4
せくれちん	3
せぐめんたる	3
せぐらんさ	3
せぐれた	0
せこいあ	2
せこいや	2
せここら	0
せここれすた	4
せこはん	0
せこばるびたーる	6
せこぷれぐな	4
せこんだり	2
せこんだりー	2
せさみ	1
せざむ	1
せさみん	1
せしうむ	2
せすき	1
せすた	1
せすとらむ	3
せたん	1
せだくしょん	2
せだむ	1
せちぷちりん	3
せって	1
せつきしまぶ	4
せつる	1
せっつるめんと	3
せつつるめんと	3
せつるめんと	1
せてぃげるむ	3
せでぃる	1
せでぃーゆ	2
せでぃーる	2
せときしじむ	4
せとくれあせあ	5
せとび	1
せとらきさーと	5
せとり	0
せとりもにうむ	5
せとろれりくす	5
せどっそ	2
せどるす	1
せどろ	1
せなんぐ	2
せなーと	2
しーにっく	1
せにっく	1
せにょりーた	3
せにょーら	2
せにょれ	1
せにょーれ	2
せにんぐ	1
せねが	1
せねきお	0
せねしお	2
せねすとぱちー	4
せねたー	1
せねと	1
せねましー	2
せのーる	2
せばこいる	3
せばしん	0
せぱぞん	1
せぱたくろー	3
せぱらぶる	3
せぱれーしょん	3
せぱーれーと	4
せびっと	1
せびめりん	0
せぴありあ	3
せぴおてぃうちす	4
せぴおら	0
せふぁいど	2
せふぁぞりん	0
せふぁまいしん	3
せふぁらんちん	3
せふあらんちん	3
せふぁらーど	3
せふぁりぷてらむ	4
せふぁるでぃ	2
せふぁるでぃむ	2
せふぁれきしん	3
せふぁろぐらむ	4
せふぁろすぽりなーぜ	7
せふぁろすぽりん	5
せふぃーろ	2
せふぃーろーと	4
せふぉたきしむ	3
せふぉちあむ	2
せふじにる	3
せふぞん	1
せふと	1
せふれ	0
せぶりい	1
せぶりゐ	1
せぶんす	1
せぶんてぃ	2
せぶんてぃー	2
せぶんてぃーす	4
せぶんてぃーんす	4
せぷたー	1
せぷちん	1
せぷてんとりおなりす	7
せぷてんばー	3
せぷとあぎんた	5
せぷとぅあぎんた	5
せべるなや	3
せーべるなや	4
せーゔぇるなや	4
せぼふるらん	4
せぽい	1
せまうる	2
せまち	1
せまな	1
せまふぉあ	0
せみお	0
せみおてぃっく	4
せみかるばじど	5
せみくろーずど	4
せみころん	3
せみこんだくた	5
せみすちーる	4
せみちずむ	3
せみてぃずむ	3
せみとれーらー	4
せみどきゅめんたりー	5
せみなりお	3
せみなりよ	3
ぜみなりお	3
せみなりー	2
せみのーま	3
せみぴぼっとれす	4
せみぷろふぇっしょなる	5
せみめんぶれん	3
せみょん	1
せみよん	1
せむてっくす	3
せむのぴてくす	4
せめすたー	1
せめたりー	1
せめだいん	3
せめんたいと	4
せめんてーしょん	4
せもりな	2
せらちあ	0
せらっく	2
せらとしすてぃす	4
せらばん	0
せらばんど	3
せらぴすと	3
てらぴすと	3
せらぴむ	1
せらぴゅーてぃっく	3
せらぴゅーてぃっくす	5
せらぷれい	4
せらぷれー	4
せらみっくす	3
せらみど	0
せらむ	1
せろむ	1
せらや	1
せらーど	2
せらーの	2
せらーむるっく	5
せりうむ	2
せりか	1
せりしん	1
せりばすたちん	4
せりぷろろーる	5
せりゅろてらぴー	4
せりる	1
せりん	1
せりんぐ	0
せるうぇんと	3
けるかりあ	3
せるかりあ	3
せるくる	1
せるけむ	1
せるしん	1
せるそーば	3
せるたす	1
せるたん	1
せるだぶ	1
せるてぃっく	1
せるてくと	3
せるとらりん	4
せるとり	0
せるぬあ	0
せるば	1
せるばんてぃーの	5
せるびす	1
せるびたす	3
せるふあどひーしぶ	6
せるふぃゆ	3
せるふぃーゆ	3
せるふさーびす	4
せるふめでぃけーしょん	6
せるふれすねす	3
せるべっくす	3
せるぺんちな	3
せるぺんてぃな	3
せるみん	1
せるもろいきん	4
せるらいと	3
せるら	1
せるらー	1
せるらーぜ	3
せるりあ	2
せるりあく	3
せるりあっく	4
せろりあっく	4
せるりあん	2
せるろいど	3
せるろぷらすみん	5
せるろーす	3
せるろーず	3
せれうす	1
せれきのん	0
せれぎりん	0
せれくたびじょん	5
せれくちん	0
せれくてぃびてぃ	4
せれくてぃびてぃー	4
せれこきしぶ	4
せれすたみん	0
せれそん	1
せれなーた	3
せれなーで	3
せれなーど	3
せれなーる	3
せれにうむ	3
せれねーす	3
せれの	1
せれのしあん	3
せれぶらむ	3
せれぶりてぃ	3
せれぶりてぃー	3
せれぶれてぃ	3
せれぶれいしょん	4
せれぶれーしょん	4
せれぶろしど	4
せれりあ	2
せれりてぃー	2
せれれがんす	2
せれろいず	3
せるろん	1
せれろん	0
せれん	1
せれんでぃぴてぃ	4
せれんでぃぴてぃー	5
せろくうぇる	3
せろくえる	3
せろじね	2
せろそるぶ	3
せろてーぷ	3
せろとにん	0
せろふぁん	1
せろり	1
せるりー	1
せろりー	1
せろー	1
せろーむ	2
せんこる	1
せんさりんぐ	0
せんしぇんす	1
せんしてぃびてぃ	4
せんしてぃびてぃー	4
せんしびりてぃー	4
せんしゅありずむ	5
せんしゅありてぃ	4
せんしんぐ	0
せんせーしょなりずむ	7
さんさしよん	3
せんせいしょん	3
せんせーしょん	3
せんせーしょんず	3
せんちねりあん	4
せんちねる	1
せんちめんたりすと	7
せんちめんたりずむ	7
せんちめんと	4
せんてぃめんと	1
せんちゅりおん	3
せんちぴーど	4
せんてぃぴーど	4
せんてっど	1
せんでぃんぐ	0
せんでろ	0
せんとうれあ	4
せんとぽりあ	4
せんとぽーりあ	4
せんとらんさす	4
せんとりっく	4
せんとりー	1
せんど	1
せんな	1
せんのしど	3
せんぱふろーれんす	5
せんぷれ	0
せんみー	1
せんれっく	3
せーにょ	1
せーばく	0
せーゔぁく	0
せいばーず	1
せーばー	1
せいびんぐ	0
せーびんぐ	0
せーびんぐす	1
せーぶる	1
せーみ	1
せーらす	1
せいりえんす	1
せーりえんす	1
ぜあ	1
ぜいでいふら	3
ぜおらいと	3
ぜくす	1
ぜくつぃおーん	4
ぜすとろみん	0
ぜすぽちーす	4
ぜぜ	1
せせっしょん	2
ぜつぇしおん	3
ぜつぇっしぉん	2
ぜつぇっしおん	2
ぜど	1
ぜなどりん	0
ぜにす	1
じぇねらりすと	4
ぜねらりすと	4
ぜふぁー	1
ぜふぃらんさす	3
ぜふぃるす	1
ぜぶ	1
ぜぶら	1
ぜまんてぃっく	2
ぜむ	1
ぜむすとぼ	3
ぜむすとゔぉ	3
ぜむつい	1
ぜらにうむ	3
ぜらにゅうむ	3
ぜらにゅーむ	3
ぜらにかむ	2
ぜりあさっかー	4
ぜるぶすと	3
ぜろあな	0
ぜろぐらふぃ	3
ぜろぐらふぃー	3
ぜろっと	2
ぜんめる	1
ぜーげるこーん	5
ぜーるぷすとれふぁれんつ	7
そあら	1
そあらー	1
そありんぐ	0
そあーべ	2
そいる	1
そうらば	0
そうらゔぁ	0
そうるど	0
そえんめるりんぎぃ	6
そえんめるりんぎー	6
そか	1
そかろ	1
そさいえてぃ	2
そさいえてぃー	2
そさいちー	2
そさいてぃ	2
そさいてい	2
そさえちー	2
そさえてぃ	2
そさえてぃー	2
そしえて	2
そしえだ	2
そしお	1
そしおぐらむ	4
そしおでもぐらふぃっく	8
そしおばいおろじー	6
そしおめとりー	4
そしおろじー	3
そすてぬーと	4
そせごん	1
そたろーる	3
そっふぃお	1
そっふぃおーね	4
そてぃえ	1
そじうむ	2
そとあやん	3
そとこと	0
そとれーなー	3
そどみー	0
そなぎ	1
そなちね	0
そにまに	0
そぬす	1
そねっと	1
そのぐらふ	3
そのぶい	3
そのらす	1
そのらんと	1
そのりてぃ	2
そのりてぃー	2
そばぁ	1
そばーじゅ	2
そゔぁーじゅ	2
そびえつかや	4
そゔぃえつかや	4
そびえてぃくす	4
そぴすてーす	4
そふぁるこん	2
そふぃあ	1
そふぃすてぃけいてっど	5
そふぃすてぃけーしょん	5
そふぃすと	2
そふゐすと	2
そふとかばー	4
そふとなー	1
そふなー	1
そふにんぐ	1
そふび	0
そふほーず	3
そほーず	2
そふろにぜーしょん	5
そふろにてぃす	4
そふろりみなる	4
そふろろじー	3
そぶく	1
そぶぞきさん	3
そぶらえてぃー	3
そぶりあ	2
そぶりん	1
そゔりん	1
そぶれめんぬい	4
そぶわ	1
そぷらにーの	4
そぷらーに	3
そまとすたちん	5
そまととろぴん	5
そまとめじん	4
そまとれりん	0
そまん	1
そむたむ	1
そむにふぇるむ	4
そめりん	1
そもかーみ	3
そもに	1
そらなっくす	3
そらに	1
そらふぇにぶ	3
そらふえにぶ	3
そらめんて	3
そらりあ	2
そらりぜーしょん	4
そらんどら	2
そりた	1
そりたー	1
そりだす	1
そりだりてぃー	3
そりてぃすと	3
そりとん	1
そりふぇなしん	0
そりふえなしん	0
そりふらくしょん	4
そりぶじん	0
そりゅぶる	1
そるがむ	1
そるごー	1
そるじゃー	1
そるじゃーず	1
そるぢやー	1
そるだむ	1
そるだ	1
そるだー	1
そるてっど	1
そるなー	1
そるばー	1
そるびたん	0
そるびっと	3
そるびとーる	4
そるびん	1
そるびんぐ	0
そるふぇーじゅ	3
そるべんしー	3
そるべんと	3
そるぺい	1
それあ	1
それあいと	3
それいゆ	2
それのいど	3
それのぷしす	4
それのぷすぃす	4
それむにす	3
そろこん	0
そろぷちみすと	5
そろりてぃー	2
そろれーと	3
そわれ	1
そんさん	1
そんじゅ	1
そんてう	1
そんねい	0
そんぶら	1
そーいんぐ	1
そーころ	0
そーさらー	1
そーさりー	1
そーさー	1
そしありすむ	4
そしありずむ	4
そーしゃりずむ	4
そーしゃりぜーしょん	5
そーしゃりてぃ	3
そーしゃりてぃー	3
そーず	1
そーたー	1
そーどてーる	4
そーに	1
そーぷれす	1
そーまちん	0
そーまとろーぷ	5
そーらい	0
そりー	1
そーりぃ	1
そーりー	1
そるど	1
そーるど	1
ぞえあ	1
ぞすてろぷす	4
ぞつぃあーる	3
ぞてぴん	1
ぞでぃあっく	1
ぞにさみど	3
ぞぴくろん	2
ぞぴくーる	3
ぞぴばん	0
ぞらいずむ	3
ぞらでっくす	3
ぞるぴでむ	3
ぞるみとりぷたん	5
ぞるれん	1
ぞれん	1
ぞれどろん	3
ぞんかっく	3
ぞんだ	1
ぞんで	1
ぞんび	1
ぞんびー	1
ぞーいえ	1
ぞーえとろーぷ	5
ぞーとろーぷ	4
ぞーな	1
ぞーね	1
たいいんぐ	1
たいごん	1
たいず	1
たいにー	1
たいはお	1
たいぴすと	3
たいぴん	1
たいふぉいど	3
たいほいど	3
たいぽぐらふぃ	4
たいぽぐらふぃー	4
たいぽろじー	3
たいむきーぱー	4
たいむてーぶる	4
たいむれす	1
たいらんと	1
たいれりあ	3
たいわにーず	4
たうあり	0
たうがす	1
たうひーど	3
たうら	1
たうりん	1
たうんうえあ	5
たうんしっぷ	4
たえにうら	3
たおいすと	3
たおちー	1
たぉばら	0
たおばら	0
たおるけっと	4
たかるしとーる	5
たがめっと	3
たがやさん	3
たきえ	1
たきおん	1
たきしんぐ	3
たきすと	2
たきすとすこーぷ	6
たきそてーる	4
たきそーる	3
たきゅーる	2
たきん	1
たくぜーしょん	3
たくそのみー	3
たくてぃしゃん	3
たくてぃっく	3
たくてぃっくす	3
たくりん	1
たくりーど	3
たくろりむす	4
たぐぼーと	3
たけぷろん	2
たこぐらふ	3
たこめーたー	3
たじん	1
たすまにあん	3
たたりか	2
たたー	1
ただらふぃる	3
ただらふいる	3
たっか	1
たっきんぐ	0
たっこむたん	3
たっさー	1
たっせおぐらふぃー	5
たっせる	1
たっちだうん	4
たっつぇるぶるむ	5
たっつぇるゔるむ	5
たっぱ	1
たっぱー	1
たっぱうぇあ	4
たっぱーうぇあ	5
たっぱーうえあ	6
たっぷみのー	4
たとぅ	2
たとぅー	2
たとぬまん	2
たないす	2
たなとろじー	3
たぬぴー	1
たはりーる	3
たふりる	1
たばろて	0
たばーど	2
たばーん	2
たゔぁーん	2
たぱ	1
たぱす	1
たひかるじい	3
たひかるじー	3
たひかるでぃあ	4
たひちあん	2
たひぼ	1
たひゃんさり	2
たひーな	2
たふぃ	1
たふぃー	1
たふぇっと	1
たふぉのみー	2
たふた	1
たふてぃんぐ	0
たふてっど	3
たふと	1
たふねす	1
たふるぷろすと	5
たぶじぇんい	3
たぶたぶ	0
たぶら	1
たぶらお	0
たぶらちゅあ	3
たぶらー	0
たぶりえ	2
たぶれ	1
たぶろーず	3
たぷすす	1
たぷなーど	3
たぷる	1
たべぶいあ	3
たべるな	2
たゔぇるな	2
たべるなえもんたな	6
たべるなもんたな	5
たぴすり	2
たぴすりー	2
たぺすりー	2
たぺん	1
たぺーたむ	2
たぼ	1
たまらお	0
たまりくす	3
たまりすく	3
たまりろ	0
たまりん	1
たまりんど	3
たみばろてん	3
たみふる	1
たむすろしん	4
たむたむ	1
たもきしふぇん	4
たもきしふえん	4
だらい	1
たらごん	1
たらせうす	3
たらそいか	3
たらたいか	3
たらっしおふぃるむ	6
たらぽるふぃん	0
たらぽるふいん	0
たらむす	1
たらも	0
たらもさらた	4
たらもさらだ	4
たらもなーる	4
たらんちゅら	2
たらんてっら	4
たらんてら	2
たらーと	2
たりあてっれ	4
たりあてーれ	4
たりお	1
たりおりーに	4
たりすまん	1
たりずまん	2
たりばく	0
たりゔぁく	0
たりふ	1
たりーふ	2
たりふぃけーしょん	4
たりぺきそーる	5
たりもんすとらむ	6
たるか	1
たるかむ	1
たるく	1
たるぐむ	1
たるご	1
たるちゅむ	1
たるです	1
たるのり	0
たるばがん	3
たるむーど	3
たろっこ	2
たろん	1
たわれこ	0
たわーど	1
たわーふ	2
たんが	1
たんがー	1
たんがめんて	4
たんぐらむ	1
たんけらぼーがす	5
たんごーる	3
たんじぇりん	0
たんじぇんと	1
たんじぶる	1
たんじまーと	4
たんたとぅりす	4
たんたる	1
たんつ	1
たんとら	1
たんとらばじらやーな	8
たんとらゔぁじらやーな	8
たんどぅる	0
たんどすぴろん	6
たんどーりー	3
たんどーる	3
たんなるびん	0
たんなーと	3
たんにーる	3
たんね	1
たんねぷ	1
たんねり	0
たんばりん	1
たんぶりん	1
たんぱー	1
たんぴこえんしす	5
たんぴこえんすぃす	5
たんぴんぐ	0
たんぶらん	1
たんぶりねーる	5
たんぶりんぐ	1
たんぶーら	3
たんぶーらー	3
たんぽなーで	4
たんぽん	1
たんみょん	1
たんめん	1
たんやお	1
たんゆあん	1
たんゆい	1
たーきっしゅ	1
たーきん	1
たーく	1
たーくる	1
たーげすつぁいとぅんぐ	7
たーげってぃんぐ	0
たーげてぃんぐ	0
たーこいず	3
たあさい	0
たーさい	0
たーつぁい	0
たーしゃり	1
たーしゃりー	1
たーたー	1
たーつ	1
たーとらじん	0
たーねーしょん	3
たーばん	1
たーびだいと	4
たーびゅれん	1
たーびゅれんす	1
たーふぇる	1
たーふぇるむじーく	6
たーふる	1
たーへる	1
たーぺん	1
たーぼじぇっと	4
たーぼじえっと	4
たーぼちゃーじゃー	4
たーぼぷろっぷ	5
たーぽりん	0
たーぽん	1
たーましっく	4
たーみなす	1
たーみねーしょん	4
たーみねーた	4
たーみねーたー	4
たーみねーと	4
たーみのろじー	4
たーめいや	3
たーめりっく	1
たれっと	1
たれつと	1
たーれっと	1
たーんてーぶる	4
たーんど	1
たーんはれ	1
たーんぱいく	4
だいあくろにー	4
だいあぐのすてぃっく	7
だいあごなる	4
だいあじのん	4
だいあじん	3
だいあせしす	4
だいあせてぃっく	5
だいあっく	3
だいあっど	1
だいあねてぃっくす	5
だいあふらむ	4
だいやふらむ	4
だいあまぐねてぃずむ	7
だいあれくと	4
だいやれくと	4
だいあろじずむ	5
でぃあろじずむ	4
だいあんさす	3
だいあー	1
だいいんぐ	1
だいえったー	3
だいおてぃっく	4
だいかー	1
だいかすと	3
だいきり	0
だいくす	1
だいくてぃっく	4
だいくろいっく	5
だいぐらむ	1
だいしんぐ	0
だいなす	1
だいなすてぃ	3
だいなみくす	4
だいなみっくす	4
だいなみずむ	4
だいなも	0
だいなもめーたー	5
だいなーず	1
だいねっと	3
だいばすてぃちゃー	5
だいばしち	4
だいばしてぃ	4
だいばーしち	5
だいばーしてぃー	5
だいばーしてい	5
だいばーじぇんす	3
だいばーじょなる	3
だいばーた	3
だいばーたー	3
だいぱー	1
だいふぃりん	3
だいふいりん	3
だいぷれっくす	4
だいぷれつくす	4
だいほるたん	3
だいぽーる	3
だいまー	1
だいもにおん	3
だいもーん	3
だいやもっくす	4
だいやら	0
だいやらー	0
だいりゅーしょん	3
だいーふ	2
だうい	1
だうじんぐ	0
だうと	1
だうのまいしん	4
だうのるびしん	4
だうべんとにあ	5
だうま	1
だうりー	1
だうんさいじんぐ	4
だうんしふと	4
だうんひる	4
だかっと	1
だかるばじん	4
だがー	1
だくたいる	3
だくちゅろす	1
だくてゅろす	1
だくてっど	3
だくろん	1
だげれおたいぷ	5
だこいと	2
だこわーず	3
ださいん	2
ださちにぶ	3
だしゃぱだーるてぃー	4
だしゅおるにす	4
だすゅおるにす	4
だしゅた	1
だしゅまるるす	3
だすゅまるるす	3
だすてぃんぐ	0
だずん	1
だだいすと	3
だだいすむ	3
だだいずむ	3
だちゅら	1
だっかるび	3
だっくりん	1
だっくりんぐ	0
だっしゅぼーど	4
だっじ	1
だっぢ	1
だっつあん	1
だっふる	1
だっぷる	1
だつら	1
だでぃ	1
だでぃー	1
だとぅ	1
だとにお	0
だなす	1
だなぞーる	3
だにょー	1
だはびや	2
だはべいあ	3
だゔぁ	1
だばだば	0
だひ	1
だびっと	1
だびでぃあぬす	4
だゔぃでぃあぬす	4
だぴー	1
だっふぁー	1
だふぁー	1
だふと	1
だふにふぃり	3
だぶすた	0
だぶらー	1
だぶりる	1
だゔりる	1
だぶれ	1
だぶれっと	1
だぶわしゅまや	4
だべーま	2
だまんど	2
だまーる	2
だんまる	1
だみえ	1
だむうぇいたー	3
だむうえーたー	4
だむさいと	3
だむぞん	1
だむだむ	1
だむちぇん	1
だらしん	1
だらだ	1
だるしまー	2
だるじゃん	1
だるす	1
だるちょぐ	1
だるど	1
だるなびる	3
だるばば	0
だるばーる	3
だるぶりす	3
だるべぽえちん	4
だるほぷりすちん	5
だるまかーや	4
だるまてぃか	3
だろぱーと	3
だわ	1
だわだわ	0
だんがりー	1
だんがりーず	1
だんぐりんぐ	0
だんけ	1
だんてる	1
だんでらいおん	4
だんとろれん	0
だんとろーち	4
だんにゃばーと	4
だんにゃわーど	4
だんねーじ	3
だんぱ	1
だんぱー	1
だんぷてぃ	1
だんぷりんぐ	1
だんべる	1
だんまぱだ	4
だんまらん	3
だるうぃにずむ	4
だるういにずむ	4
だるうゐにずむ	4
だーうぃにすむ	4
だーうぃにずむ	4
だーがば	0
だーくねす	1
だーくねっす	1
だーたん	1
だーちゃ	1
だーつ	1
だーとら	1
だーな	1
だーにんぐ	0
だーほ	1
だーまてぃっく	4
だーまと	1
だーまとぐらふ	5
だーもす	1
だーもすこーぷ	5
だーんどる	1
ちあおちー	2
ちあくろぷりど	5
ちあじあじん	4
ちあじあぞりん	5
ちあじあぞーる	5
ちあじん	1
ちあぜぴん	3
ちあぞり	0
ちあぞりじにる	5
ちあぞりじん	4
ちあぞりる	3
ちあぞりるめちる	6
ちあぞろ	0
ちあぞーる	3
ちあのーぜ	3
ちあべんだぞーる	6
ちあまぞーる	4
ちあみなーぜ	4
ちありーでぃんぐ	3
ちあんふぇにこーる	6
ちあんふえにこーる	6
ちうきせたん	4
ちうらむ	1
ちらむ	1
ちぇけ	1
ちぇすたーふぃーるど	5
ちぇすなっと	3
ちぇっきんぐ	0
ちぇつぉん	1
ちぇとぃりぇ	3
ちぇといりえ	3
ちぇなーる	2
ちぇべ	1
ちぇぽ	1
ちぇりすと	2
ちぇりっしゅ	1
ちぇりもあ	0
ちぇりもや	2
ちゅりもあ	0
ちぇるねっと	3
ちぇるのーぜむ	3
せるぼ	1
ちぇるぼ	1
ちぇれすた	2
ちぇんじんぐ	0
ちぇんと	1
ちゃんば	1
ちゃんばー	1
ちゃんべー	1
ちやんば	1
ちぇんぱん	1
ちぇんぽ	1
ちぇんめ	0
ちぇんめん	1
じぇさ	1
ちぇさ	1
ちぇーさ	1
ぢぇさ	1
ちぇーしん	1
ちえちるぺらじん	6
ちえにる	1
ちえにるあせちる	6
ちえにるめちれん	5
ちえの	1
ちえのじあぜぴん	5
ちえぴん	1
ちえもにうむ	4
ちおあせとあみど	6
ちおあせちみでーと	7
ちおあせといみでーと	8
ちおあるせないと	6
ちおあるぜにと	5
ちおあーと	3
ちおうれあ	2
ちおえーと	3
ちおおきさむいみでーと	9
ちおきさんてん	3
ちおきさんとん	4
ちおくと	2
ちおぐりこれーと	6
ちおしあねーと	5
ちおしあん	3
ちおじ	1
ちおじかるばまーと	7
ちおじかるぶ	4
ちおじぐりこーる	6
ちおせみかるばじど	7
ちおたうりん	3
ちおてぱ	0
ちおとろぴうむ	5
ちおにる	1
ちおの	1
ちおのどくさ	4
ちおばくてりうむ	6
ちおびす	1
ちおふぁねーと	4
ちおふぇん	1
ちおふえん	1
ちおふぇんかるぼきさみど	9
ちおふえんかるぼきさみど	9
ちおぷらすと	4
ちおべんかるぶ	5
ちおぺんたーる	5
ちおほすふぇいと	6
ちおほすふえいと	6
ちおほすほるあみど	7
ちおめとん	3
ちおらーぜ	3
ちおりたじん	4
ちおりだじん	0
ちおん	1
ちかの	1
ちかーの	2
ちきじうむ	3
ちきそとろぴー	4
ちきゃぶ	1
ちきーた	2
ちくらー	1
ちくれろ	0
ちくろ	1
ちくろぴじん	4
ちけ	1
ちげ	1
ちこりー	1
ちざにじん	0
ちせ	1
ちたにうむ	3
ちたりうむ	3
ちたー	1
つぃたー	1
ちちぇろーね	3
ちちゃ	1
ちっき	1
ちっぱー	1
ちっぱ	1
ちつぱー	1
ちっぴんぐ	0
ちっぷぼーど	4
しとくろむ	3
ちとくろむ	3
ちとくろーむ	4
ちなむわり	3
ちねん	1
ちばりえり	3
ちゔぁりえり	3
ちふぇんするふろん	6
ちふす	1
ちぶす	1
ちふちゃふ	1
ちぷ	1
ちべたん	1
ちべったん	2
てぃべたん	1
ちべてぃくむ	3
ちぺぴじん	3
ちぼりうむ	3
ちまーぜ	2
ちみじん	2
ちみてーろ	3
ちみぺろん	3
ちみん	1
ちむ	1
ちむとぺ	0
ちむにー	1
ちめぴじうむ	4
ちめろさーる	4
ちもしー	1
てぃもしー	1
ちもぷとーる	4
ちもろーる	3
ちもーるふたれいん	7
ちゃあんふぇん	0
ちゃいか	1
ちゃーいか	1
ちゃいこわん	3
ちゃいこん	1
ちゃいのろじー	3
ちゃいぶ	1
ちゃいゔ	1
ちゃうだー	1
ちゃうちゃう	0
ちゃお	1
ちゃくらむ	1
ちゃこ	1
ちゃこーる	2
ちゃーこーる	3
ちゃすてぃてぃー	3
ちやすちちい	3
ちゃたりんぐ	0
ちゃだーる	2
ちゃっかー	1
ちゃったー	1
ちゃってぃんぐ	0
ちゃつね	1
ちゃとに	1
ちゃどる	1
ちゃな	1
ちゃねりんぐ	0
ちゃぱた	1
ちゃぱてぃ	1
ちゃぱーてぃ	2
ちゃぱん	1
ちゃふ	1
ちゃぷれん	1
ちゃぼ	1
ちゃまーる	2
ちゃみー	1
ちゃもりにあん	3
ちゃゆー	0
ちゃよて	1
ちゃらす	1
ちゃらんご	2
ちゃりおっと	3
ちゃりね	1
ちゃりんぐわーす	5
ちゃるき	1
ちゃるだっしゅ	1
ちゃるま	1
ちゃるめら	0
ちゃれらん	0
ちゃれんじゃー	2
ちゃんきんぐ	0
ちゃんく	1
ちゃんけ	1
ちゃんご	1
ちゃんさんまは	3
ちゃんしゃん	1
ちゃんず	1
ちゃんた	1
ちゃんだん	0
ちゃんつ	1
ちゃんぱん	1
ちゃんぺだ	0
ちゃーが	1
ちゃーじど	1
ちゃーじゃー	1
ちゃーぞーとむ	3
ちゃーたーど	3
ちゃーちすと	3
ちゃーてぃすと	3
ちゃーてぃずむ	3
ちゃーにんぐ	0
ちゃーびる	1
ちゃーぷ	1
ちゃーぷとー	1
ちゃーみー	1
ちゃーむず	1
ちゃーめん	1
ちゃーるぱーいー	4
ちゅあぶる	1
ちゅいる	1
ちゅいれり	1
ちゅいれりー	3
ちゅちぇ	1
ちゅちゅ	1
ちゅっか	1
ちゅっと	1
とゅっと	1
ちゅにか	1
てゅにか	1
ちゅのむ	1
ちゅぱ	1
ちゅふぉにうす	3
てゅふぉにうす	3
ちゅべていか	3
ちゅむ	1
ちゅらきぬす	3
てゅらきぬす	3
ちゅりんが	2
ちゅろ	1
ちゅろす	1
ちゅんたお	1
ちゅんちぇ	1
ちゅんちゃん	1
ちゅんぱぬくす	4
てゅんぱぬくす	4
ちゅんぴ	1
ちゅーいん	0
ちゅーいんぐ	1
ちゅーげる	1
ちゅーずでい	1
ちゅーたりんぐ	0
ちゅーちゅー	0
ちゅーてぃ	1
ちゅーてぃー	1
ちゅーびんぐ	0
ちゆーびんぐ	0
ちゅーぶら	0
ちゅーぶらー	1
ちゅーぶりん	1
ちゅーぷす	1
てゅーぷす	1
ちゅべろーず	3
ちゅーべろーす	4
ちゅーべろーず	4
ちゅーりっひゃー	3
ちゅーりんげんしす	5
ちゅーるく	1
ちゅーんど	1
ちょくるりーあ	4
ちょごり	1
ちょっく	1
ちょったく	0
ちょっぱる	1
ちょっぱ	1
ちょっぱー	1
ちょっぷど	1
ちょぬん	1
ちょむ	1
ちょむぺけすむにだ	4
ちょむぺけすむにだー	4
ちょりぱん	1
ちょるん	1
ちょんがー	1
ちよんがー	1
ちょんぷー	1
ちょーかー	1
ちょーさー	1
ちょーぷ	1
ちらこいど	3
ちらみん	1
ちらん	1
ちらんじあ	2
ちらんのい	2
ちらー	1
ちらーじん	2
ちりじん	1
ちりそろーる	4
ちりんぐ	1
ちるぎょんい	3
ちるそく	1
ちるだ	1
てぃるで	1
ちるどれんず	1
ちるー	1
ちーるー	1
ちれ	1
ちろきしん	3
ちろしなーぜ	4
ちろしる	1
ちろじる	1
ちろしん	1
ちろなみん	0
ちわわ	1
ちんいつ	0
ちんき	1
ちんく	1
ちんくあんたのーべ	7
ちんくぇ	1
ちんくえ	1
ちんくえちぇんと	4
ちんざの	0
ちんじゃおろーす	5
ちんすぽ	0
ちんつ	1
ちんにんぐ	0
ちんね	1
ちんばろん	1
ちんぱんじー	3
ちーくす	1
ちーずばーがー	4
ちーぜる	1
ちーたー	1
ちーた	1
ちーてぃんぐ	0
ちーといつ	3
ちーぱお	1
ちーぴん	1
ちーふず	1
ちーふぁん	0
ちーふてぃん	1
ちーぷり	1
ちーぷりー	1
ちーぷろ	0
ちーまー	0
つぁいちぇん	1
つぁいちえん	1
つぁいつぇん	1
つあいちえん	2
つぁいと	1
つぁいとぅんぐ	3
つぁいとんぐ	3
つぁいとがいすと	4
つぁいとしゅりふと	5
つぁいとます	1
つぁおたん	1
つぁっけ	1
つぁつぁ	1
つぁむば	1
つぁんぱ	1
つぁある	1
つぁー	1
つぁーり	1
つぁーる	1
つありー	1
つあーる	1
つぁーりずむ	3
つぁーると	1
つあこん	0
つあちゅん	1
つあほう	2
つあらー	0
つぃがん	1
ちくるす	1
つぃくるす	1
つぃざー	1
つぃたでれ	2
つぃびるげぜるしゃふと	7
つぃんばるむ	3
つぃんばろむ	3
てぃんばろむ	1
つぃーざー	0
つぃーたー	1
ついーたー	2
とうぃーたー	2
ついすたー	1
ついすたーず	2
ついすてぃんぐ	0
ついすてっど	1
ついる	1
ついーん	2
つぇつぇ	1
つぇると	1
つえると	2
つぇーふぃる	1
つぉいく	1
つぉるきん	1
つおるきん	1
つくらかん	3
つぐらかん	3
つざんめんくりーく	7
つっしー	1
つっぺる	1
つでい	2
つなまよ	0
つばいてす	2
つゔぁいてす	2
つぱい	2
つびんがー	2
つゔぃんがー	2
つぶよん	0
つぼくらりん	4
つりうむ	2
つろぶてろーる	5
つんげぇ	1
つんげー	1
つんどら	0
つんぱ	1
つんふと	0
てあくらびん	0
てあとろ	2
てあにん	1
てあるびじん	0
てぃあー	1
てぃあどろっぷ	3
てぃあま	1
てぃあれ	1
てぃあーず	1
てぃあーど	1
てぃえんりー	2
てぃおてぃっちゃぎ	3
てぃぐ	1
てぃぐろび	0
てぃする	1
てぃたのまきあ	4
てぃちゃぎ	0
ちっかー	1
てぃっかー	1
てぃっきー	1
てぃっくぼーん	4
てぃっぷ	1
てぃてぃべーと	3
てぃぬす	1
てぃねけ	1
てぃばごる	1
てぃびしにす	3
てぃぴ	1
てぃふ	1
てぃふぁえうす	3
てぃふぃむりうむ	4
てぃふぉし	1
てぃふぉっし	2
てぃふぉーぞ	2
てぃふりぎ	0
てぃべたぬす	3
てぃぺっと	1
てぃぼうきな	2
てぃまーる	2
てぃみー	1
てぃよる	1
たいらのざうるす	5
ちらのさうるす	4
てぃらのさうるす	4
てぃらのざうるす	4
ちるちんぐ	0
てぃるてぃんぐ	0
ちると	1
てぃると	1
てぃれおふぉら	3
てぃれんくす	2
てぃんかー	1
てぃんた	1
てぃんちょる	1
てぃんと	1
てぃんばれす	1
てぃんばー	1
ちんぱにー	1
てぃんぱに	1
てぃんぱにー	1
てぃーいんぐ	0
てぃーけとる	3
てぃーすぷーん	4
てぃーたーにす	4
てぃーち	1
てぃちゃーず	1
てぃーちゃー	1
てぃーちゃーず	1
てぃーぬん	1
てぃーぽ	1
てぃーん	1
てぃーんず	1
ていこぷらにん	5
ていぽふぉと	3
ていん	1
ていんと	1
ておからしー	3
ておくらしー	4
ておしんと	3
ておふぃりねいと	5
ておふぃりねーと	5
ておふいりねいと	5
ておふぃりん	0
ておふいりん	0
ておぶろま	3
ておぶろみん	0
ておりあ	2
ておーりあ	2
てがだーむ	3
てがふーる	3
てきすたいる	4
てくすたいる	4
てきせんしす	3
てきーら	2
てぎゅ	1
てくさん	1
てくさんず	1
てくすちゃ	1
てくすちゃー	1
てくすちゅあ	1
てくすちゅあー	1
てくすちゃーど	1
てくすちゃる	1
てくすてぃりす	4
てくたいと	3
てくと	1
てくとにくす	4
てくとん	1
てくなめいしょん	4
てくなめーしょん	4
てひにか	2
てくにくす	3
てくにしゃん	3
てくにー	1
てくにしうむ	4
てくねちうむ	4
てくねー	1
てくのいんふら	4
てくのくらしー	4
てくのくらーと	5
てくのすとれす	4
てくのぽりす	4
てくのろじかる	4
てくのろじずむ	5
てくぱとる	3
てぐたん	1
てぐっき	2
てぐれとーる	4
てげてぃふぉるみす	4
てこどんと	3
てこま	1
てこまてんしす	4
てこまてんすぃす	4
てこり	1
てざー	1
てすた	1
てすためんと	1
てすたー	1
てすてぃんぐ	0
てすとすてろん	5
てすぱみん	0
てせろいきん	3
てそんかん	2
てたにー	1
てたぬら	0
てたの	1
てっくす	1
てっくすめっくす	5
てっだー	1
てつだー	1
てっと	1
てでぃ	1
てでぃー	1
てでぃず	1
てでぃーず	1
てとらあざぺんたでか	8
てとらあんみん	4
てとらえちるちうらむ	7
えちるぴろほすふぇいと	12
てとらえちるぴろほすふぇーと	11
てとらえちるぴろほすふえいと	12
てとらえときししらん	8
てとらおがるるす	5
てとらおきそかん	0
てとらくろろえちるちお	9
てとらくろろじふるおろえたん	12
てとらさいくりん	4
てとらすぴす	3
てとらせん	0
てとらぜぱむ	4
てとらぞーる	4
てとらちおしあなとじあみのくろむ	14
てとらっど	3
てとらでしるあみん	7
てとらないとれーと	7
てとらにとらーと	6
てとらひどろいみだぞ	8
てとらひどろおきさぞろ	9
てとらひどろおりぱびん	0
てとらひどろかんなびのーる	11
てとらひどろちえの	7
てとらひどろのるおりぱびん	0
てとらひどろぴらの	7
てとらひどろふたるいみど	10
てとらひどろふるふりるおきし	12
てとらひめな	4
てとらふるおろえちれん	8
てとらぶろもえたん	7
てとらへきしる	4
てとらへどろん	4
てとらぽっど	4
てとらみど	3
てとらめちるじあみの	8
てとらめちるちうらむ	7
てとらるきあ	4
てとろどときしん	6
てとろほすみん	4
てとろん	1
てとろーす	3
てなしてぃ	2
てなしてぃー	2
てにぷり	0
てにみゅ	0
てにゅあ	1
てにる	1
てぬいろすとりす	6
てぬーと	2
てねいしゃす	2
てねいしん	2
てねら	1
てのあーと	3
てのきしかむ	4
てのほびる	3
てばいのーる	4
てばいん	2
てばこん	1
てふ	1
てふら	1
てふるとりん	4
てふろん	1
てぶふぇんぴらど	5
てぶふえんぴらど	5
てぷれのん	3
てぷろらしじむ	5
てぼろ	1
てゔぉろ	1
てまぜぱむ	3
てまてぃすむ	3
てめほす	1
てめれあ	0
てめれーあ	3
ても	1
てもぞろみど	4
てらがーたー	3
てらぐら	2
てらこった	3
てらさる	1
てらそ	1
てらぞ	1
てらぞー	1
てらちーむ	3
てらとすきんく	5
てらのば	0
てぃらぴあ	0
てらぴあ	0
てらふぉーみんぐ	3
てらりうむ	3
てられとりん	0
てらんせら	2
てりあか	0
てりすろまいしん	5
てりやんぐる	3
てるさとぅす	3
てるしす	1
てるは	1
てるびうむ	3
てるぴにる	3
てるぴねおーる	5
てるふぇなじん	4
てるふえなじん	4
てるふぇにる	3
てるふえにる	3
てるぶたりん	0
てるぷのすろごす	6
てるぺのいど	4
てるぺん	1
てるみっと	1
てるみどーる	4
てるみな	0
てるめ	1
てるもす	1
てるる	1
てるれすとりす	5
てるろ	1
てれあぽ	0
てれいぐじすたんす	5
てれおのみー	3
てれか	1
てれかーど	3
てれきゃす	0
てれぐらふぉ	3
てれぐらふぉん	4
てれぐらむ	3
てれこ	1
てれこねくしょん	4
てれこばると	4
てれこみ	0
てれこみゅーてぃんぐ	4
てれこんふぁれんす	3
てれしす	1
てれしね	0
てれじぇにっく	3
てれすこぴっく	5
てれすこーぷ	4
てれすとりある	4
てれすみん	0
てれたいぷ	3
てれたーみなる	3
てれつーりすと	3
てれてっくす	3
てれとぴあ	3
てれぱしすと	4
てれぱす	1
てれぱそ	0
てれびでお	3
てれびん	1
てれぴん	1
てれびんちな	3
てれぴんのき	3
てれふぁっくす	3
てれふぉとぐらふ	5
てれふたる	3
てれぷりんた	3
てれぷりんたー	4
てれぷれぜんす	4
てれへるす	3
てれぽーしょん	3
てれぽーてーしょん	5
てれぽーと	3
てれまてぃーく	4
てれまーけてぃんぐ	3
てれみん	1
てれめっせーじ	3
てれめとり	3
てれめとりー	3
てろじりん	0
てろす	1
てろすこぴー	3
てろっぱー	2
てろめあ	0
てろめらーぜ	4
てろる	1
てろるでご	4
てんしる	1
てんじゃん	1
てんじゃんくっ	0
てんさー	1
てんそる	1
てんだー	1
てんだーろいん	5
てんでぃんぐ	0
てんね	1
てんぱい	1
てんぱりんぐ	0
てんぱーど	3
てんぷてぃっど	1
てんぷてーしょん	4
てんぷてーしょんず	4
てんぷる	1
たんぷる	1
てむぷる	1
てんぷれ	0
てむぺすと	3
てんぺすと	3
てんぺら	0
てんぺらめんと	1
てんぽしゅぶんぐ	5
てんめんじゃん	3
てんりゃん	1
ていかー	1
てーかー	1
てーきんぐ	0
ていくあうと	4
てーくおふ	4
てーさばーん	4
てぃすてぃんぐ	0
てーた	1
てーだ	1
てーなー	1
てーは	1
てーばる	1
てーゔぁる	1
てーぱ	1
てーぱー	1
てーぱーど	3
てーぶるうぇあ	5
てーぶるくろす	5
てーぶるくろーす	6
てらーど	2
てるげーと	3
てーるげーと	4
であー	1
であでびる	3
であみなーぜ	4
でぃあとりま	3
でぃあどこい	3
でぃあぶる	1
でぃあぼるす	3
でぃあぼろ	0
でぃあぼろす	3
でぃあまんて	3
でぃありお	2
でぃありすこーぷ	5
でぃあれくてぃけー	5
でぃあれくてぃーく	5
でぃあんじぇろ	2
でぃあんむー	2
でぃあー	1
でぃいんだすとりあらいぜーしょん	11
でぃうぇるしふぉりあ	5
でぃえじぇーず	3
でぃえす	1
でぃえて	1
でぃえむ	1
でぃえらま	0
でぃえんふぁしす	4
でいえんふあしす	4
でぃおにゅしあ	3
でぃおぷろさうるす	5
でぃおめであ	3
でぃきしーらんど	5
でぃくしらんど	4
でぃくすぃらんど	4
でぃくしょなりー	1
でくしょなりー	1
でぃくたとる	3
でぃくたほん	3
でぃくてーしょん	3
でぃくでぃく	1
でぃくりーす	3
でぃぐにてぃ	2
でぃぐにてぃー	2
でぃぐびあな	3
でぃけんとらるくす	6
でぃけいど	2
でぃけーど	2
でぃことま	0
でぃことまんさす	4
でぃさろーの	3
でぃさーすりあ	4
でぃざいあ	2
でぃざいあー	2
でぃざすたー	2
でぃざ	1
でぃざー	1
でぃしぇーで	2
でぃしぷりなりー	4
でぃしぷりん	2
でぃじぇすちふ	2
でぃじぇすてぃふ	2
でぃじぇねれーしょん	4
でぃじぷれっくす	4
でぃじゃりどう	2
でぃじゅりどぅ	2
でぃじゅりどぅー	2
でぃじーず	1
でぃすあどばんてーじ	7
でぃすあびりてぃー	4
でぃすあーまめんと	3
でぃすいりゅーじょん	4
でぃすいんせんてぃぶ	5
でぃすいんためでぃえーしょん	8
でぃすいんたーみでぃえーしょん	9
でぃすいんふぇくたー	5
でぃすいんふぉめーしょん	6
でぃすいんふぉーめーしょん	6
でぃすいんふれ	3
でぃすいんふれーしょん	6
でぃすかうんてぃんぐ	3
でぃすかす	1
でぃすかっさんと	3
でぃすかばり	3
でぃすかばりー	3
でぃすかゔぁり	3
でぃすかば	3
でぃすかばー	3
でぃすかゔぁ	3
でぃすくぉりふぁいんぐ	6
でぃすくおりふぁいんぐ	6
でぃすくりぷたー	4
ですくりぷたー	4
でぃすくりぷてぃぶ	4
でぃすくりみねーしょん	6
でぃすくりみねーた	6
でぃすくりみねーたー	6
でぃすくりーと	4
でぃすくろーじゃー	4
でぃすくろーず	4
でぃすくーる	3
でぃすこぐらふぃ	4
でぃすこみゅにけーしょん	6
でぃすじゃんくしょん	3
でぃすたーぶ	3
でぃすちゃーじ	3
でぃすてぃらー	1
でぃすてぃらーず	3
でぃすてぃりんぐ	1
でぃすてぃんくしょん	3
でぃすでふれ	3
でぃすとぴあ	3
でぃすとりくと	4
でぃすとりびゅーたる	5
でぃすとりびゅーた	5
でぃすとりびゅーたー	5
ですとりびゅーたー	5
でぃすとーしょん	3
でぃすばーすめんと	3
でぃすぱっち	3
でぃすぱっちゃ	3
でぃすぱっちゃー	3
でぃすぱーしょん	3
でぃすぱーじょん	3
でぃすばーす	1
でぃすぱーす	1
でぃすぱーすめんと	3
でぃすふるーえんしー	4
でぃすぷらくしあ	5
でぃすぷるーふ	4
でぃすぷれいすめんと	4
でぃすぷれーすめんと	4
でぃすぺりす	3
でぃすぺんさりー	3
でぃすぺんさー	3
でぃすぽ	1
でぃすぽじしょん	3
でぃすぽてぃずむ	4
でぃすぽーざぶる	3
でぃすぽーざる	3
でぃすぽーざ	3
でぃすぽーざー	3
でいすぽーざー	3
でぃすむたーぜ	4
でぃすれくしあ	4
でぃせんだんと	2
でぃせんと	1
でぃっせんと	1
でぃせんとらりぜーしょん	7
でぃせんばー	2
でぃっせんばー	3
でぃそすてぃくす	4
でぃぞるぶ	2
でぃたーみねーしょん	5
でぃだけー	1
でぃきんそにあ	4
でぃっきんそにあ	5
でぃっぱー	1
でいっぱー	1
でぃてくた	0
でぃてぃくてぃぶ	2
でぃてくてぃぶ	2
でぃてくてぃぶず	2
でぃてくてぃゔ	2
でぃてくてぃゔず	2
でてくてぃぶ	2
でぃてくと	2
でぃてーるど	2
でぃなーみく	2
でぃのさうろいど	5
でぃはいどれいたー	5
でぃばいん	2
でぃゔぁいん	2
でぃばりかとぅす	4
でぃゔぁりかとぅす	4
でぃばん	1
でぃびあんと	1
でぃーびあんと	1
でぃびじあ	2
でぃびのらむ	3
でぃぴゅろん	1
でぃふぁいなー	2
でぃふぁいにんぐ	2
でぃふぁいんど	2
でぃふぁれんしゃる	1
でふぁれんしゃる	3
でふあれんしやる	3
でぃふぁれんす	1
でぃふぁ	1
でぃふぁー	1
でぃふぃしゃんと	1
でふぃにっとねす	2
でぃふぇんだー	0
でぃふぇんでぃんぐ	0
でぃふぇんばきあ	4
でぃふてろふぉら	4
でぃふゅーざー	0
でふゅーざー	2
でぃふゅーじょん	2
でぃふぃれくてぃんぐ	3
でぃふれくてぃんぐ	3
でぃふれくと	3
でぃぷりばん	3
でぃぷろがすたー	4
でぃぷろどくす	4
でぃぷろま	0
でぃぷろむ	1
でぃぷろーむ	3
でぃぷろましー	3
でぃぷろまてぃー	3
でぃべるすす	3
でぃゔぇるすす	3
でぃべるてぃすまん	4
でぃゔぇるてぃすまん	4
でぃべるてぃめんと	2
でぃゔぇるてぃめんと	2
でぃべろっぷめんと	3
でぃべーしょん	2
でぃべーたー	0
でぃぺんでんしー	2
でぃまんしゅ	2
でぃもんしゅ	2
でぃみにっしゅ	2
でぃみねぁつぁ	3
でぃみねあつぁ	3
でぃむ	1
でぃめとろどん	4
でぃめんしょなる	2
でぃもちべーしょん	4
でぃもちべーと	4
でぃらーる	2
でぃりじぇんす	1
でりじぇんす	1
でぃりじすむ	3
でぃるどりん	0
でいるどりん	4
でぃれいと	0
でぃれくしょなる	2
でぃれくしょーん	2
でぃれくしょん	2
でぃれくてぃぶ	2
でぃれくとあーる	5
でぃれったんてぃすむ	6
でぃれったんてぃずむ	6
じれったんと	2
でぃれったんと	2
でぃれってぃしま	4
でぃれいど	0
でぃれーど	0
でぃれいらー	2
でぃれーらー	2
でぃわり	1
でぃんぎー	1
でぃんご	1
でぃんどん	1
でぃんぷる	1
でぃーば	1
でぃーぴかー	1
でぃーぶ	1
でぃーゔ	1
でぃーぷにんぐ	1
でぃーべ	1
でぃーりんぐ	0
でぃーるず	1
でいとれ	0
でいのにくす	4
でいまーしゅ	3
でいむ	1
でうす	1
でうてろにゅむす	5
でうらつく	3
でおきし	0
でおきしこーる	5
でそおきしこーる	6
でおきしちみじん	6
でぃおきしりぼ	4
でおきしりぼ	4
でおきしりぼーす	6
でおきすい	3
でおどらんと	2
でおどらんど	2
でかだにずむ	4
でかっぷりんぐ	2
でかのえーと	4
でかひどろいそきのりん	9
でかひどろなふたれん	0
でかふるおろぺんたん	7
でかぶりすと	4
でかぷてるす	4
でかりにうむ	4
でかりゅい	1
でかるこまにあ	5
でかるこまにー	4
でかろぐ	2
でかんくろりど	5
でかーる	2
でがうす	1
できさめさぞん	5
できさめたぞん	4
できさるちん	0
できさんふぇたみん	6
できしー	1
できしーらんど	5
できすたー	2
できすとらん	4
できすとろ	3
できすとろーす	5
できぴえんす	4
できゃんたーじゅ	4
でくすめでとみじん	7
でくべると	3
でくゔぇると	3
でくらいん	3
でくらめいしょん	4
でくらめーしょん	4
でくられーしょん	4
でくれ	1
でくれしぇんど	3
でくれっしぇんど	3
でぐすたしおん	4
でことら	0
でこみしょにんぐ	3
でこみっしょにんぐ	3
でこめ	0
でこりん	1
でこるたーじゅ	4
でこるて	2
でこれーたー	3
でぃこんすとらくしょん	6
でこんすとらくしょん	6
でこんすとらくてぃぶ	6
でこんとらくて	5
でこーる	2
でさふぃなーど	4
でざいあー	2
でざいにんぐ	2
でざふぃなーど	4
でざんてぃけーる	5
でざーてっど	2
でしけーた	3
でしけーたー	3
でしでんだい	3
でしる	1
でしるあるこーる	4
でしるあるでひど	6
でしるおきしてとらひどろちおふぇん	14
でしれ	1
でしん	1
でじあな	0
でじかむ	1
でじきゃぴ	0
でじぐねーたー	4
でじぐねいてっど	4
でじぐねーてっど	4
でじぐのー	3
でじぐらふぃ	3
でじすこ	0
でぃじたいざ	3
でじたいざー	3
でじたいず	1
でぃじっと	1
でじっと	1
でじぱち	0
でじぱー	0
でじぱーま	3
でじもん	0
ですあせちるぶほたりん	0
ですおきしこーる	6
ですかるが	3
ですくりぷてぃお	5
でぃすてぃにー	1
ですてぃねーしょん	4
ですとまいしん	3
ですとらくた	4
ですとらくたー	4
ですとろい	1
ですとろーい	1
ですとろいやー	4
ですとろいんぐ	4
ですぱしゃんち	4
ですぱん	0
でぃすび	1
ですび	1
ですぺらーど	4
ですぽっと	3
ですぽてぃずむ	4
ですぼちっく	4
ですぼちつく	4
ですぼっちく	3
ですぼつちく	3
ですぽっちく	3
ですぽつちく	3
ですぽてぃっく	4
ですぽてす	3
ですもすこれくす	6
ですもすちるす	5
ですもそーむ	4
ですもぷれしん	5
でずも	1
でせん	1
でそきしこーる	5
でそきしこーれいと	7
でそもるひね	3
でぃたっちゃぶる	2
でたっちゃぶる	2
でたみなんつ	2
でたみなんと	2
でたーみなんと	2
でたんと	2
でたーみなー	2
てだくしゅん	3
てだくしゆん	3
でたくしゅん	3
でたくしゆん	3
でだくしうん	3
でだくしょん	3
でちゅーん	2
でっと	1
でっどらいん	4
でっどろっく	4
でっり	1
でっれ	1
でっろ	1
でてみる	1
でてるみなんと	5
ででぃけーしょん	3
でとぅ	0
でとっくす	2
でとねーしょん	3
でとらいたす	3
でとりたす	2
でぃないど	2
でないど	2
でなしょなりぜーしょん	6
でにすか	0
でねぶ	1
でねぼら	0
でのしん	1
でぃのてーしょん	3
でのてーしょん	3
でのみ	0
でのみねーしょん	4
でのみねーたー	4
でばっが	2
でばっがー	2
でばりゅえーしょん	4
でぱす	1
でぃぱーちゃー	2
でぱーちゃー	2
でぱあとめんと	2
でぱーとめんと	2
でひどろえぴあんどろすてろん	11
でひどろげなーぜ	6
でひどろこれすてろーる	9
でびっと	1
でびとろせらみっくす	7
でびゅったんと	2
でびる	1
でびるず	1
でゔぃるず	1
でふぁくと	2
でふぃ	1
でぃふぃにしょん	3
でふぃにしょん	2
でふぃーと	2
でふぇらしろくす	5
でふえらしろくす	5
でふぇろきさみん	5
でふえろきさみん	5
でふぉ	1
でふぉっがー	2
でふぉるましおん	6
でふぉるましょん	4
でぃふぉるめ	2
でふこん	1
でふれーしょん	3
でふろすた	3
でふろすたー	3
でぶり	1
でぶりどまん	4
でぷと	1
でぷれっしぶ	3
でぷれっしょん	3
でぷろめーる	4
でへん	1
でべろっぱーず	3
でべろっぷ	3
でべろっぷめんと	3
でぺいずまん	2
でぺっしゅ	1
でぼねあ	0
でぽる	1
でぽるてぃぼ	3
でぽるてぃーぼ	4
でぽるてぃーゔぉ	4
でまごぎー	3
でまごーぐ	3
でまてる	1
でみうるごもるふぃずむ	8
でみたす	1
でむなむ	1
でむん	1
でーむん	1
でめかりうむ	4
でめこるちん	4
でもくらっつ	4
でもくらっと	4
でもくらーと	4
でもくらてぃあ	4
でもぐらふぃっく	4
でもぐらふぃー	3
でもてぃっく	3
でもりすーる	4
でぃもるふぉせか	4
でもるふぉせか	4
でもんすたらちう	6
でもんすとらてぃぶ	6
でもんすとれーたー	6
じゅありずむ	3
ぢゅありずむ	3
でゅありずむ	3
でゅあーる	2
でゅえま	0
でゅえる	1
でゅっく	1
でゅくせる	1
でゅすこふす	3
でゅすのみあ	4
でゅたすてらいど	5
でゅたすてりど	4
でゆたすてりど	4
でゅなみす	1
でゅなーみく	2
でゅぷりけーと	4
でゅぷれっくす	3
でゅーぷれっくす	4
でゅぼね	1
でゅらぶる	1
でゅらむ	1
でゅるむ	1
でゅろっく	2
でゅろてっぷ	3
でゅーか	1
でゅーく	1
でゅーけ	1
でゅーくす	1
でゅーてりうむ	4
でゅーてろん	3
でゅーど	1
でゅーぷ	1
でゅーん	1
でっら	1
でらしぬまん	3
でらしね	2
でらびるじん	4
でっらるて	3
でらるて	2
でりえ	1
でりかてっせん	4
でりす	1
でりばらてぃぶ	3
でりべれちう	3
でりばれーしょん	4
でりぴざ	0
でりみた	0
でりみたー	0
でりんじゃー	2
でりーしょん	2
でりーしょんず	2
でるぎな	0
でるびあぬす	4
でるびしゅ	1
でるゔぃしゅ	1
でるふぃにうむ	4
でるりん	1
でぃれぎゅれーしょん	4
でれぎゅれーしょん	4
でりげーしょん	3
でれげーしょん	3
でんしてぃー	3
でんしとめーた	5
でんしとめーたー	5
でんじゃらす	1
でんたる	1
でんちゃー	1
でんどらいと	4
でんどろ	0
でんどろいか	4
でんどろぐらむ	5
でんどろこぷす	5
でんどろこぽす	5
でんどろびうむ	5
でんどろびゅーむ	5
でんどろふぃら	4
でんふぁれ	0
でいさいと	3
でーさいと	3
でーすけどがー	4
でーたぐらむ	4
でーとる	1
でーば	1
でーゔぁ	1
でいぱっく	3
でーぱっく	0
だーむ	1
でーむ	1
でもん	1
でーもん	1
でーもんず	1
でーん	1
とあんくん	2
といつ	1
といとい	0
といぱ	1
といめん	3
といれたりー	3
といれったりー	3
といれったりーず	3
とぅいじん	1
とぅいっち	1
つきんくる	2
とぅいんくる	2
とぅいーん	2
とぅえるふす	2
とぅうぇるぶ	2
とぅえるぶ	2
とうぇるぶ	2
とぅうぇんてぃ	2
とぅうぇんてぃー	2
とぅえんてぃ	2
とぅえんてぃー	2
とぅえんてぃーす	4
とぅくとぅく	0
とぅごん	1
とぅって	1
とぅってぃ	1
とぅないと	2
とぅぬす	1
とぅぱぱう	2
とぅらしー	1
とぅりばんさ	3
とぅりょふ	1
とぅりりあむ	2
とぅるっり	2
とぅるどぅす	1
とぅるねん	1
とぅるのわ	0
とぅるびにかるぷす	6
とぅるぴす	1
とぅるまぎ	0
とぅーかす	1
とぃーす	2
といーす	2
とぅーす	1
とぅーど	1
とぅーむ	1
とぅーるぬど	3
とぅーるびよん	4
とうくぱ	0
とうどぅすとーる	5
とうーべ	2
とえあ	2
とかまく	2
とかまた	0
ときさふぇん	0
ときしっく	3
ときそいど	3
ときそぷらずま	5
とくそどん	1
とくそどんてぃあ	4
とくそらすま	4
とくなれ	0
とぐる	1
とこふぇりる	3
とこふぇろーる	4
としりずまぶ	4
としる	1
とすかうぃとすか	5
とせふた	2
とたぬす	1
とっかり	0
とっかーた	3
とっぐる	1
とっけい	0
とっけー	0
とっぱー	1
とっふぃー	1
とっぷこーと	4
とっぷすぴん	5
とっぷする	1
とぷする	1
とっぽ	1
とっぽっき	3
ととあば	0
ととかるちょ	3
とどらー	1
とにか	1
とにっく	1
とねーろ	2
とのと	1
とばぎ	0
とびくらい	3
とぴ	1
とぴありー	2
とぴか	1
とふぃ	1
とふぃそぱむ	3
とふいそぱむ	3
とぶしん	1
とぶらまいしん	4
とぷかぴ	0
とぷかぷ	0
とぼがん	1
とぽいそめらーぜ	6
とぽぐらふ	3
とぽぐらふぃ	3
とぽぐらふぃー	3
とぽたくてぃっく	3
とぽてしん	0
とまそん	1
とまちじん	0
とまちん	0
とまてぃーじょ	3
とまほーく	3
とみずむ	2
とみろん	1
とむそにい	2
とむそにー	2
ともぐらふぃ	3
ともぐらふぃー	3
とらいあすりーと	6
とらいあっく	4
とらいあっど	4
とらいあんぎゅれーしょん	7
とらいあんふ	4
とらいでんと	2
とらいばりん	4
とらいぼろじー	4
とらうざーず	2
とらうべ	2
とろーま	0
とらきゅぴてくす	4
とらこまちす	4
とらこーま	3
とらほーむ	3
とらごぱん	3
とらざみど	3
とらしん	2
とらしー	1
とらじ	1
とらじぇくたー	3
とらじぇくとりー	3
たらじじー	2
とらげじー	2
とらじぇじー	2
とらじぇでぃー	2
とらじでぃー	2
とらぜじー	2
とらぢゑぢい	2
とらすつずまぶ	4
とらぞどん	0
とらちとり	3
とらっかー	2
とらっきん	2
とらっきんぐ	0
とらっしゅ	2
とらっとりあ	4
とらっぴんぐ	2
とらでぃしょん	3
とらですかんちあ	5
とらですかんてぃあ	5
とらねきさむ	4
とらばーちん	3
とらゔぁーちん	3
とらばいゆ	3
とらびあた	3
とらびあーた	4
とらびやた	3
とらゔぃあーた	4
とらぴじる	3
とらぴすちぬ	3
とらぴすと	3
とらふぁ	1
とらふぃかびりてぃ	5
とらふぃかびりてぃー	5
とらべらー	2
とらべらーず	2
とらゔぇらー	2
とらゔぇらーず	2
とらぺん	1
とらぺーず	3
とらぼぷろすと	5
とらぽん	0
とらまどーる	4
とらろめとりん	4
らんきらいざ	5
とらんきらいざー	5
とらんくす	2
とらんざくしょん	4
とらんしーばー	4
とらんじぇんと	2
とらんじしょん	4
とらんじっしょん	4
とらんじてぃぶ	2
とらんすあまぞにあん	7
とらんすあみなーぜ	7
とらんすくらいぶ	6
とらんすくりぷと	6
とらんすこんちねんつ	5
とらんすこんちねんと	5
とらんすさいとーしす	7
とらんすさいれちん	7
とらんすじぇにっく	5
とらんすじぇんだりずむ	8
とらんすでゅーさ	5
とらんすでゅーさー	5
とらんすばーさる	5
とらんすぱりすちーる	8
とらんすふぇくしょん	5
とらんすふぇくたんと	5
とらんすふぇらーぜ	6
とらんすふぉるもにずむ	8
とらんすふぉーまー	5
とらんすふぉーむ	5
とらんすふぉーむど	5
とらんすふぉーめーしょん	7
とらんすべすたいと	5
とらんすゔぇすたいと	5
とらんすぺあれんしー	7
とらんすぽぞん	5
とらんすぽんだ	5
とらんすぽんだー	5
とらんすぽーてーしょん	7
とらんぽーてーしょん	6
とらんすみった	5
とらんすみったー	5
とらんすみっと	5
とらんすみゅーてーしょん	7
とらんせくと	4
とらんぱー	2
とらんぷ	2
とらんぺったー	4
とらんぺっと	4
とりあざすぴろ	5
とりあざのなでかん	7
とりあじん	0
とりあす	1
とりあぜの	3
とりあぞらむ	4
とりあぞりん	4
とりあぞろ	3
とりあぞろぴりみじん	8
とりあぞる	3
とりあぞーる	4
とりあみど	3
とりあむしのろん	6
とりあーじ	3
とりあーで	3
とりうっど	3
とりうむ	2
とりえちる	3
とりえちるあるみにうむ	9
とりえちるほすふぃん	6
とりえちるほすふいん	6
とりえちれんちおほすほるあみど	13
とりえん	1
とりえんなーれ	5
とりおきさん	3
とりおくたのいん	6
とりおん	1
とりおーす	3
とりかりなた	4
とりかるぼにる	5
とりがぱるす	4
とりが	0
とりがー	1
とりきしりる	4
とりきしれにる	5
とりきゅらー	2
とりくれん	3
とりくろぴる	5
とりくろほす	4
とりくろろえたん	6
とりくろるえちるほすふぇいと	11
とりくろるえちるほすふえいと	11
とりくろろえちるほすふぇーと	11
とりくろろしらん	6
とりくろろじふるおろえたん	11
とりくろろふぇのきし	7
とりくろろめちるするふぇにる	9
とりくろろめちるちお	8
とりけとこーる	5
とりけらとぷす	5
とりここにす	4
とりこするす	4
とりこっと	3
とりこじな	3
とりこでぃな	3
とりこでるま	4
とりこにー	2
とりこふぃとん	4
とりこふぃーとん	4
とりこまいしん	4
とりこもなす	4
とりころーり	4
とりころーる	4
とりごにあ	3
とりしくらぞーる	6
とりしくろへきしる	6
とりしゅーる	3
とりじへきせちる	6
とりじん	2
とりすとらみ	4
とりそみー	2
とりだくちゅるす	5
とりだくてゅるす	5
とりだくてぃれ	4
とりちあ	2
とりちうむ	3
とりっかー	2
とりっぱー	2
とりっぴんぐ	2
とりっぷ	2
とりっぺる	2
とりてぃくむ	3
とりでおきし	4
とりでしる	3
とりでせんにとりる	6
とりでんとす	3
とりとま	2
とりとん	1
とらいとん	2
とりにた	2
とりにてぃ	2
とりにてぃー	2
とりにとろふぇのーる	7
とりにとろべんぜん	6
とりはろめたん	5
とりぱのそーま	5
とりぱん	1
とりびありずむ	5
とりゔぃありずむ	5
とりびゅーと	3
とりふぇにる	3
とりふぉにー	2
とりふぉりうむ	4
とりふるおぺらじん	7
とりふろぺらじん	5
とりふるおろえときし	8
とりふるおろめちるふぇのちあじん	8
とりふるおろめちるふえのちあじん	8
とりふろろめちるふぇのちあじん	12
とりふろろめちるふえのちあじん	12
とりふるおろめちるべんずあにりど	14
とりふるぺりどーる	7
とりふるらりん	5
とりふろー	2
とりぶちる	3
とりぶろもじふるおろえたん	11
とりぶろもふぇのーる	7
とりぷしん	2
とりぷたのーる	5
とりぷたみん	0
とりぷたん	2
とりぷてぃく	2
とりぷとふぁん	4
とりぷとふあん	4
とりぷとふぃる	4
とりぷとふいる	4
とりぷれっと	2
とりぷろりじん	5
とりへきしふぇにじる	6
とりへきしふぇにでぃーる	8
とりへきしふえにでいーる	8
とりぺぷちど	3
とりぽっど	3
とりま	1
とりみぷらみん	4
とりむ	1
とりめたふぁん	4
とりめたふあん	4
とりめちこん	3
とりめちじにうむ	6
とりめちるあみん	6
とりめちるあんもにうむ	9
とりめちるあんもにうむぷろぴる	12
とりめちるしくろへきしる	9
とりめちろーるえたん	8
とりめちろーるぷろぱん	9
とりめときしべんぞあーと	10
とりめときしべんぞえーと	10
とりめときのーる	6
とりめとぷりむ	5
とりめぶちん	0
とりめぺりじん	4
とぅりゅふ	1
とりふ	1
とりゅっふ	1
とりゅふ	1
とりょちゃぎ	0
とりよーどさいろにん	8
とりらー	1
とりりとん	2
とりるいみだぞ	5
とりるいみだぞーる	7
とりるおきし	4
とりるするほにるぶちるうれあ	12
とりるぴぺりじの	6
とりれん	2
とりれんじいそしあなーと	10
とりれんじいそしあねーと	10
とりれんま	3
とりんけん	2
とりーてぃ	2
とりーてぃー	2
とるあーと	3
とるいじん	2
とるおいるぴろーる	7
とるく	1
とるこん	0
とるさーど	3
とるしー	1
とるすといあん	4
とるせん	1
とるそ	1
とるそー	1
とるた	1
とるて	1
とるてぃすぴな	4
とるてぃーじゃ	3
とるてぃーや	3
とるてろじん	4
とるとぅーが	3
とるどろべつ	4
とるどろゔぇつ	4
とるねーず	3
とるはるばん	3
とぅるばどぅーる	4
とるばどぅーる	4
とるふぇなむ	3
とるふえなむ	3
とるべーる	3
とるぺりぞん	4
とるま	1
とるまりん	0
とるめちん	0
とるーすたいと	5
とるーど	2
とれあどーる	4
とれおにる	3
すれおにん	0
とれおにん	0
とれか	1
とれくぁるてぃすた	5
とれくあるてぃすた	5
とれせん	0
とれちのいん	4
とれっかー	2
とれっさー	2
とれっど	2
とれっどみる	5
とれできむぐたとぅす	7
とれどみん	0
とれにあ	2
とれの	1
とれはろーす	4
とれぱん	0
とれぱーく	3
とれび	1
とれゔぃ	1
とれびす	1
とれふぁのさいど	5
とれぺ	0
とれぽねま	3
とれぽねーま	4
とれま	1
とれみふぇん	0
とれみふえん	0
とれもろ	0
とれらんす	1
とれらんと	3
とれりす	1
とれんざ	2
とれんちゃー	2
とれんでれんぶるく	7
とれんでれんぶるぐ	7
とれーさりー	2
とれーさ	2
とれーさー	2
とれっしんぐ	2
とれーしんぐ	2
とれーだー	2
とれいでぃんぐ	2
とれーりんぐ	2
とろいか	2
とろいだる	2
とろいで	2
とろいめらい	4
とろいめん	2
とろきしぴど	4
とろぐろでゅてす	5
とろこいど	3
とろこふぉあ	3
とろこふぉら	3
とろす	1
とろすぴうむ	4
とろっぽ	2
とろっきすと	4
とろつきすと	4
とろつきずむ	4
とろとらすと	4
とろばとーれ	4
とろゔぁとーれ	4
とろぱこかいん	5
とろぱにうむ	4
とろぴかりす	4
とろぴすむ	3
とろぴずむ	3
とろぴせとろん	5
とろぴっく	3
とろふぃっく	3
とろふぉぶらすと	5
とろほぶらすと	5
とろぽいるおきし	6
とろぽにん	0
とろぽみおしん	5
とろんこーに	4
とろんちうむ	4
とろんびん	2
とろんぷるいゆ	5
とろんぼきさん	4
とろんぼてすと	5
とろんぼぷらすちん	6
とろんむる	2
とろんめる	2
とろーち	2
とろーぷす	2
とわいらいたー	4
とわいらいつ	4
とわいらいと	4
とわらー	1
とぅあーりんぐ	2
とわりんぐ	2
とわる	2
とわれ	1
とわーる	2
とんか	1
とんきにーず	4
とんきろ	0
とんく	1
とんぐ	1
とんごり	0
とんさーる	3
とんず	0
とんだーつ	3
とんちみ	0
とんちみー	0
とんねりんぐ	0
とんぱ	1
とんふぁー	1
とんぼろ	0
とんむ	1
とーあ	1
とーいんぐ	1
とーが	1
とーきんぐ	1
とーきー	1
とーくん	1
とーしゅーず	3
とーしょん	1
とーたりて	3
とうちー	1
とーてみずむ	4
とーてむ	1
とーどまんぷらー	4
とーなめんたー	4
とーなる	1
とーにんぐ	0
とーぬす	1
とーましー	1
とーますかんとる	5
とーらー	1
とーるど	1
とーんばーすと	4
どあすとっぱー	4
どぇつちえん	2
どえっちぇん	2
どいちゃー	1
どいな	1
どいもい	0
どいりー	1
どぅあ	1
どぅおも	1
どぅおーも	2
どぅかーれ	2
どぅざみ	1
どぅぼーる	2
どぅゔぉーる	2
どぅまん	1
どぅらんた	2
どぅるひ	1
どぅろわー	2
どぅーいんぐ	1
どぅーす	1
どぅーず	1
どぅーちぇ	1
どぅーどぅる	1
どぅーどる	1
どぅーどるず	1
どぅーま	1
どぅーわっぷ	3
どうえる	1
どうぉでしも	3
どうしぇ	1
どうろす	0
ずうぇりんぐ	2
づうゑりんぐ	2
どえる	1
どおるとん	1
どかるぱみん	0
どきさぷらむ	3
どきしさいくりん	4
どきしふるりじん	0
どきしる	1
どきそるびしん	5
どきにあ	2
どぎー	1
どくさ	1
どくしー	1
どくとりん	1
どくはら	0
どぐまちーる	4
どぐまてぃずむ	4
どこさひどろ	4
どこさへきさえん	4
どしゅか	1
どすきん	1
どーすきん	1
どすれぴん	0
どせたきせる	3
どちゅん	1
どっじんぐ	0
どってぃー	1
どっふぁー	1
どっぺる	1
どっぺるつぃんめる	5
どっほ	1
どでかとりえにる	6
どでかとりえのあーと	8
どでかひどろ	4
どでかふぉにー	4
どでかんちおーる	6
どでしる	1
どでしるふぇのきしべんぜんじするほん	14
どでせん	2
どなりえら	4
どにゃ	1
どぬーる	2
どねぺじる	3
どばにどばに	4
どぱりーる	3
どびあーりす	3
どびー	1
どっふぃんぐ	0
どふぃんぐ	1
どぶたみん	0
どべなーっつぁち	3
どゔぇなーっつぁち	3
どぼねっくす	3
どぼりゃにん	0
どゔぉりゃにん	0
どまーじゅ	2
どまーに	2
でみぐらす	3
どみぐらす	3
どみっと	2
どみなんす	1
どみなんつ	1
どみなとぅす	3
どみなーとぅす	3
どみにおん	2
どみねーしょん	3
どみねーと	3
どむす	1
どむにしゅあら	4
どむぬれ	0
どむら	1
どめすちか	3
どめすてぃくす	4
どめぶら	0
どらいあーど	4
どらいど	2
どらいばびりてぃ	5
どらいばびりてぃー	5
どらいぶうぇい	5
どらいぶうえい	6
どらいぶうえー	6
どらいゔうぇい	5
どらいぽいんと	4
どらぐーん	3
どらこん	0
どらじぇ	1
どらせな	0
どらっがー	2
どらてく	0
どらばら	0
どらふたー	2
どらふてぃんぐ	0
どらふぃてぃ	2
どらふてぃー	2
どらぶや	0
どらゔや	0
どらぽん	0
どらまちすと	4
どらまつるぎー	4
どらまとぅるぎー	4
どらまにあ	3
どらみんぐ	2
どらもんでぃー	3
どらんかー	2
どらんく	2
どらんぐ	2
どらーだ	2
どりあす	1
どりあん	1
どりえる	1
どりおらりあ	4
どりぐ	1
どりこす	1
どりこーる	3
どりっぱー	2
どりっぷ	2
どりてぃす	1
どりてのぷしす	4
どりぱ	0
どりふたー	2
どりぶらー	0
どりぷろ	0
どりぼ	0
どりゅおこぷす	4
どりゅふぉろす	3
どりゅもです	3
どりらいむす	3
どりりんぐ	0
どりんかー	2
どりんかーず	2
どりね	1
どりーね	2
どりーまー	2
どりーまーず	2
どりーみんぐ	2
どるいど	2
どるくす	1
どるさーた	3
どるちゃび	0
どるとにずむ	4
どるふぃん	1
どるふぃんず	1
どるま	1
どるまん	1
どるみかむ	3
どるめん	1
どれいせな	2
どれすてっど	4
どれすめーかー	4
どれっど	2
どれっどのーと	5
どれつどのおと	5
どれっどろっく	5
どれなーじ	3
どれなーじゅ	3
どれにぞん	0
どれみ	0
どれんちゃー	2
どれーがー	2
どれーじゃー	2
どれーぶ	2
どれーぷ	2
どろあ	1
どろいと	2
どろいど	2
どろきしどぱ	4
どろしけ	2
どろしゅけ	2
どろしゆけ	2
どろっぱ	2
どろっぱー	2
どろっぴんぐ	0
どろぺりどーる	5
どろまいうす	3
どろまいと	3
どろまえおさうるす	6
どろみえう	3
どろろげん	3
どろんけん	2
どろういんぐ	2
どろーいんぐ	2
どろーばー	2
どろーむ	2
どろーる	2
どわーふ	2
どんから	0
どんきー	1
どんぐろす	1
どんごろす	3
どんしゃお	1
どんたく	1
どんたくず	1
どんぺり	0
どんぺりどん	3
どんまい	1
どーきー	1
どーさる	1
どーざ	1
どーそんず	1
どーたー	1
どーてぃ	1
どーてぃー	1
どーでぃち	1
どーとんぬ	3
どぱみん	0
どーぱみん	0
どーぱんと	3
どーぴんぐ	0
どーべるまん	3
どーま	1
どーまー	1
どーみー	1
どーら	1
なあーる	2
ないあうーん	4
ないあしん	3
ないくる	1
ないじぇりあん	3
ないちんげーる	5
ないてぃんげいる	5
ないてぃー	1
ないときゃっぷ	4
ないとめあ	4
ないとれーと	4
ないら	1
ないんす	1
ないんてぃ	0
ないんてぃー	2
ないんてぃーず	2
ないんてぃーす	4
ないんてぃーんす	4
なうくれあ	3
なうくれーろす	4
なうぜりん	0
なうん	1
なえもるへどぅす	5
なきざろ	0
なくら	1
なぐまちょん	2
なぐまほん	2
なこーん	2
なさこむ	1
なしおん	1
なしょなりすと	4
なしょなりぜーしょん	5
なしょなりち	3
なしょなりてぃ	3
なしょなりてぃー	3
なしょなりてー	3
なしよなりち	3
なじっと	1
なすたちうむ	4
なすたちゅーむ	4
なすたーちうむ	5
なすにん	1
なたる	1
なちずむ	2
なちゅあ	1
なてゅあ	1
なちゅび	1
なちゅらぼ	0
なちゅらりすむ	4
なちゅらりずむ	4
なちゅらるねす	1
なちゅれーぬ	3
なちゅーる	2
なっしんぐねす	1
なっじ	1
なちょ	1
なっちょ	1
なっはりひてん	4
なっぱ	1
なっぷさっく	4
なっぷざっく	4
なつーら	2
なてぐりにど	4
などろーる	3
なぬむ	1
なのす	1
なのふぇぅす	3
なのふぇうす	3
なはちがる	3
なはとむじーく	5
なばす	1
なばらん	0
なゔぁらん	0
なばる	1
なゔぁん	1
なぱーじゅ	2
なぱーむ	2
なびお	1
なびぐりお	3
なゔぃぐりお	3
なびけん	0
なぴあみやち	4
なふぁもすたっと	5
なふあもすたつと	5
なふぁれりん	0
なふあれりん	0
なふぇあ	1
なふさ	1
なふさりん	0
なふたりん	0
なふたれん	0
なふたれんじするほなーと	10
なふちる	1
なふちるあみん	5
なふてん	1
なふと	1
なふときのん	4
なふとーる	3
なふとーるふたれいん	8
なぶてっくす	3
なぷろきせん	3
なべるびん	2
なぼっと	1
なぽれたーな	4
なますかーる	4
なますて	0
なますてー	0
なまは	1
なむふぇん	1
なむる	1
ならか	1
ならしん	1
ならたーじゅ	3
なりっさん	2
なりっしゅめんと	2
なりんぎん	2
なるこちん	3
なることらーふぃこ	5
なるこれぷしー	4
なるししすと	4
なるしすと	3
なるししすむ	4
なるししずむ	4
なるしずむ	3
なるだ	1
なるふらふぃん	0
なるふらふいん	0
なれっじ	1
なれど	1
なろきそん	0
なろるふぃん	2
なろうず	1
なろーず	1
なろーと	2
なーろと	1
なろーど	2
なろーばんど	4
なろうぼーと	4
なろーぼーと	4
なわぶ	1
なわーえ	2
なんかんわん	3
なんだす	1
なんちゅい	0
なんどくまい	4
なんばが	0
なんばりんぐ	0
なむぷらー	1
なんぷらー	1
なーさりー	1
なーしんぐ	0
なーすりー	1
なーちゅあ	1
なてぃやむ	1
なーてぃやむ	1
なーむ	1
にあうり	2
にありー	1
にやれすと	3
にあんごん	2
にうない	1
にぇっと	2
にえっと	2
におぶ	1
にかるじぴん	0
にかーや	2
にがー	1
にくてれうてす	4
にゅくてれうてす	4
にくりにあな	4
にくろむ	0
にぐりかんす	4
にぐりけぷす	4
にぐれすけんす	5
にげら	1
にここじん	0
にこするふろん	5
にこちにあ	0
にこちにるこでいん	7
にこちのいる	4
にこらいてぃずむ	5
にざちじん	0
にざちん	1
にざのん	1
にしきん	0
にせるごりん	0
にそるじぴん	0
にそわーず	3
にぞふぇのん	0
にぞふえのん	0
にちぇぼー	2
にちえぼー	3
にかど	0
にっかど	0
にっかーず	1
にっかぽっか	4
にっかーぼっかー	5
にっかーぼっかーず	5
にっくせん	1
にっけるはるぱ	5
にったー	1
にっちゃー	1
にってっど	3
にっね	1
にっぴー	1
にっぷ	1
にっぷる	1
にっほーる	3
にとらぜぱむ	4
にとらとめちる	5
にとらぴりん	4
にとりと	2
にとりーる	3
にとろあせなふてん	7
にとろきし	3
にとろぐりこーる	6
にとろじふぇにる	5
にとろじふえにる	5
にとろせるろーす	6
にとろせるろーず	6
にとろそ	0
にとろそあみん	4
にとろそうれいど	6
にとろそかるばみん	0
にとろそもるほりん	7
にとろふぇにるちおのべんぜん	10
にとろふらぞーん	6
にとろぷるしど	5
にとろべんずいみだぞーる	10
にとろべんぞふぇのん	7
にとろべんぞふえのん	7
にどらん	1
になせま	0
にのくす	1
にひつ	1
にひとびっせん	4
にひとゔぃっせん	4
にひりすと	3
にひりずむ	3
にふぇからんと	4
にふえからんと	4
にふぇじぴん	0
にふえじぴん	0
にぶら	1
にぶらー	1
にぷらじろーる	5
にっぽにか	3
にぽにか	2
にむすちん	0
にむびい	1
にむんがかん	4
にめたぜぱむ	4
にやとー	1
にやーや	2
にゅあんさー	0
にゅあんせ	1
にゅくてぃこらくす	5
にゅむふぇん	1
にゅめれーる	3
にゅらーにゃ	2
にゅーかまー	3
にゅーかまーず	3
にゅくりあ	2
にゅーくりあ	3
にゅーくりあす	3
にゅーくりあー	3
にゅーこくしん	3
にゅーさんす	1
にゅーとぅららいず	5
にゅーとららいず	5
にゅーとり	0
にゅーとりの	3
にゅーまちっく	4
にゅーむ	1
にゅーめりっく	3
にゅーめれーたー	4
にゅーもしすてぃす	5
にゅーれぎゅりん	3
にゅーれぷちる	3
にゅーろいだる	3
にゅーろいど	3
にゅーろとろふぃん	4
にゅーろぱしー	3
にゅーろぱちー	3
にゅーろれぷてぃくす	6
にゅーろれぷと	4
にょくまむ	1
にょっき	1
にょにゃ	1
にらぞーる	3
にるあどみらりー	5
にるばじぴん	4
にるばーな	3
にるゔぁーな	3
にろちにぶ	3
にんぐらと	3
にんぐる	1
にんぱす	1
にんひどりん	0
にむふ	1
にんふ	1
にんふぇっと	3
にんふぇにうむ	4
にんふぉまにあ	4
にーだーばいと	5
にーだーゔぁいと	5
にーどるわーく	5
にいはお	1
にーはお	1
にーべるんげん	4
にもにっく	2
にーもにっく	4
にーれんぐす	3
にーん	1
ぬあーぐ	2
ぬえば	1
ぬえべ	1
ぬえぼ	1
ぬおぼ	1
ぬおゔぉ	1
ぬがてぃーぬ	3
ぬくなむ	1
ぬくまむ	1
ぬくれあーぜ	4
ぬくれいん	3
ぬくれおかぷしど	6
ぬくれおきゃぷしど	6
ぬくれおしど	4
ぬくれおそーむ	5
ぬくれおちど	4
ぬげり	1
ぬざろん	1
ぬちぐすい	3
ぬなたっく	3
ぬぬあ	1
ぬばっく	2
ぬばん	1
ぬゔぁん	1
ぬふ	1
ぬぺ	1
ぬみのーす	3
ぬめにうす	3
ぬるんじ	2
ぬーす	1
ぬーでぃすと	3
ぬーでぃずむ	3
ぬーでぃ	1
ぬーでぃー	1
ぬーとりあ	3
ぬーぶら	0
ぬーめのん	1
ぬーる	1
ぬーるーず	1
ねあんでるたーれんしす	8
ねいばーふっど	5
ねーばーふっど	5
ねうま	1
ねおあこ	0
ねおかるちのすたちん	8
ねおくらししずむ	6
ねおくらしずむ	5
ねおぐらまりあん	5
ねおころにありずむ	7
ねおこん	0
ねおじみうむ	4
ねおじうむ	3
ねおじむ	1
ねおすちぐみん	4
ねおすぽら	3
ねおとりごにあ	5
ねおなち	0
ねおふぁしすと	4
ねおふぇま	0
ねおふぉかえな	4
ねおぷらとにずむ	6
ねおぷれん	3
ねおよじん	0
ねおらみん	0
ねおれげりあ	4
ねかふぇ	0
ねがきゃん	0
ねがてぃびてぃー	3
ねがちふ	1
ねがちぶ	1
ねがちーう	1
ねがとすこーぷ	5
ねがれじすと	4
ねくさす	1
ねくたりん	0
ねくとん	1
ねくろふぃりあ	4
ねくろふぃりっく	4
ねくろふぉびあ	4
ねくろぽりす	4
ねくろまんさー	4
ねくろーしす	3
ねぐらーら	3
ねぐりじぇんて	4
ねぐりちゅーど	4
にぐりと	3
ねぐりと	3
ねぐりろ	0
にぐれくと	3
にぐろいど	3
ねぐろいど	3
ねごしあん	2
ねごしえーしょん	4
ねすかだしゅ	3
ねすけ	0
ねすげん	1
ねすすたー	2
ねだぷらちん	0
ねちけっと	1
ねちずん	2
ねてぃずん	2
ねちるまいしん	4
ねっかちーふ	4
ねっきんぐ	1
ねっくらいん	4
ねっしー	1
ねっすん	1
ねってぃんぐ	0
ねっとげー	0
ねとげー	0
ねっとぱと	4
ねぱーるまるふぁ	5
ねびゅら	1
ねびらぴん	0
ねふぃりむ	2
ねふぇりん	1
ねふぇろめとりー	4
ねふろれぴす	4
ねふろん	1
ねふろーぜ	3
ねぶと	1
ねぶらいざー	3
ねぷちにうむ	4
ねぷつにうむ	4
ねぺんてす	2
ねぽてぃずむ	3
ねまてぃっく	3
ねまとーだ	3
ねむなみん	0
ねめろん	1
ねもなぷりど	4
ねもふぃら	2
ねららびん	0
ねりおどれいん	5
ねりね	1
ねりょちゃぎ	0
ねるか	1
ねるふぃなびる	4
ねるふいなびる	4
ねるぼん	1
ねるろれん	0
ねろり	1
ねわでんしす	3
ねんみょん	1
ねーことん	1
ねーざりてぃー	3
ねーじゅ	1
ねーてぃびずむ	4
ねいてぃびてぃ	3
ねーてぃびてぃー	3
ねーばる	1
ねーぶる	1
ねーべん	1
ねーぺんてす	3
ねーむど	1
ねーむぷれーと	5
ねーむりっひ	4
ねいりすと	3
ねーりすと	3
のいえ	1
のいゑ	1
のいえすて	3
のいえる	1
のいがー	1
のいくろにっく	5
のいちーむ	3
のいまっくす	3
のいらみにだーぜ	6
のいろびたん	4
のえしす	1
のえま	1
のかるじあ	3
のぎてかん	3
のくすたーる	4
のくたーなる	3
のくたーん	3
のぐらー	1
のじおーら	3
のじゅーる	2
のすかぴん	3
のすとら	0
のぜま	1
のっかー	1
のっかーず	1
のっくす	1
のっさ	1
のっちばっく	4
のっちんぐ	0
のってぃんぐ	0
のってっど	3
のっとぅるの	3
のっとんに	3
のっど	1
のととだるす	4
のどさ	1
のどさうりでー	4
のどさうるす	3
のなてとらえのあーと	8
のなん	1
のにおん	1
のにる	1
のねにる	1
のねん	1
のねんにとりる	4
のばえあんぐりあえ	6
のゔぁえあんぐりあえ	6
のばえせえらんでぃあえ	8
のゔぁえせえらんでぃあえ	8
のばえぜらんでぃあえ	7
のゔぁえぜらんでぃあえ	7
のばーるむ	2
のゔぁーるむ	2
のびりす	1
のぶむ	1
のゔむ	1
のぶりる	1
のゔりる	1
のぶれす	1
のべっら	2
のゔぇっら	2
のべぼらけんしす	5
のゔぇぼらけんすぃす	5
のべらいじんぐ	3
のべらいぜーしょん	5
のべら	1
のゔぇら	1
のべるす	1
のべるてぃ	2
のべるてぃー	2
のぼぐらなてんせ	6
のゔぉぐらなてんせ	6
のぼびおしん	4
のぼらっく	3
のまでぃすむ	3
のまでぃっく	1
のまど	1
のみなてぃぶ	3
のみなりずむ	4
のもかのん	3
のもぐらむ	3
のもす	1
のやん	1
のらきん	0
のらな	1
のるあしめたどーる	7
のるあど	0
のるあどれなりん	0
のるうぇぎあん	3
のるうぇじあん	3
のるえぴねふりん	5
のるだぜぱむ	4
のるでぃ	1
のるでぃか	0
のるでぃっく	1
のるでん	1
のるとりぷちりん	5
のるど	1
のるばでっくす	4
のるびきしん	0
のるふぇねふりん	5
のるふえねふりん	5
のるふぇんたにる	5
のるふろきさしん	6
のるぼるねん	3
のるまん	1
のるまんへきさん	5
のるむ	1
のろうぃるす	3
のろういるす	3
のろぷす	1
のわぜっと	3
のんあるこーる	3
のんがばめんたる	5
のんきゃり	0
のんけみ	0
のんたいとる	3
のんちぇ	1
のんでれ	0
のんな	1
のんぷろ	0
のんぷろふぇっしょなる	5
のんぽり	0
のんりこーす	4
のーうい	1
のーぎゃら	0
のーこん	0
のーざん	1
のーしす	1
のーじん	1
のーすと	1
のーたい	0
のーちぇ	1
のーちらす	1
のーちかる	1
のーてぃかる	1
のーちす	1
のーてぃす	1
のーてぃふぃけーしょん	5
のーてっど	3
のーてーしょん	3
のーとぶっく	4
のーとぶつく	4
のーばでぃ	3
のーばでぃず	3
のーばでぃー	3
のーゔぁや	0
のーぱそ	0
のーぱん	0
のーぶす	1
のーゔす	1
のーぶら	0
のーぶるねす	3
のーぶれす	3
のーぷりうす	4
のーべりうむ	4
のべんばー	2
のゔぇんばー	2
のーべんばー	3
のーまるしー	3
のめんくらとぅーら	6
のーめんくらつーら	7
のーんさーう	4
のーんちゃーい	4
はーりー	1
はあれつ	1
はいあらい	3
はいおく	0
はいおぐろっさす	5
はいおれいっく	5
はいかー	1
はいぐろふぃら	4
はいぐろまいしん	5
はいこんぷ	3
はいさーぐらふ	5
はいじゃっかー	3
はいすぺ	0
はいせちん	3
はいたく	0
はいちおーる	4
はいつ	1
はいでぃんぐ	1
はいでっかー	3
はいどれーしょん	4
はいどれーと	4
はいどろ	0
ひどろ	0
はいどろきしあぱたいと	7
はいどろさるふぁいと	7
はいどろさるふあいと	7
はいどろにゅーまてぃっく	7
はいどろぶろもふるおろかーぼん	12
はいどろぷれにんぐ	6
はいどろぷれーにんぐ	6
はいどろぽにくす	5
はいどろめーたー	5
はいどろらすてぃっく	7
はいどろりっく	5
はいどろりつく	5
はいどろれーたー	5
はいばーす	3
はいぱーさーみぁ	5
はいぱーさーみあ	5
はいぱーぼりっく	5
はいぱーめでぃあ	5
はいびすかす	3
ひびすかす	2
はいふねーしょん	4
はいぶっしゅ	3
はいぶりだいぜーしょん	7
はいぶりどーま	5
はいぷ	1
はいぺ	1
はいぺりかん	3
はいぼん	1
はいぽ	1
はいぽきしあ	4
はいぽにか	3
はいまーと	3
はいらいふ	3
はいらっくす	3
はいれぐ	0
はいんど	1
はうすきーぱー	4
はうすきーぴんぐ	4
はうすめいと	4
はうすめーと	4
はうりんぐ	0
はえまんさす	3
はおちー	3
はおれ	1
はがん	1
はぎあ	1
はぎす	1
はくそー	1
はくにー	1
はげき	0
はげきてん	2
はげにあ	0
はしし	1
はししゅ	1
はしーしゅ	2
はっしし	1
はっしっし	1
はしでぃずむ	3
はしみか	0
はしゅらま	0
はすかっぷ	3
はすく	1
はすらー	1
はずね	0
はずばんど	1
はせるてぃい	2
はちあずれ	3
はちぇっと	2
はちぇていしょん	3
はっきょ	1
はっくぶれっと	5
はっくる	1
はっしゅ	1
はっしゅど	0
はっじ	0
はっじー	1
はっちんぐ	0
はっとねあ	4
はでぃし	1
はでぃーす	1
はとろん	1
はどろにゅけ	3
はどろん	1
はない	1
はなっしー	2
はにーさっくる	4
はぬかー	1
はねじゅー	0
はねすと	2
はねむーなー	3
はばねら	0
はばねろ	0
はびたっと	3
はびたぶる	1
はびっつ	1
はびっと	1
はびてーしょん	3
はびとぅす	1
はびりす	1
はびりたちおん	4
はぴねす	1
はふぁだい	1
はふぁだーい	3
はふにうむ	3
はぶらす	1
はぶろぷてぃるす	4
はぷてん	1
はぷとぐろびん	5
はぷろたいぷ	4
はぷー	1
はべなりあ	3
はぽ	1
はぽにょーる	3
はまむ	1
はまめにたんにん	5
はまーさ	2
はみば	0
はみるとにあん	2
はみるとにい	3
はむじ	1
はめっつ	1
はよくぺ	2
はらいど	2
はらうぃ	1
はらか	0
はらはー	1
はらしょー	2
はらすめんと	2
はらぜぱむ	3
はらっさー	2
はらぺにょ	3
はらぺーにょ	3
はらぼじ	0
はらもに	0
はらる	1
はらーじゅ	2
はらーむ	2
はらーる	2
はりあええとぅす	1
はりあー	1
はりやー	1
はりしてす	3
はりしーてす	3
はりじゃん	1
はりは	1
はりばっと	3
はりら	1
はりーず	1
はるしおん	2
はるしのにど	4
はるつばーがいと	6
はるていす	3
はるてれす	3
はるなーる	3
はるひらー	3
はるふぇんぷろっくす	6
はるふえんぷろつくす	6
あるまげどん	4
あーまげどん	4
はるまげどん	4
はるまったん	3
はるまら	0
はるもに	0
はるもにうむ	4
はーもにうむ	4
はるむ	1
はるーみ	2
はれむ	1
はーれむ	1
はれんきるへ	4
はれんぐす	2
はれいしょん	2
はれーしょん	2
はろうぃん	1
はろういーん	4
はろかーぼん	3
はろきさぞらむ	4
はろすてん	2
はろたん	1
はろはろ	0
はろぺりどーる	5
はろわ	0
はろんとが	2
はわいあん	2
はわら	1
はわりーじゅ	3
はわーりじゅ	4
はんかちいふ	4
はんかちふ	4
はんかちーふ	4
はんけちーふ	4
はんがりあ	3
はんがりあん	3
はんぎょれ	0
はんぎんぐ	0
はんぐぐらいでぃんぐ	5
はんざ	1
はんじゅんまく	3
はんすと	0
はんせあちっく	5
はんちゃん	0
はんでぃきゃっぱー	4
はんでぃくらふと	5
はんです	1
はんとしゅりふと	5
はんどあうと	4
はんどばっく	4
はんどばっぐ	4
はんどぼーる	4
はんどめいど	4
はんどめーど	4
はんどれっす	1
はんどれっど	1
はんにゃ	1
はんばめ	0
はんぶるがー	3
はんぷてぃ	1
はんまりんぐ	0
はんまーくらびあ	6
はんめるくらびえ	6
はんまーへっど	5
はんもっく	3
はんもつく	3
はーきみーや	4
はーけん	1
はーけんくろいつ	6
はーざー	1
はーじょ	1
はーず	1
はーせるふ	3
はーでぃー	1
はーでんべるぎあ	6
はーとらんど	4
はーどかばー	4
はーどとっぷ	4
はーどなー	1
はーどぼーど	4
はーどりんぐ	0
はーねす	1
はーぱーす	1
はーぱーず	1
はーふうぇー	4
はーふうえい	5
はーふたいむ	4
はーふとーん	4
はーふばっく	4
はーぷしこーど	5
はーぷーん	3
はーべすたー	3
はーゔえすたー	3
はーべすと	1
はーゔぇすと	1
はーべん	1
はーまふろだいと	6
はーみっつ	1
はーみっと	1
はーもないぜーしょん	6
はもにか	0
はーもにか	0
はーもにぜーしょん	5
はーもにっく	4
はーもろでぃっく	5
はーもろでぃっくす	5
はーらー	1
はーる	1
はーれむりっき	5
ばーばー	1
ばいあうと	3
ばいあぶる	1
ばいある	1
ばいやる	1
ばいあーな	3
ばいあーの	3
ばいいんぐ	1
ばいえりっしぇ	4
ばいおあっせい	4
ばいおぐらふぃ	4
ばいおぐらふぃー	4
ばいおせいふてぃ	4
ばいおせいふてい	4
ばいおせーふてぃー	4
ばいおとろん	4
ばいおにくす	4
ばいおぷしー	3
ばいおみめてぃっく	5
ばいおめかにくす	6
ばいおりずむ	4
びおれっと	1
ゔぃおれっと	1
ばいおれめ	4
ばいおれんす	1
ゔぁいおれんす	1
ばいおれーしょん	4
ばいおろじかる	4
ばいおーむ	3
ばいかるちゃる	3
ばいがん	1
ばいきると	3
ばいくらぱぉー	5
ばいくらぱおー	5
ばいころじー	3
ばいしくる	1
ばいしゃ	1
べーしゃ	1
ゔぁいしゃ	1
ばいしん	1
ばいせくしゃりてぃー	5
ばいせくしゅありてぃ	6
ばいせくしゅある	4
ばいそらっくす	4
ばいそん	1
ばいたく	0
ばいたすこーぷ	5
ゔぁいたすこーぷ	5
ばいたらいざー	4
ゔぁいたらいざー	4
ばいたらいじんぐ	4
ばいたりずむ	4
ゔぁいたりずむ	4
ばいたりてぃ	3
ばいたりてぃー	3
ゔぁいたりてぃ	3
ゔぁいたりてぃー	3
ばいたー	1
ばいだるか	3
ばいてく	1
ばいとうてぃあ	3
ばいならいず	4
ばいなる	1
ゔぁいなる	1
ばいのーらる	3
ばいばー	1
ばいぱー	1
ばいふぇーず	3
ばいふえーず	3
ばいぶらんと	4
ばいぶれーしょん	4
びぶらしおん	3
ゔぁいぶれーしょん	4
ゔぃぶらしおん	3
ばいぶれいていんぐ	4
ばいぶれーてぃんぐ	4
ばいぶろ	0
ばいぶろさいす	5
ばいぷろだくつ	5
ばいぷろだくと	5
ばいぷろっと	4
ばいほん	1
ばいぽっど	3
ばいぽらりてぃー	4
ばいぽらー	3
ばいぽーら	3
ばいぽーらー	3
ばいめたる	3
ばいもーら	3
ばいよん	1
ばいらてらりずむ	6
ばいらてらる	3
ばいれーびある	3
ばいりんがりずむ	6
ばいりんがる	3
ばいりんぎゃる	3
ばいれいい	3
ばいろら	0
ばいろーちゃな	3
ばいんだー	0
ばいんでぃんぐ	0
ばいんど	0
ばうえら	0
ばうでぃにあぬす	5
ばうでぃにい	2
ばうと	1
ばうふしゅめるつ	5
ばうむ	1
ばうむくーへん	4
ばーむくーへん	4
ばうる	1
ばうわう	1
ばうんさー	0
ばうんしんぐ	0
ばうんでぃんぐ	0
ばうんでっどねす	2
ばうんず	1
ばおしょー	0
ばから	1
ばかるでぃ	2
ばかるでぃー	2
ばかろす	1
ばかろれあ	3
ばかんらうにかう	6
ゔぁかんらうにかう	6
ばがい	1
ばがす	1
ばがてる	1
ばがとる	1
ばがばん	0
ばがゔぁん	0
ばがぼん	1
ばがぶんど	3
ゔぁがぶんど	3
ばきにうむ	3
ばきゅまちっく	4
ばきゅろうぃるす	3
ばきゅろういるす	5
ばきゅーむ	2
ばきゆーむ	2
ゔぁきゅーむ	2
ばじゃいな	2
わぎな	1
ゔぁじゃいな	2
ばぎんぐ	0
ばっぎんぐ	0
ばくしーし	3
ばくてぃ	1
ばくてりあ	0
ばくてりや	0
ばくてりおくろろふぃる	9
ばくてりおふぁーじ	6
ばくら	1
ゔぁくら	1
ばくろふぇん	0
ばくろふえん	0
ばくわ	1
ばぐぱいぷ	3
ばっぐぱいぷ	4
ばぐべあ	0
ばけいしょん	2
ばけーしょん	2
ゔぁけいしょん	2
ゔぁけーしょん	2
ばげっじ	1
ばげーじ	1
ばっけーじ	1
ばこぱ	1
ばごん	1
ばさぐらん	3
ばざーど	2
ばしぇっと	1
ゔぁしぇっと	1
ばしとらしん	0
ばしねっと	3
ばしゅねっと	3
ばしゃっと	1
ゔぁしゃっと	1
ばしらす	1
ばしりきしまぶ	4
ばしれいあ	3
ばしれいす	1
ばしれうす	3
ばじなすにー	3
ゔぁじなすにー	3
ばじゃ	1
ばじゃー	1
ばじゅら	1
ゔぁじゅら	1
ばじら	1
ゔぁじら	1
ばじらやーな	4
ゔぁじらやーな	4
ばじららさ	3
ゔぁじららさ	3
ばしりか	2
ばじりか	2
ばじりこ	2
ばじりすく	3
ばじー	1
ばすきゅらー	2
ばすきゅーる	3
ばすくらんて	4
ばすこん	0
ばすたぶ	0
ばすたーど	3
ばすだくと	3
ばすてぃ	1
ばすてぃー	1
ばすどら	0
ばすぶーさ	3
ばすぼむ	3
ばすーん	2
ばずびー	1
ばせっと	2
ばせんじー	2
ばそぷれしん	4
ばそぷれっしん	4
ばぞぷれしん	4
ばたさん	0
ばたちゃらや	3
ばたちゃりや	3
ばたらー	0
ばたーど	2
ばちぇらー	1
ばちぇらーず	1
ばちえらー	1
ばちゅらー	1
ばちすと	2
ばしるす	1
ばちるす	1
ばっかす	1
ばっかにあー	3
ばっかにあーず	4
ばっかにーあす	4
ばつかにーあす	4
ばっかる	1
ばっかー	1
ばっきあーなす	4
ばっきんぐ	0
ばっくぎゃもん	4
ばっくすとっぷ	5
ばっくすとつぷ	5
ばつくすとっぷ	5
ばつくすとつぷ	5
ばっくと	1
ばっくはんど	4
ばっくぱっかー	4
ばっくぱっく	4
ばっくびーと	4
ばっくふぁいあ	4
ばっくほう	4
ばっくほー	4
ばっくぼーん	4
ばっくらっし	4
ばっくらっしゅ	4
ばくらむ	1
ばっくらむ	1
ばっくろぐ	4
ばっくわーでーしょん	6
ばっくわーど	4
ばっけん	1
ばっさりっず	4
ばっしゃー	1
ばっしゅ	0
ばっちゃー	1
ばつちやー	1
ばっていら	3
ばってら	0
ばってーら	3
ばっとれす	1
ばっふぃんぐ	0
ばっふる	1
ばつふる	1
ばっぷ	1
ばっぷす	1
ばてぃかーの	3
ゔぁてぃかーの	3
ばてぃじにあす	3
ゔぁてぃじにあす	3
ばちっく	2
ばてぃっく	2
ばてれん	0
ばじす	1
ばでぃす	1
ぶじす	1
ゔぁでぃす	1
ゔぢす	1
ばでぃねり	0
ばとぅあ	1
ばとぅらー	1
ばとぅる	1
ばとぅるーしゅか	3
ゔぁとぅるーしゅか	3
ばとすぴ	0
ばとどり	0
ばとろきそびん	5
ばどしゃひ	0
ばなじうむ	3
ばなじん	1
ばなとぅらしー	3
ゔぁなとぅらしー	3
ばなとぺあ	3
ばなーぬ	2
ばにしんぐ	1
ばにたす	1
ゔぁにたす	1
ばにてぃ	1
ばにてぃー	1
ばにてぃーず	1
ゔぁにてぃ	1
ゔぁにてぃー	1
ばにゃっ	1
ばにやん	1
ばんやん	1
ばにやーど	3
わにやーど	3
ばにりん	1
わにりん	1
ばにーゆ	2
ゔぁにーゆ	2
ばにーるまんでる	5
ばぬーぼ	2
ゔぁぬーぼ	2
ばのす	1
ゔぁのす	1
ばばがぬーぐ	4
ばばこ	1
ばばす	1
ばばな	1
ばゔぁな	1
ばばろあ	0
ばびあな	0
ばびるさ	2
ばびんすきー	2
ばふ	1
ばっふぃー	1
ばふぃ	1
ばふぃー	1
ばぶーしゅ	2
ばぶーしゅか	2
ばーぶしゅか	3
ばぷてぃずも	3
ばぷてぃすた	3
ばぷてぃすと	3
ばぷてすと	3
ばぷてすま	3
ばべしあ	2
ばべってぃー	2
べべる	1
ばぽらいざー	3
ゔぁぽらいざー	3
ばみせり	0
ばみー	1
ばやん	1
ばよねっと	3
ばらいた	2
ばらえな	0
ばらえのぷてら	5
ばらくーだ	3
ばらっか	2
ばらーと	2
ばらふぉん	1
ばらまんでぃ	3
ばららいか	3
ばらんがい	2
ばらんしあ	2
ばらんしんぐ	0
ばらーだりー	4
ばりあしおん	4
ゔぁりあしおん	4
ばりあぶる	3
ばりあんす	1
ゔぁりあんす	1
ばりあんと	3
ゔぁりあんと	3
ばりうむ	0
ゔぁりうむ	0
ばりゅうむ	2
ばりゅーむ	2
ばりえがた	3
ばりえがーた	4
ゔぁりえがた	3
ゔぁりえがーた	4
ばりおら	0
ばりおん	1
ばりかん	0
ばりけん	0
ばりけーだーず	3
ばりけーど	3
ばりこん	0
ばりすかん	2
ばりすた	0
ばりすたー	2
ばりすてぃっく	4
ばりた	1
ばりだーぜ	3
ばりでぃてぃ	2
ばりでぃてぃー	2
ゔぁりでぃてぃ	2
ばりとん	0
ばりにーず	3
ばりまっくす	3
ばりゅえーしょん	3
ばりる	1
ばりーく	2
ばりーず	1
ゔぁりーず	1
ばるかないず	4
ゔぁるかないず	4
ばるかろーる	4
ばるく	1
ばるけった	3
ばるさむ	1
ばるさもしとらす	5
ばるじ	1
ばるたい	0
ばるちゅーる	3
ゔぁるちゅーる	3
ばるっふ	2
ばるてぃか	2
ばるてぃっく	1
ばるでなふぃる	4
ばるでなふいる	4
ゔぁるな	1
ばるにじぴん	0
ばるねらびりてぃ	5
ばるねらびりてぃー	5
ゔぁるねらびりてぃ	5
ばるばとぅす	3
ばるばりー	2
ばるばろい	3
ばるばろす	3
ばるびたーる	4
ばるびつる	3
ばるびつーる	4
ばるびつれーと	5
ばるぷろ	0
ばるぼあ	0
ばるぼうさむ	3
ばるみつば	3
ばるーち	2
ばるーる	2
ばれお	1
ゔぁれお	1
ばれためーと	4
ばれった	2
ばれにくりん	0
ばりれーと	3
ばれらーと	3
ばれりあん	2
ゔぁれりあん	2
ばれりるおきし	5
ばれりん	1
ばれるあるでひど	6
ばろあ	1
ばろさうるす	3
ばろねす	1
ばわりー	1
ばんかしゅらんす	3
ばんがんぱり	3
ばんがーど	3
ばんきんぐ	1
ばんぐる	1
ばんこまいしん	4
ばんこまっと	4
ばんさ	1
ばんしー	1
ばんじゃる	1
ばんじー	1
ばんすり	1
ばーんすりー	5
ばんず	1
ばんたん	1
ばんだすきなー	5
ばんだりずむ	4
ばんだーすなっち	6
ばんてぃっじ	1
ばんてーじ	1
ゔぁんてぃっじ	1
ばんでぃくー	1
ばんでぃくーと	4
ばんでぃっと	1
ばんでぃらんてぃす	4
ばんでぃんぐ	0
ばんでいらんちす	5
ばんでぐらふ	7
ぱんでぐらふ	4
ばんでみえーる	5
ゔぁんでみえーる	5
ばんでーじ	3
ばんどでしね	4
ばんどねおん	4
ばんどりんぐ	0
ばんどわごん	4
ばんにんぐ	1
ばんぬーぼ	3
ゔぁんぬーぼ	3
ばんびーに	3
ばんぶー	1
ばんぼっしゅ	3
ばんます	0
ばんりゅー	1
ぱんりゅ	1
ばーかー	1
ばーがんでぃー	3
ばーくりうむ	4
ばーけりあ	3
ばーげにんぐ	0
ばーさす	1
ばーさーく	3
ばーし	1
ばーじなる	1
ゔぁーじなる	1
ばーた	1
ゔぁーた	1
ばーたっく	1
ばーちかる	1
ばーちゃ	1
ばーてぃご	0
ばーてくす	3
ゔぁーてくす	3
ばーてっくす	3
ばーてぶら	3
ばーてんだー	3
ばーでぃくと	3
ばーでぃっしゅ	1
ばーとる	1
ばーとれっと	1
ばーなりぜーしょん	5
ばーにや	1
ばーにあ	1
ばーにゃ	1
ばーにんぐ	0
ばーにーず	1
ばーばやがー	4
ばーばやーが	4
ばーばりあん	3
ばーばりずむ	4
ばーふぇん	1
ばーぶど	1
ばーべな	0
ゔぁーべな	0
ばーべる	0
ばーぼん	1
ばーまん	1
ばーみせり	3
べるみちぇり	3
ばーみりおん	3
ゔぁーみりおん	3
ばーみー	1
ばーみーず	3
ばーむ	1
ばーりとぅーど	4
ばーるってぃか	3
ばーるてぃか	3
ゔぁーるってぃか	3
ゔぁーるてぃか	3
ばーれすく	3
ばーんあうと	4
ばーんたりんがむ	5
ぱいあす	1
ぱいおうす	3
ぱいあん	1
ぱいえっと	3
ぱいおん	1
ぱいか	1
ぱいでいあ	3
ぱいなろーしょん	4
ぱいぴんぐ	0
ぱいゆてぃーぬ	4
ぱいる	1
ぱいるだー	1
ぱいれいと	3
ぱいれーと	1
ぱいろ	1
ぱいろじぇん	3
ぱいろめーたー	4
ぱいろらいざー	4
ぱいろん	1
ぴゅろん	1
ぴろん	1
ぱいんず	1
ぱうあまれろ	4
ぱうぉん	1
ぱうぜ	1
ぱうだりー	1
ぱうだーりー	3
ぱうち	1
ぱうまーふぃむ	3
ぱうりすた	3
ぱうりすたーの	5
ぱうるのっくす	4
ぱうわう	1
ぱえでりあ	3
ぱえりあ	2
ぱえりゃ	2
ぱえりや	2
ぱえーじゃ	2
ぱえーりゃ	2
ぱえーりや	2
ぱおず	1
ぱおぴーくー	3
ぱおぺい	0
ぱからな	0
ぱきぐろっさ	4
ぱきしる	1
ぱきふぁすたくす	5
ぱきゅけれうす	4
ぱきゅぽでぃうむ	4
ぱきゅりゅんか	3
ぱきら	1
ぱくしゅ	1
ぱくちょい	1
ぱくちー	1
ぱくりたきせる	4
ぱぐ	1
ぱごた	1
ぱごだ	1
ぱさー	1
ぱさーじゅ	2
ぱしす	1
ぱしふらみん	0
ぱしぼ	1
ぱしゃ	1
ぱしや	1
ぱしゅみな	0
ぱじ	1
ぱじぇんと	1
ぱすたー	1
ぱすちなとる	3
ぱすてぃなとる	4
ぱすてぃーしゅ	3
ぱすてぃーな	3
ぱすとらみ	0
ぱすとらーみ	4
ぱすとらる	1
ぱすとりぜーしょん	5
ぱすふぁいんだー	4
ぱすぽ	1
ぱすわーん	3
ぱせお	1
ぱせにゃ	1
ぱせる	1
ぱそぐらふぃ	3
ぱそぐらふぃー	3
ぱそぼら	0
ぱそろじかる	3
ぱそろじー	2
ぱたごにくす	4
ぱたれーに	3
ぱたーて	2
ぱたーど	2
ぱたーなりすてぃっく	7
ぱたーなりずむ	5
ぱたーにんぐ	0
ぱたーのすたー	4
ぱだむ	1
ぱだわん	0
ぱちぶ	1
ぱちゔ	1
ぱちゅり	1
ぱちゅりー	1
ぱちょり	1
ぱちれしーと	4
ぱっかーず	1
ぱっくかなー	4
ぱくす	1
ぱっくす	1
ぱっけーじんぐ	0
ぱっさかりあ	4
ぱっさめーたー	4
ぱっさる	1
ぱっしふろーら	5
ぱっしぶ	1
ぱっしめーたー	4
ぱっしょなりあ	4
ぱっしんぐ	0
ぱっせ	1
ぱっせんじゃー	3
ぱっそ	1
ぱったい	1
ぱっだー	1
ぱっちぎ	0
ぱっちむ	1
ぱっつぁ	1
ぱっぴんす	1
ぱっぷ	1
ぱつぷ	1
ぱてぃえんす	1
ぱてぃお	1
ぱてぃきゅらりずむ	5
ぱてぃしえ	0
ぱてぃしえーる	4
ぱてぃす	1
ぱてぃすりー	2
ぱてっど	1
ぱてと	1
ぱてな	1
ぱでわっと	3
ぱとぐらふぃー	3
ぱとりあ	2
ぱとりあるく	4
ぱとりえ	0
ぱとりき	2
ぱとれいろ	3
ぱとろーね	3
ぱどりんぐ	0
ぱどる	1
ぱなえおらす	4
ぱなせん	1
ぱなてら	0
ぱなまっくす	3
ぱにえ	1
ぱにおろ	0
ぱにきゅらた	3
ぱにっしゃー	1
ぱにぺねむ	3
ぱにーに	2
ぱにーの	2
ぱにーる	2
ぱぬりるす	3
ぱねとーね	3
ぱねらー	1
ぱのぷてぃこん	3
ぱのぷてぃすむ	4
ぱぱぁ	1
ぱぱあ	1
ぱぱいん	2
ぱぱべりん	0
ぱぱめいあん	3
ぱぱらぎ	0
ぱぱらっち	3
ぱびなーる	3
ぱぴなーる	3
ぱびよん	1
ぱゔぃよん	1
ぱぴえ	1
ぱぴらす	1
ぱぴるす	1
ぱぴろま	0
ぱぴろーま	3
ぱぴろーまうぃるす	6
ぱぴろーまういるす	7
ぱぴー	1
ぱふぁー	1
ぱふぃお	1
ぱふぃおぺじらむ	5
ぱふぃおぺでぃるむ	5
ぱふぇりあ	2
ぱふぃん	1
ぱふぉまー	2
ぱふぉーまーず	2
ぱふぉーみんぐ	2
ぱふすけいん	4
ぱふゅーまー	2
ぱぶこめ	0
ぱぶりけーしょん	4
ぱぶりしすと	4
ぱぶりしてぃ	3
ぱぶりしてぃー	3
ぱぶりっしゃー	3
ぱぶりっしゃーず	3
ぱぶりしんぐ	3
ぱぶりっしんぐ	3
ぱぷあな	0
ぱゔぇ	1
ぱほほ	1
ぱぼねす	1
ぱまま	1
ぱまる	1
ぱみす	1
ぱみどろん	0
ぱみら	1
ぱも	1
ぱもーる	2
ぱらいすとら	4
ぱらでぃーぞ	3
ぱらいんふるえんざ	7
ぱらおあ	0
ぱらおきし	3
ぱらおちん	0
ぱらかるばみのふぇにる	8
ぱらかるばみのふえにる	8
ぱらく	1
ぱらくりん	0
ぱらぐらいだー	4
ぱらぐらふ	1
ぱらぐらむ	3
ぱらこーと	3
ぱらごん	1
ぱらしい	1
ぱらすぃい	1
ぱらしめん	2
ぱらじうむ	3
ぱらでぃうむ	3
ぱらじくろるべんぜん	7
ぱらじくろろべんぜん	7
ぱらじしあんべんぜん	7
ぱらせたもーる	5
ぱらた	1
ぱらちのーす	4
ぱらちふす	3
ぱらっつぉ	2
ぱらっつお	2
ぱらでぃぐまてぃっく	5
ぱらでぃずむ	3
ぱらでぃん	1
ぱらとるいれんじあみん	8
ぱらとるえんするほなーと	10
ぱらとるえんするほねいと	10
ぱらとるもん	3
ぱらどくさ	3
ぱらどくさる	3
ぱらどくそるにす	5
ぱらどくす	3
ぱらどっくす	3
ぱらどーる	3
ぱらの	1
ぱらのいあ	3
ぱらのいど	3
ぱらふぇにれんじあみん	8
ぱらふえにれんじあみん	8
ぱらふぇねちじん	5
ぱらふえねちじん	5
ぱらふれーじんぐ	4
ぱらぷらちん	3
ぱらぷれーん	4
ぱらぺっと	3
ぱらまうんと	3
ぱらめたらいぜーしょん	7
ぱらめたりぜーしょん	5
ぱらめときしべんじる	7
ぱらめときしべんちる	7
ぱらものくろろふぇのーる	9
ぱららいず	3
ぱららっくす	3
ぱらりとーです	4
ぱりあ	1
ぱーりあ	1
ぱりあてぃーふ	4
ぱりえっと	3
ぱりお	1
ぱりさい	0
ふぁりさい	0
ぱりしー	1
ぱりじゃん	2
ぱりそん	1
ぱりだか	0
ぱりっさんどる	4
ぱりっさんどるぱら	7
ぱりっさんどるりお	7
ぱりっさんどるろぜ	8
ぱりっしゅ	2
ぱりてぃ	1
ぱりてぃー	1
ぱりてい	1
ぱりときしん	0
ぱりぬるす	3
ぱりゃーどく	2
ぱりゅーる	2
ぱりんぷせすと	5
ぱるげい	1
ぱるげんい	3
ぱるさみ	0
ぱるさー	1
ぱるせーたー	3
ぱるたい	0
ぱるだお	0
ぱるだろとぅす	4
ぱるたざーな	4
ぱるてぃじゃーな	4
ぱるてぃーた	3
ぱるてのす	3
ぱるでぃころる	4
ぱるどん	1
ぱるなしあん	3
ぱるなしうす	4
ぱるぱー	1
ぱるびふぉりあ	4
ぱるゔぃふぉりあ	4
ぱるびふぉりうむ	5
ぱるゔぃふぉりうむ	5
ぱるびふろーら	5
ぱるゔぃふろーら	5
ぱるふぃうむ	3
ぱるぺぶらた	4
ぱるぼうぃるす	4
ぱるぼういるす	5
ぱるまこん	3
ぱるみえ	0
ぱるみじゃーの	4
ぱるみちん	0
ぱるみてーと	4
ぱるみと	0
ぱるみといる	4
ぱるめざん	3
ぱるめっと	3
ぱるらとれい	5
ぱるらんど	3
ぱれいどりあ	4
ぱれお	1
ぱれおぐらふぃー	4
ぱれおんとろじー	5
ぱれたいざー	3
ぱれちぜーしょん	4
ぱれんす	1
ぱろきせちん	4
ぱろっと	1
ぱろぱろ	0
ぱろま	1
ぱろーる	2
ぱわこん	0
ぱわすて	0
ぱわすぷ	0
ぱわはら	0
ぱわぷろ	0
ぱわぽけ	0
ぱわーど	1
ぱんあふりかにすと	7
ぱんくちゅえーしょん	5
ぱんくらちおん	4
ぱんくらてぃおん	4
ぱんくれあちん	5
ぱんくろにうむ	5
ぱんくろふぃるむ	5
ぱんぐりま	3
ぱんけーき	3
ぱんさー	1
ぱんさーず	1
ぱんてる	1
ぱんてーる	3
ばんじゃび	0
ぱんじゃび	0
ぱんじー	1
ぱんすと	0
ぱんそり	0
ぱんそー	0
ぱんた	1
ぱんたかばー	4
ぱんたくーる	4
ぱんたぐらふ	4
ぱんとぐらふ	4
ぱんたろん	1
ぱんだなす	3
ぱんだん	1
ぱんちゃかるま	4
ぱんちゃー	1
ぱんちゃやっと	4
ぱんちゃーやっと	5
ぱんちゃーやてぃ	3
ぱんちんぐ	0
ぱんつぁーしゅれっく	6
ぱんつぁーびゅくせ	5
ぱんつぁーふぁうすと	6
ぱんてら	0
ぱんでぃぶ	1
ぱんでくてん	3
ぱんでみっく	4
ぱんと	3
ぱんとてん	0
ぱんとまいむ	4
ぱんとも	0
ぱんとりー	1
ぱんどりうむ	4
ぱんなこった	4
ぱんにゃ	1
ぱんにんぐ	1
ぱんばんさ	3
ぱんぱ	1
ぱんぱす	1
ぱんぱいぷ	3
ぱんぴんぐ	0
ぱんぶるす	3
ぱんぷきん	1
ぱんぷきんず	1
ぱんへれにっく	5
ぱんぺるむーぜ	5
ぱあんが	2
ぱーあんが	3
ぱーおきさいど	5
ぱーおきしあしる	6
ぱーかっしょにすと	6
ぱーからいじんぐ	4
ぱーくろれーと	5
ぱーこれーたー	4
ぱーこーる	3
ぱーごら	0
ぱーさ	1
ぱーさー	1
ぱーさーだ	3
ぱーしすたんす	3
ぱーしすてんす	3
ぱーしもーにあす	4
ぱーじんぐ	0
ぱーす	1
ぱーすにっぷ	3
ぱーすぺくてぃぶ	4
ぱーすぺくてぃゔ	4
ぱーず	1
ぱせぷしょ	2
ぱーせる	1
ぱーせんたいる	5
ぱーち	1
ぱーちぇ	1
ぱーちぇす	1
ぱーてぃくるぼーど	6
ぱーていくるぼーど	6
ぱーてぃしぱんつ	3
ぱーてぃしぱんと	3
ぱーてぃしぺーしょん	5
ぱーてぃしぺーてぃんぐ	5
ぱーてぃんぐ	0
ぱーてっくす	3
ぱあてる	1
ぱーてる	1
ぱーどしゃー	3
ぱどれ	1
ぱどれす	1
ぱーどれ	1
ぱーはっぷす	3
ぱーばしぶ	3
ぱーぱ	1
ぱーぱす	1
ぱーぱそいど	4
ぱーふぇくしょにすと	6
ぱーふぇくしょん	3
ぺるふぇくしおん	4
ぱーふぇくてぃんぐ	3
ぱーふぉれいしょん	4
ぱーふぉれーしょん	4
ぱーふゅーじょん	3
ぱーふるおろ	4
ぱーふるおろありふぁてぃっく	10
ぱーふるおろあるきる	7
ぱーふるおろかるぼん	7
ぱーふるおろかーぼん	7
ぱーふるおろするほん	7
ぱーふるおろびにる	7
ぱーぷらた	3
ぱあぽろとにく	5
ぱーぽろとにく	5
ぱーまねんしー	4
ぱーまねんと	4
ぱーまろい	4
ぱーみっしょん	3
ぱーみんぐ	0
ぱーらいと	3
ぱーらみたー	3
ぱーらめんと	4
ぱーり	1
ぱーれん	1
ひあー	1
ひありん	1
ひあるろにだーぜ	6
ひあるろん	0
ひあれいん	3
ひあれくたん	3
ひいあかず	0
ひえらてぃっく	4
ひえらるきあ	4
ひえらるきかる	3
はいえろぐりふ	5
ひえろぐりふ	4
ひえろぐりふぃか	6
ひえろふぁにぃ	4
ひえろふぁにー	4
ひえろむねもん	4
ひえろん	1
ひきゅりじ	2
ひくさいと	3
ひくまてぃ	2
ひぐす	1
ひぐろーむ	3
ひしょろぎー	2
ひじきあ	0
ひじゃぶ	1
ひじゅら	1
へじら	1
ひじゅる	1
ひすぐら	0
ひすたみん	0
ひすちじる	3
ひすちじん	0
ひすてりしす	4
ひすとぷらずま	5
ひすとりあ	3
ひすとりおぐらふぃー	6
ひすとり	1
ひすとりい	1
ひすとりー	1
ひすとん	1
ひすろん	1
ひず	1
ひずび	0
ひそぷ	1
ひだんといん	4
ひっこりー	1
ひっしんぐ	1
ひっちはいく	4
ひってぃんぐ	0
ひっぱれー	1
ひっぺあすとるむ	6
ひっぽふぁん	3
ひでろぐりふぃくす	6
ひどん	1
はいどら	0
ひどら	1
ひゅどら	1
ひどらじど	3
ひどらじのぷろぱん	7
ひどらじん	0
ひどらすちにん	0
ひどらすちん	3
ひどららじん	0
はいどろきし	4
ひどろきし	3
ひどろきしいんだん	6
ひどろきしえすてる	6
ひどろきしえちりでん	8
ひどろきしえちるほすほなーと	12
ひどろきしえちるほすほねーと	12
ひどろきしえときし	7
ひどろきしえときしえちる	10
ひどろきしかるばみど	8
ひどろきしかるぼすちりる	10
ひどろきししとろねらーる	10
ひどろきしじん	5
ひどろきしちおくろめん	9
ひどろきしとりぷとふぁん	8
ひどろきしど	4
ひどろきしぴぺりじの	8
ひどろきしぴりじにうむ	9
ひどろきしふぇねちる	7
ひどろきしふえねちる	7
ひどろきしぶちりでん	8
ひどろきしぶちりる	7
ひどろきしぷろぴりでん	9
ひどろきしぷろぽきし	8
ひどろきしぺんちる	6
ひどろきしもるひなん	8
ひどろきしもるふぃなん	8
ひどろきしらーぜ	6
ひどろきしる	3
ひどろきしるあみん	7
ひどろきそ	3
ひどろきのん	4
ひどろくろろちあじど	8
ひどろこるちぞん	6
ひどろぞあ	3
ひどろふぃら	3
ひどろぽりぷ	4
ひどろもるひのーる	7
ひどろもるふぉん	4
ひどろもるほん	4
ひにー	1
ひびてん	0
ひぷしさーまる	4
ひぷしぺてす	4
ひぷすぃぺてす	4
ひぷしろふぉどん	5
ひぷせろさうるす	5
ひぷねろとまきあ	6
ひぷの	1
ひぷのしす	3
ひぷのせらぴすと	6
ひぷのせらぴー	4
ひぺりかむ	2
ひぺりしん	2
ひぽえすてす	3
ひぽきさんちん	0
ひぽくらてぃっく	5
ひぽくりっと	4
ひぽくれちん	0
ひぽぐろすす	4
ひぽぐろそいです	5
ひぽこんでりあ	5
ひぽこんでりー	5
ひぽこんどりー	5
ひぽしでろす	4
ひぽすぃでろす	4
ひぽとらぐす	4
ひぽぷれこ	3
ひまらやん	2
ひむせるふ	3
ひやしんす	3
ひあしんす	2
ひゅくのらせす	5
ひゅって	1
ひゅどるるが	3
ひゅどろこてぃれ	4
ひゅぶりす	1
ひゅぺりこん	2
ひゅぺろおどん	3
ひゅぽくりた	3
ひゅむ	1
ひゅれー	1
ひゅい	1
ひゅーい	1
ひゅーなー	1
ひゅーまかーと	4
ひゅーまにすと	4
ひゆまにすと	4
ふまにすと	3
ゆまにすと	3
ひゅーまにちー	3
ひゅーまにてぃ	3
ひゅーまにてぃー	3
ひゅーまのいど	4
ひょんにむ	1
ひよおる	2
ひよをる	2
ひよす	1
ひよすちあみん	5
ひよれあ	2
ひらこてりうむ	5
ひらそる	1
きらーふぁと	2
ひらーふぁと	2
ひるじん	1
ひるすかみん	0
ひるすた	2
ひるすとぅす	3
ひるなみん	0
ひるびりー	3
ひるべてぃあ	3
ひれかつ	0
へれかつ	0
ひろいずむ	3
ひろぐらす	3
ひろず	1
ひろぽん	1
ひんきー	1
ひんたーらんと	5
ひんたーらんど	5
ひんだーど	3
ひんでぃ	1
ひんでぃー	1
ひんどぅすたーにー	5
ひんどすたーにー	5
ひんどぅ	1
ひーす	1
ひいです	1
ひーです	1
ひーとあっぷ	4
ひーとん	1
ひーめん	1
ひーらー	1
ひーれんだんけ	5
びあらほす	3
びあんか	2
びあんこ	2
びあんど	2
びやんど	2
ゔぃあんど	2
ゔぃやんど	2
びあーる	2
びうえら	0
びうれっと	1
びえだ	1
びえな	1
ゔぃえな	1
びえのわずりー	4
ゔぃえのわずりー	4
びえのわーず	4
ゔぃえのわーず	4
びえんと	1
びおぐらふぃ	3
びおぐらふぃー	3
びおちん	1
びおとーぷ	3
びおにえ	2
ゔぃおにえ	2
びおにー	1
びおのーれ	3
びおめはにか	4
びおりすと	3
ゔぃおりすと	3
びおりーの	3
ゔぃおりーの	3
ゔぃおる	1
びおろにすと	4
ゔぃおろにすと	4
びおる	1
びおーる	1
ゔぃおーる	1
びかむ	2
びかりあ	2
びかるたみど	4
びかー	1
びがー	1
ゔぃが	1
びきあ	1
ゔぃきあ	1
びぎなーず	1
びぎん	2
びぎんず	2
びくせん	1
ゔぃくせん	1
びくてぃむ	1
ゔぃくてぃむ	1
びくとりあず	3
ゔぃくとりあず	3
びくとりあにずむ	6
ゔぃくとりあにずむ	6
びくとりあん	3
ゔぃくとりあん	3
びくとろら	4
びくとろーら	4
ゔぃくとろーら	4
びくりん	1
びきゅーな	2
びくな	1
びくーにゃ	2
びぐあないど	4
びぐな	1
ゔぃぐな	1
びげみな	0
びこいど	2
びこんと	2
ゔぃこんと	2
びこーず	2
びさこじる	3
びさーじゅ	2
ゔぃさーじゅ	2
びざじすと	3
ゔぃざじすと	3
びざぼれん	3
びしくろ	0
びしくろへきさん	5
びしそわ	0
びしそわーじゅ	4
びしそわーず	4
びしっそわーず	5
びしゅにあく	2
ゔぃしゅにあく	2
びしょっふ	2
びしよつふ	2
びじおむ	1
びじこん	0
びじっと	1
びじてぃんぐ	0
びじぶる	1
ゔぃじぶる	1
びじゅあらいざ	4
びじゅあらいざー	4
びじゅあらいぜーしょん	6
びじゅありぜーしょん	5
ゔぃじゅあらいぜーしょん	6
びじゅありすと	4
びじゅありふと	4
ゔぃじゅありふと	4
びじょなりー	2
びじょにんぐ	0
びじりあん	2
びじー	1
びすえちるめるくり	6
びすかむ	1
びすきゅい	1
びすく	1
びすこってぃ	3
びすこーす	3
びすてっか	3
びすな	1
びすふぉすふぉねーと	6
びすほすほねーと	6
びすぽ	1
ゔぃすぽ	1
びすぽーく	3
びすます	1
びすまれいみど	4
びすみらーひ	4
びすらま	0
びず	1
びそぷろろーる	5
びそめーたー	3
ゔぃそめーたー	3
びそん	1
ゔぃそん	1
びたいのりん	0
びたかんふぁー	3
びためじん	0
びたーれ	2
ゔぃたーれ	2
びたーん	2
びだりか	2
ゔぃだりか	2
びだー	1
びっだー	1
びっだーず	1
びちゅーまるす	4
びちゆーまるす	4
びちゅーめん	2
びっかーす	1
びつかーす	1
びっせる	1
びっせんしゃふと	1
ゔぃっせんしゃふと	1
びっそーね	3
びったーず	1
びっでぃんぐ	0
びてぃえんしす	3
ゔぃてぃえんすぃす	3
びてろじぇにん	0
びでおかせっと	5
びでおてっくす	4
びといーん	3
びとうぃーん	3
びとるてろーる	5
びとろ	1
ゔぃとろ	1
びとろねくちん	4
びどう	1
ゔぃどう	1
びどろ	1
ぶいどろ	0
びなくる	1
びなぱくりる	4
びなや	1
ゔぃなや	1
びにう	1
びにたいる	3
びにたりー	2
ゔぃにたりー	2
びにりでん	2
びにるびたーる	5
びにるぶちらーる	6
びにろん	1
びねぐれっと	4
ゔぃねぐれっと	4
びねっと	1
びねーぐる	2
ゔぃねーぐる	2
びの	1
びーの	1
ゔぃの	1
ゔぃーの	1
びのれるびん	4
びはいんど	2
びはーら	2
ゔぃはーら	2
びば	1
びーば	1
びばっぷ	2
びーばっぷ	3
びばれっじ	1
びばーちしまめんて	7
ゔぃゔぁーちしまめんて	7
びばーなむ	2
びひくる	1
びーくる	1
ゔぃーくる	1
びひもす	1
べへもす	1
びびぱら	0
びびんば	2
びびんぱ	2
びぴりじにうむ	5
びぴりじん	0
びぴんなりあ	4
びふぇにりれん	4
びふぇにる	1
びふぇにーる	3
びふえにる	1
びふぇにるかるぼん	5
びふえにるかるぼん	5
びふぇめらん	3
びふえめらん	3
びふえにりる	4
びふぉあ	2
びふぉあー	2
びふぉー	2
びふてき	0
びふてーき	3
びぶす	1
びぶらすらっぷ	5
ばいぶらふぉーん	5
ばいぶらほーん	5
びぶらふぉん	3
びぶらふぉーん	3
ゔぁいぶらふぉーん	5
ゔぃぶらふぉん	3
びぶらんす	1
ゔぃぶらんす	1
びぶりお	2
びぶりおぐらふぃー	5
びぶりおてっく	5
びぶりおふぃる	4
びぶりおまにあ	5
びへいびあ	2
びへーびあ	2
びへいびありずむ	6
びへーびある	2
びふぉなぞーる	4
びふおなぞーる	4
びほなぞーる	4
びぼす	1
ゔぃゔぉす	1
びまーな	2
ゔぃまーな	2
びめっくす	2
びやんふぇ	2
ゔゅ	1
びゅいとり	0
ゔゅぃとり	0
びすちぇ	1
びゅすちえ	0
びゅらん	1
びゅるがー	1
びゅるたん	1
びゅーれっと	1
びゆーれつと	1
びゅんとなーふらいしゅ	7
ぶゅんとなーふらいしゅ	7
びゅーいんぐ	1
びゅーぐる	1
びゅーげる	1
びゅーろくらしー	4
びゅーろー	1
びょんす	1
びらす	1
ゔぃらす	1
びらんちぇ	2
びらーご	2
びらーじゅ	2
ゔぃらーじゅ	2
びりおねあ	3
びりおん	1
びりじあん	2
びりあーど	3
びりやーど	3
びりり	1
びりるびん	0
びりんぐ	1
びりんばう	2
びりんび	2
びりーふ	2
びりじ	1
びるじ	1
びるだーりんぐ	3
びると	1
びるとぅおした	4
びるとぅおじてぃ	4
ゔぃるとぅおした	4
ゔぃるとぅおじてぃ	4
びるちゅおーぞ	4
びるとぅおーそ	4
びるとぅおーぞ	4
ゔぃるてゅおーぞ	4
ゔぃるとぅおーそ	4
ゔぃるとぅおーぞ	4
びるとーず	1
ゔぃるとーず	1
びるど	1
びるどぅんぐすろまん	7
びるぬーぶ	3
ゔぃるぬーゔ	3
びるば	1
びるぶろーかー	4
びるぼーど	3
びれっく	1
びれっと	2
びれんす	1
ゔぃれんす	1
びろー	1
びろーすむ	2
びろーば	2
びんか	1
びんが	1
びんきゅら	1
びんきゅらー	1
ゔぃんきゅら	1
ゔぃんきゅらー	1
びんくりすちん	4
びんご	1
びんさんと	3
ゔぃんさんと	3
びんでしん	0
びんぶらすちん	4
びーあ	1
ゔぃーあ	1
びーいんぐ	1
びーんぐ	1
びーか	1
びーかー	1
びーがん	1
びーさん	0
びーしゃ	1
びーしゅ	1
びーすてぃ	1
びーすてぃー	1
びーすと	1
びーた	1
ゔぃーた	1
びーたー	1
びーたーす	1
びーだる	1
びーだーぜーえん	5
びーだーぜーん	5
びーちこうま	4
びーちこーまー	4
びーとぅ	1
びーとう	1
ゔぃーとう	1
びーとにく	3
びーとにっく	4
びーどぅ	1
ゔぃーどぅ	1
びいどろ	0
びーどろ	0
びーばー	1
びーふぃーたー	3
びーふすてーき	5
びーりー	1
びーるでんで	4
ぴあだ	1
ぴあさー	1
ぴあっさー	0
ぴあっしんぐ	0
ぴあっと	1
ぴあっふぇ	2
ぴあつぇった	3
ぴあてぃ	1
ぴあてぃー	1
ぴあにか	2
ぴあにっしも	3
ぴう	1
ぴえぞ	1
ぴえた	1
ぴえてぃずむ	3
ぴえとらせれーな	6
ぴえどら	0
ぴえな	1
ぴおにー	1
ぴおにーる	3
ぴおねーる	3
ぴおれ	1
ぴおーね	2
ぴかいあ	2
ぴかいや	2
ぴかた	1
ぴかどーる	3
ぴかれすく	3
ぴがーと	2
ぴきぴき	0
ぴぎーばっく	4
ぴくす	1
ぴくせる	1
ぴくちゅあれすく	5
ぴくとぐらふ	4
ぴくとぐらむ	4
ぴくとぶりっじ	5
ぴくとりありずむ	6
ぴくのじぇのーる	5
ぴくぷーる	3
ぴくらみん	0
ぴくりん	1
ぴくる	1
ぴくるす	1
ぴっくるす	1
ぴくろときしん	4
ぴくろらむ	3
ぴぐみー	1
ぴぐめんと	1
ぴけ	1
ぴけってぃんぐ	2
ぴけてぃんぐ	0
ぴけっと	2
ぴこするふぁーと	5
ぴこぺりだみん	5
ぴこりん	1
ぴこるな	2
ぴさらでぃえーる	5
ぴざでぃあ	2
ぴしばにーる	4
ぴしりけっちあ	4
ぴじょん	1
ぴじん	1
ぴすきす	1
ぴすたーしゅ	3
ぴすちじん	0
ぴすちる	1
ぴすとー	1
ぴすむ	1
ぴたか	1
ぴたばすたちん	4
ぴたや	1
ぴちかーと	3
ぴっちかーと	4
ぴっつぃかーと	4
ぴっかー	1
ぴっきお	1
ぴっきーぬ	3
ぴっぎー	1
ぴっぎーず	1
ぴっくるど	1
ぴっこら	1
ぴこり	1
ぴっしぁれっと	4
ぴっしゃれっと	4
ぴっちふぉーく	4
ぴってぃんぐ	0
ぴっとすぽるむ	5
ぴとすぽるむ	4
ぴっとまん	1
ぴっとーれ	3
ぴっぱら	1
ぴっぷ	1
ぴつぃちり	2
ぴてぃびえ	2
ぴてぃゔぃえ	2
ぴてぃー	1
ぴてこふぁが	3
ぴてら	1
ぴで	1
ぴとり	1
ぴとれすく	3
ぴとん	1
ぴなくる	1
ぴなこてえく	4
ぴなこてーく	4
ぴなこらーだ	4
ぴなこーる	3
ぴなぜぱむ	3
ぴなふぉあ	0
ぴにゃ	1
ぴぬす	1
ぴねらぴ	0
ぴねん	1
ぴの	1
ぴばりる	1
ぴばーず	1
ぴぱるかっく	4
ぴぷらどろーる	5
ぴぺころきしりじど	7
ぴぺたなーと	4
ぴぺたねいと	4
ぴぺったー	1
ぴぺらじにる	4
ぴぺらじる	3
ぴぺらじんえたのーる	8
ぴぺりじにうむ	5
ぴぺりじにる	4
ぴぺりじにるえすてる	7
ぴぺりじにるめちる	7
ぴぺりじの	3
ぴぺりじのえちる	6
ぴぺりじのえちるあみん	9
ぴぺりじのえときし	7
ぴぺりじのぴぺりじの	8
ぴぺりじのぴりみじん	8
ぴぺりじのぶたのーる	8
ぴぺりじのぷろぱのーる	9
ぴぺりじのぷろぱん	7
ぴぺりじのぷろぴおふぇのん	10
ぴぺりじのぷろぴおふえのん	10
ぴぺりじのめたのーる	8
ぴぺりじりでん	4
ぴぺりじる	3
ぴぺりじるえすてる	6
ぴぺりじるえちるけとん	9
ぴぺりじるべんじらーと	9
ぴぺりじるべんじれーと	9
ぴぺりじるべんずあみど	9
ぴぺりじるめちる	6
ぴぺりじん	0
ぴぺりじんあせてーと	8
ぴぺりじんえたのーる	8
ぴぺりじんかるぼん	6
ぴぺりじんじおん	6
ぴぺりじんぶたのーる	8
ぴぺりた	2
ぴぺりどれーと	5
ぴぺりん	1
ぴぺる	1
ぴぺろなーる	4
ぴぺろにる	3
ぴぼっとれす	2
ぴぽぶろまん	4
ぴまりしん	0
ぴみえんと	3
ぴみのじん	0
ぴめんた	2
ぴめんちーにゃ	4
ぴめんと	2
ぴもじど	0
ぴゃーち	1
ぴゅーあ	1
ぴゆーあ	1
ぴゅありてぃ	2
ぴゅありてぃー	2
ぴゅくしす	1
ぴゅくすぃす	1
ぴゅごすけりす	4
ぴゅしす	1
ぴゅっとぅ	1
ぴゅりふぁいんぐ	3
ぴゅりふぃけーしょん	4
ぴゅるて	1
ぴゅーじりすてぃか	5
ぴゅてぃあ	1
ぴゅーてぃあ	1
ぴゅーにてぃぶ	3
ぴゅーま	1
ぷーま	1
ぴゅりすむ	2
ぴゅーりすむ	3
ぴゅうりたにずむ	5
ぴゅりたにずむ	4
ぴゅーりたにずむ	5
ぴゆりたにずむ	4
ぴゅーりふぁい	1
ぴゅれ	1
ぴゅーれ	1
ぴゅーれー	1
ぴゆーれ	1
ぴゆーれー	1
ぴゅれっくす	2
ぴゅーれっくす	3
ぴょるこっ	0
ぴょんちゃん	1
ぴらかんさ	3
ぴらくろすとろびん	0
ぴらくろにる	4
ぴらくろほす	4
ぴらじの	0
ぴらじん	1
ぴらすたー	2
ぴらぞほす	3
ぴらぞりじんじおん	7
ぴらぞりる	3
ぴらぞろ	0
ぴらぞろん	3
ぴらぞーる	3
ぴらにあ	0
ぴらの	1
ぴらびたーる	4
ぴらるく	2
ぴらるびしん	4
ぴらん	1
ぴらー	1
ぴりあ	1
ぴりか	1
ぴりじにる	3
ぴりじのりん	0
ぴりじのーる	4
ぴりじる	1
ぴりじるちお	4
ぴりじるめちる	5
ぴりじん	1
ぴりじんあせとあみど	8
ぴりだじにる	4
ぴりだじの	3
ぴりだじのん	4
ぴりだじん	0
ぴりだふぇんちおん	4
ぴりちおきしん	4
ぴりちおん	2
ぴりでーと	3
ぴりとらみど	4
ぴりど	1
ぴりどきさみん	5
ぴりどきさーる	5
ぴりどきさーるりん	0
ぴりどきしん	3
ぴりどすちぐみん	0
ぴりどん	1
ぴりぴの	0
ぴりみじにる	4
ぴりみじる	3
ぴりみじにるめちる	7
ぴりみじるめちる	6
ぴりみじのん	4
ぴりみじふぇん	4
ぴりみじふえん	4
ぴりみじん	0
ぴりみじんかるばみん	8
ぴりみじんとりおん	6
ぴりみほすめちる	6
ぴりめたみん	4
ぴりゅーる	2
ぴりらみん	0
ぴるえっと	1
ぴるかるどぅす	3
ぴるぐりむ	3
ぴるげろでんどろん	7
ぴるじかいにど	4
ぴるすなー	2
ぴるす	1
ぴるず	1
ぴるぜなー	3
ぴるびっく	3
ぴるびん	1
ぴるふぇにどん	3
ぴるふえにどん	3
ぴるぶてろーる	5
ぴるめのーる	4
ぴるめんと	3
ぴれあとぅす	3
ぴれすろいど	4
ぴれとりん	0
ぴれにーず	1
ぴれのいど	3
ぴれん	1
ぴれんぜぴん	4
ぴれんつぇ	2
ぴろかてこーる	5
ぴろがろーる	4
ぴろきしかむ	3
ぴろしき	2
ぴろてぃ	1
ぴろてぃー	1
ぴろへぷちん	3
ぴろほすほるあみど	7
ぴろり	1
ぴろりじじにるあせとあみど	11
ぴろりじにうむ	5
ぴろりじにる	4
ぴろりじのうれあ	6
ぴろりじのえちる	6
ぴろりじのぷろぱのーる	9
ぴろりじのぷろぺん	7
ぴろりじのん	4
ぴろりじるめちる	6
ぴろりん	1
ぴろるす	1
ぴろろ	1
ぴろー	2
ぴろーた	2
ぴろーる	2
ぴんが	1
ぴんがー	1
ぴんきんぐ	0
ぴんきー	1
ぴんさろ	0
ぴんさー	1
ぴんすね	0
ぴんちょす	1
ぴんあっぷ	3
ぴんなっぷ	3
ぴんなてぃふぃだ	4
ぴんなーた	3
ぴんにんぐ	0
ぴんねーす	3
ぴんのいと	3
ぴんぱぶ	0
ぴんぱん	0
ぴんふ	0
ぴんぷりっと	4
ぴんほーる	3
ぴんみら	0
ぴーえすいー	5
ぴーかん	0
ぴーこっく	3
ぴーさーう	3
ぴーすめーかー	4
ぴーたん	1
ぴーだん	1
ぴーちゃーい	3
ぴーにゃ	1
ぴーにんぐ	0
ぴーのーんかん	3
ぴーぽっど	1
ぴーりふぁい	1
ふぁいあすとーむ	5
ふぁいあんす	1
ふぁいやんす	1
ふぁいないと	3
ふぁいなりすと	4
ふぁいなりてぃー	3
ふぁいなんさー	3
ふぁいなんす	1
ふあいなんす	2
ふぃなんす	1
ふぁいばーぐらす	5
ふぁいふぁ	1
ふぁいぶず	1
ふぁいぷろ	0
ふぁいゆ	1
ふぁいるへん	1
ふぁいんでぃんぐ	1
ふぁいんでぃんぐす	4
ふぁいんど	1
ふぁうな	1
ふぁうんだー	0
ふぁうんてん	2
ふぁうんどりー	2
ふぁえおぴゅぎあ	5
ふぁえおぺぷらむ	4
ふぁえおぺぷるむ	5
ふぁえおるにす	3
ふぁかるてぃ	2
ふぁかるてぃー	2
ふぁきーふ	2
ふぁくしょん	1
ふぁくたらいぜーしょん	6
ふぁくたりぜーしょん	5
ふぁくちす	1
ふぁざこん	0
ふぁしあぬす	3
ふぁすぃあぬす	3
ふぁしすと	2
ふぁしずむ	2
ふぁっしずむ	3
ふぁしりていてっど	4
ふぁしりてっど	2
ふぁしりてーしょん	4
ふぁしりていたー	4
ふぁしりてーた	4
ふぁしりてーたー	4
ふぁしりてーてぃんぐ	4
ふぁじおり	2
ふぁすきくらた	4
ふぁすきくらりす	4
ふぁすじる	1
ふあすじる	1
ふぁすちゃん	1
ふぁすぴ	1
ふぁず	1
ふぁせおるす	3
ふぁせっと	1
ふぁせりあ	2
ふぁぜおりな	3
ふぁたる	1
ふぁたーる	2
ふぁっかー	1
ふぁっきん	0
ふぁっしねいてぃんぐ	4
ふぁっしねーてぃんぐ	4
ふぁっしょにすた	4
ふぁっじ	1
ふぁでぃずむ	2
ふぁとわ	1
ふぁとわー	1
ふぁど	1
ふぁどろぞーる	4
ふあどろぞーる	4
ふぁなてぃしずむ	4
ふぁなてぃずむ	3
ふぁにー	1
ふぁねしる	1
ふぁびこん	1
ふぁびょん	1
ふぁびょーん	2
ふぁぶ	0
ふぁぶりお	2
ふぁぶりく	1
ふぁぶりくす	3
ふぁぶりっくす	3
ふぁぶりーく	3
ふぁぶれす	1
ふぁぶーる	2
ふぁぼにうす	3
ふぁゔぉにうす	3
ふぁぼりーた	3
ふぁゔぉりーた	3
ふぁぼーる	2
ふぁゔぉーる	2
ふぁみさぽ	0
ふぁみべー	1
ふぁみぽーと	3
ふぁみりありてぃー	4
ふぁみりえ	2
ふぁみりく	2
ふぁみりずむ	3
ふぁみーゆ	2
ふぁむ	1
ふぁもちじん	0
ふぁらお	1
ふぁらら	1
ふぁらんくす	2
ふぁらんどーる	4
ふぁりしずむ	3
ふぁりだす	1
ふぁりのぐらふ	4
ふぁりーにゃ	2
ふぁるこん	1
ふぁるこんず	1
ふぁるし	1
ふぁるす	1
ふぁるそ	1
ふぁるたー	1
ふぁるとれく	3
ふぁるねしる	3
ふあるねしる	3
ふぁるふぁっれ	3
ふぁるもるびしん	4
ふぁれかるしとりおーる	8
ふあれかるしとりおーる	8
ふぁれの	1
ふぁれのぷしす	3
ふぁろいです	2
ふぁんがす	1
ふんぐす	1
ふぁんくしょなりずむ	6
ふぁんぐ	1
ふぁんご	1
ふぁんさか	0
ふぁんじびりてぃ	4
ふぁんじびりてぃー	4
ふぁんたじあ	3
ふぁんたじすた	4
ふぁんたじすと	4
ふぁんたすてぃっくす	5
ふぁんたすまごりあ	6
ふぁんだむ	1
ふぁんだめんたりすと	7
ふぁんだめんたりずむ	7
ふぁんだんご	3
ふぁんてーる	3
ふぁんでぃんぐ	0
ふぁんでぱくと	4
ふぁんどしえくる	4
ふあんどしえくる	4
ふぁんねる	1
ふぁんふぁーら	3
ふぁんふぁーれ	3
ふぁんみ	0
ふぁーじ	1
ふぁーすとねす	1
ふぁーちう	1
ふぁーつぁい	0
ふぁにっしゅめんと	2
ふぁーにっしゅめんと	3
ふぁーばむ	1
ふぁーべる	1
ふぁーまかる	3
ふぁーまこびじらんす	5
ふぁーまこゔぃじらんす	5
ふぁるましあ	3
ふぁーましー	1
ふぁーまー	1
ふぁーまーず	1
ふぁーみんぐ	1
ふぁーむうぇあ	4
ふぁーむうえあ	5
ふぁーるしー	1
ふぁーるすぃー	1
ふぃあすこ	2
ふぃえれ	1
ふぃおれんてぃな	3
ふぃおれんてぃーな	5
ふぃおーり	2
ふぃおーれ	2
ふぃかす	1
ふぃきしんぐ	0
ふぃぎゅらてぃぶ	3
ふぃぎゅらてぃゔ	3
ふぃぎゅーる	2
ふぃくさー	1
ふぃくしょなりー	1
ふぃくふ	1
ふぃぐぜいしょん	3
ふぃぐぜーしょん	3
ふぃこえりとりん	5
ふぃこしあにん	4
ふぃこびりそーむ	5
ふぃこびりん	3
ふぁいさりす	3
ふぃさりす	1
ふぃしん	1
ふぃじあん	1
ふぃじお	1
ふぃじおくらしー	4
ふぃじおくらーと	5
ふぃじおぼーる	4
ふぃじおろじー	4
ふぃじしゃん	2
ふぃじしゃんず	1
ふぃじっく	1
ふぃじっくす	1
ふぃじーく	2
ふいじつく	1
ふいぢつくす	1
ふぃすと	1
ふぃすとぅら	1
ふぃず	1
ふぃーず	1
ふぃせてる	1
ふぃぞすちぐみん	4
ふいぞすちぐみん	4
ふぃだー	1
ふぃちん	1
ふぃっくすと	1
ふぃっしゃりーな	4
ふいっしゃりーな	5
ふぃっしゃーまん	3
ふぃったー	1
ふぃってぃんぐ	3
ふぃってんぐ	0
ふぃってっど	1
ふぃてぃっと	1
ふぃでゅしゃりー	1
ふぁいでりてぃ	3
ふぃでりてぃ	2
ふぃでりてぃー	2
ふぃでれす	1
ふぁいとあれきしん	5
ふぃとあれきしん	4
ふぃとくろむ	3
ふぃとずろいあ	4
ふぃとなじおん	3
ふぃとんちっと	4
ふぃとんちっど	4
ふぃとる	1
ふぃとーる	2
ふぃどらー	1
ふぃどる	1
ふぃなすてりど	4
ふぃなんしぇ	2
ふぃなーれ	2
ふぃにしんぐ	1
ふぃにっしゃ	1
ふぃにっしゃー	0
ふぃにっしんぐ	0
ふぃにてぃ	1
ふぃねがんず	1
ふぃふてぃーん	3
ふぃふてぃーんす	3
ふぃぶらーと	3
ふぃぶりのげん	4
ふぃぶりのーげん	4
ふぃぶりる	1
ふぃぶりん	1
ふぃぶろいん	3
ふぃぶろねくちん	4
ふぃぷろにる	3
ふいぷろにる	3
ふぃゆたーじゅ	3
ふぃゆてぃーぬ	3
ふぃよるど	2
ふぃらめんと	1
ふぃらりあ	0
ふぃらるもにか	4
ふぃらんすろぴー	4
ふぃらんそろぴー	4
ふぃらんそろふぃー	4
ふぃりある	1
ふぃりえーる	3
ふゐりえーる	3
ふぃりっぴくす	4
ふぃりっぴーな	4
ふぃりばすたー	3
ふぃりぴねんせ	4
ふぃりぴーな	3
ふぃりふぇら	0
ふぃりんぐ	0
ふぃりー	1
ふぃりーず	1
ふぃりーぽ	2
ふぃるど	0
ふぃるはーもにっく	6
ふぃるもぐらふぃ	4
ふぃるもぐらふぃー	4
ふぃれお	1
ふぃれっと	1
ふぃろきせら	3
ふぃろくせろいです	5
ふぃろそふぁー	2
ふぃろそふぃっく	4
ふひろそふいつく	4
ふぃろそま	2
ふぃろぞふ	1
ふぃろぞーふ	3
ふぃろでんどろん	5
ふぃろろじー	3
ふぃんか	1
ふぃんち	1
ふぃんと	1
ふぃんぬぜるぶ	4
ふぃんぶりあた	4
ふぃーか	1
ふぃじびりてぃ	3
ふぃーじぃびりてぃ	5
ふぃーじぃびりてぃー	5
ふぃーじびりてぃ	4
ふぃーじびりてぃー	4
ふぃーじーびりてぃ	5
ふぃーじーびりてぃー	5
ふぃーすと	1
ふぃーだ	0
ふいーだ	0
ふぃーちゃりんぐ	0
ふぃーちゃーず	1
ふぃーでぃんぐ	0
ふぃーどふぉわーど	5
ふぃーどろっと	4
ふぃーぬ	1
ふぃーね	1
ふぃーばーふゅー	5
ふぃーめーる	3
ふぃーゆ	1
ふぃーるでぃんぐ	0
ふぃーるまーる	4
ふいっち	2
ほいっち	2
ふいふい	1
ふいるだむ	2
ふうしゃん	1
ふぇあうぇー	3
ふぇあうえー	4
ふぇあざーがー	3
ふぇあすとん	2
ふぇありっしゅ	3
ふぇありんぐ	0
ふぇありー	1
ふぇありーらんど	5
ふぇいささいず	1
ふぇいしゃる	1
ふぇいじょあ	1
ふぇいすにんぐ	0
ふぇいろう	1
ふぇおふぉーばいど	5
ふぇざりんぐ	0
ふえざりんぐ	0
ふぇじょあーだ	3
ふぇすく	1
ふぇた	1
ふぇだいーん	3
ふぇだーいん	2
ふぇだーいーん	4
ふぇっち	1
ふぇってぃーな	3
ふぇっと	1
ふぇっとちーね	4
ふぇっどわいやー	4
ふぇっひゃー	1
ふぇてぃっしゅ	1
ふぇでらりすと	4
ふぇでれーしょん	3
ふぇとちーね	3
ふぇとぷろていん	5
ふぇど	1
ふぇどら	1
ふぇなきすとすこーぷ	7
ふぇなしるもるひなん	7
ふぇなしるもるふぃなん	7
ふぇなぞしん	0
ふぇなぞん	1
ふぇなどきそん	3
ふぇなみほす	3
ふぇなんとれん	4
ふぇなんとろりん	4
ふぇなんぷろみど	5
ふぇにといん	0
ふぇにとろちおん	5
ふぇにる	1
ふえにる	1
ふぇにるあぞふぇのーる	7
ふぇにるあみん	4
ふぇにるあらにる	4
ふえにるあらにる	4
ふぇにるあらにん	5
ふぇにーるあらにん	5
ふぇにるいそおきさぞーる	9
ふぇにるいそきさぞーる	8
ふえにるいそきさぞーる	8
ふぇにるいみだぞ	5
ふえにるいみだぞ	0
ふぇにるえちるひだんといん	10
ふえにるえちるひだんといん	10
ふぇにるおきさぞろ	6
ふぇにるかるばもいる	7
ふえにるかるばもいる	7
ふぇにるぐりこらーと	7
ふぇにるぐりこれーと	7
ふえにるぐりこらーと	7
ふぇにるぐるたるいみど	8
ふぇにるけとん	4
ふぇにーるけとん	4
ふぇにるしくろぺんちる	7
ふえにるしくろぺんちる	7
ふぇにるちあぞーる	6
ふえにるちあぞーる	6
ふぇにるばれろにとりる	7
ふぇにるわれろにとりる	7
ふえにるわれろにとりる	7
ふぇにるひだんといん	0
ふえにるひだんといん	0
ふぇにるびしくろ	5
ふぇにるぴぺりじん	0
ふぇにるぴりだじにうむ	8
ふえにるぴりだじにうむ	8
ふぇにるふぇねちるあみん	8
ふぇにるぶたぞん	4
ふぇにーるぶたぞん	5
ふえにるぶたぞん	4
ふぇにるぶときし	5
ふえにるぶときし	5
ふぇにるぷろぴおふぇのん	8
ふえにるぷろぴおふえのん	8
ふぇにるぺんちる	4
ふえにるぺんちる	4
ふぇにるめちる	4
ふえにるめちる	4
ふぇにるめるくり	4
ふえにるめるくり	4
ふぇにるもるふぉりん	0
ふぇにるもるほりん	0
ふぇにれふりん	0
ふぇにれん	1
ふぇにれんじ	3
ふえにれんじ	3
ふぇにれんじあみん	6
ふぇにーちぇ	2
ふぇぬぐりーく	4
ふぇねちりん	0
ふぇねちる	1
ふえねちる	1
ふぇねちるびぐあないど	8
ふえねちるびぐあないど	8
ふぇねちるぴぺりじん	7
ふえねちるぴぺりじん	7
ふぇねちるもるひなん	7
ふぇねちるもるふぃなん	7
ふぇねっく	1
ふぇねる	1
ふぇんねる	1
ふぇねるじん	0
ふえねるじん	0
ふぇのきさぷろっぷ	6
ふぇのきし	0
ふえのきし	3
ふぇのきしえちるあみの	8
ふえのきしえちるあみの	8
ふぇのきしど	3
ふぇのきしべんじる	5
ふえのきしべんじる	5
ふぇのきしめちる	5
ふえのきしめちる	5
ふぇのたいぷ	3
ふぇのちあじん	4
ふえのちあじん	4
ふぇのてろーる	4
ふえのてろーる	4
ふぇのばるびたーる	6
ふえのばるびたーる	6
ふぇのばるびとん	4
ふぇのばーる	3
ふぇのぶかるぶ	4
ふぇのぺりじん	0
ふぇのみな	0
ふぇのめのん	3
ふぇのもるふぁん	3
ふぇのらーと	3
ふえのらーと	3
ふぇのろじー	2
ふぇのーるじするほん	7
ふえのーるじするほん	7
ふぇのーるするほん	5
ふえのーるするほん	5
ふぇのーるふたれいん	7
ふえのーるふたれいん	7
ふぇぶらりー	1
ふぇみにすと	3
ふぇみにて	2
ふぇみにてぃ	2
ふぇみにてぃー	2
ふぇみにーな	3
ふぇらいと	2
ふぇらごすた	3
ふぇりあ	1
ふぇりや	1
ふぇりえ	1
ふぇりしたす	3
ふぇりちん	1
ふぇりーぼーと	4
ふぇるきっしゅ	3
ふぇるどくねっぺん	5
ふぇるびなく	3
ふえるびなく	3
ふぇるべきな	3
ふぇるまーた	3
ふぇるみうむ	3
ふぇるみえ	0
ふぇるみおん	3
ふぇるむ	1
ふぇるもきしです	4
ふえるもきしです	4
ふぇれどきしん	0
ふぇろあろい	3
ふぇろくろむ	3
ふぇろしりこくろむ	6
ふぇろしりこたんぐすてん	8
ふぇろしりこちたん	6
ふぇろじぴん	0
ふえろじぴん	0
ふぇろせん	2
ふぇろたいぷ	3
へろたいぷ	3
ふぇろたんぐすてん	5
ふぇろまんがん	3
ふえろまんがん	4
ふぇんかんふぁみん	0
ふぇんさー	1
ふぇんしくりじん	5
ふぇんしんでく	3
ふぇんじめとらじん	6
ふぇんするほちおん	5
ふぇんたにる	1
ふぇんたにーる	4
ふえんたにる	1
ふぇんちあざく	4
ふえんちあざく	4
ふぇんちおん	3
ふぇんてるみん	0
ふぇんぷろぱとりん	5
ふえんぷろぱとりん	5
ふぇんぷろぽれくす	5
ふぇんめでぃふぁむ	3
ふぇんめとらじん	5
ふえんめとらじん	5
ふぇーがと	0
ふぇーざー	1
ふぇーざ	1
ふぇいじょあーだ	4
ふぇーじょあーだ	4
ふぇーたりすと	4
ふぇーだー	1
ふぇーで	1
ふぇーじんぐ	0
ふぇーでぃんぐ	0
ふぇーとん	1
ふぇいむ	1
ふぇーむ	1
ふぇーん	1
ふえり	1
ふえん	2
ふぉあはんど	3
ふぉあまん	1
ふぉいふぁん	1
ふぉうきえりあ	4
ふぉうくいえりあ	5
ふぉえべとりあ	4
ふぉかえのいです	4
ふぉかっちゃ	2
ふぉがら	1
ふぉくしー	1
ふぉくしーず	1
ふぉげっと	2
ふぉしっしゅ	2
ふぉすふぉりく	3
ふぉとい	1
ふぉとくろみっく	4
ふぉとぐらふ	3
ふぉとぐらふす	3
ふぉとぐらふぃ	3
ふぉとぐらふぃー	3
ふぉとぐらむ	3
ふぉとでぃてくた	4
ふぉとでぃてくたー	4
ふぉとにくす	3
ふぉとぽりま	3
ふぉとぽりまー	3
ふぉとりふらくてぃぶ	5
ふぉとん	1
ふぉどしすにせす	5
ふぉにっくす	2
ふぉねてぃかりー	2
ふぉねみっく	1
ふぉのぐらふ	3
ふぉのぐらむ	4
ふぉのたくてぃくす	3
ふぉのたくてぃっく	5
ふぉのろじかる	3
ふぉのん	1
ふぉびどぅん	1
ふぉぶーる	2
ふぉむ	1
ふぉらふぉら	0
ふぉりえいと	3
ふぉりおさ	0
ふぉりー	1
ふぉりーず	1
ふぉるくすおーぱー	5
ふぉるくすこーれ	5
ふぉるくすしゅーれ	5
ふぉるくすぶらっと	6
ふぉるくろーれ	4
ふぉるくろーろ	4
ふぉるけふれーでん	5
ふぉるこんぶろーと	6
ふぉるす	1
ふぉるすてらいと	5
ふぉるつぁ	1
ふぉるつあ	1
ふぉるて	1
ふぉるてぃす	1
ふぉるてぃっしっしも	5
ふぉるてぃしも	3
ふぉるてぃっしも	3
ふぉるてふぉるてぃっしも	6
ふぉるふぇ	1
ふぉるまりすと	4
ふぉるみなむ	3
ふぉるみる	1
ふぉるもてろーる	5
ふおるもてろーる	5
ふぉるもーさぬむ	5
ふぉれすてぃー	2
ふぉれっくす	2
ふぉろそふらてぃーか	6
ふぉろわー	0
ふぉろわーず	1
ふぉわーだー	2
ふぉあわーでぃんぐ	0
ふぉわーでぃんぐ	0
ふぉんせけあ	3
ふぉんたな	0
ふぉんたーね	3
ふぉんだん	1
ほんだん	1
ふぉんりゅー	1
ふぉーえゔぁー	3
ふぉーかしんぐ	0
ふぉーかすと	1
ふぉーくりふと	4
ふおーくりふと	5
ふぉくろあ	2
ふぉーくろあ	4
ふぉーげい	1
ふぉーじゃー	1
ふぉーちゅにー	1
ふぉるつねい	2
ふぉーちゅねい	1
ふぉーちゅん	1
ふぉーてぃーす	3
ふぉーてぃーん	3
ふぉーてぃーんす	3
ふぉーでぃずむ	3
ふぉるとないとりー	4
ふぉーとないとりー	4
ふぉーとらん	4
ふぉーびすと	3
ふぉーゔぃすと	3
ふぉーびすむ	3
ふぉーびずむ	3
ふぉーゔぃすむ	3
ふぉーぶ	1
ふぉーゔ	1
ふぉーまったー	0
ふぉるまりずむ	4
ふぉーまりずむ	4
ふぉーまりてぃー	3
ふぉーまるはうと	5
ふぉーまー	1
ふぉーみあむ	1
ふぉーみらむ	1
ふぉーみゅれいしょん	4
ふぉーみゅれーしょん	4
ふぉーみんぐ	0
ふぉーめーしょん	3
ふぉーりなー	1
ふぉーりん	1
ふぉーるず	1
ふぉーるでぃんぐ	0
ふぉーるでぃんぐないふ	7
ふぉると	1
ふぉーると	1
ふぉーるど	1
ふぉーれじ	1
ふぉーれーじ	3
ふおーれじ	1
ふおーれーじ	3
ふぉーわーだー	0
ふがどーる	3
ふがーと	2
ふくしあ	2
ほくしゃ	1
ふっくす	1
ふぐー	1
ふこきさんちん	4
ふさらいど	3
ふさん	1
ふざーる	2
ふしこ	1
ふしたる	1
ふしふぉるみす	3
ふすぃふぉるみす	3
ふすた	1
ふずりな	2
ふずりねら	3
ふそばくてりうむ	7
ふたうるっく	4
ふたらじのん	4
ふたりるいみどめちる	8
ふたる	1
ふたろしあにん	4
ふたろじにとりる	5
ほだらく	2
ふっかー	1
ふっきんぐ	0
ふっくと	1
ふっくんしゅーと	5
ふったー	1
ふってーじ	3
ふっとひる	4
ふっとぼーらー	4
ふっとらいと	4
ふっとれすと	4
ふつーる	2
ふとらふーる	4
ふどろわいやんと	4
ふまる	1
ふみれ	1
ふむす	1
ほんもす	1
ふむろん	1
ふもーる	2
ふゅじす	1
ふゅえる	1
ふゅーえる	1
ふゆえる	1
ふゅーしゃ	1
ひゅうじぶる	1
ひゅーじぶる	1
ふゅーじぶる	1
ふゅーじんぐ	0
ふゅーだりずむ	4
ふゅちゅりてぃ	2
ふゅーちゅりてぃー	3
ふゅーめ	1
ふゅーらー	1
ふゅーりあす	1
ふゅーりー	1
ふらいあー	2
ふらいやー	0
ふらいやーず	2
ふらいえ	2
ふらいゑ	2
ふらいず	2
ふらいはいと	4
ふらう	2
ふらううぇん	2
ふらうんだー	3
ふらぎりす	3
ふらくうるてぃあ	5
ふらくしょん	2
ふらくそー	2
ふらくたる	2
ふらくたん	2
ふらくちゃー	2
ふらくちゅえーしょん	5
ふらくと	2
ふるくと	2
ふらくとぅーあ	4
ふらぐめんてーしょん	6
ふらぐめんと	2
ふらさば	0
ふらじおまいしん	5
ふらじょれっと	4
ふらじーる	3
ふらすとれーしょん	5
ふらすとれーてぃっど	5
ふらちおかるぶ	5
ふらっくす	2
ふらっしゃー	2
ふらったー	2
ふらっでぃんぐ	0
ふらっとうぇあ	5
ふらっとにんぐ	0
ふらっぱー	2
ふらっぷ	2
ふらつぷ	2
ふらっぺ	2
ふらの	1
ふらばのん	3
ふらばんじぇのーる	6
ふらびあ	2
ふらびうぃるす	4
ふらびういるす	4
ふらびかうだ	4
ふらゔぃかうだ	4
ふらびけぷす	4
ふらゔぃけぷす	4
ふらびたん	2
ふらびろすとりす	6
ふらゔぃろすとりす	6
ふらぶす	1
ふらゔす	1
ふらぶら	0
ふらぺちーの	4
ふらぼきさーと	5
ふらぼのーる	4
ふらぼん	2
ふらまん	1
ふらみれ	0
ふらみんご	3
ふらみんごず	3
ふらんかるぼん	4
ふらんかー	2
ふらんきずむ	4
ふらきんせんす	5
ふらんきんせんす	2
ふらんくふるたー	5
ふらんぐれ	2
ふらんしうむ	4
ふらんしせら	4
ふらんじ	2
ふらんじうぇい	5
ふらんじうぇー	5
ふらんじうえー	6
ふらんせ	2
ふらんそわるとん	5
ふらんちゃいざー	4
ふらんちゃいじー	4
ふらんちゃいず	4
ふらんぼあーず	4
ふらんぼわーず	5
ふらーと	2
ふらーれん	2
ふりえし	2
ふりえすぃ	2
ふりかっせ	3
ふりかてぃぶ	2
ふりかんどー	3
ふりくしょん	2
ふりくてん	2
ふりげいと	3
ふりげーと	3
ふりじうむ	3
ふりすく	2
ふりすびー	2
ふりだや	0
ふりちらりあ	4
ふりっかれす	4
ふりっか	2
ふりっかー	2
ふりったー	2
ふりたーた	3
ふりったーた	4
ふりっと	2
ふりつと	2
ふりっぱー	2
ふりっぱーず	2
ふりっぷ	2
ふりもんと	3
ふりゅい	1
ふりゅーげる	2
ふりゅーげるす	2
ふりゅーむ	2
ふりーうぇあ	4
ふりーげんで	4
ふりーざー	2
ふりーじあ	2
ふりーじや	2
ふりーじんぐ	0
ふりーぜ	2
ふりーと	2
ふりーはんど	4
ふりーべ	2
ふりーみあむ	2
ふりーらんさー	4
ふりーらんす	2
ふるあじなむ	3
ふるあじほっぷ	3
ふるおしのにど	5
ふるおらせん	4
ふるおりど	3
ふるおる	0
ふるおれにる	4
ふるおろ	0
ふるおろあるみん	5
ふるおるうらしる	5
ふるおろうらしる	5
ふるおろおれふぃん	5
ふるおろかーぼん	5
ふるおるふぇにる	5
ふるおるふえにる	5
ふるおろふぇにる	5
ふるおろふぇのきし	6
ふるおろふえのきし	6
ふるおろぶちろふぇのん	8
ふるおろぶちろふえのん	8
ふるおるべんぞいる	7
ふるおろべんぞいる	7
ふるおろほすふぇいと	7
ふるおろほすふえいと	7
ふるおろん	3
ふるがりてぃー	3
ふるくとさみん	0
ふらくとーす	4
ふるくとーす	4
ふるこなぞーる	5
ふるこん	0
ふるこんぷ	3
ふるじおきそにる	6
ふるするふあみど	6
ふるたみど	3
ふるだらびん	0
ふるちかぞん	4
ふるつろん	2
ふるとらにる	4
ふるとらーす	4
ふるとろぴうむ	5
ふるどろこるちぞん	7
ふるなりじん	0
ふるにそりど	4
ふるにとらぜぱむ	6
ふるば	1
ふるゔぁ	1
ふるばけ	0
ふるばっく	3
ふるばりねーと	5
ふるびあてぃりす	4
ふるゔぃあてぃりす	4
ふるふぇなじん	4
ふるふえなじん	4
ふるふぇなむ	3
ふるふえなむ	3
ふるふらーる	4
ふるふる	1
ふるぺんちきそーる	7
ふるぼ	1
ふるまぜにる	4
ふるみねあ	3
ふるめきん	0
ふるらぜぱむ	4
ふるるびぷろふぇん	6
ふるるびぷろふえん	6
ふるんける	2
ふるーえんと	2
ふるーてぃすと	4
ふるーてぃんぐ	0
ふりゅいど	2
ふるいっど	3
ふるいど	2
ふるーど	2
ふるーね	2
ふるーる	2
ふるーれ	2
ふれあ	2
ふれあー	2
ふれやー	2
ふれいばーせいばー	6
ふれかいにど	3
ふれき	1
ふれきしびりてぃ	5
ふれきしびりてぃー	5
ふれきそ	2
ふれくしょん	2
ふれくすおさ	4
ふれぐらんす	2
ふれしぇーる	3
ふれすか	2
ふれすこ	0
ふれすたばっけ	5
ふれちじん	0
ふれっくすたいむ	6
ふれっしゃーず	2
ふれっしゅなー	2
ふれっしんぐ	2
ふれっちぇ	2
ふれっちゃ	2
ふれぶる	0
ふれんどりーしっぷ	7
ふれーく	2
ふれいじんぐ	0
ふれーじんぐ	2
ふれいと	2
ふれーと	0
ふれいばー	2
ふれいゔぁー	2
ふれーばー	2
ふれーめん	2
ふろあぶる	3
ふろありんぐ	4
ふろいで	2
ふろいでぃあん	2
ふろいる	2
ふろぎすとん	3
ふろじすとん	3
ふろっきー	2
ふろっく	2
ふろつく	2
ふろっくす	2
ふろっぐ	2
ふろつぐ	2
ふろったーじゅ	4
ふろっとさむ	4
ふろっぷ	2
ふろにかみど	4
ふろぶ	1
ふろまじぇ	3
ふろまーじゅ	3
ふろりあーど	4
ふろりげん	3
ふるーりすと	4
ふろりすと	3
ふろーりすと	4
ふろりねふ	3
ふろりばんだ	4
ふろりれーぎうむ	6
ふろれんてぃお	3
ふろろかーぼん	4
ふろんたとぅす	4
ふろんたる	2
ふろんてぃえーる	5
ふろんてっくす	4
ふろんてら	2
ふろんど	2
ふろんれす	2
ふろーずん	2
ふろーたんと	2
ふろーちゃーと	4
ふろーちやーと	4
ふろーてぃんぐ	0
ふろーらいと	4
ふろーりしゅ	2
ふろーりっしゅ	2
ふろうれす	2
ふろーれす	2
ふんぎ	1
ふんだりけ	3
ふんでぃ	1
ふんぼ	1
ふーがす	1
ふーしょんばんじゅー	5
ふーぜる	1
ふーだにっと	4
ふーだー	1
ふーちんぐ	0
ふーでっと	1
ふーでる	1
ふーぷ	1
ふーま	1
ふーみー	1
ふーりがにずむ	5
ふーるー	1
ぶいぬい	1
ぶいよん	1
ぶえい	1
ぶえなす	1
ぶえなびすた	4
ぶえるた	2
ぶえん	1
ぶかてぃーに	3
ぶっかてぃーに	4
ぶぎー	1
ぶーぎー	1
ぶくてぃえ	2
ぶくもろーる	4
ぶくろぐ	0
ぶけしゃるでぃえーる	6
ぶけろす	1
ぶげんしす	2
ぶげんすぃす	2
ぶさーる	2
ぶしゅり	1
ぶしらみん	0
ぶじゃで	1
ぶじー	1
ぶすこぱん	3
ぶするふぁん	2
ぶするふあん	2
ぶずかし	1
ぶずき	1
ぶずーき	2
ぶせちん	2
ぶせれりん	0
ぶたじえん	2
ぶたのん	1
ぶたのーる	3
ぶたみほす	3
ぶたるびたーる	5
ぶたんちおーる	5
ぶちにる	1
ぶちらーと	3
ぶちりでんじおきし	7
ぶちりる	1
ぶちりるへきさひどろ	8
ぶちる	1
ぶちらにりど	4
ぶちるあにりど	5
ぶちるあるでひど	6
ぶちるいみの	4
ぶちるえーてる	4
ぶちるおきしかるぼにる	9
ぶちるおきししんこにん	9
ぶちるかるばもいる	7
ぶちるでかひどろ	6
ぶちるふぇのーる	5
ぶちるぶろみど	5
ぶちれん	1
ぶちろ	1
ぶちろふぇのん	4
ぶちろふえのん	4
ぶちろらくとん	4
ぶっかー	1
ぶっかーず	1
ぶっきんぐ	0
ぶっくえんど	4
ぶうくきーぴんく	4
ぶっくきーぴんぐ	4
ぶーくきーぴんく	4
ぶっくしぇるふ	4
ぶっくめーかー	4
ぶっくれっと	1
ぶっしんぐ	1
ぶっせ	1
ぶったーくーへん	5
ぶった	1
ぶっち	1
ぶっちゃー	1
ぶっでぃ	1
ぶっでぃすと	1
ぶっでぃずむ	3
ぶっどれあ	4
ぶっふ	1
ぶっふぁ	1
ゔっふぁ	1
ぶつぃーの	2
ぶてぃふぉす	1
ぶていゆ	2
ぶてお	1
ぶてなふぃん	2
ぶてなーる	3
ぶてにる	1
ぶてん	1
ぶでそにど	3
ぶときし	1
ぶときさいど	4
ぶときしど	3
ぶときしべんじる	5
ぶとくたみど	4
ぶとるふぁのーる	5
ぶとるふあのーる	5
ぶとろぴうむ	4
ぶなぞしん	0
ぶなぞじん	0
ぶにとろろーる	5
ぶぬん	1
ぶばるす	1
ぶぴばかいん	4
ぶふぁとりえのりど	6
ぶふあとりえのりど	6
ぶふぇとろーる	4
ぶふえとろーる	4
ぶぷらのろーる	5
ぶぷれうるむ	4
ぶぷれのるふぃん	5
ぶぷれのるふいん	5
ぶぷろふぇじん	4
ぶほすてろいど	5
ぶみぷとら	3
ぶらいあー	2
ぶらいとなー	2
ぶらいとにんぐ	2
ぶらいとねす	2
ぶらいど	2
ぶらいどめーど	5
ぶらいどる	2
ぶらいん	2
ぶらいんどりー	3
ぶらうず	2
ぶらうにー	2
ぶろーにー	2
ぶらきおさうるす	5
ぶらきしずむ	4
ぶらきゅてれす	4
ぶらぎにん	0
ぶらくてあつむ	4
ぶらけっと	2
ぶらけつと	2
ぶらけってぃんぐ	0
ぶらけてぃんぐ	0
ぶらこん	0
ぶらしあ	2
ぶらしか	2
ぶらじきにん	0
ぶらじゃー	2
ぶらじりあん	3
ぶらじれいらす	4
ぶらじれいろ	4
ぶらすたー	2
ぶらすと	2
ぶらすとさいじん	5
ぶらすりー	2
ぶらそれりおかとれや	8
ぶらぞん	1
ぶらっくりすと	5
ぶらっくんど	4
ぶらっけにー	4
ぶらっさぼら	4
ぶらっしゃー	2
ぶらっしゅ	2
ぶらつしゆ	2
ぶらっじゃー	2
ぶらっすりー	2
ぶらっちゃー	2
ぶるーちゃー	2
ぶらっでぃ	2
ぶらっでぃー	2
ぶらでぃ	2
ぶらば	1
ぶらばん	0
ぶらびっしも	3
ぶらふ	1
ぶらふまん	2
ぶらぼろ	0
ぶらま	1
ぶらまちゃり	3
ぶらまんじぇ	3
ぶらんまんじぇ	1
ぶらんきすむ	4
ぶらんぐる	2
ゔらんぐる	2
ぶらんけっと	2
ぶらんしぇ	2
ぶらんしゅ	2
ぶらんしさん	2
ぶらんしーる	4
ぶらんじぇ	2
ぶらんだー	0
ぶらんだーど	4
ぶらんち	2
ぶらんでぃーゆ	4
ぶらーぐ	2
ぶらーな	2
ぶらーふみー	2
ぶらーまん	2
ぶりあーに	3
ぶりおしゅ	3
ぶりおーしゅ	3
ぶりかぶらく	4
ぶりがんちん	3
ぶりこらーじゅ	4
ぶりざーど	3
ぶりざーぶど	3
ぶりすく	1
ぶりすくりー	2
ぶりすけ	2
ぶりすたー	2
ぶりぜ	1
ぶりだ	1
ゔりだ	1
ぶりっじんぐ	0
ぶりっつぁー	1
ぶりっと	2
ぶりっぷ	1
ぶりてぃしゅ	3
ぶりてぃっしゅ	3
ぶりで	1
ぶりとら	0
ゔりとら	0
ぶりとん	1
ぶりとんず	1
ぶりとー	2
ぶりねる	1
ぶりぷらちん	3
ぶりむ	1
ぶりゅっと	1
ぶりゅのわーず	4
ぶりゅむ	1
ぶりゅめーる	3
ぶりりあんてぃん	4
ぶりりゃんち	3
ぶりんかー	2
ぶりんでんあんしゅたると	9
ぶりーざー	2
ぶりーじんぐ	0
ぶりーず	2
ぶりーだーず	2
ぶりーち	2
ぶりーふけーす	5
ぶるういっぷ	4
ぶるうぉーく	3
ぶるがりあん	3
ぶるがりす	3
ゔるがりす	3
ぶるがー	1
ぶるぎにょん	3
ぶるしぇんしゃふと	5
ぶるしん	1
ぶるじょじー	2
ぶるじょわじー	3
ぶるすけった	4
ぶるせら	0
ぶるぞん	1
ぶるとれ	0
ぶるとん	1
ぶるーねっと	4
ぶるふぇん	1
ぶるべ	0
ぶるぺくら	3
ゔるぺくら	3
ぶるぺん	1
ぶるぼかぷにん	0
ぶるぼふぃるむ	4
ぶるますてぃふ	3
ぶるわりー	2
ぶるわーく	3
ぶるんだんが	4
ぶるーて	2
ゔるーて	2
ぶるーと	2
ぶるーぷりんつ	4
ぶるーぷりんと	4
ぶるーべいんど	4
ぶるーべる	4
ぶるま	1
ぶるーまー	2
ぶるーみんぐ	0
ぶるーめんぶらっと	7
ぶれいじん	2
ぶれお	1
ぶれおまいしん	4
ぶれすと	2
ぶれくふぁすと	4
ぶれっくふぁすと	5
ぶれっくふぁーすと	5
びゅれってぃん	2
ぶるてぃん	1
ぶれてぃん	1
ぶれびす	1
ぶれぶ	1
ぶれんだー	2
ぶれんでぃっど	2
ぶれんでっど	2
ぶれいきんぐ	0
ぶれーきんぐ	0
ぶれーくあうと	5
ぶれーくするー	6
ぶれーさー	2
ぶれーす	2
ぶれーとひぇん	2
ぶれーとへん	2
ぶれいんすとーみんぐ	6
ぶろあどべんてぃ	5
ぶろあー	2
ぶろーあー	2
ぶろいらー	2
ぶろがー	0
ぶろくすうりじん	5
ぶろけーど	3
ぶろこ	1
ぶろしぇっと	2
ぶろしゅあ	2
ぶろしゅあー	2
ぶろす	1
ぶろぞーむ	3
ぶろちぞらむ	4
ぶろちぞらん	0
ぶろっかー	2
ぶろっきずむ	4
ぶろっくと	2
ぶろっくばすたー	5
ぶろっくふれーて	6
ぶろっけーど	4
ぶろっさみんぐ	2
ぶろっさむ	2
ぶろっそむ	2
ぶろっち	2
ぶろってぃんぐ	0
ぶろっつ	2
ぶろなんせりん	5
ぶろにー	1
ぶろのぽーる	4
ぶろばん	0
ぶろびんかみん	5
ぶろまいど	3
ぶろみど	0
ぶろましる	3
ぶろまぜぱむ	4
ぶろむあにりの	5
ぶろむふぇなく	4
ぶろむふえなく	4
ぶろむぷろぴおにる	7
ぶろむぺりどーる	6
ぶろむわれりる	5
ぶろめとん	0
ぶろめらいん	4
ぶろめりん	0
ぶろも	0
ぶろもくりぷちん	5
ぶろもくろろじふるおろめたん	12
ぶろもじふるおろえたん	9
ぶろもじふるおろめたん	9
ぶろもすくしんいみど	8
ぶろもちもーる	5
ぶろもびふぇにる	4
ぶろもびふえにる	4
ぶろむふぇのーる	5
ぶろむふえのーる	5
ぶろもふぇのーる	5
ぶろんざー	2
ぶろんじんぐ	0
ぶろんとさうるす	5
ぶろーどきゃすたー	5
ぶろーどきやすたー	5
ぶろーどきゃすちんぐ	5
ぶろーどきゃすてぃんぐ	5
ぶろーどきやすちんぐ	5
ぶろーどにんぐ	0
ぶろーばい	2
ぶんがわん	3
ぶんしゅ	1
ゔんしゅ	1
ぶんだーかんまー	5
ゔんだーかんまー	5
ぶんですばんく	5
ぶんど	1
ぶーいんぐ	0
ぶけー	2
ぶーけ	1
ぶーすてぃんぐ	0
ぶーすと	1
ぶーだーん	3
ゔうと	1
ゔーと	1
ぶーとにあ	0
ぶーとれぐ	1
ぶーどぅ	1
ぶーどぅー	1
ゔーどぅ	1
ぶーどわ	1
ぷーどわぁ	1
ぷーどわー	1
ぶーにむ	1
ぶーば	1
ぶーふ	1
ぶーらんじぇりー	5
ぶーらんじゅりー	3
ぶーりあん	1
ぶーるす	1
ぶるばーど	3
ぶるばーる	3
ぶるゔぁーど	3
ぶるゔぁーる	3
ぶーるばーど	4
ぶーるばーる	4
ぶーるゔぁーど	4
ぶーるゔぁーる	4
ぶーれ	1
ぶーんどっかー	4
ぶーんどっく	4
ぷあぞん	1
ぷあめりあ	3
ぷぁーず	1
ぷあーず	1
ぷうぇで	1
ぷうぇでん	1
ぷえぶろ	0
ぷえらりあ	3
ぷえるとりかん	4
ぷさか	1
ぷさんとれん	2
ぷさー	1
ぷしゅけ	1
ぷしけ	1
ぷしけー	1
ぷしゅけー	1
ぷしりうむ	3
ぷしろふぃとん	4
ぷしーきゃっと	4
ぷすぃてぃろすとら	5
ぷすいてぃろすとら	5
ぷせうでみゅどぅら	5
ぷせうどけりどん	5
ぷせうどねすとる	5
ぷせうどみゅす	4
ぷせうどりゅくす	5
ぷそいどえふぇどりん	0
ぷそいどえふえどりん	0
ぷそいどもなす	5
ぷちぇちゅむ	1
ぷちぐれいん	4
ぷちぷら	0
ぷちろふすきー	4
ぷっしゃー	1
ぷっしんぐ	0
ぷっしー	1
ぷてぃたみ	0
ぷてらのどん	4
ぷてりごでぃうむ	5
ぷてりん	1
ぷてろどろま	4
ぷてろぬら	3
ぷてろぷす	3
ぷてろみゅす	3
ぷどっがら	2
ぷにけうむ	3
ぷねうま	2
ぷみら	1
ぷらいあー	2
ぷらいおりてぃ	4
ぷらいおりてぃー	4
ぷらいばてぃあ	4
ぷらいゔぁてぃあ	4
ぷらいまりー	2
ぷらいま	2
ぷらいまー	2
ぷらいめーと	4
ぷらいやー	2
ぷらう	2
ぷらうだ	2
ぷらうど	2
ぷらうのとーる	5
ぷらえこにす	4
ぷらえとる	3
ぷらお	1
ぷらからー	3
ぷらが	1
ぷらがー	1
ぷらぎおら	3
ぷらくしす	2
ぷらくしょん	2
ぷらくてぃしょなー	4
ぷらくてぃす	2
ぷらくりてぃ	3
ぷらぐま	2
ぷらぐまてぃすと	5
ぷらぐまてぃずむ	5
ぷらけーす	3
ぷらこぺくてん	4
ぷらさーど	3
ぷらしぼ	0
ぷらしぼー	3
ぷらしーぼ	3
ぷらせぼ	0
ぷらじゅにゃー	2
ぷらすた	2
ぷらすときのん	5
ぷらすとしあにん	5
ぷらすとまー	4
ぷらすみど	3
ぷらすみのーげん	5
ぷらすもでぃうむ	5
ぷらずなー	2
ぷらずまじーん	5
ぷらずもん	2
ぷらせおじむ	4
ぷらせんた	3
ぷらぜぱむ	3
ぷらぞしん	0
ぷらたなす	3
ぷらたぬす	3
ぷらたー	1
ぷらちぇれ	0
ぷらちっく	3
ぷらちなむ	2
ぷらちゅでむす	4
ぷらてゅでむす	4
ぷらちゅぷれうら	5
ぷらてゅぷれうら	5
ぷらっしゅ	2
ぷらった	2
ぷらっつ	2
ぷらてぃぷす	3
ぷらていぷす	3
ぷらてぃん	1
ぷらてぃっく	3
ぷらてぃーく	3
ぷらておさうるす	5
ぷらてすさ	3
ぷらてっく	3
ぷらてんしす	3
ぷらてんすぃす	3
ぷらとにか	3
ぷらとにずむ	4
ぷらとりーな	4
ぷらとー	1
ぷらとう	1
ぷらとーん	3
ぷらなりあ	3
ぷらなー	1
ぷらにふろんす	5
ぷらにめーたー	4
ぷらにろすとりす	6
ぷらぬら	0
ぷらねたり	3
ぷらねたりー	3
ぷらのぷろふぇん	4
ぷらのぷろふえん	4
ぷらば	1
ぷらばすたちん	4
ぷらばー	1
ぷらまい	0
ぷらみぺきそーる	6
ぷらりね	2
ぷらるとりらー	4
ぷらるもれりん	4
ぷられす	1
ぷられとりん	0
ぷらんじゃー	2
ぷらんたご	2
ぷらんてーしょん	4
ぷらんつ	2
ぷらんなーしっぷ	6
ぷらんぷ	2
ぷらんるかすと	5
ぷらーく	2
ぷらーじゅ	2
ぷらーと	0
ぷらーな	2
ぷらーび	2
ぷらーゔぃ	2
ぷりあんぶる	3
ぷりあんぷ	3
ぷりうす	1
ぷりえんぷしょん	3
ぷりえんぷてぃぶ	3
ぷりおないるるす	6
ぷりおのどん	4
ぷりおん	1
ぷりか	1
ぷりかーす	3
ぷりくら	0
ぷりぐりむ	3
ぷりぐろっくす	4
ぷりこんべてぃてぃぷ	6
ぷりさいす	3
ぷりざーぶ	3
ぷりざーぶど	3
ぷりしーでぃんぐ	3
ぷれしーでぃんぐ	3
ぷりすくす	3
ぷりすけーら	4
ぷりずなー	2
ぷりずまてぃっく	5
ぷりずん	2
ぷりせっと	3
ぷりせぷたー	3
ぷりせぷてぃー	3
ぷりっく	2
ぷりにー	2
ぷりばーと	3
ぷりゔぁーと	3
ぷりぱれいしょん	4
ぷりぱれーしょん	4
ぷりびれっじ	4
ぷりゔぃれっじ	4
ぷりふぁーど	3
ぷりふぃにうむ	3
ぷりふいにうむ	3
ぷりふまっぷ	4
ぷりぷれぐ	3
ぷりぷろだくしょん	5
ぷりべんしょん	3
ぷればしおん	3
ぷりぺあーど	3
ぷりぺいと	3
ぷりぺいど	3
ぷりぺーど	3
ぷりまべーら	4
ぷりみどん	3
ぷりむ	1
ぷりむら	2
ぷりめいろ	3
ぷりめーら	3
ぷりも	1
ぷりもす	1
ぷりもん	1
ぷりゅっしゅ	2
ぷりゆつしゆ	2
ぷりんかる	2
ぷりんきぱとぅす	5
ぷりんきぴあ	4
ぷりんくす	2
ぷりんけぷす	4
ぷりんつひぇん	5
ぷりんつひえん	5
ぷりんぺらん	4
ぷりー	2
ぷりーくねす	2
ぷりーず	2
ぷりーずー	2
ぷりーつ	2
ぷりーてっど	2
ぷるおーばー	3
ぷるおーゔぁー	3
ぷるか	1
ぷるけ	1
ぷるけるるす	4
ぷるこぎ	0
ぷるしゃ	1
ぷるせにど	3
ぷるてうす	3
ぷるにえ	0
ぷるぷれあ	3
ぷるみえ	0
ぷるんだーすばいらーん	9
ぷるんだーすゔぁいらーん	9
ぷるんべうす	4
ぷるーくぼーげん	5
ぷるーでんと	2
ぷるーにんぐ	2
ぷるーばぶる	2
ぷるーばー	2
ぷるーむ	2
ぷるーらりずむ	5
ぷるーらる	2
ぷるーん	2
ぷれあにみずむ	5
ぷれうろねくてす	5
ぷれえんふぁしす	5
ぷれかっと	3
ぷれくさす	3
ぷれくとらむ	4
ぷれぐな	2
ぷれぐなじぇん	4
ぷれぐなじえん	4
ぷれぐなん	2
ぷれぐなんつ	2
ぷれぐねのろん	5
ぷれぐねん	2
ぷれこ	1
ぷれし	1
ぷれしおさうるす	5
ぷれしおもなす	4
ぷれじおもなす	5
ぷれしゃす	2
ぷれしぃーず	4
ぷれしいーず	4
ぷれしーず	3
ぷれしーずん	3
ぷれじでんしゃる	4
ぷれじでんしー	4
ぷりーすくーる	5
ぷれすくーる	4
ぷれすこ	0
ぷれすたー	2
ぷれすてぃっしも	4
ぷれすとれすと	5
ぷれすびてりあん	5
ぷれすべーてりあーねる	8
ぷれずびてりあん	5
ぷれせあ	0
ぷれせたん	3
ぷれせだ	0
ぷれせぺ	2
ぷれざんす	2
ぷれぜんす	2
ぷれぜんたー	3
ぷれぜんてーたー	5
ぷれた	1
ぷれっさー	2
ぷれっじ	2
ぷれすせ	2
ぷれっせ	2
ぶれっつぇる	2
ぷれっつぇる	2
ぷれっぴー	2
ぷれっぷ	2
ぷれてるみなーる	6
ぷれでぃくてぃぶ	3
ぷれでぃけーと	4
ぷれと	1
ぷれとばすす	4
ぷれどにぞろん	5
ぷれどにぞん	4
ぷれどにん	0
ぷれなむ	1
ぷれにる	0
ぷれぱらーと	4
ぷれふぁぶりけーしょん	6
ぷれふぁれんす	2
ぷれふぃっくす	3
ぷれぶお	0
ぷれゔお	0
ぷれぶす	2
ぷれぷろいんすりん	5
ぷれほすぴたる	3
ぷれぼ	1
ぷれみゅーてーしょん	5
ぷれむだん	2
ぷれりみなりー	3
ぷれりゅーしょん	3
ぷれりゅーじょん	3
ぷれれましー	3
ぷれーご	2
ぷれーすきっく	5
ぷれいすめんと	2
ぷれーすめんと	2
ぷれーな	2
ぷれーにんぐ	2
ぷれーぬ	2
ぷれーぼーい	4
ぷれいめいつ	4
ぷれーめーと	4
ぷろい	1
ぷろうらー	2
ぷろかいん	3
ぷろかすぱーぜ	5
ぷろかてろーる	5
ぷろかるしとにん	6
ぷろかるばじん	5
ぷろきおにです	5
ぷろくしま	3
ぷろっしま	2
ぷろっすぃま	2
ぷろくせみっくす	5
ぷろくらとる	3
ぷろぐるめたしん	6
ぷろぐれしすてぃ	5
ぷろぐれす	2
ぷろけるらりあ	5
ぷろげすちん	3
ぷろげすてろん	5
ぷろげすとげん	0
ぷろしーじゃ	3
ぷろしーじゃー	3
ぷろしーじゃーず	3
ぷろしーでぃんぐ	3
ぷろすしらりじん	5
ぷろすたぐらんじん	6
ぷろすたぐらんでぃん	6
ぷろすたぐろんでぃん	6
ぷろすたさいくりん	5
ぷろすたた	3
ぷろすたーる	4
ぷろすてぃちゅーと	5
ぷろすてぃちゆーと	5
ぷろすてぃてゅーと	5
ぷろすぴ	2
ぷろすぺくたー	4
ぷろすぺくと	4
ぷろすぺりてぃ	4
ぷろせきそーる	5
ぷろせしんぐ	0
ぷろせっしんぐ	3
ぷろせっこ	3
ぷろせさ	3
ぷろせさー	3
ぷろせっさ	3
ぷろせっさー	3
ぷろせにあむ	3
ぷろせにうむ	4
ぷろそーぽん	3
ぷろたみん	0
ぷろだくてぃぶ	3
ぷろち	1
ぷろきすた	3
ぷろちすた	3
ぷろっす	2
ぷろっぷ	2
ぷろっぷす	2
ぷろてあ	0
ぷろてあそーむ	5
ぷろちあーぜ	4
ぷろてあーぜ	4
ぷろていおす	3
ぷろていなーぜ	5
ぷろていん	3
ぷろてお	0
ぷろておぐりかん	5
ぷろておみくす	5
ぷろておーす	4
ぷろておーむ	4
ぷろてかじん	4
ぷろてくたんと	3
ぷろてくてぃんぐ	3
ぷろてすたにずむ	6
ぷろてすたんちずむ	7
ぷろてすたんてぃずむ	7
ぷろでぃじー	3
ぷろでゅーしんぐ	3
ぷろとあくちにうむ	7
ぷろとかてきゅ	4
ぷろとかてきゆ	5
ぷろとかてきる	4
ぷろとけらとぷす	6
ぷろとぞあ	0
ぷろとたいぴんぐ	4
ぷろとぷてるす	5
ぷろとぼとろぷす	6
ぷろとぽるふぃりん	0
ぷろとぽるふいりん	0
ぷろとろんびん	4
ぷろとん	2
ぷろどらっぐ	4
ぷろなうん	3
ふろなんしえしうん	6
ぷろなんしえーしょん	6
ぷろなんせーしょん	5
ぷろなーぜ	3
ぷろねーしす	3
ぷろのいあ	3
ぷろばぶりすてぃっく	7
ぷろばるぶす	3
ぷろぱがんだ	4
ぷろぱがんでぃすと	6
ぷろぱげるまにうむ	7
ぷろぱげーしょん	4
ぷろぱなーる	4
ぷろぱのあーと	5
ぷろぱのん	3
ぷろぱのーる	4
ぷろぱのーるあみん	7
ぷろぱふぇのん	4
ぷろぱふえのん	4
ぷろぱん	2
ぷろぱんじおーる	6
ぷろぱんするとん	5
ぷろぱー	2
ぷろひびしょん	4
ぷろびあ	0
ぷろびたみん	4
ぷろびっと	3
ぷろびでんす	2
ぷろゔぃでんす	2
ぷろぴおなーと	5
ぷろぴおにとりる	5
ぷろぴおにるおきし	7
ぷろぴおにるおきしあんどろすた	13
ぷろぴおのにとりる	6
ぷろぴおふぇのん	5
ぷろぴおふえのん	5
ぷろぴおらくとん	5
ぷろぴおん	3
ぷろぴとかいん	5
ぷろぴにる	3
ぷろぴにるふぇねちるあみん	10
ぷろぴにるふえねちるあみん	10
ぷろぴべりん	4
ぷろぴゅらいあ	4
ぷろぴらむ	3
ぷろぴりでん	3
ぷろぴるあみのぷろぴおにる	11
ぷろぴるあみのべんぞちあぞーる	13
ぷろぴるあみん	5
ぷろぴるいみだぞ	0
ぷろぴるうれあ	5
ぷろぴるえるごりん	0
ぷろぴるかるばみん	0
ぷろぴるしくろへきしる	8
ぷろぴるじするふぃど	7
ぷろぴるぴぺりじん	7
ぷろぴるへきせどりん	0
ぷろぴるべんぞあーと	8
ぷろぴるべんぞえーと	8
ぷろぴるぺんたのいるとろぴにうむ	14
ぷろぴるめちるじするふぃど	10
ぷろぴれん	3
ぷろぴれんいみん	6
ぷろぴん	1
ぷろふ	1
ぷろふぁいらー	3
ぷろふぁいる	3
ぷろふぃっと	3
ぷろふぇっさあ	3
ぷろふぇっさー	3
ぷろふぇっしょなりずむ	7
ぷろふぇっしょん	3
ぷろふぇなみん	0
ぷろふえなみん	0
ぷろふぉんでぃす	3
ぷろぶこーる	4
ぷろぷ	1
ぷろぷらのろーる	6
ぷろへぷたじん	5
ぷろべねしど	5
ぷろべーしょん	3
ぷろぺしあ	3
ぷろぺたんほす	4
ぷろぺと	0
ぷろぺにる	3
ぷろぺにるあみん	6
ぷろぺりしあじん	6
ぷろぺる	1
ぷろぺん	1
ぷろぺんとふぃりん	6
ぷろぺんとふいりん	6
ぷろぼかーとる	4
ぷろぼろーね	4
ぷろぽ	1
ぷろぽきしふぇん	5
ぷろぽきしめちる	6
ぷろぽきしらーと	6
ぷろぽきする	3
ぷろぽくする	3
ぷろぽじしょなる	4
ぷろぽじしょん	4
ぷろぽじちお	4
ぷろぽまくるす	4
ぷろぽりす	3
ぷろぽーざる	3
ぷろぽーずど	3
ぷろぽーねんと	3
ぷろまじん	0
ぷろまっく	3
ぷろみっくす	3
ぷろみど	0
ぷろみな	0
ぷろみなー	2
ぷろみねんと	2
ぷろみん	1
ぷろめたじん	0
ぷろめしうむ	4
ぷろめちうむ	4
ぷろめとりん	3
ぷろもたー	0
ぷろもーたー	3
ぷろらくちん	4
ぷろりる	1
ぷろりん	2
ぷろれごめのん	5
ぷろれごめーな	5
ぷろれたりあ	4
ぷろれたりや	4
ぷろれたりあーと	6
ぷろれとくると	5
ぷろろぐ	0
ぷろろーぐ	3
ぷろんとじる	5
ぷろんぷたー	2
ぷろーしぶ	2
ぷろーじっと	2
ぷろーすと	2
ぷろーぷる	2
ぷろーらむ	2
ぷろーん	2
ぷんくたとぅす	4
ぷんくたーた	4
ぷんくと	1
ぷんげんす	1
ぷんばんてぅ	3
ぷんばんとぅ	3
ぷーある	1
ぷーあーる	3
ぷーか	1
ぷーじゃー	1
ぷーずー	1
ぷーたきぱりう	5
ぷーとんふぁ	3
ぷーどぅる	1
ぷーぱっぽん	3
ぷーまら	1
ぷーら	1
ぷーらー	1
ぷーりむ	1
ぷーりんぐ	0
ぷーりー	1
ぷーり	1
ぷーるな	1
ぷーるぽあん	4
ぷーれ	1
ぷーろ	1
へあーど	1
へいあう	1
へいく	1
へいず	1
へいでん	1
へいぶん	1
へいろたい	3
へいろーたい	3
へきさあざとりしくろ	8
へきさかぷりる	4
へきさくろりど	5
へきさくろる	4
へきさくろろえたん	7
へきさくろろしくろへきさん	10
へきさくろろびしくろ	8
へきさごん	1
へきさしあの	4
へきさでかてとらえん	8
へきさでかん	4
へきさでしる	4
へきさでしるなふたれん	0
へきさとりあこんた	7
へきさひどろあぜぴの	8
へきさひどろしくろおくた	10
へきさひどろぴらじの	8
へきさふるおれにうむ	8
へきさふるおろ	4
へきさふるおろぷろぺん	8
へきさみにだーぜ	6
へきさめちるほすほりっく	10
へきさめちれん	4
へきさめちれんじあみん	9
へきさめちれんじいみの	9
へきさん	1
へきさんじおん	5
へきしちあぞく	5
へきしる	1
へきしるあみの	5
へきしるかるばもいる	8
へきしれん	3
へきせにろきし	5
へきせん	1
へきそきなーぜ	5
へきそげん	3
へきそーげん	3
へきそさみにだーぜ	7
へきそさみん	0
へきそぴらのしる	6
へきそぷれなりん	0
へきそーす	3
へくさめとろす	4
へくてぃく	1
へしあん	1
へじさるむ	3
へじてーしょん	3
へじていと	3
へじてーと	3
へじゃぶ	1
へすぺりじん	0
へすぺりど	3
へたえりあ	3
へっしあん	1
へっじほっぐ	4
へっじんぐ	0
へっと	1
へっどらんぷ	4
へてろ	1
へてろかぷさ	4
へてろかりおん	4
へてろくろみあ	5
へてろしす	3
へてろじにーえてぃー	5
へてろじーにあすねす	4
へてろたりずむ	5
へてろだいまー	4
へてろだいん	4
へてろとぴあ	4
へてろどきしー	4
へてろふぉにー	3
へてろぼつりうむ	6
へてろめれす	4
へでら	1
へとーる	2
へどにずむ	3
へどにっく	1
へぱりん	1
へびめた	0
へゔぃめた	0
へびろて	0
へぶらいずむ	4
へぶんりー	1
へゔんりー	1
へぷたおきそ	4
へぷたくろる	4
へぷたくろろ	4
へぷたくろーる	5
へぷたくろろふるおろぷろぱん	12
へぷたこさ	3
へぷたじえん	4
へぷたでかん	4
へぷたのえーと	5
へぷたのん	3
へぷたのーる	4
へぷたふるおろぷろぱん	9
へぷたん	1
へぷたんじかるぼきしいみど	11
へぷたーきー	3
へぷちる	1
へぷちるべんぞあーと	8
へぷてん	1
へぷと	1
へぷとーす	3
へぼう	1
へまたいと	3
へまちん	1
へまとくりっと	5
へまとくりつと	5
へみあせたーる	5
へみぐなとぅす	4
へみこるどぅりあ	5
へみしくりおふぉら	6
へみせくしょん	3
へみせるろーす	5
へみふぁが	0
へむと	1
へめろかりす	4
へもくろまとーしす	6
へもしあにん	4
へもじでりん	0
へもだいなみっく	6
へもふぃりあ	3
へもふぃるす	3
へもらじっく	4
へらのでぃかい	4
へりうむ	2
へりお	1
へりおすこーぷ	5
へりおすたっと	5
へりおっくす	3
へりおとろぴん	4
へりおとろおぶ	5
へりおとろーぶ	5
へりおとろーぷ	5
へりおぷしす	3
へりおめーたー	4
へりかる	1
へりかーぜ	3
へりくりさむ	3
へりこにあ	0
へりこばくたー	4
へりせのん	0
へりっくす	2
へりてれ	0
へりていじ	3
へりてーじ	3
へりんぐぼーん	5
へりんぼーん	4
へるしぇりあんて	5
へるすけあ	4
へるど	1
へるぱんぎーな	5
へるぷらいん	4
へるぺす	1
へるぺすうぃるす	5
へるぺすういるす	6
へるぺすてす	3
えるまふろでぃっと	6
へるまぷろだいと	6
へるめねいあ	4
へれにずむ	3
へれねす	1
へれふぉーど	3
へれぼあ	0
へろでるま	3
へろん	1
へんぷ	1
へんるーだ	3
へーぜるなっつ	5
へーで	1
へいと	1
へーと	1
へぃゔん	1
へいゔん	1
へーぶん	1
へーべる	1
へーん	1
べあてぃこら	3
べありあす	2
ゔぇありあす	2
べあるねーず	4
べあーず	1
べあーふっと	4
べいしょあ	1
べいじあん	1
べいすん	1
べーず	1
べいりく	1
べいんど	1
べかど	1
べがー	1
べぎらま	0
べぎー	1
ゔぇぎー	1
べくたらいず	1
べくろにうむ	4
べくろめたぞん	4
べげたみん	0
べさめ	0
べざふぃぶらーと	5
べしくる	1
べしる	1
べじが	1
ゔぇじが	1
べじたぶる	1
ゔぇじたぶる	1
べじたりあにずむ	6
べじとらみど	4
べじばーぐ	3
べじふる	1
べすとどいちぇ	4
ゔぇすとどいちぇ	4
べすなりのん	4
べすぱ	1
ゔぇすぱ	1
べぞあるてぃくす	5
べぞあーる	3
べぞぱすのすち	5
べたいん	2
べたきそろーる	5
べたせれみん	0
べたなーる	3
べたにこーる	4
べたんこーる	4
べたにじん	3
べたみぷろん	3
べためたぞん	3
べちばー	1
べちべる	1
べちゃ	1
べっきお	1
ゔぇっきお	1
べっち	0
べってぃんぐ	0
べっともん	1
べっどらんぷ	4
べつどらんぷ	4
べっら	1
べてる	1
べとこん	0
ゔぇとこん	0
べとなみーず	3
べとろふぇね	3
べとん	1
べどうい	2
べなんだんてぃ	4
べにえ	1
べーにぇ	1
べーにえ	1
べにじうむ	3
べにじぴん	0
べにっしも	2
べにやど	0
べにゅー	1
ゔぇにゅー	1
べねきさーと	4
べねしゃん	1
べねちあん	2
べねつぃあん	2
ゔぇねちあん	2
ゔぇねつぃあん	2
べねちてす	3
べねでぃくてぃん	3
べねふぃっと	3
べねふぃーく	3
べのきしねいと	5
べのきしねーと	5
べのじーる	3
べのと	1
べのみる	1
べばしずまぶ	4
べばしつまぶ	4
べびーくと	2
べゔぃーくと	2
べふのろーる	4
べふーる	2
ゔぇふーる	2
べぷりじる	3
べへのいる	3
べほいみ	2
べほま	1
べほまらー	3
べぼにうむ	3
べむ	1
べやーず	1
べらっくす	2
べらっじょ	2
べらとるむ	3
べらどんな	3
べらぱみる	3
べらみ	1
べらむ	1
ゔぇらむ	1
べらんじぇ	2
べりあー	1
べりぇす	1
べりえす	1
べりがん	0
べりじゃー	1
べりずも	2
ゔぇりずも	2
べりたす	1
ゔぇりたす	1
べりふぁい	1
べりりうむ	3
べりる	1
べるかんと	3
べるがぷてん	3
べるがますく	4
べるがもっと	4
べるくろら	3
べるこん	0
べるじぇ	1
ゔぇるじぇ	1
べるじゃ	1
べるせるく	3
べるそー	1
ゔぇるそー	1
べるた	1
べるだしずむ	4
べるだーしゅ	3
べるちんぐ	0
べるつ	1
べるて	1
ゔぇるて	1
べるで	1
べるでん	1
べるとらいど	4
べるにくら	3
べるのにあ	0
ゔぇるのにあ	0
べるふぁー	1
ゔぇるふぁー	1
べるふぃ	1
ゔぇるふぃ	1
べるべっと	3
ゔぇるべっと	3
ゔぇるゔぇっと	3
べるべりん	0
べるべる	0
べるめんてぃーの	5
ゔぇるめんてぃーの	5
べるもっと	3
べるらんご	3
べるりなー	2
べるりねった	4
べるりら	0
べるーが	2
べれいん	2
べれるがる	2
べれー	1
べれーざ	2
ゔぇれーざ	2
べろきらぷとる	5
べろしてぃ	2
べろしてぃー	2
べろしぴーど	4
ゔぇろしぴーど	4
べろなーる	3
べろにーて	3
べろーしふぁか	4
べろーず	2
べんがら	0
べんがりー	1
べんがれんしす	4
べんがれんすぃす	4
べんざぞにん	0
べんざりん	0
べんざるこにうむ	6
べんしくらん	3
べんじぇんす	1
ゔぇんじぇんす	1
べんじじん	0
べんちじん	0
べんじだみん	0
べんじゃみな	3
べんじらーと	4
べんじれーと	4
べんじりでん	3
べんじるしくろへぷちる	8
べんじるぴぺりじん	7
べんじるふぇのきし	6
べんじるふえのきし	6
べんじろいるおきし	7
べんじろにうむ	5
べんじん	1
べんずあぞしん	4
べんずあにりど	5
べんざみど	3
べんずあみど	4
べんずあるでひど	6
べんずいそおきさぞーる	9
べんずいそきさぞーる	8
べんずいみだぞりにいる	9
べんずいみだぞりにる	8
べんずいみだぞりにーる	9
べんずいみだぞりのん	7
べんずいみだぞーるかるばみん	0
べんずひどりる	4
べんずひどろーる	6
べんずぶろまろん	0
べんぜちじん	4
べんぜどりん	0
べんぜん	1
べんぞ	1
べんざぜぴん	0
べんぞあぜぴん	4
べんずいそちあぞーる	8
べんぞいそちあぞーる	8
べんぞいみだぞりる	7
べんずいみだぞーる	7
べんぞいみだぞーる	7
べんついみだぞーる	7
べんぞいるおきし	6
べんぞいるひどらとろぷ	9
べんぞいるふぇにる	6
べんぞいるふえにる	6
べんぞえぴん	4
べんぞおきさじん	0
べんぞきさじん	5
べんぞじあせぴん	5
べんぞじあぜぴん	5
べんぞじおきさちえぴん	9
べんぞじおきそーる	7
べんぞちあじあじん	7
べんぞちあじあぞーる	8
べんぞちあじん	4
べんぞちあぜぴん	5
べんぞちあぞーる	6
べんぞとりあじん	6
べんぞとりくろりど	7
べんぞにとりる	4
べんぞぴらの	4
べんぞぴらん	4
べんぞぴれん	4
べんぞふぇのん	4
べんぞふらにる	4
べんぞーる	3
べんたぞん	1
べんだいおかるぶ	6
べんだー	1
べんだ	1
べんちゃろん	3
べんちゅら	1
ゔぇんちゅら	1
べんちゅりー	1
べんちれーた	4
べんちれーたー	4
べんつふぇたみん	5
べんでぃんぐ	0
べんとぅるす	3
ゔぇんとぅるす	3
べんとす	1
べんとないと	4
べんふぃきすた	4
べんふらかるぶ	5
べんへぱぞん	4
べーかむ	1
べーきんぐ	0
べいく	1
べーく	1
べいくと	0
べいくど	0
べーくと	1
べーくど	0
べーくらいと	4
べーしすと	3
べーすぼーる	4
べーすめんと	1
びぜ	1
べーぜ	1
べーたとろん	4
べだ	1
べーだ	1
ゔぇだ	1
ゔぇーだ	1
ゔえーだ	1
べーだんだ	3
ゔぇーだんだ	3
べーまが	0
べーらー	1
べーれー	1
べーん	1
ぺあめいん	3
ぺあれんてぃんぐ	3
ぺあーず	1
ぺいあうと	3
ぺいがん	1
ぺいがんず	1
ぺいざん	1
ぺいざんぬ	3
ぺいど	1
ぴにり	1
ぺいにる	1
ぺいにーり	3
ぺいめんと	1
ぺいやぶる	1
ぺいやー	1
ぺいゆ	1
ぺいろーど	3
べうたんげ	3
ぺうたんけ	3
ぺうれ	1
ぺかん	1
ぺがぷたにぶ	4
ぺきにーず	3
ぺぎる	1
ぺく	1
ぺくちなーぜ	4
ぺくちにん	0
ぺくちん	1
ぺくてん	1
ぺぐ	1
ぺっぐ	1
ぺぐいんたーふぇろん	7
ぺぐいんたーふえろん	7
ぺぐびそまんと	5
ぺぐまたいと	4
ぺこりーの	3
ぺころーね	3
ぺさーど	2
ぺしぇ	1
ぺしった	2
ぺしみすと	3
ぺしみずむ	3
ぺしゅ	1
ぺーしゅ	1
ぺすか	1
ぺすかとーれ	4
ぺすこ	1
ぺいすとり	1
ぺいすとりー	1
ぺすとりー	1
ぺぞぽるす	3
ぺたうりすた	4
ぺたる	1
ぺたんく	2
ぺだりんぐ	0
ぺだんだ	2
ぺだんちずむ	4
ぺだんと	2
ぺだんとりー	2
ぺちか	1
ぺーちか	1
ぺちこーと	3
ぺちじん	2
ぺちゅにあ	0
ぺっかりー	1
ぺっくす	1
ぺっさりー	1
ぺっしゅ	1
ぺっする	1
ぺっちんぐ	0
ぺってぃんぐ	0
ぺっとろー	1
ぺぱーず	1
ぺっぱーつりー	6
ぺぱーつりー	5
ぺてぃ	1
ぺてぃー	1
ぺとろ	1
ぺでぃおかくとぅす	5
ぺでぃおにーて	4
ぺでぃめんと	1
ぺですたる	2
ぺですとりあん	4
ぺところ	0
ぺとろだらー	4
ぺとろふぁさ	3
ぺてろらたむ	4
ぺとろらたむ	4
ぺとりうむ	3
ぺとろりうむ	4
ぺとろりゅーむ	4
ぺとろーる	3
ぺどぅんくらとぅす	5
ぺどこん	0
ぺどふぁいる	3
ぺどふぃりあ	3
ぺどめーたー	3
ぺどりんとんてりあ	7
ぺどろぞい	3
ぺなえい	1
ぺにしらみん	0
ぺにしりうむ	4
ぺにしりなーぜ	5
ぺにしりん	0
ぺにゅー	1
ぺにれっくす	3
ぺにんしゅら	2
ぺにんすら	2
ぺねとれーしょん	4
ぺぱろに	3
ぺひぶれんで	4
ぺぴーた	2
ぺぷしのーげん	4
ぺぷしん	1
ぺぷたいざー	3
ぺぷちじる	3
ぺぷちだーぜ	4
ぺぴちど	1
ぺぷちど	0
ぺぷちどぐりかん	5
ぺぷとこっかす	4
ぺぷとすとれぷとこっかす	9
ぺぷとん	1
ぺぷらむ	1
ぺぷろまいしん	4
ぺへれい	2
ぺべく	1
ぺぺろなーた	4
ぺぺろみあ	3
ぺぽかぼちゃ	3
ぺまんく	2
ぺみかん	1
ぺみろらすと	4
ぺもりん	1
ぺよーて	2
ぺよーとる	2
ぺらぐら	2
ぺらじん	1
ぺらふぃらむ	3
ぺらみす	1
ぺらめれす	3
ぺらるごにうむ	5
ぺりうぃんくる	3
ぺりおいこい	3
ぺりおでぃかる	3
ぺりかん	0
ぺりかんず	0
ぺりがん	0
ぺりくる	1
ぺりくろことぅす	5
ぺりぐりーな	4
ぺりすこーぷ	4
ぺりそきさーる	5
ぺりどっと	3
ぺりぱとす	3
ぺりふぇらる	3
ぺりふぇりあ	3
ぺりふぇりく	3
ぺりめに	0
ぺりらあるでひど	6
ぺりるあるでひど	6
ぺるおきしそーむ	6
ぺるおきしだーぜ	6
ぺるおきしど	4
ぺるか	1
ぺるごりど	3
ぺるしゅろん	3
ぺるすぴきるらとぅす	7
ぺるぜーんりっひ	6
ぺるそねる	3
ぺるぞーん	3
ぺるでぃとぅす	3
ぺるでゅ	1
ぺるどゅ	1
ぺるな	1
ぱーふぇなじん	0
ぱーふえなじん	0
ぺるふぇなじん	4
ぺるめとりん	3
ぺるらぴん	0
ぺれかぬす	3
ぺれかのいです	4
ぺれきゅふぉら	3
ぺれぐりぬす	4
ぺれすとろいか	5
ぺれにある	2
ぺれね	1
ぺろすぴろん	4
ぺろにずむ	3
ぺろー	1
ぺんしーぶ	3
ぺんすてもん	4
ぺんせろそ	3
ぺんたあざてとらでかんじかるぼん	13
ぺんたあざとりあこんたん	9
ぺんたえちれんへきさみん	10
ぺんたえりすりっと	7
ぺんたえりとりっと	7
ぺんたえりとりつと	7
ぺんたえりすりとーる	8
ぺんたえりとりとーる	8
ぺんたくちゅら	4
ぺんたくる	1
ぺんたくるす	1
ぺんたくろるまんでる	7
ぺんたくろろふぇのきしど	9
ぺんたくろろふえのきしど	9
ぺんたくろるふぇのーる	8
ぺんたくろるふえのーる	8
ぺんたくろろふぇのーる	8
ぺんたぐらむ	4
ぺんたす	1
ぺんたすろん	3
ぺんたぞしん	4
ぺんたでしる	4
ぺんたなーる	4
ぺんたぶ	0
ぺんたぺぷちど	4
ぺんためちるぴぺりじん	9
ぺんためちれんじおきし	9
ぺんたん	1
ぺんちえなーと	5
ぺんちえねーと	5
ぺんちる	1
ぺんちるおきしかるぼにる	10
ぺんちーるおきしかるぼにる	11
ぺんちるおきしふぇにる	8
ぺんちるおきしふえにる	8
ぺんてこすて	4
ぺんてにる	3
ぺんてりこん	3
ぺんてん	1
ぺんでぃめたりん	4
ぺんでぃんぐ	0
ぺんと	4
ぺんときしふぃりん	6
ぺんときしふいりん	6
ぺんとはうす	4
ぺんとぴらのしる	6
ぺんとりにうむ	5
ぺんとーす	3
ぺんどりーの	4
ぺんなた	0
ぺんね	1
ぺんぱ	1
ぺんぶとろーる	5
ぺんまんしっぷ	5
ぺんらいと	3
ぺーしぇ	1
ぺいしぇんす	1
ぺーしぇんす	1
ぺーしぇんと	1
ぺーじぇんと	1
ぺーぢえんと	1
ぺーじゃ	1
ぺーじんぐ	0
ぺいすてぃ	1
ぺいすてぃー	1
ぺーすてぃー	1
ぺいずりー	1
ぺーずりー	1
ぱとす	1
ぺーそす	1
ぺいとりあーく	5
ぺーとりあーく	5
ぺーぱーばっく	5
ぺーぱーばーく	5
ぺーぱれす	3
ぺーぱーれす	3
ぺーぶめんと	1
ぺーぷさーと	4
ほいこーろー	3
ほいすこーれ	4
ほいすてぃんぐ	4
ほいすと	1
ほぃっぐ	2
ほいっぐ	2
ほいっする	2
ほいっぱー	2
ほいて	1
ほいへら	0
ほいぺっと	3
ほいみ	1
ほうぇん	1
ほえん	0
ほえらー	1
ほえらーず	1
ほき	1
ほきしむ	1
ほくなりん	0
ほくれあ	0
ほさな	1
ほざんな	2
ほーざんな	3
ほしぇふ	1
ほしき	1
ほすあんぷれなびる	7
ほすかるねっと	3
ほすた	1
ほすちあぜーと	5
ほすてぃんぐ	0
ほすてらー	1
ほすてりんぐ	0
ほすてる	1
ほすぴたりずむ	5
ほすふぁげん	3
ほすふぁぜん	3
ふぉすふぁたーぜ	4
ほすふぁたーぜ	4
ほすふあたーぜ	4
ほすふぁちじるこりん	0
ほすふぁみどん	3
ほすふぃのいる	4
ほすふいのいる	5
ほすふぃん	1
ほすふいん	1
ほすふぇすとろーる	6
ほすふぇーと	3
ほすふあーと	3
ほすふぇいと	3
ほすふえいと	3
ほすほ	1
ほすほえのーる	5
ほすほきなーぜ	5
ほすほなとおきし	6
ほすほなーと	4
ほすほねいと	4
ほすほの	0
ほすほのほるむ	5
ふぉすふぉりらーぜ	5
ほすほりらーぜ	5
ほすほりる	3
ほすほろ	0
ほすほろじちおあーと	8
ほすほん	1
ほそばるすかす	5
ほだー	1
ほちきす	1
ほちこく	1
ほちこっく	3
ほったー	1
ほっとく	0
ほっとすぱー	4
ほっぷす	1
ほてとる	0
ほてりあー	2
ほのほす	1
ほば	1
ほばー	1
ほばーくらふと	5
ほーばーくらふと	6
ほぱんてん	3
ほびっと	1
ほっぶ	1
ほぶ	1
ほぶごぶりん	3
ほぶごぶりんず	3
ほぶす	1
ほべ	1
ほほば	0
ほぼもく	1
ほまとろぴん	4
ほまりっど	3
ほまろ	1
ほまーて	2
ほみか	1
ほみにぜーしょん	4
ほみにど	2
ほみのべん	0
ほみりあ	2
ほむす	1
ほもす	1
ほむぺ	0
ほむんくるす	4
ほめおすたしす	5
ほめおすたーしす	5
ほめおとろぴっく	5
ほめおどめいん	5
ほめおぱす	3
ほめおぱしー	3
ほめおぱちー	4
ほめおぼっくす	4
ほもかりおん	3
ほもげん	0
ほもじぇにーえてぃー	4
ほもじぇねーと	4
ほもじないざー	4
ほもじないず	4
ほもじにあす	3
ほもじにあすねす	3
ほもじーにあすねす	3
ほもたりずむ	4
ほもにむ	1
ほもふぃりー	2
ほもふぉびあ	3
ほもふぉびっく	4
ほもろぐ	0
ほもろげーしょん	4
ほもろじー	2
ほらいずん	2
ほらいぞん	2
ほりじ	1
ほりっく	1
ほりどぅむ	1
ほりどーる	3
ほりほっく	3
ほりー	1
ほるく	1
ほるすたー	1
ほるすふぃーるど	4
ほるてんしす	3
ほるてんすぃす	3
ほるなーだ	3
ふぉるまりん	0
ふおるまりん	0
ほるまりん	0
ほるまる	1
ほるまーる	3
ほるみうむ	3
ほるみしす	3
ほるみるあみのぴりみじん	10
ほるみるひどらじの	7
ほるもくれぞーる	6
ほるりどぅむ	3
ほるんふぇるす	4
ほるんふえるす	4
ほれーと	2
ほろう	1
ほろぐらふぃっく	5
ほろぐらふぃ	3
ほろぐらふぃー	3
ほろこーすと	3
ほろすりっくす	4
ほろとろぴっく	5
ほろん	1
ほろー	1
ほわいえ	2
ほわいとなー	2
ほわいとねす	2
ほわいとぼーど	5
ほわいとろじすと	6
ほわいる	2
ほわんみー	2
ほんいつ	0
ほんきー	1
ほんしゅえんしす	4
ほんしゅえんすぃす	4
ほんす	1
ほんつぁお	1
ほんつう	0
ほんぱお	1
ほんぴー	1
ほーすしゅー	3
ほーすれす	1
ほーだうん	3
ほーでん	1
ほーとるべりー	5
ほーにぶるっく	5
ほーにんぐ	1
ほーまるず	1
ほーまー	1
ほーみんぐ	1
ふーめい	1
ほーみー	1
ほーめい	1
ほーむかみんぐ	4
ほーむしっく	4
ほーむすくーらー	5
ほーむすとれっち	6
ほーむすぱん	4
ほーむたうん	4
ほーむめんて	4
ほーむらんど	4
ほーりずむ	3
ほーるず	1
ほーるせーる	4
ほーるたー	1
ほーるどあうと	5
ほーるどあっぷ	5
ぼあこん	0
ぶわら	1
ぼあら	1
ゔぉあら	1
ゔゎら	1
ぼあー	1
ぼいが	1
ぼいじゃー	1
ぼえじゃー	1
ゔぉいじゃー	1
ぼいでい	1
ぼうがいんびるれ	6
ぼうがいんゔぃるれ	6
ぼうりゅう	0
ぼえぼーだ	3
ゔぉえゔぉーだ	3
ぼえーむ	2
ぼかりーず	3
ぼかりーぜ	3
ぼーかりーず	4
ゔぉかりーず	3
ゔぉーかりーず	4
ぼかろ	0
ぼきゃ	1
ぼきゃぶらり	2
ぼくささいず	1
ぼくしー	1
ゔぉくしー	1
ぼくせる	1
ぼぐりぼーす	4
ぼぐるぶー	2
ぼぐんどー	2
ぼすとーく	3
ゔぉすとーく	3
ぼすみん	1
ぼすろぷす	3
ぼせんたん	2
ぼそん	1
ぼたうるす	3
ぼたにかるず	2
ぼだい	0
ぼっくだれっく	5
ぼっせくれいあ	5
ぼっせふぉんせ	4
ぶってが	0
ぼってが	0
ゔってが	0
ぼってーげ	3
ぼつりぬす	3
ぼでぃこん	0
ぼでぃぼ	0
ぼでぃがーど	3
ぼでぃーがーど	4
ぼでぃーびる	4
ぼでぃーびるでぃんぐ	4
ぼとぅーる	2
ゔぉとぅーる	2
ぼとっくす	2
ぼとびっつ	1
ぼとらー	1
ぼとりちす	3
ぼとりてぃす	3
ぼとりんぐ	1
ぼとると	2
ぼとるど	0
ぼどきん	1
ぼなてあ	0
ぼなぱりすと	4
ぼなぱるちずむ	5
ぼなぱるてぃずむ	5
ぼなぺてぃ	3
ぼなぺてぃと	3
ぼなんざぐらむ	5
ぼにねんしす	3
ぼにねんすぃす	3
ぼにねんせ	3
ぼにーた	2
ぼのぼ	1
ぼのむ	1
ぼび	1
ぼゔぃ	1
ぼびす	1
ぼびなー	1
ぼびん	1
ぼぴんどろーる	5
ぼぶきゃっと	3
ぼぶてーる	3
ぼぶる	1
ぼへみあにずむ	5
ぼへみあん	2
ぼむ	1
ぼんぶ	1
ぼんむ	1
ぼやーじゅ	2
ぼわいやじぇ	2
ぼわいやーじゅ	4
ゔぉやーじゅ	2
ぼやーる	2
ぼらいゆ	2
ゔぉらいゆ	2
ぼらてぃりてぃ	3
ぼらてぃりてぃー	3
ぼらりてぃ	2
ぼらんす	2
ゔぉらんす	2
ぼらんたりずむ	5
ぼらんとぴあ	4
ぼらんど	2
ゔぉらんど	2
ぼらー	1
ゔぉらー	1
ぼらーど	2
ぼりこなぞーる	5
ぼりしぇびずむ	4
ぼりしぇゔぃずむ	4
ぼりしょなりてぃー	4
ぼりしょん	1
ぼりじ	1
ぼりばん	0
ぼりびびむ	3
ぼりゅえりあ	3
ぼりしぇびき	3
ぼりしぇゔぃき	3
ぼるしぇびき	3
ぼるしぇゔぃき	3
ぼるしぇびずむ	4
ぼるしぇら	0
ぼるしえら	0
ぼるしち	0
ぼるすた	2
ぼるすたー	2
ぼるたれん	0
ぼるためとりー	4
ぼるたんめとりー	5
ぼるだ	1
ぼるだー	1
ぼるてくす	3
ぼるてぞみぶ	4
ぼるてっくす	3
ぼるねおーる	4
ぼるぼっくす	3
ぼれあーど	3
ぼれたす	1
ぼろん	1
ぼろにあ	0
ぼろねーぜ	3
ぼろびき	0
ぼろゔぃき	0
ぼろめーたー	3
ぼろわー	1
ぼわし	1
ゔぉわし	1
ぼわっち	2
ぼんぬ	1
ぼんえるふ	3
ぼんねるふ	3
ぼんざん	0
ぼんじゅーる	3
ぼんそあーる	4
ぼんそわーる	4
ぼんだー	1
ぼんてーじ	1
ぼんでーじ	1
ぼんど	1
ぼんどぅーむ	3
ゔぉんどぅーむ	3
ぼんねる	1
ぼんばっくす	3
ぼんふぁいあ	3
ぼんふぁいあー	3
ぼんぶしぇる	3
ぼんぶす	1
ぼんぼにえーる	5
ぼんれす	1
ぼーあ	1
ぼーかりっく	4
ぼーかろいど	4
ぼーきさいと	4
ぼーす	1
ぼーすと	1
ぼーせみ	1
ゔぉーせみ	1
ぼーたいたん	3
ぼーだーど	1
ぼーちぇ	1
ゔぉーちぇ	1
ぼーて	1
ぼーてっくす	3
ぼーてる	1
ぼーでぃさった	4
ぼーでぃんぐ	0
ぼーどせいりんぐ	4
ぼーどせーりんぐ	4
ぼーどびりあん	4
ぼーどびる	4
ゔぉーどゔぃる	4
ぶぉーの	1
ぼーの	1
ぼーふぃん	1
ぼーべい	1
ぼーゔぇい	1
ぼーるず	1
ぼうると	0
ぼーると	0
ゔぉうると	0
ゔぉーると	0
ぽあそん	2
ぽあた	1
ぽいえしす	3
ぽいえーしす	3
ぽいず	1
ぽいずん	1
ぽいんせちあ	4
ぽいんてぃんぐ	0
ぽいんてっど	4
ぽうさだ	0
ぽえきろどりゅあす	5
ぽえてぃっくす	3
ぽえと	1
ぽえとり	1
ぽえに	1
ぽえま	1
ぽえむ	1
ぽえーしす	2
ぽくちょり	0
ぽぐろむ	1
ぽけか	0
ぽけこん	0
ぽけせん	0
ぽけばい	0
ぽけみす	0
ぽこ	1
ぽこもっこ	3
ぽご	1
ぽごのほら	3
ぽしびりてぃー	3
ぽじしょなる	2
ぽじしょなー	2
ぽじてぃびずむ	4
ぽじてぃぶりー	1
ぽじとろん	3
ぽじゃんまちゃ	2
ぽじゅうむ	2
ぽじれじすと	4
ぽすたりぜーしょん	5
ぽすてぃんぐ	0
ぽすとかーど	4
ぽすとどくとらる	4
ぽすとはーべすと	4
ぽた	1
ぽたしうむ	3
ぽたしっく	3
ぽたもとりごん	4
ぽたりんぐ	0
ぽだいあとりすと	6
ぽだいあとりー	4
ぽっくすうぃるす	5
ぽっくすういるす	6
ぽっけ	1
ぽっさむ	1
ぽったりあん	3
ぽったりー	1
ぽってれろ	3
ぽっとろーど	4
ぽっど	1
ぽっぴん	1
ぽっぴんぐ	0
ぽてさら	0
ぽてち	1
ぽてりー	1
ぽてんざ	2
ぽてんしおめーたー	6
ぽてんしょめーたー	5
ぽてんしゃりてぃ	4
ぽてんしゃりてぃー	4
ぽてんしゃる	2
ぽてんしゃるず	2
ぽてんつ	2
ぽてんてぃら	2
ぽでぃあ	1
ぽでーれ	2
ぽとす	1
ぽとらっく	3
ぽとらっち	3
ぽとろ	1
ぽどかるぷす	3
ぽどぞる	1
ぽどふぃりん	0
ぽどふぃる	1
ぽどふいる	1
ぽどふぃるむ	3
ぽどふいるむ	3
ぽどふぃろときしん	5
ぽにーてーる	4
ぽばーる	2
ぽびどんよーど	5
ぽぴえーる	3
ぽぴどん	1
ぽぴゅらりてぃ	3
ぽぴゅらりてぃー	3
ぽぴゅりすと	3
ぽぴゅりすむ	3
ぽぴゅりずむ	3
ぽぴゅれーしょん	3
ぽぴー	1
ぽぷこん	0
ぽぷらす	1
ぽぷらる	1
ぽぷり	1
ぽぷるす	1
ぽぽる	1
ぽぽろ	1
ぽまちあ	0
ぽまてぃあ	2
ぽまんだー	2
ぽむぐらにっと	5
ぽめらにあん	3
ぽめろ	1
ぽもな	1
ぽらいとねす	2
ぽらかんとぅす	3
ぽらこ	1
ぽらりうむ	0
ぽらりてぃ	2
ぽらりてぃー	2
ぽりあくりるあみどげる	10
ぽりあくりろにとりる	7
ぽりあせたーる	5
ぽりあせちれん	5
ぽりあでにる	4
ぽりあみど	3
ぽりありーれん	4
ぽりあるきれん	5
ぽりあんさ	3
ぽりあんどら	3
ぽりあんどりー	3
ぽりあーきー	3
ぽりいそしあなーと	7
ぽりいみど	3
ぽりいん	2
ぽりえ	1
ぽりえすてる	3
ぽりえちれんじおきしちおふぇん	12
ぽりえちれんじおきしちおふえん	12
ぽりえときしらーと	7
ぽりえときしれーと	7
ぽりえん	2
ぽりえーてる	3
ぽりお	1
ぽりおうぃるす	4
ぽりおういるす	5
ぽりおきしあるきれん	6
ぽりおきしめちれん	7
ぽりおけふぁるす	5
ぽりおれふぃん	4
ぽりおーる	3
ぽりかるぼしらざん	6
ぽりかるぼふぃる	5
ぽりかーぼ	3
ぽりかーぼねいと	6
ぽりかーぼねと	5
ぽりかーぼねーと	6
ぽりがみー	2
ぽりくりにっく	4
ぽりくりにーく	5
ぽりくろろびふぇにる	6
ぽりくろろぷれん	6
ぽりくろーむ	4
ぽりぐらふ	3
ぽりぐりせりる	5
ぽりぐるこしど	5
ぽりぐろっと	4
ぽりごん	1
ぽりさーじゃりー	3
ぽりしあの	3
ぽりしらざん	4
ぽりしらびっく	3
ぽりしらべっく	3
ぽりじおるがのしらん	8
ぽりじーん	3
ぽりす	1
ぽりすたきあ	4
ぽりすちれん	3
ぽりすちろーる	5
ぽりするふぃど	4
ぽりせんとりずむ	6
ぽりそむのぐらふぃー	6
ぽりそるべーと	5
ぽりっしゃー	2
ぽりっしゅ	1
ぽりっしんぐ	2
ぽりっじ	1
ぽりつぁい	1
ぽりてぃかりー	2
ぽりちしゃん	2
ぽりちしやん	2
ぽりてぃしゃん	3
ぽりちくす	3
ぽりちっく	3
ぽりちつく	3
ぽりてぃく	3
ぽりてぃくす	3
ぽりてぃっく	3
ぽりてぃっくす	3
ぽりてぃーく	3
ぽりてぃー	1
ぽりていあ	3
ぽりてくにずむ	5
ぽりとろ	0
ぽりどかのーる	5
ぽりどら	0
ぽりどーら	3
ぽりぬくれおちど	6
ぽりねしあん	3
ぽりのじっく	4
ぽりばけつ	3
ぽりばりあん	3
ぽりびにる	3
ぽりびにーる	4
ぽりびふぇにれん	4
ぽりぱいろーる	5
ぽりぴろーる	4
ぽりふぃる	1
ぽりふぇにる	3
ぽりふぇにれんえーてる	7
ぽりふぇのーる	4
ぽりふぇむしん	0
ぽりぶたじえん	5
ぽりぶてにる	3
ぽりぷろぴれん	5
ぽりへまとぽるふぃりん	0
ぽりへまとぽるふいりん	0
ぽりぺくとみー	3
ぽりぽっと	3
ぽりぽーしす	3
ぽりまー	1
ぽりみきしん	3
ぽりみーたー	3
ぽりめたくりろにとりる	8
ぽりめちるめたくりれーと	10
ぽりめちれん	3
ぽりめときしる	5
ぽりめらーぜ	4
ぽりめーたー	3
ぽりめーらぜ	3
ぽりもるふぃずむ	5
ぽりゅぷれくとろん	6
ぽりゅぺだてす	4
ぽりゅもるふぁ	3
ぽりゅーしょん	2
ぽりらいん	3
ぽるか	1
ぽるきぬす	3
ぽるこ	1
ぽるこん	1
ぽるざな	0
ぽるた	1
ぽるためんと	4
ぽるたー	1
ぽるたーがいすと	5
ぽるたーと	3
ぽるだー	1
ぽるちぇらーな	4
ぽるちこ	0
ぽるちーに	3
ぽるて	1
ぽるてるか	3
ぽるてんせ	3
ぽるてーにょ	3
ぽるとげーす	4
ぽるとらんど	4
ぽるらきうす	4
ぽれある	1
ぽれみっく	3
ぽれみーく	3
ぽれもにうむ	4
ぽれんた	2
ぽろとこたん	3
ぽろにうむ	3
ぽろねーず	3
ぽろろか	2
ぽわそにえーる	5
ぽわそん	1
ぽわっそん	2
ぷわぞん	1
ぽわぞん	1
ぽわっと	2
ぽわとりーぬ	4
ぽわろー	2
ぽわーる	2
ぽんさるだん	3
ぽんす	1
ぽんそー	1
ぽんつーん	3
ぽんてぃくむ	3
ぽんてぃっく	3
ぽんてぃふ	1
ぽんぱどぅーる	4
ぽんぱどーる	4
ぽんぱへあ	4
ぽんべ	1
ぽんぽねっと	4
ぽんゆう	0
ぽーかー	1
ぽーきー	1
ぽーく	1
ぽーこ	1
ぽーじんぐ	0
ぽーすりん	0
ぽーすれん	1
ぽーせれん	1
ぽーたう	1
ぽーたびりてぃ	4
ぽーたびりてぃー	4
ぽーたれっじ	4
ぽーちど	1
ぽーちらす	1
ぽーてぃんぐ	0
ぽーぴえっと	1
ぽーぷ	1
ぽぽー	1
ぽーぽー	1
ぽーむ	1
ぽーよー	1
ぽうよう	1
ぽーらむ	1
ぽーらろぐらふ	5
ぽーらろぐらふぃー	5
ぽーりっしゅ	1
ぽーりんぐ	1
ぽーるす	1
ぽーれちけ	1
ぽーれん	1
ぽーん	1
まありぶ	1
まありーぶ	3
まありーゔ	3
まあん	1
まいあさうら	4
まいあひ	0
まいきー	1
まいくれ	0
まいくろあくちゅえーた	8
まいくろあくちゅえーたー	8
まいくろあんぺあ	7
まいくろうえーぶ	6
まいくろこんぴゅーた	7
まいくろこんぴゅーたー	7
まいくろこんぴゆーた	7
まいくろさーじぇりー	5
まいくろさーじゃりー	5
まいくろしすてむず	5
まいくろないずど	5
まいくろばいた	5
まいくろびーむ	5
まいくろふぃるむ	5
まいくろぶるわりー	6
まいくろぷろせっさ	7
まいくろぷろせっさー	7
まいくろめーたー	5
みくろめーたー	4
まいこすぽーる	5
まいこときしん	5
まいこばくてりうむ	7
まいこぷらずま	5
みこぷらずま	4
まいしん	1
まいせるふ	3
まいぜっと	3
まいぞ	1
まいちぇん	1
まいとまいしん	4
まいとーしす	3
まいにんぐ	1
まいね	1
まいのりてぃ	3
まいぷれ	0
まいぼーむ	3
まいむ	1
まいよる	1
まいらー	1
まいらーず	1
まいろ	1
まいんすいーぱー	5
まいーす	2
まうすぴーす	4
まうりてぃあぬむ	5
まうりでぃ	3
まうる	1
まうんてぃんぐ	2
まうんてっど	2
まうんてにあ	4
まえすた	2
まえすとーそ	4
まえでぃ	1
まおたい	0
まかか	1
まかだみあ	0
まかだみあん	3
まかでみあ	0
まかだむ	1
まかひき	0
まから	1
まからんどぅば	3
まかろふ	1
まがざん	1
まきあーじゅ	3
まきあーと	3
まっきゃーと	3
まきさかるしとーる	7
まきしまりー	1
まきしむ	1
まきしらり	1
まきしらりー	1
まきな	0
まきーな	2
まきにかりす	4
まきゃべりすと	4
まきあべりずむ	5
まきあゔぇりずむ	5
まきゃべりずむ	4
まきらどーら	4
まきり	1
まぎ	1
まぎあ	1
まくくええにい	4
まくたんす	3
まくだにえるず	3
まくびー	1
まくらめ	0
まくらんとぅむ	3
まくろきるす	4
まくろけふぁるす	4
まくろこすもす	4
まくろそま	3
まくろびおてぃっく	6
まくろふぁーじ	4
まくろふぉみな	4
まくんば	2
まぐぁんぷ	3
まぐあんぷ	3
まぐな	1
まぐなむ	1
まぐなりうむ	4
まぐにふぃか	3
まぐねさいと	4
まぐねさいど	4
まぐねしあ	3
まぐねしや	3
まぐねたいと	4
まぐねちっく	4
まぐねちつく	4
まぐねてぃっくす	4
まぐねとふぉん	4
まぐねとろん	4
まぐのりあ	3
まぐのりぐなん	4
まぐる	1
まけすぴ	0
まけっと	1
まけわな	0
まげい	1
まげしまえ	3
まこれ	1
まかろん	1
まごじゃ	1
まさかー	1
まっさかー	1
まさら	1
まさり	1
まざこん	0
まざちこーる	4
まざふぃぐ	1
まざぼ	0
まざりーず	1
まざりんぐ	0
まざーりんぐ	0
ましなりー	1
ましにすと	3
ましーにんぐ	0
ましのいど	3
ましふ	1
まっしふ	1
ましまろ	0
ましゅまろ	0
まじあ	1
まじぇすて	2
まじぇすてぃっく	4
まじぇすてぃー	2
まじこん	0
まじしゃん	2
まじゃーる	2
まじゅーる	2
まじょりか	2
まじょりてぃ	2
まじょりてぃー	2
まじんどーる	4
まじぃーしる	2
まじーしる	2
ますから	0
ますからず	1
ますかるぽーね	5
ますかれーど	4
ますきゅらん	2
ますきー	1
ますくいのんぎゅ	5
ますくど	1
ますくめろん	4
ますくらっと	4
ますぐーふ	3
ますけっと	3
ますけてぃあ	3
ますこん	0
ますごみ	0
ますたば	0
ますたりんぐ	0
ますたりー	1
ますちっく	3
ますちふ	1
ますとどん	3
ますぷろ	0
ますまてぃかる	3
ますまてぃっく	3
ますまてぃっくす	3
ませまちっくす	4
ませまちつくす	4
ますまーけ	3
まずるか	2
ませどわーぬ	4
ませらしおん	3
まぜんた	2
まぜんだ	2
まそにっく	3
めそにっく	3
まぞきすと	3
まぞひすと	3
まぞひすむす	4
まぞひずむ	3
またどーる	3
またにてぃびくす	5
またにてぃ	2
またにてぃー	2
またびし	0
またる	1
またー	1
またーず	1
まだがすかりえんしす	7
まだがすかりえんすぃす	7
まだやんたか	3
まちぇどにあ	0
まちえーる	3
まちすも	0
まちずも	2
まちゅて	1
まちゅりてぃー	2
まっかーしずむ	5
まっきな	0
まっきんとっしゅ	5
まっこいい	1
まっこいず	1
まっさーじゃー	3
まっしゃー	1
まっしゅど	1
まっせ	1
まっせる	1
まっつぁ	1
まっつお	1
まっぴんぐ	0
まっふる	1
まっぽ	1
まてはん	0
まてめそ	0
まてりあ	2
まてりありずむ	5
まてりある	2
まてりあるず	2
まとばは	0
まとぶち	0
まとらっせ	3
まとらばすてぃ	4
まとりかりあ	4
まとりくりん	4
まとりょーしか	3
まどらさ	0
まどらー	1
まどりがる	3
まどりがーれ	4
まどれーぬ	2
またろす	1
まなお	1
まなす	1
まなてぃ	1
まなてぃー	1
まにえーる	3
まにおか	0
まにおく	1
まにかるにか	4
まにかるにかー	4
まにきゅりすと	4
まにじぴん	0
まにとう	2
まにぴゅれーしょん	4
まにぴゆれーしよん	4
まにぴゅれーた	4
まにぴゅれーたー	4
まにぷれーた	4
まにゅぴゅれーたー	4
まにぴゅれいてっど	4
まにぴゅれーてっど	4
まぐにふぃかと	4
まにふぃかと	2
まにふぃーく	3
まにふぇすてーしょん	5
まにゅふぇすてぃーしょん	5
まにほるど	3
まにほーるど	3
まにあーな	3
まにゃーな	2
まにゃーにゃ	2
まにゅすくりぷと	5
まにゅふぁくちゃらー	3
まにゅふぁくちゃらーず	3
まにゅふぁくちゃー	3
まにゅふぁくちゅあ	3
まにゅふぁくちゅーる	5
まにゅふぁくちゅらる	3
まにゅーりん	2
まぬか	1
まにゅーば	2
まにゅーばー	2
まぬーばー	2
まねじりある	3
まねたりすと	4
まねたりずむ	4
まねたりー	1
まねーじど	2
まねーじんぐ	2
まのすたっと	4
まのめーたー	3
まはさば	0
まはちゃの	0
まはとま	0
まはーとま	2
まはらお	0
まはらじゃ	0
まはらーじゃ	3
まはらに	0
まはる	1
まはろ	1
まはーさまーでぃ	5
まはーむどらー	5
まはーやーな	4
まはーる	2
まふぃん	1
まふぇにど	0
まふしー	1
まふでぃすと	3
まふでぃずむ	3
まはでぃ	1
まふでぃー	1
まふらむ	1
まぶてろーる	4
まぶや	1
まぶやー	1
まぷろちりん	4
まぺっと	1
まぺる	1
まほがにー	2
まほめたん	2
まほーらが	2
まみらりあ	3
まむしゅか	2
まむるーく	3
まむーな	2
まめるこ	2
まもむ	1
まんもん	1
まやずむ	2
まやてす	1
まやらいやが	3
まやらーた	3
まやー	1
まゆす	1
まよね	1
まじょらむ	1
まよらな	2
まーじょらむ	1
まよらー	0
まよる	1
まらえ	1
まらくしす	3
まらくすぃす	3
まらげーにゃ	3
まらさーにゃ	3
まらすきーの	4
まらせちあ	3
まらちおん	2
まらびろく	3
まらぶー	1
まらぶーてんと	5
まらまる	1
まらりあ	0
まらりや	0
まらんごに	3
まらんそ	2
まらてぃ	1
まらてぃー	1
まらーてぃー	2
まらーど	2
まらの	1
まらーの	2
まりあち	2
まりあっち	3
まりおねっと	4
まりがわ	0
まりくれ	0
まりこん	1
まりすた	0
まりたいむ	3
まりつかん	3
まりてぃむす	3
まりにえーる	4
まりぬす	1
まりねーど	3
まりゅわな	0
まりわな	0
まりーごーるど	4
まりーしあ	2
まりーど	2
まるかーと	3
まるがりん	0
まるきしずむ	4
まるくしずむ	4
まるきす	1
まるきしすと	4
まるきすと	3
まるきーず	3
まーきーず	3
まるぎなた	3
まるくと	2
まるくーと	3
まるしゃん	1
まるじゃい	0
まるじゃえ	0
まるじゅ	1
まるたーぜ	3
まるちいんじけーたー	7
まるちきゃりあ	4
まるちきゃりや	4
まるちちゃねる	4
まるちとらっく	5
まるちばりえーと	6
まるちばんど	4
まるちぱるす	4
まるちふぉーむ	4
まるちぷらいやー	5
まるちぷる	3
まるてぃぷる	3
まるちぷれくさ	5
まるちぷれくさー	5
まるちぷれっくす	5
まるちぷれーやー	5
まるちぷれーん	5
まるちぷろせっさ	6
まるちぷろせっさー	6
まるちらてらる	4
まるつぇみーの	4
まるてんさいと	5
まるてんぱ	3
まるでぃ	1
まるとーす	3
まるとーず	3
まるとーぜ	3
まるとーる	3
まるに	1
まるばりあん	3
まるぱんどん	3
まるべ	1
まるべりー	2
まるめろ	0
まるーん	2
まれあ	1
まれーあ	2
まれいん	2
まれっと	2
まれっぷ	1
まろうず	1
まろてぃあ	0
まろにえ	0
まろにる	1
まろん	1
まろんず	1
まろんば	2
まろーず	1
まろおにい	2
まろーにー	2
まわりー	1
まわーりー	2
まんかいんど	3
まんくす	1
まんぐらー	1
まんげどん	0
まんごすちん	3
まんごすてぃん	3
まんさにーじゃ	4
まんざりーな	4
まんさぶだーる	5
まんしぇっと	3
まんじぇ	1
まんじあーれ	4
まんじゃーれ	3
まんじゅ	1
まんじょか	0
まんじょーか	3
まんぜぶ	0
まんぞ	1
まんた	1
まんたりて	3
まんだりん	0
まんだーつ	3
まんちぇーご	3
まんてぃこら	3
まんてぃーら	3
まんていか	3
まんてま	0
まんてる	1
まんでぃおけいら	5
まんでる	1
まんでるん	1
まんでりるおきし	6
まんでろいるおきし	7
まんでーと	3
まんとるぴーす	5
まんとぅ	1
まんどらごら	4
まんどりる	1
まんどりん	0
まんどれる	3
まんだれーく	4
まんどれーく	4
まんなん	1
まんにとーる	4
まんねぶだいせん	5
まにえりすむ	4
まにえりすむす	5
まにえりずむ	4
まんねりずむ	4
まんのーす	3
まんぱわー	3
まんぼ	1
まんましん	4
まんみ	1
まんもぐらふぃ	4
まんもぐらふぃー	4
まんゆえ	1
まんりう	0
まーかんたいる	5
まーかんちりずむ	6
まーかんてぃりずむ	6
まーがりーん	4
まーきっどねす	1
まーきゅろ	0
まーきゅろくろむ	5
まーきー	1
まーくと	1
まーけたー	0
まーけったー	0
まーけっつ	1
まーげい	1
まーげん	1
まーじならいぜーしょん	7
まーじなりぜーしょん	6
まーじなりてぃ	4
まーじなりてぃー	4
まーじなーれ	4
まーじゃー	1
まーずれん	1
まーせらいず	4
まーたー	1
まーだー	1
まーだーず	1
まーちゃんだいざー	5
まーちゃんだいじんぐ	5
まーちゃんだいず	5
まーちゃんと	1
まーちんぐ	0
まーつぁ	1
まーてぃないじんぐ	4
まーとー	0
まーどれ	1
まーないず	3
まーなめーよーだや	6
まーひーや	3
まーひーやーと	5
まーぶりんぐ	0
まーぶる	1
まーぶるず	1
まーべらす	1
まーぼー	1
ままれーど	3
まーまれーど	4
まーもせっと	4
まーやー	1
まーらいおん	3
まーろっくす	3
みあずま	2
みあんせりん	4
みえりん	1
みえろぺるおきしだーぜ	9
みえろーま	3
みえんつー	0
みおくろにー	3
みおぐろびん	0
みおしん	3
みおぱしー	2
みおぶたぞりじん	6
みおんぼ	2
みかふぁんぎん	3
みかふあんぎん	3
みかふつ	2
みきす	1
みくそろじすと	5
みくろきすてぃす	4
みくろぐらふぃあ	5
みくろげん	3
みくろこえりあ	5
みくろすぽるむ	5
みくろそりうむ	5
みくろそーむ	4
みくろぞーむ	4
みくろっぷ	3
みくろとーむ	4
みくろぶたにる	4
みくろぷてるす	5
みくろれぴす	4
みぐまたいと	4
みぐれにん	3
みこなぞーる	4
みこふぇのーる	4
みこふえのーる	4
みこーる	2
みごう	1
みさんが	2
みざりー	1
みざんとろーぷ	5
みしおにす	3
みしがねんしす	4
みしゅな	1
みしゅれっと	1
みじぇっと	1
みすきゃすと	3
みすこん	0
みすてぃしずむ	4
みすてぃふぃかしおん	5
みすてぃふぃけーしょん	5
みすてぃ	1
みすてぃー	1
みすてーく	3
みすとらる	0
みすとれす	1
みすぷり	0
みすぷろなうんす	5
みずん	1
みせら	1
みせりあ	2
みぜらぶる	3
みそじにー	3
みそぷろすとーる	6
みだぞらむ	3
みくすと	1
みっくすと	1
みっくすど	1
みっしょなりー	1
みってるすたんど	6
みっとらうふぇんで	6
みっどさまー	4
みっどたうん	4
みっどないたー	4
みっどないと	4
みっどふぃるだー	4
みっどふぃーるだー	4
みっどらんど	4
みっどる	1
みっどるーふ	4
みっれ	1
みっれと	1
みてぃらいと	3
みときさんとろん	6
みとこんどりあ	5
みとぶろにとーる	6
みとぽどじど	4
みどげいと	3
みどどりん	0
みにげーむ	3
みにこん	0
みにこんぴゅーたー	5
みにこんぽ	3
みにさいくる	3
みにさて	0
みにすたー	1
みにすてりあーる	6
みにすとりー	1
みにっつ	1
みにっと	1
みにでぃすく	3
みにばす	0
みにぱと	0
みにぶるわりー	3
みにまいざー	3
みにまいじんぐ	3
みにまいずど	3
みにまっくす	3
みにまむ	1
みにまりすと	4
みにみ	1
みにも	1
みにょねっと	1
みにょん	1
みによん	1
みにらぱ	0
みぬす	1
みねすとろーね	5
みねららいず	4
みのきしじる	4
みのさいくりん	3
みのたうるす	3
みのたうろす	3
みのとーる	3
みーのーたうろす	5
みのまいしん	3
みのうず	1
みひらーぶ	3
みふらーぶ	3
みみくりー	2
みみっく	1
みめしす	1
みめてぃすむ	3
みもれっと	1
みゃーがのいど	4
みゅあ	1
みゅあですてぃな	4
みゅおかすとる	3
みゅおてぃす	1
みゅぜ	1
みゅぜっと	1
みゅてぃるす	1
みゅとす	1
みゅりおふゅるるむ	5
みゅんひなー	1
みゅおん	1
みゅーおん	1
みゅーく	1
みゅーすりっくす	4
みゅーたんす	1
みゅーたんと	1
みゅーちゅある	1
みゅーてーしょん	3
みゅーと	1
みゅーひっぱ	3
みゅーる	1
みゅーれんばーぐ	5
むれんべるぎ	4
みょんさん	1
みょんそ	1
みょんて	1
みょーど	1
みよっく	1
みらえ	1
みらくりん	0
みらねーぜ	3
みらーじゅ	2
みらーず	1
みりあど	0
みりうむ	2
みりあ	1
みりおぐらたす	4
みりおねや	0
みりおねら	0
みりおりてぃ	3
みりおれ	0
みりしあ	0
みりすちん	3
みりすといる	4
みりすとにとりる	5
みりたりす	3
みりたりすと	4
みりたりずむ	4
みりふぃか	0
みりもる	1
みるきぃ	1
みるきー	1
みるくれ	0
みるせん	1
みるたざぴん	4
みるち	1
みるてぃーゆ	3
みるど	1
みるなしぷらん	5
みるふぃゆ	3
みるふぃーゆ	3
みるふぉいゆ	3
みれふぉりえ	3
みるら	1
みるりのん	0
みるあーむ	3
みるわーむ	3
みれくとろーる	5
みれじむ	1
みれっと	1
みれなりお	3
みれにある	2
みろがんだ	3
みろときしん	4
みろないと	3
みろわ	1
みろんが	2
みろーど	0
みんさー	1
みんざいん	3
みんしんぐ	0
みんすたーらんど	6
みんすとれる	4
みんと	1
みんどれんしす	4
みんどれんすぃす	4
みんねざんぐ	4
みんねぜんがー	4
みんびゅらす	1
みんぶるとにあ	5
みーあ	1
みーや	1
みーあきゃっと	4
みーいずむ	3
みーとま	0
みーど	1
みーまーんさー	3
みーむ	1
みーりょ	1
みりんぐ	2
みーりんぐ	0
むあ	1
むあっらか	2
むあっらかーと	5
むあん	1
むいと	1
むえたい	0
むえっと	1
むえるて	2
むがーた	2
むくたーばりー	5
むくたーゔぁりー	5
むくろすかまとぅす	5
むぐうぇつぁ	2
むこすた	2
むこそるばん	3
むさか	1
むさんなふ	2
むしゃわら	0
むしゅう	1
むじくむ	1
むーじくむ	1
むじち	1
むじゃひでぃん	3
むじゃーひでぃーん	5
むじゅこ	1
むじゅたひど	3
むじーくふぇらいん	6
むすかりん	0
むすく	1
むすくるす	3
むすこん	1
ますたんぐ	3
むすたんぐ	3
むすてら	0
むすなど	0
むせいおん	2
むぜうむ	2
むたあっりひーん	6
むたわ	1
むちか	1
むっしぇ	1
むしゅー	1
むっしゅ	1
むっしゅう	1
むっしゅー	1
むったー	1
むっらー	1
むではる	1
むとまいあ	3
むのでふぃせんしぃ	5
むのでふぃせんしー	5
むはじーる	3
むはーじるーん	5
むびり	1
むふぁかと	0
むふぞ	1
むみあ	1
むらゆ	1
むらと	1
むらーと	2
むらーびと	2
むりあ	1
むりがとーに	4
むりな	1
むるくとぉく	3
むるくとく	3
むるくどく	3
むるつめすく	4
むるてぃすとらーだ	6
むるてぃふろるむ	5
むるてぃぷら	3
むるでか	0
むるとかりなた	4
むるんとぅ	2
むれきさいど	4
むれきしど	3
むろず	1
むろもなぶ	3
むわったー	2
むわみ	1
むんぐ	1
むんご	1
むんじょんさん	3
むんてぃあくす	4
むんてら	0
むんでぃ	1
むんと	1
むんど	1
むんぷす	1
むーすりーぬ	4
むーだん	1
むーちゃす	1
むーばー	1
むーゔぁー	1
むーびんぐ	1
むーゔぃんぐ	1
むーぶ	1
むーゔ	1
むーべーどる	3
むーゔぇーどる	3
むーむー	3
むーらす	1
むーるてぃ	1
むーんふぇーす	4
むーんらいと	4
めあしゃむ	2
めあんだー	2
めいでん	1
めいぴん	1
めいふらわー	4
めいろん	1
めかせるみん	4
めかとろにくす	5
めかまにあ	3
めがこんぺてぃしょん	6
めがすとらくちゃー	5
めがそま	0
めがてりうむ	4
めがねうら	3
めがぷてら	3
めがむんてぃあくす	6
めがろないあす	4
めがろぽりす	4
めきしかぬす	4
めくしかぬす	4
めくすぃかぬす	4
めきしれちん	4
めきたじん	3
めきんてる	2
めぎら	1
めくろかろん	4
めくろるえたみん	6
めぐおーむきろめーとる	8
めこねさんす	2
めさくりれいと	5
めさくりれーと	5
めさどん	1
めさふぃりん	3
めさんぎうむ	4
めざにん	1
めしあにずむ	4
めしちる	1
めしゃん	1
めしる	1
めじあん	1
めじゃらー	1
めじゃーど	1
めじゅあめんと	2
めすかりん	0
めすしりんだー	4
めすちーそ	3
めすてぃーそ	3
めすてぃーさ	3
めすな	1
めすりん	1
めせた	1
めせな	1
めそ	0
めそあめりか	4
めそかるぶ	3
めそさうるす	3
めさとれきせーと	6
めそとれきせーと	6
めそどろじー	3
めそん	1
めぞちんと	3
めたくりえいと	5
めたくりえーと	5
めたくりる	2
めたあくりれーと	6
めたくりれーと	5
めたくりろにとりる	6
めたせこいあ	4
めたせんたー	3
めたぞしん	3
めたなーる	3
めたの	1
めたのあぜぴの	4
めたのいんでん	4
めたのふたらん	5
めたのーる	3
めたふぁ	1
めたふぁー	1
めたふぃじっくす	4
めたふぃじっく	4
めたふぃじーく	4
めたふぇにれんじあみん	8
めたふるみぞん	5
めたぼ	1
めたぼりずむ	4
めたぼりっく	4
めたみどほす	4
めたもるふぉしす	5
めたもるふぉせす	5
めたらいずど	3
めたらみのーる	5
めたり	1
めたりぜ	2
めたろせん	0
めたんふぇたみん	4
めだぜぱむ	3
めだりおん	2
めだいよん	2
めだりよん	2
めちえ	1
めちえー	1
めちおだいど	4
めちおにる	3
めちおにん	0
めちきせん	2
めちこん	1
めちしりん	0
めちぷりろん	4
めちまぞーる	4
めちらーと	3
めちらーる	3
めちりでん	2
めちる	1
めちーる	2
めちるあみのべんずあみど	10
めちるあるそん	4
めちるいおのん	4
めちるいそおきさぞーる	9
めちるいそきさぞーる	8
めちるいみだぞーる	7
めちるうれいど	5
めちるえちるぐるたるいみど	11
めちるえちるぐるたーるいみど	12
めちるえときし	5
めちるえるごりん	6
めちるおきせたん	6
めちるかるばみん	0
めちるかるばまーと	7
めちるかるばめーと	7
めちるかるばみる	6
めちるかるばもいる	7
めちるかるばもいるおきし	10
めちるかんひじにうむ	8
めちるかんふぃじにうむ	8
めちるしくろへきさのん	9
めちるしくろへきしる	7
めちるしくろぺんたじえにる	10
めちるじちおかるばみん	0
めちるじひどろもるひね	8
めちるじひどろもるひのん	10
めちるじめとん	4
めちるすちれん	4
めちるすぴろ	4
めちるするふぃにる	6
めちるするふいにる	6
めちるするほなーる	7
めちるちおえちりでんあみのおきしかるぼにる	19
めちるでそるふぃん	5
めちるとらんすふぇらーぜ	9
めちるどぱ	3
めちるぱらおちん	6
めちるひどらじのめちる	9
めちるぴぺらじにるぷろぴる	10
めちるぴぺらじの	6
めちるぴぺらじん	6
めちるぴぺりじにうむ	8
めちるぴぺりじりでん	7
めちるぴぺりじる	6
めちるぴぺりじん	5
めちるぴらじの	5
めちるぴらぞーる	6
めちるぴりじにうむ	7
めちるぴりじん	4
めちるぴりみじる	6
めちるぴろりじにうむ	8
めちるふぇにでーと	6
めちるふえにでーと	6
めちるふぇにるえーてる	7
めちるふぇねちる	4
めちるふぇねちるあみの	8
めちるふぇねちるあみん	8
めちるふぇのきし	5
めちるふえのきし	5
めちるふぇのーる	5
めちるふえのーる	5
めちるふらぼん	4
めちるぶちのーる	6
めちるぶちらみど	6
めちるぶちるあみど	7
めちるぶてのーる	6
めちるぶろみど	5
めちるぷれぐな	5
めちるぷれどにぞろん	8
めちるぷろぱ	4
めちるぷろぴおにる	7
めちるへぷたん	4
めちるへぷちる	4
めちるべんずあみど	7
めちるべんぞいるあみの	9
めちるほすほのふるおりど	10
めちるほるむあみど	7
めちるめるかぷたん	6
めちるめるかぷと	6
めちるめるくり	4
めちるもるひなん	6
めちるもるふぃなん	6
めちるもるほりにうむ	8
めちれん	1
めちれんしくろぺんちる	8
めちれんじあにりん	6
めちれんじおきしいそきのりん	12
めちれんじおきしぺんちる	9
めちれんじおきしめたんふぇたみん	9
めちれんぶちりる	5
めちろーる	3
めっしゅー	1
めっしー	1
めっせる	1
めっせんじゃ	3
めっちぇん	1
めてぃえ	1
めてお	1
めておら	0
めておりっと	4
めておろいど	4
めておーる	3
めてなみん	0
めでぃあすこーぷ	5
めでぃあらぼ	4
めでぃある	1
めでぃえーた	3
めでぃえーたー	3
めでぃけあ	3
めでぃけいど	3
めでぃけーど	3
めでぃしん	1
めでぃすん	1
めどさん	0
めでぃてぃしょん	3
めでぃてーしょん	3
めでとみじん	0
めでーりぃ	2
めでーりー	2
めときさじあぞん	5
めときし	0
めときしえたん	5
めときしえときし	6
めときししくろへきしる	8
めときししくろぺんちるおきし	12
めときしど	3
めときしふぇねちる	5
めときしふえねちる	5
めときしふぇのきし	6
めときしふえのきし	6
めときしふぇのちあじん	8
めときしふえのちあじん	8
めときしふるらん	5
めときしぷろぴおふぇのん	9
めときしぷろぴおふえのん	9
めときしべんずあにりど	9
めときしべんずあみど	8
めときしべんぜん	5
めとくろぷらみど	6
めとさるふぇいと	5
めとさるふえいと	5
めとするふぁーと	5
めととれきさーと	6
めとにみー	3
めとぷろろーる	5
めとへもぐろびん	0
めとほるみん	0
めとぽん	1
めそみる	1
めとみる	1
めとらくろーる	5
めとりか	2
めとりくす	3
めとりっくす	3
めとりっく	3
めとりぶじん	4
めとろいど	3
めとろにだぞーる	6
めとろぽりす	4
めとろぽーる	4
めとろーむ	3
めどろきしぷろげすてろん	10
めどろーさ	3
めどう	1
めどー	1
めなきのん	3
めなす	1
めなみん	1
めなー	1
めにすかす	2
めにぃ	1
めにー	1
みにゅえっと	1
めにゅえっと	1
めぬえっと	1
めねでーる	3
めの	1
めーの	1
めのす	1
めばろちん	0
めばろのらくとん	5
めびかいん	3
めびんほす	2
めぴちおすたん	4
めぴばかいん	4
めぴりぞーる	4
めふぇなむ	1
めふぇねしん	0
めふぇのれくす	4
めふろきん	0
めぷりるかいん	5
めぷろじん	0
めぷろにる	3
めへてるはーね	5
めぺんぞらーと	5
めぺんぞれーと	5
めめっくす	2
めめんと	1
めもらびりあ	4
めもらんだむ	3
めもあーる	3
めもわーる	3
めらぞーま	3
めらのいじん	3
めらのぐらんむす	5
めらのけふぁるす	5
めらのけりゅす	4
めらのそーむ	4
めらのぷす	3
めらのーま	3
めらみん	1
めらんこりあ	4
めらんこりや	4
めらんち	2
めりくり	0
めりすま	2
めりっく	1
めりでぃおなる	4
めりとくらしー	5
めりとらせん	0
めりの	1
めりやす	1
めりらいと	3
めりりあ	2
めりろーと	3
めりい	1
めるかば	0
めるかぷたん	3
めるかぷと	3
めるかぷとえたんするほん	9
めるかぷとえちる	6
めるかぷとぷりん	6
めるかぷとべんぞちあぞーる	11
めるかんてる	3
めるかーど	3
めるくまーる	4
めるすぃ	1
めるすもん	2
めるてぃんぐ	0
めるてぃ	1
めるてぃー	1
めると	1
めるとだうん	4
めるとん	1
めるばう	1
めるぱう	1
めるふぁらん	3
めるふあらん	3
めるぶら	0
めるべいゆ	3
めるべいゆーず	3
めるゔぇぃゅーず	3
めるゔぇいゆ	3
めるるーさ	3
めるろー	1
めれりる	1
めろきしかむ	3
めろぞいと	3
めろぞいど	3
めろでぃあす	3
めろでぃっく	3
めろとろん	3
めんけす	1
めんしぇびき	3
めんしぇゔぃき	3
めんすとるえーしょん	6
めんぜす	1
めんそれーたむ	4
めんたぐろふぃてす	6
めんたぐろふぃです	6
めんたむ	0
めんたりてぃ	3
めんたりてぃー	3
めんたりんぐ	0
めんたー	1
めんて	1
めんてぃ	1
めんてぃー	1
めんでぃんぐ	0
めんでりずむ	4
めんでれびうむ	5
めんそーる	3
めんとーる	3
めんばめ	0
めんばーしっぷ	5
めんひる	1
めんぶらなせうむ	6
めんぶれん	1
めいきゃっぷ	3
めーざ	1
めーざー	1
めいしゃん	1
めーしゃん	1
めーじゅど	1
めーす	1
めーそん	1
めいびー	1
めーびー	1
めいぷる	1
めーぷる	1
めーべ	1
めーゔぇ	1
めーむ	1
めーめ	1
めーるぼっくす	4
めーんすとりーむ	6
めいんする	2
めーんせーる	4
めーんふれーむ	5
めーんますと	4
もあい	1
もあな	1
もあび	1
もあれ	2
もいすちゃらいざー	5
もいすちゃあらいじんぐ	6
もいすちゃらいじんぐ	5
もいすちゃーらいじんぐ	6
もいすちゃ	1
もいすちゃあ	2
もいすちゃー	2
もいすちゅあ	1
もいすと	1
もいりぽ	0
もうちん	0
もうどん	1
もうらーなー	3
もおきは	0
もかしん	2
もきししりと	4
もきしふろきさしん	7
もさらべ	0
もざいかるちゃー	4
もざばぷたん	3
もしゅかられぷす	6
もしり	1
もじゅらす	1
もじゅら	0
もじゅらー	0
もでゅらー	1
もじゅれーてっど	3
もじゅれーと	3
もじゅろーる	3
もすくす	1
もすくびちゃーにん	5
もすくゔぃちゃーにん	5
もすと	1
もーすと	1
もそおい	0
もだくりる	3
もだにぜーしょん	4
もだにてぃ	2
もだにてぃー	2
もだふぃにる	3
もだふいにる	3
もだりてぃ	2
もちべーと	3
もちゅーる	2
もっきんぐばーど	6
もっく	1
もっこ	1
もっさ	1
もっしゅ	1
もっそ	1
もっぶ	1
もぶ	1
もでぃふぁいあー	3
もでぃふぁいや	3
もでぃふぁいど	1
もでっくす	2
もでゅーろ	2
もでら	0
もでらー	0
もでらーず	1
もでらーと	3
もでりすと	3
もでるにすも	4
もでるぬ	2
もでれーたー	3
もでれーと	3
もとくろす	3
もとくろっさー	4
もとりー	1
もとろ	1
もどぅ	1
もなざいと	3
もなず	1
もなど	1
もなどろじー	3
もなるこまき	4
もなーきー	2
もなーく	2
もにゅまん	1
もにりあ	2
もねり	1
もねる	1
ものあみん	0
ものえたのーるあみん	8
ものかいん	3
ものかるちゃー	3
ものがみー	2
ものきゅらー	2
ものくる	1
ものくろとほす	5
ものくろなーる	5
ものくろーなる	4
ものくろーむ	4
ものぐらふぃ	3
ものぐらふぃー	3
ものこっく	3
ものこーど	3
ものさいとげねす	6
ものしらん	2
ものせっくす	3
ものそみー	2
ものたいぷ	3
ものちす	1
ものでぃ	1
ものでぃー	1
ものどらま	3
ものどん	2
ものぱるす	3
ものふぇーじっく	3
ものふるおーる	5
ものほにっく	4
ものほにつく	4
ものほん	0
ものぽりー	2
ものぽーらー	3
ものぽーる	3
ものまにあ	3
ものめちるあみん	6
ものりしっく	4
ものりす	1
ものろーぐ	3
ものんくす	2
もばいらー	2
もばいらーず	2
もばらけ	0
もばーど	2
もひーと	2
もびらーと	3
もびりあ	2
もびりえ	2
もびりぜーしょん	4
もびー	1
もふぇぞらく	3
もふえぞらく	3
もふぇちる	1
もふえちる	1
もぺっど	2
もぼ	1
もめたぞん	3
もめんたむ	2
もらきせら	3
もらしず	1
もらせす	1
もらみど	2
もらりすと	3
もらりちー	2
もらりてぃー	2
もりすこ	2
もりなーら	3
もりーゆ	2
もるあ	1
もるぐ	1
もるげんろーと	5
もるせら	0
もるたでっら	4
もるたでら	3
もるだ	1
もるだしょーい	4
もるだー	1
もるでんと	1
もるとぅおす	3
もるびり	0
もるふぃうむ	3
もるふぃずむ	3
もるひなん	0
もるふぃなん	0
もるふいなん	0
もるふぇりじん	4
もるふぇー	1
もるふぉ	1
もるふぉげん	3
もるほりにる	4
もるふぉりの	3
もるふおりの	3
もるほりの	3
もるふぉりのえちる	5
もるほりのえちる	5
もるほりのかるぼにる	8
もるほりのかるぼにるあみの	11
もるふぉりん	0
もるふおりん	0
もるほりん	0
もるほろじー	3
もるもっと	3
もるもつと	3
もるもーねん	3
もれきゅーる	3
もれす	1
もーれす	1
もれにあ	2
もれの	1
もれーな	2
もれーん	2
もろかん	0
もろね	0
もろへいや	3
もわんぬ	2
もんえぼ	0
もんきい	1
もんきー	1
もんくすふーど	5
もんごりあん	3
もんごろいど	4
もんごろんど	4
もんしにょーる	4
もんせにょーる	4
もんじょわ	0
もんすーん	3
もんてぃ	1
もんでぃある	3
もんでっくす	3
もんとぶっれっちゃ	6
もんとぶれちあ	5
もんどー	1
もんにえり	3
もんもりろないと	6
もんれっさうん	5
もーがす	1
もーくしゃ	1
もーぐらー	1
もーぐる	1
もあげーじ	3
もーげーじ	3
もーたりぜいしょん	5
もーたりぜーしょん	5
もーたーりぜーしょん	6
もーたーかー	3
もーたーばいく	5
もーだ	1
もーてぃぶ	1
もーていぶ	1
もーでぃあえ	3
もーでっど	1
もーとーれん	3
もーにんがー	3
もーびっつ	1
もーふぃんぐ	0
もるふぃむ	1
もーふぃーむ	3
もーぶ	1
もーゔ	1
もーべいん	3
もーべんす	1
もーらっく	1
もーるすきん	5
もーるでぃんぐ	1
もーるでっど	4
もーるでつど	4
もーるど	1
やいさまねな	4
やうもう	0
やうるーま	3
やくしまえ	3
やくと	1
やじにゃ	1
やこびあん	2
やさーく	2
やしゃ	1
やしゃー	1
やじゅる	1
やすす	1
やっけ	1
やなん	1
やばにくす	3
やゔぁにくす	3
やばにー	1
やばーしゅ	2
やびやお	0
やふぶろ	0
やぷー	2
やぼらんじ	3
やぽにくす	3
やぽねしあ	3
やぽねんしす	3
やぽねんすぃす	3
やぽんすきー	5
やむたれー	3
やむちゃ	2
やむぬあ	0
やらっぱ	2
やらつぱ	2
やるだん	1
やろびざーちゃ	4
やんがー	1
やんがーす	1
やんすた	0
やんちょ	1
やんちん	0
やんにょん	1
やんまおつ	3
やんまま	0
やーくとぱんたー	5
やーこん	1
やーざーがー	0
やーでん	1
やーどすてぃっく	5
やーばー	1
やーま	1
やーれすつぁいてん	5
ゆあんやん	2
ゆあーず	1
ゆうぃぴ	1
ゆうろぴうむ	4
ゆが	1
ゆぐどらしる	4
ゆぐのー	1
ゆすと	1
ゆっけ	1
ゆないてぃんぐ	2
ゆないと	2
ゆなにみすむ	4
ゆにおれす	3
ゆにぐらむ	1
ゆにこーど	3
ゆにこーん	3
ゆにこーんず	3
ゆにせっくす	3
ゆにたり	1
ゆにたりー	1
ゆにてりあん	3
ゆにでぃっく	1
ゆにばーさりすと	6
ゆにゔぁーさりすと	6
ゆにばーさりてぃー	5
ゆにばーしあーど	6
ゆにふぁい	0
ゆにふぁいど	1
ゆにふぉ	1
ゆにふぉーみてぃ	3
ゆにふぉーみてぃー	3
ゆにふろーら	4
ゆにほーむりー	3
ゆにーくねす	2
ゆぬ	1
ゆびきちん	0
ゆびきのん	2
ゆびこんぷ	3
ゆべんとす	2
ゆゔぇんとす	2
ゆぽ	1
ゆまん	1
ゆめーぬ	2
ゆりあ	1
えうれか	0
ゆりいか	2
ゆるた	1
ゆると	1
ゆんかー	1
ゆんぐふろいりっひかいと	10
ゆんぐふろいりひかいと	9
ゆんけるとむ	3
ゆんげん	1
ゆんぬ	1
ゆんのり	0
ゆーかり	0
ゆーかりすと	4
ゆーかりぷとーる	6
ゆーぐれな	3
ゆーげんと	1
ゆーげんとしゅてぃーる	7
ゆーげんとすてぃーる	7
ゆーさねいじあ	4
ゆーざびりてぃ	4
ゆーざびりてぃー	4
ゆーざんす	1
ゆーじぇにっくす	4
ゆーじおめーたー	5
ゆーでぃおめーたー	5
ゆーじのーる	4
ゆーじゅある	1
ゆーせーじ	3
ゆうちゃお	1
ゆーちゃお	1
ゆーちゃりす	3
ゆーてるす	1
ゆーで	1
ゆとーぴあにずむ	6
ゆーとぴあにずむ	6
ゆーとぴあん	3
ゆーとりぷちぇら	5
ゆーどりな	3
ゆーばー	1
ゆーふぇみずむ	4
ゆーふぉにあむ	4
ゆーふぉにうむ	4
ゆーふぉりあ	3
ゆーふぉるびあ	4
ゆーぷけっちゃ	4
ゆーべるめんしゅ	5
ゆーぽりふぁが	4
ゆーもりすと	4
ゆーりあーけおーた	6
ゆーりずみっくす	5
ゆーれいるぱす	6
ゆーれーるぱす	6
ゆーろこみゅにずむ	6
ゆーろぴうむ	4
ようじゃーかい	3
ようぱん	1
ようるぷーろ	4
よじうむ	2
よじゅうむ	2
よじゅーむ	2
よってぃんぐ	0
よっど	1
よっほ	1
よに	1
よひんびん	2
よひんべ	2
よりく	1
よるむ	1
よんじん	1
よーうぃー	1
よーしん	1
よーじど	1
よーちん	0
よーでる	1
よじうむちんき	5
よーどちんき	4
よーどほるむ	4
よーにん	1
よーまん	1
よーまんりー	3
ゆーろぴあん	3
よーろっぴあん	5
よーろぴあん	3
らいあす	1
らいあてーる	4
らいあびりてぃ	4
らいあびりてぃー	4
らいおとろぴっく	6
らいくす	1
れーくす	1
らいくりーふっど	6
らいこぽでぃうむ	5
らいしあむ	3
らいして	0
らいしめーたー	4
らいてぃあ	1
らいてく	0
らいでんぐ	0
らいでん	1
らいともちーふ	5
らいともてぃーふ	5
らいなっく	1
らいなっくぐらふぃ	6
らいなっくぐらふぃー	6
らいにっしゃー	3
らいねけ	0
らいの	1
らいのうぃるす	4
らいのういるす	5
らいのたいぷ	4
らいひすたーく	5
らいひすまるく	5
らいふせいばー	4
らいふせーばー	4
らいぶねす	1
らいぶらりあん	4
らいぷしゅたんだるて	7
らいぽじ	0
らいむらいと	4
らいやっと	3
らいやっとわーりー	6
らいらっく	3
らいらー	1
らいんずまん	1
らいんばっかー	4
らううぇる	1
らうえる	1
らうおるふぃあ	4
らうおるふいあ	4
らうぜーた	3
らうたてぃえんとり	5
らうたーる	3
らうと	1
らうど	1
らうどすぴーかー	5
らうどねす	1
らうねっだ	3
らうべ	1
らうむ	1
らうりる	1
らうりん	1
らうれす	1
らうろいる	3
らうんだー	0
らうんち	0
らえしお	2
らえたろくそすけれす	8
らえつむ	1
らえりー	1
らえんねっく	4
らおたい	0
らおちゅー	2
らおばいしん	3
らがっつぁ	2
らがぬむ	0
らがー	1
らきそなりん	0
らきそべろん	4
らきに	1
らきにあた	3
らきや	1
らくしゃな	0
らくしー	1
らくすぱー	2
らくたまーぜ	4
らくたむ	1
らくたーぜ	3
らくちゅろーす	4
らくつろーす	4
らくちるふぇねちじん	7
らくちるふえねちじん	7
らくとぅか	2
らくとふぇりん	4
らくとふらびん	5
らくとん	1
らくとーす	3
らくな	1
らくろす	1
らくーん	2
らぐす	1
らぐじー	1
らぐたいむ	3
らぐどーる	3
らぐなろく	3
らぐらす	1
らぐらん	1
らぐらんじあん	3
らけっつ	2
らけってん	2
らけなりあ	3
らげでぃー	1
らげのりゅんくす	4
らこん	1
らごとりくす	4
らごぷす	2
らごるけすてす	4
らざーにゃ	2
らしおりぬす	4
らすぃおりぬす	4
らしじぴん	0
らしすむ	1
らしっくす	2
らしっと	2
らしゃ	1
らしょなりすと	4
らしょなりずむ	4
らじあす	1
らじあた	2
らじある	1
らじあーた	3
らじうむ	2
らぢうむ	2
らじえーしょん	3
らじおいむのあっせい	7
らじおくろまとぐらふぃー	8
らじおぐらふぃ	4
らじおぐらふぃー	4
らじおぞんで	4
らじかりすと	4
らじかりずむ	4
らでぃかりずむ	4
らじこん	0
らすかる	1
らすく	1
らすた	1
らすたふぁりあにずむ	7
らすたふぁりあん	4
らすてぃんぐ	0
らすてぃー	1
らすてっと	3
らすふれ	0
らすぼす	0
らすーる	2
らせみ	1
らせめーと	3
らせもすす	3
らたとぅいゆ	3
らたとぅーゆ	3
らたのぷろすと	5
らたん	1
らだー	1
らだりんぐ	0
らだーりんぐ	0
らちちゅーど	3
らっきんぐ	0
らつきんぐ	0
らっじど	1
らっそー	1
らったる	1
らだいと	2
らっだいつ	3
らっだいと	3
らっちぇばむ	1
らっぷあらうんど	5
らっぷとっぷ	4
らっぷれぜんたつぃおーね	9
らつぉ	1
らちす	1
らてぃす	1
らてぃふぉりあ	3
らてぃふんでぃあ	3
らてぃふんでぃうむ	5
らてぃーの	2
らてぃーる	2
らてっくす	2
らてつくす	2
らてぶら	2
らてらいと	3
らてらりぜーしょん	5
らてらる	1
らでぃあんす	1
らじあんと	3
らでぃあんと	3
らでぃかんす	1
らでぃっしゅ	1
らとぅー	2
らとそる	1
らとなーど	3
らとらぱんと	4
らとろでくとぅす	4
らどん	1
らなんきゅらす	4
らにうす	1
らにすた	2
らにちじん	0
らにびずまぶ	4
らにーにゃ	2
らぬん	1
らぬんくろいです	5
らのべ	0
らはまん	1
らばとり	0
らばとりー	1
らばりすと	3
らばる	1
らばん	1
らばんでぃん	2
らゔぁんでぃん	2
らばーぶ	2
らぱげりあ	3
らぱちにぶ	3
らぱろ	1
らびおり	0
らゔぃおり	0
らびごっと	3
らびさんば	3
らびっじ	1
らびりんす	1
らびん	1
らびんぐ	1
らゔぃん	1
らゔぃんぐ	1
らふぃあ	1
らふぃおれぴじす	4
らふぃど	1
らふぃん	1
らふぃね	1
らふぃーね	2
らふぇんて	2
らふちじん	3
らふてぃー	1
らふれしあ	3
らふれっしゅ	3
らふれつしゆ	3
らぶくろ	0
らぶじぇね	0
らぶでぃてぃす	3
らぶどしあのん	4
らぶばーど	3
らぶぱら	0
らぶほりっく	3
らぶらくす	3
らぷたー	1
らぷとる	1
らべいか	2
らべたろーる	4
らべぷらぞーる	5
らべらー	0
らべんさら	2
らべーら	2
らゔぇーら	2
らぺる	1
らぼな	1
らぼらんてぃーぬ	5
らぼーりす	2
らぼーろ	2
らゔぉーろ	2
らぽーと	2
らぽーる	2
りゃま	1
らまぴてくす	4
らまるきずむ	4
らみうむ	2
らみしーる	3
らみな	1
らみなる	1
らーみなる	1
らみにん	1
らみねーしょん	3
らみねーてっど	3
らみぶじん	0
らみん	1
らむすきん	3
らむのしど	3
らむふぉりんくす	4
らむりむ	1
らめとく	0
らもせとろん	3
らもとりぎん	4
らもとりじん	4
ららげ	1
ららばい	1
ららん	1
ららんぱ	2
らりあっと	3
らりっくす	2
らりんげある	4
らりんげる	2
らりんご	2
らるく	1
らるげっと	1
らるご	1
らるじゃん	1
らるぢやん	1
らるちざん	3
らるてぐらびる	4
らるとら	0
らるなっちゅ	3
らるりな	0
られんたんど	2
らろきしふぇん	3
らろにだーぜ	4
らわぷー	1
らんうぇー	3
らんうえー	1
らんえぼ	0
らんかー	1
らんがえりす	4
らんがーじゅ	3
らんぎー	1
らんぐすてぃーぬ	5
らんぐどしゃ	4
らんぐらうふ	4
らんぐーる	3
らんけおらた	4
らんこんとる	3
らんじ	0
らんじおろーる	5
らんすぺくとぅーる	6
らんせった	3
らんせっと	3
らんそぷらぞーる	5
らんそむ	1
らんたな	0
らんたにど	3
らんたのいど	4
らんだまいぜーしょん	6
らんだむねす	1
らんちゃー	1
らんちゃーず	1
らんちんぐ	0
らんてぃえ	1
らんですへる	4
らんでぶー	1
らんでゔぅ	1
らんでゔー	1
らんとぅ	1
らんどさっと	4
らんどすけーぷ	5
らんどなー	1
らんどまーく	4
らんどれーす	4
らんなうぇい	1
らんなばうと	4
らんばー	1
らんぶーたん	3
らんぷしぇーど	4
らんぷしりす	4
らんぷすぃりす	4
らんぺい	0
らんまー	1
らーが	1
らーけん	1
らーげ	1
らーげり	1
らーげる	1
らーじぷーと	4
らーじゃん	1
らーち	1
らーまーやな	3
らーむ	1
らーゆ	0
らーよ	1
らーん	1
りあくたんす	2
りあくてぃびてぃー	4
りあくてぃぶ	2
りあそーとめんと	3
りありている	4
りありているず	4
りあれんじめんと	3
りあーぜ	2
りいんふぉーす	4
りーいんふぉーす	5
りえすてる	3
りえぞん	1
りえっと	2
りえばりゅえーと	3
りえーぶる	2
りえーゔる	2
りえーる	2
りおふぃりぜーしょん	5
りおりえんていしょん	6
りおりえんてーしょん	6
りかおん	2
りかすて	2
りかっと	2
りかばんす	2
りがとーに	3
りがんど	2
りがーぜ	2
りきしゃー	1
りきてっくす	3
りきゃっぷ	2
りきゅーざる	2
りぎん	1
りぎんぐ	1
りくいでぃてぃー	2
りくしゃー	1
りくにす	1
りくらいにんぐ	3
りくらいんぐ	3
りくるーたー	0
りくるーとめんと	3
りくわいあー	3
りくわいあーど	3
りくわいやーど	3
りぐ	1
りぐなん	1
りぐにん	1
りぐれっしょん	3
りぐれっと	1
りぐろいん	3
りけっちあ	2
りけのすとむす	5
りこった	2
りこねっさんす	3
りこぴん	1
りこぺん	1
りこめ	0
りこめんでーしょん	5
りこめんど	3
れこめんど	3
りこりす	1
りこんすとらくしょん	6
りこーす	2
りこーん	2
りごりすと	3
りごりずむ	3
りさいくらー	2
りさいくりんぐ	2
りさもーる	3
りさんと	2
りさんぷりんぐ	2
りさんぷる	2
りさーじ	2
りざべん	0
りざらすと	3
りざーば	2
りしぇす	1
りしぇーぷ	2
りしのーる	3
りしる	1
りじる	1
りじぇねれーしょん	4
れぜねれいしよん	4
りじぇねれいと	4
りじぇねれーと	4
りじっと	1
りじゅぶねいと	4
りじゃびゅねーしょん	4
りじゅべねいしょん	4
りじゅべねーしょん	4
りじゅゔぇねいしょん	4
りじょい	2
りすけ	0
りすけじゅーりんぐ	4
りすけじゅーる	4
りすてりあ	0
りすていとめんと	3
りすてーとめんと	3
りすとらくちゃりんぐ	4
りすとらくちゅありんぐ	4
りすとらくと	4
りすとらーだ	4
りすとりくしょん	4
りすとりくと	4
りすとれいんと	4
りすとろさうるす	5
りすなーず	1
りすぱだーる	4
りすぷろ	0
りすぺりどん	0
りすみー	1
りすりど	2
りすりん	0
りずみっく	3
りせうむ	2
りせえんぬ	3
りせっしょん	2
りせってぃんぐ	2
りせるば	2
りせるゔぁ	2
りせーる	2
りぜるぎん	0
りぜるぐ	2
りぜるば	2
りぜるゔぁ	2
りぜんぶる	2
りそ	1
りそすふぇあ	4
らいそぞーむ	4
りそそーむ	3
りそじるめんと	3
りそるじめんと	2
りぞかじ	0
りぞきしん	3
りぞくとにあ	4
りぞちーむ	3
りぞるばー	2
りぞーぷす	2
りぞーむ	2
りぞーる	2
りたいあど	2
りたいあめんと	2
りたりん	1
りたるだんど	2
りたーなる	2
りたーなー	2
りだいれくた	2
りだいれくたー	4
りだくしょん	2
りだんだんしー	4
りだんだんと	2
りちぇるかーれ	4
りちゃーじゃぶる	2
りっすん	1
りっちじぇんぬ	3
りっちねす	1
りっちゃー	1
りっぴー	1
りっぷれす	1
りつぇうむ	2
りつきさん	0
りつきしまぶ	4
りてらちゃー	2
りてらちゅゆる	2
りたらりー	1
りてらり	2
りてらりー	2
りてられい	2
りてれりー	1
りてらる	1
りてれーる	3
りてんしょん	2
りてーなー	2
りてーらー	2
りていりんぐ	2
りてーりんぐ	2
りている	2
りてーる	2
りーてーる	3
りでぃきゅらす	2
れでぃきゅらす	3
りとぅらーと	3
りとぅん	1
りそぐらふぃー	3
りとぐらふぃー	3
りとせあえ	3
りとどりん	3
りとなびる	3
りとぽん	1
りとます	0
りとみっく	3
りとも	1
りとらくしょん	3
りとらくたぶる	3
りとらくたー	3
りとらくてぃっとぅ	3
りとらくと	3
りとらりす	3
りとりーびんぐ	3
りとりーぶ	3
れとりーぶ	3
りとるねっろ	4
りとれいんど	3
りどかいん	3
りどみる	1
りなりあ	2
りなりる	1
りなろおーる	4
りなろーる	3
りなんしえーしょん	5
りにあっく	3
りにあらいざ	4
りにあらいざー	4
りにありてぃ	3
りにありてぃー	3
りにえ	1
りーにえ	1
りにゅばーじょん	3
りにゅろん	1
りねあめんた	4
りねぴてま	3
りねっじ	1
りねーじ	2
りねーじゅ	2
りのかっと	3
りのきゅふぁ	0
りのりうむ	3
りのりゅーむ	3
りのれん	2
りのろふす	3
りのーる	2
りはうす	2
りはぶ	1
りばいあさん	2
りばいさん	3
りゔぁいあさん	2
りゔぁいさん	3
ればいあさん	2
れびぃあたん	2
れびやたん	2
れびーあたん	2
れゔぁいあさん	2
りばいたらいず	5
りばいたる	2
りばいばりすと	5
りゔぁいゔぁりすと	5
りばたりあにずむ	6
りばたりあん	3
りばっち	2
りばっちんぐ	0
りばつちんぐ	0
りばっと	1
りばちー	1
りばてぃ	1
りばてぃー	1
りばーちい	2
りばーちー	2
りべるちー	2
りべるてぃ	2
りべるてい	2
りぼるちー	2
りゔあちー	1
りばのーる	3
りばびりん	0
りばぶる	1
りばらんしんぐ	3
りばりゅえーしょん	4
りばーし	2
りばーしぶる	2
りゔぁーしぶる	2
りばーじゅ	2
りばーにんぐ	2
りばーぶ	2
りばーぶれーしょん	5
りぱぶりか	3
りぱぶりかにずむ	6
りぱぶりかん	3
れぱぶりかん	3
れぷーぶりか	4
りぱぶりっく	2
りぱらめたらいず	4
りぱりす	1
りぱわりんぐ	0
りぱーぜ	2
りひと	1
りびじょにすと	4
りびじょん	2
りゔぃじょん	2
りびつむ	1
りびとぅむ	1
りびどー	1
りびな	1
りびーる	2
りゔぃーる	2
りびーるど	2
りぴおどーる	4
りぴどーしす	3
りふぁいなりー	2
りふぁいなんす	2
りふぁいなー	2
りふぁいにんぐ	2
りふぁいねす	2
りふぁいんど	2
りふぁいんめんと	2
りふぁらー	0
りふぁりんぐ	0
りふぁーりんぐ	2
りふぁんど	2
りふぁんぴしん	4
りふぁー	1
りふぃる	2
れふぃる	1
りふぃー	1
りふぉーまとりー	4
りふぉーみすと	4
りふぉーみんぐ	2
りほーみんぐ	2
りふぉーむど	2
りふぉーめーしょん	4
りふた	1
りふたー	1
りふてぃんぐ	0
りひゅーず	2
りふゅーず	2
りふれくしょん	3
りふれくしょんず	3
りふれくそろじ	5
りふれくそろじー	5
れふれっくそろじー	6
りふれくたー	3
れふれくたー	3
りふれくてぃんぐ	3
りふれくとろん	5
りふれっしゃー	3
りふれっしゅなー	3
りふれっしゅめんと	3
りふれいみんぐ	3
りふれーみんぐ	3
りふろー	1
りぶれっと	1
りぶろ	1
りぶーと	2
りぷなん	1
りぷらい	3
りぷりけーた	4
りぷりけーたー	4
りぷりぜんたてぃぶ	4
れぷりぜんたてぃぶ	4
りぷれぜんてーしょん	6
れぷりぜんてーしょん	6
りぷれっさー	3
れぷれっさー	3
りぷれいすめんと	3
りぷれーすめんと	3
りぷろだくしょん	4
りべった	2
りべったー	2
りべっと	2
りべつと	2
りべらしおん	3
りべらりすと	4
りべらりずむ	4
りべらーた	3
りべらーりす	3
りべり	1
りべるた	2
りべるたす	3
りべるたどーれす	5
りぶるてい	2
りべるてー	2
りべれーしょん	3
りべれいたー	3
りべれーたー	3
りべろ	1
りべんじゃー	2
りぺあらんす	2
りぺあ	2
りぺあー	2
りぷらんと	3
りぺらんと	3
りぼざいむ	3
りぼしる	1
りぼそーむ	3
りぼぞーむ	3
りぼぬくれおたいど	7
りぼふらびん	4
りぼるばー	2
りぼるゔぁー	2
りゔぉるゔぁー	2
れぼるばー	2
れゔぉるゔぁー	2
りぼるびんぐ	2
りぼーす	2
りぽいど	2
りぽきしげなーぜ	6
りぽじとり	2
りぽじとりー	2
りぽてす	1
りまそん	1
りまんでぃんぐ	0
りまーく	2
りまーくす	2
りみっくす	2
りみった	0
りみてーしょん	3
りみなりてぃ	3
りみなりてぃー	3
りむじん	1
りむじーね	3
りむのぺるな	4
りむーばる	2
りむーぶ	2
りめいにんぐ	2
りめっしんぐ	2
りめりっく	2
りめんばらんす	2
りめいかー	2
りめーかー	2
りもいすと	2
りもでりんぐ	2
りもでる	2
りもぬむ	1
りもねん	2
りものいど	3
りもんちぇっろ	4
れもんちぇっろ	4
りもーと	2
りもーね	2
りゃの	1
りゃのす	1
りゃん	1
りゃんばん	0
りやか	2
りやさす	1
りやーだ	2
りゅい	1
りゅくす	1
りゅとん	1
りゅんこぷした	4
りゅんこぷすぃた	4
りゅーかでんどろん	6
りゅーここりね	4
りゅーしすてぃっく	5
りゅーじゅ	1
りゅーちゅう	1
りゅーと	1
りゅーぷりん	0
りゅーぷろれりん	5
りゆーぷろれりん	5
りゅーべつぁーる	4
りゅーまん	0
りゆーざぶる	2
りょかたんべ	4
りらい	1
りらいあびりてぃー	5
りらいあぶる	2
りらいたぶる	2
りらいたー	2
りらくしんぐ	2
りらてぃぶ	1
りりしすと	3
りりしずむ	3
りりーさー	2
りりーばー	2
りりーゔぁー	2
りるぞーる	3
りるまざほん	0
りるーせんと	2
りればん	0
りれみと	0
りれんざ	2
りれいてぃっど	2
りれーてっど	2
りろけーしょん	3
りろーでっど	2
りわーど	2
りんかーんず	3
りんがら	0
りんきんぐ	0
りんぎんぐ	1
りゅんくす	1
りんくる	1
りんくるろじすと	6
りんぐいすてぃくす	4
りんぐいすてぃっく	3
りんぐしゅとらーせ	6
りんげる	1
りんしーど	3
りんでん	1
りんでんばうむ	5
りんどる	1
りんにゅ	1
りんふぉかいん	4
りむふぉさいと	1
りんぷ	1
りんぷる	1
りんほかいん	4
りんぼ	1
りんぼー	1
りんぽしぇ	1
りんぽちぇ	0
りーき	1
りーけーじ	3
りーこん	1
りーこんどー	3
りーご	1
りーさる	1
りーしゅ	1
りーしんぐ	0
りーじぇんしー	3
りーじぇんと	1
れじぇんと	1
れじえんと	1
りーじょなりずむ	5
りーじょなりてぃー	4
りーじょなる	1
りーじょん	1
りーすと	1
りーずん	1
りーぞん	1
りーぜんと	1
りーだびりてぃ	4
りーだびりてぃー	4
りーでぃんぐ	1
りーでぃんぐす	1
りーなす	1
りーびんぐ	0
りーゔぃんぐ	0
りーふで	0
りーぶる	1
りーぷふろっぐ	5
りーべ	1
りーぼっく	1
るあー	1
るいさいと	3
るいしあ	1
るいべ	1
るいぼす	1
るいゆ	1
るいーず	2
るおーた	2
るおーて	2
るがる	1
るがーる	2
るきおぺるか	4
るごーる	2
るさすか	2
るしのーる	3
るしふぇらーぜ	4
るしふぇりん	0
るしーだ	2
るじあだ	0
るじおみーる	4
るじおん	1
るすてぃか	0
るすてぃかーな	4
るすてぃくす	3
るすてぃこら	3
るたばが	0
るだす	1
るちゃ	1
るちる	1
るちん	1
るっきん	1
るっくあっぷ	4
るっこら	0
るてあ	1
るていん	2
るてうむ	2
るておすかいりん	5
るておりん	0
りゅてなん	1
りゅーとなん	1
るてな	1
るてなん	2
るてにうむ	3
るでくろす	3
るとしど	2
るとらーる	3
るどべきあ	3
るなてぃっく	3
るなりあ	2
るばいやーと	4
るばーしか	2
るぱしか	2
るばーいい	2
るばーと	2
るばーぶ	2
るーばーぶ	3
るび	1
るびじうむ	3
るびすこ	2
るぴあーる	3
るぴなす	1
るふぃぽごん	3
るふらむ	1
るふりゅ	1
るぶらむ	1
るぶるむ	2
るぷりん	1
るぷれざんたしおん	6
るぷろん	1
るべっせんす	2
るぼわーる	3
るゔぉわーる	3
るぽいど	2
るぽぜ	1
るみえーる	3
るみなんすきー	3
るみねせんす	3
るみのそ	0
るみのほあ	3
るみのーる	3
るみふろん	3
るりっど	1
るるべ	1
るるゔぇ	1
るれーぶ	2
るんげ	1
るんば	1
るんばん	1
るんばーる	3
るんぴあ	1
るんぷろ	0
るんぺん	1
るーさん	1
るーすと	1
るーすん	1
るーせんと	1
るーてぃんぐ	0
るーでぃめんと	1
るーでんす	1
るーど	1
るーばー	1
るーぴん	1
るーふぃんぐ	1
るーふいんぐ	1
るーぷす	1
るーぷど	1
るーぷる	1
るーみー	1
るーむめいと	4
るーむめーと	4
るーもあ	1
るーら	1
るーらる	1
るーらー	1
るーるぶっく	4
れいおとりくす	5
れいおふ	3
れぜー	1
れいずど	1
れいぜふぇあ	3
れいびおでんたる	5
れいぴあ	1
れぴあ	1
れいや	1
れいやーど	3
れいよにすむ	4
れいろー	1
れいんはるどてぃうす	7
れうこけふぁるす	5
れうこげにゅす	4
れうこぱれいあ	5
れうこぴゅが	3
れうこぷさる	4
れうこぷてら	4
れうこみゅすたくす	6
れうむ	1
れえべすい	1
れえゔぇすぃ	1
れおすたっと	4
れおたーど	3
れおのちす	3
れおぱるどぅす	3
れおぱーど	3
れおーね	2
れがりあ	2
れがりす	1
れがーと	2
れきおす	1
れきそたん	0
れきっぷ	2
れぎおん	1
れぎゅらりてぃー	3
れぎゅれたりー	3
れぎゅらしおん	4
れぎゅれーしょん	3
れぎゅれたー	3
れぎゅれーた	3
れぎゅれーたー	3
れくえるど	3
れくすとれーむ	5
れくたんぎゅらー	3
れくちゅーる	3
れくちん	1
れくととーん	4
れくるさ	2
れくれ	1
れぐね	1
れーぐねっ	1
れぐほん	1
れぐほーん	3
れぐみん	1
れぐーる	2
れげいん	2
れこぐないざー	4
れこにんぐ	1
れこんきすた	4
れこーだぶる	2
れごー	1
れざぼあ	0
れしぇんて	2
れいしお	1
れしお	1
れーしお	1
れしちん	1
れすちん	1
れしてーしょん	3
れしでゅー	1
れしぷろ	0
りしぷろしてぃー	5
れしぷろしてぃー	5
れしめとーる	4
れしーと	2
れしーば	2
れしーばー	2
れじあす	1
れじぇんず	1
れじぇんど	2
れじえれめんて	5
れじすたん	2
れじすたんと	2
れじすとらー	3
れじすとれーしょん	5
れじちめーしょん	4
れじてぃめーしょん	4
れじでんしゃる	3
れじでんす	1
れじでんと	1
れじのいど	3
れじめん	0
れじめんたる	3
れじめんてーしょん	5
りじゅーむ	2
れじゅーむ	2
れじおん	1
れじょん	1
れじん	1
れすか	1
れすたみん	0
れすてんぐ	3
れすとあ	1
れすとれいしょん	4
れすとれーしょん	4
れすとれいなー	4
れすとれーなー	4
れすぱいと	3
れすぴそむのぐらふ	7
れすぴらとりー	4
れすぴれーたー	4
りすぽんしびりてぃ	6
りすぽんしびりてぃー	6
れすぽんしびりてぃー	6
れすぽんしぶる	3
れすぽんしーず	3
れすぽんだ	3
れすぽんだー	3
れすりんぐ	1
れすれくしょん	3
れず	1
れずびあにずむ	5
れせこん	0
れせぷたくる	4
れせぷたー	2
れせるぱーと	4
れせるぴりん	4
れせるぴん	2
れぜこーる	3
れぞなんと	3
りぞりゅーしょん	3
れぞりゅーしょん	3
れそるしのーる	5
れぞるしのーる	5
れぞるしん	3
りたっち	2
れたっち	2
れたとりん	0
れたぶろ	0
れたぺぱ	0
れだま	1
れしたてぃーぶ	4
れちたてぃーぼ	4
れちたてぃーゔぉ	4
れちなーる	3
れちのいど	3
れちのいん	3
れちのーる	3
れっぐす	1
れっじゃーの	3
れっじーの	3
れっそにあ	3
れっちぇ	1
れっちり	0
れっつら	1
れってぃんぐ	0
れっぷ	1
れちきゅらーた	4
れてぃきゅらーた	4
れてにうむ	3
れでぃこみ	0
れでぃねす	1
れでぃーな	2
れとろうぃるす	4
れとろういるす	5
れとろげー	0
れとろすぺくてぃぶ	5
れとろぞーる	4
れとろふぃっと	4
れどぅぶるまん	3
れどっくす	2
れどるぱー	2
れなうん	2
れなしる	1
れなぱっく	3
れなら	1
れなんてら	2
れにうすくるす	5
れにうむ	2
れにゅうむ	2
れにゅーむ	2
れにん	1
ればみぴど	3
ればりっじ	3
ればれっじ	3
れゔぁりっじ	3
ればれっじど	3
れーばりっじど	4
ればんふぇたみん	5
ればーれ	2
れぱるす	1
れひと	1
れびじょにすと	4
れびれーと	3
れぴどけりゅす	4
れぴどしくりな	5
れぴゅてーしょん	3
りふぁれんだむ	3
れふぁれんだむ	3
れふぇたみん	0
れふぇりんぐ	1
れふぇりー	1
れふりー	1
れふぇれんと	1
れふてぃー	1
れふゅじー	2
れふるのみど	4
れふれっくす	3
れぷしー	1
れぷた	1
れぷたりあん	3
れぷちん	1
れぷとすぴら	4
れぷとせふぁるす	5
れぷとにゅくす	4
れぷとにゅこてす	4
れぷとん	1
れぷら	1
れぷりか	2
れぷりかんと	2
りぷりけーしょん	4
れぷりけーしょん	4
れぷりろいど	4
れぷん	1
れべにゅー	2
れべらー	0
れべるず	1
れべるど	0
れぺたん	1
れぺてぃしょん	2
れほるめるす	4
れぼとみん	0
れぼどぱ	0
れぼふろきさしん	5
れぼぶのろーる	5
れぼぶぴばかいん	6
れぼめたんふぇたみん	6
れぼめぷろまじん	6
れぼるふぁのーる	5
れぽまん	1
れぽみす	1
れぽーてぃんぐ	0
れみこん	0
れみにせんす	3
れみふぇんたにる	5
れみふえんたにる	5
れみんぐ	1
れみーら	2
れむず	1
れむにすけーと	5
れもにぃ	1
れもにー	1
れもねーど	3
れらちお	0
れりあ	1
れりや	1
れーりあ	1
れりがーれ	3
れりっく	2
れりばんす	1
れればんす	1
れるぱっくす	3
れるみたーじゅ	4
れれげれ	0
れんぐす	1
れんざー	1
れんたさいくる	4
れんたぶる	1
れんだら	0
れんだらー	1
れんだりんぐ	1
れんてん	0
れんてんまるく	5
れんでむ	1
れんとらー	1
れんどるみん	0
れんにん	1
れーうぃん	1
れーうぃんぞんで	5
れーえんだ	3
れーかり	1
れーがのみくす	5
れーがのみっくす	5
れいきんぐ	0
れーきんぐ	0
れーくさいと	4
れいくさいど	4
れーくさいど	4
れいしずむ	3
れーしずむ	3
れーずん	1
れーぜどらま	4
れぞん	1
れーぞん	1
れーちぇ	1
れーてっど	1
れいてんしー	3
れーてんしー	3
れーどる	1
れーどーむ	3
れーなび	0
れーぶる	1
れーゔる	1
れーべゔぉーる	4
れーべぼーる	4
れえべまん	1
れーべまん	1
れーべん	1
れーよん	1
れーりゅっけん	3
れいるど	1
れーるど	1
れーるむ	1
れいるろーど	4
れーるろーど	4
れーんこーと	4
ろいこ	1
ろいこじすとろふぃー	6
ろいこちとぞーん	6
ろいことりえん	4
ろいこぼりん	0
ろいこまいしん	4
ろいしる	1
ろいしん	1
ろいなーぜ	3
ろいまちす	3
ろうりゅ	1
ろえっくす	2
ろかいゆ	2
ろかえ	1
ろかひ	1
ろーかひ	1
ろかんだ	2
ろかーるほるく	5
ろがりずむ	3
ろがー	1
ろきさちじん	0
ろきそぷろふぇん	4
ろきそぷろふえん	4
ろきしたん	2
ろくしたん	2
ろくす	1
ろくすてるら	4
ろくそすけれす	5
ろくそぷす	3
ろぐうっど	3
ろけあ	1
ろけは	1
ろけーる	2
ろこいど	2
ろこもーしょん	3
ろごくらしー	3
ろごせらぴー	3
ろごてらぴー	3
ろごたいぷ	3
ろごぶら	0
ろざけあ	0
ろざんど	2
ろしーすかや	4
ろじうむ	2
ろーじうむ	3
ろーぢうむ	3
ろじすてぃく	4
ろじすてぃくす	4
ろじすてぃっく	4
ろじすてぃっくす	4
ろじすてっくす	4
ろじん	1
ろすたー	1
ろすちるでぃあな	5
ろすまりん	0
ろずまりん	3
ろせあ	1
ろぜ	1
ろぜうす	1
ろそっり	2
ろぞおーりお	2
ろぞーりお	2
ろたうぃるす	3
ろたういるす	4
ろたら	1
ろっくあうと	4
ろっくふぉるてぃ	4
ろっくん	1
ろっくんろーる	5
ろっくーん	3
ろっしぇる	1
ろつしえる	1
ろっじあ	1
ろっとわいらー	4
ろっほながー	4
ろてっれ	2
ろてのん	2
ろでゅるす	1
ろとすきるでぃ	4
ろとる	1
ろとんだ	2
ろとんど	2
ろどねさ	0
ろにょん	1
ろのっく	1
ろばきしん	0
ろばすとねす	2
ろびいんぐ	2
ろびーいんぐ	2
ろびーんぐ	2
ろぴなびる	3
ろぴにろーる	4
ろぴばかいん	4
ろふらぜぷ	3
ろぶすた	2
ろぶすとぅす	3
ろぷちゃ	1
ろぷらぞらむ	4
ろべりあ	2
ろべりん	1
ろべれにー	2
ろぺみん	1
ろぺらみど	3
ろぼてぃくす	3
ろぼろふすきー	4
ろまにー	1
ろまんさー	2
ろーまんさー	3
ろまんしゅ	2
ろまんちか	2
ろまんちしすと	5
ろまんちすと	4
ろまんてぃすと	4
ろまんちしずむ	5
ろまんちすむ	4
ろまんてぃしずむ	5
ろまんてぃすむ	4
ろーまんちしずむ	6
ろまんつぇ	2
ろまんつぇーろ	4
ろまんてぃかる	2
ろまんてぃける	4
ろまーな	2
ろまーの	2
ろらぜぱむ	3
ろらたじん	0
ろらめっと	3
ろらーず	1
ろらーど	2
ろりうむ	2
ろりこん	0
ろりご	1
ろりしくりじん	5
ろりす	1
ろりぽっぷ	3
ろるのきしかむ	4
ろるふぁー	1
ろるふぃんぐ	0
ろるめたぜぱむ	5
ろわ	1
ろあぞお	1
ろわぞ	1
ろんぎちゅーでぃなる	4
ろんぎぴんにす	4
ろんぎふぉりあ	4
ろんぎんぐ	1
ろんぐはうす	4
ろんぐへあ	4
ろんげすと	1
ろんさむ	1
ろんじー	1
ろんでぃにうむ	4
ろんでぃねっら	4
ろんでる	1
ろんどー	1
ろんねる	1
ろんばけ	0
ろんぱー	1
ろんぱーす	1
ろんふるまん	4
ろんぶー	0
ろんまふ	0
ろーい	1
ろーいんぐ	0
ろーえすと	1
ろーかす	1
ろーかすと	3
ろーからいざ	4
ろーからいざー	4
ろーからいぜーしょん	6
ろーかりずむ	4
ろーかりぜーしょん	5
ろーかりてぃ	3
ろーかりてぃー	3
ろーかーやた	3
ろーがんじょーし	5
ろーぐれ	1
ろーじぇ	1
ろーじー	1
ろーすたー	1
ろーずあにりん	4
ろーずうっど	4
ろーずひっぷ	4
ろーずんく	3
ろぜる	1
ろーぜる	1
ろーたす	1
ろーとす	1
ろーたりあん	3
ろーたり	1
ろーたりー	1
ろーた	1
ろーてぃ	1
ろーてく	0
ろーてっく	3
ろーじんぐ	0
ろーでぃー	1
ろーでりー	1
らおとる	1
ろーとる	0
ろーとれしょーず	5
ろどでんどろん	3
ろーどでんどろん	4
ろーどぴあ	3
ろーどわーく	4
ろーはいど	3
ろーぱー	1
ろーびじ	0
ろーびんぐ	0
ろーふぃんぐ	0
ろうぶらう	4
ろーぶろー	4
ろーめん	1
ろいやー	1
ろーやー	1
ろーらいず	3
ろーりー	1
ろうるぷらぐ	4
ろーるぷらぐ	4
ろーれる	1
ろーれんしうむ	5
ろーれんたいど	5
ろーろー	1
ろーんち	1
わいこん	0
わいなりー	1
わいふ	1
わいぶす	1
わいるどうっど	5
わいるどふらわー	6
わいんでぃんぐ	0
わいんど	1
わう	1
わかもれ	0
わくじょんじ	3
ばぐねりあん	3
わぐねりあん	3
ゔぁぐねりあん	3
わこびたーる	4
わごすちぐみん	4
わすぷ	1
わすまんにあ	3
ばせりん	0
わせりん	0
ゔぁせりん	0
わっかうし	3
わっきー	1
うぉっしゃ	1
うぉっしゃー	1
うおっしゃー	2
うおつしやー	2
わっしゃー	1
わっそ	1
わっど	1
わっはーびー	3
わっふる	1
わっぷ	1
わっぺん	1
わとらぱん	3
わなびー	1
ばーにっしゅ	1
わぴち	1
わふど	1
わむ	1
わむなーる	3
わやん	1
わらひーむ	3
わらびー	1
わらびーず	1
わらるー	1
うぁらんと	2
わらんと	2
わらーきん	2
わるがまい	3
わるがん	1
わるつ	1
わるでぃあぬむ	4
わるでぃい	1
わるでぃー	1
わるふぁりん	0
わるりくす	3
わるん	1
われっと	1
わろんが	2
わんせぐ	0
わんだほー	1
わんだりんぐ	1
わんだん	0
わんだーらんど	5
わんでるんぐ	1
わんど	1
わんなっぷ	3
わんぱむ	1
わんれん	0
わーかびりてぃ	4
わーかびりてぃー	4
わーくすてーしょん	5
わーくぶっく	4
わーげのふぃるむ	5
わーげん	1
わーでぃんぐ	0
わーどろーぶ	4
わーぴんぐ	0
わーふ	1
わーぶ	1
わーほり	0
わーむ	1
わーるふぇるわんとしゃふてん	9
わーろん	1
んぎあぼんが	4
んごま	1
んじょう	1
んでぃぼ	1
んばきは	0
んばらかだ	3
あいでん	1
あくせっさー	3
あだぷ	1
あっく	1
あっぱ	1
あばた	0
あんく	1
あんぐら	0
あんたい	0
いれいさー	2
いれーさー	2
かしあ	1
かぷらー	1
かるか	1
かれんと	1
がすと	1
きっぱー	1
くりえーしょんず	3
くーり	1
ぐらんす	2
ぐろーん	2
こんさ	1
ごんど	0
さるぜ	1
さんく	1
さーじ	1
さーじゅ	1
しすと	1
しょる	1
じゃら	1
すうぇい	2
すたんだー	2
すぷれやー	3
せぱれーた	3
せれくた	0
だいなー	1
だっち	1
だーま	1
ちま	1
ちーふ	1
てぃてぃ	1
ととぅーら	2
どじゃー	1
どりん	1
にっぱ	1
はいえな	0
ばとらーず	1
ばび	1
ばるさ	1
ばるな	1
ばんだ	1
ばーく	1
ぱいおに	0
ぱっかー	1
ぱれー	1
びーぶ	1
ふぁぶりか	2
ふぁんで	1
ふれーっ	2
ふろら	2
ぶろっこり	2
ぶろん	1
ぷらんなーず	2
ぷれすど	2
ぺな	1
ぺに	1
ぼきゃぶら	0
まーだ	1
まちゅ	1
まりんば	2
みりお	1
めさ	1
めでぃあん	1
めりー	1
めろす	1
らぐー	2
らっど	1
らんさー	1
らんじゅ	1
らーじゃ	1
りぽ	1
りんかー	1
りーぷ	1
るねっと	2
るーぴんぐ	0
れつぐ	1
れびす	1
れいんじゃー	1
れいんじゃーず	2
れんじゃーす	1
れーんじゃー	1
れんま	1
れいかーず	1
れーかーず	1
ろぜっと	1
ろあー	1
ろうあー	1
ろうわー	1
ろーあー	1
わんす	1
あもーる	1
あらいん	2
いすらみ	0
いんぐす	1
うんま	1
えすかれーた	4
えぴす	1
かぜ	0
かんべえ	0
くぉり	1
くれす	1
ぐらで	1
ぐらんぱ	2
ころにあ	2
こんせると	1
こんせーる	3
さうん	1
さんぷらー	1
しゅる	1
しらん	1
しりー	1
じぇん	1
じゃんくしょん	1
すうぇー	2
すくーた	0
すらつく	2
たーと	1
たーな	1
ちぇす	1
ちゅーんず	1
じょぼ	1
てと	1
でりか	1
とろる	1
どーぱ	1
なのてく	0
ねいゔぃ	1
のれ	1
はいど	1
ばーん	1
ばんぷ	1
ぱつしよん	1
ふぁくたーず	1
ふぃあー	1
ふぉうす	1
ふぉーす	1
ぶーしゅ	1
ぷろも	0
まいす	1
まかく	1
まとり	1
まるき	1
むーら	1
らき	1
らじゃー	1
らび	1
りーま	1
るせっと	2
るびい	1
れいじー	1
ろーて	1
あぐ	1
ありあ	1
いんにんぐ	1
いぺー	1
うぞ	1
うーろん	1
えすかる	1
おぷれ	1
さいこす	1
さてー	1
さふぁ	1
さーも	1
じゅす	1
じーにー	1
すふ	1
すらー	2
すりむす	1
すれっと	2
そーらー	1
だるめしあ	3
ちゃんぷ	1
つも	1
ときしん	1
なっしんぐ	1
ねっぷ	1
あびたしおん	4
ゔぁいぶ	1
ばらた	0
ふぁいやー	1
ふぁすな	1
ふぃろ	0
ふれい	1
ぶんと	1
ぷれみお	0
ぽにー	1
ぽーたーず	1
まとりっく	3
まりな	1
むに	1
めしや	1
めらのさいと	4
めるし	1
らめら	1
るふらん	1
れっぐ	1
れんとげん	0
あいと	1
あへ	1
えらんど	2
いんだすとり	3
うぃっと	1
がらご	1
きーま	1
くっす	1
くりえいしょん	3
しざる	1
さぽ	1
しやん	1
ちょあち	1
ちょるち	1
ちよあち	1
てくすと	1
でぃふぁれんと	1
とらいく	2
どれいん	2
どれーん	2
ぬーど	1
ねくたー	1
ばいろー	1
ばのん	1
ゔぁりえ	1
ゔぃゔぁん	1
びゅーあ	1
びゅーあー	1
びゅーわ	0
びゅーわー	1
ぶふ	1
ふゐろそふゐ	2
ふらうん	2
ぶーた	1
まそう	0
まちっく	1
まーん	1
りざーど	2
りのべーしょん	2
ろだ	1
わんだー	1
わーかーず	1
あび	1
あるべど	0
かふす	1
かりー	0
かーふ	1
ぐらっし	2
かひー	1
こっふぃー	1
こーふぃ	1
ごーす	1
すかぱん	0
せめん	0
とっく	1
にーど	1
ばーたー	1
ぱいん	1
ぱっしょん	1
ぱぱず	1
べあー	1
ぺいと	1
ほえー	2
まいほ	1
まーけ	1
みけらん	1
らいみんぐ	1
らばーず	1
らめ	1
りむばー	0
りむーばー	2
えばー	1
えゔぁー	1
おきし	1
かぶりお	2
かるす	1
くおり	1
ぐれいゔ	2
ぐれーぶ	2
けばぶ	1
じょる	1
すとらくちゃ	3
すとらくちゃー	3
せくしゅありて	4
ぞる	1
とらす	1
のか	1
のな	1
はると	1
ふぉれすた	2
ふろす	1
べじ	1
ゆーず	1
ろうろ	1
ろーぜ	1
ろっか	1
ろっち	1
ろぼ	1
あぞ	1
あとれ	1
あひ	1
いしゅー	1
くれーた	0
こすた	1
すらっく	2
そまり	1
ちぇんばー	1
てのおる	2
てのーる	2
でぃすと	1
でぼ	1
でゅー	1
ぱーま	1
ふぁーす	1
ぶらー	1
ゔーゔ	1
ぷらんた	0
べんち	1
ぺんしょーね	3
ぽら	1
まりーんず	2
らふと	1
りれーしょんず	2
るびー	1
ろいん	1
あうぇあ	2
いんたれすてぃんぐ	3
からふ	1
さりぃ	1
さりい	1
しとり	1
すぴーか	2
てとら	1
だらま	1
ねーむ	1
ばいれ	1
ばりえ	1
ばーでぃー	1
むにえ	1
らっかー	1
るーた	0
あいびー	1
あいゔぃー	1
あなり	1
あるでひど	3
いでー	1
かんぺ	0
かーぼ	1
きな	1
くあ	1
くみす	1
くらりー	1
ぐらふぃー	1
けーる	1
げんとう	0
こめでぃあ	2
こんてす	1
さりー	1
しえる	2
すとーりーず	2
てくにか	2
でぃーら	0
でぃーる	1
なっく	1
ねいび	1
ぱるば	1
ゔぃゔ	1
ふえんす	1
ふぉーくす	1
ぶえのす	1
るーぶ	1
れぞーる	2
あくさー	1
えも	1
かさ	1
きんぐ	1
くりすとばる	5
しぇむ	1
すこーと	2
せりー	1
たかた	0
ばいぶ	1
まめー	1
みしな	1
らんぶる	1
りせ	1
りっぱー	1
りーまー	1
ろわー	1
あすぺ	1
いぼ	1
くりえーしょん	3
しんぱ	1
しーいー	3
じゅえるず	1
ちぇんとろ	0
でぃぼ	1
なにー	1
ばとらー	1
びたーず	1
びばん	1
ぷろん	1
ぺろっ	1
あるばにあ	0
かるび	1
きたら	1
こふぃ	1
すお	1
せぱ	1
だふ	1
ととら	1
ふぃくしおん	1
ぷらと	1
べんど	1
ぼるふぃりん	0
もねら	1
るぼっくす	2
るーしー	1
ろっず	1
ありーす	2
えか	1
おんし	1
かぷら	1
きるず	1
くろろ	1
そなんと	1
そるべ	1
なおみ	0
ばらか	1
ふぁれ	1
ぶるか	1
ほわぃ	2
れいず	1
あんぐらーず	1
かくてき	0
かすた	1
きゅーる	1
くちん	1
しやべる	1
たます	1
とらすと	2
とりーと	2
どろす	1
ばーり	1
ぴーぷ	1
ふらふ	2
ぷろじぇ	1
まんご	1
まんさ	1
みすと	1
れいき	1
わーる	1
あんだー	1
いれーざー	2
ごろ	1
すとあーず	2
にゅーとら	0
はりん	1
ふろっぴ	2
ほーろー	0
りね	1
ろーち	1
あうた	0
からん	0
さぷらい	3
ずぃー	1
せんさす	1
たーじ	1
だふぉん	2
どりあ	1
なっと	1
ゔぁると	1
びーふ	1
ふぉぐ	1
ぼると	0
まいと	1
めろでぃ	1
らいがー	1
るーえ	1
れおん	1
れんじゃー	1
れーかー	1
がるた	1
ごめん	0
すくりー	1
たいと	1
なしょなるず	1
ふぁた	1
ふぃろそふぃ	2
ふれー	2
ぶぎ	1
ぽるのぐらふぃー	4
ぐれいぶ	2
こーしず	1
こーすぃず	1
さんど	1
でんて	1
ふぉろ	1
ぷれぜん	0
ゔぇが	1
またん	1
まにゅあー	1
みにうむ	1
らりー	1
あくせさ	1
ういっち	2
ういんぐす	2
おっぱ	1
きゃば	1
すぷれーやー	3
だだ	1
ちぇちぇ	1
とらんじすた	4
のあーる	2
へい	1
らすたー	1
りんたー	1
るんぜ	1
うぃんず	1
がな	1
しんこ	1
しぇま	1
とろふぃ	1
はんぐ	1
ふぃあ	1
ぶーぶ	1
ぷらむ	1
べつと	1
みりたり	1
むーん	1
ろーむ	1
うぉしゅ	1
がらむ	1
げれろねぐろ	4
すーと	1
ちゅーん	1
とらくた	2
ぷろーず	2
りあくた	2
りあくとる	2
いきあたり	0
ごじ	1
さんす	0
しょーす	1
しらいし	2
ちゃーん	1
なつと	1
びゅうてぃー	1
まんとる	1
らーど	1
ぐれいたー	2
どぱ	1
はんち	1
べるに	1
らんぐ	1
りありずむ	3
れありずむ	3
りにゅー	2
ろぶ	1
くお	1
すていん	2
にっさん	0
のわ	1
のーん	1
ばろめーた	3
ゔぃたる	1
ふこーす	2
ぽっぷ	1
らいあ	1
れっせ	4
いえっと	2
おむ	1
くらーい	2
くるる	1
ぶんがく	1
もーふ	1
らゔぁーず	1
るーく	1
あず	1
おーくす	1
くぃる	1
くいる	1
じーにょ	1
するす	1
ばらんさ	0
ふぇんす	1
まちゅあ	1
りんと	1
ぐらま	1
しーぷ	1
とーんず	1
なろー	1
はお	1
ばーぜ	1
ふぁいあー	1
ふろーら	2
らじゃ	1
こみゅ	1
とし	2
ふぁんく	1
ぶっくす	1
まりーな	2
やみ	2
あぽ	1
あんて	1
うぉんず	1
おーみ	1
おれす	1
かみん	1
さるも	1
ちょぼ	1
どくとる	1
どくたーず	1
ぱなそにっく	4
まーか	0
めっぞ	1
めっつぉ	1
ろーら	1
じゃぐ	1
すふぃあー	1
すふぇあ	1
たーとるず	1
ばーらた	1
ぶれぜ	2
ぺーぱーず	1
まはー	1
ゆす	1
けいぶ	1
くらっしぃ	2
さっと	1
じゃーん	1
じーに	1
べり	1
みーつ	1
あばんと	2
あゔぁんと	2
くとー	1
じぶり	1
すけっと	2
つくつく	0
りちゅある	1
ろーす	1
うの	1
くわす	0
でーじー	1
とろーる	2
のいち	1
ぴりん	1
ふぁすと	1
ぽとふー	1
ぽうち	1
りおんず	1
かんと	1
のゔぇる	1
ぼあ	1
らばーす	1
らゔぁーす	1
るーるず	1
れっく	1
こるとん	1
じーず	1
せいす	1
とらくしょん	2
なな	1
ばれえ	1
ぱお	1
むじか	1
えいちえむえむ	6
さいぷ	1
さんぷら	1
すくりゆ	1
ぬーゔぉ	1
ぽーたー	1
りきん	1
ほわい	2
すぱーず	1
せいけい	0
そーら	1
ちえいん	2
ちえん	2
ちえーん	2
ちょうさ	1
ふえみにずむ	3
ぶりーだ	0
だっと	1
うぇいと	0
ぐてぃ	1
たんぶん	0
はゔ	1
ぶーすた	1
まずる	2
りすこあ	3
いにんぐ	1
といす	1
といず	1
ひこー	0
ぷらも	1
まぁむ	1
まあむ	1
まーむ	1
まーるい	1
りぼん	1
すとらくと	3
せんぱ	1
どんぱち	1
ばると	1
ふぁっしょ	1
りんば	1
こんさる	0
どぅみ	1
ほくと	1
もーにん	1
えーぶい	3
くぃーんず	2
くいんす	2
くいんず	2
くいーんず	2
くうぃーん	2
くうぃーんず	2
くゐんす	2
くちる	1
ちゃーち	1
につさん	0
ねっとわーくす	4
ばれー	1
ゔー	1
ゆあ	1
いらんど	2
とぅれす	1
ばんふ	1
ぷれすと	2
ぽく	1
みのー	1
むじゃ	1
もーす	1
えすて	1
がーと	1
ぐりつど	2
けら	1
げば	0
さんとす	1
さんらいず	3
だましだまし	4
どれん	1
ばにー	1
らいど	1
あいでんてぃてぃ	3
おなか	0
ゔぁいぶれーた	4
ぷれーん	2
らーなーず	1
りたす	1
うおるく	2
じょろ	1
ふぉいあー	1
へりこ	1
べやさ	1
ぼうふう	3
ろまね	0
うおっしゅ	2
こじま	0
びゅあー	1
ぷく	1
べが	1
ぺぱん	1
みしよん	1
めむばー	1
めんばーず	1
ろき	1
いーさー	1
ぎゃらん	1
いこーる	2
きれい	1
でんぐ	1
えっくすおー	5
かうず	1
しぐねちゃ	1
びじゅ	1
ほーし	1
みち	1
てこんど	2
でるた	1
ぺなるてぃ	2
しあん	1
しだす	1
びゅすと	1
ほとんど	2
あにま	1
おれお	1
ごはん	1
はーれ	1
あっくあ	1
てくにーく	3
とりっっく	2
とりつく	2
ねいしょんず	1
ねーしょんず	1
びっち	1
まねーじゃ	2
ごた	1
じぶ	1
ふぁーざー	1
ぶりぢすとん	3
りむーば	2
れんだー	1
くりすちぁん	2
くりすちあん	2
くりすちやん	2
さんず	1
せりある	1
たけ	0
なむ	1
べあと	1
もーびれ	1
あどみ	0
ぐれいでぃ	2
こんでんさ	3
さーず	1
ぶらうざ	0
らまだーん	3
りゔぁー	1
こると	1
せるび	1
そにっくす	1
たいへい	0
ぷりずま	2
べるり	1
ぼーくー	1
いんでか	0
かばぶ	1
けーん	1
たんぶーる	3
たーぷ	1
ぱい	1
ふぇろー	1
へんな	1
もとろーら	3
いよ	1
えあろび	0
しんぐす	1
だっくす	1
にゅーす	1
ふぁくた	1
くーすくーす	4
のうん	1
あるもに	0
びゅーず	1
べび	1
ゔぇるに	1
むさ	1
ぐるー	2
ゔぉるた	1
かふ	1
くろりん	1
ぐれーたー	2
すとらくちゅあ	3
ばらっど	2
ばるらっど	3
まか	1
ちやん	1
らむず	1
かーぷ	1
くぉーた	2
しゅぎょう	0
ちゅうたい	0
ぱーてぃ	1
びたる	1
ふろー	2
べーかー	1
まよ	1
うぉっち	1
おーるだー	1
ぷふ	1
よーご	1
らすと	1
わいあー	0
あとる	1
うえあー	2
しぇーく	1
へるず	1
ゔぇんちゃー	1
もすく	1
りでぃむ	1
わいやー	0
たっき	1
なせる	1
ばぐず	1
ふぃふてぃー	1
まにゆあ	1
もぬめんと	1
りこぐにっしょん	4
いんたーふぇあ	5
うぇすと	1
きみ	1
げんば	0
さんぽっと	3
しょじょ	1
ぼーし	1
らべる	1
いんてり	0
きゃんでぃ	1
こんす	1
だび	1
てなー	1
とのー	1
ぱぱ	1
ふぁいや	1
もーたーず	1
りぴーた	0
りら	1
ちのぱん	0
とぅん	1
とりおーる	3
ぷるす	1
きおん	1
ぐるど	1
かうたう	0
こんぷ	1
どらっぐ	2
なちゅら	1
はいむ	1
ゔぁらえてぃ	2
ぴと	1
ぶりー	2
ちあー	1
ちあーず	1
ゆーえすじぇい	5
すかーる	2
とうよう	1
とれーず	2
ばーな	1
びで	1
りれーしょん	2
ろーじず	1
ろーずぃず	1
ろーぜす	1
ろーぜず	1
いん	1
こめでぃ	1
ふあーざー	1
ぷれいんす	2
りぷる	1
えいね	1
ふぉーと	1
ぺんしょん	1
せいきょう	0
はんぷ	1
ゔぃっく	1
ゔぇると	1
ろす	1
ろはす	1
こんて	1
すーる	1
ちの	1
てらー	1
とらくたあ	2
どみんご	2
もちろん	2
いんせんす	1
いーぶん	1
いーゔん	1
おくた	1
でりつく	2
ぶな	1
まんと	1
れお	1
しんさん	0
だーめ	0
どらま	1
なーん	1
はぁーい	1
ばなー	1
ふれいる	2
こうちょう	0
こくりつ	0
はーい	1
はぁい	1
ばいおろじ	3
きゅーぶ	1
こまんどー	2
さーま	1
ばらう	1
ゔぃる	1
あらすか	0
ぱらめーた	3
ぼうし	1
ゆうかい	0
おんに	1
ぎょうれつ	0
ぐーるど	1
しーえふ	3
もーとる	1
ひば	1
さまり	1
すぽっつ	2
あぁーざーず	1
ふぁざーず	1
ふぁーざーず	1
ふぁあざす	1
くらっしー	2
ぐーと	1
でいじー	1
のーべ	1
ゔぃふ	1
ぽっぷす	1
るーむす	1
るーむず	1
きでぃ	1
せーじ	1
つめ	2
てりや	1
らんど	1
らちん	0
いすらえる	3
いやーず	1
ちゅーな	0
とーなー	1
もびる	0
もーばいる	3
もーびる	1
めりけん	0
おんな	3
かどぅ	1
きやりやー	1
ふぉあ	1
えくすて	0
がつ	1
しょーじき	3
だいおう	3
りあす	1
はーりふぁ	1
ほるん	1
あめりかんず	2
ぐらーど	2
さいだー	1
とくべつ	0
どなー	1
みお	1
すくりむ	1
めた	1
れーず	1
いりま	1
きゅう	0
ぴにおん	1
ぼた	1
めーら	0
りっつ	1
こか	1
ふぃら	1
いであ	1
きゃによん	1
すかーと	2
だーる	1
ぱぶ	1
うぇーと	0
くらり	1
さると	1
しっぷす	1
ばや	1
ぴった	1
みょう	1
らっせる	1
れーむ	1
かいほー	1
きゃりー	1
ちおーる	2
えすと	1
ぐれいす	2
ごーるどまん	1
さとう	1
ぱらーつ	2
びじょんず	1
びじよん	1
ゔぃじょんず	1
こんぱ	1
さいこ	1
なるこ	0
ふぉーず	1
しなもん	1
ふいんらんど	1
ふひんらんど	1
わーと	0
あふたー	1
しんは	1
てぃーえーしー	5
ぶつく	1
ええとー	0
ふぇみにずむ	3
ぶるーす	2
ぷれーす	2
れーき	1
うーど	1
せきゅりて	2
たきしー	1
ふいる	2
ふぉにー	1
へんたい	0
むーる	1
かーぺんたーず	3
せろ	1
ごてんば	0
のーる	1
べんちゃー	1
かいけい	0
たーら	1
けーぶ	1
ぢい	1
ぷろふぁい	0
なかむら	0
ぼいら	1
りざ	1
りぐー	1
あくさ	1
とれー	2
しゃは	1
ないんてぃーん	4
ぼーだふぉん	1
どれっさ	2
ふぁいん	1
かっこー	1
ばんじょー	1
まんず	1
にあー	1
びたー	1
るーぷ	1
れっさー	0
きょーだい	1
そっか	1
なかた	0
まな	1
あいこんす	3
あいこんず	1
せんとろ	0
てーぷ	1
まろう	1
あゔぁん	1
じゅえる	1
ふぁくつ	1
ふえろ	1
りーぐ	1
からから	0
ふも	1
かるぴ	1
ぐらはむず	1
すのお	2
とっぷす	0
べっと	1
ぼーんず	1
かなりあ	0
しぇるぱ	1
じゃる	1
とーよー	1
きゃっち	1
すたんす	2
でぃば	1
にぐろ	1
ふぉーくらんど	1
ふらりおん	2
わけ	1
おぶざーば	3
ぐりっど	2
べんず	1
ぽるふぃりん	0
よぎ	1
おらんだ	0
しょお	1
なっくる	1
えゔぁ	1
きろかろりー	3
きーぱー	1
らっと	1
ぬーぼ	1
ぷらいず	2
りふれ	1
かぶず	1
みつばち	2
かぶす	1
にゅーろ	1
ふぃくしょん	1
りんど	1
あふた	1
くろん	1
しゅり	1
いんてる	1
きやのん	1
ぐれーぷ	2
さいぱん	1
ぜんぜん	0
との	1
ふらっぐ	2
おぶ	0
げいと	1
じーいー	3
なつつ	1
ふぉーてぃー	3
りーぶ	1
ごっど	1
そぷらの	0
ぽじ	1
えご	1
しゃるる	1
ぜく	1
とぅるーす	2
ちゅーる	1
どま	1
まつち	1
もが	1
らいと	1
あれー	1
くりーと	2
しょう	1
ゔぁーぐ	1
ゆにちか	2
れいたー	1
あふぃり	1
けーたい	0
せーら	1
とんど	1
えころぱーつ	4
くれーる	2
ぱるか	1
ふんと	1
るーん	1
えーりっひ	3
かると	1
ふらっしゅばっく	5
きい	1
きやりあ	1
むらいと	2
いせ	1
ほてい	0
りこ	1
れいんぼ	2
じぱんぐ	2
ちるど	1
まどりーど	3
あんしん	0
おらん	1
ぎる	1
しーじーあい	5
ふいーるど	0
この	0
こみゅにてぃ	2
じゃぽん	2
とれーさびりてぃ	5
ふろりだ	0
みでぃ	1
りりーず	1
あんぐらー	1
ふぃれー	1
ふぉっぐ	1
みんす	1
うりん	1
おりこん	0
しょぞく	0
ぶろっけん	2
ろいやるてぃ	3
ちぱんごー	2
じゃーぱーん	3
はぽん	2
やぽん	2
だうんず	1
みなーる	2
とりっく	2
しーでぃー	3
そい	1
こうりゅう	0
じはど	1
どいちぇ	1
うえがん	2
みずの	1
よーど	1
りありてぃ	2
ろぐ	1
くおー	1
けいたい	0
ごす	1
ちもーる	2
ふぁくとり	1
やーん	1
ろり	1
あろ	1
しやか	1
えんたー	1
けーたぃ	0
もんはん	0
にーず	1
ばいぶれーた	4
ぽんど	1
あるみ	0
まいすたー	1
りばー	1
ずー	1
たいがーかふぇ	5
だっく	1
なつ	2
れんす	1
あいち	1
へり	1
かねはら	2
なんじゃ	1
びやん	1
めんた	1
るーまにあ	0
かっぷらー	1
たーれ	1
ゔぃーな	1
れんぢ	1
むい	1
じんがー	1
どらいあ	0
あいでぃー	3
かろる	1
くーぱ	1
はなやま	0
らんさ	1
じんせん	1
さんざん	0
すたんふぉーど	4
ちくでん	0
ふらぼのいど	4
ふとん	0
ぼるた	1
ぱふず	1
ふぃーる	1
わいと	1
かるた	1
べんちゃーず	1
ますたーず	1
けあーん	2
せわ	2
だすきん	1
べーかーず	1
せんだつ	0
めりっと	1
がざ	1
びーつ	1
でぃれくた	2
ぺりー	1
ざか	1
でーつ	1
ひす	1
えぶりぃ	1
げつと	1
ぽるのぐらふぃ	4
くおーた	2
みつしよん	1
らいあー	1
うわえる	2
ごー	1
にっき	0
はざま	0
ばん	1
あぼ	1
たて	1
でんわ	0
ばっさー	1
ゔぁっさー	1
めーる	1
くろる	2
じゃぶ	1
とぽ	1
ぷらいん	2
こーす	1
だーりんぐ	1
ぬー	1
ようしょく	0
れーぶ	1
れーゔ	1
えいたー	0
ぱーとな	1
ほた	1
りじん	1
りふ	1
でり	1
めいつ	1
かわぐち	2
かんしゃ	1
ぴーと	1
まにゅあ	1
こらーる	2
あば	1
こくはく	0
しぇりす	1
どらぁぐ	2
どらーぐ	2
ばんぐす	0
あくろ	1
あたり	0
しーず	1
どーるず	1
ぼい	1
あいてぃー	3
あおやま	2
とが	1
とろふぃー	1
びあん	1
ぶれーと	0
らんぐら	1
くりすちゃん	2
ぷれっしゃ	0
ゆーろ	1
いえーす	2
なごや	1
ふしぎ	0
かぶたん	1
くーら	1
せぶんず	1
てんのう	3
はみんぐ	1
おんど	1
じぇいす	1
じぇいず	1
まんえん	0
じょーず	1
なっくるず	1
へーき	0
こんごう	1
だいむ	1
のわーる	2
しょーばい	1
そば	1
がす	1
かんとく	0
すきーま	2
たいとー	0
だんじょ	1
ぴぺらじん	0
へっどくうぉーたー	5
べんじる	1
もら	1
えいてぃー	1
せんこう	0
ひじょー	0
ぽーらー	1
おーだ	1
ぐりーく	2
このごろ	0
こるさ	1
じょうろ	1
じょーろ	1
ちょうだい	3
ろしゅつ	0
かいぜん	0
せんさ	1
せんたく	0
ちゃし	1
べんと	1
ぶーびー	1
がすこん	0
とらんぽ	2
ねぃしょん	1
ねいしょん	1
さたすま	0
さーく	1
せんす	1
ぼすとん	1
あるまいと	3
おおしま	1
おゔ	0
ちえ	2
あるちざ	0
べー	1
えるがーら	3
せんばつ	0
なっとく	0
ふーるず	1
らんぼう	0
すくりゅ	1
ばれぇ	1
ぱんふ	1
りあくたー	2
りばーす	2
あいさつ	1
くうぇーと	2
さぼ	1
しつもん	0
だすと	1
づけ	2
はってん	0
びょーき	0
ぽーる	1
かせき	0
ぐっどういる	5
はかい	0
らいか	1
りんか	1
すらい	2
ろけーしよん	2
かいかく	0
しつれい	2
じゃすらっく	1
びっく	1
まりん	2
らいふ	1
あぷり	1
ゑんど	1
けいぞく	0
さんせい	0
しっぱい	0
たんてい	0
とらくたー	2
いんきょ	0
えんしゅう	0
おだまき	2
しゃせい	0
じゃーじぃ	1
じゃーじい	1
たいがーほーらー	1
ていこう	0
へんしん	0
みりれんとげん	0
あーんと	0
ああんと	0
おーりょー	0
かんげき	0
かんぱい	0
さんいん	0
しつれん	0
じまん	0
ぶるく	1
れんさ	1
あんそく	0
おーが	1
きぜつ	0
くうしゅう	0
けいべつ	0
けーべつ	0
けいれん	0
けっさい	1
こーふん	0
しんぼー	1
せんてい	0
そっこー	0
ているず	1
はんらん	0
ひばく	0
ぺこ	1
ぼっぱつ	0
めいわく	1
めーわく	1
めっき	0
めつき	0
いかく	0
いるみ	1
いんばい	0
おえつ	0
かいやく	0
かっぽ	1
かーと	1
きはつ	0
きょひ	1
きんちょう	0
ぎまん	0
けんえつ	0
けんそん	0
げんめつ	0
ごうちん	0
さくれつ	0
ざっとう	0
ざんき	1
しっけい	3
だつもー	0
だらく	0
ちくてん	0
ついらく	0
てっぱい	0
でりっく	2
とーさく	0
はいきゅう	0
はっぷん	0
ばくしん	0
ばんざーい	3
ばんざあい	3
ばんざい	3
びいき	1
ひょうりょう	0
ひんしゅく	0
びえーる	2
ぶんらん	0
ふういん	0
ふんぱつ	0
へきえき	0
へんれい	0
ほかく	0
ほにゅう	0
ほふく	0
ほんろう	0
まさつ	0
もうろく	1
もぞう	0
やゆ	1
ゆーわく	0
ゆにてぃー	1
よどばし	0
りかく	0
しぇりー	1
ちこく	0
ひいき	1
てーるず	1
ばんかーす	1
やまは	0
ろっかーず	1
みのるた	2
くとう	0
こーぽ	1
ばんぱ	1
ふれーる	2
かるちゃ	1
ぐらーす	2
ぴーず	1
めっと	1
きゃりぃ	1
きゃりい	1
なび	1
ふぉるく	1
びゅっしゅ	1
かんじん	0
ぎよー	1
がっちょ	1
ともえ	0
ぽり	1
うぇいー	1
さぼん	1
てろ	1
もも	0
れいそる	1
ろうす	1
ぎゃらり	1
びくす	1
ぶたん	1
ここす	1
ぞう	1
べるりー	1
ゔぇるりぃ	1
ぼくー	2
まれいしあ	2
げいたー	1
こにか	1
じーぐ	1
ぜひ	1
ばう	1
ふぉんぶるぐ	3
おやつ	2
しゅわー	1
すとんず	2
すとーんず	2
ちゃいるど	1
てりんぐ	1
ぱりぱり	0
えーえふ	3
ちゃりてぃ	1
れありすむ	3
あなーる	2
だーてぃ	1
べらいぞん	2
ゆーご	1
れあ	1
じゅーる	1
ちんぐ	1
ふゅーず	1
ぼっぶ	1
たいかい	0
こうそく	0
びふ	1
ろーふ	1
にす	1
ふつう	0
あさひ	1
しると	1
じぇにふぁー	1
ばーす	1
らいた	1
れんだーず	1
ぺーす	1
らんす	1
いんたふぁくす	4
じゅうこう	0
ばあす	1
みるくてぃーす	4
きゃぱ	1
どぅん	1
さーど	1
すれ	1
たいき	1
たいる	1
あどまいや	3
ぶるどーざ	3
ふいりぴん	1
ぐらんと	2
おんりょう	0
しらかわ	2
せんと	1
きゃーぶ	1
よーい	1
りこー	0
うた	1
しみ	0
がいど	1
きーの	1
げんか	0
はりうっど	1
ゆにば	1
いしき	1
とよた	1
あくとれいざー	4
だめりか	0
ぼるさ	1
ろーらんさん	3
おぞん	1
ぐうぜん	0
ふぃくす	1
ぶふぉ	1
ぼーげん	1
じぇりぃ	1
めんす	1
せるびや	0
せるびー	1
きゃらうぇい	1
なぜ	1
ぷろぶ	0
うー	0
さーまる	1
ばらえてぃ	2
ぽじっと	1
えげれす	0
うぃ	1
きょうせい	0
せいじゅん	0
そーらん	0
あがた	1
たい	1
だーりん	1
ぶるっくす	2
みりめーとる	3
しゃも	1
じょーんず	1
ゔぁちかん	0
ぺこー	1
きゅあ	1
とーる	1
ぱそ	1
かんけい	0
かんけー	0
ぶるず	1
ほんて	1
りてらし	2
こーだー	1
えみー	1
すーつ	1
めーるず	1
あくせく	1
せいぜい	1
だんぜん	0
ぷりゅす	1
いぜん	0
さいくろ	0
そだい	0
とれいど	2
もりす	1
おぺ	1
しもつけ	2
みんち	1
いんすと	0
かーに	1
きゃろうぇー	1
ぐらんどきゃにおん	5
ぐーす	1
さまらんち	3
じゅぴたー	1
せっぷ	1
ぶっく	1
かなーり	1
りつぷる	1
べねっせ	2
ぐるす	1
ばー	1
びゅう	1
ゔゅー	1
がーら	1
はんた	1
ふーち	1
あいえすおー	5
かいりょう	1
ういんど	0
ぐらん	1
しかし	2
ふらっし	2
さーが	1
いえろ	2
ほーむず	1
はわ	1
やそ	1
まちがい	3
めぞ	1
えぽす	1
すくらぶ	2
はけん	0
つち	1
ぶらす	1
みさと	1
めじゃー	1
りょうじ	1
れいせい	0
しり	1
いっち	1
ゔぁろ	1
ひにく	0
ぐりんぷすと	4
たぶん	1
ろるど	1
えぬいーしー	5
ばいざ	1
いぱーい	2
いーっぱい	0
とっても	4
ぴす	1
めるまね	0
げーじ	1
すぎやま	0
とーん	1
ぱつ	1
さんご	1
たーとる	1
ぎせる	0
そーしんぐ	1
れべ	1
うどん	0
ちょのわん	1
ういる	1
さんかっ	1
ししー	1
ししぃ	1
さえ	1
ばいん	1
すてーじ	2
すふぃあ	1
ぱんず	1
おおくち	0
ゆこう	0
えんえん	0
てんま	1
れご	1
ろんど	1
じょうとう	0
たいち	1
ほんぶ	1
はいぶ	1
ばいあぐら	3
ほっぱ	1
まきし	1
あるじぇりあ	0
いとう	0
えいず	1
ぷろれす	0
れいだーす	1
れいだーず	1
んーと	0
そびえーと	3
そぶえと	1
そべと	1
そゔぃえーと	3
そゔぇと	1
そゔえと	1
ばっとぅ	1
きょうと	1
きょーと	1
はっさん	1
しゃーし	1
なーす	1
たりうむ	2
ぷらね	1
ぼーつ	1
おおみ	1
おーびー	3
なさ	1
まろー	1
もーりー	1
さんちゃご	0
ゆつか	1
あすた	1
いんどねしあ	4
ういんな	2
さぷらいや	3
ふるま	1
へりこぷた	3
りきしゃ	1
しゃかしゃか	1
もろ	1
あばん	1
かりぐらふぃ	3
てぃーえむ	3
ふぇろ	1
れむ	1
こるゔぇ	1
すきゃん	2
はーばーど	3
ふぃす	1
さどる	0
じゃーじ	1
ふぁんける	1
えむてぃー	3
かしみーる	3
こをるど	1
だくと	1
ろっぷ	1
えれゔぇーた	3
がっこ	0
ぎゃるど	1
ぐろー	2
ちょうたつ	0
ぶんか	1
りゅうこう	1
いびっど	1
ねお	1
ひあ	1
えいと	1
ぷろす	1
まら	1
もなこ	1
ぽとふ	1
すーだん	1
どろーん	2
ぷらくちか	3
ほんとう	0
ほんとー	0
すーぱ	1
ちよーく	1
あっ	1
うぉっほ	1
たいらんど	1
だいわ	0
はば	0
ふくざつ	0
すのー	2
わーか	1
あすーす	2
びっら	1
ゔぃっら	1
めとろ	1
のーむ	1
ほっぱー	1
ぼっく	1
おふ	1
ぱてぃ	1
めりけ	1
おりおん	1
そうけん	0
そうめい	0
さいあく	0
しょーわ	1
じぇりー	1
そるとれーく	4
ひとらー	1
れいす	1
いっき	1
うぃっち	1
えいちあいえす	6
くばす	0
そと	1
とくほん	0
どーびーごーと	5
みょん	1
すーりゃ	1
すーりや	1
せんさい	0
だーたー	1
びーそふてん	3
ふぃるす	1
ぽりてぃか	2
やぶきた	0
るかなん	1
るーる	1
れへんと	2
ろぶろふすきー	4
ぷろ	1
やがしら	2
くれーむ	2
とらい	2
れいゔ	1
おるてが	0
かんぺき	0
こーでぃねーた	4
ごーか	1
びーぷ	1
ゔぉると	0
ゔおると	0
いじょう	0
ぶし	1
まいく	1
しぐま	1
しんけん	0
ひみつ	0
あらき	1
きろぐらむ	3
こどく	0
たいせい	0
たんげん	0
みりりっとる	3
やっかい	1
よーく	1
きけん	0
ぎぼうし	2
すいへい	0
せいさい	0
だら	1
はか	1
みき	1
もだにずむ	3
やぼ	1
おしょう	1
しょうさい	0
みろ	1
らははぶ	0
らぶず	1
かいと	1
かじょう	0
かめるーん	3
じゅうぜん	0
どんかん	0
べんり	1
ほーぼー	1
ろう	1
あつ	1
しんぴ	1
せいえい	0
そうはく	0
だいきん	0
でじおん	0
あんのん	0
うかつ	0
えいり	1
おっくう	3
かんべん	0
きんきゅう	0
けいがん	0
けんあく	0
けんかい	0
さつばつ	0
さまつ	0
ざんこく	0
しご	0
しゅうれい	0
せいれん	0
しれつ	0
しんあい	0
しんえん	0
じめい	0
せいけつ	0
そぼく	0
たたん	0
たんかん	0
とっぴ	0
どーき	1
ねいかん	0
のーてんき	3
はれんち	2
ひわい	0
ほうよく	0
もーたーす	1
やばん	0
ゆううつ	0
ゆーうつ	0
ゆかい	1
ろどん	0
わいざつ	0
えんだい	0
きばつ	0
くいっくる	2
でぃーず	1
たいだ	1
だんき	1
たんしょう	0
ちんぷ	1
なっつ	1
ひさん	0
きらい	0
せいせん	0
やお	1
ろしや	1
ろっしあ	1
おろしあ	2
おろしゃ	1
ろーしゃ	3
すとらんど	3
とるき	1
ぷれじ	1
くま	1
ひげなが	0
もりもと	0
くりーな	2
しぼれー	1
まっしゅ	1
ぎりしゃ	1
ふーが	1
あんぐ	1
ゆとぴあ	2
ゆとーぴあ	2
ゆーとぴや	3
でい	1
いなお	0
じゅりーく	2
まれー	1
うんじゅう	1
えむえす	3
ごつと	1
べとなむ	0
こんにち	1
じゃいろこんぱす	4
とれいる	2
ゔぃでお	1
こお	1
ろっきー	1
あくと	1
いまいち	2
じょー	1
ぱてんと	0
ぱりー	1
もだん	0
れいもんど	1
おーしま	0
みけ	1
あいとわ	0
すてん	1
ちゃっく	1
つり	1
ゔぃじょん	1
さつく	1
さつま	1
しょっと	1
じぇり	1
いらすとれーた	5
そうちょう	0
だいなーす	1
ぽると	1
きとら	1
ぐれーど	0
はま	2
かーる	1
せりふ	1
あうすたらりや	5
あうすとらりや	5
おおすとらりや	5
おーすたらりや	5
おーすとらりや	5
にーるず	1
らば	1
そうさ	1
ななひゃく	2
はんぱ	0
ぶろー	2
もなー	1
らてんあめりか	4
うぇあ	1
べるなるど	3
かすや	1
りおん	1
るいす	1
こんじょう	1
るーと	1
れいく	1
わい	1
とても	0
いっぱい	0
えれく	1
すまっぷ	2
そうるず	1
おっけーい	1
おっけい	1
こーりん	1
にこん	1
りーまん	0
えぬえむえすゆー	7
もーろ	1
りっど	1
さりばん	1
えあろ	1
めしー	1
りびあ	1
うわき	0
てれさ	1
ゆーごすらびあ	5
あにめいと	3
でぃーあんどしー	6
なみだ	1
めひこ	1
らつぷ	1
きっせい	1
かしゅう	1
かしゅー	1
くび	0
こーず	1
あんせい	0
すとーり	2
ろーぷうえー	5
くせとら	0
さんぷ	1
たにん	0
にむ	1
めが	1
あめでぃあ	2
ぱだ	1
おおさか	0
ぼわ	1
ぶらじる	0
もちづき	2
てぃーえふ	3
ばれんたいん	4
かあきい	1
かーき	0
かーきー	1
つう	1
びーず	1
ふつ	1
べると	0
べるまーれ	3
しょーろ	1
たじ	1
ていこく	1
ぴーしー	3
ゔぉいど	1
くうぇいと	2
のみ	1
ろんぶん	0
いの	1
たじい	1
よるだん	1
りーん	1
くうえいと	2
くうえーと	2
すたーばっくす	4
のーるうぇー	1
びっど	1
ぐりん	2
ぺーじーず	1
うえだ	0
てぃーす	1
ひんらんど	1
まいり	3
とれ	1
ゔぃーる	1
てらの	1
まうなけあ	4
るくせんぶるぐ	5
おりざ	1
じぇーえー	3
すい	1
まむ	1
びーな	1
やまき	1
いたりや	0
いたりい	1
いたりー	1
おびえど	1
すいか	0
うえい	2
さいぷらす	1
すうぃす	1
まうなろあ	3
いそ	0
ばはれーん	3
ふぃじゃん	1
かざふすたん	3
やくると	2
あかつき	0
さんとりー	1
じゅう	1
ばんど	0
めー	1
くず	1
こんぴ	1
ふいら	1
ろぺ	1
せいる	1
にゅーじーらんと	5
にゆーじーらんと	5
せいちょう	0
きじょ	1
すけべえ	2
ぴあー	1
えいけん	0
どみ	1
ぷりんた	0
へいぜる	1
らんでぃーず	1
れんが	1
ごりょう	1
たび	1
とーざい	1
ばーぐ	1
ふう	1
おーくら	0
なっち	1
ぶらんか	2
だいこん	0
まれ	1
あっか	1
すぴか	2
ねむ	1
のり	0
うなり	3
すぺーん	2
そんがい	1
しーびーしー	5
ぶりじすとん	3
しーあい	3
ぺるしゃ	1
ほつぱー	1
ほーらー	1
りーばいす	1
いか	0
えっせ	1
かるろす	1
どたきゃん	0
ふら	1
かんぼじあ	0
さんすい	1
とるすとい	3
にぽーる	2
ふぉとみっく	1
ほし	0
えんけい	1
げる	1
たいあたり	3
どわすれ	2
もと	1
えぬてぃてぃ	3
おとな	0
かつあげ	0
かんちがい	3
ちゃりつう	0
めんわり	0
きゃろる	1
さうじあらびあ	4
しゅしゅ	1
ちやーと	1
らくがき	0
まばたき	2
さんまい	0
ふぇら	1
りーず	1
えびー	1
ぴんはね	0
ふるた	1
むりやり	0
ぃんどねしあ	4
うばいど	2
ふぃりっぴん	2
ふぃりつぴん	2
ふいりっぴん	3
ふいりつぴん	2
ふゐりつぴん	2
たけした	2
たじきすたん	3
まつざか	2
もこ	1
もんごる	1
ぎゃが	1
さむ	1
ふぃーるど	0
ろべると	2
とれす	1
とわ	1
さんしん	0
なむこ	1
ふーふ	1
べいかー	1
しいん	1
しぃん	1
まけどん	1
ませどにあ	0
ませどにや	0
あふがにすたん	4
すぱ	1
ばてぃかの	0
ばてぃかん	0
ゔぁてぃかの	0
ゔぁてぃかん	0
ぱらお	1
しょうろう	0
にっこー	0
えりか	1
おび	1
しな	1
たりばん	1
ふぁみり	1
りしあ	1
れいとぅ	0
ころにありずむ	5
でぃふ	1
えふえむ	0
いっぱし	0
せいち	1
ぶろせんと	3
ぷろせんと	3
ゔぇんちゃーず	1
ぽるしぇ	1
ばっそ	1
がんば	1
しゃいん	1
すぱー	1
たたり	1
まくろす	1
すてむ	1
とね	1
ゔぇとなむ	0
ゔえとなむ	0
かたーる	2
きょむ	1
ぐらうんず	2
ぽーしょん	1
かんぽん	1
すとーん	2
むん	1
つしま	1
あほん	2
きとく	0
けにあ	1
ねつ	2
ふろんて	2
あるばにや	0
せくた	1
りゔ	1
ちぇちぇん	1
どうだん	0
ぺすと	1
ゆーごすらゔぃあ	5
うくらいな	3
かいしゃ	0
すうぇーでん	2
はし	1
こすたりか	3
ざんびあ	1
つむら	1
おまーん	2
だけ	0
よしもと	2
いまどき	0
ちやつく	1
びん	1
のーるうぇい	1
まき	1
れぽーた	0
れーじ	1
おしりす	1
ぜっこう	0
とみか	1
やるでん	1
りんだ	1
れんと	1
えきす	1
かるぴす	1
こめり	1
ひれ	0
おくたーゔ	3
こーせい	0
こーせー	1
ぴっく	1
ふらんせーず	4
よろん	1
くりありんぐ	0
じょーじあ	1
はんず	1
えじぷと	0
るーまにや	0
せが	1
わしんとん	2
こーしん	0
ちーな	1
ぴんぱぱ	0
ぼんば	1
らおす	1
ぎねす	1
てんもん	0
くぇーと	2
くえーと	2
じぇーいーあいてぃーえー	9
じこ	1
あるぜんちん	3
じゃいか	1
かんぼぢあ	0
こんごー	1
ふぃじー	1
みっしょん	1
うぉっしゅ	1
そまりあ	0
にうむ	1
むこう	0
くーぱー	1
ぴぽぴぽ	1
もるでぃぶ	0
あめ	0
ほるらんど	3
ぎりしあ	0
せるげい	0
ふぉーてぃ	1
ぺーる	1
けーたー	1
しゅわしゅわ	1
みどり	1
かんせん	0
きょーどー	0
すとあー	2
たいむり	1
ばんぐらでしゅ	5
もんてねぐろ	4
ふぇらーれ	2
ぼるとん	1
えりとりあ	0
あるじえりあ	0
ぼうがん	1
ろた	1
うずべきすたん	4
たかぎ	0
ともだち	0
にゅーじゃーじー	3
めるつぇです	3
ぎりしぁ	0
いすと	1
おおかわ	1
すうえーでん	2
せっけん	0
とーほう	0
りーだーず	1
いんく	1
おーすとりあ	4
かーね	1
ぎりしや	1
ぐりしゃ	1
ぶるがりあ	0
あどまいやこまんど	7
りず	1
あきしま	0
おーば	1
がーとなー	1
きゅーば	1
でんまーく	3
びえとなむ	0
ゔぃぇとなむ	0
ゔぃえとなむ	0
いえめん	2
きたい	1
こりあ	1
しーえす	3
じょるだん	1
えぢぷと	0
こーな	1
ちぇっこすろゔぁきあ	1
ゆーごーすらびあ	6
ゆーごーすらゔぃあ	6
りびや	1
しーぴーゆー	5
とろりー	1
のるえー	3
のおるうえい	1
のーるうえい	1
べらるーし	3
きゅぷろす	1
たじく	1
とあ	1
ぶーたん	1
りゅくさんぶーる	5
るくせんぶるく	5
うがんだ	2
きくや	2
さいたま	1
ぱりば	1
べあ	1
もるでぃゔ	0
けんたっきー	3
ゆにくろ	0
あるぜんてぃん	3
かんぷちあ	0
かんぼじゃ	0
かんぼじや	0
かんぼでぃあ	0
くろあちあ	0
さうでぃあらびあ	4
じゃー	1
たこす	1
ばはま	1
ぺりえ	1
ぺるしあ	0
あふがにすたーん	6
ぐるじあ	0
せらもんて	3
ぱぷあにゅーぎにあ	6
もんごーる	3
あくせ	1
あせあん	2
とべ	0
みゃまー	1
もざんびーく	4
あくろでぃあ	3
あぜるばいじゃん	4
あるぜんていん	3
おーまん	1
けにや	1
すえーでん	2
すうぇでん	2
とうきゅう	1
まいこみ	0
むら	2
いじふと	0
こーさ	1
ばぬあつ	0
ぽおと	1
みくろねしあ	4
うるぐわい	3
ぐあてまら	0
しーけー	3
とるくめにすたん	5
はいてぃ	1
ばんぐらでぃしゅ	5
ばんぐらでっしゅ	5
ふぃーじ	1
ふぃーじー	1
ふじゃいら	2
もるじぶ	0
るわんだ	2
いえーめん	2
おーすとりや	4
おーすとりー	4
おーすとろ	1
きゅーばー	1
でんまるく	3
でねまるく	3
ゔぁぬあつ	0
ばるがりや	0
ぶるがりや	0
あいぴー	3
いご	1
がぼん	1
くーば	1
くろあてぃあ	0
がてまら	0
ぐぁてまら	0
ぐあてまーら	4
ぐるじや	0
とぅるくめにすたん	5
はかす	1
ぱらぐわい	3
もんざびーく	4
あおてあろあ	4
あくすむ	1
あしゃんてぃ	2
あしゅべる	1
あしゅれん	2
あしちっく	3
あすてか	0
あすてく	1
あずてっく	3
あびしにあ	3
あびしにや	0
あぶはじあ	3
あぷはじあ	3
あむーりあ	2
あらてぃん	1
あらにあ	2
あらにや	2
あるめにあ	0
あるめにや	0
あんどら	0
あんはると	3
あーんどら	1
いしおぴあ	0
いしゅかーく	3
いすぱにや	0
えすぱにあ	3
いすぱにあ	0
えすぱーにゃ	3
いすまーる	3
いりたや	0
いりゅりあ	2
いるはん	1
いるかん	1
いるかーん	3
いるはーん	3
いんぐしぇちあ	4
いんぐしぇーちあ	4
いんてぐら	3
うぇせっくす	2
うずべっく	3
うどむると	3
うなーべん	2
うなーゔぇん	2
うらるとぅ	2
えくあどる	3
えくわどる	3
えすたぶーる	4
えすとにあ	0
えふたる	1
えるさるばどる	5
えるさるばどーる	6
えるさるゔぁどる	5
えすてるらいひ	5
おーくりー	1
おーとぼるた	4
かうたーら	3
かすとりあ	3
からかるぱくすたん	6
からこく	0
かりおすとろ	4
かりんが	2
かるしふぁーど	4
かるばんだ	3
かるぱとぅる	3
かるむいきあ	4
かるむぃく	3
かるむいく	3
かれずま	0
かんぼーじゃ	3
かーぼべるで	4
かーぼゔぇるで	4
がんびあ	1
がーな	1
きるぎす	1
きるぎず	1
くるぐず	1
きるぎすたん	3
くるぐずすたん	5
きんかん	0
ぎうた	1
ぎせあ	1
ぎにあ	1
ぎにあびさう	4
ぎにあびさお	4
ぎにあびざお	4
くくあな	0
くりみあ	0
くりみや	0
ぐらうべん	2
ぐらちぇふか	3
ぐるか	1
ごるか	1
ぐれなだ	0
けいろにあ	0
けひゅーる	2
こもろ	1
こさら	1
こーさら	1
こーとじぼあーる	6
こーとじぼわーる	6
こーとじゔぉわーる	6
こーりや	1
さざんびーく	4
さすかてぃう	3
さぜ	1
さもあ	1
さんがる	0
さんとめぷりんしぺ	6
さんまりの	3
ざいーる	2
ざかふかーす	4
しえられおね	4
しえられおーね	5
しっきむ	1
しにき	1
しゅりーびじゃや	4
しゅりーゔぃじゃや	4
しゅわいつ	2
しるはーん	3
じぇのびあ	0
じぇのゔぃあ	0
じどりあ	2
じぶち	1
じぶてぃ	1
じゃまいか	2
じゃーまにー	1
じるばにあ	3
じんばぶうぇ	3
じんばぶえ	3
すいっつぁらんど	2
すいっつらんど	2
すてぃらに	2
すりなむ	1
するぷすか	3
すろばにあ	0
すろべにあ	0
すろゔぇにあ	0
すわじらんど	4
すーるー	1
せねがる	1
せるぶくろあーとすろべーぬ	11
せるぶくろあーとすろゔぇーん	11
せんとるしあ	4
せいしぇる	1
せーしぇる	1
ぞだんが	3
ぞらずべる	3
たるまーる	3
たんざにあ	0
たんざにや	0
だほめ	1
ちゃんぱ	1
ちゃんぱー	1
つばる	1
つるなごーら	4
でぃあごーる	3
でぃるずばるど	4
でゅるらきうむ	4
でるふぃにあ	0
とぅば	1
とぅゔぁ	1
とぅーば	1
とぅーゔぁ	1
ととあれば	3
とらんすばーる	5
とらんすゔぁーる	5
とらんすよるだん	5
とりにだーどとばこ	7
とりにだーどとばご	7
とるねどら	0
とるめきあ	0
とれびぞんど	4
とんが	1
どいちゅらんと	4
どばーらばてぃ	5
どゔぁーらゔぁてぃ	5
どめにか	2
どるく	1
どれーば	2
ないじぇりあ	0
ないじえりあ	0
なうる	1
なかーだ	2
なじゅど	1
なばだい	2
なばら	1
なばーら	2
なゔぁら	1
なみびあ	0
なるにあ	0
にからぐぁ	0
にからぐあ	0
にじぇーる	2
ねざーらんど	4
にーぜるらんど	5
ねーでるらんと	5
ねーでるらんど	5
のっぴん	1
かざーる	2
はざーる	2
はしみて	0
ばとぅさ	1
ゔぁとぅさ	1
ばはう	1
ばるばどす	3
ばれりあ	2
ゔぁれりあ	2
ぱなま	1
ぱるてぃあ	0
ぱるばん	1
ひじゃーず	1
ひじゃーずねじど	5
ひったいと	1
ひめらにあん	3
ひゅえれ	1
ひゅーめらるご	4
びあふら	0
びざんす	2
びざんちん	2
びざんてぃん	2
びざんつ	2
びじゃや	1
ゔぃじゃや	1
ふぁーるす	1
ふぉいあふぉーげる	4
ふりぎあ	2
ふりじあ	2
ぷりゅぎあ	0
ぶだー	1
ぶらうにあ	2
ぶりあーと	3
ぶりやーと	3
ぶりきなふぁそ	5
ぶるきなふぁそ	5
ぶるぐんど	3
ぶるねあ	0
ぶるんじ	2
ぶるんでぃ	2
ぶんどぅ	1
ぷろいせん	2
ぷろしや	2
ぷろしあ	2
ぷろしゃ	1
ぷんとらんど	4
べなん	1
べにん	1
べねずいら	3
べねずえら	3
ゔぇねずえら	3
ゔえねずえら	3
べらう	1
べりーず	1
べるきゅーむ	3
べるぎゅーむ	3
ほくえん	0
ふわーらずむ	4
ふわーりずむ	4
ほらずむ	2
ぼつわな	0
ぽろーにあ	2
ぽんてべどろ	4
ぽんてゔぇどろ	4
まじゃぱひと	3
またらむ	1
まだかすがる	3
まだがすかる	3
まらうぃ	1
まらうい	1
まらった	2
まらーた	2
まらーたー	2
みたんに	2
みっどらんず	4
むがる	1
むがーる	1
めっさーじゅ	3
もきまふ	1
もざんびあ	2
ものもたぱ	3
もらーな	2
もるどば	0
もるどゔぁ	0
もーりたにあ	4
やくーちあ	2
ゆぐりーん	3
ゆらにあ	0
らとりあ	2
らんごばるど	4
りあらん	1
りいべん	1
りぇとぅゔぁ	1
りえとぅば	1
りでぃあ	1
りゅでぃあ	1
りゅでいあ	2
りすあにあ	3
りとあにあ	3
りとわにあ	0
りどるふぃ	2
りひてんしゅたいん	6
りひてんすたいん	6
りべりあ	0
りるみると	3
りんばーぐ	3
るとびあ	0
るとゔぃあ	0
れそと	1
ろまーる	2
ろんばるどゔぇねと	6
ろーです	1
すろーばっく	4
すろーゔぁっく	4
りーだーす	1
りーどる	1
おでゅっせいあー	4
さうでぃ	1
どっぐす	1
どっぐず	1
ぺぷし	1
じょかん	1
まとん	1
あくせさり	1
びー	1
まらや	1
あるあか	0
けし	0
でゅーす	1
ちゃど	1
れいだー	1
あぶす	1
きろわっと	3
とらくと	2
もんくれー	1
おーす	1
どど	1
のど	1
ゔぁいす	1
あぷりりあ	3
かつた	1
くらいな	2
たかん	0
らつち	1
ぱな	1
いんて	1
ぱるる	1
ずきん	2
まっす	1
えりー	1
かぶーる	2
はぎょう	1
せと	0
はーゔぁーど	3
やました	2
さたん	1
ゔぃおす	1
ぽすと	1
らいんじゅえる	4
ぱー	1
よこばい	0
らっち	1
おば	0
しーえふえふえむ	7
せいおん	0
きはち	0
しょーらー	1
こんぴゅーた	3
すてい	2
せんとれあ	3
たんき	1
なつくる	1
ろーと	1
いんでぃあ	1
すりい	2
てぃーしー	3
あいぬ	1
こるべ	1
はりい	1
はりぃ	1
きっぷ	0
まかだ	1
まがだ	1
かぁん	0
たかすた	2
れいん	1
かんきょー	0
じゃーじー	1
てっぽう	0
ふぉーま	1
ちゅうしゃ	0
ばすと	1
べーと	1
わんこ	1
しんざん	1
ゔぃゔぃお	1
あーんど	0
しぼれい	1
しゔぉれー	1
あられ	0
こんたっくす	3
さうじ	1
どんかめ	0
ふぉー	1
ふりーす	0
けいそう	0
みかた	0
いんちょん	1
きりすと	0
ぽっか	1
でしりっとる	3
なりた	1
ぶりっど	2
みにか	1
なわ	1
までし	1
らせってぃ	2
あだち	0
おーき	1
かれ	1
こぶし	1
ずいこー	0
わーす	1
さんぎ	1
ちゃんねん	0
ぱぶろん	1
いってい	0
こるさこふ	3
もーどら	1
ゆいつ	1
あくあ	1
あさま	0
あまり	0
えいぺっく	1
かとぅーん	2
がーろん	1
たいてき	0
つぶつぶ	0
のん	1
にゃー	1
えあろすみす	4
じんじゃ	1
ねーしょん	1
ぱるこ	1
くらすた	2
のーえふえっくす	5
すたん	2
なんに	1
あぷらす	1
ひかり	3
いんとら	0
えすえる	0
さいばすたー	3
さんち	1
ちお	1
とうす	1
とーご	1
ちぇんばーす	1
ばち	2
こが	1
ちゃや	0
はます	1
ゔぇーろ	1
かうんた	0
じはーど	2
にゅーろまぐ	4
うおー	2
きまま	0
みくしぃ	1
ゆにばー	1
いんじぇくしょん	3
ばんぷれすと	4
えーあい	3
てぃーえるおー	5
ぴさ	1
しかも	2
しりや	1
じゃにーず	1
まきろん	1
べーろ	1
りーゔぁいす	1
あるき	1
のえる	1
べっく	1
しーびーえす	5
せぶん	1
あぶらぎっしゅ	4
がんぐろ	0
すとーか	0
のりき	0
ばんから	0
ふとどき	2
ふまじめ	2
べらぼー	0
いせい	1
えむえるえるあーる	7
くるー	2
こぺん	1
ぴんぐ	0
かねぼう	2
ちゃーど	1
まいやーず	1
みすてり	1
むさし	1
れーゔぁー	1
うぉーた	1
たたる	1
ぴい	1
まいかる	1
ろけーしょん	2
おんねとー	3
はりーふぁ	2
びぶろ	1
みにーむー	4
えでぃ	1
おりおんず	1
はーも	1
こそ	1
しーでー	3
はんま	1
あらん	1
ちゃー	1
びゅーてぃ	1
ゆーゔぃー	3
るぱ	1
うえの	1
くさお	0
ちょうしゅう	0
ばらっく	2
めーた	0
えすてぃま	0
だーびー	1
にこー	1
ぐりこ	1
すかぱー	0
かざぐるま	3
ひらき	1
ぶりたにか	3
らんち	1
ざん	1
じゅーく	1
もんべる	1
うさん	0
えすえーえす	5
ごよう	0
てるすたー	2
あしなが	0
かわしま	0
こなみ	1
しーてぃー	3
にちめん	0
ぼうこう	0
ほとにくす	3
ほーねん	1
あんた	1
みかん	1
あぱっち	2
くれあ	1
ゔぃえーる	2
えんま	1
ぼーがん	1
ざーど	0
ぼうろ	1
ゆーぶい	3
こじき	3
そにっく	1
なかみち	2
かるて	1
しねすいっち	3
まうじー	1
まるや	1
きゃろ	1
くりすとふる	4
てれあさ	0
てんす	1
ぼーだほん	1
おっくすふぉーど	5
きよはら	2
さんらいずべが	6
ずき	1
かざま	0
はーしゅ	1
ぶつしゆ	1
まるぜん	2
めもかす	0
たっぴー	1
いんでぃか	0
かし	1
じゃすだっく	1
さは	1
じぶん	0
たつみ	0
てく	1
ぷらんとりー	2
りこん	0
りんどう	0
あぷわいざー	3
あるふぃー	1
なーる	1
ばんび	1
よねっくす	2
いーりあす	1
はねだ	0
へな	1
えふえー	3
さて	1
たま	1
らいたー	1
いんち	1
おーくらんど	4
かほ	1
こぶくろ	0
ぐらんすた	2
じぇる	1
たいゆゔぁん	1
めり	1
こりら	1
みぜっとさぶ	2
えーてぃーえむ	5
えくしりむ	3
のーとるだむ	5
はがき	0
ゆざわ	0
らんぐぞー	1
かしお	1
かつうら	2
どんたこす	1
びびお	1
べろびーち	3
まんま	1
しーぺい	1
ばふぁりん	1
ゔぁーゔ	1
ぽーとらんど	4
あめあ	1
いえ	2
えるも	1
のーまねっと	4
びばんでぃ	2
ぷろむじか	1
めびっく	1
あいせる	1
えれっせ	2
さらりー	1
せーふこ	0
なーばる	1
やしか	1
おらいあん	2
おらいおん	2
かお	0
すたーぜん	2
まん	1
えいめい	0
さんどー	1
じぇーしーびー	5
すぴっく	2
とい	1
びおれ	1
ふくにち	0
きゅーぶりっく	1
くみん	1
にじゅう	1
えんろん	0
さーまれすと	4
たいゆばん	1
ねっする	1
ばーびー	1
みくしい	1
みくしー	1
きすきす	0
しーえむえす	5
すますて	0
てるも	1
ねぇ	1
まおり	1
こうわ	1
なんど	1
あくおす	1
あずかばん	3
あるこあ	0
えーてぃーじー	5
げーたー	1
ゔぃっつ	1
ぷりきゅあ	0
いせたん	0
いちばい	0
そり	1
かうんたっく	4
こんさどーれ	4
しこく	1
あるかーいだ	3
かじき	1
かんろ	1
けーけー	3
ぷじょー	1
ぷろばんす	2
いゑす	1
えむじー	3
にっこう	1
ばーゔぁ	1
ふぁたは	1
へきさー	1
ぐらいがー	2
だぶるす	1
ねくすてる	2
またんご	2
あすてむ	2
うえー	2
わるぼろ	0
さすら	1
しんしん	0
じょろう	2
でんそー	0
どぶろ	1
むひ	1
もうる	1
ろんろん	1
おーえむしー	5
さんおー	1
どらーる	2
ふきん	2
あすぱら	0
あぶさやふ	3
えーてぃーあんどてぃー	8
にちろ	1
ゔぃー	1
ぷろばいだ	0
りーばいず	1
りーゔぁいず	1
えーおーえる	5
ぎずも	1
たりばーん	3
たーりばーん	4
だいわぼう	3
ついんびー	2
ばーばりー	1
ふせいん	2
いにゅい	1
いぬいっく	3
いぬいと	1
おれ	0
てくも	1
にっしょー	0
もた	1
やりす	1
ゆうあい	1
いぎ	1
ちゃ	0
びびえ	1
べりーさ	2
まじぇ	1
めっつ	1
もりっく	1
もんちっち	1
いえんゆいろん	4
ぐらんぞん	2
さんでん	0
じゃに	1
せてぃ	1
てーべー	3
ねぼう	0
ばすぴか	0
べるりっつ	1
みつびし	2
ろーれらい	1
おでっせい	2
きり	2
でぼん	1
とりにーた	3
ふくぞー	0
ぽにーた	2
まくどなるど	4
しとろえん	2
たぶう	2
ななじゅう	2
みつかん	0
みらまーる	3
あびりんぴっく	5
かぶり	1
さくま	1
すぬーぴー	2
はしど	1
びあんて	2
ぺりえーる	3
めいしょうばとらー	5
りねあ	1
あらがん	1
えーじー	3
ぐらんつでーる	5
こーあ	1
そうこう	1
たくまー	1
どんき	1
はーげんだっつ	5
ひゅうず	1
べぶし	1
ほっぴー	1
ぼるぼ	1
まいみく	0
まち	2
めでぃかす	1
ろれっくす	2
あくらぶ	1
あど	1
えすきもー	3
かんてむす	4
くるど	1
ちぇりおす	1
ぱらすこ	0
まかふぃー	1
みりりつとる	3
めいぽ	1
えいちびーおー	6
おあぞ	1
おず	1
くむほ	1
なぐら	0
らしーん	2
ろぷろ	1
あすてっく	3
おぐしお	0
せんとれっくす	4
てくの	1
なちす	1
びっつ	1
ゔいっつ	1
ぴーたー	1
あぶすと	2
いんふぉす	1
うるるん	0
きたのりゅーおー	6
くりーるぱっしょん	5
ざうす	1
じゃぱれん	0
せいた	1
たるびー	1
です	1
ときお	1
ぺがさす	1
まぉり	1
らくと	1
あこー	1
あるかいだ	3
きゃせー	1
くあるこむ	3
ふあいばーすこーぷ	6
ゔぇすぺりあ	3
あにと	1
おくむら	2
おろないん	3
さんそ	1
しだっくす	2
しんじゅく	0
ていじん	0
びすこ	1
ふぁいんふぉるつ	4
えむじょい	3
かいす	1
かっしょく	0
かふぇぼすとにあん	7
じぇみに	1
すみてぃ	1
せた	1
だあわ	0
どりてく	0
にっか	1
ぴかちゅう	2
ぷろすたかす	4
ぽらりす	1
まにっくす	2
みりすん	1
めもさーむ	3
らいも	1
ろざん	1
ろおれらい	1
わーぴあ	1
あとぴた	0
あめっくす	2
おあしず	1
けつと	1
ざくてぃ	1
すりくそん	2
でとまそ	0
のーりつ	0
はまなか	0
ばびる	1
ばれすとろ	2
ぴにんふぁりな	4
ふぉりふぉり	0
ぶぶか	1
ぶんですりーが	5
ぽりふぉにか	3
もにゅめんとばれー	6
やきん	1
れっじーな	3
あかさか	2
あらー	1
あるじゃじーら	4
いりあす	1
えにっくす	1
えぷそん	1
かくと	1
きみがよ	0
けちゅあ	1
さぽーた	0
そふまっぷ	1
たいがーるどるふ	6
つんぐーす	3
てぃーびーえす	5
とーはつ	0
のーとるだーむ	5
ぴゔぉ	1
ほくよう	1
ぼいじー	1
ゔぉるゔぉ	1
まとろっくす	3
まねっくす	2
まーず	1
むねむね	0
もじゃへでぃん	3
りえんば	2
りらっくま	2
あぐねすぽらいと	6
あるかいーだ	4
うぃきぺでぃあ	3
えいぼん	1
えるがみお	3
かのやざくら	4
ぎがす	1
けあすうえぶ	4
げお	1
こるむ	1
さらせん	1
さんぽ	1
しゃるろっとのある	6
しょこり	1
しんでれらぶれーしょん	7
しんぼりびすけーん	7
すくえに	0
せふぃこ	1
ちぃひぃ	1
ちゃぱらる	1
ととろ	1
とみっく	1
とーまつ	0
どらえもん	0
のきあ	1
はうんど	1
ばっふぁりん	1
ぱしゅとぅん	2
びべんでぃ	2
ゔぃゔぇんでぃ	2
べすぺりあ	3
ぽんきっき	1
まいねるふぁるけ	5
みつみ	1
むげん	0
めでぃゔぁ	1
めるさ	1
らんぽ	1
ありえす	1
いなほ	0
おでっせいあ	4
おりんぴあ	2
かーすてんす	1
がっちゃまん	1
くらっぷす	2
げしゅぺんすと	3
こんか	1
こーしゃ	1
さむすん	1
さんしゅう	1
しんわ	0
すわてぃ	1
せこむ	1
だいけい	0
だぱんぷ	2
だーわ	0
でゅぱこ	1
どっぷ	1
どめす	1
にゃお	1
はざら	1
はりぞーねす	3
はーもにー	1
ぴかちゅー	2
ぴすけす	1
ふぁみま	0
ぶーぶーず	1
べるとーね	3
まつかつ	1
まっくすとあ	5
まーいおねす	4
みさわ	0
ろいほ	1
あいりばー	3
あくえりあす	3
あっぷじょん	4
えいべっくす	3
えりお	1
かぷりこーん	4
かめきち	0
かわち	1
きゃのすきゃん	2
きゃんきゃん	1
くらうでぃあ	3
けあすうぇぶ	4
ごでぃば	1
さじたりうす	3
そにあ	1
そーど	1
たきい	1
ちいひい	1
なんふぇあ	1
のばるてぃす	2
ばーご	1
ばーばり	1
びるもあ	0
ぴたーど	2
ぴぼ	1
ふぁーまさいくりくす	7
ふぇでっくす	1
ふーじん	0
ぼるが	1
ゔぉーと	1
まなん	1
みゅーず	1
みろてぃっく	3
めでぃば	1
もじょ	1
もんた	1
やまこ	1
ろーれっくす	3
ろろず	1
あどまちっく	4
あみだ	1
あんか	1
いんたー	1
えいべくす	3
えふで	1
おぐり	1
おだきゅー	2
おらんぴあ	2
おりゅんぴあ	2
かたくら	0
きょーえい	0
けいおー	0
くるぁーん	3
くるあーん	3
じふ	1
じゃにべん	0
じょうしん	0
じょーしん	0
せごし	0
せぶんてぃーしくさーず	6
そうふ	1
たかち	1
たかなみ	0
つんぐーず	3
とぅんぐーす	3
ときなー	1
とらんすめた	5
どんべー	1
なごきゅう	2
はいたい	0
はただ	0
はりぞねす	3
ぱしゅとん	1
ひんば	1
びっくす	1
ぶぃっくす	1
ゔぃっくす	1
ぴにんふぁりーな	5
ふぁいふぁい	0
ふじさわ	0
べんざ	1
ぺがすす	1
ぺろ	1
ぼーぜん	1
ぽんきっきーず	1
みらばんと	3
やがみ	1
やさか	1
ゆあさ	1
よご	1
りょーしょく	0
ろも	1
あいえす	3
あいおりす	3
あいか	1
あいき	1
あいさち	0
あいてっく	3
あいでっく	3
あいでむ	1
あいぬらっくる	4
あいねすさうざー	5
あいねすふうじん	5
あいばっは	3
あいぱす	1
あいびる	1
あいふる	1
あいべっく	3
あいぺっく	3
あいぼん	1
あいまっくす	3
あいまら	0
あいむす	1
えいらー	1
あいわい	0
あいんざっつぐるっぺん	7
あいんず	1
あいんとらーと	5
あうぃーな	2
あうえるばっはす	5
あうがるてん	3
あうがるでん	3
あうすたー	2
あうてっくす	4
あうでぃ	1
あうでぃー	1
あうとらちーな	5
あうりん	1
あえた	1
あえらす	1
あえりあるとらむ	6
あえるまっき	4
あえろすぱしある	5
あえろすばしゃる	5
あえろすぱしゃる	5
あえろふろーと	5
あおいのじょう	4
あおっさ	2
あおべえ	1
あかいあ	2
あかお	0
あかがねのやそたける	6
あかねてんりゅう	4
あかふら	2
あかー	1
あきあ	1
あきびゅー	1
あきゅびゅー	1
あきゅゔゅー	1
あけびゅー	1
あきゅらいと	3
あきゅれ	1
あぎと	1
あぎーぐれいず	5
あくあす	1
あくあてぃか	3
あくありーな	4
あくえあ	3
あくおりな	3
あくしず	1
あくじょる	1
あくすたる	3
あくせら	0
あくせんちゅあ	3
あくせーぬ	3
あくぞ	1
あくたす	1
あくてぃお	0
あくてぃす	1
あくてぃー	1
あくねす	1
あくねーじあ	3
あくぷら	2
あくめでぃか	3
あくろしてぃー	4
あくろすたー	3
あくーすたっと	5
あくーた	2
あぐすた	2
あぐに	1
あぐねすさーじゃん	5
あぐねすぱれーど	6
あぐりぴあ	3
あぐろなちゅら	4
あこむ	1
あごすと	2
あごにー	1
あさかでぃふぃーと	5
あさかほまれ	4
あさぐ	1
あさっくす	2
あさつー	0
あさばすかん	3
あさひたまなー	5
あさひだいおー	6
あさひていおー	0
あさひとうこん	4
あさやん	0
あさろ	1
あざれ	1
あしあな	0
あしっくす	2
あしなりあ	3
あしべ	1
あしも	1
あしやゆか	0
あしゅえふ	1
あしゅけあ	0
あじえんす	1
あじおか	0
あじかん	0
あじっぷ	2
あじゃん	1
あじゅでぃみつおー	5
あすいざ	0
あすがるど	3
あすくる	1
あすたしあ	3
あすたりゅーしょん	4
あすたるて	3
あすてぃる	1
あすてらす	3
あすてる	1
あすてーる	3
あすとにしめんと	6
あすとらいざー	4
あすなる	1
あすぱむ	1
あすぷりーる	4
あすみっく	3
あすめ	1
あすりろ	0
あずだ	1
あずてぃーく	3
あせあ	1
あぜすと	2
あぜらす	1
あぜりー	1
あぜる	1
あそしあ	2
あぞるか	2
あたごおる	3
あたらふぁ	0
あたらんと	3
あたるば	2
あたるゔぁ	2
あだぷてっく	4
あっがい	1
あっずーり	3
あったかたー	5
あっとんぴー	3
あばす	1
あっぷりか	3
あっらー	1
あっらーふ	3
あらは	1
あっらーと	3
あてぃえ	1
あてにあ	2
あてんざ	2
あてーさ	2
あでぃろん	1
あでのげん	3
あでほびる	3
あでらいで	3
あでらんす	1
あでるふぉ	2
あとぅましー	2
あとす	1
あとらんてぃーど	5
あとりっくす	3
あとれー	1
あとん	1
あどばる	1
あどゔぁる	1
あどばんて	3
あどばんてすと	5
あどび	0
あどまいやきっす	6
あどまいやぐるーぶ	7
あどまいやぐるーゔ	7
あどまいやじゃぱん	7
あどまいやどん	5
あどまいやふじ	6
あどまいやべが	6
あどるむ	1
あなか	1
あなすとろぞーる	6
あなっぷ	1
あなでぃす	1
あなとぅーる	3
あなとりえ	3
あなほ	1
あなんがらんが	5
あなんぐ	2
あにこむ	1
あにまっくす	3
あにめーじゅ	3
あぬびす	1
あぬーしゅか	2
あねっさ	2
あねるば	2
あねーじ	2
あのりおしあ	4
あばくろ	0
あゔぁす	1
あばだ	1
あばやぎり	3
あばる	1
あゔぁる	1
あばんて	2
あばーる	2
あゔぁーる	2
あぱまん	0
あぱら	1
あぱらい	1
あひりあ	2
あびあんか	3
あびえんて	3
あびごる	1
あびたっくす	3
あびば	1
あぴありうむ	4
あぴた	1
あぴっくす	2
あぴなえ	2
あふぁなしぇぼ	3
あふぁる	1
あふぁろん	1
あふぃめとりくす	5
あふとばす	3
あふとゔぁす	3
あふとんぶらでっと	7
あふらっく	1
あふらまずだ	4
あふりかーんす	4
あふろだい	3
あぶあぶ	0
あぶがる	1
あぶこ	1
あぶさらす	3
あぶじむにっく	3
あぶばじあ	0
あぷてぃば	0
あぷりお	2
あぷりにゃ	2
あぷる	1
あぷれす	1
あぷれーり	3
あべこんべ	3
あべべびきら	4
あべんしす	2
あゔぇんしす	2
あべんてぃす	2
あぺいさー	2
あぺおす	1
あぺーな	2
あぼっつほうむ	5
あぼっつほーむ	5
あぼぷれっくす	4
あぽかりもん	3
あぽしちー	2
あぽすてぃー	2
あますもめーたー	5
あまそな	0
あまっくす	2
あまてぃ	1
あまりーじゅ	3
あまるていあ	4
あみゅ	1
あみゅーれ	2
あみーゆ	2
あむうぇい	1
あむうぇー	1
あむうえい	1
あむじぇん	1
あむすたっと	4
あむすべるとにーる	7
あむすゔぇるとにーる	7
あむとらっく	4
あむとれっく	4
あむらっくす	3
あむる	1
あめにっくす	3
あめほ	0
あめむら	0
あめりこぷたーず	4
あめん	1
あもこ	1
あもり	1
あもん	1
あやっくす	2
あゆーら	2
あらいず	2
あらうかーの	4
あらえっさ	3
あらくろーる	4
あらこ	1
あらごすた	3
あらごでせて	4
あらはばき	3
あらぶさっと	4
あらみん	1
あらめーるまんがー	6
あらわく	1
ありあんつ	3
ありいおらに	4
ありお	1
ありおす	1
ありおん	1
ありがっと	3
ありけん	0
ありこ	1
ありすた	2
ありすと	2
ありすとくらてぃこ	6
ありたりあ	3
ありなかりー	4
ありなみん	0
ありびら	0
ありぷろ	0
ありみでっくす	4
ありみの	0
ありゅーと	2
あれうと	2
あるあはらむ	3
あるあらびあ	4
あるあらびーや	5
あるあんさー	3
あるうぇるに	4
あるかいす	3
あるかさば	3
あるかてる	3
あるくとぅるす	4
あーくとうるす	4
あるけらん	3
あるこせにょーら	5
あるごす	1
あるごる	0
あるごんぬ	3
あるざ	1
あるしやんける	4
あるじぇばる	3
あるじゃーのん	3
あるじゅむふりあ	5
あるせろーる	4
あるぜ	1
あるそあ	0
あるたま	0
あるてぃあ	2
あるてぃす	1
あるてす	1
あるてぷらーぜ	5
あるてりおん	3
あるでぃらるーれ	5
あるでばらん	4
あるでぷろ	3
あるとぅく	1
あるとす	1
あるにす	1
あるはやと	3
あるはるぶ	3
あるはんぶら	3
あるばじん	0
あるばまー	3
あるゔぁまー	3
あるばろーざ	4
あるばーとそんず	3
あるぱ	1
あるびれお	3
あるびれっくす	4
あるぴこ	0
あるぴーぬ	3
あるふぁろめお	4
あるふぁんご	3
あるふぇった	3
あるふっら	3
あるふれっくす	4
あるふれっさ	4
あるゔぇ	1
あるべるてぃーな	5
あるまぜのん	4
あるまーど	3
あるめーら	3
あるろん	1
あるーじぇ	2
あろえりーな	4
あろがんす	1
あろきゅあ	0
あろでゅー	1
あろびび	0
あろゔぃゔぃ	0
あろろぷーる	4
あろんど	2
あろーざ	2
あろーば	2
あろーら	2
あわど	1
あわにー	1
あんあん	1
あんがみ	0
あんがらく	3
あんぎゅろん	1
あんくえるしょん	4
あんくれってぃー	4
あんぐるぼざ	5
あんぐろーばる	4
あんさほん	3
あんさるど	3
あんじぇす	1
あんじぇと	0
あんじゃっしゅ	3
あんすくいーきー	5
あんせた	0
あんせっと	3
あんそー	0
あんたえうす	4
あんたら	0
あんたれす	1
あんだふぇーる	4
あんてぃくろーじあむ	5
あんとす	1
あんどけ	0
あんなざるべ	4
あんばーしゃだい	5
あんぱろ	0
あんびあにー	3
あんびえっくす	4
あんびでっくす	4
あんびゅー	1
あんふぃろひえびっち	7
あんふぃろひえゔぃっち	7
あんぶりおりす	5
あんぶろ	0
あんぶろじあーな	6
あんぺちゅー	3
あんぺてゅー	3
あんぺっくす	3
あんめるつ	3
あんりつ	1
あーがま	0
あーじらん	1
あーじーびか	3
あーちる	1
あーてぃあす	1
あーていあす	3
あーとん	1
あーばだーな	4
あーぱ	1
あーぼがすと	4
あーりっか	3
あーりまん	1
あーりーろぶすと	6
あーるず	1
あーるやばてぃーや	6
あーるん	1
あーれい	1
いんえ	1
いいく	1
いいでしんげん	4
いいでらいなー	4
いえあふす	3
いえぶろぺいすかや	7
いぇらうだ	3
いえらうだ	3
いおっせりあーに	6
いおにてぃ	2
いおにてぃー	2
いおにーと	3
いかくんて	3
いかてん	0
いかーる	2
いくしー	1
いくすしー	3
いくすぴあり	4
いくそ	1
いくわいぇ	3
いくわいえ	3
いこか	1
いこのす	1
いこのろぎあ	4
いさかる	2
いさっく	1
いざいあ	2
いしたー	1
いしのひかる	4
いしゃく	1
いしゅたる	1
いしゅたーる	3
いじましゅ	2
いするむにや	4
いずさん	1
いずみてぃ	2
いせった	2
いぜるろーん	4
いそじん	2
いそらる	1
いたくぁ	0
いたくあ	0
いたりき	0
いたるたす	3
いちかみ	0
いちねん	0
いっさらさまなか	6
いっちく	1
いてりめん	2
いであっく	3
いでた	1
いでーん	2
いときん	0
いとまん	0
いとらこなぞーる	6
いどりーの	3
いなずまたかおー	6
いなっくす	2
いなのらばーじょん	5
いなんな	2
いにしお	2
いにしき	2
いぬーと	2
いねっと	1
いねど	0
いのせあ	0
いばん	1
いぱな	1
いびでん	2
いびーさ	2
いふぃえと	2
いぶーる	2
いぷさむ	1
いぷりふらぼん	5
いぼるぎんすきー	6
いまきゅらーた	4
いまなす	0
いみだす	1
いみゅとーる	3
いみーるだ	2
いもきん	0
いやた	1
いらなに	0
いらぬん	1
いらりおん	2
いりあっど	3
いりあーど	3
いりすぱいら	4
いるが	1
いるどーざー	3
いるなーづぁ	3
いるなーづあ	3
いるふぉーど	3
いるみえ	0
いるむかふ	3
いるむす	1
いろかの	0
いろくぉい	3
いろくおい	3
いろくおいす	4
いんうぃ	1
いんうい	1
いんかた	0
いんきゅらす	1
いんくとぅみ	3
いんくとみ	3
いんこてっくす	4
いんすみん	0
いんたーすぷーとにく	6
いんたーぽーる	5
いんたーまるす	5
いんたーめすてぃっく	7
いんてぃらいみ	4
いんてぐれっくす	5
いんてっくす	3
いんてるさっと	5
いんてるはむうぇ	5
いんでぃじぇなす	4
いんでぃび	0
いんでぃゔぃ	0
いんとぅいす	3
いんどら	0
いんばの	0
いんぱくしょん	3
いんぷれっさ	4
いんまるさっと	5
いんまるさつと	5
いあいい	3
いーえむしーえす	7
いーしゅばら	3
いーしゅゔぁら	3
いーすとまん	1
いーはとーぶ	4
いーはとーぼ	4
いーはとーゔ	4
いーべい	1
いーぼる	1
いーよー	1
うぃあ	1
うぃすとふ	1
うすとふ	1
うぃぜんがもっと	6
うぃったーど	3
うぃねばご	0
うぃねべーご	3
ういねべーご	3
うぃびて	1
うぃゔぃて	1
うぃらぽん	1
うぃるくはーん	4
うぃるこむ	1
うぃるしゃー	1
うるしゃー	1
うぃるた	1
うぃろまんどぅいー	5
いんちぇすた	3
うぃんちぇすたー	3
うぃーてぃーず	1
ういえく	1
うぃだー	1
ういだー	1
ういちろーぼす	4
ういんず	2
うぃんてっく	1
ういんてっく	2
ういんでんふぁーれ	6
ういんぶれーざーず	5
ううざと	1
うぇかぴぽ	2
うぇぐまんず	1
うぇすてぃん	1
うえすてぃん	2
うぇすちんはうす	5
うぇすてぃんぐはうす	6
うぇっじうっど	4
うえっじうっど	5
うぇっず	1
うぇら	1
うえら	2
うぇるずりー	1
うぇるちありん	3
うえるちありん	4
うぇるねすぐりゅーなー	6
べるねすぐりゅーなー	6
ゔぇるねすぐりゅーなー	6
うぇるふぁーま	3
うぇんでぃーず	1
うぇーぼ	1
うぇすこ	1
うえすこ	2
うぉろふ	1
うぉーぐれいもん	4
うぉーでんず	1
うごん	1
うさやり	0
うじみなす	3
うすたしゃ	3
うすたーしゃ	3
うすべんすき	3
うたぱお	0
うたまろぼーい	5
うだろい	1
うっざ	1
うっしー	1
うっちゃるでぃおーね	6
うっでーる	3
うっどくろふと	5
うっどむかてくめーる	8
うつしば	0
うつたいん	3
うとぅ	1
うなこーわ	3
うなぽんず	2
うにゅう	1
うのあえれ	3
うふぃっつぃ	2
うふぃっつぃー	2
うふぃっつい	2
うふぃつぃ	1
うふぃつい	1
うふぃーつぃ	2
うまごん	1
うむるー	1
うめけろ	0
うらい	1
うらえうす	3
うらしまん	2
うらのす	1
うりち	1
うりなり	0
うるご	1
うるしゅたいん	4
うるず	1
うるふるず	1
うれぱーる	3
うれんこ	2
うろなみん	0
うんえんとひゅるて	6
うんじゃらげ	0
うんじん	1
うんてるりんでん	5
うんどらーが	4
うーきー	1
うーしん	1
うーじー	1
うーずれー	1
うーたぱう	3
うーぬーぐーぬー	6
うーは	1
うーふ	1
うーれぼる	3
うーれゔぉる	3
えあしゃかーる	4
えあちゃりおっと	3
えいしあん	1
えいしんでぴゅてぃ	5
えいしんはりまおー	7
えいしんばーもんと	5
えいせす	1
えぃてぃかーる	4
えいてぃかーる	4
えいてぃがーる	4
えいでる	1
えいでん	0
えいびす	1
えいぶりっく	1
えいべ	1
えいんずうぃっく	5
えうぇ	1
えうすかるどぅん	4
えうすけるどぅん	4
えぅーご	2
えうーご	2
えかーど	2
えきせめすたん	4
えきばん	0
えくああんでぃーの	6
えくさーじゅ	3
えくしあ	2
えくすかりばー	4
えくすぶいもん	4
えくせらー	1
えくせーぬ	3
えくぜ	1
えくそん	1
えくたくろーむ	5
えくちゅあ	1
えくてぃぶ	1
えくの	1
えくほわ	0
えくりぷす	3
えぐざす	1
えぐざんてぃあ	3
えぐざんとす	3
えぐれす	1
えこな	1
えこぱ	1
えこも	1
えさんぬっぷ	4
えしぇろん	1
えすあーるえる	6
えすかれい	3
えすく	1
えすた	1
えすたーく	3
えすてぃお	0
えすてぃーぬ	3
えすてじぇんぬ	4
えすてっく	3
えすてるはーざ	5
えすとくある	3
えすぴたる	2
えすぷりーく	4
えすぺらんと	4
えすぺりあ	3
えすれんじ	3
えそら	1
えたみん	1
えたーにあ	2
えだう	1
えちゅせ	1
えてゅせ	1
えちゅるちおーる	5
えっしー	1
えっそ	1
えてぃもてぃっく	4
えてんざみど	4
えでぃっくす	2
えでぃず	1
えでぃーず	1
えでか	1
えとどらく	3
えとわ	1
えどせるず	3
えどむ	1
えなじっく	3
えにどりある	3
えにーちぇ	2
えぬいーでぃー	5
えねおす	1
えねつ	1
えねるげん	2
えねるーぷ	3
えばびれーな	4
えばめーる	3
えばんき	2
えゔぁんき	2
えばんて	2
えゔぁんて	2
えびおす	1
えびきす	1
えびみち	2
えびーた	2
えぴおん	1
えぴのみす	3
えぴふぉん	1
えぴぺん	1
えふあいしー	5
えふぃん	1
えふぇ	1
えふけーたいがー	5
えふてぃ	1
えふてぃまいあ	5
えふろんて	3
えぶす	1
えぷこっと	3
えぷためろん	3
えべん	1
えべんき	2
えべんく	2
えゔぇんき	2
えぺるびえ	3
えぺるゔぃえ	3
えぽぱ	1
えぽらーしぇ	3
えまのん	1
えまーる	2
えみすふぇーる	4
えみだす	1
えみれーつ	3
えみーな	2
えむえむぴー	5
えむけい	3
えむね	1
えめろーど	3
えらーじゃ	2
えりおず	1
えりおぽーる	4
えりおん	1
えりこん	1
えりもじょーじ	4
えりゅみ	1
えりーか	2
えるある	1
えるおねす	3
えるかれほんのるて	7
えるかんたーれ	5
えるがいむ	3
えるこんどるぱさー	7
えるさるく	3
えるしあ	2
えるじん	1
えるてぃーど	3
えるでぇいにおん	5
えるどーる	3
えるのすけ	0
えるのー	1
えるばじぇ	0
えるばーず	3
えるゔぁーず	3
えるぱいす	1
えるびる	1
えるびーざ	3
えるぴーだ	3
えるふぁ	1
えるふぃ	1
えるぷす	1
えるぷぷりんつ	5
えるぷらっと	4
えるまろ	0
えるまーのす	3
えるみおーれ	4
えるめっど	3
えるもあ	0
えるらんじぇ	3
えれかし	0
えれくとろらっくす	6
えれくとろるっくす	6
えれこむ	1
えれす	1
えれないざー	3
えれにしあ	3
えれめっくす	3
えれめとりくす	5
えれんす	1
えれんたーる	4
えろひむ	1
えんじんおー	3
えんどら	0
えんぱら	0
えんぺりー	1
えんりる	1
えーえぬえー	5
えいえふえす	5
えーえむでぃー	5
えーざい	0
えーしーえぬ	5
えーしーてぃーえふえる	9
えーてぃーてぃー	5
えいでぃあい	3
えーでる	1
えーびっく	1
えーぴーおー	5
えーぴーらんど	5
おいぐるこん	3
おいすか	1
おいでるみん	0
おいらと	3
おいらーと	3
おいりお	2
おうけんぶるーすり	6
おうぞ	1
おうてか	0
おーくま	0
おおたん	1
おかれすく	3
おがさか	2
おがでにあ	3
おがりんば	3
おきまる	0
おくしたん	2
おくしー	1
おくてとら	3
おぐず	1
おぐりきゃっぷ	4
おぐりろーまん	4
おけあのす	3
おけあーのす	3
おげぺう	1
おさほ	0
おしらく	2
おじぶえ	0
おじぶわ	0
おすたんきの	3
おすちゃーく	3
おすとふらいすらいん	8
おすとろぐ	3
おすめしお	3
おずぼーん	3
おせあの	0
おぞっく	1
おたぎ	0
おっくす	2
おっしゅまんず	1
おてぃるか	0
おどりす	1
おなぺっつ	1
おにふち	2
おのと	1
おばじ	1
おぱいぇ	2
おぱいえ	2
おびうごる	3
おびお	1
おふぁっと	1
おふおん	3
おふさいどとらっぷ	7
おぷてぃお	0
おぷてぃこむ	1
おぷてぃしゅーてぃかる	4
おぷてぃちゅーど	4
おべいろん	2
おゔぇいろん	2
おむばす	1
おむろん	1
おめいる	2
おめがとらいぶ	5
おめがもん	3
おもっちゃま	2
およねこ	0
おらおん	1
おらけ	1
おらとわーる	4
おりあん	1
おりぷれ	0
おりんぴこ	2
おるたん	1
おるでらーん	4
おるびす	1
おるふぁ	1
おるめてっく	4
おるもっく	3
おるらーぬ	3
おれのでばん	5
おれんじーな	4
おろちょん	1
おろっこ	2
おろっちい	2
おろなみん	0
おろんか	2
おんでぃーぬ	3
おんぶる	1
おんわーどあみらる	6
おーくらうろ	4
おーぐ	1
おーぐもん	1
おーじお	0
おーじゃす	1
おーでっくす	3
おーでのお	3
おーとえくぜ	4
おーとざむ	3
おーどれまん	3
おーばとん	1
おーゔぁとん	1
おーばーりん	5
おーぴーあい	5
おーふぁんほーぷ	5
おーふあんほーぷ	5
おーふぃあむ	1
おーびゅそん	1
おーぶっそん	3
おーりー	1
おーるかめい	4
おーるだーぬ	4
かいおわ	0
かいざーす	1
かいたっく	3
かいなー	1
かいねれーす	4
かいぱー	1
かいぽけびず	4
かいらーさなーた	6
かうしか	2
かうふほーふ	4
かえらむ	1
かえるせい	0
かおすじらーく	5
かおだい	0
かがち	1
かくの	1
かくれんじゃー	3
かこなーる	3
かじば	1
かすっち	2
かすてっろ	3
かすてるべきお	5
かすてるべっきお	5
かすてるゔぇきお	5
かすてるゔぇっきお	5
かすとろる	3
かすとろーる	4
かすばーと	3
かすぺ	0
かずさはりけーん	6
かせさーと	3
かたーいぶ	2
かださん	1
かだむ	1
かちーな	2
かっさまるか	4
かっしーと	3
かっしーな	3
かっぺらーず	1
かつらぎえーす	5
かてぷり	0
かとけん	0
かとらん	1
かどっく	1
かないゆ	2
かなつ	1
かねか	1
かねひきり	3
かねみ	0
かねよ	2
かのびあーの	4
かはら	1
かばす	1
かばや	2
かびごん	1
かふぃら	1
かぶとやま	0
かぶらやおー	4
かぷこん	1
かまごん	1
かまひめ	2
かまやつ	2
かまりら	0
かまろ	1
かまーず	1
かみおかんで	4
かむちゃだーる	4
かめた	1
かめはめ	0
かもっら	2
かもら	1
かもめりあ	3
かやかべ	0
かやば	1
からかた	0
からこゆんる	4
からこる	1
からっき	2
からば	1
からーふい	2
からぼす	1
からまっず	3
からもじあ	0
からりお	2
からんだっしゅ	4
からんちょ	2
かりあ	1
かりすて	2
かりもく	0
かりゃんだる	2
かりるちょら	3
かりんぱちゅぷ	4
かるきんぐ	3
かるこむ	1
かるそかんせ	4
かるそにっく	3
かるち	1
かるてぃな	0
かるてっくす	3
かるでぃな	0
かるとぅじお	3
かるぬーてーす	5
かるねいあ	3
かるのーの	3
かるぱと	0
かるびー	1
かるぽる	1
かるまく	0
かるまっく	3
かるりーの	3
かるるく	2
かるれ	1
かるーあ	2
かーるあ	1
かれすと	2
かれっつぁ	2
かればーら	3
かれゔぁーら	3
かれらぃかれら	5
かれらいかれら	5
かれわら	0
かれんぶろっそ	5
かろごんず	1
かろしゅてぃ	2
かろやん	1
かろりんぐ	1
かろるこ	2
かろーりあ	2
かわしょう	2
かわます	0
かんぐー	1
かんごーる	3
かんたか	0
かんたす	1
かんだまにや	4
かんちゅえる	1
かんとるー	1
かんどんぶれ	3
かんなだ	0
かんにぱにあ	4
かんぱにょーろ	4
かんぼあんせ	4
かーじゃーる	3
かーでぃす	1
かーび	1
かーゔぃ	1
かーまっけん	3
かーめっくす	3
かーらいす	3
かーり	1
かーるすばーぐ	5
かーれーや	3
がいあっくす	3
がいあーく	3
がうらんど	3
がおがいがー	3
がげなう	1
がじべりびんぱ	5
がじゃまだ	0
がすとろんじゃー	4
がすぴたん	3
がすぷろむ	3
がずーば	2
がぜった	2
がたらっと	3
がちふろ	0
がちゃぴん	0
がっぜってぃーの	5
がっちゃぴん	1
がっとりんず	1
がでりうす	3
がなりー	1
がねしゃ	1
がねーしゃ	2
がばり	1
がぶりえら	3
がみらす	1
がめら	1
がやん	1
がらすてぃあ	3
がらたさらい	4
がらぬす	1
がららにょろろ	0
がりまーる	3
がりゅーだ	2
がりれー	0
がるがなーく	4
がるがんちー	3
がるご	1
がるち	1
がるとまいやー	4
がるばにゃーてぃ	4
がるび	1
がるゔぃ	1
がるふぁ	1
がるまん	1
がるむ	1
がるら	1
がるるもん	3
がるーだ	2
がろ	1
がんだるば	3
がんだるゔぁ	3
がんだーる	3
がんでん	1
がんばるおー	3
がんばるがー	3
がーさんと	3
がーどろがーど	5
がーどん	1
きあら	1
きえーぼ	2
きかいだー	2
ききらら	0
きくぷろ	0
きくゆ	1
ぎくゆ	1
きさな	1
きさら	1
きしりうむ	3
きしりっしゅ	2
きじお	0
きすまいふっと	5
きずばん	0
きちこ	1
きっころ	1
きっこーまん	3
きっどぴくす	4
きなーじい	2
きにーりー	2
きのぐらーふぇん	4
きばっと	2
きぱわー	1
きぷしぎす	3
きぷちゃく	1
きぷちゃっく	1
きべす	1
きまぐれん	2
きむこ	1
きゃいーん	2
きゃしあ	1
きゃしゃれる	1
きゃしゃーん	2
きゃすてむ	1
きゃすりあくと	4
きゃすろん	1
きゃせりーに	3
きゃたおら	0
きゃっしーく	3
きゃでぃらっく	1
きゃとれふ	1
きゃどべりー	3
きゃどばりー	1
きゃぴたらんど	4
きゃめい	1
きゃめでぃあ	2
きゃらんうぉるど	4
きゃんちょめ	0
きゃんどぅ	0
きゃんどぅー	3
きゃんなす	1
きゃんぱる	1
きゅきゅっと	2
きゅっぱ	1
きゅなーど	2
きゅらーず	1
きゅれる	1
きゅーさい	0
きゅーぴー	1
きゆーぴー	1
きゅーん	1
きょろ	1
きょんぼっくん	3
きよず	1
きりうぉっち	3
きりた	1
きんくす	1
きんくりーつ	4
きんぐへいろー	4
きんしゃん	1
きんたぐりお	4
きんちょーる	3
きんなら	0
きーえんす	1
きーとぅざみんと	5
ぎお	1
ぎがんてぃーにょ	4
ぎがんてくす	4
ぎがんとふぁるたー	5
ぎこ	1
ぎどら	1
ぎぬふ	1
ぎぶりーず	1
ぎゃざりあ	2
ぎゃすー	1
ぎゃらっぷ	1
ぎゃらんつ	2
ぎゃーとるず	1
ぎらるでっり	4
ぎりやーく	3
ぎるもん	1
ぎろろ	1
ぎーたーんじゃり	3
くあえまりしにこ	6
くあざーる	3
くあーず	1
くいすくいす	4
くいんく	2
くいんてっせんす	4
くいんとりっくす	5
くいーぽ	2
くいーんずぼろ	6
くうぃーんずぼろ	6
くぅあーと	3
くうあーと	3
くあんとろ	2
くうが	1
くえいざー	2
くえちあぴん	3
くおーど	2
くぉーる	2
くおーる	2
くくるかん	2
くさら	1
くしがみね	3
くしたに	2
くしゃーな	2
くしゅか	1
くたすりあ	2
くとぅるー	1
くないぷ	2
くなうす	2
くにや	1
くにん	1
くぬむ	1
くのり	1
くのーる	2
くのーぴくす	4
くぴすにけ	3
くますけ	2
くまのい	3
くらいすらー	2
くりすらあ	2
くらいずらー	2
くらいとっくす	4
くらしなまっじ	5
くらしゅあ	2
くらっくす	2
くらなど	0
くらなび	0
くらびのーば	4
くらむぼん	2
くららんす	2
くらりす	1
くらーくす	2
くりあく	1
くりえ	1
くりお	1
くりおねっくす	4
くりかん	1
くりすてぃーず	2
くりなっぷ	3
くりにけあ	4
くりにーく	3
くりねっくす	3
くりばっく	3
くりぼー	1
くりんぎっと	4
くりんげ	2
くりんごん	2
くりんすい	2
くりーちゃー	2
くりーでんす	2
くるっくしゃんくす	5
くるでぃー	1
くるまんじー	3
くるーく	2
くるーど	2
くれあもんと	4
くれあらしる	3
くれあーず	2
くれいつ	2
くれおす	1
くれすてぃ	2
くれっしぃ	2
くれっしー	2
くれどぽー	3
くれどぼー	3
くれまとりあ	4
くろいつぁー	2
くろすうぃんず	4
くろれっつ	1
くろろーく	3
くんすんしうる	5
くんでん	1
くんぼ	1
くーかい	1
くーくらっくすくらん	8
くーどぅーず	1
くーぱーず	1
ぐあなら	0
ぐあらにー	2
ぐいんじぇ	2
ぐだいびや	2
ぐっすみん	1
ぐっちっしま	3
ぐぬーてら	2
ぐのーしるぐ	4
ぐふ	1
ぐむ	1
ぐやとーん	3
ぐらにんぐす	3
ぐらばか	0
ぐらびす	1
ぐらふぇんかーすてる	5
ぐらまぼん	3
ぐらまん	2
ぐらみー	0
ぐらむす	1
ぐらるふぁん	2
ぐらんせいざー	4
ぐらんでぃす	2
ぐらんでぃー	2
ぐらんでゅお	2
ぐらんでーぬ	4
ぐらんぱずどりーむ	7
ぐらんびあ	2
ぐらんゔぃあ	2
ぐらーどん	2
ぐりっく	2
ぐりふぃんどーる	5
ぐりべっく	3
ぐりみくろん	3
ぐりむす	1
ぐりんごっつ	4
ぐるこばい	3
ぐるねい	1
ぐるん	1
ぐれいしぃ	2
ぐれいしー	2
ぐれすでん	2
ぐれた	1
ぐれんばーん	4
ぐれんゔぁーん	4
ぐろづか	2
ぐろとりあん	3
ぐんがん	1
ぐんじぇいみ	3
ぐんぜ	1
ぐーず	1
ぐーふぃ	1
ぐーふぃー	1
けあべあ	3
けいてむ	1
けいはん	1
けいろーまん	3
けいろん	1
けいろーん	3
けおす	1
けごん	0
けしみん	1
けすれー	1
けっこーまん	3
けっず	1
けつぁるこあとる	4
けつあるこあとる	5
けつのぽりす	4
けつめ	0
けてっく	2
けとるしゃむ	2
けなっしー	2
けなろぐ	1
けゔず	1
けぶぺる	1
けぺら	1
けみふぁ	1
けみん	1
けむーる	2
けやっきー	2
けらいと	2
けらすたーぜ	4
けらちなみん	0
けらのぶ	2
けらりくるび	4
けるでぃす	1
けると	1
けるべろす	3
けれいと	2
けれっくす	2
けろきゅー	2
けろよん	1
けろりん	1
けろろ	1
けんうっど	3
けんた	1
けんたうるす	4
けんたうろす	4
けんだっぱ	3
けんめり	0
けーえすえす	5
けいえすぴー	5
けいえむえぬ	5
けーえむえぬ	5
けーえーじぇー	5
けいでぃーでぃーあい	7
けーねっと	3
けーれっくす	3
げえず	1
げしゅたぽ	0
げしゅたーぽ	3
げじらー	1
げってぃ	1
げっぱ	1
げぶらうす	3
げりらりら	3
げるく	1
げるぐぐ	0
げるむ	1
げんきー	1
げんたしん	1
げーうぉーる	3
げーたれーど	4
こあむ	1
くぁんとろー	5
くあんとろー	5
こあんとろー	3
こあーず	1
こいんどしるばー	5
こうつ	1
こくとじゅりあん	4
こくま	1
こくよ	0
ここでしか	3
ここも	1
ここりこ	0
ここるる	0
こころぐ	0
こさ	1
こさりーべるまん	5
こしじろ	0
こじぇま	1
こじこじ	0
こじっと	2
こすけ	0
こすとこ	0
こすまんす	3
こすみりおん	3
こすめにえんす	3
こすぐろ	0
こずぐろ	0
こずろずい	3
こせいだー	2
こせいどん	2
こだくろーむ	4
こだっく	1
こだーる	2
こっぱー	1
こっぺりあ	3
こっりえーれ	4
ことでん	0
ことら	1
こにー	1
こばじん	1
こぱとーん	3
こぱん	1
こびしんと	3
こびじんと	3
こまかぶと	3
こまんち	2
こまんちぇ	2
こみんたーん	4
こみんてるん	4
こみんふぉるむ	4
こむすん	1
こむそもる	3
こむなーれ	3
こむら	1
こむる	1
こめひょう	2
こめるつ	2
こもどーる	3
こゆか	1
こりやーず	3
こるげん	1
こるげーと	3
こるこらん	2
こるさんと	3
こるせぐろす	4
こるせす	1
こるてっつ	3
こるはまな	3
こるべあ	0
こるゔぇあ	0
これつぃおーね	4
これど	1
これーる	2
ころすけ	2
こわーく	2
こわーす	2
こんぎらと	3
こんくりん	1
こんこるでぃあ	4
こんごうりきしおー	7
こんさどーるず	4
こんちゅら	0
こんとらべす	4
こんばうん	3
こんばーす	1
こんぱっく	1
こんめぼる	3
こーだりー	1
こーにんぐ	1
こーらっく	1
こーんこぴあ	4
こーんず	1
ごくーら	2
ごごー	1
ごしゅーと	2
ごしれ	1
ごだいご	2
ごどらん	1
ごもら	1
ごやーる	2
ごらんでぃしゅな	4
ごらんど	2
ごりさ	0
ごりど	1
ごるかる	1
ごるごん	1
ごるごーん	3
ごーごん	1
ごるどくらうん	5
ごれんず	2
ごろーだー	2
ごんぞーら	3
ごんた	1
ごんちち	0
ごんばれー	3
ごんぽ	1
ごーおんじゃー	3
ごーぐ	1
ごーごーさん	3
ごーもん	1
ごーるでんじゃっく	6
ごーるでんふぇざんと	7
ごーるどうぃん	5
ごーれむ	1
ごーれん	1
さいえんとろじー	5
さいが	1
さいけでりこ	4
さいぜりあ	0
さいぜりや	0
さいばーど	3
さいぼうず	1
さいぼっと	3
さいや	1
さいりっくす	3
さうぃん	1
さうすぶるっく	5
さかつ	1
さきゅろず	1
さくそれーぬ	4
さくそん	1
さくだい	2
さくらえいこうおー	6
さくらすーぱーおー	6
さくらばくしんおー	6
さくられいり	4
さくれ	1
さこす	1
ささるん	1
さざびー	1
さざびーず	1
さじお	1
さすぺりあ	3
さそーる	2
さたーふぃーるど	4
さっかにー	1
さてぃ	1
さとこむ	1
さとられ	0
さどかい	2
さどらーずうぇるず	6
さどわ	1
さにっくす	2
さにーく	2
さのふぃ	1
さのふろーる	4
さはし	1
さばてぃーに	3
さびーに	2
さびーにー	2
さびーね	2
さぴっくす	2
さふぁびー	1
さふぁゔぃー	1
さぶりっしむ	3
さぷたまんだら	4
さべっくす	2
さゔぇっくす	2
さべな	1
さぼんぐら	2
さぽてか	0
さまんこーる	4
さむしん	1
さむそないと	4
さむそんびっぐ	5
さむにん	1
さむふん	1
さめじま	0
さもいぇーど	3
さもえーど	3
さらしぇ	1
さらぜーしょん	3
さらなっく	3
さらーま	2
さりあ	1
さるてぃんばんこ	5
さるばーすてぃばーでぃん	7
さるぴす	1
さるむそん	3
されじお	0
さろんぱす	2
さわこー	2
さんうーぽんにゃーしん	7
さんゑ	1
さんえい	0
さんえー	0
さんがろ	0
さんきすと	3
さんきーるたな	5
さんくむ	1
さんくろーる	4
さんげつ	1
さんごばん	3
さんしびお	3
さんじゃぽ	0
さんすぽ	0
さんずふっと	4
さんそびーの	4
さんそゔぃーの	4
さんとぴあ	3
さんどはーすと	4
さんにち	0
さんねっか	3
さんのーば	3
さんはやと	1
さんはーじゃ	3
さんばるかん	3
さんぱる	1
さんふぁーれ	3
さんふれ	0
さんふれっちぇ	4
さんひどりん	3
さんへどりん	3
さんぼん	1
さんぽーる	3
さんまんじぇ	3
さんむん	0
さんよんすんでくっ	7
さんらいてんぐ	5
さんりお	0
さーきゅりすと	4
さーくそす	3
さーくれいす	4
さーすれあ	3
さーたばーはな	4
さーたゔぁーはな	4
さーびあ	1
さーぺんふろ	3
さーめ	1
ざいろん	1
ざがーと	2
ざくむ	1
ざざ	1
ざすぱ	1
ざっつざぷれんてぃ	6
ざっぷ	1
ざなっくす	2
ざのさーる	3
ざのりーに	3
ざのーね	2
ざばす	1
ざふぃーら	2
ざふと	1
ざぶる	1
ざむ	1
ざむすと	2
ざるこにん	0
ざるばーとる	3
ざるゔぁーとる	3
ざれま	1
ざんとれっくす	4
ざーろっく	3
しあとるず	1
しありす	1
しあーず	1
しいべるへぐなー	5
しぇあそん	1
しぇとらーせ	3
しぇぶろん	1
しぇらとん	1
しぇるどにあん	3
しぇれかん	1
しぇんかー	1
しぇーきーず	1
しぇーりんぐ	1
しえーりんぐ	1
しえんた	2
しおのぎ	0
しぐなす	1
しぐねっと	3
しぐば	1
しぐゔぁ	1
ししみん	1
しじっくす	2
しすこむ	1
しすちおーる	4
しすてぃな	0
しすてぃーな	3
したんさわ	2
しったかぶった	5
しとらすか	3
しとれら	0
しどびしゃす	3
しどれー	1
しなりー	1
しにさろ	0
しのあどあ	4
しのけん	0
しびえ	1
しびれさす	3
しぴおん	1
しふぉねっと	3
しぶがき	0
しぶすた	0
しぼね	1
しまじろう	2
しまるんぐん	3
しまろん	1
しゃいれんどら	3
しゃいれーんどら	3
しゃうゆう	1
しゃもん	1
しゃくら	1
しゃっくら	1
しゃす	1
しゃだいあいばー	4
しゃちはた	0
しやちはた	0
しゃとれーぜ	3
しゃみなーど	2
しゃもー	1
しゃらん	1
しゃらんきゅう	2
しゃれお	1
しゃろんず	1
しゃんか	1
しゃんくしゅ	1
しゃんちゅー	1
しゃんてしね	4
しゃんてるず	3
しゃんでりー	3
しゃーがー	1
しゃーぷす	1
しゅあんしゅあん	2
しゅうぇっぷす	2
しゅえっぷす	2
しゅえじーごおん	5
しゅえずぃーごぉん	5
しゅえたごん	2
しゅえなんどー	3
しゅたいげんべるがー	6
しゅたーじ	2
しゅたーるべるね	5
しゅたーるゔぇるね	5
しゅだ	1
しゅってらんつ	4
しゆつてらんつ	4
しゅてぃっひ	2
しゅてふぁんすべっく	6
しゅとるうぇるく	4
しゅなんど	2
しゅぬーとげん	4
しゅねーでる	2
しゅのわ	1
しゅぱるけんぶろーく	7
しゅりーぬ	2
しゅるぐないん	4
しょうえいぷろす	5
しょかるすきー	3
しょしょにー	1
しょしょーに	2
しょっくす	1
しょぱーる	2
しょーしゃんく	3
しらぐ	1
しりうす	1
しりしゃま	0
しるうぁぬす	4
しるうあぬす	4
しるふぃ	1
しるまりるりおん	5
しるる	1
しれがる	1
しろべえ	1
しんくす	1
しんこうしんぐらー	5
しんこうらぶりい	5
しんこむ	1
しんじぇんた	3
しんてぃ	1
しんでぃー	1
しんはら	1
しんふう	0
しんふぇいん	3
しんぼりくりすえす	7
しんぼりぷらっと	6
しんぼりまるたん	5
しんぼりるどるふ	6
しんみょん	1
しーあーるえる	6
しーえむしー	5
しーえむゆー	5
しーえーいー	5
しーがるず	1
しーぐらむ	3
しーこむ	1
しーざりお	3
しーしーず	1
しーたす	1
しーてっく	1
しーぱっしょん	3
しーびーくいん	6
しーふりーじあ	4
しーめんす	1
しーらぼ	0
じぇいどろばりー	5
じぇいろばりー	3
じぇだい	1
じぇっかー	1
じぇっくす	1
じぇった	1
じぇとろ	1
じぇにゅいん	1
じぇにんぐす	2
じぇねし	1
じぇねっくす	2
じぇねんてっく	4
じぇべる	1
じぇむちゅーぐ	3
じぇるす	1
じぇれいど	2
じぇろにもす	3
じぇーしーおー	5
じぇーたばな	3
じぇーたゔぁな	3
じぇーに	1
じおしてぃーず	3
じおてぃーず	1
じおじお	0
じおす	1
じおている	3
じおぷらす	3
じおまぐ	0
じおりってぃ	3
じおんぐ	2
じたーず	1
じっくりん	1
じったりんじん	6
じっつお	1
じにーめい	4
じぷた	1
じぷれきさ	3
じべ	1
じゃいがんてぃか	3
じゃうりむ	1
じゃがりこ	0
じゃがんなーと	4
じゃくすどろーん	5
じゃくる	1
じゃぐどぅーと	3
じゃこばん	1
じゃすこ	1
じゃっくりー	1
じゃっしー	1
じゃっど	1
じゃねす	1
じゃぱげてぃ	3
じゃぱねっと	3
じゃぱはりねっと	5
じゃびっと	1
じゃふこ	1
じゃふりーや	3
じゃぶれ	1
じゃましい	1
じゃみら	1
じゃみろくわい	5
じゃみん	1
じゃらいと	2
じゃらな	1
じゃりあんわーらー	5
じゃりやーんわーらー	6
じぁんじぁん	1
じゅぐり	1
じゅじゅびー	1
じゅすか	1
じゅっぷ	1
じゅてぃんぐ	2
じゅどうえすとふぁーれん	7
じゅねおがた	3
じゅみえーる	3
じゅりあーど	3
じゅりあーる	3
じゅるちん	1
じゅんく	1
じゅーちか	0
じょあんず	1
じょいっくす	2
じょいなす	1
じょごー	1
じょなお	0
じょはり	1
じょぱどら	0
じょびじょば	0
じょぶろ	1
じょも	1
じょりびー	1
じょれん	1
じょんこ	1
じるおーる	3
じれっと	1
じんぼりー	1
じんろ	1
じーじょ	1
じーの	1
じーば	1
じーゔぁ	1
すいえん	1
すいおう	3
すいすぺ	0
すいぜん	0
すいっくぷらす	5
すいみー	1
すいゆ	1
すいーぷとうしょう	5
すうぃっしゃー	2
すうぉっち	2
すえまえ	2
すかいそうあー	4
すかいぷ	2
すかいる	2
すかれー	1
すかんじなーぼ	5
すかんぢなあゔお	5
すかんでぃあ	2
すがつね	2
すがのおーじ	4
すがのほまれ	4
すきたい	0
すきゅてぃあ	2
すきなべーぶ	4
すきなーど	3
すきゃばーず	2
すぎのたいこう	4
すくあぴゅーる	4
すくうぇいぶ	3
すくりぶなーず	3
すくわーみー	3
すこーぴす	2
すじゅ	1
すずけん	0
すたいらーず	2
すたいりー	2
すたいれっく	2
すたいんうぇい	5
すたっきーず	2
すたっぷ	2
すたば	0
すたんでん	2
すたんふぉーでぃあなむ	7
すたーおぶこじーん	7
すたーな	2
すたーぺすしんた	6
すたーろっち	4
すたーんず	2
すちゅーしー	2
すてゅーしー	2
すてぃっち	2
すてぃら	1
すてぃんぴー	2
すてぃーらーず	2
しゅてっとらー	2
すてっどらー	2
すてるびあ	3
すてるゔぃあ	3
すてれぐーしちー	6
すてーじあ	2
すとらいだ	3
すとらすぶるご	5
すとらとすふぃあ	5
すとらとばりうす	5
すとらとゔぁりうす	5
すとらねす	3
すとりーめりか	5
すとれいてなー	5
すとろーばんき	5
すとろーむ	3
すとーりあ	2
すとーんへんじ	5
すなっぷる	2
すねくま	2
すのーぐれいど	5
すばやんぶーなーと	7
すゔぁやんぶーなーと	7
すばるた	2
すゔぁるた	2
すぱうざ	2
すぱすきー	2
すぴのーじ	3
すぴらとーん	4
すぴりしゃどう	4
すぴりーば	3
すぴんぐる	2
すぴんず	0
すぴーどしんぼり	5
すふぴあっく	4
すぶど	1
すぷーるん	2
すぺつなず	3
すぺりあ	2
すぺーしあ	2
すぺーるが	2
すほい	1
すほーい	2
すぽにち	0
すぽぱーく	3
すぽぽたみん	4
すまいそん	2
すますま	0
すまーふ	2
すみそにあん	3
すみのふ	1
すもか	1
すもっか	2
すらめりかーな	5
すりみあ	2
すりーどーたー	4
すりーまはー	4
するぼるて	3
するゔぉるて	3
するま	1
すれあん	1
すれいぷにる	5
すれいぷにーる	5
すわにー	1
すわひり	0
すわびあ	0
すわゔぃあ	0
すわやんぶー	3
すわりす	1
すわろふすきー	5
すわーすもあ	5
すわーずもあ	5
すんと	1
すんーず	1
すーぱーくりーく	6
すーぶん	1
すーゔん	1
すーぷーしゃん	3
ずごっく	1
ずごっぐ	1
ずたぼろ	0
ずっか	1
ずっきーの	3
ずみくろん	3
ずーらしあ	3
ずーるー	0
せあと	1
せいくう	1
せいくうおー	3
せいざいとがいー	6
せいざーたりあす	5
せいざーだいる	5
せいざーべるそー	5
せいざーゔぇるそー	5
せいざーみとらす	5
せいざーりおん	5
せいざーれむるず	5
せいりっしゅ	3
せいれーんずそんぐ	7
せいんずべりー	5
せおてぃ	1
せおてぃー	1
せぐる	1
せこにっく	1
せさ	1
せじあらとみ	4
せぢあらとみ	4
せすな	1
せぞん	1
せだーい	2
せだーくれすと	5
せでぃあ	1
せでぃっく	1
せなんく	2
せなーる	2
せにゃーうぃん	2
せのい	1
せばめど	0
せふぁ	1
せふぃろと	0
せふぉら	1
せふとりあきそん	5
せぷてぃ	1
せぷてむ	1
せぼん	1
せぼーどにゃ	2
せまてっく	1
せみのーる	3
せらてぃ	1
せらべら	0
せらみす	1
せりーま	2
せるでぃ	1
せるふりっじず	4
せるべしーど	4
せるゔぇすぃーど	4
せるまー	1
せれが	1
せれすけい	2
せれっくす	2
せれびーな	3
せれゔぃーな	3
せれら	1
せれーら	2
せんぐさばん	4
せんてぃあ	1
せんてぃねる	1
せんとらいと	4
せんぷろん	1
せんめっど	3
せんりま	3
せーぬあきら	4
せーれん	1
ぜあす	1
ぜくしぃ	1
ぜくしー	1
ぜくりぷす	3
ぜすと	1
ぜだーん	2
ぜっとてぃゔぃ	6
ぜっとん	1
ぜっぺけ	0
ぜにがたいむ	4
ぜねらり	0
ぜのぱれす	3
ぜのんず	2
ぜびうす	1
ぜふぁーま	2
ぜふぃーる	2
ぜまてぃす	1
ぜらいす	2
ぜらぴおん	2
ぜりあ	1
ぜるびあ	0
ぜろっくす	2
ぜんた	1
ぜんだ	1
ぜんとらーでぃ	4
ぜんのろぶろい	4
ぜんまつ	0
そくぱるあん	3
そくひょん	1
そぐど	1
そこーに	2
そっしゅ	1
そにえり	0
そにっけあー	4
そにぷら	0
そのしーと	3
そのらま	0
そふぃてる	1
そふぃーな	2
そふぃーる	2
そふきの	0
そふこん	0
そふてぃも	0
そふねっと	3
そふらべるだ	4
そふらん	1
そぶらにー	2
そらの	1
そらりす	1
そらろーむ	3
そらん	1
そりあな	0
そりえ	1
そりはな	2
そるにえ	2
そるぶ	1
そるぼ	1
そるぼんぬ	3
そわん	1
そわーにゅ	2
そんそん	1
そんばーゆ	3
そーてっく	1
ぞいど	1
ぞぐびー	1
ぞごっく	2
ぞっかい	1
ぞっく	1
ぞんか	1
ぞんが	1
ぞんだー	1
たあこば	0
たいあぷ	1
たいきしゃとる	4
たいきすてら	4
たいきちぇいさー	4
たいきちぇーさー	4
たいきとれじゃー	5
たいこんでろが	5
たいせいぶれーぶ	6
たいせいぶれーゔ	6
たいたす	1
たいたん	1
たいたんず	1
たいってぃりーや	5
たいてえむ	3
たいはく	0
たいむしーばー	4
たいめっくす	3
たいやい	1
たいれのーる	4
たうすぐ	1
たうとろっふぇん	4
たうなす	1
たうるす	1
たうんぐー	2
とぅんぐー	3
たおず	1
たかげん	2
たかじあすたーぜ	6
たかじやすたーぜ	6
たかたか	0
たかとく	0
たかなし	2
たきはら	2
たくうぇいで	3
たくでん	2
たけしむけん	3
たけもと	2
たこぴ	1
たこべる	1
たこぽん	1
たこらん	1
たしるんぽ	3
たじーる	2
たすかーたそるて	6
たすぽ	1
たたこん	0
たたーる	2
たたーろ	2
ただくま	0
たってぃ	1
たっぱん	0
たっぷだんすしちー	7
たっぷる	1
たてちょう	2
たてほ	1
たとるびー	2
たとわいらー	3
たなせん	0
たにく	0
たにのぎむれっと	4
たにのふぇありー	4
たのもしーもふ	4
たばりん	1
たびっくす	2
たふぃり	1
たふつ	1
たふてぃ	1
たほま	1
たまきほーぷ	4
たましいむ	3
たまにー	1
たまもくろす	4
たみる	1
たみーる	2
たむす	1
たむろん	1
たらすか	2
たらふまら	3
たりばーず	3
たりゔぁーず	3
たるがふろあぶる	6
たるがむ	1
たるせば	0
たるたろす	3
たるてぃん	1
たるーら	2
たれんてぃどがーる	6
たわかるな	3
たわっしー	2
たんがろあ	3
たんぐーと	3
たんごす	1
たんじーむ	3
たんせぶ	0
たんたしる	3
たんどれあ	3
たんのい	3
たんぶる	1
たんゆぐ	0
たーきんぐとん	3
たーくす	1
たーごわいす	4
たーし	1
たーち	1
たーびー	1
だいあくりん	5
だいえっとれーにんぐ	6
だいくま	0
だいせる	1
だいそー	0
だいたくばーとらむ	5
だいたくりーば	5
だいたくりーゔぁ	5
だいたーん	3
だいてっく	3
だいなそあ	3
だいなは	0
だいばっか	3
だいりつ	0
だいわおーしゅう	4
だうちんだうちんりっけんばーぐ	9
だかいん	2
だぐおん	1
だこたず	1
だごん	1
だしぇたー	1
だしゅなき	2
だっきーな	3
だっこん	1
だっしゃー	1
だっそー	1
だっとさん	1
だっとさんず	1
だどぅーだ	2
だないす	1
だないーど	3
だなー	1
だにえり	1
だにしゅめんど	4
だにー	1
だぬまん	1
だぬーら	2
だのい	1
だのん	1
だのんべるべーる	6
だびすた	0
だやく	1
だやっく	1
だやーく	2
だらでぃす	1
だらーら	2
だろっど	2
だろわいよ	3
だんきん	0
だんしんぐぶれーぶ	7
だんすいんざだーく	7
だんたりおん	3
だんつ	1
だんつふれーむ	5
だんのー	1
だんばいん	3
だんばーとん	3
だんひりおん	3
だーうぃんず	1
だーすと	1
だーとます	1
ちぇいて	1
ちぇいるいー	1
ちぇっぐ	1
ちぇとにく	2
ちぇとにっく	1
ちぇぶらーしゅか	3
ちぇめうぇび	2
ちぇめうぇゔぃ	2
ちぇるむずふぉーど	5
ちぇるらー	1
ちゅるらー	1
ちぇろきー	1
ちぇわ	1
ちぇんれーしく	3
ちぇか	1
ちかねる	1
ちくしゅらぶ	3
ちくしゅるーぶ	4
ちちゅるぶ	2
ちけぴ	0
ちちやす	1
ちに	1
ちぬーく	2
ちばがいぎー	3
ちびっくりん	2
ちびて	1
ちびでぃーに	3
ちゔぃでぃーに	3
ちぽら	1
ちむしあん	3
つぃむしあん	3
ちゃうっとーじー	4
ちゃうとーじー	3
ちゃうとーぢー	3
ちゃおちゃお	0
ちゃくぽり	1
ちゃくま	1
ちゃげあす	0
ちゃこっと	1
ちゃざむ	1
ちゃった	1
ちゃっぺ	1
ちゃどりー	1
ちゃはやでわた	4
ちゃびん	1
ちゃぶ	1
ちゃむ	1
ちゃもろ	1
ちゃゆう	1
ちゃんくす	1
ちゃーぼらんと	4
ちゃーんごー	1
ちゅっぱ	1
ちゅっぱちゃぷす	4
ちゅび	1
ちゅぽーん	2
てゅぽーん	2
ちゅらにあん	2
ちゅるく	1
ちゅんぐえん	1
ちゅんそふと	3
ちゅんた	1
ちゅーとん	1
ちゅーびー	1
ちゅーぺっと	1
ちゅーれ	1
てゅーれ	1
ちゅーんばりぐ	4
ちょうかいきゃろる	5
ちょこぼ	1
ちょこら	1
ちょっぴー	1
ちょろきゅー	2
ちょろばい	0
ちょーら	1
ちょーらい	1
ちよだふじ	3
ちよだまさこ	4
ちるたりす	3
ちょわん	1
ちわん	1
ちんぱん	1
つぁこる	1
ちごいねるわいぜん	6
つぃごいねるわいぜん	6
つごいねるわいぜん	6
つぃんつ	2
ついったー	2
ついふぉん	1
ついんとーす	4
つぇざれうぃっち	4
つぇるたる	1
つぇんとろそゆーず	6
つおー	2
つくばしんふぉにー	4
つたや	2
つっきー	1
つぴっく	1
つぶらのおほみ	5
つぼた	1
つぽれふ	1
つらん	1
つわな	1
つーむ	1
てぃあっく	1
てぃあまっと	3
てぃあまと	2
てぃあまーと	3
てぃあむと	2
てぃあーれ	2
てぃが	1
てぃがー	1
てぃぐれっと	1
てぃさな	1
てぃすかしるか	4
てぃたん	1
てぃたーんず	2
てぃっせん	1
てぃっつぃえ	1
てぃねあむ	1
てぃふぁ	1
てぃふぉーじゅ	2
てぃぷとろ	0
てぃもて	1
てぃもん	1
てぃるたます	3
てぃれどん	1
てぃろっく	1
てぃんず	1
ていえむおぺらおー	7
ていえむおーしゃん	5
ていけい	0
ていちく	0
てきさこ	1
てきさすしちー	5
てぎょん	1
てくしす	1
てくにからー	4
てくにけあ	4
てくのす	1
てくのば	0
てくのらてぃ	3
てごます	0
てじっく	1
てすこ	1
てすてぃも	0
てっかまん	1
てっとん	1
てとぅん	1
てとりす	1
てのーみん	2
てぷこ	1
てむざっく	1
てらぴんど	3
てらまいしん	3
てりおす	1
てるあ	1
てるぐ	1
てるだーみす	3
てるぷしこーれ	5
てるやん	1
てるーす	2
てれうぇい	1
てれうぇいぶ	3
てれうぇいゔ	3
てれうぉーかー	3
てれこずむ	3
てれこみっしょん	4
てれざーと	3
てれたびーず	1
てれとう	0
てれのる	1
てれぱる	1
てれぴゅー	1
てれふぉにか	3
てれふんけん	3
てれーむ	2
てんざんゆたか	5
てんどるまん	3
てんぴゅーる	3
てんぽす	1
てーらばーだ	4
てーらゔぁーだ	4
であでぃあ	0
でぃあごすてぃーに	5
でぃあごの	0
でぃあでらのびあ	5
でぃあどら	0
でぃあぱそん	3
でぃあもんと	3
でぃおりっしも	3
でぃおーね	2
でぃくそぬす	3
でぃくたふぉん	3
でぃくとん	1
でいっぐ	1
でぃぐにーた	2
でぃしら	1
でぃすこんと	3
でぃすたごん	3
でぃのす	1
でぃびのーら	3
でぃゔぃのーら	3
でぃふぃにしる	2
でふぃにしる	2
でぃふとぼる	3
でぃぷしー	1
でぃぷてぃっく	3
でぃまーじゅ	2
でぃめんしあ	2
でぃやうす	1
でぃらいてぃあ	2
でぃるけ	1
でぃれくてぃーびー	6
でぃあいてぃ	2
でぃーが	1
でぃーせす	1
でぃーゔぁ	1
でぃーぱばり	4
でいてる	1
でおくりすたる	4
でおでお	0
でおなちゅれ	3
でかびろ	0
でかめろん	3
でかれんじゃー	3
できごとろじー	4
でくすとらん	3
でごいち	2
でじたるゆにっくす	6
でじれる	1
でーすとろーん	5
ですとろん	3
でだ	1
でっか	1
でっくす	1
でっくらぼー	4
でとるしとーる	5
でにーず	1
でねる	1
でのん	1
でんおん	0
ではびらんど	4
でばなーがりー	5
でびあす	1
でびあーす	3
でびはむ	1
でびるずばっぐ	5
でゔぃるずばっぐ	5
でふすたー	2
でふれぱーど	4
でみお	2
でみどふ	1
でみねっくす	3
てめーる	2
でめる	1
でーめる	1
でゅおふぉーるど	3
でゅふら	1
でゅぽん	1
でゅらす	1
でゅられっくす	3
でゅろん	1
でゅーくもん	1
でゅーぶるべ	4
でらっぷす	2
でるえるばはり	5
でるたぶるーす	5
でるばー	1
でるふぁい	1
でるもかるまん	4
でるもんて	3
でろると	2
でろんぎ	2
でんたー	1
でんどろかかりあ	6
でんどろかかりや	6
でんぱく	0
でーく	1
でーてる	1
でーびー	1
といざ	1
といざらす	1
とぅいんご	2
とぅいてぃー	2
とぅいーてぃー	2
とぅうぃーてぃー	2
とぅくろーる	3
とぅらす	1
とぅらら	1
とぅるなん	1
とぅわ	1
とぅーぱらーま	4
とぅーれっと	3
とうかいていおー	7
とーかいてーおー	7
とうかいぽいんと	5
とうしょうぼーい	5
とうちゃ	1
ときた	1
ときのみのる	4
ときめっく	3
とくず	1
とげぞー	0
とすてむ	1
とすぽ	1
とっず	1
とつぎーの	3
ととなか	0
となでぃーりゃす	3
とにーざぷりんす	6
とにーびん	2
とぴれっく	1
とぴーく	1
とぽわ	1
とみこーる	3
とみーず	1
とむす	1
とむて	1
ともず	1
ともと	1
ともふじ	2
とよぺっと	3
とらいぶ	2
とらじゃ	1
とらすとかんかん	5
とらすとせれびー	5
とらっきー	2
とらでま	0
とらばはどーれす	5
とらふぉでーた	4
とらぷす	1
とらむくー	2
とらんこむ	2
とらんず	2
とらんぱす	2
とらんぴお	2
とりあのん	3
とりぜっく	3
とりっかーず	2
とりにとろん	4
とりるびー	2
とりんぷ	2
とるぐーと	3
とるこめん	3
とるっぱ	2
とるてか	0
とるふと	2
とれいしーず	2
とれくす	2
とれしー	1
とれそーら	3
とれとん	1
とろいりー	2
とろっぐす	2
とろでーん	3
とろぴかーな	4
とろろーく	3
とわいにんぐ	2
とわにー	1
とわめろん	3
とんからりん	3
とんきー	1
とんぐうぇ	1
とんた	1
とんてぃーぬ	3
とんでみーな	4
とんねるず	1
とーくつ	0
とーず	1
とーどりっく	4
どあら	1
どいと	1
どぅひっく	2
どぅびねっと	3
どぅゔぃねっと	3
どぅもわぜる	3
どぅらご	1
どぅらもん	1
どるーず	2
どぅわみっしゅ	2
どぅーさん	1
どぅーじえむ	3
どぅーずぃえむ	3
どぅーぱ	1
どうとのさんた	4
どうにゃ	1
どかべん	0
どくぱ	1
どくめんた	3
どぐらまぐら	4
どぐりんぴっく	5
どごん	1
どすぴらす	3
どすぺ	0
どずわーす	3
どっぐん	1
どっちゃだんね	4
どっとこん	1
どっどうぇる	1
どつどうえる	1
どつくぞーん	4
どてちん	0
どなとす	1
どなどな	0
どみにち	2
どもほるん	3
どもほるんりんくる	6
どもり	1
どらいぶもん	0
どらえもんず	3
どらごんぜあー	5
どらびだ	0
どらゔぃだ	0
どらみ	0
どらもん	0
どらもんど	1
どらーじ	2
どらーじゅ	2
どりあで	0
どりとす	1
どりふたーず	2
どりーな	2
どるあーが	3
どるがば	0
どるくるす	1
どるじぇ	1
どるびー	1
どるまばふちぇ	4
どれいぱー	2
どれくすらー	3
どれくせる	2
どれすなー	2
どろたんず	1
どろってぃんほるむ	6
どろぼ	1
どろろ	1
どろんず	1
どろんぼー	2
どんく	1
どんじゃら	1
どんそん	1
どーどるおーず	5
どーりあ	1
どーんれい	1
ないあーど	3
ないすがるぼ	4
ないちち	0
ないとりっだー	4
ないとろ	0
ないまん	0
ないーま	2
なうぃーでーさはる	6
なうか	1
なかしん	2
なかそた	0
なくしゅばんでぃ	4
なくしゅばんでぃー	4
なくぱどん	3
なぐましょっと	4
なげーまん	2
なしゅあ	1
なすかー	1
なすのまどか	4
なすぱ	1
なたらーじゃ	3
なちゅらっしゅ	3
なちゅりえ	2
なちゅりな	2
なちゅろぱす	3
なちゆろぱす	3
なちゅろん	1
なっしゅまるくと	6
なっつばいらー	4
なっつゔぁいらー	4
なっどさっと	4
なてぃえら	0
などぅぶ	1
なない	1
ななお	0
なぬちか	2
なばほ	1
なゔぁほ	1
なばーな	2
なぱさ	1
なぱらい	1
なびげってぃ	3
なびすこ	2
なぴあ	1
なふぁぬあ	0
なぶすたー	2
なぶてすこ	3
なぶー	2
なぷすたー	2
なべっこ	2
なべぷろ	0
なぼな	1
なまほえ	0
なむせー	1
なりたぶらいあん	5
なるたん	1
なるとか	0
なるみや	0
なわとる	1
なわーりん	2
なんぱや	0
なんよーあるとらぶ	8
なんよーりばー	5
なーが	1
なーきよい	1
なーっきよい	4
にこす	1
にこまーと	3
にしいち	2
にしきぱらだいす	4
にしむた	0
にすがー	1
にすも	1
にちあす	0
にちぇぼ	1
にちぇゔぉ	1
にちはん	0
にちばん	0
にちりょく	0
にちれい	0
にっきん	0
にっきー	1
にっこーる	3
にっぱつ	0
にっぽーていおー	7
にでっく	1
にとり	1
にぬふわ	0
にびる	1
にふてぃ	1
にふてぃー	1
にぶひ	1
にぶふ	1
にゔふ	1
にぶるす	1
にべあ	1
にむだ	1
にゃろめ	0
にゃんこす	1
にゃんた	1
にゃんち	1
にゃんちゅう	1
にゃんまげ	0
にゅとりふぃっと	4
にゅるぜー	1
にゅーうぇいず	3
にゅーうえいず	4
にゅーきー	1
にゅーぎに	0
にゅーなんぶ	3
にゅーはーど	3
にうぽーる	3
にゅーぽーる	3
にゅーまんず	1
にゅーらー	1
にょぐた	1
にんてる	1
にーべるんぐ	4
ぬきなび	0
ぬこぉーかー	2
ぬこーかー	2
ぬみ	1
ぬれいえふ	2
ぬんな	1
ねおぱん	1
ねおめいと	3
ねがら	1
ねぎだる	1
ねくろのみこん	4
ねくろのーむ	4
ねくろもんがー	4
ねすかふぇ	3
ねすぱ	1
ねすれ	1
ねずぱーす	3
ねたりか	2
ねっかりっち	4
ねっかー	1
ねっとるふぉーど	5
ねとん	1
ねどろいど	3
ねばーびーと	4
ねゔぁーびーと	4
ねぺんさ	2
ねぼ	1
ねゔぉ	1
ねむず	1
ねるとん	0
ねれいです	2
ねれいど	2
ねわーる	2
ねーちゅん	1
ねーはいしーざー	5
のあしぇらん	3
のあれ	1
のいしゅばんしゅたいん	7
のいしゅわんすたいん	7
のいしゅゔぁんしゅたいん	7
のえびあ	2
のくごぶりん	3
のくちるっくす	3
のくとん	1
のさも	1
のじぇす	1
のぼ	1
のゔぉ	1
のむばら	0
のもくま	0
のらくろ	0
のりーず	1
のるでぃじぇくと	0
のるでぃとろぴん	5
のるばさん	0
のるばすく	3
のるぶりんが	4
のるまんとん	3
のんきー	1
のんの	1
のーがはいど	4
のーぐり	1
のーさんがー	3
のーどすとろむ	5
のーどすとろーむ	6
のーべすぱじお	5
のーぼすち	3
のーりーず	1
はいあーる	3
はいえなーど	4
はいしー	1
はいず	1
はいせいこー	3
はいせーこー	3
はいぞん	1
はいだるはーね	5
はいとらぷす	4
はいどろきしだーぜ	7
はいねけん	1
はいぽじうむ	4
はいぽねっくす	4
はいみー	1
はいゆに	0
はいるまん	1
はうぃや	1
はうさ	1
はうすてんぼす	1
はうらんど	3
はうりーふぁんご	5
はがな	1
はがなー	1
はくえいほう	3
はくずいこう	3
はぐおーわー	3
はぐばーど	3
はこばこ	0
はざっく	1
はしはか	0
はしゅー	1
はじゃーいむ	2
はすきーず	1
はすくばーな	4
はすくゔぁーな	4
はださ	1
はちこ	1
はちそん	1
はっそーばっそー	5
はってぃ	1
はっぴーとれいるず	6
はとほる	1
はとや	2
はなこうじ	3
はなふぃー	1
はなまさ	0
はなろ	1
はにっく	1
はにっくす	2
はねうぇる	1
はねうえる	1
はねるすふす	4
はばすぱい	2
はゔぁすぱい	2
はばふぉーど	3
はゔぁふぉーど	3
はばん	1
はぱく	1
はふぃー	1
はぷす	1
はほにこ	0
はますた	0
はむお	0
はむこ	1
はむず	1
はむたろう	2
はむはむ	1
はもねぷ	0
はらーず	1
はーらーず	1
はりばーとん	3
はるうらら	1
はるおふぉん	3
はるをふぉん	3
はるかり	0
はるしねいとげいず	7
はるた	1
はるだはと	3
はるどぅにあ	0
はるび	1
はれくらに	3
はれぐぅ	1
はれぐう	1
はろっず	1
はろぷろ	0
はろもに	0
はわいろあ	4
はんがろりんく	5
はんじろー	1
はんそる	1
はんでぃーず	1
はんびー	1
はんふぁ	1
はんふぁれー	1
はんふぉーず	3
はーせぷちん	3
はーねら	1
はーばしん	1
はーびす	1
はーびー	1
はーゔぃー	1
はーべい	1
はーまじぇすちー	4
はーみてーじ	4
はーもにてぃ	3
はーれー	1
ばいあこむ	3
べいえんこるふ	5
ばいくんた	3
ゔぁいくんた	3
ばいしぇーしか	3
ゔぁいしぇーしか	3
ばいすろい	1
ゔぁいすろい	1
ばいそ	1
ばいたぐらふ	4
ゔぁいたぐらふ	4
ばいたみっくす	4
ばいていりす	3
ゔぁいていりす	3
ばいぶーる	3
ばいらむ	1
ばいろむ	1
ばうはうす	3
ばがばっどぎーたー	6
ばがん	1
ばきず	1
ばきゅら	1
ばくしー	1
ばくてん	0
ばくーら	2
ばさく	1
ばさる	1
ばしるうぇるけ	4
ばじぇんず	2
ゔぁじぇんず	2
ばじゃう	1
ばじりこっく	4
ばじーれ	2
ばすおん	1
ばすくりん	3
ばすて	1
ばたっく	2
ばたみんど	3
ばちゅーむ	2
ばっくびーく	4
ばっちぃ	1
ばってる	0
ばっへ	1
ゔぁっへ	1
ばつぉきは	2
ばとらーつ	1
ばとりょ	1
ばどわいざー	3
ばにりあ	2
ばはい	1
ばはーい	2
ばばどぅどぅ	3
ばばもん	0
ばばーる	2
ばびえか	2
ばふぉめっと	3
ばぶろん	1
ばぼら	1
ばぽな	1
ばもいどおき	4
ばもす	1
ばやしこふ	3
ゔぁやしこふ	3
ばらきあ	0
ゔぁらきあ	0
ばらくーた	3
ばらけまっは	4
ばらてぃえ	2
ばらわん	1
ばらんたいん	4
ばりぐ	1
ゔぁりぐ	1
ばりら	1
ばるかん	1
ばるがしゅ	1
ばるきゅりあ	3
ゔぁるきゅりあ	3
ばるきりー	2
ゔぁるきりー	2
ばるくーれ	3
ゔぁるくーれ	3
ばるさん	1
ばるさんらんべーる	7
ゔぁるさんらんべーる	7
ばるじぇっろ	3
ばるたすろーる	5
ゔぁるたー	1
ばるとりーに	4
ばるとる	1
ゔぁるとる	1
ばるどる	1
ばるむ	1
ゔぁるむ	1
ゔぁれった	2
ばれるず	1
ばれろん	1
ゔぁれろん	1
ばろむ	1
ばろーな	2
ゔぁろーな	2
ばろーべ	2
ばろーる	2
ばんきゅりあ	3
ばんくしす	1
ゔぁんず	0
ばんだる	1
ゔぁんだる	1
ばんてりん	0
ばんでもん	1
ゔぁんでもん	1
ばんとぅ	1
ばんとぅー	1
ばんばら	0
ばんばんばんく	5
ばんぷれいおす	4
ばんほーてん	3
ばーあらうぃー	3
ばーくれいず	1
ばーげあ	1
ゔぁーげあ	1
ばーげんぶろー	6
ばーげんわーげん	5
ばーするーと	4
ばーづるぐ	3
ゔぁーづるぐ	3
ばーどすてな	4
ばーなくる	1
ばーばぴかり	4
ばーばもじゃ	4
ばーばーくもうず	6
ゔぁーばーくもうず	6
ばーぴー	1
ゔぁーむ	1
ばーゆ	1
ばーりんぐ	0
ぱいくす	1
ぱいぽ	1
ぱいゆーと	3
ぱいれっくす	3
ぱいろげん	3
ぱうでっくす	3
ぱおす	1
ぱおら	1
ぱおん	1
ぱおー	2
ぱがん	1
ぱさぱら	2
ぱさーと	2
ぱしおんのーぶる	5
ぱしな	1
ぱしゅと	1
ぱしゅとう	1
ぱしゅとー	1
ぱすこ	1
ぱすてぃろ	0
ぱすも	1
ぱせやしけ	3
ぱせら	1
ぱそな	1
ぱたくせん	2
ぱたのーる	3
ぱたろう	0
ぱだんらとー	2
ぱちぱちず	1
ぱっとなむず	4
ぱっぴー	1
ぱっぽん	1
ぱっらば	1
ぱっらゔぁ	1
ぱてぃおす	1
ぱてぃか	1
ぱでゅー	2
ぱとらっしゅ	3
ぱとりす	1
ぱとれいばー	3
ぱとろし	2
ぱとわ	1
ぱなうぇーぶ	3
ぱなせんす	3
ぱなふれっくす	4
ぱなるじん	0
ぱにくるー	4
ぱのむるん	3
ぱはらぶい	3
ぱはらゔい	3
ぱばーな	2
ぱゔぁーな	2
ぱぱす	1
ぱふぃー	1
ぱふぉめ	1
ぱふぉーみっくす	4
ぱぶりか	2
ぱぺぽ	1
ぱぺまぺ	0
ぱぼな	1
ぱまこ	1
ぱみろーる	3
ぱもす	1
ぱらち	1
ぱらとっしゅ	3
ぱらどぅ	3
ぱらどす	1
ぱらも	1
ぱりしお	2
ぱりつぃあ	0
ぱりぽ	1
ぱりら	1
ぱるがんとん	3
ぱるこーる	3
ぱるじゃにや	0
ぱるすてっく	4
ぱるてぃ	1
ぱるてのん	3
ぱるてのーん	4
ぱるでん	1
ぱるびー	1
ぱるみこーと	4
ぱるめいらす	3
ぱるれ	1
ぱろみの	0
ぱろる	1
ぱんくらす	1
ぱんこう	1
ぱんしぇる	1
ぱんてくにかん	4
ぱんてーん	3
ぱんなむ	1
ぱーくあうえ	4
ぱーじふぁいあす	4
ぱーでゅー	1
ぱーふぇくてぃーびー	7
ぱーろふぉん	1
ぱーろわいはうす	5
ぱーんでぃあ	1
ひえぴた	0
ひかしゅー	2
ひかりりゃ	2
ひかるびおーら	5
ひかるゔぃおーら	5
ひくそす	1
ひしかりやな	4
ひずぶっと	3
ひずぼら	0
ひっかむ	1
ひなごん	1
ひのでつーとん	4
ひばろ	1
ひぴはぱ	0
ひあです	1
ひやです	1
ひゅっけばいん	4
ひゅびす	1
ひゅんだい	1
ひゅーざー	1
ひょうたんつぎ	3
ひらぎの	0
ひらるだ	2
ひるでぼるく	4
びあじあ	2
びありす	1
ゔぃありす	1
びおごん	1
びおてるむ	3
びおてるま	3
びおでるま	3
びおにか	2
びおふぇるみん	3
びがってぃ	2
びぎ	1
びくとりあくらうん	7
びくとりくす	4
ゔぃとりくす	4
びくとりのっくす	5
びくとりーむ	4
びくろっくす	3
びぐざむ	1
びけん	1
びしま	1
びしゃもん	0
びすっでぃまっが	5
ゔぃすっでぃまっが	5
びせ	1
ゔぃせ	1
びぜあ	1
びたるみえーる	5
ゔぃたるみえーる	5
びたろーに	3
ゔぃっかーす	1
びっかーず	1
ゔぃっかーず	1
びっきーず	1
びっぐず	1
びっぐろーぶ	4
ゔぃっせる	1
びったる	1
ゔぃったる	1
びちーに	2
びっちーに	3
ゔぃちーに	2
ゔぃっちーに	3
びっとりあ	3
びっとりあーの	5
ゔぃっとりあーの	5
びでりん	0
びでーるず	2
びとんだ	2
びどんな	2
びなーやか	2
ゔぃなーやか	2
びはりす	1
びふぁしる	1
びふないと	3
びぶらすとーん	5
びぶらとーんず	4
びぶらむ	1
びやんでん	2
びゅいっく	1
びゅーいっく	1
びゅさんとーる	4
びゅるふぇる	1
ゔゅるふぇる	1
びゅーとりあむ	3
びゅーね	1
びゅーり	1
びよんはるけん	4
びらぼん	1
びりけん	0
びりどぅーえ	3
びりーず	1
びるけん	0
びるけんしゅとっく	6
びるご	1
ゔぃるご	1
びるしゃな	0
びるしゅたいん	4
びるでぃー	1
びるとびるがー	4
びるともあ	3
びるばいん	3
びろん	1
ゔぃろん	1
びんでぃや	1
ゔぃんでぃや	1
びーえぬえるー	5
びーえむでぃーぴー	7
びーじーず	1
びーらすわみー	5
ゔぃーらすわみー	5
ぴあじお	2
ぴあっじお	2
ぴえが	1
ぴえなえいむ	4
ぴえぬ	1
ぴえるこ	2
ぴえーるふー	2
ぴおぐりたぞん	0
ぴかーる	2
ぴくさす	1
ぴくさー	1
ぴくすれー	1
ぴくせらいざー	5
ぴくてぃ	1
ぴくみん	1
ぴぐもん	1
ぴげ	1
ぴこい	1
ぴこりーの	3
ぴさのえみれーつ	4
ぴざーら	2
ぴたごら	0
ぴたごらすいっち	6
ぴちゅー	1
ぴっぐうぃじょん	4
ぴなれっろ	3
ぴのっきお	2
ぴぼきしる	3
ぴゅあるせしん	4
ぴゅあーす	1
ぴゅー	1
ぴゅえる	1
ぴゅとん	1
ぴゅらとす	1
ぴゅりーな	2
ぴゅーる	1
ぴゅーろらんど	4
ぴよぶぷと	3
ぴらだぱ	0
ぴらにあん	2
ぴらみっくす	3
ぴるきんとん	3
ぴるにっつ	1
ぴれきら	0
ぴれり	1
ぴろ	1
ぴろる	1
ぴんきおーり	4
ぴんぐれ	0
ぴんぼん	1
ぴーすけ	1
ぴーつ	1
ぴーぶず	1
ぴーまっく	3
ふぁいあすとん	5
ふぁいあすとーん	5
ふぁいあーすとーん	6
ふぁいてん	1
ふぁいぶそろん	4
ふぁいれくしあ	4
ふぁしお	1
ふぁすとたてやま	5
ふぁせら	1
ふぉせら	1
ふぁなっく	1
ふぁばーじ	2
ふぁびゅらっしゅ	3
ふぁぶゅらっしゅ	3
ふぁふにーる	3
ふぁぶりゆす	3
ふぁぶりーず	3
ふぁみーる	2
ふぁらしゃ	1
ふぁらんど	2
ふぁらんへ	2
ふぁりむ	1
ふぁねけん	1
ふぁるけんぼす	3
ふぁるみたりあ	4
ふぁんかでりっく	3
ふぁんたす	1
ふぁんたすてぃぽ	4
ふぁんたすと	3
ふぁーぐ	1
ふぁーふぁ	1
ふぁーれ	1
ふぃあっと	1
ふぃおらばんてぃ	4
ふぃぐま	1
ふぃすこ	1
ふぃすば	1
ふぃっじぃ	1
ふぃっじー	1
ふぃっぷ	1
ふぃでーうらむ	4
ふぃとめーる	3
ふぃなんそる	2
ふぃにんべすと	4
ふぃふすぺとる	4
ふぃぶらすと	3
ふぃらでるむ	3
ふぃりすてぃあす	4
ふぃりっぷす	1
ふぃりぷす	1
ふぃりぴなす	2
ふぃりぷするーえ	6
ふぃりぺいおん	3
ふぃりょふすかや	4
ふぃるなちゅらんと	5
ふいるなちゅらんと	6
ふぃんず	1
ふぃんずぶりー	5
ふぃんらんでぃあ	3
ふぃーく	1
ふいにい	2
ふうた	1
ふぇあくれあ	3
ふぇいえのーると	6
ふぇいしす	1
ふぇいらー	1
ふぇなてぃ	1
ふぇねるばっちぇ	4
ふぇねるばふちぇ	4
ふぇびあん	1
ふぇふぇらんち	3
ふえふえらんち	3
ふぇぶれい	1
ふぇゔれい	1
ふぇまーら	2
ふぇみす	1
ふぇらんでぃ	2
ふぇりか	1
ふぇりしも	0
ふぇるぜあ	0
ふぇんうぃっく	3
ふぇんりる	1
ふえろん	1
ふぉいと	1
ふぉきす	1
ふぉくし	1
ふぉくとれんだー	4
ふぉこらーれ	3
ふぉさまっく	3
ふぉしょん	1
ふぉすてくす	3
ふぉっけうるふ	4
ふぉっけぶるふ	4
ふぉっけゔるふ	4
ふぉぴっしゅ	1
ふぉぼす	1
ふぉもーる	2
ふぉるくすばーげん	5
ふぉるくすわーげん	5
ふぉるくすゔぁーげん	5
ふぉるねー	1
ふぉるびぃ	1
ふぉるびい	1
ふぉれんしす	2
ふぉんて	1
ふぉんてっく	3
ふぉんぶりん	1
ふぉーすりーん	4
ふぉーてぃないなー	4
ふぉーてぃーないなー	5
ふぉーとふっど	4
ふくあり	2
ふくぴか	0
ふけみん	2
ふさいちかつら	5
ふさいちぺがさす	5
ふさべる	1
ふざいる	2
ふじうるくぉいぐむんずはー	11
ふじうるくおいぐむんずはー	11
ふじきせき	3
ふじちゅー	2
ふじのまっけんおー	6
ふじのん	1
ふじみ	0
ふじみはみるとん	5
ふっげらい	1
ふっぺる	1
ふなっく	1
ふばーは	2
ふまきらー	2
ふらくさす	2
ふらっふぃー	2
ふらに	1
ふらはてぃーず	2
ふらばさいと	4
ふらむぅ	1
ふらむー	1
ふらめんご	3
ふらんだー	2
ふりえ	1
ふりおん	1
ふりとれー	2
ふりふ	1
ふりーざ	2
ふりーじあすろん	5
ふりーらんだー	4
ふるなーぜ	3
ふるはーる	3
ふるべ	1
ふるぼきさみん	5
ふるみねんせ	4
ふるら	1
ふるり	1
ふるる	1
ふるーちぇ	2
ふれおん	2
ふれしね	2
ふれすた	2
ふれっしぇる	2
ふれっつ	2
ふれぼつぇんとる	4
ふれりも	0
ふれんだー	2
ふれんでぃあ	2
ふれーば	2
ふれーゔぁ	2
ふろっがー	2
ふろぷしー	2
ふろーれな	2
ふろんてぃー	2
ふろーてーしょん	4
ふんしぇん	1
ふんちゃんぐ	3
ふんどーだい	3
ぶいるさ	2
ぶえな	1
ぶがってぃ	2
ぶがってぃー	2
ぶぎす	1
ぶさいでぃ	2
ぶしゅろん	1
ぶぜっと	2
ゔぜっと	2
ぶっは	1
ぶっぴぃ	1
ぶっぴい	1
ぶてなろっく	4
ぶないぷりす	4
ぶらいあんず	2
ぶらうんず	2
ぶらきおれいどす	5
ぶらっさむ	2
ぶらにふ	2
ぶらばす	1
ぶらばむ	0
ぶらふま	2
ぶらふまー	3
ぶらまんて	3
ぶらわん	1
ぶらんずうぃっく	5
ぶらんどじゃねっと	6
ぶらーむ	2
ぶりじぇ	1
ゔりじぇ	1
ぶりといる	3
ぶりゅっけ	2
ぶりゅーすたー	2
ぶりゅーなく	2
ぶりーど	2
ぶるがーげまいんで	6
ぶるがーる	3
ぶるさん	1
ぶるたこ	0
ぶるっきんぐ	2
ぶるっくさいど	5
ぶるっちゃ	2
ぶるとはうぷ	4
ぶるーだーぼんど	6
ぶるーつ	2
ぶるーにんぐはうす	7
ぶるーみんぐでいる	7
ぶるーみんぐでーる	7
ぶるーみんぐでいるず	7
ぶるーみんぐでーるず	7
ぶれいあ	2
ぶれんでぃ	2
ぶれんぼ	2
ぶれーば	2
ぶろあむ	2
ぶろぷれす	3
ぶろんてぃべい	5
ぶろーどあぴーる	6
ぶろーね	2
ぶんだば	0
ゔんだば	0
ぶんだばー	3
ぶんな	1
ぶーあ	1
ぶーさいーど	4
ぶーすか	1
ぶーとるず	1
ぶーにす	1
ゔーにす	1
ぶーふーうー	5
ぶーぶた	1
ぶーへんばると	4
ぶーへんゔぁると	4
ぶーるみっしゅ	4
ぷしゅぱぶりしゅてぃ	5
ぷっちもに	0
ぷっちゃー	1
ぷっぷ	1
ぷっぺ	1
ぷてぃりっつぁ	3
ぷなん	1
ぷふぁいふぁ	2
ぷらいあ	2
ぷらじゃーぱてぃ	3
ぷらすちく	4
ぷらすぱ	0
ぷらたーず	1
ぷらだーれむ	3
ぷらど	1
ぷらなろむ	3
ぷらなろーむ	4
ぷらねっくす	3
ぷらびっくす	3
ぷらま	1
ぷらめど	0
ぷらーくりっと	5
ぷらーたー	2
ぷりおにくす	4
ぷりしあ	2
ぷりずまらいず	5
ぷりっつ	1
ぷりてぃびー	3
ぷりゔぇ	1
ぷりむす	1
ぷりめろ	0
ぷりもぷえる	4
ぷりやーと	3
ぷりり	1
ぷりんぐるず	2
ぷりんせすあいり	6
ぷりんぜんほーふ	6
ぷりんりー	2
ぷりーくりー	2
ぷるぐ	1
ぷるちねっら	4
ぷるちねるら	4
ぷるべーさ	3
ぷるゔぇーさ	3
ぷるーとす	2
ぷれあです	3
ぷれやです	3
ぷれいやん	2
ぷれいあーど	4
ぷれいやーど	4
ぷれお	1
ぷれおん	1
ぷれきし	0
ぷれきしがらす	5
ぷれくしーど	4
ぷれくすたー	3
ぷれさりお	3
ぷれぜんた	3
ぷれっしー	2
ぷれてぃお	0
ぷれでたー	3
ぷれどみな	3
ぷれびあ	2
ぷれゔぃあ	2
ぷれましー	2
ぷれみあーた	4
ぷろきおん	3
ぷろきゅおん	2
ぷろしおん	3
ぷろくーま	3
ぷろざっく	3
ぷろてうす	3
ぷろとれっく	4
ぷろびお	0
ぷろふぃりっと	4
ぷろふぃんてるん	5
ぷろふぇしお	3
ぷろむす	1
ぷろめさ	2
ぷろーら	2
ぷーらん	1
ぷーらんく	3
ぷーりっぷ	1
へきすと	2
へくすと	1
へくさらいと	4
へざーす	1
へたりあ	2
へどら	1
へねしー	1
へぶなー	1
へゔなー	1
ひぶりゅ	1
ひぶりゆ	1
へぶらい	1
へぶる	1
へぶりう	1
へぷためろん	4
へむごーでん	3
へりおとろん	3
へるぎす	1
へるぎとす	3
へるしあ	0
へるふぁいやー	3
へるぶるん	3
へれんど	2
へんがー	1
へんしぇる	1
へーでん	1
へーばじゅら	3
へーゔぁじゅら	3
へらるーの	3
へーらーるーの	5
べありんぐず	3
べいしあ	1
べいど	1
ゔぇいど	1
べいぱーとれいる	6
ゔぇいぱーとれいる	6
べいぶれーど	4
べがった	2
べがるた	2
べきゅあ	1
べくすたー	1
ゔぇくすたー	1
べくてぃーな	3
べくてる	1
べさのいど	3
べしゃーら	2
べじあ	1
べじゃーと	2
べすた	1
べすたくす	3
ゔぇすたくす	3
べっくす	1
べっさ	1
べっさぎりや	4
べてるぎうす	4
べとみん	1
べとらんしめっくす	6
べどぅいん	1
べどうぃん	1
べどういん	1
べなりー	1
べにさん	0
べにまる	0
べにやみん	3
べねぜる	1
べねた	1
べねった	2
ゔぇねた	1
ゔぇねった	2
べねふぃあんす	2
べひしゅたいん	4
べびーざらす	4
べびーな	2
べふでてぃ	3
べへいれん	2
べほっぷ	1
べぽ	1
べぽらっぶ	1
べぽらっぷ	1
ゔぇぽらっぶ	1
べむしゃ	1
べむらー	1
べらりす	1
べらんか	2
べりある	1
べりお	1
ゔぇりお	1
べりさいん	3
べりさーぶ	3
べりん	1
べるうぃっく	3
べるえあ	2
べるか	1
べるくほーふ	4
べるくろ	0
べるこらーで	4
べるさうす	3
べるざ	1
べるしぇーる	3
ゔぇるしぇーる	3
べるじぇーる	3
べるぜいおん	3
べるぜべふ	3
べるっち	2
ゔぇるっち	2
ばーてるすまん	3
べるてるすまん	4
べるとらむか	4
べるな	1
べるびあ	2
べるびー	1
べるふぁーれ	3
ゔぇるふぁーれ	3
べるだ	1
べれだ	1
ゔぇるだ	1
ゔぇれだ	1
べれった	2
べれっと	1
べれろふぉん	3
べろっさ	2
ゔぇろっさ	2
べんちおかーぶ	5
べんなー	1
べんふぃか	0
べんべるく	3
べんべるぐ	3
べーくけるんと	5
べーじゃ	1
ゔぇーじゃ	1
べーぜんどるふぁー	5
べーぷ	1
べーんかてーしゅわら	7
ゔぇーんかてーしゅわら	7
ぺいちゃんみゃぁうん	5
ぺいちゃんみゃーうん	5
ぺいぱる	1
ぺいら	1
ぺぎら	1
ぺころん	1
ぺすたー	1
ぺそなん	1
ぺとりぼ	0
ぺとる	1
ぺとるーしゅか	3
ぺとろす	1
ぺとろなす	3
ぺとろへみあ	4
ぺどろす	1
ぺぱりっじ	3
ぺぱーだいん	4
ぺぷしこ	2
ぺぺ	1
ぺめとれきせど	5
ぺやんぐ	2
ぺらすけ	2
ぺらでにあ	0
ぺりして	2
ぺりしで	0
ぺりっくす	2
ぺりでっくす	3
ぺるの	1
ぺろてぃ	1
ぺろはち	0
ぺろぴおん	2
ぺんご	1
ぺんぞいる	3
ぺんてぃーず	1
ぺんはりがん	3
ぺんふぉーるど	3
ほいちょ	1
ほうずぃえ	3
ほうずいえ	3
ほうりゃ	1
ほかろん	1
ほくてん	0
ほくれん	0
ほこりゆび	3
ほしざき	2
ほじぇん	1
ほすめっく	1
ほっかいろ	3
ほっしー	1
ほってんとっと	5
ほはっぷ	2
ほびん	1
ほぴ	1
ほまーと	1
ほむくる	1
ほりぷろ	0
ほりーず	1
ほるてぃ	1
ほるばいん	3
ほるぱ	1
ほるべいん	3
ほれっくす	2
ほろごん	1
ほろべつ	0
ほわいてぃしも	4
ほわいてす	2
ほんじゃまか	3
ほんず	1
ほんめん	1
ほんりょん	1
ほーかー	1
ほーこす	1
ほーどそん	1
ほーねすと	1
ほーぴっしゅ	3
ほーふきるへ	4
ほーべ	1
ほーゔぇ	1
ほーゆー	0
ほーんず	1
ぼあだむず	1
ぼけんせ	2
ぼこすか	1
ぼざーる	2
ぼしゅろむ	1
ぼだなーと	3
ぼどなーと	3
ぼーだなーと	4
ぼでん	1
ぼどれあん	2
ぼどれいあん	3
ぼどれー	1
ぼにり	1
ぼぶそん	1
ぼらぎのーる	4
ぼらんた	2
ぼりおり	0
ぼりーど	2
ぼるか	1
ゔぉるか	1
ぼるこむ	1
ぼるつ	1
ぼるてぃー	1
ぼるてす	1
ぼるどーる	3
ぼるな	1
ぼるびっく	1
ぼるゔぃっく	1
ゔぉるびっく	1
ゔぉるゔぃっく	1
ぼるふぁしの	3
ぼれある	1
ぼろぶどぅーる	4
ぼろぶどーる	4
ぼんぐ	1
ゔぉんぐ	1
ぼんびー	1
ぼーくす	1
ぼーぐたー	1
ぼーしゃいむず	3
ぼーねるんど	4
ぼーら	1
ぼーるじぃ	1
ぼーるじー	1
ぽあとる	1
ぽいまんどれす	5
ぽうはたん	3
ぽーはたん	3
ぽけぱーく	3
ぽこた	1
ぽすか	1
ぽたら	1
ぽっきー	1
ぽっとぶりりあんず	5
ぽぽかる	1
ぽめらーと	3
ぽめりー	1
ぽらろいど	3
ぽーらろいど	4
ぽらん	1
ぽりさりお	3
ぽりどかすくれろーる	8
ぽりどーる	3
ほろゔぇつ	0
ぽわらーぬ	3
ぽんこう	0
ぽんすけ	1
ぽんたばん	3
ぽんてあっく	4
ぽんてぃあっく	4
ぽんぬっぷ	3
ぽんぬふ	1
ぽんぴーり	3
ぽーとめりおん	4
ぽーとら	1
ぽーにー	1
ぽーりあ	1
まいだす	1
まいねるぜうす	5
まいねるはーてぃー	5
まいねるらゔ	5
まいぺでぃあ	3
まいやひ	0
まいやひー	1
まいらん	1
まいりふてぃ	3
まいるーら	3
まいろたーぐ	4
まいんとぴあ	4
まうけん	0
まうまう	0
まうりっつはいす	6
まうりや	2
まうろごべるな	5
まかろんず	1
まっかろんず	1
まがしーく	3
まがふ	1
まきあ	1
まきしもる	3
まきのごっど	4
まきれーぶ	3
まぎー	1
まくざむ	1
まくせる	1
まくど	2
まくにん	0
まくろにくす	4
まぐあいあ	3
まぐだらす	3
まぐろう	0
まぐーるん	2
まことすぱるびえろ	7
まこーみっく	4
まごぐ	1
まさびっち	3
まざごん	1
ましぇり	1
ましねえくすぽると	7
ましねっくす	3
まじっくりん	2
まじゃっら	2
まじゅえる	1
まじょすてぃっく	4
まじょまじょ	0
まじょるっく	3
まじょれな	0
まじょーら	2
まじれんじゃー	3
まじんがー	2
まずるい	2
ませき	0
ませらってぃ	3
ませらてぃ	2
ませらてい	2
ませらーてぃ	3
まぞれに	0
まちかねふくきたる	8
まちかねわらうかど	8
まちぶこむ	2
まっからん	1
まっきんたいあ	5
まっくん	1
まっさだ	0
まってぃ	1
まっぷる	1
まっら	1
まつしば	0
まつりだごっほ	5
まてぃりある	2
までぃーや	2
まなせ	1
まなっく	1
まなてっく	1
まなーと	2
まにく	1
まにゅらいふ	3
まにんでぃ	2
まねぱ	0
まはたと	0
まはたーと	3
まはーばんさ	4
まはーゔぁんさ	4
まはーびはーら	5
まはーゔぃはーら	5
まぱむ	1
まびっく	2
まゔぃっく	2
まびのぎ	0
まぴおん	1
まほろまてぃっく	5
まぼ	1
まゔぉ	1
まみたす	1
まみや	1
まみゅーず	2
まやのとっぷがん	7
まやのふぁんしー	4
まやのべんけい	4
まやのめいびー	4
まよどれ	0
まよーる	2
まらごー	1
まらふぉん	1
まらやらむ	3
まらやーらむ	3
まらんつ	2
まりいんすきー	2
まりえん	1
まりさっと	3
まりちま	0
まりのあ	0
まりめっこ	3
まりんけ	2
まりんぶりっせん	5
まりーえ	2
まりーぺれ	2
まるえい	0
まるえつ	2
まるか	1
まるかふぇにっくす	4
まるきゅう	2
まるきゆー	2
まるくーる	3
まるけい	2
まるけん	0
まるこし	2
まるこしあす	4
まるこめ	0
まるこー	2
まるさ	1
まるしゃる	1
まるしん	0
まるぜんすきー	5
まるぞっき	3
まるたかすとーむ	6
まるだい	2
まるとみ	0
まるなか	0
まるなん	0
まるはん	0
まるひら	0
まるびし	0
まるべる	1
まるほ	1
まるぼろ	0
まーるぼろ	0
まるりーばんどりえーる	9
まれりー	1
まんしんぐうぇあ	6
まんじゅしゅりー	3
まんじゅしり	3
まんだいりん	3
まんだむ	1
まんだりな	3
まんだん	1
まんだんぐ	3
まんねすまん	3
まんのうぉー	3
まんふろっと	4
まんゆ	1
まーきゅろくろーむ	6
まーくる	1
まーしゃるしー	5
まーすけい	1
まーちゃんつ	1
まーてる	1
まーなー	1
まーふぁ	1
まーべらっしゅ	4
まーべりっく	1
まーべりっくす	4
まーりんず	1
みいや	1
みうぃ	1
みかさぎ	0
みかれでぃ	3
みがくんじゃー	3
みきあ	1
みけろぶ	1
みこれ	0
みしゅらん	1
みじけんだ	3
みじょなりおす	3
みすい	1
みすおーはやぶさ	5
みすきーと	3
みすたーしーびー	7
みすりる	1
みすわき	2
みせるすうぇいと	5
みぜりこるじあ	5
みぜりこるじや	5
みっつぃ	1
みっどうえすと	5
みぃっふぃー	1
みっふぃ	1
みっふぃー	1
みっれふぃおーり	5
みつうろこ	3
みつくら	2
みつごろ	3
みつとよ	2
みつわ	0
みでやん	1
みとく	1
みとら	1
みどりえもん	4
みながわまんな	5
みなはさ	0
みなんかばう	4
みにてる	1
みにもに	0
みねそる	1
みのあ	1
みのうら	1
みのっくす	2
みはま	0
みはるかす	2
みぷろ	1
みほしんざん	3
みほのぶるぼん	4
みみだす	1
みみろん	1
みゃお	1
みやそり	0
みゅあふぃーるど	3
みゅう	1
みゅうみゅう	3
みゅすかで	0
みゅるーん	2
みゅーざ	1
みらこすた	3
みらこれ	0
みらじーの	3
みらにゃっく	3
みらべる	1
みらる	1
みりえる	1
みりえーむ	3
みりてっく	3
みるさー	1
みるば	1
みるびお	2
みるゔぃお	2
みるぼん	1
みれあ	1
みんきーもも	5
みんたか	0
みんてぃば	0
みんてぃゔぁ	0
みんとれるす	4
みーしか	1
みぃぜなー	1
みーぜなー	1
みーなーくし	3
みーれ	1
むぎこがし	3
むさのつきさか	5
むさるまん	2
むしか	1
むっきー	1
むと	1
むびおら	0
むゔぃおら	0
むむりく	2
むる	1
むるがん	1
むるさで	0
むわっひど	2
むんがい	1
むんじある	1
むんば	1
むんろー	1
むーしか	1
むーでぃーず	1
むーなー	1
むーば	1
むーばす	0
むーびる	1
むーりす	1
めいしょうさむそん	5
めいしょうじぇにえ	5
めいしょうとうこん	5
めいしょうどとう	5
めいしょうびとりあ	6
めいしーず	1
めーしーず	1
めいてぃ	1
めいんてないざー	5
めかさ	1
めがです	1
めがろす	1
めがーぬ	2
めぐみるく	3
めじちず	0
めじろあさま	4
めじろあむーる	5
めじろえすぱーだ	6
めじろかーら	4
めじろてぃたーん	5
めじろぼあーる	5
めじろまっくいーん	7
めじろもんすにー	4
めすへちあ	3
めすへてぃあ	3
めぞないと	3
めたもる	1
めたりか	2
めっさー	1
めっど	1
めてぃす	1
めておす	1
めでぃえぞん	3
めでぃきゅっと	3
めでぃこむ	1
めでぃっくす	2
めでゅーず	2
めとす	1
めどうず	2
めどとろにっく	5
めどばるむ	3
めどろーあ	3
めなーど	2
めにこん	1
めぷろばめーと	5
めもりーじゃすぱー	5
めらんこりにすた	6
めりきえる	3
めりた	1
めりでぃあん	3
めりでぃあーな	4
めりーず	1
めるかぞーる	4
めるかろーど	4
めるきど	0
めるきゅーる	3
めるく	1
めるこてっく	4
めるしす	1
めるしゃん	1
めるしーすてーじ	6
めるせね	0
めるだっく	3
めるつ	1
めるつばう	4
めるとらんでぃ	4
めるふぃに	0
めるむなす	3
めるり	1
めろでぃおん	3
めろびんぐ	3
めろゔぃんぐ	3
めろんぱんな	4
めんねんかると	5
めーやう	1
もわらーる	3
もあーず	1
もえれえすぽわーる	7
もかんぼ	2
もがみえーる	4
もがみないん	4
もくねっと	3
もこな	1
もごーる	2
もさど	1
もしゃす	1
もすきーの	3
もすとにゅーと	4
もすら	1
もすらー	1
もだしん	0
もでるにくす	4
ものげん	2
もばげー	0
もひかん	0
もびりお	2
もほーく	2
もめさん	1
もやい	1
もらぐ	1
もらびと	0
もらん	1
もりさわ	0
もりぞー	0
もりだいら	3
もりてっくす	3
もるぎ	1
もるてぃ	1
もるどびん	0
もるどゔぃん	0
もるもん	1
もろっほ	2
もんしぇりー	1
もんじぇり	0
もんだみん	0
もんてじそん	4
もんてでぃお	3
もんでお	0
もうぐ	1
もーぐ	1
もーずれい	1
もーつぁるてうむ	4
もーでっくす	3
もーとんず	1
やえのむてき	1
やおはん	0
やくとてぃーがー	4
やくも	1
やくーと	2
やこびぬす	3
やごやご	0
やしみえんとす	4
やじうまん	2
やすこーん	3
やっしー	1
やなせ	1
やぬーく	2
やばぱい	0
やふめ	1
やべだ	1
やまかつすずらん	6
やまぎわ	0
やまさ	0
やまさん	0
やまに	1
やまにんきんぐりー	5
やまにんぐろーばる	6
やまにんしゅくる	5
やまにんりこーる	6
やまにんろーじー	5
やまのぶりざーど	6
やまひさ	2
やるし	1
やろふ	1
やんこ	1
やんまが	0
やんまー	1
やんまーす	3
やんみん	1
やーとぅ	1
やーまん	1
やーるば	1
ゆあてっく	3
ゆかぎーる	3
ゆぎょん	1
ゆこす	1
ゆさこ	1
ゆしん	1
ゆずは	1
ゆとな	1
ゆなぼまー	3
ゆにくれでぃーと	5
ゆにこにこーん	5
ゆにこむ	1
ゆにしあ	2
ゆにっく	2
ゆにっしゅ	1
ゆにでん	2
ゆにべるしてーる	6
ゆにゔぇるしてーる	6
ゆにまっと	1
ゆにりーば	3
ゆにー	1
ゆびれいなや	3
ゆぴっく	2
ゆべる	1
ゆべーる	2
ゆめりあ	2
ゆらっくす	2
ゆらんこ	2
ゆりあんぬ	3
ゆりす	1
ゆんかーどーらす	5
ゆんける	1
ゆんぼ	1
ゆんぼー	1
ゆかぬば	3
ゆーかぬば	3
ゆーしあ	1
ゆーじーらんど	4
ゆーすきん	1
ゆーてるさっと	5
ゆーどれっぐ	4
ゆーのす	1
ゆーれーる	3
ゆーろぺえん	4
ゆーんかい	1
よかたい	0
よけりっと	3
よこも	0
よしけい	2
よたはち	0
よっくもっく	4
よねぎーず	3
よるば	1
よるひと	2
よんせ	1
よんてんげるぽ	5
よんでん	1
よーあ	1
よーきー	1
よーぐるてぃんぐ	3
らいかみんぐ	3
らいくりる	3
らいこす	1
らいざ	1
らいじんおー	3
らいらぷす	3
らいるーつ	3
らいんでりあ	4
らいーだ	2
らうしゅまいやー	4
らうとれっじ	4
らうなあすかてな	6
らおう	2
らおっくす	2
らかす	1
らがすたに	2
らがず	1
らがろー	1
らきすた	2
らくてぃす	1
らくめ	1
らくりもさ	3
らくれ	1
らくーあ	2
らぐーな	2
らけす	1
らげむ	1
らこすて	2
らごう	1
らしにあるむ	4
らしゃーる	2
らじあんりみてっど	5
らじおす	1
らじかるっ	1
らじゃーる	2
らすかるすずか	1
らすぷりえーる	5
らすぺっく	3
らだき	1
らっきーど	3
らっしゃろー	1
らっふぉぐらむ	4
らっふるず	1
らてすと	2
らてらの	0
らてらん	1
らでゅれー	1
らとぅーる	2
らとな	1
らどくりふ	3
らねろっし	3
らばっつぁ	2
らびなす	1
らぴあ	1
らぴか	1
らぴた	1
らぴーど	2
らふぃっと	1
らふぃと	1
らふぇーる	2
らふぉ	1
らふぉーれ	2
らふたー	1
らふら	1
らぶどがん	3
らぶりっしゅ	1
らぶーしゅか	2
らゔーしゅか	2
らぷたーず	1
らぷら	1
らべなむ	1
らべんはむ	2
らまや	1
らむたら	0
らむーん	2
らめーる	2
らもいあ	2
らもちぇ	1
らもーんず	2
らりーず	1
らるとらもーだ	5
らわく	1
らんきんらんきん	5
らんぐす	1
らんげりゅーど	4
らんこむ	1
らんちあ	1
らんてぃす	1
らんでぃっく	1
らんどー	1
らんふぃぱるなーぞ	6
らんぶれった	4
らんぼるぎーに	5
らんぽす	1
らんぽんめーず	5
らんらん	1
らーい	1
らーぜふぉん	1
らーな	1
らーふぁ	1
らーめんず	1
りあっぷ	2
りえっせ	2
りえんべと	2
りおら	1
りかーる	2
りがじー	1
りきさんふらっしゅ	6
りくすぃーず	4
りくすいーず	4
りくすた	2
りくすむ	1
りくなび	0
りくり	1
りげいん	2
りげる	1
りこったると	4
りしぇーる	2
りしゃら	1
りしゅもん	1
りすてあ	0
りすてりん	0
りずら	1
りずりさ	0
りぜーぶ	2
りっかー	1
りっちゃび	0
りっちゃゔぃ	0
りてぃりあ	2
りどりんぐ	3
りなる	1
りにも	1
りばいたらっしゅ	5
りゔぁいたらっしゅ	5
りばすたー	2
りばねす	1
りばみーど	3
りゔぁみーど	3
りばーく	2
りぴじゅあ	2
りぴとーる	3
りふてぃ	1
りぶりえ	2
りぷらす	1
りべるたんご	4
りぽびたん	0
りまんど	2
りもあ	1
りゅけいおん	2
りゅす	1
りゅどべりー	1
りゅぬどーる	3
りょうび	1
りょうわ	1
りょっぺまん	1
りょーび	1
りりから	0
りりーじゅ	2
りわーだー	2
りんきん	1
りんだーほーふ	5
りんちんちん	3
りんつ	1
りんでんりりー	5
りんほふ	1
りーきむた	3
りーすきん	1
りーぜんぐろす	5
りーぜんしゅらーく	6
りーでぃんぐろうる	6
りーでる	1
りーにゅ	1
りーぷふらうみるひ	7
りーべんでーる	5
りーらー	1
るいーど	2
るかーよ	2
るきしろん	2
るさーぶる	1
るしあす	1
るしすけ	2
るしふぁー	1
るしゅふぁー	1
るしゅーる	2
るしーど	2
るすず	1
るたお	1
るてぃーな	2
るてす	1
るてにあ	2
るとぅりー	1
るどるふぃぬむ	4
るどわいやん	3
るどー	1
るなそる	1
るなめちた	3
るなれーな	3
るねさす	1
るばんしゅ	2
るばーる	2
るゔぁーる	2
るぱらす	1
るびかむ	1
るふとはんざ	4
るぶねっと	3
るみね	1
るらしぇ	1
るわんわりせーや	6
るんる	1
るーだー	1
るーてーしあ	3
るーにぃ	1
れあんどろ	2
れいけい	1
れいざーらもん	6
れいしゃす	1
れいずなー	1
れいせら	1
れいてっくす	3
れいなーど	3
れいばん	1
れいばーず	1
れいゔぁーず	1
れおさーくるねお	7
れおぱるどん	3
れおぽるとすくろん	6
れおま	1
れかむ	1
れかろ	1
れがしぃ	1
れがしぃー	1
れがしい	1
れがしー	1
れきさー	1
れぎんれいぶ	4
れぎんれいゔ	4
れくさす	1
れぐなむ	1
れこちょく	0
れじねった	3
れすぽ	1
れすぽーとさっく	6
れたっくす	2
れっしー	1
れなも	1
れねぴー	1
れのぼ	1
ればんたー	2
れゔぁんたー	2
ればんて	2
れびあーちぇ	3
れびたー	1
れゔぃたー	1
れびっく	1
れびとら	0
れふぁいむ	2
れぶこ	1
れぶりみど	3
れぶろん	1
れゔろん	1
れぷちゃ	1
れぷらこーん	4
れぷれこん	3
れぺしゃーじゅ	3
れぺとぅー	1
れぺとわ	0
れまてぃー	1
れまにあ	2
れみえる	1
れみおろめん	4
れゆーな	2
れりあん	1
れりえふ	1
れんとげにうむ	5
れーあーてぃーず	3
れーなーど	3
れーぶんず	1
れーゔんず	1
ろいず	1
ろいーず	2
ろえん	1
ろきしー	1
ろくせろわ	3
ろこす	1
ろころーしょん	3
ろごばす	1
ろごゔぁす	1
ろしなんて	3
ろしゅ	1
ろじくーる	3
ろじゆにばーす	3
ろじゆにゔぁーす	3
ろじーな	2
ろじーぬ	2
ろすてぃ	1
ろずれい	1
ろぜりてぃ	2
ろっきーど	3
ろっくどぅかんぶ	5
ろっこーる	3
ろってりあ	3
ろっとん	1
ろっぴぃ	1
ろど	1
ろねっつ	2
ろの	1
ろばりー	1
ろふぉふぉるす	3
ろぶす	1
ろぶてっくす	3
ろぶりんか	3
ろぼこん	0
ろぼた	1
ろぼでっくす	3
ろぼぱー	1
ろぼびー	1
ろまこん	0
ろまな	1
ろりんざー	2
ろれある	1
ろれじうむ	3
ろろかん	1
ろろっくす	2
ろわじーる	3
ろんぐぷーらん	4
ろんぐまん	1
ろんしゃん	1
ろんじん	1
ろんはー	0
ろーいばるく	4
ろーいふぁるく	4
ろーずわむ	4
ろーそんず	1
ろーたっくす	3
ろーちゅす	1
ろーてゅす	1
ろーでん	1
ろーなー	1
ろーらい	1
ろーりーず	1
ろーれいず	1
ろーれるげれいろ	6
ろーろでっくす	4
わいせす	1
わいふぃーず	3
わぐ	1
わこむ	1
わこーる	2
わごんり	2
わしゅー	1
わたみ	0
わたらせ	0
わたりうむ	3
わだーむ	2
わっく	1
わっするたっち	5
わっとぷのん	4
わっとまん	1
わっは	1
わとぅさ	1
わとそんず	1
わにそん	1
わみれす	1
わらん	1
わりこー	2
わりしん	2
わりやーぐ	3
わるきゅーれ	3
ばるきゅーれ	3
ばるたー	1
わるさー	1
わるぴり	0
わわわんほんぽー	5
わんかむ	1
わんだらーず	1
わんぽあ	0
わんめんと	3
わーは	1
わーはるかだ	4
わーふぁりん	0
わーりっつぁー	3
わーれんぶるく	5
わーれんぶるぐ	5
んぐららい	3
んごりー	1
あいぼ	1
あまん	1
あーじゅ	1
うこ	1
うるる	1
えすか	1
えーでぃーえすえる	7
おりこ	1
がう	1
けてる	1
しすてま	0
すぷー	2
ずに	1
つくだ	0
てぃーあいしー	5
てくた	1
てわ	1
とーりー	1
はいか	1
はらす	1
ばーった	1
ばーら	1
ぱんぷ	1
ひろしま	0
ふぁーま	1
むーと	1
めいどー	1
らでん	1
らまだ	1
りしお	1
るのー	1
ろっぴー	1
あいでぃ	1
あくてぃ	1
あんつ	1
いんぷ	1
うぉるまー	1
おりえん	1
かくい	1
かんが	1
くおか	1
さむえ	1
すたいりす	2
すれいたー	2
せいふー	0
せです	1
だむ	1
だんかい	0
とらく	1
にっけ	1
ねっつ	1
ひね	1
ふぉの	1
めっくす	1
もうさ	1
らみあ	1
るすと	1
るーし	1
こんた	1
ざく	1
せまん	1
でぃーえふ	0
どりふ	1
はくすい	0
べるさ	1
ほるまん	1
いむず	1
かねせ	1
でぃーびー	3
ばいえる	1
ふーしゃ	1
れいゆ	1
あぱ	1
いえんゆい	2
いんぱる	1
ともろ	1
へくとー	1
まつきよ	0
あんまん	0
えいちでぃー	4
えすけー	3
おーたに	0
きおわ	1
かてごり	2
きろりっとる	3
すたむ	1
とりす	1
ぺい	1
めんき	1
そーめん	1
だあび	1
なっくす	1
ふらー	1
わふー	2
あいしん	0
かりか	1
じーん	1
すて	0
ぱなそ	1
りてら	1
るお	1
かんば	1
こーぎ	1
のの	1
ぼいど	1
やぐ	1
うり	0
しゅいん	1
だいろん	1
おーけー	1
さんいぐなしお	5
てぃわ	1
はんだい	0
ふっきん	0
いちこう	2
しーえふじー	5
にけ	1
ぶどう	0
ぺす	1
らんな	1
かどや	2
かめい	0
ふぁんた	1
くにひろ	2
しゃどう	1
じぇす	1
でぃお	1
えぬえー	3
えーでぃーえいちでぃー	8
ほお	1
みつと	1
うし	0
ちき	1
びーえむあい	5
あるこ	1
おるだーしょっと	5
おーけい	1
しらひ	1
どこ	1
ほーわ	1
どか	1
ぷぷ	1
すぃー	1
だる	1
ちゃーる	1
へきさ	1
みんとんず	1
おるだー	1
ばぶ	1
るく	1
ぎがばいと	3
しーしーでぃー	5
てぃーる	1
ちゃちゃ	1
なにもの	0
はいち	1
むらかみ	0
らや	1
しろもの	0
つぶ	1
ぶりじす	1
ろま	1
かれし	1
おまえ	0
おまん	2
ごーかん	0
ばある	1
ぴょん	1
こっと	1
しゅうぃん	1
だーび	1
てるすた	2
にったい	0
ばーでん	1
しーあいえー	5
でぃーてぃー	3
あーさー	1
いたずら	0
たろお	1
とーだい	0
もま	1
らみ	1
しーえすえす	5
せぷと	1
びーじーえむ	5
しゅ	1
るあ	1
かしー	1
あろん	1
きゃら	1
きろめーた	3
しまの	1
てれん	2
まてる	1
きゃど	1
れこぐにしょん	4
あいえすでぃーえぬ	7
さんだ	1
める	1
なする	1
ばぐ	1
つるは	1
ねすこ	1
もにゅめんと	1
そこ	0
もびーる	2
おーどぅ	1
ぐぃん	1
こたつ	0
どく	2
いふ	1
えな	1
もやもや	0
にゅーはんぷしゃー	3
きろわつと	3
くろな	1
ぶりてん	1
らんか	1
ちろー	1
しーえーてぃー	5
るる	1
しぐ	1
ぜんしょう	0
ぜんしょー	0
なま	1
たらい	1
かんから	3
わせだ	1
うーたん	1
すいしょう	1
かるーせる	2
かわかみ	0
きんいろ	0
しゃくし	1
とーめん	0
ふぉと	1
かーねぎー	1
にゅるぶるく	3
れく	1
ぶりた	1
かずよし	2
しんえい	1
ぱーかー	1
びーえむだぶりゅー	5
めんち	1
あめだす	1
ぱるく	1
びい	1
ぺいん	1
めだ	1
あおき	0
あし	1
ぐれーん	2
しょうゆ	0
しょーゆ	0
すりー	2
ばんだい	1
あんま	0
きちん	1
とす	1
ゆーみん	1
あいでぃーえふ	5
こぷたー	1
はんてん	3
かざふ	1
こんく	1
そのー	0
ばんどん	1
ゆかわ	1
ふるふぉーど	3
かるがりー	2
すだち	0
せーち	1
あいおー	3
えいとっく	1
ばぐだっど	3
ばこ	0
ばいおす	1
でし	2
ぱちすろ	0
ぶりぢす	1
かたち	0
ぐれこ	1
しぶや	0
だいあ	1
さんちめーとる	4
せんちめーてる	4
せゔん	1
ちゅうせい	0
てんぱー	1
とーせん	1
のんべい	1
いどー	0
えーえすあーる	5
とよ	1
みりぐらむ	3
えうろ	1
えーてぃす	1
ぷらい	2
ゆねっぷ	1
えーえるてぃー	5
おされ	2
もよう	0
かが	1
こぴ	1
ざーと	1
でぃーでぃーあい	5
がいしゃ	0
かてい	0
ぎんこう	0
べーえむべー	5
えーびーえす	5
しゃちょう	0
ぶりじ	1
れき	1
しーあいいー	5
ちゅうごく	1
ぴかいち	2
あき	1
えむおうゆう	5
えーでぃー	3
ほん	1
しーいーおー	5
しーおーいー	5
げぺう	1
げーぺーうー	5
せいが	1
でぃんくす	1
べーた	1
ほね	2
ゆにせふ	1
ゆーれか	0
よーろっぱ	3
らーなー	1
いぇーる	2
いえーる	2
ここむ	1
あすろっく	1
あぶすとりぷす	5
あぷがー	1
あるてぃ	1
あんざす	1
いんぱっと	3
えかふぇ	1
えくも	1
えにあっく	1
えふあいでぃーおー	7
えむけー	3
えらいざ	2
えりんと	1
えろあ	1
えーあいえふえふ	7
えーあいしー	5
えーあーるえっくす	6
えーえいちぴー	6
えーえすえる	5
えーえすでぃー	5
えーえぬしー	5
えーえふきゅーてぃー	7
えーえむえす	5
あーえむげー	5
あーまーげー	5
えいえむじー	5
えーえるすかる	5
えーえーえー	5
えーおーしー	5
えーしんむすけーる	7
えーしーあーる	5
えーじーえふあい	7
えーじーしー	5
えーてぃーあーるでぃー	8
えーてぃーえぬ	5
えーてぃーえる	5
えーでぃーえふ	5
えーでぃーえる	5
えーでぃーしー	5
えーでぃーぴーしーえむ	9
えーびーあーる	5
えーぴーえすじー	7
えーぴーえぬ	5
えーぴーえむ	5
あーぺーせー	5
えーぴーじーえー	7
えーぴーぴー	5
えーもす	1
えーゆーしー	5
おずもっど	3
おーぱっく	1
がりおあ	0
きゃっとだっぷ	4
きゃぴっく	1
きゅーかす	1
けいぷ	1
けっへる	1
けーりす	1
こぼる	1
こめこん	1
こるば	1
しーあいえあー	5
しーあーるぴー	6
しーえいちえむえむ	8
しーえすえる	5
しーえすしーえる	7
しーえすしーだぶりゅー	7
しーえすじぇー	5
しーえすぴー	5
しーえぬえふ	5
しーえむえぬ	5
しーえむだぶりゅー	5
しーけーわい	5
しーしーあーる	5
しーびーあい	5
しーぴーえす	5
しーぴーけー	5
しーもす	1
しーゆーあい	5
じぇむず	1
すもん	1
せるぷ	1
ちぇいど	1
ちゃたー	1
ちんこむ	1
でぃーえふえー	5
でぃーしーあーる	5
でぃーしーえすじー	7
でぃーでぃーえる	5
でぃーでぃーしー	5
でぃーびーえむえす	7
でぃーびーえむえる	7
とりぷるえーあい	7
なふた	1
のーたむ	1
はさっぷ	1
はせっぷ	1
ばいろぐ	0
ぱめら	1
ぱるす	1
ひーぶ	1
びっぷ	1
びーあいえぬ	5
びーあいえー	5
びーあいしー	5
びーえすでぃー	5
びーえふえむ	5
びーえむあいあーる	7
びーえむえー	5
びーおーえー	5
びーおーでぃー	5
びーおーぴー	5
びーしーえす	5
びーびーえす	5
べーしっく	1
ぼーだす	1
まぐさっと	3
みぐ	1
ゆれだす	1
ゆーえふてぃ	5
ゆーらとむ	1
らみおす	1
らーぷ	1
りむぱっく	3
わいふぁい	0
しーあいだぶりゅー	5
しーえーえす	1
ぱぴ	1
とふる	1
びーじー	3
ふね	1
しーてぃーあい	5
まんで	1
りよん	1
いけあ	1
さーば	0
べりい	1
ゔぇりぃ	1
ゔぇりー	1
わら	1
あおもり	2
いちや	2
えーてぃーしー	5
えーりひ	1
さくろん	1
わんない	0
うぉん	1
えっちびー	4
きりん	0
だーぱー	1
でま	1
でぃーいーえー	5
はくさん	1
はちじょう	2
ふぁいあ	1
もんば	1
ろあ	1
とりい	0
はろ	1
まね	0
あんどりゅー	1
ぱわ	1
ゔぃら	1
ぴーえっち	3
ぺーはー	3
くれお	1
にばる	1
ひゃっ	2
ぐりー	2
よーくしゃ	0
わき	2
いおう	0
さらん	4
じーしー	3
にさん	1
りきせん	1
うな	1
じーえす	0
どぅーえ	1
ひや	1
もっくす	1
たち	1
だい	1
やなぎや	3
ろぺす	1
ちあ	1
とろわ	2
どぅえ	1
ふおと	1
まばら	0
まゔぁら	0
ちあき	1
ひっちこっく	4
ふじもり	2
あん	1
きーず	1
けりー	1
どっとじぇーぴー	6
どっとねっと	4
くろさわ	0
たこ	1
ただ	1
ふるゔぃえーる	4
りっぷる	1
つな	1
うい	2
えびせん	0
せつじつ	0
めるこ	1
いれ	1
きもち	0
ぐち	1
しちょう	1
すかる	2
たかはし	2
はくしょく	0
はに	1
ぷろてくた	3
おうむ	0
びーえぬ	0
ぴーえいち	3
へくたーる	3
まるこふ	1
よこのり	0
かた	2
かっかっ	1
かねこ	0
ろおど	1
おくと	1
すぎ	0
ばんこく	1
びーあい	3
ろらん	1
はむ	1
らっくす	1
かんたん	0
しゃどー	1
せち	1
あさくさ	0
うで	2
おでゅっせいあ	4
ぐいん	1
よろず	0
ぶらっせる	2
えーてぃーえす	5
ふぃーど	1
らいざー	1
きろりつとる	3
びっき	1
ほっかいどう	3
でぃーびーえむ	5
ふー	1
ほしの	1
ぽーとさいど	4
まがた	1
こども	0
でざ	1
ぱか	1
めーこ	1
りょんとげん	0
れぇんとげん	0
れーんとげん	0
まろーど	2
きろぼると	3
しあわせ	0
だるふーる	3
よんひゃく	1
じゃーびる	1
やけど	0
かたぎ	0
しーえる	3
ちょこ	1
どりー	1
ゆうゆう	1
くれ	1
じっと	0
たいま	1
げり	1
すかっ	2
はんめ	1
めんど	3
ろぶしょん	1
なの	1
のぅ	1
ひーた	1
らお	1
えくせ	1
おかの	1
かっけ	3
しろ	1
ゆーざ	0
ろーぶ	1
うぇーず	1
えーしー	3
きりこ	1
はちまき	2
おなじ	0
でぃす	1
はっか	1
のちのち	0
ふぉとす	1
まにゅ	1
ばろ	1
ぱいさ	1
ぱこ	1
おぜ	1
けんえー	0
せんせ	3
らぶほ	0
えすじー	3
ちつく	1
むせん	0
うめ	0
おーむ	1
きぶん	1
じゅうよう	0
たいへん	0
だーぱ	1
ばれい	1
ゔぁれー	1
ゔぃえんちゃん	2
まるち	1
やまもと	0
ぱけっと	2
まりあ	1
ありぃー	1
ぱくと	1
かんぜん	0
しやどー	1
どーん	1
はだし	0
でぃーえー	3
ふりっつ	2
みりれむ	1
あいる	1
いくさ	1
じゃが	1
こーらん	1
にっすい	0
はなてん	0
めーか	1
かーぺんたー	3
せんべい	1
あかじ	0
こんろ	1
みにむ	1
がお	1
くりありー	2
ねだい	0
こんご	1
ちよ	1
びーえむ	0
ぷー	1
まふ	1
あるご	1
こんとら	0
ぽいんつ	0
りっぷす	1
うみぎし	2
ええっと	0
くれー	2
せみ	0
えーぴー	3
べんじゃみん	1
りんない	1
おろち	1
つあ	1
ふぉーりー	1
へるぱ	1
まえ	1
しにょーる	2
ひらど	0
ぷりん	1
ぐらうんど	0
しーだぶりゅー	3
とーはん	0
にょう	1
ほんっと	0
えすくーど	3
すぴあ	1
へくたる	1
りーば	1
でじ	1
やまた	0
りり	1
こた	1
ちょさん	1
えちご	1
らべ	1
ねぱーるがんじ	3
ぱうんど	1
ぜんそく	0
めがへるつ	3
らむ	1
しんら	1
ひな	1
びぜん	1
まるせいゆ	3
かんな	1
ぐれいんず	2
りびん	1
どぅー	1
ばた	1
まつい	0
うすたー	1
くれもな	0
ぶらいあん	2
ぺる	1
かいがん	0
やまぐち	2
あきの	1
ごらん	1
ばりー	1
ぽんと	1
ざんしょう	0
だぐらす	1
かすり	1
ていやーる	3
まいくろせかんど	5
りぶら	1
あーるだぶりゅ	4
えーあーる	3
ぎがへるつ	3
みくろん	1
がらん	1
しゃぼん	0
しやぼん	0
でぃあ	0
ふぃーと	1
るぴー	1
どらくま	2
ないがい	0
はみがき	2
るぴあ	1
あふがにー	2
いくー	2
うぇーば	1
えきゅ	1
えるすてっど	4
えーるすてっど	5
えーかー	1
えーくる	1
おぼろす	1
おんぐすとろーむ	6
おんす	1
かすてりゃーの	4
かとぅん	1
かぺいか	2
こぺいか	2
かるとろん	3
かんでら	0
かーてぃぶ	1
がりおん	1
きゅびっと	1
きゅびと	1
きゅーびっと	1
きゅりー	1
きゆりー	1
きろおーむ	3
きろじゅーる	3
きろとん	2
きろぱすかる	3
きろびっと	3
きろびつと	3
きろべくれる	3
きろらど	0
きんたる	1
ぎがたう	1
ぎがびっと	3
ぎにー	1
ぎるだー	1
ぎるばーと	3
くあるてぃーりょ	4
くぬーと	2
くるざーど	3
くるぜいろ	3
くろーな	2
くろーね	2
くわんざ	2
くーろん	1
ぐるでん	1
ぐろっしぇん	2
ぐろっつぇん	2
けっつぁる	1
けっつある	1
けるゔぃん	1
けるびん	1
こぺっく	2
こるな	1
さんちーむ	3
さーじぇん	1
さーぜん	1
しぇける	1
しっくる	1
しーべると	1
じおぷとりー	2
じーめんす	1
すくるぺる	3
すくるーぷる	3
すたてる	1
すたでぃおん	2
すちるぶ	2
すちえ	1
すてぃえ	1
すてらじあん	3
ずうぉち	1
ずろち	1
ずろてぃ	1
せすてるてぃうす	5
せでぃ	1
せんたぼ	1
せんたーる	3
そりどぅす	1
たらんと	2
たらんとん	2
たーらー	1
たーれる	1
だいん	1
だらー	1
だるとん	1
だれいこす	2
ちぇるぽねす	3
ちぇんてーじみ	3
ちきーね	2
てすら	1
てらわっと	3
でぃなーる	2
でぃーなーる	3
でぃらはむ	1
でぃらむ	1
でぃるはむ	1
でかめーとる	3
でしねむ	1
でしめーとる	3
でしーむ	2
でなりうす	3
でにーる	2
とぅぐりく	2
とぅぐりぐ	1
とうぐりく	2
とんかーぼん	3
とんまいる	3
どいむ	1
どなむ	1
だらくま	2
どらくめ	2
なのぐらむ	3
なのせかんど	3
なのめーたー	3
なのめーとる	3
なのわっと	3
なのわつと	3
はろん	1
ばくとぅん	1
ばーれる	1
ぱいんと	1
ぱすかる	1
ぱちーる	2
ぱるも	1
ぱーみる	1
びが	1
ぴあすとる	2
ぴこ	1
ぴこきゅりー	2
ぴこぐらむ	3
ぴこふぁっらど	3
ぴこふぁらど	3
ふぁぞむ	1
ふぁらど	1
ふぇむと	1
ふぇるみ	1
ふぉりんと	1
ふぉるもす	1
ふろりん	1
ふろりーん	3
ぶっしぇる	1
ぶっせる	1
ぶつしえる	1
ぶつせる	1
ぶらっちゃ	2
ぶらっちょ	2
ぷらじに	0
ぷぅす	1
ぷーす	1
へくとねむ	1
へくとぱすかる	4
へくとりーてる	4
へんりー	1
べくれる	1
べしゅりく	2
べる	1
うぇるすと	1
べるすた	2
ゔぇるすた	2
ぺせた	1
ぺそ	1
ぺたべくれる	3
ぺにっひ	2
ぺにひ	1
ぺにい	1
ぺにー	1
ぼりびあーの	4
ぼりゔぃあーの	4
ぽーつ	1
まいくろぐらむ	5
まいくろしーべると	7
まいくろにゅーとん	5
まいくろふぁらど	5
まいくろめーとる	5
まいくろりっとる	5
まいくろりつとる	5
まいくろわっと	5
まくすうぇる	1
またぎき	0
まっへ	1
まなと	1
まらべでぃ	1
まらゔぇでぃ	1
みゅい	1
みりあむぺあ	5
みりあんぺあ	5
みりきゅりー	1
みりしーべると	3
みりとる	1
みりぼると	3
みりみくろん	3
みりわっと	3
みりわつと	3
みるれーす	3
めがぱーせく	3
めがびっと	3
めがびつと	3
めがぼー	1
めがわっとにち	5
めぐおーむ	3
めたーりく	2
めでぃむのす	3
もーたっど	3
よーじゃな	0
らじあん	1
りあーる	2
りうぇん	1
りやる	1
りやーる	2
りんぎ	1
りーゔる	1
れぐあ	1
れんぴら	1
えっくす	1
きゅーぴっど	1
こぎー	1
ふろーりん	2
へくと	1
みりばーる	3
りぶる	1
うみ	1
しける	1
ももち	1
やましろ	0
りゅ	1
るーめん	1
ふち	2
たなか	0
ひろよし	2
きろばいと	3
めがわっと	3
かつみ	1
かめ	1
ぴえ	1
ぷろでゅーさ	0
みほ	1
びた	1
うこん	0
さらら	1
みよし	0
えすえすえる	5
よんじゅん	1
あご	2
えーっとー	0
ぎんなん	3
あまぎ	0
しそ	0
じんちょう	0
めがぼると	3
やるど	1
かぎ	2
かんぢ	0
ぱぁん	1
ぶーる	1
りーだ	1
いずみ	1
かぶら	0
だいみょう	3
ばね	1
まっく	1
やが	1
おむに	1
じゃこ	1
ちぇく	1
らぶらどーる	4
すろ	1
やーる	1
るもい	1
たいぱん	1
こうかん	0
しぇいく	1
ちぇっこ	1
みょうじん	0
らち	1
いね	1
からだ	1
せんぱい	0
ちび	1
ちょーし	0
ねぎ	1
まの	1
でんき	1
さっく	1
じぇふ	1
てぃーぶいえいち	5
ぜんせん	0
ちぇこ	1
ばど	1
ぴーけー	3
あふ	1
うわーる	2
みんとん	1
りえる	1
うっど	1
ころんばいん	4
だーす	1
ひょうたん	3
ぶりぢ	1
まんこ	1
しゃらく	0
いずも	1
いづも	1
けーしー	3
ちくしょう	3
ちくしょー	3
れび	1
いず	1
もすくわ	0
けんぷ	1
ばーつ	1
あゔぃす	1
こがた	0
いちおう	0
ぎらい	0
とぅーる	1
ぺた	1
かんぱん	0
すいせん	0
てぃー	1
とうこ	1
とーこ	1
りゔぃん	1
にー	1
ほうけい	0
まんが	0
みなと	0
るーむ	1
えーぜっと	3
りょーか	1
ぱり	1
らど	1
ちゃわん	0
ゆっか	1
くまん	1
さんこー	0
がくふ	0
ふくすけ	2
ぽす	1
たいしょう	1
てぃーしーだぶりゅー	5
てりあ	1
いど	1
べるでぃ	1
しゃく	0
じゃっく	1
えでぃー	1
ながれ	3
となー	1
りる	1
たいしゃ	0
かつら	0
じーけー	3
ゔぇろ	1
ぐえんとらんふぉん	7
じま	1
せいじょう	0
ひるね	0
りえ	1
だいほー	0
ゔぁらなし	2
ぴか	1
みず	0
あいれ	1
かんざし	0
ふぁざー	1
ぷると	1
るぱん	1
えどうぃん	1
こふ	1
たくま	1
だっふぃー	1
どるちぇ	1
ちんたお	1
びゅー	1
のどん	1
ものごと	2
きんじょう	1
ひまらや	0
あかぎ	0
しおどめ	0
ちゃが	1
はちくま	0
めかけ	3
うおん	2
つぎ	0
ふくだ	0
ぐらはむ	1
ぐんかん	0
こんと	1
なかがわ	2
かむり	1
まいるず	1
やかん	0
かーでぃふ	1
ろっしゅ	1
えべれすと	3
きちょー	0
ほうれん	3
くいん	2
まぐ	1
あんぽ	1
きほん	0
ふらい	0
まきの	1
りゅうず	0
りゅーず	0
かんくん	1
りすと	1
かち	1
せいろ	3
ろれつ	0
たーなー	1
だぶりゆー	1
だらーず	1
はと	1
ふくおか	2
いつ	1
えま	1
どたばた	1
ゔぃあ	1
もす	1
やまざき	2
りーと	0
れら	1
えね	1
びわ	1
めいと	1
こさか	1
さみー	1
どーびー	1
れいぶ	1
あくた	1
かくべつ	0
ごじっ	2
ほーれん	3
まつや	0
くろき	1
なかにし	2
ぴお	1
えりぃ	1
えりい	1
たにた	1
ふらん	1
ようじ	0
よーじ	0
りーが	1
りーち	1
えすえす	0
こぼち	3
わたくし	0
こうべ	1
こて	0
しゃしん	0
あうんさんすーちー	6
ゆり	0
いしい	0
おほや	1
ざいそく	1
けんじ	1
けんぢ	1
ぎゃら	1
すみだ	0
とれとれ	0
おんなのこ	3
さいかい	0
しんぐ	1
むおー	1
やまなか	0
くりくり	0
すくりーむ	3
ぺーぱ	0
からふと	0
じゅうたん	1
がら	1
もんざ	1
ふし	2
ゔぇねちあ	0
めいめい	3
かっぱ	0
きいきい	1
ころむびあ	2
まじめ	0
やりとり	2
おすかぁ	1
おすかあ	1
はんしん	0
ふじもと	2
へいけ	1
がすたー	1
ちてき	0
れぶん	0
はくちょう	0
ふぃるた	0
まーてぃん	1
はこ	0
はっとり	0
ほうれい	0
ごっ	1
うま	2
くぼた	1
さんふらんしすこ	6
じょうけん	0
かどかわ	2
ころん	1
りーる	0
さか	1
そいつ	0
さがみ	1
えっくすあーる	5
ちぇろ	1
ぎんざ	0
やーど	1
だいしょう	1
ふとう	0
たむ	1
ばいすとす	3
ぷーど	1
だっこ	1
あいえいち	3
あいしーゆー	5
ながの	1
あぼーど	2
くれい	2
はーん	1
えーおー	3
おんご	1
くろよん	0
ひめ	1
ゆーべ	1
ゆーゔぇ	1
えむ	1
ぼーじょれ	1
げっこう	0
さなだ	0
じっ	1
れーく	1
ろこつ	0
きゃにおん	1
さぎょう	1
ぴーえー	3
ぽんぽん	1
むねにく	2
すもう	0
そうだい	0
じみ	2
ぽつ	1
とちぎ	1
うち	0
じんぎ	0
みやた	0
きき	1
かさぶらんか	4
れーぬ	1
ひっち	1
けーえすでぃー	5
でんぱ	1
ふぇーる	1
ほんこん	1
ものづくり	3
ろーゔぁー	1
ゔぁる	1
くし	2
じゃ	1
それん	1
れびんそん	2
いっせい	1
おーどりー	1
げきてき	0
すずめばち	3
さかだち	0
さよく	1
ばーくれー	1
あまぞん	1
いいえ	3
すぽ	1
どむ	1
かっちょ	0
おおた	0
みそぎ	0
ばな	1
ぼね	1
えーてぃーおー	5
てんとう	1
なかなか	0
ままかり	0
ろーれん	1
たかせ	1
いんず	1
びじょん	1
ほんね	0
げてもの	0
さとー	1
ゔぁーす	1
ぴっど	1
ばりちぇろ	0
ぱらと	1
がわ	2
くもまく	2
げいりー	1
しぇっとらんど	4
ばいざー	1
まぬけ	0
うわさ	0
はどそん	1
ゆだ	1
すもー	0
にがわらい	3
ぶろーどうぇい	5
わるのり	0
おおよろこび	3
しー	1
だっふぃ	1
とけい	0
かこく	0
よりみち	0
ちから	3
りゅうぐう	3
うめあわせ	0
ろじゃー	1
せきばらい	3
せきばらひ	3
ちゅうがく	1
とり	0
ぶいだぶりゅー	3
あい	1
ありー	1
かさあげ	0
きのぼり	2
たらいまわし	4
どんびき	0
はなうた	0
まとめがい	0
あきあき	3
うがい	0
うんこあつめ	4
うんこひろい	4
えらあらい	3
かきこ	1
からいり	0
からぶき	0
からみぜめ	0
からやき	0
がたおち	0
がぶのみ	0
ぎー	1
くらがえ	0
くるまさがし	4
くるまよい	0
こまおち	0
ごみだし	0
さびおとし	3
しわよせ	0
すりすり	1
たてのり	0
たねまき	2
ちょんがけ	0
ちらみ	0
つぎはぎ	0
つまはじき	3
つまみぐい	0
とんぼがえり	4
どかがい	0
どかぐい	0
なでなで	1
ぬりぬり	1
ねじどめ	0
のりづけ	0
はめはめ	1
ふきふき	1
ふてね	0
ぶらんこあそび	5
ぶるごーにゅ	3
ぷーけっと	1
へたっぴ	4
ぼろなき	0
ぼろもうけ	3
まじぎれ	0
めがばいと	3
もくひろい	3
やりにげ	0
わりつぎ	0
わるふざけ	3
おんぶ	1
きのこ	1
ごぜ	1
めいれん	1
ぐりーばす	2
しぇ	1
ぴえーる	2
みやけ	0
らとばーぐ	3
えるぱそ	0
こまき	1
たむろ	0
のび	2
さかな	0
びあ	1
はやま	1
らぐれーぬ	3
べいぶ	1
にぽん	2
のら	1
かんたべり	3
しかと	0
しんが	1
てぃっく	1
たくし	1
なかやま	0
ぼーず	1
えいちぴー	4
たびびと	0
はかた	0
ぼうず	1
せいこー	0
いーぴーおーえす	7
しゅみ	1
あーるぶい	4
えいちえむ	4
えんがわ	0
びみょう	0
ぶらっくじゃっく	5
るくす	1
ふぉーど	1
ぶんや	0
むれ	1
うぇー	1
だいにん	1
ばなれ	1
ひるとん	1
とうき	1
あんです	1
くなしり	2
はりこ	0
しりあ	1
れまん	1
ぞく	0
れみ	1
はいいろ	0
わたつみ	0
ごめーん	2
じどう	0
れーさい	0
びぼ	1
まんつ	1
てんかん	1
どけい	0
ぐんたい	1
しぇぱーど	2
こしょう	2
せいしき	0
ばぐらす	1
ぱーれびー	1
まつけん	0
やけ	0
いなり	1
おんきょー	0
しやわせ	0
ちーん	0
たいぎ	1
ぶらっど	2
むちゃ	1
せいしん	0
へある	1
くまもと	0
ねもと	1
ふつふつ	0
こがねむし	3
ちょうちょう	1
がが	1
しゃむしぇるがんじ	5
きゃしゃ	0
きやしや	0
らも	1
えむあい	3
ちあぱす	1
ぱらぱら	1
とーぜん	0
うぇいん	1
えぬぶい	3
こんゔぇあ	3
ごみ	2
しゃーろっと	1
じゅうなん	0
ふらんくりん	2
りずむ	1
あいきゅー	3
とれーる	2
たるねー	1
だーうぃん	1
べるりん	0
おーく	1
こんび	1
じー	0
そうめん	1
ごうせい	1
こうてい	0
こしょー	2
さかさま	0
ぴかそ	1
かわら	0
じぇーこぶ	1
ぶいおー	3
りっぱ	0
ろー	1
ねずみ	0
わかしゅ	2
えいちてぃーてぃーぴー	8
えすでぃー	3
きゅうくつ	1
だぶりゅーだぶりゅーだぶりゅーどっと	9
てぃーえぬてぃー	5
てんじく	1
ばーでんばーでん	5
じじょう	0
のんき	1
もーれつ	0
りっじ	1
えすいーぴー	5
てぃあ	1
ばつぐん	0
そまつ	1
ひたち	1
けいけん	0
ぷるーふ	2
あるふあ	1
ぶるぐ	1
さへん	1
あいまい	0
えーてぃー	3
ぎょうさん	3
てん	0
はたけ	0
ばってん	3
れにー	1
びりー	1
がた	1
ていねい	1
がんこ	1
うろんすきー	2
おうせい	0
きょうれつ	0
きょーれつ	0
ざんねん	3
せいきゅう	0
せきらら	0
せんめい	0
たじー	1
だいたん	3
ゔぁすら	1
ひんぱん	0
まるせい	2
わいせつ	0
いんけん	0
けー	1
けんめい	0
げれつ	0
こそく	0
じざい	0
じゃけん	1
せいそ	1
たいせつ	0
てきめん	0
とんきょう	1
ひょうきん	3
びろう	0
へんてこ	0
いのち	1
けいさん	0
たんねん	1
ねーばー	1
むぅ	1
まいこん	0
こーひ	3
どくた	1
えすえふ	0
かろう	0
るーぶり	1
ふぃんが	1
もんもん	0
ろーま	1
だらむ	1
どろどろ	0
えすおー	3
くらら	1
しゅー	1
かれん	1
たみや	1
にく	2
あいば	0
こーく	1
ぶーん	0
ほこり	0
えれべーた	3
かむたい	1
じあん	1
てぽどん	1
りーむ	1
けげん	0
さーきゃ	1
しゃーきゃ	1
いーえむ	0
しゆうさい	0
かせん	1
ぎもん	0
ちゃーるず	1
きゃっきゃ	1
はげ	1
まぎょう	1
えふしー	3
せいかん	0
よこはま	0
はだ	1
はるひ	1
いけ	2
くろあし	0
ごぼう	0
ぶたぺすと	3
そるとれいく	4
すべり	3
ぴおりあ	2
くぉーと	2
しょうぶ	1
とろわぐろ	3
ながさき	2
すぱーん	2
ほけん	0
げんかい	1
しわしわ	0
はるな	1
みすみ	1
じゅまん	2
こそぼ	1
ぜい	1
そぉー	0
へんでる	1
みすた	1
けいひ	1
つぁいす	1
あでる	1
ざき	1
たちばな	2
まえかわ	2
いせき	0
えっくすえぬえー	7
せいもあ	1
のーとん	1
ちとー	1
きんぎょ	1
ばーでぃ	1
けいせき	1
すがはら	2
あすろん	0
かりぶ	1
さいもん	1
みやげ	0
たいしょうぐん	3
つれ	0
よんじゅう	1
はちみつ	0
もっこう	0
うそつき	2
じんだい	0
ずいか	0
かどー	1
ふれっと	2
くめん	1
にせもの	0
みくに	0
やるき	0
きよう	1
しらす	0
きゅうかん	0
くすり	0
ほあきん	1
やこう	0
どしゃ	1
ざくら	0
ぜーん	1
とわん	1
けーおー	3
とうがらし	3
しゃー	1
すね	2
ぱち	2
ぴー	1
まれい	1
いちかわ	2
とげ	2
あいあーるえぬ	6
いけぶくろ	3
ますだ	0
ゆん	1
たいむす	1
まりぃ	1
みむら	1
しぇーくすぴあ	4
すな	0
ゔぇるでぃ	1
ほどほど	0
おりゅんぽす	3
しゃる	1
れーくらんど	4
おうごん	0
でぃーけー	3
ひゅーすとん	1
まっつぁお	3
かんぞー	0
でゔ	1
ぼんべい	1
れいざー	1
しょうしゃ	1
あたまでっかち	4
えるいーおー	5
おおあじ	0
おてんば	0
からっぽ	0
くろやま	0
ぐーたら	0
けいざい	1
しわくちゃ	0
すかんぴん	4
すじちがい	3
ずんどう	0
つるすべ	0
つるぴか	0
でたらめ	0
でまかせ	0
とんちんかん	3
どへた	0
ばればれ	0
びしょぬれ	0
へたれ	2
ぼろくそ	0
まぜまぜ	0
まとはずれ	3
まゆつば	0
みーはー	0
めちゃあつ	0
めちゃもて	0
やすかわ	0
あーるえぬ	4
かつて	1
ばんどぅん	1
るしる	1
きむたく	0
きゃすた	1
くり	1
ひゅー	1
ぐず	1
ぽーと	1
だいすき	1
どーは	1
まーらー	1
あいく	1
びな	1
やさい	0
ほんもの	0
ぼるねお	0
れんげ	0
なんよう	0
はで	2
くーるす	1
にんじゃ	1
まうい	1
まんじゅう	3
おまる	2
うらんげり	2
からす	1
かま	0
さだむ	0
せかんず	1
とんこつ	0
ふーぞく	1
ゔぃーん	1
きょくしょ	1
ちぇん	1
ういーん	2
やすで	0
あかばね	0
がいでん	0
こば	0
どまにし	2
せっく	1
たけうち	2
にっくす	1
いしゃ	0
じよーじあ	1
ばんくーばー	3
しるりんぐ	1
みしま	0
かんばん	0
よこ	0
うしお	0
かめん	0
こばち	1
しおり	0
ばっさ	1
かたおか	2
きもの	0
いとこ	2
すこっとらんど	5
くちこみ	0
まいあみ	0
らんでぃー	1
あいびーえむ	5
いわい	0
ながしま	0
ひとすじ	2
りったー	0
じぇーえすぴー	5
そすう	1
なんきょく	0
ほんけ	1
あふりか	0
いぬ	2
ちゃーと	1
さぶ	1
みん	1
りつたー	0
りーてる	1
がりばー	1
えぬじーおー	5
ごじゅっ	2
されば	1
えびあん	1
こばやし	0
にあ	1
しゃもにー	1
ふぁくと	1
おんず	1
きょうか	1
ふよう	0
あおむし	2
あたみ	1
かんとー	1
いんか	1
もともと	0
きん	1
はさる	1
へこみ	0
ぼーだ	1
るつくす	1
りんご	0
あぜん	0
おーな	1
どーぶつ	0
げんかん	1
てぃーぶいきゅー	5
にい	1
おまわり	2
おまはり	2
ほこりだに	3
みーる	1
ふぁい	1
ぴん	1
でいびっど	1
ぽんひき	0
ようそ	1
がんじー	1
でぃさ	1
ひるまん	1
うわのそら	4
えすいー	3
さっさと	1
しゃこ	1
やつしろ	2
おごう	1
がらがら	1
すおう	2
さっぽろ	0
じそ	0
はいー	1
はめ	2
はるぴん	1
えるまー	1
ぐあむ	1
すてき	0
どうしゃ	1
めんふぃす	1
よはねすぶるぐ	5
あれ	0
おつくすふおーど	5
こくど	1
さま	1
さんまる	0
ろび	1
えふだぶりゅー	3
えむおーえす	5
よー	1
ゔぁっじ	1
かりふぉるにあ	0
えぴ	1
きゅうり	1
ごて	0
せきにん	0
ふらふら	1
みうち	0
ばぁ	1
るう	1
ありか	1
からて	0
ざま	2
いすとく	1
やし	1
いかが	2
ねったい	0
かんしょ	1
ゔぁーくす	1
ぶらっくまん	2
なまくら	0
ばけ	2
こうだ	0
ちょうちん	3
ちょーちん	3
かろ	1
さーん	1
くりすとふー	3
ぼし	0
めちゃくちゃ	0
えふしーしー	5
げし	0
ことー	1
せっけい	0
まーる	1
やぐら	0
えぬびーえー	5
くぼ	0
ごぼー	0
しゅうち	1
だいちょう	1
こいつ	0
まだまだ	1
ししゅん	0
じぇふりー	1
ねらい	0
あとらっく	3
いんねん	0
ゆ	1
いしかわ	0
おふくろ	0
しょんべん	3
たいが	1
げっけい	0
やぎゅう	0
あーびんぐ	1
にんにく	0
きっく	1
いが	1
かせい	0
すいれん	1
つぼ	0
こうとう	0
しんじょ	1
はいす	1
よねくら	2
うぉるたー	1
おぐら	0
かぶ	0
かろちゃ	1
ぎぼし	1
じょにー	1
とにー	1
わたなべ	0
えいちあーるてぃーえふ	9
たにぐち	2
なすか	1
にゆーはんぷしやー	3
びら	1
えむてぃーしーあーる	7
かのじょ	1
しんけい	1
じょーしき	0
ばくだん	0
ふじた	1
におい	2
ねぐろ	1
むちゃくちゃ	0
やきいん	0
ぱれすちな	3
みってらん	1
けんと	1
たまに	0
きせき	0
でぃーあい	3
にれ	1
ぼーん	0
おうけい	1
はいぱー	1
がくぜん	0
とうぜん	0
みっどうぇー	1
めんでぃーに	3
えくさ	1
しゃん	1
ぜんりん	0
たんぽぽ	1
しもきた	2
ぼうぜん	0
うちやま	0
げんせん	0
うつうつ	0
じくじ	1
じどり	0
はがね	0
はつらつ	0
よおろっぱ	3
よおろつぱ	3
よーろつぱ	3
えいち	1
がくがく	0
しゃくしゃく	0
しゅくしゅく	0
ちとせ	0
とつとつ	0
もうろう	0
ゆうぜん	0
がちり	2
はなし	3
ふるすいんぐ	4
けーえすでー	5
げるぴん	0
さんさん	0
しゆー	1
たんまー	1
ちぐちん	1
とんでれら	3
とんまー	1
ぼかっしい	2
ようかん	1
らったった	1
らったったー	1
ばるとろ	0
わいころあ	3
しわ	0
おの	0
たんしゅえ	1
でんじ	1
あじや	1
えいしや	1
えいじあ	1
えしあ	1
あつた	1
きっくきっく	1
きんにく	1
たいそう	1
ふーせん	0
れいこふ	1
けんり	1
ころも	0
ほうねん	0
めまい	2
そーみん	1
あーのー	0
ぶらつせる	2
ぶだぺすと	3
いーしー	3
ばんな	1
かいちゅう	0
べら	0
ぼらん	1
かも	1
がんか	0
ぐぁむ	1
こちら	0
なとー	1
えつくす	1
まさあき	2
ちゅうと	0
ひまし	0
しぐれ	0
ぷろぐらま	0
げつじ	0
ふうせん	0
ほんま	0
みえ	1
うば	1
じょうざん	1
いきおい	3
しょーぐん	0
しす	1
あしんず	2
あぜんす	2
あてんす	2
こーふ	1
えすえむえっくす	5
かいよう	0
きてぃほーく	3
おすたんど	3
おでん	2
がいじん	0
ふっ	1
とっぱん	0
ぱちぷろ	0
ふぞく	1
みたらい	2
えばら	1
しりんぐ	1
たいわん	3
ふぁいぶ	1
あだん	1
ぶら	1
かしま	1
しかけ	0
どんどんっ	3
たんちょう	0
まるせーゆ	3
えぇ	1
けびょう	0
ごとく	0
ぱーしんぐ	1
ぼーっと	0
まんとう	1
まんとー	1
みやま	0
あてーね	2
あんどん	0
いんな	0
こんこんっ	3
ふおーん	1
うぉー	1
だいふく	4
とほー	0
ぱっかーど	3
だーいすき	1
らみれす	1
りっきょー	0
あじ	1
あとらんた	3
あわら	1
ふぁいゔ	1
べるもんど	3
らいちょう	0
とげとげ	0
はぁはぁ	1
はーはー	1
はぁーはぁー	1
らくだ	0
かいろ	1
かくせん	0
かさい	0
だいきらい	1
みつもり	2
けいれつ	0
じご	1
じょい	1
あこがれ	0
せんぞ	1
たいこ	0
ひらひら	1
ろてん	0
かんばつ	0
せんべつ	0
たっくす	1
まっこ	0
もんだい	0
らゔ	1
ごろく	1
りんぼく	0
えいえん	0
えむいー	3
かとまんず	3
さんしょ	0
ひょうじゅん	0
めす	1
ろーはに	0
かんりょう	0
ぎんが	1
ねいばー	1
いやいや	0
すてきー	3
びーびーきゅー	5
ぺー	1
あきひと	2
すたーと	1
てんし	1
りゅうほう	1
いんぐ	1
おめぇ	0
おめえ	0
おめー	0
たすまん	1
ぱんじゃぶ	1
ぼろ	1
あいそ	3
せんちゅう	1
みょうほう	0
いんたーすてーと	6
けってい	0
ゆーあーる	3
えむえふ	0
かんしや	1
せいほ	1
たたかい	0
うつびょう	0
こな	2
にんてん	0
はしもと	0
ぴゅーたー	1
ふうちょう	0
もけい	0
いすらまばーど	5
いんげん	1
えゔぇれすと	3
ぢつと	0
ぜにどう	2
いんた	1
かいめん	0
ほり	0
まつなか	2
いり	1
かながわ	2
たくわん	2
とうだい	0
にんじゃが	0
ばーばら	1
べんとう	3
えんか	1
かちかち	0
ごんげん	1
しまだ	0
しゅうさん	0
てんさい	0
ひとみ	0
おみくろん	2
かめむし	2
ぐんばつ	0
づら	0
へいか	1
みじん	0
けいそ	1
げーじつ	0
げんこつ	0
たくと	1
てんど	1
きんせん	1
さぼー	0
とーすと	1
どひょう	0
ひま	0
くんしょう	0
しゃくはち	0
せんし	1
どんこう	0
はんこ	3
ぼれ	2
けいま	0
ひょうずん	0
ひろお	0
ふうりん	0
よゆう	0
えんぴつ	0
だちょう	0
でんぷん	0
ぴかでりー	2
へーしゃ	1
いもうと	4
うんめい	1
かざい	1
こくが	2
さしおさえ	0
しふく	0
しゅせき	0
へいわ	0
みずいろ	0
ぎょうむ	1
じゅんさい	0
たくあん	2
ぶんたん	0
らくご	0
しゃくなげ	0
しんさつ	0
そうだ	1
だいっきらい	1
ちゃぱつ	0
ていきょー	0
ひょうひ	1
みりん	0
らんそう	0
がれき	0
がんこう	0
きんぎん	1
けいとう	0
げいしゃ	0
こあじ	0
さいふ	0
ぞーきん	0
にゅうさん	0
のれん	0
はいけい	1
ゆうれい	1
ゆーれい	1
れいほう	1
えきか	0
えんとつ	0
おおにし	0
ぎむ	1
げんごろう	0
しっぺ	3
じゅけい	0
たんび	1
ちきしょう	3
ちきしょー	3
ちっくしょう	3
ちきしょお	3
とうぞく	0
ひけつ	0
ひょーしき	0
ほんぽ	1
まつか	0
らっきょう	0
ろつと	1
あんき	1
あむぺあー	3
あむぺいあ	3
あんぺあー	3
あんぺいあ	3
あんぺーあ	3
いぞく	0
いへん	0
うわいと	2
おつ	0
かんぱーい	0
がいこつ	1
ききょう	0
きゅうち	1
げいま	0
けいりん	0
けっさく	0
すいさい	0
せきすい	0
せっきょ	0
せんにん	3
そーぎ	1
たんこう	0
ちゅうひ	1
どれい	0
なっとう	3
なんばん	0
はんどう	0
ばんどう	0
ばつかく	0
ひょうほん	0
ふーすい	0
ぷーちん	1
へんけん	0
ほうそ	1
めいちゅう	0
らっきょ	0
りくつ	0
りゅうけん	0
りょくとう	0
あくき	1
あんかん	0
あんこう	1
いしゅ	1
いずい	0
いちげ	2
いちもつ	0
いんきん	3
ういきょう	0
うこつ	1
うしょく	0
うちょう	0
うっちん	0
うっぷん	0
うんしゅう	1
うんちく	0
えっか	0
えきべん	0
えんこう	0
えんご	1
えんさい	0
えんじゅ	0
えんばく	0
えんれい	0
おわい	0
おんち	1
かっこん	0
かつぜつ	0
かてきょ	0
かんきつ	0
かんごく	0
かんれき	0
かんろく	0
がいこっつ	1
がくへん	0
がじゅつ	1
がちょう	0
がび	1
がんぜき	0
ぎきょう	0
きつぎ	1
きゅうそ	1
きゅーめー	0
きょうちく	1
きょくひ	1
きらんそう	0
きんか	1
きんけい	0
きんばい	0
きんぽう	0
きんれん	0
ぎさん	0
ぎょうかく	0
ぎょりゅう	0
ぎんか	1
ぎんざん	1
ぎんぼう	0
ぎんぽ	0
ぎんまく	0
くぁんそう	2
くあんそう	2
くじゃく	0
くずり	1
くばく	1
くんろく	0
けいず	0
げいとう	0
けいふつ	0
けつがん	2
けつぎょ	1
けつめい	0
けまん	0
けんご	1
けんぴ	1
けんまく	1
けんりょ	1
げっかよ	0
げっきつ	0
げんげ	0
げんちゃく	0
こうう	1
こうじゅ	1
こうすん	0
こーたん	0
こくぞう	0
こくちょう	0
こちょう	1
こはく	0
こんかつ	0
こんぎく	1
ごくばん	0
ごたく	0
ごんずい	0
ごんどう	0
さいみん	0
さいらん	0
さざんか	2
さつばん	0
さんざし	0
さんずい	0
ざいばつ	0
ざくろ	1
ざんがい	0
ちかん	0
しきぶ	2
しちめん	0
しばん	0
しゃくけい	0
しゃくやく	0
しゃじく	0
しゃりん	0
しゅうげん	1
しゃぐじ	0
しゅくじん	0
しゅぐじ	0
しゅくもう	0
しゅぐ	1
しゃぐ	1
しゆす	1
じゆす	1
しゅぼばば	0
しゅゆ	1
しょうま	1
しようりく	0
しょた	1
しーさー	1
じつわ	0
じゃこう	0
じゃんたく	0
じゅうしまつ	3
じゅくせん	0
じゃれん	0
じんま	0
すいぎゅう	0
すいとん	0
そお	1
ずおう	2
せいうん	0
せいぼう	0
せかちゅう	2
せかちゅー	2
せっこう	0
せんのう	3
せんか	1
ぜんごう	0
せんざん	0
せんそ	1
せんだん	0
せんまい	1
せんむ	1
せんもう	0
ぜいにく	0
そうぎょ	1
そけい	0
そてつ	0
そろばん	0
ぞうり	0
ぞーり	0
ついかん	0
たいげき	0
たいまい	0
たどん	0
だんぎく	1
だんろ	1
ちっそ	1
ちほく	1
ちゃさん	0
ちゅぷ	1
ちゅぷたん	1
ちょうがい	1
ちょうげん	0
ちょーもんいん	3
ちんだい	0
ていしん	0
てきでん	0
てっきゅう	0
てっぺん	3
てつぎょ	1
てんぎく	0
でんしょ	0
とうちゅう	0
とうびょう	0
とうやく	0
とくほ	1
とこん	0
とっこう	0
とばく	0
とんそく	0
とんち	0
どきゅう	0
どざえもん	0
どちゃう	0
どてん	0
どとう	0
どびん	0
どぶろく	0
どんこ	0
ないぐ	1
なんぴん	0
にちまん	1
にんべん	0
ねんじゅ	1
のうずい	1
はいぎょ	1
はくとう	0
はくひ	1
はっさく	0
はっぱ	0
はつとう	0
はんごん	0
はんばく	0
はんぺん	3
はんまい	0
はんみょう	0
ばいきん	0
ばいけい	0
ばくちく	0
ばくらい	0
ばせい	0
ばつもう	0
ばふん	0
ばんえい	0
ばんじろう	1
ばんそう	0
ばんそ	1
ばんちょう	1
ぱついち	0
ぱーらんくー	3
ひこつ	0
ひっさつ	0
ひょうもん	0
ひんぷん	0
びがん	0
びんずい	1
びんせん	0
ふうきん	0
ふうげつ	1
ふーてん	0
ふくじゅ	2
ふくじゆ	2
ふんいき	3
ぶくりょう	0
ぶっぽうそう	3
ぷーた	1
ぷうたろう	0
ぷーたろー	0
へきれき	0
へんく	1
へんてつ	0
べっぴん	0
べんもう	0
ほうかく	0
ほうけいさん	0
ほうさん	0
ほうせん	0
ほーだい	1
ほうちゃく	0
ほうとう	0
ほうらい	0
ほくさ	1
ほくしん	0
ほこてん	0
ほっき	0
ぼかん	0
ぼっか	1
ぼんてん	0
まおう	2
まっちゃ	0
まんさく	0
まんざい	3
みつろう	0
みょうじょう	0
みょうばん	0
みようばん	0
むあつ	0
めず	1
めつれつ	0
めんちょ	1
めんぼう	1
めんま	1
もうが	1
もうずい	0
もくちん	0
もっそう	3
やえん	0
やくしゅ	0
やくちゅう	0
やち	1
ゆうしゃ	1
ようしゅ	0
ようむ	1
ようれん	0
らいぎょ	1
らせん	0
らっぱ	0
らんぎょく	0
りかつ	0
りゅうぜつ	0
りゅーべ	1
れいし	1
りんぴ	1
れいあん	0
れいめい	0
れいよう	0
れんかく	0
れんぎょ	1
れんぶ	1
ろーけつ	0
ろうばい	0
ろーふく	0
ろうまい	0
ろちょう	1
ろっこつ	0
わいだん	0
わいろ	1
わもん	0
かくじょう	0
こうごう	3
せった	0
てんなん	0
とろんと	2
のもんはん	2
うこっ	1
きすい	0
せんい	1
てんぐー	0
でっち	0
ぼき	1
あんず	0
うっず	1
かりん	0
かんぬ	1
こひ	1
じじぃ	1
じじい	1
すまとら	0
せんこ	3
えんぴ	1
ぼかぁ	1
ごみすて	2
よくい	1
げそ	1
ござ	2
ざつ	0
きなが	0
きーん	0
ぐっ	1
げんこ	0
ほうろう	0
ぼーじょれー	1
まりあな	0
ろーは	1
いちころ	0
いろ	2
うやむや	0
えろかわ	0
おおざっぱ	3
きんぴか	0
しんみ	1
じまま	0
たかびー	1
つっけんどん	3
へっちゃら	0
へなちょこ	0
へんてこりん	0
ぼんくら	0
らくちん	0
ろば	1
じんだ	1
すばる	1
もんごう	0
けんざん	1
たいよう	1
えいこ	1
きてぃ	1
ひがい	1
ふせん	0
ごき	1
ひじかた	2
とかい	1
にわとり	0
もはや	1
とるす	1
とぴあ	1
まと	0
あか	1
はろう	0
ひけ	0
ひらたけ	2
ほそき	0
まつば	1
わたし	0
じーだぶりゅー	3
やまと	1
うちわ	2
やんばる	1
てぃーびー	3
ならび	0
ぶろーどうぇー	5
だうん	1
うぃんぶるどん	3
ねたにや	2
ぺきん	1
しゃきっ	2
たぬき	1
てんぷ	1
ぼすにあ	0
けーしーだぶりゅー	5
てんぐ	0
あらぶ	1
がさがさ	0
さんでぃえご	3
たきざわ	0
てぃかる	1
おかもと	0
はちゅう	0
まどりっど	3
あめのうずめ	1
いお	1
くるわ	0
さんぱうろ	3
いわさき	2
えるえすあい	5
かいう	1
さっち	1
しゃんぜりぜ	3
まんいち	1
じみち	0
じろー	1
にっかん	0
いいわけ	0
おまけ	0
こーり	0
さぎ	1
たからづか	3
つや	0
だぶるへっだー	4
ぴーしーあい	5
かぼす	0
がいし	1
しべりあ	0
そーっと	0
はわいい	1
ばぎょう	1
ころーる	2
せきりょう	0
だおゆいあん	5
ほのるる	0
あるあくさ	3
くらいま	2
まりぶ	1
みしぇる	1
うーあ	1
すえず	1
たたみ	0
ふで	0
ゆうこ	1
ちゆー	1
ぱとん	1
へるもん	1
えるされむ	3
きふ	1
すずか	0
ふぁす	1
べんせい	0
きおう	0
きおー	0
まどりー	1
おがわ	0
あいばく	0
くえん	0
めろ	1
そうか	1
みと	1
ろっきーず	1
えすえっくす	3
さんちあご	3
さんてぃあーご	3
にっけい	0
ふらんつ	2
もんてれい	1
かかと	0
しゃが	1
りりい	1
とりーの	2
はたち	1
みずりー	1
おかま	0
かりかり	0
ろうま	1
ろおま	1
あるべーるびる	6
いしがき	0
ぐろ	1
まらはう	1
いのしし	3
こうらい	1
てぃーぶいあーる	5
あんそにー	1
とろいえー	2
べねつぃあ	0
ゔぇねちつぃあ	0
ゔぇねつぃあ	0
やっぱり	3
かとう	1
かとー	1
ちゅーはい	0
あにき	1
こそゔぉ	1
しかん	0
ゆーらしあ	3
らー	1
げーんずびる	5
せーあん	1
げき	1
とろにく	2
れいて	1
あくせん	0
かあーん	0
こご	0
ほたる	1
りあるたいむ	4
えぬじー	3
せつ	1
ばしらん	1
ぶいえっくす	3
おおつき	0
もんごりあ	3
あぁ	1
かけら	0
くもり	3
ぐろす	0
とろいあ	2
とろいや	2
とろや	1
にゅーかれどにあ	0
べじーた	2
くに	0
すねお	0
なしりや	2
ばらにく	2
きし	1
じゃわ	1
はらじゅく	0
ろじー	1
わぁん	1
がんじす	1
れいくらんど	4
がっつり	3
こほり	1
けんみん	0
しーおーえすえむおーえす	1
ぜねらるさんとす	5
ふところ	0
かわ	2
はねつぎ	0
ぐえんどくほーえ	6
ばいす	1
えきなか	0
えるぐ	1
かーぶる	1
かーるするーえ	5
しのざき	2
だし	2
どいなか	2
ゔぁんくーゔぁー	3
ぽーろ	1
あんちてーぜ	4
ころんぶす	2
いもら	1
いーてぃー	3
ぱーんっ	0
もんばさ	0
やっく	1
やん	1
さざえ	1
ちぇるのぶいり	4
とう	1
めりはり	0
めーてる	1
あどりあ	0
かわさき	0
くぅる	1
にもつ	1
えゔぃあん	1
さまわ	1
ままはは	0
がぎょう	1
はやり	3
あーるてぃーてぃー	6
ちゅうはい	0
どーもと	1
てきさす	1
ほんぶるく	3
いきなり	0
にいがた	0
あたし	0
あんどれ	1
さざ	1
れすと	1
かりふおるにあ	0
だこ	1
たけだ	0
ぴーぴー	1
かりふぉるにぁ	0
まめ	0
こーてぃ	1
そりゃー	0
ぶりゅっせる	2
もんとりおーる	5
あいえすえるえーえぬでぃー	1
あんばる	1
くちびる	0
よめ	0
おきすふぉーど	4
おくすふぉーど	4
おくすふおーど	4
おっくすふおるど	5
おつくすふおるど	5
きとー	1
けむぶりっぢ	4
けんぶりじ	3
なぞ	0
よぐ	1
そ	1
とうぶ	1
るくら	1
かべ	0
きね	1
しょぼーん	2
ふさ	2
まっくぃーん	4
うぇりんとん	2
しこーすきー	2
だーばん	1
ばいか	1
あせり	3
しんちゅー	1
はせがわ	0
もんご	0
まんぽ	1
あずき	3
あぶだび	0
ふぉーとわーす	4
こるかた	0
しけい	0
たたき	3
ぺいじ	1
みぞ	0
らいてぃんぐ	0
うとろ	1
きらうえあ	4
しゃじん	1
みっどうぇい	1
みっどうえい	1
いちじ	2
きぃきぃ	1
くき	2
ぐり	1
いーわて	1
しゅく	1
おとり	0
はんだ	0
おざわ	0
くろさか	2
ぴれあ	1
わーく	1
うそ	1
きび	1
はのーばー	2
むしゃらふ	2
いなば	1
かくれんぼ	3
ぢょうちん	3
ぢょーちん	3
にしだ	1
ばらばら	0
もり	1
かたまり	0
すずらん	2
つまり	1
ぱるみら	0
まーがれっと	1
よしだ	0
えすおーあい	5
たらーい	2
ひろまさ	2
こーてぃかるて	4
ねんき	0
べおぐらーど	4
ぼおっと	0
ぼぉーっと	0
ぼぉっと	0
みどりいろ	0
みやぎ	1
まるたい	2
かばん	0
にゅーおーりんず	3
ひのきちおーる	5
えっくすてぃー	5
ぷろびるぱらべん	5
ぽーつます	3
ゆず	1
ばった	0
えーでぃーびー	5
どーゔぁー	1
ぱちぱち	1
まぐわいあ	3
さらきん	0
おにぎり	2
こーどー	1
にんじん	0
まふむーど	3
むだ	0
さんくりすとばるでらすかさす	12
にゃあ	1
はんちん	1
むらやま	0
でんばー	1
ろっくふぇらー	4
ざぶ	1
たに	1
いんどしな	3
えぬえすえー	5
おはら	1
かいそう	0
くあらるんぷーる	6
せんとるいす	4
とびー	1
ぬし	1
はまな	1
じゃがいも	0
とみた	1
ゆーえふじぇー	5
りゔぉ	1
ろーぷうぇー	4
かまた	1
ういぐる	2
じーえぬぴー	5
みんだなお	0
いすたんぶーる	5
ごち	1
ちっとも	3
たか	0
ちた	1
らすべがす	3
あだ	2
こいてん	1
とりとめ	0
ばくだっど	3
ばぐだーど	3
ひき	0
えむいーぴー	5
おーぜっと	3
ぐぐ	2
こうご	1
たまねぎ	3
ふらむ	1
ゆーろっぱ	3
ゆーろっぷ	3
だんご	0
いす	0
ねいる	1
あちぇ	1
ぐろすぐろっくなー	5
こーゔ	1
じぇるめ	1
だったん	1
どばい	1
ぼごーる	2
みらの	1
ろさんぜるす	4
さんどら	0
とうじん	0
ほんしゅう	1
きへい	1
ごろごろ	1
さんほせ	0
はどすん	1
ばいえるん	1
きゃせい	1
にちにち	0
ばんこっく	1
おとこのこ	3
じゃこばばーど	4
きろびーぴーえす	7
しぇむしぇるがんじ	5
ふろる	1
もんつぁ	1
からち	1
てへらん	1
はつか	0
うーすたー	1
かに	0
ぼすにぁ	0
ぼじょれ	1
ぼじょれー	1
りょうこ	1
りょーこ	1
じゃゔぁ	1
ちゃのま	0
ぼろぼろ	1
まんとん	1
おるばにー	2
きんぴら	0
さんしょう	0
はんなん	0
めーさい	1
らぶらどる	3
くらいすとちゃーち	6
しゅう	1
どめ	0
ぶす	1
ぷらむか	2
もすこー	1
もすくゔぁ	0
もすこ	1
もすこう	1
うーん	1
かわず	1
ころらど	0
すらびょう	0
ほめろす	1
まにら	1
きりまんじゃろ	3
すゑず	1
ちょんむすたーぐ	5
ぶだぺしゅと	3
あるさらい	3
てー	1
とらんす	2
とりわけ	0
まつもと	0
でぃーえぬぴー	5
はなさ	0
ばっくす	1
わだ	0
えっくすでぃー	5
かんくーん	3
ぜんご	1
だいがく	0
あたくし	0
あるべーるゔぃる	6
おうる	1
かりす	1
じーてぃー	3
せあ	1
せんだい	1
めいど	0
いーまっくす	3
ぎわ	2
しーおー	3
だぶりゅーてぃーしーしー	9
くらくし	2
げいこ	1
さんたからんた	5
じぇくと	1
はっきし	3
ばーぜる	1
ぶらんき	2
むらさきいろ	0
いすず	0
いーえっくすぴー	7
げひん	2
ふえ	1
よとう	0
いんふぉてら	3
しーえっくす	3
たゔぇる	1
てのむ	1
いてれーた	3
えにゅめれーしょん	4
じっぷすけーる	5
ばたけ	0
ぱと	1
ぴーえいちえむえむ	8
ふぉーえばー	3
ふーむ	1
ぷらいまり	2
ぽる	1
まご	2
めどらいん	3
えぬぴーてぃー	5
しぇとらんど	3
じやわ	1
ちゅ	1
ぢりめん	0
ぴーてぃーえむ	5
ぶろーどうえい	6
たぐち	1
ていぢ	1
ぶーるごーにゅ	4
べねるっくす	3
めっか	1
もすたる	1
わるだっく	3
かたーりっく	2
かんたべりい	4
かんたべりー	4
ちしま	1
ははじま	0
えいちてぃーえむ	6
ごきぶり	0
なすのだ	0
おあふ	1
おりんぱす	2
かゆ	0
がたっ	2
しーえいち	3
てるあびぶ	3
ばいろう	1
いちろう	0
かへん	1
であ	1
やなぎらん	3
あいえーいーえー	7
おかず	0
こーかさす	1
すすきの	0
すとっくほるむ	5
てっせん	0
ぶんだん	1
ぷらんと	2
べるらん	1
べるりーん	3
あったま	3
かぎょう	1
ひゔぁ	1
くわはら	2
にゅーでりー	3
あまみ	1
けんけい	0
こうさい	0
さうすかろらいな	6
にせ	0
こやま	1
ゔぇにす	1
まとめ	0
りゅうきん	0
あんくる	1
あーるあいえむ	6
えぬえす	0
しるみど	0
だいどこ	0
はのーゔぁー	2
ふりつけ	0
ろーみす	1
えふえっくす	3
たういたうい	4
ぶりんでぃし	2
ぼあお	1
かりべ	1
きまらす	1
だいしょうぐん	3
おりんぽす	2
じーてぃーえー	5
ひめご	2
もーをた	0
くち	0
ちべっと	2
なにわ	0
べにす	1
みっちー	1
るせる	1
うぃりあむずばーぐ	6
さはら	1
じやがいも	0
すとーかー	2
ちゃーるすとん	3
でぃり	1
となみ	1
ゔぁんくーゔぁ	3
もの	1
りゔぃえら	0
かけ	2
きちじょう	0
たんぱ	1
だいかんやま	0
よはねすぶるく	5
りんかけ	0
えぐりん	1
えびやん	1
ちゃば	1
ちょと	1
ぽうつます	3
うず	1
ごと	1
てんぐり	1
どうゔぁー	1
どーばー	1
びす	1
ゆた	1
あらびあ	0
かりふぉにあ	0
かりふぉるにや	0
かるふぉにあ	0
かるふぉるにぁ	0
かるふぉるにあ	0
じゅねーぶ	2
でんゔぁー	1
はるびん	1
まさちゅーせっつ	5
もあ	1
じょはねすばーぐ	5
よはねすばーぐ	5
きただけ	2
げんなま	0
たかだ	0
ぶつぶつ	1
ぷらばん	0
ろおらんさん	3
くしろ	1
ぜに	1
とんがらし	3
めこん	1
りま	1
いーすとうっど	5
えれん	1
ぱれすてぃな	3
ふぁーご	1
ゆーえすじぇー	5
わっせなー	1
あぶぐれいぶ	4
きざ	1
だざい	1
てぃえんざん	2
てぃわな	1
ばは	1
ぷりんとあうと	5
ぼーふら	0
まいける	1
らすゔぇがす	3
あいでぃーいー	5
じょうんず	1
だますかす	3
なんきん	3
ぴっつばーぐ	4
まさだ	0
あいじん	1
ぎまらいんす	3
ぎょうせい	0
ごる	1
しえりー	1
ぺてるぶるぐ	4
ぽーとせんとるーしー	7
むらた	0
ごるごだ	0
すとらすぶーる	5
ぶれしゃ	1
ぶうーん	0
まいえんふぇると	5
みさの	1
りやど	1
おたわ	1
ちょもらんま	3
みゅんへん	1
ろうか	0
あいおーえむ	5
いためし	0
かとまんどぅ	3
かるこった	3
しかーご	2
たじま	0
ぱんじゃーぶ	3
ぴくとん	1
ぷのんぺん	2
あにぃ	1
えぬぴーおー	5
かんでぃん	1
ばべるだおぶ	4
ぶえのすあいれす	5
じゅねーゔ	2
すぱるた	0
だいこ	0
ちゅーりひ	1
てぃくりーと	3
どろ	2
ばるせろな	3
ぴかでぃりー	2
わぎょう	1
おるりー	1
だらす	1
ぱるばっと	0
まりやな	0
あゔぃによん	2
ういんぶるどん	4
かななすきす	4
たひち	1
ちぇんない	1
ふぃれんつぇ	2
ほっきょく	0
ぽおる	1
めつか	1
ろわーる	2
えみーりあ	2
こういか	1
さんじえご	3
さんぽうろ	3
しゃんぜりぜえ	3
しゃんぜりぜー	3
しゃんぜりーぜ	4
じぇのば	1
てるあゔぃゔ	3
にゅーおりんず	3
ふうじ	1
ふらんくふると	5
ぼすにや	0
いえなだ	0
うぉんうぉん	1
いぇるされむ	4
いぇるされるむ	5
いえるされむ	4
いえるされるむ	5
じぇるされむ	3
かーくすびる	5
しびーり	2
しべりや	0
しょるぬ	1
すうぇーず	2
すとつくほるむ	5
なんが	1
ばらーど	2
ばーみんがむ	3
まどらす	1
やきにく	0
あんの	0
くも	1
さんあんとにお	5
ばーみやん	1
るあんぷらばん	5
ありぞな	0
えぷそむ	1
げいんずびる	5
ごひゃく	3
しゃんぱーにゅ	3
しんしあ	1
たくさん	0
でんぱさーる	4
はーぐ	1
ひろせ	1
ぶりすとる	2
もらゔぃあ	0
るさか	1
あお	1
えまお	1
ぐるにぃゆ	3
ごり	0
さかもと	0
さまりあ	2
ちゃぐちゃらん	3
なしりあ	2
はのい	1
ばーきん	1
あてぃなす	1
あどりや	0
あるちゅう	0
いったん	0
かるるするーえ	5
かーるしゅるーえ	5
せれ	1
ちぇるのぶいる	4
ちさん	1
でぃーえーてぃー	5
へーれんふぇいん	5
べるさいゆ	3
ほろ	1
らまだん	1
りびえら	0
わー	1
おくらほま	3
きるくーく	3
しちりあ	0
てくさす	1
でいびっと	1
べねるくす	3
ゔぉるが	1
やえやま	0
らくのう	0
いぐね	1
いまり	1
くみきょく	2
さんふぁにーこ	4
ししりー	1
じょーじたうん	4
ませる	1
あとらんてぃす	3
うゑりんとん	3
うえりんぐとん	3
うえりんとん	3
えるりんとん	3
ゑるりんとん	3
けーた	1
ていえんざん	2
にゅーおーるりんず	3
にゅーおるりんず	3
はのーふぁー	2
あでれーど	3
えざき	1
さんくとぺてるぶるく	8
すっぴん	0
なぽり	1
なみぶ	1
ぬいい	1
ぱるま	1
ぴえもんて	3
べるぐらーど	4
みゅんひぇん	1
みゆんへん	1
よせみて	0
るすつ	1
あてじ	0
いすたんぶる	3
いんどいな	3
うぃぐる	1
くあらるんぷる	6
けいろ	1
にこ	2
すこぴえ	2
せってい	1
たんがにーか	4
なんだみゃいん	4
にせこあんぬぷり	6
ゔぁり	1
ぶぇのすあいれす	5
るくさんぶーる	5
あでん	1
あびによん	2
あむすてるだむ	4
あるばにー	2
いけめん	0
いわ	2
うぇーるず	1
おおばん	0
かいこす	1
かざるす	1
かもり	1
かりまんたん	3
かわり	0
きご	1
きやまち	2
くるめ	1
こるしか	0
ごるごんぞーら	5
さぼり	3
じぇのゔぁ	1
すだれ	0
すとろんぼり	3
すれぷれにつあ	4
たうぃたうぃ	0
てねしー	1
とうもろこし	3
とーもろこし	3
どはい	1
でゅばい	1
どぅばい	10
ぱくてぃあ	2
ぱみーる	2
ぱりゃくら	0
ふるあむ	1
ぶりんでぃじ	2
ぷりしゅてぃな	3
ゔぇにーす	2
べるばら	0
べるん	1
ぼろす	1
ぽとまっく	1
まいづる	1
まんしう	1
もんてかるろ	4
もーおた	0
らすぱるます	3
らまっら	2
らむさーる	3
ろさんじぇるす	4
ろすあんじぇるす	5
ろすあんぜるす	5
わるしゃわ	0
あるらしっど	4
えず	1
えまを	1
おこん	1
おりんだ	2
かえれ	1
さがるまーた	4
ししりい	1
しょーとかっと	4
つばさ	0
にゃふるる	1
にゅるんべるく	4
ばっか	1
ばるばきおす	4
ふぃらでるふぃあ	5
ふろしき	0
ぶーしゅでゅろーぬ	5
ゔぇるさいゆ	3
まくはり	0
まらねろ	0
まるめ	1
めなむ	1
よんびょん	1
あきはばら	3
あんてぃーぶ	3
うぇすともーらんど	5
えんせなーだ	4
おれごん	1
かっぱどきあ	4
かやく	1
がりらや	0
がんっ	0
きしゅう	1
こうかす	1
さうすきゃろらいな	6
さっかる	1
じぇにん	1
だなおい	1
にねべ	1
ねばだ	1
ばんだるすりぶがわん	8
ほるすたいん	4
ぼうや	1
ぽんぺいあ	3
まらけしゅ	1
まんどりゅー	1
もりーぜ	2
あでれいど	3
あらびや	0
あれくさんどりあ	6
ういりあむずばーぐ	7
うぇいるず	1
うぇいず	1
えいゔぉん	1
おめーにゃ	2
かすぴ	1
かなん	1
くえぜりん	0
こねちかっと	4
こねてぃかっと	4
こめすう	2
さめ	0
さらわく	2
さるがん	0
さんのぜ	0
すれりかーとくっぱむ	0
すわとー	2
たるわん	2
たんがにいか	4
だげすたん	2
だますくす	3
だますこ	2
ちゃばん	1
てぃりてぃりまたんぎ	6
でぃやら	1
でっちあげ	0
とれんと	2
とろありびえーる	6
なほとか	0
ねれとば	0
ばるちすたん	3
べぐる	1
べんがる	1
ほーちみん	3
ぼうふら	0
ぼごた	1
までぃら	1
ろずうぇる	1
わいおみんぐ	4
あとらんちす	3
あびにおん	2
あびにょん	2
あゔぃにおん	2
あゔぃにょん	2
うぃすこんしん	3
えみりあ	2
おったわ	1
ごるごた	0
さつかん	0
しきりあ	0
ぜのあ	1
ぜにゆべ	1
たがろぐ	0
たひてぃ	1
たみるなど	3
ちゅーりっひ	1
ちくりっと	3
てぃくりっと	1
とんれさっぷ	4
ねあんでるたーる	6
ばるせろーな	4
ぱけだい	0
ゔぃすた	1
びつつばーぐ	4
ぴょんやん	1
ふゐらでるふゐあ	5
ふぃれんちぇ	2
ふぇにきあ	0
ふっか	0
ぶれしあ	2
ぶれっしゃ	2
ぷよ	1
ぺこっ	2
ぺえてるぶるく	5
ぺてるすぶるぐ	5
ぺてるぶるく	4
まるう	1
まんぎょん	1
もーする	1
よこすか	0
ろあーる	2
あつべつ	2
あゆん	1
うえーるず	2
えぷさむ	1
おぎくぼ	0
おすたか	0
おでき	2
きぼ	1
くぇぜりん	0
ごび	1
ごるごんぞら	3
さんくとぺてるぶるぐ	8
すれぶれにつぁ	4
すわとう	1
たんせん	1
なーぽり	1
にねゔぇ	1
ねゔぁだ	1
ねゔあた	1
へいぐ	1
へーぐ	1
ばーみあん	1
ばーみやーん	4
ぶりすとーる	4
ぶりんぢいしい	2
もうこ	1
らまら	1
るあんぱばーん	5
るあんぷらばーん	6
ろづうえる	1
あいおわ	0
あいがー	1
あいぐん	0
あいげん	1
あいせん	1
あいぜなっは	4
あいぜなは	3
あいぜんがるど	5
あいたぼ	0
あいだほ	0
あいてぃとぅば	3
あいでぃんどりる	5
あいにす	1
あいばーゔぃる	5
あいふぇる	1
あいふぉーど	3
あいるわーす	4
あいんだーらー	4
あいーる	2
あうえるしゅてっと	6
あうくすぶるく	5
あうぐすぶるく	5
あうぐすぶるぐ	5
あうすぶるく	4
あうしゅたっと	4
あうしゅびっつ	4
あうしゅびつ	3
あうしゅゔぃっつ	4
あうしゅゔぃつ	3
あうすぜー	2
あうすてるりっつ	6
あうすとらじあ	5
あうすとろ	3
あうとべるく	4
あうとべるぐ	4
あうとほるん	4
あうらー	1
あうるむ	1
あうれりあ	3
あうれーりあ	3
あうれーで	3
あえぎな	0
あおすた	0
あおぞう	0
あかじわ	0
あかでぃあ	2
あかぷるこ	3
あかんだな	2
あがっと	1
あがでぃーる	3
あがです	1
あがにゃ	1
あがりぱま	3
あがるた	2
あきてーぬ	3
あきてーんにゅ	3
あきゃぶ	1
あくあんぬーん	5
あくぃたーにあ	4
あくいたーにあ	4
あくぃれいあ	4
あくいれいあ	4
あくしゅねっと	4
あくす	1
あくすう	0
あくすれてるむ	5
えくすれてるむ	5
あくたーぐ	3
あくてぃうむ	3
あくまる	1
あっくら	0
あくらがす	3
あくりまさん	4
あくれ	1
あぐのー	1
あぐりげんとぅむ	4
あぐりぴねんしす	5
あぐん	1
あけろっく	3
あけろん	1
あこや	3
あこんかぐあ	4
あさう	1
あさべっつ	3
あざんくーる	4
あじゃんくーる	4
あしあ	1
あしかね	0
あしがばっと	3
あしがばーと	4
あしはばーど	4
あしゅかばーど	4
あしゅばばーど	4
あしたろて	4
あしゅけろん	3
あしゅどど	0
あしゅふぉーど	3
あしろま	0
あじすあべば	4
あでぃすあべば	4
あじゃくしお	3
あじゃくしょ	0
あじゃっきお	2
あじゃんた	2
あじゃんたー	2
あじゅるん	1
あじるん	1
あじーむ	2
あすかな	0
あすかんた	3
あすくー	1
あすこっと	3
あすたな	0
あすたーな	3
あすてぃ	1
あすてぃあ	0
あすてかいで	4
あすとぅりあす	3
あすとぅーりあす	3
あすとりあ	3
あすとるが	3
あすとん	3
あすぺん	1
あすぺんどす	3
あすぽでろす	4
あすまら	0
あすわん	1
あすんしおん	4
あずはる	1
あずべりー	1
あずみの	0
あずらく	1
あせみだいら	4
あせるにー	2
あせんず	2
あそんぷしおん	4
あそーく	2
あそーれす	2
あぞふ	1
あぞれす	1
あたすかでろ	5
あだてぺ	0
あだぱざる	3
あだま	1
あちゃみえん	1
あちゃみん	1
あちょ	1
あちらだに	3
あっかど	1
あっけし	1
あっこん	1
あっさむ	1
あっしじ	0
あっしゅゔぃる	1
あしゅふぃーるど	3
あしりあ	2
あっしりあ	0
あっしりや	0
あっすぃるすぃら	4
あっそす	1
あったりーん	4
あってぃか	0
あってぃんがむ	3
あっぴあ	1
あっぴんがむ	3
あっぺんつぇる	3
あつおな	0
あてーない	2
あであ	1
あでぃじぇ	1
あでるすべるく	5
あとさぬぷり	4
あとなろん	0
あとらんちっく	5
あとらんてぃっく	3
あどりあちっく	5
あどりあちつく	5
あどりあてぃこ	4
あどりあのーぷる	5
あんどりのーぷる	5
あどわ	1
あなこすちあ	4
あなこすてぃあ	4
あなざーひる	5
あなとりあ	0
あなとりや	3
あなのくち	3
あなはいむ	3
あなゔぁたぷた	4
あなぽりす	3
あなもさ	0
あなーに	2
あにあ	1
あにあん	1
あにゔぁ	1
あにわ	1
あにんがる	2
あぬしー	1
あぬらーだぷら	5
あのーまー	2
あばだん	1
あばであ	0
あばでぃーん	3
あばでいーん	3
あばでぃーんしあ	3
あばり	1
あばろん	1
あゔぁろん	1
あばーふぉいる	4
あばーほいーる	5
あぱらちあ	3
あぱり	1
あびじゃん	2
あびどす	1
あびゅどす	1
あびら	1
あびんぐどん	2
あびんどん	2
あびーろーど	4
あぴあ	1
あふぁすと	2
あふぁーる	2
あふぇく	1
あふおぐなく	3
あふめだーばーど	6
あふゅす	1
あふゅてぃす	1
あふら	1
あぶしんべる	3
あぶじゃ	1
あぶじゅ	1
あぶすねいな	4
あぶでら	0
あぶひだーど	4
あぶりう	1
あぶろにあ	0
あぷりあ	2
あべんてぃの	2
あゔぇんてぃの	2
あゔぇんてぃーの	4
あべんぬ	2
あゔぇんぬ	2
あっぺんにーの	5
あぺにん	1
あぼっときにー	5
あゔぉりあっつ	4
あぼんだん	2
あぼんりー	2
あゔぉんりー	2
あぽぷか	2
あぽろにあ	3
あまげん	2
あましゃむ	1
あまぞなす	3
あまぞにあ	0
あまとぅーす	3
あまぱ	1
あまぱら	0
あまめくぼ	3
あまらぷら	3
あまらぷーら	4
あめらぷら	3
あまらばてぃ	4
あまらゔぁてぃ	4
あまらーばてぃー	5
あまりえんぶるぐ	5
あまるな	2
あまるふぃ	2
あまーすと	2
あーますと	3
あまーら	2
あみあん	1
あみやん	1
あみゅもーね	3
あみるさいど	4
あむしゅてーく	4
あむだりあ	3
あむちとか	3
あむど	1
あむはら	0
あむはーすと	3
あむりっつぁる	3
あむりっつぁー	3
あむりっとさーる	6
あむりとさる	3
あめよこ	0
あめりあ	2
あもい	1
あやくーちょ	3
あやめだいら	4
あゆたや	0
あゆたやー	3
あゆちや	0
あよっでぃあ	2
あよーでぃあ	2
あよーでぃや	2
あらうい	1
あらうか	2
あらぐぁいあ	4
あらご	1
あらごあす	3
あらごん	1
あらしあ	0
あらず	1
あらぞん	1
あらはばーど	4
あらはーばーど	5
あらばま	0
あらばり	0
あらふら	0
あらめいん	3
あらめだ	0
あらめーだ	3
あらもあ	0
あらもあな	3
あらもごるど	4
あらもごるどー	4
あらもごーど	4
あららて	2
あららと	0
あらりあ	2
あらる	1
あらるすく	4
あらんだ	2
あらんふぇす	2
あらんふえす	2
あらんやぷらてーと	7
あらーく	2
ありあくもん	3
ありあはん	3
ありえーじゅ	3
ありかんて	3
ありがーる	3
ありすすぷりんぐす	6
ありまたや	3
ありみぬむ	3
ありやま	0
ありゅーしあ	2
ありゅーしゃ	2
ありゅーしゃん	2
ありゅーとか	2
あるかっしょん	3
あるかでぃあ	3
あるかとらず	4
あるから	0
あるからでえなれす	6
あるがるべ	3
あるぐん	1
あるこれ	0
あるさす	1
あるざす	1
あるしゅ	1
あるじぇしゅ	1
あるじぇんた	3
あるすたー	2
あるたい	0
あるたぐらーしあ	5
あるたでぃーな	4
あるたみら	3
あるちぇとり	3
あるつーな	3
あるてな	0
あるてんぶるく	5
あるてんべるく	5
あるでしゅ	1
あるでーしゅ	3
あるでんぬ	3
あるとどるふ	4
あるとわ	0
あるの	1
あるのー	1
あるはんげりすく	6
あるばかーき	4
あるばかーきー	4
あるばっと	3
あるぱぱ	0
あるひる	1
あるび	1
あるびおん	2
あるびっそら	3
あるびーゆ	3
あるぴ	1
あるふぁゔぃる	3
あるふぁま	0
あるふぁろぼ	3
あるふぇいおす	3
あるぷはーら	4
あるへしらす	4
あるべれいす	4
あるべろべっろ	5
あるべろべろ	4
あるまあた	3
あるまーた	3
あるまちんすき	4
あるまでん	3
あるまとい	3
あるまにゃっく	3
あるめにー	3
あるめろ	0
あるもらびで	4
あるもれある	4
あるる	1
あるーしゃ	2
あれおぱごす	4
あれがにー	2
あれきさんどりあ	6
あれきさんどりや	6
あれきば	0
あれくさんてりんかとぅ	9
あれくらすと	4
あれげにー	3
あれげーに	3
あれげーにー	3
あれしぼ	2
あれしーぼ	3
あれっつぉ	2
あれっぽ	2
あれてぃうむ	3
あれふがるど	4
あれぷ	1
あれんちょ	2
あろっぷ	1
あろよかなえ	4
あろよらまーん	5
あろーすたー	4
あわしま	0
あんから	0
あんかるゔぃる	4
あんかれじ	3
あんかれっじ	3
あんがうる	3
あんがら	0
あんぎら	1
あんぐりあ	3
あんぐるしー	3
あんぐれーむ	4
あんぐーれーむ	5
あんこな	0
あんこーな	3
あんごすちゅら	4
あんごるもあ	4
あんじぇ	1
あんじぇだー	3
あんじゅな	0
あんじゅー	1
あんじゅーる	3
あんすばっは	4
あんすふぇるでん	4
あんたななりぼ	5
あんだまん	3
あんだらぷらでしゅ	6
あんだるしあ	4
あんだるしゃ	3
あんだるしーあ	5
あんだるす	1
あんちる	1
あんつぃお	0
あんてぃうむ	3
あんちおきあ	4
あんてぃおきあ	4
あんてぃおけ	3
あんておけ	3
あんてぃぐあ	3
あんてぃる	1
あんちーぶ	3
あんてけーら	4
あんてら	0
あんでぃーり	3
あんでっくす	3
あんでゅいん	1
あんでるまっと	5
あんでるれひと	5
あんでー	1
あんとい	1
あんとうぇるぺん	4
あんとるどぅーめーる	7
あんとるゔぉー	3
あんとわーぷ	4
あんどらすあいらんど	6
あんどららべりゃ	5
あんどるーず	4
あんどゔぁ	0
あんどゔぁー	3
あんどーば	3
あんどーばー	3
あんどーゔぁ	3
あんなぷるな	4
あんなん	0
あんなーばー	3
あんぬんつぃあーた	6
あんばらわ	3
あんばらんごだ	4
あんゔぁりっど	4
あんゔぃれ	0
あんゔぇるす	3
あんぺっつぉ	3
あんほい	1
あんぼいな	3
あんぼせり	3
あんぼわーず	4
あんぼん	1
あーかむ	1
あーけでぃあ	3
あーけるぶりっげ	6
あーさーずしーと	6
あーじとぅーらー	3
あーだみあ	3
あーつみゅあ	3
あーねむ	1
あーばいん	3
あーばな	1
あーばーのーる	5
あーばーろー	3
あーへん	1
あーぼるぐ	3
あーもすと	3
あーもんく	3
あーらんでぃー	3
あーりんとん	3
あーるがう	3
あーるずこーと	5
あーるふーす	4
あーんぐりむ	4
いえあすぼーはいん	7
いえすらー	2
いぇーな	2
いえーな	2
いぇろーないふ	5
いえんぎさる	4
いぇてぼり	3
いぇーてぼり	4
いえてぼり	3
いえーてぼり	4
よーてぼり	3
いおにあ	2
いおーにあ	2
いかほ	0
いきとす	1
いきけ	1
いきーけ	2
いくせる	1
いぐあす	1
いぐまん	1
いぐりす	1
いこにうむ	3
いさか	1
いしゅかろん	3
いすあ	1
いすかんだりや	5
いすきあ	0
いすくわいまると	6
いすたぱらーぱ	5
いすとみあ	0
いすぱにょーら	4
いすふぁはん	3
いすふぁはーん	4
いすまえれーや	5
いすらむへーれす	5
いずみる	1
いずりっぷ	3
いずりんとん	3
いぜーる	2
いそんさんそん	4
いそんぞ	2
いたこちあら	4
いたびら	0
いちょん	1
いっそす	1
いてあ	1
いてうぉん	1
いでぃる	1
いとぅり	1
いとくじ	2
いなこす	1
いにすふりー	3
いににーるるたか	6
いのみやちょう	4
いぱねま	0
いびこあら	3
いびさ	1
いびざ	1
いゔぃさ	1
いびちんが	3
いふぉりっく	1
いふりきいや	4
いふりきや	3
いふりきーや	4
いぶりさし	3
いぷすうぃっち	4
いべりあ	0
いべりや	0
いべるげれっく	5
いぽー	1
いゆん	1
いよしさんべ	4
いらんま	2
いらわじ	0
いらわぢ	0
いらわでぃ	3
いりあかまんなな	5
いりあん	1
いりあんじゃや	3
いりぅんば	3
いりがん	1
いりのい	0
いりのいす	3
いりぱま	0
いりゅりくむ	3
いりーしあ	2
いるくーつく	3
いるちぇすたー	3
いるびる	2
いるみな	0
いるりべりす	3
いるん	1
いろこす	1
いわおぬぷり	4
いわたき	2
いわとおーど	4
いんかちゃか	3
いんげゔぇる	1
いんすぶるっく	5
いんすまんす	4
いんたーらーけん	5
いんだす	1
いんだり	1
いんちゅ	1
いんつぇる	1
いんでぃあす	1
いんでぃあな	3
いんでぃあなぽりす	6
いんでぃあんうぇるず	6
いんでぃあんひる	6
いんどらぎり	0
いんばねす	3
いんゔぁねす	3
いんゔぁーねす	3
いんばーかーぎる	5
いんばーごーどん	5
いんぱーる	3
いんぴりある	3
いんわ	1
いーぐるれいく	5
いーぐるれーく	5
いーすとらさふぉーど	7
いーすとらんと	4
いーすとりばー	5
いーすとりゔぁー	5
いーずびー	1
いーぜんはいむ	5
いーとん	1
いーぷる	1
いーりんぐ	1
いーるどふらんす	5
いーんでーる	4
うあすん	1
うあふか	2
うあぽう	1
ういすこんしん	3
うぃすとるあむ	4
うぃだ	1
うぃっちめあー	4
うぃってんぶるぐ	5
ほぃっとびー	1
うぃとるうぃりす	4
うぃにぺぐ	1
うぃにぺっぐ	3
ういにぺぐ	3
うぃねとか	0
うぃほーけん	2
うぃらめっと	3
うぃるこっくす	3
うぃるこくす	3
うぃるずでん	1
うぃるとしあ	3
うぃるとしゃー	3
うぃるみんとん	3
ういるみんぐとん	4
うぃろー	1
うぃんぐどふっと	5
うぃんざー	1
ういんざあ	2
ういんざー	2
うぃんすとんべい	6
うぃんすほーてん	4
うぃんずけーる	4
ういんずけーる	5
うぃんたとぅーる	4
うぃんたーふぇる	5
うぃんだむ	1
うぃんとふっく	4
うぃんとふーく	4
うぃーせんぶーる	5
ういろーさいど	5
うぇいくふぃーるど	5
うえーきふぃーるど	5
うえーきふひーるど	5
うぇいます	1
うぇいんすろっく	5
うぇすとふぁりあ	4
うえすとふぁりあ	5
うぇすとぶろみっじ	6
うぇすとぶろみっち	6
うぇすとみんすたー	4
うえすとみんすたー	5
うゑすとみにすとる	4
うぇすともーあらんど	7
うえすとれいく	5
うぇすとれいく	4
うぇすとれーく	4
うえすとれーく	5
うぇっくすふぉーど	5
うぇっせる	1
うぇっでる	1
うぇなっち	2
うぇぬしあ	0
うぇびぃ	1
うぇりあ	1
うぇるどん	1
うぇむぶりー	1
うぇんぶりー	1
うえーく	2
うぇーざー	1
うえうえてなんご	6
うえかる	1
うぇすとちぇすたー	4
うえすとちぇすたー	5
うえでぃん	2
うえるば	2
うえわく	2
うえんない	2
うぉきんがむ	2
うぉりっく	1
うぉりっくしゃー	2
うぉりんぐふぉーど	5
うおるさむ	2
うぉるみど	0
うぉるわーす	3
うぉれあい	1
うぉーせすたー	3
うぉーそー	1
うぉたーろー	2
うぉーたろー	1
うぉーたーるー	3
うぉーたーろー	3
うぉるでん	1
うぉーるでん	1
うごる	1
うしとべ	0
うしゅあいあ	3
うじつえ	0
うじゅだ	1
うじゅんぱんだん	4
いしきだら	3
うしゅくだら	3
うすくだら	3
ゆしゅくだる	3
ゆすきゅだる	3
うすけし	1
うすたに	2
うすてらごめな	5
うすりー	1
うずんぶるん	4
うそたんない	3
うちか	1
うちなあ	0
うちゅけん	1
うてゅけん	1
うっじゃいん	3
うったるぶらでしゅ	5
うったるぷらでしゅ	5
うんたるぷらでしゅ	6
うっどすとっく	5
うっぱだーる	4
うっぷさら	1
うっぷらんど	4
うつぇび	1
うつべつ	0
うつぼき	0
うとない	2
うどの	1
うどんたに	2
うならすか	3
うひはる	2
うふぁ	1
うふぐち	2
うぶど	1
うぶどぅ	1
うぷさら	0
うべいど	2
うぼん	1
うぽる	1
うまうあか	3
うむなく	0
うゆに	1
うらごえちんすく	5
ゔらごえちんすく	5
うらじお	0
うらじおすとおく	6
うらじおすとく	6
うらじおすとっく	6
うらじおすとつく	6
うらじおすとーく	6
うらじほすとっく	6
うらじゔぉすとーく	6
うらでぃゔぉすとーく	6
うらでぃーみる	3
うらじーみるか	5
うらたっは	3
うらる	1
うらんげる	2
うらんばーとる	4
うらーんばーとる	5
うりやんはい	3
うるく	1
うるくあんちゃ	4
うるさん	1
うるずがん	3
うるぜれん	3
うるちろ	0
うるっぷ	2
うるびーの	3
うるべーらー	3
うるゔぇーらー	3
ゔゅるむ	1
うるんじ	2
うるんでぃ	2
うんかぬぬっく	5
うんたーでんりんでん	7
うんてるでんりんでん	7
うんたーゔぁるでん	5
うんてるぜーえん	5
うんでるはん	3
うんぶりあ	3
うーだん	1
うーりゃおん	1
えあしゃー	2
えあふると	3
えあらんげん	3
えいざん	1
えいずぼる	1
えいぶべりー	4
えいらーと	3
えいるば	1
えうぼいあ	3
えうぽりー	1
えうらんたーた	5
えうる	1
えかちぇりんぶるく	6
えかてりんぶるぐ	6
えくさん	1
えくさんぷろばんす	6
えくさんぷろゔぁんす	6
えくすむあ	4
えくすればん	4
えくせたー	2
えくろん	1
えぐもんと	3
えぐりごず	3
えさし	1
えさん	0
えじんばら	2
えでぃんばら	2
えすくぃりーの	4
えすくいりぬす	5
いすこりある	3
えすこりある	3
えすこー	1
えすてぃーば	3
えすてゔぁす	3
えすてぽな	3
えすとれまどぅーら	6
えすぱにょーら	4
えすぴりっとさんと	7
えすふぁはん	3
えすぷらなでぃ	5
えすぺらんす	4
えずれる	1
えせきぼ	0
えせっくす	2
えっそんぬ	3
えたむ	1
えたんぷ	2
えだむ	1
えーだむ	1
えちな	1
えちんごる	2
えっくゔぃる	1
えっじかむ	3
えっちゃー	1
えつも	1
えてるすぶるぐ	5
えてれ	1
えでぃあから	3
えでぃあからひる	6
えでぃるね	0
えでぃーびる	4
えでんばーぐ	4
えとな	1
えとも	1
えとるすく	3
えとるた	2
えとるりあ	3
えとろふ	0
えどもんとん	3
えなれす	1
えなーれす	2
えにうぇとっく	3
えにせい	1
えばうだー	2
えびお	1
えぴだうろす	3
えぴっぽす	2
えぴなーる	3
えぴぬいゆ	3
えぴるす	1
えふぃで	1
えふぇそ	1
えふぇそす	1
えふぇぞ	1
えぺそ	1
えぺそす	1
えふぇるでぃんぐ	2
えふらいむ	3
えふらーと	3
えぶりーご	3
えゔるー	1
えべりん	1
えべるとふと	4
えぼら	1
えまうす	1
えみのにゅ	0
えむす	1
えめんたる	2
えめんたーる	4
えらさる	1
えらむ	1
えりこ	1
いぇりこ	2
じぇりこ	1
えりこっつみるず	6
えりぜ	1
えりぜー	1
えりだぬす	3
えりとれ	0
えりどぅ	1
えりゅとぅらー	2
えるきゅーい	3
えるぎん	1
えるぐね	0
えるげね	0
えるげねこん	3
えるげねくん	3
えるこらーの	4
えるざす	1
えるじんじゃん	3
えるすとふぇると	5
えるずみあ	0
えるずみーあ	4
えるずるむ	3
えるたひん	3
えるだと	0
えるちちょん	3
いるてぃしゅ	1
えるでん	1
えるとぼそ	3
えるとぼーそ	4
えるどらど	3
えるはいゆむ	3
えるば	1
えるふぇれる	1
えるぶすぼるい	5
えるべ	1
えるみた	2
えるもしーじょ	4
えるれの	0
えるれんばっは	5
えれあ	1
えれうしす	3
えれうしーす	4
えれすんど	3
えれつ	0
えればす	1
えればん	1
えれふぁんた	3
えれふせん	2
えれんしあ	2
えろーら	2
えんかるなしおん	5
えんげるべるく	5
えんしの	1
えんじこっと	4
えんすくーむ	4
えんせなだ	3
えんちん	1
えんてべ	0
えんばーかでろ	5
えんゔぃがーど	4
えんるむめなし	5
えーあ	1
えーげ	1
えーでらん	1
えーべるばっは	5
えーやわでぃー	3
おあはか	2
おあはけにゃ	1
おあまる	1
おいすたーべい	6
おいみゃこん	3
おうるんさろ	3
おうれん	1
おかちまち	3
おかるどぅんが	4
おがでん	0
おがんくぃっと	5
おきゅはる	1
おくさぷみん	4
おくしでんと	1
おくちゃぶりすく	5
おくちゃーぷりすかや	7
おくま	1
おぐでんすぶるく	6
おこしんご	3
おこーねー	2
おさや	1
おさらっぺ	3
おざーく	2
おしぇく	1
おしふぃぇんちむ	4
おしふぃえんちむ	4
おしゔぇんちむ	3
おしゃべり	2
おしゃまんべ	3
おしらない	3
おすたーかっぺるん	5
おすたーしこゔぉ	5
おすてぃあ	0
おすてぃあーじゅ	4
おすてんど	3
おーすてんで	4
おすとふりーすらんと	8
おすとらば	3
おすとらゔぁ	3
おすなぶりゅっく	4
おすろ	1
おすろー	1
おせおら	0
おせちあ	0
おそきない	3
おたご	0
おたす	1
おたむわ	2
おっかばけ	3
おくすなーど	4
おっくすふぉーどしゃー	8
おっしゅ	1
おっじー	1
おっとなんぐ	4
おっふぇんばっは	5
おでっさ	2
おとぅんば	2
おどぷと	2
おどろばやし	4
おにこうべ	3
おにちゃ	1
おにっぷ	2
おにーだ	2
おねいだ	2
おはなしー	2
おひとまり	3
おふびれ	0
おふりど	0
おぶにんすく	3
おほた	1
おほーつく	2
おぽあ	1
おぽると	2
おまは	1
おまるすか	3
おむすく	2
おもあ	1
おらにえんぶるく	6
おらにえんぶるぐ	6
おらんかい	2
おらにえ	0
おらんじぇ	2
おらんじゅ	2
おりっさ	2
おりとる	1
おりのこ	0
おりゃんたいたんぼ	6
おりゆーとる	2
おりょる	1
おるかほ	0
おるかーほ	3
おるきたす	2
おるこねす	3
おるせー	1
おるたきょい	3
おるどす	1
おるどぅゔぁい	3
おるどゔぁい	3
おるねー	1
おるべら	0
おるほん	1
おるれあん	3
おるろーじゅ	3
おれふぉす	1
おれんぶるく	4
おれんぶるぐ	4
おろふれ	0
おわず	1
おんたりお	3
おんだば	0
おんておら	3
おーくにー	1
おーくりっじ	4
おーしゅ	1
あうすてん	2
おーすちん	1
おすてるりっつ	5
おーすてるりっつ	6
あうすとろねしあ	6
おーすとろねしあ	6
おーそんぬ	3
おーたん	1
おーでる	1
おーとぅいゆ	3
おーばーえすたーらいひ	9
おーばーはうぜん	5
おーばーん	3
おーふす	1
おーべるざるつべるく	8
おーべるすとどるふ	7
おーべるにゅー	3
おーゔぇるにゅ	1
おーべるね	3
おーべるらんど	5
おーべるんどるふ	6
おーゔぇーる	3
おーぼ	1
おーらんぴ	3
おーりにゃっく	4
おーるばに	3
おーるぼー	3
おーれん	1
おーろぷれと	4
かあなぱり	3
かいえんぬ	3
かいされいあ	4
かいすうえ	3
かいなんす	3
かいばる	1
かいむき	0
かいらさ	0
かいらす	1
かいらーさ	3
かいるあ	0
かいるあびーち	5
かいろねいあ	4
かぃんほあ	2
かいんほあ	2
かうあい	0
かうか	1
かうたうん	3
かうなす	1
かうぽ	1
かうま	1
かおいだん	2
かおさん	0
かおーる	2
かかしゅとら	3
かかどぅ	1
かかどぅー	1
かがやん	1
かくなら	0
かぐうぇる	1
かごうえ	2
かさお	0
かさなれ	0
かざに	1
かしはら	2
かしもふ	1
かしゃーな	2
かしゅがる	1
かしゅがーる	3
かしゅがるだりあ	5
かしゅるぃく	3
かしゅーぶ	2
かじく	1
かじし	1
かすたりおーね	5
かすてぃえる	3
かすてぃぶらんこ	5
かすてぃら	3
かすてぃりあ	3
かすてぃりゃ	0
かすてぃーじゃ	3
かすてぃーや	3
かすてぃーりあ	3
かすてぃーりゃ	3
かすてぃーりや	3
かすとりー	1
かすとろのえ	0
かすとろばるば	5
かすまんど	3
かずな	1
かせりーぬ	2
かたじゅた	2
かたらうぬむ	4
かたらがま	3
かたるにゃ	0
かたるーにゃ	3
かたろにあ	0
かたんが	2
かたんざーろ	4
かたーにぁ	2
かたーにあ	2
かたーにゃ	2
かだけす	1
かだらっしゅ	3
かだーる	2
かっせる	1
かったご	0
かっぱどしあ	4
かっらーら	3
からーら	2
かてぃん	1
かてな	1
かでぃす	1
かでしゅ	1
かとぅんび	2
かとるぶら	3
かどがん	0
かなすぎ	2
かなゔぇらる	3
かにょりもん	2
かにーの	2
かにーばれ	2
かぬつぷ	2
かねおへ	0
かねんて	2
かねーり	2
かのっさ	2
かはまるか	3
かばなー	1
かゔぁなー	1
かばるらー	2
かぱふる	1
かひっな	2
かゔぃえん	1
かびーる	2
きゃびーる	2
かぴとりーの	4
かぴら	1
かぴらばすとう	4
かぴらゔぁすつ	4
かぴらゔぁすとぅ	4
かぴらゔぁっとぅ	4
かぴらばっつ	4
かぴりんてぃわ	3
かぴんがまらんぎ	6
かふぁっじょーろ	4
かふかす	1
かふかーす	3
かふじ	1
かふらまんまらしゅ	6
かふーん	2
かぶらざき	3
かぶらまった	4
かぷあ	1
かぷしーぬ	3
かぷり	1
かぷりりょ	0
かぷーと	2
かべし	1
かぺな	1
かほおらうぇ	3
かぽでぃもんて	4
かぽでもんて	4
かまがね	0
かまるぐ	1
かまんべーる	4
かみのや	3
かむいえくうちうし	7
かむいえくうちかうし	8
かむいとう	2
かむさつか	3
かむちゃっか	3
かむちゃつか	3
かむちゃん	1
かむでんたうん	5
かむでんやーず	5
かむでんやーど	5
かむらん	1
かむるーぷす	3
かめりーの	3
かもりだに	3
かやお	1
かやんげる	2
かやーな	2
からうぃっと	3
からかしゅ	0
からかす	0
からくむ	1
からくーむ	3
からこしゅん	3
からこらむ	3
からこるむ	3
からしゃーる	3
からじゃす	1
からたる	1
からだけ	2
からとらば	3
からにす	1
からはり	0
からばかん	3
からばるそん	3
からふぁて	0
からぶりや	3
からぶりあ	0
からほと	0
からーだ	2
かりあり	2
かりうびあ	3
かりえんて	3
かりおて	0
かりおーん	3
かりかっと	3
かりがんだき	3
かりぴ	1
かりま	1
かりむん	1
かりらや	0
かりんてぃあ	2
かりんはれー	4
かりーにんぐらーど	6
かるかしゃー	3
かるかっそんぬ	5
かるがりく	3
かるきでぃけ	3
かるきでぃけー	3
かるくちゅい	3
かるくん	1
かるけーどーん	5
かるこさせりねがら	0
かるしゃ	1
かるしゅ	1
かるじゃっく	3
かるたご	0
かるたへな	3
かるだーろ	3
かるちえらたん	5
かるつぁいうぉーり	5
かるであ	0
かるでぃあ	0
かるないむ	3
かるなく	0
かるなっく	3
かるなぴじょ	3
かるなり	0
かるなーたか	3
かるばら	0
かるばらー	2
かるゔぁり	0
かるゔぁりお	3
かるばー	1
かるぱちあ	3
かるぱてぃあ	3
かるぱら	0
かるぱんとら	3
かるぴーな	3
かるぺねーど	4
かるまーる	3
かるむ	1
かるむでしょー	4
かるめりな	3
かるもあ	0
かるもー	1
かるる	1
かるるすばーど	5
かるるすーえ	4
かるろゔぃっつ	4
かるろびばり	4
かるわりお	3
かるんぴっと	4
かるーが	2
かるーぜる	2
かるーん	2
かれざり	0
かれぱ	1
かれりあ	2
かろおかん	2
かろりん	1
かわいはえ	2
かんげぶ	0
かんこんす	3
かんこーんす	3
かんさす	1
かんざす	1
かんたぶりあ	4
かんたる	1
かんたろす	3
かんだはる	3
かんだはーる	4
かんちゃなぶり	4
かんちゃなぶりー	4
かんちゃーず	1
かんつーた	3
かんでるたーる	5
かんなむ	1
かんなれっじょ	4
かんね	1
かんばーうぇる	3
かんぱてぃぶら	4
かんぱにあ	3
かんぱにや	3
かんぱら	0
かんぱーな	3
かんぱーにあ	3
かんびあーの	4
かんぴどりお	4
かんぶれ	1
かんぶれー	1
かんぷーる	3
かーんへりー	4
かんぺーる	3
かんぼん	1
かんぽ	1
かんぽっと	3
かんぽら	0
かんぽんちゃむ	3
かーくえんた	4
かーくとん	1
かーぐ	1
かーすぶるっく	5
かーでぃみあ	3
かーでぃすぃーや	4
かーなてぃっく	3
かーぬすてぃ	3
かーの	1
かーぺんはーすと	5
かーむずぽいんと	5
かーめる	1
かーるすぷらっつ	6
かーるすばっど	5
かーるずばっど	5
かーるふらいぜん	5
かーれんべるく	5
かーんちーぷら	4
かーんちーぷらむ	4
がいす	1
がいもん	1
がいよん	1
がうまー	1
がうらー	1
ががうず	2
がさら	1
がざっと	1
がしゅん	1
がじまーうさ	3
がすぷら	0
がずな	1
がずに	1
がずにー	1
がずゔいん	1
がだみす	1
がだめす	1
がだらま	0
がだるかなる	4
がちな	1
がつぱん	0
がとぅん	1
がとうぃっく	1
がぶちこぼ	3
がぶらる	1
がべす	1
がいやっく	3
がやっく	1
がやーしーるしゃ	4
がらすまお	0
がらた	1
がらだ	1
がらてや	0
がらぱごす	3
がらぱん	1
がららてーぜ	4
がらるど	2
がらんどーる	4
がりぇに	0
がりしあ	2
がりちあ	2
がりつぃあ	2
がりすてお	3
がりっく	1
がるがら	0
がるしゅ	1
がるだ	1
がるっつぉ	2
がるでず	1
がるどん	1
がるばんてぃあ	3
がるひんく	3
がるべすとん	3
がるみっしゅ	3
がるみっしゅぱるてんきるへん	10
がるりあ	2
がれらす	1
がろんぬ	2
がんがはーる	4
ぎゃんがん	1
がんだき	0
がんだーら	3
がんばっし	3
がーぶ	1
がーんじー	1
げるんじー	2
きゃっそ	1
きあぽ	1
きうじ	1
きえふ	1
きーえふ	1
きえるつぇ	2
きがり	1
きくらです	3
きしにょふ	1
きじゃるされーえ	5
きじる	1
きじるかは	3
きすか	1
きすまいよ	3
きすまゆ	0
きずくるがん	3
きそろ	0
きたあずみ	3
きっくへなーん	5
きっけるはーん	5
きっつびゅーえる	4
きっつびゅーる	4
きどりんとん	3
きなばる	1
きぱふる	1
きぶんば	2
きむめりあ	3
きゃするとん	2
きゃゔぁん	1
きゃぴさん	1
きゃぴたるひる	5
きゃぴとるひる	5
きゃふた	1
きゃぷしーぬ	3
きゃむでん	1
きゃむろーず	3
きゃめろっと	3
きゃんがん	1
きゃんとん	1
きゃんべら	0
きゅうは	1
きゅさっく	1
きゅじこす	1
きゅどのす	1
きゅゔぇるゔぃる	2
きゅりろす	1
きゅれね	1
きゅれーね	2
きれね	1
きれーね	2
きゅーすてんでぃる	4
きょんぎど	0
きょんじゅ	1
きょんそん	1
きよるん	1
きりぐぁー	0
きりぐあ	0
きりしま	0
きりてぃまてぃ	3
きりにーひる	5
きりみゅーあ	3
くぃりーなーりす	4
きるけにー	3
きるてぃあ	0
きるてぃぷる	3
きるわ	1
きれないか	3
きれにあ	2
きんぐすたうん	5
きんぐすとん	4
きんぐずばーとん	5
きんしゃさ	0
きんせーる	3
きんでぃお	1
きーうぇすと	3
きーびんげん	3
きむぜー	1
きーるな	1
きーんぶるく	4
きーんぶるぐ	4
ぎあな	1
ぎぜー	1
ぎーざ	1
ぎすぼん	1
ぎずぼーん	3
ぎたくよ	0
ぎっじゃくーた	4
ぎにやんがん	3
ぎぬんがーぷ	1
ぎふ	0
ぎべりな	0
ぎゃちゅんかん	2
ぎゃとうぃっく	1
ぎゅすとろう	1
ぎゅむしゅ	1
ぎょるじゅく	1
ぎらいかない	4
ぎるぎっと	3
ぎるふぉーど	3
ぎるぼあ	0
ぎーせん	1
ぎーぬ	1
ぎーべるしゅたいん	6
くあどり	0
くあらある	3
くぁらなど	3
くあらべすっと	5
くあろあ	0
くぁんがい	2
くぁんたん	2
くわんたん	2
くわんち	2
くあんなむ	2
くぁんびん	2
くいな	1
くぃによん	2
くいにょん	1
くいりなーれ	4
くいんしー	2
くいんずたうん	5
くいーんずたうん	6
くいんすらんど	5
くいんずらんど	5
くいーんずらんど	6
くうぃんば	2
くえじぇりん	3
くえった	2
くぇるなゔぁか	4
くえんか	2
くおら	1
くぉーもーる	4
くきどう	2
くごた	1
くさだし	0
くさんとす	2
くしあな	0
くしながら	3
くしゅたーと	3
ぐすたーと	3
くじょあかん	3
くじるおるだ	4
くすこ	1
くすこゔぉ	0
くずる	1
くてしふぉん	2
くにあ	1
くにどす	1
かななら	0
くぬぬら	2
くねうち	2
くねそと	0
くのそす	1
くのっそす	2
くぱてぃーの	3
くぱるくりばー	4
くぱん	1
くひお	1
くびれしゅ	2
くぴあぐあ	3
くまえ	0
くまし	1
くまら	1
くむだりあ	3
くむとら	0
くむらはる	3
くむりあ	2
くらかとあ	3
くらかう	2
くらくふ	2
くらこう	2
くらすねがる	4
くらすのやるすく	6
くらだ	1
くらっとさっぷ	5
くらぱむ	1
くらゔぃうす	3
くらますほーる	5
くらますほーるす	5
くらますほーるず	5
くらまーる	3
くらりんだ	3
くらんきょい	2
くらんたん	2
くらんちぇすたー	4
くらーくすゔぃる	6
くらーくふぃーるど	5
くらーもんと	4
くりあうぉーたー	4
くりあれいく	4
くりあれーく	4
くりくべっく	4
くりさ	1
くりしー	1
くりすちゃにあ	4
くりすちあにあ	5
くりちば	0
くりちーば	3
くりぷたーな	4
くりゅにー	1
くるにー	1
くりんぐる	2
くりんしー	2
くりーくさいど	5
くりーぶらんど	2
くりーゔらんど	2
くるすく	2
くるっく	2
くるでぃすたん	3
くるでぃすたーん	5
くるな	1
くるむばっは	4
くるり	1
くれしー	1
くれすぽ	2
くれゔぁん	2
くれむす	2
くれむにっつ	4
くれむにつあ	4
くれむりん	2
くれるもん	2
くれるもんふぇらん	6
くれーゔ	2
くろいつなっは	5
くろいん	2
くろぐうぃん	2
くろすてる	2
くろち	1
くろってん	2
くろはえ	0
くろふぉーど	3
まるしりぃ	4
くろんしゅたっと	5
くろんすたっど	5
くろんすたつど	5
くろんとい	2
くろんぬ	2
くろんまくのいず	6
くろーふぉーど	4
くろーべりー	4
くわい	1
くわずーるー	3
くわんえん	2
くあんてぃこ	2
くわんてぃこ	2
くわーすでーる	5
くんがら	0
くんじゅらぶ	3
くんぬい	1
くーさも	1
くーじー	1
くーねお	1
くーぱーずたうん	6
くーふぁ	1
くーりお	1
くーりおん	1
くーるまいよーる	6
くーるー	1
ぐあさくあるこ	5
ぐぁたぱら	0
ぐあだらはら	4
ぐぁだるーぺ	4
ぐあだるーぺ	4
ぐあでぃあーな	4
ぐあでぃくす	3
ぐぁどるーぷ	4
ぐあどるーぷ	4
ぐあなは	0
ぐぁなばら	0
ぐあなふぁと	3
ぐあひら	0
がやきる	1
ぐあやぼ	0
ぐあんたなも	4
ぐじぼふすか	4
くじゃらーと	3
ぐじゃらーと	3
ぐだにすく	3
ぐだーみす	2
ぐにそん	1
ぐにゅんしゅとーりー	5
ぐぬんあぐん	4
ぐぶるー	1
ぐむてぃ	1
ぐらいふすゔぁると	6
ぐらぐえばつ	4
ぐらすごー	2
ぐらすとんべりぃ	6
ぐらすとんべりー	6
ぐらでぃにあ	3
ぐらなだ	0
ぐらふとん	2
ぐらゔぇりね	3
ぐらましー	2
ぐらるぬ	2
ぐらんどじゃっと	5
ぐらんどふぉーくす	5
ぐらーつ	2
ぐらーゔ	2
ぐらーべん	2
ぐりすめあ	4
ぐりぞん	1
ぐりってぃ	2
ぐりにじ	3
ぐりにっじ	3
ぐりにっち	3
ぐりにつじ	3
ぐりにつち	3
ぐれにっち	3
ぐりぼーん	3
ぐりむすびー	3
ぐりむぜる	2
ぐりゅーんゔぁると	5
ぐりんつぃんぐ	2
ぐりんでるわると	6
ぐりんでるゔぁると	6
ぐりーのっく	4
ぐりーんずぼろ	5
ぐりーんまうんてん	6
ぐりーんらんど	5
ぐるたん	1
ぐるとねれん	4
ぐるにげる	3
ぐるぬいえーる	5
ぐるねる	1
ぐるのーぶる	3
ぐるゔぁゆーる	4
ぐれいしゃー	2
ぐれいんじ	3
ぐれしく	2
ぐれっちお	2
ぐれなでぃーん	4
ぐれんでーる	4
ぐれんびる	2
ぐれいすべい	5
ぐれーすべい	5
ぐれーとあーてじあん	8
ぐれーとずぃーる	5
ぐれーとでぃゔぁいでぃんぐ	6
ぐれーとばりありーふ	8
ぐれーとぷれーんず	6
ぐれーんじ	2
ぐろすたー	2
ぐろせすたー	3
ぐろーすたーしゃー	5
ぐろすもーん	4
ぐろずぬい	3
ぐろーずぬい	4
ぐろどの	0
ぐろなう	2
ぐろーにょ	2
ぐろぶなー	2
ぐろゔなー	2
ぐろーざすばっは	6
ぐろーふざんく	5
ぐろーぶなー	2
ぐろーゔなー	2
ぐわーりやる	4
ぐーてんすゔぇーげん	6
ぐーはぃん	3
けあのす	1
けあんず	1
けいぜるべーる	5
けいとくろー	4
けいまん	1
けさん	1
けしゅまんど	4
けせん	0
けそん	1
けだ	1
けちかん	1
けにんとん	2
けねっと	1
けの	0
けばる	1
けゔ	1
けまらーと	3
けめぬ	1
けもまない	3
けらっだ	2
けらま	0
けらむい	2
けらめいこす	3
けらんたん	2
けるばーん	3
けるまん	1
けるむすこっと	5
けるめ	1
けるれん	1
けるんてん	2
けるんとな	2
けるんとなー	2
けれたろ	0
けろっぐ	1
けろねそす	3
けんしんとん	3
けんじんとん	3
けんぼっき	3
けーだー	1
きょおにひ	1
きよおにひ	1
けーにっひ	3
けーにっひぐれーつ	7
けーにひぐれーつ	6
けーにっひすべるく	7
けーにひすべるく	6
けーにひすべるぐ	6
けーぷけねでぃ	4
けーぷこっど	4
けーぷたうん	4
けらら	1
けーらら	1
げらら	1
けーるで	1
げいらんげる	3
げずだりあ	3
げっしぇなー	1
げっしぇねん	1
げってぃんぐん	3
げっちんげん	3
げってぃんげん	3
げっせまね	1
げつせまね	1
げてぃすばーぐ	4
げてぃずばーぐ	4
げみ	1
げむすしゅとっく	5
げらさか	2
げらんど	2
げるげる	1
げるにか	0
げるのん	1
げるまにあ	3
げるまーにあ	3
げるんはうぜん	4
げれーろ	2
げんとれいんず	4
こいちょう	1
こいりん	1
こうかんと	1
こうしーにょ	3
こおりな	2
こくさっきー	3
ここなっとぐろーぶ	7
こざと	1
こじゃいけ	2
こすたでるびあんか	7
こすたでるるす	6
こすとろま	3
こずもぽりす	4
こたきなばる	4
こたばる	1
こだいかなる	4
こちゃばんば	3
こちゃん	1
こっつうぉるず	4
こっつうぉるど	4
こっとい	1
こっとんうっど	5
こっど	1
こっふぃん	1
こっぺん	1
こっれざーの	4
こでぃあっく	1
ことだらむ	3
ことのふ	1
ことぱひ	0
ことぱんじゃん	3
ことれ	1
こどりんとん	3
こなくり	0
こにーあいらんど	4
こねりあーの	4
こなはと	2
このーと	2
こぱかばーな	4
こひま	1
こふか	1
こべんとがーでん	5
こべんとりー	2
こゔぇんとりー	2
こつぺんはーげん	5
こぺんはーげん	4
こぺんへーげん	4
こまっきお	2
こみえ	1
こむそもりすくなあむーれ	10
こもど	1
こりこ	1
こりんと	1
こりんとす	2
こりーん	2
こるこばーど	4
こるす	1
こるちぇすたー	3
こるてぃな	0
こるてぃなだんぺっつぉ	7
こるでぃえら	3
こーとれっく	4
こるどば	0
こるどゔぁ	0
こるゔぁとぅんとぅり	4
こるばら	0
こるびえーる	4
こるびー	1
こるふ	1
こるまーる	3
こるら	1
こるんば	2
こるにゃ	1
こるーにゃ	2
これひどーる	4
これーぬ	2
ころさい	0
ころすてん	2
ころっし	2
ころまんでる	3
ころらどすぷりんぐす	7
ころんじゅ	2
ころんす	2
ころんばす	2
ころんばんがら	4
ころんべ	2
ころーにゅ	2
こわんちょう	2
こわんとん	2
こんいぇびっちぽりぇ	8
こんがくっと	3
こんぐすふぃよるど	6
こんぐすべるぐ	5
こんぐーる	3
ごんぐーる	3
こんけん	1
こんこーど	3
こんしぇるじゅり	4
こんすえぐら	4
こんすたんしあ	4
こんすたんちのーぷる	7
こんすたんてぃのーぷる	7
こんすたんつ	4
こんすたんてぃのぽりす	8
こんせいそん	3
こんせぷしおん	4
こんたどーら	4
こんだーど	3
こんちぇ	1
こんちぇだりあ	4
こんつぉふか	3
こんです	1
こんとぅむ	1
こんとぅーむ	3
こんとれっくす	4
こんどず	1
こんどってぃ	3
こんどりゅー	1
こんねまら	3
こんのーと	3
こんぶれー	1
こんぷとん	1
こんぽすてら	4
こんぽんちゃむ	3
こーかんど	3
こーさっと	1
こーさんびー	3
こーぞの	0
こーたんだりあ	5
こーとでゅろーぬ	5
こーべにあ	0
こーらむしゃー	3
こーるうっど	4
こーるだーほーる	6
こーるどすぷりんぐ	7
こーるどまうんてん	6
こーるぶるっくでーる	8
こんうぉーる	3
こーんうぉる	4
こーんうぉーる	4
ごあらわーる	4
ごあれーべん	3
ごすふぉーど	3
ごたーる	2
ごだーど	2
ごったるど	3
ごとらんど	3
ごっどれー	1
ごどるふぃん	2
ごばるちか	3
ごめら	1
ごめり	1
ごめりー	1
ごらじゅで	0
ごるこんだ	3
ごるだーずぐりーん	7
ごるどにあ	0
ごるなぐらーど	5
ごるにょみらのゔぁちゅか	7
ごるふぇち	0
ごるむど	2
ごれった	2
ごれっろ	2
ごんどわな	4
ごんぶり	0
ごんべ	1
ごんぺ	1
ごーた	1
ごーだ	1
ごーぱるけーらー	5
ごーひー	1
ごーりきー	1
ごーるだーずぐりーん	8
ごーるどこーすと	5
さぁーぐーん	4
さあぐーん	3
さあーぐーん	4
さいあむ	1
さいあん	1
さいおと	0
さいくすゔぃる	5
さいごん	1
せいごん	1
さいない	1
さうさんぷとん	3
さうざんぷとん	3
さざんぷとん	2
さうすはどりー	4
さうすらんど	4
さうとき	0
さうら	1
さおめっと	3
さかりあ	2
さがいん	2
さがるまた	3
さきしま	0
さくそにあ	3
さくらあいらんど	4
さぐあろ	0
さけらーと	3
さざむぷとん	2
さざんひるず	4
さざーく	2
さすかちわん	4
さすかとぅーん	4
さすかとーん	4
さすくえはな	3
さすけはな	3
させっくす	2
させつくす	2
さたわる	0
さだむしてぃ	4
さちんぎ	2
さっかい	1
さっから	1
さつほろぺつ	4
さとぅるにあ	0
さとれじ	0
さどぅん	1
さどゅん	1
さどべりー	3
さなく	1
さぬあ	1
さぬーる	2
さはりん	1
さばいい	1
さばろ	1
さぱ	1
さぱん	1
さびか	1
さびに	1
さふぁうり	2
さふぁー	1
さふぉーく	2
さふらんぼる	3
さぶはー	1
さぶらーた	3
さゔぉな	1
さゔぉわ	1
さませっと	3
さまーせっと	4
さませっとしゃー	5
さまーら	2
さまるかんど	4
そまるかんど	4
さまーゔぃる	2
さまる	1
さまーる	2
さむそ	1
さむち	1
さむちょく	1
さむはらむ	3
さむろん	1
さもとらけ	3
さらいぇゔぉ	2
さらいえぼ	2
さらいえゔぉ	2
さらえぼ	0
さらえゔぉ	0
さらくさく	0
さらごさ	0
さらごーさ	3
さらそた	0
さらとが	0
さらとふ	1
さらまんか	3
さらみす	1
さらみーや	3
さらもあ	0
さらーら	2
さりぷる	1
さるうぃん	1
さるがっそ	3
さるがっそー	3
さるぐみーぬ	4
さるじにあ	0
さるた	1
さるでぃす	1
さるでぃにあ	0
さるでぃーにゃ	3
さるでにあ	0
さるでーにゃ	3
さるばどる	3
さるゔぁどーる	4
さるふ	1
さるべすたん	3
さるぺすたん	3
さるぼーだやぷり	6
さるぼーだやぷりー	6
さるらす	1
されぷた	2
されるの	0
さろにか	2
さろま	1
さんあんじぇろ	3
さんあんどれあす	6
さんあんどれす	5
さんあー	1
さんかえたの	4
さんかえたーの	5
さんくたふらくす	5
さんさるばどる	5
さんじぇるまん	3
さんじみにあーの	6
さんじみにゃーの	5
さんすてふぁの	4
さんせーる	3
さんたかたりーな	6
さんたくらら	4
さんたくるす	4
さんたくるすでるのるて	9
さんたくるず	4
さんたくるーず	5
さんたふぇ	3
さんたまるげりーたりぐれ	10
さんたもにか	4
さんたるしあ	4
さんたれん	1
さんたろーざ	4
さんたんでる	3
さんたんでーる	5
さんたんとわーぬ	6
さんたーがた	3
さんだかん	3
さんだーべい	5
さんててぃえんぬ	5
さんてるの	3
さんとあんどれ	4
さんとかまろ	4
さんとどみんご	5
さんとのれ	3
さんとのーれ	4
さんとりに	3
さんとりーに	4
さんとろぺ	4
さんどういっく	5
さんどに	0
さんどまんぐ	4
さんにき	0
さんにぬ	0
さんぱぶろ	3
さんゔぃせんて	4
さんふぁん	1
さんへねろ	3
さんべると	3
さんべるなるじの	6
さんぺどろ	3
さんぺりぐりーの	6
さんぺれぐりーの	6
さんぼあんが	4
さんぽーるどばんす	7
さんまるつぁーの	5
さんまんで	3
さんみげる	3
さんむとり	3
さんゆじぇん	3
さんらふぇる	3
さんりす	1
さんるいすおびすぽ	7
さんるん	0
さんるーかる	3
さんれも	0
さんれーも	3
さんろけ	0
さーかわ	1
さーとん	1
さまっら	2
さーまっらー	3
さるなーと	3
さーるなーと	4
さーんちー	1
ざやんで	2
ざいおん	1
ざいごーと	3
ざいでむ	1
ざいとん	1
ざくせん	1
ざっくせん	1
ざくそん	1
ざぐれぶ	1
ざぐろす	1
ざこぱね	0
ざごるすく	3
ざだる	1
ざのす	1
ざばいかる	2
ざばいかるすきー	6
ざぱろじえ	3
ざーぶ	1
ざぶら	1
ざぶーる	2
ざへだん	1
ざぼーる	2
ざぽろじぇ	0
ざまれっく	1
ざーもしち	3
ざるつぶるく	4
ざるつぶるぐ	4
ざるぷ	1
ざんくとがれん	5
ざんじばる	1
ざんすかーる	4
ざんてるすれーべん	6
ざんべじ	0
ざーらむ	1
ざーれ	1
しあるこっと	4
しあるだー	2
しあるーず	3
しぇっふぁー	1
しぇにに	0
しぇば	1
しぇひてん	1
しぇふちぇんこ	3
しぇぷとんまれっと	5
しぇむりあっぷ	4
しえむりあぷ	4
しぇり	1
しぇるばーん	3
しぇるぶーる	3
しぇれめちぇぼ	3
しぇれめちぇゔぉ	3
しぇれめーちぇぼ	3
しぇれめーちぇゔぉ	3
しぇんげん	1
しぇんちぇん	1
しぇんやん	1
しぇーねふぇると	4
しゅーねふぇると	4
しぇーふ	1
しぇーゔる	1
しえね	1
しえむ	1
しえらねばだ	4
しえんふえごす	5
しがつぇ	1
しきゅおん	1
しぎしょあら	3
しぎりや	2
しけむ	1
しげっと	1
ししえ	1
ししゅまれふ	3
ししんぐはーすと	5
しすかい	1
しすきゅー	1
しすのん	1
しせろ	1
しそぽん	1
したのや	3
したんげっと	4
しだーでべーりゃ	5
しちゃかる	1
しっか	1
しっでぃむ	1
しっふぃーん	3
しっら	1
してーる	2
しとか	1
しどら	1
しどん	1
しなれい	1
しなろあ	0
しにゃんが	2
しぬたぷか	3
すぃのぷ	1
しのん	1
しゔぁぎり	0
しばーむ	2
しぱだん	2
しふぃえんといぇるすか	8
しぶたに	2
しぶやん	1
しぺちゃり	0
しましも	0
しむしる	1
しんしる	1
しゃすたー	1
しゃったるあらぶ	5
しゃてぃーら	2
しゃてるろー	2
しゃとれ	1
しゃとれえ	1
しゃとーてぃえり	4
しゃとーぬふでゅぱぷ	6
しゃにだーる	3
しゃゔぁんぬ	2
しゃゔぃにょる	1
しゃふぁるにゃ	2
しゃふつべりー	4
しゃふりさぶず	4
しゃぶわ	1
しゃまう	1
しゃむるーしゅ	3
しゃむろわ	0
しゃるけ	1
しゃるとる	1
しゃるとりゅーず	4
しゃるとるうず	4
しゃるとるーず	4
しゃるとろん	3
しゃるむえるしぇいく	6
しゃるるろあ	4
しゃるるろわ	4
しゃろねーず	3
しゃんぐりら	3
しゃんてぃ	1
しゃんてぃい	1
しゃんてぃー	1
しゃんでるなごる	5
しゃんとれ	0
しゃんぴにー	1
しゃんふぃっぐ	3
しゃんべりー	3
しゃんろぜ	0
しゃーかる	1
しゃーんてぃながる	5
しゅきあらい	3
しゅたいあまるく	5
しゅたるんべるく	5
しゅたんす	2
しゅたんつ	2
しゅっつえん	1
しゅちぇちん	2
しゅてってぃん	2
しゅててぃーん	3
しゅてんだる	2
しゅてーふぁ	2
しゅつぅっとがると	5
しゅつっとがると	5
しゅとぅっとがると	5
しゅとっとがると	5
しゅとけっと	3
しゅとっきんぐ	2
しゅとらすぶるく	5
しゅとらーすぶるく	6
しゅとろすなーぷらっつ	8
しゅとーす	2
しゅなむ	1
しゅゔぁいんふると	5
しゅばるつばると	5
しゅゔぁるつゔぁると	5
しゅばるぶらん	4
しゅゔぁーねんきるへん	6
しゅゔぁーべん	1
しゅばーれんばは	6
しゅゔぁーれんばは	6
しゅゔぃーつ	2
しゅぴたーる	3
しゅまるかるでん	4
しゅめる	1
しゅめーる	2
しゅらくさい	2
しゅりーゔぽーと	5
しゅるうずべり	5
しゅれすうぃひ	4
しゅれすゔぃっひ	4
しゅれすゔぃひ	4
しゅれっくほるん	5
しゅれーすゔぃひ	5
しょあでぃっち	3
しょはーて	2
しょろん	1
しよん	1
しらかみの	0
しらきゅーす	3
しらきゆーす	3
しらくさ	2
しらくす	1
しらご	0
しらず	1
しらたけ	2
しらむれん	3
しらるとろ	3
しりあん	1
しりば	1
しりぱ	1
しりんぶるで	3
しるか	1
しるがーと	3
しるけじ	0
しるけぼー	3
しるすまりあ	4
しるて	1
しるばにあ	0
しるべにあ	0
しるゔぇにあ	0
しゅれじぇん	1
しれじあ	0
しれと	1
しれふ	1
しろあむ	2
しろいま	2
しろす	1
しんぐべっとりーる	7
しんしなてぃ	3
しんしなてぃー	3
しんしんなち	3
しんとら	1
しんにげぷらって	6
しんぷろん	1
しんめんたーる	5
しーあん	1
しーえん	1
しーしょわんばんな	6
しーだーくりふ	5
しーふりばーふぉーるず	7
しーぷすへっどべい	8
しーもー	1
しーらーず	1
しーらーふ	3
じうすどら	3
じえいんずゔいる	5
じぇくんどー	2
じぇそう	1
じぇだわる	1
じぇにそわ	0
じぇふぁーすん	2
じぇむな	1
じぇらしゅ	1
じぇらむ	1
じぇらるとん	2
じぇんね	1
じえと	1
じざかい	2
じしこふ	1
じすちにあん	3
じぇっだ	1
じっだ	1
じてっくす	2
じとみーる	3
じとーみる	2
じびるちゃるとぅん	4
じぶらるたる	3
じぶりー	1
じゔぇるにー	2
じゃいばーらる	3
じゃかれぱぐあ	4
じゃがたら	0
じゃくそんびる	5
じゃっくそんゔぃる	6
じゃでゅ	1
じゃどぶっふぁん	3
じゃぬー	1
じゃはんなむ	2
じゃばるぷる	3
じゃぱら	1
じゃびるか	2
じゃっふぁ	1
じゃふぁ	1
じゃぶるさらじ	4
じゃぼるさらじ	4
じゃむな	1
じゃやぷら	0
じゃらいのーる	4
じゃららばーど	4
じゃらるあばど	4
じゃるらーひー	3
じゃんだーる	3
じゃんば	1
じゃんむ	1
じゃーしむ	1
じゃーしい	1
じゃーしー	1
じゅでっか	2
じゅにぱーひる	5
じゅのー	1
じゅぶれー	1
じゅべーる	2
じゅまーる	2
じゅれん	1
じゅんがる	1
じゅーちゃん	1
じょあちんが	3
じょくじゃ	1
じょくじゃかるた	4
じょぷりん	1
じょほーる	2
じょられもん	3
じょらん	1
じょるじゃ	1
じょーどぷる	3
じょーばーぐ	3
ずゅると	1
じろんど	2
ずぃんげん	1
じんでるふぃんげん	5
じんばらん	3
じーむらんど	4
じーりくせー	3
じーるす	1
すいけだに	3
すいやーぶ	3
すいんどん	2
すぃーべりんがー	5
すうぃんぶるっく	5
すかが	1
すかげらっく	4
すかぱふろー	4
すかぼろー	2
すかーぼろ	2
すかーぼろー	4
すかるばれい	4
すかわ	1
すかんじなびあ	5
すかんじなびや	5
すかんじなゔぃあ	5
すかんじなーゔ	5
すかんぢなうぃあ	5
すかんぢなびあ	5
すかんぢなびや	5
すかんでぃなびあ	5
すかんでぃなゔぃあ	5
すかんでいなゔぃあ	5
すかんでいなゔぃや	5
すかんでいなゔいあ	5
すかんでねびや	5
すかんでぃなゔぃすく	6
すかーずでーる	5
すきあゔぉーに	4
すきうし	2
すきくだ	0
すきたに	2
すきてぃあ	2
すきぷりー	2
すぎんだ	2
すくむびっと	4
すくんびっと	4
すくれ	1
すくぃるきる	4
すくーるきる	5
すくーん	2
すけねくたでぃ	5
すけねくたでぃー	5
すこたい	0
すこーたい	2
すこっつでいる	5
すこっつぼろ	5
すこーね	2
すすきがわ	3
すすぱ	1
すすぺ	1
すたげいら	3
すたげいろす	3
すたっふぉーど	4
すたてん	2
すたのゔぉい	3
すたふぁ	1
すたふぉーどしゃー	5
すたゔろぽり	4
すたーりんぐらーど	7
すたーんずわーふ	6
すちみるこ	3
すちゃーん	2
すてぃくす	2
すてぃっくす	2
すてゅくす	2
すでろと	0
すとっくとん	2
すとらっとん	3
すとりゅもん	2
すとりぱ	0
すとりーぱ	3
すとれーざ	3
すとーつへっどひる	8
すとーむれいく	5
すとーむれーく	5
すとーらこっぱるべるい	9
すのうどん	2
すのーどん	2
すばし	1
すばーるばる	5
すびあこ	0
すゔぃやーじすく	5
すぴっとへっど	5
すふぇーど	2
すぶらくす	3
すぷらとりー	3
すぷりと	2
すぷりんぐひる	4
すへるとーへんぼす	6
すべりだい	3
すべるどろふすく	6
すゔぇるどろふすく	6
すぺいさいど	3
すぺちあ	2
すぺつぃあ	2
すぽれーと	3
すぽーけん	2
すまや	1
すまらん	1
すみちおん	3
すみにゃっく	3
すみるな	2
すめーる	2
すもれんすく	3
すもーりぬい	4
すらいまにーや	5
すらいまーん	4
すらうぇし	1
すらうぎ	2
すらたーにー	3
すらばや	0
すらぶちち	4
すらゔぉにあ	0
すらめとりじゃでぃ	5
すらんべりす	4
すりがお	0
すりじゃやわるだなぷらこって	11
しゅりながーる	4
しゅりーながる	4
すりながる	3
すりん	1
するあん	1
するたにやー	3
するはんだりや	5
すれいまにあ	4
すれいまにや	4
すれどにー	2
すれんとぅむ	2
すろゔぇーぬ	3
すろーん	2
すわいら	2
すわすもあ	3
すわーともあ	5
すわーと	2
すんがりー	1
すーさいどくりふ	6
すーちょわん	1
すーでるちょぴんぐ	5
すびっく	2
すーびっく	1
すーらと	1
ずでーてん	2
ずぼるにく	2
ずるらい	2
ずんべーじこーすと	6
せうた	1
せぎろう	0
せげすて	2
せごびあ	0
せごーびあ	2
せちょん	1
せどな	1
せなみ	1
せぬふぉ	1
せねか	1
せねがんびあ	3
せばすとぽり	4
せばすとぽーる	5
せゔぁすとぽり	4
せゔぁすとぽーる	5
せゔぁん	1
せゔぁーん	2
せぱらで	0
せびりあ	0
せびりゃ	0
せびりや	0
せびーじゃ	2
せびーりゃ	2
せゔぃりあ	0
せびれ	1
せべるなやぜむりゃ	6
せみぱらちんすく	5
せらふぃーるど	3
せらゔぇっつぁ	3
せらんごーる	4
せりぬす	1
せれいん	2
せれんげってぃ	4
せれんでぃぷ	2
せろねら	0
せんだーど	3
せんとあんどるーず	7
せんとあんどりゅーす	7
せんとおるでいつ	6
せんときゃさりんず	4
せんとじょーじず	4
せんとゔぃんせんと	4
せんとびんせんと	4
せんとへれな	4
せんとへれんず	4
せんとぽーる	4
せんとぽーるず	4
せんとらるこーすと	6
せんぽあら	3
せんぽあらん	3
せーゔる	1
せいらむ	1
せいれむ	1
せーらむ	1
ぜちゅあん	1
ぜねば	1
ぜぼいむ	2
ぜらぅあ	2
ぜるしー	1
ぜんのーゔ	3
ぜんぷて	0
ぜーすはうぷと	4
ぜーぜんはいむ	5
ぜーらんと	1
ぜーらんど	3
そうぇと	1
そえと	1
そぎぽ	1
そぐでぃあな	3
そぐね	1
そぐねふぃよるど	5
ぞぐねふぃよるど	5
そこと	1
そことら	0
そころ	1
そごにこ	0
そだすきー	2
そっとゔぃる	1
そどむ	1
そにこっと	3
そのら	1
そはーる	2
そべの	1
そまりらんど	4
そみさ	1
そみゅーる	2
そーみゅーる	3
そめい	0
そらーのう	2
そりゅーとれ	2
そるふぇりの	3
そるふぇりーの	4
そるふろっど	4
それぶりあ	3
それんと	1
そろっこ	1
そわそん	1
そわっそん	2
そんかい	1
そんどぅみりう	4
そんば	1
そんばおぷ	3
そんふおん	1
そんむ	1
そーてるぬ	3
そーぬ	1
そーほー	1
そーぽと	1
そーるずべり	4
そーるずべりー	5
そーんどん	1
ぞるーでぃあ	2
ぞろとぅーん	3
ぞんくる	1
ぞんねんあれー	5
ぞーすと	1
ぞーりんげん	3
たいえり	1
たいにん	1
たいばっく	3
たいみる	1
たいんほあ	2
たうがう	1
たうぬす	1
たうぽ	1
たうらーじ	3
たうりす	1
たうんずびる	5
たかすはら	3
たかつか	2
たがいたい	2
たがんろーく	4
たきーれ	2
たぎし	1
たくはん	1
たくらまかん	0
たくろばん	3
たぐどぅむばっしゅぱみーる	9
たぐびららん	3
たけがはな	3
たけしま	0
たこま	1
たこーにー	2
たさふぁろんぐ	4
たしいえんらっぷ	6
たしけんと	3
たしけんど	3
たしゅけんと	3
たしゅくるがん	3
とぅすくるむ	1
たすきーぎ	3
たすまにあ	0
たすまにや	0
たず	1
たたうぃん	1
たちれく	1
たっかしらー	3
たっつひる	1
たつが	1
たつた	1
たとらん	1
たどきゃすたー	3
たにす	1
たゔぁお	1
たゔぁてぃむしゃ	3
たぱぬり	1
たびすとっく	4
たゔぃすとっく	4
たぶりーず	3
たぷそす	1
たぷっこる	2
たべらん	1
たゔぇるれー	2
たべーり	2
たほ	1
たぽた	1
たぽちょ	1
たまい	1
たまぜると	3
たまんらせっと	5
たみるいーらむ	4
たみるなどう	4
たみるなーどぅ	4
たむくあん	3
たむーん	2
たらがんだ	3
たらこねんしす	4
たらごな	0
たらごーな	3
たらすこん	2
たらっこ	2
たらはしー	2
たらゔぁお	0
たらぱか	0
たらぷーさ	3
たらべら	0
たらもあ	0
たらわ	1
たりあせん	2
たりふぁ	1
たりむ	1
たりん	1
たるくぃにあ	3
たるさ	1
たるししゅ	1
たるしー	1
たるそす	1
たるそ	1
たるたりっく	4
たるつ	1
たるん	1
たれく	1
たわん	1
たんぎもあな	4
たんぐるうっど	5
たんじーる	3
たんそにゅっと	4
たんた	1
たんねんべるく	5
たんぴこ	0
たんべぉん	1
たんぺれ	0
たんぼら	0
たんろん	1
たーくり	1
たーたらす	1
たーっらぱーか	5
たーぼる	1
たーりえん	1
たーんべりー	4
だいあごん	3
だいあーずばーぐ	6
だいじおん	3
だいしこ	0
だいじこ	0
だいじご	0
だいじょうこ	3
だいじょうご	3
だいじょこ	0
だいじょご	0
だいじょうもん	3
だいじょごん	3
だいじんぐう	5
だいはん	0
だうにんぐ	1
だうべん	1
だうらぎり	3
だかーる	2
だくぶら	0
だぐーつぁ	2
だこた	1
だしゃーしゅわめーど	6
だっか	1
だっかー	1
だっはう	1
だでぃんぐすとん	6
だどら	1
だなん	1
だにゅーぶ	2
だにゅーゔ	2
だにーでん	2
だぬびゅー	1
だばお	1
だふに	1
だぶりず	1
だぶりん	1
だほなうと	3
だぼす	1
だゔぉす	1
だませんさ	3
だまん	1
だまんすきー	2
だらえぬーる	4
だらと	1
だーらむ	1
だらむさら	3
だらむさらー	4
だりえん	1
だるえすあらーむ	6
だるえすさらーむ	6
だるさらむ	3
だるてぃゔぉれ	3
だるどるふ	3
だるにー	1
だるはん	1
だるまてぃあ	3
だるむしゅたっと	5
だるらく	1
だんかーとん	3
だんくぱ	0
だんぐりあ	3
だんけるく	3
だんこ	1
だんしねーん	4
だんじゅく	0
だんたん	1
だんだす	1
だんだんうぃりく	5
だんちっひ	3
だんちひ	0
だんつぃっひ	3
だんつぃひ	3
だんどりー	1
だんどりーひる	6
だんばーど	3
だんぴあ	0
だんふぁーむりん	5
だんふぇーる	3
だんぶらんしゅ	4
だんぺっつぉ	3
だるじりん	3
だーだねるす	4
だーとむあ	3
だーとむーあ	4
だーなむ	1
だーゔぇる	1
だーらな	1
だーりんとん	3
だーろねが	4
ちあぱ	1
ちぇかーず	1
ちぇさーる	2
ちぇしゃむ	1
ちぇしゃ	1
ちぇしゃー	1
ちぇしあ	1
ちぇしゃいあ	2
ちしゃ	1
ちぇじゅ	1
ちぇすたー	1
ちぇすなっとひる	6
ちぇぜーな	2
ちぇだー	1
ちぇちえるすく	3
ちぇちぇれぇふ	3
ちぇちぇんいっつあ	4
ちぇほーゔか	2
ちぇるしー	1
ちぇるちぇん	1
ちぇるにごふ	3
ちぇるのびあ	3
ちぇるのうぃっち	3
ちぇるゔぇてり	3
ちぇるぺにあ	0
ちぇるまーしにゃ	3
ちぇるんだりあ	4
ちぇれ	1
ちぇんかーん	3
ちぇんせーん	3
ちぇんまい	1
ちぇんらい	1
ちぇんらーい	3
ちえて	1
ちきう	0
ちくとんぬ	3
ちぐりす	1
てぃぐりす	1
ちこぴー	1
ちちぇすたー	2
ちちぇん	1
ちちぇんいっつぁ	4
ちちかか	0
ちちはる	0
ちぬいらふ	2
ちびつん	1
ちぶたっと	3
ちぼり	1
てぃぼり	1
ちむさあちょい	3
ちむさーちょい	3
ちゃいうお	0
ちゃうりちゃうら	4
ちゃおぷらや	3
ちゃきえう	1
ちゃくまく	2
ちゃぐれす	1
ちゃしゅま	1
ちゃたぬが	0
ちゃたぬーが	3
ちゃたむ	1
ちゃちゃっく	1
ちゃはる	1
ちゃゔぁな	1
ちゃぷるてぺっく	5
ちゃぺるてぺっく	5
ちゃぷれへーる	4
ちゃむどー	1
ちゃらんかのあ	4
ちゃりこっと	3
ちゃりんぐくろす	5
ちゃるくりく	3
ちゃるしゅ	1
ちゃるでぃらーん	4
ちゃんがばん	3
ちゃんくあ	1
ちゃんたん	1
ちゃんちやん	3
ちゃんぱさっく	4
ちゃーちる	1
ちゃーりーどっく	5
ちやんすー	2
ちやんにん	2
ちゅいるり	3
ちゅいるりい	1
ちゅいるりー	1
てゅいるりー	1
ちゅおんそん	2
ちゅきかまた	3
ちゅきさか	2
ちゅにす	1
てゅにす	1
ちゅばし	1
ちゅゔあしゆ	3
ちゅめに	1
ちゅらい	1
ちゅるいちゃんわー	4
ちゅるいりー	2
ちゅんぽん	1
ちゅーびんげん	3
てゅーびんげん	3
てゅーぺろ	1
ちゅーりんげん	3
てゅーりんげん	3
ちょべ	1
ちょむろん	1
ちょるーら	2
ちょろん	1
ちょんだむ	1
ちょんちょころ	3
ちょんちん	1
ちょんつー	1
ちょーおゆー	3
ちょーろんぎ	3
ちらんだっく	4
ちりん	1
ちろえ	1
ちろる	1
てぃろる	1
ちんごろ	0
ちんとーちぇん	3
ちんりん	1
ちーりんじ	3
つぁぼ	1
つぁんぽ	1
つあんぽー	2
つぁーるすこえ	4
つあもつ	2
つぇめい	1
つぇら	1
つぇるびひ	3
つぇるまっと	3
つえるまっと	4
つぇれ	1
つぉある	1
つきさっぷ	3
つぐりきんしれ	4
つつわ	0
つぶね	2
つぶろ	0
つまらん	0
つらぎ	1
つらつら	0
つるせん	0
つるのさがり	4
つるやま	0
つろ	1
つんぐーすか	3
つーく	1
つーら	1
つーるれいく	4
つーるれーく	4
つーるーず	3
てぃあわなこ	3
てぃえらでるふえご	7
てぃえるらでるふぇご	7
てぃえんたん	2
てぃおまん	1
てぃくちゃ	1
てぃぐれ	1
てぃさ	1
てぃすくぶりっげん	5
てぃすびるで	3
てぃちーの	2
てぃとぅりす	1
てぃない	1
てぃなこり	2
てぃはま	1
てぃはーま	2
てぃふぁな	1
てぃぶーる	2
てぃべりす	1
てぃべる	1
てぃむさ	1
てぃあがるてん	3
てぃやーがるてん	4
てぃりむさーん	4
てぃりりあ	2
てぃりんす	1
てぃるじっと	3
てぃるなのーぐ	4
てぃるぶるく	3
てぃるぶるふ	3
てぃるべりー	3
てぃるまら	0
てぃれにあ	2
てぃんしあ	1
てぃんぶくとぅ	3
てぃんぷー	1
てぃーず	1
てぃーとん	1
てぃーぶず	1
てぃおてぃわかん	4
ておてぃわかん	4
てかて	1
てかぽ	1
てくなふ	1
てぐしがるぱ	4
てぐしがーるぱ	4
てさろにき	3
てさろにくす	4
てさろにけ	3
てしぇん	1
てっしぇん	1
てじょん	1
てすくーこ	3
てすここ	0
てすたっちょ	3
てすりんりばー	3
てちす	1
てーちす	1
てちん	1
てっさりあ	3
てとぼ	1
てにあん	1
てにやん	1
てねれ	1
てのちてぃとらん	4
てば	1
てばいで	2
てぷりつ	1
てべっさ	2
てゔぇれ	1
てーべれ	1
てみりおん	2
てむきー	1
てーむず	1
てめ	1
てるえるあまるな	6
てれくだらむ	4
てるしゃん	1
てるち	1
てるなて	0
てるなーて	3
てるねー	1
てるぶる	1
てるまえ	0
てるもぴゅらい	4
てるもぴれー	3
てれじん	2
てわかん	2
てんがなん	1
てんぴ	1
てんぺるほーふ	5
てーげる	1
てーじょ	1
てーばい	1
てーべ	1
てーむす	1
てーらん	1
でぃう	1
でぃえごがるしあ	5
でぃえっぷ	1
でぃえんびえんふー	5
じかーにか	2
でぃかーにか	2
でぃしぷりーな	4
でぃじょん	1
でぃなん	1
でぃゔぁちゃ	1
でぃやるばくる	4
でぃやーるばくる	5
でぃんぶら	1
でぃーかーる	3
でぃーりー	1
でいとな	0
でいやー	1
でいるやーしーん	6
でおぷれあぐ	4
でかん	1
でせぷしょん	2
でたむ	1
でっさう	1
でともると	3
でとろいと	3
でなり	1
でにそふか	3
でのわいえ	3
でぶなむ	1
でへいら	2
でぼんしあ	2
でぼんしゃー	2
でゔぉんしゃ	2
でめらら	0
でゅぃすぶるぐ	4
でゅいすぶるく	4
でゅかす	1
じゅっせるどるふ	5
でゅうせるどるふ	5
でゅっせるどるふ	5
でらうぇあ	3
でらうえあ	4
でらるべし	3
でるえるめでぃな	5
でるえるめでぃーな	6
でるぴらーる	4
でるふぃ	1
でるふぉい	1
でるぽい	1
でるふと	0
でるふり	0
でるれいびーち	5
でろす	1
でーろす	1
でんはーぐ	3
といとぶるく	4
とぅあーり	2
とぅいっけなむ	4
とうぃくなむ	2
とうぃっけなむ	2
とぅうんば	1
とぅえくあん	2
とぅおねら	0
とぅぐる	1
とぅずら	1
とぅばん	1
とぅむ	1
とぅるかな	0
とぅるく	1
とぅるふぁーんてっく	6
とぅるむ	1
とぅるーず	2
とぅーは	1
とぅーふぉ	1
とぅーむすとーん	5
とぅーら	1
とうーら	1
つるーこっく	4
とぅーれーぬ	3
とぅーろん	1
とぅーん	1
とおどお	1
とから	1
とけらう	0
とすかな	0
とすかーな	3
とってなむ	1
とてなむ	1
とっとなむ	1
ととにかぱん	4
とのんればん	4
とばご	1
とばる	1
とぱる	1
とぱんが	2
とひこえ	0
とびりし	2
とふぃーの	2
とべるすかや	4
とゔぇるすかや	4
とぼりすく	3
とぼるすく	3
とまの	1
とまむ	1
とむすく	2
とむそんず	1
とむらうし	3
とめあす	1
とめあすー	2
ともろす	1
とらいべっか	4
とらきあ	2
とらすてーゔぇれ	4
とらっふぉーど	4
とらてろるこ	4
とらばんこーる	5
とらふぁるがー	3
とらぺった	3
とらぼら	0
とらみねる	3
とらんご	2
とらんしるばにあ	6
とらんしるゔぁにあ	6
とらんすひる	5
とらーと	2
とりあな	0
とりえすて	3
とりえびっしゅ	4
とりえる	1
とりおーき	3
とりかすたん	3
とりにだー	3
とりにゃーな	3
とりのこ	0
とりぽたにあ	4
とりぽり	0
とりーま	1
とりんぐ	2
とりんげん	2
とりんこまりー	5
とるあ	1
とるかれむ	3
とるきすたん	3
とるきの	0
とるこまんちゃーい	6
とるせろ	0
とるてっく	3
とるでしりゃす	3
とるはむ	1
とるひよ	2
とるひーよ	3
とぅるふぁん	1
とるふぁん	1
とるめす	1
とるーゔぃる	4
とれぜーぬ	3
とれびぞ	0
とれびーぞ	3
とれゔぃぞ	0
とれゔぃーぞ	3
とれぶりんか	4
とれべれす	3
とれまどく	3
とれもりのす	3
とれんがぬ	2
とれんてぃーの	4
とれんてぃーのあるとあでぃじぇ	10
とりえんと	3
とれーだーずこーなーず	7
とろいつぁ	2
とろかでろ	3
とろく	1
とろどす	1
とろぶりあんど	5
とろむせ	2
とわいふぉーど	4
とんがたぷ	3
とんき	1
とんきん	1
とんぎ	1
とんぎぃ	1
とんでむん	3
とんぶくとぅ	3
とんり	1
とんりく	1
とーうんぺつ	3
とーぴ	1
とーろらはてぃ	4
どいめーさろん	5
どぅいの	1
どぅかんびがはー	4
どぅぎの	1
どぅくふぉー	1
どぅしゃんべ	2
どぅてっくこーすと	5
どぅぶろゔにく	4
どぶろぶにく	4
どぅまい	1
どぅらんご	2
どぅるがぷる	3
どぅばいじっと	4
どぅーばやじっと	5
どぅーる	1
どえろ	1
どずまりーぷーる	6
どだ	1
どっかむたい	3
どっきねっしょる	4
どっくらんず	4
どっちあ	1
どっちゃ	1
どどま	1
どなう	1
どーなう	1
どなうえっしんげん	6
どなうゔぇると	4
どにえすてる	3
どにぇぷる	3
どにえぷる	3
どねつ	1
どゔぃな	1
どふぁーる	2
どぶるーじゃ	3
どぼるーじゃ	3
どぶれ	1
どもどっそら	3
どらいけーにげ	4
どらがちぇんか	4
どらがつえんか	5
どらけんすばーぐ	6
どらけんすべるぐ	6
どらど	1
どらむへらー	4
どらんぎあな	4
どらんしー	2
どらんめん	2
どりな	1
どりんすきー	2
どるされ	0
どるじぇる	1
どるせー	1
どるとむんと	4
どるとれひと	4
どるどーにゅ	3
どるみえ	0
どるんぶるく	4
どれすでん	2
どれんて	2
どろねろ	0
どわいえね	3
どんかすたー	3
どんすわん	1
どんない	1
どんむあん	3
どんれー	1
どーすん	1
どーせっと	3
どーびる	1
どーゔぃる	1
どーふぃね	1
どふぃーぬ	2
どーふぃーぬ	3
どーべんか	3
どーりす	1
どーりんすく	3
なあれふ	1
ないやがら	0
ないあがら	0
ないせ	1
ないはーん	3
ないめーへん	3
ねいめーへん	3
ないやーく	3
ないる	1
ないろび	0
なうぱくとす	3
ながらんど	3
ながる	1
ながるはべり	4
なくそす	1
なくる	1
なこんさわん	4
なこーんらーちゃしーまー	8
なざれ	1
なしあ	1
なじど	1
なじゃふ	1
なじゅまろす	3
なずらに	0
なたんつ	2
なたーにゃ	2
なたーる	2
なっしゅびる	1
なっそー	1
なつぃおなれ	3
なつぃおなーれ	4
などちぇれちぬい	5
なばてあ	0
なばてぃあ	2
なばりの	0
なゔぁりの	0
なゔぁーる	2
なぱばれー	3
なぱっら	2
なゔぃだぁ	1
なゔぃーりお	2
なふたり	0
なふらわーん	4
なぶち	1
なぶるす	1
なゔぉーな	2
なぽれおんぽりす	6
なまたく	0
なまれ	1
なむぐむ	1
なむだん	1
なむちぇ	1
なむちゃばるわ	4
なむでん	1
なむとく	1
なむぷー	1
なむぽ	1
なゆーぐる	2
ならがんせっと	5
ならぼー	0
ならま	1
ならむと	2
なるさすわっく	5
なるばーえす	3
なるぼねんしす	4
なるぼんぬ	3
なるみず	2
なろ	1
なろっく	1
なろぶりゃ	0
なわらむ	1
なんがるはる	4
なんぐろあちぇ	5
なんたけっと	4
なんでぃ	1
なーぐぷる	1
なーしく	1
なーない	1
なーらんだ	3
なーらんだー	3
なーんたり	1
にあす	1
にあめ	1
にあり	1
にいはう	1
にうえ	1
にえごびえ	0
にぇたん	1
にえめん	2
におふぉいん	3
にかいぁ	2
にかいあ	2
にかえあ	0
にけーあ	2
にけうるるばくしゅない	8
にこしあ	2
にこたま	0
にこばる	1
にこぽりす	3
にこらいえふ	3
にこらえふすく	5
にじぇる	1
にじにのぶごろど	6
にじにのゔごろど	6
にじゅーる	2
にずわ	1
にっぷーる	3
にはーゔぁんど	4
にゔぇるね	2
にぺそつ	1
にぽも	1
にゃかうあす	3
にゃちゃん	1
にゃんがら	0
にゅっさ	1
にゅましゅわ	0
にゅるんべるぐ	4
にゅーるんべるく	5
にゅーるんべるぐ	5
にゅーあーく	3
にゅーいんぐらんど	3
にゅーかっする	3
にゆーかつする	3
にゅーぎにや	0
にゆーぎにあ	0
にゅーさうすうぇーるず	6
にゅーばーぐ	3
にゅーふぁんどらんど	6
にゆーふあんどらんど	6
にゅーぶらんずうぃっく	7
にゅーへぶりです	5
にゅーべっどふぉーど	6
ぬーべっほー	3
にゅーほらんど	3
にゅーほーらんど	4
にゅーほーるひる	6
にゅーめきしこ	3
にゅーらなーく	4
にゅーりっちもんど	6
によん	1
にんがるー	1
にんぐらはる	3
にんしや	1
にんふぇんぶるく	5
にんふぇんぶるぐ	5
にんらん	1
にーしゅ	1
にーだーざくせん	5
にーでるぶろんればん	8
にーまいえる	3
にーむ	1
にいらごんご	4
ぬあくしょっと	4
ぬあぬ	1
ぬうあぬ	1
ぬえぼられど	4
ぬくあろふぁ	3
ぬくひば	0
ぬさどあ	0
ぬさどぅあ	0
ぬたくかむしゅっぺ	6
ぬったり	1
ぬでに	1
ぬば	1
ぬびあ	1
ぬまた	0
ぬむーる	2
ぬめいら	2
ぬわらえりや	4
ぬーく	1
ぬーくしお	3
ぬーしゃてる	3
ぬーなま	0
ぬーめあ	1
ねあうむ	1
ねあぽりす	3
ねいねい	1
ねいゔぃーす	1
ねげぶ	1
ねねつ	1
ねばーだ	2
ねばどでるるいす	6
ねゔぃす	1
ねゔぃるとん	2
ねふちぇごるすく	5
ねふど	1
ねぶらすか	3
ねみ	1
ねめあ	1
ねるちんすく	3
ねるとりんげん	4
ねーぷるす	3
のあん	1
のいしゅたっと	4
のいほいぜる	3
のいほーふ	3
のいれんぐばっは	6
のいんうら	2
のさっぷ	2
のざき	1
のしゃっぷ	2
のじみはーい	4
のすふぇらす	3
のっかまっぷ	4
のってぃんがむ	2
のってぃんぐひる	5
のばすこしあ	4
のゔぁすこしあ	4
のーばすこしあ	5
のゔぁーら	2
のゔぃすぱん	2
のゔごろっど	4
のゔごろど	3
のぼしびるすく	5
のゔぉしびるすく	5
のゔぉしびーりすく	6
のりりすく	3
のりーるすく	4
のりーた	2
のるしゅーぴんぐ	3
のるだない	3
のるだーない	3
のるとはうぜん	4
のるとりんげん	4
のるどぜー	3
のるまんじー	3
のるまんでぃ	3
のるまんでぃー	3
のんかい	0
のーい	1
のーさんばーらんど	7
のーざむ	1
のーさんぷとん	3
のーざんぷとん	3
のーすうっど	4
のーすきゃろらいな	6
のーすきーらーご	6
のーすけーぷ	4
のーすすろーぷ	5
のーすよーく	4
のーすらんど	4
のーすりっじ	4
のーばやぜむりゃー	5
のーふぉーく	3
のーゔー	1
のーりっち	3
のーるとゔぇいく	5
のーんかーい	4
はあつあつあ	3
はいあにす	1
はいからま	3
はいだるぱしゃ	4
はいでるばーぐ	5
はいでるべるく	5
はいでるべるぐ	5
はいどぅごる	3
はいねせん	3
はいばりー	1
はいゔぁん	1
はいふぉん	1
はいもす	1
はいらる	1
はいりげんだむ	4
はいりばー	3
はいりゔぁー	3
はうら	1
はうる	1
はかにえみ	3
はがっにゃ	2
あがな	1
はきょう	1
はぐれー	1
あごのい	1
はさこ	1
はざりばーぐ	4
はざーと	2
はじゃ	1
はじゃい	1
はじゃら	1
はたやま	0
はっだ	1
はでら	1
はとぅん	1
はどりあ	2
はどりあのーぷる	5
はどりん	1
はどん	1
はどー	1
はなうま	2
はなぐり	2
はなふぉーど	3
はなむ	1
はにた	1
はにや	1
はねお	0
はばな	1
はばらな	0
はばろふすく	4
はゔろっく	3
はゔぇろっく	3
はぼろ	1
はぼろーね	3
はぽな	1
はまいば	2
はますりー	2
はまーる	2
はみるとん	2
はむすてっど	4
はむとらくむ	4
はむとらみく	4
はむなぷとら	3
はむん	1
はめりんぷーる	5
はらいん	2
はらごんとん	3
はらっぱ	1
はらっぱー	2
はられ	1
はらーま	2
はりかるなっそす	5
はりこふ	1
はりすこ	2
はりすばーぐ	4
はりふぁっくす	3
はりふぁくす	3
はりーち	2
はるしーぬ	3
はるじ	1
はるつ	1
はるつーむ	2
はるであ	0
はるでぃあ	2
はるでる	1
はるでん	1
はるどわーる	4
はるは	1
はるまへら	3
はるら	1
はっれ	1
はれあから	3
はんがーふぉーど	5
はんけれ	0
はんたーずろっく	6
はんつびる	1
はんてんぐり	3
はんでん	1
はむぶるぐ	3
はんぶるく	3
はんぶるぐ	3
はんぷすてっど	5
はーか	1
はーしぇい	1
はーとふぉど	3
はーとふぉーど	4
はーとふぉーどしあ	6
はーなう	1
はーまる	1
はーむ	1
はむりん	1
はめるん	1
はーめるん	1
はーもんずわす	5
はーるずでん	3
はーるれむ	1
ばいあぶらんか	5
ばいおんと	3
ばいかる	1
ばいこぬーる	4
ゔぁいしゃりー	1
ゔぁいしゃーりー	3
ゔぁいたらにー	3
ゔぁいつぇん	1
ばいどふぉーど	4
ばいどん	1
ばいゆー	1
ばいよんぬ	3
ばいろいと	3
ばうまたるお	4
ゔぁおとぅぷあ	3
ゔぁおゔぁ	1
ばかう	1
ゔぁがい	1
ばぎお	1
ばぎらてぃ	2
ばくたぷる	3
ばくとりあ	3
ばくとりや	3
ばぐはー	1
ばぐまてぃ	2
ばぐらむ	1
ゔぁぐらむ	1
ばぐらん	1
ばぐりー	1
ばごた	1
ばさーすと	2
ばしきーる	3
ゔぁしした	2
ゔぁしゃるへりー	4
ばしょん	1
ばじぇでるかうか	6
ばすく	1
ばすちぃゆ	3
ばすちぃーゆ	3
ばすちーゆ	3
ばすてぃーゆ	3
ばせてーる	3
ばたしー	1
ばたばの	0
ばたびあ	2
ばたゔぃあ	2
ばたむ	1
ばたんがす	2
ばたんぐらんで	5
ばたーん	2
ばたあん	2
ばだぐりー	2
ばちこゔぉ	0
ばちゅう	1
ばっかすどるふ	5
ゔぁっかーすどるふ	6
ばっきんがむ	3
ばっきんぐがむ	3
ばっきんがむしゃー	6
ばっくべい	4
ゔぁっせん	1
ばたんばん	2
ばったんばん	3
ばとぅ	1
ばとぅぶらん	2
ばとがしゅたいん	5
ばとけん	0
ばとるくりーく	5
ばとんるーじゅ	4
ばどがおん	3
ばどりなーと	4
ばどりーなーと	5
ばどる	1
ばなうぇ	1
ばならす	1
ばにやす	1
ばにんぐ	2
ばはら	1
ばはるゆーすふ	4
ばばりあ	2
ばゔぁりあ	2
ばひあほんだ	4
ばびろにあ	0
ばびろん	1
ばふぃん	1
ばぶえるまんでぶ	5
ばべる	1
ばゔぇるの	2
ばまが	1
ばまこ	1
ばみゅーだ	2
ばーみゅだ	1
ばーみゅーだ	3
ばらぎ	1
ばらくらゔぁ	3
ばらでろ	0
ばらどぅゔぁーじゃ	4
ばらはす	1
ゔぁらふしゃ	2
ばらめーだ	3
ばらんきーじゃ	4
ばらんぎんぎ	4
ゔぁらんじゅゔぃる	5
ゔぁらーしゅたいん	5
ばらーべ	2
ばらーる	2
ばりあが	0
ばりしーなん	3
ゔぁりす	1
ばりくぱぱん	4
ばりっくぱぱん	5
ばりはい	0
ばりゃどりーど	4
ゔぁじゃどりっど	4
ばーりんとん	3
ばるかるせ	3
ばるくる	1
ばるじゅな	0
ゔぁるた	1
ゔぁるだな	0
ばろちすたん	3
ばるちっく	1
ばるでぃびあ	3
ばるでぃーず	1
ゔぁるでーず	3
ばるでもーさ	4
ばるとぶるく	4
わるとぶるく	4
ばるとろめーふか	5
ばるどりーの	4
ゔぁるどるふ	3
ばるはし	2
ばるばて	0
ばるばら	0
ばるびぞん	3
ゔぁるびゅ	1
ばるべっく	3
ばるま	1
ゔぁるみー	1
ばるもらる	3
ばるれった	3
ばれありっく	4
ばれあれす	3
ゔぁれいほう	2
ばれて	1
ばれりーにゃ	3
ゔぁれるあ	2
ばれんしあ	2
ゔぁれんしあ	2
ゔぁれんぬ	2
ゔぁれーお	2
ゔぁれーふぉーじ	4
ゔぁろりす	1
ばろーろ	2
ばわりあ	2
ばんかーひる	5
ばんがろーる	4
ばんがー	1
ばんぎ	1
ばんざいくりふ	5
ばんじょわんぎ	4
ばんすかしゅてぃあふにつぁ	8
ゔぁんせんぬ	3
ゔぁんぜる	1
ばんたー	1
ばんだるしゃぷーる	6
ばんだるしゃーぷーる	7
ばんは	1
ゔぁんゔ	1
ばんべり	0
ばんべりー	3
ばんべるく	3
ばんめとぅおっと	5
ばんめとーと	4
ばーがもんと	4
ばーくしゃ	1
ばーくしゃー	3
ばーくすでーる	5
ばーさ	1
ゔぁーさ	1
ばーじにあ	3
ゔぁーじにあ	3
ばーずゔぃる	1
ばーどあいらんど	4
ばーどごーですべるく	8
ばーにんぐぷれーんず	7
ばーばんく	3
ばーびる	1
ばーぶーだ	3
ばーぷーぐらーむ	6
ばーみんぐはむ	6
ばーもんと	3
ゔぁもんと	2
ゔぁーもんと	3
ばーらなすい	4
ばーらる	1
ばーらーちゃってぃー	5
ばーらーなしー	3
ゔぁーらーなしー	3
ゔぁーらーなすぃ	3
ゔぁーるはいむ	4
ばーんうぇる	1
ばーんすていぷる	5
ばーんずでいる	5
ばーんひる	4
ばーんほーふ	4
ぱいながま	3
ぱいんたら	2
ぱいんはーすと	4
ぱえすとぅむ	3
ぱおとう	1
ぱかてぃ	1
ぱかや	1
ぱくとろす	3
ぱぐうぉっしゅ	3
ぱぐさんはん	3
ぱご	1
ぱごぱご	0
ぱさい	1
ぱさお	1
ぱさでぃな	0
ぱさでな	0
ぱさでら	0
ぱしぐ	1
ぱっしぐ	1
ぱしら	1
ぱじゃるすきー	3
ぱじりく	2
ぱずぃるく	2
ぱたくせんと	4
ぱたごにあ	0
ぱたに	1
ぱったーに	3
ぱたや	1
ぱたやー	1
ぱだん	1
ぱだんばい	2
ぱちゅーか	2
ぱっつくあろ	4
ぱっろーね	3
ぱてー	1
ぱでぃらっく	1
ぱでぃんとん	2
ぱでゅーか	2
ぱとな	1
ぱともす	1
ぱどあ	1
ぱどぅあ	1
ぱどゔぁ	1
ぱどら	1
ぱない	1
ぱなじ	1
ぱなり	1
ぱにぱっと	3
ぱはん	1
ぱびあ	1
ぱゔぃあ	1
ぱゔぃーあ	2
ぱふぉす	1
ぱぷ	1
ぱぺえて	2
ぱほあ	1
ぱほーきー	2
ぱーほーきー	3
ぱやお	1
ぱゆんふじゅん	4
ぱらっじ	1
ぱらてぃうむ	3
ぱらてぃの	0
ぱらてぃな	0
ぱらてぃーな	3
ぱらな	1
ぱらなけ	0
ぱらに	1
ぱらまった	3
ぱらまりぼ	3
ぱらわん	1
ぱりんちんす	4
ぱるせ	1
ぱるたーぶがる	5
ぱるなっそす	3
ぱるゔぃる	1
ぱるまーすとん	3
ぱるみど	0
ぱるめーる	3
ぱれるも	2
ぱれんけ	2
ぱれんしあ	2
ぱれんばん	2
ぱれーしあ	2
ぱろあると	3
ぱろす	1
ぱんがしなん	3
ぱんがん	1
ぱんきし	0
ぱんくさとーにー	5
ぱんくすとあうにー	6
ぱんぐぶーん	4
ぱんけ	1
ぱんけない	3
ぱんげあ	0
ぱんさらさ	3
ぱんさらっさ	4
ぱんじしーる	4
ぱんたなーる	4
ぱんだば	0
ぱんちぇぼ	0
ぱんちぼーる	4
ぱんてぃかぱいおん	5
ぱんておん	1
ぱんのにあ	0
ぱんぴゅりあ	3
ぱんふぃりあ	3
ぱんろん	1
ぱーそんずれいく	6
ぱーそんずれーく	6
ぱーたりぷとら	5
ぱーでーん	3
ぱーどゔぁ	1
ぱーにーぱっと	5
ぱーむすぷりんぐす	6
ぱーむべい	4
ぱーれず	1
ぱんでゅらんが	4
ひさのはま	3
ひさる	1
ひさーる	2
ひっさー	1
ひっさーる	3
ひすぱにあ	0
ひすぱにおーら	5
ひすぱにょーら	4
ひすぱー	1
ひっこりーひる	6
ひっら	1
ひゔぁおあ	0
ひばら	1
ひぶらるたーる	5
ひほん	1
ひゅーろん	1
ひょじゃ	1
ひょは	1
ひらふ	1
ひらー	1
ひるですはいむ	5
ひるぶろう	4
ひんくすとん	3
ひんずーくしゅ	3
ひんどうー	1
ひんどすたん	3
ひーすろう	1
ひーすろー	4
ひーるーもー	3
びあく	1
びありっつ	3
びあれっじょ	3
びえけす	1
ゔぃえっち	2
びえとばっく	4
ゔぃえとばっく	4
ゔぃえんぬ	2
ゔぃゆんぬ	2
ゔぃかーり	2
びぐどい	1
びこーる	2
びさう	1
びさや	1
びざんちうむ	4
びざんてぃうむ	4
びざんてぃおん	2
びゅざんてぃおん	4
びしぇふらと	3
びしぇーる	2
びしえんて	3
びしゃご	1
びしゃむあびー	0
びしけく	1
びしゅけく	1
びしー	1
ゔぃしー	1
ゔぃじゃやながる	4
ゔいじゃやながる	4
びじゃれある	3
びすかや	0
びすかーじゃ	3
びすけー	1
びすびー	1
ゔぃすびー	1
ゔぃせほるん	3
ゔぃちぇんつぁ	2
びてゅにあ	0
びっぐべあ	4
びっぐれいく	4
びっぐれーく	4
ゔぃってる	1
ゔぃてる	1
びってんべるく	5
ゔぃってんべるく	5
ゔぃてぃ	1
ゔぃてるぼ	2
びでふぉーど	3
びなでるまーる	5
びのばーぷりー	3
びはち	1
びはーる	2
べはーる	2
びばりー	1
べゔぁりー	1
びばりーひるず	5
びゔぁりーひるず	5
べばりひるず	4
べゔぁりーひるず	5
びばれー	1
ゔぃゔぁれー	1
びびえんぬ	3
ゔぃゔぃえんぬ	3
びぶろす	1
ゔぃゔぉんぬ	2
ゔぃぼー	1
びみに	1
びやぶすかや	3
ゔぃやー	1
びゅっとしょーもん	4
びゅるつぶるぐ	4
ゔゅるつぶるく	4
ゔゅるてんべるゅたっと	7
びゅってんべるく	5
びゅるてんべるく	5
ゔゅるてむべるく	5
ゔゅるてんべるく	5
びゅーと	1
びらかすちん	3
ゔぃらのゔぁ	0
ゔぃらのーゔぁ	3
びらふらんか	4
ゔぃらふらんか	4
ゔぃらりか	2
びらるば	2
ゔぃらろぶれーど	5
ゔぃらーる	2
ゔぃりえあ	0
ゔぃりっひへーげ	5
びりにゅうす	3
びりにゅす	1
ゔぃりにゅす	1
びりやえるもーさ	6
びりゃらーる	3
びりゅい	1
びるけなう	3
ゔぃるだぶれ	3
ゔぃるとしゅとるーべる	6
ゔぃるのわ	0
びるばお	0
ゔぃるまーすどるふ	6
びるもんて	3
ゔぃるんが	2
ゔぃれる	1
ゔぃんがーるど	3
びんぐぁむとん	4
びんせんす	1
びんせんず	1
ゔぃんせんす	1
ゔぃんせんず	1
びんたん	0
びんち	1
びんてぺ	0
びんでぃん	1
ゔぃんめるすかふてつ	7
ゔぃんやーど	3
びんろん	1
びーこんひる	5
びーすく	1
ゔぃすばーでん	3
ゔぃーすばーでん	4
びーにゃでるまーる	6
ゔぃーぷり	1
ゔぃーぼあ	1
ゔぃれんどるふ	4
ゔぃーれんどるふ	5
ぴあんじぱーね	5
ぴあーべ	2
ぴえでぃぐろった	5
ぴえーゔぇ	2
ぴえーるくろ	4
ぴかでぃり	2
ぴかるでぃ	2
ぴかるでぃー	2
ぴがでぃあ	2
ぴがる	1
ぴくりす	1
ぴさぬろーく	4
ぴしでぃあ	0
ぴすといあ	3
ぴずも	1
ぴっつふぃーるど	4
ぴつんだ	2
ぴてくーさい	3
ぴでぃんぐほー	4
ぴなつぼ	2
ぴなとぅぼ	0
ぴねろーろ	3
ぴのす	1
ぴぷらーひー	3
ぴむりこ	2
ぴやしり	0
ぴゅいどどーむ	4
ぴゅろす	1
ぴゅーじー	1
ぴゅーちょんぼい	3
ぴらかない	3
ぴらとぅす	1
ぴらぼい	1
ぴらぽ	1
ぴりれんだ	3
ぴるとだうん	4
ぴるな	1
ぴるばら	0
ぴれうす	1
ぺいらいえうす	5
ぴれねー	1
ぴんうーるぃん	5
ぴんた	1
ぴんどす	1
ぴんなー	1
ぴんや	1
ぴーたーすばーぐ	6
ぴーたーばら	3
ぴーたーまりっつばーぐ	9
ぴーたーりー	3
ぴーどもんと	4
ぴーるぱんじゃる	4
ふぁいふ	1
ふぁうるまいあー	4
ふぁえんつぁ	2
ふぁがらしゅ	1
ふぁがれれ	0
ふぁしょだ	1
ふぁつひば	0
ふぁてーはぷる	4
ふぁどーつ	2
ふぁにえるほーる	5
ふぁぬぃるほーる	5
ふぁぬいるほーる	5
ふぁひあ	1
ふぁぶりあの	3
ふぁぷらーてりあ	5
ふぁまぐすた	3
ふぁらんぽーん	4
ふぁるさるす	3
ふぁるつ	1
ふぁるます	1
ふぁるん	1
ふぁるーじゃ	2
ふぁれあるうぽ	5
ふぁれおろ	0
ふぁれるの	0
ふぁろ	1
ふぁろす	1
ふぁろすめとらん	4
ふぁんぐらー	1
ふぁんてぃえっと	4
ふぁんでふか	3
ふぁんらん	1
ふぁーがすん	1
ふぁーねす	1
ふぁーまん	1
ふぁーみんでーる	5
ふぁーりー	1
ふぁーんばら	1
ふぁーんわーじー	4
ふあひね	0
ふあんぼ	2
ふぃうみちーの	4
ふぃうめ	1
ふぃえら	1
ふぃえぞれ	0
ふぃえぞーれ	3
ふぃえーぞれ	2
ふぃおらーの	3
ふぃじゃっく	1
ふぃっしゃーまんずわーふ	8
ふぃっつろい	1
ふぃつろい	1
ふぃめら	1
ひらでるひあ	4
ひらでるふいや	5
ふいらでるふいや	5
ふぃんがる	1
ふぃんずべりー	4
ふぃんちりー	1
ふぃーあゔぁるとしゅてって	8
ふぃーえるやっぺん	5
ふいたんしーるー	5
ふいやんちーぬ	5
ふぇあうぇざー	3
ふぇあうぇる	1
ふぇあふぃーるど	3
ふぇあへいゔん	3
ふぇあーへぶん	4
ふぇいふぉー	1
ふぇすとす	1
ふぇず	1
ふぇっらーら	3
ふぇにきや	0
ふぇらえ	1
ふぇらーら	2
ふぇるがな	0
ふぇるがーな	3
ふぇるじあ	0
ふぇるすたんべーる	6
ふぇるとれ	0
ふぇるぬ	1
ふぇれいろーら	4
ふぇんうぇい	1
ふぇんでらっぷ	4
ふぇご	1
ふえご	1
ふぉあんへなむどぉ	5
ふぉかいあ	2
ふぉぎーぼとむ	4
ふぉくろん	1
ふぉっくすぼろ	4
ふぉっしゅ	1
ふぉらしゅてぃ	2
ふぉああるるべるく	6
ふぉるあーるべるく	6
ふぉるかーく	3
ふぉるくばんぐ	4
ふぉるくゔぁんぐ	4
ふぉるめんたら	3
ふぉるり	1
ふぉれんだむ	2
ふぉれーず	2
ふぉんだーれす	3
ふぉんてころんぼ	5
ふぉんてんぶろー	6
ふぉんてえぬぶろお	7
ふぉんてんぬぶろう	7
ふぉんてーぬぶろー	7
ふぉんでぃ	1
ふぉーとうぇいん	4
ふぉーとせんとぶれいん	8
ふぉーとでぃっくす	4
ふぉーとでゔぇんす	4
ふぉーとべにんぐ	4
ふぉーとりー	1
ふぉーるへーゔぇ	4
ふかさこ	0
ふくべ	1
ふぜすたーん	4
ふっくろん	1
ふっぷし	1
ふでぃんげ	2
ふどの	1
ふなくす	1
ふなふてぃ	2
ふふい	1
ふふほと	0
ふほほと	2
ふゅいおのー	3
ふいっせ	2
ふゅいっせ	2
ふゅっせん	1
ふゅると	1
ふゅん	1
ふゆえんぎろーら	6
ふらいしゅたっと	5
ふらいぶるく	4
ふらえんす	3
ふらすかてぃ	3
ふらっしんぐ	2
ふらぬい	2
ふらみにお	3
ふらんこるしゃん	4
ふらんしゅこんて	5
ふらんだーす	4
ふらんちしゅかんすか	6
ふらんでるん	4
ふらんどる	2
ふりうり	2
ふりうーり	3
ふりぶるく	3
ふりまんとる	3
ふりめるすべるく	6
ふりゅがーびる	3
ふりゅがーゔぃる	3
ふりんだーず	2
ふりーすらんと	5
ふりーすらんど	5
ふりーずらんど	5
ふりーもんと	4
ふるか	1
ふるだ	1
ふるぼか	0
ふるーるす	2
ふれすの	2
ふれずの	0
ふれべつ	2
ふれまる	0
ふれーぬ	2
ふろいでんべるく	6
ふろぐねる	3
ふろざばど	3
ふろりだきーず	5
ぐろーにんげん	4
ふろーにんげん	4
ふろーらべい	5
ふろれす	2
ふろーれんす	2
ふんいえん	3
ふんざ	1
ふーぐり	1
ふーごもん	1
ふーじぇん	1
ふーちえん	1
ふーなん	1
ふーぺい	1
ぶあん	1
ぶぅえばっけん	4
ゔえなべんつら	4
ぶえなべんとぅら	4
ぶかぶ	1
ぶかれすと	3
ぶくれしゅてぃ	3
ぶきっとばどぅん	5
ぶきてま	0
ぶくむ	1
ぶこば	1
ぶこばる	2
ゔこゔぁーる	3
ぶこびな	0
ぶさき	1
ぶざんそん	2
ぶじゅんぶら	2
ぶせな	1
ぶっせーと	3
ぶっそる	1
ぶっだがや	3
ぶっだがやー	3
ぼーどがやー	4
ゔっばたーる	4
ぶっぱたーる	4
ぶっへんわると	4
ぶでぃあらい	3
ぶどば	1
ぶぬこぼ	0
ぶぬーこぼ	2
ぶぬーこゔぉ	2
ぶのあ	1
ぶはら	1
ゔゔぇい	1
ぶらいず	2
ぶらいてんぶるぐ	6
ぶらいてんべるく	6
ぶらいとん	2
ぶらうんしゅゔぁいく	6
ぶらかん	1
ぶらが	1
ぶらごべぇ	0
ぶらごべぇしゅちぇんすく	6
ぶらざびる	3
ぶらじりあ	0
ぶらちすらば	5
ぶらっくすらんど	6
ぶらっくそっど	5
ぶらっくばーん	5
ぶらっくふらいあーず	6
ぶらっさんぷーい	6
ぶらてぃすらゔぁ	4
ぶらでしゅ	2
ぶらとぅなく	3
ぶらにー	1
ぶらにーく	3
ぶらばんてぃあ	3
ぶらまどーる	4
ぶらふまぷとら	5
ぶらまぷーとら	4
ぶらんきー	2
ぶらんしゅゔぁいく	5
ぶらんでんぶるく	6
ぶらんでんぶるぐ	6
ぶらんでんぶるひ	6
ぶらーにー	2
ぶりあんつぁ	2
ぶりあーる	3
ぶりえんつ	3
ぶりえんつぇる	3
ぶりか	1
ぶりがむ	1
ぶりくすだる	4
ぶりくすとん	3
ぶりっくすとん	4
ぶりくすとんひる	7
ぶりすべん	2
ぶりすべーん	4
ぶりずべん	2
ぶりずべーん	4
ぶりたにあ	0
ぶりっげん	2
ぶりゃんすく	2
ぶりやと	0
ぶりゅろん	1
ぶりゅーじゅ	2
ぶるーじゅ	2
ゔりんだゔぁん	4
ぶりんだーばん	4
ぶりんまー	2
ぶりんもあー	4
ぶるいえる	2
ぶるいぃ	1
ぶるーいぃ	2
ゔるがす	1
ぶるくどるふ	4
ぶるげいゆ	3
ぶるごす	1
ぶるたば	0
ゔるたゔぁ	0
ぶりたにー	2
ぶりたーにゅ	3
ぶりゅたーにゅ	3
ぶるたーにゅ	3
ゔるち	1
ぶるっくりん	2
ぶるっくりーん	5
ぶるつくりん	2
ぶるーくりん	2
ぶるねっろ	3
ぶりゅん	1
ぶるの	1
ぶるぼん	1
ぼるぼん	1
ぶるんけべるい	5
ぶるーいんゔぁると	6
ぶるーまうんてん	5
ぶるーむずべりー	6
ぶるーりっじ	4
ぶれく	1
ぶれすとりとふすく	7
ぶれすらう	2
ぶれだ	1
ぶれとんうっず	5
ぶれなむ	1
ぶれにむ	2
ぶれんなー	2
ぶれにゃん	1
ぶれや	1
ぶれりーな	3
ぶれんと	2
ぶれんとうっど	5
ぶれんねる	2
ぶれーまーはーふぇん	6
ぶれーめん	2
ぶろせりあんど	5
ぶろっくすべるく	6
ぶろとん	1
ぶろんくす	2
ぶろんぷとん	2
ぶろーにゅ	2
ぶーろーにゅ	3
ぐろーぶゔぃる	5
ぶわけ	1
ぶんたお	1
ぶんたでるえすて	6
ぶーく	1
ぶーげんびる	5
ぶーげんゔぃる	5
ゔーじょ	1
ぶーじ	1
ぶーじー	1
ぶーるじゅ	1
ぶーるわーる	4
ぷいい	1
ぷえぶら	0
ぷえるとえでん	5
ぷうぉーつく	2
ぷかま	1
ぷかろんがん	3
ぷけらんぎ	3
ぷさん	1
ぷっはいむ	3
ぷとらじゃや	0
ぷど	1
ぷなー	1
ぷねー	1
ぷーな	1
ぷふぁるつ	2
ぷふぇいふぁ	2
ぷらいせ	2
ぷらか	1
ぷらーか	1
ぷらすりさんぺっと	5
ぷらた	1
ぷらたいあ	3
ぷらたいあい	3
ぷらっしー	2
ぷらでーしゅ	3
ぷらとろりーの	5
ぷらぱぜーた	1
ぷらふまぷとら	4
ぷらやぐ	1
ぷらんばなん	4
ぷらーぐ	2
ぷらーつぇん	2
ぷらーど	2
ぷりあむーりえ	4
ぷりうれ	2
ぷりせ	1
ぷりぴあな	3
ぷりぴゃち	2
ぷりべっと	3
ぷりゔぉりのえ	3
ぷります	2
ぷりまうす	3
ぷりむろーずひる	7
ぷりもるすき	5
ぷりもーりえ	3
ぷりんきぽ	2
ぷりんすとん	2
ぷりんぜん	2
ぷりーん	2
ぷるてにー	3
ぷるどーべい	5
ぷるびちゃちゅー	4
ぷるふんてぃあん	5
ぷるりあ	2
ぷれとりあ	3
ぷれゔぇざ	0
ぷれべん	2
ぷれゔぉ	1
ぷれーく	2
ぷれーげる	2
ぷれいど	2
ぷれーど	2
ぷろせりあんど	5
ぷろびでふ	3
ぷろぶでぃふ	3
ぷろみあす	2
ぷろもんとりー	3
ぷろるぐ	2
ぷろんびえーる	5
ぷんたあれなす	4
ぷんたれなす	4
ぷんたぐありこ	5
ぷんたでるえすて	6
ぷんつぉくりん	5
ぷんつぉりん	1
ぷーとん	1
ぷっりあ	1
ぷーりあ	1
ぷーるられーぬ	5
へいすてぃんぐず	4
へいとあしゅべりー	4
へいりーべりー	5
へいわーずひーす	6
へうんで	2
へしーふぇ	2
へっせん	1
へっちへっちー	4
へっどらんど	4
へぶりでぃーず	4
へぶろん	1
へらが	1
へらーと	2
へるくらねうむ	5
へるくらーぬむ	4
えるしのあ	3
へるしんおあ	3
へるしんき	3
へるまんど	3
へるもす	1
へるんり	2
へれす	1
へれすぽんとぅす	3
へれーすぽんとす	5
へんと	1
へーえゔぇーく	4
へーえまって	4
へーす	1
べやてんべるく	5
べあるん	1
ゔぇいお	1
べいかーずふぃーるど	6
べいるめるめーる	6
べくしょー	1
べくすりーひーす	6
べくれしゅわーる	5
べごばや	0
べすてるぼるぐ	5
ゔぇすてるぼるく	5
べすてろーす	4
うぇすとふぁーれん	4
ゔぇすとふぁーれん	4
ゔぇすとまんらんど	6
うぇすうぃうす	3
べすびお	2
べずびお	0
ゔぇすゔぃお	2
ゔぇずゔぃお	0
べすぺいじ	3
べすぺーじ	3
べすらん	1
べずあほーじぬい	6
べずどな	0
ゔぇずれー	1
べせすだ	2
ゔぇぜい	1
べぜくりく	3
べたにあ	2
べだど	1
べっさらびあ	3
べっすんがー	3
べってるん	1
べっどふぉーど	4
べどふぉーど	3
べすれへむ	3
べつれへむ	3
べとれへむ	3
べてごあ	0
べとか	1
ゔぇどべっく	3
べどりんとん	3
べなどとぅえると	5
ばなーらす	2
べなれす	1
べなーれす	2
べにーしゃ	2
ゔぇぬすべるく	4
べねと	1
ゔぇねと	1
ゔぇーねと	1
べのあ	1
べのに	1
べらくるす	3
べらくーら	3
べらじお	0
べらっじお	2
べらーじお	2
べりかくらどぅしゃ	5
べりせ	1
べりんぐすはうぜん	6
べりーせんとえどまんず	9
べるが	1
べるがも	0
べるぎっしぇ	3
ゔぇるぐる	1
べるげん	1
ゔぇるこーる	3
べるしー	1
べるじぇっじ	3
べるじか	2
べるじゅらっく	4
べるぜん	1
べるだん	1
ゔぇるだん	1
ゔぇるつぶるぐ	4
べるでぃんぐすゔぃる	7
ゔぇるでん	1
ゔぇるな	1
べるなうあー	3
ゔぇるなっつぁ	3
べるなむぶこ	4
ゔぇるにっつ	3
べるにな	0
べるぬ	1
べるのん	1
ゔぇるのん	1
べるひてすがーでぃなー	6
べるひてすがーでん	6
べるゔぃる	1
べるふぁすと	3
べるふぁーすと	3
べるふくりー	5
ゔぇるふくりー	5
べるゔぇでーれ	4
ゔぇるべでーれ	4
べるべら	0
べるむだ	0
べるもぱん	3
べるもんと	3
べーれんぶるく	5
べれたにあ	0
べれっつぁ	2
ゔぇれとり	0
べれん	1
べれんつ	2
べれんてぃ	2
べろーな	2
ゔぇろーな	2
べんがじ	0
べんげっと	1
べんげら	0
べんたいん	3
べんちぇ	1
べんちえ	1
ゔぇんてぃみーりあ	4
べんでぃご	0
ゔぇーさーりー	3
べーじんぐ	3
ゔぇーでる	1
べーべる	1
べーめるらんど	5
べーめん	1
べーりんぐ	1
べーりんじあ	3
ぺがーな	2
ぺぐー	1
ぺしゃわる	1
ぺしゃわーる	3
ぺじて	1
ぺすかでろ	3
ぺず	1
ぺたるま	2
ぺてがり	2
ぺてしゅばとぅん	4
ぺてるごふ	3
ぺでる	1
ぺてろぐらーど	5
ぺとろぐらーど	5
ぺとろぱうろふすく	7
ぺとろぱぶろふすく	7
ぺとろぱゔろふすく	7
ぺとろふか	3
ぺとろーふすきい	6
ぺにゃふぃえる	3
ぺにょん	1
ぺぶる	4
ぺまくいっど	4
ぺりあ	1
ぺりと	1
べりりゅー	2
ぺりりゅー	2
ぺりんだば	2
ぺるがう	1
ぺるがもん	3
ぺるせぽりす	4
ぺるぴにゃん	3
ぺるゔー	1
ぺるみ	1
ぺるむ	1
ぺるらむせす	3
ぺるらめせす	3
ぺるりす	1
ぺるーじあ	2
ぺるーじゃ	2
ぺれあ	1
ぺれりん	1
ぺろぽねそす	3
ぺろぽねーそす	4
ぺろぽんねそす	5
ぺんけ	1
ぺんさこら	3
ぺんさこーら	4
ぺんしるばにあ	5
ぺんしるばにや	5
ぺんしるべにあ	5
ぺんしるゔぁにあ	5
ぺんしるゔぇにあ	5
ぺんでゅらむ	1
ぺんとんゔぃる	5
ぺんどっぽ	3
ぺんば	1
ぺんばーとん	3
ぺんぶろーく	4
ぺーちゃん	1
ぺーねみゅんで	4
ぺーるらしぇーず	5
ほあいすあん	2
ほあいそん	2
ほあいふおん	2
ほあひん	1
ほあらっく	3
ほいあん	1
ほいにき	0
ほいーりんぐ	2
ほぎゃに	1
ほくまん	0
ほぐずみーど	4
ほけのやま	0
ほすぺんたーる	5
ほたがやま	0
ほたら	1
ほっけんはいむ	5
ほどうど	2
ほにあら	2
ほばーと	2
ほーら	1
ほらむしゃはる	4
ほらんと	2
ほらーさーん	4
ほりすたー	2
ほるかむ	1
ほるしゅたいん	4
ほるちん	1
ほるむず	1
ほれぶ	1
ほろかめとっく	5
ほろむい	2
ほろんばいる	4
ほろんぼ	2
ほわいとまうんてん	6
ほんがい	1
ほんくわん	3
ほんげい	1
ほーたん	1
ほーねかむぷ	4
ほーふぶるく	4
ほーむすてっど	5
ほーらんさん	3
ほーらんじや	3
ほーらーん	3
ほーりおーく	4
ほーるん	1
ほーんずでーる	5
ぼあじち	0
ぼいし	1
ぼいるすとん	3
ぼいおてぃあ	3
ぼえおてぃあ	3
ぼぐぞーる	3
ぼけだに	0
ぼごだ	1
ぼすこむ	1
ぼすこれあーれ	5
ぼすふぉらす	3
ぼすほらす	3
ぼすぽらす	3
ぼすぽろす	3
ゔぉずどゔぃぜんか	5
ぼずなに	0
ぼたにー	1
ぼたふぉご	0
ぼっふむ	1
ゔぉとろー	1
ぼどら	1
ぼどるむ	1
ぼなんぱく	2
ぼにえーる	3
ぼにん	1
ぼぱーる	2
ぼーぱーる	3
ぼぷたつわな	4
ぼぷっと	1
ぼへにや	0
ぼへみあ	0
ぼべーる	2
ぼほーる	2
ぼらぼら	0
ぼりすぴり	3
ぼりすぽり	3
ぼりふし	2
ぼりんでーる	4
ぼるかし	0
ぼるくむ	1
ぼるけーぜ	3
ぼるごぐらーど	5
ゔぉるごぐらーど	5
ぼるごばるすがな	6
ゔぉるざんゔらん	5
ぼるしあ	0
ぼるせな	0
ぼるせーな	3
ぼーるだー	1
ぼるちもあ	3
ぼるてぃもあ	3
ぼるでぃもあ	3
ぼるつぁの	0
ぼるつぁーの	3
ゔぉるてっら	3
ゔぉるてるら	3
ぼるとふぃーの	4
ぼるどう	1
ぼるどー	1
ぼるぬ	1
ゔぉるびりす	3
ゔぉるふすえっく	5
ぼるぺ	1
ぼるみお	0
ゔぉるむす	1
ぼるんほるむ	4
ぼろじの	0
ぼろたに	2
ゔぉろねじ	0
ゔぉろーねじ	2
ぼろな	1
ぼろーにぁ	2
ぼろーにゃ	2
ぼろーにや	2
ぼんだい	1
ぼんねびる	4
ぼーじゅ	1
ゔぉーじゅ	1
ぼーじゅーる	3
ぼーじらーる	4
ゔぉーじらーる	4
ぼーつぇん	1
ぼーでんぜー	3
ぼーぬ	1
ぼーふぉーと	3
ぼーふむ	1
ぼーべ	1
ぼーゔぇ	1
ぼーぼり	1
ぼーりゅー	1
ぼーりんげん	3
ぼーんほるむ	4
ぼーんます	1
ぽあとぅー	1
ぽわとぅー	1
ぽいどらす	1
ぽいぺと	0
ぽいやっく	3
ぽから	1
ぽかんてぃこ	2
ぽすとん	1
ぽずなに	0
ぽずなん	1
ぽせいでぃあ	2
ぽせっしょん	2
ぽっさーにょ	3
ぽっじょあかいあーの	7
ぽっつだむ	1
ぽつだむ	1
ぽとし	1
ぽとんがん	2
ぽどごりつぁ	3
ぽなぺ	1
ぽぽかてぺとる	5
ぽむろーる	3
ぽるくろーる	4
ぽるてぃち	0
ぽるとあれぐれ	5
ぽるとあれぐり	0
ぽるとふぃーの	4
ぽるとふぇらいお	5
ぽるとーぷらんす	6
ぽるべにーる	4
ぽろないすく	3
ぽろぬぷり	3
ぽあてぃえー	2
ぽわちえ	0
ぽわてぃえ	0
ぽわっしー	2
ぽんけん	1
ぽんざの	0
ぽんたゔぇん	1
ぽんたむちょ	3
ぽんたるりえ	4
ぽんつぉ	1
ぽんてぃたな	3
ぽんてぃーの	3
ぽんでぃしぇり	3
ぽんとす	1
ぽんとるそん	3
ぽんとわーず	3
ぽんぱんけない	5
ぽんめるん	3
ぽーたぎー	1
ぽーとあいらんど	4
ぽーとおぶすぺいん	7
ぽーとくらん	4
ぽーとすたんれー	5
ぽーとひゅーろん	4
ぽーとぴりー	4
ぽーとぴーたーす	4
ぽーとべろ	4
ぽーとべろー	4
ぽーともれすびー	5
ぽーとろっくろい	7
ぽーまのっく	4
まいおにあ	0
まいさん	1
まいせん	1
まいそーる	3
まいだ	1
まいだべーる	4
まいだゔぇーる	4
めいだべーる	4
めいだゔぇーる	4
まいりんげん	3
まいれーな	3
まいんつ	1
まうぇんじ	2
まうとはうぜん	4
まうぴてぃ	2
まうら	1
まうるー	1
まうれたにあ	4
まうんとあいざ	5
まうんとゔぁーのん	5
まうんとほえーるばっく	9
まおん	1
まかう	1
まかお	1
まかっさる	2
まかてぃ	1
まかは	1
まかぷびーち	4
まかれな	0
まかれーな	3
まかわお	0
まがっと	1
まきん	1
まきーば	2
まぎんだなお	4
まくたん	1
まくでぶるく	4
まくどぅみあ	3
まくなしー	2
まくまーど	3
まくゆに	2
まぐだら	0
まぐだれなふぃよるど	7
まぐでぶるく	4
まぐりぶ	1
まぐれぶ	1
まげん	1
まこーけた	2
まこねー	1
まこん	1
まこんど	2
まこーむ	2
まっこーりー	3
まさい	1
まさびえる	2
まさんどら	2
まざき	1
ましゅはど	0
まじぇんた	2
まじぬーん	3
まじもと	2
まじゅろ	1
まじょる	1
まじょるか	2
まよるか	2
まじょーれ	2
まっじょーれ	3
ますかれーにゅ	4
まぜーる	2
またでぃ	1
またにかう	3
またぱん	2
またらに	0
またんさす	2
またんしゃ	2
まちがさわ	3
まちゃぷちゃれ	3
まちゅぴちゅ	0
まっかあるむかっらま	7
まっかりべつ	3
まつくまあど	4
まっくぉーりー	4
まっさりあ	3
まったーほるん	5
まっだれーな	4
まっとぐろっそ	5
まつまえ	2
まつら	1
まてぃにょん	1
まておってぃ	2
までぃそん	1
まじそん	1
まぢそん	1
までぃや	1
までぃーな	2
までいら	2
までら	1
までーろ	2
まとぅらー	1
まとまた	2
まどぅら	1
まどぅらい	1
まどぅー	1
まなうす	1
まなおす	1
まなぐあ	2
まなする	1
めなど	1
まなま	1
まなやんく	3
まなわいぬい	3
まにさ	1
まにとば	0
まにぷーる	3
まにゃがは	2
まぬす	1
まのあ	1
まのくわり	3
まはな	1
まはむに	0
まはれ	1
まはーど	2
まはーらーしゅとら	6
まばさばーと	4
まばとぅ	1
まゔぁーる	2
まぶたぷー	3
まぶーる	2
まぷさ	1
まぷと	1
まぷーと	2
まぼぺいん	3
ままろねっく	4
まむーと	2
まらいた	2
まらえてれ	3
まらかいぼ	3
まらかなん	3
まらかにあん	3
まらが	1
まらけっしゅ	3
まらこふ	1
まらじょ	1
まらっか	1
まらとん	1
まらねっろ	3
まらばーる	3
まらぼ	1
まらりんが	3
まらんびじー	4
まらーずぎるど	5
まりあがらんて	5
まりあつぇる	3
まりえんはーふぇ	5
まりーえんはーふぇ	6
まりかわち	3
まりきな	0
まりのふか	3
まりんが	2
まりんでぃ	2
まりーもんと	4
まるが	1
まるけさす	3
まるごー	1
まるさーら	3
まるせる	1
まるぜるぶ	3
まるちにっく	4
まるちにーく	4
まるてぃにーく	4
まるとのあ	3
まるぬ	1
まるべーりゃ	3
まるまら	0
まるもら	0
まるめすはれい	5
まるめぞん	3
まるらねむ	3
まるりー	1
まるわ	0
まるんだ	2
まれいぐ	2
まれこん	1
まれっぱ	2
まれと	1
まれば	1
まれんご	2
まんがいあ	3
まんさなれす	4
まんざな	1
まんざなー	1
まんざなーる	4
まんじーる	3
まんだれー	1
まんちあーの	4
まんちぇすた	3
まんちぇすたー	3
めんちえすとる	4
まんちゅあ	0
まんて	1
まんてぃこあ	3
まんてぃにかす	4
まんでりん	0
まんとゔぁ	0
まんとらじょり	4
まんねるへいみんてぃえ	7
まんはいむ	3
まんはったん	3
まんゔぁーず	1
まんりー	1
まーじゃよ	1
まーじー	1
まーじーさいど	5
まーすとりひと	5
まーむずべり	4
まーやーぶんでる	5
まーるばっは	4
まーるぶるく	4
まーるぶるぐ	4
みきんだに	2
みけの	1
みけーね	2
みゅけない	2
みこのす	1
みざーる	2
みしがん	1
みししっぴ	3
みししっぴー	3
みししーっぴー	3
みっしつぴー	3
みしゃし	0
みしゃべる	1
みすちーふ	3
みすふぁ	1
みぜりー	1
みぞらむ	1
みっくるへゔん	5
みっどゔぇーる	4
みてぃーら	2
みであん	1
みでぃあん	1
みとー	1
みどぅるずぶら	4
みどるずぶら	4
みどるわろっぷ	5
みなごや	0
みなすじぇらいす	4
みにや	1
みぬ	1
みぬしんすく	3
みねあ	1
みねあぽりす	4
みねそた	0
みねとんか	3
みのるか	0
みはろゔつぇ	3
みやぎの	0
みゅるーず	1
みゅんすたー	1
みゅんすてる	1
みゅーにっく	1
みゅーるはうぜん	4
みょんどん	1
みよねー	1
みらっつお	2
みらーの	2
みりんとん	2
みるうぉーきー	3
みるてん	1
みるとんきーんず	5
みるばんく	3
みるふぉーど	3
みるぶるっく	4
みるめ	1
みれとす	1
みんくす	1
みんごら	0
みんすく	1
みんどろ	0
みーち	1
みーときーな	4
みいらん	1
みーらん	1
むあんしん	2
むあーる	2
むいしゅきん	3
むえ	1
むさわ	1
むさんな	0
むざっふぁるぷる	4
むざーそ	2
むしかーぶ	3
むしゃるしゃぶだー	4
むじぇろ	1
むすたぐあた	4
むずたーふあた	5
むすちえ	0
むすてぃえ	0
むずたーぐ	3
むずたーぐあた	5
むそ	1
むちじゅる	2
むっそーり	3
むてぃな	1
むはらく	2
むばばーね	3
むぶーる	2
むべや	1
むらせん	0
むらてぃ	1
むりたい	0
むるくぴ	0
むるたん	1
むるで	1
むるまんすく	3
むるろあ	0
むるろわ	0
むるんだば	2
むわんざ	2
むんぐんば	3
むんだ	1
むんばい	1
むーあん	1
むーどん	1
めあれい	1
めいふぇあー	3
めいもすから	4
めかんばば	2
めがら	1
めくねす	1
めくれんばら	3
めくれんぶるく	5
めっくれんぶるく	6
めぐな	1
めぐなぐむてぃ	4
めこすた	2
めさび	1
めさほ	1
めしぇく	1
めしこ	1
めしま	0
めじぇるだ	2
めじな	1
めすきるひ	3
めすきーと	3
めすり	1
めぜぐりーず	4
めそぽたみあ	4
めそぽたーみあ	5
めそやは	0
めだん	1
めっく	1
めっさな	1
めっしな	0
めっしーな	3
めっせにあ	3
めっせんぶりあ	5
めでぃな	1
めでぃなでるかんぽ	6
めでぃーなでるかんぽ	7
めでじん	2
めでりん	1
めでゅごーりえ	3
めとね	1
めとーねー	2
めどっく	2
めどぬい	1
めどべーじ	3
めひあ	1
めひかり	2
めぷれー	1
めへるがーん	4
めまんべつ	2
めらねしあ	3
めらゔぃっり	2
めらぴーく	3
めらわ	1
めらら	1
めりまっく	3
めりりや	2
めりーらんど	4
めるかばるどる	4
めるきゅれ	0
めるしん	1
めるせん	1
めるぜぶるく	4
めるふぃ	1
めるぶ	1
めるゔ	1
めるぼるん	3
めるめきあ	3
めるらんびる	3
めるろーず	3
めろえ	1
めわーる	2
めんたうぇー	1
めんだびあ	0
めんでぃっぷ	3
めんどさ	0
めんねふぇる	3
めんひ	1
めんるげる	1
めんろぱーく	4
めーそっと	3
めーそーと	3
めーちゃん	1
めーでりんく	4
めーめる	1
めーられん	1
めーらん	1
もあかむ	1
もわさっく	3
もあぶ	1
もえれ	1
もがじしお	3
もがでぃしお	3
もがでぃしゅ	1
もぎりょふ	1
もさん	1
もじょくと	2
もすきーと	3
もすこびあ	3
もすさいど	3
もそとふぇるらーと	6
もっふぇん	1
もですと	2
もでな	1
もとかし	2
もとすみ	2
もはかーる	3
もはびつと	3
もふぁしむ	1
もふぇっとふぃーるど	5
もぷてぃ	1
もえんじょだーろ	5
もへんじょだろ	5
もべーる	2
もーべーる	3
もらゔぁ	1
もらーゔぃあ	2
もるごん	1
もるじぇ	1
もるだう	0
もるだびあ	3
もるだゔぃあ	3
もるっか	2
もるとん	1
もるゔぁん	1
もるふ	1
もるめいん	3
もれあ	1
もれすびー	2
もれな	1
もろかい	2
もろごろ	0
もろたい	2
もろに	1
もろべい	3
もんくろあ	3
もんこっく	3
もんさらーし	4
もんじゅいっく	4
もんじゅーゔぁん	3
もんせら	0
もんせらぁ	1
もんせらーと	4
もんとせらと	4
もんたいゆー	3
もんたな	0
もんたにー	1
もんたらんべーる	6
もんたるちーの	5
もんてゅす	1
もんてぎゅー	3
もんてっら	3
もんてゔぃすた	4
もんてびでお	4
もんてふぉーりあ	4
もんてべるで	4
もんてべろ	3
もんてめらーの	5
もんてりまーる	5
もんてろーざ	4
もんとごめりー	5
もんとるー	1
もんとれー	1
もんとーく	3
もんばじゃっく	3
もんばーる	3
もんぱるなす	3
もんびしゅう	3
もんびしゆう	3
もんぺりえ	3
もんまじゅーる	4
もんまるとる	3
もんまるとん	3
もんらっしぇ	3
もんろぜ	3
もんろびあ	3
もーずぃり	1
もすーる	2
もーぜる	1
もーはんぷる	3
もーるしあ	3
もーれあ	1
やいく	1
やうんで	2
やおろまっぷ	4
やかい	1
やかしろ	0
やきま	1
やくーちゃ	2
やくーつく	2
やこぶすれいく	5
やこぶすれーく	5
やすれぶ	1
やずど	1
やっふぁ	1
やっぷ	1
やにな	1
やまとう	0
やみぞ	0
やむすくろ	3
やるかんど	3
やるた	1
やるゔぁ	1
やるむーく	3
やるん	1
やるーと	2
やろすらうり	4
やろすらゔり	4
やろすらーゔり	4
やろゔぁ	1
やわす	1
やんぎける	3
やんごん	1
やんつぇ	1
やんぶるく	3
やんぶるぐ	3
ゆいすと	1
ゆうふつ	1
ゆえんどぅむ	2
ゆかたん	0
ゆくじーぬ	3
ゆざりんぐ	3
ゆじのさはりんすく	6
ゆーじのさはりんすく	7
ゆっかすやるゔぃ	5
ゆとらんど	3
ゆとれひと	3
ゆにうす	1
ゆにし	1
ゆにゔぇるして	4
ゆみる	1
ゆりあーじ	3
ゆりあーじゅ	3
ゆりのした	3
ゆりのしたつぼ	5
ゆるしあ	2
ゆるんかしゅ	2
ゆろ	1
ゆんくふらう	5
ゆんぐふらう	5
ゆーかりがおか	5
ゆーこん	1
ゆーすとん	1
ゆーてぃか	1
ゆどるふぉ	2
ゆーどるふぉ	3
ゆーば	1
えうふらてす	4
ゆーふらてす	4
ゆーらっぷ	3
ゆーりっひ	3
ゆーる	1
ゆーろぽーと	4
ゆーろん	1
ゆーろんし	3
よぎな	1
よくあーま	3
よなほるふ	3
よりあぴ	2
よんかーず	1
よんさん	1
よんしょーぴんぐ	3
よーくたうん	4
らあーぐ	2
らいあてあ	3
らいかーず	1
らいつゔぃる	3
らいでいる	3
れいでん	1
らいひす	1
らいぶちっひ	4
らいぷちっひ	4
らいぷちひ	4
らいぷつぃっひ	4
らいぷつぃひ	4
らいぷてぃひ	4
らいへんばっは	5
らいんらんと	4
らいーる	2
らうらう	0
らうりおん	2
らうれいおん	3
らえ	1
らおあぐ	7
らおん	1
らかいあ	2
らかんどん	2
らがーつ	1
らきおっと	3
らくしゅみーぷる	4
らくらじる	3
らぐな	1
らぐにやす	2
らぐれなすびらふらんか	9
らこんちゃ	2
らごす	1
らさいる	2
らしーど	2
らしゅたっと	3
らしゅと	1
らしょわ	1
らしるだ	2
らじうんだー	3
らじぷたな	3
らじゃすたん	4
らすかんだりあ	5
らすくるーせす	4
らすこー	1
らすたぬら	3
らすちぇりゃーえゔぁ	4
らすとろーはす	4
らすぱいゆ	3
らすぱーゆ	3
らすむせん	2
らずば	1
らそんぷすぃよん	2
らたなこーしん	4
らだく	1
らちゃだー	1
らっさ	1
らっせるはいま	5
らっだー	0
らっとん	1
らっぷらんど	4
らつぃお	1
らてぃーな	2
らでふぁんす	2
らろとんが	3
らとんでーな	4
らどが	1
らどれい	1
らどれっと	3
らない	1
らなお	1
らなーく	2
らはいな	2
らばうる	2
らばと	1
らばっほす	2
らばほす	1
らぱす	1
らゔぃにあ	0
らぴゅた	1
らふれー	1
らぶあん	1
らぶきゃなる	3
らぷらた	0
らべんな	2
らゔぇんな	2
らぺ	1
らほや	1
らほーや	2
らぼっく	1
らぼるつぁ	2
らまいびーち	4
らまでぃ	1
らまんしゅ	2
らまんちゃ	2
らむいんとら	3
らむすげーと	4
らむずがーど	3
らむずぎっと	3
らむてぃあ	2
らむどん	1
らんぱーん	3
らもい	1
らもーな	2
ららく	1
ららみー	1
らるかな	0
られど	1
らろまぬ	0
らわるぴんでぃ	4
らんかしゃ	3
らんかしゃー	3
らんかすたー	3
らんがっと	3
らんがらんが	4
らんぎたた	3
らんぎろあ	3
らんぐどっく	4
らんぐる	1
らんぐれい	1
らんぐーん	3
らんげるはんす	5
らんごあん	3
らんごら	0
らんさろーて	4
らんしっと	3
らんじす	1
らんつふーと	4
らんでぃす	1
らんぬ	1
らんびゅとー	1
らんぶいえ	3
らんべす	1
らんぽん	1
らーじきる	4
らーじゃがは	4
らーじゃぐりは	4
らーてぃぶ	1
らーどぅー	1
らーゔんぐらす	5
らーふぇんすぶるく	6
らーべんすぶりゅっく	7
らーもす	1
りあう	1
りあると	2
りえか	1
りぇーじゅ	2
りえーじゅ	2
りえてぃ	1
りえーてぃ	2
りおう	1
りおぐらんで	4
りおでじゃねいろ	5
りおは	1
りがーた	2
りがーべっつ	4
りきあ	1
りくんぬし	2
りぐりあ	2
りごーる	2
りさーる	2
りしけし	1
りしり	1
りすぼあ	0
りすぼん	1
りっだ	1
りっちもんど	4
りっちもんどひる	7
りてま	1
りじつぇ	1
りとら	1
りとらる	1
りとるとん	2
りとるのーとん	4
りとるりばー	4
りとるりゔぁー	4
りとるろっく	4
りどちぇっぴんぐ	3
りなれす	1
りなーて	2
りにい	1
りにー	1
りばさいど	3
りばぢあ	0
りばぷーる	3
りゔぁぷーる	3
りひたーふぇるで	5
りひてんたーる	5
りびゅあ	1
りびんぐすとん	6
りゔぃんぐすとん	6
りゔいんぐすとん	6
りふとばれー	4
りべるだーじ	4
りべるだーど	4
りべれっち	3
りべれつ	2
りぼにあ	0
りゔぉり	1
りゔぉるの	2
りまそる	1
りみに	1
りもーじゅ	2
りゃざん	1
りやざん	1
りゅいしゅん	1
りゅうきゅう	3
りゅとり	1
りゅねびる	1
りゅねゔぃる	1
りゅぶりゃな	0
りゅぶりゃーな	3
りゅべろん	1
りゅりー	1
りゅんびゅ	1
りゅーえん	1
りゅーねぶるがー	4
りゅーねぶるがーはいで	8
りゅーねぶるく	4
りゅべっく	1
りゅーべっく	1
りょうが	1
くよね	1
りよね	1
りりむあすら	4
りりゅばいおん	3
りれさん	1
りれはんめる	3
りろあん	1
りろんぐうぇ	2
りんがえん	1
りんぐうぉるど	4
りんちょぴんぐ	3
りんでぃすふぁーん	5
りんぽぽ	1
りーしゅすかや	4
りーぜんげびるげ	6
りーとん	1
りーぶるびる	5
りーぶるゔぃる	5
るあんだ	2
るあんなむたー	4
どぅあーぶる	2
るあーぶる	2
るいすとん	1
るいでら	0
るいでーら	3
るいゔぃる	1
るいりすく	3
るかにあ	2
るかん	1
るかーよす	2
るくそーる	3
るくるーぞ	3
るさふぁ	1
るしたにあ	0
るすかん	1
るっか	1
るっしゃ	1
るつぇ	1
るっつぇるん	1
るつぇるん	2
るーてしあ	3
るでしょー	2
るとに	1
るとろね	2
るゔぁろわ	0
るばんぐ	2
るびこん	0
るびやんか	3
るぴゅい	1
るぶあるはり	3
るぶりん	1
るべしべ	0
るまいら	2
るまんじた	2
るるい	1
るるつ	1
るるど	1
るろっくる	2
るんが	1
るんちー	1
るんど	1
るんびにー	1
るんぴに	1
るんぴにー	1
るーあん	1
るーくうっど	4
るーぐりぐ	4
るーとゔぃひすはーふぇん	7
るーねんばーぐ	5
るーばん	1
るーゔぁん	1
るーべ	1
るーめりあ	0
れあーて	2
れあーる	2
れいきゃびく	3
れいきゃゔぃく	3
れいさ	1
れうす	1
れきしんとん	3
れぎゃん	1
れざるど	2
れしふぇ	1
れしーふぇ	2
れじおえみりあ	5
れすたっく	3
れすたー	1
れすのい	1
れすぼす	1
れずりす	1
れぞりゅーと	3
れじお	1
れっじょ	1
れっちもあひーす	6
れっちわーす	4
れっどりば	4
れっどりばー	4
れっどりゔぁ	4
れっどりゔぁー	4
れてぃしあ	2
れてぃーろ	2
れでぃんぐ	1
れどう	1
れどら	1
れにゃーの	2
れにんぐらーど	5
れにんすく	2
れのっくす	2
れゔぁんと	2
ればーくーぜん	4
れぱんと	2
れびやひへど	4
れぴゅぶりっく	4
れふぉるとゔぉ	3
れふぉるとーゔぉ	4
れふぉるま	2
れゔぇんわーす	4
りむのす	1
れむのす	1
れめそす	1
れゆにおん	2
れりだ	1
れるね	1
れれるちゃ	2
れろい	1
れんすたー	1
れんそいす	3
れんてりあ	3
れんどゔぁ	0
れんぬ	1
れんぱん	1
れんべるく	3
れーおぽるとしゅたっと	8
れーくぷらしっど	6
れーげんすぶるく	6
れーにえ	1
れーうわるでん	4
れーわるでん	3
ろあのーく	3
ろあん	1
ろいく	1
ろかまどーる	4
ろかるの	2
ろきたうんぐ	3
ろくは	1
ろくり	1
ろぐろにょ	0
ろさむすてっと	5
ろざむすてっど	5
ろしぇ	1
ろしゅふぉーる	3
ろじぇ	1
ろじえ	1
ろじも	1
ろすあらもす	3
ろすいえべねす	5
ろすこー	1
ろすたく	1
ろすとふ	1
ろすぱにおす	3
ろすらん	1
ろすりん	1
ろすろけす	3
ろぞー	1
ろだっと	2
ろだと	1
ろちぇすたー	2
ろちょうこう	2
ろっかびー	1
ろっくびゅう	4
ろでぃにあ	2
ろとぅま	1
ろとるあ	2
ろどうぃっく	1
ろどもあ	0
ろどわー	1
ろはるしゅ	2
ろばーつふぉっしゅ	5
ろばーとふぉーす	5
ろびんずびる	5
ろびんずゔぃる	5
ろふぉーでん	2
ろまーにゃ	2
ろめ	1
ろりあん	1
ろるしゅ	1
ろれすたん	2
ろわん	1
ろんあん	1
ろんぐあいらんど	4
ろんぐでいる	4
ろんぐりーと	4
ろんじゅもー	1
ろーんぬ	1
ろんばるだ	3
ろんばるでぃあ	3
ろんばるでぃーあ	5
ろんばーと	3
ろんばーど	1
ろんふぉっく	3
ろんぶく	1
ろんぼく	0
ろんりーうっど	4
ろうぇる	1
ろーうえる	1
ろざはいず	3
ろーざはいず	4
ろーざんぬ	3
ろーずひる	4
ろーつぇ	1
ろーてんぶるく	5
ろーてんぶるぐ	5
ろーでしあ	3
ろーとしゅとっく	5
ろーとほるん	4
ろーどあいらんど	4
ろどす	1
ろーどす	1
ろーにー	1
ろーぬー	1
ろーらう	1
らーれー	1
ろーれいん	3
わいあんどっと	5
わいかと	0
わいきき	0
わいけれ	0
わいたんぎ	3
わいほぱい	3
わいぽ	1
わいまる	1
わいまーる	3
ゔぁいまる	1
ゔぁいまーる	3
わいめあ	0
わいれあ	0
わいんでぃんぐめあ	7
わがどぅぐ	1
わがどぅぐー	1
うぁすこねす	3
わせと	1
わちゃ	1
わっぴんぐ	0
わなか	1
わになう	1
わやが	1
わらきあ	0
わらんがる	2
わりふ	1
わるごんそへいる	6
わるざざーと	4
わるそー	1
わるぴ	1
わんふーちん	3
わーすりー	1
わーてるろー	3
わあてるろお	3
わーふる	1
わーるしゅたっと	5
をさるやま	0
んごっと	2
んごろんごろ	4
うんじゃめな	3
んじゃめな	0
んどぅとぅ	2
あさん	1
あーれ	1
あわさ	1
いきり	0
おっぺ	1
からか	1
かんべい	1
きおす	1
ぎざ	1
ぎんだら	0
こぺ	1
さわき	1
しとー	1
すある	1
すーす	1
せいぬ	1
せえぬ	1
たうろ	1
たさ	1
たにや	1
てぐ	1
にひゃく	3
にゅーぎにあ	0
はみ	0
ばんぐら	0
まんだ	1
ぱぷあ	1
ぷろばん	2
ぽんぺい	1
まぶす	1
まらい	1
まんす	1
むーず	1
やふおく	0
やむな	1
らさ	1
りしぇ	1
りーぱり	1
りあど	1
りーゔぁす	1
るまん	2
あくら	1
あむす	1
あるみせい	0
いなま	1
いゔり	1
ういい	2
かれどにや	0
くえす	1
けるち	1
たるしす	1
ちぬ	1
のゔぁら	1
みゃんま	1
むゆ	1
れな	1
わいは	0
あんぬぷり	3
あーぐら	1
あーぐらー	1
いえな	1
せーぬ	1
てむず	1
にせこ	0
ゔぁーつ	1
ぱすと	1
らーほーる	3
りど	1
ろーぬ	1
いだん	1
うるむ	1
がりあ	1
くりる	1
すがた	1
すゔぁ	1
どくだみ	0
はえん	1
ばーどす	1
みらまー	1
ろくでなし	0
あるみへん	0
きゅーしー	3
どいち	1
どたんば	0
ぴぽ	1
ますます	2
まちべん	0
あるしょう	0
いたけ	1
かくに	0
さくらんぼ	0
しんみつ	0
だじゃれ	0
はーでん	1
みらん	1
すさ	1
すわい	0
だんとつ	0
どどんぱ	2
ねだん	0
ばなてん	0
ひまじん	0
ふぃりっぴ	2
ぼうふり	0
まじれす	0
あっばす	1
くりーる	2
とうづる	0
まとら	1
ものまね	0
ろぷ	1
あまら	1
かもめか	0
くた	2
けつあつ	0
しゃぶり	1
しるみ	1
ちょうば	1
とうひ	1
どろぼう	0
ふっそ	1
ぺなん	1
わきやく	0
あるみかん	0
あるみはく	3
うずらー	0
かいち	1
きちがい	3
しらふ	1
すくみず	0
すくらん	1
するが	1
だんち	0
ちゃぶだい	0
にお	1
ねずみか	0
ふじかわ	2
ぽりぶくろ	3
もーむす	0
ゆら	1
よっぱらいだー	4
あおかん	0
あおがん	0
あかちん	0
あきかじ	0
あきかん	0
あけぼのそう	0
あざらしりょう	4
あじびら	0
あずまぎく	3
あっしー	1
あてれこ	0
あとりか	0
あにおた	0
あにをた	0
あねき	0
あぽでん	0
あまちゃ	0
あむらー	0
あめしゃ	0
あめぼう	0
あめんぼ	0
あめんぼーと	4
あやご	0
あゆりょう	2
あるてん	0
あるみなべ	4
あれち	0
あわびりょう	3
あんきも	0
いかげそ	0
いかりそう	0
いかりょう	2
いそぎく	2
いそべん	0
いたでん	0
いちおし	0
いぬか	0
いぬごはん	3
いねぞう	0
いびりあん	2
いぼたが	3
いもぎく	2
いるかりょう	3
いわしかん	0
うたほん	0
うだん	1
うちゃ	1
うつしえ	3
うなぎてん	3
うらぎん	0
うんらん	0
えくれん	0
えだしゃく	0
えづけーしょん	3
えてこう	3
えねちょう	2
えびてん	0
えろねた	0
えろぼん	0
えろほん	0
おおかみせつ	4
おかかごはん	4
おかっぱらー	0
おがらいと	0
おくなれ	0
おくぬき	0
おけきょく	2
おしょっくす	2
おしょろぎつね	4
おしりこん	2
おじき	0
おじたりあん	3
おたっきー	2
おだん	1
おとめぞう	3
おばたりあん	3
おむそば	0
おやじどう	3
かいこが	3
かきごはん	3
かくしり	0
かくまんだー	3
かくむね	0
かごりょう	2
かさたはぎょう	4
かすみそう	0
かたぶつ	0
かつおぬす	3
かつおりょう	3
かつどん	0
かつぼく	0
かつらざい	3
かてちがい	3
かとぅーんず	2
かどばん	0
かにかん	0
かにぞく	2
かばんじょう	2
かびしゅう	2
かもがら	0
かもじ	0
からすぞく	3
からっけつ	0
かるめやき	0
かんあおい	3
かんおけ	3
かんちょうき	3
かんねんかずら	5
かんぴゅーたー	3
かんぼこ	0
かーきち	0
がきんちょ	0
がくぶち	0
がくらん	0
がちまやー	3
がらぼう	2
がりばん	0
がりべん	0
がんかも	0
がんがり	0
がんだま	0
がんづけ	0
がんもどき	3
きくいただき	3
きくいも	0
きくがしら	3
きしみおん	0
きじるし	2
きばたん	2
きぼんぬ	2
きもおた	0
きもをた	0
きゃばけん	0
きゃばじょう	2
きゃべせん	0
きゃらぐるみ	0
きゃらづくり	3
きれかじ	0
きんくろ	0
きんけ	0
ぎんすじ	0
ぎんどろ	0
ぎんねむ	0
ぎんばえ	0
ぎんやんま	3
くさのおう	4
くじうん	0
くじらりょう	3
くずてつ	0
くそすれ	0
くそちん	0
くちゃ	1
くましゃ	0
くろさい	0
くろてん	0
くんづけ	0
ぐるめぐり	3
けつもどき	3
けつわり	0
けひき	1
けろぷら	0
けんず	1
けんだま	0
げきやす	0
げんのしょうこ	4
こうだて	0
こーのき	0
こうもりりゅう	4
こくぬすと	3
ここづくり	0
こころじー	2
こさば	0
こしあん	0
こたつむり	3
こてはん	0
こまいぬ	0
こますう	3
こみご	0
こめへん	0
ころがらーと	4
ごいし	0
ごうつく	0
ごくうす	0
ごくつぶし	3
ごくぶと	0
ごすとも	0
ごな	1
ごねどく	0
ごるぺ	1
ごーせん	0
ごーまにすと	4
ごーまにずむ	4
さいもらひ	0
さかつく	0
さかはち	0
さぎそう	0
さくめぐり	3
さくらそう	0
さくらんぼう	0
さけりょう	2
さざとも	0
さそりざ	0
さつまわり	3
さぬかいと	3
さびざん	0
さぼりま	3
さむらいどう	3
さよならき	4
さよならだ	4
さるがく	2
さるがっ	2
さわぎく	2
さんぴん	3
ざいり	0
ざぎょう	1
しがっじょか	2
しけぷり	0
しじゅうから	2
しじゅーから	2
したえん	0
しとろんしらす	5
しみにゅう	0
しゃぐま	0
しゃぶちゅう	0
しゃもじ	1
しょたこん	0
しょば	0
しろぎく	2
しろがねーぜ	4
しろさい	0
しろちょう	2
しろてん	0
しんくい	0
じしばり	2
じばち	0
ぢばち	0
じべたりあん	3
じむぐり	2
じゃけしゃ	0
じゃこごはん	3
じゃにおた	0
じゃにをた	0
じゃのめ	0
じゃばら	0
じゃぱゆき	2
じょうびたき	0
じりひん	0
ぢりひん	0
すいかっぷ	3
すかじゃん	0
すぎざい	0
すけそう	0
すけとう	0
すすめしょく	3
すずめが	3
すたたん	0
すたれん	0
すとけん	2
すとやぶり	3
すねにく	2
すば	1
すぽこん	0
すぽしょう	0
すぽせん	0
すまとも	0
すりごく	0
ずあか	0
ずべこう	3
せきせい	0
せきせー	0
せし	1
せしから	0
せせりちょう	3
せんぶり	0
ぜにがた	0
ぜにごけ	0
そいん	1
そっぽ	1
そにち	1
ぞうあざらし	4
ぞうあし	0
ぞうかぶと	3
ぞうつかい	3
ぞうむし	1
たいまん	0
たかは	0
たからじぇんぬ	4
たきぎのう	3
ただでん	0
たてかん	0
たてがた	0
たなぼた	0
たぬきらん	3
たぬこう	3
たねほん	0
たまじ	1
たんぽぽしゅ	4
だいさぎ	0
だふり	0
だべり	0
だべりんぐ	0
だんだら	0
だんちょね	0
だんちょねー	0
ちくわ	0
ちゃっきり	0
ちゃとも	0
ちゃのこ	0
ちやのこ	0
ちゃのみ	3
ちゃばね	0
ちょいちゅう	0
ちょうつがい	3
ちょうばえ	1
ちょべりば	0
ちらりずむ	3
ちわしば	0
ちーかま	0
ちーちく	0
つがざい	2
つぶあん	0
つやかん	2
つらいち	0
てくしー	1
てすべん	0
てそけそう	0
てっちり	0
てつのき	4
てんざし	0
てんぱりすと	4
でかぱん	0
でからけ	0
でこちゃり	0
でこぽん	0
でざこう	0
ではい	0
でみたま	0
でめだけ	0
とうきび	3
とうわた	0
とをに	0
ときそう	0
とくだね	0
としはら	0
ととべん	0
とびもん	0
とよてぃずむ	3
とりきち	0
とりてき	0
とりりゅう	2
とろばこ	2
とんかつ	0
とんじる	0
とんびこう	3
どかとも	0
どかひん	0
どきどきっ	4
どてっぱら	0
どばと	0
どやがい	2
どらやき	0
どろけい	0
どんぶりばち	4
なしえん	2
なつかん	0
なつこみ	0
なつめろ	0
ななはん	0
なへん	1
なべとろ	0
なみしゃく	0
なまんだー	4
なんまいだ	0
なむあみだぶつ	5
ならきん	0
ならりん	0
なりめ	0
にきびやく	3
にしんりょう	2
にせさつ	0
にっぽにうむ	4
にゃんけーと	1
ぬけかん	2
ぬるでざい	0
ねかま	0
ねこしゃ	0
ねじりんぼう	0
ねずっぽ	0
ねずみこう	0
ねただい	0
ねたちょう	0
ねなべ	0
ねりかん	0
のうぜんかずら	5
のぎへん	0
のこばん	0
のべたん	0
のぼりりゅう	3
のみにけーしょん	4
のみゅにけーしょん	4
のらもん	0
のんけ	0
はがれん	0
はくつけ	0
はこしゃ	0
はじぼう	2
はすもん	0
はちきち	0
はちくろ	0
はとは	0
はとまんだー	3
はなきん	0
はねせん	0
はまとら	0
はまりやく	0
はもり	0
はりせん	0
はりせんぼん	3
はんちく	1
ばいがい	1
ばいとだい	0
ばいとりょう	3
ばかっぷる	2
ばさし	0
ばっかん	0
ばらえん	2
ばらすい	2
ばらせん	0
ばんどり	0
ぱきご	0
ぱそつう	0
ぱちけん	0
ぱちんかー	0
ぱとけん	0
ぱりぽて	0
ぱんちら	0
ひかご	0
ひごい	0
ひしごはん	3
ひじつう	0
ひそ	1
びそ	1
ひとから	0
ひなぎく	2
ひばごん	1
ひめしゃら	2
ひめじょおん	3
ひょうがら	0
びにほん	0
びびりおん	3
びんつり	0
びんなが	0
びーたん	0
びーだま	0
ぴーとろ	0
ぴんさつ	0
ぴんぼけ	0
ふぁみつう	2
ふぁみわり	0
ふくいさうるす	4
ふくうずら	3
ふくのかみ	3
ふくらそう	0
ふくわせ	2
ふけやく	0
ふたもん	2
ふっさん	0
ふのり	0
ふりてん	0
ふんころがし	3
ふんぜめ	0
ぶくらー	0
ぶさお	0
ぶたまん	0
ぶだい	0
ぶろとも	0
ぷろもばん	0
へごぼう	0
へちますい	3
べーごま	0
べいすぎ	0
べいつが	0
べいなす	0
べいまつ	0
べにもん	0
べらんめい	2
ぺらごろ	0
ほほにく	0
ほかべん	0
ほていち	2
ほとけのざ	0
ほもこまし	3
ほるとのき	1
ほろほろちょう	0
ほんまぐろ	3
ぼうたい	0
ぼきゃひん	0
ぼたもち	2
ぽけだい	0
ぽるとも	0
ぽんかん	3
まちきん	0
まちのろじー	3
まつのざい	3
まつぱー	0
まめか	0
まめたん	0
まゆから	0
まるがい	2
まるきん	0
まるはち	0
まるひ	0
まるび	0
まるゆう	2
まんかん	0
まんじ	1
みかじめりょう	4
みさとごーるでん	4
みつすい	0
みゃくつり	0
むじるし	2
めだからん	3
めばりんぐ	0
めるとも	0
めんてあけ	0
もくあみ	0
もてきゃら	0
もてど	2
もてふく	0
もんかげろう	4
もんがら	0
もんき	0
もんしろ	0
もんぱ	0
もむす	0
やじろべえ	3
やどりが	3
やふぱそ	0
やまかん	0
やまぎしずむ	4
やまばく	0
やみてん	0
やめけん	0
やめはん	0
ゆっくりずむ	4
ゆりか	0
ようとう	0
よごれやく	0
よせこう	0
らへん	1
らべい	1
りあじゅう	2
りあとも	0
りくがめ	0
りくくらげ	3
りぴがい	0
りんぎり	0
れこはつ	0
れてん	0
ればさし	0
ればにら	0
ろりおた	0
ろんげ	0
わだず	0
わりかん	0
わりさい	0
わりちょー	2
わんばーぐ	3
あっつ	1
いさど	0
うらく	1
えだん	1
きくな	0
きんせい	0
だぎょう	1
とくと	1
にせぶら	0
にーくら	0
ひじ	2
まんたん	0
もつに	0
あかば	1
あくま	1
さりゔぁん	1
ひどり	1
ゆぺーる	2
りぱり	1
ろーうぃ	1
わるくち	2
しねす	1
せて	1
ばくち	0
ばんか	1
ふるえ	1
ぽちっ	2
ふろ	2
ぷるぷるっ	4
やおい	0
らぎょう	1
おりゃ	0
さんか	1
ろんだ	1
かれどにあ	0
ざれ	1
らの	1
がる	1
こいぬ	0
ぴーえむ	3
らーる	1
れっくす	1
おさん	2
かつじゅう	2
てんぱ	0
でりー	1
ななせん	3
ぱいあ	1
あいぴーえー	5
くめ	0
ちゃぱ	1
ゔぁれんたいん	4
いがい	1
くらっ	1
こそっ	2
すらゔ	1
ちゃっと	0
ばいーあ	2
ばひあ	1
ばくー	1
ひやひや	1
ゔぇがす	1
おでぃおす	1
くじら	0
こつ	2
とらいん	2
どんっ	1
のがみ	1
えぬでぃーあーる	5
かしーの	2
かっしの	0
かっしーの	3
さっだむ	1
つゆ	1
ぴりぴ	1
もちごめ	0
いばらぎ	2
いんぱく	0
がとう	1
けーえぬぴー	5
しね	1
すぽっ	2
てぃーら	1
どち	1
なあに	1
ばら	0
あーるえむえす	6
いーぶい	3
さんるい	1
らほーる	2
ありしあ	0
きみどり	2
さるまし	0
ほんに	1
ぎちょう	1
しで	1
さんくりすとばる	6
ぷろぼ	1
まや	1
えるゆーてぃーいーえっくす	9
じぇにふあー	1
すてあ	2
あるぷ	1
つぃん	1
へそ	0
るばにあ	2
うぃるそん	1
こおり	1
でぃーえぬえー	5
なぎょう	1
ばぎ	1
いっこう	0
きたきつね	3
ぱっきり	3
ぴっぐず	1
いさーん	2
いちば	1
こざ	1
かうら	1
からし	0
ほたて	0
おおつか	0
かろらいな	3
こざくら	2
はしご	0
はたと	1
はるさめ	0
すがぬま	0
れぜんと	1
れじーな	2
たいす	1
あわせ	3
しばた	1
ちちたけ	2
ぬい	1
でずにー	1
まつばら	2
えくす	1
がすこんにゅ	3
がすこーにゅ	3
えいちでぃーでぃー	6
せぶ	1
ひがし	1
いっ	2
えすてぃーぶい	5
おおうお	0
かこみ	0
はつ	0
くるま	0
ひしがた	0
ふぃりぴ	1
こーりまくら	4
じやーじー	1
もする	1
たかお	0
だぶりゅーえむえー	7
はなわ	0
ろくな	0
かこ	0
ぺりい	1
にくそん	1
はっぴゃく	4
ぷらー	1
いったい	0
けんし	1
だぶりゅーびーてぃー	7
ばむ	1
ぴーえすあい	5
りえん	1
ぱうら	1
れひ	1
あるふぁー	1
おーえー	3
きすげ	0
さばい	1
はしり	3
ぱりぱりっ	4
ゔいしー	1
おおや	1
ぺんす	1
すぺ	1
ぜぇっ	0
ばたばた	1
えりん	1
さんの	1
すー	1
まんりょう	1
あぐら	0
じゅら	0
つきもの	2
ななめ	2
あさり	0
つうじ	1
ひとこと	2
ぷろと	1
べがす	1
おは	1
こだい	1
ばーぐまん	1
だぶるゆー	4
なんと	1
なた	1
びえん	1
むすめ	3
ねゔぁ	1
はらはらっ	4
ゔぁらんす	1
もそ	1
ごたごた	1
ついたて	0
あそび	0
くーぱあ	1
しーあーるしー	6
どうっと	1
どーっと	1
どぉーっと	1
とんとろ	0
ちも	1
ねるそん	1
いろは	2
ちりめん	0
べお	1
まけん	0
ずもう	0
ずもー	0
まちゃ	1
たずまん	1
にこら	1
ぱりす	1
おーうぇん	1
ねば	1
まお	1
えーん	1
づくり	3
ため	1
でぷ	1
ねす	1
べいこく	0
めちゃめちゃ	0
うでぃねぜ	0
かり	1
どれ	1
ぼか	1
せぐろ	0
しっぷ	1
まるぼう	2
えーてぃーあい	5
くく	1
あくび	0
おおて	1
おーりんず	1
かしら	3
ぴぴっ	2
がと	1
てんや	0
もなみ	1
のぼり	0
こういち	0
ぢえ	2
おがた	1
ばりばりっ	4
ゔぁーでん	1
よしい	0
きらきらっ	4
さと	1
しーえぬじー	5
かある	1
ちょろっ	2
できごと	2
めーと	1
もみじ	1
ぷす	1
りょうひん	0
ふぃにっくす	1
ろん	1
いやあ	2
いやぁ	2
こねこ	2
まさか	1
おおやけ	0
かさっ	2
すりきず	2
ぶらい	1
あね	0
でぃーだぶりゅー	3
ぱとりしあ	3
めし	2
あらじん	1
いわもと	0
こり	2
かげ	1
こうぞく	0
ごーや	0
てんじん	1
さるたひこ	3
ころんぬ	2
すてふぁんそん	3
えるなんです	3
うっちー	1
よみ	2
わたり	0
しんぎ	1
ねだり	0
ろくじゅう	3
ぎん	1
ばしー	1
めがね	1
ういるそん	2
でぃーぶい	3
とろとろ	1
のし	2
すぴのざ	0
えーこ	1
ぴーあいえー	5
わぁわぁ	1
あぜ	1
げんきん	3
すぐ	1
とらぼるた	3
おおの	1
むか	1
あたりまえ	0
をろち	1
きたじま	0
ささき	0
じーぴー	3
だち	0
うっどげいと	4
れーがん	1
えすでぃーあーる	5
とまん	1
むね	1
かぎがた	0
こつっ	2
さー	1
どてら	0
ぶじ	1
こんごたん	3
たぷたぷ	1
ひぐち	1
まんごーるど	3
えいちてぃーびー	6
とりにく	0
もろもろ	0
いーえっくす	3
えむえすえぬ	5
かねめ	0
かの	0
ざしき	3
ひろ	1
ぞんじ	0
でゔぉん	1
ぽんぽんっ	3
けむり	0
さら	1
しお	2
だいてき	0
びーゆー	3
がたがたがた	0
まめしば	0
しょうがく	0
わずか	1
こはら	1
ごーっ	0
つめあと	0
つるつるっ	4
ぶふぉっ	2
ざっ	0
しらせ	0
とそ	1
よっぱらい	0
くりー	1
おおず	0
だたり	1
えぬびーしー	5
おむつ	2
ぼす	1
まぼろし	0
りが	1
あれくせい	2
いーでぃーあーる	5
ひらめ	0
かちっ	2
がさっ	2
じゃす	1
はや	1
たう	1
どしま	0
やろ	0
きってぃー	1
しまつ	1
だいせん	1
づか	0
ゔぃーなす	1
やきそば	0
せり	2
のーまん	1
ふーっ	1
るこっく	2
はしぼそ	0
もののけ	0
うさぎ	0
ぶーんっ	0
ぬすびと	0
はこべら	0
ひしゃく	0
ぼつ	1
とー	1
まだ	1
いいじま	0
きたきゅうしゅう	3
はいい	1
やまふじ	1
ずるずる	0
みげる	1
もー	1
あんどりゅう	1
きと	1
のびのび	3
じょうご	1
たかこ	1
いのき	1
いーしーびー	5
こつん	2
じいっと	0
じーっと	0
じぃーっと	0
もんじ	1
いーぜっと	3
おーうぇる	1
たごん	1
えんどう	1
かあ	1
ぎみ	2
ささ	0
ざびーな	2
にゃーっ	1
はんか	1
ひょろひょろ	1
ぽんっ	1
ぽんっと	1
しゃった	1
かば	1
さゔぉいあ	2
ぶーっ	1
おいぼれ	0
ぱちぱちっ	4
おとがい	0
すだん	1
ていか	1
おおもん	0
ががが	3
ともこ	1
えい	1
べたっ	2
ろれーぬ	2
ざる	2
ばんてん	1
あいてぃーでぃー	5
からからっ	4
ぎくっ	2
ちんぎす	1
ぱらぱらっ	4
まつむら	2
やるぜるすきー	4
てぃーあい	3
ぼわいえ	2
わせ	1
えすえむ	0
かえし	3
えすきゅー	3
がえし	3
しなの	1
じゃくし	1
ぼけぇ	3
ぼけえ	3
えっきす	1
えつきす	1
じょうゆ	0
じょーゆ	0
ゆか	1
うろん	0
ごけ	0
だたみ	0
あれっさんどろ	4
とみやま	0
ないきすと	3
ちく	2
へんかん	0
もてき	2
かいらい	0
がし	1
かれい	1
きゅうひゃく	1
にいーっ	0
にーっ	0
ぱら	1
はんもん	0
ぴかぴかっ	4
けーてん	1
きっどまん	1
わしゃ	0
かざん	1
やすこ	1
ゆに	1
きじ	0
ごりごり	1
しーでぃーえむ	5
じぇーえーえー	5
ちょいっ	2
なかみ	2
のみや	2
つみ	1
へび	1
せせり	0
だいせつ	1
ふらんきー	2
がらごろ	0
さらさらっ	4
ぴーたあ	1
えーきゅー	3
ふらふらっ	4
むっちゃくちゃ	0
あらし	1
しゃべり	3
しゅーまっはー	3
ためいき	3
ばりい	1
たいふ	1
でんっ	0
ぐるっ	2
ごふっ	2
ごろくせん	4
しろー	1
あやせ	1
けーあーる	3
じだい	0
じーんと	0
つっぱり	0
にょーぼ	1
ぴかっ	2
むらむら	2
えーぺっく	1
くるーん	2
しーぶい	3
たかゆき	2
ばんっ	1
ぐら	1
すーすー	1
ふわふわっ	4
やり	0
ぎす	1
うみうし	2
しょうろ	1
すらっ	2
ぱかっと	2
でいど	1
どろんふぃーるど	4
じゅく	2
ぢえふ	1
りよう	0
ちょろ	2
でぃーえっくす	3
びし	0
えすびー	3
ゑすびー	3
がらがらっ	4
しゅうとめ	0
じぇい	1
ぢょーし	0
しんいち	0
ゔぃれ	1
ぽっ	1
がしゃーん	2
さくさくっ	4
しみじみ	3
ちんっ	0
めえめえ	1
めぇーめぇー	1
めーめー	1
らんさん	1
るそん	1
あるじぇ	1
しぇふぃーるど	2
あさがお	2
おみ	1
かりっ	2
つき	2
ねい	1
ふうっ	1
ふぅーっ	1
かいし	1
ぐーんと	0
ぐんっと	0
ごそっと	2
くすりっ	2
つもり	1
つやっつや	0
のりこ	1
ぴーっ	1
りょう	1
いじめ	0
ごりっ	2
しるばーすたいん	6
ぱさぱさ	1
ひらなめ	0
あちし	0
がんま	1
ごろごろっ	4
せいてつ	0
びくっ	2
ぶりてぃん	1
がくっ	2
そゔぁ	1
ふぁいばーすこーぷ	6
ぬれ	0
りお	1
すみ	2
むかっ	2
わらわら	1
がびーん	2
きゅっきゅっ	3
にこっ	2
かない	1
ぐーっ	0
べーたー	1
えすこふぃえ	3
まるてんす	3
さえき	0
けっと	1
ぶくぶくっ	4
へいたい	0
いかに	2
さざれひこ	3
つるっ	2
ばば	1
ぼつぼつ	0
ありがとう	2
ががっ	2
とろー	2
えすまん	1
ぐにゃぐにゃ	1
どきっ	2
ぷちぷち	1
こうじ	0
てぃーえーぴー	5
にやりっ	2
ぱぱっ	2
くすっ	2
しゅーべると	1
とかく	0
ひょろひょろっ	4
ふらんさ	2
えすしーえむ	5
どすっ	2
なでしこ	2
ひょこ	2
やりなおし	0
ゆの	0
いわた	0
せお	1
たかね	0
どもえ	0
ぱく	1
ばたばたっ	4
ぽつぽつ	1
おーえむ	0
こうや	1
さくっ	2
ぴんっ	0
えぬあいしー	5
しばし	1
しーえー	3
たまたま	0
ぎれい	1
ふわっ	2
うがうが	1
かぶれら	0
がちゃ	2
ぎゅーっ	0
さうーど	2
すていしー	2
ばっちし	3
びしっ	2
ぴりっ	2
おつねん	0
ぎしぎしっ	4
とろっ	2
はやかわ	2
ばりっ	2
まり	1
えるじー	3
ちょんちょん	1
てこ	1
びくっっ	2
びらもあ	0
あゆみ	3
がたがたがたっ	6
きど	0
しらーっと	2
ゆーえすびー	5
いがいが	1
いまだ	0
さつこ	0
ぺたっ	2
ぺたりんちょ	3
ろつしゆ	1
きてぃー	1
だらだらっ	4
とむそん	1
なかみー	1
にこにこっ	4
ばしばし	1
がくん	2
ささっ	2
さはり	1
さわり	1
ばさばさ	0
ぴしゃっ	2
ぷぷっ	2
がっちゃーん	3
ずま	1
ちゃらっ	2
ふわつ	2
ぶろろろ	0
ほーほけきょ	4
りー	1
あーるえぬえーぶい	8
おびわん	0
ぞくぞくっ	4
ぶろーど	0
むうっと	0
むーっと	0
いすら	1
くくくっ	3
ぐるぐるぐるっ	6
ずこーっ	2
ぶだ	1
ぶらっどしょー	4
あさぎ	0
あっし	0
あんどるー	1
かちんっ	2
がーん	0
がんと	1
きーっちり	4
ひひ	1
えーしーえる	5
さくっっ	2
しらひげ	0
じぇー	1
やりがい	0
がさり	2
ぎしっ	2
ごきっ	2
しゃきしゃきっ	4
しょく	1
とんとんとん	5
べき	1
ぽろぽろっ	4
がしがし	1
がっしゃーん	3
がちゃがちゃっ	4
しのだ	1
ぞつと	0
はが	0
ぶぅぶぅ	1
へらっ	2
まさみ	0
わいてぃーぶい	5
いぇずす	2
いぇずー	2
いえすす	2
いえすず	2
いえすーす	3
いえずす	2
かんてん	1
きらっ	2
しばらく	2
びしばし	1
ぽーっ	0
むしむし	1
ろーか	0
ぐるぐるっ	4
ことり	2
こりこりっ	4
さんこう	0
ざわざわっ	4
しゃなり	2
しん	1
すつかり	3
でぃーゆー	3
とろとろっ	4
ばり	1
はんせん	1
ぴぴぴぴぴ	5
ぴりぴりっ	4
ぷちぷちっ	4
もこもこっ	4
ろうず	1
くるくるっ	4
しゅうしゅう	1
しゅーしゅー	1
じんじん	0
じんっと	0
ずずっ	2
ぞーっと	1
ちょこん	2
ばいあ	1
ばたんっ	2
ばばば	3
びくびくっ	4
びりびり	1
ぴしゃぴしゃっ	4
ぴゅっ	1
ぴーん	0
ぷつっ	2
ぼそぼそっ	4
ぽぽん	2
みか	1
あいつ	0
がくんっ	2
きゃーきゃー	1
きらりっ	2
ぎゃーぎゃー	1
くらくらっ	4
ぐすん	2
ぐわわーん	3
さささささっ	5
しらが	3
じとじと	1
そー	1
たちまち	0
たなべ	1
ぢゃわん	0
ちょこちょこっ	4
ちらちらっ	4
どどーん	2
はなはだ	0
ばさばさっ	4
ぱちりっ	2
べろりっ	3
ぼーぼー	1
ぼやっ	2
むかーっ	2
もちもちっ	4
らう	1
あかあか	3
あたふたっ	4
あぷあぷ	1
うぉーん	1
うおーん	2
うすうす	0
うっきー	1
うるうる	1
うわんっ	2
うわぁぁぁん	2
おずおず	1
おちおち	1
かえすがえす	4
かきーん	2
かけろ	3
かさかさ	1
かさかさっ	4
かしゃっ	2
かしゃり	2
かしゃん	2
かしゅかしゅ	0
かじかじ	1
かちこち	1
かちゃ	2
かちゃっ	2
かちゃん	2
かちゃんっ	2
かちーん	2
かっかーっ	3
かっくん	3
かっちっ	3
かっとん	3
かつーん	2
かぱっ	2
かぱーっ	2
かぴかぴ	1
かぽっ	2
からっから	0
からんからん	2
からんころん	2
かりかりかり	6
かりり	2
かんかんかん	5
かんかーん	3
かんらかんら	0
があがあ	1
がーがー	1
ががーっ	2
がこっ	2
がこがこ	1
がさこそ	1
がしっ	2
がしゃっ	2
がしゃり	2
がしん	2
がじがじ	1
がたーっ	2
がちゃがちゃがちゃ	6
がちゃがちゃん	4
がちゃり	2
がちゃーん	2
がっくし	3
がっくん	3
がっしと	3
がっしゃん	3
がっちゃん	3
がっちんこ	3
がっつん	3
がっぽ	1
がつがつがつ	6
がつんっ	2
がつーん	2
がばがば	1
がびがび	1
がぴーん	2
がぶっ	2
がぶがぶっ	4
がぶり	2
がぼっ	2
がぼー	2
がらがらがら	6
がらがらーっ	4
がらがらー	4
がらら	3
がららっ	3
がらー	2
がらーん	2
がーごー	1
ききーっ	2
きききーっ	3
きこきこ	1
きちきち	0
きっしきし	0
きゃいん	2
きゃっきゃっきゃっ	5
きゃぴきゃぴ	1
きゅきゅ	1
きゅきゅっ	2
きゅきゅきゅっ	3
きゅっきゅっきゅっ	5
きゅるきゅる	1
きゅん	0
きゅんっ	0
きゅんきゅん	1
きょとん	2
きょろっ	2
きよろきよろ	1
きらりん	1
きろっ	2
ぎいっ	0
ぎいーっ	0
ぎぃっ	0
ぎーっ	0
ぎーぎー	1
ぎぃーぎぃー	1
ぎぎぎ	3
ぎぎぎぃ	3
ぎしり	2
ぎちぎち	1
ぎっこん	1
ぎったんばっこん	1
ぎっとり	3
ぎとぎと	1
ぎゃんぎゃん	1
ぎゅーぎゅー	0
ぎゅぎゅ	1
ぎゅぎゅっ	2
ぎゅーん	0
ぎょろっ	2
ぎろっ	2
ぎんぎらぎん	5
ぎんぎん	1
くうくう	1
くしゃっ	2
くしゃり	2
くしゃん	2
くしゅっ	2
くしゅくしゅくしゅ	6
くしゅん	2
くすくすくす	6
くたり	2
くちゃくちゃ	0
くちゅっ	2
くちゅくちゅ	1
くちゅる	2
くにくに	1
くにゃっ	2
くにゃり	2
くりり	2
くるりっ	2
くわくわ	4
くわくわくわ	6
ぐいーっ	2
ぐーぐー	1
ぐおん	2
ぐおー	2
ぐおーっ	2
ぐおーん	2
ぐきっ	2
ぐぐうっ	2
ぐぐうーっ	2
ぐぐーっ	2
ぐさっ	2
ぐさぐさ	1
ぐしゃ	2
ぐしゃっ	2
ぐじゅぐじゅ	0
ぐちぐち	1
ぐっぐっ	3
ぐっぐっぐっ	5
ぐっすん	3
ぐにぐに	1
ぐにゃっ	1
ぐにゅぐにゅ	1
ぐにょぐにょ	1
ぐび	2
ぐらぐらっ	4
ぐらぐらぐら	6
ぐらぐらぐらぁーっ	6
ぐりぐりっ	4
ぐるりんこ	3
ぐるーっ	2
ぐわっ	2
ぐわあ	2
ぐわらん	3
ぐわーっ	2
けけけ	3
けけけけけけけけ	8
けたけたっ	4
けほっ	2
けるるん	3
けろけろ	1
けろけろっ	4
けろぴー	1
げーげー	1
げげげ	3
げげげっ	3
げつそり	3
げふっ	2
げほっ	2
げほげほ	1
げろげろっ	4
こきこき	1
こけこっこー	2
こぞこぞ	4
こっこっ	3
こっつん	3
こつーん	2
こてっ	2
こてんっ	2
ことりっ	2
こねこね	1
こねこねっ	4
こぽこぽ	1
こりっ	2
こりこりこり	6
ころろ	3
こんこんこん	5
こんこんこんっ	5
こんこーん	3
ごくっ	2
ごくん	2
ごしごしっ	4
ごそごそっ	4
ごっくん	3
ごっごっ	3
ごっつん	3
ごっとん	3
ごっほん	3
ごとごとごとっ	6
ごにゃごにゃ	1
ごにょごにょ	1
ごねごね	1
ごろにゃん	3
ごろん	2
ごわごわ	1
ごんごんごん	5
さきさき	1
しゃきん	2
さくり	2
ささー	2
ささーっ	2
さばさばっ	4
さべつ	1
さらっさら	0
さらーっ	2
さわさわ	1
ざーざー	1
ざくっ	2
ざくざく	1
ざぐざぐ	1
ざざっ	2
ざっざっ	3
ざっざっざっ	5
ざっぶーん	3
ざばー	2
ざばーっ	2
ざばーん	2
ざぶざぶっ	4
ざぶん	2
ざぶーん	2
ざわわ	2
ざんぶり	3
しおしお	1
しずしず	1
しゃーっ	0
しゃきんっ	2
しゃしゃ	2
しゃしゃっ	2
しゃしゃしゃしゃっ	4
しゃばしゃばしゃば	6
しゃらしゃら	1
しゃりしゃりしゃり	6
しゃわっ	2
しゃんしゃん	1
しゅしゅっ	2
しゅぱ	2
しゅぱっ	2
しゅるしゅる	1
しゅわっ	2
しゅんしゅん	1
じーじー	1
じじっ	2
じめっ	2
じめーっ	2
じゃかじゃか	1
じゃきじゃき	1
じゃばじゃば	1
じゃぼじゃぼ	1
じゃぼん	2
じゃりっ	2
じゃりじゃり	1
じゃりじゃりっ	4
じゅぷじゅぷ	1
じゅぼじゅぼ	1
じゅぽっ	2
じゅる	2
じゅるじゅる	1
じゅるじゅるじゅるっ	6
じゅわっ	2
じゅわーっ	2
じょきじょき	1
じりっ	2
じろっ	2
じろーっ	2
じわじわっ	4
じわじわーっ	4
じわーっ	2
すいすいっ	4
すいすいすい	5
すいっちょん	2
すいーっ	2
すかーっ	2
すくっと	2
すっこーん	3
すっすっすっ	5
すぱっ	2
すぱーっ	2
すぽすぽ	1
すらーっ	2
するするっ	4
するするする	6
するるっ	3
するーっ	2
すーはー	1
ずいっ	2
ずいっっ	2
ずうん	0
ずがーん	2
ずさーっ	2
ずしっ	2
ずしん	2
ずしーっ	2
ずしーん	2
ずずーっ	2
ずずい	2
ずずずっ	3
ずっぽり	3
ずどばっ	3
ずどーん	2
ずばーっ	2
ずぶっ	2
ずぶずぶ	1
ずぶりっ	2
ずべっ	2
ずぼっ	2
ずぼずぼ	1
ずぽっ	2
ずりずり	1
ずるずるずる	6
ずるずるずるっ	6
ずるん	2
ずんどこ	0
せつせつ	1
ぜーぜー	1
そろりそろり	2
ぞろっ	2
ぞわっ	2
たたたっ	3
たたたたた	5
たたったった	2
たったっ	3
たったった	5
たったったっ	5
たらったー	2
たらーっ	2
たらーり	2
たりらりらーん	3
だだだだ	4
だだだだっ	4
だぼっ	2
だぼ	1
だまだま	0
だらっ	2
だらり	2
だらーっ	2
だらーん	2
だーんっ	0
ちぃちぃ	1
ちかちかっ	4
ちかり	2
ちきちん	3
ちくっ	2
ちくん	2
ちち	1
ちちち	3
ちちちっ	3
ちちちち	4
ちっちっ	3
ちゃかちゃか	1
ちゃちゃっ	2
ちゃっちゃ	1
ちゃっちゃっ	3
ちゃっぷん	3
ちゃぽちゃぽ	1
ちゃりーん	2
ちゃーっ	0
ちゅうちゅう	1
ちゅくちゅく	1
ちゅっちゅっ	3
ちゅっちゅっちゅっ	5
ちゅぱっ	2
ちゅん	1
ちゅんちゅん	1
ちょいちょいっ	4
ちょきちょき	1
ちこっと	2
ちょちょん	2
ちょっきん	3
ちょっこら	3
ちよつぴり	3
ちょびっ	2
ちょびちょび	1
ちょろちょろっ	4
ちらりちらり	2
ちりっ	2
ちりちりん	4
ちんたら	1
ちんちろ	4
ちんちろりん	5
ちんちんちん	5
ついーっ	2
つうつう	3
つうつうっ	3
つぇっ	1
つちくてむしくてくちしぶーい	12
つつっ	2
つつつ	3
つつつっ	3
つつー	2
つつーっ	2
つやさら	0
つらーっ	2
つるっつる	0
つるりん	2
つーつ	3
てぃんとん	1
てけてけ	1
てっかてか	5
ててつく	1
ててどん	1
てらっ	2
てんてこ	1
でけでけ	1
でれんこ	2
でろ	2
でんでけ	0
でんでん	3
とくん	2
とびとび	0
とぼとぼっ	4
とぼん	3
とろっとろ	0
とろーっ	2
とろーり	2
とろーん	2
とんてん	1
とんとこ	1
どうどうどう	5
どかっ	2
どかーん	2
どきん	2
どきんっ	2
どきんどきん	2
どきーっ	2
どくどくどく	6
どごーん	2
どさっ	2
どしっ	2
どすどす	1
どすんっ	2
どたどたどた	6
どたどたどたっ	6
どたり	2
どっかん	3
どっかーん	3
どっきん	3
どっさんっ	3
どつしり	3
どっどっ	3
どてっ	2
どどん	2
どどーんっ	2
どばっ	2
どばどば	1
どばばーっ	3
どばーっ	2
どぼどぼ	1
どぼどぼっ	4
どやどやっ	4
どろっ	2
どわっ	2
どんしゃり	4
どんちゃん	1
にいにい	0
にかにか	1
にこーっ	2
にたーっ	2
にっこにこ	0
にゃーご	1
にゃーにゃー	1
にゃう	1
にゃーお	1
にゃーん	1
にやっり	2
にやにやっ	4
にゅうっ	0
にゅーっ	0
にゅるっ	2
にゅるり	2
にゅるりん	3
にょきっ	2
にょろっ	2
にょろり	2
にょろろ	3
にょーん	0
ぬうっ	0
ぬーっ	0
ぬちゃっ	2
ぬぽっ	2
ぬめぬめ	1
ぬらっ	2
ぬらり	2
ぬるっ	2
ぬるぬる	1
ぬるぬるっ	4
ぬるり	2
ぬれぬれ	0
ぬわっ	2
ねじねじ	0
ねばねば	1
のぺっ	2
のほほん	3
のろりのろり	2
はふはふ	1
はればれ	3
ばかばか	1
ばきばき	1
ばきばきっ	4
ばくっ	2
ばこばこ	1
ばさり	2
ばしゃっ	2
ばしゃばしゃ	1
ばしゃり	2
ばしゃん	2
ばしーっ	2
ばすん	2
ばたばたばた	6
ばたばたばたっ	6
ばたんきゅー	2
ばちばち	1
ばちん	2
ばちーん	2
ばっこん	3
ばっさばさ	0
ばったん	3
ばっばっ	3
ばつんっ	2
ばばばっ	3
ばばーん	2
ばふっ	2
ばふばふ	1
ばらり	2
ばらーっ	2
ばりっばり	0
ばりばりばり	6
ばりばりばりっ	6
ばりばりばりーっ	6
ばりーっ	2
ばりーん	2
ぱかん	2
ぱかーっ	2
ぱきぱき	1
ぱくん	2
ぱこっ	2
ぱこぱこ	1
ぱこん	2
ぱこーん	2
ぱさっ	2
ぱしぱし	1
ぱしゃしゃしゃしゃ	5
ぱしゃぱしゃ	1
ぱしゃん	2
ぱしゅっ	2
ぱしん	2
ぱしーっ	2
ぱしーん	2
ぱちゃぱちゃ	1
ぱちーん	2
ぱった	3
ぱっちん	3
ぱっつん	3
ぱっぱ	1
ぱっぱっ	3
ぱつぱつ	1
ぱつん	2
ぱぱぱ	3
ぱぱぱっ	3
ぱぱぱぱぱぱーん	6
ぱぱぱぱぱーん	5
ぱぱぱーん	3
ぱぱん	2
ぱぱーっ	2
ぱやぱや	1
ぱらら	3
ぱらーっ	2
ぱりぱりぱり	6
ぱりーん	2
ぱんぱんぱん	5
ぱんぱんぱーん	5
ぱーちく	1
ひーこら	1
ひくっ	2
ひしと	1
ひひん	2
ひひーん	2
ひやっ	2
ひゅーひゅー	1
ひゅっ	1
ひゅんひゅん	1
ひょいひょいっ	4
ひょこり	2
ひょっ	1
ひょろひょろひょろ	6
ひょおおおおん	0
ひりっ	2
ひんひん	1
びいん	0
びかびか	1
びくびくん	4
びしゃっ	2
びしゃびしゃ	1
びしゅーっ	2
びしーっ	2
びしぃっ	2
びたびた	1
びたーっ	2
びちゃびちゃ	1
びっちり	3
びびびっ	3
びびーっ	2
びゅっびゅっ	3
びゅんびゅん	1
びょーっ	0
びよーん	2
びりびりっ	4
びろびろ	0
びーび	1
びぃぃぃぃーん	0
ぴーぴーぴー	5
ぴかーん	2
ぴきっ	2
ぴくっ	2
ぴくぴくっ	4
ぴくん	2
ぴこっ	2
ぴこぴこ	1
ぴこん	2
ぴしっ	2
ぴしぴしっ	4
ぴしゃん	2
ぴしー	2
ぴしーっ	2
ぴたっ	2
ぴたぴた	1
ぴたーっ	2
ぴちっ	2
ぴちゃぴちゃ	1
ぴっかぴか	0
ぴっちぴち	0
ぴっとり	3
ぴっぴっ	3
ぴっぴっぴっ	5
ぴぴぴ	3
ぴぴぴっ	3
ぴゅーっ	0
ぴゅーぴゅー	1
ぴゅっぴゅっ	3
ぴゅんぴゅん	1
ぴょこたん	1
ぴょんこら	1
ぴよっ	2
ぴらぴら	0
ぴらぴらっ	4
ぴらり	2
ぴりりっ	3
ぴりりー	3
ぴろぴろ	1
ぴろろろろ	5
ぴんぽーん	1
ぴんぽーんっ	1
ぴんよろう	4
ぴーちく	1
ぴいちく	1
ぴーぴぴ	4
ぴーんぽーん	1
ふぁーっ	0
ふあーっ	2
ふーふー	1
ふがふが	1
ふにふに	1
ふはふは	1
ふりふり	0
ふわふわふわっ	6
ふわわっ	3
ふわー	2
ふわーっ	2
ふんちゃっちゃっ	5
ぶいぶい	1
ぶおー	2
ぶおーっ	2
ぶすぶすっ	4
ぶちぶち	1
ぶちゅーっ	2
ぶちん	2
ぶよっ	2
ぶりぶりぶり	6
ぶりぶりぶりっ	6
ぶるぶるん	4
ぶるるっ	3
ぶるん	2
ぶわっ	2
ぶわーっ	2
ぶんぷく	1
ぷかっ	2
ぷかり	2
ぷかぁ	2
ぷくっ	2
ぷくん	2
ぷしゅっ	2
ぷしゅぷしゅ	1
ぷしゅん	2
ぶっちん	3
ぷっぷっ	3
ぷっぷっか	5
ぷっぷっぷっ	5
ぷっぷっぷー	5
ぷつり	2
ぷにぷに	1
ぷはーっ	2
ぷぷぷ	3
ぷぷぷっ	3
ぷぷーっ	2
ぷらぷら	1
ぷりっぷり	0
ぷりぷりっ	4
ぷるるん	3
ぷるん	2
ぷるんっ	2
ぷわーっ	2
ぷんすか	1
ぷーん	0
ぷぅーん	0
へたーっ	2
へにゃっ	2
べこべこ	0
べたべた	1
べたーっ	2
べちゃり	2
べちょべちょ	1
べったべた	0
べとべと	1
べりべりっ	4
べりべりべりっ	6
べろべろ	1
べろーっ	2
ぺし	2
ぺしゃぺしゃ	1
ぺち	2
ぺちゃっ	2
ぺったん	3
ぺっとり	3
ぺっぺっ	3
ぺとぺと	1
ぺらぺら	1
ぺりっ	2
ぺりっぺり	0
ぺろぺろ	1
ぺろぺろっ	4
ぺろりぺろり	2
ほかほか	1
ほくほくっ	4
ほけっ	2
ほこほこ	1
ほじほじ	1
ほっかほか	0
ほのぼの	3
ほりほり	1
ほわーん	2
ぼかぼか	1
ぼきっ	2
ぼくん	2
ぼけーっと	2
ぼけーと	2
ぼけぇと	2
ぼこっ	2
ぼこぼこっ	4
ぼさぼさ	0
ぼそり	2
ぼそりぽそり	2
ぼたぼたっ	4
ぼっかり	3
ぼっぼっ	3
ぼてっ	2
ぼてぼて	1
ぼてぼてっ	4
ぼとん	2
ぼやぼや	1
ぼよん	2
ぼろっ	2
ぼわっ	2
ぼわーん	2
ぼんよーん	8
ぽいぽい	1
ぽかっ	2
ぽかすか	1
ぽかーん	2
ぽきっ	2
ぽきぽき	1
ぽけーっ	2
ぽこん	2
ぽこーん	2
ぽすっ	2
ぽそぽそ	1
ぽたっ	2
ぽたぽたっ	4
ぽたりぽたり	2
ぽちぽち	1
ぽちゃっ	2
ぽちゃぽちゃっ	4
ぽちゃん	2
ぽっこり	3
ぽつちり	3
ぽっとん	3
ぽっぽっ	3
ぽつんぽつん	2
ぽてっ	2
ぽてちん	0
ぽてん	2
ぽとっ	2
ぽとん	2
ぽぽぽ	3
ぽろん	2
ぽわーん	2
ぽわぁぁぁん	2
ぽんぱーん	3
ぽんぽんぽん	5
まつやま	2
まんざら	0
みしっ	2
みしみしっ	4
みるみる	1
みんみん	1
むきむき	1
むぎゅっ	2
むくむくっ	4
むしゃむしゃっ	4
むしやむしや	1
むすっ	2
むんずと	3
むずむずっ	4
むちっ	2
むっちむち	0
むっすり	3
むっすーっ	3
むにむに	1
むにゅっ	2
むらっ	2
むらむらっ	0
むらむらむら	6
むわっ	2
めえめえめえ	5
めちゃんこ	0
めらめらっ	4
めりめりっ	4
もがもが	1
もそもそっ	4
もっこり	3
もっちり	3
もにゃもにゃ	1
もふもふ	1
もみもみ	1
もわっ	2
もわもわっ	4
ゆさり	2
ゆらゆら	1
ゆらゆらっ	4
ゆわっ	2
よぼよぼ	1
よろよろよろっ	6
りりりりり	5
りーんりん	1
れろれろ	1
わざわざ	1
わしっ	2
わっくわく	0
わっさわっさ	1
わっわっわっ	5
わんさか	1
かぷっ	2
くりんっ	2
くろあざ	0
ぐたっ	2
けきょ	2
こちん	2
さっさっ	3
しゃーん	0
しゅんっ	0
すすーっ	2
ずーずー	1
ずず	2
ぢくしょう	3
ぢくしょー	3
てーん	1
でれっ	2
とぶん	2
とーり	1
どくんっ	2
ぱくっ	2
ひたひた	1
ひゅん	1
びかっ	2
びゅーん	0
ぴぴぴぴっ	4
ぴぽっ	2
ふらっ	2
ぷつ	1
へなっ	2
べちゃっ	2
ぺちゃ	2
ほくっ	2
ほろっ	2
ほわっ	2
ぽけっ	2
ぽこっ	2
ぽこっと	2
めりっ	2
がががが	4
くたっ	2
くちゅ	2
くわん	2
ぐいっ	2
こくん	2
じゃらっ	2
すっとん	3
すーいすーい	1
ずけっ	2
ずりっ	2
ちゅっ	1
どくん	2
ばしん	2
びしょびしょ	0
ぴた	2
ぷすっ	2
ぺらっ	2
もこっ	2
あなん	1
うぉっ	0
がちゃっ	2
がちぁっ	2
がりがりっ	4
ごつっ	2
じとっ	2
じわり	2
すわっ	2
ちゃりん	2
ととん	2
にゃん	1
ばさっ	2
ぴゅ	1
ぷいっ	2
ぽろっ	2
がくり	2
がつっ	2
すてんっ	2
ぞくっ	2
ちぃっ	0
ちーっ	0
どくっ	2
ばらかん	1
ひらっ	2
ぴぴぴぴ	4
ふぅ	1
ぷんっ	0
べろっ	2
ぺっ	1
かこん	2
くーっ	0
くりっ	2
ぐりーゔぁす	2
ころんっ	2
ごしっ	2
ざあっ	0
ざあーっ	0
ざーっ	0
だんっ	1
ばちっ	2
ばらばらっ	4
ぱしっ	2
びょうたん	3
びゅーっ	0
ぴえぇる	2
ぼそっ	2
まあまあ	1
もちっ	2
かまど	0
くえっ	2
しこ	2
ずいせん	0
するっ	2
てぃもーる	2
ばーば	1
ぱりん	2
ぶんっ	1
えすぴーえふ	5
きゅっきゅ	3
じゅっ	1
ちかっ	2
あぶら	0
えるぴー	3
がたた	3
じっかり	3
すこっ	2
すすす	3
すたっ	2
きうり	1
きゅーり	1
ぎりっ	2
しょーけん	0
だらん	2
はなお	0
ぶるーたす	2
ぶろーか	2
ほけきょ	2
われわれ	0
すべすべ	1
ずばっ	2
たいさん	0
ばこっ	2
いらっ	2
がりがり	4
さらっ	2
ぱきっ	2
なみき	0
びくと	2
ほんせい	0
がふっ	2
ずらっ	2
はぎわら	2
やぶ	0
ぐりっ	2
ごうっ	0
ごおっ	0
ごぉーっ	0
ごおーっ	0
じゅーっ	0
がちっ	2
ころく	2
だだっ	2
ぱし	2
いちょう	0
かしの	1
ちゃっ	1
どたっ	2
ねとっ	2
ぱちっ	2
んな	0
おぬし	2
かくん	2
ずんっ	0
だいせき	0
よこじく	0
あいしーあーるしー	8
くしゃくしゃっ	4
ことごとく	3
たちかわ	2
むふ	2
あぎょう	1
くいっ	2
くるん	2
さかい	1
たいてい	0
ざわっ	2
びっ	1
みーにー	1
そや	1
だーういん	1
だーうゐん	1
だーゐん	1
もりっ	2
ぜんまい	0
ひょーっ	0
ひょこっ	2
やまどり	2
さだこ	1
にこりっち	3
べろん	2
ゆりかもめ	3
よんせん	1
さっちも	0
そで	0
はちく	0
ばさ	2
あーるえいち	4
がすっ	2
くすくすっ	4
ぐれーてる	2
たたっ	2
でいゔぃっど	1
かずま	1
かるのー	1
ぽうろ	1
おいら	1
ちゅーっ	0
びりぃ	1
びりい	1
ゔぃりー	1
へるつぇごゔぃな	4
ぽいっ	1
ゆーえすえー	5
おち	2
ごんべえ	1
しっかり	3
ちらっ	2
ぱらっ	2
げーりー	1
しーんっと	0
ちんちょう	0
なある	1
ぺしゃん	2
るっくす	1
こうたろう	0
こうたろー	0
しゅうめい	0
てぃら	1
でーびっど	1
でーゔぃっど	1
ふれでぃ	2
やー	1
びーっ	0
ふーりえ	1
ゔらっど	2
たっ	1
めーれん	1
やた	1
かりかりっ	4
じぇーえぬびー	5
とっとっ	3
ぴしゃ	2
みっと	1
いっけん	0
めっちゃ	1
たば	1
ちゅーねん	1
はなび	1
ぼそ	1
うぇる	1
かど	1
つあいす	1
びりっ	2
ぽわん	1
をた	1
きだ	0
すら	1
びたっ	2
べりっ	2
いも	2
かがく	1
くろがね	0
そが	0
だぶりゅーでぃー	5
ちゃがたい	1
とんとんっ	3
びーびー	1
まさゆき	2
はり	2
まーれ	1
あす	1
うわっ	2
かわご	1
たまき	1
ぢゃや	0
ぱたっ	2
まつしま	2
こなか	1
しゃあー	0
じわっ	2
ぷーっ	1
ごそっ	2
しんどばっど	4
ぶるっ	2
りき	1
えぬあいえいち	5
きゅうっ	0
きゅーっ	0
きゅうーっ	0
ごわっ	2
しーおーつー	5
ぱちぱちぱちっ	6
たんかい	0
まず	0
ぎゅう	1
すすっ	2
がさがさっ	4
こぼれ	3
つずら	1
あちき	0
えぬけーけー	5
おもちゃ	2
きゃつ	1
こちとら	0
しゃりっ	2
にか	1
はねだし	0
ばしっ	2
えむぴー	3
たいして	1
ばらばらばらっ	6
ほったらかし	0
うぬ	1
すくい	0
てぶくろ	2
のえ	1
ふーん	0
ぎいー	1
くりむ	1
しええくすぴあ	4
しえーくすぴあ	4
しまい	0
おんごん	1
かちかちっ	4
さすが	0
えむでぃーえす	5
がりっ	2
ざー	1
ばきっ	2
ぶるぶるっ	4
うんじっ	1
うんじゅっ	1
つきよ	2
づきよ	2
がわら	0
ひょいっ	2
びびっ	2
びゅうー	1
さよう	0
しらく	1
ずらーっ	2
まる	1
こたに	1
ごーやー	0
あかみ	0
たまごやき	0
たけうちの	0
ちちっ	2
ねばっ	2
びき	0
うわん	2
がばっ	2
ぜん	1
でぃーしーえむ	5
ぱらー	1
ぺてろ	1
よごれ	0
がりゔぁー	1
ひゅーっ	0
ふーちばー	0
たもん	1
しゅっ	1
しゅつ	1
ぼるさりの	3
まりか	1
きらら	0
こちっ	2
えむびーえす	5
すいっ	2
ぺこぺこ	1
ぼるて	1
ゆれ	0
ゆーぴーえす	5
おりべ	1
くーと	1
せいろん	1
ぶつっ	2
がい	1
ばらっ	2
うでぃ	1
かくっ	2
がむまあ	1
がんまあ	1
がんまー	1
しけ	2
てぃーおーびー	5
とよとみ	0
もそっ	2
わすれもの	0
あいおーしー	5
あげあし	0
しょーひん	1
ずいぶん	1
びーなす	1
べっこう	0
おれおれ	0
がんぢー	1
えむあいてぃー	5
えむえっくす	3
きつね	0
よろよろっ	4
わらい	0
いなか	0
ちっと	1
ゆーあーるえる	6
れっと	1
いーた	1
ぷらっ	2
おら	1
がしゃん	2
さとり	0
ぶすっ	2
ばーくす	1
ぽかりっ	2
くぎづけ	0
ごんじょう	1
じぇんと	1
えーず	1
おおはし	0
ごーばん	1
さんたばーばら	4
どんどんどんっ	5
あそこ	0
ちゃう	1
あじさし	0
うるっ	2
きょう	1
ごとん	2
しくん	2
ばたっ	2
ふいっ	2
よも	1
あーゔぃんぐ	1
あーゔゐんぐ	1
こうもり	1
ふせ	0
らむだ	1
いいだ	0
じうじあーろ	4
ぜーた	1
かったん	3
がや	1
がががっ	3
ぐらっ	2
ふりこみ	0
みゅー	1
りの	1
えーた	1
おばな	1
ぱれ	1
びいい	1
まさき	1
にせもん	0
ぶちっ	2
ばくり	1
べとっ	2
ばき	2
いけだ	0
てつや	1
ろっぴゃく	4
はずし	3
ばれん	0
しめさば	0
はしぶと	0
かさん	2
こうへい	0
こーへい	0
ちんち	1
でぃーえす	0
まぁ	1
あたい	0
えぬでぃーえふ	5
せんりょう	1
ちろっ	2
なまもの	2
えわ	1
だぶりゅーえいちおー	8
こみ	2
とりしぇ	1
ぎゅ	1
ぽぱい	1
えーえふぴー	5
ちょうじ	1
つうっ	0
つーっ	0
がっけ	3
くわがた	0
ずるずるっ	4
でぃーぴー	3
ころっ	2
じきり	1
しゃっ	1
なかま	3
まろ	1
えるてぃーしーびー	7
ぶる	1
すきま	0
にや	1
にゅういん	0
あいでぃーいーえー	7
おおえ	0
どうさん	0
さゔぉ	1
ぼきゅーず	2
えるぴーしー	5
かか	1
ごろし	0
とむぷそん	1
とんぷすん	1
にーす	1
ぴっ	1
ふじん	0
かーるそん	1
けーびーえす	5
さあーっ	0
さーっ	0
さぁーっ	0
さんぴょう	0
ざこ	1
たた	1
さや	1
るーいす	1
えむでぃーあい	5
ぱき	2
はちじゅう	3
ぷちっ	2
さちこ	1
ふろいど	0
すこん	2
まさと	1
よみうり	0
かきこみ	0
げじ	1
ぴーしーえす	5
いーぴー	3
きっかけ	0
さんじゅう	1
しょーととん	4
あつあつ	0
かんぶつ	0
しこう	0
しーじーびー	5
せいけん	1
たてよこ	1
やんちゃーず	1
よりつき	0
かんぞう	0
ぴっぐす	1
どくほん	0
ぷさい	1
よしふ	1
ぷしー	1
いさん	1
えむおーじーえー	7
ばる	1
ぶいおーあいぴー	7
ゔぃろっく	1
がきっ	2
ごーぎゃん	1
だいな	1
かみのけ	3
けーじーびー	5
でぃー	1
のむど	1
ばらがん	1
むくっ	2
しゅわ	1
てぃーあーる	3
まし	0
えっくすえむえる	7
かそう	1
たうろと	0
でーびっと	1
でーゔぃっと	1
べたり	2
ぐざい	1
しゅーっ	1
のせ	0
のだ	0
わて	0
かきっ	2
じょう	1
らす	1
がらっ	2
くみあい	0
あいじー	3
えすえすえす	5
しんど	1
あさ	2
かみかぜ	2
きゅうせん	3
びきっ	2
ぴーけーえふ	5
ゆーえいちびー	6
ぐん	1
にきび	1
びーだぶりゅーしー	7
もやっ	2
あんそにい	1
おじ	0
にし	0
ぬき	1
ぼくっ	2
るのわーる	3
くろうど	2
ちぃ	1
ちゃんぴ	1
ななめうえ	2
ふらんけんはいまー	6
ぽつっ	2
めだま	3
うぃぃぃぃぃぃん	1
うぃぃん	1
さゔぁ	1
さんま	0
どた	2
なかの	0
はずみ	0
ぶろでりっく	4
ありあけ	0
えぬあいいー	5
くらいすと	2
どぶがわ	0
うわー	2
うわぁ	2
えふ	1
だぶりゅーてぃーおー	7
ぶち	1
かわいそう	4
こなじらみ	3
たますだれ	3
える	1
かみ	1
くれめんす	2
ばいろん	1
すずめ	0
すべりこみ	0
すわり	0
なーど	1
まつり	1
ろげ	1
きよみ	1
じゃあ	1
かーっ	1
きたむら	0
どくろ	1
まーりお	1
やまぎし	2
るあん	1
うおるたー	1
えあーず	1
えーぶいあい	5
そっち	3
とこや	0
とにい	1
れーしょん	1
あんのー	0
あーんのー	0
おうめ	2
こんぶ	1
ときこ	1
どっとこむ	4
わし	0
けい	1
なかはら	0
こぶ	2
ぱちぱちぱち	1
まっくいーん	4
めーとる	0
あせ	1
ぶいえすしー	5
よど	1
あのぅ	0
あゆ	1
ごみぶくろ	3
れーお	1
ふぃる	1
やまおだまき	4
ゆえ	1
こめづくり	3
ごろっ	2
むらさき	2
めちゃ	1
しゃがーる	2
じゃくさ	1
ちゃしなた	2
てーくあうと	4
もくてき	0
ろーどさいど	0
ぎし	1
くろんかいと	4
けーびーしー	5
しーえすえぬ	5
とーま	1
ばなーど	2
あさこ	1
おかざき	2
おた	1
みみず	0
そなへつけ	0
くろーど	2
じーえむ	0
げい	1
じゃーっ	0
すす	2
とびぃ	1
みずなす	0
みゆき	0
かじ	1
てぷ	1
のらねこ	0
ぎっぷ	0
けーてぃーぶい	5
ぷっ	1
ぱたと	2
ろいた	1
うわーっ	2
かげり	3
にーろ	1
あかんぼ	0
ごく	1
ちどり	1
ほいやー	1
むんりく	1
きゅーあーるぶい	6
こーれー	1
たいぶ	1
ひゅう	0
えっふぇ	1
けくちゅ	1
こーえん	1
つえ	1
おしろい	0
おたふく	2
かごめ	0
かずのり	2
ねまがり	2
くだ	1
ぶるくす	1
いんぐりっど	4
おぼろ	0
ばうちゃー	1
かぁっ	1
かあーっ	1
かぁーっ	1
かあっ	1
さかた	1
ごや	1
ちー	1
りす	1
いーでぃー	3
おおわし	0
ごたつ	0
でぃーじぇー	3
りん	1
あいえいちあい	6
すず	1
ふぇるなんです	3
いしばし	0
からっ	2
くさ	2
ぱふぱふ	1
よーいち	0
いおた	1
くにたち	0
たいしゃく	1
はっぴはっぴ	4
ぽったー	1
また	0
うら	2
ずいしょう	1
ひげ	0
ぷりっ	2
えふでぃーえー	5
くあーっ	2
じょうかい	0
ひとびと	2
いりえ	0
きとう	1
たすけ	3
ぶんしゅん	0
はるこ	1
へらぶな	0
ほな	1
まるこす	1
いるま	1
えら	0
ばるとーく	3
ばーにー	1
かきあげ	0
わかもの	0
そでぐち	0
つかさ	0
きみこ	1
ずうっ	0
にゅーまん	1
びたき	0
まくら	1
よんどん	1
ほあん	1
よこお	0
るおん	1
がに	0
すちゅあーと	3
やまざくら	3
らそん	1
ろっくはーと	4
あいいー	3
あーるしーぜっと	6
えすえぬえー	5
さんぐ	1
すえひろ	0
なるみ	0
ぬきうち	0
りーりー	1
あまらお	0
おーすまん	1
かっかっかっ	5
がば	2
こぼん	0
じゅ	1
はいどん	1
もるがん	1
ろだー	1
えいちびーしー	6
しーでぃーえむえー	5
ぶきん	2
ますた	1
ぐし	2
ぶいえいちえす	6
えぬおーえっくす	5
おーがすちん	3
がたがたっ	4
どーまん	1
わいでぃーてぃー	5
ぐい	2
あさがほ	2
ごてっ	2
だーっ	0
だああっ	0
まぐろん	1
しゑれい	1
しばふ	0
とば	0
おーえいちぴー	6
すげの	0
ぶるくりんく	4
もちこめ	0
はらい	2
えりおっと	3
ごんっ	1
じぇーしー	3
そな	1
ちらし	0
べっぐ	1
かるざい	1
しーえーてぃーぶい	7
じぇーえーだぶりゅーおーしー	10
つるはし	2
ひつじ	0
ゔぃな	1
えふけー	3
かぶとがに	3
くつ	2
しーてぃーびーてぃー	7
だーりーん	3
ひだ	1
ぶり	1
まいつき	0
ゆうがお	0
ぐぐっ	2
あこ	1
えーてぃーえっくす	5
さむえる	1
なごみ	3
おめが	1
きゅ	1
すたーじぇす	2
そるべす	1
のどもと	0
えゔぃ	1
ぴーえいちえす	6
わーーつ	0
たては	0
たらっ	2
なだれ	0
らく	2
えむえふしーしー	7
つきあたり	0
はずれ	0
はだに	0
ただばたらき	3
たまごがた	0
じょけてぃ	1
めいなーど	3
くさかり	0
ぱいぱー	1
びたび	1
よっこらしょ	1
まげ	0
わがはい	0
あんぬ	1
えすゆーぶい	5
かをる	0
くぼみ	0
あいえぬえふ	5
いぐち	1
えむえすえぬびーしー	9
ふない	0
えふてぃーえー	5
さるとる	1
しらー	1
なみ	2
ぴーてぃーえー	5
まくす	1
あろよ	1
えぬぜっと	3
えーしーでぃー	5
こっくり	1
じぇーぴーえぬ	5
まりーあ	2
ゆーえーいー	5
ゆーけー	3
きも	2
たみ	1
つるみ	1
げた	0
あなば	0
うらがわ	0
かびどく	0
くりはら	2
けっ	1
はまぐり	2
めーい	1
やなぎもと	3
あゔぁ	1
さらに	1
しゅーまん	1
つまさき	0
ありす	1
えありす	1
えるでぃー	3
かかあ	2
とけ	0
なつき	0
くるっ	2
ひとで	0
ふりかけ	0
まずまず	1
しゃかち	0
すいふ	1
あきざけ	0
さすけ	0
とんっ	0
かくかく	1
かずと	1
じゃっくまん	1
とらゔぉるた	3
よしわら	2
あひる	0
うっどげーと	4
きくち	0
けもの	0
ろっと	1
わいえむしーえー	7
えるめす	1
おーむら	0
ばらい	2
むきだし	0
ぢーん	1
にの	1
まりや	1
すなめり	0
づっぱり	0
なかい	0
りーざ	1
りんね	1
あるちゅーる	3
こきる	1
だれだれ	0
どぬーゔ	2
やまなし	2
らんと	1
あれぇくすぇい	2
きず	0
ごまかし	0
しらっ	2
しろまる	0
じょーじ	1
そぼ	1
ほりうち	2
やまいたち	3
つっ	1
あくたがわ	3
うそこい	0
はす	1
はら	2
ひろま	1
まさこ	1
えーえすいーえむ	7
じゅんこ	1
なるほど	0
あわず	1
あんどれあす	3
あーるしーしー	6
おーでぃーえー	5
さかきばら	3
じゃしん	0
しーぴーえー	5
おっちぎん	1
かんどう	1
じーあいえす	5
でぃーえいちえる	6
びしゃ	1
こっこ	1
ころし	0
そらまめ	2
やじま	0
らぷそーん	3
じょーい	1
のぞみ	0
ちゃーりー	1
へっどくおーたー	5
まだら	0
われ	1
あるば	1
くしー	1
はあい	1
かな	0
からみ	3
にこーる	2
ぶいん	1
たかとお	2
ちーずけーき	4
びーあいえす	5
よしむら	2
あいしゃ	1
おーいーしーでぃー	7
じょーんす	1
ぱあっ	0
ぱあーっ	0
ぱーっ	0
ぱぁっ	0
よだれ	0
こいけ	0
はっせい	1
もーり	1
ろーえんぐりん	5
いしだ	0
たれながし	0
なし	0
まっき	1
ゆーあい	3
あいてぃーゆー	5
えるでぃーけー	5
きざし	0
わかなご	0
きよまさ	2
こくまる	0
そん	1
ねらいめ	0
はくじら	2
まるてる	1
るぽい	1
じぇーえーびーいーいー	9
すり	1
れーゔぃん	1
げーて	1
ごっこ	1
しーおーぴー	5
ぽはん	1
ればいん	2
つーん	0
どんぐり	1
なっ	1
ばっじ	1
ひっとらー	1
ひつとらー	1
ありそん	1
えとお	1
しーえるぶい	5
にやっ	2
れいのー	1
わんじる	1
あゆび	3
らうろ	1
がーふぁんくる	3
こまち	1
しょうが	0
そごう	1
ぶるい	0
ほりえ	0
りた	1
うぉると	1
うすいろ	0
うっち	1
じゃこびー	1
じゅりあーに	3
ないや	1
だいく	1
てれーさ	2
おおたか	0
なかお	0
ふぁれんたいん	3
わな	1
こるゔぃん	1
にせん	2
はこもの	0
いんがそる	3
うらわざ	0
えるおー	3
かじきまぐろ	4
きんめ	0
くん	0
じに	1
しょーが	0
たけのこ	0
まるくす	1
ゆーえーえる	5
らいとん	1
おーえる	1
かーろす	1
がっきー	1
さばに	0
じーこ	1
ちょっか	1
ひまわり	2
あととり	2
しーでぃーしー	5
ふみ	1
べるぐたい	2
ろーべると	3
じたて	0
うただ	0
えど	1
えぬあいえふ	5
ぎらん	1
でゔぃっど	1
せりの	1
ひがみ	3
さーげい	1
せーがん	1
ねぬてぃーぶい	5
やぎら	0
えぬてぃー	3
えりそん	1
たくみ	0
ふみこ	1
らとん	1
おかだ	0
かび	0
すてーしー	2
たくしん	1
っぱな	0
きはだまぐろ	4
しーだぶりゅーしー	7
たとい	1
どんどんどん	5
はらだ	1
ふみや	1
らくろあ	0
おりべら	0
くろほし	0
ぶしょ	1
あっばーす	1
えすえーてぃーしー	7
じーえーえむ	5
ぷらっと	2
ほそ	1
いれずみ	0
かもしか	0
きよさき	2
しまづ	1
すちゅわーと	3
でぃーぶいあい	5
やぶいちご	3
おなやま	0
でびっど	1
にわ	0
はは	2
ほど	1
ゆきひろ	2
あいいーいーいー	7
いすか	1
えむじーえむ	5
くっ	1
ずい	1
ちゅー	1
ながいも	0
びーえすいー	5
まえだ	0
えむあーるあい	6
けーえすでぃーえー	7
さしみ	3
じぇーびーしー	5
たかもく	2
ぴーしーえふじー	7
ぴーぶいしー	5
ふざけ	3
じーでぃーぴー	5
とーじょー	1
にしんそば	4
のもと	1
ほたるいか	3
あいざわ	0
あるせーぬ	3
いーりー	2
しゃるろっと	3
じぇーん	1
うえいん	2
かしかし	1
ことっ	2
さこだ	1
ぱりっ	2
へるつ	1
あきゅたがあわ	4
あきゆたがあわ	4
あっち	3
うめぼし	0
かーれん	1
てぃーてぃーえす	5
あいぴーあい	5
つば	1
ばっ	1
ふんどし	0
めじか	0
わかな	0
くるしー	1
こくわ	0
たけし	1
でぃびっと	1
でぃびっど	1
でぃゔぃっど	1
でぃゔぃど	1
でいゔぃど	1
でびつと	1
でゔぃっと	1
でーゔぃど	1
はやしだ	0
らいす	1
ろせつ	1
えのもと	2
おおやま	0
おーやま	0
このは	1
じんいん	0
まめーる	2
かわらなでしこ	5
とりあげ	0
なかそね	0
めんこ	0
えふあーるびー	6
さらすて	2
まさお	0
もめごと	0
ろーらんど	1
すけどーに	3
てぃーでぃーけー	5
どりとる	1
やまめ	0
えすでぃーあい	5
おだぎり	2
しょうめん	3
せいど	1
とぅな	1
ばし	1
ひろの	1
ふうりえ	1
わぁ	1
うすかわ	0
えじ	1
きくむら	2
くどう	1
こんぴす	1
べるでぃー	1
もうそう	0
えぬびでぃあ	3
おにゆり	2
しむら	1
てま	1
ねじれ	3
もりた	1
うわて	0
おなしこ	2
かれーにな	2
きさま	0
さいとう	0
すぎもと	2
ちはら	1
なかつか	2
ぴーえいちでぃー	6
いすらっと	3
えぬえすえふ	5
えむえぬじー	5
えるえっくす	3
けんじょう	1
てぃーおーぶい	5
ぼーろす	1
いのうえ	0
えむしーあい	5
かすみ	0
ししど	0
どい	0
ぱうえる	1
まつなが	2
いわき	1
うちだ	0
さろもん	1
せっき	1
まきはら	2
むらまつ	2
あんどー	1
いそだ	1
いーいー	3
たけかわ	2
はいじ	1
ひちこっく	3
へたっ	2
まぐだ	1
みやざわ	0
むろい	0
もりわき	2
おぎの	1
かびら	1
きたばやし	3
ごほり	1
さだひろ	0
つかもと	2
とこのま	0
はりふぁ	1
ふかわ	1
ほだで	0
ぼば	1
りゅーどー	1
あおたに	2
あがわ	1
あさはら	2
あじかわ	2
あじさか	2
あたか	0
あとべ	1
あぽろ	1
あまかす	2
あまの	1
あまばら	2
あもう	1
あやなみ	0
あらくま	0
ありよし	2
いいの	1
いがり	1
いささか	0
いしざわ	0
いずた	1
いなざわ	0
いまぜき	2
いわした	2
いわたに	2
うえすぎ	2
うざき	1
うどー	1
うにた	1
うらしま	2
うらた	0
うりゅう	1
うんの	1
うーろんてい	0
おおごし	0
おおした	1
おおはた	1
おかえ	0
おくやま	2
おしさか	0
おにつか	2
かくた	1
かくはり	2
かげやま	0
かじもと	2
かそり	1
かねだ	1
かみむら	2
かめがい	2
かやま	1
きぐれ	0
きのもと	2
きはら	1
きまた	1
きもはら	2
ぎぼ	0
くぉん	1
くすだ	0
くたに	1
くによし	2
くのき	1
くまだ	0
くりもと	2
くろさき	2
くわの	1
くわばた	0
ぐぁん	1
ぐぉん	1
こざき	1
こしじ	0
こしみず	2
こたき	1
こにし	1
こむろ	0
さいばら	1
さえば	0
さかきやま	3
さかざき	2
さばた	1
さわべ	1
さわむら	0
しおばら	2
しげの	1
しげます	2
しのづか	2
しぶさわ	0
しょかっ	1
しょかつ	1
じゃじゃじゃっ	3
すえふじ	2
すがい	0
せいの	1
せきね	0
せたに	1
せだか	1
せりざわ	0
そなか	1
たかいち	2
たけぐち	2
ただかわ	2
ただの	1
たちや	1
たぶち	1
たるみず	2
ちかもり	2
ちょなん	1
つかだ	0
つじうら	2
どもん	1
なかさ	1
なかざき	2
ながせ	1
ならはし	2
なりうち	2
なるたき	2
なわや	1
にえと	0
にたに	1
にとべ	1
にながわ	0
のゔぃ	1
はぎもり	2
はざわ	0
はしぐち	2
はたけなか	3
はちだ	1
はべ	0
はやた	1
はらかみ	0
ひさか	1
ひなご	0
ひょーどう	1
ふきこし	2
ふくたき	0
ふくやま	2
ふぐた	1
ふじたに	2
ふなこし	2
へんみ	0
ほりい	0
まえはた	2
まじの	1
ますなが	2
まつざき	2
まぶち	1
まるかわ	2
みきもと	2
みさか	1
みぞぐち	2
みつがしら	3
みつた	1
みつむら	2
みなづき	2
みねた	1
みやぞの	2
みやね	1
みやもり	2
みょんじゃ	1
むにょす	1
むらい	0
むらき	1
もりお	0
やいり	1
やなが	1
やまうら	2
やまの	1
ゆきおか	0
ゆのき	1
よこみぞ	2
よだ	0
よねだ	1
わかでら	2
わきた	1
あるちだい	3
いもと	1
うけねらい	3
うなぎ	0
おにひとで	3
くらき	1
はなよめ	2
ひとこべ	0
まいえ	0
ますい	0
みこと	0
いとい	0
かつっ	2
せきぐち	2
ばーるどしゅ	4
へっぷ	1
かたせ	1
きばやし	2
きよた	1
つばめ	0
ぱいく	1
かわせみ	0
かんがえ	3
さぁ	1
さぁー	1
ざらっ	2
すぴの	1
ずる	2
ただもの	0
ちょうちょ	1
ちょぅちょ	1
ひゅーれっと	1
ばんじゃまん	1
べんやみん	1
もらびあ	0
やろう	1
らいあん	1
あかはた	0
とんでも	0
はちうん	2
ばーりー	1
ゔぁーりぃ	1
ゔぁーりー	1
もりむら	2
うだーる	2
けいらん	1
しいたけ	1
しまむら	0
どーせ	1
ぴーけーおー	5
まいか	1
やぎ	1
うべ	0
おごり	0
おもり	0
はにぴー	0
ほふまん	1
いじり	0
おきなが	2
おーるどまん	4
ぐりむ	1
せたけ	1
にゅる	1
ねたもと	0
ふじい	0
まーちぃん	1
まーちん	1
みかみ	1
むすこ	0
いわし	0
じし	1
じゃなん	1
らんぼー	1
えぬえむでぃー	5
おーばん	1
かぐらこうもり	4
かりゆたか	3
さとい	0
しこり	0
たいせん	1
ぶいてぃーあーる	5
ぺけぺけ	0
うぃあずびっか	4
えみや	1
じーえすけー	5
たまむし	2
きぬ	1
しゃり	1
じぇーえふいー	5
じゃんかるろ	3
たこやき	0
どあのぶ	0
らんぶか	0
りゅぱん	1
いしぐろ	0
おから	0
がーどなー	1
じーしーしー	5
つがたけ	2
まるすらん	2
みえみえ	0
あーるぴーじー	6
あおじ	0
いた	1
いーいーぜっと	5
うねり	3
じぇいそん	1
じーぴーえす	5
だべんぽーと	4
ちっ	1
ばーばねる	1
ぶた	0
まるちん	1
まるてぃん	1
まるてぃーん	3
みずむし	0
みよー	1
けーいーけー	5
ねきり	3
びーしーえる	5
かんさい	1
つくし	0
ぱんっ	1
むらん	1
あかまる	0
えーびー	3
たんば	1
だぐ	1
ひめじ	1
くろふね	0
けあな	0
じうしーにょ	3
あち	1
うに	1
ごぶらん	1
ひさし	0
やりだま	0
あいてぃーいーあーる	7
くもまっ	2
ひげこうもり	3
まぶた	1
やまあじさい	3
ろーれんす	1
えすえーじぇー	5
からかい	0
さがら	1
ざび	1
ばばっ	2
ばーくれい	1
へぷばーん	3
あいえすびーえぬ	7
あるべると	3
かずえ	0
かづえ	0
しづ	1
しっぽ	3
じぇーえすびーえー	7
てりー	1
ねじ	1
ぼうい	1
りょーて	1
あいえむえふ	5
えりんば	2
えーじーぴー	5
がま	0
さんろーらん	3
しず	1
すーざん	1
ちょぼやき	0
ろばーとそん	2
わかん	1
いなだ	0
ただれ	0
ためぐち	0
はりがね	0
あらふぁと	0
いかすみ	0
くくり	0
ざりがに	0
ちょうけい	0
にしき	1
ほぁ	1
みずなら	0
もとさや	0
らでおん	1
えどういん	1
えどうゐん	1
えどゔぃん	1
おにどころ	3
かみとり	0
がらくた	0
くるしゅ	1
じぇーじぇー	3
いわな	0
さなか	1
すじがね	0
だるういん	1
だるうゐん	1
だるゐん	1
やまば	0
うさま	1
さらぁ	1
さらー	1
そばばたけ	3
なくしす	1
うしろ	0
ゔろんすきー	2
きざみ	0
てぃーえー	3
ぼんっ	1
いたいいたい	5
うぃりあむす	1
うらぐち	0
えむえーしー	5
きそん	1
さっくはいむ	4
ちゃりこ	0
どれいく	2
ねぐろぽんて	4
ひさこ	0
よそもの	0
らいこねん	3
あんたっく	1
えふえーおー	5
えるら	1
くろまめ	0
げんた	1
ちゃーろす	1
つの	2
てぃーけーしー	5
でぼら	1
なのはな	1
もぐら	0
やきとり	0
やわら	0
いなかもん	0
うぃるすん	1
えふえむぶい	5
えるいーてぃーえぬえー	9
えんじ	0
かます	0
くろねこ	0
けーでぃーえっくす	5
こーがん	1
じぇーえすえす	5
たむら	1
ちやあるす	1
ちやーるす	1
ちょーどりー	1
ふぶき	1
まるせ	1
あいでぃーしー	5
かぎあな	0
かつおぶし	0
じゃり	0
すきやき	0
たたけ	0
だぶりゅーびー	5
てぃとー	1
ちゃーるす	1
でっぽう	0
とりまき	0
みゆう	1
むしば	0
わらさ	0
きわもの	0
よごし	0
あかばな	0
おっかけ	0
おっとこまえ	0
くそばばあ	4
しぇいくすぴあ	4
しぇくすぴあ	3
しぇくすぴや	3
しぇーきすぴあ	4
しぇーきすぴーあ	4
しえくすぴあ	3
しえくすぴーや	5
しえーきすぴや	4
しえーきすぴーあ	4
しえーくすぴや	5
しゑくすぴや	3
しゑくすぴーあ	5
しゑーきすぴーあ	4
せーくすぴや	4
しろながす	3
じぇーてぃー	3
じんせーる	3
だう	1
ちょうかん	0
えーしーえむえる	7
かはせみ	0
でぃーえぬえす	5
どかた	0
はりす	1
みずがめ	0
じーふぉーす	3
めだか	0
ろだん	1
いぬわし	0
おーぴーしーだぶりゅー	7
がぁりばー	1
だねっしゅ	2
だぶり	0
ひよこまめ	3
ぴーえるおー	5
ぴーでぃーてぃー	5
ぷう	1
べいすたーず	3
べるれーぬ	3
ゆーり	1
あじそん	1
うらおもて	0
かしみ	0
しーとぅんとん	3
すけすけ	0
ばらいろ	0
ほりえもん	0
まちゃみ	0
まんげ	0
らうばる	1
あきぎり	2
えーふぁ	1
からすみ	0
じーえるいー	5
すっぽん	0
せろん	1
ゔぁー	1
ぱちや	2
ふぃふぁ	1
みずくらげ	3
みずすまし	3
いいずな	0
いいづな	0
うじむし	2
えふいーえむえー	7
おおばこ	0
かたぶき	0
がとーむそん	2
がんでぃー	1
ごとし	2
さはふ	1
ざびえる	1
すてゅあーと	3
ひげくじら	3
びーえむだぶりゅーあい	9
あぶみ	0
いなぎ	0
うみんちゅー	2
おなら	0
ことし	0
てぃーえっくすてぃー	7
にーちぇ	1
はやて	0
ぼかし	3
うずら	0
うちこみ	0
えすとらだ	3
ざらめ	0
つかのま	0
とりはだ	0
どんぴしゃ	0
べたやき	0
あいえすえる	5
あにた	1
おすねこ	0
かにかま	0
かもい	0
しきたり	0
つきよみ	0
ふくゆたか	3
うずまき	2
おーい	1
くじ	1
きぬさや	0
じいたけ	1
そしゅーる	2
だいじょぶ	3
どんぞこ	0
にゃんこ	1
ぷりあもす	3
みの	1
りぃあん	1
れいもん	1
あざみ	0
きくらげ	2
きずあと	0
さるどし	0
たけふ	0
ぬま	2
ばっは	1
ぱた	1
ひとづくり	3
ぴーだぶりゅー	3
やまね	0
わさび	1
かじぎまぐろ	4
かすれごえ	4
がちむち	0
さくらい	2
ざるそば	0
すもうとり	2
そばうち	0
ばーにぃ	1
ひゆ	1
ほそめ	0
りつとる	0
あじしお	0
かきごおり	3
からうり	0
ききめ	0
けなーど	2
ごるご	1
しぇーら	1
どじょう	0
るーえい	1
あざらし	2
いたばさみ	3
かやぶき	0
がれい	1
しびれ	3
ねたばれ	0
ぼーいふれんど	5
めありー	1
あいえふじぇー	5
あかげ	0
いーぴーえす	5
うらやま	0
えいちぴーでぃー	6
かたぐるま	3
かつぶし	0
くにづくり	3
げじげじ	0
だいど	1
どぶいろ	0
ほおずき	0
みつば	0
めがわてぃ	2
もりー	1
やしお	1
あいしーえすえるぴー	9
あめいろ	0
かえで	0
がたつき	0
きいっ	0
きーっ	0
きぃっ	0
くびわ	0
ごかい	0
さしば	0
ちまた	0
てかり	3
なみがら	0
はなごこ	0
はみだし	0
ふれこみ	0
べにばな	0
ぽいすて	0
まはてぃーる	3
むくいぬ	0
やまいも	0
あおばな	0
あずまや	3
ありーず	1
いづな	0
うみんちゅう	2
えごのき	1
えぬえすあーる	5
おすいぬ	0
おちこぼれ	0
かたばみ	0
かぶせ	3
こいのぼり	3
こしひかり	3
さらし	0
すぎごけ	0
ちんぽこ	3
つぎき	0
つわり	0
とりがら	0
ばーぶら	1
ぶたおとこ	3
へっぴり	4
まほろば	0
みょうが	0
もーりす	1
やりまん	0
えぬいーでぃーおー	1
えんぼ	1
かばやき	0
かべぎわ	0
かわりみ	0
がじゅまる	0
きつねいろ	0
こめぬか	0
ささみ	0
さそり	0
するめ	0
せりいち	2
どの	1
とらがら	0
どさくさ	0
ぬいぐるみ	0
はたご	0
ふりこ	0
ふろあがり	3
ほいっとにー	2
まつげ	1
まるがれっと	4
むせべに	0
めぐすり	2
めすいぬ	0
やすり	0
ゆーいーえふえー	7
あだな	0
あんこむすめ	4
いかさし	0
いかつり	0
いきさつ	0
うらがね	0
うれっこ	0
かたきうち	3
かばんもち	2
かやねずみ	3
かるがも	0
かわうそ	0
きじばと	0
きずぐち	0
くぬぎ	0
くば	1
こまわり	0
こめじるし	3
さなぎ	0
さやか	1
さよならがち	0
さるすべり	3
すっぱ	3
そめいよしの	4
たるみ	0
たわし	0
でにす	1
なずな	0
ねばり	3
はぐろ	0
ばらがら	0
ひかげ	0
ひけめ	0
ふかひれ	0
ゔぇるにー	1
ぼろいち	2
まくらぎ	3
まつくい	0
みさご	0
みずな	0
むくみ	0
むしわらい	3
もりそば	0
よもぎいろ	0
われめ	0
あいしーぴーおー	7
あおくさ	0
あじのもと	3
あぶらみ	3
いけにえ	0
いわにし	2
うるし	0
うわさばなし	4
えくぼ	1
えすおーえふあいあーるいーえむ	14
えりくび	2
かいば	0
かげぐち	2
かさぶた	0
かちんこ	0
からすよけ	0
かわにな	0
がけくずれ	3
がらあき	0
きぐるみ	0
きりこみ	0
ぎっくりごし	4
くちばし	0
くばがさ	0
くるまずき	0
ぐりーんうっど	5
こっこかい	0
こまぎれ	0
こめかみ	0
さざなみ	0
さるぐつわ	3
さるまね	0
さわら	0
しぼりぞめ	0
しゃっくり	1
しろぶた	0
すがも	0
すぐれもの	0
すずなり	0
せりふまわし	4
たけやり	0
たてわり	0
たまん	1
だわし	0
だいだいいろ	0
ちょいのり	0
てぃーぶいでぃー	5
てりやき	0
でかせぎ	0
とがき	0
とびいろ	0
とびぐち	2
どぶいた	0
どろんこ	0
ななめうしろ	4
なめたけ	0
ぬけがら	0
ねじやま	0
ねたぎれ	0
のあざみ	2
のどごし	0
はなくそ	0
はにわ	0
はほり	0
ひげづら	0
ひわ	1
ゔぃぬー	1
ふくろだたき	4
べにはな	0
ほろよい	0
まごい	0
まゆげ	1
みずき	0
みづき	0
むかつき	0
むだづかい	3
もみあげ	0
ももひき	0
やまぶし	2
ゆらい	1
よごれとり	3
わりうち	0
あいがも	0
あいご	0
あいざめ	0
あいなめ	0
あいなめつり	4
あひもの	0
あえぎごえ	4
あおあし	0
あおいそめ	3
あおうり	2
あおかなぶん	3
あおかび	0
あおがえる	3
あおきがめ	4
あおげら	0
あおさぎ	0
あおすじ	0
あおなまこ	3
あおはた	0
あをはた	0
あおばと	0
あおみどろ	3
あおやき	0
あおゆず	0
あおりいか	3
あかあし	0
あかあり	0
あかいか	2
あかいぬ	0
あかうお	0
あかえい	2
あかおとし	3
あかおび	0
あかかたばみ	3
あかかぶ	0
あかかます	3
あかがい	2
あかがえる	3
あかがり	0
あかくらげ	3
あかげら	0
あかざ	0
あかざえび	3
あかしか	0
あかしじみ	3
あかしで	0
あかしょうびん	3
あかすじ	0
あかそ	0
あかたち	0
あかだも	3
あかて	0
あかな	0
あかなす	0
あかなまこ	3
あかにし	2
あかねずみ	3
あかはな	0
あかひげ	0
あかひれ	0
あかびたい	3
あかほし	2
あかほや	0
あかぼし	2
あかまんま	3
あかみどり	3
あかみみ	0
あかむらさき	4
あかめ	0
あかめばる	3
あかもく	0
あかもず	0
あかゆり	0
あきあかね	3
あきあじ	2
あきぐみ	0
あきすみ	0
あきちから	3
あきひかり	3
あきまつり	3
あくじる	0
あくだし	0
あくだら	0
あぐー	2
あけび	0
あけびがり	0
あけびつる	4
あけぼのあり	4
あげあげ	0
あこうだい	2
あごあし	0
あごがえる	3
あごつり	0
あごにきび	3
あごひげ	0
あさざ	0
あさみどり	3
あさりうり	3
あざき	0
あざみうま	3
あざらしねこ	5
あしか	0
あしがた	0
あしたば	0
あしだか	0
あしはらい	3
あしばー	0
あしぶと	0
あじあな	0
あじさいまつり	5
あじずし	2
あじめ	0
あすなろ	0
あずきいろ	0
あずきな	0
あずさみこ	4
あずまおとこ	4
あずまざさ	3
あずますぎ	3
あせあせ	1
あせたけ	2
あしび	0
あせび	0
あせぼ	0
あせみ	0
あぜみ	0
あせも	3
あぜむしろ	3
あそびくぐつ	4
あそびべ	3
あたまじらみ	4
あたまむし	3
あたりはずれ	0
あたりめ	0
あだたん	0
あだばな	0
あちゃらか	0
あていた	0
あてこみ	0
あてぜめ	0
あとおい	0
あなあおさ	3
あなぐま	0
あなご	0
あなど	1
あなばち	2
あなぼこ	2
あねは	0
あばさ	1
あばさー	1
あばし	1
あばずれ	0
あばらや	3
あひるがお	0
あひるがら	0
あひるぐち	3
あぶはち	0
あぶみがわ	0
あぶらうき	0
あぶらがに	3
あぶらこ	3
あぶらぜみ	3
あぶらな	3
あまがえる	3
あまご	0
あまつきつね	1
あまつばめ	3
あまつひつぎ	1
あまどころ	3
あまな	0
あまなつ	0
あまのじゃく	3
あまのり	2
あまめはぎ	0
あまも	0
あみえび	2
あみがさ	3
あみこませ	0
あめおとこ	3
あめご	0
あめだま	0
あめふらし	3
あめぶた	0
あめみみ	0
あゆがり	0
あゆずし	2
あゆつり	2
あゆまつり	3
あらか	1
あらさがし	3
あらに	0
あらわざ	0
ありんこ	0
ありづか	0
ありばち	2
ありまき	0
ありもどき	3
ありもの	3
あるきいはい	4
あるきいわい	4
あわせかがみ	4
あわだち	0
あわたま	0
あわふき	2
あわゆき	2
あんまー	1
いえか	2
いえがらす	3
いえすずめ	3
いえだに	0
いえねこ	0
いえばと	0
いかえさ	0
いかき	0
いかさま	0
いかしゃぶ	0
いかだ	0
いかど	0
いかどっくり	3
いかなご	0
いかもの	0
いかやき	0
いがみあい	0
いけす	0
いさざ	0
いざいほう	2
いざり	0
いざりうお	3
いしがい	2
いしがめ	0
いしがれい	3
いしくらげ	3
いしのみ	0
いしびらめ	3
いそすみれ	3
いそつつじ	4
いそまぐろ	3
いそまつ	0
いそめ	0
いたちげ	3
いたちごっこ	4
いたちはぎ	4
いたぶ	0
いちごあじ	3
いちごがい	3
いちごがら	0
いちごがり	0
いちござけ	3
いちごつみ	3
いちごはだ	3
いちごばな	3
いちごむすめ	4
いちび	0
いちびり	0
いちゃんだ	0
いっけ	1
いととんぼ	3
いとふけ	0
いとみみず	3
いとより	0
いなきび	0
いなぐ	1
いなご	0
いなごとり	3
いなごまめ	3
いなずま	0
いなづま	0
いなだつり	3
いなまやなー	3
いぬからむし	3
いぬがし	2
いぬがた	0
いぬがらし	3
いぬなずな	3
いぬびえ	2
いぬふぐり	3
いぬぼね	0
いぬもち	2
いねくき	2
いねつくり	3
いねなえ	0
いねみず	2
いねわら	0
いなわら	0
いはかむな	3
いばらかんざし	4
いばらひげ	3
いばらみち	3
いびき	3
いびり	3
いぼいぼ	0
いぼきさご	3
えぼだい	2
いぼにし	2
いぼみ	0
いもかたばみ	4
いもがい	2
いもくず	3
いもち	0
いもづる	0
いもばたけ	3
いもひまわり	4
いもむし	2
いももち	2
いもり	1
いやがらせ	0
いよぼや	0
いらぶちゃー	2
いらぶーじる	5
いりちー	1
いれぞこ	0
いろち	1
いろと	1
いろはかえで	4
いろはもみじ	4
いろもの	2
いろり	0
いわかがみ	3
いわかずら	3
いわかわ	0
いわしくじら	4
いわしこ	3
いわしむすめ	4
いわたけ	2
いわだぬき	3
いわつばめ	3
いわなつり	3
いわはぜ	0
いわひばり	3
いわぶき	2
いわぶすま	3
いわむし	2
いんがま	0
いんけつ	0
いんちきうらない	5
うぃりあむ	1
うかんむり	2
うがいぐすり	4
うきくさ	0
うきごり	0
うきすって	3
うきづくり	3
うきづり	0
うきどめ	0
うきぶくろ	3
うぐい	0
うぐいす	2
うぐひす	2
うぐいすいろ	0
うぐいすかぐら	5
うこぎ	0
うさぎごろし	4
うしかもしか	3
うしがえる	3
うしぼたる	3
うしぼね	0
うしゅまい	0
うすご	0
うすたび	0
うすば	0
うすべに	0
うすゆき	0
うすらとんかち	4
うすらはげ	4
うずむし	2
うずらうり	3
うずらすくい	4
うずらたまご	5
うそいつわり	1
うたあしび	3
うたすずめ	3
うちがみ	0
うちご	0
うちなんちゅ	3
うちなーんちゅ	3
うちわえび	3
うっちゃり	0
うつぎ	0
うでなが	0
うなぎどんぶり	4
うなぎなべ	4
うなぎのぼり	4
うなぎや	0
うなどん	0
うにどん	0
うにめし	0
うねかた	0
うばめ	0
うばゆり	2
うぶげ	0
うまあい	0
うまごやし	3
うましか	2
うまづら	0
うまなずな	3
うまのお	0
うまびゆ	0
うみがらす	3
うみざる	0
うみすずめ	3
うみたなご	3
うみつばめ	3
うみとさか	3
うみねこ	0
うみへび	0
うみほたる	3
うみゆり	2
うみわし	2
うむやーぐわー	3
うめいろ	0
うめもどき	3
うらくろ	0
うらじろ	0
うらすぎ	0
うらなみ	0
うらなり	0
うらばなし	3
うらひだ	0
うりはだ	0
うりみ	0
うるい	0
うるさがた	0
うるち	0
うるちまい	0
うるぱてーふさ	4
うるめいわし	4
うろこいか	3
うろこぐも	4
うわなり	0
うわばみ	0
うわみず	0
うんこたれ	0
うんこば	0
うんちとり	3
うんばち	0
えきえ	0
えぎ	1
えぐみ	3
えんが	1
えさうち	0
えさおち	0
えさづり	0
えさねらい	3
えさば	0
えじこ	1
えだまめ	0
えのき	0
えのころぐさ	4
えびあじ	2
えびいも	0
えびいり	0
えびがため	3
えびがに	0
えびそぼろ	3
えびぞり	0
えびたい	0
えびづる	0
えびね	0
えびまめ	0
えぶく	1
えらこ	0
えらぶた	0
えりまき	2
えりまわり	3
えんがちょ	1
おいおとし	0
おいかわ	0
おいちょかぶ	3
おいらん	0
おうぎわし	3
おふすま	0
おおあご	0
おおいぬ	0
おおえだ	0
おおかば	0
おおかぶと	3
おおかみうお	4
おおかみおとこ	5
おおかみむすめ	5
おほきさき	3
おおげじ	0
おおしか	0
おおつの	0
おおねた	0
おおひしくい	4
おおべに	0
おおほし	0
おおむらさき	4
おかがに	0
おかずぐみ	0
おかずづめ	0
おかっぱあたま	5
おかっぱすがた	5
おかっぱり	0
おかひじき	3
おかふじ	0
おかぼ	0
おかぼれ	0
おかまおどり	4
おかまよばわり	4
おかめざさ	3
おかめもち	3
おがくず	3
おがたま	0
おがっかあ	2
おがむし	2
おがら	0
おきあみ	0
おきてやぶり	4
おきなぐさ	3
おぐろ	0
おけら	0
おこぜ	2
おごのり	2
おさば	0
おさむし	2
おしどり	2
おしべ	1
おしぼり	2
おしめ	2
おしろいしめじ	5
おしろいばな	3
おじろ	0
おすおや	0
おすがわ	0
おすねじ	0
おすぶた	0
おすやぎ	0
おっかど	0
おっぺけぺえぶし	0
おっぺけぺぶし	0
おっぺし	0
おつむ	2
おとぎり	0
おとこえし	3
おとしご	3
おとしまえ	0
おとなおす	3
おとながお	0
おとひめ	2
おとめごころ	4
おとめのかさ	2
おとめゆり	3
おとりあゆ	4
おどりこ	0
おどろがり	0
おなが	0
おなぐら	0
おなごづれ	0
おなもみ	2
おなりがみ	3
おにぎりづくり	5
おにぐるみ	3
おにぞり	0
おにばす	2
おにふすべ	3
おにやんま	3
おねしょ	2
おねむ	2
おばがい	2
おばがお	0
おばくさ	0
おばくちびる	3
おばしぎ	0
おばて	0
おばはだ	0
おばん	2
おひき	0
おびづけ	0
おびてんす	1
おぼこ	0
おまき	0
おまけあつかい	4
おみなえし	3
おむつがえ	0
おむつたたみ	4
おもしろみ	0
おもちゃあつかい	4
おもちゃばこ	3
おもてすぎ	3
おもと	0
おもゆ	0
おもろ	0
おやじがお	0
おやじがり	0
およき	1
おりびき	0
おろかもの	0
おろしそば	4
おんどり	0
おんなごろし	4
おんび	1
おんぶばった	4
かいこ	1
かいわれ	0
かえるいろ	0
かえるうお	3
かえるおよぎ	4
かえるじるし	4
かえるとび	3
かえるば	0
かえるぱ	0
かおぐろ	0
かおじろ	0
かかし	0
かきあぶら	3
かきうち	0
かきかき	0
かきがい	2
かきがら	0
かきしめじ	3
かきつばた	3
かきづくり	3
かきな	2
かきなべ	0
かきべら	0
かきもち	2
かぎあし	0
かぎかずら	3
かぎことば	3
かぎさなだ	3
かぎたば	0
かぎづめ	2
かぎなし	0
かぎなしさなだ	5
かぎはし	2
かぎもと	0
かぐま	1
かけす	0
かけつぎ	0
かけめ	0
かごえらび	3
かごつり	0
かさがい	2
かささぎ	0
かさつき	0
かさのり	2
かしき	1
かしは	0
かしめだま	0
かしらなます	4
かしわば	0
かじかがえる	4
かじめ	0
かすいし	2
かすづけ	0
かすとり	0
かすべ	0
かずきめ	0
かずのこ	0
かぜくさ	0
かたあり	0
かたうり	0
かたかみ	0
かたつぎ	0
かたなし	0
かたびろ	0
かたべに	0
かだて	0
かだやし	2
かちこみ	0
かちわり	0
かってもの	0
かっぱあたま	4
かっぱはげ	4
かっぱらい	0
かつおつり	3
かつおどり	3
かつき	0
かつのき	1
かつぼ	1
かつらむき	0
かてもの	0
かどおくり	3
かなあて	0
かなたらい	3
かなてこ	0
かなへび	0
かなむぐら	3
かなめもち	3
かにあし	0
かにあるき	3
かにえさ	0
かにかご	0
かにがら	0
かにくい	0
かにしゃぶ	0
かにじる	0
かにすき	0
かにすじ	0
かにたま	0
かにとり	3
かになべ	0
かににく	2
かにば	0
かには	0
かにばさみ	3
かにむし	2
かにめし	0
かねくい	3
かねづか	0
かねづかい	3
かねまみれ	3
かねわり	0
かばちたれ	0
かばのき	1
かばまだら	3
かばんえらび	4
かびよごれ	3
かぶとえび	3
かぶとづくり	4
かぶとに	0
かぶとむし	3
かぶりだに	3
かぶれにきび	4
かまあな	0
かまいたち	3
かまいるか	3
かまきり	1
かまち	0
がまち	0
かまちゃり	0
かまとと	0
かまとろ	0
かまどあと	4
かまどうま	3
かまぼこ	0
かまぼこいた	5
かまぼこづくり	5
かみおき	0
かみつぶし	0
かみつや	0
かみなりいか	4
かみまつり	3
かみやき	0
かめとり	0
かめのき	1
かもあつかい	3
かもか	1
かもがみ	0
かもがや	2
かもしかあし	4
かもしかがり	0
かもじぐさ	3
かもねぎ	0
かものはし	3
かやくぐり	3
かやつり	0
からいけ	0
からいも	0
からうま	0
からかさ	3
がらかさ	3
からかし	0
からかみ	0
からしな	0
からしばたけ	4
からすあげは	4
からすうり	3
からすがい	3
からすがれい	4
からすしじみ	4
からだづくり	4
からつん	0
かりばち	0
かりふた	2
かるっぱ	2
かるっぱま	0
かるはま	0
かれいぜみ	2
かれいねらい	4
かろーと	2
かわあい	0
かわいこ	3
かわう	0
かわうそがり	0
かわかます	3
かわがに	0
かわげら	0
かわぢしゃ	0
かわとんぼ	3
かわねずみ	3
かわはぎ	0
かわひばり	3
かわほととぎす	5
かわむつ	0
かわもずく	3
かわらばと	4
かんかかりゃー	4
かんかかりや	4
かんげーとーせー	5
かんつかさ	3
かんびらき	3
かんむりかいつぶり	7
かんむりわし	4
ががいも	0
ががぶた	0
ががんぼ	2
がけっぷち	0
がご	1
がさいれ	0
がしゃぽん	0
がじまる	0
がじり	1
がにまた	0
がまがえる	3
がまぐち	0
がらすき	0
がれん	0
がろぼし	0
がんぎり	0
がんぬり	0
きあげは	2
きあじ	0
きいちご	2
きからし	0
きごけ	1
きさげ	0
きさげばけ	3
きさご	0
きささげ	2
きざみのり	3
きしたば	2
きしつつじ	3
きしめじ	2
きじうち	0
きじかくし	3
きじねこ	0
きじらみ	2
きすじ	0
きすねびつ	3
きずかくし	3
きたたき	2
きたひかり	3
きたまくら	3
きたわせ	0
きつつき	2
きつねおどり	4
きつねがり	0
きつねざる	4
きつねどんぶり	4
きづた	1
きとんぼ	2
きなこ	1
きなこもち	3
きぬざる	3
きぬた	1
きぬひかり	3
きはますげ	3
きばしり	2
きばな	1
きっつ	1
きびがら	0
きびたき	2
きびなご	0
きびな	0
きびばたけ	3
きびめし	0
きびれ	0
きべり	0
きむじん	1
きめおち	0
きめがお	0
きめことば	3
きめぜりふ	3
きめはだ	0
きめわざ	0
きゅうりうお	3
きよにしき	3
きりかえし	0
きりきりまい	4
きりぎりす	3
きりくさん	2
きりたんぽ	3
きりとり	0
きりぬき	0
きれは	0
きわきわ	0
ぎちゃふぁ	1
きばさ	1
ぎょろめ	0
くきばち	2
くくい	0
くぐひ	0
くさあて	0
くさあり	0
くさうら	0
くさかげろう	4
くさかめ	0
くさぎ	0
くさび	0
くさびあな	3
くさむし	2
くさりば	0
くしいもり	3
くしくらげ	3
くしひげ	0
くしゃみ	2
くじらじらみ	4
くじらずし	3
くじらとり	3
くすいむん	0
くすりまけ	0
くずぐるま	3
くずごめ	0
くせっけ	2
くせもの	0
くそったれ	0
くちたが	0
くちなし	0
くちびらき	3
くちぼそ	0
くつわ	0
ぐつわ	0
くつわむし	3
くぬぎばやし	4
くまおくり	3
くまおんな	3
くまかくし	3
くまがら	0
くまがり	0
くまげら	0
くまぜみ	2
くませみ	0
くまそ	1
くまたか	2
くまたな	0
くまつづら	3
くまねこ	0
くまねずみ	3
くまのみ	0
くまばち	2
くまぼたる	3
くまむし	2
くまやなぎ	3
くまんばち	2
くもいと	0
くもがに	0
くもがり	0
くもざる	0
くもひとで	3
くやしなみだ	4
くりたけ	2
くりひろい	3
くりぶね	0
くるまえび	3
くるまえらび	4
くるまづくり	4
くるみいろ	0
くるみづか	3
くろあげは	3
くろあわび	3
くろうさぎ	3
くろうじ	0
くろかなぶん	3
くろがい	2
くろがも	0
くろがや	0
くろくま	0
くろけし	0
くろこげ	0
くろこし	0
くろしじみ	3
くろだい	0
くろつぐみ	3
くろなまこ	3
くろにが	0
くろねずみ	3
くろはだ	0
くろばえ	2
くろべ	0
くろまぐろ	3
くろむすめ	3
くろめばる	3
くろも	0
くろよな	0
くわこ	0
くわしろ	0
ぐちな	0
ぐちゃふぁ	1
ぐるくん	1
ぐんばが	1
けかび	0
けさ	1
けしね	0
けせねぎつ	3
けじらみ	2
けつあな	0
けつふき	0
けつほり	0
けつまんこ	3
けつもち	0
けつる	0
けなが	0
けまつり	2
けものみみ	3
けやきやしき	4
けらとり	0
けられ	1
けんつけ	0
けんつけどり	4
けんむん	0
げおびつ	0
げじまゆ	0
げばげば	0
げびつ	1
げぶつ	1
こあご	0
こあし	0
こいかる	2
こいこい	3
こいばな	0
こうじかび	3
こうぞりな	4
こうほね	0
こうもりおとこ	5
こうもりおんな	5
こうもりがさ	5
こうもりつか	4
こうろぎ	1
こえび	0
こおい	0
こおりがも	4
こおろぎ	1
こほろぎ	1
こかぶ	1
こがしら	2
こがねひかり	4
こがねもち	3
こがも	0
こくくじら	3
こけごろも	3
こけし	0
こけーし	0
こけしがお	0
こけとり	0
こけどめ	0
こけむし	2
こけもも	0
こけらおとし	4
こげら	1
こごと	0
こごみ	0
こざる	0
こしあき	0
こしあぶら	3
こすずめ	2
こすみ	0
こすみつけ	0
こそう	0
こそどろ	0
ことだま	0
ことどい	0
ことばあそび	4
こなごな	0
こなだに	0
こねた	0
こはぜ	0
こばしら	2
こばでいし	3
こばね	1
こふき	3
こぶうし	2
こぶた	0
こぶたけ	0
こぶの	0
こまおくり	3
こまおとし	3
こませうち	0
こませづくり	4
こまどり	2
こまねずみ	3
こままわし	3
こまゆ	0
こみだし	0
こみみ	0
こむすめ	2
こむらさき	3
こめくい	0
こめつぶ	3
こめぶくろ	3
こめむし	2
こわもて	0
ごぎゃなき	0
ごじる	0
ごず	1
ごずつり	0
ごっそう	0
ごったに	0
ごつまゆ	0
ごほうら	2
ごみあつかい	3
ごみあつめ	3
ごみうけ	0
ごみおとこ	3
ごみくず	3
ごみため	0
ごみねた	0
ごみひろい	3
ごみむし	2
ごみやしき	3
ごみやま	0
ごりおし	0
ごろたいし	3
ごろたみち	3
ごろつき	0
ごんじ	1
さいかち	0
さおあげ	0
さおさき	0
さかいつつじ	4
さかもぎ	0
さきぐろ	0
さきぐろたまつめた	7
さきば	0
さぎごけ	0
さくらえび	3
さくらがい	3
さくらしめじ	4
さくらたで	3
さくらつつじ	4
さくらます	3
さぐりつり	0
さけとり	0
しゃけまんま	0
さけむすび	3
さげまん	0
ささげ	0
ささこぎ	0
ささにしき	3
ささはら	0
ささゆり	2
さざれいし	3
さざれいわ	3
さすらいあり	3
させっぽ	2
さといも	0
さとなずな	3
さなぎがら	0
さなぎこ	0
さなだむし	3
さなぶり	0
さなぼり	2
さねかずら	3
さねぶと	0
さのさ	1
さのぼり	2
さばがら	0
さばきじ	0
さばきすじ	3
さばさし	0
さばずし	2
さばぶし	0
さびいわし	3
さびき	1
さびきしかけ	4
さびきづり	0
さびきばり	4
さびとり	0
さびぬき	0
さびよごれ	3
さむらいあり	3
さむらいだましい	5
さむらいづら	0
さめあな	0
さめづり	0
さめはだ	0
さやみどろ	3
さやよせ	0
さらしこ	0
さらろー	0
さるうで	0
さるおがせ	3
さるかけ	0
さるがお	0
さるとり	0
さるのこしかけ	1
さるぼう	2
さるまか	0
さるまた	0
さるまわし	3
さるやなぎ	3
さるやま	0
しゃれこうべ	3
しゃれこーべ	3
さわがに	0
さわぐるみ	3
さわへび	0
さわりやま	0
さんまずし	3
さーたり	1
ざらがみ	0
ざらせ	0
ざらつき	0
ざらば	0
ざりがにとり	4
ざるがい	2
ざるだ	0
ざんぎ	1
ざんぎどん	0
ざんぐさ	0
ざんぬいゆ	3
しおまねき	3
しおみつ	2
しおりど	3
しかがり	0
しかぼね	0
ししおどし	3
しじみ	0
しじみがい	3
しじみじる	4
しじみとり	3
したば	0
したびらめ	3
しだあぶら	3
しだばい	2
しだれ	3
しだれかつら	4
しだれざくら	4
しだれもみじ	4
しだれやなぎ	4
しとみど	3
しのぎすじ	3
しのりがも	4
しばぐり	2
しばざくら	3
しばむぎ	0
しび	1
しびれえい	3
しびれたけ	3
しびれわな	3
しぶちん	0
しぼりあげは	4
しまあじ	2
しまくとぅば	3
しまことば	3
しまつぐみ	3
しまふくろう	4
しまぶち	0
しまへび	0
しまり	1
しみかくし	3
しみしわ	0
しみとり	0
しめかざり	3
しもじも	2
しもねた	0
しもやけ	0
しもりじかけ	4
しもりだま	0
しもりつり	3
しゃくりざお	3
しゃくりなき	0
しゃちほこ	0
しゃぶ	1
しゃぶづけ	0
しゃれもの	0
しらかし	2
しらがき	0
しらけわらい	4
しらさえび	3
しらさぎ	0
しらたま	0
しらはえ	0
しろはた	0
しらびそ	0
しらみつぶし	4
しりたが	0
しりとり	3
しりぬぐい	3
しろうさぎ	3
しろうずら	3
しろからし	3
しろかわ	0
しろがしら	3
しろがや	0
しろきくらげ	4
しろきじ	0
しろきす	0
しろぎす	0
しろくま	0
しろざ	0
しろすじ	0
しろたまご	4
しろだも	0
しろなまこ	3
しろなまず	3
しろのど	0
しろはつ	0
しろはやぶさ	3
しろはら	0
しろばな	0
しろみて	0
しろわに	0
しわあり	0
しわかくし	3
しわざ	0
しわとり	0
しんどけ	0
しーくぁーさー	4
しーくあーさー	4
しーくわーさー	4
じじ	1
じゃじゃうま	0
じゃりめ	0
じんた	1
すいかずら	3
すかした	0
すかしば	0
すかしゆり	3
すがれおひ	0
すきばさみ	3
すぎえだ	0
すぎかずら	3
すぎっぱ	2
すぎば	0
すくね	0
すぐり	0
すげゆり	2
すごうで	0
すごわざ	0
すさびのり	3
すしおけ	0
すじいもり	3
すじえび	2
すじお	0
すじぐろ	0
すじぼり	0
すじまだら	3
すじもん	0
すすっぺ	2
すすわたり	3
すずかけ	0
すずかけのき	6
すずむし	2
すずめだい	3
すずゆたか	3
すずりいわ	3
すそあき	0
すそば	0
すだじい	2
すちゃらか	2
すっぱだか	3
すっぽんじたて	5
すっぽんたけ	3
すっぽんなべ	5
すててこすがた	5
すながに	0
すなごけ	0
すなもぐり	3
すねがお	0
すねげ	0
すのき	1
すべらひょう	3
すべりひゆ	4
すみいか	2
すみながし	3
すみれいろ	0
すみれも	3
すもももぎ	3
すりこみ	0
ずるめ	0
するめいか	3
するめがため	4
するる	1
すれっからし	0
すーだら	0
ずいゆき	0
ずいがえり	3
ずいき	0
ずいた	1
ずいな	0
ずぶぬれ	0
ずぼつり	2
ずりばい	0
ずりやま	0
ずるだま	0
ずるむけ	0
ずるやすみ	3
ずれあがり	0
ずれはば	2
ずわい	1
ずわいがに	2
せがれ	0
せじろ	0
せっせっせ	1
せどり	0
せのはち	0
せびくぢら	3
せぶり	0
せみくじら	3
せみくぢら	3
せみしぐれ	3
せりあな	0
せりつみ	3
せりふおぼえ	4
せんずり	0
ぜいご	0
ぜんまいじかけ	5
ぜんまいじるし	5
ぜんまいばかり	5
そいなべ	0
そこだら	0
そこもち	0
そっきり	0
そでぐろ	0
そばがき	2
そばがら	0
そばきり	2
そばつゆ	0
そばまくら	3
そばめし	0
そめわけ	0
そりあそび	3
そりいぬ	0
そりこみ	0
ぞろめ	0
たーた	1
たいやき	0
たいらぎ	0
たうなぎ	2
たかさご	0
たかだかきそぃ	5
たかだかきそい	5
たかべ	1
たかまち	0
たからがい	3
たからだに	3
たかりよばわり	4
たかむな	0
たがね	0
たがねいた	3
たがめ	0
たがらし	2
たきまつ	0
たけあずき	3
たけに	0
たけぶき	0
だけぶき	0
たこいか	2
たこいと	0
たこおどり	3
たこおやじ	3
たこがお	0
たこぐさ	2
たこしゃぶ	0
たこつり	2
たこてんや	3
たこべや	0
たこめし	0
たご	1
たすきがけ	0
たたきば	0
ただのり	0
ただぶろ	0
ただめし	0
たちあおい	3
たちうお	2
たちがれ	0
たちきも	0
たちもち	2
たちわる	0
たっつけ	0
たてあな	0
たていた	0
たていと	0
たてぎ	0
たてぐみ	0
たてじま	0
たてじわ	0
たてむすび	3
たてわれ	0
たなぎ	0
たにし	1
たにわたり	3
たぬきおやじ	4
たぬきがお	0
たねいた	0
たねぎれ	0
たねぶた	0
たびらこ	0
たぶのき	1
たまあじさい	3
たまあみ	0
たまくら	0
たまごいろ	0
たまごがゆ	4
たまごたけ	3
たましづめ	3
たましだ	0
たますじ	0
たまばえ	2
たまばち	2
たまふり	0
たまほこり	3
たまほまれ	3
たむし	0
たもぎたけ	3
たゆたま	0
たらじる	0
たらちね	0
たらのき	1
たらのめ	1
たらんぼ	2
たれこみ	0
たれちち	0
たれむしろ	3
たわしあらい	4
たわしがわり	4
たんぽぽね	4
たんぽやり	3
だいろ	0
でーろ	0
だけかんば	3
だしあじ	2
だしこ	0
だしまき	0
だだけ	3
だだっこ	2
だだはまり	0
だにいり	0
だぼあな	0
だぼはぜ	0
だまとり	0
ちからしば	3
ちからもち	3
ちきあぎー	3
ちごがした	3
ちどめ	0
ちぬつり	2
ちぬばり	0
ちびおやじ	3
ちびぐそ	0
ちびげ	0
ちまき	0
ちまきざさ	3
ちゃちゃちゃ	3
ちゃらけ	0
ちゃんこば	0
ちゃんちき	0
ちゃんばらごっこ	5
ちょずば	0
ちょうな	3
ちょびひげ	0
ちょりばな	0
ちょろまかし	0
ちょんまげ	0
ちよにしき	3
ちらしずし	3
ちらばり	0
ちらみえ	0
ちらみせ	0
ちりがみ	0
ちんかす	0
ちんくぐり	3
ちんぐるま	3
ちんちんかも	5
ちんどん	0
ちんぴらおとこ	5
ちんぴらくずれ	5
ちんぴらむすめ	5
つかさんま	3
つがざくら	3
つがに	1
つきだより	3
つきほし	2
つくね	0
つくねじる	0
つくりたけ	3
つけうち	0
つけうり	0
つけえ	0
つけおさえ	0
つけこし	0
つけな	0
つけのび	0
つけばな	0
つけひき	0
つけまわし	0
つげの	0
つじつま	0
つたうるし	3
つだみ	0
つちいろ	0
つちばち	2
つっかけ	0
つっつき	0
つつがむし	3
つつじまつり	4
つつもたせ	3
つづみも	3
つづれおび	4
つなし	1
つのうり	2
つのがれい	3
つのじか	2
つのぜみ	2
つのだし	0
つのまた	0
つばきあぶら	4
つばな	0
つばめうお	3
つばめおもと	4
つばめしじみ	4
つぶがい	2
つぶらめ	0
つぼおし	0
つまかわ	0
つまぐろ	0
つまみかわ	3
つみいれ	0
つむじ	0
つむぶり	3
つめがえる	3
つめくさ	0
つめだに	0
つめやすり	3
つやがみ	0
つやくちびる	3
つやけし	0
つやたば	0
つやだし	0
つやはだ	0
つやむし	2
つらずもう	3
つらめ	0
つらら	0
つりがね	0
つりばな	0
つりふね	0
つりめ	0
つるあずき	3
つるおんな	3
つるかめ	1
つるたけ	2
つるばら	2
つるべ	0
つるべおとし	4
つるまる	0
つるむらさき	4
つわぶき	2
つんでれ	0
つんなめ	0
づきつり	0
てぃーあんだ	3
てかりおさえ	4
てかりどめ	0
てかりはだ	3
てなが	0
てにをは	0
てぃびち	1
てびち	1
てりは	0
てるてる	0
てれわらい	3
てんこち	0
てんこもり	0
てんだ	0
てんてこまい	4
でえこびっき	4
でかあし	0
でかあたま	3
でかぱい	0
でかめ	0
でかんしょ	0
でかんしょぶし	0
でのま	0
でばら	0
でぶねこ	0
でべそ	1
でめ	1
でんだ	0
とうげしば	3
とうごろう	1
とかげおとこ	4
とかげもどき	4
とがいー	0
とがさわら	3
とがり	3
とんがりあたま	5
とがりねずみ	4
ときいろ	0
ときなべ	0
ときやど	0
とげあり	2
とげうお	2
とげみの	0
とこぶし	0
ところてん	0
とさかのり	3
としな	0
とじうち	0
とちおとめ	3
とちもち	0
とちり	3
どっくり	0
とっくりばち	4
とっぴー	1
とどろきわせ	4
とどわら	0
とのやしき	3
とばっちり	0
とびえい	2
とびけら	0
とびこ	0
とびねずみ	3
とびはぜ	0
とべら	0
とみよ	0
とよにしき	3
とらがり	0
とらぎす	0
とらつぐみ	3
とらどし	0
とらねこ	0
とらのお	3
とらばこ	0
とらひげ	0
とりあたま	3
とりかぶと	3
とりがい	2
とりそば	0
とりどんや	3
とりもも	0
とろば	0
とろび	0
とろろ	0
とろろあおい	4
とろろえさ	3
とろろそば	4
とんがりやね	5
とんがりやま	0
とんちき	1
とんびあし	3
とんぼかけ	3
とんぼだま	0
とんぼとり	3
とーすかん	0
どきゅん	2
どさ	0
どさまわり	3
どじばなし	3
どじょうずし	2
どじょうひげ	2
どたま	3
どつぼ	0
どどいつ	2
どどめ	0
どどめいろ	0
どはで	0
どぶさらい	3
どぶどろ	0
どぶね	0
どぶねずみ	3
どべ	1
どやがお	0
どやぐらし	3
どらむすこ	3
どらむすめ	3
どれほど	0
どろかわ	2
どろなわ	0
どろぬま	0
どろばち	2
どろみず	2
どろむし	2
どろめ	0
どろわに	0
どろんこあそび	5
どんぐりがり	0
どんぐりごま	5
どんづまり	0
どんでんがえし	5
どんどこ	1
どんぴこ	0
なおん	0
なかぐろ	0
なかだな	0
なかで	0
なかぶた	0
ながあり	0
ながうに	0
ながうんか	3
ながすくじら	0
ながふし	0
ながりむん	3
なきあひる	3
なきうさぎ	3
なしあじ	0
なしがり	0
なしばたけ	3
なしふぐ	0
なすあたま	3
なすばたけ	3
なぞなぞ	0
なつつばき	3
なつめ	0
なでうし	0
ななかまど	3
ななほし	2
なばな	1
なべぞこ	0
なべはだ	0
なべぶた	0
なまあし	0
なまざけ	3
なまず	0
なまずさわぎ	4
なまずひげ	3
なまなれ	0
なまはく	0
なまはげ	0
なまりづの	3
なみあげは	3
なみしじみ	3
なみへび	0
なめくじ	3
なめくじうお	4
なめくじおんな	5
なめこじる	4
なめとこ	0
なめらびらめ	4
ならたけ	2
なれずし	2
なわしろ	0
なんじゃもんじゃ	4
なーべら	0
においすみれ	4
にがいふち	2
にがむし	2
にがよもぎ	3
にきたま	0
にきびあと	4
にきびかくし	4
にきびがお	0
にきびづら	0
にきびはだ	3
にぎにぎ	1
にこぱち	0
にごい	0
にごろぶな	4
にざだい	2
にしがい	2
にしきぎ	3
にしきごい	3
にしほまれ	3
にしんぐら	0
にしんずし	2
にじきじ	0
にせうらない	3
にせざる	0
にせすずめ	3
にせちん	0
にせはこ	0
にたりくじら	4
にびいろ	0
にぼし	0
にゃんず	1
にゃんにゃん	1
にやけがお	0
にわとこ	0
ぬかどこ	0
ぬかよろこび	3
ぬたもち	2
ぬつぬいん	3
ぬで	1
ぬまがめ	0
ぬまがや	2
ぬまじか	2
ぬまわに	0
ぬめかわ	0
ぬるで	0
ぬれば	0
ねあか	0
ねえや	1
ねぎあぶら	3
ねぎいり	0
ねぎしお	0
ねぎそば	0
ねぎだく	0
ねぎづくり	3
ねぎとろ	0
ねぎばたけ	3
ねぎやき	0
ねこあつめ	3
ねこがた	0
ねこざめ	2
ねこじゃらし	3
ねこたこ	0
ねこだまり	0
ねこげ	0
ねこぬま	0
ねこばば	0
ねこぶ	1
ねこま	0
ねこまた	0
ねこまっしぐら	1
ねこみみ	0
ねこやなぎ	3
ねざめ	0
ねじあな	0
ねじくぎ	2
ねじしめ	0
ねじづくり	3
ねじばな	0
ねじまき	2
ねじまわし	3
ねじればね	3
ねじれも	0
ねずこ	0
ねずみあな	3
ねずみいろ	0
ねずみおとこ	3
ねずみとり	3
ねずとり	0
ねずみのみ	3
ねずみふぐ	4
ねずみぶくろ	4
ねずみもち	3
ねたあかし	3
ねたあつめ	3
ねたさがし	3
ねたづくり	3
ねたどり	0
ねたばなし	3
ねたばらし	3
ねだに	0
ねばつき	0
ねむのき	1
ねりげ	0
ねーかー	0
のげおとし	3
のしいか	2
のしば	0
のしめ	3
のすり	0
のだな	0
のどあめ	2
のどぐろ	0
のどちんこ	3
のどぼとけ	3
のどわ	0
のねずみ	2
のびえ	1
のぶすま	2
のぼせ	0
のまめ	0
のみうち	0
のりあみ	0
のりうつぎ	3
のりまき	2
のりわら	0
のろけばなし	4
のろじか	2
はいたか	0
はいばち	1
はえたたき	3
はえね	0
はかしばあ	4
はからめ	0
はがつお	2
はきり	0
はぎれ	0
はぐれむん	0
はけぐち	2
はけぬり	0
はげあたま	3
はげおやじ	3
はげかつら	3
はげづら	0
はげねずみ	3
はげやま	0
はこがめ	0
はこした	0
はこふぐ	0
はこやなぎ	3
はごろも	0
はさみとぎ	3
はさみむし	3
はしたがね	0
はしばみいろ	0
はしびろ	0
はしりどころ	4
はじち	1
はじろ	0
はすこ	0
はすずし	2
はすまつり	3
はずれくじ	3
はぜ	1
はぜつり	2
はぜのき	1
はたけしめじ	4
はたざお	0
はたたて	0
はたねずみ	3
はたはたずし	4
はため	0
はたらきあり	4
はたんぽ	2
はだかいわし	4
はちぐみぐわー	5
はちつり	0
はちどり	2
はとむね	2
はなあおい	3
はないかだ	3
はないかり	3
はなかぜ	0
はなかつお	3
はながら	0
はなごけ	2
はなすすき	3
はなたで	0
はなだい	2
はななめ	0
はなにら	0
はなばち	2
はなひり	0
はなみょうが	3
はなむぐり	3
はなもも	0
はなやなぎ	3
はにかみや	0
はにわがお	0
はねあげ	0
はねあり	0
はねかくし	3
はねこみ	0
はねつるべ	3
ははそ	0
ははや	2
はぶんちょ	2
はまあざみ	3
はまうり	2
はまかんざし	3
はまき	0
はましぎ	0
はますげ	2
はまだら	0
はまびし	2
はまゆう	2
はむし	0
はめころし	0
はもぐり	2
はもずし	2
はもちり	0
はやなれ	0
はやりことば	4
はらあか	0
はらたけ	0
はらなが	0
はらびろ	0
はらへらし	3
はらぺこ	0
はらめ	0
はりあり	2
はりぎり	2
はりこし	0
はりしかけ	3
はりたけ	2
はりだし	0
はりねずみ	3
はんのき	1
はりびゆ	0
はりぼて	0
はりもぐら	3
はりよ	0
はりんこ	0
はるぜみ	2
はるにれ	2
はれもの	0
ばした	0
ばたあし	0
ばたらげ	0
ばちがわり	3
ばったがた	0
ばっぱあ	1
ばねした	0
ばねじかけ	3
ばねゆび	0
ばらうり	0
ばらたなご	3
ばらづみ	0
ばらまど	0
ばんだくいな	4
ぱいずり	0
ぱいぬまや	3
ぱくりねた	0
ぱくりもん	0
ぱさつき	0
ぱしり	1
ぱちもの	0
ぱちもん	0
ぱちんこうち	4
ぱちんこぐるい	5
ぱちんこだま	0
ぱっちりめ	0
ぱらじ	1
ぱんとぅ	1
ぱーんとぅ	1
ひあり	0
ひいらぎ	1
ひかりくじら	4
ひがら	0
ひっかけ	0
ひきがえる	3
ひきもの	0
ひぐまよけ	0
ひげいた	0
ひげおやじ	3
ひげだい	2
ひげね	0
ひげぶと	0
ひげまわり	3
ひこばえ	0
ひさご	0
ひざげり	0
ひざたけ	0
ひざら	0
ひしば	0
ひしばった	3
ひじき	1
ひじきまつげ	4
ひたき	0
ひだりまき	0
ひっきー	1
ひつじぐさ	3
ひつじぐも	4
ひとざる	0
ひとじらみ	3
ひとづら	0
ひとに	0
しとはな	2
ひとりしずか	4
ひどろた	0
ひながも	0
ひなすすき	3
ひなどり	2
ひねか	0
ひねどり	2
ひばかり	2
ひまわりあぶら	5
ひまわりばたけ	5
ひめあじさい	4
ひめう	0
ひめうずら	3
ひめぐも	3
ひめこうぞ	3
ひめしじみ	3
ひめだか	2
ひめねずみ	3
ひめのり	2
ひめばち	2
ひめほたる	3
ひめゆり	2
ひもあれ	0
ひもくつ	0
ひもろぎ	0
ひややっこ	3
ひょうな	0
ひょっとこ	0
ひょっとこがお	0
ひょろお	0
ひよこいろ	0
ひらうち	0
ひらきづめ	0
ひらくさ	0
ひらたむし	3
ひらまさ	0
ひらまめ	0
ひらむし	2
ひらめがお	0
ひらめづり	0
ひるがお	0
ひるがほ	0
ひるめ	0
ひれあし	0
ひーじゃー	1
びたおし	0
びっきっぱ	3
びっくりみず	4
びっこ	1
びったれ	0
びらくばり	3
びりあらそい	3
びりけつ	0
びりっけつ	2
ぴたーん	2
ぴんころ	0
ふえふき	4
ふかせづり	0
ふかんど	2
ふきながし	0
ふくろうに	3
ふくろおおかみ	4
ふくろぎつね	4
ふくろたけ	3
ふくろだけ	3
ふくろむし	3
ふくろもぐら	4
ふくろももんが	5
ふぐさし	0
ふぐちり	0
ふぐや	2
ふぐり	1
ふけかゆみ	0
ふけがお	0
ふさすぐり	3
ふさも	2
ふしあな	0
ふしあり	0
ふしぐろ	0
ふじばかま	3
ふすまこうじ	4
ふたまた	0
ふちかざり	3
ふっしゅ	1
ふでいし	0
ふでばこ	0
ふところえだ	0
ふところば	0
ふところめ	0
ふなくい	0
ふなずし	2
ふなだま	0
ふなつり	2
ふなむし	2
ふゆいちご	3
ふゆな	0
ふりかわり	0
ふりちん	0
ふりむん	1
ぷりむん	1
ふるいかす	4
ふろおけ	3
ふろぎらい	3
ふろこうじ	3
ふんどしすがた	5
ぶおとこ	2
ぶたいも	0
ぶたくさ	0
ぶたげ	0
ぶたこま	0
ぶたばこ	0
ぶたばな	0
ぶたむし	2
ぶちぎれ	0
ぶっちぎり	0
ぶなこ	0
ぶなしめじ	3
ぶなばやし	3
ぶらくり	0
ぶらんこのり	4
ぶらんこまつり	5
ぶりこ	3
へぎ	2
へぎぬり	0
へくそ	0
へげきず	0
へこおび	0
へこたれ	0
へそした	0
へたむし	2
へだい	0
へちま	0
へちまえり	3
へっつい	0
べっつい	0
へびいちご	3
へびおんな	3
へびがい	2
へびがら	0
へびがわ	0
へびたまくり	3
へびとり	0
へびとんぼ	3
へびふえ	0
へびみち	2
へべ	1
へぼきゅうり	3
へらがに	0
へらさぎ	0
へらざお	0
えらじか	0
へらじか	0
へらやがら	3
べこ	1
べごのした	1
べたぐみ	0
べたつき	0
べたぼめ	0
べたぼれ	0
べっちょ	1
べとつき	0
べにうつぎ	3
べにかなめ	3
べにさけ	0
べにしじみ	3
べにしだれ	3
べにはし	0
ぺけじるし	3
ぺろぐり	0
ほうきぐさ	3
ほうきぼし	3
ほうのき	1
ほうはいぶし	0
ほえざる	3
ほえずら	0
ほおかむり	3
ほおじろ	0
ほおひげ	0
ほこら	0
ほこりおとし	4
ほこりかび	3
ほこりたけ	3
ほこりとり	3
ほしがらす	3
ほそば	0
ほそへり	0
ほぞあな	0
ほだぎ	0
ほたるいし	3
ほたるぶくろ	4
ほったて	0
ほっぺ	1
ほっぺた	3
ほととぎす	3
ほめことば	3
ほめごろし	0
ほやかい	2
ほりぶか	0
ほんだわら	3
ほーるざー	1
ぼかしごえ	0
ぼっくり	1
ぼけあし	0
ぼけあじ	2
ぼけおとこ	3
ぼけじい	3
ぼけなす	0
ぼけねた	0
ぼした	1
ぼたやま	0
ぼっさ	1
ぼったくり	0
ぼったくりよばわり	6
ぼてかずら	3
ぼてふり	0
ぼぼひき	0
ぼや	1
ぼやき	3
ぼやさわぎ	3
ぼろかぶ	0
ぼろがい	2
ぼろがち	0
ぼろぎ	0
ぼろぎく	2
ぼろまけ	0
ぽこちん	0
ぽっとで	0
ぽんこつぐるま	5
ぽんぽこりん	5
まあじ	0
まあて	0
まいるか	2
まいわし	2
まうがん	1
まえあか	0
まえもち	0
まおとこ	2
まかこ	1
まかじき	2
まがいもの	0
まがき	2
まがたま	0
まがつお	2
まがも	0
まがりばな	3
まがれい	2
まきがい	2
まきむし	2
まくさ	1
まくらがい	3
まぐれあたり	4
まぐろつり	3
まぐろとろ	4
まぐろぶし	0
まけじまい	3
まこがれい	3
まこも	0
まごち	0
まごちゃ	0
まさば	0
まじむん	1
まずむん	0
ますずし	2
ますのすけ	0
まぞい	0
まだか	0
またけ	0
まだに	0
まだらいるか	4
まだらか	3
まちはば	2
まついか	2
まつかさ	3
まつしめじ	3
まつすぎ	0
まつほど	0
まつぼっくり	3
まつむし	2
まつよい	1
まづめ	0
まてがい	2
まてば	0
まとこ	0
まながつお	3
まなぐひ	0
まはぜ	0
まはた	0
まひわ	0
まぶすけ	0
まぶだち	0
まぶな	0
まみあな	0
まむしぐさ	3
まめあじ	2
まめおとこ	3
まゆずみ	2
まゆばち	2
まるあじ	0
まるかんじき	3
まるづけ	0
まるば	0
まるばれ	0
まわりぶろ	4
まーた	1
みあれ	0
みかじめ	0
みかどきじ	3
みきいと	0
みぎわばえ	3
みくじ	0
みこともち	3
みこばち	0
みこばー	3
みごしらえ	2
みざくら	2
みじゅん	1
みずあお	0
みずあおい	3
みずうお	2
みずかます	3
みずがらし	3
みずごけ	0
みずたま	0
みずなぎ	0
みずにら	0
みずにれ	0
みずばち	2
みずひき	4
みずひまわり	4
みずへび	0
みずみみず	3
みずめ	0
みそさざい	3
みぞおち	0
みぞかくし	3
みぞさなだ	3
みぞそば	0
みちいと	0
みちぼうき	3
みちやなぎ	3
みつかど	0
みつがしわ	3
みつぐま	0
みどりがに	3
みどりがめ	3
みどりざる	4
みどりしじみ	4
みどりのすず	1
みどりふぐ	3
みどりべら	4
みどりむし	3
みなみひかり	4
みねばり	0
みのかさご	3
みのむし	2
みみずく	2
みみずばれ	0
みみずふろ	0
みみだれ	0
みみな	0
みやこざさ	3
みやこたなご	4
みやこどり	3
みやばしら	3
みやましじみ	4
みょうがたけ	3
みょうがひよどり	5
みるがい	2
みろしぇびっち	4
みんさあ	0
ぬかご	0
むかご	0
むかさり	0
むかしよもぎ	4
むかっぱら	0
むかで	0
むかれづき	3
むかれつき	3
むかいどき	0
むかれとき	0
むかれどき	0
むきえ	0
むきえび	2
むぎばたけ	3
むくどり	2
むぐら	0
むさかり	0
むしかり	0
むしくさ	0
むしず	0
むしぶろ	0
むしゃーま	2
むしろほ	3
むじな	0
むじないぶし	4
むじなも	3
むだあし	0
むだげ	0
むだばなし	3
むだめし	0
むなくそ	0
むなぐろ	0
むぬしり	3
むねあか	0
むねうち	0
むらいき	0
むらぐい	0
むらさきいも	4
むらさきかたばみ	5
むらさきがい	4
むらさきしじみ	5
むらさきつつじ	6
むらさきつばめ	5
むらさきのり	4
むらさきほこり	4
むらざかい	3
むらづき	0
むらはずれ	3
むらやけ	0
むろあじ	2
めあじ	1
めいた	0
めかじき	2
めかぶ	1
めがい	1
めくじら	2
めしごしらえ	3
めしどき	0
めしぬき	3
めしべ	1
めじまぐろ	3
めすあか	0
めすおおかみ	3
めすおや	0
めすかぶと	3
めすがわ	0
めすぐま	0
めすとら	0
めすどり	2
めすねこ	0
めすねじ	0
めだけ	1
めぢから	2
めなもみ	0
めばる	0
めばるつり	3
めぼそ	0
めめ	1
めんそーれ	3
めんどり	0
もえぎ	0
もくず	0
もぐらたたき	4
もぐらづか	3
もだま	0
もちのき	1
もちはだ	0
もていろ	0
もておとこ	3
もてがお	0
もてこ	1
もとかの	0
もぬけ	0
ものあまり	3
ものおじ	0
ものばなれ	3
もみがら	0
もみじば	3
もみぼっくり	3
ももあげ	0
ももたまな	3
ももづくり	3
もやしつつき	4
もろこ	0
もろばれ	0
もろみ	0
もんぺすがた	4
もーか	1
もーかざめ	3
やいと	0
やいとばな	3
やえほ	1
やきいも	0
やきめし	0
やぎがわ	0
やぎひげ	2
やぐるま	2
やけくそ	0
やご	1
やさ	0
やさおとこ	3
やじうま	0
やすけ	0
やすりうけ	0
やすりくず	4
やせちび	0
やせでぶ	0
やせび	2
やぞー	0
やたがらす	3
やだけ	1
やっかみ	0
やつぎ	3
やつめ	0
やどかり	0
やどりにな	4
やどりばえ	3
やなぎがれい	4
やなぎたけ	3
やなぎむし	3
やにおとし	0
やにすじ	0
やばす	2
やぶいぬ	0
やぶからし	3
やぶがらし	3
やぶつばき	3
やぶへび	0
やぶまめ	0
やぶみょうが	3
やぶむらさき	4
やぶやま	0
やぶれがさ	3
やまあらし	3
やまあり	2
やまうぐいす	4
やまうるし	3
やまがつ	0
やまがめ	0
やまぐり	2
やまげら	0
やませみ	0
やまつみ	0
やまとりかぶと	5
やまとんちゅ	3
やまにんず	3
やまねこ	0
やまぶき	2
やんぼし	0
やまべ	0
やままゆ	0
やまもみじ	3
やまゆり	2
やみごめ	0
やみつき	0
やもめ	0
やもめぐらし	4
やもり	1
やりがんな	3
やりちん	0
やりて	0
やりへや	0
やんまつり	3
ゆうすげ	0
ゆうまだら	3
ゆきざさ	2
ゆきだお	0
ゆきつばき	3
ゆきどり	2
ゆきのした	3
ゆきもち	2
ゆきやなぎ	3
ゆきわり	0
ゆすらうめ	3
ゆすりか	3
ゆずりは	0
ゆみどり	0
ゆめづくり	3
ゆりかご	0
ゆりね	0
ゆりのき	3
ゆりまつり	3
ゆれも	0
ゆんた	1
ゆーえぬてぃーえーいーてぃー	11
よいさあ	0
よいとまけ	0
よいまか	0
よがり	0
よこいと	0
よこじま	0
よこわ	0
よこわり	0
よごと	1
よごれおとし	4
よさこいぶし	0
よさほい	0
よしきり	0
よしず	0
よしのぼり	3
よたか	1
よだれかけ	3
よで	1
よねぼ	0
よま	0
よみがな	0
よみすじ	2
よめどり	0
よめな	0
よもぎとり	3
よもぎばたけ	4
よりもどし	3
よるいち	2
よろい	0
よろいかぶと	4
わお	0
わかおっかあ	5
わかけ	0
わかさぎつり	4
わかさぎに	0
わかんむり	2
わがままおんな	5
わきあせ	0
わきつれ	0
わきづれ	0
わくど	1
わけぎ	2
わこう	1
わさびおろし	4
わさびなえ	3
わしたか	0
わすれなぐさ	3
わたあめ	2
わたすげ	2
わたりがに	3
わたりがらす	4
わたりばった	4
わだち	0
わに	1
わにがわ	0
わびすけ	2
わむし	1
わらいたけ	2
わらいだけ	2
わらえび	2
わらくず	3
わらじ	0
わらじむし	3
わらなわ	0
わらびもち	3
わらびんちゃー	3
わらぶき	0
わるき	0
われもこう	0
われもの	0
わろす	0
あばら	0
いこう	1
いのー	0
おんじ	1
がしら	3
からたち	0
かりや	0
さが	1
すぎな	0
そっ	1
だんぼ	1
ちがや	1
はざ	1
はすいけ	0
ふぉんてーぬ	3
ふらつき	0
へみんぐうぇい	1
べっくまん	1
みしぇいる	2
みしぇーる	2
みっしぇる	1
みつしえる	1
ゆすり	0
いわのふ	1
えるあーるてぃー	6
おっかあ	3
かりあげ	0
くね	1
さかき	0
しむ	1
じゃいあん	1
すがら	1
つぐみ	0
でぃーえーえっくす	5
とかげ	0
とんび	1
のうま	1
はいや	1
ふらんつぃ	2
ぶゆ	1
ぶよ	1
もなくな	0
ゆかた	0
よれ	0
うみう	0
うんか	1
おうま	1
おしつぶし	0
たらば	0
でぃおん	1
にしかぜ	0
ぬた	0
はだか	0
ひざ	0
ぴーじーあんどいー	8
みぞれ	0
むき	1
ゆーえーぶい	5
ろざ	1
わかれ	3
あいあいえすえす	7
あいあいしー	5
あいいーえー	5
あいえすあい	5
あいえぬあーるえー	8
あいえぬえーえむ	7
あいえぬぴーえす	7
あいえふあーるしー	8
あいえふぴー	5
あいえむしーおー	7
あいえるおー	5
あいえるじーえー	7
あいえーえーえふ	7
あいえーてぃーえー	7
あいえーゆー	5
あいしーえーおー	7
あいてぃーじぇー	5
あいてぃーてぃー	5
あいてぃーてぃーえふ	7
あいてぃーてぃーおー	7
あいでぃーえいちいーしー	10
あいびーえふ	5
あいゆーぴーえーしー	9
あんるわ	1
あーるあいびーえー	8
あーるけーびー	6
いらち	0
いーあいいー	5
いーあいえーじぇー	7
いーあいゆー	5
いーえすぴーえぬ	7
いーえむあい	5
いーさ	1
いーぴーえすてぃー	7
いーぴーえー	5
うんぬ	1
えいちえむぶい	6
えすいーでぃー	5
えすだぶりゅーあいえふてぃー	11
えすてぃーねっと	5
えすぶいえー	5
えぬあいえる	5
えぬあーるえー	6
えぬいーあーるえすえー	10
えぬえすゆー	5
えぬえるでぃー	5
えぬえーえすえすしーおーえむ	13
えぬえーぴーえむ	7
えぬしーてぃーいー	7
えぬびーいーあーる	7
えぬゆーえー	5
えぱ	1
えふあいえぬえー	7
えふあいぶいびー	7
えふえいちじぇー	6
えふえぬいーしー	7
えふた	1
えむあいじーえー	7
えむいーえむてぃーてぃーえー	11
えれっく	1
えーえいちえー	6
えーえすしーおー	7
えーえぬでぃーあーるえー	10
えーしーえす	5
えーしーえるゆー	7
えーぴーあいしーえぬいーてぃー	13
えーぴーえる	5
おあぺっく	1
おーえすしーいー	7
かせ	1
けーえーえる	5
けーけーあーる	5
けーけーけー	5
けーでぃーでぃー	5
けーでぃーでぃーあい	7
こむさっと	3
さっちゃー	1
ざらし	0
しあとー	1
しぷり	1
しゃぺる	1
しーあいえーてぃー	7
しーあんどだぶりゅーえいちけーてぃー	10
しーあんどだぶりゅーえいちけーてぃーあい	7
しーいーえぬてぃーおー	9
しーえむえーえーおー	9
しーおーてぃーえーえる	9
しーでぃーびー	5
しーぶいえす	5
じぇいだ	1
じぇーあいえるえーえふ	9
じぇーあいしーえすてぃー	9
じぇーあーるえー	6
じぇーあーるじぇー	6
じぇーえいちぴー	6
じぇーえーあーるおー	8
じぇーおーえー	5
じぇーおーでぃーしーおー	9
じぇーしーあいえふ	7
じゃぴお	1
じゃふ	1
じゅおん	1
じーいーしー	5
じーえむびーえいち	7
じーえーぴー	5
じーしーあーるえー	8
じーびーえる	5
すみす	1
すわぽ	1
せるん	1
ぜっとてぃーびー	6
つづき	1
てぃーおーえむ	5
てぃーだぶりゅーえー	7
でぃーえるじぇー	5
ないのあ	0
なすだ	1
にんじゃる	0
はやと	1
びゃく	2
びゃっ	2
ぴゃく	2
ぴゃっ	2
ひゅーご	1
びーえいちぴー	6
びーえむじー	5
びーおーえーしー	7
びーぴーおー	5
ぴーあんどおーしーえる	10
ぴーえーてぃーえー	7
ぴーじぇーえむ	5
ぶいおーゆー	5
ぶうぶ	1
ぷれすりー	2
べーとーゔぇん	3
ぺーえすばゆ	5
ほーこん	1
まりべる	1
みんおん	0
めいさー	1
もじこ	1
ゆにーど	2
ゆーえすあーるえすえー	10
ゆーえすぴーてぃーおー	9
ゆーぴーえぬ	5
わうわう	0
わの	1
いれこみ	0
えいちてぃーけー	6
おんばこ	0
おーえふでぃーえむ	7
すみれ	0
どすとえふすきー	6
にわとりらん	4
ぴーあーるあい	6
ふりだし	0
めしつぶ	3
やしま	0
ゆーしー	3
あぶどら	0
かたくり	2
じーぶいだぶりゅー	5
ちろり	1
であどりー	2
のばら	1
ひらめき	0
ゔぃーち	1
ふらんこ	2
りんぜい	1
わるもん	0
えぬいーぴー	5
えるあーるぶい	6
かみくら	2
ぐっどうぃる	4
そそ	1
はいね	1
ひづめ	3
ほと	1
もちもち	1
らゔぇる	1
あろんそ	2
おどろ	0
かいちょう	0
がすとん	1
とんどやき	0
ばんさん	1
ゔぁんさん	1
ひよわ	0
ぴーえすぶい	5
べーとーべん	3
あーるでぃーえっくす	6
いしかり	2
えすびーえす	5
ふぇるなんど	3
うみんちゅ	2
うりっぱ	2
くえんてぃん	2
どなとー	1
どぬーぶ	2
ぴーえるしー	5
ぽー	1
まはむーど	3
あいえむいー	5
ありえる	1
いぶらひむ	3
えーえすあいしー	7
がつお	0
かぶき	0
きろわっとあわー	6
ごだ	1
さんどらー	1
じぇらーど	2
すてゅわーと	3
でぃーえいち	3
とーます	1
なまり	0
にこらい	1
よた	1
えふあーる	3
おやこ	1
がすみ	0
くちき	0
ごう	1
ぱとりっく	3
ほめえろす	3
ほめーろす	2
ほーめる	1
またい	1
あーるえぬえー	6
いかめし	0
いでたち	0
とりや	0
びゅーれん	1
ふぃり	1
ぼんふれーる	4
まりも	0
かんぶ	1
くろえ	1
こーい	1
しのー	1
ちゃーりぃ	1
ちゃーりい	1
なめ	2
ふぃっつじぇらるど	5
まつおか	2
もとゆい	3
もろこし	0
あるまるきー	3
いなさ	0
きだち	1
でぃーえすえる	5
びーえぬぴー	5
ふきだし	0
まうりしお	3
ろびーにょ	2
しと	0
たわみ	3
まいくる	1
まどぅ	1
もおり	1
とびら	0
うぉーりー	1
うど	1
えいちぴーえすじー	8
おたふくかぜ	4
しゃち	1
しゅのー	1
しんご	1
のむら	0
よこしま	0
らじゃび	1
れゔぁいん	2
うぇぬす	1
がえ	1
ぢゅりあーに	3
だらし	0
びのす	1
ゔぃなす	2
ゔぇにゅす	1
ほうりこみ	0
むだぐい	0
えびじょんいる	3
えりつぃん	1
しゃけ	1
しーえすしーいー	7
てかっ	2
どのばん	1
ぺけ	1
まるろー	1
あるばろ	0
あーるえーあい	6
えぐり	0
おおみかみ	3
おほみかみ	3
かれが	1
けいん	1
こるびん	1
しゃろん	1
ぴーしーえむ	5
ふぃーご	1
ぶう	1
かけあがり	0
かけだし	0
きゅーえる	3
さーれむ	1
なご	1
のーら	1
ぼあん	1
ろばーつ	1
あんに	1
うぉざーすぷーん	5
えーれん	1
しぎ	1
すぐき	1
ともみ	0
よーよー	1
わいないな	3
わるもの	0
ありあーぬ	3
えどぅ	1
えみーる	2
えーびーえっくす	5
ぐりふいん	1
しらみ	0
にくすん	1
ばらまき	0
ばぐまん	1
ぴーえふあい	5
めど	1
わらし	1
うずめ	0
えぬえすじー	5
おうえん	1
おおえん	1
おーえん	1
ぎっ	0
すそ	0
でぃーあいわい	5
でんでんむし	3
でいゔ	1
にかわ	0
みれる	1
れす	1
あけぼの	0
えっくすえいちぴーえすじー	12
おに	2
おうぇん	1
じゃすてぃん	1
ににょん	1
ふえるなんです	4
へるなんです	3
やまかど	2
れこ	1
あいしーえふ	5
あーま	1
えすえるぴー	5
おーぶいえる	5
くらうす	1
ぐすまん	1
こくち	0
ごーどん	1
しーえすあーる	5
せしーる	2
ひきおこし	0
ふくしま	2
ほーすと	1
むくただ	2
りーふぇんしゅたーる	6
あらでぃん	1
えぬてぃーえす	5
ぐーると	1
こごめ	0
こやし	3
さぶろー	0
つぁん	1
はうぃ	1
ふぇるぷす	1
みるこ	1
ろっし	1
あれくさんどろす	6
いぬい	1
おさき	0
げらーる	2
こげ	2
すぴのーざ	3
にぷたさ	0
はさん	1
ふぃっつらんどるふ	6
えすあいてぃーしー	7
えっふぇる	1
さんかん	1
しょこる	1
ひみず	1
ぶのわ	1
らさーる	2
あーのう	1
いーえすえす	5
えなん	1
たり	1
ななひゃっ	2
なまぐさ	0
ねるすん	1
びるんぼーむ	4
ぷらとん	1
ゆーや	1
るぶらん	1
わりーど	2
がーしゅうぃん	3
きのっく	1
じーえぬゆー	5
みあい	1
めざし	0
らむり	1
るごば	1
わーあっ	1
あーるじー	4
いさどら	0
いーだ	1
うおおかあ	1
おおとり	0
がーぷ	1
けいぶる	1
じんぎす	1
ぢんぎす	1
である	1
ばーっ	0
やすし	1
あれさんどろ	3
えぬいーえー	5
えむおーえふ	5
おーてぃーおー	5
がうり	1
きはだ	0
くりんと	2
けどー	1
ちっく	1
ぴーでぃーえー	5
ふらうんほーふぁー	5
ぶろんふまん	2
ぼおん	0
ぼるさりーの	4
らいなす	1
りっきー	1
かばじぇろ	0
じぇーそん	1
なかもと	2
なすまん	1
ばんどこ	0
ぷらんく	2
いぇふぃむ	1
うぃりす	1
うけあい	0
えふびーあい	5
がち	1
でぃーえーしー	5
とれど	1
なべ	1
へーしんく	1
ほめいに	2
まうん	1
まこ	1
あきれ	1
えた	1
かもめ	0
きゅーおーえる	5
ぐるーの	2
じぇんきんす	1
じょーじー	1
ずべいだ	2
でぃーえふてぃー	5
ばらく	1
ゔぁんめあ	0
ゔぇん	1
ぺら	1
まろじゃーん	3
らんぼお	1
あいでぃーえす	5
あんぐれ	1
いーでぃ	1
えーあーるえふ	6
おどねる	1
ざーいど	1
しんでれら	3
じだん	1
じんだーまん	3
せるじお	0
のつと	1
はーしゅばーぐ	4
ぱすとらな	0
ぶらひみ	0
まくり	0
あーるぶいえすえむ	8
きゃさりん	1
きゃとらる	1
じっぷ	1
せら	1
だいだい	3
だゔぇんぽーと	4
ねぷちゅーん	3
ゆーえいちえふ	6
おっぺけぺえ	5
おーえすしー	5
きゃぶれら	0
じゅーるだん	1
たもり	1
どびゅっしー	2
びんらーでぃん	3
かさつぶり	3
くらう	2
すき	2
でぃーえるしー	5
とむすん	1
はんくす	1
ふぇるなんじーにょ	5
りゅしあん	1
るるーしぇ	2
ろうれんす	1
ろおれんす	1
あいあーるえー	6
あいえすぴー	5
えふえーてぃー	5
かいり	1
かごう	1
かそん	1
ぎじぇっと	2
しーあいおー	5
じゅりあん	1
すてぃーぶんそん	4
せばーぐ	2
どる	1
ひどー	1
まいや	1
もじりあに	3
わらわ	1
おとくに	2
かちょうそん	2
かとりーぬ	3
じうじあろ	3
づめ	2
ぴーえーえすおーけー	9
ぶるーとぅす	2
へるすとろむ	4
けいんず	1
すぺんさー	2
はんにばる	1
ひっかかり	0
ふぐ	1
ぶりっじまん	2
いやーん	2
いやーっ	2
えーとっく	1
かーでっく	1
だにえる	1
につ	0
にっっ	0
ふれでぃー	2
まっかーさー	3
みぎ	1
りおす	1
わいらー	1
あれっくす	2
おーぴー	3
かだふぃ	1
げっべるす	1
しんどばっと	4
ぜうす	1
はも	1
あいんぜん	2
えいちあいでぃー	6
えむえむえー	5
かしやのふ	3
じーえすえむ	5
なぁ	1
ふぁとま	1
みらんだ	2
ようぇり	1
れむらー	1
わいあいてぃーえす	7
あべる	1
あーみてーじ	4
えふえぬ	0
ぎよう	1
くらくすとん	3
けねす	1
そるじぇにーつぃん	4
てぃーえむでぃー	5
とるしえ	2
のると	1
ふるとゔぇんぐらー	4
ゔぇるれーぬ	3
ゔぇるれえぬ	3
ゔぉるく	1
ありあす	1
あるほばいじぃ	4
いあん	1
おばま	1
かーたー	1
くあんゆー	2
くせだま	0
げっぱーと	3
しーえむいー	5
じゅーじあーろ	4
じょばんに	2
しゅちゅわーと	3
すちゅあと	2
すちゆあると	3
たかみ	0
ただごと	0
だーりふ	1
にいちぇ	1
にいちえ	1
にーちえ	1
にーつえ	1
はびび	1
ぺるり	1
まゆみ	0
もんてしのす	4
らとがーず	3
あいーだ	2
あらーど	2
あんどりゔぇ	3
えむえるえすえー	7
えるたぐ	0
ぐるっく	2
ぐろーさー	2
さかさ	1
ざゔぃえる	1
しゃべ	1
すうがく	0
ばうあー	1
ぴーえいちぴー	6
まっかーしー	3
もたれ	3
りーあん	1
れーもん	1
れーへんすべるふ	6
あらうぃ	1
あるふぉんそ	3
いーあーる	3
うえすともーらんど	5
しゅーべる	1
じぇれみー	1
じゃまり	1
でぃじー	1
ばつは	1
ひでぃんく	1
ひみこ	1
べっかー	1
ろむ	1
わいべる	1
あやっぺ	2
いそっぷ	2
えらん	1
えるばらだい	4
かーうそん	1
かーるすん	1
しぇいら	1
しーびーおー	5
じぇーてぃーびー	5
たらんてぃーの	4
ばんば	0
ばーくり	1
ばーくりー	1
ふらんしす	2
ぶいおーしー	5
ぶるっきんぐず	4
へくとーる	3
まだい	0
もりぃ	1
やぬす	1
あいえーあい	5
あるふれっど	4
いーえふ	3
いーてぃーおーえす	7
かえり	3
かぷらん	1
じぇーむず	1
はたみ	0
ばるとろめお	4
ほぃっとにー	2
まりす	1
むー	1
もーつぁると	1
よーぜふ	1
あいぴーえす	5
あんとわねっと	5
えーだぶりゅーあーる	7
かがめ	1
けむらー	1
こくとー	2
ごーがん	1
だんてす	1
ちぇいにー	1
てっする	1
でぃーでぃーあーる	5
でりだ	1
どろしー	1
べあーる	2
みろしぇゔぃっち	4
みんたまーのてつ	6
めありぃ	1
えるいー	3
えるぴーじー	5
えーてぃーえー	5
かねばらい	3
しゃーりー	1
じゃざらん	1
じーざす	1
ちゃんぴー	1
てい	1
どいる	1
どなるど	2
のるべると	3
はりんとん	2
びーぜっとぴー	5
ふぁひーむ	2
へみんぐうぇー	1
ぺるてぃえ	0
めんです	1
らふぁいえっと	2
らぶろ	1
るのあーる	3
るゔぁにえ	2
かいよー	1
くれめんず	2
こえりょ	1
しゅみっと	1
じょーぶ	1
ぢょーゔ	1
すぺいと	2
たつお	0
どすとえふすきい	6
どみにこびっち	5
にっ	0
はいねっけ	3
ぷれすりい	2
めーさー	1
りんぜー	1
あがん	1
あぬい	1
えむぶいえぬおー	7
えるあーる	3
おおものぬし	4
からゔぁっじお	3
でいゔず	1
にぱっ	2
ばくーにん	2
ぱるめ	1
ふろいと	0
ぶと	1
ゆーじん	1
ろるふ	1
あんとにお	3
いんぐりっと	4
えすえむえす	5
がんぷ	1
きちのすけ	0
くぇんてぃん	2
さがん	1
さげ	2
しが	1
しすたに	2
すてぃーぶん	2
でぃらんど	2
もんちき	0
えくに	1
えすぴーでぃーしー	7
えるでぃーしー	5
がーしゅいん	1
こだーい	2
しだ	1
しゃらぽわ	0
じぇべ	1
せりーぬ	2
そくらてす	3
だすてぃん	1
どーてー	1
はりり	1
ふらんそわ	2
へんぜる	1
ぼんず	1
めぐ	1
よはね	1
りっじお	1
あやぱん	0
あれくさんどる	4
えぬえふえる	5
がっばーな	3
こせる	1
しすらー	1
しーあいえす	5
しーえすえむいー	7
すーじー	1
とうます	1
とおます	1
におべ	1
はっかく	0
ばいかー	1
びび	1
ぺねろぺ	0
まくらーれん	3
ろいす	1
わーぐなー	1
あぜま	1
あれっしぃ	2
えかりあん	2
えぶなー	1
おーぎゅすと	1
きちか	1
しじくれい	3
しーてぃーしー	5
じゃあふぁり	1
じょんそん	1
でるまー	1
どのゔぁん	1
にゅーとん	1
ふろう	1
ぶりんだ	2
べるなーる	3
ぽたー	1
みきてぃ	1
もーがん	1
ろゔぁん	1
ろみお	1
あるゔぁろ	0
あーるてぃーえす	6
えすかっぷ	3
えるゔぃす	1
ぐえんでぃんてぃ	4
こずろーすきー	3
さみえる	1
さみゅえる	1
たいく	1
ばじぱい	1
びーびーびーびー	7
ぽらんど	2
むばらく	2
らむずふぇるど	1
れなーと	2
あきれうす	3
あんだーせん	3
いーぴーあーる	5
うぇるち	1
えぬあーるえむ	6
えふえふ	0
えむえすでぃーえいちえむえむ	12
かずみあー	2
かふぃー	1
さいーど	2
しーしーだぶりゅー	5
でーゔぃす	1
ばばぁ	2
ばばー	2
まるろお	1
めとちぺ	0
やまとたける	1
あわの	1
えりざべす	3
くらいんふぇるたー	5
さるとーる	3
しゃるるまーにゅ	4
しゃーけ	1
しるれる	1
じーぴーえぬ	5
すはると	2
なーに	1
はむだーん	3
はろっど	1
ぱうろ	1
ぶらっつぃ	2
ぶんこ	1
ぽいしゅま	1
まーくす	1
まーしゃ	1
あだむ	1
あるつーる	3
ういりあむず	2
えつふえる	1
えむぴーぶい	5
えむぼま	0
かーちす	1
きばち	1
きぷりあぬー	3
こーねる	1
さんがゔぇる	3
ざはる	1
しえん	1
せりーな	2
てねっと	1
でいぶ	1
でーぶ	1
ぱがにーに	3
ふぃりあす	1
まくれーん	3
むしょ	1
もーぜす	1
やぐでぃん	1
ありすん	1
あんでるせん	3
えるいーでぃー	5
かたみ	0
かでぃーる	1
かとらー	1
がりあるでぃ	3
がりぶ	1
ぐろーでぃん	2
けいす	1
じょせふ	1
ぜるうぃがー	3
ぱぼん	1
ふるーじゅ	2
へっぷばーん	4
へーべー	1
みけらんじぇろ	3
みーしゃ	1
めーたー	0
りなーるす	2
るーいん	1
れっしんぐ	1
ろりーた	2
あるさばーは	4
えすえすえむ	5
えすじーえむえる	7
ぎゆー	1
けんぼーん	3
しぇらざーど	3
しょすたこーびち	4
しょーん	1
しーびーえる	5
じーぴーゆー	5
ちゃい	1
んじゅう	2
ひか	1
べく	1
べっつ	1
ぼった	1
ましゅーず	2
まるー	1
めいらー	1
ゆーほ	1
らるふ	1
りどりー	1
ろっちな	0
ろーえんぐりーん	6
あいーしゃ	2
あーいしゃ	1
あれくさんどら	4
あんちごーぬ	4
いんがーそる	3
いーどめねうす	4
うおると	2
かーちょん	1
さんてぐじゅぺり	5
じゃまーる	2
じんじっち	3
ぞるげ	1
たーにー	1
だぶりゅーだぶりゅーえふ	9
ちゅーと	1
でーにっつ	1
でぃぶ	1
どびるぱん	2
ねもねも	1
ぶれまー	2
ぷりせつかや	4
ぺじーた	2
らうる	1
りーた	1
りぃず	1
ろでぃっく	1
わいでる	1
わいるだー	1
あがし	1
あめなばーる	4
あれっしぃー	2
うぃどまーく	3
うぃりー	1
うちぬわきいらっこ	7
えりすん	1
かでぃる	1
がじゃるど	2
さにえ	1
さるぜたきす	4
しにおら	0
しーおーきゅー	5
じゆりあん	1
じょえる	1
すてぃーゔんそん	4
すぴるばーぐ	4
だりゅー	1
てぃむ	1
でぃおーる	2
でぃかぷりお	3
でぃーえふえっくす	5
どびゅっしい	2
のりんとん	2
ぶしぇみ	1
ほっぶす	1
ぼりー	1
ましゅばーん	3
ましゅー	1
らくろわ	0
りゔぃあ	1
りゅでぃゔぃーぬ	3
るさるど	2
ろべーる	2
あぶどる	1
うぃざーすぷーん	5
えかてりーな	4
おるふぇお	0
おんどらすこば	6
かつお	0
しゅわっぶ	2
しろた	1
じぇいん	1
すちーぶん	2
せしる	1
そびえすきー	3
そさ	1
てぃーるぜ	1
でぃくすん	1
とぅみるとん	2
どぅりっとる	2
どぅりとる	1
どぅーりっとる	3
どぅーりとる	1
どうりっとる	3
どーりとる	1
どんきほーて	4
はろらん	1
ぴーえすしー	5
ふぁびうす	1
ぶんにゃん	1
ぺっか	1
ぺれす	1
ほらんど	2
ぽーるぶーるど	4
みしちぇんこ	3
みのふすきー	3
もはめど	0
ゆーくりっど	4
ゆーしーいー	5
らふまにのふ	3
らんどるふ	3
れびゅふぁ	1
れむぶらんと	3
ろらんど	2
ろーらんと	1
あいずれー	1
あしど	1
あぶれいゆ	3
あぽるろん	2
あぽろん	1
あぽろーん	3
あるつはいまー	4
いーおーえす	5
うぇんでぃ	1
えいちてぃーえむえる	8
えどわーず	1
えむでぃーえむえー	7
おぶろうぃっつ	4
かれにな	2
がるばん	1
ぎてぃんず	1
くくらちょふ	3
ぐれっぐ	2
こちゃーる	2
さぶり	1
しゅたいなー	2
しゅとらうす	3
すちーぶ	2
すてぃーゔん	2
ずっふぃ	1
てぃーえるでぃー	5
てむげ	1
といんびー	2
どなひゅー	1
はまど	1
ばれんぼいむ	4
ぱうぇる	1
ゔぃゔぃえ	1
ぴーてぃーえすでぃー	7
ふぃじけら	0
ぶりっじす	2
ぶりとにー	2
へぼん	1
ぼがーと	2
まとゔぃえんこ	4
まのれ	1
まりあむ	1
むんく	1
もはまでぃ	3
もんでしー	1
りんかん	1
るけてぃっく	3
れおなるど	3
あいいーしー	5
あんでぃ	1
いぁん	1
うさ	1
えどがーど	1
えりっく	1
えんてぃさいる	3
おごでい	1
かしーる	2
かじか	0
くぁんゆー	2
くりすてぃん	2
こっしーが	3
こんすたんてぃん	4
しゃるま	1
じゃべる	1
じょゔぁんに	2
じよばんに	2
すてふぁの	2
ずざな	1
せーん	1
だぶりゅーだぶりゅーぴー	9
だるびっしゅ	1
つぎたし	0
でるかーち	3
ばるーと	2
ぱんでぃあん	1
ぴあざ	1
ふぁてぃま	1
ぺぴーの	2
ほっふまん	1
ほや	1
うぉるふがんぐ	4
みっちぇる	1
めぬ	1
やどり	3
りーねる	1
るおろ	1
あにえしゅか	3
あむんぜん	2
あるこん	1
あーるべると	4
うぃっとわーす	4
えすぴーだぶりゅー	5
えみるー	1
えるえすでぃー	5
おでゅっせうす	4
おーあーるじー	6
おーてぃず	1
かのー	1
こぶらん	1
さみーる	2
しょぱん	1
しーえるあいあーる	7
しーぴー	3
じぇれみぃ	1
じぇれみい	1
じぇーおーしーえっくす	7
じぇーむす	1
ぢぇーむず	1
てっど	1
でゅま	1
でれ	1
どろしい	1
びーあーる	3
ふぁいんず	1
ぶれんだん	2
ぶーたっとたん	6
まずーず	2
まだっくす	2
みっしー	1
みんきぱ	0
もりたー	1
もおつぁると	1
もおつあると	1
もーつあると	1
りひゃると	2
ろれんす	1
あなんた	2
ういりあむす	2
うりべ	1
えるえすぴー	5
えーでぃーいーえすえす	9
かーばむ	1
がうゔぇっつ	3
きっしーす	3
きみひら	2
きるまー	1
くぉめん	1
くらうでぃお	2
ぐっち	1
しゃーりい	1
しゆみつと	1
しゅるたー	1
すさのお	3
すさのを	3
すてぃーぶ	2
すといこびっち	5
せるぎゅうす	3
たまら	1
ちぇーにー	1
てお	1
とすかにーに	4
ねれ	1
べしじぇ	1
べねでぃくと	3
べーちぇっと	1
まもら	1
ろばーとすん	2
あじず	1
あにーた	2
ありぃしあ	2
ありーしあ	2
あれはんどろ	3
うっそー	1
うっそぉ	1
うぶ	1
えすえすてぃー	5
えすえるえーしー	7
えすとらーだ	4
えふあいあーる	5
えふてぃーびー	5
からばっじお	3
ぎゃらーど	2
ぐりしゅまん	2
げんじん	1
ごっほ	1
さらむ	1
さんそん	1
しめねす	1
しーてぃーあいえー	7
じぇしか	1
じゃぶり	1
じょんすとん	1
ずわっくまん	2
てぃーてぃーえる	5
につちえ	1
ばばあ	2
ふぉらつぇん	1
ぶらでる	1
ぷらむでぃや	3
べっきー	1
ぼりーそびっち	5
まじめる	1
めかす	1
めーりおねーす	5
るっべるす	1
れんつぉーゔぁ	3
ろでぃ	1
わとそん	1
いざべる	1
ういりあむ	1
うえるず	2
えすいーしー	5
えふえふてぃー	5
えめりっひ	3
ぐれにす	1
ごるばちょふ	3
しーしーぴー	5
じよんそん	1
ずーん	1
そまー	1
だびど	1
だびんち	2
だゔぃんち	2
でしーか	2
とうわ	1
どぼるざーく	4
どらゔぇーぬ	3
なずぃーふ	2
ゔぁじぱい	1
ひらた	0
ひんく	1
ふぇりっくす	1
ふらんぷとん	2
ぶらったー	2
ぶるっくなー	2
ぷらしど	0
べにー	1
べるなある	3
ゔぇるなーる	3
べろー	1
ぺねろーぺ	3
うぃっとにー	1
ほーるでん	1
ますーど	2
まはでぃーる	3
むいーん	2
めびうす	1
もるびぃ	1
もーりーす	1
らなりっと	3
るとすわふすき	5
ろばん	1
あがめむのーん	5
あぶどぅっらー	3
あぶどぅら	0
あぶどぅらー	3
あぶどぅーら	3
あぶどっらー	3
あぶどーら	3
いわーのふ	2
いゔぁのふ	1
うぇるなー	1
うぇずれい	1
うぉりー	1
えぬえすだぶりゅーじー	9
えふだぶりゅーえー	7
えふてぃーえーえー	7
えるびす	1
かぐやひめ	3
くーるべぇ	1
けねでぃ	1
げりー	1
こーわん	1
さいいど	2
しゃうぷ	1
しらじゅでぃん	0
せふぉー	1
そあれす	1
そるさ	1
づえ	1
てぃな	1
でいびす	1
でいゔぃす	1
でーびす	1
とんるん	1
どすといぇふすきー	7
どすとえーふすきい	7
どーそん	1
ばろぞ	1
ぱすぱるとぅー	3
ぽにょ	1
まくだうぇる	3
まくにっしゅ	3
まるきーにょす	3
みっとふぉーど	4
みろしぇゔぃつ	3
みろせびっち	4
みわっち	2
よち	1
るーべんす	1
れぎーな	2
ろてぃ	1
あはめど	0
あんじゃり	1
いすまいり	3
いぶらーひーむ	5
いわにせびっち	5
うぃりあむず	1
うさーま	2
えすえむじー	5
えふしーえす	5
えるにゅ	1
かりゅー	1
がらせ	1
ぎゃっつびー	1
くうぇんてぃん	2
くろおえ	2
げろー	1
こるばちょふ	3
しゅわるつぇねっがー	5
しょすたこーゔぃち	4
ちゃゆっさはきっと	6
てぃーゆーあーるぴー	8
でぃーえむぜっと	5
とるい	1
とーれ	1
どなーと	1
どなんふぇるど	4
どなばん	1
にわにわ	0
ぱちりっく	3
ぱゔぉん	1
ゔぃゔぃあん	1
ふぇー	1
ふりぞん	1
ぶるじねふ	3
ますー	2
まっかーとにー	3
まるぅ	1
あるばーろ	3
あるゔぁーろ	3
いーむず	1
えかてりいな	4
えーみーる	3
えむてぃーびー	5
えれり	1
かんじゅ	1
がくと	1
きゃさりーん	3
きゃすりん	1
きゃすりーん	3
ぎべーる	2
こーろ	1
ごーとん	1
ごーるどん	1
さばーは	2
しったか	0
しゃろーん	2
しんぷそん	1
じぇいむず	1
じゃすてぃーん	3
じゃぶらいろふ	3
じゅあんぐ	2
すちーゔ	2
ずぼろふすきー	5
たげ	1
だりゅう	1
てぃーけーおー	5
てぃーてぃーしー	5
どぅろらん	1
ねぐれすこ	3
はうい	1
はういー	1
はっしー	1
はむれっと	1
はむれつと	1
ぱぱんどれう	2
ふえるぷす	2
へざー	1
へしおどす	3
ぼにー	1
ましゅう	1
まあと	1
ゆさ	1
ゆーおん	1
らびゅす	1
らるーさ	2
るうじゅ	1
れすぴーぎ	3
わけあり	0
あいおろす	3
あいん	1
あうれりお	3
かいむ	1
きほーて	2
くじーぬ	2
こねる	1
しのゔぁっつ	1
しよぱん	1
しんどれら	3
じえんきんず	2
じだぬ	1
じゃくそん	1
じゃゔぇる	1
じゅち	1
すてぃーゔ	2
すぺんさる	2
すぺんせる	2
たるきに	0
ちんちーじゃ	3
でぃーえすでぃー	5
でゅのわいえ	3
でゅふーる	2
とます	1
どびっしー	2
ばいにまらま	4
ぱすとぅらな	3
びんらでぃん	3
びんらーでん	3
ふぁゔぁろーろ	3
ふぃりっぷ	1
ぷれとー	1
ぷれーとー	2
へーげん	1
ゔぇりえ	1
ぺるせうす	3
ぼげーる	2
うをるふがんぐ	4
まいあー	1
まいやー	1
みつちえる	1
めれおろん	3
もんていろ	3
やず	1
ゆーな	1
よんじゃ	1
りゅしやん	1
るるーしゅ	2
れじぇぴ	1
ろんぎ	1
あるふぉんそー	3
あんりー	1
えぬてぃーだぶりゅーでぃー	9
えむおーぶい	5
えるあーるしー	6
かしあのふ	3
かだふぃー	1
かっざーふぃー	3
きゃとりーぬ	3
かねつくり	3
くわんゆー	2
けんねす	1
げっぺるす	1
こーずぃれふ	3
ごくどー	1
さぶろう	0
ぜーむす	1
じゅりうす	1
じゅりやん	1
じーあいえふ	5
じーえいちきゅー	6
すちゔんすん	3
すちーぶんそん	4
すちーゔんそん	4
すてぃぶんすん	3
すてぃぶんそん	3
すてぃーぶんすん	4
すてぃーゔんすん	4
そるじぇにつぃん	4
そるじぇについん	4
たぎ	1
だゔぃど	1
だぶりゅーえふ	5
ちゃき	1
とぅるしえ	2
どゔぉるざーく	4
はにばる	1
ぶっとー	1
ゔぇにー	1
ゔぉいじぃー	1
ゔぉいじー	1
ぼにち	1
みやお	0
むう	1
もじりあにー	3
もじりあーに	4
もでぃりあーに	4
もんてしーのす	4
ゆーりい	1
ゆーりー	1
りちゃるどそん	4
りんかい	1
あいだぶりゅーしー	7
あきっれ	2
あるふれど	3
あるふれーと	4
あれきさんだる	4
あれきさんでる	4
あれきさんどる	4
あれくさんでる	4
あんとーにお	3
あんとーにおー	3
いたち	0
うんどう	1
えどわるど	3
えどわーと	3
えむぺぐ	0
えんき	1
からばじょ	0
からゔぁじお	3
からゔぁっじょ	3
がっぱーな	3
くえりよ	2
こえりよ	2
こえーりょ	2
こっち	1
ごーき	1
しすたーに	3
しゃらぽあ	0
しみっと	1
しーあいだぶりゅーえす	9
じょしゅ	1
じょんすん	1
じーえむえす	5
そくらてーす	4
そーくらてーす	5
だぶりゅーいーゆー	7
でぃーてぃーえすじー	7
はんね	1
ひそん	1
びびあん	1
ぴーえすえー	5
ふす	1
ふらんそあ	2
ふーこー	1
ぶるっきんぐす	4
へくとる	1
べろう	1
まいど	1
まくられん	3
ましょー	1
まっかーとにい	3
むばーらく	2
もつぁると	1
もつあると	1
もーつわると	1
よせふ	1
よぜふ	1
よれぞう	0
れせっぷす	2
ろーゔ	1
わぐなー	1
わぐねる	1
ゔぁーくなー	1
ゔぁーぐなー	1
あぶでゅる	1
あぶどぅっ	1
あぶどぅる	1
あぶどーる	3
あれきさんどら	4
あれぐざんどら	4
あんでぃー	1
あーるえーだぶりゅー	6
いーあいだぶりゅー	5
ういっとうぉーす	5
ういっとわーす	5
えかちぇりーな	4
えかてりな	3
えぐれ	1
えぬぴーいー	5
えふてぃー	3
えふでぃー	3
えまーぬえる	4
えりざべと	3
えりざべーと	4
えりーざべと	2
おーぴーおー	5
かたら	1
かっとらー	1
かるちす	1
かーてぃす	1
ぎょおむ	1
ぎょーむ	1
くりすてぃーん	4
こんすたんちん	4
さんてくじゅぺり	5
しぇえらざーど	4
しぇへらざーど	4
しゃはらざーど	4
しのばっつ	1
すとろーす	3
しゅわぶ	1
しゅまっはー	2
じぇいむす	1
じょふりー	1
じゃくすん	1
じゃまる	1
じょせは	1
じょぜふ	1
すぱーりんぐ	2
せりな	1
せれな	1
せれーな	2
だーり	1
ていま	1
でぃくそん	1
でぃーえすてぃー	5
でぃゔぃす	1
でびす	1
でゔぃす	1
とみぃ	1
とみー	1
ななみ	0
にかっ	2
ねろ	1
がむれっと	1
はんだん	1
ぴぁつぁ	1
ふぇりーに	2
ふらんそあーず	5
ぶりっじぇす	2
ぶりっじず	2
ぷりせーつかや	5
ほっぶず	1
ぼがーど	2
ゔぉるふがんく	4
ゔぉるふがんぐ	4
まちゅー	1
みけるあんぢぇろ	4
みちえーる	3
めってーる	3
みーしゃー	1
まほめっと	3
まほめっど	3
むはまっど	3
むはまど	0
むはめっど	3
むはんまど	2
もはまっど	3
もはまど	0
もはめっど	3
もはんまど	2
もはんめど	2
めいさん	1
めいよ	1
もんてーろ	3
いゆくりつど	4
ゆうくりと	3
れおなーど	3
れんぶらんと	4
ろーがん	1
あいあーる	3
あうれりーお	3
あがめむのん	3
あくじ	1
あじす	1
あじーず	2
あずぃーず	2
あたん	1
あはまっど	3
あはまど	0
あむんせん	2
いさく	0
いさべる	1
いぞべる	1
いばにせびっち	5
いゔぁにせびっち	5
いんご	1
うぇるず	1
うぇーずれー	1
えし	1
えすえむてぃーぴー	7
えすえーぴー	5
えすてぃーあーる	5
えんせん	1
おぢつせうす	4
おでっせうす	4
きさらぎ	0
ぎぞー	1
ぎゃつびぃ	1
ぎゃつびい	1
ぎゃつびー	1
くーるべ	1
けいど	1
けねでぃー	1
けれる	1
こずいれふ	3
こんらん	1
こーゔぉ	1
ごんさーれす	3
しぼん	1
しゔぉん	1
しゅうこう	1
しゅわるつねっがー	5
しゅわん	1
しょーだん	1
しんぷすん	1
しーえすえふ	5
しーら	1
じぇーたぐ	0
じが	1
じゔぃ	1
だかん	1
じゅりあす	1
じゅーりあす	1
じゅーど	1
じょじょ	1
すかし	0
だびっど	1
だゔぃっど	1
ちゃま	1
つづ	1
てぃーな	1
でゅーま	1
とぬ	1
とぱぁず	1
どゔぉるざーぐ	4
どゔぉるじゃーく	4
どーがん	1
にに	1
にーる	1
はりぽた	0
わとー	1
ばろーぞ	2
ゔぃえら	1
ふぃりぷ	1
ふぇーりくす	3
ふぇーゔる	1
へゔん	1
べねじくと	3
ぽんた	1
まかーとにー	2
まんしゃ	1
むーみん	1
もーてん	1
やしん	1
ゆーごー	1
らかん	1
りっしょー	1
りゔぁーす	1
りひぁると	3
りひあると	3
りひはると	3
りんれー	1
るいじ	1
ろーでぃ	1
ろーく	1
ろーけん	1
わとすん	1
ああしぇり	1
あいあこす	3
あいあこっか	4
あいあんず	1
あいあす	1
あいうとん	2
あいおす	1
あいおりあ	3
あいおん	1
あいかーん	3
あいぎすとす	3
あいぎゅぷとす	4
あいくしゅてっと	5
あいくす	1
あいぐなー	1
あいけるばーがー	5
あいけんぐりーん	6
あいさー	1
あいざいあ	3
あいざっく	3
あいざく	1
あいざっくす	3
あいしぇ	1
あいしぇん	1
あいしくる	3
あいしゃと	0
あいしゃむ	1
あいしゅ	1
あいしーおーしー	7
あいじっと	3
あいすきゅろす	4
いすきらす	3
あいすなー	1
あいすばーぐ	4
あいすらー	1
あいずなー	1
あいずりー	1
あいせあ	0
あいぜる	1
あいぜんく	3
あいぜんはぅあー	5
あいぜんはうぁー	5
あいぜんはうあー	5
あいぜんはわー	5
あいぜんばーぐ	5
あいぜんべるぐ	5
あいそら	0
あいちぇ	1
あいてぃない	3
あいでぃん	1
あいでぃーど	3
あいとではーげ	5
あいど	1
あいどりす	3
あいな	1
あいなう	1
あいねあす	3
あいねず	1
あいゔぁす	1
あいばん	1
あいゔぁん	1
あいばんほー	3
あいばー	1
あいゔぁー	1
あいばーそん	3
あいひぇる	1
あいひぇるどるふ	6
あいひぇんどるふ	6
あいひゅんどるふ	5
あいひまん	1
あいひゃー	1
あいひんがー	3
あいぶす	1
あいゔす	1
あいぶる	1
あいべすたー	3
あいべすふぇると	5
あいべてぃっく	4
あいまん	1
あいまーる	3
あいやる	1
あいやー	1
あいゆーぶ	3
あいら	1
あいらー	1
あいらす	1
あいりあのす	4
あいりふ	1
あいりんつー	5
あいりー	1
あいりーん	3
あいるでーる	4
あいるとん	1
あいるまー	1
あいれんばーぐ	5
あいんしゅたい	4
あいんしゅたいん	5
あいんとーべん	4
あいんはると	4
あうあはーん	4
あうあ	1
あうあー	1
あうわ	1
あうわー	1
あうぃあぬす	3
あうえるばっは	5
あうぐすた	3
あうぐすて	3
あうぐすちぬす	5
あうぐすてぃぬす	5
あうぐすてぃーぬす	5
あうぐすちの	4
あうぐすてぃの	4
あうぐすてぃん	3
あうぐすてんぶるく	7
あうぐすてんぼー	5
あうぐすと	3
あうげいあす	3
あうぱーだ	3
あうべす	1
あうまん	1
あうらんぐぜーぶ	6
あうらんぜーぶ	5
あうらんてぃ	3
あうりっひ	3
あうるす	1
あうれおるす	4
あうれおーるす	4
あうれりあぬす	5
あうれりうす	4
あうれりゅうす	4
あうれりえ	3
あうれん	1
あうれんてぃ	3
あうんほると	4
あえおるす	3
あいねいあす	3
あいねいあーす	5
あえねあす	2
あえねいす	3
あえねーいす	3
あえねいあす	3
あえねーあーす	5
あえみりあぬす	5
あえみりうす	3
あえりあ	2
あえりあぬす	4
あえりうす	2
あえろぺ	0
あかえふ	1
あかきうす	3
あかでもす	3
あかぶ	1
あかろふ	1
あかーきえびっち	6
あかーきえゔぃち	5
あかーきえゔぃっち	6
あかーきー	2
あがさ	1
あがじゃのーゔぁ	4
あがすてぃあ	3
あがすてぃや	3
あがていのす	3
あがとーん	3
あがのていのす	4
あがぴと	2
あがやん	1
あがんべぎゃん	4
あがんべん	2
あがーと	2
あがーぽふ	2
あきなす	1
あきむ	1
あきゅら	1
あきれーしゅ	3
あきーもふ	2
あぎす	1
あぎなるど	3
あぎゃんべがん	2
あぎゅろん	1
あぎよん	1
あぎらーる	3
あぎれら	0
あくぃなす	2
あくいなす	2
あくしあす	3
あくしょーのふ	3
あくすねす	1
あくすぶりっじ	5
あくすよのふ	4
あくせんしゅるな	5
あくておん	1
あくとん	1
あくばる	1
あくばろふ	3
あくぱん	1
あくりしあす	3
あくろいど	3
あくーりな	2
あぐえろ	0
あぐすてぃね	3
あぐすてぃん	2
あぐにどぅーと	4
あぐにみとら	3
あぐにむ	1
あぐねす	1
あぐねった	3
あぐらいあ	3
あぐらおぽん	4
あぐらゔぇいん	4
あぐらーや	3
あぐりあす	2
あぐりこら	3
あぐりっぱ	3
あぐりっぴな	3
あぐりっぴーな	5
あぐりっぴーぬ	5
あぐりぱい	3
あぐれいゔぁー	3
あぐろゔぇいん	4
あぐろん	1
あけめねす	3
あけんむ	2
あこす	1
あこらす	1
あこんち	2
あこんちゅーす	4
あこんてゅーす	4
あこーか	2
あこすた	2
あこーすた	2
あごすちーの	4
あごすて	2
あごすてぃねっと	5
あごすてぃん	2
ごすちーにょ	4
あごすてぃーの	3
あごた	1
あさいな	2
あさきーた	3
あさでぃ	1
あさとん	1
あさど	0
あさふぁ	1
あさむ	1
あさーにゃ	2
あざうぃ	1
あっざーうぃ	3
あざく	1
あざゔぇい	1
あざみのいり	4
あざみー	1
あざりあ	2
あざりろゔぃっく	5
あしぇ	1
あしぇんばは	4
あしず	1
あしたか	0
あじもふ	1
あしあいむ	3
あしゃにばば	3
あしゅありー	1
あしゅくろふと	4
あしゅたるて	3
あしゅだうん	1
あしゅとれと	3
あしゅとん	1
あしゅびー	1
あしゅまん	1
あしゅみーど	3
あしゅもーる	3
あしゅりでぃあっと	5
あしゅりー	1
あしゅれ	1
あしゅれい	1
あしゅれー	1
あっしゅれー	1
あしゅわーす	1
あしゅーる	2
あしょか	1
あしょーか	2
あそか	1
あしらす	1
あしーる	2
あじぇろ	1
あじぇんで	2
あじお	1
あじずぷーる	4
あじた	1
あじぶ	1
あじゃ	1
あじゃこんぐ	3
あじゃど	1
あじゃぱぱ	2
あじゃーたさっとぅ	5
あじゃーたしゃとる	5
あじゃーに	2
あじゅまーん	3
あじー	1
あすかにお	3
あすかにうす	4
あすかにゅ	1
あすきす	1
あすくえ	2
あすくるゔ	3
あいすくらぴうす	6
あすくれぴおす	4
あすたしゅーる	4
あすたろと	3
あすたーふぃえふ	5
あすちぇりーの	4
あすちぇーじす	3
あすてゅあなくす	5
あすてあ	0
あすてて	0
あすてりおん	3
あすとらいあ	5
あすとらっど	4
あすとり	0
あすとりっど	4
あすとりゅっく	4
あすとる	1
あすとるふぉ	3
あすとれあ	3
あすは	1
あすはいえと	3
あすはぶ	1
あすぷりーじゃ	4
あすぺじ	0
あすぷるがー	3
あすぺるがー	3
あすまん	1
あすもらっど	4
あすらはのふ	4
あすらひこ	3
あすらん	1
あすりーた	3
あする	1
あすんしょん	2
あずこいしあ	3
あずでぃん	1
あずなぶる	3
あずなぶーる	4
あずなーと	3
あずはり	0
あずみてぃあ	3
あずもでぃーん	4
あずらいーる	4
あずらえる	3
あずり	1
あずる	1
あせふぃ	1
あせりん	1
あっせる	1
あせるふ	2
あせん	1
あせーえふ	2
あぜーす	3
あぜるべると	4
あそりん	1
あたいで	2
あたいんちいな	5
あたうるふぉ	3
あたえふ	1
あたーえふ	2
あたちゅるく	3
あたてゅるく	3
あたつひめ	3
あたなしうす	4
あたなしおす	4
あたなす	1
あたなそふ	3
あたなどろす	4
あたらも	2
あたらんた	3
あたらんて	3
あたらんてー	3
あたりー	1
あたわるぱ	3
あたーしぇゔぁ	2
あたーすん	2
あだみ	0
あだむす	1
あだむず	1
あだも	1
あだらく	1
あだるじーざ	4
あだるべろん	4
あだーしぇふ	2
あちそん	1
あちまる	0
あちゃかっつ	3
あちゃら	1
あちゅうぇる	1
あてゅす	10
あちゅむ	1
あっかーまん	3
あくきうす	3
あっきうす	3
あっきー	1
あっきーな	3
あっくすふぉーど	5
あっくわろーね	5
あっさー	1
あっすぃばーいー	4
あっしゃり	0
あっしゃ	1
あっしゃー	1
あっしゃーへんぶるぐ	7
あっしゅるばにぱる	5
あっしゅーるばにぱる	6
あっじねす	1
あっすまいやー	4
あったろす	3
あったーす	1
あっちそん	1
あっちら	1
あってぃくす	1
あってぃす	1
あってぃら	1
あってぃりお	2
あってんぼろー	5
あっでぃーん	3
あっとぅーしー	3
あっは	1
あっぷしょう	3
あっぷだいく	4
あぷるびい	2
あぷるびー	2
あっべ	1
あっらしーど	4
あっりゔぁべーに	5
あっりーご	3
ありご	1
あっろり	1
あてぃな	1
あてぃやー	1
あてぃりうす	2
あてぃん	1
あてぃーしゃ	2
あてぃーでぃろん	4
あてにえんす	2
あてのどろす	4
あてるい	2
あてんぼろー	4
あでぃえます	3
あでぃすん	1
あでぃそん	1
あでぃーな	2
あでぃーる	2
あでおだーとぅす	4
あでなうあー	3
あでまる	1
あでらいど	3
あでらいん	3
あでらいーだ	4
あでらるど	3
あでらーど	3
あでりあん	2
あでりん	1
あでるすうぁーるど	5
あでるすわーるど	5
あでれい	1
あでーれ	2
あとうぉーたー	3
あときんす	1
あときんず	1
あときそん	2
あときんそん	3
あとけい	1
あとさ	1
あとっさ	2
あとも	1
あとら	1
あとらしゅ	1
あとりー	1
あとれうす	3
あとれーゆ	3
あだんやでっと	5
あどきんず	1
あどなん	1
あどなーん	3
あどにあ	2
あどにや	2
あどらー	1
あーどらー	1
あどりあん	2
あーどりあーん	5
あどりあんぬ	4
あどりえんぬ	4
あどりあーの	4
あどる	1
あどるの	2
あどるふ	2
あーどるふ	3
あどるふぁす	3
あどるふぉ	2
あどれい	1
あどれー	1
あないす	2
あなうあ	2
あなうらふた	4
あなきん	0
あなくさごらす	5
あなくしまんどろす	7
あなくしめねす	5
あなくりてす	3
あなくれおん	4
あなーくれおん	5
あなすきー	2
あなすたしあ	4
あなすたしゃ	3
あなすたしや	4
あなすたじあ	4
あなすたしうす	5
あなすたす	3
あなと	1
あなとりー	2
あなとーりー	3
あなとーり	3
あなとーる	3
あなにあしびり	5
あなにあしゔぃり	5
あなべる	1
あなりい	1
あなんし	2
あなんしあ	2
あなんす	1
あなんだ	2
あにぇす	1
あにえす	1
あにか	1
あにげ	1
あにこ	1
あにせと	2
あにっく	1
あにばる	1
あにゃん	1
あにゃーき	2
あにゃーきうぃち	4
あにや	1
あにゅすきびっち	5
あにゅとす	1
あにゅー	1
あにんぐ	1
あにー	1
あぬしゅ	1
あぬっしゅ	2
あぬんつぃあーた	5
あぬーろふ	2
あねか	1
あねくら	2
あねった	2
あねって	2
あねもーぬ	3
あねりー	1
あのうかつぼく	5
あのそふ	1
あのとー	1
あはしゅえろす	4
あはず	1
あはぶ	1
えいはぶ	1
あはまでぃねじゃど	4
あばが	1
あばけい	1
あばたんじぇろ	6
あばど	1
あばや	1
あばりーしゅ	3
あばろんうぇい	5
あばんだんど	2
あばくろんびー	4
あばーくろんびー	5
あぱいうぉん	2
あぱく	1
あぱりーしお	3
あひむ	1
あびあたる	3
あびかいっれ	4
あびがいる	3
あゔぃぐどる	3
あうぃせんな	3
あびせんな	3
あゔぃけんな	3
あゔぃせんな	3
あびげいる	3
あびしゃぐ	1
あびだる	1
あゔぃだん	1
あゔぃちぇぶろん	3
あびまえる	3
あーゔぃら	1
あびい	1
あぴあぬす	3
あぴきうす	3
あぴきゅうす	3
あぴしうす	3
あぴちぇら	0
あふぁなしぇふ	3
あふぁなーしえびっち	7
あふぇに	1
あふぉ	1
あふがーにー	3
あふさん	1
あふさーいー	3
あふたりおん	3
あふとぅるはのふ	5
あぶとぅるはのふ	0
あふまど	0
あふまどぅーりな	4
あふまーとわ	3
あふめと	0
あふめっど	3
あふめど	0
あふめろふ	3
あふれっく	1
あふろでぃて	3
あふろでぃーて	4
あふろでぃーてー	4
あぷろでぃて	3
あぷろでぃーて	4
あぷろでぃーてー	4
あふろめーえふ	4
あふろーじゅ	3
あぶえば	0
あぶさろむ	3
あぶづらー	2
あぶだっらー	3
あぶだら	0
あぶだる	1
あぶっしゅ	2
あぶでぃらーひ	4
あぶでっさらーむ	6
あぶでらざーる	5
あぶでる	1
あぶでるかでる	5
あぶでるがに	4
あぶでるくりむ	5
あぶと	1
あぶどぅ	1
あぶどぅふ	1
あぶどぅるかしむ	5
あぶどいるだえふ	6
あぶどらいぇ	4
あぶどらてぃふ	4
あぶどらふまん	4
あぶどらま	3
あぶどらまん	4
あゔどーちや	3
あぶなー	1
あゔねりー	1
あぶねる	1
あゔのる	1
あゔのーる	3
あぶばぜる	3
あぶひあ	2
あぶむさぶ	3
あぶらくしん	3
あぶらてぃく	3
あぶらはんそん	4
あぶらーむ	3
あぶらむす	3
あぶらもびっち	5
あぶらもびっつ	5
あぶらーぜ	3
あぶりる	1
あゔりる	1
あぶれうーほふ	4
あぶんだんてぃうす	6
あぶーある	2
あぷそーぷ	3
あぷてぃどん	1
あぷと	1
あぷとん	1
あぷゔぇぁ	0
あぷれいうす	3
あぷれだ	0
あへのばるぶす	4
あべずばえふ	4
あゔぇっつぁーな	4
あべでぃ	1
あべど	1
あべなまる	3
あべなるまお	4
あべべ	1
あべらんじぇ	3
あべらーる	3
あべりあ	2
あべるこんうぇい	4
あゔぇるりーの	4
あべろえす	3
あゔぇろえす	3
あべん	1
あべんせらー	2
あぺりせにや	4
あっぺる	1
あぺる	1
あほねん	1
あほんざだ	2
あぼうま	2
あぼがどろ	3
あぼっと	1
あぼんど	2
あぽすとりです	5
あぽどろす	3
あぽりなりお	4
あぽりなりす	4
あぽりなーれ	4
あぽりねーる	4
あぽろし	2
あぽろす	1
あぽろにうす	4
あぽろにおす	4
あぽろーのゔぃち	5
あまうんと	2
あまこすと	3
あませお	0
あまっと	1
あまつひこひこほのににぎ	0
あまてらす	1
あまでぃお	2
あまでぃーじ	3
あまでうす	3
あまでーうす	3
あーまでぃうす	4
あまでー	1
あまなと	0
あまのほひの	4
あまよく	0
あまりあ	2
あまーりあ	2
あまりーじゃ	3
あまるてぃあ	3
あまるりく	3
あまんだ	2
あまあすと	2
あまーと	2
あまーり	2
あみえる	1
あみお	1
あみじょよ	0
あみだら	0
あみゅあー	1
あみゅんたす	2
あみり	1
あみるべきあん	4
あみんた	2
あみーちす	2
あみーな	2
あーみな	0
あみーりあ	2
あみーる	2
あみーん	2
あむぜがーる	4
あむだーる	3
あむなてぎ	3
あむねりす	3
あむぴとりて	4
あむら	1
あむらふぇる	4
あむらーん	3
あむり	1
あめたらしひこ	5
あめち	1
あめちー	1
あめてぃすた	3
あめで	1
あめでぃお	2
あめでお	2
あめないーで	4
あめのこやね	1
あめのひぼこ	4
あめのほひ	0
あめらしんげ	4
あめーりあ	2
あめりお	2
あめりこ	2
あめりご	0
あめりた	2
あめりんぐ	1
あめりー	1
あめる	1
あめわかひこ	4
あめんへてぷ	4
あめんほてっぷ	5
あめんほてぷ	4
あもかち	2
あもら	1
あもりー	1
あもる	1
あもるず	1
あもんず	1
あやい	1
あやしゅ	1
あやに	1
あゆとん	1
あゆば	1
あゆるぱるわだ	5
あゆーぶ	2
あらいあ	2
あらいな	2
あらうほ	2
あらうりよ	3
あらうーじょ	3
あらえほす	3
あらかん	1
あらぎ	0
あらごー	1
あらしゅ	1
あらじゅあにーぬ	5
あらすてあ	3
あらたす	1
あらっど	2
あらっぷ	1
あらとき	2
あらど	1
あらな	1
あらにす	1
あらはみでぃ	3
あらぶしゃーふ	4
あらべら	0
あらべる	1
あらぺん	1
あらまん	1
あらみ	1
あらみす	1
あらみな	0
あらむざっど	4
あらりくす	3
あらりっく	3
あらんせん	2
あらんちゃ	2
あらんでる	2
あらんと	2
あらんな	2
あらーきー	2
あらーとん	2
あらーにゃ	2
あらーぬ	2
あらーる	2
ありあどね	3
ありあな	0
ありあばーと	4
ありあんな	3
ありあんぬ	3
ありうす	1
ありえく	1
ありえた	2
ありえってぃ	3
ありえのーる	4
ありえん	1
ありおく	1
ありおすと	3
ありおゔぃすと	4
ありおり	0
ありおーぬ	3
ありぎえり	3
ありざでー	3
ありしゃ	1
ありしー	1
ありしーば	3
ありすたいおす	4
ありすたるこす	4
ありすたー	2
ありすてぃです	4
ありすてぃど	3
ありすてーお	4
ありすてふぁ	3
ありすてふぁー	3
ありすとてれす	5
ありすとどろす	5
ありすとぱねす	5
ありすとふぁねす	5
ありぜ	1
ありそふ	1
ありくす	1
ありっくす	2
ありっさ	2
ありのす	1
ありはん	1
ありばば	0
ありふぃん	1
ありゃすす	1
ありや	1
ありゅあってす	3
ありゅー	1
ありょーしゃ	2
ありょーしゅか	2
ありょーな	2
ありん	1
ありんたえうす	5
ありーえゔぁ	2
ありーえふ	2
ありーせ	2
ありーちぇ	2
ありーぬ	2
ありーや	2
あるあじーず	4
あるかでぃ	3
あるかでぃうす	4
あるかめねす	4
あるからす	3
あるかるど	3
あるかんじぇら	3
あるかーぬむ	3
あるがいあー	3
あるがお	0
あるきさ	0
あるきびあです	4
あるきめです	4
あーきみじす	4
あるくぃん	1
あるくいぬす	3
あるくすにす	4
あるくめね	3
あるげしーる	4
あるげりっち	4
あるこりさ	3
あるさけす	3
あるさな	0
あるさの	0
あるさー	1
あるしあ	2
あるしぇ	1
あるしおーね	4
あるしのえ	3
あるしゃゔぃん	3
あるしんど	3
あるしーあ	3
あるしーさ	3
あるしーど	3
あるしーな	3
あるじぇんと	3
あるじゃなび	3
あるじゃん	1
あるじゅな	0
あるじー	1
あるすとるぷ	4
あるせすと	3
あるせーにぇふ	3
あるぜーな	3
あるそふぉかす	4
あるたゔぁすと	4
あるたるく	3
あるたん	1
あるだ	1
あるだー	1
あるだん	1
あるちゅせーる	4
あるちんどろ	3
あるちんぼるど	5
あるちーな	3
あるつぃばーしぇふ	4
あるつぃーら	3
あるてあ	0
あるてぃおーり	4
あるてぃない	3
あるてふぃうす	4
あるてみしあ	4
あるてみじあ	4
あるてみす	3
あるてみどらす	4
あるでぃあ	2
あるでぃご	0
あるでぃら	0
あるでしーる	4
あるつーろ	3
あるとぅろ	0
あるとぅーろ	3
あるとぅーあ	3
あるとぅる	1
あるとぅーる	3
あるとほんぐ	4
あるとまん	1
あるとるく	3
あるとん	1
あるとー	1
あるど	1
あるどりっち	4
あるどろゔぁんでぃ	5
あるなうと	3
あるなす	1
あるなん	1
あるにこ	0
あるにてぃす	3
あるね	1
あるねる	1
あるねーと	3
あるのると	3
あるのるふぃーに	5
あるはいさむ	3
あるはせん	3
あるはじ	0
あるはっさん	3
あるはてぃぶ	3
あるはーぜん	3
あるばす	1
あるばちゃこふ	4
あるばてぐにうす	6
あるばとい	3
あるゔぁにてす	4
あるばらーど	4
あるばれす	3
あるゔぁれす	3
あるばん	1
あるばーた	3
あるばーと	3
あるぱい	1
あるぱごん	3
あるゔぃっつ	3
あるゔぃと	0
あるびなす	3
あるびのーに	4
あるびん	1
あるゔぃん	1
あるびんすきー	3
あるゔぃんつぃ	3
あるびー	1
あるふぁんしん	3
あるふぁーど	3
あるふぃえーり	4
あるふぉんしうす	5
あるふぉんしん	3
あるふぉんす	3
あるふぉーど	3
あるふゔぇーん	4
あるふりーじ	4
あるふれず	3
あるふれーど	4
あぶー	2
あるぶ	1
あるぶきうす	4
あるゔず	1
あるぶれひと	4
あるへんた	3
あるゔぇある	3
あるべりくす	4
あるべりっく	4
あるべるすたむ	5
あるべるた	3
あるべるだ	3
あるべるてぃ	3
あるべるちーぬ	5
あるべるてぃーぬ	5
あるぺい	1
あるゔぉ	1
あるましー	2
あるまっく	3
あるまびーば	4
あるまゔぃーゔぁ	4
あるまん	1
あるまーてぃー	3
あるまーに	3
あるみてぃ	2
あるみりあーと	5
あるみん	1
あるみーだ	3
あるみーど	3
あるめいだ	3
あるめだ	0
あるめっそ	3
あるめんだりす	5
あるよく	1
あるりっく	1
あるれってぃ	3
あるれっと	2
あるれー	1
あるろす	1
あるわしゅ	1
あるわん	1
あるんだてぃ	4
あるんです	2
あるんと	2
あるんはいむ	4
あるーら	2
あれあー	1
あれいな	2
ありおびんどぅす	4
ありぐざんだー	4
あれきさんだあ	4
あれきさんだー	4
あれきざんだー	4
あれくさんだ	4
あれくさんだー	4
あれくざんだー	4
あれぐざんだー	4
あれきさんどろびち	7
あれきさんどろびっち	8
あれきさんどろゔぃち	7
あれきさんどろゔぃっち	8
あれくさんどろうぃち	7
あれくさんどろびち	4
あれくさんどろゔぃち	4
あれくさんどろーびち	7
あれくさんどろーゔぃち	7
あれくさんどろふ	6
あれきしす	3
あれきす	1
あれきせい	2
あれきせーえふ	4
あれくさんどりーぬ	7
あれくしあ	3
あれくしおす	4
あれくしす	3
あれくしーど	4
あれくせーえびち	6
あれくせーえゔぃち	6
あれくせーえふ	4
あれさ	1
あれさな	0
あれしお	2
あれっしお	2
あれじ	1
あーれす	1
あれつはうざー	4
あれとぅーじ	3
あれとん	1
あれなす	1
あれにうす	3
あれーにうす	4
あれゔぃ	1
あれぶ	1
あれほ	1
あれまぉん	3
あれみ	1
あれむ	1
あれもん	1
あれもんど	3
あれんすばーぐ	5
あれんずばーぐ	5
あれんつ	1
あれんと	2
あれんびー	2
あれーばろ	2
あろいしあ	3
あろいす	2
あろいじあ	2
あろいーじあ	3
あろいーじお	3
あろなっくす	3
あろまー	1
あろるど	2
あろんなくす	4
あろーすみす	4
あろーな	2
あわっど	1
あわーばっく	4
あんかす	1
あんかつ	0
あんがす	1
あんがー	1
あんがーみゅらー	5
あんぎー	1
あんくす	1
あんくたん	1
あんくらむ	3
あんぐうぃん	1
あんぐらん	1
あんけ	1
あんけてぃーゆ	4
あんげりか	3
あんげろぷろす	5
あんげろーな	4
あんご	1
あんごねーぜ	4
あんごー	0
あんじぇい	1
あんじぇら	1
あんじぇらいん	4
あんじぇりく	3
あんじぇりーな	4
あんじぇりーぬ	3
あんじぇるっち	4
あんじぇろ	1
あんじぇろってぃ	4
あんじょん	1
あんじー	1
あんせるむ	3
あんせるむす	3
あんせるめ	3
あんぜり	0
あんぜるむ	3
あんそん	1
あんそーる	3
あんぞふ	1
あんたる	1
あんたーる	3
あんだしゅ	1
あんだーうっど	5
あんだーす	1
あんだすん	1
あんだそん	3
あんだーしょん	3
あんだーすん	3
あんだーそん	3
あんでうそん	3
あんちぇろってぃ	4
あんてぃぴりん	4
あんつぇんぐるーばー	6
あんつる	1
あんてぃおきゅす	4
あんちおこす	4
あんてぃおこす	4
あんちごーね	4
あんてぃごね	3
あんてぃごねー	4
あんてぃごのす	4
あんてぃすてねす	5
あんてぃぬーす	4
あんてぃぱとる	4
あんてぃーあす	3
あんてぃーむ	3
あんてふ	1
あんでるそん	3
あんでるなっは	5
あんでれ	1
あんとなん	1
あんとにあ	3
あんとーにあ	3
あんとにうす	4
あんとにぬす	4
あんとにおーに	5
あんとにる	3
あんとにん	1
あんとにー	1
あんとにーの	4
あんとぬっち	4
あんとねすく	4
あんとねっり	4
あんとねり	3
あんとのふ	3
あんとーのふ	3
あんとらーぐ	4
あんとるもん	3
あんとわーじゅ	4
あんとわぬ	3
あんとわーぬ	4
あんとん	1
あんとーにえ	3
あんどらでぃーりゃ	5
あんどらんで	4
あんどらーしゅ	4
あんどりあ	3
あんどりあなりぶ	6
あんどりあん	3
あんどりおり	4
あんどりく	3
あんどりゅーしゅか	4
あんどりゅーす	4
あんどりゅーず	4
あんどりーせん	4
あんとりーに	4
あんどりーに	4
あんどりーぶ	4
あんどるふ	3
あんどれあ	3
あんどりー	1
あんどれい	1
あんどれおってぃ	5
あんどれす	1
あんどれってぃ	4
あんどれふ	3
あんどれーえゔぃち	6
あんどれーえふ	4
あんどれーに	4
あんどろす	3
あんどろにかす	5
あんどろにこす	5
あんどろぷーろす	5
あんどろぽふ	4
あんどろまく	4
あんどろまけ	4
あんどろまっく	5
あんどろみだ	4
あんどろめだ	5
あんなまーちゃーりや	6
あんなんばった	5
あんにー	1
あんにーな	3
あんにーばれ	3
あんね	1
あんねって	3
あんねり	0
あんねんこふ	3
あんばてぃえろす	4
あんばぱーりー	4
あんぴくす	3
あんぶらー	1
あんぶりっじ	4
あむぶろしうす	5
あんぶろしうす	5
あんぶろーじうす	6
あんぶろしおす	5
あんぶろじお	4
あんぶろーじお	4
あんへら	0
あんへる	1
あんべるがー	3
あんべーどかる	3
あんぺーる	3
あんりえっと	4
あんりこ	0
あんわる	1
あーかん	1
あーかーと	3
あーくはーと	4
あーがす	1
あーがる	1
あーがー	1
あーきぺんこ	4
あーくえっと	4
あーくらいと	4
あーけいしゃ	3
あーこっと	3
あーさが	0
あーざ	1
あーしぇす	1
あーした	1
あーしにー	1
あえしゃんぼると	5
あーしゅら	1
あーすら	1
あーしる	1
あーじぇんと	1
あーじお	1
あーじゅら	1
あーすきん	1
あーずま	1
あーずりー	1
あーせん	1
あーたん	1
あーだ	1
あーちぼるど	4
あーちぼーど	4
あーちゃりー	1
あーちゃー	1
あーちい	1
あーちー	1
あるてぃます	3
あるてます	3
あーてぃます	3
あーてます	1
あーでるはいと	5
あーでるんぐ	4
あーでん	1
あーなん	1
あーなんだ	1
あーにゃ	1
あーにー	1
あーね	1
あーねすちん	3
あーねすてぃん	3
あーねっと	1
あーのっと	3
ああのるど	3
あるのるど	3
あーのると	3
あーのるど	3
あーのんくーる	5
あーばすなっと	5
あーびゅすのっと	5
あーびん	1
あーゔぃん	1
あーびんど	3
あーぶ	1
あーぷ	1
あーべる	1
あーぺらんと	4
あーぺる	1
あーほぇい	1
あーまてぃんがー	4
あーまっど	3
あーまど	1
あーまりー	1
あーまん	1
あーまーす	1
あーみる	1
あーむすとろんぐ	6
あーめす	1
あーめっと	1
あめど	1
あーめど	1
あーもん	1
あーよ	1
あーらん	1
あーらーだ	3
あーり	1
あーりっくまん	3
あーりんだー	3
あーりーん	3
あーるす	1
ああると	1
あーると	1
あーるやばた	4
あーれん	1
あーれんずばーぐ	6
あーれんと	1
あーろ	1
あーろいす	3
あろのびっち	4
あろのゔぃっち	4
あーろのびっち	5
あーろのゔぃっち	5
あーろん	1
あーろんず	1
あーんしぇ	1
あーんすと	1
いあうぃっかー	3
いあそす	1
いあっこす	2
いあごう	1
いあーご	2
いうい	1
いうか	1
いうとえんはぶ	4
いえがー	1
いぇしぇー	1
いえすげい	2
いぇすぺるせん	4
いぇっぺ	2
いえとにこふ	4
いぇにい	1
いぇゔぁん	0
いえばん	0
いぇふ	1
いぇふだー	2
いえふでぃ	2
いえぺす	1
いぇほやだ	3
いぇみ	1
いぇらいしゃ	3
いぇりねっく	4
いぇりん	1
いぇるく	2
いえるげん	2
いぇるむすれう	5
いぇれみあす	3
いえれみあす	3
いぇろでぃあ	3
いぇろーみん	3
いぇんいぇん	1
いぇんじぇいぇゔぃちょゔぁ	0
いえんす	1
いぇんせん	2
いえんせん	2
いぇーがー	2
いえーがー	2
いぇーきん	2
いぇいつ	1
いぇーつ	2
いえいつ	1
いえーつ	2
いぇーりんぐ	2
いえりんぐ	3
いおあん	2
いおかすて	3
よおかすて	3
いおな	1
いおねすく	3
いおれ	1
いかう	1
いかたらしひこ	5
いかぼっど	3
いかるす	1
いかろす	2
いがたらしひこ	5
いがりんぐ	3
いぎーた	2
いくさん	1
いくす	1
いくすぱー	2
いくつひこね	4
いくなーとん	3
いくばる	1
いくばーる	3
いくめいりびこいさち	8
いくらもふ	3
いくりま	2
いぐすきさ	3
いぐなちぇふ	3
いぐなちえふ	4
いぐなちうす	4
いぐなちお	3
いぐなっつ	3
いぐなつ	1
いぐなーつ	3
いぐなてぃうす	4
いぐなてぃえふ	4
いぐなーと	3
いぐのし	1
いぐのー	1
ゐぐりよお	2
いぐれしあす	3
いことい	1
いこばやわけ	4
いごーる	2
いさこふ	1
いささわけ	0
いさべら	1
いさあきおす	4
いさーく	2
いさーにあ	2
いざい	1
いざえ	1
いざなき	0
いざなみ	0
いざべっら	3
いざべら	1
いざむ	0
いざむばーど	4
いんさむばーど	5
いざや	1
いざわい	0
いざく	1
いざーく	2
いざーど	2
いしかび	0
いしこふ	4
いしごにす	3
いしし	1
あいしす	1
いしす	1
いしどるす	3
いしどろ	0
いしどーる	3
いしどーろ	3
いしは	1
いしまえる	3
いしゅか	1
いしゅと	1
いしゅとゔぁーん	4
いしゅばら	0
いしゅまえる	3
いしゅらく	1
いしんばえわ	4
いじりー	1
いすかりおて	4
いすかんだる	3
いすかんでーる	5
いすきえるど	4
いすてみ	0
いすとぅり	0
いすとちにこふ	4
いすとらーぜ	4
いすはく	2
いすはーく	3
いすばはーにー	4
いすまいろふ	3
いすまいる	3
いすまいーる	4
いすまーいーる	5
いすまえる	3
いすまる	1
いすめっと	3
いすらふぃる	3
いずー	1
いぜっと	1
いぜとべごびっち	6
いぜべる	1
いそくらてす	4
いそった	2
いそぽ	1
いそら	1
いそーくせん	2
いぞった	2
いぞりーな	3
いぞるで	2
いだるご	2
いっきーず	1
いっくす	1
いっざと	1
いっしむ	1
いっしー	1
いっせるしゅてっと	6
いってぃ	1
いつせ	1
いつのおはばり	5
いつぁく	1
いつはーく	3
いてぃ	1
いてぃえる	1
いでぃ	1
いとく	1
いとるげん	2
いどめねお	3
いどりーしー	3
いどりす	1
いなせびこ	3
いなぼ	1
いにき	1
いにご	1
いにごー	1
いにしきのいりひこ	7
いにす	1
いにゃき	1
いにゃす	1
いねす	1
いーねす	1
いねるで	2
いのく	1
いのす	1
いーのす	1
いのそらん	3
いのっち	2
いのにゅ	1
いばか	1
いゔぁな	1
いばねー	1
いばのびっち	4
いゔぁのゔぃち	3
いゔぁーのゔぃち	4
いばるり	2
いばんせびっち	5
いばーど	2
いびちゃ	1
いゔぃゔぃす	1
いびむ	1
いぴい	1
いふぃげに	0
いふぃげにあ	3
いふぃじないあ	4
いふげにあ	3
いふめにえふ	3
いふら	1
いふらいむ	3
いふれむ	1
いぶこびっち	4
いゔりえふ	2
いゔりん	1
いゔーる	2
いぶせん	1
いぷせん	1
いぷねふぇる	3
いべっと	1
いゔぇっと	1
いべんす	2
いぺくち	2
いゔぉな	1
いぼん	1
いぼんぬ	2
いゔぉんぬ	2
いゔぉー	1
いっぽりと	1
いぼりっと	3
いぽりっと	3
いぽりーと	3
いまえふ	2
いまさ	0
いましえふ	3
いまにゅえる	2
いまーぬえる	2
いんまぬえる	3
いまむ	1
いまん	1
いまーざ	2
いまーど	2
いみん	1
いみーる	2
いむふぉてっぷ	4
いむほーふ	3
いむりー	1
いむれ	1
いめるだ	2
いめると	2
いもじぇん	2
いもーじぇん	2
いもじん	2
いもっち	2
いもとん	1
いやご	1
いやる	1
いやーど	2
いようん	2
いよねすこ	3
いょるく	2
いらいざ	2
いらいじゃ	2
えらいじゃ	2
いらくり	2
いらしゅこ	2
いらずます	1
いらな	1
いらり	1
いりあ	1
いりやー	1
いりあしぇんこ	4
いりあでぃす	3
いりいち	2
いりいっち	3
いりいつち	3
いりいーち	3
いりっち	2
いりえすく	3
いりがらい	3
いりやず	1
いりやーず	3
いりゅーしん	2
いりゅーひん	2
いりん	1
いりーさ	2
いりーな	2
いりいん	2
いりーん	2
いるく	1
いるず	1
いるせ	1
いるせのびっち	5
いるぜ	1
いるだる	1
いるだーなふ	3
いるてりしゅ	3
いるでゅあん	2
いるまっつ	3
いるむがると	4
いるめんこ	3
いるめんぜー	3
いるやんか	3
いるりぐ	0
いるれた	0
いるれーた	3
いるわるど	3
いれあす	1
いれいん	2
いれーぬ	2
いれねー	1
いれーね	2
いろる	1
いはのひめ	3
いわのひめ	3
いわのびっち	4
いわのゔぃち	3
いわーのゔぃち	4
いわのわ	0
いわれひこ	3
いわれびこ	3
いわん	1
いゔぁん	1
いゔあん	1
いわーのゔな	4
いゔぁーのゔな	4
いんがるす	1
いんぐゔぇい	1
いんぐらむ	1
いんぐらーしあ	4
いんぐりす	1
いんげ	1
いんげりど	3
いんげる	1
いんげるす	1
いんげんほうす	5
いんざぎ	1
いんざーぎ	3
いんしー	1
いんすーあ	3
いんすー	1
いんてぃ	1
いんでぃら	1
いんでるり	3
いんどぅらいん	3
いんどらゔぁるまん	5
いんのけんてぃうす	6
いんばーと	3
いんふぁ	1
いんほてぷ	3
いんほふ	1
いんぼでん	3
いんぼーでん	3
いんりん	1
いあそん	1
いーがん	1
いーく	1
いーご	1
いーごり	1
いーさん	1
いーざりー	1
えざりー	1
いーざん	1
いーざー	1
いーじゃ	1
いーす	1
いーすたーぶるっく	7
いーすとん	1
いーでぃす	1
いーです	1
いーでん	1
いーでー	1
いーにっど	3
いーの	1
いーのぅ	1
いのっく	1
いーのっく	1
いぴす	1
いーふぁ	1
いーふーとぅあん	5
いーぶりん	1
いーゔりん	1
いーゔぉん	1
いーらい	1
いーらむ	1
いーる	1
うあばん	1
うあり	1
うあるぼん	2
うあっろー	2
うぃあー	1
うぃかじく	2
うぃぎんず	1
うぃぎんとん	2
ういくとーる	3
うぃくらましんは	5
うぃくりふ	1
うぃぐなー	1
うぃぐふる	1
うぃこんと	2
うぃじぇとんが	3
うぃすそん	1
うぃすとん	1
うぃすなー	1
うぃすらー	1
うぃずなー	1
うぃぞ	1
うぃたー	1
うぃだっぷ	1
うぃっかむ	1
うぃっきー	1
うぃっく	1
うぃっしゃーと	3
うぃったー	1
うぃって	1
ういって	2
ういつて	2
うゐつて	2
うぃってぃ	1
うぃってぃあ	1
うぃってん	1
うぃとこむ	1
うぃっとふぇる	3
うぃっとふぇるど	4
うぃとふぇるど	3
うぃっとふぉーげる	4
うぃっとらむ	1
うぃっぷる	1
うぃてかー	1
ういてかー	3
ほいってかー	2
うぃてりうす	3
うぃてろ	1
うぃとけ	1
うぃとん	1
うぃなふれっど	4
うぃーなー	1
うぃにきうす	3
うぃにこっと	3
うぃにふれっど	4
うぃねがー	1
うぃねっと	1
うぃのぐらーど	4
うぃのな	1
うぃぶ	1
うぃぼーぐ	2
うぃらっと	1
うぃらはでぃくすま	4
うぃらまんとりー	3
うぃらやっと	3
うぃらーど	1
うぃりあむすん	3
うぃりてぃす	1
うぃるかーそん	4
うぃるきんす	1
うぃるきんそん	3
うぃるきー	1
うぃるくす	1
うぃるこ	1
うぃるこくすん	4
うぃるこくそん	3
ゔぃるこん	1
うぃるしー	1
うぃるず	1
ういるず	1
うぃるだーろたー	3
うぃるつ	1
うぃるばー	1
うぃるばーん	3
うぃるひょう	1
うぃるびうす	3
うぃるふれっど	4
うぃるふれど	3
ういるふれど	5
うぃるぽん	1
うぃるみー	1
うぃるむす	1
うぃるむっと	3
うぃるれむ	1
うぃれった	1
うぃれっと	1
うぃれはん	1
うぃれむ	1
うぃーれむ	1
ういれむ	1
ゔぃれむ	1
うぃろびー	1
うぃんあうん	3
うぃんうっど	3
うぃんがー	1
うぃんがーど	3
うぃんくらー	1
ういんくらー	2
うぃんけるまん	3
ういんけんまん	4
ゔぃんけるまん	3
うぃんしっぷ	3
うぃんすとん	1
ういんすとん	2
うぃんすれっと	1
うぃんずろー	1
うぃんだみあ	3
うぃんちぇる	1
うぃんでぃんぐ	0
うぃんとる	1
うぃんとん	1
うぃんぴー	1
うぃんふりー	1
うぃんゆう	1
ういーくす	2
うぃーざー	1
うぃーずりー	1
うぃーぜる	1
うぃーでる	1
うぃーとん	1
うぃーどまん	1
うぃーふぁ	1
うぃらー	1
うぃーらー	1
うぃーる	1
うぃーるでぃ	1
うぃーるど	1
ういむ	1
うぃんくる	1
ういんくる	2
ういんしみあす	4
ういんすろっぷ	5
ういんたーす	4
ういんつ	2
ういんりぃ	2
うえいくまん	2
うえいす	2
うぇいつ	1
うぇいとりー	1
うぇいとん	1
うぇいなー	1
うぇいゔぁりー	1
うぇいび	1
うぇいびー	1
うぇいゔぃ	1
うぇいゔぃー	1
うぇいゆ	1
うぇいりー	1
うぇいんばーぐ	4
うぇくすふぉーど	4
うぇくすらー	1
うぇぐなー	1
うぇぐまん	1
うぇげなー	1
うぇざりー	1
うぇざずびー	2
うぇしゅらー	1
うぇす	1
うぇすこっと	3
うぇすちんぐはうす	6
うえすちんぐはうす	7
うゑすと	1
うぇすとうっど	4
うぇすとはいまー	4
うえすとはいまー	5
うぇすとん	1
うえすとん	2
うぇすとーる	3
うぇすらー	1
うぇずらん	1
うぇずりー	1
うぇだ	1
うぇっぐ	1
うぇっしぇ	1
うぇせん	1
うぇっそん	1
うえすん	1
うえっそん	2
うぇっつぇる	1
うぇっとん	1
うぇっばー	1
うぇっぶ	1
うぇっれーす	3
うぇでぃんぐとん	2
うぇでっく	1
うぇでまいやー	3
ゑぬす	1
うぇねと	1
うぇぶすたー	1
うぇぶすとる	3
うえぶすたー	1
うえぶすとる	3
うぇらんど	2
うぇーまん	1
うぇらー	1
うぇりえる	1
うぇりきー	1
うぇるきんげとりくす	7
うぇるぎりうす	3
ゔぇるぎりうす	4
うぇるく	1
うぇるざむ	1
うぇるてる	1
うえるてる	2
うぇるとはいまー	4
うぇるとん	1
うぇるにっけ	3
うえるにっけ	3
うぇるまん	1
うえれすりー	2
うぇれだ	1
うぇれん	1
うぇんがー	1
うぇんだりん	1
うぇんでぃえん	1
うぇんでぃす	1
うぇんでる	1
うぇんと	1
うぇんとわーす	4
うぇんどゔぁー	1
うぇんどりんぐ	0
うぇんどろうすきー	6
うぇんどー	1
うぇんどーる	3
うぇんはむ	1
うぇんふー	1
うぇんりー	1
うぇーべる	1
うえいべる	2
うえいゔぇる	2
うえーべる	2
うぇーべるん	1
うぇーらー	1
うぇっともあ	4
うえらんとん	3
うえんしるし	4
うえんつ	2
うぉいしぇっく	3
うぉしゃうすきー	3
うぉじゃーず	1
うぉず	1
うぉずにあっく	4
うぉたーらー	2
うぉっしゅばーん	4
うぉっとん	1
うぉらすとん	2
うぉりす	1
うおりす	2
うぉりん	1
うぉるこっと	3
うぉるこふ	1
うぉるしゅ	1
うおるしゆ	1
うぉるしんがむ	3
うぉるすてん	2
うぉるたーず	1
うぉるつ	1
うぉるとん	1
わるとん	1
うおるど	1
うぉるどまん	1
うぉるどるふ	3
うぉるどーふ	3
うぉるどろん	3
うぉるぴ	1
うぉるふ	1
うおるふ	1
うぉるふぇんそん	3
うぉるふぉうぃっつ	4
うぉるふぉういっつ	5
うるふぉうぃっつ	4
うぉるふぉゔぃっつ	4
うぉるふまん	1
うぉるふれん	3
うあるぽーる	4
うぉるぽーる	3
うぉるむす	1
うぉるむずりー	3
うぉるむにうす	4
うぉれ	1
うぉれす	1
うぉーれす	1
われん	1
わーれん	1
うぉれーす	2
うぉろーじゃ	2
うぉんか	1
うぉんすとん	3
うぉんすとーる	4
うぉんびん	1
うぉんれい	1
うぉーがん	1
うぉーけん	1
うおーたーず	2
うぉーたーはうす	5
うぉーたーふぃーるど	5
うぉーたべり	4
うぉーでん	1
うぁーとん	1
うぉーとん	1
うぉーど	1
うぉーなー	1
うぉーふ	1
うぉーほる	1
うぉーらすていん	5
うぉーらーすていん	6
わらー	1
わーらー	1
うぉーるすてたー	5
うぉーるばーがー	4
うぉるばーぐ	3
うぉーるばーぐ	4
うぉれん	1
うぉーれん	1
うぉーろっく	3
うおれーす	3
うかし	1
うがや	1
うがやふきあえず	6
うくきだ	0
うくらいんか	4
うごうご	0
うごりーの	3
うさいびあ	2
うさむ	1
うざらー	1
うざーら	2
うしまんど	3
うしゃ	1
うしゃこふ	1
うしゃーこふ	2
うじぇーぬ	2
うーじぇーぬ	3
うぢのわき	7
うじゅんた	2
うづぃ	1
うすとりつき	4
うすぺんすきい	3
うすまん	1
うせいぬ	2
うそっぷ	1
うだ	0
うだい	1
うだやん	1
うちあしぇわ	3
うちぱく	0
うっかりー	1
うっちぇるろ	3
うっちぇろ	0
うっつ	0
うっどばーん	4
うっどらんど	4
うっどれい	1
うっどろう	1
うっどろー	1
うっどわーす	4
うっどわーど	4
うっへんばっける	5
うっら	1
うつしくにたま	5
うつしこを	0
うてぃけんしす	3
うてんす	2
うとぅなぴしゅてぃむ	5
うとまさ	2
うなむーの	3
うはーつぃうす	4
うばいどぅっらー	4
うび	1
うふぇぼわに	3
うふきーる	3
うぶりゅー	1
うぶりる	1
うべるてぃーの	3
うまいや	2
うみさちひこ	4
うみわけ	2
うむべーあ	3
うらしん	1
うらじみろふ	4
うらじーみろふ	5
うらじみる	3
うらじみーる	4
うらじーみる	3
うらぢいみる	3
うらぢみる	3
うらでぃみる	3
うらでぃみーる	4
ゔらじみーる	4
ゔらでぃみーる	4
うらそふ	1
うらそふすきー	4
うらでぃすろー	3
うらにー	1
うーらのす	3
うらもふ	1
うらーにえ	2
うらーびー	2
おらーびー	2
うりあのふ	3
うりあるて	3
うりえ	1
うりえる	1
うりだ	1
うりっく	1
うりっせ	2
うりつかや	3
うりびえり	3
うりやのふ	3
うりょーあ	2
うりりふ	2
うるかぬす	3
うるかのす	3
うるかんど	3
うるきとかん	3
うるぐる	0
うるぐろっせるしゅてるん	7
うるざばば	4
うるじー	1
うるすとんくらふと	7
うるすぶか	3
うるすら	0
うるた	1
うるだねた	3
うるだる	1
うるつぃでぃーる	4
うるつさはり	4
うるてぃか	2
うるばぬす	3
うるばーのす	3
うるばの	0
うるばん	1
うるぱの	0
うるふぁ	1
うるふぁある	3
うるふうっど	4
うるふぇんすばーがー	6
うるふそん	2
うるふまいやー	4
うるふらむ	1
うるぶりひと	4
うるぶん	1
うるゔぇーら	3
うるまん	1
うるまー	1
うるめる	1
うるりけ	2
うるりっひ	3
うるりひ	1
うるりー	1
うるわーす	3
うるーじ	2
うるーちや	2
うわしびゅるぬ	4
うわでぃすわふ	4
うんがれってぃ	4
うんがろ	0
うんしゅると	3
うんしん	1
うんそんたむ	3
うんたーぐっげんべるがー	9
うんだーりっひ	5
うんでぃ	1
うんにぇしゃか	4
うんべると	3
うんぼ	1
うんむ	1
うーありひ	3
うーご	1
うーごー	1
うじぇに	1
うじぇにー	1
うーじぇにー	3
うーすれー	1
うーずなむ	1
うーてぃてぃらー	3
うーで	1
うーでっと	3
うーどるふ	3
うーどん	1
うーの	1
うーぴー	1
うーふらじー	3
うーぶりゅー	1
うゔぇ	1
うーべ	1
うーゔぇ	1
うーらほーん	4
うーり	1
うーりっか	3
うーりっと	3
うーるわーす	4
うーれ	1
えあとん	1
えあねす	1
えあはると	3
えありえる	2
えあん	1
えいおす	1
えいかーず	1
えいきん	1
えいく	1
えいくまん	1
えいじゃっくす	3
えいじんがー	3
えーじんがー	3
えいぜる	1
えいぜんしゅたいん	6
えいぜんしゅていん	6
えいだ	1
えいでるまん	3
えいとる	1
えいとーる	3
えいどりあん	3
えいな	1
えいなんでーる	5
えいなーる	3
えいはむ	1
えいゔぁりー	1
えいゔぁーると	3
あぶらはむ	3
あーぶらはーむ	5
えいぶらはむ	4
えーぶらはむ	4
えいぶらむず	4
えいゔり	1
えいぶりー	1
えいぷせ	0
えいへ	1
えぃみぃー	1
えいみー	1
えいむず	1
えーむず	1
えいもりー	1
えいもん	1
えいやー	1
えいら	1
えいらと	1
えいらろいーる	5
えいらーな	3
えいりあしんぐ	5
えりあしんぐ	1
えいりす	1
えいるさ	1
えいれないおす	4
えいれなえうす	5
えいんじ	2
えいんずりー	2
えいんずわーす	5
えいんでん	2
えうくれいです	4
えうげーにー	3
えうじぇにお	3
えうじぇにこ	3
えうすたきお	4
えうせびお	3
えうせびおす	4
えうぜびお	3
えうとらぺるす	5
えうとろぴうす	5
えうどくしあ	4
えうどくそす	3
えうにけ	0
えうばりのす	4
えうぶれ	0
えうぷろしね	4
えうへめろす	3
えうぽりす	3
えうりでぃーちぇ	4
えうりぴです	4
おいりぴです	4
えうりでぃけー	3
えうりゅでぃけ	3
えうろぱ	0
えうろぺ	0
えおす	1
えかし	1
えかーと	2
えきどな	0
えきゅるいゆ	3
えぎでぃうす	3
えぎー	1
えくあん	1
えくうす	1
えくさむ	1
えくしーた	3
えくすゔぁー	3
えくすりー	1
えくすれい	1
えくたー	1
えくとる	1
えくとーる	3
えくはーと	3
えくぶ	1
えくまん	1
えくれすとん	3
えぐうぇーん	3
えぐしうす	3
えぐばーと	3
えぐりもんと	4
えぐれもんと	4
えぐれん	1
えこるず	1
えこーれん	2
えごろふ	2
えごーろふ	2
えごろわ	2
えごん	1
えーごん	1
えさばー	1
えさふぃ	1
えざとら	0
えしゅてる	1
えしゅばある	3
えじうそん	2
えじぇびっと	3
えでぃすん	1
えでぃそん	1
えじみうそん	3
えじむ	1
えじゃ	1
えじょふ	1
えじんにょ	2
えずぃー	1
えすかみりお	3
えすかみーりょ	4
えすきべる	3
えすきらす	3
えすこ	1
えすこばる	3
えすこる	1
えすこーふぃー	3
えすたす	1
えすたぷーる	4
えすたー	1
えすてい	1
えすてす	1
えすてべす	3
えすてゔぇす	3
えすてるかん	3
えすてるはーじ	4
えすてるはーつぃ	5
えすとりっじ	4
えすとろんご	4
えすぱるざ	3
えすぴなす	3
えすぴなる	3
えすべん	1
えすぺる	1
えすぺーん	3
えすぽじと	3
えすめいる	3
えすめらるだ	4
えずもんど	3
えずら	1
えせら	1
えせる	1
えせん	1
えせーにん	2
えぜきえる	3
えちぇがれい	3
えちゃばりあ	3
えちゅべ	1
えっかーと	3
えっがー	1
えっく	1
えっくすあいえーあい	9
えっくはると	4
えっくるず	1
えさい	1
えっさい	1
えっさど	0
えっさびる	1
えっさー	1
えっしぇりっひ	4
えっしぇんばっは	5
えっしゃー	1
えっせむ	1
えった	1
えっつ	1
えっつぇりーの	4
えってんばーぐ	5
えっでぃん	1
えっとーれ	3
えっぷらー	1
えっろ	1
えつぇる	1
えちえんぬ	3
えてぃえんぬ	3
えておくれす	4
えておくれーす	5
えてりあぬす	4
えてろ	1
えでぃがー	1
えでぃす	1
えでぃぷす	1
えでぃり	1
えでぃんとん	2
えでゅある	1
えでるしゅたいん	5
えとゔぃねむ	3
えとむんと	3
えとりん	1
えとろ	1
えどあると	3
えどぅあると	3
えーどぅあると	4
えどあるど	3
えどぅあるど	3
えどぅー	1
えとがー	1
えどがー	1
えどがーる	3
えどそん	1
えどな	1
えどなー	1
えどばると	3
えどばるど	3
えどゔぁると	3
えどゔぁるど	3
えどゔぁー	1
えどまんど	3
えどむんと	3
えどもんず	1
えどもんそん	3
えどもん	1
えどもんど	3
えどりし	1
えどりっく	1
えどあーる	3
えどぅあーる	3
えどわーる	3
えにす	1
えにっしゅ	1
えにわ	1
えぬごてぃ	3
えねあ	1
えねあす	1
えねすこ	2
えねーろ	2
えのけん	0
えのす	1
えのっく	2
えのばるぶす	3
えのやん	2
えのーぬ	2
えばでぃ	1
えゔぁるど	2
えゔぁれっと	3
えゔぁわす	1
えばん	1
えゔぁん	1
えばんず	1
えゔぁんず	1
えゔぁーぐりーん	5
えゔぁーげいつ	4
えゔぁーず	2
えばーと	1
えばーんでん	2
えぱふらす	3
えぱふろでと	4
えぱぷろでぃとす	5
えひう	1
えびっと	1
えびゅてるぬ	3
えびんぐ	2
えゔぃんぐ	2
えびんぐはうす	5
えゔぃーた	2
えぴかるもす	3
えぴくてたす	4
えぴくてとす	4
えぴくてーとす	4
えぴきゆらす	1
えぴくろす	3
えぴくーろす	3
えぴてす	1
えぴふぁねす	3
えぴほーどふ	3
えぴめてうす	4
えぴめにです	3
えぴー	1
えふぃもゔぃち	3
えふぃもゔぃっち	4
えふぃんがむ	2
えふぃ	1
えふぃー	1
えふぇめら	0
えふぇんでぃえふ	4
えふぇんでぃー	2
えふげにあ	0
えふげにー	3
えふげーにー	3
えふせーえゔな	5
えふてぃみあです	4
えふてぃみい	3
えふとしぇんこ	4
えふれむ	1
えぶえ	1
えぶじあ	0
えぶら	1
えぶらひむ	3
えゔらむぴや	4
えぷしら	2
えぷすたいん	4
えぷぺ	1
えべい	1
えゔぇな	1
えべにーざー	3
えべねざー	3
えべるはるたー	4
えべるらん	3
えべれっと	3
えゔぇれっと	3
えゔぇんちお	2
えほしこ	2
えほば	1
えほゔぁ	1
えほやきむ	3
えゔぉら	1
えぽ	1
えぽざぐえ	3
えまたいと	3
えまな	1
えまにゅえれ	3
えまぬえれ	3
えまぬえーれ	4
えまぬーえれ	3
えまむ	1
えまりー	1
えまあそん	2
えまそん	1
えまるそん	2
えまーそん	2
ゑまるそん	2
えまーみー	2
えみね	1
えみねむ	0
えみり	1
えみりあん	2
えみりあーの	4
えみりお	2
えみーりお	2
えみりぃ	1
えみりー	1
えみん	1
えむおーゆー	5
えむりっく	1
えむれ	1
えめっと	1
えめらいん	3
えめらるだ	3
えめらるだす	3
えめりっく	1
えめりやーえんこ	6
えめる	1
えめるそん	2
ゑめるそん	2
えめれ	1
えめれんつぃあ	3
えもっと	1
えもりー	1
えもんず	1
えもんつ	1
えやでま	0
えらいあす	2
えらごん	1
えらすむす	3
えらずます	3
えらた	1
えらとすてねす	5
えらなうぃ	2
えらりい	1
えらりー	1
えらあぎん	2
えらーびー	2
いらいあす	2
えりあす	1
えりあな	0
えれなあ	1
えりあーで	3
えりうげな	3
えりえぜる	3
えりえっと	3
えりおとろぴお	5
えりくす	1
えりごね	0
えりごーぬ	3
えりさぜりん	4
えりざうええた	5
えりざべーた	4
えりざゔぇーた	4
えりーざべた	4
えりしゃ	1
えりじゃ	1
えりす	1
えりすまん	1
えりせーえふ	3
えりぞんど	3
えりだ	1
えりーだ	2
えりっさ	2
えりでゅっく	3
えりどまん	1
えりどーる	3
えりなー	1
えりにゅす	1
えりふ	1
えりふぁす	1
えりふぁず	1
えりま	1
えりゅあーる	3
えりゅー	1
えりょーみな	2
えりんぐとん	2
えりんとん	2
えりーず	1
えりーぜ	2
えりーぜる	2
えるあざる	3
えるうっど	3
えるがばるす	4
えるきゅーる	3
えるきんず	1
えるぎゅん	1
えるげれっと	3
えるご	1
えるざ	1
えるしゃど	0
えるしゅれーがー	4
えるしぃず	3
えるすふぉーす	4
えるずりっく	4
えるずわーす	4
えるせ	1
えるぜ	1
えるたー	1
えるだる	1
えるだーすゔぇるど	6
えるち	1
えるちぇてぃん	3
えるつ	1
えるて	1
えるでぃ	1
えるでぃっく	1
えるでく	1
えるとぅーるる	3
えるとん	1
えるどまん	1
えるどりっじ	4
えるどりっち	4
えるどん	1
えるなんど	3
えるなーく	3
えるねすちーぬ	5
えるねすてぃ	3
えるねすてぃーね	5
えるねすと	3
えるはると	3
えるゔぁいあら	3
えるばす	1
えるばーと	3
えるびら	0
えるびん	1
えるゔぃん	1
えるぴでぃあ	3
えるぴでぃお	3
えるふりっど	4
えるゔえっと	4
えるぶらん	2
えるゔぇしうす	4
えるゔぇしゅうす	4
えるべん	1
えるぺにうす	4
えるまん	1
えるまんがるど	5
いぇるまく	3
いぇるまーく	4
えるまーく	3
えるまーる	3
えるみ	1
えるみおーぬ	4
えるみにあ	3
えるみに	0
えるみーと	3
えるむくいすと	5
えるめ	1
えるめりひ	3
えるめる	1
えるめれんす	3
えるもしーりゃ	4
えるもらびちゅす	5
えるりく	1
えるりっく	1
えるんすと	2
えるー	1
えれあざーる	4
えれいん	2
えれうてりうす	5
えれりてりうす	3
えれおのら	3
えれおのーら	4
えれおのーる	4
えれおのーれ	4
えれくとら	3
えれしあ	2
えれな	1
えりのあ	0
えれのあ	0
えれぶす	1
えれぼす	1
えれぽす	1
えれみあ	2
えれみや	2
えれら	1
えれーら	2
えれんぶるく	4
えれんぶるぐ	4
えれーな	2
えれーぬ	2
えれーね	2
えれーん	2
えろいーず	3
えろしぇんこ	3
えろじ	1
えろでぃ	1
えろでぃあす	3
えろど	1
えろに	1
えろーす	2
えろーる	2
えわるど	2
えわーと	2
えんがーす	1
えんくいすと	3
えんくるま	3
んくるま	2
えんぐすとろむ	5
えんげすとろーむ	6
えんげる	1
えんげるす	1
えんげるばーと	5
えんげるぶれくと	6
えんげるべると	5
えんげるまん	3
えんさわ	1
えんさー	1
えんすりん	1
えんぞ	1
えんつぉ	1
えんつぇんすべるがー	6
えんてざみ	3
えんでぃこっと	4
えんでぃ	1
えんでぃー	1
えんでる	1
ゑんでる	1
えんでるく	3
えんでろ	0
えんとうぃっする	4
えんとまん	1
えんとりんきん	4
えんどぎら	4
えんどらー	1
えんどるふ	3
えんにお	1
えんねん	1
えんばーまー	3
えんひぇん	3
えんふばやる	4
えんぶらっど	4
えんぷそん	1
えんぷぅ	1
えんゔぇる	1
えんぺどくれす	4
えんりお	0
えんりけ	0
えんりけす	3
えんりけた	3
えんりこ	0
えんりれ	0
えんりー	1
えんろー	1
えーくはうと	4
えーしゃな	0
えーで	1
えいでぃ	1
えーでぃと	1
えーでぃん	1
えーでるくらんつ	6
あどるまん	2
えーでるまん	3
えーとけん	1
えーねうす	3
えーゔぁると	3
えいぶ	1
えーぶ	1
えーぷなー	1
えーべる	1
えゔぇるす	1
えーべるす	1
えーべるそん	3
えーべると	1
えーばーはると	5
えーべるはると	5
えいみす	1
えみす	1
えーみす	1
えーめ	1
えいもす	1
えいりく	1
えーりく	1
えーりっく	1
えりっひ	2
えるりっひ	3
えーるりっひ	4
えーれんすれーやー	6
えーれんふぇすと	5
えーれんふぇるす	5
えーれんべるく	5
おいけん	1
おいげん	1
おいすとらふ	4
おいでぃぷす	1
おいでぃーぽす	3
おいのまおす	4
おいば	1
おいらー	1
おいれんしゅぴーげる	6
おぅまーら	3
おえれんどら	3
おおうす	0
おほうす	0
おおえのいざほわけ	7
おほえのいざほわけ	7
おほくさか	3
おおくにぬし	4
おほくにぬし	4
おおげつひめ	4
おおさざき	3
おほさざき	3
おおたらしひこ	5
おほたらしひこ	5
おおなむち	3
おおはつせわかたける	6
おほひるめ	3
おおやびこ	3
おかめひめ	3
おかよ	1
おからなん	0
おかーる	2
おがりょふ	1
おがーまん	2
おきの	1
おきくるみ	3
おきつよそ	3
おきながたらしひめ	7
おきめぐ	0
おきーふ	2
おくすまん	1
おくすれー	1
おくせんばーぐ	5
おくたうぃあ	3
おくたびあ	3
おくたゔぃあ	3
おくたうぃあぬす	4
おくたびあぬす	4
おくたゔぃあぬす	4
おくたゔぃあん	3
おくたーうぃうす	5
おくたびお	3
おくたゔぃお	3
おくたぶ	0
おくろふ	1
をくーねっふ	2
おぐでん	1
おぐばーん	3
おぐみうす	3
おぐりあすとぅり	5
おぐるそーぷ	4
おぐるびー	2
おけへむ	1
おけーしー	2
おこすきー	2
おこなー	1
おこーなー	2
おこりくさにー	4
おこんねる	2
おこーねる	2
おごす	1
おごたい	1
おさりばん	2
おざなむ	1
をざべ	1
おざらん	1
おざんふぁん	2
おしぇー	1
おしさかのおおなかつひめ	10
おしっぷ	1
おしなみち	3
おしの	1
おしゅぽふ	1
おしゅりー	1
おしょんあしぃ	2
おしろわけ	3
おしんすきー	2
おじぇろー	1
おじまんでぃあす	5
おじゃらん	1
おじるびー	2
おじぃ	1
おじー	1
おすかゔぃんすきー	6
おすかる	1
おすかーしゅたいん	6
おすぐっど	3
おすたかーる	4
おすたぺんこ	4
おすたー	1
おすたーまん	3
おすてぞん	3
おすてるたーく	5
おすとふ	1
おすとろむ	3
おすとろふすきい	5
おすとろーふすきい	6
おすとわると	4
おすわると	3
おすにえる	2
おすばるど	3
おすゔぁると	3
おすらびあ	3
おすらふ	1
おすらー	1
おすわるど	3
おずきょく	2
おずぎょる	1
おずぐっど	3
おずぼん	1
おずま	1
おずもんど	3
おずりっく	1
おずわると	3
おずわるど	3
おせんどふすきー	5
おぜあす	1
おそふすきー	3
おそるこん	2
おそーりお	2
おたいーる	3
おたこん	1
おだけん	0
おだむ	1
おちぇーり	2
おちゃろふ	1
おちょあ	1
おちるばと	3
おちろ	1
おちわけ	0
おっかむ	1
おったびお	3
おったゔぃお	3
おっつぇ	1
おっでぃ	1
おっとかーる	4
おっとゔぁると	4
おっとりーん	4
おっとーりーん	5
おっどん	1
おっふぇ	1
おっふぇんばっく	5
おっべる	1
おつべる	1
おっふぇんはいまー	5
おっぺんはいまー	5
おっぺんはいむ	5
おっぺんれんだー	5
おてぃさ	1
おてな	1
おでぃな	1
おでぃろん	1
おでぃんつぉふ	2
おでぃーる	2
おでぃっと	1
おでれりうす	4
おでる	1
おでーる	2
おとぅーる	2
おとかりはたとべ	6
おとかる	1
おとたちばなひめ	6
おとりゅんてうす	5
おどあける	3
おどなるど	3
おどべすこ	3
おどむ	1
おどりくーる	4
おどん	1
おどんねる	2
おどー	1
おなしす	1
おなり	1
おなん	1
おにとむし	3
おにみ	0
おにーる	2
おねげる	1
おねしぽろ	3
おねしも	0
おねしょん	1
おねす	1
おんねす	1
おねっと	1
おねにー	1
おねーぎん	2
おのよーぶる	3
おのーりあ	2
おばいでぃ	2
おばさんじょ	3
おばじい	1
おばんどー	2
おばーしょーる	4
おーばーしゃる	3
おゔぁーとん	2
おばーまん	2
おゔぁーる	2
おぱあぴい	2
おぱーりな	2
おぱーりん	2
おうぃでぃうす	3
おびでぃうす	3
おゔぃでぃうす	3
おふぃり	1
おふぃーりあ	2
おふぃーりや	2
おふぇりあ	2
おふぇりや	2
おふゐりや	2
おふすてぃ	2
おふと	1
おふらはてぃ	3
おぶす	1
おぶらぃあん	3
おぶらいえん	3
おぶるすと	3
おぶろんすきい	3
おぶろーもふ	3
おゔーぐ	2
おぷぞーめる	3
おぷたとぅす	3
おぷら	1
おぷらー	1
おべろ	1
おべろい	1
おべろん	1
おぺる	1
おほす	1
おほつつきのたりね	7
おほなかつひこ	5
おぼて	1
おまい	1
おまり	1
おまりー	1
おまーに	2
おむりっく	1
おめーら	2
およす	1
おらいりー	2
おらう	1
おらさばる	3
おらしお	2
おらじゅわん	3
おらすと	2
おらとうんじ	3
おらわん	1
おらんばやる	4
おらんぷ	2
おらーてぃお	2
おらふ	1
おらーふ	2
おーらふ	1
おりあな	0
おりありー	2
おーりあり	3
おりが	1
おりく	1
おりげねす	3
おりば	1
おりばしうす	4
おりゔぁりうす	4
おりばー	1
おりゔぁ	1
おりゔぁー	1
おりばーれす	3
おりびあ	2
おりゔぃあ	2
おりびえ	0
おりゔぃえ	0
おりびえーる	4
おりふぁんと	3
おりふぃえる	3
おりべいら	3
おりゔぇいら	3
おりべってぃ	3
おりゔぇってぃ	3
おりゅある	1
おりゅうのおば	2
おりゅんぴあす	4
おりーど	2
おりーゔぁ	2
おりーりー	2
おりーん	2
おるかーにゃ	3
おるが	1
おるがこふ	3
おるがろしお	4
おるがんちーの	5
おるがんてぃの	3
おるぐれん	2
おるこっと	3
おーるこっと	4
おるこんべりー	5
おるごー	1
おるさってぃ	3
おーるさってぃ	4
おるしーに	3
おるすたん	2
おるすとん	2
おるせな	0
おるせん	1
おるそん	1
おるたでぃしゃる	4
おるたんす	1
おるつぃ	1
おるてこ	0
おるてりうす	4
おるでぃえ	0
おるでぶ	0
おるでんどるふ	5
おるでんばるねふぇると	8
おるでんばーぐ	5
おるでんべるひ	5
おるとばーん	4
おるとゔぁーん	4
おるとまん	1
おるとん	1
おるどふぃーるど	4
おるどりん	0
おるにゅんぐ	3
おるぬんぐ	3
おるのふ	1
おるはん	1
おるばーす	3
おるばん	1
おるばーん	3
おるふ	1
おるふぃら	0
おるふぃーら	3
おるふぇ	1
おるふぇうす	3
おるふぉいす	3
おるぺうす	3
おるふぇれうす	4
おるふせん	2
おるぶらいと	4
おーるぶらいと	5
おるぶらふと	4
おるほふすきー	5
おるぽーと	3
おるま	1
おるむすてっど	5
おるめ	1
おるめると	3
おるも	1
おるりく	1
おるれんこ	3
おるろ	1
おるろふ	1
おるろふすきー	4
おるーく	2
おれあり	2
おれありうす	4
おれいゆ	2
おれすてす	3
おれすと	2
おれせっく	3
おれふえら	3
おれんすてぃーん	5
おれーあ	2
おれぐ	1
おれーぐ	2
おろあーく	3
おろごん	1
おろしうす	3
おろすこ	2
おろふぇるぬ	3
おろふそん	2
おろふにこふ	3
おろぶ	1
おろんてうす	4
おろーく	2
おんぐ	1
おんころじすと	5
おんずろう	1
おんだーちぇ	3
おんてんちょん	5
おんねべし	3
おーうぇんず	1
おうえんず	1
おーうぇんす	1
おーえんす	1
おーえんず	1
おーかっさん	3
あうがすたす	3
あうぐすたす	3
あうぐすつ	3
あうぐすつす	3
あうぐすとぅす	4
あうぐすとす	4
おーがすたす	3
おーがな	1
おーきん	1
おーぎゅすたん	3
おぎゅすてぃーぬ	4
おーぎゅすてぃぬ	4
おーぎゅすてぃーぬ	5
おーぎー	1
おーくれー	1
おーくん	1
おーぐる	1
おーけん	0
おーげる	1
おーじるびー	3
おーすたー	1
おーすてぃん	1
おーすとりあん	4
おーせいみ	3
おーぜ	1
おうぜろふ	3
おーそん	1
おーちす	1
おーてぃす	1
おーじん	1
おーぢん	1
おーでぃん	1
おーでま	0
おーでん	1
おーでんだーる	5
おーとん	1
おーどりく	3
おーねっと	1
おーばびー	1
おーばべく	1
おーゔぁべく	1
おーばーしゅゔぁむばっは	8
おーばーと	3
おーばーどーふぁー	5
おーゔぁーぺっく	5
おーばーほるさー	5
おーゔぁーほると	5
おーびそん	1
おーびる	1
おーふぇん	1
おぶり	1
おーぶりー	1
おーゔぇ	1
おーべるしゅうぇすてる	6
おーべるしゅたいん	6
おーべるまん	3
おーべんどーふぁー	5
おーむず	1
おーもっと	3
おーりっく	1
おーりつく	1
おーりん	1
おるこっく	3
おるこつく	3
おーるこっく	4
おうるず	1
おーるず	1
おーるずばーぐ	5
おーるでん	1
おーるまん	1
おーるーるく	3
おーれふぃあーる	5
おーれりあ	3
おーれる	1
おーろいれ	3
おーろびんど	4
おーろふ	1
おーろーる	3
おーんすたいん	5
かいあ	1
かいあふぁ	1
かやぱ	1
かいうらに	3
かいうーゔぇ	3
かいしゃん	1
かいせど	0
かいそーん	3
かいなし	1
かいばー	1
かいふぁ	1
かいぷ	1
かいぷべるげーのふ	6
かいや	1
かいやっと	1
かいよわ	0
かいら	1
かいらーしゅ	3
かいりー	1
かいるぞん	1
かいんず	1
かいんつ	1
かいーぷ	2
かうすぶるっく	5
かうつ	1
かうっきー	2
かうつきー	2
かうぱー	1
かうふまん	1
かうぷ	1
かうりばるす	4
かうりー	1
かうるばるす	4
かうんだ	2
かえきりうす	3
かえくす	1
かえさりうす	4
かえさりおん	3
かえさる	1
かえたの	0
かえたーの	3
かえなる	1
かえりうす	3
かおなぼー	3
かおゔぃら	0
かかていな	3
かかまつぃん	2
かがり	1
かくとぃに	3
かくらば	0
かぐつち	2
かこやにす	3
かささ	1
かさっと	2
かさのば	0
かさのゔぁ	0
かさゔぇてす	3
かさんどら	2
かっさんどら	3
かざでぃえご	3
かざりす	1
かざりな	0
かさりん	1
かざりん	1
かしあす	1
かしおぴいあ	4
かしおぴーあ	4
かしおぺや	0
かしにー	1
かしみおん	2
かしむ	1
かしゅかしあん	3
かしゅがりー	1
かしゅやぱ	0
かしゅーく	2
かしょん	1
かしらぎ	0
かしるしーく	4
かしりゃす	1
かしーふ	2
かじみえらす	4
かじみるず	3
かじみーる	3
かじもど	0
かじゃぶ	1
かじゅだん	1
かすくーな	3
かすたねだ	3
かすたー	1
かすちりあーの	5
かすてぃりおーね	5
かすてぃりょーね	4
かすてぃーよ	3
かすてっらーの	5
かすてり	0
かすてりおん	3
かすてるぬおーぼ	6
かすてるばじゃっく	5
かすとりあでぃす	4
かすとりおんくるす	7
かすとる	1
かすとるぷ	3
かすとれーん	4
かすとろ	0
かすとろでぃ	3
かすとろねべす	5
かすばーる	3
かすぱろふ	3
かすぱる	1
かすまうすきー	4
かすーこ	2
かずみあつぁく	4
かずんず	1
かせぐれん	2
かせむ	1
かせり	1
かせりー	1
かぞぼん	1
かたそーにち	3
かたりん	1
かたりな	0
かたりーな	3
かたーんず	2
かだく	1
かだー	1
かーだーる	3
かちあ	1
かちゅーる	2
かちんすき	2
かっさぱ	0
かさんどる	2
かっさんどる	3
かっさー	1
かっさーの	3
かっしうす	3
かっしねり	3
かっしみ	1
かっしゅ	1
かしんぐ	1
かっしーに	3
かっしらー	1
かっしーらー	3
かっせばうむ	4
かっせるでん	3
かったーねお	3
かっちぇん	1
かっちゃーやな	3
かっちん	0
かっちーに	3
かっつ	1
かっつぇねれんゔぉーげん	7
かっつぇんしゅたいん	6
かっつぇんばーぐ	5
かっつまん	1
かってぃんがー	3
かっりだめー	4
かっりまこ	3
かつぁりす	1
かつおがわ	3
かつしぇふ	1
かつのやま	0
かつまん	1
かてぃんか	2
かてぃーな	2
かてりな	2
かてりーな	3
かでぃえ	1
かでぃろふ	1
かでゅあり	1
かとぅるす	1
かとぅーな	2
かとうしぇふ	2
かとけ	1
かとなー	1
かとりおな	3
かとりおーな	4
かとりーな	3
かとりーん	3
かっとれっと	4
かとれっと	3
かとろふぇろ	3
かとーな	2
かどご	1
かどむ	1
かなえわ	0
かなやん	2
かなりす	1
かなりっと	3
かなりん	1
かなれーは	3
かなろ	1
かーなん	1
かなーん	2
かにあ	1
かにえ	0
かにぐずばーぐ	5
かにしか	2
かにっつぁ	2
かにつぁーろ	3
かにまち	2
かにんがむ	2
かにんぐ	1
かにんぐはむ	2
かにーひあ	2
かぬに	1
かぬーて	2
かぬーてぃ	2
かねってぃ	2
かねゔぁり	0
かねまん	2
かのあ	1
かのぷす	1
かのーゔぁ	2
かのーる	2
かはーる	2
かばいえす	2
かばえば	0
かばえわ	0
かばこ	1
かばしらす	3
かゔぁっとじん	4
かゔぁっり	2
かばな	1
かばにす	1
かばねる	1
かばのふ	1
かゔぁふぃ	1
かゔぁらどっし	4
かばりえり	3
かゔぁりえり	3
かゔぁりーの	3
かゔぁるかんてぃ	4
かばれふすきー	5
かゔぁーに	2
がゔぁーむ	2
かぱらんぴあ	3
かぴおらに	3
かぴとん	1
かぴーつぁ	2
かふぁー	1
かふぇるにこふ	4
かふか	1
かふたに	0
かふたーにー	3
かふらー	1
くふらー	1
かぶらる	1
かぶーす	2
かぶーと	2
かーぷあ	1
かぷちゃっく	1
かぷっろ	2
かぷと	1
かぷにすと	3
かぷらのわ	3
かぷりあてぃ	3
かぷるす	1
かぷろ	1
かぷんこ	2
かぷーしょ	2
かへれ	1
かぺた	1
かっぺろ	1
かぺっろ	2
かぺつぃお	2
かぺるれ	2
かぺ	1
かぺー	1
かぼっと	1
きゃぼっと	1
かゔぉわ	1
かぼー	1
かぼじ	1
かぽね	1
かぽーてぃ	2
かまいの	2
かまちょ	1
かまてぃ	1
かまどま	0
かままる	0
かまら	1
かまらるざまーん	6
かまり	1
かまる	1
かまーる	2
かまるご	2
かまるっら	3
かまれろ	0
かまわーる	3
かまーちょ	2
かまーりんぐ	2
かみながひめ	4
かみにうす	3
かみむすひ	3
かみや	1
かみゅ	1
かみゆ	1
かみら	1
かーみら	1
かみり	1
かみる	1
かみーる	2
かみっるす	2
かみるす	1
かみっろ	2
かみろ	1
かみーろ	2
かみんぐす	2
かみんず	1
かみーゆ	2
きゃみいゆ	2
かむどしゅ	1
かむぱねるら	4
かむぽー	1
かむやまといわれひこ	8
かむろぎ	0
かめは	1
かめはめは	0
かめんすかや	4
かもらねーじ	4
かもれーぜ	3
かやんば	2
かゆざっく	3
かっら	1
からかうあ	3
からかしあん	3
からしにこふ	4
からじっち	3
からすこ	2
からぜりでぃ	3
からっくす	2
からっち	2
からっちおら	4
からっちょーり	4
からゔぁてぃー	2
からばふ	1
からゔぁん	1
からぶれーぜ	4
からまんどれーい	6
からまーぞふ	3
からやん	1
からんぐら	2
からんさ	2
からんぶー	2
からーる	2
かりあっぱ	3
かりある	1
かりあーり	3
かりうき	0
かりうた	2
かりえ	1
かりえむ	1
かりえーる	3
かりおぷす	3
かりかーる	3
かりくれす	3
かりぐだる	3
かりぎゅら	0
かりぐら	0
かりすた	2
かりくすとぅす	3
かりすとぅす	3
かりたすとぅす	3
かりっく	1
かりっど	2
かりてい	1
かりぬす	1
かりねすく	3
かりのうすきー	3
かりはたとべ	4
かりふぁの	0
かりぷすん	2
かりむ	1
かりもふ	2
かりゃーきん	2
かりやえふ	3
かりょ	1
かりろえ	0
かりーにょ	2
かりーにん	2
かりーぬ	2
かりーふ	1
かりーむ	2
かりりょ	1
かりーりょ	2
かるうぃりうす	3
かるうぇーず	3
がるうぇーず	1
かるかす	1
かるかべきあ	4
かるかべっきあ	4
かるかろふ	3
かるがちん	2
かるきん	1
かるぎん	1
かるさゔぃな	3
かるさゔぃーな	4
かるさーゔぃな	3
かるざす	1
かるざーす	3
かるざーず	3
かるじにゃつき	4
かるすてん	2
かるすーむ	3
かるせどにー	3
かるたんまるく	5
かるだぬす	3
かるだの	0
かるだーの	3
かるだん	1
かるだー	1
かるだーら	3
かるちゃむ	1
かるちぇ	1
かるちえ	0
かるてぃに	0
かるてんぶるなー	5
かるてんぶるんなー	6
かるでぃね	0
かるでぃるろ	3
かるでなす	3
かるでなる	3
かるでろん	3
かるどあ	0
かるどぞ	0
かるどーぞ	3
かるどーに	3
かるなっぷ	3
かるなぼ	0
かるな	1
かるなー	1
かるねあでぃす	4
かるねあです	4
かるねいろ	3
かるねろ	0
かるばすち	3
かるばっく	3
かるばん	1
かるゔぁん	1
かるゔん	1
かるゔぁー	1
かるばーと	3
かるゔぁーと	3
かるばりょ	0
かるばーりょ	3
かるゔぁーりょ	3
かるぱっちお	3
かるぱな	0
かるぱんちぇ	3
かるぱんてぃえ	3
かるびん	1
かるゔぃん	1
かるゔぃーの	3
かるぴお	0
かるぴそ	2
かるぴに	0
かるふーん	3
かるぶれいす	4
かーるぶれいす	5
かるぷ	1
かるぷるにうす	5
かるべ	1
かるゔぇ	1
かるべろ	0
かるゔぇろ	0
かるぺんてぃえる	4
かるほーん	3
かるぼー	1
かるぽふ	1
かるぽー	1
かるまぱ	0
かるまる	1
かるまん	1
かるまーん	3
かるみです	3
かるみにゃーに	4
かるみね	2
かるみろふ	3
かるみーな	3
かるめらうあー	4
かるめりてす	3
かるめろ	0
かるめん	1
かるら	1
かるりゅ	1
かるーそー	2
かるーぞ	2
かるーねん	2
かれがり	0
かれだ	1
かれっひ	2
かれつきー	2
かれぶ	1
かれら	1
かれり	1
かれりん	1
かれるぎー	2
かれーにん	2
かれーりん	2
かろざーす	1
かろっさ	2
かろまいん	3
かろりゅす	1
かろりーぬ	3
かろりーね	3
かろるすふぇると	5
かろろ	1
かろん	1
かろんぬ	2
かわまっ	0
かわん	1
かんぎれむ	3
かんぐらんで	4
かんじゅるちゃっぷ	5
かんせこ	0
かんたきゅぜーぬ	5
かんたくぜのす	5
かんたむ	1
かんたれり	3
かんだうれす	3
かんだれうす	4
かんだーかーる	5
かんだた	0
かんだりあん	3
かんちぇっりえーり	6
かんちぇるすきす	5
かんちゃ	1
かんちゅん	1
かんづぇる	3
かんでぃだ	0
かんでぃんすきー	3
かんでぃっど	3
かんでぃど	0
かんでぃーど	3
かんとな	0
かんとろゔぃっち	5
かんとーる	3
かんとーろびち	5
かんとーろびっち	6
かんとーろゔぃち	5
かんとーろゔぃっち	6
かんどる	1
かんなばーろ	4
かんなびひ	4
かんにんがむ	3
かんばんだ	3
かんぱりー	1
かんびあっそ	4
かんびあーそ	4
かんびせす	3
かんぴおーに	4
かんぴんす	1
かんぶるめーる	5
かんぽす	1
かんぽーり	3
かむやまといはれびこ	8
かんりりか	3
かーえでぃん	3
かーぎる	1
かーく	1
かーくうぇい	1
かーくうっど	4
かーくがーど	4
かーくらんど	4
かーくりん	1
かーすぃむ	1
かーしゅ	1
かるしゅなー	2
かーしゅばん	1
かーじー	1
かーすてあーず	5
かーすてい	1
かーすてぃん	1
かーすとん	1
かーするれー	5
かあそん	1
かーすん	1
かーそん	1
かーぞん	1
かーたりおん	3
かーたれっと	4
かーちゃ	1
かーつ	1
かーつぃんがー	3
かーてぃやーやな	4
かーてぃ	1
かーてりす	3
かーでぃりー	1
かーでん	1
かーとらいと	4
かーなゔぉん	1
かーにはん	1
かーねまん	1
かーはーと	3
かーゔぁー	1
かーひる	1
かーびい	1
かーぶす	1
かーまいくる	3
かーまん	1
かーみあん	1
かーみる	1
かーめねふ	1
かーめん	1
かーめんつぇふ	3
かーゆす	1
かーらいる	3
かーらまん	1
かーらん	1
かーらーま	3
かーりおん	1
かーりだーさ	4
かーりっく	1
かーりふぁ	1
かーりる	1
かーりん	1
かーるすもーきー	5
かーるせん	1
かーるっち	3
かるとん	1
かーるーち	3
かーれんべるぐ	5
かーろ	1
かるろった	3
かーろふ	1
かーろん	1
かーんと	1
かーんわいらー	4
かいうす	1
がいうす	1
がいえる	1
がいおにちぇっく	5
がいが	1
がいがー	1
がいさーと	3
がいざす	1
がいすらー	1
がいぜる	1
がいだる	1
がいだーる	3
がいとなー	1
がいなす	1
がいやるでぃーぬ	5
がいやーすばっは	6
がいやーる	3
がいら	1
がいりてぃす	3
がいるず	1
がいん	1
がいーぬ	2
がうぇいん	2
がうたむ	1
がうちゃー	1
がうでぃ	1
がうでぃお	2
がうでんつぃお	3
がうりこ	0
がうりい	1
がうりー	1
がうわー	1
がえたの	0
がえたーの	3
がおぐらい	3
がおしぇん	1
がおも	1
ががーりん	2
がくちん	1
がごる	1
がごーる	2
がざん	1
がざーり	2
がざーりー	2
がしゅみ	1
がじ	1
がじぇってぃ	2
がじゃばーふ	3
がすけ	1
がすこいん	3
がすたおん	3
がすたるでぃ	3
がすなー	1
がすぱると	3
がすぱる	1
がすぱーる	3
がせっと	1
がだまー	1
がだーん	2
がっさんでぃ	3
がっざ	1
がっとぅーぞ	3
がっとせいえふ	4
がっとふぉせ	3
がっとまん	1
がとまん	1
がっび	1
がりえぬす	3
がっるす	1
がでぃす	1
がでぃる	1
がでぃーゆ	2
がとりんぐ	1
がどなす	1
がどるふ	2
がどー	1
がなっし	2
がにあ	1
がにめで	0
がにゅめです	3
がにゅろ	1
がねび	1
がねーさん	2
がゔぁるに	2
がゔぁーる	2
がびー	1
がふあーじ	3
がふーる	2
がぶ	1
がぶら	1
がゔり	1
がゔりいーる	4
がぶりえる	3
げぃぶりえる	3
げいぶりえる	3
げぶりえる	3
がぶりえーり	4
がゔりーろ	3
がぶりーろゔぃち	5
がゔりろゔぃち	4
がぶりーりん	3
がゔりーろゔぃち	5
がゔりーろふ	3
がぶろー	0
がゔろっしゅ	3
がぷす	1
がぼ	1
がぽん	1
がみに	1
がむさふるじあ	5
がむさふるでぃあ	5
がめー	1
がもふ	1
がもわ	1
がやとり	0
がゆーむ	2
がよ	1
がよっと	1
がらえ	1
がらしあ	2
がらしゃ	1
がらしや	1
がらっし	2
がらっちょ	2
がらてあ	0
がらのぷろす	4
がらはっど	3
がらはー	1
がらゔぁーに	3
がららーが	3
がらんしえーる	5
がらーそん	2
がらーど	2
がりあーが	3
がっりあーに	4
がりあーの	3
がりぇんと	3
がりえんぬ	3
がりか	1
がりくそん	2
がりぐ	1
がりすん	1
がりちん	1
がりつぇふ	1
がりばるでぃ	3
がりやん	1
がりゅー	1
がりれあ	0
がりれい	0
がりれお	0
がりれを	0
がりん	1
がりーた	2
がりーな	2
がりーや	2
がるがんちゅあ	3
がるがんちゅわ	3
がるぎゅいゆ	3
がるぎりうす	4
がるしあ	2
がるしーあ	3
がるしらーそ	4
がるしん	1
がるじゔぉぐ	3
がるだん	1
がるだーの	3
がるちえり	0
がるてぃえり	3
がるつぇ	1
がるで	1
がるでぃあ	0
がるでぃんず	1
がるとぅんぐ	3
がるどす	1
がるにえ	0
がるば	1
がるばとりっくす	5
がるばりーの	4
がるばれく	3
がるばーに	3
がるゔぁに	0
がるびん	1
ぎゃるびん	1
がるぶれいす	4
がるぶれひと	4
がるべす	1
がるべんきあん	5
がるぼ	1
がるま	1
がるもおにや	3
がるらん	1
がるーじん	2
がるーち	2
がるーど	2
がれあっつぉ	3
がれす	1
がれすぴー	2
がれぬす	1
がれのす	1
がれーのす	2
がれんす	2
がろあ	1
がろっちー	2
がろってぃー	2
がろっど	1
がろわ	1
がわいん	1
がわん	1
がんうぃーく	3
がんが	1
がんぐほーふぁー	4
がんさー	1
がんざ	1
がんず	0
がんたるゔぁ	3
がんたー	1
がんだるふ	3
がんだーそん	3
がんち	1
がんとぅ	1
がんとぅぐす	3
がんどにえーる	5
がんどる	1
がんぬ	1
がんばと	0
がんぴー	1
がんべった	3
がんべってぃ	3
がんぼあ	0
がんぼると	3
がんぼん	1
がんぽ	1
がんれい	1
がーいうす	3
がーいとりぃ	3
がーえふ	1
がーげん	1
がーさいど	3
がーしあ	1
がーしゅにぃ	1
がーしょん	1
がーずぃ	1
がーすとん	1
がーすなー	1
がーすにくす	4
がーだ	1
がーでぃ	1
がーでぃあ	1
がーとらー	1
がーとるーど	4
がーなー	1
がーにー	1
がーはーど	3
がーばー	1
がーふぃきー	1
がーふぃーるど	3
がーふゐるど	3
がーまー	1
がらんど	2
がーらんど	1
がーりにうす	4
がーんずばっく	5
きあ	2
きあす	1
きあぬ	1
きあぷらっく	4
きあり	1
きあろすたみ	4
きぇっと	1
きえっと	1
きえむ	1
きえーざ	2
きーお	1
きくざと	2
きぐなす	1
きけろ	1
きけろー	2
きしりあ	0
きじんすきー	2
きすてぃす	1
きすりんぐ	3
きせかなーん	4
きせりょふ	1
きそれふ	1
きだー	1
きちなー	1
きっしあん	1
きっしんじゃー	3
きっつぃんがー	3
きっとらー	1
きっとん	1
きっぷりんぐ	1
きとぅんだ	2
きにすきー	2
きにすん	1
きにょねす	1
きにー	1
きねそん	1
きのねす	1
きのるど	2
きは	1
きはーの	2
きぶか	1
きぷりんぐ	1
きぷるず	1
きみちー	1
きむはー	1
きむほく	1
きめんと	2
かくすとん	2
きゃくすとん	2
きゃぐにー	1
きゃしでぃ	1
きゃしでぃー	1
きゃしれす	1
きゃしぃ	1
きゃしい	1
きゃしいー	1
きゃしー	1
きゃすかーと	3
きゃすばる	1
かすぱー	1
きゃすぱー	1
きゃせりっく	1
きゃぜるぬ	2
きゃってる	1
きゃっとん	1
きゃてぃ	1
きゃどがん	1
きゃなだいん	3
きゃなりー	1
きゃにんぐ	1
きゃねる	1
きゃのぷす	1
きゃばのー	1
きゃゔぁるり	0
きゃぷゅれっと	1
きゃふぇりー	1
きゃふりー	1
きゃぶらる	1
きゃぷしょー	1
きゃぷら	1
きゃぷらん	1
きゃぷろー	1
きゃゔぇる	1
きゃべんでぃしゅ	2
きゃべんでぃっしゅ	4
きゃゔぇんでぃっしゅ	4
きゃむ	1
きゃめらい	1
きゃめりあん	2
かめろん	1
きゃめろん	1
きゃらはん	1
きゃらん	1
きゃりがん	1
きゃりがー	1
きゃりこっと	3
きゃりっく	1
きゃりばん	2
きゃりん	1
かりんとん	2
きゃりんとん	2
きゃる	1
きゃるばろ	1
きゃるゔぃん	1
かろらいん	3
きゃろらいん	3
きゃんでぃあす	3
きゃんでる	1
きゃんとろー	1
きゃんぱん	1
きゃんびー	1
きゃんぴょん	1
きゃんふぃーるど	3
きゃんぽす	1
きゃんぽべろ	3
きゃーべった	3
きゃーむ	1
きゅにゃす	1
きゅねっけ	2
きゅびえ	1
きゅゔぃえ	1
きゅべれ	1
きゅーりー	1
きゅるけ	1
きゅるんべるがー	4
きゅーく	1
きゅーさっく	1
きゅーざっく	1
きゅぶらー	1
きゅーぶらー	1
きゆうぷるれ	3
きゅーれんべるく	5
きょきょ	1
きょそーね	2
きょぬ	1
きょる	1
きよるねる	1
きょん	1
きょんが	1
きょんきょん	1
きょんこ	1
きょんごん	1
きょんてく	1
きよそね	2
きよっそーね	4
きらっぷ	2
きらりー	1
きりてかなわ	5
きりの	1
きりる	1
きりれんこ	3
きりーん	2
きるぎる	1
きるけ	1
きるけー	1
きぇるけごーる	4
きるけごーる	4
きるす	1
きるすてぃん	2
きるすてん	2
きるちねる	3
きるでべるて	4
きるとなー	3
きるどーる	3
きるひしゅらーがー	5
きるひなー	2
きるひほっふ	4
きるひゃー	1
きるびー	1
きるぶりゅー	3
きるぼーん	3
きるまーのっく	3
きるわーす	3
きろふすきー	3
きろーが	2
きんぐすれい	3
きんぐすれー	3
きんぐずりー	3
きんぐずれぃ	3
きんぐずれー	3
きんぐずみる	4
きんぐまん	1
きんける	1
きんけーど	3
きんじー	1
きんずりー	1
きんぜい	1
きんてーと	3
きんとぅっぷ	3
きんな	1
きんにゅん	1
きんばりー	1
きんぶる	1
きんべる	1
きんぽー	1
きんもんす	3
きんらん	1
きーがん	1
きーぐすとら	4
きーしん	1
きーじぇ	1
きーすらー	1
きーち	1
きーつ	1
きーてぃんぐ	1
きぃどらんど	4
きいどらんど	4
きーどらんど	4
きーなーと	3
きーふぁー	1
きーらんと	3
きーら	1
きーらー	1
きーり	1
きーりー	1
きーるなん	1
きーれる	1
きーろふ	1
きーわーす	1
きーんべっく	4
きーんりーさいど	6
ぎあつ	1
ぎあにす	1
ぎあはーと	3
ぎえれく	2
ぎがんてぃす	2
ぎぐす	1
ぎじゃーと	2
ぎじゅ	1
ぎせら	1
ぎぜっりーに	4
ぎぜら	1
じぜら	1
ぎたい	1
ぎっしゅ	1
ぎったーまん	3
ぎっぶす	1
ぎでぃんず	1
ぎでおん	1
ぎでんす	2
ぎでんず	2
ぎと	1
ぎどり	1
ぎど	1
ぎどん	1
じのっと	1
ぎば	0
ぎばるしゅ	2
ぎゔぁるしゅ	2
ぎぶすん	1
ぎぶそん	1
ぎへ	1
ぎべるてぃ	2
ぎぼんず	2
ぎまーる	2
ぎみあ	1
ぎむざ	1
ぎゃすでぃん	1
ぎゃすぱー	1
ぎゃすらいと	3
ぎゃず	1
ぎゃっふぁー	1
ぎゃふぁー	1
ぎゃつぉ	1
ぎゃにおん	1
ぎゃねんどら	2
ぎゃのん	1
ぎゃばん	1
ぎゃゔぃん	1
ぎゃびー	1
ぎゃむじー	1
ぎゃむそん	1
ぎゃむつぉ	1
ぎゃむつぉー	1
ぎゃや	1
ぎゃらがー	1
ぎゃらはっど	3
ぎゃらべでぃあん	3
ぎゃらんたー	2
ぎゃらんと	1
ぎゃりがん	1
ぎゃりこ	1
ぎゃりそん	1
ぎゃりっく	1
ぎゃりにえ	2
ぎゃりー	1
ぎゃるつぇん	1
ぎゃるぽ	1
ぎゃれす	1
ぎゃれっと	1
ぎゃろ	1
ぎゃろす	1
ぎゃろん	1
ぎゃんどるふ	3
ぎゃんぼる	1
ぎぁーりっく	1
ぎゅあろん	1
ぎゅげす	1
ぎゅすたゔ	1
ぎゅすたーゔ	3
ぎゅっぴー	1
ぎゅる	1
ぎゅるそん	1
ぎゅるふぃりす	3
ぎゅんぎょる	1
ぎゅんたー	1
ぎゅんたーと	3
ぎゅんてる	1
ぎゅんと	1
ぎゅーら	1
ぎゅりっく	1
ぎゅーりっく	1
ぎゆも	1
ぎゆ	1
ぎょかるぷ	2
ぎょんあ	1
ぎよたん	2
ぎよおむ	2
ぎよーむ	2
ぎらんだーす	4
ぎりあな	0
ぎりあむ	1
ぎりがん	1
ぎりっく	1
ぎるがめしゅ	3
ぎるがめっしゅ	4
ぎるきー	1
ぎるぜん	1
ぎるだ	1
じるだ	1
ぎるだす	1
ぎるでろい	3
ぎるびっと	3
ぎるぴん	1
ぎるふぃー	1
ぎるぶれす	3
ぎるべーる	3
ぎるまん	1
ぎるみのー	3
ぎるもあ	0
ぎるろい	1
ぎるーりー	2
ぎれすびー	2
ぎれすぴー	2
ぎれりす	1
ぎれるみぃ	2
ぎれるみー	2
ぎりぇるも	2
ぎれるも	2
ぎれんそん	2
ぎれんほーる	4
ぎれーぬ	2
ぎんぐりっち	4
ぎんごな	1
ぎんずばーぐ	4
ぎんずぶるく	4
ぎんずぶるぐ	4
ぎんせる	1
ぎーえん	1
ぎーがー	1
ぎーしゅ	1
ぎーす	1
ぎーすらー	1
ぎーすりー	1
ぎーず	1
ぎーぜきんぐ	4
ぎーそん	1
ぎぃでぃ	1
ぎーでぃおん	1
ぎーるぐっど	4
ぎーるけ	1
くぁぐまいやー	4
くありい	1
くぁんいる	2
くあんちゅん	2
くぃっとまん	2
くいぶいしぇふ	3
くぃりあむ	2
くぃれる	1
くぃんてぃりあーぬす	6
くいんと	2
くぃんとぅす	2
くいんとぅす	2
くいにー	1
くいーにぃ	2
くいーる	2
くうぃんちにうす	4
くうぇいる	2
くえいん	2
くえつけんぼす	4
くえるだ	2
くえるてん	2
くえいど	2
くえーど	1
くえーる	2
くぉっく	2
くおも	1
くおーこ	2
くぉーまる	2
くがひめ	2
くがーと	2
くくるっく	3
くくー	1
くくーる	2
くこそまた	3
くさぬす	1
くさべら	0
くさゔぇら	0
くさべるる	3
くさまん	0
くさんちっぺ	4
くざるねっき	4
くざーぬす	2
くーざぬす	3
くしなだ	0
くしなだひめ	4
くしゃのふすきー	4
くしゅなー	1
くじる	1
くじーず	1
くすとりっつぁ	4
くすとー	1
くすまあとまじゃ	6
くずねっつ	3
くずねつぉふ	3
くずねつぉわ	3
くずみん	1
くせのふぉん	3
くせのふぉーん	4
くせのぽん	3
くせるくせす	4
くそあ	1
くたいば	2
くちぇれんこ	3
くちねり	2
くちゅむ	1
くちゅーむ	2
くちゅるく	2
くっしんぐ	1
くっちゃー	1
くでるか	2
くとぅっと	2
くとぅぶ	1
くとぅーぞふ	2
くどかん	0
くなうばー	2
くなえふ	1
くなっぱーつぶっしゅ	7
くなぽーん	3
くなりえふ	2
くなーぜ	2
くにっげ	2
くにっふぇん	2
くにむ	1
くにゅ	1
くにーな	2
くにーぱー	2
くぬは	1
くぬーす	2
かぬーと	2
くぬーととーれ	5
くぬーどそん	4
くねお	1
くねっつぇ	2
くねひと	2
くのっくす	2
くのっふ	2
くのっぷ	2
くのーぷ	2
くのるくす	3
くぱたい	1
くびちぇく	1
くびらい	1
くびー	1
くぴ	1
くっぴしゅ	1
くぴしゅ	1
くふ	1
くぷか	1
くぷりーん	3
くべーら	2
くぺ	1
くぽ	1
くまけん	0
くまごろー	2
くまのくすぴ	4
くまらじゔぁ	3
くまらとぅんが	4
くまーらとぅんが	5
くまらなとぅんが	5
くまり	1
くまる	1
くまーりら	2
くまーる	2
くむば	1
くむわ	1
くや	1
くらいざー	2
くらいしゅ	2
くらいしゅてるす	5
くりすてるす	4
くらいすきー	2
くらいぜんゔぇるけん	6
くらいとん	3
くらいど	2
くらいばー	2
くらいふ	2
くらいふぁーと	4
くらいぶ	2
くらいゔ	2
くらいん	2
くらいんしゅみっと	6
くらいんぞるげ	5
くらいんばーぐ	5
くらうしゅ	2
くらうじうす	4
くらうぜびっつ	5
くらうぜゔぃっつ	5
くらうち	2
くらうでぃあぬす	5
くらうでぃうす	4
くらうべるく	4
くらうりー	2
くらうんすいーと	6
くらえす	1
くらかうあー	3
くらかわー	2
くらぐまん	2
くらげっと	3
くらすかる	2
くらずなー	2
くらせーふ	3
くらっぐ	2
くらっさん	2
くらっすす	2
くらっつ	2
くらっとぅんどぅん	4
くらっは	2
くらっぱーとん	4
くらっぶ	2
くらっぷ	2
くらど	1
くらなっは	3
くらーなは	2
くらにぃ	1
くらねそす	3
くらゔぁーる	3
くらゔぃす	1
くらゔぃっつ	3
くらふ	1
くらふちゅく	3
くらぷとん	2
くらぷふぃしゅ	3
くらべちぇ	2
くらべん	1
くらぽりおん	3
くらまー	1
くらまーす	3
くらむすこい	3
くらめーる	3
くらりっさ	3
くらるく	2
くらるんす	1
くられん	1
くられんす	1
くらーれんす	2
くられんたいん	5
くられんどん	3
くらんすとん	2
くらんだまんず	4
くらんだーまん	4
くらんでる	2
くらんどる	2
くらんぶるっく	5
くらんぷとん	2
くらんま	2
くらーえ	2
くらーくそん	2
くらーくゔぃる	5
くらーす	2
くらーぶ	2
くらーぷ	2
くらーまん	2
くらーまー	2
くらーら	2
くらーれる	2
くりあんさっく	5
くりうこふ	3
くーりおー	1
くりおどな	3
くりかれふ	3
くりけい	1
くりこ	1
くりこふ	1
くりざんと	3
くりしぇっく	3
くりしぇんばい	3
くりしたぽーびっち	7
くりしゃん	1
くりしゅ	1
くりっしゅ	2
くりしゅな	2
くりしゅなむるてぃ	5
くりしゅなー	2
くりすた	2
くりすたいん	4
くりすたな	3
くりすちあな	4
くりすちゃんせん	4
くりすてぃあん	4
くりすてぃあーに	5
くりすてぃあーね	5
くりすちー	2
くりすてぃー	2
くりすちーな	4
くりすてぃな	3
くりすてぃーな	4
くりすちーぬ	4
くりすてぃーぬ	4
くりすてぃーね	4
くりすてぇゔぁ	4
くりすてゔぁ	3
くりすてる	2
くりすてん	2
くりすてんせん	4
くりすとす	2
くりすとふぁ	3
くりすとふぁー	3
くりすとふぉり	4
くりすとふぉろす	5
くりすまん	2
くりそすとむす	5
くりちこ	2
くりっさ	2
くりっしゃー	2
くりっしー	2
くりっぷす	2
くりてぃあす	3
くりとん	1
くりふぉーど	3
くりふと	0
くりふとん	3
くりぷけんしゅたいん	7
くりべっり	3
くりゔぇっり	3
くりみんず	2
くりむと	0
くりもふ	1
くりゃう	1
くりゅせいす	3
くりゅそすとむす	5
くりゅそすともす	5
くりゅたいむねすとら	6
くりゅちぇふすきー	5
くりゅちこふ	3
くりゅー	1
くりゅーげる	2
くるーげる	2
くりゅーじ	2
くりよん	1
くりりん	1
くりんがー	2
くりんぐ	2
くりんぐまん	2
くりんげらいん	5
くりんげる	2
くりんげん	2
くりんこっしゅ	4
くりんすまん	2
くりんとべり	5
くりんぽす	2
くりーおう	2
くりーがー	2
くりーず	2
くりーち	2
くりーて	2
くりーね	2
くりーゔ	2
くるぃれんこ	4
くるえら	0
くるぐらー	2
くるこふ	1
くるさーど	3
くしぇねく	1
くるじぇーねく	3
くるしーた	3
くるすかる	2
くるず	1
くるぜる	1
くるちうす	3
くるちこふすきー	5
くるちゃとふ	3
くるっくしゃんく	5
くるっけんはうざー	6
くるっつぇん	2
くるつ	1
くるつなー	2
くるてぃうす	3
くるてぃす	1
くるてす	1
くるにこわ	3
くるば	1
くるばんありー	3
くるぱん	1
くるぴーん	3
くるぷすきー	3
くるむす	4
くるーぐまん	2
くるーす	2
くるぜんしてるん	6
くるーぜんしゅてるん	7
くるうそう	2
くるーそー	2
くるぞん	1
くるーと	2
くるーにー	2
くるーばー	1
くるーゔぁー	1
くるーぱ	2
くるーぷすかや	5
くれあとーれ	4
くれあら	0
くれあんてす	3
くれいぎー	2
くれいぐ	2
くれーぐ	2
くれいざー	2
くれいすてねす	5
くれいそん	2
くれいだー	2
くれいと	2
くれいとぽーん	5
くれいとん	2
くれーとん	2
くれいにー	2
くれいばりー	4
くれいばーぐ	4
くれいゔん	2
くりおはとら	4
くりおぱとら	4
くれおぱとら	4
くれぐ	1
くれざんじぇ	3
くれしだ	0
くれじゅりー	2
くれっかー	2
くれっちまー	2
くれっちゅまー	2
くれってぃまー	2
くれっと	2
くれてぃあん	2
くれてぃえん	2
くれなっく	3
くれなむ	2
くれば	1
くればのふ	3
くればん	1
くれひてぃんく	4
くれびよん	2
くれぶす	1
くれべーる	3
くれぺりん	0
くれぼりっく	4
くれぽん	1
くれまん	2
くれもん	2
くれまんそー	3
くれみゅ	1
くれみゅー	2
くれむ	1
くれむすん	2
くれみん	2
くれめんてぃーね	5
くれめんつ	2
くれめんて	3
くれめんてぃ	3
くれめんと	2
くれもんず	3
くれもんてぃーぬ	5
くれらん	2
くれらんど	3
くれらー	1
くれりあ	2
くれんち	2
くれんゔぃゆ	2
くれんぺらー	2
くれーがー	2
くれーしー	2
くれーじゅ	2
くれいなー	2
くれーなー	2
くれーふぉるん	4
くれーぶ	2
くれーぶん	2
くれいまー	2
くれーめる	2
くれーりあ	2
くれーりー	2
くれーるゔぉー	4
くろあか	2
くろいそす	2
くろいだー	2
くろいつぇる	2
くろいつふぇると	5
くろこっぷ	3
くろじー	1
くろすびー	2
くろすりー	2
くろず	1
くろそふすき	4
くろたるど	3
くろちぇってぃ	3
くろちーん	3
くろっす	2
くろつす	2
くろってぃ	2
くろてぃるど	3
くろてーる	3
くろとわ	0
くろとー	2
くろねっかー	3
くろのす	1
くろぱときん	3
くろひめ	2
くろふと	2
くろぷこ	2
くろぷしゅとっく	5
くろぽときん	3
くろまてぃ	2
くろみあ	2
くろむうぇる	2
くろむゑる	2
くろめりん	3
くろりす	1
くろりーね	3
くろろっく	2
くろわ	1
くろんはうぜん	4
くろんばっく	4
くろんばっは	4
くろんぷとん	2
くろーえ	2
くろーくす	2
くろーせん	2
くろーぜ	2
くろーぜんゔぁーく	6
くろーぜんゔぁーぐ	6
くろーちぇ	2
くろーてる	2
くろでぃ	1
くろーでぃあ	2
くろーぢやす	4
くろーであす	2
くろーでぃあす	2
くろーでぃうす	4
くろでぃーぬ	3
くろーでぃーぬ	4
くろーでる	2
くろーにしぐ	4
くろーにん	2
くろーにんしーるど	6
くろーねんばーぐ	6
くろゔぃす	1
くろーゔぃす	2
くろーゔず	2
くゎい	1
くわいがんじん	6
くわいん	2
くわこう	3
くわじーもど	3
くわっく	2
かけんぷす	2
かっけんぼす	3
かつけんぼす	3
くえっけんぼす	4
くわっけんぼす	4
くわつけんぼす	4
くわっさま	2
くわれーず	3
くわんす	2
くわんちゅる	2
くわんと	2
くわーく	2
くーん	1
くんがぎゃるつぁん	4
くんける	1
くんさー	1
くんじ	1
くんたん	1
くんちぇく	1
くんちゃらにんぐらっと	8
くんちゅふ	1
くんつばー	4
くんでら	0
くんでりん	0
くんぱにいす	4
くんまー	1
くんらーと	3
くーがん	1
くーげるまん	3
くーこっち	3
くーざん	1
くーすぽー	1
くーせびつきー	4
くーせゔぃつきー	4
くーぜ	1
くーたす	1
くーだー	1
くーつ	1
くーでるか	3
くーでんほーふ	5
くーでんほーふぇ	5
くーとぅあー	3
くーとら	1
くーどるーん	4
くーなう	1
くーにゃ	1
くーにんぐ	1
くーにー	1
くーの	1
くーぱーまん	3
くーぷまんず	4
くーぷらん	1
くーべりっく	4
くーべるたん	4
くーぺる	1
くーぼびー	3
くーまん	1
くーまー	1
くーみりあ	3
くーむす	1
くーりあ	1
くーりっく	1
くーりっじ	3
くーりっぢ	3
くーりっち	3
くーるそん	1
くーるのー	1
くーれんかんぷ	5
くーんず	1
くんつ	1
くーんつ	1
ぐぁかながり	4
ぐあてむーす	4
ぐぁるでぃ	2
ぐあるでぃあ	3
ぐあるでぃおら	4
ぐぁるでぃに	3
ぐぁるねり	0
ぐぁろ	1
ぐいおん	1
ぐいちおり	3
ぐいっちゃるでぃーに	6
ぐぃつ	1
ぐぃねゔぃあ	3
ぐうぃねゔぃあ	3
ぐいーど	2
ぐうぃでぃおん	2
ぐぃねす	1
ぐいねす	1
ぐうぃねす	1
ぐうぃん	1
ぐうぇんどりん	0
ぐえっら	2
ぐぇらん	1
ぐえるぐえん	2
ぐえんじーにえん	6
ぐえんすあんてぃえん	7
ぐえんちびん	5
ぐえんでぃんこあい	6
ぐえんゔぁんにゃっく	6
ぐえんばんひゅー	6
ぐえんゔぁんふえ	4
ぐえんばんりん	6
ぐえんゔぁんるー	4
ぐえんふおっくあぃん	8
ぐえんほんそん	6
ぐえんるおんばん	7
ぐえんわいゔぁー	4
ぐくーに	2
ぐざゔぃえ	2
ぐしゅべんとなー	3
ぐじ	1
ぐじょんせん	2
ぐすこーぶどり	3
ぐすたふ	1
ぐすたーゔ	3
ぐすたーゔぇ	3
ぐすたふそん	4
ぐすたゔぉゔぃっち	5
ぐすてぃ	1
ぐせいのふ	2
ぐせる	1
ぐぞふ	1
ぐたーる	2
ぐだーけーしゃ	4
ぐちこふ	1
ぐっげんはいむ	5
ぐっげんびゅーる	5
ぐっしー	1
ぐっちぇれす	3
ぐっつぃ	1
ぐっでぃー	1
ぐっでる	1
ぐっでん	1
ぐっどいなふ	4
ぐっどいやー	4
ぐっどらっど	4
ぐっどらーど	4
ぐっどりっく	4
ぐつぇりえふ	2
ぐてぃえれす	3
ぐてぃえーれす	3
ぐてれす	1
ぐてーれす	2
ぐであ	1
ぐでーりあん	2
ぐーでりあん	3
ぐとこふ	1
ぐどるん	1
ぐーどるん	1
ぐどー	1
ぐどーる	2
ぐないすと	2
ぐないぜなう	4
ぐなえうす	3
ぐならとな	3
ぐにんら	2
ぐぬん	1
ぐのお	1
ぐのー	1
ぐひてぃん	1
ぐびばろゔぃつち	5
ぐぷた	1
ぐまいなー	2
ぐみりょーふ	3
ぐゆぐ	1
ぐらいざー	2
ぐらいしんがー	4
ぐらいす	2
ぐらいすてぃん	2
ぐらいすべるく	5
ぐらいすべるぐ	5
ぐらいなー	2
ぐらいむず	2
ぐらうえると	4
ぐらうこ	2
ぐらうべ	2
ぐらしあ	2
ぐらしあん	2
ぐらしえら	3
ぐらすまん	2
ぐらちうす	3
ぐらちょふ	1
ぐらっく	2
ぐらっくす	2
ぐらっぐ	2
ぐらっさー	2
ぐらっでん	2
ぐらっどすとん	6
ぐらっどすとーん	6
ぐらつどすとん	6
ぐらつどすとーん	6
ぐらっどん	2
ぐらつぃあーに	4
ぐらでぃ	1
ぐらでぃす	1
ぐらでゅ	1
ぐらでる	1
ぐらど	1
ぐらなどす	3
ぐらなーど	3
ぐらにおん	3
ぐらね	1
ぐらねり	1
ぐらゔぁり	0
ぐらばー	1
ぐらびん	1
ぐらぶまん	2
ぐらべんすてぃん	3
ぐらぼうすきー	3
ぐらまりす	3
ぐらむし	1
ぐらもん	2
ぐられあーぬす	4
ぐらんご	2
ぐらんだーそん	4
ぐらんでぃ	2
ぐらんでぃえ	2
ぐらんでぃそん	2
ぐらんゔぁるど	4
ぐらんびる	2
ぐらんゔぃる	2
ぐらんめーぞん	4
ぐらんわるど	4
ぐらーしか	2
ぐらーにん	2
ぐりあーすん	3
ぐりぇこ	0
ぐりえる	1
ぐりえるみ	3
ぐりえるも	3
ぐりえん	1
ぐりおん	1
ぐりごりえっち	5
ぐりごろゔぃち	4
ぐりごろーゔぃち	4
ぐりごーりえゔぃち	6
ぐりごーりえふ	5
ぐりざべら	3
ぐりずうぉるど	4
ぐりぜるだ	3
ぐりそむ	1
ぐりっくまん	2
ぐりっぐ	2
ぐりっぴんぐ	2
ぐりっぺんべるぐ	6
ぐりにゃん	1
ぐりねまいやー	4
ぐりはるばす	3
ぐりばええどふ	4
ぐりぼえどふ	3
ぐりふ	1
ぐりふぃす	1
ぐりふいす	1
ぐりふぃー	1
ぐりふぉーに	3
ぐりふす	1
ぐりぼーばる	3
ぐりぼーゔぁる	3
ぐりまん	1
ぐりむちゃー	2
ぐりむず	1
ぐりむずでぃっち	5
ぐりめっと	3
ぐりもーだん	3
ぐりゃじえふ	3
ぐりゃずのふ	3
ぐりゅおー	1
ぐりゅっく	1
ぐりゅみおー	2
ぐりゅんね	2
ぐりゅんゔぇーでる	4
ぐりゅーねゔぁると	5
ぐりゅーねんふぇるだー	6
ぐりゅーばー	2
ぐりんか	2
ぐりんこふ	2
ぐりんご	2
ぐりんでるばるど	6
ぐりんでん	2
ぐりんめるすはうぜん	6
ぐりーぐ	2
ぐりーしゃ	2
ぐりーじ	2
ぐりーそん	2
ぐりーなうぇい	5
ぐりーなうぇー	5
ぐりーなまいやー	5
ぐりーゔぃ	2
ぐりーぶ	2
ぐりーゔ	2
ぐりーり	2
ぐりーりぃ	2
ぐりーんうぉるど	5
ぐりーんしゅたいん	6
ぐりーんすぱん	2
ぐりーんち	2
ぐりーんばーぐ	5
ぐりーんふぃーるど	5
ぐりずろふ	3
ぐるいずろふ	4
ぐるきゅふ	1
ぐるぐりーの	4
ぐるさ	1
ぐるすむ	2
ぐるって	2
ぐるっぱー	2
ぐるどー	1
ぐるーど	2
ぐるぬいゆ	3
ぐるべろーば	4
ぐるるふそる	4
ぐるんぐろす	4
ぐるんだー	2
ぐるーしぇんか	4
ぐるーしー	2
ぐるーず	2
ぐるーちょ	2
ぐるーば	2
ぐるーばー	2
ぐるーべる	2
ぐるーむす	2
ぐるーむず	2
ぐれあむ	1
ぐれいがー	2
ぐれいざー	2
ぐれーざー	2
ぐれいしゃん	2
ぐれいぶず	2
ぐれいやー	2
ぐれぎーな	3
ぐれぐ	1
ぐれごりうす	4
ぐれごりお	3
ぐれごりおす	3
ぐりごりい	2
ぐりごりー	2
ぐれごり	2
ぐれごりぃ	2
ぐれごりい	2
ぐれごりー	2
ぐれごーりー	3
ぐれごわーる	4
ぐれごーる	3
ぐれーごる	2
ぐれしゃむ	1
ぐれしやむ	1
ぐれしゅべっく	4
ぐれちこ	2
ぐれっちぇん	2
ぐれっつぇん	2
ぐれゔぃる	1
ぐれゔ	1
ぐれます	2
ぐれみー	1
ぐれらんす	2
ぐれるぶ	2
ぐれん	1
ぐれんじゃー	2
ぐれんだ	2
ぐれんです	2
ぐれんでる	2
ぐれんどにんぐ	5
ぐれんゔぃる	2
ぐれんふぇる	2
ぐれーし	2
ぐれしー	1
ぐれーしー	2
ぐれーぜる	2
ぐれえとへん	4
ぐれーとひぇん	5
ぐれーとへん	4
ぐれいびー	2
ぐれーふ	2
ぐれいゔす	2
ぐれいゔず	2
ぐれーぶす	2
ぐれーゔす	2
ぐれーゔぇ	2
ぐろあー	1
ぐろいつまっはー	5
ぐろうす	2
ぐろうぷ	1
ぐろしーど	3
ぐろじえ	2
ぐろすつ	2
ぐろすばーぐ	4
ぐろすぴろん	3
ぐろすまん	2
ぐろっせるしゅてるん	6
ぐろちうす	3
ぐろてぃうす	3
ぐろびうす	3
ぐろぴうす	3
ぐろふ	1
ぐろべらー	2
ぐろむいこ	3
ぐろりえ	2
ぐろんざ	2
ぐろんどーな	4
ぐろーたす	2
ぐろーたーす	2
ぐろーてゔぉる	4
ぐろうと	2
ぐろーと	2
ぐろーばー	2
ぐろーゔぁー	2
ぐろーふぇ	2
ぐろーぶす	2
ぐろーゔす	2
ぐろーぶず	2
ぐわぎ	1
ぐわーい	2
ぐんさん	1
ぐんた	1
ぐんたー	1
ぐんだ	1
ぐんどら	0
ぐんどるふ	3
ぐんな	1
ぐんなる	1
ぐんばる	1
ぐんゔぁるど	3
ぐんひる	1
ぐーが	1
ぐーぎー	1
ぐーじぇるみん	3
ぐーせん	1
ぐーてんぞーん	5
ぐーてんどるふ	5
ぐーてんべるく	5
ぐーてんべるぐ	5
ぐーとまん	1
ぐーどいーあ	4
ぐーどりっち	4
ぐーゔぁぬあ	3
ぐーびー	1
ぐーり	1
ぐーりしあん	3
ぐーりっと	1
ぐーりんだい	3
ぐーるごー	1
ぐーるでぃんく	3
ぐーるでぃんぐ	4
ぐーるもん	1
ぐーろー	1
けあでぃ	1
けあど	1
けあり	1
けありー	1
けいおう	1
けいぎる	1
けいずぃん	1
けいぜる	1
けいてぃ	1
けいてぃー	1
けいとりん	1
けいとん	1
けいなー	1
けいゔぃん	1
けいみす	1
けいめん	1
けいゆう	1
けいら	1
けいれい	1
けいれぶ	1
けいろす	1
けお	1
けおぷす	1
けくる	1
けくれ	1
けこ	1
けさる	1
けすたー	1
けすてぃうす	3
けすてん	1
けすとなー	1
けすとらー	1
けすらー	1
けすれる	1
けぜふ	1
けたりんぐ	1
けだるらおめる	4
けだーる	2
けっがれぃ	1
けっく	1
けっじ	1
けっせりゃーく	4
けっせる	1
けったー	1
けっふぁ	1
けっぺる	1
けっぺん	1
けでぃ	1
けでく	1
けとらー	1
けとれー	1
けなん	1
けにおん	1
けにす	1
けにやった	3
けによん	1
けにー	1
けぬ	1
けねりー	1
けねー	1
けのび	1
けのーび	2
けふぁ	1
けぱろす	1
けびぜ	1
けゔぃっち	2
けゔぃん	1
けふぇうす	1
けふか	1
けふれん	1
けぷらー	1
けぷり	1
けぷれる	1
けぷろん	1
けべど	1
けぺる	1
けぽく	1
けまる	1
けむにー	1
けむぶ	1
けむぷふぁな	3
けらっぱん	2
けらはー	1
けらりーの	3
けりあん	1
けりがん	1
けりんとす	2
けるあっく	1
けるけ	1
けるしー	1
けるすす	1
けるすてぃん	2
けるせん	1
けるぜん	1
けるそー	1
けるだーる	3
けるてす	1
けるでぃ	1
けるとなー	2
けるとん	1
けるなー	1
けるばしゅ	1
けるびーに	3
けるりっく	3
けるる	1
けるろいたー	3
けれすてぃぬす	4
けれとふせ	3
けれはー	1
けれらい	1
けれるべ	2
けれるまん	2
けれんさ	2
けれんすきー	2
けろうぃん	1
けろすけ	2
けろりーな	3
けろんぱ	2
けんこば	0
けんじゃえふ	1
けんすとうぃくつ	5
けんそりぬす	3
けんだる	1
けんだー	1
けんてぃすびあ	4
けんでる	1
けんどる	1
けんどーる	3
けんな	1
けんぱー	1
けんぴんすきー	3
けんぷたー	1
けんぺる	1
けんぺん	1
けんぼ	1
けんわーじー	3
けーぅつぁん	1
けーがん	1
けーぐる	1
けーさかんばりん	6
けーしゃぶ	1
けーじす	1
けーて	1
けーてんほいふぇ	5
けーでぃす	1
けーとひぇん	1
けーどぅぷ	1
けーにひ	1
けーにひすばーが	6
けいぱびぃりてぃ	4
けいぱびーりてぃ	4
けいひる	1
けーひる	1
けーべる	1
けーぽん	1
けーらす	1
けーらー	1
けいりー	1
けーりー	1
けーろーる	3
げあと	1
げありー	1
げいあ	1
げいつ	1
げいびー	1
げいぶ	1
げいる	1
げいんず	1
げいんずばら	4
げおるぎうす	4
げおるぎえふ	4
げおるぎおす	4
げおるぎゅー	2
げおるぎぃ	2
げおるぎい	2
げおるぎー	2
げおるく	2
げおるぐ	2
げおん	1
げきがすきー	3
げくらん	1
げしぇやん	1
げしゅてぃんあんな	5
げすなー	1
げすらー	1
げぜる	1
げたむ	1
げっける	1
げっせん	1
げっちょ	1
げっです	1
げっとん	1
げっぷはーと	4
げてぃんぐず	2
げてぃー	1
げでおん	1
げど	1
げにっく	1
げばら	1
げゔぁると	2
げゔぁーにっつ	4
げぱーど	2
げぼーきあん	2
げみぬす	1
げらしちぇんこ	4
げらす	1
げらのす	1
げらるでぃーに	4
げらん	1
げりえ	1
げりっく	1
げりん	1
げるぎえふ	3
げるけん	1
げるげい	1
げるしい	1
げるしぇりまん	3
げるじぇん	1
げるすとまん	3
げるそん	1
げるだ	1
げるだー	1
げるつ	1
げるつぁーらー	3
げるつぇん	1
げるでらー	3
げるとなー	2
げるとるーで	4
げるとれる	3
げるにくす	3
げるはると	3
げるばー	1
げるふぁんど	3
げるふれいふ	4
げるぶ	1
げるべる	1
げるほーん	3
げるまにくす	4
げるまんと	3
げるも	1
げるもげん	3
げるらっは	3
げるらは	0
げるーしゃ	2
げれく	1
げれくぺる	3
げれす	1
げれめく	1
げろん	1
げんしゃー	1
げんだーぬ	3
げんつ	1
げんつぇん	1
げんてぃりす	3
げんなーでぃ	3
げんま	1
げーす	1
げーちる	1
げーつ	1
げーでる	1
げーとれー	1
げーの	1
げいぶる	1
げーぷはると	4
げーぷら	1
げーべん	1
げーりけ	1
げいりゅさっく	4
げーりゅさっく	4
げーりんぐ	1
げーるとらいだ	5
げーれる	1
げーれん	1
げーんのらしん	4
こあどうぇる	3
こあーる	2
こいしぇ	1
こいしの	0
こいぶ	1
ころつこ	2
こうぜんす	1
こうろふ	1
こえっく	2
こえりゅ	1
こきり	1
こくらん	1
こくれいん	3
こぐすわーす	4
こぐらん	1
ここえ	0
ここしゅか	2
ここちゅ	1
ここねす	1
ここーに	2
こさる	1
こしぇれんこ	3
こしちぇるにゃく	3
こしちゅーしこ	3
こしゅすこ	2
こしゅーしこ	2
こしゃまいん	3
こしゅとにっつあ	4
こしゅとにつぁ	3
こしゆりー	1
こしゅーと	2
こじぇふにこわ	4
こじぇーぶ	2
こじも	1
こじゃっく	1
こじんすきー	2
こすいぎん	2
こすげい	1
こすたくるた	4
こすたんざ	3
こすたんちーの	5
こすちゃ	1
こすてぃえっろ	4
こすてぃか	0
こすてりっつ	4
こすてろ	0
こすとす	1
こすとふ	1
こすなー	1
こすびー	1
こすま	1
こずち	1
こずも	1
かずろふ	1
こずろふ	1
こせんざ	2
こぜった	2
こぜっと	1
こぞふ	1
こたす	1
こたり	1
こたー	1
こちぇん	1
こっくくろふと	5
こっしい	1
こっちぇふ	1
こってぃんがむ	2
こっとらう	1
こっとれる	1
こっぶ	1
こっぺる	1
こっほ	1
こっぽ	1
こっぽら	1
こっれおーに	4
これおーに	3
ころでぃ	1
こてぃーず	1
こてつ	0
こでっく	1
ことらー	1
こなてぃ	1
こなてぃー	1
こなりー	1
こなんと	2
こなー	1
こなーず	1
こにえ	1
こにえふ	1
こにぐりお	3
こにしき	2
こねつに	2
こねりー	1
このはなさくやひめ	7
このりー	1
このー	1
こばちぇびっち	4
こゔぁっくす	2
こばらいねん	3
こばりこば	3
こゔぁりちゅく	3
こばりょふ	2
こゔぁるちぇく	3
こゔぁーし	2
こゔぁーち	2
こゔぁーちゅ	2
こばーん	2
こびりんすきー	3
こゔぃんとん	2
こぴぃろふ	2
こふぁん	1
こふぁんこ	2
こふぃごー	2
こふぃー	1
こふぃーるど	2
こふーと	2
こぶでん	1
こへっと	1
こへーん	2
こべっと	1
こぺる	1
こぱーにくす	4
こぺるにくす	4
こまねち	2
こまろふ	1
こまんちょ	1
こみさるじぇふすきー	6
こみや	1
こみんず	1
こむい	1
こむかた	2
こむねぬす	3
こむねのす	3
こむり	1
こむりー	1
こめにうす	3
こもるにこふ	4
こもろうすきー	4
こやんぼうぬー	4
こゆ	1
こよそ	1
こらどん	1
こらりー	1
こらんそん	2
こらんど	2
こらーでぃ	2
こらーな	2
こらーに	2
こらーり	2
こりおらん	3
こりおり	0
こりおれいなす	3
こりがん	1
こりにー	1
こりもあ	0
こりろす	1
こりんぐうっど	5
こりんず	1
こりんな	2
こりんぬ	2
こりんば	2
こりーぬ	2
こるうぇー	1
こるがん	1
こるし	1
こるしゅのゔぁ	3
こるしゅのふ	3
こるじぇー	1
こるじゃこふ	3
こるすん	1
こるせん	1
こるそー	1
こるたーさる	3
こるたん	1
こるだーうっど	5
こるちゃっく	3
こるっち	2
こるっちょ	2
こるてぃちぇっり	4
こるてぃんぐ	1
こるてす	1
こるてーす	3
こるで	1
こるでー	1
こるでぃえ	2
こるでぃふぇるろ	4
こるです	1
こるとれーん	4
こるとー	1
こるど	1
こるにろふ	3
こるねいゆ	3
こるねーゆ	3
こるねーりあ	3
こーねりあ	3
こるねる	1
こるねーりす	3
こるねーろ	3
こるばん	1
こるばーん	3
こるゔぁん	1
こるゔぁーと	3
こるばーど	3
こるびお	0
こるびっつ	1
こるゔぃっつ	1
こるゔぃぬす	3
こるびの	0
こるゔぃの	0
こるびじぇ	0
こるびゅじぇ	0
こるびゅじえ	3
こるぷす	1
こるへーじ	3
こるべー	1
こるべる	1
こるべーる	3
こるほーすぷ	3
こるゔぉ	1
こるぼん	1
こるぼーん	3
こるめら	0
こるもごろふ	4
こるもん	1
こるれおーね	4
こるんごると	4
こるーな	2
これあ	1
これった	2
これっと	1
これどーる	3
これぶ	1
これりつぢ	3
これんす	2
ころしお	2
ころすとうぇつ	4
ころっぴー	2
ころなど	0
ころねる	1
ころんちす	2
ころんな	2
ころんばん	3
ころんびえ	2
こわる	1
こわるこ	2
こわるすきー	3
こわれんこ	3
こんうぇい	1
こんこーね	3
こんすえろ	3
こんすたんす	4
こんすたんつぃあ	4
こんすたんつぇ	4
こんすたんてぃ	3
こんすたんちぬす	6
こんすたんちのす	6
こんすたんてぃぬす	6
こんちゃろふすきー	6
こんちーりょす	3
こんち	1
こんてぃ	1
こんてぃー	1
こんでぃやっく	3
こんとす	1
こんとれらす	4
こんとれーらす	3
こんどらしょー	4
こんどらちぇふ	4
こんどりふ	3
こんどるせ	3
こんどん	1
こんゔぁーす	1
こんびちゅにー	3
こんふらん	1
こんぷそん	1
こんもどぅす	3
こんやーず	3
こんらあど	3
こんらっど	3
こんらーど	3
こんらでぃん	3
こんらーと	3
こーこらん	3
こーしか	1
こーしー	1
こーたっく	1
こーちゃん	1
こーでい	1
こーです	1
こーでぃりあ	3
こーでぃーりあ	3
こーでる	1
こーとにい	1
こーとにー	1
こーなんと	3
こーにっぐ	1
こーにっしゅ	3
こーにっつ	3
こーにんく	3
こーねいる	3
こーねふ	1
こるねりぅす	4
こるねりうす	4
こるねりゅうす	4
こるねーりうす	5
こーねりあす	3
こーねりうす	3
こーばす	1
こーばっく	1
こーばっちお	3
こーびっと	1
こびー	1
こゔぃー	1
こーびー	1
こーゔぃーの	3
こーふぁっくす	3
こーふぁー	1
こーぷらんど	4
こーべっと	1
こーべつと	1
こーべるがー	3
こーぺい	1
こーぺる	1
こーぽぅ	1
こーまっく	1
こーまん	1
こーらむ	1
こーらんくーる	5
こーりす	1
こーりゃ	1
こーりー	1
こーるす	1
こうるず	1
こーるだー	1
こーるどうぇる	4
こーるどふぃーるど	5
こーるどれいく	5
こーるどれーく	5
こーるはーす	4
こーるばーぐ	4
こーるぶるつく	5
こーるべるく	4
こうるりっじ	4
こーるりっじ	4
こーんうぇる	1
こーんすたむ	4
こんふぉーど	3
こーんぶるーむ	5
ごいる	1
ごうふれー	1
ごえんじあん	2
ごぎー	1
ごくみ	0
ごくれにうす	4
ごぐ	1
ごしゃーる	2
ごじぇねちぇ	2
ごすてろ	0
ごすぷらん	2
ごすりん	1
ごずほーく	3
ごずりんぐ	3
ごせっく	1
ごせっじ	1
ごせっと	1
ごそど	1
ごだん	0
ごーぢん	1
ごっだーど	3
ごだーる	2
ごっす	1
ごっせん	1
ごっち	1
ごっつ	1
ごっとうると	4
ごっとふりーと	5
ごっとりーぷ	4
ごっとわると	4
ごっふまん	1
ごふまん	1
ごでぃゔぃえ	2
ごでぃんでぃえむ	4
ごどい	1
ごどぅのふ	1
ごどうぃん	1
ごどうすきー	2
ごどふすきー	3
ごどふりー	1
ごどりっく	1
ごどー	1
ごに	1
ごねりる	1
ごびのお	1
ごびのー	1
ごびんだ	2
ごふれーど	3
ごぶとらっくす	4
ごぷかろ	0
ごまき	0
ごむうか	2
ごむるか	2
ごめす	1
ごーめす	1
ごらいあす	2
ごらむ	1
ごらんつ	2
ごらーぶ	2
ごりあて	2
ごりえ	0
ごりお	0
ごりむ	1
ごるぎあす	3
ごるぎゅ	1
ごるこうすき	3
ごるじ	1
ごるじんすきー	3
ごるすきー	1
ごるだん	1
ごるちぇ	1
ごるちえ	0
ごるちゃこふ	3
ごるでぃ	1
ごるでぃー	1
ごるでぃあす	3
ごるでる	1
ごるでんべるく	5
ごるでーわ	3
ごるとん	1
ごーるとん	1
ごるどまん	1
ごるはむ	1
ごるばー	1
ごるびー	1
ごれくぺーしぇーらぷ	6
ごれってぃ	2
ごれふ	1
ごろびん	1
ごろふしちこふ	4
ごろゔにーん	4
ごろーうにん	4
ごんくうる	3
ごんくーる	3
ごんごぱっだえ	4
ごんさが	0
ごんさろ	0
ごんさーろ	3
ごんざれす	1
ごんざーが	3
ごんちゃろーふ	4
ごんでぃ	1
ごんどむ	1
ごんぬゔぃる	3
ごんぶとし	3
ごんぶろーゔぃち	4
ごんぼ	1
ごーかれー	1
ごるきー	1
ごーぎー	1
ごーけんすい	3
ごおごり	1
ごーごり	1
ごーさーら	3
ごーしぇ	1
がうたま	0
ごーたま	0
ごーだま	0
ごーち	1
ごーちえ	1
ごーてぃえ	1
ごーつ	1
ごーてん	1
ごでぃ	1
ごーでぃ	1
ごーでぃま	0
ごーです	1
ごーにー	1
ごーのん	1
ごーばー	1
ごーゔぃんだ	3
ごーゔぃんど	3
ごーむりー	1
ごーめ	1
ごーら	1
ごーらんど	3
ごーりうす	3
ごーりきい	1
ごーるうぇい	1
ごーるずわーじー	5
ごーるでぃんぐ	1
ごーると	1
ごーるとまん	1
ごーるどしゅたいん	6
ごーるどすみつと	6
ごるどすみす	4
ごーるどすみす	5
ごーるどばーぐ	5
ごーるどふぁーぶ	5
ごーるどべるく	5
ごーるどべるぐ	5
ごーろ	1
ごーろふ	1
ごーんと	1
さあーだ	2
さいかる	1
さいくす	1
さいくろぷす	4
さいつ	1
さいでんすてぃっかー	6
さいでんすてっかー	6
さいでんばーぐ	5
さいとうぃっつ	4
さいどれん	1
さいなーじお	3
さいふぇると	3
さいまびー	3
さいまん	1
さいもんすん	3
さいもんとん	3
さいらす	1
さいらる	1
さいりーな	3
さうざー	1
さうど	1
さうねす	1
さうま	1
さうる	1
さうろ	1
さうろい	1
さうろん	1
さうんだーず	2
さおひん	1
さかがうぃあ	4
さからうすかす	4
さがっと	1
さがもーる	3
さきえる	1
さぎとふ	1
さくすびー	1
さくせる	1
さくらお	3
さくらひめ	3
さぐるー	1
さぐれーど	3
さぐわろ	0
さぐー	2
さこふ	1
ささーる	2
さざま	0
さざらんど	3
さざーらんど	4
さしゃ	1
さっしゃ	1
さじゃ	1
さじる	1
さぢるこあんと	5
さじい	1
さぢー	1
さすきあ	0
さすとろ	0
さすとろあみじょよ	6
さすんげそ	2
さすーん	2
さずら	1
さずりな	0
さたじっと	3
さたすうぇいと	4
さたみ	1
さたーん	2
さだと	1
さだふぃ	1
さちゅるぬ	2
さっかれー	1
さっくゔぁれる	4
さっくむあんぐれーん	8
さっくらー	1
さっぐす	1
さっせん	1
さっそふぇらーと	5
さったる	1
さっちー	1
さっとん	1
さっばてぃーに	4
さっふぉ	1
さっふぉー	1
さっぽー	1
さてぃー	1
さてぃぴい	1
さでぃ	1
さでぃじゃらー	3
さでぃく	1
さでぃっく	2
さとぅるにぬす	4
さてゅるぬ	2
さとぅるぬす	3
さとえり	0
さっとくりふ	4
さとくりふ	3
さとぺん	1
さどらー	1
さどーゔにちぃ	4
さなとばえふ	4
さに	1
さにえる	1
さねってぃ	2
さはいあ	2
さはぢひめ	3
さはろふ	1
さばお	0
さばかじゃん	2
さばちーに	3
さゔぁてぃえ	0
さばら	1
さゔぁらん	1
さゔぁり	1
さばりっしゅ	3
さゔぁりっしゅ	3
さばー	0
さぱた	1
さぱーと	2
さひゃん	1
さひーぶ	2
さびおら	0
さゔぃどりん	0
さゔぃにー	1
さびりあ	2
さびんび	2
さびーな	2
さびーぬ	2
さびーの	2
さびーる	2
さぴあ	1
さふぁらーに	3
さふぃら	1
さふぃん	1
さふぃーあ	2
さふぃーえゔぁ	2
さふぃーる	2
さふぇれってぃ	3
さふぉ	1
さふぉー	1
さふろん	1
さぶざわーりー	4
さぶちゃく	1
さゔぇっじ	2
さべりっち	3
さほびめ	2
さほびこ	2
さぼい	1
さゔぉい	1
さゔぉっふ	2
さゔぉなろーら	4
さゔぉーどにつく	5
さまゆんくる	3
さまら	1
さまらす	1
さまらってぃ	3
さまりてーぬ	4
さまーず	1
さまーど	1
さみゅえるず	1
さみゅえるそん	3
さむえるそん	3
さみゆる	1
さみーら	1
さむいる	1
さむず	1
さむそん	1
さむそーのふ	3
さむたー	1
さむっと	1
さむでん	1
さむふぁん	1
さむほーる	3
さむりん	1
さもあん	1
さもらーの	3
さもん	1
さもら	1
さもーら	2
さゆーる	2
さよる	1
しゃら	1
さらぐ	1
さらさーて	3
さらすばてぃー	4
さらすわてぃー	3
さらぜん	1
さらっさ	2
さらでぃん	1
さらばあゆう	3
さらまん	1
さらもん	1
さらんそん	2
さらんどら	2
さらんどん	2
さらーふ	2
さりうす	1
さりえり	2
さりえーり	3
さりえる	1
さりおん	1
さりすべりー	3
さりっじ	2
さりっと	1
さりな	1
さりなす	1
さりーなす	2
さりふ	1
さーりふ	1
さりむ	1
さりや	1
さりやん	1
さりんじゃー	2
さりーむ	2
さるうぉの	0
さるがど	0
さるがーど	3
さるこう	1
さるこじ	0
さるごん	1
さるすてぃうす	4
さるぜど	0
さるたー	1
さるたーてぃ	3
さるだーん	3
さるどぅ	1
さるゔぁとーる	4
さるばとーれ	4
さるゔぁとーれ	4
さるばどーる	4
さるばーぐ	3
さるびあてぃ	3
さるゔぃあーてぃ	4
さるゔぃ	1
さるふぁってぃ	3
さるゔぉ	1
さるまん	1
さるみえんと	4
さるもん	1
されっと	1
されは	1
さーれは	1
されーむ	2
さろめ	1
さろやーん	3
さろー	1
さろーきな	2
さろーきん	2
さろーん	2
さわこし	2
さんうぇくうぇ	3
さんがっろ	3
さんがみった	4
さんがみったー	4
さんがみっだ	4
さんがー	1
さんがーに	3
さんぎえー	1
さんぎねってぃ	4
さんくてぃす	3
さんぐあん	3
さんげんべあ	3
さんこん	1
さんじゃい	1
さんじゃや	3
さんじょるでぃ	3
さんすべり	3
さんせゔぇりーな	5
さんせべりーの	5
さんせゔぇりーの	5
さんそむ	1
さんたくろーす	5
さんたな	0
さんたまりあ	4
さんたまん	1
さんたやな	3
さんたやーな	4
さんたんぬ	3
さんたーな	3
さんだう	1
さんだんす	3
さんだーす	1
さんだーず	1
さんだーまん	3
さんだーらんど	5
さんちぇ	1
さんちぇす	1
さんちす	1
さんちにー	3
さんちょ	1
さんちーか	3
さんてぃ	1
さんてぃえ	1
さんてぃに	0
さんてーる	3
さんでぃにすた	4
さんでぃふぁー	1
さんとぅっつぁ	3
さんとぅり	1
さんとぅーり	3
さんとろ	0
さんとーに	3
さんどぅ	1
さんどくぃすと	5
さんどすとろーむ	6
さんどばる	1
さんどばーる	3
さんどふぉーど	4
さんどらーる	4
さんどりの	3
さんどりよん	3
さんどれっり	4
さんどろ	0
さんどろゔぃち	4
さんどろゔぃっち	5
さんぱいお	3
さんぴー	1
さんふぁる	1
さんふぁーる	3
さんふぉりあん	3
さんふぉーど	3
さんぶなん	1
さんぷそん	1
さんぷたー	1
さんぷらす	3
さんべあ	3
さんぺる	1
さんぺーる	3
さんまるちの	3
さんまるちん	3
さんわり	0
さーうぉー	1
さーかしびり	4
さーきす	1
さあぐん	1
さーしぇす	1
さーしゃ	1
さーじゃんと	1
さあじゆ	1
さーすとん	1
さーぞ	1
さあでぃ	1
さあでい	1
さーでく	1
さーどぅーん	3
さーに	1
さーにな	0
さーにん	1
さーの	1
さーはん	1
さーゔぁるかる	3
さーゔぃとりー	3
さーべんす	1
さーまん	1
さまーん	2
さーまーん	3
さーりねん	1
さーりぷった	3
さーりんず	1
さーりーな	3
さーるず	1
さーれ	1
さーろう	1
さーんす	1
ざいあす	1
ざいあだいん	4
ざいじぇっく	3
ざいつぇる	1
ざいでぃ	1
ざいどぅーん	3
ざいふぇると	3
ざいらー	1
ざうえる	1
ざうぉせ	1
ざうける	1
ざうけん	1
ざかにっち	3
ざかりあ	2
ざかりや	2
ざかりーや	3
ざはりあ	2
ざはりや	2
ざかりあす	2
ざかりあん	2
ざかりー	1
ざぎ	1
ざくれふ	1
ざぐぎし	1
ざじ	1
ざじざびーすと	4
ざすらふすかや	5
ざぜつきー	2
ざっかり	1
ざっかーばーぐ	5
ざっきん	1
ざっきー	1
ざっくす	1
ざっとす	1
ざっはー	1
ざっぱ	1
ざっふぃ	1
ざっへる	1
ざとぺっく	3
ざどきえる	2
ざどく	1
ざな	1
ざなど	1
ざにろーり	3
ざにー	1
ざねす	1
ざねってぃ	2
ざねり	1
ざのってぃ	2
ざはら	1
ざはり	1
ざはろふ	1
ざゔぁすかや	3
ざばーら	2
ざゔぃあ	1
ざびえ	1
ざびっと	1
ざびる	1
ざふぇる	1
ざふきえる	1
ざぶーきん	2
ざゔぇいすか	2
ざべりゅーは	3
ざまん	1
ざむえる	1
ざめんほふ	2
ざらすとら	3
ざらすとろ	3
ざらふぃあんつ	4
ざるかうぃ	3
ざるかうい	3
ざるつまん	1
ざれー	1
ざろにお	0
ざろもん	1
ざわひり	0
ざわーひりー	2
ざんぎえふ	1
ざんぐ	1
ざんざーら	3
ざんすとら	3
ざんだ	1
ざんで	1
ざんどら	1
ざんどらます	4
ざんぶろった	4
ざーす	1
ざーつ	1
ざーなー	1
ざーぷふりん	4
ざーむえる	3
ざーら	1
しあど	1
しあどーら	3
しあぬーく	3
しはぬーく	3
しあら	1
しあらー	1
しありんぐ	1
しあんぺん	2
しーな	1
しうば	1
しぇあらー	1
しぇいえ	1
しぇいえす	1
しぇいざー	1
しぇいふ	1
しぇいふぁー	1
しぇいます	1
しぇすとふ	1
しぇぞ	1
しぇっふぇ	1
しぇっふぇる	1
しぇど	1
しぇにえ	1
しぇにー	1
しぇねふぃーるど	3
しぇのー	1
しぇばりえ	2
しぇばるなぜ	3
しぇゔぃりょーふ	3
しぇゔちぇんこ	4
しぇふちーく	3
しぇふねっける	3
しぇぶ	1
しぇぷせと	1
しぇへら	1
しぇぼるだえふ	4
しぇゔぉろしゅきん	3
しぇまあ	1
しぇみらつきー	3
しぇらろーじゅ	3
しぇらー	1
しぇりすえるねす	4
しぇりだん	1
しぇりる	1
しぇりんぐ	1
しぇるうっど	3
しぇるだん	1
しぇるつ	1
しぇるどりっく	4
しぇるどれいく	4
しぇるどん	1
しぇるぬせ	0
しぇれ	1
しぇれすと	2
しれすと	2
しぇれっと	1
しぇりほふ	1
しぇれほふ	1
しぇれめちぇふ	3
しぇれめちぇーふ	4
しぇれる	1
しぇれんべるがー	4
しぇれんべるく	4
しぇれんべるぐ	4
しぇわるなぜ	3
しぇわーど	2
しぇん	1
しぇんく	1
しぇんきぇゔぃち	3
しえんきーゐつち	5
しぇんける	1
しぇんげらーや	4
しぇんのーと	3
しぇーあ	1
しぇーぐれん	1
しぇいず	1
しぇーでる	1
しぇーにん	1
しぇーゔぁー	1
しぇーゔぃち	1
しぇーゔぃっち	1
しぇーふぁー	1
しぇーます	1
しぇーる	1
しぇいん	1
しえーん	1
しぇーんこっぷ	4
しぇーんばうむ	4
しぇーんべるく	4
しえれー	1
しかんでぃん	2
しかーる	2
しがにー	1
しがーそん	2
しきーにょ	2
しぎすむんど	4
しぎぃ	1
しくすとぅす	3
しくらー	1
すぃくろーぬ	3
しくろーぷ	3
しぐあに	2
しぐなれす	3
しぐぺん	1
しぐまんど	3
しぐむんど	3
しぐら	1
しぐらー	1
しぐりど	2
しぐるど	2
しこず	1
しこるすきー	3
しさの	1
しざーはんず	4
ししぇる	1
ししこわ	2
ししふぉす	1
ししゅふぉす	1
ししゅぽす	1
しじふぉす	1
しーしふぉす	3
ししゅろ	1
しじすもんど	4
しじゅべーる	3
しすがる	2
しすねろす	3
しすびゅ	1
しすれー	1
しそい	1
したいん	2
しちぇどりん	2
しちぇるびつきー	4
しちゅーきん	2
しちゅーこ	2
しちゅーせふ	2
しっかーと	3
しっしー	1
しったるた	3
しっだった	3
しっだるた	3
しっだーるた	3
しっとぼん	1
しっど	1
しっぱりー	1
しっふ	1
しっぺーる	3
しでぃあす	1
しでぃな	1
しとぅーる	2
しとこゔぇつきー	4
しとふすきー	3
しどっち	2
しなとら	0
しなん	1
しにす	1
しにばるでぃ	3
しにゃっく	1
しにゃふすきー	3
しにょれ	1
しにょれり	0
しぬへ	1
しねうす	1
しねらむ	1
しのーぽり	2
しはーぶっでぃーん	6
しゃはぶでぃーん	4
しばこ	1
しばじ	1
しゔぁーじ	2
しゔぁーじー	2
しゔぁす	1
しばーりん	2
しびら	1
しぴっと	1
しぴん	1
しふぁー	1
しふぇーる	2
しふえんてす	3
しふゅーす	2
しふら	1
しふりん	1
しぶそーぷ	3
しぷへる	1
しぷりあん	2
しぷりあーに	4
しべりうす	3
しぼーん	2
しぽうぃっつ	3
しまー	1
しまーん	2
しみおん	1
しみてぃす	1
しみゅらくら	3
しむかす	1
しむくろてぃー	3
しむず	1
しむり	1
しめおね	0
しもにです	3
しもねった	3
しもん	1
しもんず	1
しもーぬ	2
しもーね	2
しゃいい	1
しゃいえ	1
しゃいたな	0
しゃいだー	1
しゃいにぃ	1
しゃいふ	1
しゃいむ	1
しゃいらー	1
しゃいろっく	3
しゃうあー	1
しゃうえんすたいん	6
しゃうきー	1
しゃうむべるひ	4
しゃお	1
しゃおたい	1
しゃきーら	2
しゃきーる	2
しゃくしゃいん	3
しゃくりー	1
しゃくるとん	2
しゃくんたらー	4
しやくんたら	4
しゃくーる	2
しゃぐどぅる	1
しゃぐり	1
しゃこうすきー	2
しゃすてりゅ	1
しゃすてる	1
しゃたりん	1
しゃっくるとん	3
しゃっくるぼると	5
しゃっふぁー	1
しゃっぷ	1
しゃてぃ	1
しゃてん	1
しゃでー	1
しゃとなー	1
しゃとらん	1
しゃとるずわーす	5
しゃとるわーす	4
しゃとーのふ	2
しゃどり	1
しゃないあ	2
しゃなほふ	1
しゃに	1
しゃにい	1
しゃにーす	2
しゃぬーと	2
しゃねって	2
しゃねる	1
しゃのあん	1
しやのぁん	1
しゃのわんぬ	3
しゃのん	1
しゃはと	1
しゃはに	1
しゃはりん	1
しゃはる	1
しゃはろふ	1
しゃばあっど	3
しゃばりん	1
しゃひ	1
しゃび	1
しゃぴゅい	1
しゃぴろ	1
しゃふたーりん	3
しゃふとー	1
しゃふらい	1
しゃぶりえ	2
しゃぶりやーる	4
しゃぷれい	1
しゃぷれー	1
しゃべす	1
しゃぺりえ	2
しゃみあ	1
しゃみえる	1
しゃみっそー	2
しゃみる	1
しゃみーる	2
しゃむさ	1
しゃむす	1
しゃむせでぃん	3
しゃむらに	0
しゃやーむふる	4
しゃらー	1
しゃらいごる	2
しゃらびーん	3
しゃらわ	1
しゃらーと	2
しゃりあぴん	2
しゃりゃぴん	1
しゃりあーる	3
しゃりえ	1
しゃりえーる	3
しゃりかしゅびり	4
しゃりざーん	3
しゃりす	1
しゃりなー	1
しゃりふ	1
しゃーりぷとら	4
しゃりー	1
しゃりーふ	2
しゃるか	1
しゃるがふ	1
しゃるく	1
しゃるけぬ	1
しゃるちえ	1
しゃるで	1
しゃるとるー	2
しゃるどんぬ	3
しゃるぱんてぃえ	3
しゃるむらーす	4
しゃるりゅす	1
しゃるんほるすと	5
しやるんほるすと	5
しゃろーむ	2
しゃんから	0
しゃんからちゃりや	5
しゃんかる	1
しゃんかーる	3
しゃんくふぇるだー	4
しゃんくるとあ	5
しゃんぐ	1
しゃんしゃーる	3
しゃんた	1
しゃんたる	1
しゃんでぃ	1
しゃんでぃー	1
しゃんでい	1
しゃんど	1
しゃんどら	0
しゃんぴおん	1
しゃんふるーり	4
しゃんぶりん	1
しゃんぷらーず	1
しゃんぽりおん	3
しゃーうぃん	1
しゃーうっど	3
しゃーきー	1
しゃーとふ	1
しゃーね	1
しゃーばーん	3
しゃーふ	1
しゃーふぃいー	3
しゃーふぇんばーがー	5
しゃーぷーる	3
しゃーぽしにこふ	5
しゃーみあ	1
しゃーみあん	1
しゃーみん	1
しゃーむ	1
しゃーらざっど	4
しゃーりあ	1
しゃーりやる	3
しゃーりーず	1
しゃーりーん	3
しゃーる	1
しゅいくる	1
しゅうぇるつ	2
しゅうぉるつ	2
しゅうなーと	3
しゅえらー	1
しゅくしん	1
しゅくら	1
しゅぐるー	1
しゅける	1
すゅしぇ	1
しゅじぇーる	2
しゅじゃー	1
しゅじゃーる	2
しゅぞん	1
しゅたいにっつ	2
しゅたいんばっは	5
しゅたいんへーふぇる	5
しゅたいんへーゔぇる	5
しゅたいんべんとなー	5
しゅたいんゔぇんとなー	5
しゅたいんほいざー	5
しゅたいんまん	3
しゅたうでぃんがー	4
しゅたうふぁはー	3
しゅたうふぁー	2
しゅたうふぇん	2
しゅたうふぇんべるく	6
しゅたっぱー	2
しゅたるける	2
しゅたとらー	2
しゅたーどらー	2
しゅたーる	2
しゅたーるばうむ	5
しゅっかー	1
しゅっつ	1
しゅっと	1
しゅっどーだな	3
すっどーだな	3
しゅてぃひ	1
しゅてぃべるに	3
しゅてぃるなー	2
すちるねる	2
しゅてぃるねる	2
しゅてい	1
しゅてふぃ	2
しゅてるつる	2
しゅてるてべいかー	5
しゅてるてべっかー	5
しゅてるん	1
しゅてんつぇる	2
しゅてーへり	2
しゅてーり	2
しゅとぅっけんしゅみっと	6
しゅとゅんぷ	2
しゅとぅーでむんと	5
しゅとっくはうぜん	5
しゅとらいひゃー	3
しゅとらすまん	3
しゅとらっさー	3
しゅとらーさー	3
しゅとるく	2
しゅとるつ	2
しゅとれーぜまん	3
しゅとろはいむ	4
しゅとろぶる	2
しゅとーる	2
しゅな	1
しゅないあー	2
しゅないだー	2
しゅなん	1
しゅなべる	1
しゅなーべる	2
しゅにっつぁー	2
しゅにっつらー	2
しゅにーゔぃんと	4
しゅねっかー	2
しゅねでーる	3
しゅねる	1
しゅのあ	1
しゅはると	2
しゅば	1
しゅゔぁいがー	2
しゅばいくほふぁー	4
しゅばいつぁー	2
しゅばいつぇる	2
しゅわいつぁー	2
しゅゔぁいつぁー	2
しゅばしっち	3
しゅばる	1
しゅばるつ	2
しゅゔぁるつ	2
しゅゔぁるつぁー	2
しゅゔぁるつぇんべるく	6
しゅばるてんふぇーがー	6
しゅゔぁんく	2
しゅわんくまいえる	5
しゅゔぁんくまいえる	5
しゅばーきな	2
しゅゔぁーば	2
しゅぱうん	2
しゅゔぃったーす	2
しゅゔぃんと	2
しゅぴお	1
しゅぴっつぁー	2
しゅぴるまん	2
しゅぴんどらー	2
しゅゔりえ	2
しゅぶりえる	2
しゅゔりぇる	2
しゅゔるーる	3
しゅぷらんがー	3
しゅぷりん	1
しゅぷれつぉふ	3
しゅゔぇちこふ	3
しゅゔぇーあて	2
しゅぺあ	1
しゅぺるゔぃえる	4
しゅぺんぐらー	2
しゅぺーあ	2
しゅぺーでん	2
しゅぺーまん	2
しゅぺーらー	2
しゅぺーるりっひ	5
しゅまいける	2
しゅまいざー	2
しゅみくらす	3
しゆみつとわつでる	5
しゅみゅいれ	2
しゅみーだー	2
しゅむえる	1
しゅむぐらー	2
しゅめりんぐ	3
しゅらいあー	2
しゅらいあまっはぁ	5
しゅらいえるまっはー	6
しゅらいえるまっへる	6
しゅらいでん	3
しゅらいねる	2
しゅらいひぁ	2
しゅらいひゃー	2
しゅらく	1
しゅらったー	2
しゅらむ	1
しゆらむ	1
しゅらーず	1
しゅりぃ	1
しゅりでーゔぃー	3
しゅりひてぐろる	5
しゅりーく	2
しゅりーど	2
しゅりーふぇん	2
しゅりーゔ	2
しゅりーまん	2
しゅるつ	1
しゅるつぇ	1
しゅるて	1
しゅるてんす	3
しゅるなー	1
しゅるぴす	1
しゅるふぁい	1
しゅるぷまん	1
しゅるべら	0
しゅれしんがー	3
しゅれしんじゃー	3
しゅれじんじゃー	3
しゅれっしんじゃー	4
しゅれっけんべるがー	6
しゅれじんがー	3
しゅれってぃんがー	4
しゅれでぃんがー	3
しゅれーでぃんがー	4
しゅれぷ	1
しゅれん	1
しゅれんどろ	2
しゅれんぷ	2
しゅれんまー	2
しゅれー	1
しゅれーぐ	2
しゅれーげる	2
しゆれえげる	2
しゅれーだー	2
しゅれーばー	2
しゅれーべる	2
しゅろすばーぐ	4
しゅろすまん	2
しゅろっさー	2
しゅろったーしゅたいん	7
しゅろーさー	2
しゅろーだー	2
しゅわすまん	2
しゅわるつ	2
しゅわるつぇんばると	6
しゅわるつこふ	4
しゅわんつ	2
しゅわーくまん	2
しゅむぺーたー	3
しゅんぺーた	3
しゅんぺーたー	3
しゅーじゃ	1
しゅーすたー	1
しゅーすみす	3
しゅーでぃー	1
しゅーばると	3
しゅーびげる	3
しゅーびん	1
しゅーめーかー	3
しゅーらー	1
しゅーりっひ	3
しゅーりひ	1
しゅーりひと	3
しゅーりんがん	3
しょわー	1
しょいべ	1
しょいんか	2
しょうすいっつ	4
しょくり	1
しょすういっつ	4
しょすたっく	3
しょっくれー	1
しょっせ	1
しょっぺんしゅてっひゃー	6
しょな	1
しょにょん	1
しょふぃく	1
しょぷらー	1
しょりあ	1
しょりやっく	1
しょるつ	1
しょるびゃるぐ	3
しょれんあは	2
しょわじ	1
しょわずーる	3
しょーえんへーる	5
しょーそん	1
しょーばー	1
しょーふぇるすたー	4
しょーゔらん	1
しょうぺんはうあー	5
しょうぺんはうえる	5
しょおぺんはうえる	5
しょぺんはうあー	4
しょぺんはうえる	4
しょーぺんはうあー	5
しょーぺんはうえる	5
しょーぺんはわー	5
しよぺんはうえる	4
しょーむか	1
しょーめ	1
しょおりゅー	1
しょーるず	1
しょーんず	1
しらいじっち	4
しらいな	2
しらえん	1
しらじゃぐくぐく	5
しらでぃす	1
しらにょ	1
しらにー	1
しらぬす	1
しらの	1
しらるむ	2
しらんだー	2
しらーど	2
しりきっと	3
しりぎ	1
しりとー	1
しりまぼ	0
しりもんこん	3
しりらーでぃ	3
しりる	1
しりん	1
しりんぐす	2
しるず	1
しるてぃす	1
しるとぅる	1
しるとーり	3
しるどぅるにっと	4
しるばの	0
しるばん	1
しるゔぁん	1
しるばーすてぃーん	6
しるばーな	3
しるばーまん	3
しるびあ	2
しるゔぃあ	2
しるびうす	3
しるびお	0
しるゔぃお	0
じるゔぃお	2
しるび	1
しるびー	1
しるゔぃ	1
しるびーにょ	3
しるふぃー	1
しるふぃーゆ	3
しるふぃーる	3
しるゔは	0
しるべいら	3
しるべすたー	3
しるゔぇすたー	3
しるゔぇすてる	3
しるゔぇすとぅろ	3
しるゔぇすとる	3
しるゔえら	0
しるべら	0
しるまん	1
しるや	1
しるりん	1
しるんけ	2
しれのす	1
しれま	1
しれんでぶ	2
しろこごろふ	4
しんくらゔぃあ	4
しんくれあ	3
しんくろにー	4
しんける	1
しんざす	1
しんすたいん	4
しんすはいまー	4
しんせさいずど	4
しんちあ	1
しんちんげる	3
しんでぃ	1
しんとらー	1
しんどらー	1
しんどり	0
しんば	1
しんばっど	3
しんぷとん	1
しんぷりーちょ	4
しんぺら	0
しんわんちゃー	3
しいあす	1
しーうぇる	1
しーがる	1
しーがー	1
しーぐふりーど	5
しーげる	1
じーげる	1
しーざりおん	3
しーざー	1
しじゅふぉす	1
しーしゅぽす	3
しーすりっく	4
すぃーたー	1
しーだーぶらっど	6
しーとん	1
しーなー	1
すぃーなー	1
しーばす	1
しーゔぁす	1
しーひー	1
しーふなー	1
しーぶっく	3
しーゔぇす	1
しーぼると	1
しーぼるど	1
しーまん	1
しーもあ	1
しーものふ	3
しーらは	1
しーらばどら	4
しーらーずぃー	3
しーりあ	1
しーりー	1
しーるず	1
しーれ	1
しーわーど	3
じあうる	1
じやーうる	2
じあづ	1
ぢあづ	1
じあにー	1
じあにーに	3
じあふぉね	1
じあんかーな	4
じあんかーなー	4
じあんび	2
じあんびー	2
じあーど	2
じうすどぅら	3
じうら	1
じぇいお	1
じぇいく	1
じぇいくいず	3
じぇいこぶす	1
じぇいこぶず	1
じぇいこぶそん	3
じぇいせん	1
じぇーだ	1
じぇいでん	1
じぇいな	1
じぇいみー	1
じぇいむすん	1
じぇいむそん	1
じぇいりっど	3
じぇおふろわ	3
じぇしー	1
じぇする	1
じぇせる	1
じぇっせ	1
じぇっそん	1
じぇって	1
じぇっど	1
じぇでおん	1
じぇとぅ	1
じぇど	1
じぇな	1
じぇなつぃー	1
じぇなーろ	2
じえなーろ	2
じぇにうす	1
じぇにーん	2
じぇね	1
じぇねっと	1
じぇねば	1
じぇねんす	1
じぇねーれ	2
じぇひうてぃ	2
じぇふぁそん	1
じぇふぁーそん	2
じぇふす	1
じぇふりーず	3
じぇふれす	1
じぇぶ	1
じぇほろわ	0
じぇゔぉんず	1
じぇまいま	2
じぇまーそん	2
じぇみえ	1
じぇみそん	1
ぢぇみる	1
じぇみー	1
じぇもんど	2
じぇらに	1
じぇらみい	1
じぇらるでぃん	2
じぇらるでぃーん	4
じぇらん	1
じぇらーる	2
じぇりあ	1
じぇりこっと	3
じぇりそん	1
じぇりど	1
じぇりんすき	2
じぇるさん	1
じぇるじ	1
じゅるじ	1
じぇるそみーな	4
じぇるそん	1
じぇるとりゅーど	4
じぇるね	1
じぇるふ	1
じぇるまん	1
じぇるみ	1
じぇるめーぬ	3
じぇるーん	2
じぇれど	1
じぇれまいあ	3
じぇれまいやー	3
じぇろにも	0
じぇろぼーあむ	3
じぇろむ	1
じぇろるすたん	3
じぇろーむ	2
じぇんか	1
じぇんきん	1
じぇんくす	1
じぇんこ	1
じぇんせん	1
じぇんそん	1
じぇんどりん	1
じぇんな	1
じぇんなー	1
じぇんま	1
じぇーえすえる	5
じぇーとりあな	4
じぇーばー	1
じぇーみそん	1
じぇいる	1
じぇーんす	1
じぇーんず	0
じえむ	1
じおぜっぺ	5
じーきる	1
じぎど	1
じぎゃん	1
じくらうり	3
じぐまー	1
じくむんと	3
じぐむんと	3
じーくむんと	4
じーぐむんと	4
ずぃぐむんと	3
じごま	1
じじぇっく	1
じすかーるですたん	6
ぢすれりー	3
じぜる	1
ぢたじゅば	0
ぢたじゆば	0
じだーのふ	2
じっきー	1
じっこ	1
じぃど	1
じいど	1
じっど	1
じーど	1
じっふぃー	1
じです	1
じとー	1
じとけえふ	3
じどれーる	3
じないーだ	3
じなうあー	2
じにょん	1
じにー	1
じぬはーん	3
じぬー	1
じねでぃぬ	0
じねでぃーぬ	3
じの	1
じのびえふ	3
じのゔぃえふ	3
じのーゔぃえふ	4
じのり	1
じばご	1
じゔぁら	1
じばんしぃ	2
じばんしい	2
じばんしー	2
じぱーの	2
じびれ	1
じふぁる	1
じふぉーど	2
じふこふ	1
ずぃゔこふ	1
じゔこゔぃっち	4
じぶりーる	3
じぶれーる	3
じゔぉん	1
じまんたす	2
じまーまん	2
じっまーん	3
じまーん	2
ずぃまーん	2
じみへん	0
じみんりー	2
じみい	1
じみー	1
じめるまん	2
じもん	1
じゃいける	1
じゃいるず	1
じゃお	1
じゃかん	1
じゃかーる	2
じゃっかーる	3
じゃがり	1
じゃぎ	1
じゃくらぱん	3
じゃくりーぬ	2
じゃくりーん	3
じゃっくりーぬ	4
じゃっくりーん	4
じゃぐず	1
じやこふ	1
じゃこぶ	1
じゃこみえった	4
じゃこめってぃ	3
じゃこも	1
じゃこーび	2
じゃっかりん	1
じゃっきぃ	1
じゃっきー	1
じゃっけんどふ	3
じゃっせ	1
じゃっと	1
じゃっぱーる	3
じゃっろ	1
じゃてぃ	1
じゃど	1
じゃな	1
じぁなんとにお	4
じゃにか	1
じゃにこーん	3
じゃにす	1
じゃにー	1
じゃにーに	2
じゃにーぬ	2
じゃぬかん	1
じゃね	1
じゃねまりあ	3
じゃはーん	2
じゃばー	1
じゃふぁり	1
じゃふぁる	1
じゃふぁろふ	1
じゃふぃ	1
じゃふぃえ	1
じゃまいま	2
じゃまん	1
じゃまー	1
じゃみーる	2
じゃむぺる	1
じゃむぺるふんどぅぷ	5
じゃむぺーやん	3
じゃむやん	1
じゃめ	1
じゃやゔぁるまん	3
じゃやむーるてぃー	5
じゃやらりたー	3
じゃやわるだな	3
じゃやわるでね	3
じゃらる	1
じゃらーるっでぃーん	6
じゃるがるさいはん	5
じゃるまはん	3
じゃるー	1
じゃれっと	1
じゃれど	1
じゃわど	1
じゃわら	1
じゃんがる	1
じゃんがー	1
じゃんくりすてゃん	4
じゃんくろー	1
じゃんけれゔぃっち	5
じゃんごたっと	4
じゃんすきー	1
じゃんせん	1
じゃんそん	1
じゃんてぃえ	1
じやんどらしつく	5
じゃんな	1
じゃんに	1
じゃんぬ	1
じゃんね	1
じゅあんぬ	2
じゃんゔぃえ	1
じゃんびーん	3
じゃんふらんこ	4
じゃんぼるすきー	4
じゃんまり	0
じゃんり	1
じゃんるか	0
じゃーげん	1
じゃーこも	1
じゃーでぃん	1
じゃーぬ	1
じゃーね	1
じゃーゔぁす	1
じゃーびす	1
じゃーゔぃす	1
じゃーふぁる	1
じゃめいん	2
じゃーめいん	3
ずぃや	1
じゅあん	1
じゅい	1
じゅいしぇん	1
じゅいすん	1
じゅいてぃえふ	3
じゅいよ	1
じゆいらん	1
じゅうぇっと	1
じゅがしびり	3
じゅがーのふ	2
じゅぎ	1
じゅぐらりす	3
じゅぐらー	1
じゅげむ	1
じゅこーふすきー	5
じゅーこふすきー	4
じゅしっく	1
じゅじ	1
じゅじゅ	1
じゅすえろ	0
じゅすた	1
じゅすちーぬ	3
じゅすてぃーぬ	3
じゅすと	1
じゅすらん	1
じゅぜっぴーな	4
じゅぜっぷ	1
じゅぜっぺ	2
じゅっつぃ	1
じゅでぃ	1
じゅでぃす	1
じゅでぃっと	1
じゅどる	1
じゅどー	1
じゅな	1
じゅにおーる	3
じゅにゃーねーしゅゔぁら	6
じゅにー	1
じゅぬびえーぬ	4
じゅぬびえーぶ	4
じゅぬゔぃえーぶ	4
じゅぬゔぃえーゔ	4
じゅねっと	1
じゅのん	1
ゆーのー	1
じゅばいる	2
じゅゔぁかとる	3
じゅばる	1
じゅひ	1
ゆぴてる	1
じゅふろわ	0
じゅーゔねる	1
じゅぶーりー	2
じゅゔぇなる	1
じゅべーだー	2
じゅぺ	1
じゅま	1
ぢゅまー	1
じゅみん	1
じゅりあな	0
じゅりあーの	3
じゅりえった	3
じゅりえっと	1
じゅりお	1
じゅりおせざー	4
じゅりー	1
じゆりー	1
じゅれみー	1
じゅわな	1
じゅんけいら	3
じゅんほ	1
じゅんよん	1
じゅーこふ	1
じゅーだ	1
じゅーゔ	1
じゅーぷ	1
じゅーりん	1
じゅーるす	1
じゅーるず	1
じょあ	1
じょあお	1
じょあきむ	1
じょあきん	1
じょあしゃん	1
じょあな	1
じょあの	1
じょあん	1
よあん	1
じょあんな	2
じょあんぬ	2
じょいなー	1
じょいんで	2
じょいーた	2
じょうでいん	3
じょうな	1
じょぎんだー	2
じょこ	1
じょこんだ	2
じょさいあ	2
じょしね	1
じゅしあ	1
じょしゅあ	1
じょしー	1
じょすかん	1
じょすな	1
じょすぱん	1
じょすりん	1
じょず	1
じょずえ	1
じょせ	1
じょせふそん	2
じょせる	1
じょぜ	1
じよぜ	1
じょぜっぷ	1
じょぜっぺ	2
じょぜふぃ	1
じょせふぃん	1
じょせふぃーぬ	3
じょせふぃーん	3
じょぜふぃん	1
じょぜふぃーぬ	3
じょぜふぃーん	3
じょそむ	1
じょぞ	1
じょち	1
じょっしゅ	1
じょっち	1
じおっと	1
じょっと	1
じょっとー	1
じょっぷり	1
じょでぃ	1
じょでぃー	1
じょーでぃ	1
じょな	1
じょなさん	1
じょなすん	1
じょなす	1
よなす	1
よーなす	1
じょなん	1
じょにえる	1
じょねす	1
じょはんそん	2
じょゔぁねっり	3
じょばのびっち	4
じょばんな	2
じょゔぁんな	2
じょびん	1
じょびー	1
じょふろわ	2
じょぶす	1
じょぶず	1
じょっぷりん	1
じょべるてぃ	2
じょべーる	2
じょゔぉゔぃっち	3
じょりお	1
じょりす	1
じょりふぇ	1
じょりゔぇ	1
じょりー	1
じょりーん	2
じょるかえふ	3
じよるぢ	1
じぉるじお	0
じょるじぉ	0
じょるじお	0
じょるじょ	1
じょるじょーね	3
じょるじーにょ	3
じょるだのゔぁ	3
じょるだーに	3
じょるだの	0
じょるだーの	3
じょるべなぜ	3
じょれす	1
じょわすのー	2
じょんぐん	1
じょんひゃん	1
じょんゔぃーゔ	3
じょーきんず	1
じょーじあな	3
じょーす	1
じょーすたー	1
じょうぜふ	1
じょーぜふ	1
じらど	1
じらに	1
じらるでぃーの	4
じらーど	2
じらーる	2
じりあん	1
じりおら	0
じりせん	1
じりっく	1
じりねるど	3
じりのふすきー	5
じりい	1
じりー	1
じーりー	1
じるか	1
じるく	1
じるそん	1
じるだす	1
じるばぐ	1
じるべると	3
じれら	1
じれんじがー	2
じろどお	1
じろどぅー	1
じろみ	1
じんこふ	1
じんさー	1
じんなー	1
じんばりすと	4
じんむ	1
じんめる	1
じーあ	1
じーえむえすえす	7
じぃき	1
じーき	1
じーく	1
じーくふりーと	5
じーくふりーど	5
じーぐふりーど	5
じーくらーど	4
じーぐれる	1
じーたー	1
じーだい	1
じーつぃんすきー	5
じーて	1
じーてーんどら	3
じーでぃーびーえむ	7
じーな	1
じーゔぁか	0
じーゔす	1
じーべるべるく	5
じーもん	1
じーら	1
じーらーにー	3
じーりん	1
じーる	1
じーるまん	1
すあん	1
すいぜい	0
すいだむ	1
すいちん	1
すぃってぃ	2
すいーなー	2
すうぃっぐ	2
すうぃつぁー	1
すうぃつあー	2
すぃふと	1
すういふと	2
すうぃまー	1
すいんぐる	2
すうぃんぐる	2
すういんぐる	2
すうぃんばーん	4
すうぃにー	2
すうぃーにー	2
すうぇいん	2
すうぇいんそん	3
すうぇん	1
すえんせんず	4
すうぇーでんぼるぐ	6
すええでんぼるぐ	6
すえとにうす	4
すおーぷ	2
すかいらー	2
すかうるす	3
すかったー	2
すかぱっと	3
すかゔぇにあす	3
すかもっつぃ	3
すかりえってぃ	4
すかりー	1
すかーり	2
すかるぱ	2
すかるぴあ	3
すかるらってぃ	4
すかるらてぃ	4
すかんでぃうっつぃ	5
すかーぺった	4
すかーぺったー	4
すかーぺろす	4
すかーれん	2
すがなれる	3
すきあっぱれるり	6
すきあぱれるり	5
すきっき	2
すきっぶす	2
すきなー	1
すきぴお	2
すきゃっぐす	2
すきゃぱれり	3
すきゃまんだー	3
すきらっち	3
すきろー	0
すきーたー	2
すきーつ	2
すきーるにる	5
すきーん	2
すぎりょー	0
すくぃっびー	3
すくなひこな	4
すくびしぇふすき	5
すくびしぇふすきー	5
すくゔぃるすきー	4
すくもっくらー	3
すくらんとん	3
すくりゃーびん	3
すくりーでぃうす	5
すくりーど	3
すくりーぶ	3
すくるめた	3
すくるーじ	3
すくるーぶ	3
すくろっぎんず	3
すくわいあ	3
すくわいあー	3
すくわいや	3
すくわるく	3
すくーるにく	4
すけっちー	2
すこうくろふと	5
すこうすきー	2
すこせっし	3
すこだ	1
すこーだ	2
すこってぃ	2
すこっとぼーるど	5
すこゔぃる	1
すこふぃーるど	3
すこべ	1
すこらーり	3
すこるつぁ	2
すこるつぇにぃ	4
すこるつぇにー	4
すこるてん	2
すこるにっく	4
すこるふ	2
すこーりお	2
すこーるず	2
すごん	1
すさんてぃ	2
すさーな	2
すざんな	2
しゅざんぬ	2
すざんぬ	2
すざんね	2
ずざんね	2
すじゃともこ	3
すじゃーた	2
すじゃーたー	2
すじょの	1
すすこり	2
すずたく	0
すぜー	1
すたいぐ	2
すたいぐりっつ	5
すたいけん	2
すたいなー	2
すたいるす	2
すたいるず	2
すたいろん	2
すたいんこぷふ	5
すたいんばーぐ	5
すたいんぶれなー	6
すたいんべっく	5
すたいんべっひ	5
すたしす	2
すたすきー	2
すたっきー	2
すたってぃ	2
すたっふぁー	2
すたっぶず	2
すたとる	1
すたどらー	2
すたなーど	3
すたにすらす	3
すたにすらふ	4
すたにすらふすきい	6
すたにすらふすきー	6
すたにすわふ	4
すたはのふ	3
すたーはのふ	4
すたびっち	3
すたびぃ	1
すたふぁん	1
すたふぉーど	3
すたぶろす	3
すたうろーぎん	4
すたりのふ	3
すたるひん	2
すたるん	1
すたろーん	3
すたんうぃっく	4
すたんがー	2
すたんこびっち	5
すたんしょっふ	4
すたんだある	4
すたんだる	4
すたんだーる	4
すてんだある	4
すてんだーる	4
すたんでぃっしゅ	4
すたんとん	2
すたんはんと	4
すたんふ	2
すたんぺ	2
すたんりー	2
すたんり	2
すたんれー	2
すたーか	2
すたーく	2
すたーげる	2
すたーしゃ	2
すたーじ	2
すとうぢ	2
すたーじす	2
すたーにょ	2
すたーまー	2
すたーりん	2
すたーる	2
すたあん	2
すたーん	2
すたーんばーぐ	5
すだるみ	3
すちむそん	2
すてぃむそん	2
すてゅーくり	2
すてゅーくりー	2
すちゅーどべーかー	5
すちゅーる	2
すちょーぱ	2
すちんだ	2
すちんだー	2
すっだー	1
すっぺ	1
すっら	1
すつえるす	2
すてぃあーりん	3
すてぃぐみゅらー	4
すてぃぐりっつ	4
すてぃぐりつ	3
すていぐりっつ	4
すてぃたぷらじにゃ	5
すてぃっくりー	2
すてぃっぐ	2
すてぃっふぇーりお	4
すてぃらー	1
すてぃりたーの	4
すてぃるふりーど	5
すてぃるれる	2
すてぃんぐ	2
すてぃんざー	2
すてぃーがる	2
すてぃーぐりっつ	5
すてぃーびー	2
すてぃーゔぃー	2
すちーぶんす	2
すちーゔんす	2
すてぃーぶんす	2
すてぃーぶんず	2
すてぃーゔんす	2
すてぃーゔんず	2
すてぃーぷにぃ	2
すてぃーぼ	2
すてぃーりー	2
すてぃーん	2
すてーん	2
すていぶんぱいばー	6
すていぷるず	2
すている	2
すてぐらー	2
すてっぐまいやー	5
すてっけってぃ	4
すてっせる	2
すてっつぇん	2
すてっとそん	4
すてっとはいまー	5
すてっど	2
すてっりお	2
すてにおす	3
すてぱねんこ	4
すてぱの	0
すてぱーしん	3
すてぱーのふ	3
すてびん	2
すてふ	1
すてふぁにあ	3
すてふぁにー	2
すてふぁぬす	3
すてふぁのゔぃっち	5
すてふぁのぷろす	5
すてふぁのぽーらす	5
すてふぃ	1
すてふぃんず	2
すてふぇんず	2
すてふぉん	2
すてぶなん	2
すてるつ	2
すてるびーに	4
すてろす	1
すてんか	2
すてんつぃ	2
すてんでぃえく	4
すてんぺる	2
すてんまるく	4
すてーぷるす	4
すてーぷるとん	4
すでぃあんと	3
すでぃおの	0
すといあのゔぃっち	6
すといちこふ	4
すとぅりすの	3
すとこふすきー	5
すとっだーと	4
すとつふえーる	4
すとふぇれん	3
すとらいさんど	5
すとらいざんど	5
すとらいだー	3
すとらいぴー	3
すとらうす	3
すとらうすとらっぷ	7
すとらかん	2
すとらすまん	3
すとらつどりんぐ	6
すとらでぃばり	4
すとらでぃゔぁり	4
すとらでぃばりうす	5
すとらでぃゔぁりうす	5
すとらとふぃーるど	5
すとらぼん	2
すとらぼーん	4
すとらまー	3
すとらー	1
すとらーてん	3
すとりっくらんど	6
すとりっち	3
すとりぷりん	3
すとりぼるつ	4
すとりゃるすきー	5
すとりゃーの	3
すとりんがむ	3
すとりんがー	3
すとりんとべるひ	6
すとりんどべり	6
すとりんどべりぃ	6
すとりんどべりー	6
すとりんどべるい	5
すとりーぷ	3
すとるぃぴん	3
すとるいぴん	3
すとるがつきー	4
すとるつ	2
すとるてんべるく	6
すとるてんべるぐ	6
すとるぱー	2
すとるーぶ	3
すとるーぷ	3
すとるーべ	3
すとるーゔぇ	3
すとれいじす	3
すとれいちー	3
すとれいほーん	5
すとれすの	3
すとれっぽーに	5
すとれいんじ	3
すとれーち	3
すとれーれ	3
すとろがっつ	4
すとろはいむ	4
すとろぴおす	4
すとろふぉ	2
すとんす	2
すとんすとん	2
すとーきんぐ	2
すとーきー	2
すとーくす	2
すとーず	2
すとーち	2
すとーなー	2
すとーるまん	2
すとーんこーるど	5
すとーんとん	2
すないだー	2
すないでる	2
すないぷす	2
すなっふぃー	2
すなふきん	2
すなりー	1
すーなーりー	3
すなん	1
すにこふ	1
すにっぷ	1
すにふ	1
すにーど	2
すにーぷ	2
すねいぷ	2
すねけん	1
すねずらー	2
すねふぇる	1
すねふる	1
すねーら	2
すのん	1
すはぐ	1
すはーむ	2
すばり	1
すばんて	2
すばんべこふ	4
ずばんべこふ	4
すぱいくまん	2
すぱいなー	2
すぱいろす	2
すぱらんつぁーに	5
すぱりりせーす	5
すぱるたくす	4
すぱるたん	2
すぱるとこす	4
すぱんどれる	4
すぱーぐ	2
すぱーつ	2
すびあーど	3
すゔぃどりがいろふ	5
すゔぃあとすらふ	5
すゔゃとすらふ	4
すゔぃやとぽるく	5
すびやに	2
すびるー	1
すびーてん	2
すぴぁまん	3
すぴあまん	3
すぴあーず	1
すぴたるす	3
すぴちゃらー	2
すぴにー	1
すぴゔぁく	2
すぴゔぁっく	3
しゅぴり	1
すぴり	1
すぴれいん	3
すぴれっと	3
すぴんくす	2
すぴーくす	2
すぴーす	2
すぱぬうぉん	2
すふぁぬぼん	2
すふぁる	1
すふぇらっつぁ	3
すふぉるつぁ	2
すふばーとる	3
すへばーとる	3
すふらわるでぃー	4
すぶたい	1
すぶひ	1
すぶらまにー	3
すぶりーん	3
すゔりーん	3
すぶー	1
すぷらいと	3
すぷらうす	3
すぷらっぐ	3
すぷり	1
すぷりあ	2
すぷりうす	3
すぷりじんぐす	4
すぷりゅーる	3
すぷりんぐすてぃーん	7
すぷるーあんす	3
すぷーるあんす	5
すぷれいぐ	3
すぷれーぐ	3
すぷろと	0
すぷーく	2
すゔぇいくす	2
すべとらーな	4
すゔぇるどろーふ	5
すべん	1
すゔぇん	1
すべんそん	2
すべんどりに	4
すべーた	2
すぺいせく	2
すぺいだー	2
すぺくたー	2
すぺっきー	2
すぺてぃぎゅー	3
すぺらんざ	3
すぺらんたす	3
すぺるべる	2
すぺろ	1
すぺんす	2
すぺんだー	2
すぺんどれー	2
すほむりんすきー	6
すほーてん	2
すぼぼだ	0
すゔぉーろふ	2
すゔぉーりん	2
すぽてっど	3
すぽるでぃんぐ	2
すぽんぐ	2
すぽーど	2
すぽーる	2
すまいす	2
すまいず	2
すまのふ	1
すまるてぃに	3
すまろおこふ	3
すみざーす	3
すみしー	1
すみっそん	2
すみっと	1
すみとろ	0
すみやばざる	4
すみるのふ	3
すみろー	1
すめたちぇっく	4
すめたーちぇっく	5
すめたな	0
すめどれー	2
すめるじゃこふ	4
すめるつ	2
すもりっく	1
すもるか	2
すもれっと	3
すもれんつぇふ	3
すもーりー	2
すゆでぃ	1
すらいうぉつきー	4
すらいおっきー	4
すらいと	2
すらっぐ	2
すらったりー	2
すらどこふすきー	5
すらば	1
すらゔぁ	1
すらーゔぁ	2
すらら	1
すりうぉん	1
すりざりん	3
すりっく	2
すりなが	2
すりなぁ	1
すりにゔぁす	3
すりにゃうぉんさー	4
すりまん	1
すりや	1
するこふ	1
するすく	2
するたーな	3
するつかや	3
するばらん	3
するぴきうす	4
するるんだ	3
すれい	1
すれーたー	2
すれいまん	2
すれいん	2
すれしゅ	1
すれっがー	2
すれっぎる	2
すれぷつぉーふ	4
すれむ	1
すれーしゅ	2
すれいど	2
すれーど	1
すろぎー	1
すろっぎー	2
すろす	1
すろっぴー	2
すろの	1
すろぼだん	3
すろぼでぃん	3
すろぼゔぃあん	3
すろーかむ	2
すろーたー	2
すろーる	2
すわぉーみる	3
すわみ	1
すわみえ	2
すわみじ	0
すわみなさん	3
すわるに	2
すわれふ	1
すわろふ	1
すわんく	2
すわんそん	2
すわんめるだむ	4
すわーぶる	2
すんだりい	1
すーきー	1
すーすろふ	3
すーたん	1
すうちん	1
すーちん	1
すーてぃん	1
すーねす	1
すーぴーず	1
すーほ	1
すーら	1
すぅらん	1
すーりあ	1
すーりあゔぁるまん	5
すーるやゔぁるまん	5
ずあん	1
ずあー	1
ずうぃっく	1
ずえな	1
ずおん	1
ずっぺ	1
ずばいでぃー	2
ずばいる	2
ずばとふ	1
ずびあだうり	4
ずびぐにゅー	2
ずびぐねふ	3
ずびにぇく	3
ずゔぃやぎんつぇふ	4
ずぶこ	1
ずべずどちょーとふ	5
ずゔぇーゔぉ	2
ずゔぉにーちこゔぁー	5
ずぼりきん	2
ずまな	1
ずらうすき	3
ずらーた	2
ずるふぃかる	2
ずるや	1
ずれっく	1
ずれった	2
ずれーた	2
ずーい	1
ずーでるまん	3
ずーにが	1
ずーぼふ	1
ずーま	1
ずーらんだー	3
ずーる	1
ずーろ	1
ずーんばやん	4
せあぬす	1
せあら	1
せいがるにいく	5
せいきろす	1
せいざー	1
せいじー	1
せいだ	1
せいでぃ	1
せいふぁーと	3
せいや	1
せいやーず	1
せいるず	1
せう	1
せうぇるす	1
せうまぬたふぁ	4
しおどあ	0
しおどー	0
しーおどあ	3
せおどあ	0
せおどーあ	3
せおどーる	3
ておどあ	0
ておどーる	3
せがいえる	2
せがな	1
せがん	1
せがんてぃーに	4
せがーる	2
せーがる	1
せぎのーる	3
せくすてぃうす	4
せくんだ	2
せくー	1
せぐはる	1
せぐれ	1
せぐんだでぃ	4
せげすてん	2
しーごんざっく	5
せさる	1
せさーる	2
せざりあ	2
せざんぬ	2
せざーる	2
せーざる	1
せしあ	1
せしぇん	1
せしじゃー	1
せしゃと	1
せしゃーみん	2
ししりあ	2
せしりあ	2
せじうぃっく	3
せじうず	1
せすく	1
せすたす	1
せすてぃうす	3
せすぺです	3
せすま	1
せちぇん	1
せちる	1
ぜっき	1
せでぃん	1
せでぃじょ	1
せでぃーじょ	2
せど	1
せどら	1
せどりっく	1
せなんくーる	4
せにお	1
せにこふ	1
せにゃーる	2
せにゅれー	1
せにょぼす	1
せぬゔぁる	1
せねす	1
せねっと	1
せねびえ	2
せねーて	2
せのく	1
せば	1
せばい	1
せばす	1
せばすちゃおん	2
せばすちぁん	2
せばすちあん	3
せばすちゃん	2
せばすてぃあん	2
せばすてぃあーん	5
ぜばすてぃあん	2
せばすちゃんせん	3
せゔぁすてぃ	2
せばすてぃあーの	5
せばすてぃお	3
せひすむんど	4
せびあん	1
せゔぃにぇ	0
せゔぃにえ	0
せゔぇにー	1
せふぃろす	1
せふぃー	1
せふとん	1
せふん	1
せゔにつぁ	2
せゔらっく	1
せゔりーぬ	3
せぶるす	1
せぷてぃみうす	4
せべ	1
せゔぇりん	1
せゔぇろ	1
せふぉば	1
せほば	1
せましゆこ	3
せみおのわ	3
せみちゃすとぬい	3
せみょーのふ	2
せみょーのゔな	4
せみょーん	2
せみらみす	3
せみーらみす	4
せみらーみで	3
せむざっく	3
せめれ	1
せやだたら	3
せらしえ	2
せらに	1
せらの	1
せらゔぃ	1
せらぴお	0
せらぴす	1
せらふぃた	2
せらふぃたす	2
せらふぃに	0
せらふぃむ	1
せらふぇってぃん	3
せらん	1
せらーず	2
せりあ	1
せりぇす	1
せりぐ	1
せりぐまん	1
せりす	1
せりっとー	2
せりぬんてぃうす	3
せりま	1
せりむ	1
せりゅじぇ	1
せりーの	2
せりーん	2
せるうぃうす	3
せるかん	1
せるかーく	3
せるがちょふ	3
せるぎー	1
せるげーえふ	3
せるげーえゔぃち	5
せるげーゔぃち	3
せるしうす	3
せるじゅ	1
せるじゅく	1
せるじゅーく	3
せるずにっく	4
せるせ	1
せるだへい	3
せるだん	1
せるってぃ	2
せるてぃす	1
せるとうす	3
せるにーぬ	3
せるゔぁ	1
せるばんてす	3
せるぱ	1
せるひお	0
せるゔぃうす	3
せるふぁ	1
せるぷい	1
せるべら	0
せるぼー	1
せるま	1
せるまん	1
せるりえ	2
せるりお	0
せれうこす	3
けれす	1
せれす	1
せれすてぃん	2
せれすて	2
せれすと	2
せれつぇ	1
せれにぃ	1
せれびぃ	1
せれびー	1
せれゔりゃーんぬぃ	4
せれぶろふ	3
せれべす	1
せれまに	0
せれーぞ	2
せれーね	2
せろにあ	0
せろにあす	3
せんぐん	1
せんげどるじ	4
せんしーに	1
せんだっく	3
せんてぃ	1
せんてぃうす	3
せんてぃる	1
せんでろーる	4
せんぱねる	3
せんぷるん	1
せんべーぬ	3
せたてぃらっと	4
せーたてぃらーと	5
せーどるふ	3
せーにや	1
せーびん	1
せーりす	1
ぜいど	1
ぜいねる	1
ぜいるすとら	4
ぜいん	1
ぜいんつ	1
ぜおふれー	2
ぜかりあ	2
ぜかりや	2
ぜしか	1
ぜた	1
ぜたじょーんず	3
ぜだー	1
ぜっつ	1
ぜっふる	1
ぜっぷ	1
ぜっぽ	1
ぜできや	0
ぜな	1
ぜなーろ	2
ぜにあ	1
ぜねっく	1
ぜの	1
ぜのいど	2
ぜのびあ	2
ぜのん	1
ぜひたー	1
ぜぴゅろす	1
ぜふぃ	1
ぜふぃれっり	3
ぜふぉん	1
ぜふらむ	1
ぜぶりん	1
ぜぶるん	1
ぜべだい	1
ぜべでお	2
じぇぺっと	1
ぜぺっと	1
ぜまん	1
ぜむらー	1
ぜめきす	1
ぜめぎす	1
ぜら	1
ぜらっと	2
ぜるきん	1
ぜるだ	1
ぜるにっく	3
ぜるゔぁす	1
ぜるびねっと	4
ぜるぼす	1
ぜるみな	2
ぜるーある	2
ぜれ	1
ぜれぞふすきー	4
ぜれゔぁんすきー	3
ぜろす	1
ぜんぱー	1
ぜんぶりすきー	5
ぜーあう	1
ぜーがーす	3
ぜーくと	1
ぜーぜまん	1
ぜーにん	1
ぜーばると	3
ぜーびしゅ	1
ぜーべっく	1
ぜーまん	1
ぜーりつひ	1
そあーれす	2
そいふぁー	1
そいまびー	3
そうびぃ	1
そうびー	1
そーん	1
そくーろふ	2
そこる	1
そころふ	1
そすぃえ	1
そじゃ	1
そすこべつ	3
そすてろ	1
そぜ	1
そだーばーぐ	4
そっきゅ	1
そっくすれー	4
そっつぁーに	3
そてろ	1
そなむたくぱ	4
そにや	1
そーにあ	1
そにえ	1
そにえーる	3
そにねん	1
そにゃ	1
そにる	1
そねんふぇるど	4
そはー	1
そばーに	2
そふぃや	1
そふぃあん	1
そふぉくれす	3
そふおくれえす	4
そぽくれす	3
ぞほくれす	3
そぶーさ	2
そべいだ	2
そべく	1
そぼっか	2
そまーず	1
そむそっく	3
そむちゃい	1
そむでーと	3
そむらーる	3
そもさ	1
そらな	1
そらりお	2
そらんじゅ	2
そらんでる	2
そらーの	2
そらーり	2
そりあ	1
そりあーぬ	3
そりあーの	3
そりす	1
そりせむ	1
そりだ	1
そりてぃ	1
そりゅーど	2
そりんぎ	2
そりんどぅんがん	4
そりーん	2
そるそ	1
そるたー	1
そるべー	1
そるゔぇーぐ	3
そるれくす	3
それだーど	3
それんすたむ	4
それんそん	2
そろこゔぃこふ	4
そろす	1
そろびよふ	3
そろゔぃよふ	3
そろゔぃよわ	3
そろん	1
そろーん	2
そろーきん	2
そろーみん	2
そんしるびー	3
そんじぇ	1
そんせん	1
そんぜえー	1
そんたぐ	0
そんつぇん	1
そんつぉーにょ	3
そんとん	1
そーんとん	1
そんどはいむ	4
そんどら	0
そんどんいー	5
そんにーの	3
そんぶーん	3
そんぽっぷ	3
そんま	1
そーうぃん	1
そーうえる	1
そーかる	1
そーく	1
そーざ	1
そーしあ	1
そーだーばーぐ	5
そーにくろふと	5
そーにゃ	1
そーねちか	3
そーぴむ	1
そーべる	1
そーめるず	1
そうやー	1
そーやー	1
そーるまん	1
そーれんせん	3
そーんず	1
そーんくろふと	5
そーんだいく	4
そーんだーず	4
ぞあび	1
ぞいあっく	3
ぞいぜ	1
ぞぐる	1
ぞぐ	1
ぞぐー	1
ぞしま	1
ぞねっく	1
ぞの	0
ぞふぃ	1
ぞふぃー	1
ぞふいい	1
ぞふぃーぬ	2
ぞぺてぃ	1
ぞまー	1
ぞんまー	1
ぞむばると	3
ぞるだん	1
ぞるてーる	3
ぞるば	1
ぞろ	1
ぞろあすたー	3
ぞんでる	1
ぞんまーふぇると	5
ぞーい	1
ぞーしゃ	1
ぞーど	1
ぞーば	1
ぞーひょん	1
ぞーま	1
ぞーらちか	3
ぞーりあ	1
ぞーるど	1
たあろあ	1
たいありー	1
たいあーど	3
たいげ	1
たいそん	1
たいたにあ	3
たいなん	1
たいひまん	1
たいもん	1
たいらー	1
たうぃーる	2
たうと	1
たうふぃっく	3
たうまとぅるごす	5
たうらー	1
たうる	1
たうぜんと	1
たうんぜんと	2
たうんぜんど	2
たえまー	1
たかぬかひめ	4
たかひこね	3
たかひめ	2
たかまのはらひろのひめ	9
たかみむすひ	4
たがー	1
たきつす	1
たきとぅす	1
たぎつひめ	3
たぎりひめ	3
たくさむ	1
たくしる	1
たくぽらまりんぽちぇ	7
たくろ	1
たけはづち	3
たけみかつち	4
たけみかづち	4
たけみなかた	4
たけんす	1
たごーる	2
たしぇ	1
たしゅふぃん	1
たじから	2
たぢひのみづはわけ	0
たじまっくす	3
たそってぃ	2
たそってい	2
たたう	1
たたりひめ	3
たたるけびっち	5
たたるけゔぃっち	5
ただせん	0
たちあな	0
たちゃーな	2
たちやな	0
たちやーな	3
たちこ	1
たっかー	1
たっきなるでぃ	4
たっけい	1
たっこーね	3
たっしぇんがん	3
たっしゅまん	1
たっず	1
たっそー	1
たっとる	1
たっど	1
たてぃおす	1
たておしあん	3
たでうし	2
たでうしゅ	2
たでうす	2
たとみゃにん	3
たとりん	1
たとる	1
たない	1
たなきる	1
たなむし	2
たなー	1
たにあ	1
たにんぐ	1
たにーの	2
たぬまふぃり	3
たねんばうむ	4
たはーる	2
たばこり	2
たばりー	1
たばれす	1
たばーたばーいー	5
たゔぁーな	2
たばーの	2
たぱに	1
たびあーに	3
たびー	1
たふぁれる	1
たふねる	1
たふまーすぶ	3
たぶがち	2
たゔなー	1
たぷくぱ	0
たぷりん	1
たぺんす	1
たまくろー	2
たまよ	1
たまより	4
たまーら	2
たまらすかや	4
たまんご	2
たみあ	1
たみじ	1
たみゅーん	2
たみー	1
たみーの	2
たむげん	0
たむしん	1
たむしー	1
たむどく	1
ためなんど	3
ためら	1
たもく	1
たやん	1
たらき	1
たらしなかつひこ	6
たらそわ	0
たらち	1
たらばーに	3
たらふぁ	1
たらりこ	2
たらーぐ	2
たらーる	2
たりきよこ	3
たりく	1
たりーな	2
たるくぃにうす	5
たるこっと	3
たるこふすきー	4
たるこぶすきー	4
たるこーに	3
たるしゃん	1
たるたりあ	3
たるたーりあ	3
たるちゅふ	1
たるてぃーに	3
たるでぃーに	3
たるでっり	3
たるは	1
たるぼ	1
たるぼっと	3
たるまっじ	3
たるみー	1
たるめ	1
たるらん	1
たるろむ	1
たるーと	2
たるれが	0
たれが	1
たれす	1
たれーす	2
たーれす	1
たれいらん	2
たれーらん	2
たろす	1
たんぎー	1
たんぐ	1
たんげっと	3
たんげりー	3
たんごー	1
たんたろす	3
たんだう	1
たんほいざー	3
たんほいぜる	3
たんほぐりお	4
たんぼ	1
たんまーむ	3
たーぐ	1
たーける	1
たーざん	1
たーしす	1
たーしゃ	1
たーせる	1
たーちゃー	1
たーてむ	1
たーにゃ	1
たーの	1
たーのす	1
たーゔぁー	1
たーまん	1
たーまー	1
たーや	1
たーゆ	1
たーり	1
たーりく	1
たーりふ	1
たーりぶ	1
たーりんとん	3
たーんぶる	1
だいあな	0
だいあろん	1
だいか	1
だいぎんす	1
だいくすとら	4
だいそん	1
だいだろす	3
だいてるす	1
だいてるず	1
でーゔぁだった	4
だいぼ	1
だいむらー	1
だいやー	1
だいる	1
だうえす	1
だうえる	1
だうすごー	2
だうど	1
だうなーど	3
だうにー	1
だうふぃん	1
だぅれす	1
だうわー	1
だえい	1
だかすこす	2
だがすてぃーの	4
だがん	1
だきてーぬ	3
だぎっと	1
だぐまーる	3
だぐわどるじ	4
だげーる	2
だこだ	1
だごべると	3
だしゅきん	1
だしゅく	1
だしゅだば	0
だしゅる	1
だじぽでぃうす	4
だすたん	1
だすてぃ	1
だすてぃー	1
だすとん	1
だすばーぐ	3
だすらー	1
だず	1
だぜうぇど	0
だだっし	2
だっがー	1
だっきすと	3
だっくわーす	4
だっけ	1
だっしゅうっど	4
だっしん	1
だっちぇす	1
だっとん	1
だでぃっつ	1
だど	1
だどりー	1
だどれー	1
だない	1
だなえ	1
だなおす	1
だなばらん	3
だにえら	0
だにえりそーん	5
だにえるす	1
だにえるず	1
だにえるそん	3
だにか	1
だにす	1
だにまん	1
だにろ	1
だにろふ	1
だにーろふ	2
だにんがー	2
だにんぐ	1
だにーず	1
だにーる	2
だにーろ	2
だにーろびち	4
だにーろびっち	5
だにーろゔぃち	4
だぬんちお	2
だぬんつぃお	2
だのふ	1
だはらん	1
だゔぁんすん	2
だびと	1
だゔぃっと	1
だびっどそん	3
だびどそん	3
だびで	1
だゔぃで	1
だゔぃどゔぃっち	4
だびどふ	1
だゔぃどふ	1
だゔぃどぶ	1
だゔぃん	1
だふにい	1
だふにー	1
だふね	1
だぶす	1
だぶりしゅうぃ	3
だゔりしゅうぃ	3
だまじお	2
だまと	1
だまのすき	3
だまのすきー	3
だまーず	1
だまーまん	2
だみあん	1
だみあの	0
だみあーの	3
だみこ	1
だむす	1
だむやのびっち	5
だむらす	1
だむろしゅ	1
だむろん	1
だむーろ	2
だもくれす	3
だやん	1
だやーん	2
だやーしゃんかる	4
だらいらま	4
だらこーら	3
だらごーな	3
だらぼん	1
だらんべーる	4
だらーきす	2
だらーる	2
だりうす	1
だりお	1
だりだ	1
だりねーど	3
だりる	1
だりぃ	1
だりーる	2
だるこうすきー	3
だるしむ	1
だるしゅびる	3
だるしー	1
だるじゃんりゅー	3
だるじゅろす	3
だるじーる	3
だるぜる	1
だるぞん	1
だるたにあん	3
だるたにゃん	3
だるてぃあ	0
だるでんぬ	3
だるふぁー	1
だるぼけるけ	4
だるまばら	3
だるまぱーら	4
だるまわてぃ	3
だるやとも	3
だるらん	1
だれいおす	2
だれす	1
だれっしお	2
だろうぇい	1
だろるど	2
だろーじょ	2
だわー	1
だわーにー	2
だんかん	1
だんきー	1
だんぎえら	3
だんくる	1
だんける	1
だんざん	1
だんしへるす	4
だんじぇ	1
だんじゅ	1
だんすと	1
だんせいに	3
だんとん	1
だんどりゅー	1
だんひる	1
だむぴーあ	3
だんふぃ	1
だんふぉーす	3
だんぶるどあ	5
だーかん	1
だーきん	1
だーくん	1
だーぐまん	1
だーしゅ	1
だーしゅこゔぁ	3
だーしー	1
だーずりー	1
だーでぃす	1
だーでぃー	1
だーでりあん	3
だーにえるす	1
だーにく	1
だーにつぁ	0
だーねる	1
だーねー	1
だーびっつ	1
だーゔぃっつ	1
だーびん	1
だーふぃと	1
だーゔぃと	1
だーまん	1
だーまー	1
だーまーど	3
だーみっど	3
だーもっと	3
だーらー	1
だれん	1
だーれん	1
だーれんどるふ	5
だーれいん	3
だーんりー	1
ちあご	1
ちうい	1
ちぇいふ	1
ちぇぎ	1
ちぇけっつ	1
ちぇけってぃ	2
ちぇざりあーの	4
ちぇすたとん	2
ちぇすたーとん	3
ちぇすたふぃーるど	4
ちぇせん	1
ちぇちりあ	2
ちぇちーりあ	2
ちぇっかーと	3
ちぇっきー	1
ちぇっきーに	3
ちぇっりーに	3
ちぇと	1
ちぇどりんす	1
ちぇゔぁす	1
ちぇばーのふ	2
ちぇび	1
ちぇびしぇふ	1
ちぇふぃー	1
ちぇぼたりょーわ	4
ちぇぼたーり	4
ちぇりく	1
ちぇりびだっけ	4
ちぇりゃぐ	1
ちぇるさ	1
ちぇるす	1
ちぇるにあくふ	4
ちぇるにく	1
ちぇるにー	1
ちぇるぬぃしぇふすきい	6
ちぇるぬいしぇふすきい	6
ちぇるぬすき	3
ちぇるねんこ	3
ちぇるのこふ	3
ちぇるのむいるじん	6
ちぇるのーふ	3
ちぇるまく	1
ちぇるまっく	1
ちぇれすて	2
ちぇれでぃら	0
ちぇれんこふ	2
ちぇんち	1
ちぇんばれん	1
ちぇんばーれん	3
ちやむばれん	3
ちやんばれん	3
ちぇんばーず	1
ちぇざーれ	2
ちぇーざれ	1
ちぇーてぃるあんどれ	5
ちぇーぴん	1
ちぇほふ	1
ちぇーほふ	1
ちえぼ	1
ちかちーろ	3
ちかっぷ	2
ちきーお	2
ちげるりぬす	4
ちじょふ	1
ちそん	1
ちたうぃっく	3
ちちこふ	1
ちちろー	0
ちっかりんぐ	0
ちぃっくせんとみはい	7
ちっくせんとみはい	7
ちっこりーに	4
ちっぷまん	1
ちっぽら	1
ちとふ	1
ちとら	1
ちばれい	2
ちふろまちーき	5
ちふーり	2
ちぷりあーに	4
ちほん	1
ちぼん	1
ちまぶーえ	3
ちみど	1
ちむーる	2
てぃむーる	2
ちめんば	2
ちもしぇんこ	3
てぃもしぇんこ	3
ちもふぇびち	4
ちゃいあなん	3
ちゃいえふすきー	5
ちゃいこふすきー	6
ちゃいるず	1
ちゃうしぇすく	3
ちゃうまん	1
ちゃうら	1
ちゃうん	1
ちゃがん	1
ちゃくり	1
ちゃぐるはん	2
ちゃげ	1
ちゃこちん	1
ちゃこん	1
ちゃじぇりにこふ	4
ちゃす	1
ちゃたじー	1
ちゃたれー	1
ちゃたーとん	2
ちゃちゃい	1
ちゃっぴ	1
ちゃっぴー	1
ちゃっぷまん	1
ちゃっぷりん	1
ちゃぷりん	1
ちゃつにー	1
ちゃでる	1
ちゃとぅいん	1
ちゃとうぃん	1
ちゃとー	1
ちゃどうぃっく	1
ちゃにあご	0
ちゃにんぐ	1
ちゃばりん	1
ちゃびー	1
ちゃびーら	2
ちゃふぃー	1
ちゃべす	1
ちゃぺっく	2
ちゃみあん	1
ちゃむぱ	1
ちゃやのふ	1
ちゃらび	1
ちゃらむ	1
ちゃるまーず	3
ちゃれら	1
ちられあ	0
ちゃろなー	1
ちゃわりっと	3
ちゃんか	1
ちゃんがわ	1
ちゃんぎす	1
ちゃんぐむ	1
ちゃんこる	1
ちゃんしゃんすきー	3
ちゃんだ	1
ちゃんだれん	1
ちゃんちちげ	3
ちゃんちみーの	4
ちゃんどらぐぷた	5
ちゃんどらせかーる	6
ちゃんどらまてぃ	4
ちゃんどらむーてぃー	5
ちゃんどら	1
ちゃんどらー	1
ちゃんどらーなんだ	6
ちゃんどりか	3
ちゃんなぱとな	4
ちゃーぐ	1
ちやーちる	1
ちゃーなきや	3
ちあーの	2
ちゃーま	1
ちゃーまーず	1
ちゃーりっぷ	1
ちゃーるそん	1
ちゃーるとん	1
ちゅあん	1
ちゅうた	1
ちゅおんちん	3
ちゅじゃーく	2
ちゅだい	1
ちゅっら	1
ちゅな	1
ちゅにゃん	1
ちゅばいす	2
ちゅばーり	2
てゅひれ	1
ちゅみ	1
ちゅもん	1
ちゅらさっぴゃ	3
ちゅらむ	1
ちゅらん	1
てゅらむ	1
ちゅらろんこん	3
ちゅらろんこーん	5
ちゅりえる	1
ちゅりかっと	3
ちゅるかん	1
ちゅるきん	1
ちゅるごー	1
てゅるごー	1
ちゅるにぇつぉく	4
てゆるぷ	2
ちゅるりゅぱん	3
てゅるりゅぱん	3
とぅるるぴん	2
てゅるりゅーる	3
てゅろっく	1
ちゆんせ	1
ちゅんだ	1
てゆんだれおす	4
ちゅんふぁん	1
てゅーずでい	1
ちゅーだり	1
ちゅーだー	1
てゅーだー	1
ちゅーどる	1
てゅーどる	1
ちゅーやん	1
ちゅーりんぐ	3
てゅーりんぐ	3
ちょいばるさん	3
ちょきょん	1
ちょこりえった	4
ちょもちょも	1
ちょら	1
ちょりょん	1
ちょろんどるじ	4
ちょんどろねごろ	5
ちょんどん	1
ちょんま	1
ちょーきぎゃるつぁん	4
ちょーきどるじぇ	4
ちょーと	1
ちょーるぬい	3
ちょんしー	1
ちょーんしー	1
ちらべると	3
ちりと	1
ちりろ	1
ちりんぐわーす	4
ちるだーず	1
ちるちる	1
ちるでべーる	4
ちるとん	1
てぃるとん	1
ちるの	1
ちるぴっつ	3
ちるぴつつ	3
ちるまーく	3
ちるめる	1
ちるん	1
ちれあ	1
ちわくら	2
ちんがちぐっく	5
ちんくぇってぃ	4
ちんたらー	1
ちんだる	1
てぃんだる	1
ちーぐらー	1
ちーすりく	3
ちーにー	1
ちーばー	1
ちーほのふ	3
つぁいとりん	1
つぁくらいす	3
つぁっき	1
つぁはりす	1
つぁら	1
ざらすーすとら	5
つぁらつすとら	4
つぁらとぅすとら	4
つあらつすとら	4
つぁるす	1
つぁーん	1
つぁんがー	1
つぁんにーに	3
つぁーく	1
つぁいしんぐ	1
つあな	1
ちまーまん	2
つぃまーまん	2
つぃんまーまん	3
ちんめるまん	3
つぃんめるまん	3
つぃーぐらー	1
ついすと	1
とぅいすと	2
つぃぎー	1
ついっぎー	2
とぅいぎー	2
つぇぐみど	0
ぜっぺりん	1
ちえつぺりん	1
つぇっぺりん	1
つぇつぃーりえ	2
つぇつぇぐま	2
つぇでんばる	1
つぇときん	1
つぇとる	1
つぇねってぃ	2
つぇひりーん	3
つぇむりんすきー	3
つぇらん	1
つぇりん	1
ちぇるに	1
つぇるにー	1
つぇるめろ	0
つぇるりーな	3
つぇれんなどみでぃん	5
つぇわん	1
つぇん	1
つぇんだー	1
つえっつあ	2
つぉんかぱ	0
つぉーべる	1
つおく	1
とおみおや	3
つおんかぱ	2
つきでぃです	3
とぅきでぃです	3
とぅきゅでぃです	3
とぅーきゅーでぃでーす	5
つくよみ	0
つたんかーめん	4
つっちー	1
つにゃかお	2
つねた	1
つゔぁいく	2
つび	1
つびっかー	2
つびの	1
つゔぃんぐり	2
つゔぇたん	1
つやくばい	3
つよぽん	1
つるぐれん	3
つるげねつふ	4
つるげーねふ	3
とぅるげーねふ	3
つるぞー	0
つるに	1
つるねん	1
ずんでる	1
ちゅんべりー	3
つゅんべりー	3
つんべるく	3
つんべるぐ	3
つーんべり	4
とぅんべるぐ	3
とぅーんべり	4
つーぜ	1
つーむず	1
つーるー	1
てぃあお	1
てぃあにー	1
てぃあるーあ	3
てぃあろあ	0
てぃうり	1
てぃえぽろ	0
てぃえら	1
てぃえりあ	2
てぃえり	1
てぃえりー	1
ちえる	1
てぃえーる	2
てぃお	1
てぃおむきん	2
てぃがな	1
てぃがんば	2
てぃげりぬす	3
てぃざーど	2
てぃしりお	2
てぃすべ	1
てぃすらんど	3
てぃせぃら	2
てぃたねす	1
ちちあーの	3
てぃつぃあーの	3
てぃちぇなー	1
てぃちゃん	1
てぃてゅす	1
てぃっぐ	1
てぃっける	1
てぃっさ	1
てぃっさぺるねす	4
てぃっち	1
てぃてぃうす	1
てぃと	1
てぃとぅす	1
てぃとのす	1
てぃどある	1
てぃふぁにー	1
てぃふぁれい	1
てぃぶりーずぃー	4
てぃぶー	1
てぃべっつ	1
てぃべりうす	3
ちぼー	1
てぃぼー	1
てぃまいおす	2
ていまいおす	3
てぃましうす	3
てぃまんてす	2
てぃまーまん	2
てぃみろてぃっち	4
てぃむる	1
てむる	1
てぃもんず	1
てぃやーがらーじゃ	5
てぃらく	1
てぃらふぁいがー	3
てぃりかてね	3
てぃりっひ	2
てぃりやーど	3
てぃりー	1
てぃる	1
てぃるし	1
てぃるす	1
てぃるそ	1
てぃるてあふえら	4
てぃるぴっつ	3
てぃるまん	1
ているまん	1
てぃれく	1
ていれしうす	3
てぃれる	1
てぃろっとそん	2
てぃろーぱ	2
てぃんてぃ	1
てぃんてぃん	1
てぃんとれっと	4
てぃんばーげん	3
てぃんぶれる	1
てぃんもうえー	3
てぃがでん	1
てぃーがでん	3
てぃーぐ	1
てぃーげる	1
てぃーじぇん	1
てぃーずでいる	4
てぃーずり	1
てぃーつ	1
てぃーとまる	1
てぃーの	1
てぃーれ	1
ていがー	1
ていすてぃー	1
ていたむ	1
ていと	1
ていもあ	1
ていゆ	1
ていらに	1
てうぉるり	2
てうふぃく	1
てうれしこる	4
ておせびあ	3
ておどぅるふす	4
ておどさき	3
ておどしうす	4
ておどら	0
ておどりっく	4
ておどるす	3
ておどるふ	3
ておどろ	0
ておどろす	3
ておふぃすと	3
ておふぃら	0
ておふぃる	1
ておふぃーる	3
ておふらすとぅす	5
ておふらすとす	5
てきこ	1
てぎん	1
てご	1
てざうろ	2
てじういる	3
てじゃくすま	3
てすとーに	3
てすふぁえ	0
てせうす	1
てぜー	1
てーせうす	3
てせなう	1
てぜ	1
てぜお	0
てそん	1
てっさ	1
てっしー	1
てっせなう	1
てっちん	1
てつあん	1
てでぃべあ	3
てですこ	1
てとす	1
てにすん	1
てにそん	1
てにー	1
てにーるす	2
てゔぃえ	1
てふぁ	1
てふぁにす	1
てぶなん	1
てゔぇす	1
てみすとくれす	5
てみず	1
てむじん	1
てやん	1
てらぐりお	3
てらしお	2
てらもん	1
てりあん	1
てりんぐす	2
てりーざ	2
てりーまん	2
てるきしやげ	4
てるしえ	0
てるせ	1
てるつぁーに	3
てるつぃ	1
てるとる	1
てるま	1
てるみん	1
てれうす	1
てれしくらてす	5
てれしこわ	3
てれしゃん	1
てれじあ	2
てれにあ	2
てれにや	2
てれまん	1
てれむ	1
てれんす	2
てれんてぃあ	2
てれんてぃうす	4
てろわ	3
てんげり	1
てんしゅてっと	4
てんにーす	3
てんぷらー	1
てんぷるとん	3
てんぺ	1
てんぺらんす	1
てんぺるずまん	4
てんぺーにま	3
てんるー	1
てーず	1
てーたむ	1
てーと	1
てーむ	1
てーろる	1
でありんぐ	1
であんどる	2
でぃあうぇすたー	3
でぃあうえすたー	4
でぃあぎれふ	3
でぃあず	1
でぃあっか	2
でぃあな	1
でぃあぼの	0
でぃあっら	2
でぃあら	1
でぃあんぬ	2
でぃあーぬ	2
でぃうふ	1
でぃえに	1
でぃえめ	1
でぃえんでった	4
でぃおくれてぃあぬす	5
でぃおげねす	3
でぃおげねーす	4
でぃおご	1
でぃおすこりです	4
でぃおたっれーゔぃ	5
でぃおてぃーま	3
でぃおどろす	3
でぃおなまりあ	4
でぃおにしお	3
でぃおにす	1
ぢおにしゅうす	4
でぃおにしうす	4
でぃおにゅしおす	4
でぃおにそす	3
でぃおにゅそす	3
でぃおにゅーそす	3
でぃおふぁんとす	3
でぃおぷ	1
でぃおめど	0
でぃおんぬ	2
でぃきしー	1
でぃきんず	1
でぃきんそん	2
でぃぎー	1
でぃくしー	1
でぃくその	0
でぃぐなーが	3
でぃぐまん	1
でぃけんず	1
でぃっけんず	1
でぃこっふ	2
でぃごり	1
でぃごりー	1
でぃさなやけ	3
でぃすとん	1
でぃずれいりー	3
でぃずれーり	3
でぃたにー	1
でぃたりあ	2
でぃちぇんた	2
でぃっきー	1
でぃっぐうぃーど	4
でぃっつ	1
でぃっぺる	1
でぃてら	1
でぃでぃうす	1
でぃでぃえ	1
でぃど	1
でぃどろ	1
でぃどん	1
でぃなだん	1
でぃなみく	1
でぃなーど	2
でぃぬ	1
でぃねせん	1
でぃねっと	1
でぃばいお	2
でぃばるじーと	4
でぃばーるじーと	5
でぃゔぁるじーと	4
でぃゔぁーるじーと	5
でぃびな	1
でぃぶす	1
でぃぶやっく	3
でぃーゔぇす	1
でぃぺっしゅ	2
でぃぺーしゅ	2
でぃぽか	1
でぃまじお	2
でぃみとふ	1
でぃみとりあす	3
でぃみとり	0
でぃみーとりー	2
でぃみとろふ	3
でぃみるち	3
でぃむずでいる	4
でぃむらー	1
でぃらうろ	2
でぃらかま	0
でぃらっく	1
でぃらん	1
でぃらーど	2
でぃりくれ	2
でぃるく	1
でぃるくし	1
でぃるくす	1
でぃるたい	1
でぃるびー	1
でぃれいにー	2
でぃろりあ	2
でぃろん	1
でぃんぶるびー	3
でぃーく	1
でぃーくまん	1
でぃーこん	1
でぃーすかう	1
でぃーたー	1
でぃーつ	1
でぃーでりっつ	4
でぃーとりっひ	4
でぃーとりひ	4
でーとりっひ	4
でぃーとる	1
でぃーど	1
でぃーどりっと	4
でぃーどろす	1
でぃーな	1
でーな	1
でぃの	1
でぃーの	1
でぃーゔぁー	1
でぃーゔぁーず	1
でぃーふ	1
でぃーふぇんべいかー	5
でぃーぷでいる	4
でぃーめん	1
でぃーるす	1
でいきん	1
でいとん	1
でいな	1
でいびそん	1
でいゔぃそん	1
でいみあん	1
でいもん	1
でぃよー	1
でいよ	1
でいん	1
でぃうぃっと	1
でうぃっと	1
でうぇんどら	2
でうかりおん	3
でうら	1
でぇーねしゅ	2
でおん	1
でかのーぞふ	3
でかると	0
できむす	1
できゅじす	1
でぎん	1
でくうぃつ	1
でくえやる	3
でくすたー	1
でくすにす	3
でくらーく	3
でぐらーと	3
でぐるーと	3
でさい	1
でさいー	1
でさるぼ	2
ですあるぼ	3
でざいあ	2
でざーも	2
でざーもー	2
でしかん	1
でしゃん	1
でしやるむ	3
でしゅる	1
でじゃー	1
でじゅるさん	2
でじょねっと	3
でじれ	1
でじーざす	2
ですて	1
ですてぃん	1
ですでもな	3
ですとらーで	4
ですとりばっつ	4
ですぷ	1
ですもんど	3
ですらー	1
ですわーる	3
でず	1
でずでもーな	4
でずもんど	3
でせるむ	2
でせんす	1
でぜるとぅす	2
でそうぃっつ	3
でそうざ	2
でぞいる	2
でちゃい	1
でとまーる	3
でっぷ	1
でてるゔぃる	4
でで	1
ででぃえ	1
でと	1
でとらに	0
でどぅーろ	2
でな	1
でなむ	1
でにうそん	2
でにけん	1
でにすとん	2
でにそびっち	4
でにー	1
でにーぜ	2
でにーろ	2
ではあに	2
ではべりん	3
ではーね	2
でばれーど	3
でひぇんと	3
でび	1
でゔぃ	1
でびあ	1
でびっそん	2
でゔぃそん	1
でいゔぃどそん	3
でびっどそん	4
でゔぃっどそん	4
でゔぃどらふ	3
でびい	1
でびー	1
でぴね	1
でふぁるじゅ	2
でふぉー	1
でぶっち	2
でぶら	1
でゔれーと	3
でぷらー	1
でゔぉあ	1
でゔぉす	1
でまるこ	2
でまるてぃーの	4
でまん	1
でみ	1
でみぃ	1
でみあん	1
でーみあん	1
でみうるごす	3
でみでりゅす	3
でみりす	1
でみる	1
でみろびっち	4
でみんぐ	1
でむーしゅ	2
でむーろ	2
でめてる	1
でーめーてーる	5
でめとりす	3
でめろ	1
でめんが	2
でもくりとす	3
でもすてねす	4
でもにです	3
でもももお	4
でやん	1
でゅあめる	1
でゅいゅ	1
でゅえいん	2
でゅえーむ	2
でゅかきす	1
でゅかすてる	2
でゅかん	1
でゅかんじゅ	2
でゅかーす	1
でゅがりー	1
でゅく	1
でゅくろ	1
でゅしぇんぬ	2
でゅしゃとれ	2
でゅしゃん	1
でゅせ	1
でゅとわ	1
でゅどゔぁん	1
でゅなん	1
でゅばる	1
でゅゔぁる	1
でゅばーすたいん	5
でゅぱん	1
でゅぱんるー	2
でゅゔぃゔぃえ	2
でゅびゅい	1
でゅびゅっふぇ	2
でゅびゅふぇ	1
でゅびんすきー	2
でゅびーん	2
でゅぴゅい	1
でゅふぁい	1
でゅふぃ	1
でゅぶい	1
でゅぶろう	1
でゅぷらんてぃあ	3
でゅぷり	1
でゅぷれ	1
でゅぷれくす	3
でゅぷー	1
でゅぼいす	2
でゅぼすく	2
でゆぼすく	2
でゅぼあ	1
でゅぼわ	1
どぅぼわ	1
でゅぽんと	2
でゅまずでぃえ	3
でゅむーしぇる	2
でゅめるびおん	4
でゅもん	1
でゅらはん	1
でゅらん	1
でゅらんと	2
でゅりん	1
でゅるけむ	1
でゅるけーむ	3
でゅるしね	0
でゅるたる	1
でゅれ	1
でゅれん	1
でゆー	1
でゅーい	1
でゅーがー	1
でゅーぜんべりー	5
どぅーぜんべりー	5
でゅーどね	0
でゅーらー	1
でゅーりんぐ	1
でゅーる	1
でゅーれる	1
どゅうれる	1
でらうあー	2
でらくあ	0
でらさう	1
でらの	1
でらひーば	3
でらびーん	3
でらふしゃん	2
でらるあ	2
でりあんに	3
でりかっと	3
でりら	1
でるじもるだ	4
でるじゃーゔぃん	3
でるす	1
でるすう	1
でるちぇふ	1
でるとりあ	3
でるどれ	0
でるなじ	0
でるねーり	3
でるふぃの	0
でるふぃん	1
でるふぃーぬ	3
でるふいゆ	3
でるふぉーと	3
でるふりんがー	4
でるぶろ	0
でるぷふぇると	4
でるべっきお	3
でるぺーろ	3
でるます	1
でるもにこ	3
でるりっきお	3
でるれい	1
でるろん	1
でるんぶるひ	4
でるーしあ	2
でれく	1
でれゔぃやんこ	4
でれーけ	2
でろいと	2
でろりあん	2
でんがーん	3
でんしも	0
でんしゃー	1
でんじゃーふぃーるど	5
でんつぁ	1
でんとん	1
でんばーす	1
でんゔぁす	1
でんびー	1
でんぷすたー	3
でんまん	1
でーあ	1
でーいぽぼす	4
でーきむ	1
でーけん	1
でーげんはると	5
でーちぇ	1
でーとめるす	4
でーとれふ	3
でーゔぁなんぴや	4
でーばーなんぴや	5
でぃびー	1
でいび	1
でいびー	1
でいゔぃ	1
でいゔぃー	1
でーゔぃ	1
でいぶん	1
でべらいなー	3
でーべらいなー	4
でーむす	1
でーんこーと	4
でーんはると	4
とあす	1
とあまん	1
といしぇつきー	3
といちーりお	3
といっか	2
といべる	1
とぅあおろ	0
とぅいとぅ	1
とぅえー	1
とぅおんぶり	2
とぅからみん	2
とぅぐりる	1
とぅぐるく	2
とぅしーた	2
とぅすねる	1
とぅっきー	1
とぅっく	1
とぅっし	1
とぅっち	1
とぅっぴあ	1
とぅぱく	1
とぅひゃー	1
とぅふぁいり	2
とぅふばとりん	3
つべるすきー	3
とぅべるすきー	3
とべるすきー	3
とぅま	1
とぅまれふ	1
とぅまん	1
とぅむこ	1
とぅらち	1
とぅらん	1
とぅり	1
とぅりうす	1
とぅりっどぅ	2
とぅるい	1
とぅるどー	1
とぅるなうあー	3
とぅるにえ	0
とぅるぬす	1
とぅるべ	1
とぅるぺんたーる	5
とぅるりうす	3
とぅるーでぃ	2
とぅるーり	2
とぅれーぬ	2
とぅろふすかや	4
とぅーま	1
とぅらんどっと	4
とぅーらんどっと	5
とぅーりお	1
とぅーりー	1
とぅーるーず	3
とぅーるーん	3
とぅーれ	1
とうあ	1
とうぃっぐ	1
とうぃーど	2
とぅうぇいん	2
とぅぇん	1
とぅえいん	2
とうぇいん	2
とうぇーん	2
とおりる	1
とかちぇふ	1
とかちぇんこ	3
とかれふ	1
ときっと	2
とくしてす	2
とくたみしゅ	3
とくゔぃる	1
とっくびる	1
とくらす	1
とぐさ	1
とぐっと	2
とこす	1
とごん	1
とざーど	2
とすか	1
とすかねり	3
とすかん	1
とた	1
とっから	0
とっこ	1
とっざー	1
とっち	1
とってぃ	1
とっど	1
とっぷげい	1
とでぃ	1
とどーる	2
とどろふ	1
とにゃっつぃ	2
とにーにょ	2
とにーの	2
とばいあす	2
とぱえふ	1
とぱっく	1
とびあ	1
とびあす	2
とびと	1
とびん	1
とふ	1
とふぃらう	1
とふらー	1
とべっち	2
とぺとろ	1
とまく	1
とましぇびっち	4
とましーん	3
とまず	1
とまーそ	2
とまっせん	2
とまてぃす	1
とまーしゅ	2
とむきんず	1
とむず	1
とむりん	1
とむりんそん	3
とめのふ	1
ともろこふすきー	5
ともわ	1
とよえつ	0
とよたまひめ	4
とよたまびめ	4
とよーし	2
とらいおん	2
とらいこふすき	5
とらいす	2
とらいちゅけ	2
とらいむ	2
とらうごっと	4
とらうと	2
とらうぶりっじ	5
とらかん	0
とらさるでぃ	3
とらしゅっろす	3
とらすく	2
とらせあ	0
とらっくすらー	4
とらゔぁる	2
とらばん	1
とらゔぁーず	3
とらぱそ	0
とらぱっとーに	5
とらびす	1
とらゔぃす	1
とらぶっき	3
とらべるし	3
とらゔぇるそ	3
とらみー	1
とらやぬす	3
とらんと	2
とらんぼ	2
とらーど	2
とらーゔぇん	2
とりあってぃ	3
とりあぴーつぃん	4
とりあー	1
とりこぽらす	4
とりごーりん	3
とりしあ	2
とりじあーに	4
とりすたん	2
とりすとらむ	3
とりすめぎすとす	5
とりちぇり	1
とりちぇりー	2
とりっしゅ	1
とりでぃぶ	1
とぅりとん	1
とりとーん	3
とりとーね	3
とりにくす	3
とりゔぁー	1
とりびお	2
とりびぎるど	4
とりふぃん	1
とりぶる	1
とりゔるつぃお	4
とりめいん	3
とりゅっくす	2
とりゅふぉー	1
とりゅーぺる	2
とりりんぐ	3
とりろーに	3
とりんくる	2
とりんぶる	2
とりーじ	2
とりーゔず	2
とるくあと	3
とるくらのる	4
とるこっぷ	3
とるすてん	3
とるてぃ	1
とるでぃ	1
とるとり	1
とるど	1
とるどー	1
とるなとーれ	4
とるね	1
とるねこ	0
とるはーのゔぁ	3
とるば	1
とぅるべつこい	3
とるべつこい	3
とるーさ	2
とるーで	2
とるーまん	2
とれいしー	2
とれーしー	2
とれいばーず	2
とれぐろさ	3
とれぜげ	0
とれちゃこふ	3
とれっふぁーと	4
とればー	1
とれゔぁー	1
とればーてぃうす	5
とれぱーてぃうす	5
とれびしっく	4
とれびじゃーの	4
とれゔぃじゃの	3
とれびっと	3
とれびの	0
とれびゅしぇ	2
とれびる	2
とれゔぃる	2
とれふぃーろわ	3
とれべりあん	3
とれゔぇりあん	3
とれゔぇるせん	3
とれぼーにうす	5
とれぽふ	1
とれみー	1
とれむれっと	4
とれむいゆ	3
とれもいゆ	3
とれるち	2
とれるふぉーど	4
とれろーにー	3
とれんず	2
とれんぶる	2
とれーがー	2
とれーぜまん	2
とれーぜる	2
とれーまん	2
とろあじぃ	2
とろいつきー	3
とろいろ	2
とろくすらー	3
とろしゅ	1
とろっぐ	1
とろっぷまん	2
とろっきー	2
とろつきー	2
とろにー	1
とろふぃーむ	3
とろふぃーもふ	3
とろろん	1
とろろーぷ	3
とろんこそ	2
とぅろー	1
とろーく	2
とろーぴん	2
とわいまん	2
とわぎらむんぐ	5
とんくす	1
とんこふ	1
とんずらー	1
とんにー	1
とんば	1
とんぷきんす	1
とんぷきんず	1
とんまーそ	3
とんまーぞ	3
とんめるる	3
とーける	1
とーげそん	3
とーたす	1
とーとるず	1
とーに	1
とーにー	1
とーにあ	1
とーにゃ	1
とーねっと	3
とーゔぁる	1
とーばるず	1
とるゔぁるせん	3
とーゔぁるせん	3
とーびる	1
とーびん	1
とーぴんとん	3
とーふぇる	1
とーぶらー	1
とーぷ	1
とーべ	1
とーみ	1
とぉりぃ	1
とーるぼっと	4
とーるめいらー	4
とーろぷ	1
どあのー	1
どわのー	1
どあん	1
どあんばんたお	4
どいせん	1
どいっち	2
どいっちゅ	2
どーいっち	3
どいっちぇ	2
どいっちゃー	2
どぅあた	1
どぁあるて	2
どぅあるて	2
どぅおーきん	2
どぅかてぃ	1
どぅかてい	1
どかてぃ	1
どぅくるー	1
どゅくるー	1
どぅしぇんばえふ	4
どゅしゃてる	1
どぅしゃん	1
どぅしー	1
どぅすとまん	1
どぅぞー	1
どぅたすた	2
どぅちぇっさ	2
どぅちゅけ	1
どぅっく	1
どぅっだがーまにー	4
どぅどと	1
どぅに	1
どに	1
どぅにーず	1
どぅのん	1
どぅびりす	1
どぅふす	1
どぅぶらゔぃうす	4
どぅぶれ	1
どぼーゔ	2
どぅむじ	1
どぅむるめすてーる	6
どぅらいみー	2
どぅらのえ	0
どぅらんじゅ	2
どぅりゅわりー	2
どぅるがー	1
どぅるじ	1
どぅるでぃえふ	3
どぅるー	1
どぅるーしゅ	2
どぅるーず	1
どぅるーわ	2
どぅれーくる	2
どぅんが	1
どぅんぱ	1
どぅーがる	1
どぅーがるど	3
どぅーがん	1
どうーがん	1
どぅーく	1
どぅーくー	1
どぅーすぶるふ	4
どぅーぜ	1
どぅーてくむ	3
どぅーときん	1
どぅーどぅー	1
どぅーにゃ	1
どぅーはん	1
づーふ	1
どぅーり	1
どぅーりー	1
どぅーん	1
どうすん	1
どうつぇん	1
どかお	0
どぅが	1
どが	1
どきっち	2
どぎんず	2
どぎーぬ	2
どくろべえ	3
どくろべー	3
どけるばん	2
どごんやろ	2
どさい	1
どしぇく	1
どしゅこゔぁー	3
どじすん	1
どじそん	1
どぜう	1
どすとむ	1
どずる	1
どっず	1
どっづれー	1
どってぃ	1
どっど	1
どっぷら	1
どっぷらー	1
どつぷら	1
どぷらー	1
どてぃー	1
どなうでぃ	2
どなく	1
どなってら	2
どなてるろ	3
どなとぅす	1
どなもんだい	3
どなもんです	3
どなるどそん	4
どにぜってぃ	3
どにふぁん	1
どにゅえる	1
どにー	1
どねがる	1
どはてぃ	1
どばーる	2
どぱるでゅー	2
どぅびーにん	2
どびにん	1
どびべらた	3
どゔぃん	1
どびーゆ	2
どふぉるじゅ	2
どゔあー	1
どぶそん	1
どぷそん	1
どぶりにん	2
どぶるゔぇ	2
どぅぶろふすきー	4
どぶろふすきー	4
どぶろりゅーぼふ	4
どぅぷちぇく	1
どぶちぇく	1
どぷちぇく	1
どぷら	1
どへにー	1
どまく	1
どまーく	2
どみっつぃ	2
どみてぃあ	2
どみてぃあぬす	3
どみとりあす	3
どぅみとりえふ	4
どみとりえふ	4
どみとりく	3
どみとり	1
どみとりー	1
どみーとり	2
どみーとりい	2
どみーとりー	2
どみとれすく	4
どみな	1
どみにく	2
どみにくす	3
どみにす	1
どみーとりえゔぃち	6
どむおい	2
どむとん	1
どめにかーり	4
どめにこ	2
どめねく	2
どもらん	1
どもんじょ	2
どらいあー	2
どらいあーん	4
どらいかーす	4
どらがん	1
どらきゅえ	0
どらきゅら	0
どらく	1
どらくる	1
どらくろわ	3
どらぐのふ	3
どらこ	1
どらこげー	3
どらしぇこびっち	5
どらじゃ	1
どらじゃー	1
どらっかー	2
どらっこ	2
どらてぃ	1
どらねむ	1
どらゔぃーにゅ	3
どらぴえーる	4
どらほまのふ	4
どらむんど	3
どらる	1
どらん	1
どぅらんしー	2
どりえうす	3
どりご	1
どりす	1
どりすこる	3
どりっずと	2
どりっずど	2
どりっと	2
どりつぇん	1
どりゅあど	0
どりんがー	2
どりんこーと	4
どりーしゅ	2
どりーぶ	2
どりーま	2
どりーん	2
どるき	1
どるくん	1
どるごるすれん	4
どるごん	1
どぅるしねあ	3
どぅるしねーあ	4
どるしねあ	3
どるしねーあ	4
どるしゃの	0
どるじ	1
どるじぇちゃん	3
どるすす	1
どると	1
どるとん	1
どるどが	0
どるにえ	0
どるねーらす	3
どるばっく	3
どるばる	1
どるゔぁる	1
どるびにー	3
どるふぃー	1
どるふまいすたー	4
どるぶーる	1
どーるまん	1
どるむゔぃゆ	3
どるめっち	3
どるりー	1
どるれあっく	4
どれいしー	2
どれいとん	2
どれいばー	2
どらいふぁす	2
どれいふぁす	2
どれじゅれす	3
どれふゅす	1
どれふゅー	1
どれんぐそん	2
どれーじゅ	2
どれーぱー	2
どろぐば	0
どろっせるまいやー	6
どろてあ	0
どろてうす	3
どーろてうす	4
どろてーあ	3
どろほふ	1
どろみ	1
どろるむ	1
どろれす	1
どろんじょ	2
どろーねぃ	2
どろーねい	2
どろーねー	2
どろぅーぱでぃー	4
どろーみお	2
どわいと	2
どわねる	1
どわらん	1
どわーるこー	4
どんきんす	3
どんくる	1
どんける	1
どんご	1
どんごん	1
どんすこい	1
どんすこーい	4
どんばい	1
どんびー	1
どんるべーん	4
どーあ	1
どうあてぃ	1
どーうぃん	1
どーきんす	1
どーくる	1
どーくーる	3
どーしー	1
どーぜ	1
どーちん	1
どうてぃ	1
どーで	1
どーでー	1
どーとりっしゅ	4
どーなっと	1
どーなと	1
どーにゃっく	1
どうゔぁん	1
どーばんとん	3
どーびにえ	3
どーびに	1
どーふぃん	1
どーぶるいゆ	4
どーぷれ	1
どーみえ	1
どーりー	1
どーるん	1
どーんぶっしゅ	4
なあな	1
ないある	1
ないうるづ	1
ないさー	1
ないじぇ	1
ないじぇる	1
ないてぃんげーる	5
ないどりんがー	4
ないにーゔ	3
ないふぇー	1
ないぶず	1
ないぺるく	3
ないろす	1
ないんらいぶず	3
なうぃぎうす	3
なうざーど	3
なうなくと	3
なうまん	0
なうむ	1
なうもふ	1
なえうぃあ	2
なえふ	1
なかじ	1
なかりゃこふ	3
ながすねひこ	4
ながふぁいやーまん	5
なきさわめ	3
なきる	1
なぎぶ	1
なくつぉ	1
なくとうぇい	1
なごるの	2
なさじ	1
なさじざばれー	5
なさにえる	2
なさー	1
なざる	1
なざるばえふ	4
なざれー	1
なざろふ	1
なしあす	1
なしど	1
なしる	1
なしーるっでぃーん	6
なじ	1
なじくん	1
なじぶ	1
なじぶっらー	3
なじぶら	0
なじーむ	2
なじーる	2
なすあだ	0
なすてぃおん	2
なすり	1
なすれっでぃん	3
なせり	1
なぞりーね	3
なたにえるつ	4
なたぽん	1
なたり	1
なたりあ	2
なたーりあ	2
なたーりや	2
なたりい	1
なたりー	1
なたん	1
なたーしゃ	2
なたーりえ	2
なたーれ	2
なだい	1
なだすでぃ	2
なだる	1
なだーる	2
なっかん	0
なっきー	1
なっしゅ	1
なってぃ	1
なってぃねす	3
なっぴー	1
なている	2
なでぃあ	1
なでぃん	1
なでぃーん	2
なときんす	1
なとらす	1
なとわる	1
などらー	1
などー	1
ななし	1
ななりー	1
なにって	2
なにーる	2
なねっと	1
なはいー	1
なゔぁっきあ	2
なゔぁれっと	1
なゔぁろ	1
なばーす	1
なゔぁーす	1
なばーろ	2
なひもふ	1
なびえ	1
なふぁないる	3
なふぁーにゃ	2
なぶ	1
なぶっこ	2
なぶらちろわ	4
なべさだ	0
なべつね	0
なぼこふ	1
なぼぽらっさる	4
なぽりおーね	4
なぽれおーね	4
なまがん	0
なまふも	0
なまんがに	2
なむえるけー	5
なむぎぇる	3
なむだる	1
なもら	1
なやん	1
なやんだばー	2
ならしんは	3
ならにっく	1
ならぼと	2
ならぼーと	3
ならんばた	2
ならんほ	2
なりく	1
なりけん	1
なりす	2
なりっく	1
なるきっすす	3
なるきっそす	3
なるしす	1
なるだん	1
なるでぃ	1
なるでり	0
なーでり	1
なるばる	1
なるばんじゃん	3
なるばんでぃあん	3
なれいえ	2
なれくす	1
なれん	1
なわず	1
なんこん	1
なんしー	1
なんですね	3
なんな	1
なんねる	1
なんの	1
なーがせーな	4
なーがーるじゅな	5
なーざ	1
なーざるてぃあ	4
なーすぃく	1
なーしさす	1
なーしる	1
なーすぃる	1
なーじ	1
なーじいえ	3
なじゃ	1
なーじゃ	1
なーすたす	1
なーせろっでぃーん	6
なーたねん	1
なーでぃる	1
ねーでるまん	3
なーなく	1
なーゔ	1
なーぷるすてく	6
なあまん	1
なーまん	1
なーらーやな	3
にあるかす	2
にうずひめ	3
にえべる	1
にえまんす	2
にえみねん	2
にえむ	1
にえれれ	0
にえん	1
におーる	2
にかうらー	2
にがら	1
にがーど	2
にきあす	1
にきしゅ	1
にきーた	2
にきーちな	2
にぎはやひ	4
にぐら	1
にーぐら	1
にぐる	1
にぐろぽんてぃ	4
にこまこす	3
にこらえゔぃち	4
にこらえば	3
にくらうす	3
にくらす	1
にこらぅす	3
にこらうす	3
にこらす	1
にこらーす	3
にこらーえふ	3
にこらーえゔな	5
にこらーえわ	3
にこらーお	3
にこりぃに	3
にこるす	1
にこるず	1
にこるすん	2
にこるそん	2
にこれっと	1
にころ	1
にっころ	1
にさる	1
にざーる	2
にしけん	0
にじんすか	2
にじんすきい	2
にじんすきー	2
にすてるろーい	5
にすろん	1
にせー	1
にちけ	1
にっせる	1
にっせん	1
にっつぉーり	3
にてすく	2
ににぎ	1
ににぎの	0
にねっと	1
にねーち	2
にのい	1
にのちか	2
にのん	1
にばーと	2
にぷこう	1
にほつひめ	3
にぽー	1
にまるかんてぃ	4
にみっつ	1
にむろっど	3
にむろつど	3
にめいり	2
にも	1
にゃおまる	0
にゃと	1
にゃほ	1
にゃんき	1
にゃんしー	1
にゃーじ	1
にゃーれる	1
にゅあんばーぐ	4
にゅくす	1
にゅーかむ	1
にゅーこめん	3
にゅーこーぷ	3
にゅーすてっど	4
にゅーそむ	1
にゅーぽーと	3
にゅーらんず	3
にゅーりー	1
にょと	1
にょまん	1
にょーる	1
にるがる	1
にるす	1
にるそん	1
にるとん	1
にんしゅぶる	3
にんもん	0
にーか	1
にーがす	1
にーぎ	1
にーしゃ	1
にーそん	1
にーだむ	1
にーでらー	1
にーどるず	1
にーにょ	1
にーぬ	1
にーゔぁ	1
にーぶん	1
にーゔん	1
にーぶーる	3
にーまいやー	3
にーまん	1
にーめらー	1
にーりー	1
にーるす	1
にーるせん	1
にれんばーぐ	4
にーれんばーぐ	5
ぬあいみ	2
ぬいら	1
ぬおん	1
ぬくず	1
ぬこも	1
ぬじぇ	1
ぬすらいん	3
ぬぞー	1
ぬな	1
ぬにぇす	1
ぬばたのいりびめ	6
ぬゔぁとる	1
ぬゔー	1
ぬほう	1
ぬぼらーり	3
ぬまかわひめ	4
ぬむ	1
ぬりのみ	0
ぬるかでぃろふ	4
ぬるはち	0
ぬれえふ	1
ぬわいりー	2
ぬわーす	2
ぬんちお	1
ぬんちーお	3
ぬーと	1
ぬーなん	1
ぬーりあん	1
ぬーりー	1
ぬーれでぃん	3
ねあら	1
ねいぐる	1
ねいさん	1
ねいざん	1
ねーさん	1
ねいすびっつ	4
ねいと	1
ねーと	1
ねいはむ	1
ねぃぴあ	1
ねいぴあ	1
ねぴあ	1
ねいらー	1
ねうすとぷにー	4
ねおくれす	3
ねぎっく	1
ねくえんらー	3
ねくらーそふ	3
ねぐらぉん	3
ねぐり	1
ねご	1
ねじゃるこふ	2
ねすとりう	3
ねすとりうす	4
ねすとる	1
ねすびっと	3
ねすぽり	1
ねすめーろふ	3
ねすらー	1
ねずゔぁる	1
ねずびっと	3
ねせるろーで	4
ねたにやふ	2
ねっかーむ	3
ねっける	1
ねっさん	1
ねったん	1
ねっとぅーの	3
ねっど	1
ねでぃ	1
ねとるず	1
ねとるふぉーど	4
ねとれぷこ	3
ねどべど	0
ねどゔぇど	0
ねどれっと	3
ねどろすと	3
ねなそる	1
ねびる	1
ねゔぃる	1
ねびんず	1
ねぴりむ	1
ねふ	1
ねふぃ	1
ねふぇるてぃてぃ	4
ねふすきー	2
ねぶかどねざる	6
ねぶかどねつぁる	5
ねぶぞうろ	3
ねゔぇす	1
ねゔぇっと	1
ねゔぇるそん	2
ねぼがとふ	3
ねぽっと	1
ねぽむっく	3
ねぽむにあちとち	5
ねぽむーく	3
ねぽーす	2
ねまーにゃ	2
ねめしあ	2
ねめしぇぎ	0
ねめしす	1
ねめしー	1
ねめす	1
ねらとん	1
ねりさ	1
ねりどっふ	3
ねりー	1
ねりーにょ	2
ねるきん	1
ねるしーにょ	3
ねるゔぁ	1
ねるゔぁる	1
ねるゔぃる	1
ねるー	1
ねるーだ	2
ねーぐり	1
ねーげり	1
ねーげる	1
ねーさんそん	3
ねいだー	1
ねーだー	1
にぇーとちか	3
ねーな	1
ねーめと	1
のあいゆ	2
のあるすいゆ	4
のいげばうあー	4
のいす	1
のいでっかー	3
のいばーがー	3
のいびる	1
のいまん	1
のうぃっきー	2
のえみ	1
のがい	1
のくりん	1
のげ	1
のげいら	2
のさばん	1
のすてぃつ	1
のすとらだむす	5
のずぃっく	1
のたるじやこも	5
のっこ	1
のってぼーむ	4
のってん	1
のでぃえ	1
のとすさんと	4
のばっく	2
のゔぁく	1
のゔぁっく	2
のゔぁーく	2
のばーと	1
のーばーと	3
のゔぁーりす	2
のゔぃこふ	1
のゔぃこーふ	3
のふれと	1
のゔえり	2
のぷしゃ	1
のゔぇり	1
のゔぇろ	1
のぼとな	2
のぼとにー	2
のぼらつすきー	5
のまるすきー	3
のみのふ	1
のめんぜん	2
のりえが	0
のりす	1
のりだー	1
のりっぴー	2
のりと	1
のりー	1
のるがーど	3
のるげ	1
のるごー	1
のるしゅていん	4
のるだう	0
のるだーる	3
のるで	1
のるでぃす	1
のるとん	1
のるどくゔぃすと	5
のるぽわ	0
のるまんど	3
のれるず	1
のれんどろ	2
のれーん	2
のろどむ	1
のわいゆ	2
のわーく	2
のんた	1
のんのん	1
のーきー	1
のーくす	1
のーじっく	1
のーすろっぷ	4
のーで	1
のーどりー	1
のーばく	1
のーびぃ	1
のうぶる	1
のーまっど	3
のーらん	1
のーらんど	3
のーりあ	1
のうるず	1
のーるず	1
はいあむず	1
はいえく	0
はいくす	1
はいけ	1
はいさむ	1
はいさー	1
はいざー	1
はいせんびゅってる	5
はいぜんべるく	4
はいぜんべるぐ	5
はいだら	1
はいだり	0
はいだー	1
はいてぃんぐ	1
はいでぃ	1
はいでがー	3
はいでっがー	3
はいでるべるひ	5
はいでん	1
はいとなー	1
はいどぅ	1
はいどふぇるど	4
はいどりっひ	4
はいどりひ	3
はいにひぇん	4
はいねまん	1
はいの	1
はいゔぁーなっと	5
はいふぇっつ	3
はいぺしあ	3
はいぺりおん	3
はいまん	1
はいみなーら	4
はいむず	1
はいめ	1
はいやーむ	3
はいゆーく	3
はいらっらー	3
はいらむ	1
はいるっでぃん	3
はいるっらー	3
はいん	1
はいんける	2
はいんず	1
はいんつ	1
はいんつぇ	2
はいんまん	2
はいんりっひ	4
はいんりひ	4
はいんろーと	4
はいーり	2
はうえる	1
はうえるず	1
はうえんろいたー	5
はうかせ	0
はうく	1
はうさうぃ	3
はうざー	1
はうしゅか	2
はうすふぇるど	4
はうすほーふぁー	4
はうすまん	1
はうぜ	1
はうそん	1
はうたまき	3
はうとまん	1
はうぷとまん	1
はうろん	1
はうわー	1
はえっく	1
はえな	1
はかし	1
はがい	1
はがーど	2
はがーまん	2
はがる	1
はがーる	2
はぎと	1
はぎはと	2
はぎんず	1
はくすり	1
はくすりー	1
はくすれー	1
はっくすり	3
はっくすりー	1
はっくすれー	3
はぐりっど	3
はぐろやま	0
はけっと	1
はげさんどろす	5
はさうぇい	1
はさうぇー	1
はざうぇい	1
はさにん	1
はざりー	1
はしぇみっと	3
はしっど	1
はしんと	2
はしーす	2
はじぇいふ	0
はじだきす	3
はじーる	2
はすきっそん	3
はすきる	1
はすきんず	1
はすくりー	1
はすける	1
はすじゃーる	3
はすたーと	3
はずぶらとふ	4
はずらしー	2
はずらじー	2
はずらと	0
はずらとあり	4
はずりっと	3
はせきょー	0
はぜむ	1
はたばら	2
はたびのおほいらつこ	8
はたびのわきいらつめ	8
はだもふすきー	4
はちゃ	1
はちゃとぅりあん	3
はちゃとぅりゃん	3
はちゃとぅりやん	3
はっきねん	1
はっくにー	1
はっくるべりい	5
はっくるべりー	5
はつくれんでる	4
はっさむ	1
はっさる	1
はっじゃーじゅ	3
はっせるぶらっど	6
はっせ	1
はっだーど	3
はっちゃー	1
はっちゃーそん	3
はっちんす	1
はちんそん	2
はっちんそん	3
はっつふぇると	4
はってすたと	4
はっとん	1
はっぶる	1
はっぷ	1
はっぺ	1
はっら	1
はてぃ	1
はてぃーじぇ	2
はてむ	1
はーてむ	1
はでぃ	1
はでぃる	1
はでぃーじゃ	2
はでむ	1
はとしぇぷすと	4
はどりあぬす	4
はどりー	1
はどる	1
はどれー	1
はなっぺ	2
はなにや	2
はなはん	1
はにんぐ	1
はにぃふ	2
はにーふ	2
はぬまん	1
はぬまーん	3
はぬむ	1
はねけ	1
はねしー	1
はねろーれ	3
はねー	1
はのん	1
ははにやん	2
はばかっく	3
はばくく	0
はばしゅ	1
はゔぁーがる	2
はっばーど	3
はばーど	2
はびあん	1
はびやん	1
ふぁびあん	1
はびあー	1
はびえる	1
はびえーる	3
はゔぃしゃむ	1
はびぶ	1
はびーぶ	2
はびゃりまな	3
はびやりまな	4
はびらんど	3
はゔぃらんど	3
はびー	1
はふ	1
はふぃず	1
はふぃんとん	2
はふと	1
はふなー	1
はーふなー	1
はふにー	1
はふまん	1
はふらー	1
はぶこっく	1
はぶず	1
はゔりーちぇく	3
はぶれ	1
はぷぐっど	3
はぷすぶるく	4
はぷすぶるぐ	4
はべる	1
はゔぇる	1
はべろっく	1
はぼっく	1
はまこう	2
はまこー	2
はまさ	1
はまちょん	1
はまも	2
はまん	1
はまー	1
はまーしょるど	4
はまーすたいん	5
はまーん	2
はみし	1
はみっと	1
はみっど	1
はみと	1
はみど	1
はみゅっつ	2
はみる	1
はみるかる	2
はみーど	2
はむさんす	3
はむざ	1
はむたむ	1
はむねっと	1
はむぱー	1
はむりっしゅ	1
はめっと	1
はめでぃー	1
はめねい	1
はめんくぶおの	5
はもす	1
はもんど	1
はやぶさわけ	0
はやまち	2
はらじ	1
はらたつ	0
はらたま	0
はらでー	1
はらなくぽ	3
はらに	1
はらはぷ	0
はらびー	1
はらふ	1
はらみーじょ	3
はらるど	2
はらー	1
はらーねく	2
はりえっと	1
はりく	1
はりしゅちゃんどら	4
はりすとす	3
はりすん	1
はりそん	1
はりだーす	1
はりでー	1
はりと	1
はりとーのふ	3
はりど	1
はーりど	1
はりばどら	3
はりまん	1
はりーり	2
はりーる	2
はりーん	2
はるかびー	3
はるくーむ	3
はるしゃ	1
はるじー	1
はるす	1
はるすとれむ	4
はるすまん	1
はるせる	1
はるぜい	1
はるぜー	1
はるたー	1
はるちぇふ	1
はるてぃな	0
はるでべると	4
はるでんぶるく	5
はるでんべるく	5
はるとびっひ	4
はるとびひ	4
はるとゔぃっひ	4
はるとゔぃひ	4
はるとまん	1
はるとむーと	4
はるとりー	1
はるど	1
はるどぅーん	3
はるなっく	3
はるばーすたむ	3
はるばーと	3
はるま	1
はるもにあ	0
はるん	1
はるーん	2
はーるーん	3
はれうべに	3
はれっく	1
はれっしゅ	2
はれるそん	2
はれー	1
はろうぇい	1
はろゔぃっち	3
はろるど	2
はろーれん	2
はわーす	1
はわーず	1
はわーど	1
はんうぃ	1
はんおーへん	3
はんける	1
はんざら	0
はんすりっく	4
はんせる	1
はんそん	1
はんちんとん	3
はんてぃんとん	3
はんとけ	0
はんどれす	1
はんな	1
はんなばると	4
はんにねん	1
はんぬ	1
はんねす	1
はんばる	1
はんふりー	1
はんふりーず	4
はんぶれん	1
はんぷでん	1
はんぷとん	1
はんまーでぃ	3
はむらび	0
はんむらび	1
はんらてぃー	1
はーうぃっつ	3
はーうっど	3
はーえりー	3
はーがー	1
はきむ	1
はーきむ	1
はーきん	1
はーく	1
はーくねす	1
はーぐりーゔず	4
はーぐれーゔ	4
はーげなうあー	4
はーげんはん	5
はーさん	1
はーしぇる	1
はーしぐ	1
はしむ	1
はんしむ	1
はーしむ	1
はーしゅはいざー	4
はーしゅほーん	4
はーしー	1
はすと	1
はーすと	1
はーせっく	3
はーぜ	1
はーたー	1
はーだうぇい	1
はーつぇんべるく	5
はーつふぇるど	4
はーてゔぇるど	4
はーでぃん	1
はーぢんぐ	1
はーでぃんぐ	1
はあでい	1
はーでぃ	1
はーでいかー	3
はです	1
はーです	1
はーでー	1
はーとしょーん	4
はーとっく	1
はーとまん	1
はーとりー	1
はーとれー	1
はーなびー	3
はーにー	1
はーねまん	1
はーねる	1
はーばーぐ	3
はるばると	3
はーばーと	3
はばーます	2
はーばます	1
はーばまーす	4
はーばーます	3
はーぱー	1
はーふぃず	1
はーふぇず	1
はーふぃんだーる	5
はふぇず	1
はーぶすと	3
はーぶすまん	3
はーべー	1
はーゔぇい	1
はーゔぇー	1
はーぽ	1
はーまいおにー	3
はーまっはー	3
はーまん	1
はーまー	1
はーみっしゅ	3
はーむず	1
はーもん	1
はーらいん	3
はーらん	1
はーり	1
はーりん	1
はーれっく	1
はーろっかー	3
はーろっく	1
はーろう	1
はーろー	1
はーんどん	1
ゔぁいあん	1
ばいあー	1
ばいあーど	3
ばいい	1
ばいうぉーたー	3
ばいえが	0
ゔぁいぉれっと	1
ゔぁいおれと	1
ゔぁいかんと	3
ゔぁいがーず	1
ばいくる	1
ゔぁいくる	1
ばいげる	1
ばいげると	1
ゔぁいげる	1
ゔぁいげると	1
ばいじゅ	1
ゔぁいすげるばー	4
ばいすてっく	4
ゔぁいすまん	1
ゔぁいぜんぼるん	5
ばいつ	1
ばいでん	1
ゔぁいでーひー	3
ゔぁいとりんぐ	4
ゔぁいどる	1
ゔぁいにんがー	3
ゔぁいにんぐ	1
ばいばるす	3
ばいびー	1
ばいめのふ	3
ゔぁいよん	1
ゔぁいらんと	1
ばいるすたいん	5
ばいるす	1
ばいるず	1
ゔぁいんがるとなー	4
ゔぁいんこぷふ	4
ばいんなうん	4
ゔぁいんぶれんなー	5
ゔぁいんへーばー	4
ゔぁいーだ	2
ばうあーず	1
ばうえん	1
ばうしゅ	1
ばぅてぃすた	3
ばうてぃすた	3
ばうど	1
ばうはう	1
ばうまん	1
ばうむがるてる	4
ばうむがるてん	4
ばうむがるとなー	5
ばうり	1
ばうりんぐ	0
ばうんがーと	4
ばえす	1
ばえず	1
ばおだい	2
ばかいち	2
ばかたけ	2
ばかはた	2
ばかぼん	1
ばかよこ	0
ばからっく	3
ばかん	1
ばかーばると	4
ばかーる	2
ばがざ	1
ばがばんでぃ	3
ばがー	1
ばきえ	1
ばきんず	1
ばきーに	2
ばぎんず	1
ばくしーる	3
ばくじー	1
ばくすたー	2
ばくだ	1
ばくてぃやーる	4
ゔぁくてん	1
ばくと	1
ばくりん	1
ばくる	1
ばぐだっしゅ	3
ばぐぼ	1
ばぐらみやん	3
ばぐりっど	3
ばぐわてぃ	2
ばこーる	2
ばさえふ	1
ゔぁさり	1
ばさろ	1
ばさろふ	1
ゔぁさんてぃ	2
ばさーにお	2
ばさーにおー	2
ばざるがん	2
ばざん	1
ゔぁざーり	2
ばざーろふ	2
ばしぇっく	1
ばしぇゔぃす	1
ばしゅめっと	3
ばしゅらーる	3
ばしょっぷ	1
ばしりお	2
ゔぁしりぃ	1
ゔぁしりー	1
ばしれいおす	3
ゔぁしれゔぃっち	4
わしれふすきー	4
ゔぁしれふすきー	4
ばしんほーん	4
ゔぁしーりい	2
ゔぁしーりー	2
ばしーる	2
ばじぇふすきー	3
ばじぇーのふ	2
ばじーおうてす	4
ばじゃのわ	2
ばじゅでき	1
ばじょっと	1
ゔぁじらー	1
ばじりお	2
ばじれいえふ	3
ゔぁじーむ	2
ばじーる	2
ばすかびる	3
ばすかゔぃる	3
ばすからなんだじ	5
ばすかりや	3
ばすかーりあ	3
ばすき	1
ばすきあ	0
ばすけす	1
ばすこむ	1
ゔぁすこんせーろす	5
ばすちあん	2
ばすてぃあ	0
ばすてぃん	1
ばすてん	1
ばすてんどーふ	5
ゔぁすなー	1
ばすばんどぅ	3
ゔぁすばんどぅ	3
ゔぁすゔぁんどぅ	3
ばすふぉーど	3
ばずら	1
ばずる	1
ばせどう	1
ばせどー	1
ぱせどう	1
ばぜなる	1
ばぜりっつ	3
ばぞふと	2
ばたいゆ	2
ばたらい	1
ばたーにい	2
ばたーふぃーるど	4
ばたーわーす	4
ばだんてーる	4
ばちすた	2
ばってぃすた	3
ばてぃすた	2
ばきゅす	1
ばっこす	1
ゔぁっかーなーげる	5
ゔぁっがーる	3
ばっきゅりです	4
ばっきい	1
ばっきー	1
ばっくうぇる	3
ばっくうぉるたー	4
ばっくうぉるど	4
ばっくなー	1
ばっくはうす	4
ばっくまん	1
ばっくみんすたー	4
ばっくらんど	4
ばっくりー	1
ばっげ	1
ゔぁっさかーら	4
ゔぁつさかーら	4
ばっさーに	3
ばっさーにお	3
ゔぁっしゅ	1
ばっしんとん	3
ばっじお	1
ばっじょ	1
ゔぁっせーじ	1
ばっつ	1
ばっとえるでん	4
ばっとす	1
ばっとぅーた	3
ばとぅーた	2
ばっば	1
ゔぁっへんどるふぁー	5
ゔぁっら	1
ばつらー	1
ぶつらー	1
ばてぃすてぃーぬ	4
ばてぃすと	2
ばてぃすとぅーた	4
ばてぃんがー	2
ばでぃう	1
ゔぁでぃむ	1
ばでぃろん	1
ばとざや	0
ばすしば	0
ばてしば	0
ばとしぇば	0
べてしば	0
べとせば	0
ばとむんふ	3
ばとー	1
ゔぁとー	1
ばどぅーら	2
ばどこっく	1
ばどりお	2
ばっどるっと	4
ばどれでぃん	3
ばどれー	1
ゔぁなー	1
ばに	1
ばにえ	1
ばにぇり	1
ばにさどる	3
ばにっとえった	5
ゔぁにな	1
ゔぁにに	1
ばにのすらと	4
ばぬー	1
ゔぁねす	1
ばねっさ	2
ゔぁねっさ	2
ゔぁねばー	1
ばねるじー	2
ばはじ	1
ばはどぅる	2
ばはらーむ	3
ばゔぁん	1
ばばんぎだ	2
ばぱっ	1
ばびっち	2
ばびっと	1
ゔぁゔぃーろふ	2
ばふぇっと	1
ばふちん	1
ばぶこっく	3
ばぶーふ	2
ばべっじ	1
ばべるく	2
ばゔぇるく	2
ばべーじ	2
ばほめーる	3
ばゔぉん	1
ばむふぉーど	3
ばやじっと	3
ばやずぃと	2
ばやすがらん	3
ばやーる	2
ばらちぇく	1
ばらっけ	2
ばらでゅーる	3
ばらと	1
ばらとふ	1
ゔぁらどん	1
ばらにー	1
ばらは	1
ばらばん	1
ゔぁらまねしゅ	3
ばらんが	1
ゔぁらんしぇんぬ	4
ばらんしん	2
ばらんたん	2
ゔぁらんたん	2
ゔぁらーはみひら	5
ばりお	1
ゔぁりくーる	3
ばりす	1
ゔぁりせが	0
ばりたーの	3
ゔぁりにゃーに	3
ゔぁりにぁーの	4
ゔぁりにゃーの	3
ばりばーる	3
ばりもあ	0
ばりゅえる	1
ばりらーり	3
ばりんかい	2
ばりんと	2
ばりんとん	2
ゔぁりーは	2
ゔぁりーん	2
ばるあん	1
ばるえる	1
ばるか	1
ばるかす	1
ばるかむ	1
ばるが	1
ばるがす	1
ゔぁるがす	1
ばるがー	1
ばるぐ	1
ばるぐす	1
ばるこむ	1
ばるさもん	3
ばるさるば	3
ばるざっく	3
ばるざに	0
ばるざん	1
ばるじゃん	1
ゔぁるじゃん	1
ばるじー	1
ゔぁるす	1
ばるぜ	1
ばるた	1
ばるたさーる	3
ばるたざーる	4
ばるたす	1
ゔぁるたん	1
ばるたーる	3
ばるだっく	1
ばるだっさーれ	5
ゔぁるだまーな	4
ばるだーの	3
ゔぁるだーの	3
ばるちぇっろーな	5
ばるてゅす	1
ばるつぁ	1
ばるつぁー	1
ゔぁるつぃーん	3
ばるつぇろびっち	5
ばるてす	1
ばるてず	1
ばるです	1
ゔぁるてる	1
ばるてるみ	3
ばるてるみー	3
ばるでぃ	1
ゔぁるでぃす	1
ばるでぃにーに	3
ばるでぃりす	3
ゔぁるでまー	3
ゔぁるでゅーい	3
ばるとしゅ	1
わるとしゅたいん	5
ゔぁるとしゅたいん	5
ばるとにゃんすきい	6
わるとはいむ	4
ばるとふぇるど	4
ばるとり	0
ばるとりん	0
ばるとるしゃいてぃす	5
ばるとろめ	3
ばるとろめう	4
ばるとーるす	3
ばるど	1
ゔあるどら	0
ばるどるふ	3
ばるどるふぉ	3
ばるどー	1
ばるなっく	3
ばるなば	0
ばるなばす	3
ばるなべ	0
ゔぁるにえ	0
ばるねるじー	3
ゔぁるの	1
ばるはうす	3
ばるばす	1
ばるばろ	0
ばるゔぁろ	0
ばるばろっさ	4
ばるばろーね	4
ばるびえ	0
ばるびぜ	0
ばるびゅす	1
ゔぁるゔぃる	1
ゔぁるふぃーす	3
ばるふぉあ	0
ばるふおーる	3
ゔぁるぶるが	3
ばるべいとす	3
ばるべりーに	4
ばるべるで	3
ばるべー	1
ばるぼ	1
ばるぼら	0
ぼるぼら	0
ばるまく	1
ばるまん	1
ばるまー	1
ゔぁるみん	1
ばるめりの	3
ばるらっは	3
ゔぁるらつぃ	2
ばるりー	1
ゔぁるるん	1
ばるれた	2
ばるろ	1
ばるんす	1
ゔぁれすか	2
ばれすてろす	4
ばれっつぃ	2
ばれっと	1
ゔぁれっと	1
ばれてぃむ	1
ゔぁれふすか	3
ばれら	1
ゔぁれらん	1
ゔぁれりあぬす	4
うぁれりうす	3
ゔぁれりうす	3
ゔぁれりお	2
ゔぁれり	1
ゔぁれりい	1
ゔぁれりー	1
ゔぁれろ	1
ばれんしあが	4
ばれんしゃが	2
われんすたいん	5
ゔぁれんしゅたいん	5
ゔあれんしゅたいん	5
ゔぁれんす	1
ゔぁれんずえら	4
ばれんてぃん	2
ゔぁれんちん	2
ゔぁれんてぃん	2
ばれんてぃ	2
ばれんちの	2
ゔぁれんちの	2
ゔぁれんてぃの	2
ゔぁれんてぃーの	4
ばれんてぃーな	4
ゔぁれんてぃーな	4
ばれんにこふ	4
ゔぁれーず	1
ゔぁろあ	1
ゔぁろわ	1
ゔぁろっとん	2
ばろてぃーりょ	3
ゔぁろふぇす	1
ばろうず	1
ばろーず	1
ゔぁろーね	2
ばんかな	0
ばんかーず	1
ばんがるてる	3
ばんきえり	3
ばんきえーり	4
ばんくぉー	3
ばんくす	1
ばんくりーふ	4
ばんくーみけるせん	6
ばんぐず	1
ばんける	1
ばんげまん	1
ばんこーれ	3
ゔぁんすとん	1
ばんぜってぃ	3
ゔぁんぜってぃ	3
ばんたったん	3
ゔぁんたどぅる	3
ばんだみや	3
ばんだらないけ	5
ばんだーびると	5
ゔぁんだーびると	5
ゔぁんだーゔぃーん	5
ゔぁんだーゔぇんたー	5
ゔぁんだーめーるしゅ	5
ばんちゅら	1
ゔぁんちゅら	1
ばんつま	0
ばんてぃんぐ	1
ばんでぃーん	3
ばんでぐりふと	5
ゔぁんでぐりふと	5
ゔぁんでゔぇるで	4
ばんでゅら	1
ばんでゅーら	3
ばんでらす	1
ばんでーらす	3
ゔぁんでるすてーね	6
ゔぁんでるめーるしゅ	5
ゔぁんでん	1
ばんでんどりっしゅ	6
ばんでんのーと	5
ばんでんばーぐ	5
ゔぁんとぅいゆ	3
ゔぁんとんげるろー	5
ゔぁんどぅいゆ	3
ばんどーむ	3
ゔぁんどーむ	3
ばんにーの	3
ばんはむ	1
ばんはーん	3
ばんばるぬべるど	6
ばんふぃ	1
ゔぁんぶらー	1
ばんべにすと	4
ばんゔぇにすと	4
ゔぁんほーふぇん	3
ばんやっと	3
ばんろっせむ	3
ばーうぇる	1
ばーがいまー	3
ばーきー	1
ばあく	1
ばーくがふに	4
ばーぐすてん	3
ばーぐほん	1
ばーぐほーん	4
ゔぁーげんざいる	5
ゔぁーこ	1
ばーこうぃっつ	4
ばーさろー	1
ばーしぇいど	3
ばーしー	1
ばーじぇす	1
ばじにあ	2
ゔぁじにあ	2
ゔぁーじむ	1
ゔぁーじる	1
ゔぁーじーん	3
ばーず	1
ばーせるみ	3
ばーそろみゅー	3
ばーだー	1
ばーちぇ	1
ばーちゃすぱてぃ	4
ゔぁーちゃすぱてぃ	4
ゔぁーつやーやな	4
ばつらふ	1
ばーつらふ	1
ゔぁーつらふ	1
ばーてぃ	1
ばーてる	1
ばーでぃーん	3
ばーとふす	3
ばーとら	1
ばーとらむ	1
ばーとらんど	4
ばーとり	1
ばーとるびー	3
ばーとれー	1
ばーとん	1
ばーどん	1
ばーなびー	1
ばーなむ	1
ばーなりー	1
ばーなんき	3
ばーなーず	1
ばーにす	1
ばーねい	1
ばーねっと	1
ばーのん	1
ゔぁーのん	1
ばーはむ	1
ばーゔぁゔぃゔぇーか	5
ばーふ	1
ばーふぇきー	1
ばーぶる	1
ばーもう	1
ばーらしんがむ	4
ばーらちゃんどぅら	4
ばーらどゔぁーじゃ	5
ばーらむ	1
ばーりぇ	1
ばーりこーん	4
ばーりん	1
ゔぁーれいん	3
ゔぁーれっく	1
ばーれい	1
ばーれー	1
ばーれーしゅわる	3
ばーんうっど	4
ばーんすたいん	5
ばーんすていん	5
ばーんす	1
ばーんず	1
ぼるんす	2
ばーんと	1
ばーんはーと	4
ぱあーじやる	4
ぱいえる	1
ぱいえるす	3
ぱいおにおす	3
ぱいじぇっろ	3
ぱいどん	1
ふぁいどん	1
ぱいば	1
ぱいふう	1
ぱいまーやんじん	5
ぱいりん	1
ぱいーゔぁ	2
ぱうい	1
ぱうさにあす	3
ぱうり	1
ぱうりぬす	3
ぱうりー	1
ぱうりーた	3
ぱうりーにょ	3
ぱうりーね	3
ぱうる	1
ぱうるす	1
ぱうれた	0
ぱうろす	1
ぱえず	1
ぱえと	1
ぱえとぅす	1
ぱえとん	1
ふぁえとん	1
ぱおろ	1
ぱおろっつぃ	3
ぱかれ	1
ぱかーる	2
ぱがーに	2
ぱきーた	2
ぱくすとん	2
ぱくだ	1
ぱくぱ	1
ぱくぱら	0
ぱぐじー	1
ぱぐず	1
ぱぐだっしゅ	3
ぱさん	1
ぱざいる	2
ぱざに	1
ぱしえんさ	3
ぱしねってぃ	3
ぱしぱえ	2
ぱしーに	2
ぱじぇっと	1
ぱじぇふすきー	3
ぱじぇり	1
ぱじす	1
ぱじゃん	1
ぱじょ	1
ぱすかーりあ	3
ぱすきん	1
ぱすくあれ	3
ぱすくあーれ	4
ぱすくいーに	4
ぱすくあ	0
ぱすくわ	0
ぱすこー	1
ぺいすこう	1
ぱすつーる	3
ぱすとぅーる	3
ぱすてるなーく	5
ぱすとうほふ	3
ぱすとーる	3
ぱすは	1
ぱすぱ	1
ぱすもあ	0
ぱずー	1
ぱせっと	2
ぱせと	1
ぱせーなで	2
ぱそす	1
ぱぞりーに	3
ぱたき	1
ぱたく	1
ぱたす	1
ぱたせ	1
ぱたりろ	0
ぱたーそん	2
ぱちぇこ	1
ぱちぇっと	1
ぱちに	1
ぱちゃい	1
ぱちゃめ	1
ばちょってぃ	2
ぱちょれっく	3
ぱちょーり	2
ぱちる	1
ぱちんぷ	2
ぱちーこ	2
ぱちーの	2
ぱっきあお	1
ぱっしぇん	1
ぱっしん	1
ぱったー	1
ぱっつぃ	1
ぱっつい	1
ぱってぃ	1
ぱってん	1
ぱっとぅろー	1
ぱっとふっと	4
ぱっとん	1
ぱっぱか	1
ぱっぱーの	3
ぱっふぇるべる	4
ぱっへるべる	4
ぱつぃー	1
ぱてぃんきん	2
ぱてっく	2
ぱでぃ	1
ぱでぃや	1
ぱでぃーりゃ	2
ぱでれふすきー	5
ぱとぅ	1
ぱとなむ	1
ぱとら	1
ぱとりあるしゅ	4
ぱとりしお	3
ぱとりつぃあ	3
ぱとれーぜ	3
ぱとろくろす	4
ぱとろしにお	4
ぱどま	1
ぱどまえふ	3
ぱどまさんばゔぁ	4
ぱどめ	1
ぱどもあ	0
ぱなんぺ	2
ぱなーる	2
ぱにあぐあ	3
ぱにこ	1
ぱにす	1
ぱにっつぃ	2
ぱにゅあしす	3
ぱにゅるじゅ	2
ぱにん	1
ぱねった	2
ぱねらい	1
ぱのふすきー	3
ぱはまん	1
ぱばろってぃ	3
ぱぱきだす	3
ぱぱげーな	3
ぱぱげーの	3
ぱぱじょうじょお	3
ぱぱどぽりす	4
ぱぱどやなきす	4
ぱぱひるぽう	3
ぱぱらのす	3
ぱぱーと	2
ぱゔぃん	1
ぱぴあんと	3
ぱぴにあぬす	3
ぱぴにう	2
ぱぴーりうす	4
ぱぴろ	1
ぱふぁつぁい	1
ぱふぇっと	1
ぱふぬーちい	3
ぱふらゔぃー	3
ぱふれゔぃー	3
ぱふれんこ	3
ぱぶちゃぶ	1
ぱぶぶ	1
ぱぶろ	1
ぱぶろふ	1
ぱゔろふ	1
ぱぶろぶな	3
ぱーゔろゔな	4
ぱぶろば	0
ぱぶろわ	0
ぱゔろわ	0
ぱべる	1
ぱゔぉりーに	3
ぱぽん	1
ぱぽー	1
ぱみー	1
ぱみーな	2
ぱむ	1
ぱやの	1
ぱらくっき	3
ぱらくらま	3
ぱらけるすす	3
ぱらしゅ	1
ぱらじゃーのふ	3
ぱらすけぼぽらす	5
ぱらすと	2
ぱらすらまん	4
ぱらせるさす	3
ぱらたい	1
ぱらだいん	3
ぱらっち	2
ぱらつきー	2
ぱっらでぃうす	4
ぱっらーでぃお	3
ぱらでぃお	2
ぱらーでぃお	2
ぱらでぃーの	3
ぱらふ	1
ぱらふたす	3
ぱらみでゅーす	4
ぱらむ	1
ぱらめーでーす	3
ぱらものわ	3
ぱらるちゅく	3
ぱられるでぃしゅ	4
ぱらん	1
ぱらんす	1
ぱりしゅ	1
ぱりじす	1
ぱりそっと	3
ぱりわる	1
ぱるこす	1
ぱるじふぁる	3
ぱるせばーる	4
ぱるた	1
ぱるでゅー	1
ぱるとろう	4
ぱるとろー	4
ぱるど	1
ぱるねびく	3
ぱるばーす	3
ぱるぱてぃーん	4
ぱるふぃあーな	4
ぱるふぃー	1
ぱるまるすとん	4
ぱるみじゃにーの	5
ぱるめいろ	3
ぱるめにあぬす	5
ぱるめにです	3
ぱるらんて	3
ぱるろ	1
ぱれすかや	3
ぱれーすかや	4
ぱれすとりーな	5
ぱれつきー	2
ぱれです	1
ぱれんばーぐ	4
ぱれーと	2
ぱれいら	2
ぱろ	1
ぱろまー	1
ぱろみです	3
ぱわーず	1
ぱんくはーすと	4
ぱんくらーと	4
ぱんぐぼーん	4
ぱんこすと	3
ぱんさ	1
ぱんすこふ	3
ぱんせ	1
ぱんたぐりゅえる	4
ぱんたー	1
ぱんちぇん	1
ぱんちゃーてぃち	3
ぱんちゃーなな	3
ぱんちょ	1
ぱんつぁ	1
ぱんつぃる	1
ぱんてれい	1
ぱんてれいもん	4
ぱんとりあーの	5
ぱんとん	1
ぱんどぅーかばや	5
ぱんどら	1
ぱんどるふぃーに	5
ぱんふぃろ	0
ぱんふぃろす	1
ぱんふぃーり	3
ぱんるゔぇ	0
ぱーかーぼうるず	5
ぱーきす	1
ぱーきん	1
ぱーきんす	1
ぱーきんず	1
ぱーきんすん	3
ぱーきんそん	3
ぱーくす	1
ぱーくまん	1
ぱーしぇ	1
ぱーしばる	1
ぱーしゔぁる	1
ぱーしゅーす	3
ぱーしー	1
ぱーじぇ	1
ぱーじたー	1
ぱーせばる	1
ぱーせふぉにー	4
ぱーそんず	1
ぱーぞう	0
ぱーた	1
ぱーちぇく	1
ぱーちゅっく	3
ぱーてぃんとん	3
ぱでぃー	1
ぱーでぃ	1
ぱーとうぃ	1
ぱーとのい	3
ぱーとりっじ	4
ぱーばてぃ	3
ぱーゔぃす	1
ぱーふぇってぃ	3
ぱーふぇってぃー	3
ぱゔぇる	1
ぱーゔぇる	1
ぱーぺちゅあ	3
ぱーぺん	1
ぱーまん	1
ぱーまー	1
ぱーやーび	3
ぱーりん	1
ぱーるすうぇいぐ	5
ぱーるばてぃー	4
ぱーるみゅったー	4
ぱーれい	1
ぱーれー	1
ひお	1
ひえろにむす	4
ひえろにゅむす	4
ひえん	1
ひかい	1
ひかるど	2
ひぎぬす	1
ひぎんず	1
ひぎんそん	2
ひくそん	1
ひくまと	2
ひくまはんと	4
ひげいち	2
ひげつじ	0
ひこいます	3
ひこほほでみ	4
ひしゃむ	1
ひしゃーむ	2
ひじぇ	1
ひずる	1
ひぜきあ	2
ひぜきや	2
へぜきあ	0
ひっくす	1
ひつだー	1
ひっちん	1
ひっぱるこす	4
ひっぱー	1
ひっぽたれす	4
ひっぽだめいあ	5
ひっぽめねす	4
ひっぽりゅとす	4
ひでぃ	1
ひでぃんぐ	1
ひでっち	2
ひとたん	1
ひとみん	1
ひどる	1
ひねーる	2
ひのお	0
ひばすひめ	3
ひふぁん	1
ひぺ	1
ひぼこ	1
ひっぽくらてす	5
ひっぽくらてーす	6
ひぽくらてす	4
ひむめるばーぐ	5
ひむらー	1
ひむん	1
ひめねす	1
ひめーな	2
ひゅうりっと	3
ひゅげいあ	2
ひゅすにー	1
ひゅねかー	1
ひゅぱてぃうす	3
ひゅぶねる	1
ひゅぺるむねすとら	6
ひゅぺーりおん	2
ひゅーぺりおん	3
ひゅらす	1
ひゅーいっしゅ	1
ひゅーうぃしゅ	1
ひゅごー	1
ひゅーごー	1
ひゅーすけん	1
ひゅーなーふぇると	5
ひゅーばーと	3
ひゅーぶなー	1
ひゅーぷなー	1
ひゅーむ	1
ひゅーらー	1
ひょんちょる	1
ひょんびん	1
ひょんまん	1
ひょーどる	1
ふょーどる	1
ふょーどろうぃっち	5
ふょーどろびち	4
ふょーどろゔぃち	4
ふょーどろふ	1
ひらしゅ	1
ひらむ	1
ひらりうす	3
ひらりおん	2
ひらりぃ	1
ひらりー	1
ひりあー	1
ひりあーど	3
ひりす	1
ひりやーど	3
ひりー	1
ひるがーす	3
ひるげんどるふ	5
ひるこ	1
ひるしゅ	1
ひるしゅすぷるんぐ	6
ひるしゅふぉーげる	4
ひるすと	2
ひるだ	1
ひるてぃ	1
ひるで	1
ひるでがると	4
ひるでがるど	4
ひるですはいまー	5
ひるでぶらんと	5
ひるどれす	3
ひるふぃがー	3
ふぃるふぃがー	3
ひるべる	1
ひるべると	3
ひるやーど	3
ひれら	1
ひろん	1
ひんぎす	1
ひんぐる	1
ひんでみっと	4
ひんでんぶるく	5
ひんでんぶるぐ	5
ひんとん	1
ひーがー	1
ひーすくりっふ	5
ひーすくりふ	4
ひーてぃ	1
ひーなん	1
ひーまん	1
ひーめら	1
ひーらす	1
ひーりー	1
ひーろん	1
びあぎお	0
ぴあじあ	2
びあす	1
びあずりー	2
びあずれー	2
びあっじ	2
びあじお	2
ゔぃあな	1
ゔぃあねい	1
ゔぃあねっろ	3
ゔぃあら	1
ゔぃあるとん	2
ゔぃあるど	2
びあるね	2
びあんき	2
びあんけし	2
びあんち	2
ゔぃあんぬ	2
びあーど	2
びうく	1
びうーる	2
ゔぃえいら	2
びえっと	2
ゔぃえっと	2
ゔぃえと	1
びえねー	1
びえの	1
ゔぃえの	1
びえり	1
ゔぃえり	1
ゔぃえる	1
びえるさ	2
びえろぶ	0
びえろゔ	0
びえんばにゅー	4
ゔぃえーと	2
ゔぃえーり	2
びおってぃ	2
ゔぃおらんた	3
びおらんて	3
ゔぃおらーど	3
びおれった	3
びおれーた	3
ゔぃおれった	3
びおんでぃ	2
ゔぃおーすと	2
ゔぃかりおす	2
ゔぃかりー	1
びがーず	2
びがーど	2
びきら	1
うぃぎょー	1
びぎょー	1
びくしー	1
ゔぃくせる	1
ゔぃくとあ	0
ゔぃくとらん	1
ゔぃくとりか	3
びくとりーた	4
ゔぃくとりーぬ	4
ういくとる	1
うゐくとる	1
ゔぃくとる	1
びくとる	1
びくとわーる	4
ゔぃくとわーる	4
びくとーる	3
ゔぃくとーる	3
ゔぃくらまーでぃてぃや	6
びくれん	1
びぐ	1
ゔぃぐりー	1
びぐるず	1
びぐろー	1
びご	1
ゔぃご	1
ゔぃごつきー	2
びごー	1
ゔぃごーる	2
びさーに	2
びしぇんて	2
びしにょーわ	3
ゔぃしにょーわ	3
ゔぃしねふすかや	5
ゔぃしゃうす	1
びしゃす	1
ゔぃしゃす	1
ゔぃしゅたり	1
びしゅぬ	1
ゔぃしゅぬ	1
ゔぃしゅゔぁなーた	4
ゔぃしょいあぬ	2
びしょふ	1
びしょーふ	1
ゔぃしんすきー	2
ゔぃしーにあ	2
ゔぃじぇ	1
びじぇい	1
びじゃい	1
びすかいの	3
びすこんてぃ	3
ゔぃすこんてぃ	3
ゔぃすっだ	2
びすまーく	3
びすまるく	3
びすわす	1
びせっと	2
びせんて	2
ゔぃせんて	2
ゔぃぜっとりー	2
ゔぃぜゔぁ	1
ゔぃぜわ	1
びぜー	1
びたかー	1
ゔぃためーる	3
ゔぃたり	1
ゔぃたーる	2
びだる	1
ゔぃだる	1
びだるふ	2
ゔぃだー	1
びだーよ	2
びちあん	1
ゔぃちーの	2
びっくれー	1
びっぐす	1
ゔぃっせ	1
ゔぃって	1
ゔぃっとまん	1
ゔぃっとりあ	3
ゔぃっとるず	1
ゔぃっとりお	3
ゔぃっとーりお	3
びっび	1
びつどる	1
びてぃえろ	0
ゔぃてぃえーる	3
びてぃー	1
ゔぃてりうす	2
ゔぃてるり	2
びでぃ	1
びです	1
びでら	1
うぃとげんしゅたいん	6
ゔぃとげんしゅたいん	6
ゔぃとせらく	3
ゔぃとり	1
ゔぃとるど	2
うぃとるうぃうす	4
びとー	1
ゔぃとー	1
ゔぃとーりお	2
びどぅか	1
びどうぇる	1
ゔぃどっく	1
ゔぃどゔず	1
びどー	1
ゔぃなたー	1
びなるしぶ	3
びなーど	2
ゔぃにぇす	1
びにしゃす	1
ゔぃにゃーる	2
ゔぃにー	1
びね	1
ゔぃねた	1
びねり	1
びねる	1
ゔぃのくろふ	3
ゔぃのぐらーどすきー	7
ゔぃのぐらーどふ	4
びのしゅ	1
びのーど	2
びはり	1
ゔぃゔぁ	1
びばりっじ	3
びゔぁりー	1
ゔぃゔぁるでぃ	2
ゔぃゔぁるど	2
びひとり	1
ゔぃひまん	1
ゔぃゔぃあな	0
ゔぃゔぃあーに	3
ゔぃゔぃあーぬ	3
びびえーな	3
ゔぃゔぃー	1
びふろすと	3
ゔはいゔす	1
ゔぃへるん	1
びべろ	1
ゔぃみー	1
びむ	1
ゔぃむ	1
ゔゃぜむすきー	3
ゔゃちぇすらふ	3
びゃるくり	1
びゃんばじゃぶ	3
びゃんばすれん	3
びゃーけ	1
びやんぶにゅー	4
ゔぃやーさ	2
ゔぃやーる	2
びゅあしゅ	1
びゅあっしゅ	1
びゅい	1
びゅいじーぬ	3
びゅいそにえーる	5
ゔゅいやーる	3
びゅしぇ	1
びゅしえーる	3
びゅっふぉん	1
びゅとーる	2
びゅふぇる	1
びゅふぉん	1
ぶっふぉん	1
ぴゅりだん	1
ばーじゃー	1
びゅるぎえーる	4
ゔゅるなー	1
ゔゅんしゅまん	3
びゅひなー	1
びゅーひなー	1
びゅろう	1
びゅーろ	1
びょるくまん	1
びょるね	1
びよるね	1
びょるん	1
びょん	1
びょーく	1
びよーく	2
ゔぃよ	1
びよるん	1
ゔぃよん	1
びよんせ	2
ゔぃらた	1
びらぬえば	3
びらる	1
びらるど	2
びらんく	2
ゔぃらんでる	2
ゔぃらーに	2
ゔぃらーね	2
ゔぃりあ	1
びりうす	1
びりえ	1
ゔぃりえ	1
ゔぃりかりおす	3
びりぎす	1
ゔぃりぎす	1
ゔぃりじぇるも	3
びりっち	2
びりゃ	1
ゔぃーりゃ	1
びりゃぬえば	3
びりやーず	3
ゔぃりやーず	3
ゔぃりりお	2
びりんがむ	2
びりんぐずりー	6
びるあうと	3
ゔぃるから	1
びるぎった	3
びるけ	1
びるげ	1
びるしあ	2
ゔぃるしゅ	1
ゔぃるしゅてったー	4
ゔぃるじにあ	3
びるぜん	1
ゔぃるたねん	3
ゔぃるでんぶるふ	5
ゔぃるとがんす	4
ゔぃるとーる	3
ゔぃるどらっく	4
ゔぃるにくす	3
ゔぃるぱりじ	3
ゔぃるぱーついす	5
ゔぃるぴあん	2
ゔぃるふりーと	4
びるふれっど	4
ゔぃるへみな	3
うぃるへるみーな	5
ゔぃるへるみな	4
うぃるへるむ	3
ういるへるむ	4
びるへるむ	3
ゔぃるへるむ	3
ゔいるへるむ	3
ゔゐるへるむ	3
びるぼ	1
ゔぃるぼゔぁ	0
びるぽわ	0
ゔぃるぽわ	0
ゔぃるむ	1
びるもーと	3
ゔぃれっと	1
びれら	1
ゔぃれら	1
びれる	1
ゔぃれるめ	2
びれんけん	2
びれんどら	2
びれーず	2
びろす	1
びろとー	1
ゔぃろれーし	3
びんがむ	1
びんきー	1
ゔぃんく	1
ゔぃんくらー	1
びんけるへふぉろばー	6
ゔぃんけるりーと	5
ゔぃんげると	3
びんす	1
ゔぃんす	1
びんすわんがー	4
びんず	1
びんずる	1
ゔぃんせんちお	3
ふぃんせんと	1
ゔぃんせんと	1
びんそん	1
ゔぃんそん	1
ゔぃんたー	1
びんつぃうす	3
びんちぇんぞ	3
ゔぃんちぇんぞ	3
ゔぃんちぇんつぃお	3
ゔぃんちぇんつぉ	3
ゔぃんちぇんて	3
ゔぃんてる	1
ゔぃんでっくす	3
ゔぃんでるばんと	5
びんと	1
びんどらんわれ	4
びんのっく	3
びんびさーら	4
びんふぉーど	3
びーあど	0
びーえるいー	5
ゔぃーく	1
びーげらん	1
ゔぃいげると	1
ゔぃーげる	1
ゔぃーげると	1
ゔぃーざー	1
びぃしゃんばる	3
ゔぃーぜる	1
ゔぃーぜん	1
ゔぃーぜんぐるんと	6
びーぜんたーる	5
ゔぃーぜんたーる	5
ゔぃーぜんふぇると	5
びーだーまん	3
びーちゃ	1
びーちゃむ	1
びーちゃー	1
ゔぃーつぉれく	3
びーてぃー	1
びーでるまん	3
びーとん	1
びーど	1
びっどる	1
びーどる	1
びーはん	1
びーばす	1
びーゔぁー	1
ゔぃーひぇると	4
びーふぇるど	3
ゔぃーぷけま	3
びーまん	1
ゔぃーらんと	1
ゔぃーらんど	1
びーるず	1
びーるぬーぶ	4
びーるーにー	3
ぴあさる	1
ぴあしょー	1
ぴあじぇ	1
ぴあず	1
ぴあそら	0
ぴあすん	1
ぴあそん	1
ぴあっく	1
ぴあふ	1
ぴあぽんと	3
ぴあり	1
ぴありー	1
ぴあーす	1
ぴあーず	1
ぴあーな	2
ぴあーゔぇ	2
ぴうす	1
ぴうすつき	3
ぴえと	1
ぴえとらがら	4
ぴえとろ	0
ぴえとろうすきー	6
ぴえるす	2
ぴえるろ	2
ぴえれ	1
ぴえれっと	3
ぴえろお	1
ぴえろーに	3
ぴえるはんばーと	6
ぴえーるはんばーと	7
ぴおっと	2
ぴかびあ	2
ぴかりんぐ	3
ぴかんだー	2
ぴかーど	2
ぴぐまりおん	3
ぴぐれっと	1
ぴぐー	1
ぴけんず	1
ぴこー	1
ぴこーん	2
ぴさろ	1
ぴさーの	2
ぴさーる	2
ぴしあす	1
ぴしゅぐりゅ	1
ぴしょわ	1
ぴしょん	1
ぴすけん	1
ぴすつぉふ	1
ぴすとりうす	4
ぴすとーら	3
ぴそ	1
ぴたごらす	3
ぴゅたごらす	3
ぴだる	1
ぴちでぐあ	3
ぴちゅくのふ	3
ぴちょん	1
ぴっかりんぐ	4
ぴくうぃっく	3
ぴっころ	0
ぴっころーみに	4
ぴったー	1
ぴっちにーに	4
ぴっちおーね	4
ぴっちょーね	3
ぴっちーに	3
ぴっつぃっろ	2
ぴっつぉにあ	0
ぴってぃ	1
ぴっぴ	1
ぴっぺん	1
ぴて	1
ぴとゔらのふ	4
ぴとら	1
ぴとる	1
ぴとー	1
ぴな	1
ぴなーす	2
ぴなーる	2
ぴにょー	1
ひねを	1
ぴんねお	1
ぴねを	1
ぴねがん	1
ぴねら	1
ぴねる	1
ぴのこ	1
ぴのちぇっと	3
ぴのちぇと	1
ぴぱ	1
ぴぴん	1
ぴぶん	1
ぴぷりす	1
ぴむ	1
ぴゃたこふ	1
ぴや	1
ぴゅあふぉい	1
ぴゅい	1
ぴゅいぐ	1
ぴゅいぜぎゅーる	4
ぴゅいふぉるか	3
ぴゅえっしぇ	2
ぴゅえっしゅ	2
びゅえる	1
ぴゅらです	1
ぴゅりす	1
ぴゅりふぁいあ	3
ぴゅーていあ	3
ぴゅらむす	1
ぴゅーらもす	3
ぴゅりっつぁー	2
ぴゅりっつあー	2
ぴゅりつぁー	2
ぴゅーりっつぁ	3
ぴゅーりっつぁー	3
ぴゅーりっつあー	3
ぴゅーりつぁー	3
ぴょーとる	1
ぴらいん	2
ぴらてぃす	1
ぴらていす	3
ぴらてす	1
ぴらと	1
ぴらねーじ	3
ぴらんでっろ	4
ぴらんでるろ	4
ぴらーと	2
ぴらーる	2
ぴりす	1
ぴりにゃーく	3
ぴるけ	1
ぴるけー	1
ぴるろ	1
ぴれんぬ	2
ぴれーす	2
ぴろっり	2
ぴんかす	1
ぴんかー	1
ぴんかーとん	3
ぴんけっと	1
ぴんす	1
ぴんすけ	1
ぴんせんと	1
ぴんたしるご	4
ぴんたー	1
ぴんだろす	1
ぴんちょん	1
ぴんゆー	1
ぴーうぃっつ	3
ぴーこ	1
ぴーされふ	1
ぴーしぇゔぁりー	4
ぴいたあず	1
ぴーたーず	1
ぴーたーせん	3
ぴーたーすん	3
ぴーたーそん	3
ぴーてる	1
ぴーてるすぞーん	6
ぴーに	1
ふぃにゅーす	2
ぴーの	1
ぴーび	1
ぴーびー	3
ぴーぼ	1
ぴーゔぉ	1
ぴーぼでい	3
ぴーりーす	1
ふぁいあーぶらす	5
ふぁいさる	1
ふぁいしゃる	1
ふぁいす	1
ふぁいず	1
ふぁいぜる	1
ふぁいつ	1
ふぁいにんがー	3
ふぁいふぁー	1
ふぁいろ	1
ふぁいんでる	2
ふぁいんまん	2
ふぁうじー	1
ふぁうすてぃーの	4
ふぁうすと	1
ふあうすと	1
ふはうすと	1
ふぁうすとぅす	3
ふぁうぬす	1
ふぁうらー	1
ふぁうるず	1
ふぁおらいん	4
ふぁくそん	1
ふぁくんど	2
ふぁげ	1
ふぁしる	1
ふぁじぇーえふ	2
ふぁぢぇーえふ	2
ふぁじゅろーる	3
ふぁすてんばーぐ	5
ふぁすとるふ	3
ふぁずら	1
ふぁずる	1
ふぁぜかしゅ	1
ふぁたふ	1
ふぁたーど	2
ふぁっぐ	1
ふぁけってぃ	2
ふぁっちゃー	1
ふぁっつ	1
ふぁっつぃーに	3
ふぁてぃしゃらだ	3
ふぁてぃは	1
ふぁでぃうす	1
ふぁでぃが	1
ふぁなとーく	3
ふぁなんです	2
ふぁにせろ	0
ふぁにゅ	1
ふぁにんぐ	1
ふぁぬっち	2
ふぁのん	1
ふぁはど	1
ふぁばーじゅ	2
ふぁゔぁーる	2
ふぁびあーの	3
ふぁびあんぬ	3
ふぁびえんぬ	3
ふぁびお	1
ふぁふぁーど	2
ふぁぶりきうす	4
ふぁぶりちぅす	4
ふぁぶりす	1
ふぁぶりつぃお	3
ふぁゔれ	1
ふぁへど	1
ふぁべる	1
ふぁまどーる	3
ふぁむふん	1
ふぁやど	1
ふぁらー	1
ふぁらかん	1
ふぁらす	1
ふぁらだ	1
ふぁらてぃ	1
ふぁらでぃ	1
ふぁらでー	1
ふぁらぶんど	3
ふぁらる	1
ふぁらーた	2
ふぁらーり	2
ふありぐーる	5
ふぁりっど	1
ふぁりゃ	1
ふぁりーだ	2
ふぁりーど	2
ふぁる	1
ふぁるかん	1
ふぁるがーにー	3
ふぁるぐ	1
ふぁるけ	1
ふぁるけのう	3
ふぁるけんはいむ	5
ふぁるさーり	3
ふぁるど	1
ふぁるねーぜ	3
ふぁるまん	1
ふあるまん	1
ふぁるんはーげん	4
ふぁるーく	2
ふぁれる	1
ふぁれーず	1
ふぁろうえい	1
ふぁろっと	1
ふぁろん	1
ふぁろーず	1
ふぁわず	1
ふぁんくす	1
ふぁんずわーす	4
ふぁんたしあ	3
ふぁんつ	1
ふぁんてぃーぬ	3
ふぁんと	1
ふぁんにすてるろーい	7
ふぁんふぁーに	3
ふぁんべく	1
ふぁーがす	1
ふぁーがそん	1
ふぁーがでりっく	5
ふぁーがる	1
ふぁーたまりい	3
ふぁーてぃま	1
ふぁーでぃなんど	4
ふぁーにぇす	3
ふぁーばー	1
ふぁーぶ	1
ふぁーぶる	1
ふぁーみんがー	3
ふぁーらー	1
ふあーら	1
ふぁーらーびー	3
ふぁーると	1
ふぁーれは	1
ふぁーれん	1
ふぁーれんす	1
ふぁーれんはいと	5
ふぁーん	1
ふぁーんず	1
ふぁーんずわーす	5
ふあな	1
ふあれす	1
ふぃあめった	4
ふぃいだ	1
ふぃえらもすか	4
ふぃえるつ	2
ふぃえん	1
ふぃえーゔる	2
ふぃおな	1
ふぃおにす	1
ふぃおりーな	3
ふぃおるっち	3
ふぃおれろ	2
ふぃおれんつぁ	3
ふぃおれんつぃーの	5
ふぃおれ	1
ふぃがろ	1
ふぃがーる	2
ふぃぎす	1
ふぃぐる	1
ふぃぐるす	1
ふぃげれす	1
ふぃげいれど	2
ふぃげいれーど	4
ふぃげれーど	3
ふぃげーらす	2
ふぃげーれす	2
ふぃしゅらー	1
ふぃすく	1
ふぃすけ	1
ふぃせる	1
ふぃそーれ	2
ふぃぞー	1
ふぃちーね	2
ふぃちーの	2
ふぃしゃー	1
ふぃっしゃー	1
ふぃつしゃー	1
ふぃったりんぐ	4
ふぃっち	1
ふぃっつしもんず	4
ふぃっつぱとりっく	6
ふぃっとろっく	4
ふぃっとん	1
ふぃっぱ	1
ふぃつ	1
ふぃでぃる	1
ふぃでりあ	2
ふぃでりお	3
ふぃでる	1
ふぃどゔぃ	1
ふぃな	1
ふぃなえうす	3
ふぃなるし	2
ふぃにあん	1
ふぃにでぃ	1
ふぃにゅーかん	2
ふぃにょん	1
ふぃにぃ	1
ふぃにい	1
ふぃにー	1
ふぃーにー	1
ふぃねがん	1
ふぃばー	1
ふぃひて	1
ふぃふて	1
ふいひて	1
ふひひて	2
ふぃびひ	1
ふぃふぃ	1
ふぃふぃーぬ	2
ふぃぼ	1
ふぃぼす	1
ふぃぼなっち	3
ふぃよーる	2
ふぃらうとぅす	3
ふぃらでるふぁす	4
ふぃられてす	3
ふぃられーて	3
ふぃりえる	1
ふぃりおり	0
ふぃりおー	1
ふぃりす	1
ふぃりっぱ	1
ふぃりぱ	1
ぴりぽ	1
ふぃりっぽ	1
ふぃりぽ	1
ふぃりっぽす	1
ふぃりぽす	1
ふぃりとふ	1
ふぃりぱい	1
ふぃりぴえわ	3
ふぃりぴーぬ	3
ふぃりぷせん	2
ふぃりべると	3
ふぃりぽん	1
ひりもあ	0
ふぃりもあ	0
ふぃりゅーびん	2
ふぃりん	1
ふぃるすこふ	3
ふぃるち	1
ふぃるばす	1
ふぃるぽっつ	3
ふぃるみあーん	4
ふぃるもあ	0
ぴれもん	1
ふぃれもん	1
ふぃろすとらとす	5
ふぃろぽのす	3
ふぃろめな	0
ふぃろん	1
ふぃんく	1
ふぃんくす	1
ふぃんくばいなー	4
ふぃんけるしゅたいん	6
ふぃんけるすていん	6
ふぃんちゃー	1
ふぃんでん	1
ふぃんどほーん	4
ふぃんどれー	1
ふぃんらい	1
ふぃんりー	1
ふぃんれい	1
ふぃーちん	1
ふぃーてぃんぐほふ	5
ふぃーどらー	1
ふぃーに	1
ふぃーはん	1
ふぃーび	1
ふぃーびー	1
ふぃーりくす	3
ふぃーりっくす	3
ふぃーりょ	1
ふぃーろ	1
ふいえ	1
ふいおの	0
ふうすけ	1
ふぇあべーく	3
ふぇいぎん	1
ふぇいげん	1
ふぇいすてる	1
ふぇいでぃあす	1
ふぇいと	1
ふぇいとーざ	3
ふぇいどん	1
ふぇいどー	1
ふぇいひー	1
ふぇいぶ	1
ふぇいもん	1
ふぇいらん	1
ふぇいん	1
ふぇおどる	1
ふぇけて	1
ふぇすててぃくす	4
ふぇすとぅす	1
ふぇすとりん	1
ふぇせんにうす	4
ふぇだーず	1
ふぇっしゅ	1
ふぇっつぁー	1
ふぇつぁー	1
ふぇっれり	1
ふぇてぃ	1
ふぇでらりすつ	4
ふぇでらー	1
ふぇでりこ	2
ふぇでりち	2
ふぇどれんか	3
ふぇどれんこ	3
ふぇにす	1
ふぇにもあ	0
ふぇにんぐ	1
ふぇぬろん	1
ふぇのろさ	0
ふえのろさ	0
ふぇゔぁー	1
ふぇひなー	1
ふぇぶりー	1
ふぇみ	1
ふぇみな	1
ふぇらがも	0
ふぇらすこふ	3
ふぇらん	1
ふぇらんて	2
ふぇらんでぃす	2
ふぇらーた	2
ふぇりしあ	2
ふぇりしあん	2
ふぇりしてぃ	2
ふぇりす	1
ふぇりっぐ	1
ふぇりぺ	1
ふぇりーぺ	2
ふぇりーちぇ	2
ふぇるかー	1
ふぇるこー	1
ふぇるすたー	2
ふぇるぜんしゅたいん	6
ふぇるつまん	1
ふぇるじなんど	3
ふぇるでぃなん	3
ふぇるでぃなんと	3
ふぇるでぃなんど	4
ふぇるでんくらいす	6
ふぇるどしゅたいん	5
ふぇるどまん	1
ふぇるなんでる	3
ふぇるなー	1
ふぇるねる	1
ふぇるはと	2
ふぇるびーすと	3
ふぇるま	1
ふぇるまー	1
ふぇるみん	1
ふぇるめーる	3
ふぇるれる	1
ふぇるろ	1
ふぇるっちお	2
ふぇるーちょ	2
ふぇれ	1
ふぇれいら	2
ふぇれすとれーて	5
ふぇれってぃ	2
ふぇれなんと	3
ふぇれろ	1
ふぇれーろ	2
ふぇれんつ	2
ふぇれーる	2
ふぇんだん	1
ふぇんでぃ	1
ふぇんと	1
ふぇんとん	1
ふぇんなー	1
ふぇんの	1
ふぇーじか	1
ふぇだー	1
ふぇーどる	1
ふぇーにゃ	1
ふぇーりんぐ	1
ふえーりんぐ	0
ふぇーれん	1
ふえんてす	2
ふぉあど	1
ふぉあもすと	3
ふぉい	1
ふぉいあまん	1
ふぉいえるばっは	5
ふぉいぞん	1
ふぉいつ	1
ふぉいひとゔぁんがー	5
ふぉうり	1
ふぉえ	1
ふぉうがてぃ	3
ふぉがてぃ	1
ふぉがーてぃ	2
ふぉきん	1
ふぉくすとん	2
ふぉくそん	1
ふぉげっとふる	4
ふぉこにえ	2
ふぉごりーの	3
ふぉしーよん	2
ふぉすかり	0
ふぉすかれり	3
ふぉすきゅいる	3
ふぉすこ	1
ふぉすたー	1
ふぉっかー	1
ふおつかー	1
ふぉっくすうぇる	5
ふぉっしー	1
ふぉっす	1
ふぉっせんでん	3
ふぉってぃ	1
ふぉてぃおす	1
ふぉびあ	1
ふぉぺる	1
ふぉみん	1
ふぉらん	1
ふぉらー	1
ふぉーらー	1
ふぉりゅてゅな	0
ふぉるてゅなてゅす	4
ふぉるかー	1
ふぉるかーど	3
ふぉるがし	1
ふぉるけと	0
ふおるけると	3
ふぉるこ	1
ふぉるごれ	0
ふぉるしゅびる	1
ふぉるしー	1
ふぉるじ	1
ふぉるじぇ	1
ふぁるすたっふ	4
ふぁるすたふ	3
ふぉるすたっふ	4
ふぉるすたー	2
ふぉるすてる	3
ふぉるすと	2
ふぉるそむ	1
ふぉるそん	1
ふぉるちゅなーと	4
ふぉるつぁーの	3
ふぉるつこぐ	3
ふぉるてぃえ	0
ふぉるてぃーの	3
ふぉるとぅに	0
ふぉるとぅにー	2
ふぉるとぅん	1
ふぉるとぅーな	3
ふぉるなちぁーり	5
ふぉるなってぃ	3
ふぉるはると	3
ふぉるへる	1
ふぉるらん	1
ふぉるりー	1
ふぉれす	1
ふぉれすちえ	3
ふぉれすと	1
ふぉれっと	1
ふおれー	1
ふぉろねうす	3
ふぉろん	1
ふぉんす	1
ふぉんすねくす	4
ふぉんせか	0
ふぉんせーか	3
ふぉんたねる	3
ふぉんたねーじ	4
ふぉんだ	1
ふぉんてぃ	1
ふぉんてーん	3
ふぉんゔぃーじん	3
ふぉんびーれふぇると	6
ふぉんぶりゅーぬ	4
ふぉーがる	1
ふぉーくと	1
ふぉーくなー	1
ふぉーくまん	1
ふぉーぐらー	1
ふぉーげるゔぁいで	5
ふぉーさいす	3
ふぉーすきん	1
ふぉーずまん	1
ふぉーせっと	3
ふぉーてゅなと	3
ふぉーてぃんぶらす	5
ふぉーてすきゅー	3
ふぉーとぅなーと	4
ふぉーとりぇ	3
ふぉーぶす	1
ふぉーぶず	1
ふぉーゔる	1
ふぉーゔぇる	1
ふぉーまん	1
ふぉーみん	1
ふぉーらんど	1
ふぉーるこん	1
ふぉーれ	1
ふかきょん	1
ふぎん	1
ふくうぇ	1
ふくべえ	1
ふさいん	2
ふさーく	2
ふざいふぁ	2
ふじおみ	2
ふじかん	0
ふすか	1
ふすと	1
ふせいに	2
ふせうぉろじすきー	5
ふぜーる	2
ふたぺあ	3
ふだいる	2
ふっがー	1
ふっける	1
ふっさーる	3
ふっしぇる	1
ふっち	1
ふっちぇんろいたー	5
ふってん	1
ふっふーる	3
ふつぬし	2
ふどーる	2
ふなもり	2
ふにぺろ	0
ふにゃでぃ	1
ふはいゔえる	4
ふはんねる	2
ふひんがる	2
ふびらい	2
ふべると	2
ふまいよ	2
ふむでぃ	1
ふゅるべーる	3
ふゅーずり	1
ふゅーてる	1
ふゅーりひ	1
ふらいえんふぇるす	6
ふらいばーぐ	4
ふらいぷりれく	4
ふらごなーる	4
ふらっど	2
ふらっふ	2
ふらとこふ	3
ふらにー	1
ふらゔぁ	1
ふらゔぁーちぇく	3
ふらびお	2
ふらーびお	2
ふらーゔぃお	2
ふらぶすうぇっと	5
ふらまりおん	3
ふらむすちーど	5
ふらめる	1
ふらりー	1
ふらんきってぃ	4
ふらんくす	2
ふらんくすとん	4
ふらんくふぁーたー	5
ふらんくる	2
ふらんぐーりす	4
ふらんけ	2
ふらんける	2
ふらんけん	2
ふらんけんしゅたいん	7
ふらんけんたーる	6
ふらんしすくす	4
ふらんしーな	4
ふらんしーぬ	4
ふらんちぇすか	4
ふらんつぃすか	4
ふらんちぇすこ	4
ふらんちしぇく	4
ふらんちーしぇっく	6
ふらんてぃしぇく	3
ふらんどらん	2
ふらんどりー	2
ふらーとん	2
ふらーど	2
ふりう	1
ふりうす	1
ふりえーる	3
ふりお	1
ふりじうす	3
ふりす	1
ふりすと	2
ふりぜる	1
ふりーぜる	2
ふりっく	1
ふりっぐ	2
ふりっけ	2
ふりっしゅ	1
ふりっちー	2
ふりっとうぃっく	5
ふりどり	0
ふりねつと	3
ふりゅ	1
ふりん	1
ふりんか	2
ふりんだっく	4
ふりんだーす	4
ふりーあんす	2
ふりーだ	2
ふりーだん	2
ふりーでまん	2
ふりーでりーけ	5
ふりーとうっど	5
ふりーどきん	4
ふりーどまん	2
ふりーどらいひ	5
ふりーどらんだー	5
ふりーどらんど	5
ふりーどりくそん	5
ふりーとりひ	5
ふりーどりっひ	5
ふりーどれー	2
ふりーまん	2
ふるけ	1
ふるしちょふ	3
ふゅるじゃんす	1
ふるっさー	2
ふるとゔぇんどらー	4
ふるとん	1
ふるにえ	2
ふーるにえ	3
ふるびっつ	3
ふるびー	1
ふるぶらいと	4
ふるべっき	3
ふるろってぃ	3
ふるーのー	2
ふるーりー	2
ふらいや	2
ふれいあ	2
ふれいざー	2
ふれいゔぃん	2
ふれきじっひ	4
ふれきすなー	3
ふれざー	2
ふれちぇっと	3
ふれーちぇっと	4
ふれっぎ	2
ふれっちゃー	2
ふれっどばーぐ	5
ふれっどぼーれ	5
ふれでがー	3
ふれでりか	3
ふれでりくそん	4
ふれでりっき	4
ふれでりく	3
ふれでりっち	4
ふれにけん	2
ふれにっく	3
ふれねる	1
ふれぶにこふ	4
ふれべく	1
ふれみんぐ	2
ふれむ	1
ふれるす	2
ふれれすびっぐ	5
ふれんしい	2
ふれんつ	2
ふれんつぇる	2
ふれんつひぇん	5
ふれんりー	2
ふれーげ	2
ふれーざー	2
ふれーじー	2
ふれーだー	2
ふれーどほるむ	5
ふれーべる	2
ふれーりく	2
ふれーりっひ	4
ふれーりひ	4
ふろいす	2
ふろいてぃーるす	4
ふろいでんたーる	6
ふろいでんばーがー	6
ふろいや	2
ふろいらん	2
ふろいんどりーぶ	6
ふろき	1
ふろしんがむ	3
ふろど	1
ふろね	1
ふろびっしゃー	3
ふろおべえる	4
ふろべーる	3
ふろーべーる	4
ふろぺーる	3
ふろまんたん	3
ふろみん	2
ふろらいん	3
ふろりあに	3
ふろりさん	2
ふろりぞーん	4
ふろりど	0
ふろりな	0
ふろりもんど	4
ふろりー	1
ふろれんてぃーの	5
ふろわさーる	4
ふろんだ	2
ふろーで	2
ふろーね	2
ふろーべる	2
ふろらん	1
ふろーらん	2
ふろーりあん	2
ふろーりー	2
ふろれんす	2
ふろーれんとす	4
ふわいしゅ	2
ふわーりずみー	4
ふんぐーろ	3
ふんでるとわっさー	6
ふんでるとゔぁっさー	6
ふんぱーでぃんく	5
ふんぱーでぃんぐ	5
ふんべるとぅす	3
ふむぼると	3
ふんぼると	1
ふんめる	1
ふーかー	1
ふーく	1
ふーけ	1
ふーご	1
ふーごー	1
ふうしぇ	1
ふーしぇ	1
ふーでんべるく	4
ふーでんべるぐ	5
ふーと	1
ふーなー	1
ふーなーん	3
ふーにこふ	3
ふーの	1
ふーばー	1
ふーゔぁ	1
ふーゔぁー	1
ふーばーと	3
ふーぱー	1
ふーぷす	1
ふーべると	1
ふーべるまん	4
ふーらる	1
ふーりがー	1
ぶあかーお	3
ぶあまん	2
ぶあるき	2
ぶいえ	1
ぶいこふ	1
ゔゅいゆふろわ	4
ゔいよ	1
ぶいるく	1
ぶぃーる	2
ぶえなてろ	3
ぶえの	1
ぶぇるうぃるげん	4
ぶおなるろーてぃ	5
ぶおる	1
ぶおんたれんてぃ	5
ぼんたれんてぃ	4
ぶからん	1
ぶきこー	1
ぶきゃなん	1
ぶくちん	1
ぶこふすきー	3
ぶこびっち	3
ぶさるでる	3
ぶしぇった	2
ぶしぇーず	2
ぶしゃーど	2
ぶしゅれ	1
ぶじゅつ	1
ぶじゅわ	1
ぶじょんぬい	2
ぶすけ	1
ぶすねる	1
ぶすーん	2
ぶずがーりん	3
ぶぞわじろん	4
ぶぞーに	2
ぶたえもん	0
ぶだちんが	3
ぶちき	1
ぶっくすてぃゔぁー	5
ぶっくすてふーで	6
ぶっしゅねる	1
ぶっしい	1
ぶっだ	1
ぶっだごーさ	4
ぶっちゃーと	3
ぶっちゃーど	3
ぶっでんぶろーく	6
ぶっと	1
ぶふぉん	1
ぶっふはいむ	4
ぶっふばると	4
ぶてれじ	2
ぶでぃん	1
ぶでるびちゔぃり	4
ぶとなー	1
ぶとろす	1
ぶどり	1
ぶにゅえる	1
ぶはーりん	2
ぶはーりー	2
ゔふ	1
ぶふとぅりー	1
ぶふなー	1
ぶぶあん	1
ぶぶのわ	0
ぶぶのーわ	3
ぶみん	1
ぶらいあな	2
ぶらいあんと	2
ぶらいす	2
ぶらいそん	2
ぶらいでんばは	4
ぶらいな	2
ぶらいまりー	2
ぶらいゆ	2
ぶらいんだー	3
ぶらうぇる	1
ぶらうど	2
ぶらうにんぐ	2
ぶらうねる	2
ぶらうひっちゅ	4
ぶらうりお	3
ぶらうわー	2
ぶらうんと	3
ぶらえると	3
ぶらおん	2
ゔらくす	1
ぶらくすとん	3
ぶらくとん	2
ぶらしう	1
ぶらしお	2
ぶらじうす	3
ぶらじぇんぬい	3
ゔらじすらふ	4
ゔらじーみる	3
ゔらじーみろゔぃち	6
ぶらすーる	3
ぶらず	1
ぶらぜるとん	3
ゔらだん	1
ぶらっきー	2
ぶらっくうぇる	5
ぶらっくそーん	5
ぶらっぐ	2
ぶらっぐす	2
ぶらっさい	2
ぶらっさんす	2
ぶらっさーる	4
ぶらっしー	2
ぶらっすーる	4
ぶらっちふぉーど	5
ぶらってん	2
ぶらっと	2
ぶらっどふぉーど	5
ぶらっどべり	5
ぶらっどりー	2
ぶらっどれー	2
ぶらてぃんが	3
ゔらでぃすらふ	4
ゔらでぃすらゔ	4
ゔらでぃみあ	3
ゔらでぃーみる	3
ぶらと	1
ゔらど	1
ぶらなー	1
ぶらにがん	3
ぶらにく	1
ぶらのうすきー	3
ぶらゔぁつきー	4
ぶらぴ	0
ぶらふぃっと	3
ぶらふまだった	5
ぶらべ	1
ゔらまんく	3
ぶらむ	1
ぶらむえる	2
ぶらむきん	3
ぶらもん	1
ぶらよびっち	4
ぶられい	1
ぶらんぎえ	2
ゔらんくす	2
ぶらんくーし	4
ぶらんこゔぁん	2
ぶらんしぇっと	2
ぶらんしょ	2
ぶらんすこむ	4
ぶらんすふぃーるど	5
ぶらんずふぃーるど	5
ぶらんすん	2
ぶらんそん	2
ぶらんてぃんぐ	2
ぶらんでぃす	2
ぶらんです	3
ぶらんでぃばっく	5
ぶらんでーじ	4
ぶらんとん	2
ぶらんどる	2
ぶらんだん	2
ぶらんどん	2
ぶらーえ	2
ぶらーが	2
ぶらーとふぃっしゅ	5
ぶらーむす	2
ぶりあ	1
ぶりあな	0
ぶりあり	2
ぶりあん	1
ぶりあんな	3
ぶりぎって	3
ぶりくせん	2
ぶりげっと	3
ぶりざん	1
ぶりじた	2
ぶりじっと	3
ぶりす	1
ぶりすこえ	3
ぶりせ	1
ぶりたにきゅす	4
ぶりたにくす	4
ぶりたん	1
ぶりっかー	2
ぶりくまん	2
ぶりっくまん	2
ぶりっくりん	2
ぶりっぐす	2
ぶりっぐず	2
ぶりっげ	2
ぶりひどー	2
ぶりふとゔぁー	3
ゔりむと	2
ぶりむほーる	4
ぶりや	1
ぶりるあん	2
ぶりゅいえーる	4
ぶりゅぎえーる	4
ぶりゅそろ	0
ぶりゅっひゃー	2
ぶりゅっへん	2
ぶりゅね	1
ぶりゅーね	2
ぶりゅのふ	1
ぶりゅらーる	3
ぶるーわー	2
ぶりゅんひるで	4
ぶりゅんひるど	4
ぶりゅー	1
ぶりゅーげる	2
ぶりゅーそふ	2
ぶりゅーな	2
ぶりゅーにんぐ	2
ぶりゅーる	2
ぶりゅーわ	2
ぶりる	1
ぶりれすれいぺる	5
ぶりんじょるふそん	5
ぶりんなー	2
ぶるいゆ	2
ぶるうぃんくる	3
ぶるえっと	3
ぶるがん	1
ぶるきや	0
ぶるぎば	3
ぶるくまいやー	4
ぶるっくまいやー	5
ぶるくみゅらー	4
ぶるじおらす	4
ぶるじゃなぜ	3
ぶるすてゅん	2
ぶるせ	1
ぶるたす	1
ぶるちゃっく	3
ぶるちゅらーぜ	4
ぶるっける	2
ぶるっせ	2
ぶるで	1
ぶるでゅー	1
ぶるとまん	1
ぶるなー	1
ぶるねってぃ	3
ぶるねっと	3
ぶるねる	1
ぶるねっれすき	5
ぶるねれすき	4
ぶるねろ	0
ぶるのんゔぃーゆ	5
ぶるばき	0
ぶるばた	2
ゔるぴうす	3
ゔるふ	1
ゔるふりつきー	4
ぶるぶりす	3
ぶるむ	1
ゔるむ	1
ぶるめんさる	3
ぶるらこふ	3
ぶるらこーわ	4
ぶるらつきー	3
ぶるんす	2
ぶるんとらんと	2
ぶるんねん	2
ぶるんのー	2
ぶるんゔぁん	2
ぶるんふぇるす	4
ぶるーい	2
ぶるーえっと	4
ぶるーすたいん	5
ぶるーすと	2
ぶるーせんどーふ	6
ぶるーどーん	4
ぶるーな	2
ぶるーなー	2
ぶるーに	2
ぶるーにい	2
ぶりゅの	1
ぶりゅーの	2
ぶるーの	2
ぶるーべっく	4
ぶるーむばーく	5
ぶるーむばーぐ	5
ぶるーむふぃーるど	5
ぶるーんじー	2
ぶれいきー	2
ぶれいくすたーず	5
ぶれいくゆにー	5
ぶれいす	2
ぶれいず	2
ぶれいでぃ	2
ぶれいでぃー	2
ぶれーでぃ	2
ぶれげ	1
ぶれげー	1
ぶれごゔぃち	3
ぶれじんすきー	3
ぶれすろー	2
ぶれずなん	2
ぶれぞ	1
ぶれっけんりっじ	6
ぶれっそん	2
ぶれっちゃー	2
ぶれっと	2
ぶれっひ	2
ぶれどりん	2
ぶれなっく	2
ぶれなん	2
ぶれなー	1
ぶれひと	2
ぶれむなー	2
ぶれりお	2
ぶれんすてっど	5
ぶれんたの	2
ぶれんたーの	4
ぶれんだ	2
ぶれんでる	2
ぶれんどん	2
ぶれいくにー	2
ぶれーくにー	2
ぶれいざー	2
ぶれーざー	2
ぶれーず	2
ぶれーたん	2
ぶれーでん	2
ぶれーまー	2
ぶろあ	1
ぶろい	1
ぶろいやー	2
ぶろいやーど	4
ぶろきゃびちゅす	4
ぶろくすとん	3
ぶろこびっち	4
ぶろうこう	2
ぶろこう	1
ぶろこー	1
ぶろしゃす	2
ぶろすなん	2
ぶろっか	2
ぶろっくまん	2
ぶろっほ	2
ぶろでぃ	1
ぶろなー	1
ぶろにすわふ	4
ぶろのふすきー	4
ぶろりん	1
ぶろりー	1
ぶろる	1
ぶろるせん	2
ぶろわ	1
ぶろんくほるすと	6
ぶろんすきー	2
ぶろんせ	2
ぶろんそん	2
ぶろんて	2
ぶろんでぃ	2
ぶろーがん	2
ぶろーく	2
ぶろーだー	2
ぶろーでる	2
ぶろーと	2
ぶろーとん	2
ぶろーどまん	2
ぶわいふ	2
ぶんげ	1
ぶんぜん	0
ぶーあすてぃん	3
ぶーいるじる	3
ぶーがんゔぃる	3
ゔーく	1
ぶーげ	1
ぶーげー	1
ぶーさる	1
ぶーさるそん	3
ぶーしぇ	1
ぶーしえ	1
ぶーしゃーる	3
ぶーすびー	1
ぶーぜまん	1
ぶーたです	1
ぶーたー	1
ぶーち	1
ぶーてふりか	4
ぶーでぃか	1
ぶーとん	1
ゔーどぅいん	3
ぶーにん	1
ぶーばー	1
ぶーゔぃえ	1
ぶーぷ	1
ぶーゔぇ	1
ぶーめでぃえん	4
ぶーめでぃえぬ	3
ぶーめでぃえんぬ	3
ぶーらんじぇ	3
ぶーりえんぬ	4
ぶーりば	1
ゔーりーず	1
ぶーるくねー	3
ぶーるじぇ	1
ぶーるでる	1
ぶーるはーゔぇ	4
ぶーれー	1
ぶーれーず	3
ぶーんちゅん	1
ぷえんて	2
ぷおぽーろ	3
ぷがちょふ	1
ぷさたす	1
ぷしぇみする	3
ぷしぇみゅする	3
ぷしかりょふ	3
ぷしゅぱまり	3
ぷしゅーひぇ	2
ぷじゃ	1
ぷじょる	1
ぷじょーる	2
ぷすせんねす	3
ぷせうどるす	4
ぷたは	1
ぷちじゃん	2
ぷちねり	0
ぷちゃーちん	2
ぷちゅんわ	2
ぷっくべるく	4
ぷっさん	1
ぷっち	1
ぷっちぇる	1
ぷっつぇる	1
ぷっちーに	3
ぷっつぃ	1
ぷてぃぱ	1
ぷとれまいおす	4
ぷなた	1
ぷふぁいふぁー	2
ぷふぁふらーと	4
ぷふぃすたー	2
ぷふぃっつなー	2
ぷふた	1
ぷぶりうす	3
ぷぷりうす	3
ぷみぽん	1
ぷらうぃろ	0
ぷらうてぃうす	4
ぷらうとぅす	2
ぷらうねる	3
ぷらかしゅ	1
ぷらくしてれす	5
ぷらくねっと	4
ぷらさ	1
ぷらさっど	3
ぷらしゃんと	3
ぷらすくうひん	4
ぷらすてぃあ	3
ぷらすてぃや	3
ぷらずらん	2
ぷらそん	1
ぷらだ	1
ぷらだる	1
ぷらちぇく	1
ぷらっとなー	2
ぷらつ	1
ぷらてぃーな	3
ぷらてぃに	0
ぷらてぃーぷ	3
ぷらでぃーりゃ	3
ぷらでーる	3
ぷらばす	1
ぷらばっと	3
ぷらぶぱーだ	4
ぷらまー	1
ぷらむあんさく	4
ぷらんげ	2
ぷらんしぇ	2
ぷらんしょん	2
ぷらんしー	2
ぷらんたうあー	4
ぷらんたじねっと	6
ぷらんち	2
ぷらーがー	2
ぷらーげる	2
ぷらーつ	2
ぷらーとふ	2
ぷらーる	2
ぷりあん	1
ぷりあーる	3
ぷりうーる	3
ぷりえーぜ	3
ぷりごじん	3
ぷりしあす	2
ぷりしら	0
ぷりしる	1
ぷりじゅすき	3
ぷりすか	2
ぷりすきら	2
ぷりすたーふきん	4
ぷりちゃーど	3
ぷりっち	2
ぷりっちゃーど	4
ぷりにうす	3
ぷりぶらむ	2
ぷりまこふ	3
ぷりーも	2
ぷりやんばーだ	5
ぷりゅっかー	2
ぷりゅーな	2
ぷりれすれいぺる	5
ぷりんぐすはいむ	6
ぷりんつぃぷ	2
ぷりんでぃん	2
ぷりんとん	2
ぷりーす	2
ぷりーすと	2
ぷりーすとり	4
ぷりーすとりー	4
ぷるきにえ	3
ぷるきんえ	3
ぷるくはると	4
ぷるける	1
ぷるじぇゔぁるすきー	5
ぷるじぇわるすきー	5
ぷるたるこす	3
ぷるーたるこす	5
ぷるたーく	3
ぷるにま	0
ぷるまん	1
ぷるんでぃしうむ	5
ぷるーいっと	2
ぷるーすと	2
ぷるーと	2
ぷるーとん	2
ぷるーとー	2
ぷるーとーん	4
ぷるーどん	2
ぷるーゔぇ	2
ぷれおぶらじぇんすきー	6
ぷれじうそ	3
ぷれすこっと	4
ぷれすとうぃっつ	5
ぷれすとん	2
ぷれすなー	2
ぷれすぱー	2
ぷれすらー	2
ぷれちゅにく	3
ぷれっくす	2
ぷれてぃひゃ	2
ぷれとにょふ	3
ぷれとろびすきー	4
ぷれとろゔすきー	5
ぷれとん	1
ぷれとりうす	4
ぷれとーりうす	5
ぷれはーのふ	3
ぷれゔぁって	3
ぶればん	2
ぷれびっしゅ	3
ぷれゔぇーる	3
ぷれまださ	3
ぷれみーにお	3
ぷれむ	1
ぷれれっく	3
ぷれんてぃす	2
ぷれーむちゃんど	5
ぷろいやー	2
ぷろうてぃ	2
ぷろかしぇわ	3
ぷろくしまいやー	5
ぷろくたー	2
ぷろくらすてす	4
ぷろこぴうす	4
ぷろこふぃえふ	4
ぷろこーふぃえふ	5
ぷろこーふぃえわ	5
しゃんすきー	3
ぷろすたく	3
ぷろすと	2
ぷろすぺる	2
ぷろすぺろ	3
ぷろすぺろー	4
ぷろすぺーる	4
ぷろたごらす	4
ぷろたごらず	4
ぷろたじお	3
ぷろたそふ	3
ぷろちのす	3
ぷろてぃのす	3
ぷろでぃこす	3
ぷろときん	2
ぷろとじゃーこのふ	6
ぷろはーすか	3
ぷろひゅーも	3
ぷろゔぃす	2
ぷろぶすと	3
ぷろめてうす	4
ぷろやす	2
ぷろんく	2
ぷろんふぃーるど	4
ぷろーてぃんぐ	2
ぷんた	1
ぷんにゃん	1
ぷんぱーにっける	5
ぷーく	1
ぷーご	1
ぷーしぇ	1
ぷーしきん	1
ぷーしゅきん	1
ぷーぞ	1
ぷーどるず	1
ぷーみ	1
ぷーるとん	1
ぷーるへーすと	4
ぷーんたー	1
へあすとん	2
へあぶ	1
へいうっど	1
へいえるだーる	5
へぃぐ	1
へいすてぃんぐ	4
へいすてぃんぐす	4
へーすてぃんぐ	4
へいすてっど	1
へいずるとん	3
へぃそーん	3
へいたー	1
へいだ	1
へいどん	1
へいゔぁりんぐ	1
へいへ	1
へいまん	1
へいまー	1
へいみっしゅ	3
へいむす	1
へいりー	1
へいる	1
へいれん	1
へいれー	1
へいわーす	3
へいん	1
へいんず	1
へうそん	1
へおねる	1
へかたいおす	3
へかて	1
へかてー	1
へかとんけいる	5
へかなくと	3
へかべ	1
へぎんず	1
へくしゃー	1
へくたー	1
へくまてぃある	4
へしうす	1
へじゃる	1
へす	1
へすす	1
へすーす	2
へすた	1
へすたー	1
へすちあ	0
へすてぃあ	0
へすてぃあー	3
へすちんぐ	1
へすとん	1
へすりんぐ	1
へすわーす	3
へっかー	1
へっく	1
へっけらー	1
へっける	1
へっさぷちえっふ	6
へっすらー	1
へっせ	1
へっせるばーぐ	5
へっだがぶらー	4
へっちんがー	3
へっどりー	1
へっべる	1
へてぃんがー	2
へてぷへれす	4
へでぃおん	1
へでぃん	1
へでぃー	1
へとぅむ	1
へーとゔぃひ	4
へとりっく	1
へとる	1
へどうぃぐ	1
へどらんど	3
へなー	1
へにんぐ	1
へにー	1
へねっぷ	1
へねばーがー	3
へのーび	2
へばーど	2
へびさいど	3
へふ	1
へふぇりん	1
ふえふでんぐ	3
へふなー	1
へふりん	1
へふろん	1
へぶ	1
へぶでぃじ	1
へゔぇじぃ	1
へべりうす	3
へほ	1
へまか	1
へまんと	2
へみょん	1
へむろっく	3
へめら	1
へらうぇる	1
へらくれいです	4
へらくれいとす	4
はーきゅりす	1
へらくれす	3
へるくれす	3
へーらくれーす	5
へらー	1
へらーる	2
へりあと	2
へりおっと	3
へりっく	1
へりっと	1
へりです	1
へりぴゅーす	3
へりんぐ	1
へりんじゃー	2
へりー	1
へるが	1
へるげ	1
へるげせん	3
へるこびっつ	4
へるだー	1
へるだーりん	3
へるだーりーん	5
へるつぁ	1
へるつぉーく	3
へるつしゅぷるんぐ	6
へるつる	1
へるでる	1
へるでるりーん	5
へるどまん	1
へるなー	1
へるばると	3
へるばーん	3
へるびっく	3
へるびっひ	3
へるふ	1
へるべると	3
へるまいおす	3
へるますぺるがー	5
へるまふろでぃとす	6
へるまぷろでぃとす	6
へるまん	1
へるまー	1
へるむず	1
へるむほるつ	4
へるむりーん	4
へるむーと	3
へるめす	1
へるめんせん	3
へるもんと	3
へるん	1
へれいん	2
へれな	1
へれむ	1
へれら	1
へれる	1
へれん	1
へれーね	2
へろすとらとす	4
へろぜー	1
へろで	1
えろでぃあ	2
へろじあす	2
へろでぃあす	3
へろです	1
へろでや	0
へろどとす	3
へろにも	0
へんぎすと	1
へんけるどるふ	5
へんすけん	1
へんずりー	1
へんそん	1
へんぞ	1
へんだそん	1
へんだーそん	3
へんつぇ	1
へんどりくす	4
へんどりっくす	3
へんどりっく	4
へんまん	1
へんめるりんぐ	5
へんり	1
へんりえった	4
へんりえって	4
へんりく	1
へんりっく	3
へんりーく	3
へんりい	1
へーげる	1
へーぜらー	1
へーでる	1
へりおす	1
へーりんぐ	1
へーる	1
へーるすたでぃうす	6
べあて	1
びあとりくす	4
べあとりくす	4
べあとりっくす	4
ゔぇあとりくす	4
べあとりす	3
べあとりーちぇ	4
べあわるど	3
べあんはーと	4
べあーて	2
べあーど	1
ゔぇいあ	1
べいぐりー	1
べいさる	1
べいしんがー	3
べいしい	1
べいしー	1
べいじんぐ	1
べいすてぎ	1
べいず	1
べいつ	1
べーつ	1
びーてぃ	1
べいてす	1
べいとそん	1
ゔぇいゔぉだ	0
べいやん	1
べいやーど	3
べいらー	1
ゔぇーらー	1
べいり	1
べいりー	1
べいれす	1
べいん	1
べいんず	1
べぅにんげん	3
べうふぉーと	3
べかえーる	3
べかしー	1
べーが	1
ゔぇーが	1
べがん	1
べぎん	1
ゔぇくしん	1
べくぶらとゔぃち	5
べぐむ	1
べぐりん	1
べけしー	1
べけっと	2
べこー	1
べさにー	1
うぇさりうす	3
べさりうす	3
ゔぇさりうす	3
べさんと	2
べしぇ	1
べしくし	1
べしの	1
ゔぇじあん	1
べじぇ	1
べじえ	1
べじゃーる	2
べすこふ	1
べすすめるとぬいふ	7
うぇすた	1
べすたーど	3
ゔぇすぱしあぬす	5
べすびあ	2
べすぷっち	3
ゔぇすぷっち	3
ゔぇすぺしあん	3
べずずーぼふ	3
べせっと	2
べぞす	1
べたんくーる	4
ゔぇちぇっりお	2
べちーな	2
べっかむ	1
べっかりーあ	4
べっきんせーる	5
べっくはっぷ	4
べっくりん	1
べっぐす	1
べっぐず	1
べっけ	1
べっける	1
べっけんばうあー	5
べっしぃ	1
べっしー	1
べっせまー	1
べっせらー	1
べっせる	1
ゔぇっせる	1
べっそのわ	3
べっそん	1
べったうあー	3
べっちーにょ	3
ゔぇっつぁりーに	4
べっつぃ	1
べっつぃー	1
べってる	1
べっひゃー	1
べっぷ	1
べっりんちょーに	5
べりんちおーに	5
べっりーに	3
べてぃす	1
べってぃーに	3
べてぃに	1
べてぃ	1
べてぃー	1
べでぃんぐふぇるど	5
べでかー	1
べーでかー	1
べとがー	1
べとにー	1
べどぅーになす	4
べどがー	1
べどそん	1
べどのるつ	3
ゔぇどりーぬ	3
べどろう	1
べなじーる	3
ゔぇなぶるず	3
べなべんて	3
べなや	1
べなりーぼ	3
ゔぇなんつぉ	2
ゔぇなんてぃゆす	4
べにおふ	1
べにぐの	0
ゔぇにぜろす	3
ゔぇねぜろす	3
べにてす	1
べにと	1
べににょ	1
べねぎ	1
べねしす	1
べねしゅ	1
べねたとす	3
べねっくす	2
べねっさ	2
べねっしゅ	1
べねでぃくた	3
べねでぃくてぃーな	5
べねでぃくとぅす	4
べねでっと	3
べねとん	0
べねふぉるて	3
べねまん	1
べのいと	2
べゔぁとん	1
べばりっじ	3
べゔぁりっじ	3
べばん	1
べゔぁん	1
べひとるふ	3
ゔぇひまー	1
べゔぃん	1
べふべはーにー	4
べぶ	1
べぶれん	1
ゔぇぶれん	1
べべあーる	3
べべと	1
ゔぇゔぇるか	0
べべーる	2
ゔぇべーる	2
べまん	1
べむぺるぐ	3
べらうんで	3
べらお	1
べらざーの	3
べらすけす	3
ゔぇらすけす	3
ゔえらすけす	3
べらすこ	2
べらねく	2
べらるでぃ	2
ゔぇらんしあ	2
べらる	2
べらーる	2
べりあ	1
べりおす	1
ゔぇりたん	1
ゔぇりてぃ	1
べりとす	1
べりまん	1
べりゃこふ	1
べりや	1
べりゅろす	1
べりんすきい	2
べりんだ	2
ゔぇるあーらん	3
べるい	1
べーるい	1
べるいまん	2
べるかー	1
ゔぇるかー	1
ゔぇるが	1
べるがー	1
びるきーす	3
べるきす	1
べるくそん	2
べるぐそん	1
べるぐぞん	3
べるくーる	3
べるぐまにす	4
べるくまん	1
べるけ	1
べるげんぐりゅーん	6
べるご	1
べるごにー	3
べるさーち	3
ゔぇるさーち	3
べるしぇ	1
べるしょう	1
ゔぇるじにくす	4
べるぢまん	2
べるじゃーえふ	3
べるせりうす	4
べるせーりうす	5
ゔぇるせるすはいんぶ	6
べるぜだー	3
べるぜる	1
べるそん	1
べるぞーに	3
べるつぉーに	3
べるたらんふぃ	4
べるたれっり	4
ゔぇるたー	1
べるだらん	3
ゔぇるちぇふ	1
べるちー	1
べるつぇりーな	4
べるてぃえ	0
べるてる	1
ゔぇるでぃえ	0
べるでにっく	4
ゔぇるでゅらん	3
ゔぇるとふ	1
べるとらん	3
べるとるっち	4
べるとると	3
べるとれ	0
べるとろ	0
べるとろってぃ	4
ゔぇるど	1
ゔぇるどぅ	1
べるなじゅー	3
べるなっく	3
べるなでっと	4
べるなどっと	4
べるなのす	3
べるなべう	4
べるなるだん	3
べるなるでぃーの	5
べるなるです	3
べるなるとぅす	3
べるなるどぅす	3
べるなー	1
ゔぇるなー	1
べるにおーら	4
うゑるぬ	1
ゔぇるぬ	1
ゔゑるーぬ	2
べるぬあーる	4
べるぬいゆ	3
ゔぇるぬー	1
べるぬい	1
べるぬーい	3
べるねると	3
ゔぇるばちん	3
べるばとふ	3
べるびーゆ	3
ゔぇるふぇる	1
べるふぉんてーぬ	5
べるぼ	1
ゔぇるま	1
べるまこー	2
べるまん	1
べるむなんと	4
ゔぇるらっく	1
べるりお	2
べるりおーず	4
べるりねーる	4
べるりんぐえる	3
べるるすこーに	5
べるんしゅたいん	5
べるんと	2
ゔぇるんど	2
べるんはると	4
べるんゔぁると	4
べるんふぇりど	4
べるーず	2
ゔぇるーだ	2
べるーる	2
べれごゔぉい	3
べれじこふ	3
べれす	1
ゔぇれす	1
ゔぇれすか	2
べれすふぉーど	4
べれすふおーど	4
べれずないあ	4
べれぞふすきー	4
べれっか	2
べれっち	2
べれってぃ	2
べれってぃー	2
べれにす	1
べれんこ	2
べれんそん	2
べれんど	2
ゔぇれーな	2
べろうそふ	2
べろっきお	2
ゔぇろっきお	2
べろっく	2
べろにか	2
ゔぇろにか	2
ゔぇろにく	2
ゔぇろにーく	3
べろねーぜ	3
ゔぇろねーぜ	3
ゔぇろーぞ	2
べんうぇい	1
べんえりえざー	5
べんくす	1
べんぐりおん	3
べんけい	1
べんげる	1
ゔぇんげる	1
べんさむ	1
べんたむ	1
べんだむ	1
べんじー	1
べんすらま	3
べんすん	1
ゔぇんせすらう	3
べんぜくり	1
べんぜる	1
べんそん	1
べんたわ	0
ゔぇんたー	1
べんださん	1
ゔぇんだーす	1
べんちぇった	3
ゔぇんてゅら	1
べんちゅーり	3
ゔぇんちゅーり	3
べんちぇる	1
べんつぇる	1
ゔぇんつぇる	1
べんつぇん	1
べんて	1
ゔぇんてぃ	1
べんでぃっくす	3
べんでる	1
べんとらー	1
ゔぇんとりす	3
べんとりー	1
べんとれー	1
べんとん	1
ゔぇんどりんぐ	1
ゔぇんどれる	1
べんどーる	3
べんにょふ	1
べんねまるす	4
べんの	1
べんぶるっく	4
べんべすたー	3
べんゔぇぬーと	4
べんぼう	1
べんやひあ	3
べーおうるふ	2
べーくらんど	4
べーけ	1
べーしる	1
ゔぇーすにく	3
ゔぇーぜ	1
ゔぇーぜんどんく	5
べいだー	1
べーだー	1
ゔぇいだー	1
ゔぇーだー	1
べーちら	1
べーつそん	1
べーで	1
べいとまん	1
べーとまん	1
べーとりんく	4
ぼにんへん	2
べーむ	1
べーめ	1
べーら	1
ゔぇーら	1
べーりんすきー	3
べーれ	1
べーれんす	1
ぺあの	1
ぺありー	1
ぺあん	1
ぺいしすとらとす	6
ぺいたー	1
ぺいとん	1
ぺいなど	1
ぺいびん	1
ぺいりん	1
ぺえすけ	1
ぺぎい	1
ぺぎー	1
ぺぎーん	2
ぺくれ	1
ぺこら	1
ぺこらーろ	3
ぺさりっく	3
ぺしゅか	1
ぺすから	0
ぺすきー	1
ぺすたろじー	3
ぺすたろっち	4
ぺすたろっちー	4
ぺすとふ	1
ぺすとろにうす	5
ぺずまん	1
ぺぜつきー	2
ぺたじーに	3
ぺたす	1
ぺたっち	2
ぺたーせん	2
ぺたそん	1
ぺだー	1
ぺだーせん	2
ぺっけるまん	3
ぺっしぇ	1
ぺっそあ	0
ぺっだ	1
ぺっつほると	4
ぺっぱーばーぐ	5
ぺっぷ	1
ぺつねっく	3
ぺてぃぐるー	3
ぺてぃーな	2
ぺと	1
ぺとら	1
ぺとらっきー	3
ぺとらるか	3
ぺとり	1
ぺとりおーの	4
ぺとるす	1
ぺとるふ	2
ぺとるまん	2
ぺとれすく	3
ぺとろにうす	3
ぺとろば	0
ぺとろおういち	3
ぺとろーゔぃち	3
ぺとろふ	1
ぺとろぶな	3
ぺとろーゔな	3
ぺどらざ	0
ぺどれってぃ	3
ぺどろ	1
ぺなんぺ	2
ぺなー	1
ぺにあ	1
ぺにゃ	1
ぺにょわーる	3
ぺにぃ	1
ぺねろーぷ	3
ぺのー	1
ぺゔぁれる	1
ぺぱ	1
ぺぱらーだ	3
ぺぴん	1
ぺぴい	1
ぺゔすなー	2
ぺぶにー	1
ぺぷらー	1
ぺぷろう	1
ぺぷろー	1
ぺぺごるど	3
ぺぽね	1
ぺま	1
ぺらえす	1
ぺらがるろ	3
ぺらだん	1
ぺらふぃね	0
ぺらむ	1
ぺらるた	2
ぺりお	1
ぺりくれ	2
ぺりくれす	3
ぺりくれーす	4
ぺりっつぁーり	4
ぺりにょん	1
ぺりによん	2
ぺりまん	1
ぺりもふ	1
ぺりん	1
ぺりんとん	2
ぺりーこ	2
ぺるくぜん	2
ぺるぐらん	2
ぺるごれーじ	4
ぺるしぇ	1
ぺるしこふ	3
ぺるしにー	2
ぺるじあにー	3
ぺるす	1
ぺるすゔぁる	3
ぺるすぴえ	3
べるせふぉねー	3
ぺるせふぉね	3
ぺるせふぉねー	3
ぺるせぽね	3
ぺるせぽねー	3
ぺるぜる	1
ぺるちっひ	3
ぺるちひ	0
ぺるっつぃ	2
ぺるつ	1
ぺるてぃなくす	4
ぺるてぃーに	3
ぺるてす	1
ぺるでぃぎえ	3
ぺるとん	1
ぺるにおーら	4
ぺるねーと	3
ぺるるみゅてーる	5
ぺるんはると	4
ぺるーず	2
ぺれ	1
ぺれあす	1
ぺれいら	2
ぺれしゃん	1
ぺれってぃ	2
ぺれるまん	2
ぺれーる	2
ぺろった	2
ぺろぷす	1
ぺろん	1
ぺんくろふ	3
ぺんこふすきー	3
ぺんざー	1
ぺんじあす	1
ぺんたるごん	3
ぺんだーぐらす	5
ぺんてぃら	0
ぺんてこすと	4
ぺんでぃーん	3
ぺんでれつき	4
ぺんねんなーむ	5
ぺんふぃーるど	3
ぺんろーず	3
ぺーたー	1
ぺーてる	1
ぺえとる	1
ぺーとる	1
ぺーにゃ	1
ぺーら	1
ぺーらってぃぷった	6
ぺーり	1
ぺいりい	1
ぺーりー	1
ほあきむ	1
ほあな	1
ほわん	1
ほぁんぐ	2
ほいじんが	3
ほいじんがー	3
ほいすたぶる	4
ほいすらー	1
ほいっすらー	2
ほいたっかー	3
ほいったかー	2
ほいってん	2
ふひっとふぃると	5
ほぃっとふぃーるど	5
ほいっとふぃーるど	5
ほいっとまん	2
ほいつとまん	2
ほいっとらむ	2
ほいっとん	2
ほいてぃ	1
ほいと	1
ほいへんす	1
ほいゔぇるす	3
ほいらー	1
ほいーとすとん	6
ほいーとん	2
ほいーらー	2
ほがーす	1
ほぐべん	1
ほげっと	1
ほさいん	2
ほざんじぇら	2
ほしっく	2
ほじあ	1
ほじぇーりお	2
ほじきん	1
ほじそん	1
ほぢそん	1
ほじゃ	1
ほすきんす	1
ほすてぃ	1
ほすに	1
ほすらー	1
ほすろー	1
ほすん	1
ほせあ	1
ほせいん	2
ほせみ	1
ほっかいざー	3
ほいっくにー	3
ほっくにー	1
ほっぐ	1
ほっじ	1
ほっじす	1
ほっじず	1
ほっじゃ	1
ほっじゃん	1
ほっつ	1
ほっどそん	1
ほっふぁー	1
ほっべま	1
ほっほ	1
ほつば	1
ほてぃしぇり	2
ふとくと	2
ほとたたらいすすき	7
ほどきんそん	3
ほどりご	0
ほどる	1
ほなさん	1
ほなるど	2
ほねっと	1
ほのりうす	3
ほぴたる	1
ほふすたったー	4
ほふまんすたーる	6
ほーふまんすたーる	7
ほふらこーゔぁ	4
ほふろふ	1
ほぶずぼうむ	4
ほぶすん	1
ほぶそん	1
ほぷきん	1
ほぷきんす	1
ほぷきんず	1
ほぷそん	1
ほみりー	1
ほむちわけ	3
ほむらるえん	3
ほめう	1
ほめーる	2
ほもるか	2
ほよ	1
ほらす	1
ほらずみい	2
ほらっちょ	2
ほらつぃうす	3
ほらてぃうす	3
ほらーてぃうす	4
ほらぽろ	0
ほらんだー	2
ほらーく	2
ほりおん	1
ほりがー	1
ほりけん	0
ほりすちょんどろ	4
ほりんぐす	2
ほりんぐわーす	5
ほりんしぇっど	4
ほりぃ	1
ほるえむけにし	5
ほるえむへぶ	3
ほるがー	1
ほるくはいまー	4
ほるしょふすき	4
ほるしょふすきー	4
ほるす	1
ほるすと	2
ほるだとべえ	3
ほるつ	1
ほるてんしうす	5
ほると	1
ほるとびー	1
ほるとまん	1
ほるない	1
ほるにひ	2
ほるばーず	3
ほるゔぃ	1
ほるぶるっく	4
ほるへ	1
ほるべるぐ	3
ほるべーぐ	3
ほるむす	1
ほるめ	1
ほるもすた	3
ほるんぼすてる	4
ほれいしお	2
ほれいしょ	2
ほれーしお	2
ほれーしょー	2
ほれーしよー	2
ほらし	1
ほれす	1
ほれーす	1
ほーらす	1
ほーれす	1
ほれふ	1
ほれりす	1
ほれんだー	2
ほろうぃっつ	3
ほろうえい	1
ほろゔぁー	1
ほろびっつ	3
ほろゔぃっつ	3
ほろゔぃつ	2
ほろふぇるねす	3
ほわいてぃんぐ	2
ほわいてぃー	2
ほわたる	2
ほわーど	1
ほんういじん	3
ほんたいじ	3
ほんてる	1
ほーうす	1
ほーうっど	3
ほーえんしゅたうふぇん	6
ほーえんつぉれるん	5
ほーえんはいむ	5
ほーきん	1
ほーきんぐ	1
ほーきんす	1
ほーきんず	1
ほーくうっど	4
ほーぐ	1
ほーげるそん	3
ほーざ	1
ほーじゃ	1
ほーそん	1
ほーそーん	3
ほーとん	1
ほーなー	1
ほーにっく	1
ほーにっひ	3
ほねかー	1
ほーねっかー	3
ほーばす	1
ほーゔぁっと	3
ほーへんしゅたうふぇん	6
ほーへんばんと	5
ほーへんべるふ	5
ほーへんろっふ	4
ほーへんろーへ	5
ほーほ	1
ほーりん	1
ほーるとん	1
ほーるどまん	4
ほうるまん	1
ほーんび	1
ほーんぶろわー	5
ぼあず	1
ぼあそなーど	3
ぼわそなーど	4
ぼあぱん	1
ぼいずん	1
ぼいせん	1
ぼいた	1
ゔぉいちぇふ	1
ぼいちゃう	0
ゔぉいちゃっは	3
ぼぉいちんすきー	4
ゔぉいつぇっく	3
ゔぉつぇっく	2
ゔぉいちんすきー	3
ぼいてっく	1
ぼいでん	1
ぼいと	1
ゔぉいと	1
ぼいのふ	1
ぼいまんす	3
ぼいやー	1
ぼいーと	2
ぼうえん	1
ぼーえん	1
ぼうちー	1
ぼうるず	1
ぼうるびぃ	1
ぼうれい	1
ぼえてぃうす	3
ぼえもん	1
ゔぉえーいこふ	4
ぼかさ	1
ぼかちか	2
ぼくそーる	3
ぼくだのゔぃち	4
ぼくとつ	0
ぼぐす	1
ぼぐだにっち	4
ゔぉぐと	1
ぼこぶざ	0
ぼごしあん	2
ぼごしゃん	1
ぼごみーる	3
ぼさっく	1
ぼじょん	1
ぼすうぉーず	3
ぼすくーむ	3
ぼすけ	1
ぼすけってぃ	3
ぼすこふすきー	4
ぼすこり	1
ぼすてぃっち	3
ぼすとりっじ	4
ぼすまん	1
ぼするー	1
ぼすわーす	3
ぼず	1
ぼずうぇる	1
ゔぉずねせんすきい	4
ぼたろー	0
ぼだいん	2
ゔぉだりー	1
ぼだん	1
ぼーだん	1
ぼちぇっり	2
ぼっかちお	3
ぼっかっちょ	3
ぼっかねぐら	4
ぼっくれっじ	4
ぼっぐず	1
ぼっけん	1
ぼっし	1
ぼっしゅ	1
ぼっちょーに	3
ぼっつ	1
ぼっちちぇり	3
ぼってぃちぇっり	4
ぼってぃちぇり	3
ぼってぃちぇるり	4
ぼてぃちぇり	1
ぼってぃちーに	4
ぼっぷ	1
ぼっほ	1
ぼろめお	0
ぼて	1
ぼてろ	1
ぼてーろ	2
ぼときえ	0
ぼとむりー	2
ぼとるず	1
ぼとんど	2
ぼどまん	1
ぼどー	1
ぼな	1
ぼなー	1
ぼなせーら	3
ぼなっこるし	4
ぼなっつぉーり	4
ぼなってぃ	2
ぼなぱると	2
ぼなゔぇんとぅら	3
ぼなるど	2
ぼなーりお	2
ぼなーる	2
ゔぉにふぁちえゔぃち	5
ぼにふぁちうす	4
ぼにふぁてぃうす	4
ぼにんぐ	1
ぼにーと	2
ぼねっり	2
ぼの	1
ぼのー	1
ぼのめっり	3
ゔぉのーねーす	4
ぼのーま	2
ぼのーむ	2
ぼはこうぃっち	4
ぼばい	1
ぼゔぁりい	1
ぼゔぁりー	1
ぼばん	1
ぼーばん	1
ぼばーす	2
ぼびい	1
ぼびー	1
ぼびぃぶら	2
ぼふぃん	1
ぼぶず	1
ぼぶるべこふ	4
ぼぷきあーぬ	4
ぼゔぇ	1
ぼほるけす	3
ぼぼく	1
ぼむたり	0
ぼむびー	1
ぼやっきー	2
ぼらいそー	2
ぼらちょ	1
ぼらばら	0
ぼらーにょ	2
ぼらーにょす	2
ぼりえっろ	3
ぼりす	1
ぼりすろふ	3
ぼりせんこ	3
ぼりばる	1
ぼりゔぁる	1
ぼりんご	2
ぼりんじゃー	2
ぼるかの	0
ぼるかん	1
ゔぉるかん	1
ぼるかー	1
ぼるがるで	3
ぼるぐ	1
ぼるくまん	1
ぼるけ	1
ぼるげっと	3
ぼるげーぜ	3
ぼるこ	1
ぼるこふ	1
ゔぉるこーんすかや	6
ぼるしゃーる	3
ぼるじあ	2
ぼるじゃー	1
ぼるじん	1
ゔぉるすき	2
ぼるすと	2
ぼるたく	1
ぼるたんすきー	3
ぼるだす	1
ぼるだーり	3
ぼるちこふ	3
ぼるちゃーに	3
ゔぉるつぉーげん	3
ぼるつまん	1
うおるてる	1
うおるてーる	3
ぼるてーる	3
ゔぉるてーる	3
ゔおるてーる	3
ゔぉるでもーと	4
ゔぉるでーる	3
ゔぉるとーれ	3
ぼるど	1
ぼるどゐん	3
ぼるどりっじ	4
ぼるどろー	3
ぼるねみっさ	4
ぼるのう	1
ぼるは	1
ゔぉるはいむ	3
ぼるぱ	1
ぼるひゃると	3
ぼるふ	1
ゔぉるふ	1
ぼるふぃーど	3
ゔぉるふがんげるる	6
ゔぉるふらむ	3
ぼるへす	1
ゔぉるぽーね	3
ぼるまん	1
ぼるろー	1
ぼるん	1
ぼれいん	2
ぼれっり	2
ぼろしのふ	3
ゔぉるしのふ	3
ゔぉろしーろふ	3
ぼろっしゅ	2
ぼろっと	1
ぼろでぃん	1
ゔぉろでぃん	1
ぼろでーる	3
ぼろねじ	2
ぼろのい	1
ぼろふすきー	3
ぼろみーに	3
ぼろー	1
ゔぉわざん	1
ぼわしえ	2
ぼわせ	1
ぼわだん	1
ぼわっせ	2
ぼわろー	1
ぼわーず	2
ぼんかやお	3
ぼんぐらん	1
ぼんじゅ	1
ぼんじょ	1
ぼんじょび	0
ぼんじょゔぃ	0
ぼんせんてぃーる	5
ぼんたん	1
ぼんだらんと	4
ぼんでぃ	1
ぼんとん	1
ゔぉんど	1
ぼんばすとぅす	3
ぼんばでぃる	3
ぼんばろーね	4
ぼんふぁみーゆ	4
ぼんふぃす	1
ぼんぼ	1
ぼんやすきー	3
ぼーあるね	3
ぼーいと	1
ぼーかす	1
ぼーくと	1
ぼーぐえんざっぷ	6
ぼーぐなー	1
ぼーぐる	1
ぼーげる	1
ゔぉーげる	1
ぼーさーど	3
ぼーしぁん	1
ぼーしゃん	1
ぼーじぇす	1
ゔぉーじぇる	1
ぼーじん	1
ぼーた	1
ぼーちぇる	1
ぼーでぃ	1
ぼーでん	1
ぼーとるれ	3
ぼーどまん	1
ぼーどりくーる	5
ゔぉーどりくーる	5
ぼーどりやーる	5
ぼおどれえる	4
ぼーどれえる	4
ぼーどれーる	4
ぼーどぅあん	1
ぼーどわん	1
ぼーなでーあ	4
ぼーにえ	1
ぼーばんきえと	5
ゔぉーぱげる	1
ぼーべん	1
ぼーぼあーる	4
ぼーぼわーる	4
ぼーゔぉわーる	4
ゔぉーぼわーる	4
ぼーまるしぇ	3
ぼーまん	1
ぼーまー	1
ぼーむ	1
ぼーめ	1
ぼーもんと	1
ぼやい	1
ぼーやい	1
ぼーらんど	1
ぼーりず	1
ゔぉーりず	1
ぼーりっく	1
ぼーりん	1
ぼーりー	1
ぼーるでぃんぐ	1
ぼーるでん	1
ぼるどうぃん	1
ぼーるどうぃん	5
ぼーれんばっく	5
ぼーろんがん	3
ぼーろーぐ	3
ぼんだれふ	1
ぼーんだれふ	4
ぽあれ	1
ぽあんかれ	2
ぽわんかれ	2
ぽいけると	3
ぽいやうんぺ	4
ぽいんでくすたー	5
ぽうす	1
ぽうるち	1
ぽえどぅあ	0
ぽえんまんと	4
ぽかほんたす	3
ぽくろふすきー	4
ぽぐそん	1
ぽこーじん	2
ぽごれりち	3
ぽごーじん	2
ぽじおり	2
ぽじゅがい	1
ぽじー	1
ぽすくりょぶいしぇふ	6
ぽすとぃしぇふ	3
ぽすてる	1
ぽすとぅむす	3
ぽすなー	1
ぽするすうぇいと	5
ぽずなー	1
ぽせ	1
ぽしぃどん	2
ぽせいどん	2
ぽたんきん	2
ぽちょむきん	2
ぽっさーる	3
ぽっじょ	1
ぽっせ	1
ぽっつぉぼん	1
ぽっぱえあ	3
ぽっぱー	1
ぽぱー	1
ぼつすとろー	3
ぽてぃーと	2
ぽですた	2
ぽとく	1
ぽとわ	1
ぼどごるぬい	4
ぽどごるぬい	4
ぽどもあ	0
ぽどるすき	3
ぽどるすきー	3
ぽにけぬす	3
ぽねっと	1
ぽねる	1
ぽぴんず	1
ぽぷらん	1
ぽべどのすつぇふ	5
ぽーぽ	1
ぽぽい	1
ぽぽふ	1
ぽま	1
ぽまりこ	2
ぽみかろふ	3
ぽみゃろーふすきい	6
ぽむぽるにうす	5
ぽめろい	1
ぽもーるすきい	4
ぽらいちす	2
ぽらす	1
ぽらっく	1
ぽらんすきー	2
ぼらんにー	2
ぽらんにー	2
ぽらーど	2
ぽりあんな	3
ぽりかんて	3
ぽりっく	1
ぽりつぃあーの	4
ぽりでくてぃーず	3
ぽりにゃっく	1
ぽりびおす	3
ぽりゃんすきー	2
ぽりゅかるぽす	3
ぽりゅくれいとす	4
ぽりゅねいけーす	5
ぽりゅびおす	3
ぽりぃ	1
ぽりー	1
ぽりーに	2
ぽるかりーの	4
ぽるがら	0
ぽるがる	1
ぽるきうす	3
ぽるけ	1
ぽるしあ	2
ぽるちゅげーる	5
ぽーるちゅげーる	5
ぽるっくす	2
ぽるてぃなーり	4
ぽるてぃーりょ	3
ぽるでる	1
ぽるとぅんど	3
ぽるとす	1
ぽるとまん	1
ぽるとらーにん	4
ぽるなれふ	3
ぽるふぃーりぃ	3
ぽるふゅりおす	3
ぽるらいうぉーろ	5
ぽれどら	0
ぽれわのふ	3
ぽれに	1
ぽれーに	2
ぽろすきー	2
ぽろっく	1
ぽろーにやす	4
ぽわかーる	3
ぽわそんしゃー	3
ぽわどゔぁん	1
ぽあろ	1
ぽわろ	1
ぽんさっくれっく	3
ぽんさーる	3
ぽんじゅ	1
ぽんすれ	0
ぽんせ	1
ぽんそんびー	3
ぽんてぃ	1
ぽんてす	1
ぽんとぴだん	4
ぽんとりゃーぎん	4
ぽんとるも	3
ぽんぴどぅー	3
ぽんぴどー	3
ぽんぴーりー	3
ぽんぺ	1
ぽんぺいうす	3
ぽんぽこなー	5
ぽんぽこぴー	5
ぽんぽにお	3
ぽーぎー	1
ぽこっく	1
ぽーこっく	3
ぽーしあ	1
ぽーしゃ	1
ぽーせ	1
ぽーてぃあす	1
ぽーとろっく	4
ぽーどりぎーん	5
ぽーぶえどのすつぇっふ	8
ぽーぶゑどのすつぇっふ	8
ぽーぽふ	1
ぽーめる	1
ぽーりなす	1
ぽーりん	1
ぽーりーん	3
ぽーり	1
ぽーりー	1
ぽりーぬ	2
ぽーりーぬ	3
ぽーるすん	1
ぱうるせん	1
ぽーるせん	1
ぽーるそん	1
ぽーれー	1
ぽーわー	1
ぽーんさわん	4
まあーりふ	2
まいあーほーふぁー	5
まいやーほーふぁー	5
まいえっと	3
まいえろびっつ	5
まいかぱる	3
まいかん	1
まいけす	1
まいけら	1
まいけるず	1
まいけるそん	3
まいこふ	1
まいしゃ	1
まいすとる	3
まいすなー	1
まいすにっつぁー	4
まいずあ	1
まいぜる	1
まいぜんぶく	3
まいぜんぶーく	5
まいたーに	3
まいだーにー	3
まいとなー	1
まいとれーや	4
まいとれーやー	4
まいにあ	1
まいにー	1
まーいにー	3
まいねっけ	3
まいねべるく	4
まいねべるぐ	4
まいばっは	3
まいぶいえ	3
まいぶーいえ	3
まいぼごふ	3
まいもにです	4
まいやべーあ	4
まいやーべーあ	5
まいやーほふ	3
まいよ	1
まいよーる	3
まいりか	1
まいるす	1
まいるはうぜる	4
まいろん	1
まいんす	1
まいんほふ	2
まうざー	1
まうぜん	1
まうそろす	3
まうどぅーでぃー	3
まうはー	1
まうふぁん	1
まうらー	1
まうりっつ	3
まうりつぃお	3
まうるす	1
まうろ	1
まうんえい	2
まうんだー	2
まうんとばってん	5
まえけなす	3
まえけん	0
まえすとぅ	2
まかいゔぁーす	4
まかえる	1
まかばい	1
まかべあ	2
まかべうす	3
まかゔぃーてぃ	3
まかりおす	3
まかりすたー	3
まこりすたー	3
まっかりすたー	4
まかりー	1
まかると	2
まかれんこ	3
まかろっく	3
まかーしぃ	2
まかーりー	2
まがうあん	2
まがにー	1
まがやねす	3
まがりゃえす	3
まがりゃんいす	3
まがん	1
まがー	1
まがーく	2
まがーまん	2
まきぁゔぇり	1
まきあゔぇっり	4
まきあゔぇり	1
まきあゔぇるり	4
まきゃべり	1
まきゃゔぇり	1
まきおにあん	3
まきしーね	3
まきゃん	1
まきゅーあん	2
まきゅーしお	2
まきーん	2
まくあだむす	3
まくがいあ	3
まくがいや	3
まくがゔぁん	3
まくきんれー	3
まっくぎにす	4
まくぎる	1
まくぐりん	2
まくごながる	4
まくさんす	3
まくしみあぬす	5
まくしみぬす	4
まきしみりあん	4
まくしみりあん	4
まくしむ	1
まくしーむ	3
まくしむす	1
まくしゃりー	2
まくしーもふ	3
まくしーん	3
まくじょーじ	3
まっくすうぇる	5
まつくすうえる	5
まくせい	1
まくそる	1
まくだいあみっど	5
まくだにえる	3
まくだふ	1
まくだれーな	4
まくだーまっと	5
まくてぃあなん	3
まっくてぃあなん	4
まくてぃあにー	3
まくどぅーがる	3
まくどーまんど	3
まくないと	3
まくないま	3
まくなにー	3
まくなぶ	1
まくなまら	3
まくにこる	3
まくにーる	3
まっくにーる	4
まくねいる	3
まくねりー	3
まくのーてん	3
まくのーとん	3
まくば	1
まくひゅー	1
まくふぁでぃえん	4
まくふぁでん	3
まくふぁーそん	3
まくふぁーれん	3
まくぶらいど	4
まくぶるーむ	4
まくへいる	3
まくゔぇい	1
まくべいん	3
まくべす	1
まくまにす	3
まくまおん	3
まくまほん	3
まくまーん	3
まくまらん	2
まくまりん	3
まくまれん	3
まくまれー	3
まくまろー	2
まくまん	1
まくまーてぃん	3
まっくまーなす	4
まくみらん	2
まくみりん	3
まくめなみん	3
まくらうど	3
まくらすきー	3
まくらなはん	4
まくりな	2
まくりんとっく	5
まっくりんとっく	6
まくりー	1
まくりーしゅ	3
まくりん	1
まくりーん	3
まくるれいす	4
まくるーはん	3
まくれありー	3
まくれい	1
まくれえ	1
まくれー	1
まくれいん	3
まくれがー	3
まぐれがー	3
まくれなん	3
まくれらん	3
まくれらんど	4
まくろい	1
まくろびうす	4
まくろうち	3
まくろーど	3
まくろーりん	3
まくろーりー	3
まぐす	1
まぐだれな	3
まぐでぃ	1
まぐどれーぬ	4
まぐなす	1
まぐぬす	1
まぐらす	1
まぐり	1
まぐりっと	3
まぐりふ	1
まぐれい	1
まぐわ	1
まぐわざ	0
まぐー	2
まけいる	2
まけいん	2
まけれし	1
まけれれ	0
まこなへー	2
まこのひー	2
まこんねる	2
まこーまっく	4
まこーりふ	1
まっこーりふ	3
まくぉーりー	2
まこれー	1
まこーりー	2
まこーれ	2
まごにぐる	3
まさりく	2
まさーど	2
まざうぇる	1
まざらん	1
まざろっぴ	3
ましあ	1
ましぇる	1
ましびあ	2
ましゃ	1
ましゃむ	1
ましゅれー	1
ましゅーど	1
ましんたいやー	4
ましーな	2
まじぇんか	2
まじすとれってぃ	5
まじっど	2
まじでぃ	1
まじど	1
まじーど	2
まじゃり	1
まじゃんでぃ	2
まじー	1
まじーに	2
ますかって	3
ますからす	3
ますかれにゃす	3
ますかーに	3
ますきーに	3
ますぐれいぶ	3
ますぐれいゔ	3
ますぐれーぶ	4
ますけりえ	3
ますたーまん	3
ますてぃん	1
ますとぅーる	3
ますとろやんに	5
ますとん	1
ますね	1
ますねー	1
ますはどふ	3
ますぺろ	0
ますらっち	3
ますり	1
ますりゅこふ	3
ますろばる	3
ますろふ	1
ますろー	1
まずあ	1
まずだく	1
まずだー	1
まずれーる	3
まずろう	1
まずろー	1
ませそん	1
ませーづ	2
まぜっと	1
まぜどむ	1
まじぇらん	1
まぜらん	1
まそりーの	3
まぞりーの	3
まそるか	2
まぞってぃ	2
まぞっほ	2
まぞびえつき	4
またちっち	3
まだん	1
まちあす	1
まちぇっく	1
まちす	1
まちゃあき	2
まちゃど	1
まちゃーど	2
まちゅう	1
まちゅーしん	2
まちゅーなす	2
まちゅーりん	2
まちるだ	2
まちるで	2
まちるど	2
まっかい	1
まっからむ	1
まからーず	1
まっかれん	1
まっかれー	1
まっかん	0
まっかーてぃ	3
まっかーる	3
まっかーん	3
まっがいあ	3
まっがゔぁん	3
まっきにー	1
まっきんにー	3
まっきのん	1
まっきむ	1
まっきゃりー	1
まっきゅー	1
まっきるゔぁにー	5
まっきんぜー	3
まきんとっしゅ	4
まっきんどれす	5
まっきんねる	3
まっきんりー	3
まっきんれー	3
まっきー	1
まっきーゔぁー	3
まっぎにす	3
まっぎる	1
まっぎん	1
まっぎー	1
まっくあるもん	4
まっくくろっしゅ	5
まっくぐろどぅの	5
まっくだにえるす	4
まっくだふぃ	4
まっくびーん	4
まっくふぇいる	4
まっくろー	1
まっけありー	3
まっけあん	1
まっけい	1
まっけいど	3
まっけおん	1
まっけちにー	4
まっけるしー	3
まっけるゔぇい	3
まっけん	1
まっけんじー	3
まっけんぜん	3
まつけんぜん	3
まっけんな	3
まっけんろー	3
まっけー	1
まっけーぶ	3
まっこい	1
まこーど	1
まっこーど	3
まっこーねる	3
まっこーび	3
まっこーみっく	3
まっこーる	3
まっこーれー	3
まっごーわん	3
まっさ	1
まっしあ	1
まっしみりあーの	6
まっしー	1
まっじ	1
まっせい	1
まっせな	0
まっそん	1
まっそー	1
まっちお	1
まっつぁふぃら	3
まっつぃーに	3
まっつーじ	3
まってぃーあ	3
まっでん	1
まっとごーうぇ	4
まっるーく	3
まつしや	2
まつじゅん	2
まてぃあす	1
まてぃえ	1
まてぃす	1
まてぃちゃんどら	3
まてぃるだ	2
まてぃ	1
まてい	1
まってお	1
まてお	1
まてらっつぃ	3
までぃ	1
までぃがん	2
までぃー	1
までゅーかす	2
までりん	1
までりーん	3
までれいん	3
までれん	1
までろ	1
まとぅこ	1
まとぅろ	1
まとう	1
まとっつぉ	2
まとへい	0
まとゔぇーえふ	3
まとまらぶたん	4
まとりょーな	3
まとーく	2
まとーや	2
まどぅすーだな	3
まどぅーろ	2
まどっく	1
まどっくす	2
まどへーばん	3
まどりん	1
まどれ	1
まなこめ	0
まなた	1
まなふ	1
まなりんぐ	3
まにう	1
まにえろーる	4
まにす	1
まにふぃこ	2
まにゃん	1
まにゃーに	2
まにゅえる	1
まにゆえる	1
まぬえる	1
まにゅえれ	0
まにらとなむ	4
まにりうす	3
まにろう	0
まにん	1
まにんぐ	1
まにんぼ	2
まにーな	2
まぬ	1
まぬえら	0
まぬは	1
まのいろびち	4
まのっく	1
まのろ	1
まのん	1
まはしり	2
まはしん	1
まはだびきあ	4
まはっふぃー	2
まはふぃー	1
まはらじ	0
まはらのびす	4
まはりえ	2
まはりし	2
まはりゃのふ	3
まはん	1
まはんどら	2
まはーかっさぱ	4
まはーせーな	4
まはーぱじゃぱてぃ	5
まはーぱじゃーぱてぃー	7
まはーゔぃら	2
まはーゔぃーら	4
まひどん	1
まひんだ	2
まふぁん	1
まふぃっと	1
まふぇぞり	1
まふぇっと	1
まふどぅむ	1
まふむーでぃ	3
まふーど	2
まぶり	1
まぶりー	1
まへいにー	2
まへし	1
まへっし	2
まへる	1
まへれ	1
まへんどら	2
まべーり	2
まほにー	1
ままい	1
ままどぅー	1
ままろに	0
まみりん	1
まむず	1
まむちょ	1
まむれ	1
まも	1
まやこふすきー	4
まやでび	0
まやや	1
まやる	1
まやん	1
まよらゔぁ	0
まよるが	2
まよわ	1
まらいあ	2
まらき	1
まらてすた	3
まらっと	1
まらと	1
まらどーな	3
まらぱるて	3
まらむっど	3
まらるめ	0
まらん	1
まらんが	2
まらんどりーの	5
まらんぼー	2
まらー	1
まらほふ	1
まらーほふ	2
まりあてぐい	4
まりあま	0
まりあん	1
まりあんな	3
まりあんぬ	3
まりあんね	3
まりあーに	3
まりあの	0
まりあーの	3
まりうす	1
まりえ	0
まりえった	3
めりえった	3
まりえっと	3
まりえとあ	3
まりえふ	1
まりえる	1
まりえーる	3
まりおっと	3
まりおーる	3
まりがん	1
まりくわ	0
まりさ	1
まりし	1
まりしゅ	1
まりそる	1
まりそーる	3
まりた	1
まりち	1
まりっく	1
まりっさ	2
まりなるば	3
まりねってぃ	3
まりのうぃっち	3
まりのびっく	4
まりのふすきー	4
まりぶらん	2
まりゔぉー	1
まりやっと	3
まりゅー	1
まりら	1
まりりん	1
まりりー	1
まりんず	1
まりんべるに	4
まりーうじぇんぬ	5
まりーにょ	2
まりーぬ	2
まりーね	2
まりーるー	4
まるかぶりゅ	3
まるかむ	1
まるかや	2
まるがりーた	4
まるがれーた	4
まるがりーな	4
まるがりーて	4
まるがれーて	4
まるきあ	2
まるきおん	2
まるきおんに	4
まるぅくしぃお	5
まるくしお	3
まるくすふぇると	5
まるくりす	3
まるくんつぉふ	3
まるくーぜ	3
まるぐりっと	4
まるぐりーと	4
まるぐれーて	4
まるけ	1
まるけす	1
まるけっら	3
まるけっるす	3
まるげりーた	4
まるこう	2
まるこびっち	4
まるこゔぃっち	4
まるこむ	1
まるこわ	0
まるこにー	2
まるこーに	3
まるご	1
まるさす	1
まるしあ	2
まるしぇりーぬ	4
まるしぇりーの	4
まるしお	2
まるしべーる	4
まるしゃっく	3
まるしゃーく	3
まるしやん	2
まるしゅ	1
まるーしゅ	2
まるしゅあす	2
まるしりうす	4
まるしりお	3
まるじぇら	0
まるじおりお	4
まるじゃーな	3
まるずき	2
まるせろ	0
まるせーろ	3
まるせーや	3
まるそー	1
まるぞーろ	3
まるたん	1
まるちぇっろ	3
まるちぇるろ	3
まるちぇろ	0
まるちぇりーな	4
まるちぇんこ	3
まるちな	0
まるちにうす	4
まるちね	0
まるてぃね	0
まるちの	0
まるちろす	3
まるっつぁ	2
まるつ	1
まるてぃ	1
まるてぃっつ	3
まるてぃな	0
まるてぃにてぃー	3
まるてぃぬす	3
まるちねす	3
まるてぃねす	3
まーてぃねす	1
まるちぃねつ	3
まるちねつ	3
まるてぃねつ	3
まるちねり	3
まるてぃる	1
まるてぃーじょ	3
まてぃーに	2
まるちに	0
まるてぃーに	3
まーてぃに	1
まるちーぬ	3
まるてぃぬ	0
まるてぃーぬ	3
まるてい	1
まるてっり	3
まるでぃあな	3
まるでぃーに	3
まるでる	1
まると	1
まるとに	0
まるとの	0
まるどぅーん	3
まるどなど	3
まるどなーど	4
まるにあ	2
まにえ	1
まるにえ	1
まるばる	2
まるひたーらー	4
まるゔぃだ	0
まるゔぃる	1
まるゔぃー	1
まるぴかてぃ	4
まるぴぎー	3
まるぴーぎ	3
まるふぁす	1
まるふぁってぃ	3
まるふぃたーの	4
まるふぉい	1
まるぶらんしゅ	4
まるほーる	3
まるゔぉ	1
もるばら	0
まるぽにうす	4
まるまでゅーく	4
まるみおん	3
まるむすてぃーん	5
まるもん	1
まるらん	1
まるるーにー	3
まるれ	1
まるれー	1
まるろーね	3
まるわん	1
まるんべり	2
まるーく	2
まるーしゅか	2
まるーる	2
まれあーり	3
まれく	1
まれるぶ	2
まれろ	1
まれんふぁんと	4
まれいず	2
まれーず	2
まれーな	2
まれーね	2
まろさま	1
まろっく	1
まろりー	1
まろんじゅ	2
まろーに	2
まろーね	2
まろーん	2
まんがらじゃらぶ	5
まんがる	1
まんきーうぃっつ	5
まんぐぇる	3
まんごーね	3
まんごーぺ	3
まんさー	1
まんしゅ	1
まんしゅたいん	4
まんしーに	3
まんじゃろってぃ	4
まんすふぃーるど	4
まんすふぇるど	4
まんすーる	3
まんずー	1
まんせる	1
まんそん	1
まんぞーに	3
まんだば	0
まんだる	1
まんだんがす	3
まんだー	1
まんつぁーめす	3
まんてぃ	1
まんてーにゃ	3
まんでぃ	1
まんでぃあるぐ	4
まんです	1
まんでゔぃる	3
まんでゔぃーる	4
まんでら	1
まんでり	0
まんでるばうむ	5
まんでるふろーと	6
まんでるぶろ	4
まんといふぇる	3
まんどられん	3
まんどりこわ	4
まんな	1
まんにねん	1
まんふれっど	4
まんふれでぃーね	5
まんもーはん	3
まんらい	1
まんれい	1
まんれる	1
まんろー	1
まーいや	1
まーうっど	3
まーお	1
まーかす	1
まーかっと	3
まーかむ	1
まーかんど	3
まーがりーと	4
まーきす	1
まーきゅり	1
まーきゅりー	1
まーきゅー	1
まーぐりす	3
まーぐりーず	4
まーぐれっと	1
まーけてぃ	1
まーこう	1
まーこうぃっつ	4
まーこびっち	4
まーご	1
まるごっと	3
まーごっと	3
まーさ	1
まーさー	1
まーしゃん	1
まーしゅ	11
まーしんかす	3
まーしー	1
まーし	1
まーじぇりー	1
まーじゃり	1
まーじょ	1
まーじょりー	1
まーすく	1
まーそん	1
まーたい	1
まーただ	0
まーちすん	1
まーちゃーしゅ	3
まーてい	1
まーてぃのーに	4
まーてぃんず	1
まーてんす	1
まーでぃけ	1
まーでん	1
まーとん	1
まーどっく	1
まーどる	1
まーな	1
まーにゃ	1
まーにー	1
まーねる	1
まーばー	1
まーびん	1
まーゔぃん	1
まーびー	1
まーふぃ	1
まーふぃー	1
まーぶ	1
まーゔ	1
まーぶりー	1
まーゔろみかーりす	6
まーぷる	1
まーべりー	1
まーべる	1
まーゔぇる	1
まーまでゅーく	4
まむーど	2
まーむーど	3
まーも	1
まーや	1
まーり	1
まーりえ	1
まりく	1
まーりく	1
まーりに	1
まーりん	1
まーりぃー	1
まーりい	1
まーりー	1
まーりーす	3
まーりーず	1
まーれん	1
まーれい	1
まーれー	1
まーろん	1
まーろ	1
まーろう	1
まーろー	1
みあな	1
みあーず	1
みうっちゃ	2
みうるす	1
みうーしゃ	2
みえちすらふ	3
みえちすわふ	3
みえれ	1
みえろ	1
みぇんとぅす	2
みえーれ	2
みかりん	1
みきえる	1
みくり	1
みくろふ	1
みくろーしゅ	3
みくー	10
みくーた	2
みぐぇる	1
みけしゅ	1
みけすか	2
みけつ	1
みけりぬす	3
みけるせん	2
みけるそん	2
みけろっつぉ	3
みけんず	1
みけーら	2
みけーれ	2
みげーる	2
みこやん	1
みこわいちく	3
みさーる	2
みしぇりん	1
みしくちょのく	4
みしゅら	1
みしゅりーな	3
みしゅれ	1
みずなー	1
みずーる	2
みせり	1
みぜる	1
みそびっち	3
みだーす	2
みちゃ	1
みちゅーこふ	2
みちゅーりん	2
みっくり	1
みっける	1
みっこり	1
みっしゅ	1
みっじ	1
みっそりーに	4
みっそーに	3
みったる	1
みったーまいやー	5
みっちゃむ	1
みっちゃー	1
みっちゅ	1
みってる	1
みてしゅ	1
みとらだてーす	5
みとりだてす	4
みとりだーてーす	6
みどはと	2
みどらー	1
みどるとん	2
みどるぶるっく	5
みなきる	1
みなはん	1
みなるでぃ	2
みなーと	2
みにぐ	1
みにょー	1
みにょーね	2
みにん	1
みねはは	2
みねり	1
みなーゔぁ	2
みねるば	2
みねるわ	2
みねるゔぁ	2
みねんこ	2
みのざ	1
みのす	1
みのーぐ	2
みはい	1
みはいる	2
みはいろびっち	5
みはいろゔぃち	4
みはいろゔぃっち	5
みはいろふ	2
みはえる	1
みひーる	2
みはえろふ	3
みはりー	1
みはるか	2
みはるこふ	3
みはろゔぃち	3
みはん	1
みひぇる	1
みふ	1
みふすっど	3
みへるす	1
みほち	1
みほりん	1
みまきいりひこ	5
みみー	1
みむ	1
みむず	1
みもさ	1
みもーに	2
みゃーこ	1
みやとゔぃっち	4
みやーん	2
みゅえく	1
みゅぐれー	1
みゅしゃ	1
みゅっしゅ	1
みゅせ	1
みゅっせ	1
みゅにえー	1
みゅら	1
みゅりえる	1
みゅるじぇ	1
みゅるれる	1
みゅれんはいむ	4
みゅろ	1
みゅんしゅ	1
みゆんすとる	1
みゅんつぁー	1
みゅんつあー	1
みゅんひはうぜん	4
みゅーざむ	1
みゅーじる	1
みゅらー	1
みゅーらー	1
みゆらー	1
みゆーらー	1
みらと	1
みらにっち	3
みらぼー	1
みられぱ	0
みーらーん	3
みらんこびっち	5
みらんしゃ	2
みらんど	2
みらんどら	2
みらーど	2
みりあっち	3
みりあむ	1
みりゃむ	1
みりやむ	1
みりありす	3
みりあん	1
みりおにこ	3
みりかん	1
みりがん	1
みりけん	1
みりせんと	3
みりっち	2
みりやな	0
みりやん	1
みりらに	1
みりんだ	2
みりぃ	1
みりい	1
みりー	1
みるうっど	3
みるかう	1
みるかっせ	3
みるぐらむ	3
みるさむ	1
みるざ	1
みるすきー	2
みるす	1
みるず	1
みるちあ	0
みるちゃ	1
みるちべるく	4
みるちべるぐ	4
みるで	1
みるでらーて	4
みると	1
みるとん	1
みるどらる	3
みるどれっど	4
みるなー	1
みるにー	1
みるひばーぐ	4
みるほーん	1
みるぼー	1
みるろー	1
みるん	1
みれいゆ	1
みれすまいり	4
みれでぃー	1
みれぽっく	3
みれー	1
みれーな	2
みれーる	2
みろえす	1
みろしゅ	1
みろす	1
みろっと	1
みろのふ	1
みろん	1
みんがす	1
みんこふすきー	4
みんすきー	1
みんちこふすきー	5
みんちん	1
みんちー	1
みんでる	1
みんとふ	1
みんどん	1
みんは	1
みんふぁ	1
みんむん	1
みんも	1
みーがん	1
みーくす	1
みーける	1
みーす	1
みーぜす	1
みーだー	1
みーちゃ	1
みーてぃ	1
みーな	1
みーぷ	1
みーらー	1
みーわる	1
むあゔぇねっと	3
むあーうぃあ	2
むあーうぃや	2
むいえ	1
むうぃに	1
むえぷ	1
むおい	1
むがべ	1
むぎら	1
むぎーら	2
むくたーる	3
むくらーる	3
むさると	2
むしまんご	3
むずぃあるすきー	4
むじぶ	1
むすか	1
むすたい	1
むすたふぁ	0
むすちすらふ	4
むすていん	3
むすらす	1
むすわてぃ	2
むずわでぃ	2
むぜった	1
むそるぐすきー	5
むた	1
むたてぃ	1
むたなっびー	3
むたばざ	0
むたひ	1
むたー	1
むちっち	2
むしーな	2
むそりーに	3
むっそりーに	4
むっち	1
むっへ	1
むつごろう	2
むてじうす	3
むてーじうす	4
むとぅ	1
むどがら	0
むどっち	2
むなーてぃうす	4
むなん	1
むなーり	2
むにょーね	2
むねりん	1
むは	1
むぱた	1
むひゅる	1
むふぇれ	1
むべき	1
むま	1
むむたーず	1
むらじっち	3
むらたく	0
むらど	1
むらうぃよふ	2
むらゔぃよふ	1
むらびんすきー	3
むらゔぃんすきー	3
むらまさ	2
むらー	1
むらーど	2
むりりょ	1
むりーじょ	2
むるあか	0
むるがぼふ	3
むるそー	1
むるち	1
むると	1
むろじぇっく	3
むろぞふすきい	5
むわぱちゅ	0
むんでいる	3
むんにぃー	1
むんめると	3
むーあはうす	4
むーさ	1
むーさあ	1
むーしゅ	1
むーしん	1
むーて	1
むーてぃ	1
むーでぃ	1
むーにー	1
むーふー	0
むーらー	1
むりえす	1
むーりえ	1
むーれい	1
むーろん	1
めあす	1
めあっつぁ	2
めいえ	1
めいえるほりど	5
めいさ	1
めいざー	1
めいじー	1
めいす	1
めぃすてぃあす	3
めいそん	1
めいすん	1
めいひゅー	1
めいふぁ	1
めいべりー	1
めいべる	1
めーべる	1
めいまん	1
めいみゅだす	1
めいみー	1
めいやっく	1
めいやーす	1
めいよー	1
めいりん	1
めいろうぃっつ	4
めいろうぃつ	3
めいんず	1
めいんでると	4
めがん	1
めがーす	2
めぎー	1
めぐあな	0
めぐつしゅか	3
めぐれ	1
めざー	1
めしあん	1
めしえ	1
めしこふ	1
めしゃりー	1
めしんぐ	1
めじぇりふ	1
めじと	1
めぢな	1
めすかん	1
めすきーた	3
めすた	1
めすたー	1
めすと	1
めすなー	1
めすひ	1
めせにー	1
めせら	1
めせるそん	2
めたくさす	3
めたとろん	3
めちぇ	1
めちすらゔぉゔぃち	5
めちにこふ	3
めっがん	1
めっける	1
めっさら	1
めっさりーな	4
めっさーしゅみっと	5
めっし	1
めっしぇりのふ	4
めっじ	1
めっす	1
めっつぁんじぇ	3
めっつぉじょるの	4
めっつがー	1
めっつらー	1
めってる	1
めってるにひ	4
めっぱむ	1
めつがー	1
めてぃぶ	1
めてぃゔ	1
めてらー	1
めてっるす	2
めてるす	1
めであ	1
めでぃお	1
めでぃしす	1
めでぃす	1
めじち	1
めでぃち	1
めでぃっち	2
めーでぃち	1
めでぃんぐす	2
めでぃーな	2
めですきー	2
めでゅーな	2
めとかるふ	3
めとかふ	1
めとかーふ	3
めとせら	0
めとらくす	3
めとり	1
めどぅー	1
みぢゅーざ	2
めでゅさ	1
めでゅーさ	2
めどぅさ	1
めどぅーさ	2
めどがー	1
めどべーじぇふ	3
めどら	1
めどり	1
めどりん	1
めどろっく	3
めないくもす	4
めなうれす	3
めなぶれあ	3
めなるか	2
めにえる	1
めにえーる	3
めぬえる	1
めねくせのす	4
めねす	1
めねすかる	2
めねむ	1
めねんです	2
めのあ	1
めのってぃ	2
めのん	1
めのー	1
めはりー	1
めはれる	1
めびさ	1
めふぃすと	2
めふぃすとぅ	2
めふぃすとふぇれす	5
めふぃすとーふぇれす	6
めふめと	2
めふりす	1
めへめっど	3
めみ	1
めむのん	1
めむりんく	3
めやっく	1
めらいりーりゅ	4
めらどっく	3
めらにー	1
めらびあん	2
めらむぷす	3
めらんぐ	2
めらんひとん	2
めらー	1
めりあむ	1
めりあん	1
めりあーに	3
めりえす	1
めりえんび	3
めりさ	1
めりざんど	3
めりす	1
めりっさ	2
めりっしゅ	1
めりっち	2
めりな	1
めりにこうふ	4
めりにこふ	3
めりひむ	1
めりまん	1
めりめ	1
めりゅじーぬ	3
めりりん	1
めりりー	1
めりろん	1
めりんぐ	1
めりんだ	2
めりーういどう	4
めるかっつ	3
めるかでる	3
めるかとる	3
めるかど	2
めるき	1
めるきおーる	4
めるしおーる	4
めるきせでく	4
めるくりうす	4
めるくーあ	3
めるくーり	3
めるける	1
めるしぃえ	2
めるしぇ	1
めるしえ	2
めるすん	1
めるすー	1
めるせんぬ	3
めるちゅーく	3
めるっち	2
めるつぁー	1
めるにこふ	3
めるにちぇんこ	4
めるにーしー	3
めるば	1
めるひおーる	4
めるひたーる	4
めるひゃー	1
めるびる	1
めるゔぃる	1
めるびん	1
めるゔぃん	1
めるも	1
めるもす	1
めるらん	1
めるれ	1
めるろ	1
めるわす	1
めれ	1
めれあぐろす	4
めれしこふすきい	5
めれっと	1
めれっり	2
めれつこふ	3
めれでぃす	1
めれでいす	3
めれる	1
めれえ	1
めれー	1
めろにっしゅ	3
めろゔぇ	1
めろーぺ	2
めろーむ	2
めんがー	1
めんぎすつ	3
めんけん	1
めんげる	1
めんげるべるく	5
めんげれ	0
めんじ	1
めんじーす	3
めんじーず	3
めんつぇる	1
めんでる	1
めんでるすぞおん	6
めんでるすぞーん	6
めんでれーえふ	4
めんでれーふ	4
めんどーさ	3
めんふぃお	1
めんり	1
めんりぃ	1
みーからー	1
めーからー	1
めーがん	1
めーざーず	1
めーしー	1
めーじゃー	1
めーじゅ	1
めーぜんてぃうす	5
めーだ	1
めーてるりんく	5
めーぬ	1
めーぶる	1
めいあー	1
めいや	1
めいやー	1
めーやー	1
めーれ	1
もあためでぃ	3
もあさん	1
もあっさん	2
もあぶる	1
もいず	1
もいせーえふ	3
もいぜる	1
もいにはん	1
もいら	1
もいる	2
もいれいん	3
もいーず	1
もうぶれい	1
もうりーにょ	3
もえれる	1
もかった	1
もがーる	2
もくてすま	3
もくりん	1
もぐりっじ	3
もげす	1
もさでぐ	0
もざると	2
もしも	1
もすか	1
もすかりょふ	3
もすかりょわ	3
もすけら	0
もすこうぃっつ	4
もすこびっち	4
もすこーに	3
もすばかー	3
もずびー	1
もずりー	1
もずれー	1
もっがらーな	4
もっがりぷった	5
もっくらー	1
もっしん	1
もっせ	1
もっちー	1
もっぺる	1
もっらー	1
もでぃせ	1
もでぃぼ	1
もでぃーん	2
もとす	1
もどぅーにょ	2
もなしゅ	1
もなしり	2
もなるでぃー	2
もにえ	1
もにか	1
もにく	2
もね	1
もねってぃ	1
ものすたとす	4
ものすとーん	4
ものはん	1
ものまふ	1
もはたり	2
もはっせん	2
もはど	1
もはん	1
もひーがん	2
もふせしゃん	3
もふたる	1
もぶつ	1
もぶれー	1
もぷそ	1
もほ	1
もほな	1
もほい	1
もほり	1
もほろびちっち	5
もむぜん	1
もらえす	1
もらさん	1
もらにす	1
もられす	1
もらんでぃ	2
もらーと	2
もらーびと	2
もりあな	0
もりあーてぃ	3
もりえ	0
もりえーる	3
もりえーろ	3
もりけん	0
もりこーね	3
もりせっと	3
もりすん	1
もりそん	1
もりぞ	1
もりっじ	2
もりっつ	2
もりな	1
もりね	1
もりよん	1
もりーな	2
もりーん	2
もるがな	0
もるがーな	3
もるげんしゅてるん	6
もるそふ	1
もるたーら	3
もるちゃのふ	3
もるて	1
もるてぃま	0
もるてぃめ	0
もるでかい	3
もるとけ	0
もるどれっど	4
もるなーる	3
もるにえ	0
もるふぃにえ	3
もるれー	1
もれいら	2
もれしゃん	1
もれたにあ	3
もれってぃ	2
もれに	1
もれーの	2
もれほん	1
もれら	1
もれり	1
もれん	1
もろぞふ	1
もろーぞふ	2
もろとふ	1
もーろとふ	3
もろーに	2
もろーね	2
もうぁりんすきー	3
もんかるむ	3
もんかーだ	3
もんきっき	1
もんきっきー	1
もんくっと	3
もんくーと	3
もんけ	1
もんごめり	3
もんごめりー	4
もんごるふぃえ	4
もんさんと	3
もんすけ	1
もんすどってる	4
もんせ	1
もんたぎゅ	0
もんたぎゅー	1
もんたーぎゅー	3
もんたにえ	3
もんたぬす	3
もんたねっり	4
もんたる	1
もんたん	1
もんたーぐ	3
もんたーにょ	3
もんちゅくら	3
もんちょ	1
もんてぃえる	3
もんちせり	3
もんてぃにゃっく	4
もんてぃん	1
もんてすきゅう	3
もんてすきゅー	3
もんてすきゆう	3
もんてすま	3
もんてすーま	4
もんてっそり	3
もんてっそーり	5
もんてゔぇるでぃ	4
もんてりゅびお	4
もんてーにゅ	3
もんでーる	3
もんとう	1
もんとふぉーと	4
もんとや	0
もんとるいゆ	4
もんとるそーり	5
もんとーや	3
もんどらごん	3
もんどりあん	3
もんぬかる	3
もんふぉーこん	3
もんふぉーる	3
もんぽう	1
もんもらしー	3
もんらむ	1
もんれあれ	3
もんろー	1
もーく	1
もーくりー	1
もーぐえ	1
もーげんそー	3
もーざー	1
もーず	1
もーすぶるっがー	5
もーずりー	1
もいぜ	1
もーしぇ	1
もーせ	1
もーぜんたーる	5
もーそん	1
もーてぃまー	1
もーとめいん	4
もーとれいく	4
もーとん	1
もーはん	1
もうぱっさん	3
もおぱっさん	3
もーぱっさん	3
もーびー	1
もーふー	1
もーぶりい	1
もーぺるてゅい	3
もーむ	1
もーもん	1
もーらむ	1
もーらん	1
もーらー	1
もりあ	1
もーりあ	1
もーりえ	1
もーりあっく	4
もーりん	1
もーりーん	3
もーるす	1
もーるすわーす	5
むーるとん	1
もーるとん	1
もーるぱ	1
もーれる	1
もーれんはいむ	5
もれー	1
もーれー	1
もーろこるだと	4
もーろわ	1
やいこ	1
やいたー	1
やうす	1
やうず	1
やうれっく	3
やえんまつ	2
やぐらん	1
やげうぉ	1
やげろー	1
やこば	1
やこび	1
やこふ	1
やこぶ	1
やこぷ	1
やこぼ	1
やーこふ	1
やーこぶ	1
やーこぷ	1
やこぶす	1
やこーぶす	2
やーこぷす	3
やこぶせん	2
やこぶそん	2
やこぶれふ	3
やーこゔれふ	4
やこべんこ	3
やこぽ	1
やこぽーね	3
やこむ	1
やこーび	2
やしまじぬみ	4
やしゅだら	2
やしょーだら	2
やしょーだらー	4
やそーだらー	4
やじなだった	4
やすぱーす	1
やすめ	1
やずだに	2
やぞふ	1
やたのわき	3
やたのわきいらつめ	0
やたひめ	2
やだるよの	3
やっきん	1
やっしゃ	1
やっちん	0
やっとか	0
やっふぇ	1
やとみ	1
やどろふかー	3
やなーえふ	2
やなーちぇく	2
やなーちぇっく	4
やにぐろ	0
やにす	1
やにつぁ	1
やにぶ	1
やにんぐす	2
やにー	1
やのす	1
やはうぇ	1
やはゔぇ	1
やーうぇ	1
やーうえ	1
やふきえる	1
やふでぃ	1
やふや	1
やぶりんすきー	3
やぷ	1
やぺて	1
やほーと	2
やまこふ	1
やまたろー	2
やまとととひももそひめ	9
やまとひめ	3
やまとびめ	3
やみっど	1
やみー	1
やむにっつぁー	3
やめとひめ	3
やゆく	1
やらべあむ	3
やりっく	1
やるだ	1
やるだてぃ	3
やるてぃげ	0
やるでぃっつ	3
やるとるーど	4
やるばこふ	3
やろすらゔぁ	3
やろすわふ	3
やろぼうく	3
やろぽるく	3
やろーすきー	2
やんけり	0
やんける	1
やんしー	1
やんせん	1
やんそん	1
やんだる	1
やんつぉむ	1
やんでるびえふ	5
やんと	1
やんぬ	1
やんね	1
やんみ	1
やんめいず	1
やーがー	1
やーきす	1
やーこぶそん	3
やーこぼれうぃっち	6
やーこぼれういっち	7
やーごだ	0
やーしゃ	1
やーしん	1
やーすぃーん	3
やーてーんまき	3
やーどれー	1
やーな	1
やーのしゅ	1
やーみん	1
やーむーす	3
やーもす	1
やーろう	1
やーろー	1
ゆーあん	1
ゆいえ	1
ゆいすまんす	4
ゆうぃりんじいまな	5
ゆんべ	1
ゆぐ	1
ゆしぇんこふ	2
ゆじぇーぬ	2
ゆすたす	1
ゆーすたす	1
ゆすたーしゅ	3
ゆすてぃてぃあ	3
ゆすてぃな	0
ゆすてぃにあぬす	4
ゆすてぃぬす	3
ゆすてぃのふ	3
ゆすふ	1
ゆすぽふ	1
ゆすーぽふ	2
ゆせふ	1
ゆぜく	1
ゆたらぷとる	3
ゆたん	1
ゆでぃしてぃら	3
ゆとりろ	0
ゆどきん	1
ゆのん	1
ゆのー	1
ゆのす	1
ゆはす	1
ゆはーす	2
ゆはに	1
ゆぱ	1
ゆぱんき	2
ゆびゅ	1
ゆぶー	1
ゆゔぇなりす	3
ゆま	1
ゆみとだばら	4
ゆみりー	1
ゆりあす	1
ゆりあに	2
ゆりあぬす	3
ゆりあん	1
ゆりうす	1
ゆりしーず	1
ゆりや	1
ゆりゆり	1
ゆりん	1
ゆるか	1
ゆるげん	1
ゆるげんす	1
ゆるでしょふ	3
ゆるどぅず	1
ゆるばん	1
ゆるる	1
ゆるるざ	2
ゆんかーす	1
ゆんがー	1
ゆんぐ	1
ゆんぐべり	1
ゆんぴょう	1
ゆーいんぐ	1
ゆーいんず	1
ゆーぐ	1
ゆーごっく	1
ゆごー	1
ゆーしす	1
ゆーじーん	3
ゆーすがるど	4
ゆーすてす	1
ゆーせふ	1
ゆーぜりくす	3
ゆーでぃす	1
ゆでぃと	1
ゆーでぃっと	3
ゆーでぃん	1
ゆーでやーん	4
ゆーとぅるな	3
ゆーどしー	1
ゆーどる	1
ゆーにす	1
ゆーにっく	3
ゆーぬす	1
ゆーぴてる	1
ゆーふゅいーず	4
ゆーほく	0
ゆーま	1
ゆーむ	1
ゆーりあ	1
ゆーりえ	1
ゆーりか	1
ゆーりす	1
ゆーれす	1
よあい	1
よあな	1
よあひむ	1
よあぶ	1
よぅん	1
よかなーん	3
よぎへす	1
よけるそい	2
よげしゅ	1
よこらーきぃ	3
よしあ	1
よしゅあ	1
よぜふぃな	2
よちべ	1
よっしー	1
よっふぇ	1
よつふえ	1
よっふむ	1
よっぷ	1
よっぺ	1
よな	1
よなせん	1
よなさん	1
よなたん	1
よぬ	1
よはきむ	1
よはなあん	3
よはの	1
よはん	1
よーはん	1
よはんおらふ	4
よはんそん	2
じょはんな	2
よはんな	2
よへむ	1
よやきむ	1
よやきん	1
よらむ	1
よらんだ	2
よらんど	2
よりっせん	2
よるがー	1
よるぐ	1
よるげん	1
よるごす	1
よるだねすく	4
よんかーす	1
よんそん	1
よーじぇふ	1
よーず	1
よーすたいん	4
よすてん	1
よーすてん	1
よーすと	1
よーせふ	1
よーぜふぃん	3
よーだ	1
よーだむろん	3
よーだー	1
よーどる	1
よーどん	1
よーね	1
よーぷ	1
よーるん	1
よーれん	1
らぁむ	1
らいあむ	1
らいある	1
らいえ	1
らいえる	1
らいおす	1
らいかー	1
らいかーると	3
らいける	1
らいさんだー	3
らいしゃわー	3
らいしゃん	1
らいしん	1
りじーあ	2
らいすけ	1
らいせるべるへ	5
らいっこら	2
らいでぃん	1
らいでぃんがー	3
らいでっかー	3
らいでまいすたー	4
らいといやー	4
らいとばーん	4
らいねっく	3
らいひ	1
らいひょー	1
らいぶらー	1
りーぶらー	1
らいぶりー	1
らいぷにっつ	3
らいぷにつ	3
らいぷりー	1
らいまん	1
らいまーるす	3
らいみ	1
らいみす	1
らいむす	1
らいむず	1
らいむんど	3
らいもん	1
らいむんだ	3
らいもんだ	3
らいらえる	3
らいらす	1
らいりー	1
らいる	1
らいんはると	4
らいんふぇるど	4
らいんほると	4
らうぇる	1
らうぇー	1
らうえ	1
らうえんぶるぐ	5
らうける	1
らうしゃー	1
らうす	1
らうず	1
らうだ	1
らうだー	1
らうでぃす	1
らうどるっぷ	4
らうどん	1
らうふぁー	1
らうら	1
らうりっつ	1
らうりつ	1
らうりー	1
らうるせん	2
らうれった	3
らうれる	1
らうれんてぃうす	5
らうろん	1
らうんず	1
らうーる	2
らえすりーる	4
らおこーん	3
らおたあ	1
らおだめいあ	4
らかなう	1
らがっつぃ	2
らがーでぃあ	2
らがーふぇるど	4
らきーちん	2
らくえる	1
らーくしゃさ	3
らくしゅまなん	4
らくしゅまん	1
らくしゅみー	1
らくしーど	3
らくす	1
らくすまん	1
らくそるわ	3
らくたんつ	3
らくらう	1
らぐなまりあ	4
らぐのお	1
らぐまん	1
らぐらんじぇ	3
らぐらんじゅ	3
らぐーざ	2
らける	1
らげぶ	1
らこんぶ	2
らごじーぬ	3
らごーじん	2
らさりーりょ	3
らさる	1
らさろ	1
らーさろ	1
らざ	1
らざく	1
らざふぉーど	3
らざらす	1
らざり	1
らざるす	1
らーつぁるす	1
らざるてぃーぐ	4
らざれー	1
らざろ	1
らざー	1
らざーる	2
らしぇる	1
らしたー	1
らしっど	2
らしど	1
らしふ	1
らしゅでぃ	1
らしゅりえ	2
らしゅわん	1
らしーぬ	2
らじく	1
らじにかーんと	4
らじにがーんと	4
らじにーし	3
らじねーし	3
らじゃい	1
らじゃうべりな	4
らじゃぐくぐく	3
らじゃどん	1
らじゃぱくさ	3
らじゃぶり	1
らじゃらとなむ	4
らじぶ	1
らじーゔ	2
らすうぇる	1
らすかりす	3
らすかー	1
らすき	1
らすきー	1
らすきん	1
らすける	1
らーすける	1
らすこうすきー	3
らすこりにこふ	5
らすこーりにこふ	6
らすとがーとん	4
らすとぼろふ	4
らすぱいれす	3
らすぷーちな	3
らすぷーちん	3
らすぽーに	3
らすむす	1
らすむっせん	3
らず	1
らずうぇる	1
らずにゃとびっち	5
らずもふすきー	5
らずろ	1
らずーろ	2
らせく	1
らせぺーど	3
らせらす	1
らせりー	1
らせーぐ	2
らそーだ	2
らた	1
らたぷらん	2
らたむ	1
らたー	1
らだっつ	1
らだびのっち	4
らだぴー	1
らだまんてぃす	3
らだまんてゅす	3
らちまん	1
らちゃ	1
らちらか	2
らっかむ	1
らっくすとろー	5
らっぐ	1
らっさー	1
らっさーる	3
らっしゃー	1
らっせ	1
らーせ	1
らっせん	1
らっせーる	3
らったんじ	3
らっちぇんす	3
らっつぇる	1
らっつぇん	1
らってぃーの	3
らっとなー	1
らっぱらいねん	4
らっひりー	1
らっふぁー	1
らっふぇ	1
らっぼ	1
らつぇる	1
らてぃ	1
らてぃか	1
らてぃがん	1
らてぃふ	1
らてぃふぁ	1
らちもーあ	3
らてぃもあ	0
らてぃーに	2
らてぃーぬす	2
らてっく	2
らでぃ	1
らでぃうす	1
らでぃげ	1
らでぃすらふ	3
らでぃそん	1
らでぃっつ	1
らでぃふぉぎっど	4
らでぃむ	1
らでじんすきー	5
らでっく	1
らでつきー	2
らでぶ	1
らでゅり	1
らとあはー	2
らとぅーしゅ	2
らとうぃじ	3
らとくりふ	3
らとけ	1
らーとけ	1
らとなむ	1
らとりっじ	3
らとりふ	2
らとれいゆ	3
らとれっじ	3
らとろふ	1
らとう	1
らとーや	2
らどいこ	2
らどぅ	1
らどくりっふ	4
らどちょう	2
らどっく	1
らどばのふすきー	5
らどふぉーど	3
らどやーど	3
らどる	1
らどろう	1
らどー	1
らなゔぁろ	0
らなゔぁろな	3
らなるど	2
らにあ	1
らにえり	1
らにえーる	3
らにすたー	2
らにょー	1
らにーる	2
らぬるふ	1
らねかー	1
らねく	1
らねつさん	2
らねーふすかや	5
らはじる	1
らはぶ	1
らゔぁいやっく	2
らゔぁこーる	3
らゔぁっと	1
らゔぁてる	1
らばなれす	3
らばに	1
らばぬす	1
らゔぁりえーる	4
らゔぁる	1
らばるか	2
らばんてぃ	2
らばんと	2
らーばんと	3
らばんぬ	2
らぱちょ	1
らぱぽーと	3
らひゅせん	1
らびしゃんかーる	5
らゔぃっす	2
らびにあ	2
らびにや	2
らゔぃにゃ	1
らびのう	1
らびのびっち	4
らゔぃのゔぃっち	4
らびんどぅらなーと	6
らびんどらなーと	6
らびー	1
らびーにゃ	2
らゔぃーにゅ	2
らびーん	2
らゔぃーん	2
らぴどす	1
らぴのーゔぁ	3
らふぁえら	0
らふぁえっりーの	5
らふぁえる	1
らふぁえろ	0
らふぁてぃ	1
らふぁなん	1
らふぁるぐ	2
らふぁろ	1
らふぁろゔぃっち	4
らふぃー	1
らふぇ	1
らふえんて	3
らふぉるぐ	2
らふぉんど	2
らふぉんぬ	2
らふぉーじ	1
らふかでぃお	3
らふかでいお	3
らふさんじゃに	3
らふそん	1
らふまん	1
らふまーん	3
らぶぐっど	3
らゔでい	1
らぶるーす	3
らぶれー	1
らぶれぃす	3
らぶれーす	3
らぶろふ	1
らゔん	1
らぷちんすかや	5
らぷらす	1
らぷらーす	3
らぷらんしゅ	3
らぷんつぇる	2
らぷー	1
らへる	1
らゔぇいん	2
らべらん	1
らゔぇるな	2
らゔぇるにあ	3
らべろまなな	4
らべーい	2
らほ	1
らぼあじぇ	0
らぼあじえ	3
らゔぉあじぇ	0
らゔぉわじぇ	2
らゔわじぇ	0
らぼり	1
らぼるぶ	2
らゔぉんぬ	2
らぽわんと	3
らますうぇあ	4
らまぞってぃ	3
らまつぉってぃ	3
らまちゃんどらん	6
らまっちーに	4
らまでぃえ	2
らまなやけ	3
らまぬじゃん	2
らまぽーさ	3
らまるく	1
らまるてぃーぬ	4
らまろっく	3
らまーず	1
らみえ	1
らみす	1
らみろ	1
らみんぐ	2
らみぃ	1
らみー	1
らむざいあー	3
らむざいやー	3
らむざうあー	3
らむじー	1
らむす	1
らむすてっど	4
らむすふぃーるど	4
らむすべっく	4
らむせす	1
らめせす	1
らむぜい	1
らむぜー	1
らむどぅーん	3
らむるー	1
らむーし	2
らめい	1
らめってぃ	2
らめりかん	2
らもしてれ	3
らもす	1
らもな	1
らもに	1
らもん	1
らもんと	2
らもー	1
らよしゅ	1
ららあ	1
ららむ	1
ららんで	2
ららんど	2
ららんぬ	2
らりおす	1
らりさ	1
らりっく	1
らりっさ	2
らりゅそふ	1
らりゅー	1
らりゅーい	2
らりーさ	2
らるす	1
らるすとん	2
らるせん	1
らるど	1
らるーしゅ	2
らるーす	2
らろ	1
らろっか	2
らろっく	1
らろんど	2
らんがなたん	4
らんがむ	1
らんがん	1
らんがー	1
らんぎ	1
らんくーば	3
らんぐすとれーむ	6
らんぐとん	1
らんぐどん	1
らんぐらん	1
らんぐりっど	4
らんぐれん	1
らんぐれ	1
らんぐれー	4
らんぐろわ	3
らんけ	1
らんげ	1
らんげっさー	3
らんげる	1
らんげん	1
らんげんはいむ	5
らんげんべっく	5
らんげんまんてる	5
らんこーん	3
らんさむ	1
らんしえーる	4
らんしまん	1
らんしんぐ	0
らんじた	0
らんじっと	3
らんすろっと	4
らんずまん	1
らんせる	1
らんせろっち	4
らんだう	1
らんだす	1
らんだる	1
らんちぇすたー	3
らんちゅなー	1
らんちょす	1
らんつぁう	1
らんてぃし	1
らんでぃん	1
らんでる	1
らんでれる	3
らんとぐれーべ	5
らんとしゅたいなー	5
らんとーにあ	3
らんどぅっち	3
らんどふすか	4
らんどると	3
らんどん	1
らんどーる	3
らんばす	1
らんばん	1
らんばーん	3
らんゔぁん	1
らんばーと	3
らんぱーど	3
らんびえ	1
らんふぁ	1
らんふぁりー	1
らんふぃあ	1
らんふぃえ	1
らむふぉーど	3
らんふぉーど	3
らんぶりんぐ	4
らんぶろ	0
らんぶろう	1
らんぶーる	3
らんぷれいあ	4
らんべーる	3
らんぺいじ	1
らんぺーる	3
らんまん	1
らんめる	1
らんりたんぱ	4
らんるんぱ	3
らーうぃ	1
らーかむ	1
らーきん	1
らーぎす	1
らーぐ	1
らーげるれーぶ	5
らーげるれーゔ	5
らーし	1
らーしゅ	1
らーしゅとらぱーら	6
らーしょん	1
らーしる	1
らーじぇんと	1
らーじぇんどら	3
らーじん	1
らーす	1
らーせん	1
らーぜす	1
らーぜまん	1
らーそん	1
らーだー	1
らーだーくりしゅなん	6
らーとぶるっふ	5
らーとぶるふ	4
らーどぶるふ	4
らーぬ	1
らーゔぁー	1
らーぴん	1
らーふ	1
らーふら	1
らーぶ	1
らーべ	1
らーべん	1
らーま	1
らーまちゃんどら	4
らーまん	1
らーまーん	3
らーむすわるーぷ	6
らーむびらーしゅ	5
らーら	1
らーりん	1
りあのん	1
りあぷのふ	3
りあら	1
りあらこす	3
りありー	1
りうい	1
りうとぷらんと	5
りえべん	1
りえら	1
りえんつぃ	2
りえんと	2
りおたーる	3
りおった	2
りおねる	1
りかるど	2
りかるどー	2
りかーどう	2
りがちょふ	1
りきえ	1
りきえる	1
れきえる	1
りきてんすたいん	6
りきにうす	3
りぎあ	1
りくさんど	3
りくてんすたいん	6
りくーる	2
りぐす	1
りぐびー	1
りぐりー	1
りけ	1
りけっつ	1
りけるめ	2
りこる	1
りごれっと	1
りさがりー	2
りさじゅー	2
りさーじゅ	2
りざねく	1
りざゔぇーた	3
りざらず	1
りしあす	1
りゅーしあーす	4
りしつきー	2
りしぽ	1
りしゃるです	2
りしゃるど	2
りしやるど	2
りしゃーる	2
りしゅけーしゃ	3
りしゅゔぁーん	3
りしゅりうー	2
りしゅりゅー	1
りしょーむ	2
りじゃーる	2
りじや	1
りじー	1
りすきんど	3
りすたー	1
りすてる	1
りすとん	1
りすびうす	3
りすふらん	3
りすれーる	3
りぜんどる	2
りぞるべ	2
りたうでぃん	2
りちゃーどへる	4
りちい	1
りちー	1
りっかーと	3
りっくまん	1
りっくらいだー	4
りっけんばっかー	5
りっさうあー	3
りっそん	1
りっだーぶっしゅ	5
りっちぇるそん	2
りっちー	1
りっつぁ	1
りっつぁーに	3
りっつぃ	1
りっつぃー	1
りっつぉーり	3
りつぉーり	2
りっとん	1
りつとん	1
りっぴ	1
りっぷまん	1
りっべんとろっぷ	6
りっべんとろーぷ	6
りっぺんとろっぷ	5
りべんとろっぷ	5
りつぺん	1
りっぽねん	1
りつきー	1
りつま	1
りでぃ	1
りでぃうす	1
りでる	1
りとうぃん	1
りとばるすきー	4
りとれ	1
りどらー	1
りどれい	1
りなり	1
りなるでぃ	2
りなるど	2
りなーと	2
りなーれす	2
りぬあたむ	3
りぬっちーに	4
りねういっち	4
りねかー	1
りねきん	1
りねけん	1
りねっと	1
りはく	1
りはちょふ	1
りはるず	1
りゔぁ	1
りばうど	2
りゔぁうど	2
りゔぁす	1
りばすくる	3
りばーず	2
りゔぁーまうんと	4
りばまん	1
りばーまん	2
りゔぁーんど	2
りぱってぃ	2
りくたー	1
りひたー	1
りひてる	1
りひてんべるく	5
りひとほーふぇん	4
りひとほーへん	4
りうぃあ	1
りびうす	1
りゔぃうす	1
りーうぃうす	3
りゔぃえーる	2
りびおん	1
りびんぐすとーん	6
りぴんこっと	4
りふぁっと	2
りふぁてーる	3
りふきん	1
りふきんど	3
りふしっつ	3
りふしーつ	3
りふーちな	2
りぶじー	1
りぷけん	1
りぷしっつ	3
りぷとん	1
りぷりー	1
りべいろ	2
りべざる	1
りべすきんど	4
りべすと	2
りべーら	2
りべりーの	3
りゔぇろ	1
りべんすきー	2
りほりほ	1
りぼうすき	2
りゔぉね	1
りぼふ	1
りぼんず	1
りぼー	1
りぼーりお	2
りまだ	1
りまん	1
りみー	1
りむすきー	2
りむる	1
りゃぷのふ	1
りゃぼふ	1
りゃーどふ	1
りゃーな	1
りやんでぃ	2
りゅいす	1
りゅうぶーんやう	6
りゅく	1
りゅくせす	1
りゅくるごす	3
りゅくれーす	3
りゅけ	1
りゅさっく	1
りゅさんどろす	4
りゅしす	1
りゅしい	1
りゅしー	1
りゅじにゃん	1
りゅずにー	1
りゅっつおう	1
りゅっつのう	1
りゅっふぇ	1
りゅでぃがー	1
りゅでーん	2
りゅどうぃっく	1
りゅどす	1
りゅどびく	1
りゅどまん	1
りゅどみら	0
りゅどみーら	3
りゅにぃ	1
りゅばっく	1
りゅばんぷれ	2
りゅふぃえ	1
りゅふぇー	1
りゅふゅす	1
りゅぼふぃ	1
りゅぼーふぃ	2
りゅみえーる	3
りゅり	1
りゅんけうす	3
りゅんごー	1
りゅーが	1
りゅーく	1
りゅーじにゃん	1
りゅーだ	1
りゅーど	1
りゅーどべり	4
りゅーどみら	4
りゅーめりん	3
りゅーりく	1
りょさ	1
りょん	1
りらん	1
りりあん	1
りりあーな	3
りりうおからに	5
りりうおからーに	6
りりおからに	4
りりぇ	1
りりえんそーる	5
りりえんたーる	5
りりす	1
りりっぷ	1
りりむ	1
りりゅー	1
りりん	1
りるけ	1
りるむ	1
りろ	1
りろい	1
りーろい	1
りんかーん	3
りんがーた	3
りんぎす	1
りんくびすと	4
りんざー	1
りんじー	1
りんすほーてん	4
りんたーら	3
りんだー	1
りんだーる	3
りんで	1
りんでぃ	1
りんでぃー	1
りんでる	1
りんとなー	1
りんどぐれん	3
りんどぐれーん	5
りんどばーぐ	4
りんどふぉるす	4
りんどぶろむ	4
りんどりー	1
りんどれー	1
りんどん	1
りんなまき	3
りんねうす	3
りんふぉーど	3
りんめる	1
りんりー	1
りーあむ	1
りーいん	1
りーおん	1
りーがん	1
りーきー	1
りーしゃん	1
りーしー	1
りーぢあ	1
りーすまん	1
りーずでいる	4
りーずる	1
りーせ	1
りーせん	1
りーぜる	1
りーちまん	1
りーつらー	1
りーてらー	1
りーでぃす	1
りいでる	1
りーとき	1
りーとふぇると	4
りーにー	1
りーゔぁい	1
りーゔぁる	1
りーばーそん	3
りーばーまん	3
りーぱ	1
りーひてぃ	1
りーび	1
りーびっと	1
りよーりつひ	3
りーびっひ	3
りーびひ	1
れーりつひ	3
りーゔしぇらん	4
りーぶす	1
りーゔす	1
りーゔず	1
りーぷくねひと	5
りーべらー	1
りーべる	1
りーべんすあーむ	6
りーら	1
りーらんと	1
りーらんど	1
りーんちぇ	1
りーんはると	4
るぁず	1
るあでぃ	1
るいえ	1
れいえ	1
るいぎい	1
るぃこふ	1
るいこふ	1
るいさだ	0
るいざ	1
るいーさ	2
るいーざ	2
るいざぉん	3
るいしこふ	3
るいすえんりけ	4
るいせんこ	3
るいぜ	1
るいぞん	1
るいつぇん	1
るいとぽると	4
るいぱすたー	3
るぃぶにこふ	4
るいもん	1
るいーじ	2
るいず	1
るいーぜ	2
るいーだ	2
るうぃん	1
るうぇりん	1
るうりぃ	1
るえる	1
るおほねん	2
ろーほねん	1
るおー	1
るかいや	2
るかす	1
るかせゔぃっち	4
るかにゅえ	2
るかぬす	1
るがー	1
るーがー	1
るきあのす	3
るきある	1
るきうす	1
るーきうす	3
るきお	0
るきっち	2
るきの	1
るきやのふ	3
るきーに	2
るくさ	1
るくると	2
るくれ	1
るくれし	1
るくれてぃあ	3
るくれちうす	4
るくれてぃうす	4
るくれーる	3
るくわ	1
るくー	1
るぐらん	1
るぐらんだん	3
るっけいうす	3
るこふんと	3
るこわんと	3
るこんと	2
るごし	1
るごっく	2
るさこふ	1
るさーる	2
るざる	1
るしあん	1
るしうす	1
るしぇんぶるご	4
るしお	1
るしこふ	1
るしっど	1
るしでぃ	1
るしふぁ	1
るしふぁーど	3
るしふぇる	1
るしゃとりえ	3
るしゅど	1
るしよん	1
るしんだ	2
るしーる	2
るじぇろ	1
るじぇーる	2
るーじえーる	4
るじすきー	2
るじつか	2
るじゃんどる	2
るすか	1
るすちけるろ	4
るすろ	1
るすろー	1
るずたーく	3
るせー	1
るうそお	1
るそう	1
るそー	1
るっそ	1
るっそお	1
るたんす	2
るったー	1
るーてる	1
るだこふ	1
るしあ	1
るちあ	1
るーしあ	1
るちあーの	3
るちぇっらい	2
るちふぁら	0
るっじぇりお	3
るじぇーろ	2
るっじぇーろ	3
るっち	1
るつちたー	1
るっつ	1
るっつぇ	1
るっつぉりーに	4
るってん	1
るっどらー	1
るっふぃーに	3
るっふぉ	1
るっぷ	1
るつぁく	1
るつぃお	1
るつこい	2
るてぃんが	2
るてっり	2
るでぃ	1
るでぃゔぃーぬ	3
るでいな	2
るでんこ	2
るどぅーて	2
るどぅ	1
るどがー	1
るどゔぃぐせん	3
るどゔぃご	0
りゅどゔぃっく	1
るどびっく	3
るどびっち	3
るどふすきー	3
るどみる	1
るどりゅ	1
るーどるふ	3
るどろー	1
るどん	1
るなちゃるすきー	4
るなりろ	0
るなるど	2
るなん	1
るなーる	2
るにえ	1
るにょー	1
るぬゔー	1
るねす	1
るのるまん	2
るのーとる	2
るのーどお	2
るはまんくり	3
るばい	1
るばえふ	2
るばそーる	3
るばっそーる	4
るばんすきー	2
るぱんご	2
るぱーじゅ	2
るぱーと	2
るびえら	0
るびお	1
るびっち	2
るびゃーんつぇふ	2
るびん	1
るうびんすたいん	6
るびんしていん	5
るびんしゅたいん	5
るびんすたいん	5
るーびんしゅたいん	6
るーべんしゅたいん	6
るびーぐる	2
るぴ	1
るぴっく	2
るぴの	1
るぴりうす	3
るふぃ	1
るふぃあ	1
るふぃぬす	1
るふぃーの	2
るふぇーぶる	2
るふぇーゔる	2
るふぉす	1
るふぉー	1
るふす	1
るふと	1
るぶさんちゅるてる	5
るぶたん	1
るぶねる	1
るーぶねる	1
るぶふ	1
るぶりょふ	1
るぶるっく	3
るべ	1
るゔぇすく	2
るべつき	2
るべる	1
るべるす	2
るゔぇるでぃ	2
るべん	1
るべーぐ	2
るぺ	1
るぺてい	1
るぼうすきー	2
るぼゔぃっく	3
るゔぉふ	1
るゔぉわざん	3
るゔぉー	1
るます	1
るみある	1
るみぃやんつぇふ	4
るみぃやんつぇゔぁ	6
るみゃんつぇふ	2
るみゅー	1
るみい	1
るむんば	2
るめい	1
るめいん	2
るめっくす	2
るめっと	2
るめるしぇ	2
るめーとる	2
るめーる	2
るもいん	2
るりえ	1
るりや	1
るるす	1
るるゔぁんすてる	3
るろい	1
るろわ	1
るろん	1
るわーじゅ	2
るんぐ	1
るんごー	1
るんばんがおる	5
るんばんぺあ	5
るんべるく	3
るんめい	1
るんめにげ	3
るーあ	1
るーうぃ	1
るーうぇん	1
るーか	1
るーかす	1
るーが	1
るーくす	1
るーごん	1
るーさー	1
りゅーしやす	3
るーしぇ	1
るーしょー	1
るーじゅもん	1
るーじん	1
るーぢん	1
るーすたほつ	4
るーずべると	4
るーずゔぇると	4
ろうずゔぇると	4
ろーずべると	4
ろーずゔぇると	4
るーでぃっく	1
るーでんつ	1
るーでんどるふ	5
るーとびっひ	4
るーとゔぃっひ	4
るーとゔぃひ	4
るーどゔぃっひ	4
るーにん	1
るーにー	1
るーびっく	1
るーびん	1
るーぴー	1
るーふぁす	1
るーべす	1
るーべっと	1
るーゔぇん	1
るーべーだー	3
るーほーく	3
るーまん	1
るーみす	1
るーみぃ	1
るら	1
るーり	1
るーりー	1
るーるたびーゆ	5
るーるだん	3
るうるう	1
るーれん	1
れあてぃーず	1
れーやーちーず	5
れあり	1
れあー	1
れあーじゅ	2
れあーど	2
れいあーど	3
れいえす	1
れいけ	1
れいざっく	1
れいしー	1
れいちぇる	1
れいつ	1
れいな	1
れいなるど	3
れいにー	1
れいのるず	1
れのるず	1
れーのるず	3
れいのるど	3
れーのるど	3
れいのーる	3
れいば	1
れいゔぁん	1
れいばーん	3
れいふ	1
れいふぁー	1
れいぶんくろー	6
れいへるすべるふ	6
れいみあ	1
れいら	1
れいりあ	1
れいりー	1
れーりー	1
れいんぐ	1
れいんず	1
れうえんはうと	5
れうきっぺー	3
れうきっぽす	3
れうこん	1
れぇっぶ	1
れおかでぃあ	3
れおす	1
れおたーる	3
れおど	1
れおな	1
れおなーる	3
れおに	1
れおーに	2
れおにだす	3
れおにど	0
れおにーど	3
れおにーどゔぃち	5
れおねる	1
れおのふ	2
れおのーら	3
れおのーる	3
れおのーれ	3
れおぽるでぃーね	5
れおぽると	3
れおぽるど	3
れーおぽると	4
れおぽーる	3
れおみゅーる	3
れおんちぇふ	2
れおんはるでぃ	4
れおんはると	4
れおーのわ	2
れかねっと	3
れかみえ	2
れがり	1
れがあと	2
れがーゔい	2
れぎす	1
れくみら	0
れくみれ	2
れぐ	1
れぐるす	1
れぐろったーりえ	5
れげっと	1
れこあ	1
れこば	1
れざのふ	1
れざーのふ	2
れざろ	1
れざーる	2
れしぇーとにこふ	5
れぢあーに	3
れじぇ	1
れじぇす	1
れじぇむ	1
れじなるど	3
れじゃん	1
れじゅー	1
れすこふ	1
れすこお	1
れすこー	1
れすとれーど	4
れすとん	1
れすなー	1
れすにっく	1
れすびあ	0
れすぽーる	3
れすりすばーがー	5
れすりー	1
れすれくしおん	4
れずあん	1
れずのゔぃっち	4
れずりー	1
れせる	1
れだ	1
れーだらー	1
れちぇぬう	1
れくりんぐはうぜん	6
れっぐず	1
れっさる	1
れっしぐ	1
れっしゅ	1
れっぢ	1
れっじぇーり	3
れっちゃみー	1
れっでぃ	1
れっどくりふと	5
れっどふぁーん	4
れっひべるく	4
れっひべるぐ	4
れつごー	1
れてぃ	1
れてぃつぃあ	2
れてぃしゃ	1
れてぃじ	1
れてぃす	1
れてぃら	1
れてぃーふ	2
れでぃん	1
れとうぃざん	3
れどうぃんぐ	3
れどくあいん	4
れどもんど	3
れどんど	2
れなて	1
れなー	1
れなーた	2
れなあど	2
れなーど	2
れなーる	2
れにえ	1
れにえる	1
れにせんぶ	3
れにっけ	2
れにはん	1
れにゅあーと	3
れぬ	1
れね	1
れねはん	1
れの	1
れのあ	2
れのま	1
れのら	1
れのん	1
れのー	1
れのーれ	2
れはらが	2
れはーる	2
ればしょん	1
れぱし	1
れぱらーて	3
れひすて	2
れひなー	1
れびっと	1
れゔぃっと	1
れゔぃなす	1
れゔぃぬす	1
れゔぃんとん	2
れゔぃーとふ	2
れぴどぅす	1
れふぁいすそーん	5
れふぃすか	2
れふくびすと	4
れゔりす	1
れぷけ	1
れぷしうす	3
れぷじうす	3
れゔぇし	1
れべっか	2
れゔぇれんつ	3
れべんざーる	4
れぽれっろ	3
れまるく	2
れみゅーざ	2
れみんとん	2
れむこ	1
れむす	1
れむにうす	2
れむり	1
れめく	1
れめでぃおす	3
れもら	1
れやちーず	3
れよんふーぶど	4
れらんど	2
れりお	1
れりゃ	1
れるぐ	1
れるしゅたーぷ	4
れるひ	1
れれな	1
れうぁーる	2
れんこぽっち	4
れんしゅにっく	1
れんじぇりー	1
れんぞ	1
れんつぉ	1
れんてぃでぃうす	4
れんでぃーの	3
れんでる	1
れんとん	1
れんどりあ	3
れんどる	1
れんなー	1
れんねんかんぷ	5
れんふぃーるど	3
れんふるー	1
れんぺる	1
れーうぃ	1
れーうぇんふっく	5
れーがー	1
れーぐる	1
れーけ	1
れーぜ	1
れーぜる	1
れーち	1
れーちぇん	1
れーでらー	1
れいとん	1
れーとん	1
れなる	1
れーなる	1
れいなー	1
れーなー	1
れーにゃ	1
れーにん	1
れーゔぁきゅーん	4
れーゔぁた	1
れーぴん	1
れーべんすたいん	6
れーゔぇんしゅたいん	6
れーまうん	3
れいまん	1
れーまん	1
れーまー	1
れーめ	1
れーりんく	3
れーるもんとふ	4
れーんぐ	1
ろあな	1
ろーある	1
ろいえんたーる	5
ろいっかー	2
ろいてる	1
ろいでぃ	1
ろいとほるど	4
ろいひぜんりんぐ	4
ろいやーる	3
ろうぇい	1
ろうぇな	1
ろうぶそん	1
ろえすれる	2
ろえべ	1
ろかんたん	2
ろがん	1
ろぎんす	1
ろくさの	0
ろくさな	0
ろくさーぬ	3
ろくすぶるぐ	4
ろくろーる	3
ろくんえぢん	4
ろぐのふ	1
ろぐれこ	0
ろげす	1
ろげんどるふ	4
ろこそふすきー	5
ろごふ	1
ろさ	1
ろさうら	2
ろさす	1
ろさの	1
ろさりあ	3
ろさりお	2
ろされす	1
ろさん	1
ろさーだ	2
ろざみあ	2
ろざむんで	3
ろざもんど	3
ろざりん	1
ろざりんで	3
ろざりんど	3
ろざり	1
ろざりー	1
ろざるば	2
ろざれす	1
ろざんな	2
ろざんぬ	2
ろざーりえ	2
ろしあーな	3
ろしか	1
ろしたー	1
ろしにょん	1
ろしゃす	1
ろしゃんぼ	2
ろしゅこふ	1
ろしーた	2
ろじぇすとうぇんすきー	7
ろじぇすとゔぇんすきー	7
ろじぇーる	2
ろじえーる	3
ろじおのふ	3
ろじた	1
ろじっひ	2
ろじゃーす	1
ろぢゃーす	1
ろじゃーず	1
ろーじぁず	1
ろすこ	1
ろすこぷふ	3
ろすたみ	0
ろすたん	1
ろすしるど	3
ろすちぃるど	3
ろすちゃいるど	3
ろすてんこうすき	5
ろすとう	1
ろすとろぽーびっち	7
ろすとろぽーゔぃっち	7
ろすばーぐ	3
ろすびー	1
ろすまりー	3
ろすまん	1
ろすれーん	3
ろすわいらー	3
ろせ	1
ろせってぃ	2
ろぜってぃ	2
ろぜるわ	2
ろぜんばーぐ	4
ろぞふすきー	3
ろたーる	2
ろだき	1
ろだす	1
ろだむ	1
ろだーむ	2
ろーだむ	1
ろっきやー	1
ろっくうぇる	1
るっくうっど	4
ろっくうっど	4
ろっぐ	1
ろっけりー	1
ろっこ	1
ろっさむ	1
ろっしぇん	1
ろっしーに	3
ろっせりーに	4
ろっせりーの	4
ろっそ	1
ろった	1
ろったー	1
ろっだ	1
ろっちふぉーど	4
ろってんまいやー	5
ろっどぅぇる	1
ろっどまん	1
ろっびあ	1
ろっふ	1
ろっべん	1
ろつえぶに	3
ろとしると	3
ろーとしると	4
ろどうぇい	1
ろどにー	1
ろどねー	1
ろどゔぃこ	0
ろどゔぃーこ	3
ろどら	1
ろどりげす	3
ろどりーげす	3
ろどりご	0
ろどりっく	1
ろどりーご	3
ろどるふぉ	2
ろなうじーにょ	4
ろなうど	2
ろなるど	2
ろなん	1
ろね	1
ろのん	1
ろはん	1
ろはんだ	2
ろばちぇふすきー	5
ろばのつふ	3
ろばのっふ	1
ろばのふ	1
ろばるてぃ	2
ろばーとん	2
ろぱ	1
ろぱーひん	2
ろびあたーる	4
ろゔぃおん	1
ろびね	1
ろびると	2
ろびんす	1
ろびんず	1
ろびんすん	2
ろびんそん	2
ろぴたる	1
ろふぇすたいんろったー	7
ろふぇーる	2
ろふたす	1
ろふてぃんぐ	1
ろふとん	1
ろぶさん	1
ろぶすん	1
ろぶそん	1
ろぶれす	1
ろぶれど	0
ろぷさん	1
ろべかる	0
ろべすぴぇーる	5
ろべすぴえーる	5
ろゔぇる	1
ろべるた	2
ろゔぇろ	1
ろべんず	2
ろぺすこぼす	4
ろぼす	1
ろましょふ	1
ろまぬす	1
ろまーぬす	2
ろまのねす	3
ろまーのふ	2
ろまりお	2
ろまーりお	2
ろまーのゔな	4
ろみー	1
ろみーな	2
ろむにー	1
ろむるす	1
ろーむるす	1
ろむろ	1
ろめいこ	2
ろめでゅー	1
ろめろ	1
ろめーる	2
ろものおそふ	3
ろもら	1
ろもろ	1
ろよら	1
ろらー	1
ろりか	1
ろりな	1
ろりまー	1
ろりゆー	1
ろりん	1
ろりんず	1
ろるか	1
ろるだん	1
ろるつぃんぐ	3
ろれいん	2
ろれった	2
ろれんしゃん	2
ろれんぜん	2
ろれんそ	2
ろれんつぉ	2
ろれんつぇってぃ	4
ろれんつぇん	2
ろれんと	2
ろろぶりじーだ	5
ろわいえ	2
ろわす	1
ろんぎぬす	3
ろんく	1
ろんぐねぶ	1
ろんぐふぇろー	4
ろんぐふぉるど	4
ろんぐふぉーど	4
ろんぐぼとむ	4
ろんげっと	3
ろんご	1
ろんごたばっろ	5
ろんごらうぇ	3
ろんさーる	3
ろんしょん	1
ろんそん	1
ろんぢ	1
ろんのる	1
ろんばるでぃ	3
ろんばーる	3
ろんぱ	1
ろんぶろぞ	3
ろんぼれ	0
ろんぽ	1
ろんめる	1
ろーいー	1
ろーうぇる	1
ろーうぇん	1
ろーうぇんすたいん	6
ろーえ	1
ろーえんす	1
ろーくらふと	4
ろーぐる	1
ろーけ	1
ろーざ	1
ろーざんど	3
ろーしゅ	1
ろーじのふ	3
ろーじゃー	1
ろうじー	1
ろーずべりー	4
ろーせん	1
ろーぜがー	3
ろーぜれ	1
ろーぜんさーる	5
ろーぜんたーる	5
ろーせんばうむ	5
ろーぜんばうむ	5
ろーぜんばーぐ	5
ろーぜんぶらむ	5
ろーぜんまん	3
ろーそん	1
ろーだぼー	3
ろーだーでーる	5
ろーてぃふぇるど	4
ろーでんばっは	5
ろーとりんげん	4
ろーとれあもん	4
ろーとれっく	4
ろーとん	1
ろーな	1
ろーない	1
ろーにんぐ	1
ろーはん	1
ろーば	1
ろーびにひ	3
ろーぶりんぐ	4
ろーべる	1
ろーまのす	3
ろーまー	1
ろーらっと	3
ろーらんす	1
ろーらんず	1
ろーりんぐす	3
ろーりんぐず	3
ろーりんそん	3
ろうりー	1
ろーりぃー	1
ろーるしゃっは	4
ろーるす	1
ろーるず	1
ろーるふ	1
ろーれてぃす	3
ろーれんつ	1
ろーわー	1
ろーんずりー	1
ろーんてぃす	1
わいあっと	3
わいえるしゅとらす	5
わいくりふ	3
わいずまん	1
わいずみゅーらー	4
わいだ	1
わいちぇ	1
ばいすぜっかー	4
わいつぜっかー	4
ゔぁいつぜっかー	4
わいつまん	1
わいでぃんがー	3
わいとまん	1
うぁいなー	1
わいなー	1
わいねると	3
わいのーな	3
わいのーねん	3
わいぶる	1
わいまん	1
わいあしゅとらす	4
わいやすとらす	4
わいりー	1
わいるす	1
わいるず	1
わいんがるとなー	4
わいんすたいん	5
わいんず	1
わいんとろーぶ	5
わいんばーがー	4
わいんばーぐ	4
わいんべるぐ	4
ゔぁいんべるぐ	4
わいんぶれひと	5
わかきよら	3
わかくさか	3
わかたける	1
わがん	1
わくすらー	1
わくりんちゅっく	5
わぐすたっふ	4
わしりこふ	3
わしーりえゔぁ	4
わしいりえういち	5
わしーりぃ	2
わじど	1
わじむ	1
わちらろんこーん	6
わっかー	1
わくすまん	11
わっくすまん	1
わっさーすたいん	6
わっせるまん	3
わっだがーまにー	4
わっつ	1
わつてる	1
わっはーぶ	3
わてぃにうす	3
わときんす	1
わときんず	1
わとゔぃる	1
わどむ	1
わどる	1
わはまん	1
わひど	1
わひーど	2
わふたんごふ	3
わぶふ	1
ぐぁまん	2
わまん	1
わらけあ	0
わりお	1
わりすまん	2
わりんじゃー	2
わりー	1
わるが	1
わるそう	1
わるたり	2
わるたー	1
わるてる	1
わるだいえる	3
わるだー	1
うぁるでん	2
ゔぁるでん	1
うぉるどー	1
わるど	1
わるどなー	1
わるなー	1
わるのー	1
わるぷるが	3
わるぷるぎす	3
ゔぁるぷるぎす	3
わるらす	1
うぁるるーと	3
うぁるろー	1
われうすきー	3
われさ	1
われすか	2
われんしゅたいん	5
うぁれんす	1
われんちん	2
われんてぃな	2
われんにこふ	4
われんばーぐ	4
わろん	1
わろーぢゃ	2
わんか	1
わんかーる	3
わんがり	1
わんだ	1
わんだーす	3
わんち	1
わんちゅく	1
わんわいたやこーん	7
わんわいたやーこーん	8
わーうぃっく	3
わーくまん	1
わーぐまん	1
わーしん	1
わーしぃ	1
わーじまー	1
わーじんとん	3
うぉーずうぉーす	4
うおーずうおーす	4
うおーづおるす	4
わずわーす	3
わーずわす	1
わーずわーす	4
わーち	1
わーつ	1
わーてんばーぐ	5
わーにゃ	1
わーにや	1
うぁーまー	1
わーるす	1
わーるぶるく	4
わーるぶるぐ	4
をおと	1
をわけ	1
んがりゅきいんとぅわり	7
んぐい	1
んげそ	1
んこし	1
んたもぶわ	3
んでたーれ	3
んどぅーる	2
んどうぐ	2
んどんばし	2
あいえぬてぃー	5
あきし	1
あぶど	1
あるでぃ	1
あんとに	0
あーるえむえー	6
ううーっ	2
えすてぃ	1
えすま	1
えぬあいえむえー	7
えふおーえむしー	7
えるな	1
おどね	1
おーあいしー	5
かーす	1
きお	1
きーふ	1
ぎれん	1
くりすてぃ	2
くりんく	2
くれめん	2
ぐらうん	2
けいる	1
けなー	1
げれ	1
こうぼう	0
こーね	1
さいにん	1
さるど	1
しっし	1
しゃな	1
すぃーる	1
じぇず	1
じぇにぃ	1
じぇにい	1
じぇにー	1
じょうん	1
じょおん	1
すたーきー	2
せなる	1
そふぃ	1
たりー	1
だぶりゅーえふぴー	7
だりん	1
だんて	1
ちこ	1
てゅーりき	1
てぃーでぃーえいち	5
でぃおす	1
でぃーえすおー	5
でばい	1
とまそ	1
とりやま	0
どらご	1
なばーる	2
ねーた	1
ねーたー	1
ゔぁすこ	1
ばらん	1
ばりぇ	1
ゔぁりぇ	1
ばんでぃ	1
ばーと	1
ゔぁーん	1
ぱず	1
びっしゅ	1
ぴすと	1
ふぁら	1
ふぁるこ	1
ふぁろー	1
ふらたにて	3
ふれっど	2
ぶしぇ	1
ぶるっく	2
ゔんと	1
ほらん	1
ぼすと	1
ぽぽ	1
ぽーらん	1
まいず	1
まかふぃ	1
まるきー	1
みあ	1
みあー	1
みかえる	1
むりえ	1
もらと	1
やっぺ	1
やひや	1
ゆあん	1
らくろ	1
らてす	1
らゔぃ	1
らむし	1
らら	1
りあな	1
りくそん	1
りーさ	1
りりあ	1
りーぬ	1
るみな	1
るーしぃ	1
るーしい	1
れいあ	1
れまー	1
れんつ	1
れーゔぃ	1
れと	1
れーべ	1
ろこ	1
ろちゃ	1
ろにー	1
ろりー	1
ろーり	1
あいえーぴー	5
あいけ	1
あねっと	2
ありえ	1
ありし	1
あれっく	1
あーてぃ	1
いぇん	1
いば	1
いーびーあーるでぃー	8
えぢそん	1
えふてぃーしー	5
えむぴーじー	5
えむぶいぴー	5
かりすと	2
きゃす	1
けーじー	1
くると	1
くーち	1
さるま	1
じゅね	1
すに	1
すめらぎ	0
そま	1
だり	1
ちゃしな	1
ちゅーや	1
てぃーぴーおー	5
でぃーあいじー	5
でんす	1
なぎ	1
のりん	1
ばくう	1
ひんず	1
ぴっつ	1
ふぉれ	1
ふぉーげる	1
ぶれむ	1
ぶーゔ	1
ぷらの	1
ゔぇるで	1
ゔぇろん	1
まるて	1
まるてん	1
まろい	1
みひゃ	1
もーさ	1
もーぜ	1
らいら	1
りぃな	1
るたー	1
るどるふ	2
るびぃ	1
れじー	1
れゔぃーん	2
れーど	0
あいえふえす	5
あれす	1
あんくたっど	1
あんない	3
いじー	1
いなん	1
いばり	3
えいちしーあーるえむ	9
えふえーおーえすてぃーえーてぃー	13
えむおーぴー	5
えろー	1
おまー	1
おりー	1
おーえーゆー	5
かさす	1
がふ	1
がるー	1
くらゔぇる	1
げるま	1
ころー	1
ざとう	2
しなが	1
しぼ	1
じと	1
じーぴーあーるえす	8
そーると	1
たいなー	1
たぴお	1
だぶりゅーあいえすぴー	9
ちっち	1
てぃーでぃーえる	5
でにんぐ	1
でいる	1
なっぷ	1
はむら	1
はんく	1
ばさん	1
ばれす	1
ぺると	1
まんぐ	1
まんど	1
まーてぃ	1
もーらんど	1
らひーむ	2
りちゃーど	1
るいん	1
るかーち	2
れくたー	1
ろでぃー	1
わいる	1
あげーと	2
あーるだぶりゅーしー	8
あーるてぃーぴー	6
いだ	1
えるてぃーえー	5
えーじーあーるおーけーいーわい	14
おてっろ	2
おべ	1
こんすたん	1
こーでぃ	1
しゅら	1
じぇま	1
じょーん	1
せむ	1
ぞーる	1
たんだ	1
てぃーでぃーあーる	5
どなと	1
ないな	1
ばすこ	1
ばーで	1
ふぉす	1
ぶるがり	0
ぺくとる	1
まんしょ	1
みれにあ	2
らな	1
りかーど	2
るち	1
るつ	1
れびぃ	1
れゔぃー	1
あが	1
あぶらむ	1
いえん	1
いーじーあーる	5
うぉるかー	1
えりざ	1
えるあいびーしー	7
おーま	1
くるーえ	2
けーでぃーいー	5
しぇい	1
しべる	1
じぇーえすえー	5
じゅに	1
じんぐ	1
すまいるす	2
そにん	1
そふぃー	1
たね	1
たぴ	1
ちぇっと	1
てぃーあいえふえふ	7
でぃーてぃーぴー	5
なつか	1
ねも	1
はんす	1
はんぷしゃー	1
びーえむびーだぶりゅー	7
ほーふぁ	1
まふぃー	1
ゆーふぉー	1
よはんねす	2
りと	1
りーな	1
ろある	1
あしはら	2
えいいち	0
えじそん	1
えふてぃーぴー	5
えるえふじー	5
えんふぇると	3
おっやじー	4
おーじぇーてぃー	5
かかえ	0
ぐろん	1
ごりあ	1
しーえぬあーるてぃー	8
じぇーぺぐ	0
じーえふいー	5
せるゔぃ	1
だぶりゅーえむでぃー	7
どーふ	1
なじる	1
ゔあんす	1
ぱてぃー	1
ぱゆ	1
びーえむえふてぃー	7
びーえむぶいじー	7
ぶいあいぴー	5
ぶれん	1
ぷれま	1
ほぜ	1
みょんふん	1
もあー	1
もーあ	1
ゆーえぬえいちしーあーる	10
ゆーえぬえむあいえすいーてぃー	13
ゆーえぬおーえすおーえむ	11
ゆーく	1
りーじゃ	1
りーばす	1
ろい	1
わいざー	1
あいきゃすぷ	3
いーえぬ	3
えすおーえるえーえす	9
えすぴーえるえむ	7
えむでぃーじーえす	7
おーあーるえいちえー	9
かいそん	1
くど	1
くらーる	2
けば	1
しーおーおー	5
じーえぬおーえむいー	9
でっく	1
ふぃに	1
ぶらう	1
ぶらんと	2
まぶ	1
みっく	1
りべら	1
るぶっく	2
わいだぶりゅーしーえー	9
わいびーびー	5
あいぴーこんふぃぐ	15
いーぴーえむえー	7
うるか	0
えふえいちじー	6
えむえーあーるぴーおーえる	12
をうす	1
おぐ	1
かとら	1
かめる	1
げらー	1
しーおーえむぴー	7
しーてぃーびーてぃーおー	9
すらん	1
せぐ	1
せな	1
そろー	1
たお	1
だなお	1
てぃこ	1
でぃっく	1
でーる	1
とろあ	1
ばんす	1
ぴーえぬじー	5
ぴーてぃーぴーえす	7
ぶいあいあーるいーえっくす	10
ゔぇいゆ	1
ゔぇーゆ	1
ほー	0
まぐろ	0
まわ	1
もっ	1
らいな	1
るるー	1
ろち	1
あーるえーでぃーだぶりゅーえーえすえす	16
うるぐ	1
えいわっくす	3
えすえぬいーてぃー	7
えすぴーあーるいーぴー	10
えふおーぶい	5
えむえーえぬぴーえーでぃーえす	13
えるじーびー	5
おいく	1
おーえぬゆーえむおーぜっと	11
けてぃ	1
けーゔ	1
こすめっつ	1
そね	1
でぃあす	1
ばらば	1
ぴーいーあーる	5
まいあーず	1
まいやーす	1
ませい	1
ゆーえぬえむいーいー	9
ゆーえぬぴーあーるおーえふおーあーる	16
りんぜ	1
れいだ	1
れゔぃん	1
あいぴーしーおーえぬえふあいじー	15
おとし	3
かしゃ	1
じぇに	1
しゅてふぁん	2
すてふぁぬ	2
せつな	1
だぶりゅーいーいーいー	9
とーいっく	1
とーふる	1
どるふ	1
はしばみ	0
ゔぃこ	1
べるく	1
まーす	1
あいあいあーる	5
あいあいぴー	5
あいあーるあーるあい	9
あいあーるあーるてぃー	9
あいあーるえす	6
あいあーるえすえー	8
あいあーるえすてぃー	8
あいあーるえーえす	8
あいあーるしー	6
あいあーるてぃー	6
あいあーるびーえむ	8
あいあーるぴーてぃーしー	10
あいいーてぃーえふ	7
あいえいちぴー	6
あいえすあいえす	7
あいえすあいしー	7
あいえすあーる	5
あいえすえむ	5
あいえすてぃーえーてぃー	9
あいえすてぃーしー	7
あいえすでぃーあーる	7
あいえすでぃーえす	7
あいえすでぃーびー	7
あいえすわい	5
あいえぬあいえす	7
あいえぬあーる	5
あいえぬあーるおー	8
あいえぬいーえす	7
あいえぬえす	5
あいえぬえすいーあーるえむ	12
あいえぬえすいーいー	9
あいえぬえすえーじー	9
あいえぬえふしーあいあーるしー	14
あいえぬえふしーいー	9
あいえぬえーあいえる	9
あいえぬだぶりゅーえーしー	11
あいえぬてぃーおーあーる	9
あいえぬでぃー	5
あいえぬびー	5
あいえふあーるいーえむいーあーる	14
あいえふあーるびー	8
あいえふえーでぃー	7
あいえふおー	5
あいえふおーあーる	7
あいえふだぶりゅーぴー	9
あいえむえぬいーてぃー	9
あいえむえる	5
あいえむおー	5
あいえむてぃー	5
あいえむてぃーえす	7
あいえむでぃーじー	7
あいえむぴー	5
あいえるあーるえーでぃー	10
あいえるえーしー	7
あいえるぴー	5
あいえーえぬえー	7
あいえーしー	5
あいえーしーしー	7
あいえーてぃーてぃーしー	9
あいしーあい	5
あいしーあいでぃー	7
あいしーあーるあいえすえーてぃー	14
あいしーあーるぴー	8
あいしーあーるゆー	8
あいしーえすてぃーでぃー	9
あいしーえすゆー	7
あいしーえるいーあい	9
あいしーえーえぬえぬ	9
あいしーおーあーるしー	10
あいしーきゅー	5
あいしーしー	5
あいしーしーえーてぃー	9
あいしーしーぴー	7
あいしーじぇー	5
あいしーてぃー	5
あいしーでぃー	5
あいしーでぃーでぃーあーる	9
あいしーびーえむ	7
あいしーぴーえいちえす	9
あいしーぴーえすあーる	9
あいしーぴーでぃー	7
あいじーあーる	5
あいじーいーえす	7
あいじーしー	5
あいじーしーしー	7
あいじーしーぴー	7
あいじーじーあい	7
あいじーびーぴー	7
あいてぃーあいてぃー	7
あいてぃーえふ	5
あいてぃーえむ	5
あいてぃーえー	5
あいてぃーおー	5
あいてぃーてぃーえー	7
あいてぃーびー	5
あいてぃーびーえる	7
あいてぃーぶい	5
あいでぃーえぬでぃーあーる	9
あいでぃーえー	5
あいでぃーでぃーえぬ	7
あいでぃーびー	5
あいぱる	1
あいびーあーるでぃー	8
あいびーえる	5
あいびーぴーじーあーる	9
あいぴーえすいーしー	9
あいぴーえふ	5
あいぴーおー	5
あいぴーしー	5
あいぴーしーえす	7
あいぴーしーしー	7
あいぴーてぃーえふ	7
あいぴーでぃーあーる	7
あいぴーでぃーえる	7
あいぴーぴーえふ	7
あいぴーぶい	5
あいぴーゆー	5
あいぶいあーる	5
あいゆーおーてぃーおー	9
あいゆーしーえぬ	7
あいゆーでぃー	5
あいれっくす	3
あいわいぶい	5
あしす	1
あすぱっく	3
あでおす	1
あまーる	2
あんどふ	1
あーるあいえふしーでぃーぴー	12
あーるあいえー	6
あーるあいてぃーえむ	8
あーるあーる	4
あーるいーえぬえす	8
あーるいーえむ	6
あーるいーえーでぃー	8
あーるいーびーおー	8
あーるえすいー	6
あーるえすえす	6
あーるえすえむ	6
あーるえすえー	6
あーるえすしー	6
あーるえすてぃー	6
あーるえすぴー	6
あーるえっくす	4
あーるえふあいでぃー	8
あーるえふえふじー	8
あーるえふえるじー	8
あーるえふしー	6
あーるえふてぃーあい	8
あーるえむしー	6
あーるえるえす	6
あーるえーえす	6
あーるえーえすえす	8
あーるえーえすえすえーしー	12
あーるえーえすでぃー	8
あーるおーえいちえす	9
あーるおーえすえー	8
あーるきゅー	4
あーるしーえむぴー	8
あーるしーえー	6
あーるしーえーじー	8
あーるじーびー	6
あーるだぶりゅーあーる	8
あーるだぶりゅーいー	8
あーるだぶりゅーえむしー	10
あーるだぶりゅーしーぴー	10
あーるてぃーえぬえす	8
あーるてぃーえる	6
あーるてぃーけー	6
あーるてぃーしー	6
あーるでぃーあーる	6
あーるでぃーえぬ	6
あーるでぃーえふ	6
あーるでぃーえむ	6
あーるでぃーびー	6
あーるでぃーびーえむえす	10
あーるでぃーぴー	6
あーるびーえむけー	8
あーるびーぴー	6
あーるぴーあーる	6
あーるぴーえす	6
あーるぴーえふ	6
あーるぴーぜっとびー	9
あーるぴーてぃー	6
あーるぴーぴー	6
いくます	1
いくる	1
いんすぺっく	4
いーあいてぃーえふ	7
いーあーるあい	6
いーあーるえむ	6
いーあーるえるてぃー	8
いーあーるでぃーえー	8
いーあーるぴー	6
いーいーあーる	5
いーいーえす	5
いーいーえー	5
いーいーしー	5
いーいーしーえす	7
いーいーじー	5
いーいーぴー	5
いーえいちえふ	6
いーえすあーるおー	8
いーえすえる	5
いーえすえーしー	7
いーえすけー	5
いーえすしーおー	7
いーえすでぃーぴー	7
いーえすぴー	5
いーえすぴーえす	7
いーえすぶい	5
いーえぬえすあーる	7
いーえぬぶい	5
いーえふえる	5
いーえむえす	5
いーえむじー	5
いーえむゆー	5
いーえーあい	5
いーえーてぃーえー	7
いーきゅー	3
いーきゅーえす	3
いーしーいー	5
いーしーえす	5
いーしーえすえす	7
いーしーえすしー	7
いーしーえむ	5
いーしーえるえー	1
いーしーえーてぃー	7
いーしーしーえす	7
いーしーゆー	5
いーじぇー	3
いーじーしー	5
いーじーじー	5
いーぜっとえるえぬ	8
いーてぃーえす	5
いーてぃーえすあい	7
いーてぃーえふ	5
いーてぃーえー	5
いーてぃーしー	5
いーてぃーぴーえす	7
いーでぃくと	1
いーでぃーあい	5
いーでぃーあーるしー	8
いーでぃーえす	5
いーでぃーえふ	5
いーでぃーえむしー	7
いーでぃーえる	5
いーでぃーしーえふ	7
いーでぃーてぃーぶい	7
いーびーえむ	5
いーぴーあいあーるびー	10
いーぴーあいしー	7
いーぴーえすえす	7
いーぴーえすぴー	7
いーぴーえぬ	5
いーぴーおーしー	7
いーぴーしー	5
いーぴーでぃー	5
いーゆーえぬ	5
いーゆーしー	5
うぃっど	1
ういでぃあす	2
うぇいす	1
うぽぶ	1
えいちあいえむあーる	8
えいちあいしー	6
えいちあいぴーしー	8
えいちあいぶい	6
えいちあーるえすてぃー	9
えいちあーるえむ	7
えいちあーるでぃー	7
えいちいーえぬでぃーいーえる	12
えいちいーえふしー	8
えいちいーえむえす	8
えいちえいちあい	7
えいちえすえす	6
えいちえすえすてぃー	8
えいちえすてぃー	6
えいちえすでぃーぴーえー	10
えいちえぬぴー	6
えいちえふあい	6
えいちえふあいあーる	8
えいちえふえすぴー	8
えいちえふえむ	6
えいちえふしー	6
えいちえふびーしー	8
えいちえむえす	6
えいちえむえむえるあーる	10
えいちえむしー	6
えいちえるえー	4
えいちしー	4
えいちしーえふしー	8
えいちしーびー	6
えいちじー	4
えいちてぃーえる	6
えいちてぃーえるぶい	8
えいちてぃーしー	6
えいちてぃーてぃーあーる	8
えいちでぃーあい	6
えいちでぃーえるしー	8
えいちでぃーてぃーぶい	8
えいちびーえふしー	8
えいちぶいえっくすしー	10
えこわす	1
えすあいあい	5
えすあいえす	5
えすあいえぬいーてぃー	9
えすあいしーえー	7
えすあいでぃーえす	7
えすあいぶい	5
えすあーるあい	6
えすあーるあーるしー	9
えすあーるえふ	6
えすあーるえーえむ	8
えすあーるしー	6
えすあーるらむだ	6
えすあーるわい	6
えすいーあーるいーえぬえー	12
えすいーあーるぶいあいえす	12
えすいーえすえす	7
えすいーえふおーあーる	9
えすいーえるいーえぬいー	11
えすいーえーえふでぃーいーしー	13
えすいーえーてぃーえーしー	11
えすいーえーぴーしーいーえぬてぃーあーるいー	20
えすいーおー	5
えすいーしーおーじぇー	9
えすえいちいー	6
えすえいちえふ	6
えすえすあい	5
えすえすあーる	5
えすえすあーるえー	8
えすえすいーびー	7
えすえすえぬ	5
えすえすえるじー	7
えすえすしー	5
えすえすびー	5
えすえすびーえぬ	7
えすえぬあーる	5
えすえぬえす	5
えすえぬえふ	5
えすえぬえむ	5
えすえぬしー	5
えすえぬじー	5
えすえふえっくす	5
えすえふおーあーる	7
えすえふしー	5
えすえふじぇー	5
えすえふじー	5
えすえふでぃー	5
えすえむあーる	5
えすえむいーえす	7
えすえむえる	5
えすえむえーえむ	7
えすえむしー	5
えすえるえむ	5
えすえるおーあーるしー	10
えすえるしーえむ	7
えすえるびーえむ	7
えすえーえふ	5
えすえーえる	5
えすえーしーおー	7
えすえーてぃーぴーおーえす	11
えすえーでぃーしーしー	9
えすおーえっくす	5
えすおーえふ	5
えすおーえふあーるいーえす	12
えすおーえるえーあーる	9
えすおーえー	5
えすおーでぃー	5
えすおーぴーえーしー	9
えすけーでぃー	5
えすけーびーえふ	7
えすしーあい	5
えすしーあいあーるあい	10
えすしーえふじー	7
えすしーしー	5
えすしーびー	5
えすしーぴーしー	7
えすじぇーえふ	5
えすじーあい	5
えすじーえーてぃーえーあーる	11
えすだぶりゅーゆー	7
えすてぃーあい	5
えすてぃーいーぴー	7
えすてぃーえぬ	5
えすてぃーえーあい	7
えすてぃーえーえぬ	7
えすてぃーけー	5
えすてぃーしー	5
えすてぃーしーだぶりゅー	7
えすてぃーでぃー	5
えすてぃーでぃーえーぶいぴー	11
えすてぃーびー	5
えすてぃーぴー	5
えすでぃーえす	5
えすでぃーえむえる	7
えすでぃーえーびー	7
えすでぃーしー	5
えすとーる	3
えすびーあい	5
えすびーえふ	5
えすびーけー	5
えすびーてぃー	5
えすぴーいーいーでぃーあい	11
えすぴーえすいー	7
えすぴーえすえす	7
えすぴーえぬ	5
えすぴーえむ	5
えすぴーえるえー	7
えすぴーえー	5
えすぴーおー	5
えすぴーしー	5
えすぴーゆー	5
えすぶいえふ	5
えすぶいえむ	5
えすぶいでぃー	5
えすわい	3
えっくすえすえる	7
えっくすえふぶい	7
えっくすでぃーえすえる	9
えっくすわいぜっとぜっとわい	13
えどばっく	1
えぬあいあーるいーえっくす	10
えぬあいあーるえす	8
えぬあいあーるえー	8
えぬあいいーおー	7
えぬあいえす	5
えぬあいえすえー	7
えぬあいえすてぃー	7
えぬあいしーしーおー	9
えぬあいしーゆー	7
えぬあーるえる	6
えぬあーるしー	6
えぬあーるぴー	6
えぬいーえすてぃーあい	9
えぬいーえーあーる	7
えぬいーぴーえー	7
えぬいーぴーえーでぃー	9
えぬえいちえる	6
えぬえすあい	5
えぬえすあーるあーる	8
えぬえすえすあーる	7
えぬえすしー	5
えぬえすてぃーしー	7
えぬえすびー	5
えぬえすぴー	5
えぬえぬえす	5
えぬえぬえすあーる	7
えぬえぬえすえす	7
えぬえぬえむ	5
えぬえぬしー	5
えぬえぬだぶりゅー	5
えぬえふあーる	5
えぬえふえす	5
えぬえむあーる	5
えぬえむぶいおーしー	9
えぬえるぴー	5
えぬえるゆー	5
えぬえーあいあーるゆー	10
えぬえーえぬおー	7
えぬえーおーしー	7
えぬえーしーしーえす	9
えぬえーじーあーるえー	10
えぬえーてぃーあいえす	9
えぬおーえる	3
えぬおーしー	5
えぬおーだぶりゅーぴーえいちえーえす	16
えぬおーだぶりゅーぴーえーぴー	13
えぬしーえー	5
えぬしーしーえす	7
えぬじーあい	5
えぬじーしー	5
えぬてぃーあいえー	7
えぬてぃーえすびー	7
えぬてぃーえふえす	7
えぬでぃーえるしー	7
えぬでぃーしー	5
えぬでぃーびー	5
えぬでぃーぴー	5
えぬびーえす	5
えぬびーけー	5
えぬぴーえー	5
えぬぴーしー	5
えぬぴーぴー	5
えぬゆーえすえす	7
えぬゆーえすえすえーしー	11
えぬゆーしーいーえふ	9
えぬわいえむいーえっくす	3
えふあいえすえいちえすてぃーえーてぃー	16
えふあいえー	5
えふあいぜっと	5
えふあいてぃー	5
えふあーるあーる	6
えふあーるぴー	6
えふいーえぬ	5
えふいーえーえるえーしー	11
えふいーおーえふ	7
えふいーおーじーえー	9
えふいーしー	5
えふいーでぃー	5
えふぇいしっど	2
えふえぬえす	5
えふえぬえぬ	5
えふえぬえぬあーる	7
えふえぬえるえー	7
えふえふあーるでぃーしー	10
えふえふえー	5
えふえふおー	5
えふえふてぃーいー	7
えふえふてぃーえふ	7
えふえふびーぴー	7
えふえふぴー	5
えふえむえす	5
えふえむえるえぬ	7
えふえむしー	5
えふえむぴーてぃー	7
えふえむゆー	5
えふえるえぬ	5
えふえるえぬしー	7
えふえーあーる	5
えふえーえす	5
えふえーえぬ	5
えふえーえー	5
えふえーきゅー	5
えふえーぜっと	5
えふおーえす	5
えふおーえふ	5
えふおーえふえー	7
えふおーびー	5
えふおーゆーあーるあいえぬ	12
えふしーいーぶい	7
えふしーぴー	5
えふじーえむでぃーえすえす	11
えふじーじーいー	7
えふてぃーえぬ	5
えふてぃーてぃーえいち	7
えふでぃーあーる	5
えふでぃーえむえー	7
えふでぃーてぃーいー	7
えふでぃーてぃーでぃー	7
えふでぃーぴー	5
えふびーあーる	5
えふびーてぃーあーる	7
えふぴーえるえむてぃーえす	11
えむあいえす	5
えむあいえぬ	5
えむあいえふ	5
えむあいえー	5
えむあいでぃー	5
えむあーるいーしーしー	10
えむあーるえす	6
えむあーるえすえー	8
えむあーるてぃー	6
えむあーるてぃーえー	8
えむあーるびーえむ	8
えむいーあい	5
えむいーえむえす	7
えむいーしーおー	7
えむいーじー	5
えむいーてぃーおー	7
えむえすえるあーる	7
えむえすえー	5
えむえすえーしー	3
えむえすおー	5
えむえすしー	5
えむえすだぶりゅー	5
えむえすぶいきゅー	7
えむえぬあーるゆー	8
えむえふあいしーゆー	9
えむえふえぬ	5
えむえふえー	5
えむえふじぇー	5
えむえむえすいー	7
えむえむえふ	5
えむえむえる	5
えむえむしー	5
えむえむてぃー	5
えむえるあーる	5
えむえるあーるえす	8
えむえるえすえすえす	9
えむえるてぃー	5
えむえるびー	5
えむえるぴーしー	7
えむえーあーるけー	8
えむえーえふえふあいえぬ	11
えむえーびー	5
えむおーえぬいーえっくす	9
えむおーえー	5
えむおーだぶりゅー	5
えむおーびー	5
えむしーいー	5
えむしーえむしー	7
えむしーしー	5
えむしーてぃー	5
えむしーぴーしー	7
えむじぇーぴーあい	7
えむじーえーぴー	7
えむじーしー	5
えむじーぶい	5
えむだぶりゅーえー	7
えむてぃーえぬ	5
えむてぃーさっと	5
えむてぃーぶい	5
えむでぃーえふ	5
えむでぃーえる	5
えむでぃーしー	5
えむでぃーぴー	5
えむでぃーぷれふ	5
えむびーあーる	5
えむびーえいち	5
えむびーえすえーてぃー	9
えむびーえふ	5
えむびーえふあーる	7
えむびーえー	5
えむぴーあーる	5
えむぴーえぬ	5
えむぴーえふびーてぃー	9
えむぴーえるえー	7
えむぴーえー	5
えむぴーしーえす	7
えむぴーしーえー	7
えむぴーでぃー	5
えむぴーゆー	5
えむぶいあーるでぃーぶい	10
えむぶいしー	5
えむゆー	3
えむゆーえすいーえす	9
えむわいびー	5
えるあいえすえー	7
えるあいえぬいーえーあーる	11
えるあいしーえす	7
えるいーきゅー	5
えるいーてぃー	5
えるえすいー	5
えるえすぴーびー	7
えるえぬじー	5
えるえふしーえむ	7
えるえむいー	5
えるえむえー	5
えるえるしーでぃー	7
えるえるてぃー	5
えるえるでぃーしー	7
えるえーいーきゅー	7
えるえーでぃー	5
えるおーおーしー	7
えるおーしーえー	1
えるしーえす	5
えるしーえー	5
えるしーえーてぃー	7
えるしーでぃー	5
えるぜっとえいち	6
えるてぃーてぃーいー	7
えるてぃーでぃーぴー	7
えるでぃーえす	5
えるでぃーえぬ	5
えるでぃーぴー	5
えるびー	3
えるびーえいち	5
えるびーしー	5
えるびーじー	5
えるびーびー	5
えるぴーえす	5
えるぴーしーえむ	7
えるぴーでぃー	5
えるぶいえる	5
えるぶいしーえすあーる	9
えるゆーえぬえーあーる	9
えるゆーぶい	5
えーあいあい	5
えーあいあーるえす	8
えーあいいーしー	7
えーあいえすてぃー	7
えーあいえふ	5
えーあいえむ	5
えーあいしーおーえぬ	9
えーあいてぃー	5
えーあいでぃーえっくすてぃー	11
えーあいびーでぃー	7
えーあーるいーえぬえー	10
えーあーるえすあーる	8
えーあーるじーおー	8
えーあーるてぃーえす	8
えーあーるびー	6
えーいーあいえす	7
えーいーしー	5
えーいーでぃー	5
えーえいちえす	6
えーえいちえすあーるえー	11
えーえすいーぴー	7
えーえすえすいー	7
えーえすえすいーてぃー	9
えーえすえふえー	7
えーえすえむ	5
えーえすおー	5
えーえすしーおーてぃー	11
えーえすてぃーあいえぬえふおー	13
えーえすぶい	5
えーえぬあーるぴーしー	10
えーえぬえすゆーえす	9
えーえぬぶいえーあーる	9
えーえふえふおー	7
えーえふえー	5
えーえふおーけー	7
えーえふしー	5
えーえふてぃーえー	7
えーえふてぃーえーえっくす	9
えーえふでぃーえふ	7
えーえふでぃーびー	7
えーえむいーえす	7
えーえむえふ	5
えーえむじー	5
えーえむびー	5
えーえるえーあーるえー	10
えーえるえーぴー	7
えーえるおーえす	7
えーえるしーえむ	7
えーえるしーえーてぃーおーあーる	13
えーえるびー	5
えーおーてぃーえす	7
えーおーでぃー	5
えーけーてぃーゆーあーる	9
えーしーあーるえす	8
えーしーいー	5
えーしーえすあーる	7
えーしーえすえす	7
えーしーえすえー	7
えーしーえすしー	7
えーしーえすてぃーでぃー	9
えーしーえーえす	7
えーしーえーぴー	7
えーしーじーえむいー	9
えーしーてぃーぴーえぬ	9
えーしーでぃーいー	7
えーじぇーしーしーいーぴー	11
えーじーあーるあいえす	10
えーじーえぬえす	7
えーぜっとてぃー	6
えーだぶりゅーしー	7
えーてぃーぴー	5
えーでぃーあーる	5
えーでぃーえむあいえっくす	9
えーでぃーぴー	5
えーでぃーぴーしー	7
えーびーえむ	5
えーびーおー	5
えーびーしーぴー	7
えーびーだぶりゅーあーる	9
えーぴーあいあい	7
えーぴーあいえす	7
えーぴーあーるえすえーえふ	12
えーぴーいーえっくす	7
えーぴーえるえーしー	9
えーぴーしー	5
えーぴーてぃー	5
えーぴーぴーてぃーしー	9
えーぴーぴーゆー	7
えーぶいあーる	5
えーぶいえふ	5
えーぶいえむ	5
えーぶいえるあいえす	9
おへあ	1
おーあいいー	5
おーあいしーいーてぃーえす	11
おーあーるあーる	6
おーあーるいーえっくす	8
おーあーるえすあーる	8
おーあーるえふ	6
おーあーるびー	6
おーいーえむ	5
おーいーしーえふ	7
おーえいちきゅー	6
おーえいちしー	6
おーえすあい	5
おーえすえーあーるてぃー	10
おーえすてぃー	5
おーえすびー	5
おーえすぴーえーあーる	9
おーえぬゆーえすえーえる	11
おーえぬゆーぶいいーえぬ	11
おーえふしー	5
おーえふしーえふ	7
おーえふでぃーえー	7
おーえむじー	5
おーえむてぃー	5
おーえるえす	5
おーえるゆーえいちおー	10
おーえーえす	5
おーおーえふ	5
おーしーあーる	5
おーしーえいちえー	8
おーしーえー	5
おーじぇーえる	5
おーじーあい	5
おーじーえふ	5
おーじーえる	5
おーじーじぇー	5
おーすめっど	1
おーてぃーしー	5
おーてぃーぴー	5
おーでぃーあいえいちあーる	10
おーぴーあーるしー	8
おーぴーじーだぶりゅー	8
おーぶいあいえす	7
おーゆーあーるでぃー	8
かうす	1
かっず	1
かぬ	1
きゅーいーでぃー	5
きゅーえす	3
きゅーえすえす	5
きゅーえーえむ	5
きゅーおーえす	5
きゅーじぇー	3
きゅーでぃーあーる	5
きゅーびー	3
くりーふ	2
けーあいえすてぃーあい	9
けーあーるあーるぴー	9
けーいーいーあい	7
けーいーじーじー	7
けーえいちぶい	6
けーえぬおー	5
けーえぬけー	5
けーえふえーいーでぃー	9
けーえふけー	5
けーえむけー	5
けーおーあいしーえー	9
けーおーでぃーえす	7
けーしーあいえー	7
けーしーえぬおー	7
けーじぇー	3
けーびーえる	5
けーぴーえいち	5
けーぴーえぬ	5
けーぶいけー	5
げせる	1
さぴ	1
さんぱ	1
さんまっく	1
しーあいあーるえすてぃー	10
しーあいいーしー	7
しーあいえすぴーあーる	9
しーあいえふ	5
しーあいえふあーるいー	10
しーあいえむ	5
しーあいえむいー	7
しーあいえーおー	7
しーあいしー	5
しーあいしーしーぴー	9
しーあいてぃーいーえす	9
しーあいぴー	5
しーあーるいーでぃー	8
しーあーるえす	6
しーあーるてぃー	6
しーあーるでぃー	6
しーあーるでぃーぴー	8
しーあーるびーあーる	8
しーあーるぴーぴーえいち	10
しーいーあーる	5
しーいーえす	5
しーいーえふ	5
しーいーえふてぃーえー	9
しーいーえー	5
しーいーおーえす	7
しーいーじーびー	7
しーいーぴーえー	7
しーいーぴーてぃー	7
しーえいちおーぴー	8
しーえいちでぃーえふ	8
しーえいちふぉー	6
しーえすあーるてぃー	8
しーえすえぬあい	7
しーえすけー	5
しーえすてぃー	5
しーえすてぃーぴー	7
しーえすでぃー	5
しーえすぴーえす	7
しーえぬあーるえす	8
しーえぬあーるえー	8
しーえぬいー	5
しーえぬいーあーる	7
しーえぬいーえす	7
しーえふえー	5
しーえふしー	5
しーえふてぃーしー	7
しーえふでぃー	5
しーえむあいてぃー	7
しーえむえふ	5
しーえむえー	5
しーえむえーえっくす	7
しーえるえす	5
しーえるえーあいあーる	9
しーえるおー	5
しーえるぴー	5
しーえーえぬでぃーゆー	9
しーえーえふてぃーえー	9
しーえーえむ	5
しーえーえむえす	7
しーえーえる	5
しーえーえるえす	7
しーえーしー	5
しーえーしーえむ	7
しーえーでぃーえむいーえっくす	11
しーえーびー	5
しーえーぴーあいえすいー	11
しーえーぴーでぃー	7
しーおーあーるてぃーいーしーえいち	14
しーおーえす	5
しーおーえすぴーえーあーる	11
しーおーえっくす	5
しーおーえむいーてぃーえす	11
しーおーえむぴーえーしーてぃー	13
しーおーえー	5
しーおーおーあーるでぃーしーおーえむ	16
しーおーじーいーえむえー	9
しーおーだぶりゅー	5
しーおーでぃー	5
しーおーでぃーいーぶいてぃーいーえる	15
しーおーびー	5
しーおーびーいー	7
しーおーぴーえー	7
しーおーぴーでぃー	7
しーおーぴーゆーおーえす	11
しーしーあいあーる	7
しーしーあいえす	7
しーしーあいてぃーてぃー	9
しーしーあーるえー	8
しーしーいーてぃー	7
しーしーえるてぃーでぃー	9
しーしーじーえー	7
しーしーてぃーぶい	7
しーじぇーてぃーえふ	7
しーじーあいえーあーる	9
しーじーえー	5
しーてぃーでぃー	5
しーでぃーあい	5
しーでぃーあいえーしー	9
しーでぃーえす	5
しーでぃーえぬえー	5
しーでぃーえふあーる	7
しーでぃーえー	5
しーでぃーぶい	5
しーびーでぃー	5
しーびーぶい	5
しーぴーあい	5
しーぴーあーる	5
しーぴーえふ	5
しーぴーえーぴー	7
しーぴーてぃー	5
しーぶいしーしー	7
しーぶいてぃー	5
じぇっふる	1
じぇーあいえすえす	7
じぇーあいえるぴーてぃー	9
じぇーあいしーだぶりゅーいーえるえす	15
じぇーあいてぃーしー	7
じぇーあいぴーぴーえー	9
じぇーあーるあーる	6
じぇーあーるしーびー	8
じぇーいーえっくすあーる	9
じぇーいーえむ	5
じぇーいーじーえす	7
じぇーいーてぃー	5
じぇーいーてぃーてぃーぶい	9
じぇーいーぶい	5
じぇーえいちえふえー	8
じぇーえいちしー	6
じぇーえいちでぃーえむ	8
じぇーえすてぃー	5
じぇーえすでぃー	5
じぇーえぬえぬ	5
じぇーえぬてぃーおー	7
じぇーえふえる	5
じぇーえふてぃー	5
じぇーえむえいち	5
じぇーえむえす	5
じぇーえむえるいー	7
じぇーえむてぃーあーる	7
じぇーえむてぃーでぃーあーる	9
じぇーえーえすあいしー	9
じぇーえーえすあーるいーぴー	12
じぇーえーえすえー	7
じぇーえーえすしー	7
じぇーえーえすてぃーぴーあーるおー	14
じぇーえーえすぴーえーえす	11
じぇーえーえぬ	5
じぇーえーえむえー	7
じぇーえーてぃーぴー	7
じぇーおーしーぶい	7
じぇーさぴ	0
じぇーしーえすえーてぃー	9
じぇーしーじぇー	5
じぇーしーてぃー	5
じぇーじーえぬ	5
じぇーてぃーいーしー	7
じぇーてぃーえふいーえっくす	9
じぇーてぃーしー	5
じぇーでぃーあーる	5
じぇーでぃーしー	5
じぇーとび	0
じぇーびーあいしー	7
じぇーびーぴー	5
じぇーぴーあーるえす	8
じぇーぴーえす	5
じぇーぴーでぃーあーる	7
じぇーぶいしー	5
じぇーゆーえるあい	7
じぇーゆーぴーぴー	7
じゃいすつ	1
じゃさ	1
じゃふる	1
じーあいあい	5
じーあいてぃー	5
じーあいぴー	5
じーあーるあいぴー	8
じーあーるてぃー	6
じーあーるゆーえぬけー	10
じーいーてぃーえすしーおー	11
じーえいちしー	6
じーえすあーる	5
じーえすえす	5
じーえすしー	5
じーえすぴー	5
じーえっくす	3
じーえぬあい	5
じーえぬいー	5
じーえぬえぬ	5
じーえぬでぃーぴー	7
じーえふあい	5
じーえふえす	5
じーえむえむ	5
じーえむえむえる	7
じーえむてぃー	5
じーえむてぃーぶい	7
じーえむでぃーえすえす	9
じーえむぴー	5
じーえるあーる	5
じーえるえぬ	5
じーえるしーえむ	7
じーえるぴー	5
じーえーあーるぴー	8
じーえーえーえすえふいーてぃー	13
じーえーえーえー	7
じーえーしー	5
じーえーだぶりゅー	5
じーえーてぃーえす	7
じーおーおーえす	7
じーおーてぃー	5
じーおーりぶ	5
じーけーえす	5
じーけーえぬ	5
じーさっと	1
じーしーあーる	5
じーしーぴー	5
じーだぶりゅーぴー	7
じーてぃーいー	5
じーてぃーえす	5
じーてぃーえるでぃー	7
じーてぃーしー	5
じーてぃーぴー	5
じーでぃーあいえぬ	7
じーでぃーいー	5
じーでぃーえー	5
じーでぃーぴーじーえーぴー	11
じーびーあい	5
じーぴーあいびー	7
じーぴーえむ	5
じーぴーえー	5
じーぴーてぃー	5
じーぴーでぃー	5
じーぶいえー	5
じーまっと	1
じーゆーあい	5
じーゆーえぬてぃー	7
じーりぶ	3
じーれっくす	3
すきゃっぴん	2
すてら	1
すぺくと	2
すらっぴー	2
ぜっとあいぴー	6
ぜっとあいぴーあーるえー	11
ぜっとえぬ	4
ぜっとえーえぬえるえー	10
ぜっとえーえぬゆー	8
ぜっとえーぴーゆー	8
だいあるす	1
だぶりゅーあいえぬでぃーえす	11
だぶりゅーあいでぃーいーえすぴーあーるいーえーでぃー	22
だぶりゅーあーるしー	8
だぶりゅーいーえすてぃーぴーえーしー	15
だぶりゅーいーしー	7
だぶりゅーいーしーぴーえぬえる	13
だぶりゅーいーぴー	7
だぶりゅーえすえすでぃー	9
だぶりゅーえすてぃーえす	9
だぶりゅーえふしーえる	9
だぶりゅーえふでぃー	7
だぶりゅーえむおー	7
だぶりゅーえるあーる	7
だぶりゅーえーあーるしー	9
だぶりゅーえーえすえすえーしー	13
だぶりゅーえーけー	7
だぶりゅーえーしー	7
だぶりゅーしー	5
だぶりゅーてぃーあい	7
だぶりゅーてぃーえすしー	9
だぶりゅーてぃーでぃーしー	9
だぶりゅーびーえー	7
だぶりゅーびーおー	7
だぶりゅーびーしー	7
だぶりゅーびーしーえすでぃー	11
だぶりゅーびーゆー	7
だぶりゅーぴーあい	7
だぶりゅーぴーあーるおー	10
だぶりゅーぴーおー	7
だぶりゅーぴーしー	7
だーん	1
てぃっぷす	1
てぃみっと	1
てぃーあいしーえーでぃー	9
てぃーあいじぇー	5
てぃーあーるあいぴーえす	10
てぃーあーるえす	6
てぃーあーるえーえぬえすえすえーしー	16
てぃーいーえっくすてぃーおーあーる	13
てぃーいーきゅー	5
てぃーえいちえーえーでぃー	10
てぃーえいちおーあーるぴー	11
てぃーえいちだぶりゅー	6
てぃーえいちてぃーあーる	8
てぃーえすえいち	5
てぃーえすえす	5
てぃーえすえる	5
てぃーえすしー	5
てぃーえぬしー	5
てぃーえぬぴーじー	7
てぃーえふてぃー	5
てぃーえふてぃーあーる	7
てぃーえふぴー	5
てぃーえむえぬ	5
てぃーえむしー	5
てぃーえるしー	5
てぃーえーあいえす	7
てぃーえーおーえぬいーてぃー	11
てぃーおーあーる	5
てぃーおーえむえす	7
てぃーおーえー	5
てぃーおーぶいえす	7
てぃーしーえす	5
てぃーしーえる	5
てぃーしーぴー	5
てぃーじーえむえむ	7
てぃーじーぶい	5
てぃーだぶりゅーいーびーえす	11
てぃーだぶりゅーてぃー	7
てぃーてぃーいー	5
てぃーてぃーぴー	5
てぃーでぃーあーるえすえす	10
てぃーでぃーえぬ	5
てぃーでぃーえふ	5
てぃーでぃーえむ	5
てぃーでぃーえむえー	7
てぃーでぃーえむてぃー	7
てぃーでぃーびー	5
てぃーびーあーる	5
てぃーびーえる	5
てぃーびーしー	5
てぃーぴーいー	5
てぃーぴーえむ	5
てぃーぴーしー	5
てぃーぴーてぃー	5
てぃーぶいえー	5
てぃーわいけー	5
てまっくす	2
でぃく	1
でぃーあいあーるあーる	8
でぃーあいえす	5
でぃーあいぴーえす	7
でぃーあーるあい	6
でぃーあーるえむ	6
でぃーあーるじー	6
でぃーあーるてぃー	6
でぃーあーるてぃーえす	8
でぃーあーるぴー	6
でぃーいーえっくす	5
でぃーいーしー	5
でぃーえいちえー	6
でぃーえいちしーぴー	8
でぃーえいちてぃー	6
でぃーえすあい	5
でぃーえすあーるしー	8
でぃーえすえむ	5
でぃーえすてぃーあい	7
でぃーえすびー	5
でぃーえすぴー	5
でぃーえぬえふ	5
でぃーえぬえむいーえす	9
でぃーえふあーる	5
でぃーえふいー	5
でぃーえふじー	5
でぃーえふでぃーあーる	7
でぃーえむいー	5
でぃーえむしーいー	7
でぃーえるえる	5
でぃーえるてぃー	5
でぃーえーでぃー	5
でぃーおーいー	5
でぃーおーえいちしー	8
でぃーおーてぃー	5
でぃーおーぴー	5
でぃーおーぴーえす	7
でぃーしーえぬえー	7
でぃーだぶりゅーけー	7
でぃーだぶりゅーびー	7
でぃーてぃーえー	5
でぃーてぃーえーえっくす	7
でぃーてぃーでぃー	5
でぃーでぃーえっくす	5
でぃーでぃーてぃー	5
でぃーびーあーるでぃーえむ	10
でぃーびーえす	5
でぃーぴーいー	5
でぃーぴーしー	5
でぃーらむ	1
でしゅう	1
でもす	1
なふる	1
にふ	1
にんびー	1
にーさん	1
ねっさ	1
のらど	1
はっつ	1
はめど	1
はるうぃん	1
はるぼう	1
ばーまる	1
ぱーすと	1
ひっく	1
びーあいえぬえーぴー	9
びーあいてぃー	5
びーあーるおー	6
びーいーてぃーえいちえすわい	12
びーえいち	3
びーえいちえぬ	6
びーえいちしー	6
びーえいちしーえぬ	8
びーえすえす	5
びーえすえーてぃー	7
びーえすしー	5
びーえぬえふえる	7
びーえむぴー	5
びーえるけー	5
びーえーいー	5
びーえーえぬ	5
びーけーぴー	5
びーしーあーる	5
びーしーあーるでぃー	8
びーしーしー	5
びーしーじー	5
びーだぶりゅーあーる	7
びーだぶりゅーぶい	7
びーてぃーびー	5
びーでぃー	3
びーびーえむ	5
びーゆーえぬ	5
ぴこら	1
ぴーあいえすえー	7
ぴーあいえーえふえす	9
ぴーあいけー	5
ぴーあいしー	5
ぴーあいだぶりゅー	5
ぴーあいぴー	5
ぴーあーるいーえふ	8
ぴーあーるえすしー	8
ぴーあーるえすぴー	8
ぴーあーるてぃー	6
ぴーあーるてぃーあーる	8
ぴーあーるでぃー	6
ぴーいーえっくす	5
ぴーいーえーてぃー	7
ぴーいーてぃー	5
ぴーえいちあいえー	8
ぴーえいちいーびーゆーえす	12
ぴーえいちしー	6
ぴーえいちだぶりゅー	6
ぴーえいちわい	6
ぴーえすえむ	5
ぴーえすぴーえす	7
ぴーえぬえす	5
ぴーえぬしー	5
ぴーえぬぴー	5
ぴーえふあーる	5
ぴーえふえるぴー	7
ぴーえふしー	5
ぴーえふてぃー	5
ぴーえふぴー	5
ぴーえむえふ	5
ぴーえむしー	5
ぴーえるえすでぃー	7
ぴーえるでぃー	5
ぴーえるぴー	5
ぴーえーあいじーしー	9
ぴーえーえいちおー	8
ぴーえーえすしー	7
ぴーえーしー	5
ぴーえーでぃー	5
ぴーえーぴーあい	7
ぴーおーじー	5
ぴーおーぴーえす	7
ぴーしーあーる	5
ぴーしーえすぴー	7
ぴーしーえぬ	5
ぴーしーえー	5
ぴーしーえーえすてぃー	9
ぴーしーえーてぃー	7
ぴーしーしーだぶりゅー	7
ぴーしーてぃー	5
ぴーしーでぃーえふ	7
ぴーしーでぃーでぃー	7
ぴーしーびー	5
ぴーしーびーえす	7
ぴーしーぴー	5
ぴーじぇーびーでぃー	7
ぴーじーえむ	5
ぴーじーじー	5
ぴーぜっとてぃー	6
ぴーそーら	3
ぴーだぶりゅーあーる	7
ぴーだぶりゅーえむ	7
ぴーだぶりゅーしー	7
ぴーだぶりゅーじー	7
ぴーてぃーえぬ	5
ぴーてぃーびー	5
ぴーでぃーえす	5
ぴーでぃーえふ	5
ぴーでぃーじー	5
ぴーでぃーでぃー	5
ぴーびーえす	5
ぴーびーえっくす	5
ぴーびーえふ	5
ぴーびーえー	5
ぴーぴーぴーおーいー	9
ぴーぶいえむ	5
ぴーぶいえー	5
ぴーゆーぴー	5
ぶいあーるえす	6
ぶいあーるえむえる	8
ぶいいーえぬえーゆーえむ	11
ぶいいーじーえふ	7
ぶいいーぴー	5
ぶいえいちえふ	6
ぶいえすびー	5
ぶいえふ	0
ぶいえふあーる	5
ぶいえふえす	5
ぶいえるえすあい	7
ぶいえるしーしー	7
ぶいえるしーてぃー	7
ぶいえるでぃーえる	7
ぶいえるびーあい	7
ぶいえーあーる	5
ぶいえーえすあいえす	9
ぶいえーえぬ	5
ぶいおーあーる	5
ぶいおーあーるてぃーえーしー	12
ぶいおーでぃー	5
ぶいじーあーるえす	8
ぶいでぃーてぃー	5
ぶいとーる	3
ぶいびーえる	5
ぶいぴーあい	5
ぶいぴーえぬ	5
ぶいぶいいーあーる	7
ぶいぶいぶいえふ	7
ぶらっ	2
ぷさいせるぷ	4
ぷろごる	1
ぽさ	1
ぽっく	1
まとらぶ	0
みっぷす	1
めるぷ	1
もっぷ	1
もでぃ	1
ゆにしすと	1
ゆにすぺーす	4
ゆねふ	1
ゆーあいえす	5
ゆーあいしーえぬ	7
ゆーあーるえすあい	8
ゆーあーるしー	6
ゆーえすあいじぇーあい	9
ゆーえすいーあーるえす	10
ゆーえすえすびーえす	9
ゆーえすえむ	5
ゆーえすえーあいでぃー	9
ゆーえすおーしー	7
ゆーえすしー	5
ゆーえすてぃーあーる	7
ゆーえすでぃーえー	7
ゆーえっくす	3
ゆーえぬあいあいえむおーじー	13
ゆーえぬあいえすてぃーえすてぃー	13
ゆーえぬあいえふあいえる	11
ゆーえぬあいえふあいしーわいぴー	15
ゆーえぬあいえふえるえる	11
ゆーえぬあいてぃーえー	9
ゆーえぬあいてぃーえーあーる	11
ゆーえぬあーるいーおー	10
ゆーえぬいーぴーてぃーえー	11
ゆーえぬえすえふ	7
ゆーえぬえすえむえー	9
ゆーえぬえすしーいーえーあーる	13
ゆーえぬえふ	5
ゆーえぬえふぴーえー	9
ゆーえぬえむおーぶいあいしー	13
ゆーえぬえる	5
ゆーえぬえーあいでぃーえす	11
ゆーえぬえーえむあいしー	11
ゆーえぬえーぶいいーえむ	11
ゆーえぬしーあいてぃーあーるえーえる	16
ゆーえぬしーあーるおー	10
ゆーえぬしーいーでぃー	9
ゆーえぬしーえいちえす	10
ゆーえぬしーえすてぃーでぃー	11
ゆーえぬじーえーえすえす	11
ゆーえぬじーおーえむえーぴー	13
ゆーえぬてぃーえーいーえす	11
ゆーえぬてぃーえーじー	9
ゆーえぬでぃーあーるおー	10
ゆーえぬでぃーしー	7
ゆーえぬでぃーぴー	7
ゆーえぬぴーあーるいーでぃーいーぴー	16
ゆーえぬゆー	5
ゆーえふしっくす	3
ゆーえるえすあい	7
ゆーおーつー	5
ゆーけーえーいーえー	9
ゆーしーあい	5
ゆーしーえる	5
ゆーじぇーえぬあーる	7
ゆーじぇーえるあい	7
ゆーじぇーぴーぴー	7
ゆーじーてぃーてぃー	7
ゆーだぶりゅーぴー	7
ゆーてぃーえむえす	7
ゆーでぃーいーえーしー	9
ゆーでぃーえふ	5
ゆーぴーあい	5
ゆーぴーあーるおーえぬえー	12
ゆーぴーゆー	5
ゆーろびじょん	4
らうん	1
らーじー	1
らてふ	0
らぷこん	1
らーず	1
りすぷ	1
りるふぇす	1
るも	1
れびー	1
わいあいえす	5
わいえぬえーえす	7
わいえふゆー	5
わいえむおー	5
わいえーけー	5
わいてぃーしー	5
わいぴー	3
あくしお	2
あぶらかだかどとるせろぷてりく	13
あぼきゃじゃやにそろそろそわか	9
あるー	1
いんぺでぃめんた	3
いんぺりお	3
いーぴーおー	3
えいちじーえー	6
えくすぺりあーむす	6
えーあーるしーおー	8
えーえむぴー	5
えーえるえす	5
きゅっ	1
きゆつ	1
けだぶら	4
さあみああ	1
さんでぃー	1
さーる	1
しーえすあいえす	7
しーゆー	3
てぃーあーるゆー	6
ねぷ	1
はみるんど	3
ぴーてぃーえす	5
ぶーりん	1
ぺっく	1
ぼんじょるの	3
まうな	1
りな	1
れじりめんす	2
あいけん	1
あめーり	2
えいちえーえる	6
えすぴーいー	5
えるえーえす	5
おーてぃー	3
きいす	1
くっき	1
ぐれいぷ	2
こぶー	1
しーえるいー	5
じーえー	3
すたっと	2
ばいえ	1
ぱるみ	1
ぴーあいえすしー	7
ほりす	1
めえ	1
めぇー	1
めえー	1
もい	1
りーゔ	1
れいばー	1
ろーぐ	1
あいえるえす	5
あいけー	3
あぬ	1
あーるおーしー	6
いーびーあーる	5
えすびーえー	5
えれ	1
おおはら	1
じぇーぴー	3
じーあーるいー	6
てもて	1
ゔぁんす	1
ぴーいーじー	5
ぶいえすえむ	5
ぶらっつ	2
ぽぅ	1
ぽれ	1
まるろ	1
めでぃ	1
めでいあ	2
らんどる	1
ろーだ	1
あもす	1
いその	1
えふいー	3
えふえいち	3
えーぴーえす	5
えーぴーえーえぬ	7
そわ	1
ぴーあーるえす	6
みせ	1
いんばー	1
うらみ	3
えいちえー	4
えすえるえー	5
えぬしー	3
こき	1
されむ	1
じーあいえー	5
じーでぃーびー	5
どっじ	1
びーあーるあい	6
もんと	1
るっ	1
るぺん	1
うぇいど	1
うぇーど	1
えいちしーあーる	6
えふでぃーえむ	5
おど	1
きさ	1
しとら	1
たーず	1
だぶりゅーえーぶい	7
てぃーゆー	3
どみにこ	2
ゔぁーな	1
びつ	0
べす	1
りっと	1
れさ	1
ろめお	1
あいえすてぃーえー	7
あいてぃーえす	5
えすでぃーえー	5
たは	1
とんこ	1
ばえ	0
ばへ	0
ぱらす	1
へーらー	1
わぶ	0
うけもち	0
えすてぃーえー	5
かーるす	1
きりす	1
ぐるーむ	2
けーえす	3
だぶりゅーえいち	5
だるめ	1
ちぢん	1
てぃーけー	3
なだ	0
びーえふ	0
もろー	1
ゆっ	1
らふぁ	1
えふあいえす	5
おしあん	1
じょく	1
てぃえん	1
てり	2
まうじ	1
まねっと	1
よーる	1
らんだ	1
ろか	1
るふぁ	1
るん	1
わいえす	3
えーあーるぴーえー	8
えーさっと	3
きゃー	1
たの	1
のしし	1
ばもー	1
ぴーぶい	3
いたこ	0
えに	1
こーてん	1
しーえーぴー	5
せいん	1
そでぃー	1
でぃーあいでぃー	5
でりぃっく	1
ぺてる	1
れじす	1
あおさ	0
かせる	1
がも	1
けむ	1
しらかんば	3
しれん	1
てぃか	1
てぃーゆーあーる	5
でぃーあいえー	5
どろう	1
ぴーあいおー	5
ぶいきゅー	3
りさ	1
えむえーあーる	5
こじょー	1
さぁど	1
さあど	1
しも	2
じぇーえーびー	5
だぶりゅーじー	5
ちゃか	1
はらこ	1
りあん	1
えすあいてぃー	5
おーえむえー	5
すねる	1
だぶりゅーぴー	5
ちあん	1
ばーらいん	3
あいでぃーおー	5
あしお	1
いえいー	2
いえーっ	2
えすしー	3
えるえすえー	5
えるがー	1
くあん	1
ほんな	0
あいぞめ	0
あて	0
いえーい	2
いぇーい	2
がーす	1
けーえふ	0
じぇーおーしー	5
しゅたいん	2
ぬり	1
りゔぃ	1
れびん	1
いーけー	3
べっぽ	1
ろろ	1
あとらん	1
えすあい	3
さまん	1
しらたき	2
じゅりん	0
ぶーらん	1
もみ	2
ろいど	1
ろうえん	1
えんで	1
おーらんどー	3
しど	1
しんせい	0
どりゅー	1
のーま	1
はしか	3
ひいろ	1
あーん	1
おさま	1
えぬえーあい	5
えむえるえす	5
えるえす	3
しーてぃーびー	5
じょす	1
だんと	1
めあり	1
よーす	1
るか	1
るね	1
えーえるしー	5
せま	1
づまり	1
てぃえ	1
でぃえご	1
とえ	1
ほるむ	1
やのふ	1
らんだー	1
えむえすでぃー	5
すのぅ	2
すのう	2
たにまち	0
まつうら	2
あるばー	1
うぉる	1
すてゅー	1
でぃれく	2
にわか	1
ぴーでぃー	3
あでーる	2
おたま	2
ばしょう	0
まうり	1
れゔぃ	1
えるあい	3
おーぶり	1
かたつむり	3
じだ	1
だに	2
たまがわ	2
だまし	3
としこ	1
はーす	1
ぴーでぃーしー	5
らずぃ	1
いゆ	1
ゑりんとん	2
きーす	1
のす	1
ばーさる	1
ゆーびー	3
れいさん	1
あいてぃーしー	5
じぇーえすびー	5
せいさん	0
でぃん	1
でく	1
ふぇすてぃ	1
ゆーえいち	3
りめ	1
あーるえふ	4
いむ	1
きたき	1
でぃーえる	0
えいちえふ	4
じぇろ	1
だぶりゅーえー	5
らひむ	1
えるえふ	0
ちゃる	1
びーだぶりゅー	3
いりや	1
ごぶ	1
つばき	1
いかり	0
いかる	0
かーら	1
さだを	0
びーおーあーる	5
まつしゆ	1
よべる	1
じーあい	3
でぃーしーじー	5
はやしや	3
あおしま	0
あーるびー	4
ざら	0
しする	1
しゃいろ	1
しょちょう	0
しーば	1
ひらか	0
いっぽん	1
どるー	1
ぴーじー	3
らえる	1
おっとー	1
おつとお	1
をつとう	1
おてろ	1
しゃ	1
たわごと	0
なんせん	1
ゔぁいん	1
えくし	1
ちゅき	0
めあ	1
えるしー	1
かーでぃ	1
くわばら	2
じょいす	1
ぺいる	1
まいな	1
いっか	1
うぇばー	1
ゔぇーばー	1
おーえいち	3
ぐらく	1
けっして	0
ひでお	0
よはねす	1
あいいーえす	5
えりく	1
ぐろっす	2
せいるす	1
にっく	1
わらは	1
きゃんぶる	1
どき	2
はけ	2
ゔぁすと	1
あぷ	1
いき	0
いべ	1
ざり	1
てむ	1
いらぶー	1
しゃれ	0
ぜる	1
ぴれ	1
べるなると	3
まふぃ	1
いぶん	1
いゔん	1
んーっと	0
えり	2
ぽあ	1
ゆうだい	1
ゆな	1
はいれ	1
ばけもん	0
みぃ	1
りあむ	1
れーとー	1
ことぶき	2
しぼり	3
ついに	1
えめ	1
おもて	3
かぶらや	3
きーなん	1
しろいし	2
ばすた	1
おでい	1
ぎりす	1
じぇらるど	2
たりあ	1
ぴーえーえす	5
ほせ	1
みしょー	1
くるむ	1
じらみ	0
うらら	1
えぬけー	3
おのれ	0
きじま	0
てーぬ	1
どな	1
ふぇる	1
まぶし	1
んっとー	0
みんだ	1
あてーねー	2
いばー	1
えむえいち	3
ちぇる	1
づれ	0
とめ	1
ほいっと	1
ぱう	1
ふだ	0
みい	1
えいちびー	4
てめぇ	0
てめえ	0
てめー	0
にき	1
みら	1
ゆーら	1
えすあーる	3
ただし	1
だまり	0
ねら	1
ろーらん	1
こつと	1
ぶつ	1
えび	0
らだ	1
ろに	1
さつき	0
しこー	1
すぴ	1
ゔぃく	1
あーっ	1
ひゅうが	1
とびおり	0
へるつぇごびな	4
まなか	1
みぬま	1
うんとー	0
うーんとー	4
んーっとー	0
えるてぃー	3
ころんば	2
ちぐさ	1
とやま	1
えむしーえー	5
ぐらーむ	2
へみんぐ	1
あんり	1
いさみ	0
えーでぃーえー	5
ばいとさき	0
ぴえーろ	2
わあっ	1
えすてぃー	1
たいろん	1
ひであき	2
いぇー	2
よしのり	2
いえー	2
おおば	0
こうえん	0
さば	0
さんぜん	3
ろーえん	1
あるふ	1
みそ	1
ゆーりん	1
えすいーえむ	5
てす	1
らと	1
らまー	1
ゔぁーる	1
ほりでぃ	1
あちら	0
さーゔぁ	1
せす	1
ぶんがっ	1
せいら	1
たかの	1
だいじ	1
ちぇーす	1
ちょき	1
だつ	1
どどっ	2
らんで	1
えすえーてぃー	5
えーえすてぃー	5
しーびー	3
はなや	1
みのう	1
さろ	1
さわたり	2
くーばー	1
とま	1
べつ	0
まどか	1
むとう	1
えいちいー	4
かれーる	2
すがお	0
まきこ	1
んっと	0
しあ	1
すける	1
えだ	0
えてぃ	1
たびにん	1
にしの	1
えすえーあーる	5
でぃーおー	3
ひこ	1
ふれん	1
えぬあい	3
じゅりあ	1
ほふ	1
おさむ	0
をさむ	0
はき	1
わたくしりつ	4
うえはら	2
だいあん	1
べーぶ	1
らいこ	1
じる	1
どぅく	1
まるす	1
いわお	0
ぎい	1
くろいし	2
けいと	1
すてふぁん	2
しゅん	1
いんが	1
おーぶいえー	5
ぎぃ	1
じきる	1
るこ	1
えるさ	1
じんたい	1
そーさ	1
めぐみ	0
めるせ	1
うぇん	1
ぴ	1
ふぇにっくす	1
べるぐ	1
ざわ	2
でぃーでぃー	3
りんどー	1
しじょう	1
じーゆー	3
たっきー	1
じょおじ	1
ぢょーぢ	1
ちょ	1
ちひ	1
はやぶさ	0
おせろー	1
ろっかく	4
しきり	0
つだ	0
みっち	1
れざ	1
わらび	1
かしい	0
にーな	1
あるべーる	3
ちょっとみ	0
にな	1
へなへな	0
かるろ	1
あかり	0
かんた	1
きろぐらむうらん	6
きろぼるとあんぺあ	8
しゃあ	1
しょーととんうらん	6
とんうらん	3
なのぐらむえいちじー	9
なのぐらむにっける	6
めがわっとでー	5
めぶ	1
らじ	1
あいえすでぃー	5
あーるでぃー	4
えふぴー	3
ゆきと	1
あるゔぁ	1
こるまん	1
つなぎ	0
きまり	0
そして	0
しげあき	2
きやん	1
たかしな	2
おどし	0
ざかり	1
しらき	1
れば	1
あた	1
さっさ	1
たつや	1
でぷれ	1
あぶ	1
きっ	1
しーす	1
ひげおとこ	3
れいゔん	1
えむえる	3
がく	1
そえ	0
くと	1
さとこ	1
さんでぃ	1
まんなか	0
むかん	1
ういす	1
えるぶい	3
くまがい	2
さこ	1
かんち	1
まっし	1
しーにあ	1
たろう	1
どうす	1
あめり	1
がんぶる	1
ぴーてぃー	3
さり	1
ちゅうねん	0
つぶれ	0
どくりつ	0
べいこん	1
ごふ	1
さくらばな	3
ざくらばな	3
そると	1
だいち	1
ぶるどん	1
しぃ	1
ふぇるなん	1
ふるもと	2
あつし	1
ぎめ	1
ときわ	0
たいけ	1
つくり	3
ろっぷす	1
きんたろー	0
じねん	0
びく	1
ゔね	1
いぷ	1
げーんず	1
ねず	1
まは	1
がたがた	1
こうきゅう	0
はにゃ	0
ひょう	1
ひじり	1
ゆーえいちあい	6
えいちえす	4
でば	1
はなえ	0
ひーろ	1
えりーあ	2
がーっ	1
ほーがん	1
かくしょう	1
ゔぃえん	1
ろっ	2
づわり	0
にしゃ	1
こなん	1
ごーりき	1
ゔぃす	1
みはら	0
わが	1
あうんさん	1
えすぴー	1
くぃん	2
とうる	0
ぶぅす	1
さいき	0
ひろは	1
みなかた	0
ゆーえす	0
ななじっ	2
じゃこび	1
くずは	1
しーた	1
そーや	1
ううっ	0
はえ	0
ふそー	0
いじす	1
かとり	1
べと	1
りあー	1
かにち	1
はへ	0
ぶつかり	0
ぶさ	2
ゆっぴてる	1
えすしーえー	5
くぎ	0
あんてい	0
ぎね	1
このこ	2
るーな	1
めて	1
きろめーとるまいりっとる	9
こしの	1
だも	1
ゔぁれ	1
ひよっこ	0
もてもて	0
ちょっ	1
にうとん	1
べね	1
めがびーぴーえす	7
もや	1
かほり	0
ひのえ	0
あんねい	0
きろめーとるまいじ	7
ぎがびーぴーえす	7
てぃらー	1
とんえすだぶりゅーゆー	9
のるまるりっぽうめーとる	5
まくだねる	3
めーとるまいびょう	0
あに	1
すもも	0
なんば	0
ゔぃっき	1
あかはね	0
あぎ	1
いちにるい	0
じゃれ	0
りっか	1
かぐら	1
くせ	2
ひつ	0
らまん	1
はん	1
むらづくり	3
えぬいー	3
かげき	1
しーしー	3
ちだい	0
まくどねる	3
えゔりん	1
せいなん	0
たで	0
ちゅうしん	0
へら	1
おか	0
さつ	1
えぬえむえす	5
かしめ	3
づて	2
けんぞう	0
ゔぁね	1
ふとし	1
あんと	1
えーえる	3
なおと	1
ふちゅう	1
りつ	1
れた	1
げんと	1
こーの	1
みって	1
だか	0
つくも	0
てぃーびーてぃー	5
ぴり	1
ふぇっらーり	3
ふぇるらーり	3
きたの	1
みちしるべ	3
こうの	1
おーがす	1
ぐつ	2
ぴーいーしー	5
いーゔ	1
こも	1
たが	2
ぐうぇん	1
だっど	1
あたまきん	0
ぐぅ	1
すなお	1
ひとがた	0
こくこく	1
ふれーむ	2
りい	1
どらむ	1
おもてうら	3
ぬめり	1
いし	1
めじろ	0
しょん	1
したて	0
ぞり	1
よしひろ	2
さい	1
あおやぎ	0
しゃむしぇる	1
ゆひ	1
おくり	0
おしだし	0
たましい	1
としろう	0
びーしー	3
あったりまえ	0
はせ	1
きよし	1
ぶいあーる	3
わた	2
はほ	1
れーと	1
わざと	1
えすゆー	3
もけ	1
すた	1
ゔぁいる	1
ゔぇら	1
あいしーえー	5
かんじき	0
しゅーふ	1
つんぼ	1
いっさ	1
ゔぁんと	1
いらぶ	1
こだま	0
かしわ	0
きたざわ	0
そとあつかい	3
かねん	1
たいぺい	0
とじ	1
てれ	1
へあすたいる	4
わたべ	1
へえご	0
じゃい	1
とっ	0
わすれぐさ	3
あく	0
あわび	1
こはだ	0
へっどろっく	4
あてな	1
あてーなー	2
ずーと	1
ひさまつ	2
ほうじん	0
さも	1
わーっ	1
うおっく	2
とび	1
やっ	0
しらかば	0
たんす	0
ふ	1
れんた	1
いさむ	0
まるやま	0
やつで	0
ひとごと	0
あすか	1
びらき	3
りぃ	1
さむらい	0
つっこみ	0
へだ	1
くとぅば	3
てがる	0
びぃと	1
ぴりから	0
つて	2
うけ	2
ちい	1
あらかわ	0
いちれん	0
ぐらーふ	2
ええっ	1
えーっ	1
にじ	0
ふろむ	1
ほほ	1
ぼり	1
しかり	0
しし	1
じあ	1
さむらひ	0
えっとお	0
おきな	1
かずこ	1
ふきとり	3
まっしろ	3
えみい	1
むすび	0
やすお	0
るす	1
さっぷ	1
たかき	1
ゆうり	1
れみー	1
きれ	2
だぶりゅーだぶりゅーだぶりゅー	9
あいえっくす	3
てぃーこ	1
ぷり	1
かんいん	1
あきこ	1
いちじょう	2
にらみ	3
おんせん	0
あなみ	1
ままこ	0
はっ	2
ひた	1
いら	1
かげろう	0
さくや	1
なで	2
のぞき	0
しゅうざん	1
すたいん	2
ばしか	3
まさよし	2
ずわり	0
まとも	0
けいしー	1
つとむ	0
ぐろーゔ	2
のりのり	0
みずから	1
わぁっ	1
すとう	1
ぱーれゔぃ	1
らい	1
ぐも	1
てぃん	1
よっ	1
うたこ	1
ぎって	1
ほんの	0
むふふっ	3
いんす	1
そうそう	0
ひろゆき	2
きぃ	1
ねり	1
おおいに	1
まっくろ	3
まゆ	1
がこみ	0
すこっと	2
ほやほや	0
いっせん	3
きずな	0
ゆりこ	1
たつの	1
まさひろ	2
いるか	0
ぐるわ	0
ふかがわ	0
やぎょう	1
つらがまえ	3
かきなおし	0
じんぎゅ	1
ぞん	1
ひゃっきん	0
すすき	0
ゔぉーん	1
さんびゃく	1
まきば	0
ごーぢゃす	1
すとー	1
うわ	2
えるま	1
しょーゔぁん	1
つげ	0
はぎ	0
ろおる	1
きんち	1
しるゔぁ	1
ときは	0
ぼん	1
えーぴーあい	5
なつこ	1
なると	0
がっかい	0
みかど	0
ぜっど	1
ぢーま	1
ほうてき	0
おもてがわ	0
ぐしゃぐしゃ	1
すーちー	1
とーぶ	1
どーい	1
ぼこぼこ	0
きめきめ	0
くにべつ	0
ぢむ	1
はぁー	0
れえ	1
かゔーる	2
けいじ	1
けんどー	1
わざ	2
てじゅん	1
ねんちょう	0
よしこ	1
しるし	0
みずほ	0
しおん	0
ゔぃっきー	1
むろ	1
がっ	1
まさよ	0
やーい	1
こま	1
じぇーあいしー	5
いびつ	0
きのえ	0
みつい	1
きよ	1
ぐちゃぐちゃ	0
さわやか	2
ゆるゆる	0
あがり	0
うはうは	0
ずね	2
がむしゃら	0
きよらか	2
くたくた	0
ごつめ	0
にぎやか	2
はちゃめちゃ	0
あけすけ	0
あけっぴろげ	0
あさはか	2
あちあち	0
うすのろ	0
うすら	1
うらはら	0
うりふたつ	1
おごそか	2
かすかす	0
かちんかちん	0
かっちんかっちん	0
かちんこちん	0
がざがざ	0
がちがち	0
きつきつ	0
きつめ	0
きてれつ	0
きれぎれ	0
ぎゅうぎゅう	0
ぎゅうづめ	0
ぐじゃぐじゃ	0
けたちがい	3
けたはずれ	3
こしぼそ	0
こちこち	0
ごちゃまぜ	0
さらつや	0
ざんばら	0
したなが	0
しぶめ	0
しゃかりき	0
すれすれ	0
ずたずた	0
せいたか	0
たてなが	0
たゆた	1
だぶだぶ	0
だぼだぼ	0
ちっぽけ	3
でろでろ	0
どっきどき	0
ねくら	0
のろま	0
はすっぱ	0
ばてばて	0
ひげもじゃ	0
ふかふか	0
ふにゃふにゃ	0
ぶかぶか	1
ぶよぶよ	0
べたあま	0
ぺったんこ	3
ほがらか	2
ぼけぼけ	0
ぼっこぼこ	0
みじめ	1
むぞなぎ	0
むやみ	1
めった	1
もじゃもじゃ	0
ものぐさ	0
やばめ	0
よこなが	0
るんるん	0
うさこ	1
きよら	1
だいまる	0
みな	1
しましま	0
せいらー	1
どぐらす	1
ぷろてすと	3
むらそと	0
いさお	0
てかてか	0
ありだ	1
やみきん	0
あいだ	1
つづらふじ	3
こくぶん	0
とち	1
むち	1
ぎょっ	0
ゆきえ	0
ずん	1
ひねり	3
つか	1
ゆうた	1
ああら	1
せつだん	0
ゔぁら	1
う	0
ぜり	2
ちば	1
いばら	0
ゔぁいやー	1
まだー	1
あむろ	1
いちろ	2
いつたん	0
すちゅ	1
まるのうち	3
ようへい	0
ねこ	1
さんよう	0
またたび	0
りんけ	1
ふみお	0
き	1
ないし	1
ざけ	1
なれ	1
あきら	1
ぎいん	1
やだ	0
はまざき	2
にえ	2
みこ	1
しち	2
げんご	1
ぐせ	2
まちこ	1
えむあーる	3
だいぎ	1
とめこ	1
おぎ	1
まっすぐ	3
あーあ	1
あかね	0
はあー	0
ひさ	0
りっ	1
おゆ	1
しばい	1
ありがと	2
やに	2
はこべ	0
びしゃく	0
びらめ	0
すげ	0
らぶ	1
えーびーしー	5
おぐち	1
かるの	1
けーつー	3
すすめ	0
ずうと	0
のぶお	0
ちぇ	1
あーるあい	4
としま	0
あーるいー	4
かいん	1
とぅ	1
ふゆ	2
まっか	3
かしらだか	3
こーじ	1
しんぞー	0
のぶゆき	2
ぶね	1
ばれ	1
まこっ	0
のこ	1
へいほうめーとる	5
やわ	1
でんか	1
かなめ	0
た	1
あなす	1
いなせ	0
かすか	1
かいはつ	0
かつゆき	2
ふぉう	1
じた	1
だな	1
もなか	1
ひし	0
あざい	1
いーえー	3
おゔぃえど	0
かぶと	1
しょういち	0
はたき	3
れいか	1
あや	1
じり	2
ばたき	3
ずく	1
くしゃくしゃ	0
ちょうど	0
ふいん	1
ふらんしすこ	4
すずしろ	0
はああ	0
さえこ	1
よんひゃっ	1
めおと	0
あおあお	3
あり	1
くりくりっ	4
じょうげ	1
つぶし	0
こらっ	1
えん	1
ついたち	4
はまぼう	2
れんたろー	0
じろう	1
たまり	0
うす	1
ちづ	1
ちず	1
なかだ	0
まじぃ	1
はっぽう	3
ひでき	1
おとめ	2
あかつか	2
へいせい	0
こまつ	0
りつこ	1
しんぺい	0
しんや	1
じう	1
ふぇい	1
えるなん	1
ごーり	0
たいぞう	0
たいぞー	0
じお	1
ばく	1
いぶき	1
せいこ	1
ちゅうにち	0
てぃ	1
うね	1
ばやり	3
ぶんちゅー	1
りゅうじ	1
ごろも	0
はなこ	1
てっぺい	0
みちお	0
ゆいいつ	1
えいこく	0
ひさと	1
だぬき	1
えーえすしーえー	7
はぁーっ	1
はあーっ	1
まつお	0
よりもり	2
けいた	1
せんせん	0
とりめ	0
わあー	1
わあーっ	0
あかぎれ	0
そく	1
ちずこ	1
ちづこ	1
りょうま	1
りょーま	1
わふう	0
ふさえ	0
ぢゅぴたー	1
りかこ	1
あれっ	2
じょうい	1
かなえ	0
ゆうき	1
いかずち	0
めえとる	0
きゆう	1
さゆり	0
のぶこ	1
むしろ	3
たかふみ	2
まいこ	1
えーあいえす	5
かたつき	0
きろ	1
えーえるえる	5
ほうっ	0
ほーっ	0
ゆうすけ	1
ゆきお	0
しょうたろう	0
ちえこ	1
ともろを	2
かぐや	1
しずお	0
ひずみ	0
やな	1
れいこ	1
みっ	1
ぎょく	0
てんこう	1
ぞら	1
まきお	0
りゅうた	1
あーるしー	4
やまぐるま	3
はなれ	1
ふき	0
くろす	1
ひろし	1
やえこ	1
やすなり	2
あつこ	1
じゅうどう	1
そつぎょう	0
そんみん	1
でち	1
もしもーし	3
ゆうな	1
かわゆすー	3
ろ	1
あやーの	0
くみ	1
せいぞう	0
そんた	1
たみこ	1
ばしご	0
ゆーすけ	1
ゆみこ	1
うおっ	2
かずき	1
くの	1
すひょん	1
はるき	1
あんぺあ	3
うぉーっ	2
きさぶろう	2
ばと	1
まいら	1
むねお	0
かいじ	1
くまぐす	2
じわ	0
いそこ	1
ぎさぶろー	2
くみこ	1
こたろう	0
たけお	0
のりお	0
ひさお	0
ひろみち	2
りち	1
あいて	3
あきな	1
くにこ	1
こういちろう	3
さおり	0
しげお	0
じごろう	0
ちかげ	0
のぶよ	0
ばんじ	1
びめ	1
ますみ	0
まんがいち	1
あいじ	1
あきひこ	2
ありさ	1
いーぴーあい	5
かなこ	1
かよこ	1
きくえ	0
きそく	1
けいご	1
さよこ	1
しずえ	0
しづえ	0
ちはる	0
と	1
なつみ	0
のぶあき	2
ひとし	1
ひろのぶ	2
まさかつ	2
まさひこ	2
まりこ	1
みなこ	1
みんじ	1
ももこ	1
ろくすけ	2
あいが	1
あかねのすけ	0
あかひこ	2
あきただ	2
あきとし	2
あきなお	2
あきよ	0
あきよし	2
あきらこ	3
あけみ	0
あすな	1
あせこ	1
あたろう	0
あちゃこ	1
あつひろ	2
あつもり	2
あひと	1
いぇじん	1
いぇする	1
いつこ	1
いにょん	1
いぬく	1
いねこ	1
いもこ	1
いるしむ	1
いんがく	1
いんそん	1
いーぎん	1
いーもう	1
うぇっける	1
うぇんりん	1
うぉんす	1
うかがい	0
うたまろ	0
うんぎょる	1
うんぎょん	1
うんじゅ	1
えいざえもん	3
えいすけ	1
えいてつ	1
えつこ	1
えのすけ	2
えみこ	1
えりさ	1
えりな	1
えろこ	1
えんたつ	1
えんりん	1
おきみ	0
おそまつ	2
おたき	2
おとひこ	2
おみよ	2
およつ	2
おりえ	0
かうにー	1
かえら	1
かおるこ	3
かくべえ	1
かげとき	2
かすべえ	1
かずのぶ	2
かつこ	1
かつのり	2
かつよ	0
かねと	1
かねみつ	2
かりな	1
かりょん	1
かわいす	3
かんさく	0
かんじょ	1
かーうぁい	1
ぐぁんも	1
がーくい	1
きーこ	1
きくお	0
きくこ	1
きくよ	0
きさと	1
きたろう	0
きどん	1
きどんー	1
きぬえ	0
きぬこ	1
きみえ	0
きみかず	2
きみなり	2
きみひこ	2
きみよ	0
きゅはく	1
きょうへい	0
きょんえー	1
きょんじん	1
きょんすく	1
きょんふぁ	1
きょんほぁ	1
きょんほ	1
きょんみ	1
きょんみん	1
きよこ	1
きよと	1
きんべい	1
ぎふぁん	1
ぎほん	1
ぎょんぐ	1
ぎょんじん	1
ぎりょん	1
ぎんこ	1
くぁんす	2
くぎえ	0
くすは	1
くちこ	1
くちひめ	2
くにたけ	2
くにひこ	2
くにみつ	2
くまさぶろー	3
くろべえ	1
くゎんほ	2
ぐんそく	1
けいすけ	1
けーすけ	1
けさぐり	2
けさこ	1
けはや	1
けんしろう	0
けんたろう	0
げんいちろう	3
げんじろう	1
こじろう	0
こじろー	0
こたか	1
ことえ	0
こはな	1
こまこ	1
こみまさ	2
ごくう	2
ごんう	1
さえみ	0
さきの	1
さくを	0
さくみ	0
さだえ	0
さちえ	0
さちお	0
さちひこ	2
さはく	1
さむそっく	1
さわえ	0
さんう	1
さんしろう	0
さんじゅ	1
さんひょく	1
さんひょん	1
さんらく	1
しうぉん	1
しぇーほい	1
しかお	0
しかまる	0
しげこ	1
しげもり	2
しづこ	1
しずこ	1
しちゑ	0
しなこ	1
しにゃん	1
しゃおふい	1
しゃけこ	1
しゅいしょん	1
しゅーすけ	1
しゅんすけ	1
しょうだゆう	1
しんいる	1
しんげん	1
しんたろう	0
しんちー	1
しんのすけ	0
しーくぁん	1
じうぉん	1
じうん	1
じぇうぉん	1
じぇじゅん	1
じぇほ	1
じそぶ	1
じそぷ	1
じて	1
じぬ	1
じひょん	1
じふぁん	1
じふん	1
じゃいこ	1
じゃんでぃ	1
じゅいる	1
じゅさぶろー	2
じゅの	1
じゅひょく	1
じゅんぎ	1
じゅんぐん	1
じゅんさん	1
じゅんざぶろー	3
じゅんす	1
じゅんた	1
じゅんぴょ	1
じゅんや	1
じょうしろう	0
じょよん	1
じょんあ	1
じょんうぉん	1
じょんうん	1
じょんえ	1
じょんぎる	1
じょんじぇ	1
じょんひ	1
じょんふぁ	1
じょんよん	1
じんしる	1
じんすく	1
じんそく	1
じんべえ	1
じんれい	1
すえか	1
すえきち	0
すがこ	1
すけまつ	2
すけもち	2
すけろく	0
すずこ	1
すずゑ	0
すなむ	1
すねきち	0
すひょく	1
すふぁん	1
すまこ	1
すみえ	0
すみゑ	0
すよる	1
すよん	1
すんう	1
すんうく	1
すんぎょん	1
すんしん	1
すんじゅん	1
すんじょん	1
すんちょる	1
すんひょん	1
すんふぉん	1
すんほ	1
すんほん	1
すんよぷ	1
すんりょん	1
ずるこ	1
せきお	0
せつえ	0
せつこ	1
せよん	1
ぜんじろー	1
そうた	1
そくほ	1
そじん	1
そっくん	1
そつびこ	0
そのえ	0
そひょん	1
そよん	1
そるみ	1
そんちゃん	1
そんちゅん	1
そんひょん	1
そんみ	1
そんよん	1
たえこ	1
たかすけ	2
たかひこ	2
たかや	1
たきお	1
たきこ	1
たくや	1
たくろー	0
たけこ	1
たこすけ	2
たずさ	1
ただもり	2
たつこ	1
たつよ	0
たづ	1
たぬこ	1
たまみ	0
たみの	1
たみよ	0
たらお	0
たるほ	1
だおみん	1
ちいこ	1
ちぇぎょん	1
ちぇりん	1
ちえみ	0
ちかた	1
ちさと	0
ちすみ	0
ちずか	1
ちびた	1
ちふん	1
ちゃんい	1
ちゃんそん	1
ちゃんひ	1
ちゃんみん	1
ちや	1
ちやう	1
ちゅんこん	1
ちゅんさん	1
ちゅんばる	1
ちゆき	0
ちょうのすけ	0
ちょりん	1
ちょるすん	1
ちょるほ	1
ちょるほぁん	3
ちょんあ	1
ちょんいる	1
ちょんえ	1
ちょんじぇ	1
ちょんそ	1
ちょんへ	1
ちよん	1
ちんすく	1
つぃいー	2
つうてつ	1
つせ	1
つなえ	0
つねお	0
つねみ	0
つねよ	1
つゆこ	1
つーいぇん	1
ていわ	1
てじ	1
てひ	1
てひょん	1
てふん	1
てやんぐ	2
てよん	1
てるまさ	2
てるよし	2
てんこ	1
でちょる	1
でんすけ	1
ときえ	0
ときじろう	2
とくお	0
としや	1
とみこ	1
とむお	0
ともしげ	2
ともみち	2
ともや	1
とよこ	1
とよみ	0
とらきち	0
とらこ	1
とらごろう	2
とりろー	0
とんじゃん	1
どよん	1
どんうぉん	1
どんすく	1
どんは	1
どんひょく	1
なうしか	2
なおい	0
なおひで	2
なぎこ	1
ななこ	1
ななせ	1
ななよ	0
なほ	1
なみえ	0
なみお	0
なみこ	1
なみる	1
なむじゅん	1
なりこ	1
なりちか	2
なんぱ	1
のぶふさ	2
のりえ	0
のりすけ	2
のりたけ	2
のりひで	2
のりへい	0
のりみ	0
のりや	1
のんこ	1
はくちゅん	1
はくてい	1
はちごろう	2
はちべえ	1
はつえ	0
はつこ	1
はつみ	0
はなよ	0
はぬる	1
はまえ	0
はまこ	1
はやお	0
はやこ	1
はゆま	1
はるいち	2
はるろう	0
はるろー	0
はんぎる	1
ばいにゃん	1
ばくざん	1
ばばお	0
ぱいらん	1
ぱたい	1
ぱんふぁん	1
ぱーこ	1
ひうん	1
ひかりこ	3
ひころく	0
ひさえ	0
ひさひろ	2
ひじゅん	1
ひちょる	1
ひてく	1
ひでじ	1
ひでひこ	2
ひなな	1
ひめこ	1
ひゃんじゃ	1
ひゅむこ	1
ひょしん	1
ひょぬ	1
ひょんいる	1
ひょんじゅん	1
ひょんす	1
ひょんち	1
ひょんて	1
ひょんひ	1
ひょんほ	1
ひろひと	2
ひろみつ	2
びょんじ	1
びょんほん	1
ぴごっと	1
ぴよこ	1
ぴよひこ	2
ぴろこ	1
ぴんこ	1
ふぇそん	1
ふくえ	0
ふさお	0
ふじお	0
ふみえだ	2
ふーみん	1
ぶんざえもん	3
ぶんしろう	0
ぶんた	1
へぎょ	1
へぎょん	1
へそん	1
ぺたこ	1
ほいこ	1
ほげ	1
ほしお	0
ほよる	1
ほんいぇん	1
ほんそく	1
ほんる	1
ぼてし	1
ぼむす	1
ぼむひょん	1
ぼんごん	1
ぼんそん	1
まさえ	0
まじひこ	2
まつじゃく	2
まみこ	1
まるあき	2
みいこ	1
みーこ	1
みう	1
みえこ	1
みかこ	1
みきこ	1
みぎょん	1
みさえ	0
みだら	1
みちえ	0
みちの	0
みちひこ	2
みつよし	2
みひ	1
みみこ	1
みみよ	0
みもり	1
みゃう	1
みゅんすん	1
みょんいん	1
みょんぎゅ	1
みょんぎょん	1
みょんしく	1
みりさ	1
みりや	1
みれい	1
みんしく	1
みんじゃ	1
みんちょる	1
むつろー	0
むひょん	1
むんちょる	1
もときち	0
もみいち	2
ももた	1
ももたろう	2
やしち	0
やじお	0
やじろう	0
やすたか	2
やすは	1
やぞう	0
やばお	0
やひろ	1
ゆいか	1
ゆいな	1
ゆうか	1
ゆうさぶろう	3
ゆうと	1
ゆかこ	1
ゆきひで	2
ゆきひら	2
ゆじな	1
ゆじん	1
ゆちょん	1
ゆっこ	1
ゆめこ	1
ゆりえ	0
ゆりーか	2
ゆんす	1
ゆんそん	1
ゆんひ	1
ゆんふぁ	1
ゆんぼぎ	0
ゆーちょる	1
よくさる	1
よさく	0
よしひこ	2
よしや	1
よねじろう	2
よんうく	1
よんえ	1
よんぎ	1
よんぎり	1
よんぐく	1
よんさむ	1
よんじぇ	1
よんす	1
よんすく	1
よんたく	1
よんなむ	1
よんは	1
よんはっ	1
よんひ	1
よんぴる	1
よんふぁ	1
よんほ	1
よんみ	1
よんも	1
らんふ	1
りさこ	1
りなこ	1
りゅうこ	1
りゅーすけ	1
りょうすけ	1
りょうた	1
りよこ	1
りりこ	1
りーしあん	1
るいこ	1
るみこ	1
るりこ	1
るんとう	1
るーふぃんちゃう	5
れうぉん	1
りぇんれん	1
ろーさ	1
いるそん	1
うちゅう	1
おせい	2
おっこ	1
おと	1
おとき	2
くによ	0
げぶみ	0
こよ	1
しほ	1
しふ	1
しょうこ	1
しょーこ	1
しょうた	1
しょーた	1
じゅんじ	1
ただみ	0
ふじこ	1
ぼこ	1
まほ	1
まゆり	0
らんこ	1
れんこ	1
あっこ	1
さな	1
しゅーまっは	3
なつお	0
ふさこ	1
ふな	1
よーすけ	1
るもん	1
きよえ	0
ながん	1
はつい	1
らり	1
ざし	2
ともひろ	2
みさお	0
みさを	0
みね	1
あけ	0
かずみ	0
がゆ	0
たまお	3
ななじゅっ	2
ぶき	0
ほのか	1
みちこ	1
りう	1
かずひろ	2
まがり	1
よんじゅ	1
んじゃ	2
みつえ	0
りえこ	1
かずら	0
とーべん	1
ふじえ	0
いざなぎ	0
くだら	1
はるみ	0
みく	1
めちやめちや	0
たかよ	0
くにえ	0
せわし	1
よしとも	2
ゆうす	1
おうおう	0
やすひろ	2
あすみ	0
あやこ	1
くくっ	2
ゆういち	0
ゆーいち	0
いちえ	0
しまえ	0
なすび	1
おーらんど	1
のい	1
やすえ	0
つづら	0
まつこ	1
しょうひん	1
しょうへい	0
ちだ	1
みやび	1
たいん	1
なおゆき	2
あいえー	3
がえり	3
ざかな	0
ふらぐ	1
ぢゃ	0
こはる	0
ちよだ	1
ひばり	0
さわ	2
たな	0
じゃじゃじゃ	3
としえ	0
しゅんぎく	1
めん	1
まぢ	1
のうさぎ	2
やるぜるすき	4
ざめ	0
わこ	1
しゅうへい	0
ぶろしき	0
ぬめっ	2
だいきち	0
がんじ	0
もどり	3
れいじ	1
んーん	0
ごい	1
ごめ	2
てるこ	1
ふみえ	0
まさ	1
じょんいる	1
てんが	1
ひの	0
ややこ	2
いな	1
ぽう	1
ぽお	1
あげ	0
ふぉりお	1
みつひろ	2
ただお	0
ゔぃくとーりあ	3
ぶたい	1
むふふ	3
ゆたか	1
きづき	1
りっとる	0
しちはち	0
あさぎり	2
ぜき	2
きんぺい	0
けっこー	1
しゅーじ	1
たかむら	2
でりけぇと	3
しどにぃ	1
はぅす	1
だいきっ	0
よもぎ	0
ぜ	1
まいくろきゅりー	5
まいくろぐらむれちのーる	10
さち	1
る	1
ぎょーかい	0
さた	1
けつ	0
はるえ	0
まっくら	3
かくれ	3
さゔぃる	1
じら	1
なおこ	1
るー	1
ことは	1
なおかつ	1
いけいけ	0
づり	0
みんすー	1
がみ	1
みちよ	0
ふたば	1
うわべ	0
かふー	1
たてわき	2
あれく	1
しばり	3
しるば	1
まーら	1
ぐるま	0
だゔ	1
えーえー	3
つよし	1
ばなお	0
ぼーっ	0
ぼぉーっ	0
ぼおっ	0
よなか	3
てんぐさ	0
こうはん	0
りゑ	1
すゑこ	1
すえこ	1
ぼけ	1
おはよう	0
おはよー	0
がしわ	0
せー	1
そーの	0
やなぎ	0
そんぎ	1
ゆめみ	0
よしの	1
しょざい	0
ひとりぐらし	4
かと	1
いえあう	2
たまこ	1
もず	1
たしろ	1
なおき	1
あはははははは	7
えるおーしー	5
きゃっほー	1
でふ	0
ぶいしー	3
びさし	0
そーのー	0
にゆーとん	1
きのみ	1
ひゃっほーぅ	1
わりこみ	0
くにお	0
さよ	1
つぶり	3
とーじ	1
けいえい	0
ぐらむ	1
とほほ	3
るい	1
うお	0
さんよん	0
うじ	2
えいちあーる	5
がー	1
ひてん	0
れ	1
じるし	0
ずいこう	0
だて	1
ちな	1
あららぎ	0
がけ	0
ひととおり	0
へっだ	1
ざい	1
ざ	1
ぶん	1
よしみ	0
がくれ	3
めいざん	1
えーえすえー	5
としはる	2
のるまる	1
ぁはははっ	4
おおこそ	0
がらみ	3
こうぞ	0
いかんざき	2
えむえぬ	3
ははこ	1
あはははは	5
いっぱん	0
こうは	1
でへへ	0
だいとう	0
ぬけ	0
あさみ	0
はるか	1
やじ	1
かっ	1
めくら	3
たえ	1
たかひろ	2
とんぼ	0
どし	2
ほうがく	0
ごうごう	1
よしあき	2
てつ	1
とくに	1
もえ	1
へーい	1
こうこう	0
あははは	0
べーあ	1
こずえ	0
こずみ	1
あるいは	2
くっくっ	1
ごろう	1
あはははっ	4
じゃじゃ	2
ひとえ	2
ぴーえすえいち	5
やっこ	0
うふん	2
おでぃ	1
さんぺい	0
ぴーえる	0
はっせん	3
ひら	1
はた	0
あっはっは	1
あっははは	5
あつははは	5
おやっ	2
ししゃ	1
うは	2
たばた	1
あれれっ	3
かかり	1
あああ	0
ぎれ	2
よいしょっ	1
づの	2
ものがたり	3
あぶく	3
せかんど	0
のいぬ	0
ぇへへっ	3
おっはよー	0
おはよ	3
ぼたる	1
ぐき	2
ろっぱ	1
まさに	1
みつこ	1
くくく	3
くくくく	4
くくくくく	5
くっくっくっ	5
くっくっくっく	7
どちら	1
ふらく	1
きゃはっ	2
せんしゅう	0
あうとかむ	3
もとこ	1
かず	1
むらうち	0
ぎつね	0
ばんと	1
ざさ	0
うひゃひゃひゃ	4
ぎょえっ	2
ゔぃくたー	1
じ	1
ううむ	1
うーむ	1
ぐわ	1
とほほほ	4
にゃははは	4
ははぁ	2
ひゃー	1
あずま	1
えへっ	2
えへへへ	4
えへへへへ	5
じゃぁ	1
ぷら	1
わあい	1
わぁい	1
わーい	1
こくさい	0
はつね	1
すは	1
あれれれ	4
かよ	1
うぐっ	2
ふふふ	1
らんきん	1
わはははは	1
たかし	1
さらば	1
にゃはは	3
ふっふふ	4
ふふふっ	3
ふうむ	0
ほっほう	3
ほっほー	3
あっかんべー	1
あかんべー	1
あっちょんぶりけ	5
あっぷっぷ	1
あっぷっぷー	1
いひ	0
うぇっ	1
うげっ	2
うひゃー	2
うふふふ	4
うぷぷっ	3
うへ	2
うりゃー	1
うりゃとっと	3
えいやっ	3
おおきに	1
おぎゃー	2
おぎぁ	2
おぎゃぁ	2
おっぺけぺっぽう	5
おっぺけぺっぽうぽう	5
おほほほほ	5
およよ	3
およ	2
がはは	3
がははは	4
がはははは	5
ぎゃーっ	1
ぎゃおっ	1
くはは	3
けけっ	2
げおっ	2
げぼっ	2
こっさら	1
こーりゃっ	1
さいよれえ	3
さいよれー	3
すっちょい	3
すっちょいな	3
すととん	3
だはははは	5
ちっちきちい	5
ちっちきちー	5
ででれこでん	4
でれれこでん	5
とみ	1
どっこいせ	1
どっひゃあ	3
どひゃ	2
どひゃー	2
なはは	3
はいさい	0
ははん	2
ははーん	2
はふーん	2
はあん	0
ばけらった	3
ばはははは	5
ばぶー	2
びんぐ	1
ぶぶ	1
へへへっ	3
ぺっぽっぽう	1
ほーはい	1
まかしょ	1
まっつぁん	3
もにゅ	2
やーれん	1
やっこら	1
やっしょ	1
やっほっほー	1
ららら	0
らららららら	6
わっはっは	1
わっはっはっは	7
わっはは	1
ひっひっひっ	5
ふぁっ	1
あはっ	2
おらあ	1
おらー	1
おらぁっ	1
ふっふっ	3
ふふっ	2
うふ	2
ぎゃ	1
うほ	2
くうっ	0
ろくじょう	2
ふふ	2
たけのうち	3
はたちやま	0
かばね	0
ととこ	1
ほっほっほ	5
ほっほっほっ	5
ほっほほ	1
ほっほほほ	5
ほほほ	3
ほほほほっ	4
ほほほっつ	3
わたぬき	2
あは	2
こつぜん	0
じゃぁー	1
むむう	2
むむっ	2
むむむ	3
くわっ	2
しゅくさい	0
じゃーあ	1
あれれ	3
かなた	1
あした	1
け	1
けんいち	0
おえっ	2
さなえ	0
たいがい	0
やあーっ	1
えぬいーてぃー	5
だー	1
りゅー	1
ゆーき	1
こりや	1
むっ	0
あちち	0
ひじょう	0
やか	1
がうら	1
そばむぎ	3
だお	1
やあっ	1
やーっ	1
り	1
えみし	1
がにち	1
がらし	0
たうとう	1
い	0
こんげつ	0
さおとめ	0
とえー	2
がさ	1
ひろあき	2
ぼく	1
きゅうこ	1
ぐもり	3
しら	2
ちひろ	0
ぷた	2
はんたい	0
やったー	3
ぱる	1
ひろと	1
ゔぃた	1
べん	1
みょうごにち	3
よしえ	0
きわ	2
こうた	1
こーた	1
あうん	1
しんじつ	1
はりま	1
うまこ	1
つ	1
しずか	1
わかめ	1
あやめ	0
ぶところ	0
どこや	0
くー	0
すめ	1
ひよこ	0
けいやく	0
こし	0
てて	1
えみ	1
がえる	0
はちろー	0
おはつ	2
しんじ	1
ふっど	1
やすの	1
いちよう	0
ぜんはん	0
ああん	1
くるみ	0
しょしゃ	1
てぃーえむあい	5
びょうどう	0
ほーい	0
ぎもの	0
おかっぱ	0
きよしげ	2
みつ	1
ぎぬ	1
はちたい	0
みつる	0
しょうちゅうがく	3
いま	1
すが	0
よーし	1
よねこ	1
いやあっ	2
ひるま	3
るり	1
おんえあ	3
はなたか	0
ぽと	1
だ	1
にひゃっ	3
あそう	1
とにかく	1
まっ	0
ゆく	1
ひびき	3
といち	0
きんじょ	1
なんびゃく	1
せいめい	1
ぶんしょ	1
ちゅうぶ	1
はぅ	1
きむ	1
さいさい	0
しんた	1
とものり	2
なぬ	1
みやじま	0
いちさんるい	3
しょうばん	1
まさむね	2
かえ	1
がめ	1
けいかく	0
ばめ	2
りんこ	1
たけた	1
きら	1
えいっ	1
こうかい	0
さいぎょう	1
つややか	2
ぶくろ	0
くにまさ	2
いやっ	2
そうたい	0
むじん	0
にじょう	1
ゆみ	1
にじっ	1
ぜんしゅう	0
るみ	1
しおひる	0
にっすう	3
あきづき	2
きょうこ	1
きんだーふっく	5
しかく	3
ばしり	3
しゃくや	0
のぶよし	2
かずしげ	2
く	1
ばなし	3
しき	1
はやりうた	3
よんじっ	1
てさき	3
ひいっ	1
ひーっ	1
あいえすえす	5
おこない	0
させぼ	0
びと	1
ゔぃと	1
じぇーえふけー	5
すぷりんぐふぃーるど	6
らべんた	1
えぬえすだぶりゅー	5
ぜっとき	3
れー	1
かるー	1
ちょーど	0
ちようど	0
かおり	0
ぽん	1
おたく	0
かずお	0
きょうまつり	3
づち	2
ぶんしょう	1
かんげん	0
かわゆす	3
でぃーあーる	3
まなみ	0
ろーる	1
およそ	0
ざわり	0
ほーえ	1
まゅ	1
みわ	0
ちゅうべい	0
おし	0
さき	1
ぐすり	0
れに	1
かんこく	1
でん	1
とくみつ	2
かがみ	1
あいたた	0
あいたっ	3
あいたーっ	3
えふじー	3
ざむらい	0
ざむらひ	0
さいどらいん	4
りょこう	0
じかけ	0
すえ	1
すゑ	1
ぺり	2
ひとつばし	0
みり	1
じーま	1
いーあーるびー	6
えふぴーえす	5
てぃーいーゆー	5
でぃーびーえー	5
でぃーぴーあい	5
ぴーぴーえむ	5
ぴーぴーえむしー	7
ぴーぴーえむぶい	7
ぴーぴーびー	5
ふろっぷす	2
やそば	0
うてな	1
かくけん	1
びーぴーえす	5
ちょくせつ	0
ゆき	1
たーくさん	4
たっくさん	4
たーっくさん	5
こんにちは	5
こんにちわ	5
みよ	1
よけい	0
にん	1
だいき	1
よのなか	2
ひっ	1
ぶらんこ	2
わか	1
あっとー	0
だいすけ	1
きこ	1
はー	1
ひゃくしょう	3
あらた	1
にんき	0
めいこ	1
いぐなしお	3
かちょう	0
ふぇ	1
ほうしき	0
りゅうせい	1
そふかふ	1
くそっ	2
ねっ	1
まど	1
らんでぃ	1
あとー	0
あーっと	0
あーとー	0
あーんーと	0
げん	0
くそーっ	2
くっそー	3
さゔぉあ	1
じんるい	1
ちちおや	0
きゅうじゅう	1
ながねん	0
きゃっかん	0
あかがね	0
か	0
ぜんねん	0
びょういん	0
かたくな	0
はんぶん	3
きそ	0
えーえるえー	5
かかっ	2
たまの	1
あぅっ	2
あうっ	2
えーい	1
しんがく	0
みつぐ	0
こうすけ	1
はなのき	3
なかこ	1
じぇにふぁ	1
ばあば	1
ばぁば	1
ずな	0
だいひょう	0
しづき	1
さっそく	0
じげん	0
よ	1
ないず	1
だましい	1
いび	1
げっ	0
さう	1
しゅうまつ	0
すん	1
そぅ	1
そーお	1
しゃさつ	0
そふ	1
そおお	1
あちゃ	2
みかわ	1
くらがり	0
ちよこ	1
ますこ	1
がわり	0
こうげん	0
みつご	1
えぬおーあーる	5
ですく	1
ぎあ	1
こんしゅう	0
しーんと	0
うーっ	1
こ	0
しんぐう	0
ふなばし	2
はちのへ	3
りゅうつう	0
どぉー	1
どぉ	1
どふ	1
しゅえ	1
みたい	1
おろか	1
おんせい	1
ごひゃっ	3
どおー	1
が	0
まつばやし	3
いちじゅん	0
たすう	2
ひょー	1
やしろ	1
しーでぃーあーる	5
ひろき	1
ぴーた	1
きょうりょく	0
くら	1
くほん	0
こころ	1
やぁ	1
くりすとふ	3
ほうめん	3
いっしゅ	1
じぇふり	1
そうとう	0
いらつめ	0
うぉるた	1
とに	1
とうた	1
じょに	1
しゅつじょう	0
とみに	1
おとは	0
しごじゅう	2
たから	3
しゅうと	0
あーさ	1
しーか	1
さんのみや	0
つぐを	0
じゅんのう	0
べつだん	0
ゔぉーる	1
いーっ	1
むしゃ	1
いっぱ	1
だん	1
はっはっは	3
はっはっはっ	5
ははははははは	7
いっしゅん	0
はははははは	6
かすが	1
ないぎ	1
ごん	1
ますお	0
いっちょう	0
まんまんいち	3
じぇいた	1
ひい	1
をたく	0
て	1
ひー	1
ばいやー	1
かいなん	0
れいはい	0
ぱーれび	1
にさんるい	2
げー	1
ゆい	1
さつがい	0
そーとー	0
いっしん	3
じろ	1
かいづか	1
だいたい	0
しかーし	2
しっかし	3
とみお	0
ほあ	1
なあん	1
せんじゅう	0
とうと	1
かおく	1
きょうばい	0
さんい	1
さんさ	1
それーっ	1
にさ	1
にそう	1
ずみ	2
じゅうとめ	0
こっこく	0
もっちろん	3
みゆ	1
あからさま	0
かんない	1
じぉん	1
じよん	1
ぜょん	1
ぜよん	1
ぢょん	1
ぢよん	1
それっ	1
たんいつ	0
なんじゃく	0
さんよ	0
ううう	0
やまうち	2
ごひ	1
むろん	0
ねがい	2
まつした	2
れいぜい	0
びおら	1
りか	1
ひろみ	0
しっこう	0
ひ	1
さんそう	1
なか	1
しさつ	0
あーるだぶりゅー	4
いちい	2
んとー	0
さいけん	0
やたら	0
やはり	2
あえて	1
しょせん	0
とつぜん	0
たいりょう	0
びしょう	0
がんらい	1
つわもの	0
ゆうがた	0
ぼぉー	0
えいぎょう	0
かいもく	0
くりす	1
けだもの	0
じぇんじぇん	0
じぇんっじぇん	0
ぜーんぜん	0
ぜっんぜん	0
ぜんーぜん	0
ぜんぜーん	0
ぜんっぜん	0
やえ	1
じらい	1
ていし	0
とうてい	0
がぜん	0
ぎょーさん	3
しょっちう	1
しよつちゆう	1
とーてー	0
じゅんじゅん	3
ぜんじ	1
ねんれい	0
めっぽう	3
もうとう	0
ろくろく	0
きゅうきょ	1
ひいては	1
にちだい	0
かなあり	1
ほっ	1
がいこく	0
どお	1
りっぽうめーとる	5
ちゅうしゅつ	0
ひで	1
がたち	0
こくれん	0
さくねん	0
ぐすく	1
にしどいつ	3
ほっそく	0
ことば	3
しゅっしょう	0
ふじやま	0
おはこ	0
いっぺえ	0
しちはっ	0
だぶりゅーえす	5
いっぱーい	3
いっぱぁい	3
さいしん	0
ゔぁい	1
すみこ	1
とうち	1
ふほう	0
じょげん	0
ぶー	1
まるいち	0
さかえ	0
ばしょ	0
こさん	0
ぜんじつ	0
ごとう	0
としお	0
かたき	3
がくえん	0
よね	1
げんに	1
きょねん	1
しぜん	0
ぢから	3
いながき	2
けんど	0
あきと	1
ひきこもり	0
がたき	3
だあいぶ	0
だーいぶ	0
えいご	0
けどお	1
かたっ	2
げいり	1
ほうしん	0
はたの	1
いえみつ	2
きのくに	0
まさかず	2
さだ	1
びーおーてぃー	5
ろじゃ	1
ろっぴゃっ	4
ももばたけ	3
だいご	1
あーるえー	4
はじめ	0
かたほう	2
みや	1
よくじつ	0
もしくは	1
がくねん	0
しょくぎょう	2
ごかん	0
ぎ	1
くうかん	0
みごと	1
わりと	0
ははは	3
ろくせん	3
すぐる	0
いっぱぃ	0
いつぱい	0
じゃく	2
ちいき	1
おおあざ	1
あーるゆー	4
いっかど	0
びこう	0
ぎてい	0
あざぶ	0
まんぎ	1
ごお	1
じんぜん	0
つぶいり	0
わあん	0
みやこ	1
かみき	2
とんま	1
じんない	1
ちょうせい	0
じゅうしょ	1
おもな	1
みつなり	2
たいきょう	0
いずる	0
ふたりのり	0
りこう	0
あわじ	1
さんよんじゅっ	3
えいぶん	0
ろくしち	0
うちがわ	0
ゆうに	1
じがね	0
りっく	1
さんよんじっ	3
なにごと	0
ゆきこ	1
おだ	0
けんぶん	0
ぴーえすぴー	5
さいしょ	0
もとまち	0
さいよう	0
ちゃくちゃく	0
よせ	0
りっぽう	0
なんなく	1
つら	2
まるで	0
ちょうりょく	1
のちほど	0
ほんねん	1
あんのじょう	3
さんざっぱら	0
りゅうと	1
ろくすっぽ	0
ろくすつぽ	0
さんよんじゅう	3
おなご	0
ぱっ	2
いつぱし	0
うーう	0
ひだりした	0
ゆくえ	0
よしお	0
えすぶい	3
てき	0
ごーん	0
ふんしゅつ	0
すなわち	2
ばんのう	0
へいほうみりめーとる	7
えるえー	3
ごご	1
さてまた	1
さりとて	1
されど	1
されども	1
いってん	0
ひろこ	1
しんねん	1
こう	1
よくしつ	0
さだいえ	2
まいなー	1
やきゅう	0
もど	1
たける	0
よしずみ	2
へんか	1
しろじ	0
りょかく	0
じぎょう	1
ほそかわ	2
もくぞう	0
ひょうご	1
よくあさ	0
うき	0
とらん	1
えんかい	0
がいしゅつ	0
すいさん	0
ちょうふく	0
ようっ	0
じょせい	0
べつめい	0
ゆうじ	1
ゆーじ	1
けしょう	2
じょうしゃ	0
だぅん	1
おどれ	0
ことに	1
じゅうらい	1
せきづか	2
おおてまち	3
しもそやま	0
みとみ	1
まいとし	0
せいぜん	0
なんちゃって	5
えむなが	2
にしきど	0
いけのひら	3
えすさわ	0
えすはら	2
えぬさわ	0
きゃく	0
しらや	1
ようい	0
くわ	1
さわもと	2
うぢ	1
かじゅう	0
こうよう	0
づる	1
ひととき	2
しょうもう	0
せいかく	0
とかち	1
じょし	1
たいめん	0
どだい	0
おも	1
かいてん	0
さとし	1
やくし	1
さんのまる	3
じょうひ	1
のも	1
いちりつ	0
すでに	1
むちゅう	0
よんじゅっ	1
てぃーえいち	3
せいと	1
やおや	0
さいしき	0
しれい	0
あくせい	0
ほんらい	1
たんに	1
うつろ	0
えぇぇぇぇぇぇえぇぇぇぇぇぇ	1
いーえ	3
ぐんじん	0
ことのは	3
じゅうたく	0
はまり	0
やまかわ	2
こぐち	0
そうさい	0
こくぼう	0
ちょうぎょ	1
ようご	0
どうぐ	3
ひでこ	1
ほうちょう	0
だしゃ	1
しげ	1
しょくご	0
はっぴゃっ	4
しょうせい	1
いっかい	0
しもだ	0
たかまつ	2
どーぞ	1
ちゅうしょく	0
としょ	1
さがわ	1
はちきゅう	3
やなか	0
えつち	1
じく	2
まづ	1
つね	1
てきかく	0
あんまり	4
えぬおー	3
さっきゅう	0
ひがしやま	3
あれっしー	2
こんちは	0
みー	1
ちゅうけい	0
かんよう	0
しかた	1
きょうこう	0
じょうりゅう	0
みつこし	2
みたむら	0
おおぐち	0
ちゅうもん	0
こことき	0
ちゅうかく	0
つつみ	1
こうし	1
りゅでぃびーぬ	3
さんがべる	3
びーすけ	1
ぼしゅ	1
じゃしんた	2
まりまり	0
かんご	1
しょにち	0
がーばっつ	3
しめきり	0
どうよう	0
てぃーおーぴー	5
おたっく	2
らいあんず	1
くまこ	1
みょうちょう	0
きょうつう	0
てんかい	0
えーあーるてぃーえーえむあいえす	3
かふぃん	1
かーてぃん	1
けりん	1
こにゃーず	1
さびにー	1
さるこふすきす	5
つのめがわ	3
ねれってぃ	2
のりも	1
びりんぐず	2
ぴあそる	1
ふぉーだー	1
へんれ	1
ぼうるびー	1
まじお	1
ゆーじにあ	0
らでぃっく	1
りとわっく	3
きゅうひゃっ	1
すま	1
にちはむ	0
ぎが	1
ごりん	0
げれろ	1
がね	0
こうれい	0
ぞうき	0
いちだん	2
ぐに	0
いさ	1
ひりつ	0
ごぜん	1
あざ	2
ぎり	1
がいや	0
くふう	0
さんよっ	0
かねあつめ	3
じゅん	1
いっさい	1
おうみ	1
あーるえーえむ	6
くべつ	1
ざんよう	0
やすじ	1
だね	1
せいじ	1
じゅうじょう	1
ちゅうさん	0
しゅじゅ	1
とうちょう	0
ろうどう	0
こえ	1
いっぽ	1
だんだん	1
あいちゃく	0
からがら	0
いちこ	1
はちじゅっ	3
いい	1
しょとう	0
しづか	1
いっかん	0
じょうぶ	0
つひに	1
ほんごく	1
しーっ	1
しいーっ	1
てるくはのる	4
さいごく	0
あかまつ	2
ひとあじ	2
さっ	1
ぽち	1
あいしょう	3
いっしょ	0
かわじり	2
こうじょう	0
ぶんじ	1
かいふ	0
くろかわ	2
つま	0
いっそう	0
ち	0
かわきた	2
はした	0
ぶんぽう	0
ながお	0
ひとしきり	2
けしき	1
はちじっ	3
ひとはだ	2
ふたつながら	4
げんそく	0
りゅうがく	0
けいしき	0
こうてき	0
ほんーに	1
わり	0
かかん	1
ぜんぶ	1
ちょうろう	0
やめ	0
すみよし	2
すうち	1
どうとう	0
たっしゃ	0
がねん	1
せいさく	0
ねんじゅう	1
せんしゅ	1
しょくえん	2
ふたりぐみ	0
あざな	0
なとり	1
ゆうめい	0
ばくぜん	0
さいきん	0
ほさ	1
しひて	1
おまへ	0
だいば	0
きれえ	1
きれゐ	1
いいん	1
らいねん	0
しょうじょ	1
ぺーじ	1
おおきな	1
しきゅう	0
しろう	1
ちょうほう	1
こんの	0
つうじょう	0
せいぎょ	1
ゆかり	0
さちゅう	1
ひとまず	2
だんぱん	1
ろっこう	1
あきごろ	3
いんでぃ	1
ほんちょう	1
たー	1
みづから	1
ぼしょ	1
ろくじっ	3
ひだりがわ	0
みやこのじょう	4
ちくさ	1
ぴーえす	3
んと	0
ふだん	1
へんにゅう	0
ばんしょう	1
かわた	1
ぼこく	1
えんちょう	0
おんみょう	0
きんゆう	0
ここの	2
とだ	0
あんぺあまいめーとる	7
うぇーばーまいへいほうめーとる	11
きろぐらむまいりっぽうめーとる	12
きろじゅーるまいもる	8
きろめーとるまいびょう	9
きろわっとまいへいほうめーとる	12
くーろんまいきろぐらむ	9
くーろんまいもる	7
ぐらむまいりっぽうせんちめーとる	13
ぐらむまいりっぽうめーとる	10
じゅーるまいかろりー	6
じゅーるまいびょう	6
せんちめーとるまいびょう	10
にゅーとんへいほうめーとるまいうぇーばーまいうぇーばー	21
にゅーとんまいあんぺあまいあんぺあ	15
にゅーとんまいうぇーばー	7
にゅーとんまいくーろん	7
にゅーとんまいめーとる	7
へいほうきろめーとる	7
へいほうせんちめーとる	8
ぼるとまいめーとる	6
めーとるまいびょうまいびょう	11
もるまいりっとる	5
らじあんまいびょう	7
りっぽうせんちめーとる	8
りっぽうみりめーとる	7
わっとまいへいほうめーとる	10
どうお	3
どーお	3
むしん	0
ざんぞん	0
ふたりぐらし	4
げじゅん	0
あーんた	1
げんざい	1
てくび	1
はんぱつ	0
まんぞく	1
ぱあん	1
ああた	1
だんせい	0
だいいち	1
はんすう	3
あきば	0
うちそと	3
おもいきり	0
あーた	1
しょうり	1
だぶりゅーあーる	5
どなた	1
ごろっぴゃっ	0
ながと	1
じんせい	1
しゅうごう	0
いちず	2
こうはい	0
じこく	1
しみず	1
せんちゃく	0
しゅっすい	0
おき	0
いかなる	2
かりいれ	0
せいじん	0
だいすう	3
とうか	1
ひよし	0
めでぃあ	1
おだく	0
げかん	0
じんこう	0
ちゅうとう	0
め	1
がかく	1
りょっか	0
えすえー	3
れんごう	0
あさと	1
たいか	1
やばた	1
やまじ	1
さくせん	0
かいどう	0
えんじょ	1
きたさと	2
きやう	1
なにしろ	1
ぶんちょう	0
えむえすえす	5
そうごん	0
ないかい	0
じなん	1
おーっ	1
いゃぁ	2
いゃあ	2
ひだり	0
かいけん	0
じんみん	3
ぼう	1
いっせんだい	3
こーんな	0
こぉんな	0
さんすおたん	3
さんびょう	0
さんまく	0
ずそ	1
せんざんき	3
ためん	0
とさ	1
らいしゅん	0
ついじゅう	0
おおみわ	0
ちいさな	1
ひょうか	1
だんし	1
あずけいれ	0
べいぐん	0
ひんもく	0
みつお	0
ああっ	1
ろーぷうぇい	4
かづの	1
げか	0
だいぶん	0
いちにんまえ	0
せいし	1
そりゃあ	0
ぶんべつ	0
やくば	3
ちかこ	1
とんちゃく	1
どきょう	0
あいにく	0
ぞくはつ	0
ぎたー	1
ひなん	1
みぎがわ	0
みっせつ	0
ちかまつ	2
ひところ	2
こうと	1
もより	0
きのう	1
たどう	0
つうしん	0
はっしゅう	1
へいねん	0
しょうじき	3
いろんな	0
たんじゃく	0
いしわた	0
がんねん	1
けんぶつ	0
えむしー	3
まこと	0
こうど	1
ゆにゅう	0
りょうてき	0
じゅりつ	0
たき	1
あまがさき	3
とうしょ	1
こうしき	0
おそれ	3
こうめい	0
ちゅうぐうの	3
きゃくしゃ	0
いちぞく	2
しーぶいあーる	5
れんぞく	0
いってえ	0
じんぶん	0
やはしら	0
しょくもつ	2
りえき	1
おっきな	3
いちおー	0
まーちゃ	1
やくそう	0
おかしな	2
しゅうちゃく	0
たんぺん	0
てんよう	0
さいくつ	0
らくちゃく	0
はくぶん	1
をかく	1
ふうん	0
あまくさ	2
そきゅう	0
にくしょく	0
きょうだい	1
せんじつ	0
よくねん	0
きょうかい	0
こんかい	1
とうほく	0
にてんいち	2
いんしゅ	0
かやの	1
ごし	0
さんのう	3
ちゃっこう	0
ついほう	0
めくるめく	4
きょうしつ	0
とうは	1
くそ	2
めぐろ	1
しゅんじ	1
ちいちゃな	1
ちっさな	3
ちっちゃな	3
くさつ	1
べんきょう	0
りあ	1
あすこ	0
きゅうだい	0
てんじょう	0
とうめん	0
どうけい	0
ぶんご	1
しゅっけつ	0
ぼうちょう	0
そーう	0
とうしゅ	1
もとより	1
はんない	1
としん	0
にてん	0
へいじつ	0
でき	0
ひとりでに	0
おんせつ	0
きんねん	1
しょうべん	3
かいかん	0
せいり	1
しょぶん	1
ちゅうき	1
ふつこく	2
ひとやく	2
りょうけん	1
さいしゅう	0
ぎゃく	0
さらなる	1
しゅくえい	0
びおん	0
あらゆる	3
しさん	0
こぞう	2
ごじょう	1
のりひろ	2
いちげき	0
くぎょう	1
へんちょう	0
おおいなる	1
こげな	0
くしき	1
ほんにん	1
がき	1
きょ	1
ちょうよう	0
さいご	1
らいげつ	1
いちらん	0
がいして	1
けんこう	0
しょうすう	3
やふ	1
よふ	1
さんぱい	0
かっけん	1
じょうよう	0
はいぱす	1
にんずう	1
ぐま	2
しゅうし	1
かねつ	0
ついか	0
ちしき	1
えむこ	1
せいき	1
ゆづき	1
とくじろう	2
いちざ	2
ちそう	0
へいそん	0
みわこ	1
どうせい	0
やすふみ	2
きぐ	1
いっきょう	0
ふちょう	0
けんせい	1
いーろう	0
えいちこ	1
えぬた	1
えふこ	1
きゅうた	1
きゅうたろう	0
きんや	1
こんしゅん	0
しーお	0
しーこ	1
じぇーこ	1
じーすけ	1
ただとし	2
でぃーこ	1
でぃーすけ	1
ひでなお	2
びーさく	0
ますひろ	2
よしひさ	2
わいこ	1
いちゆう	0
おおみや	0
いちれい	0
いっしよ	0
てるや	1
ざいりょう	3
やんやん	1
とおっても	5
とーおっても	5
とーっても	5
さんてん	0
にとう	0
いちどく	0
いちにん	0
いちべつ	0
いちぼう	0
いっけつ	0
いっしゅう	0
いっすい	0
いってき	0
きゅうはい	0
せんぺん	0
ひゃくしゅつ	0
とうじ	1
こしつ	0
よほど	0
じつざい	0
てらかわ	2
うんよう	0
だいふぃる	0
いつかいち	3
おねー	1
めいえき	1
かくねん	0
みずうみ	3
こっ	1
そうば	0
ほうふつ	0
とある	2
せんじゅ	0
るいけい	0
おしま	1
はっけい	1
いっこ	1
せんげつ	1
ちゅうばん	0
ずひょう	0
おなし	0
くろじ	0
しんゆう	0
すかさず	0
そうらん	0
ひょうき	1
ほんじつ	1
しょくにん	0
すいじょう	0
どうそ	1
もめん	0
むろまち	0
ほんじょ	0
しょゆう	0
おおがた	0
じゅすい	0
そうち	1
たいした	1
おおさわ	0
だれっ	1
こんき	1
えつねん	0
しゅつぎょ	1
ふかぶか	3
つうれい	0
りんせつ	0
しーでぃーいー	5
おのが	1
うわぁー	2
うわあ	2
さんじゅっ	1
れいてき	0
ちょくぜん	0
にちじょう	0
ほしじるし	3
おおかた	0
ひっきょう	0
えんしん	1
しゃくねつ	0
なぁん	1
ぎょうしょう	0
なあーん	1
ちゃあんと	0
ちゃぁんと	0
ちゃーんと	0
えいきゅう	0
てすう	2
ふうふ	1
まるじるし	3
げっかん	0
げざん	0
いちがん	0
さくひん	0
じじょ	1
ば	1
はいき	0
ほおん	0
こうり	0
しじゅう	1
つうろ	1
しょとく	0
ちんぎん	1
にこう	1
いっかつ	0
ちゅうじゅん	0
みかつき	2
たんなる	1
かくご	1
だいそれた	3
ちひょう	0
げすい	0
がっせん	0
こうちく	0
えんしょう	0
さほど	0
しめはり	0
しめび	2
らぬき	0
ぬの	0
せん	1
ちゅうに	0
つばきやま	3
しらぎ	1
ぶたにく	0
いちうり	0
ぽろ	1
まんよう	0
ほこ	0
むえき	1
ひとたび	2
にさんびゃく	2
みまな	1
おいっ	1
こげん	0
のうがく	0
げんじつ	0
じょうこう	0
ほそぼそ	3
たいやく	0
おめへ	0
ばんぜん	0
けんりょく	1
じょうじゅん	0
ぜんき	1
てつどう	0
なにせ	1
いっちょ	1
たんどく	0
どっこ	0
ひゃくたん	3
すべて	1
なんせい	0
ざいがく	0
しょくぜん	0
いでみつ	2
ぜんいん	0
ゆうえん	0
しゅつにゅう	0
みめい	0
そくじ	1
べいそ	1
すうだん	0
みまん	1
すいぶん	1
びーいー	3
たなばた	0
ばんねん	0
じゃっかん	0
あぁんな	0
あーんな	0
しゅんかん	0
ようやく	0
せんねん	0
れんじつ	0
どうや	1
ばんしゅう	0
まいかい	0
さくしゅう	0
さくとう	0
さっこん	1
たんしん	0
よくげつ	0
いらい	1
こらい	1
そっこく	0
いじつ	1
えいねん	0
おおよそ	0
がいがい	0
こんだい	0
こんとう	0
さくしゅん	0
せいらい	1
じげつ	1
すんごう	0
ずいじ	1
ついじつ	0
ばいりょう	3
ほんげつ	1
まいびょう	0
まいふん	0
よくしゅう	0
よくばん	0
たしょう	0
ぼくぁ	1
ところどころ	4
かんちょう	1
そくじつ	0
おとうと	4
ゆうしゅう	0
ぐえん	1
あきつ	1
かくりつ	0
しゅってん	0
せきじょう	0
だあれ	1
だあーれ	1
だぁれ	1
だーれ	1
まつじつ	0
どうり	3
しんしろ	1
のと	1
かんとう	1
きょうぞん	0
てんてんてん	5
はあーい	1
かくとう	0
とくしん	0
いりぐち	0
かずてき	0
むしょく	1
じつと	0
てんぺん	0
ぶんぴつ	0
ろうえい	0
とうざい	1
いっぺん	0
そうほう	1
にさんぜん	4
とはん	0
けいい	1
ほんぶん	1
まみ	1
こうどう	0
たとえば	2
はんせい	0
やくしょ	3
ろっかっ	4
かいがい	1
ねんりょう	3
おほかた	0
すいせい	0
なかよく	1
へんしゅう	0
やわた	0
しゅほう	0
はっぴょう	0
おいね	2
どっぐ	1
いしはら	0
きかん	0
くかく	0
っさま	0
たまーに	0
せいせい	1
けいじょう	0
やがて	0
やっぱし	3
たまぁに	0
はくい	1
うう	0
さんじっ	1
たかひら	2
しゅうかん	0
くまの	1
てんか	1
ず	0
めいもく	0
ちょくせん	0
とうじょう	0
そううっと	0
そうっと	0
そぉっと	0
そおっと	0
そおーっと	0
どさん	0
ぶらぶら	0
ふくしゅう	0
しんし	1
しゅうがく	0
どげん	0
かずや	1
かごしま	0
もうで	0
ちゅうし	0
かんじゃ	0
さらやま	0
ほっせん	0
しょき	1
たとへば	2
だいじん	1
そりゃぁ	0
そりやあ	0
ひょうてい	0
さいゆう	0
うたがい	0
かいぐん	1
かんき	1
たいけい	0
にじゅっ	1
かぁーん	0
ゆうすい	0
かあん	0
そんもう	0
ひやけ	0
やつぱり	3
わかまつ	2
としした	0
じゅうにん	0
もくぜん	0
こうねん	0
おわり	0
しょうご	1
おおおか	1
がいしょう	0
きょく	1
じえい	0
じょうきん	0
きゅうじつ	0
ふりょう	0
ゆえん	0
たかはら	2
ふじつ	1
おうい	1
しょり	1
なんふつ	0
ひらいわ	0
ふたたび	0
だいしん	1
えんまん	0
さっそう	0
みんかん	0
そうろう	0
されとも	1
わづか	1
こうらく	0
いかな	2
こうぜん	0
そうばん	0
ゆかうえ	0
おおすぎ	0
かぜん	0
きゅうきゅう	0
きょぜん	0
きんぜん	0
けつぜん	0
こつえん	0
そもさん	1
ちくじつ	0
ちょうらい	1
とじょう	0
びょうびょう	0
みつみつ	0
むりょ	1
ちょうぎん	0
ゆーしゅう	0
こおう	1
ひがしてぃもーる	5
じょうたい	0
せつめい	0
たん	1
にゅうじょう	0
にんぎょう	0
はつでん	0
びょうちゅう	0
ゆいごん	0
かならず	0
ちくご	1
ひきょう	2
なんじゅう	1
あんぜん	0
なんぼく	1
おんいき	0
えつ	1
ぐにゃぐにゃっ	4
きーきー	1
しょくどう	0
きんぱち	0
こくみん	0
しょうしょう	1
たしか	1
はいご	1
はんれい	0
こきゃく	0
じょうにん	0
どうろ	1
にんしき	0
ほうみょう	1
けっそく	0
しょうぞう	0
ぼうつと	0
ぼうーっと	0
ぼおーっと	0
しゅうちゅう	0
こうざん	1
ちょうきょう	0
どうじょ	1
どうぞー	1
えいえい	0
せんこく	0
としうえ	0
むおん	0
まーったく	0
じょうばん	0
ばんべつ	0
ひれい	0
げんどう	0
はったつ	0
さんじょう	1
ふくたけ	2
しゅうかい	0
ちつとも	3
ちゅうだい	0
こーれ	1
しはん	0
かそく	0
じんざい	0
ぶんかつ	0
じょうきょう	0
せんびき	0
しゅよう	0
きゅうせい	0
きゅうすい	0
げんさん	0
しょくひん	0
ないぶ	1
めーでー	1
しゅつば	0
ちじょう	0
まつえ	0
しがい	1
たゆう	1
ちょうじょ	1
きょうわ	0
しっぽう	0
いくぶん	0
ぐあい	0
ねんきん	0
かんしゅつ	0
たんてき	0
ゆうしょう	0
ちょうじゅ	1
ふぅぅん	0
ふぅーん	0
にぃ	1
こまごま	3
すみこみ	0
ちゅうどく	1
ちょっとぉ	1
にしのみや	0
うおおおお	2
うおお	2
こんばんは	5
ちいん	0
じち	1
かんしん	0
ちょっとお	1
まいりっぽうめーとる	7
あさばん	1
まいめーとる	3
ちぃっと	1
ちぃと	0
ちいっと	1
きどう	0
もーっと	1
ふてい	0
さぁみああ	1
やぱ	1
てんけん	0
いちいん	0
かくだん	0
たいさう	1
まくなし	0
よくなつ	0
あげく	0
いっぷ	1
こんゆう	0
しもき	2
てんめい	0
よくよる	0
おれあ	0
かわにし	2
あけち	0
ぶうん	0
どうじま	0
がっさん	1
げんりゃく	0
すぱあん	2
いえいっ	2
さはん	0
ひとくち	2
なぁに	1
なあーに	1
しょうたい	1
がくちょう	0
ふうぅ	1
しぼう	0
つりあげ	0
ばいしゅん	0
ぶかい	0
わがや	1
じしゃ	1
とつか	0
みかげ	0
やう	1
はやばや	3
きちいと	2
ぶんろく	0
まだまた	0
さんきゅう	1
たびたび	0
ゆうはん	0
いちばた	0
はたなか	2
ううんと	0
しょうし	0
おんそ	1
まんまん	1
きぼう	0
こりゃあ	0
ちょうあん	1
みうら	0
あれん	1
ちくねん	0
たらが	1
あつめ	0
ぐらふ	1
せんすい	0
おみやぁ	0
おみやあ	0
おめい	0
けんない	1
きょうけ	1
じょちゅう	0
あるん	1
ごうはん	0
さるはし	2
こうい	1
だくさん	3
ひらやま	0
うえき	0
ねぇー	1
しゅじん	1
たよう	0
なぽれをん	0
きゅうじっ	1
にじゅういちえもん	1
はっこう	0
みちのく	0
がっき	0
にげん	1
ほんんに	1
こっきょう	0
こうさん	0
ぜんべい	0
ちはや	1
ばんげ	0
どうけん	1
ぶんるい	0
あなないきょう	0
いちまん	0
きゅうきょう	0
きゅうきょうだい	0
きゅうこうだい	0
きゅうこくだい	0
きゅうすぽ	0
きゅうりん	0
きゅうれい	1
ごうじ	1
ごこ	1
ごりゅう	1
ごろえ	0
さんえん	1
さんしょうぼう	3
さんやん	1
さんゆう	0
しちちょう	2
しまぶ	1
じっきん	0
せんけ	1
せんじもん	3
せんにょう	0
せんぷく	1
ちぼう	1
はっしょく	0
ばんほうせん	3
ふたぬき	2
まんあん	1
まんかめ	0
まんしょう	1
まんそう	1
まんとみ	0
まんねい	0
まんぼう	1
みちつる	0
みまつ	1
やおしん	2
やおぜん	2
やくり	1
りくとう	0
ろくしょう	2
どつ	1
えんない	1
しつない	2
れいのう	0
ふんわりっ	3
わりあい	0
げしゅく	0
さみ	1
ざみ	1
せんたん	0
ぬわん	2
わぶん	0
べつじょう	0
ったく	0
ぐさ	2
いちかん	0
ありた	1
おほよそ	0
わっし	0
おおべや	0
ぼうん	0
やうやく	0
だれそれ	1
らくよう	0
ゆうしょく	0
そちら	0
ふくすう	3
きょういん	0
ねっとう	0
かいすう	3
じきさま	1
ずけ	2
くうはく	0
くもつ	1
しょか	1
すこし	2
らっかん	0
がくせい	0
ひょうり	1
ゆもと	1
ちょうりつ	0
ないせん	0
けんお	1
しょうじゅ	1
せつに	1
きちょう	0
にいっ	0
ひとりあるき	4
よおっく	0
よーっく	0
べっして	0
しんきょく	0
せんだ	0
そうしん	0
にゅうかい	0
めのかたき	5
よっく	1
よつく	1
せいねん	0
とうかい	0
しゅうへん	0
しんりん	0
そうおう	0
こばなし	2
しょくみん	0
しゃかしゃかっ	4
しんてき	0
ゆうりょう	0
きぃーん	0
どおっと	1
きいん	0
しりょう	1
いゃ	2
しかっ	3
しりつ	1
どくがく	0
よろしゅう	3
なんとう	0
ひっせき	0
ずらー	2
はしゅつ	0
どうちょう	1
あんこく	0
しゅうえん	0
つきべつ	0
こつち	3
ほくべい	0
かいうん	1
ぎんいろ	0
またーり	2
かもつ	1
じつりょく	0
しゅわしゅわっ	4
くったり	3
こっちあ	3
ぐんよう	0
あんぱん	1
かしわら	2
じりき	0
よろしこ	0
かざはや	2
ぶるぅ	2
やーっと	4
やぁああっと	4
やぁっと	4
じゅうぶん	3
ちよい	1
ばんじょう	0
かんがい	0
やあっと	4
とない	1
せいほう	0
ていねん	0
いっくら	3
しゅつにゅうこく	3
わーわー	1
したじ	0
やましろの	0
へいし	1
かみやま	0
とほ	1
ひべつ	0
さほう	1
ばいぞう	0
きしゃ	2
ねんまつ	0
なんちゃってー	5
へいりょく	1
おやま	1
いちげん	0
しゅうじゃく	0
ひとえに	2
そうがく	0
ちゆう	1
じょうず	3
はくしゃ	1
げきか	0
こんらい	1
しぜーん	0
さいし	1
どうん	0
どおん	0
どおおおおん	0
のこり	3
ほご	1
ろくじゅっ	3
あいえぬ	3
おおくら	0
じょん	1
かんかく	0
じんじょう	0
たんじゅん	0
たいりつ	0
こうふ	0
ふくごう	0
きんちゃく	0
ひょうほう	1
いながわ	0
かごん	0
たーいへん	0
てえへん	0
よてい	0
わぃわぃ	1
さんびゃっ	1
ひよう	1
いっせつ	0
けんよう	0
じょうちょ	1
ひぞう	0
ぶらぶらっ	4
やくいん	2
よは	1
たっせい	0
とりわき	0
にゃあっ	1
ねんない	1
たんせい	1
ぶうっ	1
またもや	2
おもわく	0
ぜりあい	0
たぁぁっぷり	4
たーっぷり	4
もやもやっ	4
かんっぜん	0
きゅうしょう	1
しゅうだん	0
まじり	1
きんぽ	1
だんゆう	0
じょうひん	3
ちょめい	0
とこ	0
せいか	1
おなじく	2
かつらぎの	0
きょだい	0
こうゆう	0
しゅしょう	0
ひこう	0
どうく	1
よっぽど	4
よつぽど	4
あきやま	2
しげき	0
つくば	1
はつどう	0
あたしゃ	0
わたしゃ	0
わたすぃ	0
たいとう	0
わたい	0
こんとん	0
おうしゅう	1
くだり	0
ぜーっ	0
べつべつ	0
びてき	0
ふもと	3
かたんっ	2
しゅっせん	0
しんきゅう	1
めんせき	1
とういん	0
こうぎょう	1
こうりつ	0
せっしゃ	0
てきせい	0
ふきあげ	0
しんぶつ	1
ないせい	0
びみょー	0
いんりょう	3
かつとし	2
ひらひらっ	4
ようく	0
よぅく	0
よぉーく	0
よぉぉく	0
よぉく	0
よおく	0
よおーく	0
よふく	0
よふをく	0
よをく	0
よをふく	0
そらあ	0
ちゅうりつ	0
かくじつ	0
ぶってき	0
おおがら	0
どこそこ	1
ぼー	0
どうてき	0
えっちゅう	1
さんし	1
たいこく	0
べんべつ	0
おなにい	1
さいせい	0
たいしゅう	0
ばしゅ	1
れいさい	0
ちょうしょく	0
ほうしゅつ	0
おんなじ	0
じけん	1
じみん	1
ぴるま	3
み	0
じゅきゅう	0
きょくせん	0
きりきりっ	4
さくにゅう	0
しゃき	2
ぶつり	2
ひとへに	2
けんきゅう	0
しんらい	0
あたかも	1
じっし	0
こたい	0
まいねん	0
ごげん	0
ひかわ	1
かほう	1
きずい	0
ごたんだ	0
さいげつ	1
どーんっ	0
けんすう	3
こうつう	0
ふうーっ	1
やちん	1
やんわり	3
ぐうんと	0
ぐうーんと	0
ごさ	2
そのう	0
どうない	1
おもいおもい	4
こくっ	2
にちよう	0
ぶっくまあく	4
ぼろぼろっ	4
いんゑ	0
ずきょう	0
ひゅうまん	1
はったと	1
ゆたり	2
ゆったら	3
すこうし	2
すこおし	2
すこーし	2
つうたつ	0
あたまだか	0
こうほう	0
しゃない	1
みさき	0
ぐうっ	0
なんちょう	0
れんちゅう	0
かいげん	0
くみちょう	2
ずど	1
ぐうーっ	0
えんかつ	0
けらい	1
ぱしゃっ	2
めいさい	0
いちりゅう	0
だあいじょぶ	4
だーいじょうぶ	4
だーいじょぶ	4
こいつぅ	0
じゅんすい	0
いよいよ	2
こうくう	0
しみずちょう	0
そぞろ	0
てんせき	0
ないふく	0
ひえ	2
ぼうーと	1
きつちり	3
けんぜん	0
りつぱ	0
うかん	1
めいかく	0
おにゃにぃ	1
せいのう	0
ぇえっ	1
かはるがはる	4
かわるがわる	4
ごしゃっ	2
しろうま	2
じょうじま	0
なにとぞ	0
いいえー	3
しょうりょう	0
しごじっ	2
しごじゅっ	2
ひょろひょろー	4
ふうりゅう	1
わおん	1
いずれ	0
ともかく	1
まるっきり	0
みまさか	2
よっかいち	3
いいええ	3
こうき	1
ぱかっ	2
ひっし	0
ほわり	2
むせい	0
きじょう	0
さいてき	0
はとやま	0
めっちゃめちゃ	0
きゃくま	0
のうえん	0
ぶすー	2
とうしん	0
けんきょ	1
もうれつ	0
どて	2
びか	2
むざん	1
おんだん	0
がんじょう	0
ごうかい	0
さしずめ	0
ちびっ	2
ともあれ	1
どくとく	0
のーんびり	4
うんえい	0
かっぱつ	0
きゅうそく	0
ぎゅうっ	0
けんちょ	1
しょうちょう	1
しんみょう	0
あくらつ	0
あんうつ	0
あんちょく	0
いんうつ	0
うえん	0
えいびん	0
えんきょく	0
えんちょく	0
おうじゃく	0
おんびん	0
おんみつ	0
かぜい	0
かったつ	0
かつだつ	0
かんび	1
かんまん	0
きはく	0
きびん	0
きゅうげき	0
ぐあん	0
げんかく	0
げんしゅく	0
げんみつ	0
ごういん	0
ごうがん	0
ごうぎ	1
ごうそう	0
ごうてき	0
さいり	1
ざっぱく	0
ざんしん	0
しつよう	0
じょうちょう	0
せいれつ	0
せんれい	0
そっきゅう	0
てきど	1
とうとつ	0
ねつれつ	0
のうこう	0
ひょうけい	0
ぶっそう	3
ぼうがい	0
ぼうじゃく	0
めいりょう	0
めいろう	0
ゆうかん	0
ゆうちょう	1
りゅうちょう	1
りゅうれい	0
かんそ	1
けんめー	0
ごちゃっ	2
ざった	0
ふわ	2
まなづる	2
きょうてき	0
ぷすん	2
よくとし	0
こうか	1
がいてき	0
くろぐろ	3
ちゃぽん	2
ときおり	0
ふかひ	2
みずべ	0
かれこれ	1
こてん	2
らいにち	0
がつかり	3
ぴき	2
さしづめ	0
ずらずらっ	4
ただちに	1
ちゃりちゃり	1
とうすぽ	0
まっとう	0
あだかも	1
いちはやく	3
んふん	2
ががががが	5
ころころっ	4
はたまた	1
ほたり	2
ぼくじょう	0
まるきり	0
みちすがら	0
よよと	1
えてして	1
かやかや	0
きつぱり	3
ぐぐぐぐっ	4
こってんぱん	0
じゅうち	1
どくご	0
ぶーぶー	1
ほうほけきょ	4
おそらく	2
しくり	2
じっこう	0
びじゅっ	2
ぽうっ	0
ぽうーっ	0
ぽおっ	0
うっすら	3
えむおー	3
がっかし	2
ぐちゃっ	2
ぐんなり	3
たなぐら	2
とうめい	0
どよーん	2
なるたけ	0
ひろびろ	3
ふつくら	3
まっっぴら	3
まっぴら	3
まつぴら	3
まるきし	0
まるっきし	0
よしんば	2
あらかじめ	0
きやつきやつ	3
しおだ	1
しまらく	2
ぞうっと	1
ぞぉっと	1
たはつ	0
ちょんちょんっ	3
つかいもの	0
なおさら	0
ぴいん	0
ぼうえき	0
むさと	1
めつきり	3
ゆうこう	0
ゆつくり	3
あっけらかーん	5
あながち	0
あまねく	3
うろうろっ	4
おしなべて	3
おそるおそる	4
おぬしゃぁ	2
おのし	2
おぬしゃあ	2
おもむろに	0
かはりがはり	4
きりりっ	3
ぎりっぎり	0
ぎりり	2
くしくも	1
ぐちゃーっ	2
ぐつすり	3
けらけらっ	4
げこげこ	1
げぷー	2
げぼげぼ	1
こじんまり	4
こちんまり	3
こぢんまり	4
こつそり	3
ごしゃ	2
ごつそり	3
さささ	3
さささっ	3
さささささ	5
さぞ	1
さぞかし	1
ざぶーんっ	2
しつくり	3
しよぼしよぼ	1
しょぼー	2
しらじら	3
じつくり	3
じゅわ	2
すぐさま	1
すつぽり	3
すべからく	3
するりっ	2
ずずぅーん	2
ずっぷり	3
ずるり	2
ずんずんっ	3
ぞよぞよ	1
ちょっちょっじー	4
ちらりっ	2
つかつかっ	4
つちーつるちーつる	6
つねづね	2
つるんつるん	5
とつぷり	3
とにもかくにも	1
どきまぎ	1
どよどよ	1
なほさら	0
ながらく	2
なまじ	0
なんじょう	0
にゃおにゃ	1
ぬら	2
ばくばくっ	4
ひらりっ	2
びくりっ	2
びつしより	3
びっちょり	3
ふくふく	1
ふわりふわり	2
ふわぁ	2
ぶおーん	2
べつたり	3
べろり	2
ほんのーり	3
ほんわり	3
みすみす	0
むかー	2
むざと	1
むずと	1
むづむづ	1
もっこーりー	3
ゆっくーり	3
ゆーっくり	4
れいじょう	0
あぐっ	2
あぐぐ	3
あさなさな	3
あむあむ	1
いきせき	1
いくばく	0
いさくさ	0
いささめ	0
うおーんおん	2
うじゃじゃ	3
うじゃじゃっ	3
うじょうじょ	1
うすぼんやり	5
うすらぼんやり	6
うたて	0
うっすり	3
うつたえ	3
うにゃ	1
うにゃうにゃ	4
うにょうにょ	1
うわっさ	4
うわーん	2
うんにゃら	1
ううおーん	3
うーおーん	3
えぐえぐ	1
えっちら	1
おうふう	1
おづおづ	1
おっつけ	0
おどろおどろ	6
おんおん	1
かあかあかあ	1
かいくれ	0
かへすがへす	4
かくり	2
かこーん	2
かさねがさね	4
かっかー	3
かっしゃーん	3
かっつかっつ	0
かつがつ	0
かねがね	2
かぱー	2
かぷかぷ	1
からら	2
からりんこん	3
かりかりかりっ	6
かりこり	1
かろがろ	3
かんこん	1
かんにゃら	0
かーりかり	5
がぁーん	0
がいしょく	0
ががー	2
がしゃこん	3
がたくり	1
がたこん	0
がたごん	0
がちゃりっ	2
がっすり	3
がらがらあ	4
がりり	3
がるるる	4
がるるるっ	4
がろがろ	1
ききい	2
ききいっ	2
きききー	3
きずきず	1
きちりと	2
きっきっきー	5
きやきや	1
きゅいん	2
きゅきゅきゅ	3
きゅっきゅっきゅ	5
きゅぴーん	2
きゅるる	3
きゅうん	0
きょっきょっ	1
きょっきょっきょっ	5
きらん	2
きんこん	1
きぃらり	3
きーらり	3
ぎぎぎい	3
ぎくん	2
ぎちり	2
ぎちいいっ	2
ぎちー	2
ぎちーっ	2
ぎゅいん	2
ぎゅっぎゅ	3
ぎゅるぎゅる	1
ぎゅん	1
ぎょろ	2
ぎょろん	2
ぎらっ	2
ぎんぎら	4
くいくい	1
くいー	2
くしゃ	2
くしゅくしゅ	4
くしょくしょ	1
くすんくすん	2
くたくたっ	4
くたー	2
くたーっ	2
くちゅう	2
くちゅり	2
くちゅー	2
くなくな	1
くにっ	2
くにゃ	2
くにゃくにゃ	1
くねくねっ	4
くふくふ	4
くぷくぷ	1
くりゅっ	2
くるりくるり	2
くるりん	3
くるりんこん	3
ぐいー	2
ぐうすか	1
ぐきぐき	4
ぐぎ	2
ぐぎっ	2
ぐぐー	2
ぐぐん	2
ぐさぐさっ	4
ぐしぐし	1
ぐしゃり	2
ぐじゅ	2
ぐぢゅ	2
ぐじゅー	2
ぐじゅーっ	2
ぐじゅうっ	2
ぐじょぐじょ	1
ぐすっ	2
ぐだらぐだら	4
ぐちゃり	2
ぐちゃー	2
ぐちゅ	2
ぐちゅっ	2
ぐっさり	3
ぐっさりっ	3
ぐっしゃり	3
ぐっぽり	3
ぐどぐど	1
ぐにゃ	2
ぐにゅ	2
ぐにゅっ	2
ぐにょ	2
ぐにょっ	2
ぐね	2
ぐねっ	2
ぐねぐね	1
ぐびっ	2
ぐびり	2
ぐふぐふ	1
ぐぷぐぷ	1
ぐぼり	2
ぐらぐらぐらー	6
ぐらぐらぐらーっ	6
ぐるりっ	2
ぐるりぐるり	2
ぐるりん	2
ぐるる	2
ぐるるるるる	6
ぐるんっ	2
ぐろぐろ	1
ぐわら	3
ぐわらっ	3
ぐわり	2
ぐわん	2
ぐわー	2
けくけく	1
けけ	2
けほ	2
けほけほ	1
けろけろけろ	6
けろぴい	1
げしっ	2
げたげた	1
げふ	2
げほ	2
こかあ	2
こしょこしょ	1
こじゃんと	2
こちゃこちゃ	1
こっちん	3
こっつんこ	3
こつり	2
こぴこぴ	1
こぶこぶ	1
こほ	2
こぼこぼ	1
ころっころ	0
ころりん	1
ごいごい	1
ごさごさ	1
ごしゃごしゃ	1
ごじゃごじゃ	0
ごちょごちょ	1
ごちん	2
ごっし	1
ごっつんこ	3
ごつり	2
ごとごとごと	6
ごほ	2
ごほっ	2
ごほごほごほ	6
ごほごほごほっ	6
さえざえ	3
さきく	2
さくさくさく	1
さくりっ	2
さしあたり	0
さしむき	0
さださだ	0
さっさか	1
さつさつ	3
さっさっさ	5
さばっ	2
さむざむ	3
さらさらさら	6
さらさらさらっ	6
さりさり	1
ざかざか	1
ざくざくっ	4
ざくり	2
ざざざざ	4
ざざざざっ	4
ざざざざざ	5
ざざざざざっ	5
ざっくざく	1
ざっこ	1
ざっぱーん	3
ざば	2
ざばっ	2
ざばり	2
ざっばーん	3
ざぶっ	2
ざらざらっ	4
ざらん	2
ざりざり	1
ざんぐり	3
ざんざか	1
ざんざん	1
ざんぶらこ	1
ざあらざら	0
ざーらざら	0
しかしか	1
しげく	1
しめじめ	3
しゃあっ	0
しゃぁしゃぁ	3
しゃーしゃー	3
しゃきり	2
しゃごん	2
しゃしゃしゃしゃ	4
しゃばしゃば	1
しゃわ	2
しゅしゅしゅ	3
しゅたた	3
しゅたたっ	3
しゅっしゅっしゅっ	5
しゅにゅ	1
しゅぱーん	2
しゅりぃーん	2
しゅりーん	2
しゅるしゅるしゅる	6
しゅるる	3
しゅるるっ	3
しゅるるるる	5
しゅーるるる	5
しゅーるるるっ	5
しょぼり	2
しょぼぉっ	2
しょぼーっ	2
じいこん	1
じたじた	1
じっぽり	3
じめー	2
じゃらり	2
じゃらーん	2
じゃんじゃじゃーん	4
じゅーじゅー	1
じゅぶじゅぶ	1
じゅぽ	2
じゅるじゅるじゅる	6
じゅわー	2
じょりじょり	1
じょんのび	0
じょおーっ	0
じょーっ	0
じわじわー	4
じわりじわり	2
じわー	2
すぃすぃすぃ	5
すいー	2
すかー	2
すがすが	0
すくり	2
すっき	3
すつく	3
すっくり	3
すったかもんだ	5
すってん	3
すっとんとん	5
すとっ	2
すぱつ	2
すぱこーん	3
すぽり	2
すらすらっ	4
ずうずう	1
ずかずかっ	4
ずごん	2
ずごんっ	2
ずさー	2
ずしんずしん	2
ずしー	2
ずずず	3
ずずずずん	4
ずずん	2
ずずーん	2
ずぞぞぞぞ	5
ずぞぞぞぞっ	5
ずっくり	3
ずでーん	2
ずどば	3
ずどおん	2
ずばん	2
ずばー	2
ずばあん	2
ずばーん	2
ずべ	2
ずべー	2
ずべーっ	2
ずぼ	2
ずぽ	2
ずぽり	2
ずんずんずん	5
ずんぶり	3
せっせっ	1
ぜぇぜぇ	1
ぜえぜえ	1
そこばく	0
そろりっ	2
ぞくり	2
ぞくん	2
ぞくんっ	2
ぞりぞり	1
ぞわ	2
たたた	3
たまさか	0
たまゆら	0
たらったあ	2
たらー	2
たらーん	2
だぁだぁ	1
だあだあ	1
だーだー	1
だくちる	1
だぷだぷ	1
だぼーん	2
だぽだぽ	1
だあん	1
ちいちい	1
ちびちびっ	4
ちゃぐちゃぐ	0
ちゃっぷーん	3
ちゃぽーん	2
ちゃあっ	0
ちゅく	2
ちゅぽん	2
ちゅる	2
ちゅるっ	2
ちゅるちゅる	1
ちゅるる	3
ちゅるるっ	3
ちゅるん	2
つゅん	1
ちょきり	2
ちょきん	2
ちょちょい	2
ちょちょちょ	3
ちょっこし	3
ちょっこり	3
ちょっちょっ	3
ちょっぽり	3
ちょび	2
ちょぼちょぼ	0
ちょぼん	2
ちょめちょめ	1
ちよろちよろ	1
ちょんちょんちょん	5
ちりちりっ	4
ちりり	2
ちりりん	3
ついぞ	1
つぃっと	2
ついっと	2
ついー	2
つぎつぎ	2
つらー	2
ててん	2
てらり	2
でつぷり	3
でろっ	2
とっけら	0
とっちん	3
とっとこ	1
とつおいつ	1
とぷん	2
とぷんっ	2
とやかく	1
とろりん	3
とをてくう	4
とをるもう	1
とんとろり	3
どかどかっ	4
どかあん	2
どかーんっ	2
どきー	2
どしいん	2
どしいんっ	2
どしゃり	2
どしゃん	2
どすーん	2
どたんばたん	2
どたーん	2
どっかーんと	3
どつさり	3
どっさん	3
どちみち	0
どっちみち	0
どっどど	4
どっぱり	3
どっぷーん	3
どっぽり	3
どどうど	4
どどっぽ	2
どどつぽ	2
どどどど	4
どどどどっ	4
どば	2
どばばー	3
どばー	2
どびゅ	2
どびゅっ	2
どぴ	2
どぴっ	2
どぴゅどぴゅ	4
どぶどぶ	1
どぼ	2
どぼっ	2
どるるん	3
どわ	2
どんぶらこっこ	1
なじか	1
なまじい	0
なまじっか	0
なまじつか	0
なまなか	0
なむなむ	1
なよなよっ	4
なんどり	3
なんのその	1
にーにー	0
にくらにくら	4
にたぁ	2
にたー	2
にっかり	3
にっこら	3
にったり	3
にぱにぱ	0
にゃあご	1
にゃおん	2
にゃご	2
にゅるにゅる	1
にゅるん	2
にょき	2
にょきっっ	2
にょろ	2
にょろん	2
ぬーつ	0
ぬちぬち	1
ぬちゃ	2
ぬっくと	1
ぬっくぬく	5
ぬっくり	3
ぬぽ	2
ぬりゅ	2
ぬりゅっ	2
ぬるん	2
ぬるんっ	2
ねたねた	1
ねちゃねちゃ	1
ねちょねちょ	1
ねっちり	3
のたらのたら	2
のっさのっさ	1
のつしのつし	1
のっしり	3
のっそのっそ	1
のつぺり	3
のべたら	0
のぺ	2
のほほーん	3
のろくさ	1
はぐはぐ	1
はけい	0
はたり	2
はっしと	1
はほはほ	1
はらほろ	0
はろばろ	2
ばたら	0
ばたんきゅう	2
ばちゃばちゃ	1
ばちり	2
ばっくり	3
ばったら	0
ばったーん	3
ばつん	2
ばびーん	2
ばらー	2
ばりばりばりー	6
ばりり	3
ばりりっ	2
ぱおぱお	1
ぱから	3
ぱからっ	3
ぱかー	2
ぱかーん	2
ぱきゃ	2
ぱきゃっ	2
ぱきん	2
ぱさ	2
ぱさり	2
ぱしゅ	2
ぱしー	2
ぱしいん	2
ぱたた	3
ぱたんっ	2
ぱちいん	2
ぱつたり	3
ぱっぱっぱっ	3
ぱつっ	2
ぱふっ	2
ぱよぱよ	1
ぱらりら	2
ぱんぱらぱん	5
ひいこら	1
ひーひー	1
ひいよろ	4
ひいよろよろ	6
ひえびえ	3
ひくり	2
ひくん	2
ひこひこ	1
ひしっと	2
ひねもす	0
ひひいん	2
ひもすがら	0
ひやーっ	0
ひゅた	2
ひゅたっ	2
ひゅるるるるるるるるるるる	12
ひゅるん	2
ひゅーん	1
びょう	1
ひょくひょく	1
ひょこたん	1
ひょこひょこっ	4
ひよつこり	3
ひょろ	2
ひょろっ	2
ひょろりん	3
ひょろん	2
ひょーん	0
ひり	2
ひりり	2
ひるひる	1
ひんで	3
びくんっ	2
びしゅー	2
びしり	2
びしりっ	3
びしいっと	2
びたり	2
びちっ	2
びちょびちょ	1
びひゃあ	2
びひゃあっ	2
びひゃーっ	2
びびび	3
びびびび	4
びびー	2
びゅーびゅー	1
びゅくん	2
びゅくんっ	2
びゅびゅ	1
びゅびゅっ	2
びゅるびゅる	1
びゅん	1
びゅうん	0
びょおっ	0
びょおーっ	0
びょおびょお	1
びよん	2
びらーん	2
ぴいぴいぴい	5
ぴうん	2
ぴかぴかー	4
ぴかぴかーっ	4
ぴかりぴかり	2
ぴかー	2
ぴかーっ	2
ぴかーんっ	2
ぴきぴきぴき	6
ぴく	2
ぴくんっ	2
ぴしゃりっ	2
ぴしりっ	2
ぴたん	2
ぴたー	2
ぴちゅ	2
ぴちゅっ	2
ぴっしゃり	3
ぴゅうっ	0
ぴゅるる	3
ぴゅるるっ	3
ぴゅるるる	4
ぴゅるるるっ	4
ぴゅーん	0
ぴょい	1
ぴょこ	2
ぴょこっ	2
ぴょこり	2
ぴょこりっ	2
ぴょたん	2
ぴょっ	1
ぴょっこり	3
ぴょっこんこん	3
ぴょっぴょっ	3
ぴょろろろろ	5
ぴょんぴょこ	1
ぴょーん	1
ぴよ	2
ぴろぴろぴろ	1
ぴーぽー	1
ふあっ	2
ふあー	2
ふうわり	3
ふーわり	3
ふすふす	1
ふたふた	4
ふつくり	3
ふっさり	3
ふっつと	3
ふにゃ	2
ふにゃり	2
ふにゅ	2
ふよふよ	1
ふらぁふら	5
ふらあふら	5
ふらふらふら	6
ふりはへ	0
ふわとろ	0
ふわふわふわ	6
ふわふわふわっー	6
ふわわ	3
ふわん	2
ふわんっ	2
ふわあっ	2
ふわーん	2
ふーら	1
ぶあ	2
ぶあっ	2
ぶあー	2
ぶあーっ	2
ぶしゅっ	2
ぶすーっ	2
ぶちゃぶちゃ	1
ぶちゃぶちゃっ	4
ぶちゅー	2
ぶよん	2
ぶらりん	2
ぶらんぶらん	2
ぶるり	2
ぶるる	3
ぶるるる	4
ぶるるるっ	4
ぶるるるる	5
ぶるるるるっ	5
ぶるるん	3
ぶるんっ	2
ぶわ	2
ぶわぶわ	0
ぶわん	2
ぶわぁっ	2
ぶわー	2
ぶうらり	3
ぶーらり	3
ぷうぷう	1
ぷか	2
ぷかん	2
ぷかあ	2
ぷかー	2
ぷくり	2
ぷくぅーっ	2
ぷくー	2
ぷくーっ	2
ぷしゅ	2
ぷしゅー	2
ぷしゅーっ	2
ぷちゅ	2
ぷちん	2
ぷっかり	3
ぷっくぷく	5
ぷつつり	3
ぷつぷつぷつ	6
ぷにゅぷにゅ	1
ぷは	2
ぷはっ	2
ぷはぁーっ	2
ぷはー	2
ぷぷー	2
ぷらぷらっ	4
ぷらり	2
ぷるっ	2
ぷるっぷる	0
ぷるぷるぷる	6
ぷわー	2
ぷうん	0
へいこら	1
へたへたっ	4
へたー	2
へにゃ	2
へにょん	2
べこっ	2
べしゃべしゃ	1
べしょべしょ	1
べたん	2
べちゃくちゃ	1
べちゃべちゃ	1
べちゃーっ	2
べちゃー	2
べちょ	2
べっくり	3
べっこり	3
べりべり	4
べりべりべり	6
ぺしっ	2
ぺしゃり	2
ぺたりんこ	3
ぺたーん	2
ぺちぺち	1
ぺったらこ	1
ぺっぺ	3
ぺっぽん	1
ぺとん	2
ぺなぺな	1
ぺぺっ	2
ぺぺぺ	3
ぺぺぺっ	3
ぺりぺり	1
ぺりぺりぺり	6
ぺろりん	3
ぺろりんこ	3
ぺろーん	2
ほがほが	1
ほたほた	1
ほちほち	1
ほっかほっか	0
ほっかり	3
ほっくり	3
ほっこ	3
ほにゃらか	2
ほのほの	3
ほろほろっ	4
ほろろん	3
ほわ	2
ほわほわ	0
ほわー	2
ほわーっ	2
ぼけえっと	2
ぼこすこ	1
ぼさっ	2
ぼじゃぼじゃ	4
ぼそぼそぼそ	6
ぼつり	2
ぼつりぼつり	2
ぼとっ	2
ぼぼっこ	2
ぼむぼむ	1
ぼわぼわ	1
ぼわん	2
ぼわぁっ	2
ぼわー	2
ぼわーっ	2
ぼんよよよよよよーん	8
ぼんよよよーん	5
ぼーんやり	4
ぽかりぽかり	2
ぽきぽきっ	4
ぽきりぽきり	2
ぽぎぽぎ	1
ぽけん	2
ぽけー	2
ぽこり	2
ぽさぽさ	1
ぽそ	2
ぽそっ	2
ぽそり	2
ぽそりっ	2
ぽたん	2
ぽちゃ	2
ぽちゃり	2
ぽちり	2
ぽっかぽか	0
ぽったり	3
ぽっちゃん	3
ぽっぽこ	1
ぽつぽつぽつ	6
ぽつーん	2
ぽて	2
ぽてぽて	1
ぽふっ	2
ぽよ	2
ぽよっ	2
ぽよぽよ	1
ぽよよん	2
ぽりぽりっ	4
ぽわわん	3
ぽわー	2
ぽわーっ	2
ぽわぁん	2
ぽーぽーぽぽ	6
ぽおん	4
まさきく	2
みしみしつ	4
みしりみしり	2
みずみず	0
みちみち	0
みっしり	3
みゃあ	1
みゃあみゃあ	1
みゅうまお	1
みりみり	1
むぎゅ	2
むぎゅー	2
むぎゅーっ	2
むぐむぐ	1
むしゃりむしゃり	2
むしやりむしやり	2
むっすー	3
むつっ	2
むにゃ	2
むにゅ	2
むにゅむにゅ	1
むにょむにょ	1
むらおか	0
むるむる	1
むれむれ	0
むわん	2
むわんっ	2
めっきら	3
めったやたら	1
めらっ	2
もかもか	1
もぐもぐもぐ	1
もけら	3
もじゃっ	2
もぢゃもぢゃ	1
もそろもそろ	4
もっきら	3
もったり	3
もろっ	2
もわもわ	4
もわー	2
もわーっ	2
やあやあ	1
やすみやすみ	4
やすやす	3
やたらめったら	4
やわか	0
ゆさっ	2
ゆたっ	2
ゆっさ	1
ゆらっ	2
ようやっと	3
よくせき	0
よりより	0
よれっ	2
よろよろよろ	6
らっすら	1
らっすらっす	1
らららん	3
るるる	3
わりかし	0
わんぐり	3
わんさわんさ	1
うえーん	2
かのう	0
かるがる	3
がしゃ	2
ぐあっ	2
ぐちゃ	2
そうべつ	0
たいおう	0
つぷ	2
どげっ	2
どどうっ	2
どどーっ	2
ひょん	1
ぴらっ	2
ぽふ	2
むわ	2
うよく	1
かぷ	2
ごちゃ	2
すうい	1
すすすっ	3
すすー	2
すっす	1
すーい	1
ちょちょ	2
こじん	1
ごしょ	1
ふーう	1
ふうー	1
むにっ	2
おおごえ	3
ぐぐぐぐ	4
ざぁーっ	0
ざああああっ	0
ちいっ	0
まぁまぁ	1
もさっ	2
もじゃ	2
ずあっ	2
びゅうっ	0
ぴょんっ	1
ぴら	2
あちらこちら	4
かさかけ	2
じゃくねん	0
たんまつ	0
ほあああ	2
ぼと	2
あっちこち	3
こうろう	0
ずこー	2
ちこちこ	1
どのみち	0
みぎはし	0
やけん	0
うぬれ	0
かやつ	1
ここかしこ	3
ここもと	2
じつかり	3
そこかしこ	3
そこもと	2
たれかれ	1
てきたい	0
どどう	2
ばちゃっ	2
ばあん	1
ふえー	2
ぼたっ	2
やつがれ	0
わちき	0
わりゃあ	0
わりゃー	0
がっかう	0
がつかう	0
くちゃっ	2
のほん	2
はんしゃ	0
があん	0
のたっ	2
ないてい	0
ぴし	2
ぐあ	2
ごそ	2
ちょちょっ	2
ひょうてき	0
ありのまま	0
いぎょう	0
いだい	0
きこう	0
ぐるぐるぐる	6
じゅうっ	0
てんぽう	0
どげ	2
よつや	0
くさの	1
たあんと	0
たーんと	0
ときたま	0
にたっ	2
ぶんめい	0
ほあー	2
ほーほー	0
むたい	1
びょお	0
びょー	1
ちりょう	0
ていしゅ	1
どあっ	2
まるまるっ	4
きゅうだん	0
たかだい	0
うけつけ	0
しゅっきん	0
ほんぱう	0
ほんぽう	0
ざりっ	2
しょうめい	0
いゑ	2
がいけん	0
ざあー	1
ざあ	1
ざわざわざわ	6
しんにゅう	0
ひょうっ	0
みいけ	1
れんご	1
いっかく	0
がいだい	0
けんさい	0
そうげん	0
もたっ	2
さりっ	2
けんさ	1
しおかわ	2
あさくさばし	4
うっそう	0
ちゅうっ	0
ぼうと	1
うれ	1
おらぁ	1
をらあ	1
りみつ	1
しつかり	3
ごつ	2
しゅくはく	0
もっか	1
すきずき	2
びいっ	0
わしゃあ	0
きょうぎ	1
ぎら	2
うわあっ	2
しだい	0
しょせい	0
がっし	3
しどろ	0
ふへん	0
ほしゅ	1
ごない	1
としょく	0
さかうえ	0
はちまん	2
びいびい	1
ぶるつ	2
あらあ	1
せいどく	0
むっちゃ	1
ええーん	2
きゅうぞう	0
ぷうっ	1
だより	1
なあるほど	0
なぁるほど	0
なーるほど	0
ねんしゅう	0
さきほど	0
ずあ	2
のた	2
あわづ	1
きららっ	3
なこうど	2
がっさがっさ	1
やあい	1
ぐす	2
さんごろう	1
ちちかた	0
うちあわせ	0
なつごろ	3
はくはつ	0
ふしん	0
みかさ	0
きゅうし	0
こうがい	0
なべて	1
かいつう	0
じょうじょう	0
そつくり	3
てきこく	0
いっしょく	0
いけん	1
こほん	2
しょしん	0
しょぼ	2
そうぞう	0
しせい	0
かいじょう	0
かいほう	0
へんせい	0
ひゅうっ	0
おおつ	1
じいん	0
まうと	1
たいわ	0
ひがしどいつ	4
あっら	1
あららら	1
あらららら	1
くえ	2
でじま	0
なるだけ	0
しゅっぴん	0
してい	0
ばちゃ	2
ひだりはし	0
ないりく	0
ひとこえ	2
きょういく	0
きょじゅう	0
ぎじゅつ	1
けいせい	0
けだし	1
こまやか	2
にってい	0
よろ	1
ぎゃらりぃ	1
とーんと	0
せいこう	0
けんどう	0
さかがみ	0
ちつと	1
げんこく	0
ふかくさ	2
いわんや	2
べついん	0
むえん	0
さつぱり	3
ひとめ	2
かんせい	0
がんもく	0
ちめい	0
ほ	1
あおがき	0
じょうきゅう	0
うじゃ	1
じっけん	0
ぼかっ	2
かしっ	2
くらまえ	1
ふいつ	2
とうこう	0
ないぞう	0
みがる	0
あたら	0
さそく	0
だいどう	0
きょうあく	0
げかんの	0
こうとく	1
ほなぁ	1
がいへき	0
もとき	0
じゅくれん	0
すうひゃっ	1
ふうーん	0
あっせん	0
えーえ	0
かほく	1
ういいん	2
ど	1
とうふう	0
かいさん	0
こんせい	1
こんせ	1
ずば	2
とういつ	0
ほしょう	0
にちょう	1
えきでん	0
じゅうじ	1
ないよう	0
にかいどう	2
のざわ	0
はんじ	1
えんかく	0
おっとら	3
ししん	0
わーん	0
もちょ	2
きよみず	2
てんげん	0
ちけい	0
とうし	0
ぶんたい	0
いちどう	2
うちまく	0
ざす	2
かくろん	0
じったい	0
かいへい	0
かしつけ	0
りかい	1
ぅんっ	1
うんっ	1
うんっっ	1
さきざき	2
つつ	2
だんたい	0
どうしゅう	0
こんぜ	1
ひとりどまり	4
さあっ	0
びいー	1
かつよう	0
しょしゅう	0
そつち	3
すうりょう	3
ひけん	0
ちょうそんちょう	3
きょし	1
そうすう	3
ぎゅー	1
ざつよう	0
じんぶつ	1
ろせん	0
たかしお	0
でわ	0
ほじょ	1
うまれ	0
あしあと	3
かいてき	0
げんじゅう	0
なんせ	1
いっとう	0
いっとー	0
ほく	2
なんかい	0
ゆうぼう	0
さじょう	1
こがね	1
ぶっけん	0
いっせき	0
べっぴょう	0
んんっ	0
このえ	0
じょうしょう	0
にぱ	2
いまごろ	0
さんきゃく	0
りきゅう	1
あけがた	0
ようじん	1
しょもつ	1
しゅうっ	1
じちょう	0
ちゅうかん	0
すうじ	1
たいふう	3
ねぎし	1
よしかわ	2
にゃっ	1
こぜに	0
じょてい	0
ぶんせつ	0
しか	1
ていど	1
へいかい	0
むなかた	2
うえ	2
おおゆき	0
ざいたく	0
かくしき	0
かみざ	0
かざはな	0
ずかい	0
ばっし	0
せきがい	0
りょうこく	1
だせん	0
らいしゅう	0
おおたに	0
ごうかく	0
さーて	1
せいれい	0
ちみつ	0
ちゅうさんかん	3
けんがく	0
ありゃあ	0
もうもく	0
ようき	0
たんっ	0
めんぴ	1
やくそく	0
けいほく	0
しじゅん	0
なんざん	0
ひごろ	0
いしまつ	2
げざ	1
こうせい	0
しゃかい	1
ねんすう	3
めんめん	0
ひょうひょう	0
くうき	1
むほう	0
いんいん	0
えんぜん	0
こうしん	0
おおぶ	1
かいこう	0
かくしゃく	0
かっき	0
かつぜん	0
きぜん	0
きつぜん	0
きゅうぜん	0
けんらん	0
ざつぜん	0
そうぜん	0
そくそく	0
てんぜん	0
てんめん	0
ひょうぜん	0
ひょうびょう	0
ふくいく	0
ふつぜん	0
ふんぜん	0
ふんぷん	0
ぶぜん	0
べんべん	0
ぼうばく	0
ぼうよう	0
りつぜん	0
りょうぜん	0
りょうらん	0
りんぜん	0
るいるい	0
わかすぎ	2
あんぼう	1
こうこつ	0
かくかくっ	4
じょやく	0
ひとくせ	2
ほんせつ	1
いがく	1
ぜんじゅう	0
ばかっ	2
いいもり	1
もんがまえ	3
はじめごろ	4
りくじょう	0
かひ	1
さわだ	0
てきよう	0
ひとやすみ	2
やまがわ	2
なんびゃっ	1
ひとあばれ	3
ひといため	3
ひとっとび	2
かくて	1
しゅくじつ	0
じゃあっ	0
なんぽう	0
しろき	0
ずっーと	0
ぼーる	1
ししょう	0
げつがく	0
しゅうとう	0
かんなり	1
ちなみ	3
ねと	2
けいすい	0
じつ	2
ねいり	0
もくせい	0
だてん	0
ひゅうううう	0
ほうさく	0
かんさつ	0
ごうけい	0
かみしつ	0
ほうしょう	0
かいゆう	0
ほかっ	2
かいせん	0
きぞう	0
けんとう	0
ぴつたり	3
ちゅうざい	0
なんどき	0
かくはん	1
せつせ	1
ありゃぁ	0
あれゃぁ	0
げぼん	0
たくしょく	0
じゅうこ	1
ぶんまつ	0
もしもうし	1
しちじゅう	3
せいがん	0
からつ	2
とうばん	0
たんか	0
ほうち	1
いずく	1
かわで	1
みとめいん	0
おおだい	0
りそう	0
うおおっ	2
うおーっ	2
どうせん	0
けんかく	0
ははおや	0
ほうどう	0
せんりょく	1
おんよく	0
きゅうでん	0
ざちょう	0
しんこう	0
きふう	0
こんばん	1
じゅがく	0
なーんちゃって	6
ようめい	0
わかがえり	0
げんさく	0
だぁーいすき	1
よいち	1
かさま	0
きため	1
れんせん	0
おおむね	0
かなづかい	3
きつじつ	0
みぎうえ	0
なかわ	0
ふまん	0
だいきらひ	1
たいこう	0
いっぷく	0
しがく	1
とどけで	0
ふふく	0
ふよ	1
しょうにん	1
はいすい	0
だあっ	0
はいそく	0
ばんし	1
いっきょ	1
そびょう	0
きゃくじん	0
さあて	1
めいろ	1
しゅんぷう	0
ろんきゃく	0
かつの	1
ちくま	1
すてきぃ	3
しなばん	0
だいちゅう	1
ゔぃくとりあ	3
よくよく	0
せいわ	1
だすう	2
じゅうだい	0
かくてい	0
かんまつ	0
りょうあし	0
しんよう	0
じって	0
せいどう	0
おうへい	1
ごっかん	0
ずじょう	0
にしごう	2
じゃっ	1
おおぜき	1
ふもう	0
とうすう	3
せんきょ	1
ぜんがく	0
きょうゆう	0
しゅっぱん	0
もーう	1
しょうか	0
そうかん	0
ちゅうおし	0
かんきゃく	0
しおい	0
てきちゅう	0
おかべ	1
ひゃっか	1
ふたしか	2
しへん	1
まあだ	1
わりあひ	0
いばらき	2
せいじゅく	0
とくしま	2
まづまづ	1
いぬじま	0
ちゅうぼう	0
でんし	1
くろだ	1
さかん	0
じっしつ	0
とちょう	1
へいかつ	0
さあーて	2
よしとみ	2
ふぅう	1
ふうう	1
べいがわ	0
おっやあ	3
つうこう	0
ようろう	0
しっち	1
ぴあ	1
さいぶん	0
ふぇいる	1
ぶんこう	0
あまた	1
こうさつ	0
どうてい	0
かたがた	2
たまあ	0
ほづみ	1
きみじか	0
てまえ	0
めんぼく	0
かくやす	0
きょうてん	0
しがっ	1
しさく	0
ほこう	0
おおげさ	0
おーげさ	0
ぢき	0
ばんぱく	0
いかよう	0
おーざっぱ	3
きさく	0
きもきも	0
げきむず	0
こてい	0
ふそろひ	2
ふぞろい	2
ぶりっ	2
へいちゃら	0
へいっちゃら	0
へんちくりん	0
わやくちゃ	0
かくいつ	0
じゅんちょう	0
たいけん	0
ほうせき	0
みなみあふりか	4
ものごころ	3
おおうち	1
ひっとう	0
すいよう	0
んーっ	0
にくこっ	2
ひっき	0
てんじ	0
かほど	0
しらゆき	2
じゅうきょ	1
のうぜい	0
うんー	0
どっ	1
ほたか	1
はくさい	0
けんさく	0
きんぞく	1
まちあい	0
しんにん	0
かしょく	0
じつげん	0
なだたる	3
へいじょう	0
かいぎょう	0
ああー	0
おうこく	0
りし	1
かんだい	0
ていちょう	0
めがみ	1
りょうしょう	0
かいぎ	1
ほくせい	0
ようか	0
ぞー	0
ふるかわ	2
かんぷう	0
きろく	0
しょ	0
とうみん	0
ゆうひ	1
はぁっ	0
はーっ	0
ちがい	0
せんぜん	0
えいちてぃー	4
かんりゅう	0
あいどく	0
あぎゅうま	2
あそうぎ	2
あのくたら	3
あんら	1
うおな	1
えんぶ	1
えんら	1
かがとん	0
かだ	1
かだっと	1
かりょうびんが	4
きょぼ	1
きんつぁい	0
くーろう	1
こふん	0
ごんぶ	1
さんとめ	0
しったん	0
しゃんざお	0
しんる	1
そうが	1
そうぎ	1
そうぎゃ	1
そうな	1
そしつじ	0
そじ	1
そわか	1
たんあん	0
たーくわる	1
だんあん	0
だんおつ	0
だんおち	0
ちゅさ	1
ちーたん	0
ついな	1
ついべん	0
ていも	1
とそつ	1
とんぐむ	1
どうこく	0
どっち	1
ないおん	0
ないり	1
にゃんる	1
はくし	0
はらみった	3
はらみつ	2
ぱらみつ	2
はらみた	0
ばが	1
ぱいやお	1
ぱいろう	1
ひりょうず	2
びに	1
びばしゃ	1
びばしゃな	0
びゃくし	1
びゃくらん	1
ふさつ	0
ふーとん	1
ぶつだ	1
べっちん	0
ぺいだ	1
ほいふぁん	1
やーつ	1
ゆいま	1
ゆがしじ	0
らおま	1
らせつ	1
るしゃな	0
てきおう	0
ろうちゅう	0
うばい	2
かくしん	0
じたい	1
ちょうるい	1
なまえ	0
ほうら	1
いちにせん	4
いちにひゃく	0
いちにひゃっ	0
いっぴゃく	4
いっぴゃっ	4
かもく	0
さんよんせん	5
しごせん	0
しごひゃく	0
しごひゃっ	0
しちはちじゅう	4
しちはちじっ	4
しちはちじゅっ	4
しちはっせん	5
しちはっぴゃく	0
しちはっぴゃっ	0
はちきゅうせん	5
はちきゅうひゃく	3
はちきゅうひゃっ	3
ろくしちせん	5
ろくしちひゃく	0
ろくしちひゃっ	0
こっかい	0
こうげき	0
りろん	1
てきせつ	0
どくしゃ	1
ひご	0
きがる	0
てんき	0
うんこう	0
とど	1
ぶそく	0
みたね	0
かねまる	0
げじょ	1
したはら	0
どりゃ	1
どーれ	1
れんぱい	0
とうそく	0
しんぱい	0
せいにく	0
いちり	2
きてい	0
じっか	0
とうにゅう	0
なんべい	0
ひきゃく	0
まってい	0
かいごう	0
ふるほん	0
てがみ	0
なつころ	3
おんしん	0
しんちょう	1
とうほう	0
みぎうで	0
ふしょう	0
みども	1
だっしゅつ	0
にまっ	2
おのおの	2
こうのいけ	3
こよう	0
しょめい	0
どつち	1
きんてつ	0
いもうとやく	0
ぎゃくてん	0
けさがた	0
げんじ	0
じゅうー	0
りょうし	1
しょうじ	0
ちしお	1
ひとりよがり	4
ぎょうそう	0
けんぎょう	0
さいかん	0
ぜえんぶ	1
ぜぇんぶ	1
ぜえーんぶ	1
ぜんっぶ	1
ちしつ	0
さっか	0
ちかごろ	2
とうひょう	0
しんさく	0
ちゅうか	1
れんけつ	0
じょさん	0
へいほう	0
けつごう	0
しんちく	0
けっか	0
おおむかし	3
はるごろ	3
きょうこつ	1
ほんしょう	1
ゆうりょく	0
いちまつ	0
じゅうてん	0
こうぞう	0
じゅうしょう	0
となり	0
とびきり	0
ぶっしつ	0
えすだぶりゅー	3
こやつ	0
じょおう	2
いいづか	0
かくし	0
せいげん	3
ねんしょう	0
ほくりく	0
もんちゅう	0
りしょく	0
きしょう	0
こうにん	0
はいがん	0
ばんらい	0
いっし	1
きせい	0
しょはん	0
じはん	0
じゅうしん	0
てんしょう	0
あらかた	0
かいしゅう	0
つくりたて	0
てあて	1
ふうか	0
ぶつりゅう	0
まえじま	0
いんたあねっと	5
かいだん	0
しんかん	0
ちくせき	0
ひるやすみ	3
あえぎあえぎ	4
そもそも	1
おおいそぎ	3
しんきょ	1
あたまごろ	4
いくた	1
いんない	1
むかしむかし	0
きはん	0
げんこう	0
のきなみ	0
ほうおう	0
うしろざま	0
おりふし	2
くくっと	2
げえむ	1
こよい	0
しべつ	0
つゆごろ	0
とりいそぎ	0
なりたて	0
やにわ	0
ゆうほ	1
あとあと	0
こうたい	0
したく	0
さくづけ	0
しんちゅう	0
ぞうすう	3
りすい	0
ぐんじょう	0
せいてき	0
せきてい	0
だんぼう	0
しょうてん	0
へーっ	1
ぞくせい	0
ちかぐ	2
でんたつ	0
こゆき	0
あんとく	1
きょうかん	0
ざいにん	0
とうきょく	0
びんぼう	1
てほん	2
なめらか	2
のうか	0
しんり	1
せんてき	0
ひとりはば	3
けつこう	1
さんぎょう	0
ばってき	0
えいせい	0
けいけい	0
どういつ	0
ふしみ	1
ゆうが	1
おおで	0
ちょさく	0
たいぎょ	1
ほぜん	0
ぜぇったい	4
きゃくいん	0
しょけい	0
どうしょう	1
けつろ	1
こころなし	0
へいき	1
かくぶん	0
しんぼく	0
はせい	0
めーとるきろぐらむまいびょうまいびょう	14
りょうさん	0
がくだん	0
てがき	0
はくげん	2
ぶんりがく	3
きごう	0
げんち	1
じつよう	0
はあて	1
きょうじゅ	1
どぞう	0
もののべ	0
こうきょう	0
つかい	0
ふべん	1
れきし	1
ぎかい	1
ごかく	3
ごかっ	3
めいわ	0
ゆうとう	0
しゅじゅつ	1
たんや	1
へえい	1
じょうれい	0
ちくじょう	0
どうきょ	0
ほくたん	0
かいとう	0
せいりょう	0
ほうてい	0
せいぼ	0
にゅうよく	0
りょうり	1
しょうりょく	0
じょうせん	0
いいやぁ	3
いんにゃ	3
いーやー	3
くわっと	1
へえっ	1
まいばら	1
かずひさ	2
じゃぐち	0
どうにん	0
にしむら	2
ゆうしん	0
りょうしつ	0
おーっと	1
おぉっと	1
おおっと	1
おおっとお	1
おおーっと	1
おっとっとっとっとっとっ	1
おとととと	1
おーっとぉ	1
おーっとー	1
かくきょく	1
かぶしき	2
こんせき	0
じゅくすい	0
そかい	0
へんこう	0
かくせい	0
じゅしん	0
ゆうすう	0
あいかわ	1
こうてつ	0
ここだ	1
こんのう	0
さくぶん	0
ばんきん	0
とがめ	3
かざり	0
くましろ	0
こうあん	0
ぜんこく	1
たいきょく	0
あっはっはっ	5
あっはっはっは	1
あっはっはっはっ	7
きくま	0
せんぽう	0
りょうて	0
きゃっほう	1
きょしゅ	1
げんしょく	0
じんしん	0
そしき	1
ひんかく	0
ぁああ	0
ああぁ	0
かくど	1
じんてき	0
せんりつ	0
とうけい	0
どうろう	0
ひゃっほおう	1
あいおい	0
いしょう	0
しんじゃが	0
じんしゅ	0
どうりょう	0
ひにょう	0
びょうし	0
ゆうせい	0
あんえい	0
ごわ	2
じゅうじつ	0
へいきん	0
よっしょ	1
いやく	0
さんのつぎ	0
あくしつ	0
ねんぴょう	0
ぶんさん	0
ほめ	2
うせつ	0
おっはよう	0
かくしゅ	1
ぞめ	0
ちゅうじつ	0
つうちょう	0
ぞうえん	0
とうっ	1
こうすい	0
しょうわ	0
つうほう	0
どうかん	0
みだ	0
くっくっく	1
ぐうぅ	2
ぐうう	2
ぐうー	2
すがわら	0
ゆうやく	0
きんすま	0
けっとう	0
しつぎょう	0
じきひつ	0
せんけん	0
とりけし	0
ほんまる	0
こうけん	0
じょうほう	0
じーおー	3
いんちょう	1
えんざん	0
ぞうだい	0
たいほく	0
ていき	1
とおっ	1
じづら	0
せったい	1
そせい	0
ふひょう	0
さいわい	0
しんじん	0
ずざん	0
てあし	1
おっつ	1
かげつ	1
けいかん	0
かんしょく	0
ちえすと	1
ちょうじゅう	0
とうよこ	0
にんしょう	0
やくにん	0
げんてい	0
しみん	1
しょうせつ	0
はんきゅう	0
せつどう	0
ちょうじょう	0
えへへっ	3
こうぶ	1
さんどう	0
じしゃく	1
たいじ	0
つるつる	0
はんすん	1
みなみまち	3
りょうめ	0
こうこ	1
ぞうちょう	0
うぅむ	1
なにぶん	0
めいき	1
うぅぅむうううううう	3
ううむう	3
せいべつ	0
ぜんけん	1
とくてん	0
ははー	2
ひやー	2
ろちゅう	0
えへ	2
えんせい	0
そっちょく	0
とほほほほ	5
ひゃあ	1
げしき	1
じてん	0
だいじょう	0
ねんじ	0
ひゃあー	1
ひやあ	2
ひんしつ	0
みぎて	0
ゆくゆく	0
きたがた	2
ひゃっほう	1
ひゃっほー	1
そうはつ	0
はへい	0
こうだん	0
じょうすい	0
そうもん	0
ほうぼう	1
わあーい	1
わーぃ	1
あいぞう	0
かわせ	0
きゅうこう	0
ぐえーっ	2
ぶんぷ	1
せいぎょう	0
せつぞく	0
れんぱつ	0
あっれえ	3
あれれえれ	5
あれれれれっ	5
あれれーれ	5
あんれ	3
あんれぇ	3
あんれえ	3
じょうかん	0
まちみ	0
おうよう	0
かいき	1
げんえき	0
へんし	0
いはっ	2
かせつ	0
きゃはは	3
けしからん	4
げんそん	0
しゅうけん	0
じゅりょう	0
せっかい	1
うひゃひゃ	3
かんきょう	0
きゅうふ	1
ぐええっ	2
こうひょう	0
さくせい	0
しんすい	0
そうだん	0
ふっふっふ	5
ふっふっふっ	5
ぎょえ	2
ぐはっ	2
あっかんべ	1
あっかんべえ	1
あつぱ	1
あっぷっぷう	1
あひゃあひゃ	2
あひゃひゃ	3
あひゃひゃひゃ	4
あひゃひゃひゃひゃ	5
あわあわ	1
うぇえい	1
うぇーい	1
うくく	3
うくくくくっ	5
うくくくっ	4
うくくっ	3
うげ	2
うげえ	2
うげえっ	2
うげげ	0
うじゃわあ	3
うっひょう	3
うっひゃあ	3
うひゃ	2
うひゃあ	2
うぷぷ	3
うぷぷぷぷっ	5
うへえ	2
うへっ	2
うほっほう	4
うりゃ	1
うわお	2
うわおーっ	2
うんとこせ	1
うんにゃ	3
うんにや	3
えいやら	1
えいやらや	1
えっほ	1
えんやこうら	3
えんやこら	3
えんやこーら	3
えんやらや	1
おいしょ	1
おーきに	1
おぎゃ	2
おんぎゃあ	3
おつおつ	1
おーほほほほ	6
おおほほほほ	6
おほほほほほほ	7
がっはっはっはー	7
ぎっちょんちょん	1
ぎゃあっ	1
くくぅ	2
ぐえぇ	2
ぐええ	2
ぐえっ	2
ぐお	2
ぐおう	2
ぐおお	2
ぐおおおおおー	2
ぐおおっ	2
ぐはぁ	2
ぐはあ	2
ぐふっ	2
ぐふふふ	4
ぐふふふっ	4
ぐぷ	2
ぐぷぷぷぷ	5
ぐへへ	3
ぐりさ	0
ぐりさあ	0
ぐわあっ	2
げぼ	2
こらしょ	1
こりゃさい	0
さしったり	0
しゅうは	1
しんさい	0
せーの	1
そおん	0
ぞわわ	3
ぞわわーっ	3
だあだ	1
だはは	3
ちえっ	2
ちちんぷいぷい	2
てやんでい	2
てやんでえ	2
どっこらしょ	1
どへへ	3
どへへへへ	5
どろろどぼとくろあ	6
ぬお	2
ぬおーっ	2
ぬくくくく	5
ぬくくくくっ	5
はいちゃい	1
はふん	2
はぁーん	0
ばあばあ	1
ばはは	3
ばぶう	2
びゃはは	3
びゃははは	4
ぴぎゃ	2
ぴぎゃっ	2
ふぃえ	1
ふおっほっほ	6
ふつか	1
ふほほ	3
ふほほほほほ	6
ぶぶぶ	3
ぶぶぶぶぶっ	5
ぷえ	1
へっへっ	3
へへへ	3
へへへへ	0
へへーん	2
へへん	2
ほいだあ	3
ほいだー	3
ほうはい	1
ほうやれほ	3
ほげぇ	2
ほげー	2
ほげーええ	2
ほへ	2
ほよよ	3
ぽほっ	2
ぽほほ	3
ぽほほっ	3
ぽほほっほ	5
ぽほほほ	4
もんじょ	1
やあとこせ	1
やあれん	1
やっせえ	1
やっとかめ	0
やっとな	0
やっほっほう	1
やんぴ	1
よいやさ	1
よっこらせ	1
れれつれ	0
れんほ	1
わっせ	1
んむっ	2
ああれ	3
うほほ	3
がんきゅう	0
きどく	0
くくう	2
はくちゅう	0
ひっひっひ	1
ひっひっひっひっ	7
ふっふ	3
いつさい	1
おらあっ	1
しっしっ	3
ないてき	0
べっきょ	0
んむ	2
うはあ	2
うはー	2
おはー	1
かっそう	0
くぅっ	0
しょどう	1
ねんぽう	0
ぼうそう	0
しゅつげん	0
しぃんと	0
しいんと	0
しいーんと	0
べっそう	0
りがく	1
おほほ	3
しきいち	3
ひゃ	1
ふあ	2
ふそく	0
やまいち	2
きょがく	0
ぐえ	2
しゅちょう	0
せいしょう	0
ゆうし	1
かくたる	1
しせん	0
しょうほう	0
しんぜん	0
ちょうこう	0
ほんしん	0
むりからぬ	4
ようし	0
いない	1
げんけい	0
しんかい	0
ふくりゅう	0
ほんやく	0
かくほ	1
すいい	1
ふお	2
かんれん	0
ぼうだい	0
たねがしま	3
ひかん	0
ほっほっ	3
ほっほっほうっ	5
ほっほっほー	5
ほつほほほ	5
ほほっ	2
ほほほっ	3
ほほほほ	4
ほほほほほ	5
ほーっほっほっほ	8
ほーっほっほっほっほ	10
ほーほほほ	5
んっ	0
さっきょく	0
じょういん	0
だいとうりょう	3
はっきん	0
あくめい	0
かんこう	0
ぜんどう	0
ほおーっ	0
りょうかい	0
しょうこん	0
そんけい	0
ていぎ	1
せいやく	0
つうがく	0
はいしゅつ	0
ばらばらばら	6
ごおう	2
じしょ	1
じょうせい	0
ぜせい	0
つうやく	1
げんしょう	0
こないだ	0
にゅうざん	0
かくだい	0
きらく	0
りょうがわ	0
かつま	1
かんびょう	1
かんり	1
したや	1
ちゃくじつ	0
ていりつ	0
ぶんぎょう	0
こつねん	0
そし	1
はっきゅう	0
はっけん	0
ひつよう	0
びょうてき	0
ほほぅ	2
ほほぉ	2
ほほお	2
ほほー	2
れんしょう	0
きょうき	1
しゅっさん	0
てんしょく	0
にじゅー	1
のなか	1
おうじゃ	1
しゅべつ	0
しょじ	1
せんとう	0
なんこう	0
はんとう	0
へへえ	2
へへー	2
みぎかた	0
いんしょう	0
うんてん	0
だいよう	0
ちょうかい	0
みょうにち	1
おうぎ	1
そんちょう	0
たいくう	0
ぶんかい	0
めいはく	0
じじゅう	0
せんぞく	1
びゃっこ	1
しょうきゃく	0
にちぎん	0
ろうはい	0
うりきれ	0
けんちょう	0
じゅうぎょう	0
けんしょう	0
げきせん	0
つるぎさん	3
はつおん	0
わじん	0
かんてい	0
こうみょう	0
しひゃく	1
のうせい	0
ばんしょ	0
かいさい	0
きたがわ	0
げんぜい	0
しどう	0
すうき	1
ほええ	2
かれつ	0
さいじょう	0
しんぞう	0
たんとう	0
ほえっ	2
れっとう	0
ぁあんっ	1
ぁぁぁんっ	1
あんっ	1
けいか	0
しげん	0
せよ	1
はちこう	0
ふくいん	0
わごう	0
いっぱつ	0
しんこく	0
ぜつみょう	0
たいほう	0
どうは	1
はやあ	2
はやー	2
ふこう	0
れんよう	0
かっせん	0
こくがく	0
ぜんてき	0
たはん	0
たんりゃく	0
つじ	0
ふかけつ	2
ふんまつ	0
ぎょうしゅ	1
しゅさい	0
そせき	0
まんくせん	3
きんし	0
しゆう	0
はんべつ	0
ひどう	0
めいだい	0
すいちゅう	0
せいりょく	1
せんしょう	0
ただい	0
どういん	0
やくとう	0
ろうれん	0
かいわ	0
きょりゅう	0
たさい	0
びぶん	0
ほうせい	0
りょうこう	0
こくめい	0
じば	2
せっせ	1
ついせき	0
ぶしょう	0
かんりゃく	0
きょうしょ	1
げんいん	0
せんきん	0
ぜつだい	0
そえん	0
とくゆう	0
ぶこつ	0
ゆうがい	0
れんか	1
あんぷく	0
いんしん	0
うつてき	0
えいらつ	0
おうそう	0
おうるい	0
おかい	0
かいかつ	0
かいぜつ	0
かいれい	0
かぜつ	0
かりゅう	0
かんゆう	0
がけつ	1
がぼく	1
がんろう	0
きっくつ	0
きょういつ	0
きょうえん	0
きょうかく	0
きょうがん	0
きょうぼう	0
きんみつ	0
けいかつ	0
けいしょう	0
けいじゃく	0
けいはい	0
けいびん	0
けちえん	0
けんきん	0
けんごう	0
げきれつ	0
げんてき	0
こうかつ	0
こうがく	0
こうしゅん	0
こかい	0
こくきゅう	0
こんとく	0
さいきゅう	0
さいみつ	0
さつぜん	0
しかつ	0
しゅうせつ	0
しゅうぜつ	0
しゅうとく	0
しゅうび	1
しゅうみつ	0
しゅんがく	0
しゅんしょう	0
しゅんはつ	0
しょうちょく	0
しょうてき	0
じゅんとう	0
じょうぼん	0
じんみょう	0
じんゆう	0
せいしゃ	1
せいねい	0
せきはく	0
せんえい	0
せんれつ	0
そあく	0
そうてき	0
そうどう	0
そうれつ	0
そざつ	0
そせつ	0
たいじゅん	0
だんしつ	0
ちょうたいそく	3
ちんつう	0
つうれつ	0
とんこう	0
どうしゃく	0
にくてき	0
にゅうねん	0
にゅうよう	0
はてんこう	2
はんしょ	1
ひきん	0
ひぼん	0
ひょうかん	0
ふか	1
ふかかい	2
ふくつ	0
ふぼん	0
ふみょう	0
ふんみょう	0
ほうたん	0
ほうまん	0
ほうれつ	0
ぼくろ	1
むぜん	0
もうげき	0
ゆうげん	0
ゆうそう	0
ゆうび	1
ゆうみょう	0
らんかん	0
れいが	1
れつあく	0
ろうぐ	1
いそう	0
かいしょく	0
けんがん	0
しょうばい	1
じっすう	3
じょうと	1
とえい	0
ほてん	0
めいかい	0
りんこう	0
あいよう	0
しんそば	0
ちくりん	0
どうすい	0
のりのみや	3
はいり	1
ばあっ	0
えむえむ	0
おもみづけ	0
かんざき	1
じゅうとう	0
そうりつ	0
てんけい	0
どくけ	3
ないかく	1
ねっちゅう	0
こいわい	2
せんもん	0
とうや	1
にんよう	0
ごてん	1
じりつ	0
ずしき	0
せいりつ	0
まいしゅう	0
むよう	0
しゅったつ	0
だいこう	0
ふくじゅう	0
きょうりつ	0
しゅどう	0
しょうよう	0
じょうたつ	0
せんよう	0
ぜんかい	0
どうしつ	0
どうしょ	1
はつわ	0
りゅうよう	0
こだいら	2
しにん	0
そうかい	0
ちょくめん	0
ちょっこう	0
とうごく	0
へいよう	0
りんしょう	0
きょうそう	0
しゅつりょく	2
そくてい	0
まあー	1
むりぃぃ	1
いくせい	0
えっとう	0
きょうさい	0
くぅ	0
しゅっぱつ	0
じゅうぐん	0
そっけつ	0
てんてん	0
はんばい	0
ひっしゃ	0
へんじょう	0
まいすう	3
えいきょう	0
ずてき	0
とうそう	0
ねんらい	0
いんや	0
えいたつ	0
きぎょう	0
せいてい	0
らんよう	0
したおし	0
しゅうさい	0
じゅぎょう	1
ながや	0
ひがしちもーる	5
ひょうめい	0
ふうしゅう	0
ふたつ	0
ほうこく	0
くんれん	1
けっしょく	0
けんげん	0
しきべつ	0
ようせい	0
しゅうにゅう	0
すいけい	0
ふきょう	0
へんかく	0
かいもの	0
きゅうしょく	0
きょじょう	0
げっすう	3
ふっき	1
ほせい	0
らんぶ	1
えぇぇ	0
ししき	1
なぁー	1
にっそ	1
じゅくし	1
そうしゃ	0
ちゃくち	0
ひとりぼっち	4
れんあい	0
うろ	1
かいかい	0
しょうりゃく	0
そくし	0
そんしょう	0
ゆうしゅつ	0
きぞく	0
きちじょうじ	0
ぎけつ	0
こんよく	0
はそん	0
ほうけん	0
ろっぽんぎ	0
けつじつ	0
けんしゅう	0
さくしゅつ	0
しゃめん	0
しゅっか	0
しゅっちょう	0
ぶんせき	0
ほへえ	2
りつあん	0
かくにん	0
きひん	0
けんがい	1
ざんぎょう	0
しょぞう	0
じっせん	0
じょうえい	0
とうとん	0
とうろく	0
ぼうぎょ	1
ようしょう	0
うきょう	1
えーいっ	1
ききゅう	0
たいしつ	0
たいべつ	0
ちっこう	0
ちゅうい	1
つうさん	0
ふっきゅう	0
ほんい	1
ましゃく	0
もうら	1
かくちょう	0
きょしゅつ	0
くがく	1
こうぶん	0
しゅつえん	0
せっとう	0
せつりつ	0
めいれい	0
かわてつ	0
きょうくん	0
けんてい	0
すいとう	0
どくじ	0
はんも	1
ましこ	0
せんきゃく	1
ちゅうもく	0
にりゅう	0
かいふく	0
こうりん	0
しゅっとう	0
つうえん	0
とっしゅつ	0
しじょ	1
ぜつえん	0
だっぱん	0
どくさい	0
びしょく	0
へんしょく	0
ぎょうじ	1
そうぎょう	0
てきし	1
とくどう	0
どうめい	0
へいかん	0
ほどう	0
めんかい	0
りょうえき	1
しゅじゅう	1
じさく	0
じぞう	0
じんぐう	3
とうせん	0
はくげつ	2
ふめい	0
ほうてん	0
ゆうそく	0
あきは	1
えこう	1
かいどく	0
きねん	0
さんおう	3
じょうそう	0
そうがん	0
ていきょう	0
とうさ	1
にんたい	1
らいき	1
いふく	0
いまはし	2
えんぎ	1
かんわ	0
がくしゅう	0
けんさつ	0
こっせつ	0
しんるい	0
たいあん	0
はなみ	3
ゆうどう	0
きすう	0
きょうちょう	0
けんちよう	0
げんし	0
しかい	2
しゅうけい	0
ぜんしゅつ	0
ぜんとう	0
そくおう	0
つうよう	0
とうへん	0
ななじゅー	2
はつばい	0
ばいばい	1
ほかん	0
よやく	0
れんぱ	1
いちもくさん	3
おせん	0
かたあ	2
かっせい	0
きゅうしん	0
きょうとう	0
こうがん	0
じゅけん	0
そうき	1
そうしょく	0
そうり	1
たくはい	0
ひゃくぶん	0
ぶっさん	0
ほおい	0
やくどう	0
ようげん	0
りゅうにゅう	0
いちよく	0
おうかん	0
かくとく	0
かんすい	0
ごうじょう	0
さかや	0
しおひ	3
しょうえい	0
しょぐう	0
じょうぜつ	0
せんみつ	0
ぞうがく	0
だいり	0
ちょうもく	0
でぃーしー	3
ばんなん	0
ばんばんざい	3
へいいん	0
みつばい	0
りとう	0
ぐたい	0
けんちく	0
ごこく	1
しょうろく	0
しんみち	1
ぜんさく	0
ぞうか	0
ちょうし	0
びょうき	0
ふくげん	0
まさしく	2
いほう	0
かきん	0
かすい	0
けっしゅう	0
さんさい	0
しだん	0
しゅとく	0
しょういん	0
じゅんび	1
せいだい	0
せっしゅう	0
ねっきょう	0
はっしゃ	0
はんのう	0
ええー	0
かんしゅ	1
ごは	1
さつえい	0
ざいじゅう	0
しんじゅ	1
じっしゅう	0
じゅんかん	0
そんしつ	0
てーい	1
にゅうきん	0
ひょうしゅつ	0
ふくそう	0
ほゆう	0
かんしょう	0
きかく	0
きゅうじん	0
きょうさん	0
せつじょ	1
ぜんと	1
ちゃくよう	0
ていちゃく	0
てんさく	0
はんてい	0
ひょうそう	0
へいてん	0
へんけい	0
まんべん	0
きじゅん	0
ぎょうたい	0
げんきゅう	0
ごにゅう	0
しゅしょく	0
しんめい	1
だいのう	0
ちょうせつ	0
つうしょう	0
ていしゅつ	0
もうじん	0
もくし	1
かんべつ	0
さこく	0
そくしん	0
どうにゅう	0
のじゅく	1
はんろん	0
ひてい	0
ほうべい	0
よおし	1
いんさつ	0
きんばん	0
げんてん	0
こくたい	0
さいちく	0
ししきゅう	2
しっそう	0
しゅっし	0
せんぱつ	0
そじょう	0
ぞうぜい	0
ぞくしん	0
たいにち	0
ちょうてい	0
つうか	0
てえい	1
とうごう	0
にゅうか	0
ねーえ	1
はいぼく	0
はつめい	0
ふくよう	0
ふてき	0
へいこう	0
まんてん	0
れんけい	0
いぃやあああああああああっ	2
かいけつ	0
かんよ	1
きおく	0
けっさん	1
こうしゅう	0
さんちょう	0
さんにゅう	0
しんれい	0
じぞく	0
じっぽう	3
せいりゅう	0
ぜんめつ	0
ちょっけつ	0
てんいん	0
はいぶん	0
ぼうすい	0
よそう	0
いちじょ	2
おうしょう	0
かつやく	0
かんそう	0
きょうてい	0
こうぎ	1
ごうどう	0
しきょう	0
しゅざい	0
しょうわる	0
しょだん	0
しんせつ	0
せっきゃく	0
ぞうさん	0
ぞうじょう	0
だんけつ	0
ちゃくもく	0
ちょくつう	0
ちょっかん	0
てんきん	0
ばんさく	0
よせん	0
いちがい	2
いちぐう	0
いっとく	0
いっぺんとう	3
いはん	0
えんめい	0
きゅうかく	1
くよう	0
さんこ	1
さんりょう	0
しょうすい	0
じゅうにしちょう	4
じゅうやく	0
じゅくせい	0
じゅしょう	0
せんしょ	1
せんりょ	1
せんれん	0
ぞういん	0
ちゅうりゅう	0
とべい	0
にじゅ	1
にろう	0
のうひん	0
はいじょ	1
ばっとう	0
はつげん	0
まんぷく	0
ほじ	1
ぼうかん	0
ようきゅう	0
ろくおん	0
あさひかわ	3
いちあく	2
いちあん	0
いちう	2
いちじゅ	2
いちじん	0
いちだく	0
いちな	2
いちのう	0
いちぶつ	0
いちべん	0
いちみゃく	0
いちもう	3
いちらい	2
いちる	2
いっきく	0
いっけい	0
いっさつ	0
いっさん	0
いっちゅう	3
いっちょうら	3
いっぱく	0
いっぴ	1
いっぺき	0
おくまん	3
がっぺい	0
きか	1
きゅうぎゅう	0
きゅうしゅん	0
きゅうてん	0
きんこ	1
けいはつ	0
げんりょう	0
こうえい	0
こうしつ	0
こうじょ	1
ごか	1
ごきょう	0
ごすい	0
ごそつ	0
ごちょう	1
ごねん	0
ごのう	1
ごれつ	1
さぎちょう	0
さんいく	0
さんおん	0
さんげん	0
さんぜつ	0
さんぞう	0
さんたい	1
さんたろう	0
さんどく	0
さんね	1
さんぷく	0
さんみん	0
さんらい	0
さんり	1
さんれんぷく	3
しおう	1
しおうてん	2
しごう	0
ししゅつ	0
しちぜつ	0
しちそ	2
しちてつ	0
しちふつ	2
しちみ	2
しちゆう	2
しちよう	0
しちりん	2
しっちん	0
しとく	1
しゅうせき	0
しょうやく	0
じっかく	0
じっかっ	0
じっけつ	0
じっせつ	0
じってつ	0
じゅっぽう	0
じゅういん	0
じゅうぎ	1
じゅうべん	0
せいしょ	0
せっとく	0
せんかい	1
ぜんしん	0
そうご	1
そくほう	0
そこう	0
たしゃ	1
ちょういき	0
ちょうさい	1
てきごう	0
とくてい	0
にいん	1
にひ	1
にふく	1
にりつ	1
はくたい	0
はちぎゃく	0
はちじ	2
はちみ	0
はちりはん	4
はっけ	0
はっこ	1
はっとう	0
はっぱく	0
ばんかん	0
ばんがく	0
ばんけい	0
ばんこ	1
ばんこう	0
ばんぜい	3
ばんしゃ	1
ばんしゅ	1
ばんせん	0
ばんたい	0
ばんどく	0
ばんぱん	0
ばんぶつ	1
ばんぷく	0
ばんほう	0
ばんぽう	0
ばんゆう	0
ばんりょ	1
ひゃくえ	2
ひゃくじゅ	2
ひゃくじゅう	0
ひゃくせつ	0
ひゃくだい	2
ひゃくみ	2
ひゃくやく	0
ひゃくゆ	0
ひゃくよう	0
ひゃくらい	0
ひゃくらく	0
ひゃくれん	2
ひゃっかい	0
ひゃっかく	0
ひゃっけい	1
ひゃっけつ	0
ひゃっこう	0
ひゃっこく	0
ひゃっぱん	0
ひゃっぽう	3
へいりつ	0
ほんめい	0
まんきん	0
まんげん	0
まんさつ	0
まんぜん	0
まんとく	0
まんどう	1
まんびょう	0
まんぽう	0
ばんばんいち	3
よんしゅう	0
りくぎ	1
りくけい	0
りくごう	0
りくしん	2
りくちょう	0
りゅうどう	0
れいぎ	3
れんらく	0
ろくにゅう	0
ろくみ	2
ろくよく	0
ろっき	1
ろくこん	0
ろっぱく	0
ろっぴ	1
えいき	1
かいたい	0
がいとう	0
きっこう	0
ぎゃくじょう	0
けっせん	0
けんせつ	0
こうせん	0
さいたん	0
しさ	1
しんさ	1
じゅよ	1
そんざい	0
にはち	0
はいし	0
ひょうろん	0
ふたん	0
ふっこう	0
ぶんけん	0
へんさい	0
ほうもん	0
よそく	0
りんじ	0
あいこう	0
あいこく	0
あんざん	1
いつごろ	0
えっぺい	0
かいしゃく	1
かでん	0
きゅうかい	0
ぎろん	1
けいり	1
けんしゅつ	0
こうりょ	1
さくてい	0
さんしゅつ	0
さんらん	0
しゃっきん	3
しんりょう	0
じっしょう	0
じゅうたい	0
じょうし	1
せいざい	0
せつやく	0
せんぼく	0
せんぼつ	0
そくち	0
ぞくしゅつ	0
にが	1
ばんせい	0
ふきゅう	0
ふしょく	0
ほうにち	0
ほぞん	0
ぼうえい	0
ぼうとう	0
めんせつ	0
いれい	0
おおさじ	0
がいかん	0
きばん	0
させん	0
しゃだん	0
じさつ	0
じしゅ	1
じゅんぽう	0
せいさつ	0
そうさく	0
そうざん	1
ぞうしん	0
ぞうりん	0
たいい	1
たいぐう	0
だは	1
ちゅうだん	0
ちょうわ	0
ちょくやく	0
ちょくりつ	0
つうきん	0
ていけつ	0
どりょく	1
にゅうしゅつりょく	4
ひょうこう	0
ふせき	0
ほきゅう	0
めんきょ	1
ようてい	0
りょうよう	0
れんりつ	0
ろくが	0
あくよう	0
かいじゅう	0
かいせき	0
かいてい	0
きさい	0
ぐんしゅう	0
けいちゅう	0
けっかい	0
げらく	0
こううん	0
こくはつ	0
こりつ	0
ごもく	0
しはい	1
しゅうろく	0
しょうごう	0
しんしょく	0
じそく	0
じゅこう	0
じょうどう	0
せいごう	0
せっしょく	0
せんかん	0
せんどう	0
そてい	0
ぞうかん	0
ぞうけい	0
ぞうふく	0
だいべん	0
ていい	1
ていじゅう	0
ていめい	0
てってい	0
とうはつ	0
とおう	0
とっか	0
どちゃく	0
ひだい	0
ふゆう	0
ぶんせん	0
へんさん	0
みっちゃく	0
ゆうよ	1
よほう	0
りょうゆう	0
わんきょく	0
いぃ	1
おうりょう	0
かいせつ	0
かいぞう	0
かじゅ	1
がっしゅく	0
きこく	0
きじゅつ	0
きょうきゅう	0
けいよう	0
げんきょく	0
こうさ	1
こうふく	0
こくふく	0
こんざつ	1
ごしん	1
さけん	0
さんせき	0
さんてい	0
ざいこ	0
ざいりゅう	0
しゅうきょく	0
しゅうじゅく	0
しょくりん	0
しんえつ	0
しんてん	0
じょうりく	0
せいず	0
せんてん	0
そうてい	0
そしょう	0
ぞうきょう	0
ぞうせい	0
たいくつ	0
たんしゅく	0
だったい	0
だつぜい	0
ちょうごう	0
ちょっかつ	0
つういん	0
つうわ	0
にゅうしょ	0
はいりょ	1
はたん	0
ばっすい	0
ひさい	0
ひつじゅ	0
ひょうはく	0
びんじょう	0
ふたい	0
ふっかつ	0
ぶそう	0
ぶんけ	0
べんろん	0
ぼうせん	0
もくよく	0
らくせい	0
りょうしゅう	0
れんしゅう	0
ろうにん	0
おうへん	0
かくさん	0
かしつ	0
かつあい	0
かんぼう	0
きゅうぎょう	0
きょうがく	0
きょうごう	0
きょか	1
きょくげん	0
きょくせつ	0
けいげん	0
けっせい	0
げきげん	0
さっかく	0
しゅうえき	0
しゅうかく	0
しゅうしゅく	0
しゅえん	0
しょうらい	0
しんろう	0
じしょく	0
じせん	0
せつび	1
ぜつめつ	0
ぞうはつ	0
だっすい	0
だっぽく	0
だんごう	0
ちゅうきゅう	0
ちゅうぜつ	0
ちょういん	0
ていあん	0
ていげん	0
とうちゃく	0
とくしゅう	0
にゅうきょ	0
はいたつ	0
はんめい	0
ばいきゃく	0
ふくめん	0
ぶんぱい	0
まんせい	1
めんだん	0
ゆうぐう	0
りっしょう	0
れいぞう	0
ろけん	0
ろてい	0
あっとう	0
うんぱん	0
えんとう	0
えんりょ	0
かいじょ	1
かいめい	0
かけつ	0
かんさ	1
かんさん	0
かんせつ	0
きてん	0
きゅうよ	1
きゅうよう	0
きょうえい	0
きりゅう	0
きんしゅ	0
ぎょかく	0
げんぞう	0
げんめい	0
こうりゃく	0
こどう	0
ごえい	0
しゅうよう	0
しゅくしょう	0
しゅっせ	0
しゅっせき	0
しゅっぴ	0
しゅつがん	0
しょうしん	0
しょうめつ	0
じっそう	0
じっそく	0
じにん	0
じゅだく	0
じゅんぎょう	0
じょうび	1
すいえい	0
すいもん	0
せんしょく	0
せんじゅつ	0
ぜんけい	0
そうあん	0
そくおん	0
ぞっこう	0
ちゅうさい	0
ちゅうや	1
ちょくえい	0
ちょくげき	0
ちょくぞく	0
つうこく	0
つうち	0
つるおか	0
ていしょう	0
てんたい	0
てんめつ	0
でんどう	0
とうてき	0
どうじょう	0
にゅうこう	0
はいせん	0
はくねつ	0
はっすい	0
はっちゅう	0
はつれい	0
ひってき	0
ひんぱつ	0
ふうこう	0
ふちゃく	0
ふんし	0
ぶんれつ	0
べんご	1
ほきょう	0
ぼうめい	0
まんきつ	0
みっしゅう	0
めいげん	0
めんしょく	0
よういく	0
らいじょう	0
れいきゃく	0
れんそう	0
れんたい	0
いんたい	0
えいこう	0
えいじゅう	0
えしゃく	1
えっきょう	0
おうだん	0
おんぞん	0
かいそく	0
かいぼう	0
かいまく	0
かくじゅう	0
かんか	1
かんげい	0
かんにん	0
がくもん	2
がっしょう	0
きんせつ	0
きんむ	1
ぎぞう	0
くうばく	0
こうでん	0
けっき	1
けつべつ	0
けんえき	0
けんぺい	0
こうえき	0
こうおん	0
こうきん	0
こうちょく	0
こんだん	0
さいえん	0
さくし	0
さんきん	0
さんさく	0
しがん	1
ししゅう	0
ししゆう	0
しちゃく	0
しっせき	0
しゃげき	0
しゅうしょく	0
しゅうたん	0
しゅうのう	0
しゅこう	0
しゅび	1
しゅりょう	0
しょうかく	0
しょうさ	1
しょうたん	0
しょうだん	0
しょくたく	0
しんくう	0
しんたく	0
しんだん	0
じさん	0
じゅくたつ	0
じょうえん	0
じょうち	1
じょうぶつ	1
じょうむ	1
せいえん	0
せいぞん	0
せきぶん	0
せつぜい	0
せんでん	0
ぜんげん	0
ぜんじゅつ	0
そうしゅつ	0
そうちゃく	0
そくとう	0
そくばく	0
そしょく	0
そつう	0
たいきょ	1
たいだん	0
だんわ	0
ちじ	1
ちゃくしょう	0
ちゃくふく	0
ちょうえつ	0
ちんぼつ	0
ちんもく	0
ついきゅう	0
てんらく	0
でんそう	0
でんらい	0
とうしゃ	0
とうたつ	0
とか	1
とくひょう	0
どうさつ	0
どうしゅ	1
どくせん	0
どくそう	0
どくだん	0
にゅうりょう	0
にゅうさつ	0
ねんし	1
はいとう	0
はいらん	0
はきゅう	0
はくしゅ	1
はっそう	0
ひぎ	1
ひっさん	0
ふくじ	2
ふくせい	0
ふげん	0
へいそく	0
ほいく	0
ほうかん	0
ほうごう	0
ほうそう	0
ほじゅう	0
ぼうけん	0
めいじょう	0
めいめつ	0
ようぼう	0
らいとう	0
らいほう	0
らくさつ	0
らんしゃ	0
りだつ	0
りゅうねん	0
りんさく	0
れんかん	0
れんさい	0
ろこう	0
ろんなん	0
あっしょう	0
あんさつ	0
あんじゅう	0
いちゅう	0
いつだつ	0
いんせき	0
えんいん	0
えんちゃく	0
えんよう	0
かいか	1
かいぱん	0
かにゅう	0
かんあん	0
かんかつ	0
かんけつ	0
かんしゅう	0
かんつう	0
かんらん	0
がいはく	0
がいはん	0
がっさく	0
がっち	0
がっぽん	0
がんい	1
きじん	0
きたく	0
きにゅう	0
きひ	1
きひょう	0
きょうけん	0
こうしゅ	1
きょうしょう	0
きょうよ	1
きょこう	0
きょだつ	0
きょっかい	0
きんろう	0
ぎそう	0
くちく	0
くんりん	0
ぐげん	0
けいしゃ	0
けいそく	0
けいび	1
けいもう	0
けいりゅう	0
けっせき	0
けっちゃく	0
けつじょう	0
けつだん	0
けんざい	0
けんにん	0
げきとつ	0
こうじゅつ	0
こうちゃく	0
こうばん	0
こきゅう	0
こくじ	0
こくべつ	0
こんやく	0
こんわく	0
ごうりゅう	0
さいてん	0
さいねん	0
さくが	0
ささつ	0
さしょう	0
さんれつ	0
ざじょう	0
ざつだん	0
ざんりゅう	0
しけつ	0
しそう	0
しっかく	0
しめつ	0
しゃくほう	0
しゃさい	0
しゃざい	0
しゅうけつ	0
しゅうしん	0
しゅうゆう	0
しゅくしゃ	0
しゅっけ	0
しゅつどう	0
しゅつぼつ	0
しょうどく	0
しょうみ	1
しょくじゅ	0
しょけん	0
しょしょう	0
しんぐん	0
しんげき	0
しんしゅう	0
しんちょく	0
じしゅう	0
じつえん	0
じばく	0
じゅせい	0
じゅたく	0
じゅちゅう	0
じょがい	0
じょきょ	1
じょちょう	0
じょめい	0
すいぼつ	0
すいみん	0
せいいく	0
せいそく	0
せいは	1
せっきょう	0
せっきん	0
せんめん	0
ぜいげん	0
ぜつぼう	0
ぜんぱい	0
そうじゅう	0
そうじゅしん	3
そうせつ	0
そっせん	0
そんぞく	0
ぞうあく	0
ぞうしゅう	0
たいえき	0
だいしゃ	1
たいはい	0
たいりゅう	0
たんがん	0
だしん	0
だっし	0
ちゃくしょく	0
ちょうこく	0
ちょうは	1
ちょうへい	0
ちんせい	0
ちんたい	0
ちんれつ	0
ついとつ	0
ていでん	0
ていやく	0
てんい	1
てんせん	0
でんごん	0
でんしょう	0
でんせん	0
とうかいひょう	3
とうげん	0
とうちょく	0
とうらい	0
とっき	0
とつにゅう	0
とふつ	0
ないらん	0
にゅうしょう	0
にゅうどう	1
にゅうもん	0
はいえん	0
はいけん	0
はいしん	0
はいせつ	0
はいにょう	0
はいび	1
はつねつ	0
はんきょう	0
はんぷく	0
はんらく	0
ばいしゅう	0
ひやく	0
ひとう	0
ひょうしょう	0
びぞう	0
ふくえき	0
ふくがく	0
ふくしょく	0
ふずい	0
ふはい	0
ふろく	0
ぶっしょく	0
ぶんさい	0
ぶんぞう	0
ぶんつう	0
ぶんべん	0
へいはつ	0
へんきん	0
へんぴん	0
べんがく	0
ほうかつ	0
ほうじょ	1
ほうちゅう	0
ほうふく	0
ほうよう	0
ほうろ	1
ほしゅう	0
ほそう	0
ぼうおん	0
ぼうご	1
ぼっとう	0
まんかい	0
まんさい	0
みっぺい	0
むじゅん	0
めんじょ	1
ゆうごう	0
ゆうずう	0
ゆうぜい	0
ゆうだん	0
ゆしゅつにゅう	3
ようちゅう	0
よけん	0
よだん	0
よっきゅう	0
らくしょう	0
りさん	0
りっけん	0
りはん	0
りゅうほ	1
りんき	1
るいせき	0
れいらく	0
れきにん	0
れんしゃ	1
れんせつ	0
れんとう	0
れんどう	0
ろうきゅう	0
あいいく	0
あいいん	0
あいがん	0
あいぎん	0
あいごう	0
あいせき	0
あいちょう	0
あいとう	0
あいみん	0
あくとう	0
あくはつ	0
あくば	1
あっかい	0
あっさく	0
あっさつ	0
あっしゅく	0
あっせつ	0
あっそう	0
あっちゃく	0
あってい	0
あっぱい	0
あっぱく	0
あっぷく	0
あっぺん	0
あつえん	0
あつにゅう	0
あつよく	0
あんきゅう	0
あんごう	0
あんざ	0
あんしゅつ	0
あんしょう	0
あんじ	0
あんちゃく	0
あんてん	0
あんとう	0
あんぶ	1
あんぶん	0
あんぽう	0
あんみょう	0
あんやく	0
あんよう	0
いあつ	0
いきょ	1
いぎょ	1
いくきゅう	0
いくすう	0
いけつ	0
いざん	0
いしゅく	0
いじゅう	0
いにょう	0
いすい	1
いせつ	0
いせん	0
いぞう	0
いだつ	0
いちく	0
いちゃく	0
いちょく	0
いっしゅつ	0
いつゆう	0
いでん	0
いにゅう	0
いにん	0
いはく	0
いぼく	0
いもん	0
いりゅう	0
いんえつ	0
いんえん	0
いんこく	0
いんじ	0
いんせつ	0
いんてん	0
いんとう	0
いんとく	0
いんとん	0
いんなつ	0
いんにん	0
いんぴ	1
いんふく	0
いんぷく	0
いんぺい	0
いんめい	0
いんめつ	0
いんゆ	1
うきょく	0
うっき	0
うっくつ	0
うっけつ	0
うっさん	0
うっせき	0
うつも	0
うんい	1
うんきゅう	0
うんさん	0
うんざん	0
うんそう	0
うんぴつ	0
うんわん	0
えいしゃ	0
えいしゅつ	0
えいしょう	0
えいしん	0
えいそう	0
えいぞく	0
えいたん	0
えいだつ	0
えいてん	0
えいどう	0
えいはつ	0
えいべつ	0
えいみん	0
えいやく	0
えいりょ	1
えきさく	0
えっけん	0
えっぷく	0
えつどく	0
えつほく	0
えつらく	0
えつらん	0
えんえい	0
えんえき	0
えんお	1
えんけん	0
えんさ	1
えんしゅつ	0
えんじゅく	0
えんぜつ	0
えんぞう	0
えんたい	0
えんのう	0
えんぱく	0
えんぱつ	0
えんぺい	0
えんぼう	0
えんめつ	0
えんりゅう	0
おういつ	0
おうけつ	0
おうこ	1
おうこう	0
おうしん	0
おうじょう	1
おうせつ	0
おうそ	1
おうだく	0
おうてん	0
おうなつ	0
おうふく	0
おうほう	0
おうぼう	0
おうらい	0
おくそく	0
おくだん	0
おそん	0
おつばく	0
おとく	0
おんくん	0
おんしゃ	0
おんしゃく	0
おんどく	0
おんやく	0
かあつ	0
かいあく	0
かいい	1
かいえき	0
かいおく	0
かいがく	0
かいきゃく	0
かいきょく	0
かいきん	0
かいくん	0
かいこん	0
かいさく	0
かいさつ	0
かいざい	0
かいしつ	0
かいしゅ	1
かいしん	0
かいじゅく	0
かいそ	1
かいたつ	0
かいだく	0
がいちょう	0
かいちょく	0
かいちん	0
かいでん	0
かいとく	0
かいにゅう	0
かいはい	0
かいばつ	0
かいひょう	0
かいみん	0
かいめつ	0
かいもん	0
かいらん	0
かいりつ	0
かいりゅう	0
かいれつ	0
かえき	1
かおん	0
かきょ	1
かくえん	0
かくげん	0
かくさく	0
かくしつ	0
かくぜつ	0
かくちく	0
かくのう	0
かくひつ	0
かくふ	1
かくふく	0
かくやく	0
かしゃく	0
かしん	0
かじゅん	0
かじょ	1
かたつ	0
かっきょ	1
かっくう	0
かっけつ	0
かっさい	0
かっしゃ	0
かっしょう	0
かっすい	0
かっちゃく	0
かっぷく	0
かっぺん	0
かつごう	0
かつじょう	0
かつぼう	0
かつもく	0
かつらく	0
かつらん	0
かはい	0
かひつ	0
かんう	1
かんえい	0
かんおう	0
かんおん	0
かんきゅう	0
かんきょ	1
かんぎん	0
かんげ	1
かんこ	1
かんごう	0
かんしき	0
かんじゅく	0
かんぜつ	0
かんだん	0
かんでん	0
かんどく	0
かんにゅう	0
かんにょう	0
かんねん	1
かんばい	0
けんばい	0
かんぱつ	0
かんぷく	0
かんぼ	1
かんぼつ	0
かんめい	0
かんもく	0
かんもん	0
かんやく	0
かんゆ	1
かんらく	0
かんりん	0
がいかつ	0
がいげん	0
がいさ	1
がいさん	0
がいざい	0
がいせつ	0
がいたん	0
がいてい	0
がいひょう	0
がいろん	0
がかい	0
がしょう	0
がっさつ	0
がっしゅう	0
がっそう	0
がってつ	0
がっぽう	0
がんさく	0
がんし	0
がんしん	0
がんそう	0
がんぞう	0
がんちく	0
がんほ	1
がんぼう	0
がんみ	1
がんゆう	0
きあん	0
きう	1
きえい	0
ききゃく	0
きが	1
きがん	1
ききょ	1
きぎ	1
きぐう	0
きけい	0
きけつ	0
きさん	0
きしゃく	0
きしゅく	0
きしゅつ	0
ぎしょう	0
きしん	0
きじゅう	0
きっきょう	0
きっせき	0
きつえん	0
きつもん	0
きつりつ	0
ぎとう	0
きにち	0
きひつ	0
きびゅう	0
きふく	0
きふつ	0
きべい	0
きめい	0
きめつ	0
きもう	0
きゃくし	0
きゃくしょく	0
きゃくらい	0
きゃっこう	0
きゅうあい	0
きゅういく	0
きゅういん	0
きゅうえん	0
きゅうおん	0
きゅうけつ	0
きゅうげん	0
きゅうこん	0
きゅうご	1
きゅうごう	0
きゅうさい	0
きゅうさつ	0
きゅうしつ	0
きゅうしゅ	1
きゅうしゅつ	0
きゅうじく	0
きゅうじゅつ	0
きゅうじゆつ	0
きゅうじょ	1
きゅうせき	0
きゅうせつ	0
きゅうそう	0
きゅうたん	0
きゅうちゃく	0
きゅうつい	0
きゅうてい	0
きゅうとう	0
きゅうにゅう	0
きゅうねつ	0
きゅうのう	0
きゅうはいぎょう	3
きゅうはく	0
きゅうはつ	0
きゅうひょう	0
きゅうふん	0
きゅうへん	0
きゅうほう	0
きゅうほうしつ	3
きゅうぼう	0
きゅうみん	0
きゅうめい	0
きゅうもん	0
きゅうゆ	0
きゅうらく	0
きゆ	1
きょうあい	0
きょうあつ	0
きょうえつ	0
きょうおう	0
きょうかつ	0
きょうが	1
きょうぎょう	0
きょうく	1
きょうけつ	0
きょうげき	0
きょうご	1
きょうさ	1
きょうさく	0
きょうしゅ	1
きょうしゅう	0
きょうしゅく	0
きょうしゅつ	0
きょうじゅつ	0
きょうじゅん	0
きょうたく	0
きょうたん	0
きょうだ	1
きょうちょく	0
きょうねつ	0
きょうはく	0
きょうふつ	0
きょうべん	0
きょうほん	0
きょうめい	0
きょうもん	0
きょうやく	0
きょうらく	0
きょうらん	0
きょうれん	1
きょうろん	0
きょうわい	0
きょき	1
きょきん	0
きょくざい	0
きょくじゅう	0
きょくせき	0
きょくひつ	0
きょくれん	0
きょくろん	0
きょざ	1
きょしき	0
きょしゅう	0
きょしょう	0
きょせい	0
きょしょく	0
きょじ	1
きょせき	0
きょぜつ	0
きょだく	0
きょっかん	0
きょっこう	0
きょへい	0
きょよ	1
きょよう	0
きりつ	0
きるい	0
きれつ	0
きんあつ	0
きんえん	0
きんかい	0
きんぎょう	0
きんけつ	0
きんこく	0
きんさく	0
きんしゃ	1
きんしゅく	0
きんしん	0
きんぜつ	0
きんそく	0
きんだん	0
きんちく	0
きんちゅう	0
きんてい	0
きんてん	0
きんどく	0
きんばく	0
きんぱく	0
きんぶん	0
きんぼ	1
ぎさく	0
ぎぜつ	0
ぎちゃく	0
ぎめい	0
ぎゃくさつ	0
ぎゃくさん	0
ぎゃくしゅう	0
ぎゃくそう	0
ぎゃくたい	0
ぎゃくと	1
げきと	1
ぎゃくよう	0
ぎゃくりゅう	0
ぎゃっけ	0
ぎゅういん	0
ぎゅうり	1
ぎょうが	1
ぎょうぎ	1
ぎょうけい	0
ぎょうけつ	0
ぎょうこう	0
ぎょうしゅう	0
ぎょうしゅく	0
ぎょうずい	0
ぎょうせん	0
ぎょうちゃく	0
ぎょうどう	0
ぎょうぼ	1
ぎょうぼう	0
ぎょうりつ	0
ぎょくさい	0
ぎりょう	0
ぎんえい	0
ぎんしょう	0
くいく	1
くううん	0
くうそう	0
くうてん	0
くうはつ	0
くぎん	0
くこう	0
くじゅ	1
くじょ	1
くっかい	0
くっきょく	0
くっさい	0
くっさく	0
くっしん	0
くっせつ	0
くったく	0
くっとう	0
くっぷく	0
くつじゅう	0
くつじょう	0
くりょ	1
くんいく	0
くんかい	0
くんこく	0
くんしゃく	0
くんじゅ	0
くんじょう	0
くんせん	0
くんとう	0
くんどう	0
くんどく	0
くんれい	0
くんろう	0
ぐうきょ	1
ぐうご	1
ぐうごう	0
ぐうはつ	0
ぐうもく	0
ぐうゆう	0
ぐこう	0
ぐしん	0
ぐせん	0
ぐちん	0
ぐずう	0
ぐつう	0
ぐはつ	0
ぐぶ	1
ぐゆう	0
ぐんえい	0
ぐんきょ	1
ぐんしょく	0
ぐんぱつ	0
ぐんひ	1
ぐんりつ	0
けいあい	0
けいえん	0
けいが	1
けいごう	0
けいさい	0
けいしゅく	0
けいしゅつ	0
けいしん	0
けいじゅ	1
けいじゅん	0
けいせん	0
けいそん	0
けいちょう	0
けいばく	0
けいゆ	0
けいよ	1
けいりく	0
けしゃく	0
けたい	0
けっきゅう	0
けっきん	0
けっさつ	0
けっしつ	0
けっしゅつ	0
けっそ	1
けっそう	0
けったく	0
けってき	0
けっぱい	0
けっぱつ	0
けっぴょう	0
けつじょ	1
けつぜつ	0
けつぞう	0
けつぼう	0
けつやく	0
けつらく	0
けつれい	0
けつれつ	0
けんあん	0
けんいん	0
けんおん	0
けんぐん	0
けんけつ	0
けんこく	0
けんしゅ	1
けんしょく	0
けんじょ	1
けんすい	0
けんせき	0
けんぜつ	0
けんそく	0
けんたい	0
けんたん	0
けんだく	0
けんてつ	0
けんでん	0
けんにょう	0
けんぱ	1
けんぱい	0
けんぱく	0
けんび	1
けんぴん	0
けんべん	0
けんぽん	0
けんま	1
けんむ	1
けんやく	0
けんゆう	0
けんりょう	0
げいいん	0
げいえつ	0
げいげき	0
げいごう	0
げいせつ	0
げきいん	0
げきき	1
げきさい	0
げきしょう	0
げきせい	0
げきそう	0
げきぞう	0
げきたい	0
げきちん	0
げきつい	0
げきとう	0
げきど	1
げきどう	0
げきはつ	0
げきふん	0
げきへん	0
げきめつ	0
げきらく	0
げきれい	0
げきろん	0
げぎょう	0
げこう	0
げごく	0
げせん	0
げてん	0
げどく	0
げねつ	0
げはん	0
げんあつ	0
げんえん	0
げんぎょう	0
げんさい	0
げんしゃ	0
げんしゅう	0
げんしゅつ	0
げんすい	0
げんせき	0
げんぜん	0
げんそう	0
げんたい	0
げんたつ	0
げんたん	0
げんだん	0
げんちく	0
げんにん	0
げんぱい	0
げんぶ	1
げんぷう	0
げんぷく	0
げんめん	0
げんもう	0
げんゆう	0
げんよう	0
げんわく	0
こういつ	0
こうえつ	0
こうきょ	1
こうぎん	0
こうくつ	0
こうぐう	0
こうぐん	0
こうけつ	0
こうざつ	0
こうじゅく	0
おうじゅく	0
こうせつ	0
こうそん	0
こうたつ	0
こうたん	0
こうだく	0
こうでい	0
こうどく	0
こうにゅう	0
こうはつ	0
こうばい	0
こうばつ	0
こうふん	0
こうべい	0
こうゆ	0
こかつ	0
こくいん	0
こくぐう	0
こくじゅう	0
こくぞん	0
こくひょう	0
こけつ	0
こしゅ	1
こちゃく	0
こつりつ	0
こねん	0
こふく	1
こぼう	0
こりょ	1
こんいん	0
こんかく	0
こんがん	0
こんきゃく	0
こんきゅう	0
こんけつ	0
こんこう	0
こんさく	0
こんざい	0
こんしょう	0
こんしょく	0
こんしん	0
こんじゅう	0
こんすい	0
こんせん	0
こんぜつ	0
こんそう	0
こんたい	0
こんだく	0
こんちゅう	0
こんにゅう	0
こんはい	0
こんぱい	0
こんぼう	0
こんぽう	0
こんめい	0
こんもう	0
こんよう	0
こんりゅう	0
こんわ	0
ごうきゅう	0
ごうきょう	0
ごうこく	0
ごうご	1
ごうさつ	0
ごうそ	1
ごうだつ	0
ごうちく	0
ごうちゃく	0
ごうもん	0
ごうゆう	0
ごうりゃく	0
ごうれい	0
ごえん	0
ごくし	0
ごそう	0
ごでん	0
ごどう	0
ごどく	0
ごはい	0
ごはつ	0
ごばく	0
ごひょう	0
ごやく	0
ごんしゅ	1
さいかく	0
さいきょ	1
さいけい	0
さいけつ	0
さいさつ	0
さいじゅつ	0
さいすん	0
さいせき	0
さいせつ	0
さいたい	0
さいたく	0
さいだん	0
さいどく	0
さいにょう	0
さいのう	0
さいは	1
さいはい	0
さいはん	0
さいばい	0
さいべつ	0
さいべん	0
さいやく	0
さいゆ	0
さいりん	0
さいろく	0
さいろん	0
さいわ	0
さえつ	0
さかく	0
さくおう	0
さくげん	0
さくこう	0
さくごう	0
さくざつ	0
さくしゅ	1
さくじ	0
さくじゅう	0
さくじょ	1
さくず	0
さくせつ	0
さくそう	0
さくひょう	0
さくびょう	0
さくへい	0
さくぼう	0
さくゆ	0
さくらく	0
さくらん	0
さくりつ	0
さくれい	0
さけい	0
さしゅ	1
さしゅう	0
しゃしょう	0
さじゅう	0
さっきん	0
さっこう	0
さっしゅつ	0
さっしょう	0
さっしん	0
さっとう	0
さっぱ	1
さつげん	0
さつにゅう	0
さつびょう	0
さつりく	0
さつりょう	0
さてつ	0
さどく	0
さべん	0
さめん	0
さんいつ	0
さんきょ	1
さんけん	0
さんげ	1
さんこつ	0
さんざい	0
さんしゃく	0
さんしゅく	0
さんしょく	0
さんじょ	1
さっすい	0
さんそく	0
さんだつ	0
さんちゃく	0
さんぱつ	0
さんび	1
さんよく	0
さんろう	0
ざいえき	0
ざいえん	0
ざいきん	0
ざいこう	0
ざいこく	0
ざいごく	0
ざいしつ	0
ざいしゅく	0
ざいしょく	0
ざいじょう	0
ざいせき	0
ざいちょう	0
ざいてい	0
ざいてん	0
ざいふ	0
ざいらく	0
ざしょう	0
ざしょく	0
ざせつ	0
ざだん	0
ざっきょ	0
ざっこう	0
ざっこん	0
ざっしょく	0
ざっちん	0
ぞうじ	1
ざてつ	0
ざめつ	0
ざんかく	0
ざんかん	0
ざんげき	0
ざんさつ	0
ざんし	0
ざんそ	1
ざんぞく	0
ざんち	1
ざんにゅう	0
ざんぱい	0
ざんぱつ	0
ざんひ	1
ざんぼう	0
ざんゆ	1
ざんるい	0
しいぎゃく	0
しいく	0
しいさつ	0
しくつ	0
ししく	2
ししゅ	1
ししゅく	0
しじゅつ	1
しすい	0
しぞう	0
しっかん	0
しっきゃく	0
しっきん	0
しっけつ	0
しっけん	0
しっさく	0
しっしょう	0
しっしょく	0
しっしん	0
しっそく	0
しったつ	0
しっちゅう	0
しっつい	0
しっとう	0
しっぴ	1
しっぴつ	0
しつげん	0
しつにん	0
しつねん	0
しつぼう	0
しつめい	0
しつらく	0
しとつ	0
しどく	0
しにゅう	0
せにゅう	0
しねん	1
しべん	0
しぼつ	0
しもく	0
しゃえい	0
しゃおん	0
しゃくざい	0
しゃくぶく	0
しゃくめい	0
しゃくもん	0
しゃくよう	0
しゃくらん	0
しゃくりょう	0
しゃけつ	0
しゃこく	0
しゃしゅつ	0
しゃしょ	1
しゃじゅく	0
しゃじょう	0
しゃすい	0
しゃぜつ	0
しゃぞう	0
しゃにゅう	0
しゃふつ	0
しゃへい	0
しゅうい	1
しゅうおん	0
しゅうきゃく	0
しゅうきょ	1
しゅうきん	0
しゅうげき	0
しゅうざい	0
しゅうしゃく	0
しゅうしゅ	1
しゅうじゅ	1
しゅうじょう	0
しゅうじょく	0
しゅうそ	1
しゅうそう	0
しゅうそく	0
しゅうたいせい	3
しゅうだつ	0
しゅうちく	0
しゅうてい	0
しゅうにん	0
しゅうねつ	0
しゅうはい	0
しゅうばい	0
しゅうばつ	0
しゅうひょう	0
しゅうふく	0
しゅうふつ	0
しゅうほ	1
しゅうほう	0
しゅうみん	0
しゅうらい	0
しゅうらん	0
しゅうれつ	0
しゅうれん	1
しゅうろう	0
しゅうわい	0
しゅきょう	0
しゅぎょ	1
しゅくか	1
しゅくがく	2
しゅくぐん	0
しゅくげん	0
しゅくごう	0
しゅくさつ	0
しゅくしゃく	0
しゅくせい	0
しゅくたい	0
しゅくちょく	0
しゅくてい	0
しゅくとう	0
しゅくふく	0
しゅけつ	0
しゅしゃ	1
しゅじつ	0
しゅすい	0
しゅっかん	0
しゅっきょ	1
しゅっきょう	0
しゅっこ	0
しゅっさつ	0
しゅっしゃ	0
しゅっそう	0
しゅったん	0
しゅっちん	0
しゅってい	0
しゅっぷ	0
しゅっぺい	0
しゅっぽん	0
しゅつが	0
しゅつげき	0
しゅつごく	0
しゅつじん	0
しゅつだい	0
しゅつど	0
しゅつにゅうこう	3
しゅつやく	0
しゅつゆう	0
しゅつり	2
しゅつるい	0
しゅつろ	2
しゅひ	1
しゅまつ	0
しゅんきょ	1
しゅんこう	0
しゅんじゅん	0
しゅんせい	0
しゅんせつ	0
しゅんどう	0
しゅんべつ	0
しょうあい	0
しょうあく	0
しょうがん	0
しょうきょう	0
しょうぎ	1
しょうぐう	0
しょうけつ	0
しょうしつ	0
しょうしゃく	0
しょうしやく	0
しょうしゅつ	0
しょうしょく	0
しょうじゅつ	0
しょうじゅん	0
しょうそ	1
しょうそん	0
しょうぞく	0
しょうだく	0
しょうち	0
しょうちん	0
しょうてい	0
しょうでん	0
しょうとつ	0
しょうどう	0
しょうどん	0
しょうのう	0
しょうは	1
しょうひつ	0
しょうふく	0
しょうべつ	0
しょうぼ	1
しょうよ	1
しょうらん	0
しょうりつ	0
しょうりょ	1
しょえん	0
しょくがい	0
しょくきん	0
しょくげん	0
しょくさい	0
しょくしょう	0
しょくしん	0
しょくじょう	0
しょくせつ	0
しょくてい	0
しょくはつ	0
しょくばい	0
しょくぼう	0
しょくもう	0
しょくもく	0
しょくらい	0
しょけつ	0
しょち	1
しょべん	0
しょりつ	0
しんせき	0
しんしゅく	0
しんじゅつ	0
しんじゅん	0
しんたつ	0
しんたん	0
しんどく	0
しんなん	0
しんにゅうがく	3
しんばつ	0
しんぱつ	0
しんぴょう	0
しんぷく	0
しんぼう	1
しんもん	0
しんらん	0
しんりゃく	0
しんれん	0
じかつ	0
じきしょ	0
じきそう	0
じきたつ	0
じきとう	0
ちょくとう	0
じきのう	0
じきょ	1
じきょう	0
じきらん	0
じきわ	0
じけつ	0
じさい	0
じざ	1
じしゅく	0
じじゃく	0
じじん	0
じすい	0
じそん	0
じたつ	0
じちん	0
じっさ	1
じっしゃ	0
じつぞん	0
じつどう	0
じとく	0
じはく	0
じべん	0
じめつ	0
じゃくめつ	0
じゃくやく	0
じゃすい	0
じゃっか	0
じゅういつ	0
じゅうか	0
じゅうかん	0
じゅうけつ	0
じゅうげき	0
じゅうこく	0
じゅうこん	0
じゅうごう	0
じゅうさつ	0
じゅうしゅく	0
じゅうしゅつ	0
じゅうそ	1
ちょうそ	1
じゅうそく	0
じゅうぞく	0
じゅうだん	0
じゅうてい	0
じゅうでん	0
じゅうねつ	0
じゅうねん	0
じゅうはん	0
じゅうまん	0
じゅうらん	0
じゅうりん	0
じゅかい	0
じゅくぎ	1
じゅくさつ	0
じゅくだん	0
じゅくち	1
じゅくどく	0
じゅくに	0
じゅくみん	0
じゅくらん	0
じゅくりょ	1
じゅせん	0
じゅぜん	0
じゅぞう	0
じゅたい	0
じゅだい	0
じゅっかい	0
じゅっこう	0
じゅっさく	0
じゅっぺい	0
じゅでん	0
じゅなん	0
じゅにゅう	0
じゅにょう	0
じゅにん	0
じゅのう	0
じゅはい	0
じゅばく	0
じゅふん	0
じゅめい	0
じゅらく	1
じゅんえつ	0
じゅんえん	0
じゅんかい	0
じゅんきょ	1
じゅんきょう	0
じゅんけい	0
じゅんけん	0
じゅんこう	0
じゅんさつ	0
じゅんしゅ	1
じゅんしょく	0
じゅんじゅう	0
じゅんせつ	0
じゅんち	1
じゅんてき	0
じゅんぱい	0
じゅんよう	0
じゅんらん	0
じゅんれい	0
じゅんれき	0
じょうこく	0
じょうさん	0
じょうしょく	0
じょうじゅつ	0
じょうじょ	1
じょうせつ	0
じょうそ	1
じょうぞう	0
じょうぞく	0
じょうちゃく	0
じょうちょく	0
じょうてい	0
じょうのう	0
じょうは	1
じょうはつ	0
じょうほ	1
じょうぼく	0
じょうよ	1
じょうらく	0
じょうらん	0
じょえん	0
じょかく	0
じょきゃく	0
じょきん	0
じょくん	0
じょざん	0
じょしつ	0
じょじゅつ	0
じょせき	0
じょせん	0
じょそう	0
じょにん	0
じょふく	0
じょぶく	0
じょぼう	0
じょもう	0
じょれい	0
じよう	0
じんえき	0
じんきゅう	0
じんすい	0
じんぼつ	0
すいあん	0
すいかい	0
すいかくさ	3
すいが	1
すいきゅう	0
すいきょ	1
すいさつ	0
すいじ	1
すいしゅ	1
すいしょ	1
すいじゃく	0
すいそく	0
すいたい	0
すいたく	0
すいだん	0
すいち	1
すいてい	0
すいにん	0
すいはん	0
すいばん	0
すいふく	0
すいぶ	1
すいめい	0
すいめつ	0
すいろう	0
すいろん	0
すういん	0
すうけい	0
すうはい	0
すんけん	0
すんだん	0
すんれつ	0
ずいしん	0
ずいじゅう	0
ずいじゅん	0
ずいじん	0
ずいはん	0
ずけん	0
ずせつ	0
せいあつ	0
せいきょ	1
せいくん	0
せいこく	0
せいさ	1
せいしゅつ	0
せいじょ	1
せいたく	0
せいたん	0
せいつう	0
せいとん	0
せいはつ	0
せいはん	0
せいばつ	1
せいひょう	0
せいふく	0
せいふん	0
せいまい	0
せいゆ	0
せいよく	0
せいりゃく	0
せきか	0
せきさい	0
せきさん	0
せきしゅう	0
せきしゅつ	0
せきそう	0
せきち	1
せきはい	0
せきもん	0
せしゅう	0
せじょう	0
せっか	0
ぜっきょう	0
せっさ	1
せっさく	0
せっしゅ	1
せっしょう	0
せっすい	0
せっせい	0
せっせつ	0
せっそん	0
せっちゃく	0
せっぱ	1
せっぱく	0
せっぷく	0
せっぷん	0
せつえい	0
せつえん	0
せつがん	0
せつぐう	0
せつげん	0
せつごう	0
せつじ	0
せつじゅ	1
せつじゅつ	0
せつじょく	0
せつだい	0
せつでん	0
せつぼう	0
せつまい	0
せつもん	0
せつりゃく	0
せつろく	0
せやく	0
せゆう	0
せりょう	0
せんえん	0
せんきゅう	0
せんきょく	0
せんぎ	1
せんぐ	1
せんけつ	0
せんげ	1
せんごう	3
せんさく	0
せんざく	0
せんじょ	1
せんぜい	0
せんちょ	1
せんちょく	0
せんでき	0
せんとく	0
せんどく	0
せんにゅう	0
せんびょうし	3
せんぴつ	0
せんぴょう	0
せんぶ	1
せんぶん	0
せんぷ	1
せんぼう	0
せんめつ	0
せんゆう	0
せんらん	0
せんりく	0
ぜいか	0
ぜっけ	0
ぜっさん	0
ぜっしょく	0
ぜっそく	0
ぜつめい	0
ぜにん	0
ぜんきゅう	0
ぜんきん	0
ぜんぐ	1
ぜんくつ	0
ぜんしゃく	0
ぜんぞう	0
ぜんたく	0
ぜんとつ	0
ぜんな	1
ぜんぱく	0
ぜんま	1
ぜんやく	0
ぜんゆ	1
ぜんよう	0
ぜんらく	0
そあつ	0
そうあい	0
そううん	0
そうえき	1
そうかつ	0
そうきゃく	0
そうきん	0
そうぐう	0
そうげい	0
そうこく	0
そうしつ	0
そうすい	0
そうせん	0
そうぜつ	0
そうたつ	0
そうだつ	0
そうちく	0
そうなん	0
そうにゅう	0
そうは	1
そうびょう	0
そうほ	1
そうほん	0
そうめつ	0
そうやく	0
そうゆう	0
そうりゃく	0
そうりゅう	0
そうわ	0
そかく	0
そかつ	0
そがい	0
そくえい	0
そくぎん	0
そくげん	0
そくさん	0
そくしゃ	0
そくず	0
そくせい	0
そくだく	0
そくだん	0
そくどく	0
そくのう	0
そくはつ	0
そくばい	0
そくわん	0
そけつ	0
そげき	0
そげん	0
そしゃく	0
そじゅつ	0
そそく	0
そたん	0
そっき	0
そっきょ	1
そっくつ	0
そっこ	1
そっこう	0
そっとう	0
そっぷく	0
そつい	0
そつえん	0
そつき	1
そつどく	0
そつにゅう	0
そつゆう	0
そつりょう	0
そどく	0
そらい	0
そらく	0
そんきょ	1
そんしん	0
そんすう	0
そんち	1
そんぽう	0
そんめん	0
そんりつ	0
ぞんりつ	0
ぞうあつ	0
ぞうい	1
ぞうえい	0
ぞうきゅう	0
ぞうけつ	0
ぞうご	0
ぞうごう	0
ぞうさつ	0
ぞうしゃ	0
ぞうしょう	0
ぞうしょく	0
ぞうすい	0
ぞうせき	0
ぞうそう	0
ぞうそく	0
ぞうた	0
ぞうたん	0
ぞうち	1
ぞうちく	0
ぞうてい	0
ぞうてつ	0
ぞうと	1
ぞうとう	0
ぞうとく	0
ぞうは	1
ぞうはい	0
ぞうひ	0
ぞうびん	0
ぞうへい	0
ぞうほう	0
ぞうよ	1
ぞうりつ	0
ぞうりょう	0
ぞうわい	0
ぞくえい	0
ぞくえん	0
ぞくさい	0
ぞくせん	0
ぞくとう	0
ぞくほう	0
ぞくらく	0
ぞくか	0
ぞっか	0
ぞっかん	0
ぞんめい	0
たいえい	0
たいがく	0
だいがん	0
たいきゃく	0
たいぎょう	0
たいげん	0
たいざ	0
たいざい	0
たいしゅく	0
たいしゅつ	0
たいじゅ	1
たいじゅく	0
たいすい	0
たいてん	0
たいとく	0
たいのう	0
たいは	1
たいぼう	0
たいよ	1
たいるい	0
たくえつ	0
たくしゅつ	0
たくぜつ	0
たくそう	0
たくとう	0
たくはつ	0
たくりつ	0
たさく	0
たしゅつ	0
たしょく	0
たせん	0
たっかい	0
たっかん	0
たっきょ	1
たどく	0
たひ	1
たんきゅう	0
たんけん	0
たんげい	0
たんさ	1
たんさく	0
たんさつ	0
たんざ	1
たんじん	0
たんせき	0
たんせつ	0
たんそく	0
たんぞう	0
たんでき	0
たんでん	0
たんにん	0
たんばい	0
たんぼう	0
たんらく	0
たんり	1
たんれん	1
だいい	0
だいかつ	0
だいさん	0
だいしゅう	0
だいどく	0
だいひつ	0
だきょう	0
だけつ	0
だこく	0
ださん	0
だせつ	0
だたい	0
だっかい	0
だっかん	0
だっきゃく	0
だっきゅう	0
だっきょ	1
だっけい	0
だっこう	0
だっこく	0
だっしつ	0
だっしゅう	0
だっしょく	0
だっせん	0
だっそう	0
だっちゃく	0
だっちょう	0
だっとう	0
だっぴ	0
だっぷん	0
だつう	0
だつえい	0
だつえん	0
だつぐん	0
だつごく	0
だつぞく	0
だつぼう	0
だつめい	0
だつもう	0
だつらく	0
だつりゃく	0
だつりん	0
だつろう	0
だでん	0
だとう	0
だぼく	0
だんあつ	0
だんがい	0
だんぎ	1
だんこう	0
だんさい	0
だんざい	0
だんしゅ	0
だんしょう	0
だんすい	0
だんせつ	0
だんせん	0
だんぜつ	0
だんそう	0
だんぞく	0
だんてい	0
だんぱつ	0
だんぴつ	0
だんめつ	0
だんらん	0
だんれつ	0
だんろん	0
ちきょく	1
ちぎ	1
ちくざい	0
ちくせい	0
ちくぞう	0
ちくてい	0
ちくねつ	0
ちくはつ	0
ちくよう	0
ちくりゅう	0
ちくるい	0
ちちょう	0
ちっし	0
ちっそく	0
ちっぷく	0
ちてい	0
ちとく	0
ちはい	0
ちはつ	0
ちぶ	1
ちゃくえん	0
ちゃくがん	0
てきさい	0
ちゃくさい	0
ちゃくしん	0
ちゃくじん	0
ちゃくすい	0
ちゃくせい	0
ちゃくせき	0
ちゃくせつ	0
ちゃくせん	0
ちゃくそう	0
ちゃくたい	0
ちゃくだつ	0
ちゃくだん	0
ちゃくでん	0
ちゃくとう	0
ちゃくにん	0
ちゃくひつ	0
ちゃくへい	0
ちゃくぼう	0
ちゃくみ	0
ちゃくらい	0
ちゃくりく	0
ちゃじ	1
ちゃっかん	0
ちゃっきょう	0
ちゃっきん	0
ちゃっけん	0
ちゃへん	0
ちゅうさつ	0
ちゅうざ	0
ちゅうすい	0
ちゅうせん	0
ちゅうぞう	0
ちゅうとん	0
ちゅうにゅう	0
ちゅうばつ	0
ちゅうめつ	0
ちゅうゆ	0
ちゅうりく	0
ちゅうりょく	1
ちゅうりん	0
ちゆ	1
ちょうあい	0
ちょうい	1
ちょういつ	0
ちょうが	1
ちょうきょ	1
ちょうきん	0
ちょうぎょう	0
ちょうく	1
ちょうけつ	0
ちょうこん	0
ちょうざ	0
ちょうざい	0
ちょうしつ	0
ちょうしゅ	0
ちょうじゅく	0
ちょうじょく	0
ちょうぜい	0
ちょうぜつ	0
ちょうそう	0
ちょうそく	0
ちょうたく	0
ちょうだつ	0
ちょうにゅう	0
ちょうのう	0
ちょうはつ	0
ちょうぶく	0
ちょうべん	1
ちょうぼう	0
ちょうみ	1
ちょうもん	0
ちょうゆう	0
ちょうらく	0
ちょうりょう	0
ちょうりん	0
ちょうれん	1
ちょくし	1
ちょくしゃ	0
ちょくしん	0
ちょくじょ	1
ちょくじょう	0
ちょくそう	0
ちょくどく	0
ちょくはん	0
ちょくばい	0
ちょくりゅう	0
ちょじゅつ	0
ちょすい	0
ちょぞう	0
ちょちく	0
ちょっかく	0
ちょぼう	0
ちょりつ	0
ちょりゅう	0
ちょろく	0
ちりょ	1
ちんあつ	0
ちんえい	0
ちんこう	0
ちんご	1
ちんざ	1
ちんし	1
ちんしゃ	1
ちんしゃく	0
ちんしょう	0
ちんじゅつ	0
ちんじょう	0
ちんすい	0
ちんせき	0
ちんせん	0
ちんそう	0
ちんぞう	0
ちんてい	0
ちんでん	0
ちんにゅう	0
ちんぶ	1
ちんべん	0
ちんめん	0
ついおく	0
ついかい	0
ついげき	0
ついこ	1
ついこう	0
ついし	0
ついしゃ	1
ついじゅく	0
ついずい	0
ついぜん	0
ついそ	1
ついそん	0
ついぞう	0
ついちく	0
ついちょう	0
ついとう	0
ついにん	0
ついねん	0
ついぶ	1
ついぼ	1
ついろく	0
ついろん	0
つうかん	0
つうきょう	0
つうぎょう	0
つうけい	0
つうげ	0
つうげき	0
つうげん	0
つうこん	0
つうさく	0
つうすい	0
つうせき	0
つうたん	0
つうてい	0
つうでん	0
つうとう	0
つうどく	0
つうば	1
つうふん	0
つうぶん	0
つうへん	0
つうべん	1
つうぼう	0
つうゆう	0
つうらん	0
つうろん	0
ていかい	0
ていかん	0
ていぎん	0
ていくつ	0
ていご	0
ていさつ	0
ていせん	0
ていそ	1
ていぞう	0
ていだん	0
ていつう	0
ていとう	0
ていとん	0
ていは	1
ていはく	0
ていはつ	0
ていふつ	0
ていらく	0
ていりゅう	0
てきいん	0
てきしゅつ	0
てきしょく	0
てきしん	0
てきじゅう	0
てきじょ	1
てきてい	0
てきはつ	0
てきべん	0
てきろく	0
てっかい	0
てっきゃく	0
てっきょ	1
てっけつ	0
てっしゅう	0
てったい	0
てつしょう	0
てつじょう	0
てんあつ	0
てんうん	0
てんえつ	0
てんえん	0
てんがく	0
てんがん	0
てんきゅう	0
てんきょく	0
てんぎょう	0
てんこく	0
てんざい	0
てんしち	0
てんしゃ	0
てんしゃく	0
てんしゅく	0
てんしゅつ	0
てんしょ	0
てんじゅう	0
てんてい	0
てんそう	0
てんぞく	0
てんたく	0
てんてつ	0
てんとん	0
てんどく	0
てんにゅう	0
てんにん	0
てんばい	0
てんびょう	0
てんぷく	0
てんぼう	0
てんやく	0
てんらん	0
でいか	0
でいすい	0
でいみん	0
できあい	0
できし	0
できぼつ	0
でんかい	0
でんしゅう	0
でんせい	0
でんそん	0
でんてい	0
でんぶん	0
でんゆ	0
とうあつ	0
とうえい	0
とうかく	0
とうが	1
とうきょ	1
とうぎょ	1
とうくつ	0
とうけつ	0
とうけん	0
とうげこう	3
とうさい	0
とうさく	0
とうさつ	0
とうしつ	0
とうしゅく	0
とうしゅつ	0
とうじゅく	0
とうせき	0
とうそつ	0
とうぞう	0
とうだん	0
とうてつ	0
とうなつ	0
とうはい	0
とうはいごう	3
とうばく	0
とうばつ	0
とうふく	0
とうへい	0
とうほ	1
とうよ	1
とうよく	0
とうり	0
とうりつ	0
とうりゃく	0
とうりゅう	0
とうるい	0
とうれい	0
とうろん	1
とうわく	0
とぎょ	1
とくしゅつ	0
とくしょく	0
とくせき	0
とくせつ	0
とくせん	0
とくそく	0
とくたい	0
とくちゅう	0
とくど	1
とくにん	0
とくはい	0
とくはつ	0
とくばい	0
とくひつ	0
とくほう	0
とくめん	0
とくやく	0
とくりつ	0
とくれい	0
とけつ	0
とごう	0
としゃ	1
としゅつ	0
としょう	0
とせん	0
とたい	0
とっかん	0
とっくん	0
とっしん	0
とっぱつ	0
とつげき	0
とつごう	0
ととく	1
とにち	0
とにゅう	0
とはく	1
とひ	1
とふく	0
とまつ	0
とよう	0
とれつ	0
とんあい	0
とんえい	0
とんご	1
とんざん	0
とんしゃ	0
とんしゅう	0
とんせい	0
とんそう	0
どうかつ	0
どうきん	0
どうこん	0
どうしゅく	0
どうしゅつ	0
どうせき	0
どうちゃく	0
どうはん	0
どうふう	0
どうもく	0
どくえん	0
どくがい	0
どくぎん	0
どくさつ	0
どくざ	1
どくし	0
どくしゃく	0
どくしゅう	0
どくしょう	0
どくじゅ	1
どくず	0
どくにん	0
どくは	1
どくはく	0
どくやく	0
どくりょう	0
どくわ	0
どごう	0
どそう	0
どちょう	0
どっかい	0
どんしょく	0
どんぜい	0
どんま	1
ないえつ	0
ないおう	0
ないがん	0
ないきん	0
ないけつ	0
ないけん	0
ないこ	1
ないさい	0
ないしゃく	0
ないじ	0
ないじょ	1
ないせつ	0
ないそう	0
ないぞく	0
ないたつ	0
ないだく	0
ないだん	0
ないてん	0
ないとう	0
ないぶん	0
ないめい	0
ないやく	0
なっせん	0
なついん	0
なんきつ	0
なんご	0
なんしん	0
なんめん	0
にくはく	0
にっしゅう	0
にっそう	0
にゅうえい	0
にゅうえん	0
にゅうかく	0
にゅうかん	0
にゅうきゅう	0
にゅうきょう	0
にゅうきょく	0
にゅうぎょ	0
にゅうこ	0
にゅうごく	0
にゅうしち	0
にゅうしつ	0
にゅうしゅっきん	3
にゅうしょく	0
にゅうしん	0
にゅうじゃく	0
にゅうじゅく	0
にゅうせき	0
にゅうぜい	0
にゅうそん	0
にゅうたい	0
にゅうだん	0
にゅうち	0
にゅうちゃく	0
にゅうちょう	0
にゅうてい	0
にゅうとう	0
にゅうばん	0
にゅうふ	0
にゅうほう	0
にゅうほく	0
にゅうまく	0
にゅうみん	0
にゅうめつ	0
にゅうよ	1
にゅうらい	0
にゅうりん	0
にゅうろう	0
にんかん	0
にんきょ	1
にんく	1
にんしん	0
にんじゅ	1
にんじゅう	0
にんめい	0
ねっか	0
ねつあい	0
ねつえん	0
ねつがん	0
ねつぞう	0
でつぞう	0
ねつどく	0
ねつば	1
ねつぼう	0
ねんきゃく	0
ねんざ	0
ねんしゅつ	0
ねんず	1
ねんちゃく	0
ねんてん	0
ねんろう	0
のうかん	0
のうきん	0
のうこつ	0
のうさつ	0
のうしゃ	0
のうしゅう	0
のうしゅく	0
のうじゅ	1
のうとう	0
のうにゅう	0
のうほん	0
のうらん	0
のうりょう	0
はいえつ	0
はいかん	0
はいが	1
はいがく	0
はいけつ	0
はいげき	0
はいごう	0
はいさつ	0
はいざい	0
はいしゃ	1
はいしゃく	0
はいしゅ	1
はいしょう	0
はいじゅ	1
はいじょう	0
はいすう	0
はいせき	0
はいぜつ	0
はいぜん	0
はいそう	0
はいぞく	0
はいちゃく	0
はいちゅつ	0
はいちょう	0
はいてい	0
はいてん	0
はいどく	0
はいにん	0
はいのう	0
はいはん	0
はいふう	0
はいふく	0
はいべん	0
はいほん	0
はいぼう	0
はいめい	0
はいめつ	0
はいやく	0
はいゆう	0
はいよう	0
はいりつ	0
はいりょう	0
はいりん	0
はいれい	0
はいれつ	0
はくがい	0
はくぎ	1
はくぐう	0
はくげき	0
はくじょう	1
はくそう	0
はくだく	0
はくだつ	0
はくどう	0
はくらい	0
はくらく	0
はくらん	0
はごく	0
はさい	0
はしょく	0
はすい	0
はせつ	0
はそく	0
はだん	0
はっかん	0
はっきょう	0
はっくつ	0
はっこん	0
はっしゅつ	0
はっせき	0
はつあん	0
はついく	0
はつえん	0
はつおう	0
はつが	0
はつがん	0
ほつぎ	1
はつだ	0
はつびょう	0
はつよう	0
はつらい	0
はつれん	0
はつろ	1
ははい	0
はめつ	0
はれつ	0
はんうん	0
はんかい	0
はんぎゃく	0
はんげき	0
はんげん	0
はんこく	0
はんしゅう	0
はんしゅつ	0
はんしょく	0
はんじょう	1
はんずい	0
はんぜい	0
はんそ	1
はんそう	0
はんそく	0
はんぞく	0
はんどく	0
はんにゅう	0
はんやく	0
ばいいん	0
ばいかい	0
ばいかん	0
ばいきゅう	0
ばいしゃく	0
ばいしょう	0
ばいしょく	0
ばいじゅう	0
ばいじょう	0
ばいせき	0
ばいせん	0
ばいちょう	0
ばいはん	0
ばいやく	0
ばいよう	0
ばくげき	0
ばくさ	1
ばくさつ	0
ばくさん	0
ばくし	0
ばくしょ	1
ばくしょう	0
ばくすい	0
ばくそう	0
ばくちん	0
ばくれつ	0
ばくろん	0
ばこう	0
ばしょく	0
ばっかい	0
ばっきょ	1
ばっこ	1
ばっさい	0
ばっしょう	0
ばっしん	0
ばっそう	0
ばつじゅう	0
ばつびょう	0
ばつぼく	0
ばんかい	0
ばんきょ	1
ばんくつ	0
ばんさい	0
ばんしゃく	0
ばんぶ	1
ひしゅう	0
ひしょう	0
ひしょく	0
ひせい	0
ひたん	0
ひっしゅう	0
ひっそく	0
ひっちゅう	0
ひっぱい	0
ひっぱく	0
ひっぱつ	0
ひつだん	0
ひつどく	0
ひつもん	0
ひつろく	0
ひつろん	0
ひとく	0
ひはい	0
ひはつ	0
ひはん	0
ひばい	0
ひひょう	0
ひへい	0
ひぼう	0
ひまん	0
ひめん	0
ひょうい	1
ひょうかい	0
ひょうきょ	1
ひょうけつ	0
ひょうしゃく	0
ひょうせつ	0
ひょうぞう	0
ひょうちゃく	0
ひょうへん	0
ひょうべつ	0
ひょうぼう	0
ひょうりゅう	0
ひょうれい	0
ひりん	0
ひれき	0
ひんけつ	0
ひんしゅつ	0
ひんしん	0
ひんせき	0
ひんそう	0
ひんぴょう	0
ひんよう	0
びちく	0
びへい	0
びほう	0
びまん	0
びょうが	0
びょうけつ	0
びょうさつ	0
びょうざ	0
びょうしゃ	0
びょうしゅつ	0
びょうは	1
びょうはく	0
びょうぼつ	0
びんさつ	0
びんしょう	0
びんらん	0
ふいく	0
ふいちょう	0
ふうえい	0
ふうかん	0
ふうさつ	0
ふうし	0
ふうしょう	1
ふうしょく	0
ふうじゅ	1
ふうすい	0
ふうにゅう	0
ふうひ	1
ふうび	1
ふうぶん	0
ふりゅう	0
ふかつ	0
ふきょ	1
ふぎ	1
ふくえん	0
ふくが	2
ふくぎょう	0
ふくざい	0
ふくしゃ	0
ふくしょ	0
ふくしょう	0
ふくずい	0
ふくせき	0
ふくぞく	0
ふくでき	0
ふくとう	0
ふくどく	0
ふくはい	0
ふくへき	0
ふくぼつ	0
ふくめい	0
ふくめつ	0
ふこく	0
ふじゅ	1
ふじゅう	0
ふじゅく	0
ふせつ	0
ふぞう	0
ふたく	0
ふっかく	0
ふっかん	0
ふっけん	0
ふっしょく	0
ふってい	0
ふっとう	0
ふつじょ	0
ふにん	0
ふばん	0
ふほ	1
ふや	0
ふよく	1
ふんか	0
ふんがい	0
ふんき	1
ふんきゅう	0
ふんげき	0
ふんこう	0
ふんごう	0
ふんさい	0
ふんさつ	0
ふんしつ	0
ふんしゃ	0
ふんしょく	0
ふんしん	0
ふんせん	0
ふんそう	0
ふんとう	0
ふんばい	0
ふんむ	1
ふんめつ	0
ふんやく	0
ふんゆう	0
ふんらん	0
ふんりゃく	0
ふんりゅう	0
ふんりん	0
ふんれい	0
ぶぎょう	1
ぶこく	0
ぶじょく	0
ぶつのう	0
ぶとう	0
ぶべつ	0
ぶんきゅう	0
ぶんけつ	0
ぶんげつ	0
ぶんこつ	0
ぶんごう	0
ぶんさつ	0
ぶんしゅく	0
ぶんしょく	0
ぶんすい	0
ぶんそん	0
ぶんぞく	0
ぶんでん	0
ぶんとん	0
ぶんばい	0
ぶんよ	1
ぶんりつ	0
ぶんろ	1
へいえい	0
へいえん	0
へいが	1
へいがん	0
へいきょ	1
へいぎょう	0
へいけい	0
へいけつ	0
へいげい	0
へいごう	0
へいさい	0
へいしゅつ	0
へいしょう	0
へいしん	0
へいせつ	0
へいそう	0
へいてい	0
へいどく	0
へいにん	0
へいまく	0
へいもん	0
へいゆう	0
へいりょう	0
へいれつ	0
へいろく	0
へきざい	0
へきじゅ	1
へんあい	0
へんい	1
へんかい	0
へんがい	0
へんきゃく	0
へんきょく	0
へんけつ	0
へんざい	0
へんしつ	0
へんしょう	0
へんじゅつ	0
へんせつ	0
へんせん	0
へんそう	0
へんそく	0
へんぞう	0
へんちゅつ	0
へんつう	0
へんてん	0
へんのう	0
へんぱい	0
へんぼう	0
へんぽん	0
へんやく	0
へんよう	0
へんれき	0
べいしょく	0
べっけい	0
べっちゅう	0
べってん	0
べっぷう	0
べつげん	0
べつのう	0
べんかい	0
べんさい	0
べんしゅつ	0
べんしょう	0
べんそ	1
べんたつ	0
べんなん	0
べんばく	0
べんめい	0
べんれい	0
ほうえい	0
ほうかい	0
ほうが	1
ほうきょ	1
ほうぎょ	1
ほうぎん	0
ほうげい	0
ほうげき	0
ほうさい	0
ほうしつ	0
ほうしゃ	1
ほうしゅく	0
ほうしょく	0
ぼうじ	1
ほうじゅく	0
ほうすい	0
ほうせつ	0
ほうぞう	0
ほうだん	0
ほうちく	0
ほうでん	0
ほうどく	0
ほうにょう	0
ほうにん	0
ほうねつ	0
ほうのう	0
ほうば	0
ほうばつ	0
ほうへん	0
ほうぼく	0
ほうまい	0
ほうやく	0
ほうゆう	0
ほうらく	0
ほうらん	0
ほうりゅう	0
ほくへん	0
ほくめん	0
ほくりゅう	0
ほけい	0
ほけつ	0
ほさく	0
ほさつ	0
ほしつ	0
ほしゃく	0
ほしょく	0
ほじゅつ	0
ほぞく	0
ほたん	0
ほだん	0
ほちく	0
ほつがん	0
ほつねん	0
ほてつ	0
ほにん	0
ほばく	0
ほひつ	0
ほび	1
ほよう	0
ほりゅう	0
ほんあん	0
ほんしゅつ	0
ほんそう	0
ほんぶく	0
ほんぷく	0
ぼうあつ	0
ぼういつ	0
ぼういん	0
ぼうお	1
ぼうきゃく	0
ぼうぎ	1
ぼうさつ	0
ぼうしつ	0
ぼうしゅく	0
ぼうしゅつ	0
ぼうしょう	0
ぼうしょく	0
ぼうじゅ	1
ぼうじゅん	0
ぼうせい	0
ぼうせき	0
ぼうちゅう	0
ぼうとく	0
ぼうはつ	0
ぼうひょう	0
ぼうび	1
ぼうらく	0
ぼくさつ	0
ぼくしゅ	1
ぼくしょ	1
ぼくち	1
ぼくめつ	0
ぼさい	0
ぼさん	0
ぼしゅう	0
ぼっきゃく	0
ぼっき	0
もっきゃく	0
ぼっきょ	1
ぼっこう	0
ぼっしゅう	0
ぼつにゅう	0
ぼつらく	0
ぼつりょう	0
ぼへい	0
ぼんたい	0
まいきょ	1
まいきょう	0
まいこつ	0
まいしょく	0
まいせつ	0
まいそう	0
まいぞう	0
まいぞん	0
まいち	1
まいとく	0
まいのう	0
まいふく	0
まいぼつ	0
まそん	0
まちわり	0
まっさつ	0
まっしょう	0
まめつ	0
まもう	0
まんえつ	0
まんぎん	0
まんさん	0
まんしん	0
まんすい	0
まんちゃく	0
まんどく	0
まんば	1
まんゆう	0
みっかい	0
みっこう	0
みっこく	0
みっさつ	0
みっしょく	0
みっせい	0
みっせん	0
みっそう	0
みっつう	0
みっぷう	0
みつぞう	0
みつだん	0
みつやく	0
みつりょう	0
みとう	0
みどく	0
みばく	0
みゃくどう	0
みょうえん	0
みりょう	0
みわく	0
みんさつ	0
みんぱく	0
むさん	0
むそう	0
めいさつ	0
めいしゃ	1
めいそう	0
めいだん	0
めいとう	0
めいにゅう	0
めっきゃく	0
めっきん	0
めっこう	0
めっしつ	0
めつしゅ	0
めつじん	0
めつふんしつ	3
めつぼう	0
めんえき	0
めんか	1
めんかん	0
めんきつ	0
めんこう	0
めんご	1
めんじゅ	1
めんぜい	0
めんそ	1
めんわ	0
もうあい	0
もうかい	0
もうこう	0
もうしゅう	0
もうしん	0
もうじゅう	0
もうせい	0
もうつい	0
もうばく	0
もうひょう	0
もくい	1
もくげい	0
もくげき	0
もくさつ	0
もくさん	0
もくざ	1
もくじゅう	0
もくそく	0
もくたい	0
もくだく	0
もくと	0
もくとう	0
もくどく	0
もくにん	0
もくりょう	0
もくれい	0
もさく	0
もっきょ	1
もほう	0
もんぎ	1
もんざい	0
もんし	0
もんしん	0
もんせき	0
もんぜつ	0
もんそう	0
もんなん	0
やえい	0
やくげん	0
やくさい	0
やくさつ	0
やくしゅつ	0
やくしん	0
やくじゅつ	0
やくじょう	0
やくぞう	0
やくだく	0
やくちょ	1
やくどく	0
やくふ	0
やくぶん	0
やくりょう	0
やくわん	0
やごう	0
やしゅう	0
やてつ	0
ゆういん	0
ゆうえい	0
ゆうえき	0
ゆうえつ	0
ゆうきょう	0
ゆうぎ	1
ゆうぎん	0
ゆうじょ	1
ゆうじょう	0
ゆうせつ	0
ゆうたい	0
ゆうち	1
ゆうはつ	0
ゆうばく	0
ゆうへい	0
ゆうぼく	0
ゆうめん	0
ゆうもく	0
ゆうもん	0
ゆうよく	0
ゆうらん	0
ゆうりょ	1
ゆうれき	0
ゆうわ	0
ゆうわく	0
ゆえき	0
ゆえつ	0
ゆぎょう	0
ゆけつ	0
ゆげん	0
ゆこく	0
ゆごう	0
ゆそう	0
ゆたつ	0
ゆちゃく	0
ゆちゅう	0
ようえい	0
ようかい	0
ようげき	0
ようさん	0
ようしゃ	1
ようしゅつ	0
ようじゅ	1
ようせつ	0
ようそう	0
ようぞん	0
ようだん	0
ようちゃく	0
ようちょう	0
ようにん	0
ようはい	0
ようびょう	0
ようゆう	0
ようりく	0
ようりつ	0
ようりゃく	0
よかく	0
よくあつ	0
よくさん	0
よくせい	0
よくそく	0
よくそん	0
よくりゅう	0
よげん	0
よこく	0
よさつ	0
よしゅう	0
よたい	0
よたく	0
よねつ	0
よのう	0
らいいん	0
らいえん	0
らいおう	0
らいかい	0
らいきょく	0
らいげき	0
らいこう	0
らいじゅう	0
らいそう	0
らいそん	0
らいたく	0
らいだん	0
らいちゃく	0
らいどう	0
らいにん	0
らいはん	0
らいふく	0
らいぶつ	0
らいべい	0
らいゆう	0
らいりゅう	0
らいわ	0
らくしょく	0
らくじょう	0
らくせき	0
らくせつ	0
らくせん	0
らくたん	0
らくだい	0
らくちょう	0
らくてつ	0
らくはく	0
らくばく	0
らくはつ	0
らくば	0
らくばん	0
らくひつ	0
らくめい	0
らくらい	0
らくるい	0
らしゅつ	0
らっきゅう	0
らほく	0
られつ	0
らんかく	0
らんきゅう	0
らんくつ	0
らんさく	0
らんしん	0
らんじゅく	0
らんすい	0
らんぞう	0
らんたい	0
らんだつ	0
らんとう	0
らんどく	0
らんにゅう	0
らんばい	0
らんばつ	0
らんぱつ	0
らんりつ	0
りいん	0
りきえい	0
りきえん	0
りきせつ	0
りきそう	0
りきょう	0
りくさつ	0
りくせい	0
りくそう	0
りくちん	0
りごう	0
りさい	0
りしゅう	0
りしょう	0
りせき	0
りせん	0
りそん	0
りぞん	0
りだん	0
りっきゃく	0
りっしょく	0
りっせつ	0
りっぷく	0
りつがん	0
りゅうがん	0
りつげん	0
りつどう	0
りつろん	0
りてんしょく	2
りどう	0
りにち	0
りにん	0
りのう	0
りはっちゃく	2
りびょう	0
りゃくげん	0
りゃくしゅ	1
りゃくしょう	0
りゃくじゅつ	0
りゃくせつ	0
りゃくだつ	0
りゃくひつ	0
りゅうか	1
りゅうざん	1
りゅうしつ	0
りゅうしゃく	0
るせつ	0
りゅうそう	0
りゅうたい	0
りゅうちゅう	0
りゅうてい	0
りゅうでん	0
るでん	0
りゅうにち	0
りゅうにん	0
りゅうばん	0
りゅうらん	0
りゅうれん	0
りゅうろ	1
りょういく	0
りょうかく	0
りょうさつ	0
りょうじゅ	1
りょうじょ	1
りょうじょく	0
りょうぞく	0
りょうだい	0
りょうだん	0
りょうてい	0
りょうとく	0
りょうのう	0
りょうばい	0
りょうぼう	0
りょうりゃく	0
りりく	0
りるい	0
りんけん	0
りんこく	0
りんさい	0
りんしゃ	0
りんしょ	0
りんじょう	0
りんせき	0
りんそう	0
りんちょう	0
りんてん	0
りんどく	0
りんも	1
りんらく	0
りんりつ	0
るいい	1
るいげん	0
るいさん	0
るいしょう	0
るいしん	0
るいじゅう	1
るいじゅ	1
るいじょう	0
るいすい	0
るいぞう	0
るこく	0
ろうこく	0
るし	1
るじゅつ	0
るてん	0
るふ	1
るほう	0
るろう	0
れいいん	0
れいくん	0
れいぐう	0
れいしょう	0
れいしん	0
れいじゅう	0
れいぞく	0
れいたつ	0
れいにゅう	0
れいひょう	0
れいふう	0
れいぼう	0
れきか	0
れきかん	0
れきこう	0
れきさつ	0
れきだん	0
れきほう	0
れきゆう	0
れっか	0
れっせき	0
れっぴん	0
れつりつ	0
れんぎょう	0
れんぎん	0
れんさく	0
れんさつ	0
れんしゅ	1
れんじょう	0
れんせい	0
れんだ	1
れんだく	0
れんだん	0
れんちゃく	0
れんてい	0
れんばい	0
れんばん	0
れんべい	0
れんぼ	1
ろうえき	0
ろうき	1
ろうきょ	1
ろうぎん	0
ろうざん	0
ろうしゅつ	0
ろうじゅく	0
ろうすい	0
ろうせい	0
ろうだん	0
ろうでん	0
ろうどく	0
ろうゆう	0
ろうらく	0
ろうりょ	1
ろかく	0
ろしゅく	0
ろじゅつ	0
ろずい	0
ろべつ	0
ろんきつ	0
ろんきゅう	0
ろんげき	0
ろんこく	0
ろんしゃく	0
ろんしょう	0
ろんじゅつ	0
ろんせん	0
ろんそう	0
ろんだん	0
ろんてい	0
ろんばく	0
ろんぱん	0
ろんぴょう	0
ろんべん	0
わいきょく	0
わくでき	0
わくもん	0
わくらん	0
わだん	0
わどく	0
わぼく	0
わんせき	0
いしゅつ	0
いはい	0
ええいっ	1
えいぞう	0
かさく	0
かりょう	0
がっぴょう	0
きょくそく	0
きんよく	0
ぎょうり	1
くでん	0
ぐきょう	0
けんよく	0
げきえつ	0
こうじつ	0
さいしゅ	1
さくあん	0
ざいい	1
ざいか	0
しっせい	0
しとう	0
しゅしょ	1
しょうえん	0
しょうおう	0
じてき	0
じょせつ	0
じんにゅう	0
じんりつ	0
せいきん	0
せいはく	0
せっちゅう	0
ぜんしょ	1
ぜんつう	0
そうじゅ	1
そうせき	0
たいほ	1
たくばつ	0
だいしょ	0
だほ	1
ちょうきゅう	0
ちょくげん	0
てっけん	0
とうかつ	0
とうかん	0
とうべん	1
どうざ	0
ないけい	0
にゅうでん	0
はつじゅ	0
はつじょう	0
はつもん	0
ばとう	0
ふっかい	0
ぶんしゅつ	0
ぶんのう	0
ぶんゆう	0
ほんち	1
ほんゆう	0
まどう	0
めいどう	0
もくそう	0
もんどう	3
ゆうにち	0
ゆだん	0
ようざん	0
ようどう	0
らくえき	0
りがん	0
りきとう	0
りはつ	0
りょうじょう	0
りょうはん	0
りんせい	0
わきょう	0
わてき	0
いしつ	0
うかい	0
うんちゅう	0
かいたく	0
かんてつ	0
ごさん	1
さんじん	0
じとう	0
せきしつ	0
せつよう	0
そうぼう	0
そご	1
だっしゃ	0
だいけつ	0
だこう	0
ていしゃ	0
にゅうせん	0
はいしょく	0
ゆしゅつ	0
よかん	0
いかつ	0
いてん	0
かそ	1
けんのう	0
こくてい	0
しんき	1
にんめん	0
せいかい	0
せいてん	0
たいせき	0
ちくせつ	0
ばんがい	0
びりん	0
べっけん	0
りゅうしゅつ	0
かいない	1
かんきん	0
がいちゅう	0
くしょう	0
さてい	0
ざいしゃ	0
じゅうれん	0
せいちゅう	0
そうよう	0
どがい	0
ないつう	0
なんし	0
にゅうこく	0
りっこう	0
りにゅう	0
けんち	1
さくどう	0
しょうせん	0
しんつう	0
しんぽう	0
たいご	1
ねっしょう	0
よよ	1
さいせん	0
だいげん	0
ていきゅう	0
がいせい	0
げじょう	0
こまこま	1
ごせい	0
さいだい	0
しゅい	1
しんどう	0
ちさい	0
なかつかさ	3
はらん	0
めいてん	0
こびと	0
さいぎ	1
しゅっこう	0
じゅんゆう	0
そそう	0
とうでん	0
ひらい	0
わりあて	0
ぐじょう	0
こべつ	0
ちゅうちょ	1
ないざい	0
にしぐち	2
くぜん	0
ぐんぶ	1
こうそ	1
こっき	1
こんどう	0
さんよんひゃく	3
さんよんひゃっ	3
しんかな	0
たいきん	0
どくせい	0
よき	1
れんこう	0
ほうわ	0
やと	1
がかり	1
ぎょうかん	0
しけん	2
せんく	1
ていじょう	0
どっこう	0
ひにん	0
ぶんし	0
べんじょ	3
ありみつ	2
いしゅう	0
うか	1
おうさつ	0
かいちく	0
すいし	0
てんちょう	0
きかい	0
きちっ	2
げんしつ	0
しゅうじ	0
しょうげん	0
しょうしゅう	0
しょうほん	0
せいとく	0
ぜんわん	0
ふそう	0
わりかた	0
じゅよう	0
ぞうはん	0
ついき	0
とせい	0
とぜつ	0
はええ	2
ろんけつ	0
おうのう	0
かくじ	1
ていしょく	0
とうぼう	0
へいざん	0
かんかい	0
きえ	1
ちょくさい	0
どうもと	1
ないこう	0
おうか	1
さいさん	0
しんそつ	0
じそう	0
せいそん	0
いたん	0
がいか	1
さつじん	0
とりしま	0
ないかん	0
べつばい	0
あいけい	0
こうこく	0
しあいまえ	4
ゆし	1
いちばんちょう	3
きょうしん	0
じゅんか	0
そうでん	0
ふうはつ	0
さんせん	0
しゅうしょう	0
しんがい	0
りょうち	1
けいこく	0
こうてん	0
やったあ	3
こうさく	0
しょうかい	0
かんじょう	3
みょうせき	0
ちし	1
ちっきょ	1
とうすい	0
かいしょ	0
かみかわ	2
きんけん	1
さんりん	0
りょっこう	0
ううああ	1
ううあー	1
ごろっぴゃく	0
しちてん	0
しょうじょう	0
うああ	2
うあー	2
ごさい	0
ぜんち	1
いんこう	0
かきゅう	0
きたぐに	2
しめい	0
じきゅう	0
ほうじ	1
あぃ	1
がくない	2
きせん	0
ぞうりゅう	0
おおあせ	3
しょうさつ	0
れんぽう	0
がんきょう	0
きょうしょく	0
めいこう	0
えんじょう	0
せいそう	0
はっしん	0
いきさき	0
いろう	0
かいこく	0
げんぼく	0
しゅうぎょう	0
そうれん	1
めいてい	0
れいがい	0
りくたい	0
おうし	0
きんとう	0
さいはつ	0
しんたい	1
せいび	1
たいどう	0
とうどく	0
すずや	2
はっかい	0
おうが	1
はあっ	0
よんどく	1
こんにちはー	5
せいぎ	1
たんすい	0
しゅうせん	0
しょくよう	0
ぜんく	1
よきん	0
おうしょく	0
かおいろ	0
けふ	1
ぐいち	1
しょうえね	0
とええ	2
まつえい	0
ちょうき	1
こがら	0
かいせい	0
げんせい	0
こんばんわ	5
しょうけん	0
しょうぼう	0
そくぶん	0
ぞうせつ	0
にぎょう	0
ふごう	0
ぎゃくげん	0
ふがい	0
みかい	0
かんたい	0
しんしゃ	1
ぞうさく	0
ひっこし	0
こすい	0
ずつと	0
つうご	0
ぶんじょう	0
まぎわ	1
くしん	0
しんにってつ	3
ちょうやく	0
とうさん	0
とうしゅう	0
ぶんりゅう	0
ぜんりつ	0
よくちょう	0
いずみまち	3
かだい	0
がんぐ	1
どうえき	1
へんきょう	0
ほうか	0
ぐんがく	0
はんこう	0
よんじゅー	1
かこい	0
しんばし	1
よねざわ	0
きたかみ	0
こうだい	0
らいげ	1
げきじょう	0
ほうじょう	0
もとい	2
かいだい	0
がぎゅう	1
せいほん	0
だいさく	0
づつみ	3
まかな	1
らふく	0
じょうちん	0
すいでん	0
だんじ	1
ひもつき	0
ぶぜい	0
わじろ	0
ごうほう	0
たはた	1
きんりょう	0
しんぱん	0
ちょうしょう	0
ちょうめい	0
つきじ	0
ざつえき	0
てんてき	0
ひゃっきえん	3
しゅうりょう	0
せっかん	0
まっせき	0
もうげん	0
あちゃあ	2
あちゃー	2
きゅうがた	0
しゅっこく	0
ふっこく	0
ゆうどく	0
おり	1
うわぎ	0
げんぽう	0
すいよく	0
わかさ	1
がいほう	0
けんき	1
だいえい	0
がくどう	0
しながわ	0
しょうかん	0
ひとりがち	0
あらあら	0
いかい	0
こくふ	1
なー	1
ほんぴょう	1
まちがひ	3
むしょう	0
けいば	0
じれい	0
りっしん	1
かああ	1
ぎゃくぎれ	0
ようだつ	0
すいこう	0
せんちょう	0
らいしゃ	0
けいし	0
こうりょう	0
すいちょう	0
あいたたた	5
おのの	0
きょうよう	0
さくらづき	3
しょほう	0
しらい	0
めいさく	0
やあー	1
いちごん	0
かいいん	0
さりゅう	0
きゅうがく	0
こうやく	0
てんり	1
はつよ	1
ぜんのう	0
たいしん	0
とうせい	0
べっとう	0
おおお	2
ざいきょう	0
とけん	1
りんり	1
いわて	1
なざし	0
ばんり	1
きゅうこく	0
しゅうぞう	0
はちおうじ	0
ふーづ	1
しょうきゅう	0
しょうさん	0
じかん	1
てきか	0
えもんの	0
しょうとく	1
じっちょく	0
ちゃみせ	0
おうとう	0
くろくも	0
けいがく	0
とみん	0
ばくだい	0
せっせん	0
だいた	0
ひとりぼつち	4
ほんこく	0
りかん	0
ごへい	0
てんむ	1
にさんびゃっ	2
ばけん	0
ほんみょう	1
やくめ	3
きょうへん	0
きょくてん	0
ふせい	0
いけい	0
がいせん	0
うけい	0
こち	2
りょうじつ	1
わこく	1
かんぎょ	1
げんぞん	0
せつろん	0
ぜんぽう	1
たいぐん	0
はんき	1
あきつちょう	0
かびん	0
ごくどう	2
さんごう	0
じゅんぱく	0
にょうどう	0
ほんじ	0
むじょう	0
よぶん	0
かいはん	0
じゃくしゃ	1
たいでん	0
わんわんわん	5
ようほう	0
きしょく	0
すいぼう	0
どうてん	1
どせい	0
なかじょう	2
ふざい	0
むてっぽう	2
かげん	0
きゅうじ	1
けんさん	0
ためし	3
のじ	1
よんどう	1
くりあげ	0
はあはあはあ	5
べいちゅう	1
わかやま	2
ぬのじ	0
ようてん	0
そうじつ	0
なかみかど	3
ぶつぶつぶつ	6
かずおおく	3
へいぜん	0
へいばん	0
ぼうこ	1
えのは	1
ぎぜん	0
しょかん	0
めいてつ	0
あそん	1
きょくたん	3
しゃくぜん	0
ちしょう	0
はんぜん	0
ひょうとう	0
ほしうお	2
まてき	0
あなぶき	2
あんたん	0
いくいく	0
いんうん	0
いんぜん	0
うっとう	0
うつぜん	0
うつぼつ	0
おうぜん	0
かくぜん	0
かくりょう	0
かっかく	0
がいぜん	0
きげき	0
きょうへき	0
ぎぎ	1
ぎょうぜん	0
けいぜん	0
けきぜん	0
けんえん	0
けんしん	0
こうばく	0
こくそく	0
ごうぜん	0
さくぜん	0
さくばく	0
さっさつ	0
ざつざつ	0
ざんぜん	0
しゅくぜん	0
しょうさく	0
しょうぜん	0
しんちん	0
じゃくまく	0
じゅんぜん	0
せきせき	0
そつぜん	0
たいぜん	0
たくじ	1
たくぜん	0
たんぜん	0
だんだんこ	3
ちつぜん	0
ちょうえん	0
ちょうぜん	0
ていてい	0
てきてき	0
てんたん	0
とっこつ	0
どうじゃく	0
ひつぜん	0
ひょうひょうこ	3
びょうぼう	0
びんぜん	0
ほうぜつ	0
ほうぜん	0
ほんぜん	0
ぼっそつ	0
ぼつぜん	0
まんらん	0
みゃくみゃく	0
みょうみょう	0
めつめつ	0
やくじょ	1
ゆうよう	0
ゆゆ	1
ようぜん	0
らんぜん	0
りくぞく	0
りゅうりょう	0
りょうりょう	0
りんれつ	0
りんろう	0
れいぜん	0
れいれい	0
れいろう	0
れきぜん	0
れつれつ	0
れんめん	0
ろうこ	1
ろうろう	0
さとやま	0
ほっしん	0
ちょうぼ	1
のうすい	0
ごうか	1
ふのう	0
れきれき	0
かかわり	0
ごうき	1
しゃこう	0
じゅんせい	0
たいざん	1
ほうき	1
ようこう	0
いがらし	2
しゃぜん	0
じゆう	2
ようせん	0
らいかん	0
しゅうぜん	0
しんのう	0
あくしゅ	1
げんげん	0
しょうじん	0
ていそう	0
れいかん	0
さんだい	0
びりょう	0
みてい	0
えんざ	0
きんよう	0
ごうしょう	0
しほう	1
たいそく	0
いちはつ	0
おうせん	0
せきぜん	0
ちょうそんぎ	3
にくあつ	0
むじゃき	1
ろうしょう	0
えんだか	0
くうそ	1
ささい	1
しきい	0
ほうたい	0
いわみ	1
きりょう	0
くっそぅ	3
くっそう	3
くっそおー	3
こんぜん	0
くらま	1
さいしょく	0
たいしょ	1
つくえ	0
こぶね	0
ちよつ	1
どうぜん	0
なーあ	1
びんかん	0
よにん	0
くうきょ	1
ごうとう	0
されき	0
そうてん	0
ちゅうけんしん	3
なああ	1
ふけつ	0
わらいめし	2
かいしゅん	0
がいゆう	0
じゅんし	0
ふじゅん	0
おうぶん	0
きたがたまち	4
じゅんじょう	0
せきげん	0
ていおん	0
としあけ	0
どうふ	1
にってれ	0
はなさか	0
ばんとう	0
かいご	1
くそー	2
しゅういつ	0
でんぱた	1
はちけん	2
ばしゃ	1
かくぎょう	1
きょじゃく	0
ちゅうかい	0
いねむり	3
けいそつ	0
ごいん	0
じゅうど	1
ないみつ	0
のうみつ	0
むりょく	1
きんいつ	0
けんきょう	0
ちよがだいちょう	4
てんじんばし	3
びじゃく	0
りょくせい	1
れいこく	0
きょうじゃく	0
くうふく	0
さいそう	0
すいちょく	0
かんのう	0
きょくど	1
けんじつ	0
こうしゃ	1
こうはく	0
こゆう	0
じゃくしょう	0
ひりょう	0
へいぼん	0
へんめい	0
ほうしゅやま	3
むけい	0
やまぴー	1
らんざつ	0
れいすい	0
あんじょう	0
かんれい	0
がんけん	0
ごくあく	0
しんしゅつ	0
じゅんぼく	0
じょうふ	1
せいじつ	0
せいじゃく	0
たしつ	0
てんれい	0
はちどう	2
はんざつ	0
びさい	0
びれい	0
ふきつ	0
ふけい	0
へいおん	0
めんみつ	0
もとがみ	0
れいげん	0
いしん	0
かしょう	0
おんけん	0
かくう	0
かみつ	0
きょうじん	0
ぐちょく	0
じゅうじゅん	0
せいみつ	0
せいみょう	0
せんぱく	0
ぜいじゃく	0
そぼう	0
たぼう	0
つうん	0
ていれん	0
とさつ	0
ひんこん	0
ふび	1
へいたん	0
べんぎ	1
むのう	0
むぼう	0
めいび	1
あいせつ	0
あんいつ	0
あんじゃく	0
いこじ	0
いよう	0
いんいつ	0
いんさん	0
いんざん	0
いんしつ	0
いんしゅう	0
いんじゅん	0
いんやく	0
いんわい	0
うついく	0
えいまい	0
えこじ	0
えんやく	0
おくびょう	3
おんこう	0
おんじゅう	0
おんじゅん	0
おんわ	0
かいび	1
かぎゃく	0
かぶだか	2
かんあく	0
かんし	0
かんじゃく	0
かんじゅう	0
かんねい	0
がんめい	0
きかつ	0
くっきょう	0
くきょう	0
きゅうしき	0
きゅうへい	0
きょうまん	0
きょうもう	0
きょごう	0
きんげん	0
きんしつ	0
きんちょく	0
きんべん	0
くうかつ	0
くつれつ	0
くろひょう	0
くんぜん	0
ぐごう	0
ぐどん	0
ぐまい	0
ぐもう	0
ぐれつ	0
けいはく	0
けいばつ	0
けいべん	0
けいみょう	0
けっかつ	0
けっぱく	0
けっぺき	0
けんあい	0
けんしゅん	0
けんそ	1
けんそう	0
けんろう	0
げきじん	0
げさく	0
げじき	1
げんしゅん	0
げんみょう	0
こうじき	0
こうじゅん	0
こうせき	0
こうまい	0
こくあく	0
こくれつ	0
こせつ	0
こっけい	0
こんまい	0
ごうけん	0
ごうちょく	0
ごうまい	0
さいじゃく	0
さいち	1
さいび	1
さっぷうけい	3
さんまん	0
ざんぎゃく	0
ざんにん	0
しつじつ	0
しつじゅん	0
しつぼく	0
しゃだつ	0
しゅうあく	0
しゅうえい	0
しゅうてき	0
しゅっこつ	0
しゅんけん	0
しゅんびん	0
しゅんれつ	0
しょうじゃく	0
せいひつ	0
しょうみつ	0
しょうよく	0
しょうろん	0
しんこつ	1
しんしき	0
しんそく	0
しんらつ	0
じじゅん	0
じっこん	0
じゅうえん	0
じゅうてき	0
じゅうび	1
じゅてき	0
じゅんけつ	0
じゅんしん	0
じゅんたく	0
じゅんりょう	0
じょうごう	0
じょうじゃく	0
じょうまん	0
すいきょう	1
すうこう	0
すうよう	0
すよう	0
すんずん	0
ずいずい	0
ずろう	0
せいいつ	0
せいしゅく	0
せいぜつ	0
せきあく	0
せきばく	0
せっそく	0
せつあく	0
せつれつ	0
せんいつ	0
せんえつ	0
せんおう	0
せんじゃく	0
ぜっか	1
ぜつび	1
ぜつむ	1
ぜつりん	0
ぜんいつ	0
ぜんび	1
ぜんりょう	0
そうじゅく	0
そうれい	0
そこつ	0
そさん	0
そぞう	0
そはく	0
そほう	0
そほん	0
そりゃく	0
そんき	1
そんだい	0
ぞくあく	0
たおん	0
たしき	0
たっぴつ	0
たびょう	0
たんあい	0
たんりょ	1
たんれい	0
だいぞく	0
だじゃく	0
ちざつ	0
ちせつ	0
ちどん	0
ちゅうあい	0
ちゅうそく	0
ちゅうみつ	0
ちょうぼん	0
ちょうまい	0
ちょうみつ	0
ちょだい	0
ちんうつ	0
ちんしん	0
ちんちゃく	0
つうかい	0
つうせつ	0
つうぞく	0
ていしつ	0
ていしゅく	0
ていせつ	0
ていぞく	0
ていのう	0
ていへい	0
ていれつ	0
てきにん	0
てっか	0
てっちょう	0
とくじつ	0
とくよう	0
とつべん	0
どうあく	0
どうかく	0
どんこん	0
どんじゅう	0
どんらん	0
にゅうわ	0
ねいせい	0
のうてんき	3
のうべん	0
はくがく	0
はくしき	0
はくじゃく	0
はくだい	0
はんさ	1
はんさく	0
はんぼう	0
ひくつ	0
ひぞく	0
ひつう	0
ひはく	0
ひぶん	0
ひょういつ	0
ひよく	0
ひりょく	0
ひれつ	0
ひんかん	0
ひんしょう	0
ひんじゃく	0
ひんせん	0
びょうじゃく	0
びりゅう	0
びんかつ	0
びんそく	0
びんわん	0
ふうき	1
ふかしぎ	2
ふぐう	0
ふぐん	0
ふそん	0
ふはく	0
ふばつ	0
ふびん	1
ふめつ	0
ふんうん	0
ふんざつ	0
ふんぷく	0
ぶざつ	0
ぶすい	0
ぶりょう	0
ぶんじゃく	0
ぶんにん	0
へいぞく	0
へいめい	0
へきえん	0
へんぱ	1
へんぴ	1
へんぺい	0
べっこん	0
べっしゅ	0
べつよう	0
ほういつ	0
ほうじゅう	0
ほうじゅん	0
ほうみつ	0
ぼうあく	0
ぼうおう	0
ぼうぎゃく	0
ぼうまん	0
ぼくしつ	0
ぼくちょく	0
ぼんげ	1
ぼんよう	0
みさきちょう	0
むがい	1
むがく	1
むけつ	0
むげ	1
むげい	1
むこん	0
むどく	1
むよく	1
めいちょう	0
めいびん	0
めっさい	0
めんよう	0
もうあく	0
もちょっ	2
やひ	1
ゆうあく	0
ゆうかく	0
ゆうけい	0
ゆうこん	0
ゆうじゃく	0
ゆうじゅう	0
ゆうせき	0
ゆうたん	0
ゆうだ	1
ゆうてき	0
ゆうのう	0
ゆうもう	0
ようえん	0
ようじゃく	0
らいらく	0
らんみゃく	0
りょうえん	0
るいじゃく	0
れいてつ	0
れいみょう	0
れいり	1
れいりょう	0
れっせい	0
れつじゃく	0
れんちょく	0
ろうかい	0
ろうこう	0
ろうじつ	0
ろうれつ	0
わいしょう	0
わじゅん	0
うぐ	1
おりぁ	0
けう	1
けんかん	0
せきら	1
はくはく	0
びがく	1
きらひ	0
たいら	1
ぼうだ	1
いんぽん	0
くそう	2
こんい	1
しゅんげん	0
どうもう	0
こくてつ	0
すずもと	2
へいこ	1
いしょく	0
えぇーい	1
きゅうけい	0
すいめん	0
といあわせ	0
けんなん	0
ころう	0
じゃくたい	0
そうし	1
こくがい	2
ほぼ	1
ええい	1
しょうき	1
ぶきょく	1
へいち	0
やまたか	0
にしがわ	0
かんそく	0
たより	1
ねびき	0
むどう	1
さかいがわ	2
ぜんこうはん	3
しつ	1
ほんしき	0
きゃくたい	0
しんてい	0
だいちゅき	1
しっそ	1
じょたい	0
ちゅうおう	0
にのつぎ	4
へいふく	0
ごまつ	0
はんなま	0
しゃてい	0
たいすう	3
たいぼく	0
みくま	0
もぎ	1
しゅかん	0
にのあし	0
かんじ	0
ていすう	3
どうご	0
れいこう	0
こうち	1
び	1
ひょうしつ	0
みまた	1
かたがわ	0
くみいん	2
さかえちょう	3
ぶんち	1
ふじょう	0
れんじゅう	0
きょうりょう	0
たいちょう	0
にししんじゅく	3
びゃくや	1
ふさい	0
へんげ	1
どうかい	0
みつやま	0
かけじく	2
ひとりきゃく	3
きばく	0
じっけんだな	3
とうぎ	1
ほくとう	0
えんろ	1
げきだん	0
たんじょう	0
どおい	3
えきがく	2
さきゅう	0
ざつがく	0
せいいち	0
けた	1
じょうせき	0
そくせん	0
らんぎょう	0
りゅうさ	1
あまみず	2
いかん	0
おういん	0
けんちゅう	0
とくやま	2
ふううん	0
おうさか	1
しつてき	0
しぼりだし	0
しょうこう	1
てきき	1
きゅうしゃ	1
せんいん	0
そらっ	1
ひせん	0
ほえ	2
いんそつ	0
えきめい	0
そぉーら	1
ていち	0
ひかく	0
げつあす	0
そうら	1
ちよがだい	3
めいこうだい	0
ちゅうせつ	0
のうぎょう	1
ふうど	1
ほうえん	0
おおまつ	1
こうひ	1
せいろう	0
おおまえ	0
ぎょかい	0
むきず	1
づかい	0
ひゃくにんちょう	3
べいし	1
ぎれえ	1
ぎれゐ	1
さいへん	0
しもばる	2
そうび	1
だかい	0
かかか	3
そうこん	0
ちょうちく	0
きちゃく	0
べいえい	0
いせさき	2
しょくず	0
ひえっ	2
ひがた	0
えき	1
ぐんせい	0
たちあらい	3
ようれい	0
じょうしゅう	0
じょこう	0
ぞうえき	0
さんがいたき	3
ちょうけん	0
ひとりごはん	4
あーるてぃー	4
まちだ	0
きんがく	0
こっかく	0
しへい	1
じか	1
なは	1
はしうど	2
ももい	1
りさげ	0
しゅうう	0
ちゅうへい	0
ぱあく	1
ほんすう	3
じんば	1
れいたん	3
きゅうじゅっ	1
ごふく	1
じしつ	0
せんかわ	0
そがわ	1
いちはさま	3
わえい	0
ちょうしん	0
とおわ	1
ばじょう	0
させつ	0
はいぎょう	0
はんしょう	0
ふかん	0
りゃくげ	1
つるい	0
なんぷう	0
やつがたけ	3
いちのたに	3
きりだし	0
さいひょう	0
ちかみち	2
ななえはま	3
ばんき	1
ふじさき	2
いんよう	0
ぜんぷく	0
ふたくせ	2
ふたつちゃや	4
みつまた	0
くちょう	1
はっちょうぼり	0
ふうがわり	3
やはたにし	0
おおざつぱ	3
かけざん	2
きぶせ	0
きぶっせい	2
ぎんぴか	0
げきかわ	0
げきださ	0
げきやば	0
しじょうなわて	4
じあつ	0
じょうごわ	0
だいし	1
つうごのみ	3
ななえ	0
にくぶと	0
にくぼそ	0
ほんずき	0
みずま	1
みたか	0
みのわ	2
みょうちきりん	0
みょうちくりん	0
やえす	0
やおつ	1
やわたはま	3
ゆりがはら	3
いかざき	2
いかづちちょう	0
いからしなかじま	2
いさと	0
いさとちょう	0
いちし	1
いちのうさんちょう	3
いちのえ	3
いちのえちょう	4
いちのくら	3
いちのさわ	3
いちのせき	3
いちのみやちょう	5
いちのわたり	4
いっこんがなる	5
いっこうがなる	4
いっしゅうちょう	3
いっとうち	3
いっぱいみず	3
いっぽんまつ	3
いつうら	2
いつつばし	3
いつはた	2
うさこう	1
きゅうりゅう	1
くぐなり	0
くじゅうくり	2
くずりゅう	2
くせのと	0
くだんさかうえ	5
くどやま	2
くばん	1
げきから	0
ごうり	1
ごいみなみかいがん	6
ごうん	1
ごかせ	1
ごかはま	0
ごかやま	0
ごさいでん	2
ごしょがわら	3
ごじょうげん	2
ごじょうはしひがし	2
ごじょうめ	2
ごねくら	2
ごのへ	1
ごばんちょう	2
ごひゃくかりだ	4
ごりんざわちょう	5
さみず	1
さむじょんど	3
さんあ	1
さんえいちょう	3
さんがね	0
さんき	1
さんげんじゃや	3
さんげんや	0
さんこうちょう	3
さんじっけんほり	5
さんじろ	0
さんせいふ	3
さんぜ	1
さんちえん	3
さんちもん	3
さんちゃ	0
さんちょく	0
さんとおう	3
さんのさわ	3
さんぼうちょう	3
さんぼんぎ	3
さんぼんまつ	3
さんぼんやなぎにし	5
さんぼんやなぎひがし	5
しおうじ	2
しこくちゅうおう	6
しさか	1
しちかしゅく	3
しちがはま	3
しちほんまつ	3
しちりがいわ	4
しちりがはま	4
しのごぜ	0
しのみや	2
しめいがだけ	4
しめかけ	2
しろうがはら	4
じゅうしやま	3
じゅうにがたけ	4
じゅうにちょう	3
じゅうもんじ	3
じゅうりぎ	0
せんがたき	3
せんげんばら	3
せんごくはら	4
せんしゅうがはら	5
せんじゅあけぼのちょう	7
せんじょうじき	3
せんじょうまく	3
せんだがや	3
せんだぎ	0
せんだぎちょう	4
せんだの	0
せんだぼり	3
せんだんばやし	5
せんとみ	0
せんにちまえ	5
せんはた	1
せんばやし	3
せんふつ	0
せんまやちょう	4
せんや	1
せんり	1
せんりがはま	4
せんりょうがつじ	5
ちくら	1
ちぐさちょう	3
ちちか	1
ちづるがさき	4
ちとせがみね	4
ちとせだい	3
ちどりがふち	4
ちどりちょう	0
ちはやあかさか	5
ちふ	1
ちぶり	1
ちよかわ	2
ちよがさき	3
てんない	1
とおかいち	3
とおかいちば	4
とおかまち	3
とわだ	1
とわだこ	3
どうめき	0
ななうら	2
ななかい	2
ななさわ	0
ななつか	2
ななつがたけ	4
ななつがまごう	5
ななまつちょう	2
ななみちょう	0
なぬかまち	3
なのかいち	3
なぬかいち	3
なのかはら	3
にがつでん	3
にぎなり	2
にしきのはま	4
にじっきまち	4
にじょうあぶらのこうじちょう	10
にのえちょう	0
にのきりちょう	4
にのさわ	2
にのまち	2
にのみや	2
にほんぎ	0
にほんまつ	2
はちかい	2
はちかんちょう	3
はちのさわ	3
はちほんまつ	3
はちまんたい	3
はちまんづか	3
はちもり	2
はちりゅう	2
はちろうがた	3
はっこうだ	3
はっちょうなわて	5
はってんまち	3
はっぽうがはら	5
はっぽうにらみ	5
はふじまち	3
ばんきゃく	1
ばんざいちょう	3
ひちそう	2
ひとつもり	3
ひゃくざわ	0
ひゃくり	1
ひゃっけん	1
ひゃっこざわ	3
ふたこたまがわ	5
ふたざき	2
ふたせ	1
ふたつい	2
ふたつかやま	0
ふたつばし	3
ふたつばしちょう	5
ふたつや	3
ふたまたがわ	4
ふたみ	1
ふたみがうら	4
ふたら	1
ふたわ	0
ふつかいち	3
ふつかいちまち	5
ほうじゅ	1
ぼうしゅ	1
まきがはら	3
まんざ	0
まんざわ	0
まんぷくじ	1
みいらく	2
みかさがはら	4
みかしまがり	0
みかたかみなか	5
みかたがはら	4
みかだに	2
みかの	1
みかのうら	3
みかのはら	3
みかめ	1
みかも	1
みかわだいまち	4
みかわち	2
みくさり	2
みくにがおか	4
みくら	1
みささ	1
みしなだい	3
みすみまち	3
みたがわ	2
みたけ	1
みたじり	2
みっかいち	3
みっかび	1
みつがね	0
みつがはま	3
みつぎ	1
みつくえ	2
みつくちまち	4
みつぐり	2
みつこうじ	3
みつざかい	3
みつせ	1
みつねごう	3
みつはし	2
みつびしがはら	5
みつまたまち	4
みつやままち	4
みとや	1
みとよ	1
みなぎ	1
みのせ	1
みぶ	0
みほがさき	3
みほのや	3
みほやじゅく	3
みませ	1
みむろと	0
みもろ	1
みやき	1
みやまき	2
みよしがおか	4
みらさか	2
みわさき	2
みんまや	3
むいかいち	3
むいかまち	3
むつかわ	2
むつぎ	0
むつび	0
ももいし	2
もりの	1
やえせ	0
やえね	1
やえみぞ	0
やおとめ	0
やぎがや	2
やぎちょう	2
やくさ	1
やさと	1
やちたき	2
やちほ	1
やちよ	1
やちよだいにし	3
やつか	1
やつしろちょう	4
やつじがはら	4
やつはか	0
やつはし	2
やつば	0
やつまた	0
やつみね	2
やはたひがし	0
やびじ	1
ゆりがおか	3
ゆりがおかちょう	5
ようかいち	3
ようかいちば	4
よっかまち	3
よついけ	2
よつえまち	3
よつかいどう	3
よつごや	0
よつづかちょう	4
よつばし	0
よはる	1
よむら	1
よもぎまち	3
ろくあん	2
ろくえい	2
ろくがづか	3
ろくごう	2
ろくじょうにし	3
ろくはら	2
ろくまんじちょう	0
ろくろうせ	3
ろっかしょ	3
ろっけんや	0
ろっけんやちょう	5
ろっこうさんちょう	5
ろっこうだいちょう	5
ろっこん	1
ろもう	0
いっちょまえ	0
いっちょうまえ	0
げきだか	0
そうれ	1
すいそう	0
うりあげ	0
こくぜい	0
ながめ	3
にしびわしま	4
ひょうじょう	3
しゃけん	0
くじょう	1
くのへ	1
しんまち	1
れいえん	0
ろくのへ	2
すけべい	2
きがね	0
さんや	1
ようけん	0
どうつう	0
もーぉ	1
もーお	1
おくしょん	1
してき	0
たはら	1
なんじゅっ	1
みつもん	0
いちまいかわ	3
いっしょくた	0
いつのみや	3
ごじゅうから	2
さんばがらす	4
しちならべ	3
しちばけ	0
しょうれい	0
せんすじ	1
せんづか	0
せんなり	0
ちぎりえ	3
ななかく	2
ななかっ	2
にのかわり	0
にのまい	0
にのまる	0
にのや	1
にまいごし	2
にまいじた	2
ひとまく	2
ひゃくまなこ	3
ももじゅう	2
やおちょう	0
よろずがく	3
そうきゅう	0
さんすけ	1
せんば	1
どくしょ	1
えんそう	0
おおふう	1
かさやま	0
ちせこ	1
とうしょう	0
ねんりつ	0
ひょうそく	0
れいとう	0
かわいし	2
ぜったん	0
ひとなつ	2
ぐんじ	1
しゅけい	0
じあげ	0
じょじ	1
はかく	0
しょっけん	0
おうと	1
かばの	0
けんりつ	0
しょるい	0
そくがい	0
きくばり	2
ここう	0
じうえ	0
ちんあげ	0
ついそう	0
はつだい	2
ぶひん	0
いちりょう	2
かんちがぃ	3
げんざん	0
しろざけ	0
ちょうおん	0
ひきざん	2
りょうけ	1
うすあじ	0
えきもれ	0
おしど	0
おんよみ	0
かくあげ	0
かんこぴ	0
きおち	0
きくあわせ	3
きくねり	0
きのり	0
きゃくまち	0
きりど	2
ぎゃくまわり	3
くわり	0
げきこみ	0
げきぶとり	0
げきぼえ	0
げきやせ	0
しゃあつかい	2
しょそん	0
じさげ	0
じまき	0
じんがえ	0
せいぞろい	3
せいぞろひ	3
せきがえ	0
せんぼり	0
そうざらい	3
そうどり	0
たしざん	2
たちしょん	0
だいがわり	3
だいばらい	3
ちゅうがえり	3
ちんさげ	0
つりきん	0
とうだち	0
どいれ	0
どうぶるい	3
にゅうじく	0
はやべん	0
ばくうれ	0
ばんあけ	0
びばえ	0
ふよみ	0
ふわけ	0
ぶびき	0
へんこめ	0
べつどり	0
べつゆで	0
ほうゆ	0
ぼうびき	0
ぼうよみ	0
みせばん	0
みみこぴ	0
めんぼり	0
よくぼけ	0
らいさき	0
りょうがえ	0
りょうわり	0
はんつき	4
びせん	0
りゅうおう	3
おわ	2
げいむ	1
ぞうし	0
ちゅうこうれい	3
はははあ	3
はははー	3
しめん	1
どうじん	0
はつせ	1
へいそつ	0
かたがみ	2
きゅうじょう	0
いいくら	0
いちみ	2
いよぉ	2
いよー	2
ざいかん	0
しょくじ	0
ほんじん	1
いちに	2
せぎ	1
ちゅうたこ	0
めいし	0
はりかえ	0
ぶにん	0
せんざい	0
きょうきょう	0
たげん	0
むさしまる	3
かはん	0
さいぜん	0
にんてい	0
さしず	1
しんだい	0
やまが	1
ほうがん	0
てんしん	1
とりこみ	0
しゃみん	1
しんち	1
みむろ	1
もんぶ	1
げんれい	0
こうかく	0
とうりょう	0
こきょう	1
くろしお	0
こんなん	1
ぼうさい	0
ごば	1
はっしょう	0
にのへ	1
よおう	2
よつぎ	0
ろうじん	0
こうしょう	0
じんもん	0
かんたく	0
もうし	1
うたん	0
かかい	0
じゅんい	1
ていせい	0
ないしょう	0
きたまりあな	3
しゅうふう	0
しんかわ	1
じょうちゅう	0
そーれ	1
とおの	1
ふくちょう	0
かぼく	1
しちじょう	2
がんきん	1
こくしょく	0
かろやか	2
ししょく	0
じょうめん	0
えんちゅう	0
ゆうびん	0
わんにゅう	0
えんぶん	1
そざい	0
がいそう	0
きゅうたく	0
じょうりょう	0
ぜんちょう	0
どうう	1
にょうぼう	1
あいたい	0
せいしゅん	0
ちゅうしょうせい	3
ぼうくう	0
むくち	1
あつかい	0
ほうご	1
けんがわ	0
きたかぜ	0
きゅうぶ	0
じゅうおう	1
たりょう	0
ちししょう	1
かいじん	0
かぐらざか	3
くもん	0
せんごく	1
とうかいどう	3
なんごく	0
にったいだい	0
りょうしん	1
ろうしゃ	1
えんゆう	0
がくや	0
しゅぎ	1
しょうび	1
しょうや	0
てつだい	3
ふくさ	1
おおどまり	3
かたづけ	0
こうじゅう	1
つめたこ	0
いわね	1
かえつて	1
さんしゃ	1
ちほう	0
にちれす	1
さんぶつ	0
せんそう	0
もうどう	0
やままん	0
ぜんせい	0
きょうしゃ	1
それえっ	1
ごうしゅう	1
りんゆう	1
どうしん	0
ぎゃっこう	0
ごこう	1
てんぴょう	0
げきは	1
ちこう	0
てちょう	0
ゆうけん	0
けんれん	0
のりくみ	0
あまじん	2
ぜんたい	0
じせい	0
でんしゃ	0
こくどう	0
せいほく	0
せっち	0
とこう	0
いどう	0
ぱ	1
べいへい	0
きゃくしつ	0
けいぼ	1
もんか	1
きょたく	0
せんて	0
そこく	1
すいしゃ	1
めんば	1
しょうぎょう	1
ちょうまつ	1
どうきょく	1
なんしょう	0
かいぎょ	1
にっとう	0
もうしいれ	0
りゅうぼく	0
おうしゃ	0
おじょく	0
ごおん	0
さいか	1
なんじっ	1
にちしゅく	0
あきつしま	3
あきづしま	3
うてん	1
おうきょう	0
かいあん	1
かんはん	1
きたおせちあ	4
けんだい	1
けんだら	0
こうくり	0
しゃくくか	2
しょくかん	0
しんの	1
せいしゅう	0
そうから	0
たくじゅん	0
たんら	1
だいべい	0
とうかいきし	5
とこく	1
とっけつ	0
どくこく	0
なんそう	0
なんりょう	0
にゅうがん	1
ふなん	1
べいてい	0
ほうきん	1
ほくぎ	1
ほくげん	1
ほくしゅう	0
ほくそう	0
ほくりょう	0
ぼっかい	1
ぼっこく	0
まんこく	1
もうこつ	0
ゆうそ	1
らんこく	1
りゅうしょく	1
ろこく	1
ぎょそん	0
てんせい	0
らくてん	0
ときかね	2
これこれ	2
すいり	1
ほんど	1
かたひざ	0
かどう	0
きしつ	0
かめだ	1
おだわら	0
じゅうにしろう	4
ぜんば	0
えほん	2
きょうじ	1
かみがた	0
せんきょう	0
ひろば	1
りょかん	0
たいじょう	0
みんこく	1
なんあ	0
せいたい	0
でぐち	1
ないしょく	0
るいべつ	0
けんえい	0
しょうちく	1
じけい	0
ごじん	1
ほっぽう	0
ゆうせん	0
らぁめん	1
らあめん	1
かわごえ	0
みたま	1
やしき	3
うつべ	1
けいかい	0
ぜんかん	0
ちょうか	0
しんとう	0
たかよし	2
ほちょう	0
ゆめまくら	3
くんし	1
こくないがい	3
あやや	1
ありゃ	0
おんべつ	1
すいしょく	0
うらわ	0
けんくん	0
ちゅうこく	0
さいこく	0
かねなが	2
そろく	1
しゅんちゃ	0
ふくやく	0
んもぉ	2
こくおう	3
さんもん	0
ふなはし	2
めいせき	0
なにゆえ	0
はないき	0
ついしょう	0
ぶもん	1
うご	1
ぜいきん	0
とうろう	0
はるあき	2
おもいで	0
さっき	1
しょうなん	0
かみめぐろ	3
しおや	1
じゅみょう	0
そうせい	0
こうしょく	0
じゅもく	1
せんしん	0
ねむり	0
はいきん	0
さいじ	1
しきの	1
てんべん	0
よはい	0
けいだい	0
けいふく	0
ねっぱつ	0
やすだ	0
けんぽう	1
しんぶん	0
んもう	2
うちき	0
せんご	1
こくぶ	0
このみ	1
たがく	0
きたあるぷす	3
ぎく	1
けんきゅー	0
ずいかく	1
たになか	2
たんざわ	0
しきねん	0
すいじゅん	0
とうはん	0
ふるや	1
ろくじゅー	3
かんの	1
よしくら	2
きんとき	1
せぎょう	0
しじま	0
せめ	2
のうだい	0
しょうまい	0
しんじゅう	0
ぜんせ	1
ただただ	1
らんし	1
じゅうしゃ	1
そうけい	0
でんつう	0
のうじ	0
えむでぃー	3
こくほ	1
たいそ	1
てらしま	0
なんぜん	3
はらまち	2
しなのまち	3
おんきょう	0
かいふう	0
かんざん	1
だんちょう	0
とよかわ	2
ふじょ	1
かぎゅう	0
かいへん	0
すてばち	0
かいが	1
きょうし	0
とうしば	0
にゅうしゃ	0
ふむき	1
きよわ	0
げっぽ	1
だんちがい	3
ひだりて	0
もくしょう	0
もくねん	0
あまえんぼう	0
あまえんぼ	0
おざなり	0
かきょう	0
きおも	0
きざわり	2
きづまり	2
きばや	0
くいしんぼ	3
げきっはや	0
げきはや	0
げきぶと	0
げきまず	0
げきわる	0
じょうっぱり	0
ちゅうふか	0
ちゅうぶらりん	0
はんにえ	0
ばちあたり	3
ふでき	1
ふなれ	1
ぶたしなみ	2
べらぼう	0
まぎゃく	0
よくふか	0
わりぞん	0
きでん	1
ほくせん	0
やまじろ	0
あそ	1
きはい	0
けつこん	0
なんぶ	1
いまむら	0
さどがしま	3
せんけい	1
ちうしん	0
ずし	1
ほうげん	0
こいびと	0
たてはき	2
かわらけ	0
くうちゅう	0
そうはい	0
なりひら	2
かきつ	1
さんとう	0
しきん	0
あじさい	2
さいしょう	1
しゃりょう	0
ゆきいえ	2
おおがき	0
かいざん	0
がいぶ	1
しろぬり	0
ちゅうこう	0
うりかい	2
しゅういん	0
じょうでき	0
あらしやま	0
こういん	0
すもうべや	0
のうまん	0
はこざき	2
はこだて	0
ゆみがた	0
てつぞう	0
ひがしかわ	3
おうだ	1
こうけい	0
かんちゅう	1
げしょう	2
しゅつりょう	0
せきめん	0
まへ	1
おうえい	0
しょうこく	0
だいきょう	0
へええ	3
しぎょう	0
じょうれん	1
たいいん	0
じょうじゅ	1
ないほう	0
ぜいりつ	0
ぜんせつ	0
ほっかん	0
ありま	1
そめ	0
やど	1
がくしょう	0
ぜんぱん	0
だあ	0
とかし	1
みやさと	2
うらの	1
まちかた	0
くさき	2
はらの	1
かいしょう	0
しょし	1
だいにち	0
りゅうかい	0
わへい	1
そうま	0
かんぶん	0
なつまつり	3
ぶんけい	1
ぶんぶ	1
こふさ	0
しちさん	0
ふかだ	0
みなとがわ	3
りょうぶん	0
こうなん	0
ざっき	0
とりひき	2
ふくそく	0
さんぽう	0
すどう	1
やくはらい	3
にっしょう	0
かはり	0
めいおう	0
ゆうい	1
ぜんえい	0
ろうねん	0
さじ	1
どうむ	1
たかはん	1
くない	1
ほっけい	1
りゅうぞう	0
いちご	2
けんもん	0
こうげつ	1
しじ	1
どうきょうだい	0
しんか	1
じすう	2
うへの	0
こうもく	0
ふうとう	0
じょうげん	1
みょうらく	0
げっし	1
こわ	1
じしょう	0
はこう	0
ぜんだい	1
かみぶくろ	3
がいらい	0
こくえい	0
しえい	1
はちじゅー	3
いちめい	0
かしゅ	1
しょうけい	0
ももやま	0
りゅうもん	0
いちきゅう	2
おおむら	0
がくそつ	0
ぎょしゅう	1
さいちょう	0
とくせい	1
びとん	0
げんな	0
じんずう	0
ちょうぶん	0
とったん	0
けんとく	0
ごういつ	0
にいろ	1
おらっち	2
しゃたい	0
せいぶん	0
だいかん	0
ちゅうなんべい	3
なになになに	5
あたまうち	0
いちはら	2
きたちょうせん	5
きょくだい	0
しんい	1
ちたい	0
ていじ	1
にっせき	0
よお	1
けいほう	1
げんろく	1
おうちょう	0
おおー	2
じょうやく	0
せぇるすまん	4
どうれん	0
にちどう	0
ねんかん	0
まわし	0
こんばんわあ	0
たいじん	0
りっきょう	0
あきころ	3
かずふみ	2
おうびりん	3
かんぽう	1
そうぞく	1
にっしん	1
りょうせい	0
えんにん	1
おうじゅ	1
かしょ	1
こくひん	0
たてせん	0
ちょうり	1
いえづくり	3
かんみん	0
がくよう	2
ちどう	0
けいしょく	0
げんぶん	0
にってつ	0
ぜんてい	0
だいたく	0
ひなき	1
いわみざわ	3
しょうまる	0
ぶんせい	0
ろうし	0
えいわ	0
さいりゅう	1
しょうねん	0
しょっき	1
にっぽう	0
めいれき	0
とうこうだい	0
ととう	0
ひゃくせん	0
いさぐ	0
はんもく	0
ぎほう	1
しゅてん	0
たいめい	0
だいまい	0
みょうこう	1
ようふく	1
しゅせい	1
ぜんにっくう	3
にちあ	1
まなつ	0
きょうせら	0
こしゅう	0
ぶんしん	0
べいひ	1
みんゆう	1
ほくげい	0
ももか	1
ゆきじるし	3
りょうがん	0
ぎんぱろう	3
けんわ	1
げっしゅう	1
こうろ	1
ぜんかく	0
つきはま	0
ひろでん	0
ようさい	0
あいきょう	1
おんしょう	0
かくめい	1
がんしょう	1
さいとく	1
じゃとう	1
ふじつう	2
ぶんしゅう	0
りょううん	1
えふゆー	3
おうわ	1
きょうど	1
けいきゅう	1
ことひら	2
こまだい	0
しんかんせん	3
ていさん	0
とちのあらし	4
はっちょう	1
ふくれん	1
ほうなん	0
あつせん	0
うつほ	0
うまきち	0
おうや	1
おだきゅう	2
かくよう	1
がって	0
しぶこう	0
せんしつ	0
ぜんどうしょく	3
そうぶつ	1
たそがれ	0
にちい	0
ふでおう	2
ぶあい	1
めいしょう	0
わかたか	0
かえい	0
きょうりん	0
きょくどう	0
ぎりゃく	1
こうちん	1
さいきょう	1
じゅえい	0
すみしん	2
ずいほう	1
ちざん	1
ていえん	0
ていれい	1
でんしん	0
でんそうけん	3
ところ	1
なべりん	0
にっけいれん	3
ねんそく	0
はんえい	0
ばいこう	1
ひろきゅう	2
ふくよし	2
ふじきゅう	2
まるべに	0
みんぽうれん	3
りゅうせん	0
りょうあん	1
れいちょう	1
あいきょうだい	0
あいこうきょう	3
あいこうだい	0
あいせい	0
あいのう	0
あいれん	0
あおがく	0
あおがくだい	0
あかご	0
あかふく	2
あかぷり	0
あげみ	0
あさずば	0
あさひつる	3
あざまる	0
あしぎん	0
あしげき	0
あしゅく	1
あじせんにん	3
あじひこ	2
あすかにます	4
あずさみ	0
あずまかがみ	4
あだい	0
あぢか	1
あなもり	2
あにら	1
あねがさと	3
あのく	1
あぶらが	0
あぶらひ	0
あぶらまさ	3
あまあの	0
あまぎり	2
あませかね	4
あやか	1
あゆがも	0
あよう	1
あらえみし	3
あらしがおか	4
あらましの	0
ありさぎ	0
あんげん	0
あんし	1
あんちら	0
いいがおか	3
いいむろ	0
いえんたうん	4
いきおか	0
いくけい	1
いくしゅう	1
いくじなし	3
いくとく	1
いけふくろう	4
いして	0
いしとも	0
いしはり	0
いずみがおか	4
いせさだ	2
いそとみ	0
いちたに	2
いちむら	2
いとうちゅう	2
いぬふく	2
いばきゅう	2
いまかがみ	3
いまきよ	0
いもぞう	0
いわきゅう	2
いわそう	2
いんかい	0
いんだら	0
いんつう	0
いんぷん	1
いんほく	1
うぇーるー	1
うおかがみ	3
うおかつ	0
うおきりまる	4
うおしげ	2
うおぜん	2
うおたみ	0
うおてつ	0
うおはん	0
うおひで	0
うおます	0
うおよし	2
うかぎ	0
うかぶせ	0
うごう	0
うしおだけ	3
うしさか	2
うしん	0
うすさま	0
うたわら	0
うでん	1
うのざわ	0
うのまる	0
うぶん	1
うめげい	0
うめしま	0
うめつぼ	0
うめにしき	3
うらかすみ	3
うるるちゃ	3
うんがん	1
うんすい	1
うんてい	1
うんぺん	1
えいかん	0
えいげつ	1
えいしょ	1
えいそ	1
えいたろう	0
えいだい	1
えいちょう	0
えいとく	0
えいにん	0
えいはい	0
えいふく	1
えいほう	0
えいまん	0
えいらく	1
えいりき	1
えいりゃく	0
えいりゅう	1
えいりん	0
えがら	0
えたふなやま	0
えつしん	1
えつせい	1
えつぜつ	2
えどさわ	0
えのでん	2
えびすこうしょう	4
えほう	1
えりひで	1
えんおう	0
えんきゅう	0
えんきょう	0
えんくん	0
えんてつ	0
えんとく	1
えんぷく	1
えんりゃく	0
おいけ	1
おうあん	0
おうきゅう	1
おうざん	1
おうしゅく	1
おうとく	0
おうにん	0
おうばく	0
おうゆう	0
おうらん	1
おうりんじゃー	3
おおかがみ	1
おおすだ	0
おおでんた	3
おおやまづみ	4
おかなが	2
おかよう	2
おきぎん	0
おきこく	0
おきしょう	0
おきつしま	3
おきなまろ	3
おくじゅん	2
おしほい	2
おたて	1
おだう	0
おといし	2
おとぎりそう	0
おふけ	0
おゆるし	0
おらでがま	3
かいえい	0
かいおう	1
かいぎん	0
かいこつ	1
かいじるし	3
かいふうそう	0
かおう	1
かおうぼう	2
かがみやま	0
かきやす	0
かくじゅ	1
かくべに	0
かくりき	2
かくりゅう	1
かけいけん	2
かごとら	0
かさと	0
かさもり	2
かしょさい	2
かすみがじょう	4
かそうけん	2
かたまりだましい	5
かちこま	0
かちまい	0
かちみ	0
かつね	0
かつや	1
かとうまん	2
かときち	0
かどえび	0
かどさか	2
かなさな	0
かなざくら	3
かはくどう	0
かぼど	1
かぼと	1
かまねこ	0
かまのは	1
かみじ	0
かみつたえ	3
かみでん	0
かめまぼろし	4
かめもと	2
かもつる	0
かゆう	1
からき	1
かりゃく	1
かわしげ	2
かわじゅう	2
かわとく	0
かわらう	3
かわらづか	3
かんあい	1
かんいち	0
かんうん	0
かんえん	0
かんおみ	0
かんきょく	1
かんけ	1
かんけいれん	3
かんげつ	1
かんじゃに	0
かんじゅん	1
かんそん	1
かんでんこう	3
かんぴょう	0
かんやひょう	0
がいはくと	3
がおう	2
がくげん	0
がくしん	0
がくじ	1
がくとう	1
がっけい	1
がりゅう	1
がんきり	1
がんぎょう	1
がんごう	1
がんせん	1
がんにゅう	0
がんのう	1
がんむ	1
がんりょう	1
きがく	1
きくきち	0
きくぜん	2
きくのい	3
きくひがし	3
きくゆう	2
きくん	1
きしこう	0
きじがおか	3
きたぎん	2
きたはるか	3
きたよし	2
きっき	1
きったん	1
きどうれん	2
きねい	1
きのとこ	2
きぼうほうし	4
きもん	1
きゅうあん	0
きょうすず	0
きょうせき	1
きょうぞく	1
きょうたつ	0
きょうたる	0
きょうつね	0
きょうとく	0
きょうどてつふつ	4
きょうばれ	0
きょうほ	1
きょうほう	0
きょうろく	0
きょきょう	1
きょくしん	0
きょくらい	0
きょくりゅう	2
きょせつ	1
きょとつき	2
きよみはらの	0
きりがじょう	3
きりつぼ	0
きりばい	2
きわみ	0
きわみひじり	4
きんいきょう	3
きんえい	0
きんしゅう	1
きんでん	1
きんぶえ	0
きんも	1
ぎかだい	0
ぎこう	1
ぎてん	1
ぎゅうてい	0
ぎょうしゅん	1
ぎょうてん	1
ぎょくか	1
ぎょくかい	1
ぎょくしょう	1
ぎょくずい	0
ぎょくへん	1
ぎょくほう	1
ぎょさん	1
ぎょよう	1
ぎょらん	0
ぎんせい	0
ぎんた	1
ぎんたま	0
ぎんてん	0
ぎんまつ	0
くうぎょうも	3
くうけい	1
くじらかぜ	3
くぞうし	2
くにとも	0
くばこ	1
くばんだ	2
くびら	1
くぼそう	2
くまがく	2
くまにち	0
くめた	1
くらおり	2
くらしん	0
くらぼう	2
くらむれ	0
くるまざき	3
くるまづか	3
くろお	0
くろゆめ	0
ぐな	1
ぐれんき	2
ぐれんみらー	4
ぐんが	1
ぐんじょ	1
ぐんだり	0
けいあん	0
けいうん	0
けいしゅう	1
けいしゅん	1
けいしょ	1
けいじん	0
けいずま	0
けいたく	1
けいだんれん	3
けいとく	1
けいふう	1
けぞう	0
けんぎゅう	0
けんつう	1
けんねい	0
けんびし	1
けんぷく	1
けんほん	0
けんぽれん	3
けんりゃく	0
けんれいすい	3
けんろく	0
げあんりん	2
げいえい	0
げいおん	0
げいこうだい	0
げいだんきょう	3
げいはん	0
げいよう	0
げっしん	1
げっそう	1
げんえい	0
げんおう	0
げんけん	0
げんしん	1
げんちゅう	0
げんとく	0
げんにょ	1
げんぼう	1
こうあい	1
こうおう	0
こうきしんこ	4
ごうけ	1
こうたいれん	3
こうちょ	1
こうめ	1
こうやごう	3
こうやれん	3
こくりは	0
こくりゅう	2
こくろう	2
こけい	1
こげつ	1
こぞく	1
こちゅう	1
ことがおか	3
こにしろく	3
こほう	1
こまとま	0
こまらぱ	2
こむれ	1
こめせい	2
こめちゅう	2
こんがら	0
こんしゅ	1
こんぞう	0
こんちく	1
こんちくしょう	5
こんねい	0
こんぴら	0
ごうかろうれん	4
ごうさんぜ	3
ごうとく	1
ごくじゅん	0
ごさき	1
ごんき	1
さいしゅん	0
さいとうげい	3
さいねい	0
さいふく	1
さいみょう	1
さかおき	2
さかずきづか	4
さかつら	2
さぎむすめ	3
さくよう	0
せきよう	1
さくらくろう	4
さくらば	0
さけしずく	3
ささつつみ	3
ささのつゆ	3
ささま	0
ささゆき	2
さちまる	0
さつべんれん	3
さでん	0
さとこと	2
さるみの	0
さわらぎ	0
さんそうけん	3
さんちら	0
ざいかぼう	3
ざいしん	0
ざかえ	1
しおなぎ	0
しかたき	2
しきけ	2
しけんだ	2
しげい	1
しこうけん	2
しつい	1
しつう	0
しのえい	0
しのぶのや	4
しばくら	2
しぶとう	0
しぼぼ	1
しまぜん	2
しまのみや	0
しもいし	2
しゃから	1
しゃくこ	1
しゃせいどう	3
しゃほう	0
しゃみんれん	2
しゅうか	1
しゅうこく	1
しゅうざくら	3
しゅうなん	1
しゅうひ	1
しゅうぶだい	3
しゅえい	1
しゅくおうけ	2
しゅくねん	0
しゅせいれん	2
しゅち	1
しゅゆう	1
しゅゆうれん	2
しゅらい	1
しゅんじょう	1
しゅんてつ	0
しゅんてん	1
しゅんとく	1
しゅんのうでん	3
しゅんらん	0
しゅんりゅう	0
しゅんりん	1
しょうあん	0
しょういく	1
しょうぎん	0
しょうげつ	1
しょうじゅく	1
しょうとら	0
しょうゆう	0
しょうらく	1
しょうりゅう	1
しょくりゅう	0
しょさい	1
しょふ	1
しらつぼ	0
しらまつ	2
しろじゅん	0
しんあ	1
しんあらいわ	4
しんかげ	0
しんきよ	0
しんしゅうれん	3
しんたお	1
しんだら	0
しんてつ	0
しんぶ	1
しんまつたん	4
しんみん	0
しんみんれん	3
しんりゅう	1
しんろ	1
じげんけん	2
じせいけん	2
じはんれん	2
じもく	1
じゃくあん	1
じゃくらく	1
じゅげつ	1
じゅとく	1
じゅろうじん	2
じゅんだい	0
じゅんどう	1
じょうあ	1
じょうあん	0
じょううん	1
じょうおん	1
じょうがん	0
じょうぐち	0
じょうけ	1
じょうこうみょう	3
じょうしゅ	1
じょうずい	1
じょうねい	1
じょうねん	0
じょうふく	0
じょうわ	1
じりゃく	1
じりん	1
じんかくれん	4
じんかめ	0
じんごけいうん	4
じんしょう	0
じんすいきょう	3
じんず	1
じんたん	1
じんぷう	0
すいいん	0
すいかく	1
すいぎょく	1
すいこ	1
すいぞく	1
すいとく	0
すいほう	0
すうぜん	1
すうねい	1
すえの	1
すきょう	1
すぎお	0
すぎのい	3
すぎのや	3
すけさだ	2
すさみかど	3
すしせん	2
すしたけ	2
すしぶん	2
すずしょう	2
すずのや	3
すずやす	2
すずよし	2
すみきん	0
すみぎん	0
すみけい	2
すみのいん	3
すみひさ	2
するすみ	0
ずいう	1
ずいがん	1
ずいすい	1
ずいりゅう	1
ずいりん	1
せいおつし	3
せいがんと	3
せいきしょう	3
せいきち	0
せいきまつ	3
せいきょうれん	3
せいじゅ	1
せいすいしょう	3
せいせいこう	3
せいとうぎん	3
せいばん	0
せがい	1
せきうん	0
せきえい	0
せきざん	2
せきじゅ	1
せきと	1
せきほう	0
せきむ	1
せきれん	0
せぎん	0
せつえんた	3
せふく	1
せらく	1
せんてつ	0
せんぴ	1
せんほう	0
せんめり	0
せんゆうか	3
ぜいえん	1
ぜんかれん	3
ぜんがくれん	3
ぜんきょう	0
ぜんきょうず	1
ぜんきょうれん	3
ぜんきろう	3
ぜんぎんきょう	3
ぜんしょうこう	3
ぜんていれん	3
ぜんでんつう	3
ぜんとく	0
ぜんもれん	3
ぜんろうさい	3
ぜんろうれん	3
そうう	1
そうえい	1
そうえん	1
そうげつ	1
そうじん	1
そうたいきょう	3
そうふく	1
そうぶん	0
そしょ	1
そとう	1
そまくしゃ	2
ぞうじるし	3
ぞうひこ	1
ぞうわ	0
たいえきの	0
だいけん	1
たいも	1
たいゆう	1
たかこし	2
たかだち	2
たかだてぐろ	4
たからかぜ	3
たきしん	2
たきつば	0
たくえん	2
たくぎん	0
たくそん	1
たくたく	0
たくだい	0
たぐすたま	3
たけこま	0
たけのだい	3
たけはや	0
たけふじ	2
たつえ	0
たつのみ	0
たてなみ	0
たまがさき	3
たまずし	2
たまでん	0
たまのおや	3
たまのひかり	4
たまふね	2
たまらせ	0
たるへい	0
たわけぐさ	0
たんさい	1
たんぺい	0
たんみん	0
たんろう	0
だいいく	1
だいう	0
だいすぽ	0
だいそう	0
だいたいだい	0
だいどうあらふじ	6
だいねい	0
だいのこし	3
だいばい	0
だいぶつがはな	5
だいほく	0
だいゆう	0
だいれき	0
だきに	1
だんえい	0
だんきく	1
だんぷう	0
ちかつ	1
ちぎんきょう	0
ちくいく	2
ちくせん	1
ちくそう	0
ちくほう	0
ちくれん	0
ちげん	1
ちしゃく	1
ちまん	1
ちゅういきょう	3
ちゅうすぽ	0
ちゅうろん	0
ちょうえい	1
ちょうがく	0
ちょうげつ	1
ちょうしんきょう	3
ちょうそうれん	3
ちょうとく	0
ちょうりゃく	0
ちょうろく	0
ちんえん	0
ちんちゅう	1
つきさら	0
つくごん	0
つくだげん	3
つくぶすま	3
つじとめ	0
つじひょう	2
つじり	1
つばきひめ	3
つぼきり	0
つぼさか	2
つゆひめ	2
つゆべに	0
つりぎつね	3
つるが	1
つるせい	2
つれづれぐさ	4
ていけん	0
ていせき	0
ていたん	0
ていほう	0
てがい	1
てきじゅく	2
てつふつ	1
てつろく	0
てるかわ	2
てんえい	0
てんきよ	0
てんぎ	1
てんごん	1
てんしげ	1
てんせつ	0
てんたけ	1
てんつね	0
てんとく	0
てんとら	0
てんな	1
てんねい	1
てんぴょうかんぽう	5
てんぴょうしょうほう	5
てんぴょうじんご	5
てんぴょうほうじ	5
てんぼ	1
てんりゃく	0
てんろう	0
てんろく	0
でんおう	1
でんぐる	0
でんけい	1
でんけん	0
でんしゅ	1
でんちゅうけん	3
でんふた	0
でんぼ	1
とうおん	0
とうぐ	1
とうげき	0
とうこうとり	3
とうこま	0
とうじゅ	1
とうじょ	1
とうすうけん	0
とうたい	1
とうたく	1
とうつうこう	0
とうつく	0
とうのうだい	0
とうはく	1
とうはと	0
とうぶんけん	3
とうまい	0
とうもん	0
とえん	1
とくかぜ	2
とくがん	0
とくじょう	0
とくたろう	2
とくはる	2
とくまさり	3
とくもり	2
とくりん	0
とげつ	1
ところぼん	0
とさん	1
としもり	2
としんきょう	2
とちこそ	2
とちわか	0
とつちん	1
とばん	1
とみおう	2
ともしゅう	2
とよきょう	0
とよくこん	3
とらづか	2
とらぶりゅう	2
とりゅう	1
とんじょ	0
とんじょたいだい	4
どうえいけん	3
どうがん	0
どうこうだい	0
どうじゅん	0
どうせつ	0
どうべんれん	3
どうみょう	0
どうゆう	0
どうろく	0
どろりんぴっく	5
なかごう	1
なかはた	2
なぎら	0
なぐるみ	2
なしつぼ	0
なだこう	0
なつひめ	2
なまちゃ	2
なみしょう	2
なるしょう	2
なんけん	0
なんしゃ	1
なんたく	0
なんとく	0
なんふだ	0
なんめい	0
なんろう	0
にきえみし	3
にしすぽ	0
にしてつ	0
にしみね	2
にしり	1
にちおん	0
にちげい	0
にちしれん	3
にちじゅう	0
にちじゅうか	3
にちじょたいだい	4
にちすぽ	0
にちぜいれん	3
にちでん	0
にちのうけん	3
にちべんれん	3
にちぼう	0
にっかつ	0
にっかつれん	4
にっきょうそ	3
にっけん	0
にっこうきょう	3
にっこく	0
にっさいぎん	3
にっしょうきょう	3
にっしれん	3
にっせんび	3
にっちつ	0
にってん	0
にっぱん	0
にっぽうれん	3
にんな	1
にんなん	0
にんぷう	0
にんぺい	0
ぬきさき	0
ぬのつね	2
ねいじゅ	1
のいけ	1
のうせいれん	3
のうぶんきょう	3
のうゆう	0
のうら	1
のなみ	1
ののや	2
のらり	2
のりかつ	2
はいきょう	0
はいじんか	3
はくせん	2
はくぞく	2
はくほう	1
はくゆう	1
はくよう	0
はくりょう	0
はくりん	1
はこだい	0
はしきち	0
はしのりょう	3
はじゅん	1
はたてくら	3
はちおか	0
はつしま	2
はつとり	2
はなおうぎ	3
はなあふぎ	3
はなきた	0
はなくま	0
はなしば	0
はなじん	2
はなちゅう	2
はなはす	0
はなはな	0
はなふう	2
はまきん	0
はまぎん	0
はまさく	0
はましょう	0
はましん	2
はまよし	2
はらこうさん	3
はらしょう	2
はらも	0
はりぎれ	0
はれぎく	2
はんどん	0
はんぽう	0
ばいひん	0
ばいふう	0
ばかよう	2
ばくどう	0
ばんかく	0
ばんすい	1
ひえだ	1
ひがえりっち	4
ひげつ	1
ひこくう	3
ひこぼし	2
ひしむすめ	3
ひだん	0
ひでまる	0
ひめぎり	2
ひめぎん	2
ひめこう	0
ひらきき	2
ひらさこ	2
ひらそう	2
ひらとも	0
ひらぼく	0
ひろかわ	2
ひろきょう	0
ひろこう	1
ひろてれ	0
ひわたり	2
ひんじつ	0
びえい	1
びから	1
びゆう	1
びんふう	0
ふうきょう	0
ふうらん	1
ふくきょうだい	0
ふくこう	0
ふくせん	0
ふくたん	0
ふくひらたか	4
ふくほう	2
ふくろくじゅ	3
ふげつ	1
ふじき	0
ふじちゅう	2
ふじつぼ	0
ふじながた	3
ふじのや	3
ふじびし	2
ふじぼう	2
ふたつき	2
ふでたくみ	3
ふなきち	0
ふなちゅう	2
ふなつる	2
ふなまつ	2
ふなわ	0
ふぼく	1
ぶかくれん	3
ぶぎん	0
ぶしゅう	1
ぶじしゅうい	3
ぶじょう	1
ぶんあん	0
ぶんえい	1
ぶんおう	0
ぶんき	1
ぶんりゃく	0
ぶんりん	1
へいうん	0
へいせん	1
へいとく	1
へいはん	0
へいり	1
へきてん	0
べにおとめ	3
べんかん	1
べんぎく	1
ほういけん	3
ほうえいけん	3
ほうおん	0
ほうきょう	1
ほうぎ	1
ほうげつ	1
ほうごん	1
ほうしゃく	0
ほうだい	0
ほうとく	0
ほうは	1
ほうぶん	0
ほうぼくし	3
ほうれき	0
ほくぎん	0
ほくしょう	0
ほくじゅ	1
ほくすい	1
ほくたく	0
ほくてつ	0
ほくでん	0
ほくむ	1
ほくゆう	0
ほしあい	0
ほしがはら	3
ほしみや	2
ほのむすび	0
ほむすびの	0
ほりいち	2
ほんさ	1
ほんよう	0
ほんれん	0
ぼううんすい	3
ぼうがく	1
ぼうなん	0
ぼうに	0
ぼくら	1
ぼなり	1
ぼんしゃく	0
まいなび	0
まいぶんけん	3
まがつかみ	3
まきばと	0
まこら	1
まごらか	0
ますかがみ	3
またら	1
まっかつ	1
まつげん	2
まつこし	2
まつしん	0
まつじん	2
まつずし	2
まつでん	0
まつまさ	0
まとうが	2
まない	1
まはたき	2
まめげん	2
まやいし	2
まゆりょく	2
まるしょう	2
まるそう	2
まるなが	2
まるひろ	0
まるふじ	0
まるよし	2
まんてつ	0
みかつ	1
みそぎきょう	0
みなみこう	0
みひか	1
みみこう	2
みやこう	2
みょうき	1
みょうけい	1
みょうしょう	1
みょうせい	0
みょうつう	0
みょうふく	1
みょうれん	1
みんいれん	3
みんかいれん	3
みんげんれん	3
みんしん	0
みんろう	0
むさび	0
むらかわ	2
めあか	0
めいきゅう	0
めいきょう	0
めいしだい	0
めいしゅく	0
めいしん	1
めいせいこう	3
めいたん	1
めいほう	1
めいゆう	0
めいろく	0
めきら	1
めずらしづか	4
もうぎゅう	0
もうじゅん	0
もうつ	1
もくさ	1
もくたいきょう	3
もっきつ	1
もりか	1
もりかめばし	4
もりきた	2
もりとがいー	3
もりなが	2
もりはち	0
もりまさ	2
もれなべ	0
もんじゅ	0
もんみょう	1
やくしょう	1
やくりん	0
やしちだ	0
やそう	0
やっけん	0
やとの	0
やとやま	0
やながた	0
やまきち	0
やまげん	2
やまこう	2
やましん	2
やまじるし	3
やまじん	2
やまずみ	2
やまたね	2
やまちゅう	2
やまつてる	3
やまのはな	3
やらい	1
ゆうがく	1
ゆうくん	1
ゆうさんろう	3
ゆうぞん	1
ゆうたつ	1
ゆうとく	0
ゆうはく	0
ゆうほう	0
ゆうろう	1
ゆえんゆえん	2
ゆかね	0
ゆきいちご	3
ゆきしお	0
ゆぜん	1
ゆめさき	2
ゆめしん	2
ゆめどの	0
ようきょ	1
ようぎょく	1
ようげんさい	3
ようしゅん	1
ようはん	0
ようわ	1
よえん	1
よくそう	1
よくふう	0
よくゆうよ	3
よこあり	0
よこきょう	0
よこくう	0
よしぎゅう	2
よしご	0
よしみね	2
よぜみ	0
よっこう	1
よなはばる	3
よにげの	0
よねつる	2
らいきゅう	1
らくうん	2
らくし	1
らくしゅう	1
らくしゅん	1
らくじゅ	1
らくはん	0
らくまつ	2
らくまん	0
らくわ	0
らしょう	0
らてんく	2
らんい	1
らんけい	0
らんてい	0
りきおう	2
りきしょう	0
りくおう	2
りくだい	0
りしゅ	1
りじゅむ	1
りっかい	0
りっしゃく	0
りっぷう	0
りつせん	0
りつゆう	2
りゃくおう	0
りゃくにん	0
りゅうあん	1
りゅうえい	1
りゅうが	1
りゅうきょう	1
りゅうげん	1
りゅうこく	0
りゅうごう	1
りゅうしゅ	1
りゅうじつ	0
りゅうそ	1
りゅうたく	1
りゅうだい	0
りゅうど	1
りゅうふく	1
りゅうぶ	1
りょうおうき	3
りょうせん	1
りょうとくじ	1
りょくおう	2
りょくけん	0
りょくてい	0
りょらん	1
りんうん	0
りんかく	1
りんきょうしん	3
りんてい	0
りんとく	1
れいうん	1
れいせつ	1
れいばい	0
れいゆう	0
れんすい	0
れんぼう	1
ろうおん	0
ろうせいこう	3
ろうてい	1
ろくおう	2
ろくだい	2
ろくほう	0
ろんざ	1
わいてん	0
わおり	1
わかじゅ	1
わかちく	0
わかつる	0
わかりき	2
わぎ	1
わげん	1
わぞく	1
わたけい	0
わたむき	2
わたよし	2
わちゅう	1
わどう	1
わらいくり	2
わりまつ	2
わんらい	1
うそん	1
えいぜん	0
えいろく	0
おんぢ	1
かわまさ	0
きゅうじゅ	1
きょうぶん	0
こくりょう	2
しゅうしょ	1
じつう	0
ちゅうゆう	0
てんじゅ	1
とうねん	0
とおし	3
にっきょう	0
にっつう	0
にっとく	0
にっぱい	0
にんじ	1
ほっしょう	1
まんぞう	0
もとむら	2
もんぜん	1
やまひろ	0
やまぶん	0
らいじん	0
りっとう	0
りぶん	1
おんがく	0
がくぶん	0
さんろく	0
しゅんそく	1
しょがく	1
てんきょう	0
とうれ	0
ほくぶん	0
ほんりゅう	1
もうつう	0
やまぜん	2
おぶち	1
こくてん	0
じょうぎょう	0
ひんせい	0
まそ	1
みんしゃ	1
やせ	1
ようがく	1
きんしょう	0
せんりゃく	0
せんろ	1
くがい	1
げんりゅう	1
でぃづにー	1
ひらかわ	2
もみじでら	0
せんぞう	0
はくせい	1
みかさのみや	0
してん	0
さんちゅう	1
でんぱん	0
はいら	1
あいあ	1
うちかわ	2
がくいん	0
こえだ	0
じょうくう	0
すうひゃく	1
てっき	1
てんゆう	1
はこび	0
んん	2
きょくめい	3
こきん	1
そうつう	0
やまちょう	0
いじん	0
おおのう	1
かだん	0
くにほし	2
しょうふ	1
ようふう	1
えいへい	0
はかいし	0
はなまい	0
りょくじゅ	1
かんがく	0
にちかん	0
もうしこみ	0
しなもの	0
みぞのくち	3
しょうとう	0
つうふう	0
つるまき	2
おくじょう	0
かくさ	1
きしょ	1
せんじょう	0
もとふと	0
ようしき	0
あれぇ	2
つきまち	0
あんや	1
ほくし	1
ぜんこう	1
どうないがい	3
ひとりむすめ	4
じゅそ	1
にちのう	0
おくない	2
がくしょく	0
せいゆう	0
ようすい	0
うちたて	0
しょうそう	0
おかげ	0
こうらん	0
ただひら	2
たほう	2
つちうら	2
ぶつぞう	0
あでやか	2
ろうせつ	0
かたみみ	0
かいすい	0
かぶろ	1
けやきどおり	4
しょうぶん	0
ほんしゃ	1
りゅうけい	1
おきざり	0
こうかみ	0
ごうかん	0
からうす	3
がんじつ	0
しらたに	2
とんとん	1
ねっと	1
ひそう	0
きんじ	1
けつえん	0
しゅつにゅうしゃ	3
しゅでん	1
けっかく	0
しゅのう	0
てっこう	0
のうない	1
きたみ	1
はあく	0
はくち	1
みょうほん	0
もりかわ	2
かえん	0
そうしょう	0
にちがく	0
いぢ	2
おうじ	0
こうそう	0
かがわ	1
しばけん	0
ずう	1
そうはん	0
にゅうぶ	0
いーや	0
せんおく	0
たいばん	0
ようせき	1
いくしな	2
おんかん	0
しはらい	0
ちょうこ	1
おおふじ	1
ていよう	1
ていりょう	0
じょうざい	0
もりぐち	2
れんたつ	0
かんみ	1
があっ	1
じゅんてん	0
えだは	0
ぐんし	1
さがく	0
はんし	1
けんざかい	3
きのえとら	0
こさめ	0
じんけん	0
どうすう	3
ながまる	0
げきさく	0
ひょうめん	3
えふえす	0
おないどし	2
かふん	0
ぶっこく	1
だいにゅう	0
ぎょしょう	0
さくぶつ	0
やまのめ	0
いづれ	0
よういち	0
まつこう	2
しおじい	3
しゅったい	0
とうゆう	0
ほうど	1
ほんもと	0
ゆぶん	0
ちゅうしょう	0
はんちょう	0
やましな	2
こんにちはぁ	5
こんにちはあ	5
ともか	1
とんや	0
ふだい	0
ごうだん	0
よぼう	0
こくぶんじ	0
じっかん	0
じょうてん	1
さぬき	1
じんじ	1
りけい	0
そうど	1
ちゅうぜん	1
どうし	0
はくせつ	0
にちふつ	1
きりじに	0
えんかん	1
かじつ	1
きょくび	1
ひとかわ	2
とりだし	0
かめあり	2
しゅうわ	0
どうひょう	0
おおどおり	3
そとめ	1
てきがた	0
びゃくしょう	3
もくひょう	0
こづつみ	2
そち	1
のうさん	0
あしたぁ	3
くろまる	0
しっ	1
やまだい	2
がろう	1
そうじ	1
みたく	1
ゆび	2
れいきゅう	0
ろえい	0
こっけん	0
ほそぎり	0
あかんぼう	0
かいほ	1
ぐんだん	0
ひきかえ	0
よなご	0
こうだいせい	3
そでがうら	3
かんぜい	0
くうこう	0
しゅせん	0
みんちょう	1
かなもり	2
きっしょう	0
やしょく	0
なべしま	0
しょくしゅ	1
くろいろ	0
せいはい	1
せんりゅう	1
いしかわちょう	4
こいしかわ	3
じゅんおん	1
ためいけ	0
つうそうけん	0
よこづけ	0
あかちゃ	0
きょくちゅう	0
こっこう	0
てじょう	0
きいち	1
ぎょせん	0
ねし	1
ひきあい	0
ぼひょう	0
うみどり	2
みきたに	2
かくち	1
りゅうりゅう	1
くらびと	0
さそい	0
ぜっく	0
いけずき	0
ろじ	1
くらはし	2
げんしゅ	1
どうい	0
ひらが	0
こくら	0
おしやれ	2
はなこがねい	4
こうちゅう	0
ちゅうきょう	0
だき	1
ほんるい	1
くかん	0
だいまん	0
たちよみ	0
しょきょう	0
せいでん	0
ほくじょう	0
こしん	1
じかく	0
うへん	1
さきゆき	0
しめ	0
なみがしら	3
うすめ	0
おうて	1
さんやく	0
しばうら	0
なつくさ	0
ううー	0
がぞう	0
しんじょう	1
じゅうせん	1
ぜんきょく	0
もりした	2
いちどき	3
とのまち	2
あぅ	1
ながぐつ	0
へいぞん	0
おつかれんこん	0
おはよーぐると	5
こんばちは	0
こんばちわ	0
ごっつぁん	3
ごっつあん	3
なこく	1
よろこんぶ	3
かてん	0
ときん	0
よよぎ	0
けえす	1
ばあーか	1
いっぴん	0
じゅんいつ	0
たいびょう	0
にしばやし	3
みんけん	0
たかしまだいら	5
どうほく	0
りょうき	1
うがん	1
ぷろふいる	3
えんせき	0
のりかず	2
くつき	1
くみたて	0
てんおう	0
おんせー	1
けいにく	0
ふどう	0
けいりょう	0
さんない	1
つるた	1
にんじょう	1
こでら	1
すぶり	0
せがみ	1
だりつ	0
はいかい	0
けいばい	0
ごうしゃ	1
すうしき	0
はんぎょ	1
よーっ	0
かいひ	0
ふてんま	0
ろうそ	1
かぶれ	0
しがわ	0
しんじゃ	1
ふくとめ	0
ほんかく	0
もどき	1
みあひ	0
おおしごと	3
わしょう	1
つがる	1
つさき	1
とみぞう	0
おおがま	0
じたく	0
ずべて	1
ちゅうぎ	1
とうりん	1
よしむね	2
はやくち	2
ぶっきょう	0
みてえ	1
りゅうじん	0
じょけい	0
ちゅうげん	0
せいしょく	0
とびいり	0
ひかりがおか	4
みてぇ	1
りけん	0
ねんとう	0
あいおいちょう	3
たかばた	2
けっしょう	0
よどがわ	0
がくしき	0
ほんせん	0
ぎょうか	1
じんか	1
なかたに	2
はじめまして	4
おうべい	0
さんかい	0
しょうりん	0
りょうはし	0
さぜん	1
せきしょう	0
そうじゃ	1
はんりゅう	0
りゅうし	1
おおくぼ	0
ぎゃくふう	0
おおなた	0
さいほう	0
じまい	0
うちうみ	2
ひとりむすこ	4
ぶんきょう	0
かろく	1
こくご	0
ふくざ	0
てあそび	2
むすめやく	0
ろんせつ	0
えむえー	3
がらめ	1
かしや	0
ちゅうぶん	0
ねぶつ	0
もちだし	0
おったっぴー	3
ゆうぐれ	0
らくとう	0
かいだし	0
ちがひ	0
ながたの	0
ひょうし	1
あさゆう	1
いやあん	2
おおもと	0
ささぐり	2
いちぎ	2
しんしょう	0
おおうえ	0
せんばん	1
えいゆう	0
きほう	1
たいはん	0
いちのみや	3
かくおん	1
とそう	0
びじょ	1
たつじん	0
めいしょ	1
さお	1
ちょうしょ	1
どんや	0
やっほおい	1
まちぶせ	0
おうしつ	0
おんじょう	1
がっかん	0
たにそこ	0
ちゅうおうりんかん	5
めいぎ	1
おおもの	0
しゅうじつ	0
ふゆよう	0
ごけい	0
すてみ	0
べつじん	0
りょうごく	0
えんげん	0
にっちゅう	0
くいき	1
ほんっとう	0
ほんっっとう	0
いしつみ	3
かくれが	3
きよむね	2
こくせい	1
すみとも	0
わいづけ	0
ゆきあたり	0
すいりょう	0
もうまい	0
きぞん	0
くまがや	2
ごせん	0
つつき	1
じんぼ	1
ばあひ	0
ひきょー	2
ひとかた	0
みーら	1
しゅうせい	0
なかさと	2
ひがしがわ	0
かんぎ	1
はなしあい	0
ひゃっき	1
ひゅうまにずむ	4
したくさ	0
まだぁ	1
やちょう	0
いもうとがみ	4
そうじょう	0
なんにょ	1
ばずうか	2
ふうすいがい	3
くりんぴーす	4
くーりぇん	1
けさちいな	3
さんふらわあ	4
しぁりゅう	1
ちゃんたら	0
ばぉしょう	0
ぱんじい	1
ふぉんりゅう	1
ぺんたえりすりつと	7
まりいごうるど	4
かわも	0
かんばやし	3
けいしゅ	1
ひとりしばい	4
つつい	0
おつち	1
さそん	0
よしのぶ	2
してつ	0
まわり	0
おもひおもひ	4
じょうげかん	0
たのう	0
どちゅう	0
ゆうしき	0
らいはい	0
ががく	1
きょうり	1
じょうしょ	0
かくひょう	1
ふくざわ	0
きんめい	0
こうず	1
びせい	1
まえうり	0
ゆきば	0
こそだて	2
ぼご	1
みだし	0
えいべい	1
かくすう	1
ちゅうがた	0
めいあん	0
かきょく	1
しんごう	0
とんじゃく	1
たいさ	0
ふんじょう	0
まいご	1
しおたに	2
はくじん	0
ここのえ	3
しげひさ	2
ちへい	0
いつき	0
じつじょう	0
こくし	1
ちゅうとうおう	3
がっこつ	0
にげ	2
ゆしま	1
きょうい	1
しゅき	1
おなじう	3
おなじゅう	3
つづれ	0
はたけしごと	4
よどおし	0
ほくぶ	1
りったい	0
たにやま	0
みぎぎょく	0
いきづまり	0
したまち	0
じつぶつ	0
せなか	0
ぬりぐすり	3
ゆきやま	0
いざわ	1
いないな	0
ようが	0
しゃせん	0
としのくれ	0
とうがい	1
なぎさ	0
おおぶね	0
かぞく	0
てうほう	0
うつかり	3
げんちょう	1
じょうおう	0
ふうぞく	1
ひたい	0
びより	0
しかえし	0
たちぎき	0
とうえん	0
りくぐん	2
れいねん	0
たいがん	0
とりあつかい	0
ひとところ	2
ぶじん	0
やには	0
こうざ	0
たかなわ	0
ひむか	1
しじょうの	1
どっきょう	0
かわりがわり	4
しゅっせい	0
どぼく	1
あきさけ	0
あけしめ	2
あさなあさな	4
いずくんぞ	3
おのれと	3
おもうさま	2
おもおも	0
ぎらひ	0
しろじろ	3
ちょうと	1
てずから	1
なおなお	1
ねんげん	3
はげはげ	1
ふりはえ	0
へんすう	3
やまたの	0
よわよわ	0
わび	0
おおいそ	1
いちだい	0
せいがく	0
はくぎん	0
えいすう	1
はやしがわ	3
みこみ	0
みとめ	1
いいっ	1
いなべ	1
おうしま	1
ぎけい	0
くちかず	0
ひろさわ	0
ほうしゅ	1
ごすう	2
ぁん	1
しゅんぱつ	0
ぼくそう	0
いんせい	0
ちゅうでん	0
けつえき	2
しんきょう	1
ふばらい	2
たこう	0
てらお	0
さらしな	0
せいすい	1
こしかた	1
ぶったい	0
あづま	1
たらん	2
しんぱく	0
じんあい	0
すいじん	0
うすぎ	0
せいぶつ	1
いんなみ	0
さんべつ	0
しょうちゅう	0
じぬし	0
てんごく	1
なにがな	0
ほんごう	1
かっかい	0
いずの	0
しんぷ	1
たてかえ	0
たまだ	1
ちゅうじょう	1
こんねん	0
ていばん	0
あらて	0
ついほ	1
つぶさに	1
おんげん	0
きんり	1
ぜいべつ	0
ちゅうろ	1
ばいりつ	0
べっかん	0
ほっとんど	3
まったん	0
ごぶん	0
そうい	0
かたまち	2
ぺんじ	3
いのせ	1
なみだめ	3
ねんぱい	0
はんべい	0
ぶんすう	3
さじん	0
やまむら	0
てんぱく	1
こころもち	0
こにゃにゃちわ	5
こんちはぁ	0
こんちはあ	0
こんちはー	0
こんちわ	0
ちわー	2
さくらだ	0
ざいがい	0
ぼち	1
りめん	1
あおぞら	3
がっく	0
きゅうじゅー	1
ちはー	2
ふうが	1
のぼりべつ	3
いわなべ	0
かしわざき	3
きんきょう	0
じせき	0
ずちゅう	0
はちさぶろう	3
きたまち	2
さやう	0
だぁめ	0
なかや	1
ほんのう	1
ぼうっ	0
きゃくほん	0
ぎょぎょう	1
てつづき	2
つかいわけ	0
ほんや	1
かいぶん	0
かしこ	1
ひょうろう	0
うさせつ	2
がたみ	1
かちく	0
しにせ	0
みずけ	0
じょうか	1
しぇんしぇい	3
ちゃじん	0
ほんしつ	0
ろうりょく	1
あじつけ	0
えいにち	1
くうしゃ	0
かいもどし	0
かみこうち	3
あとおし	2
がいりん	0
がんとう	0
ゆくすえ	0
あくむ	1
しょうしょ	0
ぜんにち	0
いそぎ	1
こうび	1
みょー	1
いいなおし	0
げつめん	0
じんき	1
らいてん	0
ぶすう	2
みまい	0
そんぽ	1
しんれき	0
とざま	0
はんい	1
へいわだい	3
おやばなれ	3
おんだい	0
とりかえし	0
におか	1
ぼうじょ	1
うわね	0
えきしゃ	0
かざりつけ	0
じつおん	0
ひるごはん	3
しゅと	1
じぃ	1
ほんし	1
じょうきゃく	0
ちぎょう	0
しゅきゃく	0
しらべ	3
なげやり	0
まえば	1
ぜんぐん	0
ねらいうち	0
ぜいし	0
つくりおき	0
みたに	1
じさぶろう	2
そうふう	0
こおりまくら	4
しゅりゅう	0
すうじゅう	1
りょうぐん	0
ひとりっこ	3
あいづ	1
こいしわら	3
せんしゅつ	0
ひるごろ	3
おたに	1
かくぐん	1
さいこん	0
まもり	3
くうむ	1
こひなた	2
べいき	1
まちや	0
あさどら	0
さず	1
さんゆうてい	0
みぎし	1
もおか	1
やすぎ	1
ごかいどう	2
ごしき	1
たにだ	1
ちきん	0
ほりかね	2
いおえ	1
いおき	1
いおきべ	0
いおざわ	0
いおべ	1
いそがわ	2
いそり	1
いぞずみ	2
いちこし	2
いちさか	2
いちじょうじ	3
いちのき	2
いちのもり	3
いちばんがせ	3
いちぼし	2
いちやす	2
いちやなぎ	3
いちゆうさい	3
いちりゅうさい	3
いっぽんやり	3
いつつじ	2
いつはし	2
いもかわ	2
いよぎ	1
いはむや	2
うちみず	2
かずみね	2
くきもと	2
くぬき	1
くのう	0
ごかしょう	2
ごきじょう	2
ごきた	1
ごしょう	1
ごせだ	1
ごみおか	0
ごみかわ	0
ごみょう	1
さいぐさ	0
さえぐさ	0
さつきがおか	4
さんこだ	1
さんじょうにし	3
さんふくてい	0
さんべ	1
しかしょ	1
しかま	0
しちがしゅく	3
しちた	1
しちだ	1
しちやま	2
しのみ	1
しぶいち	2
じっぺんしゃ	3
じゅういちや	3
じゅうびし	1
せんが	1
せんざき	1
せんじょうじ	1
せんま	1
たちばなし	3
ちが	0
ちさか	1
ちしな	1
ちずわ	1
ちたんだ	2
ちぢまつ	2
ちづか	1
ちなり	1
ちむら	1
ちよくら	2
ちよざき	2
ちよたに	2
ちよの	1
ちよむら	2
ちよや	1
つるしいん	3
とあけ	1
とえだ	1
とがえり	2
とつかわ	2
なだや	1
ななうみ	2
ななからげ	3
ななきた	2
ななきだ	2
ななくま	2
ななはら	2
ななみや	2
ななもり	2
ななやく	2
にがわら	2
にきょう	1
にごう	1
にしょみや	2
にぜき	1
にたき	1
にたみず	2
にたんおさ	2
にたんだ	2
にとうべ	2
にのゆ	1
にへい	1
にほんやなぎ	4
はちうま	2
はちまえ	2
はちや	1
はちやなぎ	3
はちやま	0
はったんだ	3
はつさわ	0
ひとつぎ	2
ひとつやなぎ	4
ひとと	0
ひゃくしま	2
ひゃくじょう	2
ひゃくたけ	0
ふたくち	2
ふたざわ	0
ふたつぎ	0
ふたはし	2
ふたばたけ	3
ふたばてい	0
までのこうじ	4
まんじょうめ	3
まんたに	1
みあま	1
みいしょ	0
みいだ	1
みえの	1
みかしま	2
みかみべの	0
みきた	1
みきの	1
みくにや	2
みくりや	2
みしまぎ	2
みすじ	1
みそお	0
みたき	1
みたざき	2
みつおか	2
みつが	1
みつづか	2
みつの	1
みつのおびと	4
みつばやし	3
みつふじ	2
みつぶち	2
みつみね	2
みつや	1
みつるぎ	0
みとべ	1
みとま	1
みとも	0
みのむら	2
みはぎの	2
みひろぎ	0
みふね	0
みぶち	1
みよかわ	2
みわた	1
みわたり	2
みわだ	1
むかいやま	2
むかさ	1
むくし	1
むぐるま	2
むつうら	2
めいしゅ	1
もぐさ	1
ももかわ	2
ももじ	1
ももせ	1
ももたけ	2
やえがし	2
やえざわ	0
やえじま	0
やえの	1
やえはた	2
やおいた	2
やおさか	2
やおはら	2
やぎさわ	0
やぎした	2
やぎた	1
やぎの	1
やぎはし	2
やぎはら	2
やくち	1
やくわ	1
やぐま	1
やぐらまき	3
やしろだ	0
やそがみ	2
やちぐさ	2
やつがわ	2
やつじ	1
やつまき	2
やつみ	1
やつもり	2
やつやなぎ	3
やつるぎ	2
やとうまる	2
やなみ	1
よそみや	2
よつ	1
よつくら	2
よつつじ	2
よつもと	2
よもだ	1
よろずや	3
ろくかわ	2
ろくしま	2
ろくでん	1
ろくりがはら	4
ろっぽんまつ	3
くしま	1
しとみ	1
じぼ	1
にしこう	0
ぶりょく	1
やごと	1
るうる	1
こばし	1
すえつけ	0
たねた	1
しばさき	2
はまさき	2
ふじしろ	2
もろぼし	2
ともり	1
にんぽう	1
ふくわ	0
みつち	1
いきがけ	0
なないろ	2
なるしま	0
にかみ	1
したはじ	0
にしな	1
そーんな	0
どうぶつ	0
えんてん	1
たいし	1
ちゅうけん	0
おうてまち	3
ぐんとう	0
さかなつり	3
さんのへ	0
しかじか	2
したうけ	0
そのべ	1
ひでのしん	3
ぶっぴん	0
ほうりつ	0
じょうじ	1
すみいろ	0
そとがわ	0
とねり	0
おしいれ	0
きよせ	1
にと	0
みそひともじ	4
いけした	2
かんく	1
はなやか	2
しそく	1
じょゆう	0
あとずさり	3
ふなぼり	2
みずまし	0
じんにく	0
たいねつ	0
ずつう	0
たいりょく	1
げんじょう	1
ずえ	1
そうはいでん	3
たいさく	0
びみ	1
めかご	1
こおんな	4
こぉーんな	4
たきた	1
ねあげ	0
へいみん	0
めいきょく	0
まえぶれ	0
のうよう	0
はばひろ	0
まつたに	2
たかばさみ	3
たけひさ	2
こうが	1
うめさわ	0
しょうたく	0
てあわせ	2
にむら	1
からぼり	2
たいしょく	0
りょーかい	0
げんがく	0
しのへ	1
ころしあい	0
みっきい	1
あくぶん	0
りょういき	0
すいそ	1
ひといき	2
おおさわぎ	3
かずさ	1
きんだい	0
たべん	0
はんよう	0
さぶん	0
そふぼ	2
かくてん	1
へいちょう	1
あべの	0
かいまし	0
しゅうきょう	1
てづくり	2
どうがい	1
やぎり	0
あたたかみ	0
いけしま	0
かいとり	0
かみかくし	3
すなぼこり	3
もんよう	0
きりあい	0
きりさめ	0
しはつ	0
じゅうじぼう	3
たかどまり	0
ゆいわた	0
うわのせ	0
たいかん	0
ろんり	1
かたおもい	3
はすう	2
ほうあん	0
かわいさう	4
ぜんこうき	3
なかじまこうえん	5
ななつのうみ	2
びしゅ	1
ごにん	0
うえかえ	0
おうひ	1
じゅーじつ	0
むすめむすめ	4
うわのび	0
せんじん	0
ねまき	3
しりべし	0
こくふう	0
ちぢ	1
ひとつかみ	2
くりはま	0
いろがみ	2
くにみ	0
じょうへん	0
ちせい	0
ぬすみよみ	0
ひとかけら	2
ほぶね	0
やまくずれ	3
あいもの	0
いうち	1
いつえぎぬ	4
いつつぎぬ	4
ここのそじ	3
こなから	0
さきおととし	4
さつきばれ	0
さつきます	3
さばえ	0
さみだれ	0
しきせ	0
たなばたうま	4
たなばたかざり	5
たなばたびな	5
たなばたまつり	5
ちいほ	0
ちぎれがみ	3
ちぎれぐも	4
ちはやぶる	3
ちょぼくれ	0
つづらおり	0
とすじえもん	4
とつかの	0
ななそじ	2
ひとあせ	2
ひとあめ	2
ひとあれ	2
ひとあわ	2
ひとうち	2
ひとおよぎ	3
ひとくさり	0
ひとくもり	3
ひとこし	2
ひとしお	2
ひとつづき	2
ひとつながり	3
ひとてま	2
ひとのみ	2
ひとはしり	2
ひとはた	2
ひとはな	2
ひとふで	2
ひとふね	2
ひとむすび	2
ひとむれ	2
ひとやま	2
ひとりあそび	4
ひとりあたま	4
ひとりおや	0
ひとりがけ	0
ひとりざけ	3
ひとりずみ	0
ひとりずもう	4
ひとりのり	0
ひとりまい	0
ひとわたり	0
ふしのき	3
ふたあい	3
ふたあじ	2
ふたおや	0
ふたりしずか	4
ふたりたび	3
みそじおんな	4
みそはぎ	0
みつあみ	0
むかであし	3
ももとり	0
やえがき	2
やえざくら	3
やさかに	0
やたべ	1
やちまた	2
やつかの	0
やつくち	0
やつざき	0
やつはな	0
やつら	0
やといめ	2
ゆりあぶら	3
ようはいすい	3
よすみ	1
よつあし	0
よつかど	0
よつんばい	0
よつんばひ	0
よもやま	0
よもやまばなし	5
よろずもの	0
いいあらそい	0
かあいそう	4
かーいそー	4
ごくじょう	0
たかあき	2
なえ	1
かわいそ	3
はしわたし	3
ひとなれ	0
うすぎり	0
くわと	1
だきゅう	0
とおで	0
にがわらひ	3
ふざん	1
げっぴょう	0
しいば	1
のぼりおり	3
ぴれい	0
うめだ	0
おおばけ	0
しこめ	0
へえー	3
ほんどう	1
みめぐり	2
かいぐい	0
ぶんない	1
まきつけ	0
いいあらそひ	0
からぶり	0
じゅうりょう	3
ちょうふ	0
ないか	1
ながつづき	3
まえいわい	3
あしどめ	0
あつぎ	0
すやき	0
たかとまり	0
ぬすみみ	0
ねあがり	0
ねさげ	0
ひこく	1
ふくみわらい	4
やまづみ	0
えだわかれ	3
おおわらい	3
かけおち	0
きんぺん	1
くちだし	0
さまがわり	3
したざさえ	3
しなぎれ	0
そこいれ	0
たなあげ	0
てだすけ	2
ねおき	0
ねとまり	2
ふかよみ	0
みずもれ	0
めくばせ	2
よあそび	2
あいごま	0
あかやけ	0
あきないがえ	0
あけたて	2
あげさげ	2
あげづけ	0
あげやき	0
あごたたき	3
あさがえり	3
あしごしらえ	3
あたりまけ	0
あつまき	0
あてにげ	0
あとじさり	3
あともどり	3
あぶらがえし	4
あぶらびかり	4
あぶりやき	0
あまえなき	0
あまぜめ	0
あまもり	2
あわせうち	0
いかだくだり	4
いくさぞなえ	4
いくさなれ	0
いしじき	0
いたずり	0
いでいり	0
いなびかり	3
いぬよばはり	3
いぬよばわり	3
いねかり	2
いねまき	2
いのちびろい	4
いりづり	0
いりに	0
いろおち	0
いろぬり	3
ういこうぶり	3
うけいね	0
うけもどし	0
うそわらい	3
うちじに	0
うみすな	0
うらみなき	0
うりおしみ	0
うりけし	0
うりもどし	0
うれしなき	0
うわづみ	0
うわぬり	0
えだがり	0
おいぐい	0
おいだき	0
おいのり	0
おいはぎ	0
おいよみ	0
おおあばれ	3
おおなき	0
おおはしゃぎ	3
おおもうけ	3
おかげまいり	4
おくじた	0
おしあらい	3
おしうり	0
おしくわせ	0
おもいちがい	0
おもらし	2
おんなおんな	4
かいいそぎ	0
かいおき	0
かいだめ	0
かいびかえ	0
かおだし	0
かおまけ	0
かおりづけ	0
かきおき	0
かきおとし	0
かきため	0
かきにげ	0
かきもぎ	3
かくしだて	0
かけがい	0
かげぼし	0
かさねがき	0
かさねづけ	0
かさねばり	0
かさねまき	0
かしさげ	0
かたうち	0
かたえぎき	0
かたおこし	3
かたおち	0
かたがわり	3
かたくずれ	3
かたどり	0
かたむすび	3
かなごし	0
かべうち	0
かみおくり	3
からすべり	3
からとび	0
からまわり	3
かりとり	0
かりどめ	0
かりぬい	0
かりまし	0
かりむすび	3
かわきじに	0
かわりばえ	0
ききにげ	0
きずまけ	0
きやせ	0
きよがき	0
きりばり	0
くいにげ	0
くしいれ	0
くちぞえ	0
くちぞへ	0
くるいじに	0
けむぬき	0
こえがれ	0
こおどり	2
こころおとり	4
こころがはり	4
こころがわり	4
こころくばり	4
こころぞえ	0
こころまさり	4
こころまどい	4
こころよわり	4
こしいり	0
こすりあらい	4
ことばかけ	3
ことばぼけ	0
こやすみ	2
ころもがえ	0
ころもがへ	0
さかなで	0
さかむし	0
さきぐい	0
さぐりうち	0
さぐりびき	0
さけぶくれ	0
さそいあげ	0
さとずみ	0
ざこね	0
ざるあげ	0
しおゆで	0
しかけづくり	4
したがき	0
したごしらえ	3
したぬり	0
したゆで	0
しなえらび	3
しなさだめ	3
しぼりどめ	0
じゃりとり	3
すあらい	2
すきうつし	0
すきみ	0
すくいとじ	0
すじぎり	0
すすぎあらい	4
すすはらい	3
すそあげ	0
すどまり	2
すなだし	0
すばなれ	2
すみづくり	3
すわりうんこ	4
そいね	0
そりそり	1
たからさがし	4
たかわらい	3
たきび	0
たちうり	0
たちくらみ	0
たちぐい	0
たちこぎ	0
たちふり	0
たねあかし	3
たねぬき	0
たまぎり	0
たまだし	0
たまのび	0
ためしがい	0
ためしづり	0
ためしどり	0
ためしひき	0
たるづめ	0
だしなおし	0
ちからがち	0
ちぶくれ	0
ちぶるい	2
つかいだて	0
つかいべり	0
つかいまわし	0
つかまりだち	0
つかみよみ	0
つくりこみ	0
つけおち	0
つけおとし	0
つけとどけ	0
つけまし	0
つげぐち	0
つじがため	3
つちあそび	3
つちいじり	3
つちよせ	0
つなぎうり	0
つぼうり	0
つまみあらい	4
つみほろぼし	3
つゆはらい	3
てくばり	2
てじまい	2
てつぎ	0
てつむぎ	2
てづかみ	2
てなおし	2
てなげ	0
てひらき	2
てびらき	2
てまねき	2
てむかい	2
とおがけ	0
とおしいり	0
とこしめ	0
とこぼり	0
ところがえ	0
とばしよみ	0
とりだめ	0
どろおどり	3
なかたがい	3
なかだるみ	0
なかなおり	3
なかやすみ	3
ながおい	0
ながしみ	0
ながやみ	0
ながわずらい	3
なぐりがき	0
なげうり	0
なつばて	0
なつまけ	0
なつやせ	0
ななめよみ	0
なまぼし	0
なわのび	0
なんなんと	0
にあつかい	2
におくり	2
におろし	2
にぐり	0
にごしらえ	2
にさばき	2
につぎ	0
にづくり	2
にわけ	0
ぬきかえ	0
ぬぎき	2
ぬしがえ	0
ぬすみぎき	0
ぬすみのみ	0
ぬのごし	0
ねぎめ	0
ねげろ	0
ねこじ	0
ねさがり	0
ねだめ	0
ねぶみ	0
ねまわし	2
ねりだき	0
のみにげ	0
はおち	0
はがり	0
はしりがき	0
はすかし	2
はだあれ	0
はついり	0
はばよせ	0
はもと	0
はやいき	0
はやおくり	3
はやまわし	3
はらいげり	0
ばあれ	0
ひがえ	0
ひきうたい	0
ひきにげ	0
ひぎれ	0
ひとかわり	3
ひとよい	0
ひなたぼっこ	4
ひろいよみ	0
ふかよい	0
ふきぞめ	0
ふなあげ	0
ふなづみ	0
ふなどめ	0
ふなよい	0
ふなよひ	0
ふりあらい	3
ふりにげ	0
ふろめぐり	3
ぶたがわり	3
ほぞぐみ	0
ほねおしみ	3
ほねやすめ	3
ほばらみ	2
まえうけ	0
まえがし	0
まえがり	0
まえばらい	3
まきしめ	0
まきなおし	0
まげのばし	0
まごびき	0
まぜがき	0
またがし	0
またがり	0
まちびらき	3
まとめがき	0
まとめぐい	0
まのび	0
まるあらい	3
まるかぶり	0
まるぞめ	0
まるどり	0
まるなげ	0
まるね	0
まるのみ	0
まるぼし	0
まわしのみ	0
まわしよみ	0
みおとり	0
みずあらい	3
みずどき	0
みずぶき	0
みせじまい	3
みぶるい	2
みぶるひ	2
みやこいり	0
みやこばらい	4
めぐりこし	0
めざら	0
めしぶくれ	0
もちにげ	0
もみで	0
もらいなき	0
やきいれ	0
やきうち	0
やきつけ	0
やきぼし	0
やきやき	1
やすな	1
やどがえ	0
やねがけ	0
やぶにらみ	0
やみうち	0
やみのみ	0
やみばらい	3
ゆかあげ	0
ゆだし	0
よこどり	0
よこはいり	0
よこもち	0
よせうえ	0
よせがき	0
よなおし	2
よびうり	0
よびなき	0
わけあらい	3
わりはぎ	0
あなあけ	0
かくせつ	1
こなゆき	2
じかい	0
すみかえ	0
でまち	0
ねのい	1
ふでがき	0
まきまき	1
いいよどみ	0
しろん	0
じつぞう	0
かいらく	1
だいどころ	0
しんまい	0
ちぎり	0
ちでじ	0
のぞきみ	0
はらし	0
みなみかん	0
しょてん	0
せいざん	1
たなだ	0
てだし	1
かわせん	2
ちきゅう	0
てわけ	3
めんしき	0
ななくさ	2
りょうほう	1
なかじた	0
あみや	2
かくえき	1
きょしょ	1
しじん	0
ほんしょ	1
かんすう	3
きんだいち	3
あおいろ	0
きょれい	0
しまざき	2
ばんにん	0
ひとあつめ	3
うえがわ	0
みつじ	1
ちょーだい	3
つちや	0
あくしん	0
むつの	1
いしまる	0
いちうじ	2
おんけい	0
じつがく	0
たんそ	1
まろやか	2
みけん	0
かいは	1
しおくり	0
ちゅーもく	0
りっこく	0
おおぶり	0
しゃか	1
てきへい	0
とうふ	1
ひないち	2
いるい	1
ちゅういち	0
ぶねん	1
ほんてん	0
ししょ	1
ともあきら	3
ひがしどなり	4
あつりょく	2
えいが	1
けいすう	3
えきちょう	0
かかく	0
おごおり	2
じゅうぞう	0
すががさ	2
のうすいさん	3
えいん	0
がっきょく	0
もつとてつてい	0
みわけ	0
うけわたし	0
けんないがい	3
しもうま	2
こんれん	0
さくびやう	0
しゆんせつ	0
そしやく	0
どけん	0
ばんざあーい	3
いけがみ	2
うちすう	3
さいくん	1
じょうかりゅう	3
たんし	1
みちじゅん	0
たいいき	0
ちちじま	0
はつせり	0
しゅうき	1
とうの	1
はばつ	0
ぶっかい	0
あとかた	0
かざあな	0
きよなり	2
じきだん	0
ぜんふつ	0
かつやま	2
かふう	0
えいさい	1
だつま	0
ちゃいろ	0
とくぶ	2
あきらか	2
きちじょうーじ	0
べつやく	2
こうげ	1
うめわか	2
きゅうか	0
はつしば	0
ほんえい	0
やすみ	1
さぬきの	0
ざいにち	0
せんぷう	0
ひとあし	2
ぶっし	1
しょくりょう	2
ばんごう	3
りょうしゃ	1
つぼね	0
えいすうじ	3
おこま	1
さいばん	1
したね	0
しょげつ	1
かまくらちょう	4
したい	0
はくはん	0
わざわい	0
すさみ	1
ちょうみん	0
わざわひ	0
ぐんこく	0
ほんたい	0
じあい	1
そうしゅん	0
ちゅうくう	0
はくしょ	1
いさわ	0
うすき	0
こうろん	0
しょこく	1
ひとまえ	0
あさいち	2
うわや	0
おんちゅう	0
こうこうぎょう	3
たきゃく	0
かけもち	0
かたちづくり	4
しらはだ	0
たけん	1
おおいし	0
あきや	0
おおさき	1
すきや	0
ごおり	1
かわふね	0
きのめ	1
きゅうちゅう	0
ちゅうぼん	0
はぐき	1
あびこ	0
けいめい	0
なんびょう	0
はなみち	2
よしいえ	2
いえさがし	3
ざれごと	0
だらけ	1
どくげん	0
わるぐち	2
まけ	0
がいえん	0
あごした	0
きたぐち	0
だざいふ	2
ちくさん	0
おない	0
しんきち	0
じょうしき	0
にしょのせき	3
まさみち	2
いおえひめ	3
いさきいりひこの	0
いたける	0
いちが	0
いちしゅ	1
いつせの	1
いとて	1
かずひ	1
きゅうしゅうざん	3
きゅうほうこう	3
くもんりゅう	2
ごんご	1
ここのえまる	4
ごかくひめ	3
さんかくひめ	3
さんじゃく	1
さんまんひめ	3
せんだがわ	3
せんひめ	1
ちせん	1
ちよぎく	2
ちよたいかい	3
ちよのふじ	3
ちよのやま	0
ちよはくほう	3
ときわけ	2
ななつかはぎ	4
にかくひめ	3
はちじょうのみや	5
はっこうぼう	3
ばんれき	0
ひゃくば	1
まんぷくまる	4
まんりゅう	1
みけいりぬ	3
みけいりぬの	0
みすぎいそ	3
みほがせき	3
むつひ	1
やえがきひめ	4
やえことしろぬしの	0
やちほこの	0
やつかみずおみつぬの	0
やつかみずおみずの	7
やつりのしろひこ	6
ゆりっぺ	2
ゆりわか	2
よろずはたとよあきつしひめの	0
ろくた	1
さきたま	0
さかて	0
しつけ	0
じまつ	1
ふつー	0
いっきゅう	1
きょけつ	0
ざっし	0
ちょうへん	0
ほらあな	0
こゆび	0
しゃとう	0
そっかん	0
ぞうぶん	0
けえき	0
ごうし	0
かけい	0
きのうきょう	2
いきどまり	0
たっきゅう	0
ながはま	0
とうない	1
はなかわど	3
どうとく	0
りょうふう	0
おしょく	0
かわぎし	0
さしとめ	0
そんえき	1
しんぞうせつ	3
とくい	1
がこく	1
たあ	1
ちょうたん	0
みちろう	0
むじ	1
あおねぎ	0
あんぴ	1
かみほんまち	3
ねつかん	0
りゅうたろう	0
しごとにん	0
せっそう	0
どうぎ	1
ひときり	0
かいきょう	0
ちゅうちょうき	3
まじゅつ	1
ふうりょく	1
やばら	1
けつまつ	0
とうなん	0
みぶん	1
いぐさ	1
かきゃく	1
しなうす	0
にげごし	0
きおい	0
ぐせい	1
なんおう	0
べっ	0
たらま	1
はんにん	1
ぼうねん	0
れっしゃ	1
ぎゅうにゅう	0
ぞうげん	0
みなみあおやま	5
だきあわせ	0
ちかんさい	2
つづけざま	0
へんどう	0
ほんぼ	1
ちゅうすう	0
きょじつ	0
ななやしろ	3
まっさお	3
ごんげ	1
せんがん	0
とうい	1
あわぢ	1
きょくとう	0
ざつおん	0
どうまん	1
むすびつき	0
もくじ	0
ひきだし	0
やけあと	0
れいかい	0
こうねつ	0
ならい	0
なみせん	0
ほせん	0
みずぎ	0
かくそう	1
さかいで	2
しょうに	0
そばてん	2
ただいまぁ	4
ただいまあ	4
ただいまー	4
たらいま	0
りょうそん	1
いっそく	4
おくれ	0
あずさ	1
おんちょう	0
をんな	3
かなのこ	0
きょっきゅう	0
けいむ	1
ぜんど	1
つなみ	0
すんぜん	0
はなればなれ	4
ふっしぎー	4
くろしろ	1
りてい	0
かなづかひ	3
じゅうじゅつ	0
てぢか	0
しさい	0
ちゅうなんぶ	3
てんすう	3
びねつ	0
りょひ	0
うたがひ	0
はくじつ	0
こうむら	1
しらはま	0
ほんけん	1
おおとも	0
さだか	1
ぜんぶん	0
あまのがわ	3
しゅぞう	0
ちゅうじ	1
ばんごはん	3
へんさ	1
うへだ	0
きょじん	0
まんいん	0
きんのう	0
じょきょく	1
どくそん	0
ぐんか	1
りょうりつ	0
しごとずき	0
ひろた	1
まつくろ	3
やまみち	2
かでる	1
もんとびら	3
れんびん	0
えんあん	1
じばん	0
ばちがい	2
よこがき	0
よやとう	2
ぐんぽう	0
でんりょく	0
わりだか	0
ざいあく	1
うちつけ	0
えすえいち	5
おとこもの	0
がよう	0
つぁーつぁい	0
せんたい	0
ぜんれつ	1
ぼうしょ	1
やすすけ	2
やなぎがうら	4
うわむき	0
にしむろ	0
じっちょう	3
いろじろ	0
しょじょう	1
ぬのせい	0
へいや	0
ちゃづけ	0
ぴょう	1
ふかこう	2
おおあれ	0
かつじ	0
ちょくご	0
ていがく	0
ありきたり	0
こきざみ	2
しばいずき	0
しんちゃ	0
あしよわ	0
あてずっぽ	0
あてはずれ	3
あまえずき	0
いらたか	0
うつけ	0
おおぐらい	3
おおまわり	3
おもいがお	0
おもいがほ	0
からつぽ	0
かりそめ	0
きまじめ	2
きよゆき	2
くちべた	0
くちまめ	0
くちわる	0
けぶか	0
けむくじゃら	0
こころのこり	4
こしよわ	0
ざいしき	0
さかしら	0
さきだか	0
さきやす	0
しりがる	0
しりすぼまり	3
しりつぼみ	3
しわくちや	0
すじちがひ	3
すみぶと	0
たけあみ	0
つねなみ	0
つむじまがり	4
つよふくみ	3
てぶら	0
としわか	0
ながっちり	0
はしぢか	0
はじさらし	3
はだざむ	0
はださむ	0
はらぐろ	0
ひたやごもり	4
ひとさわがせ	3
ふでまめ	0
べっかく	0
まっしぐら	3
みせがお	0
むかしかたぎ	4
めざわり	2
めじろおし	0
めっかち	1
よこびろ	0
よこひろ	0
ぎょえん	0
せんげん	3
こくばん	0
どうず	1
きょうざい	0
めんてき	0
よせい	0
りょくどう	0
がそ	1
しんやく	0
せいしょうねん	3
ちゅうどう	0
としだか	0
れいしつ	0
こはば	0
としうへ	0
ゆうてんじ	1
あわれ	1
さいもく	0
そうとく	0
ちょうぷら	0
なかのおおえの	0
ほんたう	0
ほんとお	0
みもの	3
もんこ	1
やっきょく	0
どくしん	0
ゆうじん	0
けつご	0
さくもつ	2
ずはん	0
りゅうち	1
いきょう	0
よこめ	0
あせっかき	2
うってつけ	0
くじゅうく	2
ほんしてん	3
しっぺい	0
にちじ	0
しんそ	1
どよう	0
こじゅう	0
おたる	1
すこやか	2
どうじ	1
かたっぽ	2
かたっぽう	2
だんけい	0
ちゅうきんとう	3
びょうじょう	0
ふつじん	0
ほんこう	1
おおつる	0
しちょうそんちょう	4
どうおん	0
にまいめ	4
ぶんぴ	0
あまえ	0
いいきり	0
うしごめ	0
きょうそん	0
げち	1
ぎょうまつ	0
たけはな	2
ちょうすう	3
てづか	0
ふつぐん	0
たんそう	1
はくえん	0
ぺっしゃんこ	0
おやじ	0
きたかわち	3
だしぬけ	0
なんたい	0
まがし	0
しなやか	2
ちょしょ	1
どうえん	1
くわな	1
しすう	2
たびこ	1
べいさく	0
まゆう	1
まんげつ	1
やぶれかぶれ	4
かがやか	2
しくみ	0
ずいぐん	1
ちゅうたろう	0
はっこつ	0
ふぜん	0
ほしいまま	2
おおきめ	0
がじん	0
さはやか	2
みぢか	0
やすらか	2
わりやす	0
おおちがい	3
きめこまか	3
ちいさめ	0
ひとけ	0
ゆるやか	2
おおまか	0
おほまか	0
こぶり	0
ななそ	0
にょうさん	0
のうりんぎょう	3
のびやか	2
ふたがみ	1
ぶんこく	0
もうど	1
あまあま	0
うまから	0
おおがかり	3
おろそか	2
かわいめ	0
きじつ	1
きめこまやか	4
きらびやか	0
くるしまぎれ	4
ぐっちゃぐちゃ	0
さかしま	0
ざいだん	0
しのびやか	3
すみやか	2
ぜんりょく	0
ちつぽけ	3
つつましやか	4
てあら	0
てごろ	0
てぜま	0
なおざり	0
なごやか	2
なだらか	2
ひたむき	0
ひややか	2
ほねぶと	0
まことしやか	4
めつた	1
もとじ	1
ものしずか	3
やみくも	0
やわらかめ	0
よういん	0
あけひろげ	0
あざやか	2
あざらか	2
あだおろそか	4
あつらえむき	0
あらたか	2
あらめ	0
あららか	2
ありうち	0
あわそか	0
いかめ	0
いたいけ	0
いたずらずき	0
いやちこ	0
うすっぺら	0
うすで	0
うららか	2
おいらか	2
おおっぴら	0
おおびら	0
おおぴら	0
おおどか	0
おおわらわ	3
おかんむり	0
おさえめ	0
おっちよこちよい	5
おとなしめ	0
おとなしやか	4
おぼろけ	0
かさだか	0
かたほ	1
かわらか	2
きすぐ	0
きどころ	2
きゅうちょう	0
きわやか	2
くそまじめ	3
くちおも	0
くやしまぎれ	4
くりそつ	0
けざやか	2
ごっつめ	0
しとやか	2
しりおも	0
しれしれ	1
すくよか	0
すずやか	2
すずろ	0
すぞろ	0
ずっぽんぽん	5
そげ	0
そげえ	0
そびやか	2
たおやか	2
たかやか	2
たわや	0
たわわ	0
ださめ	0
ちみどろ	0
ちよぼちよぼ	0
つづまやか	3
てみじか	0
とぎれとぎれ	4
なまなま	0
なよびか	2
なるお	0
におやか	2
ねむねむ	1
ねんごろ	0
のどやか	2
はでやか	2
はれやか	2
ひそやか	2
ひたぶる	3
ひつぎ	1
ひとしなみ	0
ひろやか	2
ふくよか	2
ふつつか	2
べしゃんこ	0
ぺらっぺら	0
ほこらか	2
まっかっか	0
まっかっかっか	7
まっさら	3
まったいら	3
まどお	0
まどらか	2
まめやか	2
みだり	1
みやびか	2
みやびやか	3
むきつけ	0
むずかしめ	0
むやみやたら	1
めずら	1
やすあがり	3
やせやせ	0
ゆほびか	0
ゆるがせ	0
わかやか	2
わびしら	0
おいし	2
ひきあげ	0
ゆかした	0
ぎゆう	1
さくちゅう	0
さくらがおか	4
おだやか	2
じぜん	0
ちんぷんかん	3
ほんさく	1
うひょう	0
かざむき	0
しぶがみ	0
つまびらか	3
どうりつ	0
ねんばん	0
みずがえ	0
うげん	0
がくめん	0
なかしま	2
ふづくえ	2
よこすわり	0
よしざね	2
おふる	2
がくれき	0
ちゅうきん	0
みんぞく	1
げんど	1
じつれい	0
どうひん	0
どくぜん	0
きょうしょくいん	4
こうに	0
こしべの	0
こおりやま	3
とりたて	0
ほんぎょう	0
もくしつ	0
うしじま	0
しゃむい	2
しゅだん	1
せけん	1
にゅうじ	1
のどか	1
いざなぎの	0
せいあん	1
ぬるめ	0
やよい	0
おーっっ	1
おおつぶ	0
ぢこく	1
たんのう	0
おおっ	1
みんせい	0
めいぶつ	1
だいはち	0
ちくし	0
うらがえし	3
きょり	1
やなぎだ	0
おんすい	0
こうじん	1
しょうぐん	0
たじゅう	0
ぶんらく	1
じさ	1
ちゅうび	0
こわだか	0
のうふ	1
みなみがわ	0
きりあげ	0
とどうふけんない	5
へんち	1
ようす	0
しょうきん	0
そうりょく	1
たいひ	1
めいぼ	0
りょうたん	0
ぎょこう	0
あくしゅう	0
しろねぎ	0
ぜんれい	0
たくいつ	0
みんか	1
ききん	0
きりょく	1
ぎょらい	0
しゅるい	1
たんだい	0
やくしょく	0
じゃし	1
たがい	1
ほうむ	1
きまわし	0
げつまつ	0
じょうりょく	0
はんけつ	0
しょかい	0
あじけ	0
えいぐん	0
おきつ	0
けんいき	0
かしだし	0
とりしまり	0
はんご	0
わんしょう	0
がっきゅう	0
にんぎょ	1
ふじおか	0
やたい	1
りくちゅう	0
いただき	0
こうない	1
ねっせん	0
ぎょるい	1
とうがん	0
にくがん	0
ぼうか	0
もうしあわせ	0
しょほ	1
たくみん	1
どない	0
みきわめ	0
じょうねつ	0
ずめん	0
たんい	1
はんがく	0
ひょうぐ	1
きょせん	0
さかなや	0
しょっかん	0
くうぐん	0
しんにち	0
せっきょく	0
ふうかく	0
まつさか	2
えきじょう	0
てっそく	0
なんろく	0
はちす	0
めいじつ	0
あさめし	0
けっかん	0
とほう	0
ぶっか	0
おんぱ	1
かくしゃ	1
ちくけん	0
ゆうふう	0
あしかり	2
きんもん	0
ひっそう	0
おんなし	0
こうえんじ	1
しゃくち	0
しゅくん	1
たかめ	0
なんどう	0
ゆうみん	0
こさじ	0
ざいちゅう	0
じっち	0
すうじっ	1
ひがん	1
しゅくほう	0
つうしょ	0
ながた	0
べいえいぐん	3
ふつりょう	0
りすう	2
わしつ	0
あんけん	0
おんたい	0
とりしらべ	0
なかちょう	2
めいにち	1
かつぬま	2
だせき	0
ちょうれい	0
しょくにく	0
てわたし	2
やすやど	0
ゆうや	1
かひょう	1
みつど	1
うりば	0
ちゅうそつ	0
とうだ	1
やつお	0
らいきゃく	0
きんりん	0
すいしつ	0
たいいく	1
いけのうえ	3
おうりつ	0
ぐれ	0
じってい	0
たいじゅう	0
とうたん	0
はんざい	0
うじいえ	2
ちゅうやかん	3
おうぶ	1
がいかく	0
しめつけ	0
なぐさめ	0
ほっさ	0
あおあざ	0
えいれい	0
さしいれ	0
ぜんせき	1
そへん	0
ちょうない	1
ろんしゅう	0
おうふ	1
こくゆう	0
どくりょく	0
ぼうりょく	1
りょうとう	0
りょうねん	1
けいしつ	0
ごぐん	0
でんてつ	0
しょろう	0
ははかた	0
がんない	1
ちゃけい	0
ようしょ	0
ようふ	1
きょうふう	0
ぜんこん	0
でんとう	0
にくよう	0
はらこっこ	3
かため	0
がいご	0
ちゃしつ	0
とうげ	3
どうざん	1
ひとりふたり	2
みつぼし	2
あいはらちょう	4
かじん	1
しきない	2
せんき	1
わっかない	3
きんぱつ	0
ごうきん	0
ざいいん	0
しゅんぜい	1
びょうしつ	0
めいしゅう	0
いちの	1
えいあい	0
かくしあじ	3
がんびょう	0
げつれい	0
げんり	1
しゅふ	1
びょうがいちゅう	3
ごうう	1
ちゅうこうせい	3
ぶんみん	0
べつぎょう	0
ぼすう	2
りょうほお	0
りょくちゃ	0
けんおう	0
あせかき	2
かくない	2
がいきょく	0
くんしゅ	1
ごちゃごちゃ	1
ぜいせい	0
うちこわし	0
おもいやり	0
しゅうしゅっか	3
にょうご	1
ようしょうねん	3
てっこつ	0
のんべえ	1
みなとまち	3
ちとう	0
みんえい	0
えんにち	1
おいわけ	0
しゅぜんじ	0
ひょうぶん	0
ふうけい	1
ふんにょう	0
さいじょ	1
すいいき	0
ぜんぷ	1
ていいん	0
わんがん	0
じゅうそう	0
じょうだい	1
せきゆ	0
おうどう	0
かおつき	0
ごけん	1
ざいげん	3
しってん	0
しんぼち	0
そんじゃ	1
ちゅうえつ	0
とよなか	0
たけなか	2
とうく	1
ひゅうむ	1
びじゅつ	1
いわと	0
こうわん	0
じゅんまい	0
でむかい	0
にゅうすい	0
もくどう	0
かんがえなおし	0
しょくざい	0
はるの	1
ほうへい	1
みぎした	0
ろうじゅう	1
しちょうかく	2
しゃめい	0
しゅちゅう	0
しんさかえ	3
だっぽう	0
どてい	0
ほうそく	0
ぼお	0
かわそえ	0
ざんとう	0
しゅうない	1
ちゅうかつ	0
どうそん	1
はちょう	0
まっこう	0
よなぐに	2
りょてい	0
えんでん	0
こうぶつ	1
ことう	0
こわいろ	0
てんねん	0
ぶんぐ	1
れんぜい	0
いこく	0
がくりょう	0
きんぼし	1
たきょく	1
よせあつめ	0
おうけ	1
おうねつ	0
しゅっしん	0
えんるい	1
おうたき	1
きゃくでん	0
せきぞう	0
たての	1
まこう	0
ひんしゅ	1
しぶつ	0
みょうじ	1
いきじょう	0
かいくうぐん	3
きざい	1
こくむ	1
ごまかしわらい	5
じまく	0
とどう	0
なんたん	0
ほうじゅつ	0
くうしつ	0
しまばら	2
りょうろん	0
いんなば	1
かくしょ	1
ざいせい	0
せんほん	0
そうきょく	1
てがた	0
いろん	0
したあご	0
じょろん	0
せきねつ	0
にゅうようじ	3
むごん	0
よさん	0
がいよう	0
ぶとく	1
ゆうざい	0
らいう	1
じょりゅう	0
たんぴん	0
とてつ	0
とよひら	2
びょうぶ	0
ほうや	0
ほんぞん	1
ゆくはし	2
おのでら	2
こくえん	0
じせつ	1
じひつ	0
せんしゃ	1
にしあざぶ	3
ふうせつ	0
ぽうそう	1
れいふく	0
ていび	1
とれん	0
にくたい	0
べつもの	0
きゃくあし	0
しゅけん	0
てつぶん	2
とぎん	0
ふっさ	1
ろめん	0
いくえい	0
かいくうこう	3
さんぼう	1
しのはら	2
しょうちゅうこうせい	5
ぜんさい	0
ちゃたん	1
ちゅうにく	0
ひてつ	0
ふくま	0
ぶつぜん	0
りつぞう	0
いきほひ	3
こっこうしりつ	5
しせき	0
ふくし	0
ほうべん	1
やっか	0
さんじ	1
べし	1
きょうだん	0
しんしつ	0
じゅうし	1
びょうしょう	0
ぼはん	0
みごろし	0
れいじん	0
ぎせき	0
びょうご	0
かりわ	0
げっぽう	0
じつぎょう	0
じゅえん	1
ちゅうちょう	0
つうき	1
なかとみの	0
のうそん	0
ふぜい	0
ゆうこく	0
くにとみ	2
とくし	1
のうりつ	0
みこん	0
れんざん	1
あこう	1
かいきゅう	0
こうそつ	0
じんこつ	0
ないき	1
はんおん	0
はんかん	0
りょうしょ	1
おうがた	0
おおうら	1
かへい	0
けつろん	0
じくぐみ	0
たいどく	0
ばっきん	0
ひでしげ	2
ゆうおん	0
よこた	1
きりさげ	0
そうりょう	0
ちょうたんだ	3
ぶつもん	0
ほんぺん	1
ろうきん	0
えきたい	0
かいさ	1
ぎゅうにく	0
くうぜん	0
けついん	0
べいしゅう	0
りじ	1
けつぎ	1
さいげん	3
しょっこう	0
どうるい	0
ねんちゅう	0
のびりつ	2
ぶざい	0
ぎまい	0
ちゃおび	0
もくぼ	1
りんや	1
いっぷう	1
きゅうたい	0
じっけい	0
ずのう	1
そんこう	0
とうにん	1
こくえき	0
せいきょく	0
ふず	1
りく	1
りょうてん	1
げっきゅう	0
げんしょ	1
しょくん	1
ちゃかい	0
ひげき	1
いりょう	1
いんがい	1
けいねん	0
しゃたく	0
じゅんばん	0
すいなん	0
つうねん	0
づき	0
のりいれ	0
はじょう	0
ばくまつ	0
がしつ	0
ぎょふん	0
げんよきん	3
なんぎょう	0
はくぶつ	2
びひん	0
ようと	1
れいがん	0
えいよう	0
げんあん	0
こだち	0
しんしょ	1
じょうかく	0
なかび	2
のうりょく	1
へいげん	0
よろく	0
りょうにん	1
あんざい	0
おんぷう	0
がんやく	0
きょうはん	0
げきちゅう	0
しゅうどう	0
たいちょ	1
てっさく	0
でんせつ	0
どうみん	0
ないがいせい	3
ななとこ	0
りょうどう	0
おうじょ	1
きゅうれき	0
ざんすう	3
じゅくご	0
りべん	0
うあ	1
きみつ	0
さいがい	0
しゅうすい	0
しゅっしょく	0
ちちこ	1
はいろう	0
ひじゅう	0
ひばん	0
ぼせん	0
えべつ	1
きょうきん	0
しきさい	0
しょさ	1
しんぞうかいちく	5
なかご	1
へいそ	1
じゅうしょく	1
じゅんじょ	1
にょうろ	1
のうし	0
ひょうげん	0
りんじん	0
わかくさ	2
わふく	0
このはな	0
しゃくど	1
ぞうひょう	0
たたい	0
ねつりょう	2
りょうそで	0
うおまち	2
こせい	1
しきてん	0
しでん	0
じょうひょう	0
すいげん	0
ずけい	0
ぢご	1
とうまつ	0
むめい	0
もうちょう	1
わご	1
わしょく	0
おきかえ	0
ごぎ	1
さいぼう	0
せいおう	1
せんねつ	1
たいごく	0
てきち	1
にくせい	0
はらいこみ	0
ひふ	1
ぶっとう	0
べっき	1
ぼうくん	1
ゆうど	1
ろんちょう	0
おうろ	1
くうぼ	1
じょうがい	1
きゃくそう	0
しゃれい	0
しゅうべつ	0
しゅやく	0
じゅしゅ	1
すがき	0
のうやく	0
っぷり	0
べってい	0
ぼつねん	0
まあさ	1
りょうちょう	1
おんめい	0
きょこく	1
けんじゅう	0
こうげい	0
じょうろく	0
せよう	0
とくさん	0
とくじ	1
ひが	1
ぶっせい	0
ほんか	1
めいもん	0
がんそ	1
きょうちゅう	1
そっきん	0
そんとく	1
だんねつ	0
へいしゃ	1
ぼくとう	0
しもかわ	2
しゅたい	0
じぎ	1
てっし	1
まほう	0
めいせい	0
りょうきょく	1
れっきょう	0
かまえ	0
がんぺき	0
ぐうじ	1
げんぱつ	0
しゅついん	0
ちょうしゃ	1
ないひ	1
めいぶん	0
うりょう	1
きゅうはいし	3
こうあつ	0
じゅうりょく	1
すざき	1
そあん	0
ちゅうそう	0
てんがい	0
とっさ	0
とろう	0
とんでん	1
ないへき	0
れいきん	0
わだい	0
わろ	1
きゃくさき	0
げいにん	0
さのう	0
すいりょく	1
ねんごう	3
のうど	1
はいびょう	0
ふたかみ	0
みきき	1
りゆう	0
ろじょう	0
いくじ	1
えんばん	0
かいいき	0
がいこう	0
けつぜい	0
こんじ	1
しっこく	0
せんない	1
てるやま	0
はしゃ	1
ひがしで	3
ほんかん	0
ゆふいん	2
かくめん	1
こっとう	0
さぼう	0
ざんげつ	1
しや	1
しょくせい	0
せいしつ	0
たいろう	0
ちけん	0
ちょうかく	0
にしきこうじ	4
のうち	1
のうり	1
ひょうしゃ	1
わせい	0
あいじょう	0
いたはし	1
がいき	1
きょうりゅう	0
ぎょもう	0
しにょう	0
しゅくてき	0
しょくみ	0
だげき	0
のうてん	3
びょうとう	0
ふうぶつ	1
ふさく	0
ぶんえん	0
もくへん	0
いいあやまり	0
いきょく	1
いふう	0
こうにち	0
しゃがい	1
じきそつ	0
すいど	1
そうす	1
そくしつ	0
ちゃだい	0
ちょっけい	0
どうげん	1
なんい	1
にうめん	1
ねっけつ	0
みょうあん	0
うめたて	0
おおご	1
かんど	1
ぎのう	1
こうたく	0
ざんしゅ	1
しちょうそんぎ	4
しょきゅう	0
しょこう	0
じつえき	0
じゅりょく	1
ぜんもう	0
そくりょく	2
ちゅうせいぶ	3
とっておき	0
なんしょく	0
にくしん	0
のうきょう	0
ばんじゃく	0
ぶがい	1
まんちょう	0
ゆうご	1
りょういち	0
かくじん	1
がくがい	2
げいだい	0
げんぶつ	0
ぜんじんだい	3
ぞくし	1
でんぴょう	0
ふくがん	0
ぶっかく	0
ぼにゅう	0
ゆせい	0
ぎかん	1
ぐんい	1
しそん	1
しょそく	0
すなじ	0
ぜんや	1
ぞうさ	1
つうし	0
つかいみち	0
でんきょく	0
びょうにん	0
ぶんみゃく	0
べっさつ	0
りきさく	0
かけん	0
ぎょうとう	0
ぐんそん	0
こっこうりつ	3
こづくり	2
さいぶ	1
しゅし	1
じゅちょう	0
たくじょう	0
だいざ	0
だんどう	0
ひょうだい	0
ふんじん	0
みんぽう	1
よこう	0
おうばん	0
おんいん	0
ぎゃくすう	3
さくふう	0
じゅんぷう	0
せいへん	0
たくらん	0
たたかひ	0
どうくつ	0
のうこうこう	3
はきょく	0
はくばい	0
ひんど	1
ようねん	0
りかつよう	2
がくひ	0
きよてる	2
きろう	0
ぎきょく	0
ぎゅうもつ	0
けりょう	0
ざんじ	1
しょくほう	0
じゅんきゅう	0
せきぐん	0
せきしょ	0
せってん	1
せんがい	1
ぜんしゃ	1
そりん	0
ばっぽん	0
ほんさい	0
ぼんち	0
もんじん	0
ろうがん	0
ろうちん	1
あくにん	0
きゅうきょく	0
ごしま	1
しざん	1
たしゅ	1
だんとう	0
ちょっきゅう	0
ていぼく	0
どすう	2
ねっぱ	1
ねんこう	0
ひっしょう	0
びけい	0
ぶっそん	0
ほうと	1
まつねん	0
りくじ	0
りくろ	1
りてん	0
ろうや	1
えんつう	0
ぐんま	1
こくげき	0
ごくちゅう	0
ささやか	2
ざせき	0
しょせつ	1
せいもん	0
せんせき	0
ていそく	0
てっぱん	0
とくちょう	0
ないち	1
なんてん	0
にちどく	1
ひなた	0
ぼせい	0
ぼたい	0
ようま	1
れいむ	1
がんしょ	1
きせつ	0
ぎぐん	1
しひ	1
しゅうてん	0
しょくれき	0
せいそんぽ	3
そうぶ	0
たんしょ	1
てきしょう	0
てきほう	0
ないえん	0
ばいおん	0
びてん	0
へんちょ	1
ぼうはん	0
めいはん	1
りょうど	1
りりつ	0
ろうさい	0
うんちん	1
がいけい	0
こうれつ	1
ごうしゅ	1
しゅうじん	0
しょうひ	1
しょにゅう	0
じゃどう	0
じょばん	0
せつめん	0
ぜいかん	0
ぜんい	1
だいきゅう	0
てっそ	1
でんりゅう	0
のうと	1
はいきょ	1
ひぜん	0
ふんにゅう	0
へいえき	0
ぼんさい	0
ぼんじん	0
らんおう	0
りょうよく	0
かくしゅう	1
がくさい	0
がくてき	0
がんり	1
きょくち	1
きょてん	0
けんねつ	1
こうしょ	1
こつりょう	2
さくか	1
しゅてき	0
ぜいしゅう	0
ぞくへん	0
たんけい	0
だせい	0
なんなん	0
ひょうが	1
びょうしょ	1
ぼうじょう	0
まんめん	0
みんわ	0
むきゅう	0
りょうは	1
るいねん	0
えんそ	1
がいむ	1
がくぎょう	2
きじく	0
ぎょい	1
さいなん	3
ざっしゅ	0
しつかん	0
しゅじく	0
しんぴつ	0
じつぎ	1
じゅし	1
そうおん	0
ちゅうてん	0
てきしつ	0
とうぼく	0
とよじ	1
のうどう	0
ふくぞう	0
まやく	0
やくめい	0
りょうめい	1
れいしょ	1
れんきゅう	0
いんしょくりょう	4
うんが	1
おんあつ	0
おんそく	0
かまいし	2
かんぱく	1
きゃくぶ	1
くうさつ	0
くんてん	0
ぐんみん	0
けつりゅう	0
こういき	0
こぐん	1
こしょ	1
ごじゅん	0
ざんてい	0
しせつ	0
しゅういち	0
しりょく	1
しんしゅん	0
しんぞく	1
せいれき	0
せきたん	3
そんじょ	1
たいさい	0
ちぎら	1
てつじん	0
どうきゅう	0
のうみん	0
ばくはん	0
ふけ	0
ほくろ	1
ほんきょ	1
むじつ	1
もくろく	0
ゆいが	1
ようぶん	1
りょうぞう	1
あくとく	0
いくしゅ	0
かいわい	1
かがい	0
かんぎょう	0
かんぴ	1
がんけい	0
ざんさ	1
しつご	0
じついん	0
じはつ	0
じび	1
じゃっきょう	0
じゅつご	0
じょうじん	0
せいにゅう	0
せとの	1
ぜんそう	0
そっきょう	0
たせつ	0
たねん	0
とっきゅう	0
とっけん	0
はんけい	1
ひっけん	0
ひんにょう	0
ふうじん	0
まなび	0
もんしょう	0
りゃくず	0
りょけん	0
れいだんぼう	3
ろうく	1
わきん	0
けってん	3
けんじゃ	1
げこ	1
こうちゃ	0
こくとう	0
しゅうばん	0
しゅくめい	0
しょうはい	0
じっせい	0
じゅくねん	0
じゅんもう	0
じょうしつ	0
ぜついんしょく	3
ぜんこ	1
そういち	0
そんせい	0
ちすい	0
ちゅうさ	0
てっきん	0
とちょうちぎん	4
にゅうぎょう	1
はんこつ	0
ぶんりか	0
みちぞう	0
むふう	0
もちはこび	0
もりつち	0
よざい	0
りゅうすい	0
いこ	1
うんせい	1
おこう	1
かいひん	0
かいぶつ	0
かがっ	1
きょぎ	1
ぎょそう	0
けいひん	0
けいれき	0
けんい	1
げんが	0
こうないがい	3
ざっそう	0
しのう	0
しゅうでん	0
しょじん	1
しょてい	0
しんがお	0
じごう	0
じっせき	0
じひょう	0
じんみゃく	0
すいわ	0
せんぎょう	0
ぜんてん	0
そうろん	0
そせん	1
ぞうきん	0
ちょうてん	1
てきじ	1
でんえん	0
とうてん	1
なんだい	0
なんべん	0
ばいたい	0
ひんし	0
ふそ	1
みかく	0
むりょう	0
めいひん	0
めいぶ	1
やせい	0
ろうじょ	1
あいし	1
あんぽり	3
いりょく	1
うせつりょう	3
おうざ	1
おくがい	2
かくへん	1
きょうねん	0
けいぞう	0
げいのう	0
こうぐ	1
こうたいし	3
さこつ	0
しゃねつ	0
しゅくじ	0
しょうひょう	0
しょうふう	0
しんとく	0
しんばい	0
じゅうゆ	0
すいおん	0
ずろく	0
せいすう	3
そふく	0
たつよう	0
たてん	0
たんじ	0
だいもく	0
だいやく	0
だつりゅう	0
ていしき	0
てきしょ	1
どんちょう	0
ないくう	0
はいねつ	0
はんげ	1
ばんぺい	0
ひとふし	2
へいば	1
へんがく	0
まんしつ	0
むが	1
めいば	1
もくたん	3
もさ	1
るいない	1
れいこん	1
あいきゅう	0
うんゆ	1
えんがん	0
きまち	1
きゅうどう	1
きょくぶ	1
きんいん	0
きんかく	0
きんすい	0
ぐんぞく	0
けっせつ	0
げんきょう	0
げんぽん	1
こくもつ	2
こつぶ	1
さんしつ	0
さんゆ	0
ざっぴん	0
ざんよ	1
しゅたく	0
しゅだい	0
しょうちゅうせい	3
しょうへき	0
しょっかく	0
しょぼう	0
しょれい	1
じょうき	1
じょうわん	0
じりょう	0
すうじく	0
ずうたい	1
せいせき	0
ぜんいき	0
ぜんぺん	0
そうむ	1
ぞっこく	0
たんしょく	0
ちゅうしんけん	3
ちょうだ	1
てきじん	0
てんもう	0
とうしょく	1
どくむし	2
なんしき	0
にっしゃ	0
のうほう	0
ひぼ	1
ぶび	1
ぶんいん	0
ほうしゅう	0
むすん	0
めいい	1
めいちょ	1
もうしわけ	0
やくとく	0
やけい	0
ようじょ	1
りとく	0
あんい	1
いこつ	0
おおどう	0
かんこうろう	3
がばん	0
がんてい	0
きゅうりょう	0
きんこう	0
ぎゅうひ	0
くけい	0
くんぷう	0
ぐんじゅ	1
けいふ	0
こうもん	0
こくほう	0
こつばん	0
ごうわん	0
さいしゅつ	0
さいりょう	0
ざっかん	0
ざんざい	0
しゃせつ	0
しょうびょう	0
じゅんあい	0
じょうじつ	0
じりゅう	0
じろん	0
じんい	1
すんぶん	0
せいざ	0
せんぱん	0
ぜんあく	1
ぜんにん	0
そんのう	0
ぞくぶつ	0
だそく	0
だんか	1
ちゅうごう	0
ちゅうよう	0
ちょっきょ	1
ていさい	0
てつわん	0
とうないがい	3
どうぞく	0
にちおう	1
のうしょく	0
はっけつ	0
はへん	0
ばくぐん	0
ひょうばん	0
ほしん	0
ほひ	1
ほんとん	0
みぜん	0
みなおし	0
みんこう	0
みんよう	0
もうしつ	0
もくだい	2
やがん	0
ようけい	0
らしん	0
りっしゅん	0
ろうじょう	0
ろうへい	0
ろしん	0
わとう	0
わよう	0
いよく	1
うんき	1
おうはん	0
おそ	1
かくえい	0
がいち	1
がんぽん	1
きゃくいり	0
きょくほく	0
ぎしき	1
ぎしょ	1
ぎょうざいせい	3
くういき	0
くうどう	0
ぐんしゅく	0
げんくん	0
こうしゃさい	3
こんかん	0
ごううせつ	3
ごうぞく	0
さいひ	1
さいむ	1
さっちゅう	0
さわぎ	1
ざいめい	0
ざっか	0
しゅくしょ	2
しゅはん	0
しょうじゅう	0
しょうりゅうせつ	3
しょうれき	0
しょこん	0
しょりょう	1
しんちゃく	0
じきじき	0
じゅんど	1
すいれい	0
すうり	1
せきせつ	0
そくざ	1
そしつ	0
そんえい	0
たいかく	0
たそう	0
たもう	0
たんばん	0
だいめい	0
だんすう	3
ちょうぶ	1
ていてつ	0
てきおん	0
てきりょう	0
とうゆうし	3
どくそ	1
どせき	0
ないわん	0
なんすい	0
にっぽ	1
にゅうしゅついん	4
のうじょう	0
のうりんぎょぎょう	5
はんろ	1
ばぐん	0
ばっかく	0
ばぼう	0
ひど	1
ひょうしき	0
びぼう	0
びょうたい	0
びろく	0
ふうぼう	0
ふうらい	0
ふうれん	1
ふちん	0
ふめん	0
ぶしゅ	1
ぶっちょう	0
ぶつだん	0
へきが	0
ほすい	0
みやすどころ	4
むざい	1
めいけん	0
めんるい	1
ようぎ	1
ようつう	0
ようもう	0
らんぶん	0
りつめい	0
りゃくし	1
りゃくでん	0
りゃくれき	0
りょうしょく	0
れんめい	0
わけん	0
わさい	0
わしき	0
あんうん	0
あんしつ	0
いくじゅ	1
いんぼ	1
うんでい	0
えいかく	0
えいらん	1
えよう	0
えんしゅ	1
えんたく	0
おくたま	0
かいきょ	1
かくぎ	1
かりょく	1
かんくう	0
かんこうじゅ	3
がくせつ	0
きこん	0
きょうぎゅう	0
きょじゅ	1
きんげんだい	3
きんちょ	1
ぎしょく	1
ぎじ	1
ぎゃくしん	0
ぎゃくせつ	0
くうちょう	0
くげん	0
くせん	0
けいみゃく	0
けんしょ	1
げっとう	0
げんぎ	1
こっし	1
こんがい	1
こんてい	0
ごうすう	3
ごうべん	0
ごえつ	1
さくき	1
さんぴ	1
ざいむ	1
ざんがく	0
ざんこう	0
しゃかく	1
しゅくだい	0
しゅくてん	0
しゅにん	0
しょくせき	0
しょぐん	1
しょみん	1
じっぴ	0
じつだん	0
じでん	0
じゃれい	0
じゅうせい	0
じゅうぼく	0
じゅさん	0
すいあつ	0
すいてき	0
ぜつたい	0
ぞうもつ	0
ぞうようしょく	3
ぞくと	1
たんたい	0
ちぎん	0
ちゅうていしゃ	3
ちょうもう	0
ていおう	3
てきい	1
てきだん	0
てんば	1
でんあつ	0
でんい	1
でんこう	1
とうぐう	3
とくとう	0
とくのう	0
どうおう	1
どうが	0
どうざい	0
どうらん	0
どうる	0
ないじょう	0
にちげき	0
にっきゅう	0
にゅうしゅ	0
にょうへい	0
にんち	1
ねっしん	0
ねんりん	0
はくいん	0
はんかく	0
ばいじん	0
ばんけん	0
ひっこん	0
ひつりょく	2
ひんきゅう	0
びはく	0
びょうそう	0
びょうへん	0
ふうそく	0
ふうひょう	0
ふんたん	0
ぶんぼう	0
ほうこ	1
ぼくたく	0
ぼんさく	0
ましょう	0
まつろ	1
みょうけん	1
みょうれい	0
もそう	0
もっかん	0
やくかく	0
よいん	0
よじょう	0
らいひん	0
らっか	1
らんいん	0
らんりょう	0
りくかいぐん	3
りょういん	0
れいだい	0
ろうぜん	0
ろがい	1
ろっかん	0
わぎゅう	0
わそう	0
われき	0
あいさい	0
あいろ	1
いしょ	1
いんえい	0
いんぜい	0
いんもう	0
いんりつ	0
うじょう	0
うせき	0
うみべり	0
うんざい	0
うんじょう	0
えいのう	0
えきしょう	0
えんそく	0
えんてい	0
おすい	0
かくきゅう	1
かくれい	0
かつげき	0
かんしつ	0
がくじょう	0
がりょう	0
きうつ	0
きがい	1
きゅうぎ	1
きゅうば	1
きょうげん	3
きょげん	0
きょほう	0
きんごう	0
きんりょく	1
ぎけん	0
ぎじゅく	1
ぎねん	0
ぎょうせき	0
ぎわく	0
くうせき	0
けいがい	0
けいきん	0
けいぼう	0
けいろう	0
けっしん	0
けんぴつ	0
げんせつ	0
げんばく	0
げんりき	0
こうざい	0
こくすい	0
こくせつ	0
こめん	0
こんきょ	1
ごうひ	1
さかどう	2
させき	0
さでい	0
ざいしゅ	1
ざいべつ	0
ざがく	0
ざっけん	0
ざつぎ	1
しう	1
しざい	1
しゃぎょう	1
しゃほ	2
しゃよう	0
しゅうぶん	0
しゅっすう	3
しょうい	1
しょこ	1
しょにん	0
しんかく	0
じきでん	0
じぎゃく	0
じへん	1
じほう	0
じゃりょく	1
じゅうあつ	0
じゅうけいしょう	3
じゅくじょ	1
じょうぎ	1
じょうぶん	0
じょれつ	0
じんえい	0
すいらい	0
すんぽう	0
ずかん	0
せいいん	0
せいひ	1
せっこつ	0
せつぞう	0
せつれい	0
ぜいり	1
ぜっせん	0
ぜっぺき	0
ぜんぴん	1
そうしょ	1
そうぜい	0
そうへい	0
そくい	1
そくたつ	0
そすい	0
そつろん	0
たいきゅう	0
たしゅう	0
たっちゅう	0
たんさん	0
だいこうせい	3
だいざい	0
だいれん	1
だりょく	0
ちゅうはいすい	3
ちょくがん	0
つうてん	0
ていぼう	0
ていり	1
てきざい	0
てつどうせい	0
でんきゅう	0
とうげい	0
とうせつ	0
とうど	1
とうにょう	0
どうしょくぶつ	4
どうれつ	0
どそく	0
ないがいそう	3
ないせき	0
にくてん	0
にじん	1
にんむ	1
ねつべん	0
ねんぷ	0
ねんまく	1
のうさんそん	3
のうは	1
はいあん	0
はいじょせつ	3
はいふ	0
はくひん	0
はさつ	0
ばっそく	0
ひんい	1
びょうり	1
ふうしん	0
ふくじん	0
ふくにゅう	0
ふんざい	0
ぶつぎ	1
へんりん	0
ほくい	1
ほんじょう	1
ぼうしゅう	0
ぼうどう	0
ぼこう	1
ぼとう	0
ぼめい	0
ぼんじ	0
まかい	0
まっぴつ	0
まんぱい	0
まんるい	0
みつりん	0
みもん	0
めいぼく	0
もうか	1
もうしょう	0
もうだ	1
もうどく	0
もんてい	0
やくぜん	2
やっかん	0
ゆあつ	0
ゆうきゅう	0
ようろく	0
よちょう	0
らいしょ	0
らくらく	0
らんせん	0
りくち	0
りそく	0
りつりょう	0
りゅうへい	0
りょうしき	0
りょうへい	0
りれき	0
りんせん	0
りんれい	0
れっぷう	0
ろうけん	0
ろうしん	0
ろんこう	0
あいえき	1
あいかん	0
あいしゅう	0
あくい	1
あくえん	0
あくひょう	0
あくぼう	0
あんきょ	1
あんどう	0
あんみつ	0
あんもく	0
いげ	1
いさい	1
いしゅつにゅう	3
いじゅつ	1
いちょ	1
いつう	0
いつざい	0
いんぼう	0
うじゃく	1
えいごう	0
えいだん	0
ええん	1
えきてき	0
えきむ	1
えんげい	0
えんげき	0
えんこん	0
えんまく	1
おうたい	0
おうぼ	1
おかん	0
おくぐん	2
おんぎ	1
おんさい	0
おんとう	0
おんらい	0
かいぞく	0
かいみょう	1
かいろう	0
かくざい	1
かくへき	0
かくほう	1
かっきょう	0
かんい	1
かんえき	0
かんえつ	0
かんけん	0
かんざい	0
かんぜおん	3
かんそうげい	3
かんりく	0
がいこん	0
がいしゅう	0
がいじゅう	0
がいまく	0
がいろ	1
がくばつ	0
がくゆう	0
がこう	0
がごう	1
がざい	0
がだい	0
がんくつ	0
がんせき	1
がんどく	0
がんぷく	0
きぐらい	2
きっすい	0
きてき	0
きゃくえん	0
きゃくちゅう	0
きゃはん	0
きやく	0
きゅうきん	0
きゅうすう	3
きゅうたいよ	3
きゅうはいすい	3
きゅうばん	0
きゅうむ	1
きゅうゆう	0
きょうえき	0
きょうけい	0
きょうじゅう	0
きょうそ	1
きょうそく	0
きょうぞう	0
きょうでん	0
きょうなん	0
きょうふ	1
きょっけい	0
きょとう	0
きょどう	0
きょにゅう	0
きょにんか	2
きょふ	1
きれき	0
きんさ	1
きんざい	0
きんじゅ	0
きんじゅう	0
きんみゃく	0
きんもつ	0
きんゆ	0
ぎえん	0
ぎおん	0
ぎさい	0
ぎしん	0
ぎだい	0
ぎふん	0
ぎゃくすい	0
ぎゃっきょう	0
ぎょうきょう	0
ぎょうさいじ	3
ぎょうし	1
ぎょきょう	0
ぎょぐん	0
ぎんかん	0
ぎんじょう	0
ぎんぱく	0
ぎんぱつ	0
くうてい	0
くうらん	0
くたい	0
くだい	0
くらやみ	0
くんこう	0
ぐうぞう	0
ぐてい	0
ぐはん	0
ぐもん	0
ぐんしん	0
ぐんび	1
けいぎ	1
けいきょう	0
けしん	0
けつい	1
けつび	1
けんげき	0
けんしき	0
げいめい	0
げきが	0
げきしん	0
げきつう	0
げきてつ	0
げきひょう	0
げきぶつ	2
げきりん	0
げだい	0
げつきゅう	0
げぼく	0
げろう	2
げんちょ	1
げんでん	1
げんばつ	0
げんぴょう	0
げんぴん	0
こううつ	0
こうのう	0
こうぼ	1
こうみ	1
こくぎ	1
こくさく	0
こさつ	0
こそん	0
こんさい	0
こんたん	0
こんでん	0
こんぺき	0
ごうたんばん	3
ごうてい	0
ごうもう	0
ごがん	0
ごくい	1
ごくもん	0
ごばん	0
ごびゅう	0
さいおう	0
さいげき	0
さいしゅほ	3
さいほしゅ	1
さいらく	0
さおう	2
さくがん	2
さくばん	2
さっきょう	0
さつみ	0
さろう	0
さんいき	0
さんけつ	0
さんげき	0
さんすう	3
さんぞく	0
さんだん	0
さんりく	0
ざいかい	0
ざいはん	0
ざいほう	0
ざいもく	0
ざこつ	0
ざぞう	0
ざっこく	0
ざつむ	1
ざつわ	0
ざひょう	0
ざんきょう	0
ざんしょ	1
しきけん	0
しきざい	0
しきじ	0
しきょ	1
しくちょうりつ	3
しけっ	0
しざ	1
しじつ	1
しじゅく	1
しちょうそんいき	4
しちょうそんえい	4
しちょうそんりつ	0
しったい	0
しつおん	0
しつぎ	1
しつど	1
しゃがん	0
しゃっかん	0
しゃっけい	0
しゃでん	0
しゃにく	0
しゃろう	0
しゅうかつ	0
しゅうきゅう	0
しゅうぎょ	1
しゅうぞく	1
しゅうたい	0
しゅうまく	0
しゅうもく	0
しゅくい	1
しゅくず	0
しゅげん	0
しゅこ	1
しゅしゅう	0
しゅじ	1
しゅとう	0
しゅひょう	0
しゅびょう	0
しゅぼう	0
しゅらん	1
しゅろ	1
しゅんきゅう	0
しゅんさい	0
しゅんとう	1
しょうえき	0
しょうそく	0
しょうみゃく	0
しょうむ	1
じょうもん	0
しょくのう	0
しょは	1
しょひ	1
しょひょう	0
しょふう	0
しよく	0
しんおう	0
しんごん	0
しんずい	0
じんぱい	0
しんびょう	0
しんめ	1
じず	1
じっきょう	0
じっとく	0
じつがい	0
じぼう	0
じゃくれい	0
じゃひ	1
じゅいたく	2
じゅうざい	0
じゅうちん	0
じゅうは	1
じゅえき	0
じゅじゅつ	1
じゅはっしん	2
じゅひょう	0
じゅれい	0
じゅんかつ	0
じゅんそく	0
じゅんちく	0
じょうえ	1
じょうけい	0
じょうど	1
じょうば	1
じょうへき	0
じょうり	1
じょさい	0
じんけい	0
じんつう	0
じんゆ	1
じんよう	0
すいくん	0
すいぞう	0
すいばく	0
すいま	1
すいみつ	0
すうぶつ	0
すごろく	0
すんげき	0
すんし	1
せいい	1
せいいき	0
せいう	1
せいこん	0
せいざいかい	3
せいそうねん	3
せいちゃく	0
せいびょう	0
せいへい	0
せきざい	0
せきひょう	0
せきひん	0
せきふう	0
せじ	0
せっかく	0
せっし	1
せったく	0
せつど	1
せんいき	0
せんえき	0
せんぎょ	1
せんこつ	1
せんず	0
せんばい	0
せんび	1
せんみん	0
せんれき	0
ぜいむ	1
ぜっけい	0
ぜっちょう	0
ぜっぴん	0
ぜっぽう	0
ぜつやく	0
ぜんしつ	0
ぜんしょく	1
ぜんちゅうひ	3
ぜんに	1
そうざい	0
そうしゅ	1
そうしゅう	0
そうと	1
そうにん	0
そうへき	0
そうりょ	1
そうりん	0
そうるい	0
そよう	0
そりょう	0
そんじょう	0
そんばい	0
そんぴ	1
そんぼう	0
ぞうす	1
ぞうび	1
ぞくりゅう	0
たいあつ	0
たいしゅ	1
たいりん	0
たくろう	0
たしん	0
たっけん	0
たんしゅう	0
たんぱつ	0
だえき	0
だくりゅう	0
だじゅん	0
だちん	0
だっさい	0
だっしょう	0
だんい	1
だんがん	0
だんてん	0
だんぺん	0
だんやく	0
ちくさく	0
ちくはん	0
ちじょく	0
ちせいちょう	2
ちつがい	2
ちつこう	0
ちのう	1
ちゃくしゅ	1
ちゅうきょうしん	3
ちゅうぐ	1
ちゅうてい	0
ちょうさん	0
ちょうぞく	0
ちょうひょう	0
ちょくちょう	0
ちんか	1
ちんけい	0
ちんこん	0
ちんじゅ	0
ちんじゅう	0
ついしん	0
ていいき	0
ていしゃく	0
ていだい	0
ていひょう	0
てきじょう	0
てっきょう	0
てつち	0
てつろう	0
てんきょ	1
てんそん	0
てんちゃく	0
てんぱん	0
てんびん	0
でいりゅう	0
でんげき	0
でんさん	0
でんしょく	0
でんのう	0
でんぽう	0
とうあん	0
とうぎょう	0
とうこく	1
とうざ	0
とうゆ	0
とうらく	1
とうろ	1
とくぎ	1
とくさく	0
とくしつ	0
とくそう	0
とくだい	0
とくだん	0
とくでん	0
とどうふけんいき	5
とどうふけんえい	5
とどうふけんりつ	5
とりょう	1
とんけん	0
どうなべ	0
どうばん	0
どくげき	0
どご	1
どんてん	0
ないこん	0
ないだい	0
ないふん	0
ないむ	1
なんねん	0
なんもん	0
にくかん	0
にくぎゅう	0
にくぼう	0
にくまん	0
にゅうし	1
にゅうしゅっか	3
にゅうたいいん	3
にゅうたいしつ	3
にゅうてん	0
にゅうばい	0
にょうどく	0
にんそう	1
にんだく	0
ねつい	1
のうえんげい	3
のうこん	0
のうさんぎょそん	5
のうしん	0
のうちくさん	4
のうはん	0
のうりんぎょか	5
はいがい	0
はいぐう	0
はいせい	0
はいとく	0
はいばん	0
はいひん	0
はいゆ	0
はいろ	1
はくしゃく	0
はっさい	0
はつご	0
はつじゅでん	3
はどう	0
はんじゅく	0
はんちゅう	0
ばいえん	0
ばいぼう	0
ばくせい	0
ばっき	1
ばてい	0
ばんちゃ	0
ひきゅう	0
ひきわたし	0
ひこん	0
ひしりょう	2
ひっけい	0
ひっちゃく	0
ひっちょう	0
ひっぽう	0
ひふく	0
ひほう	0
ひまく	0
ひめい	0
ひょうけん	0
ひょうざい	0
ひょうてん	0
ひょうでん	0
ひんこう	0
ひんじゃ	1
ひんにゅう	0
ひんぷ	1
びかつ	0
びてい	0
びはん	0
びょうい	1
びょうく	1
びょうこん	0
びょうしき	0
びょうめい	0
びょうれき	0
ふうあつ	0
ふうさ	1
ふうさい	0
ふかしん	2
ふねん	0
ふりょく	1
ぶっしょう	0
へいがい	0
へいさつ	0
へいじゅく	0
へいじゅん	0
へいばい	0
へきうん	0
へきこう	0
へんきゅう	0
へんとう	0
へんぽう	0
べんい	1
べんぜつ	0
べんむ	1
ほうぎょう	0
ほうず	0
ほうはつ	0
ほうひ	1
ほうび	0
ほうりょう	0
ほくばく	0
ほげい	0
ほじょう	0
ほちゅう	0
ほとう	0
ほりょ	1
ほんもう	0
ぼうが	1
ぼうきん	0
ぼうぐ	1
ぼうこく	0
ぼうさ	0
ぼうじん	0
ぼうだん	0
ぼうつい	0
ぼうてき	0
ぼうは	0
ぼうふ	0
ぼかい	0
ぼがい	0
まきょう	0
まんせき	0
まんせん	0
まんぱん	0
みひつ	0
みぼうじん	2
みゃくはく	0
みゃくらく	0
みょうり	1
みんぎょう	0
みんげい	0
みんしゅく	0
みんじゅ	1
みんせつ	0
みんろく	0
むきょう	0
むきん	0
むつう	0
むてき	0
むはい	0
むほん	1
めいうん	0
めいえん	0
めいばん	0
めいふく	0
めいやく	0
めんざい	0
めんぼお	0
もうい	1
もうきん	0
もうさい	0
もうしょ	1
もうりょう	0
もしき	0
もんばつ	0
やくえき	0
やくがい	0
やじゅう	0
やほう	1
やぼう	0
ゆいしょ	1
ゆいのう	0
ゆうげき	0
ゆうびょう	0
ゆさい	0
ゆだく	0
ゆでん	0
ようおん	1
ようがい	0
ようとん	0
ようへん	0
ようぼく	0
ようらん	0
ようれき	0
よくぼう	0
よしょうぼう	2
よだつ	0
よとく	0
らくいん	0
らんちょう	0
らんぴつ	0
らんりゅう	0
りがい	1
りくいき	2
りくうん	0
りくかいくうぐん	5
りくじゅう	0
りじゅん	0
りゅういん	0
りゅうぎん	0
りゅうさん	0
りゅうざい	0
りょうかつ	0
りょうぎゃく	0
りょうざん	1
りょうしゅ	1
りょしゅう	0
りょじょう	0
りょだん	1
りよく	1
るいぎ	0
るいれい	0
れいおん	0
れきせい	0
れつわ	0
れんし	1
ろうかく	0
ろうきょく	0
ろうぜき	0
ろうそう	0
ろうのう	0
ろうば	1
ろうほう	0
ろうもん	0
ろうれい	0
ろおん	0
ろぼう	0
ろんきょ	1
わくん	0
わほう	1
あいい	1
あいえん	0
あいお	1
あいぎ	1
あいけつ	0
あいじゅう	0
あいぜつ	0
あいそく	0
あいたん	0
あいつう	0
あいとく	0
あいねん	0
あいばい	0
あいひ	1
あいびょう	0
あいふー	0
あいべつ	0
あいほう	0
あいみつ	0
あいゆう	0
あいよく	0
あいり	1
あいるい	0
あかつつみ	3
あきょう	0
あぎょ	1
あくいん	0
あくうん	0
あくえき	0
あくおう	3
あくがい	0
あくぎゃく	0
あくごう	0
あくさい	0
あくさく	0
あくし	1
あくしゃ	1
あくしょ	1
あくじき	0
あくしょく	0
あくじゅう	0
あくじん	0
あくせつ	0
あくぜい	0
あくそう	0
あくそくしゅ	3
あくぞく	0
あくたろう	3
あくだん	0
あくちょう	0
あくど	1
あくどう	0
あくにち	0
あくねん	0
あくは	1
あくばん	0
あくひつ	0
あくふ	1
あくふう	0
あくへい	0
あくへき	0
あくほう	0
あくめん	0
あくやく	0
あくゆう	0
あくりゅう	0
あくりょ	1
あくりょく	2
あくれい	0
あくれつ	0
あけい	0
あしゅ	1
あしょう	1
あせい	1
あぜち	1
あぞく	1
あっかく	0
あっき	0
あっくう	0
あっけい	0
あっけん	0
あっこく	0
あっつう	0
あっつうてん	3
あつじょう	0
あつでん	0
あつみつ	0
あつれき	0
あぼう	1
あまに	0
あもく	1
ありゅう	0
あんいん	0
あんきょう	0
あんぎょう	0
あんくう	0
あんけつ	0
あんさん	0
あんしゅ	1
あんしゅう	0
あんしょ	1
あんしょく	0
あんせん	0
あんちん	0
あんにん	1
あんび	1
あんまく	0
あんめい	0
あんもう	0
あんりゅう	0
あんりょく	0
あんるい	0
いあい	0
いいき	1
いいつ	0
いえき	0
いえつ	0
いかぞく	2
いきか	2
いきないがい	3
いくそう	0
いくびょう	0
いくぼう	0
いくもう	0
いくゆう	0
いくりん	0
いくん	0
いごう	1
いしやくけい	0
いじゃく	0
いじゅ	1
いじゅく	0
いじょ	1
いすう	2
いつぐん	0
いつこう	0
いつじ	1
いつじん	0
いつぞん	0
いつにゅう	0
いつび	1
いつぶん	0
いつぼ	0
いつみん	0
いつや	1
いつらく	0
いつりゅう	0
いてき	0
いどく	0
いのう	0
いは	1
いはち	0
いはつ	0
いひつ	0
いひょう	0
いひん	1
いびょう	0
いふつ	1
いへい	1
いへき	0
いべい	1
いほく	1
いほしん	2
いほん	0
いぼう	0
いみょう	0
いめい	0
いゆう	0
いゆしゅつ	2
いんあ	1
いんあく	0
いんあつ	0
いんい	1
いんう	1
いんえき	1
いんおう	0
いんおん	0
いんかく	0
いんかん	0
いんきゃく	0
いんきょう	0
いんきょく	0
いんぎゃく	0
いんぎょう	0
いんぐう	3
いんぐん	1
いんけい	0
いんげつ	1
いんさ	1
いんざい	0
いんざつよう	3
いんしょ	1
いんじゃ	1
いんじゅ	1
いんじょう	0
いんすい	0
いんすう	3
いんせん	0
いんそう	0
いんたく	0
いんだい	1
いんてつ	0
いんでい	0
いんどう	0
いんにく	0
いんにょう	0
いんのう	0
いんばん	0
いんぱん	0
いんふー	1
いんぶ	1
いんぶん	0
いんぷう	0
いんぽう	0
いんま	1
いんみつ	0
いんみょう	0
いんむ	1
いんむー	1
いんめん	0
いんも	1
いんもつ	0
いんもん	0
いんらい	0
いんりょく	1
いんれい	0
いんれき	0
いんれつ	0
ういき	1
ういろう	0
うえつ	1
うかく	1
うきじゅ	1
うぐん	1
うげつ	1
うこう	1
うさい	0
うしつ	0
うしょう	0
うじゅ	1
うじん	1
うせい	1
うせん	0
うぞう	0
うぞく	1
うっかい	0
うったい	0
うつじょう	0
うつよく	0
うてい	0
うどく	1
うにょう	0
うはつ	0
うべん	0
うみびかえ	0
うもん	1
うゆう	0
うよ	1
うよう	0
うれつ	1
うろく	1
うわく	1
うんう	1
うんえん	0
うんかい	0
うんかく	0
うんかん	0
うんきゃく	0
うんきん	0
うんけい	0
うんげつ	1
うんげん	0
うんこん	0
うんごう	0
うんさい	1
うんざ	0
うんしゃ	1
うんしゅ	1
うんしょう	0
うんすう	3
うんたん	0
うんちょう	0
うんとう	0
うんにゅう	0
うんのう	0
うんおう	0
うんぴょう	0
うんぷ	1
うんぽ	1
うんも	1
うんもん	0
うんゆう	0
うんりん	0
うんれい	0
えあく	1
えいあん	1
えいいき	0
えいうん	0
えいおん	1
えいかい	0
えいがい	1
えいがく	0
えいがっ	0
えいきょ	1
えいぎん	0
えいぐ	1
えいけい	0
えいけつ	0
えいげん	0
えいしき	0
えいしゃく	0
えいしゅ	1
えいしゅん	0
えいしょく	0
えいじつ	0
えいじょく	0
えいせつ	0
えいせん	0
えいちゅう	0
えいてい	0
えいてき	0
えいない	1
えいひ	1
えいふう	0
えいべいふつぐん	6
えいべいほう	0
えいよ	1
えいりょう	0
えいりょく	1
えいれん	0
えいろ	1
えいろう	0
えきあつ	0
えきおん	0
えきが	2
えきき	0
えききゅう	0
えきぎゅう	0
えきし	1
えきしつ	0
えきしょく	0
えきしん	0
やくじん	0
えきじゅう	0
えきすう	3
えきせい	0
えきぜい	0
えきそ	1
えきそう	0
えきぞく	0
えきだん	0
えきち	0
えきちく	0
えきてい	0
えきとう	0
えきないがい	3
えきふう	0
えきぶん	0
えきほう	0
えきまく	2
えきみん	0
えきもん	0
えきやく	0
えきゆう	0
えきょう	0
えきらん	0
えきり	1
えきりょう	2
えきれい	0
えきろ	1
えぎょう	0
えく	1
えげ	1
えげん	1
えこん	1
えしょう	1
えっかん	0
えっき	1
えっしゃ	1
えっぱ	1
えつう	0
えつうん	0
えつき	1
えつぎゃく	0
えつぐん	0
えつそう	0
えつにち	0
えつばん	0
えつふつ	0
えつへい	0
えつみ	0
えつや	1
えつれき	0
えにち	1
えふう	0
えまい	0
えりき	1
えんあい	0
えんい	1
えんう	1
えんうん	0
えんがい	1
えんがく	0
えんきょ	1
えんきん	0
えんきんほう	0
えんぎょう	1
えんく	1
えんげつ	1
えんげつとう	0
えんげんどう	3
えんさん	0
えんざい	0
えんし	0
えんしゃ	1
えんしょ	1
えんしょく	0
えんじゅう	0
えんじゅつ	0
えんじゅん	0
えんすう	3
えんずい	1
えんせつ	0
えんぜい	0
えんそん	0
えんたん	0
えんだん	0
えんどく	0
えんどん	0
えんにょう	0
えんね	1
えんねつ	0
えんぱ	1
えんぱい	0
えんぷ	1
えんぷう	0
えんぷん	0
えんふん	0
えんべん	0
えんぺき	0
えんぺん	0
えんほう	0
えんぼく	0
えんぽん	0
えんみ	1
えんむ	1
えんもく	0
えんもん	0
えんゆ	1
えんらい	0
えんり	1
えんれき	0
えんれん	0
えんろう	0
おあくすい	3
おうあ	1
おうあつ	0
おううん	0
おうえき	0
おうえつ	0
おうおん	0
おうかい	0
おうかつへん	4
おうがん	0
おうきゃく	0
おうきょ	1
おうきょく	0
おうぎょく	0
おうぎん	0
おうぐ	1
おうぐん	1
おうけん	0
おうげん	0
おうこうひ	3
おうこん	0
おうごう	1
おうさい	0
おうしき	0
おうしゃく	1
おうしょっき	3
おうじつ	0
おうじん	0
おうすい	0
おうそく	0
おうそん	0
おうぞく	0
おうたいし	3
おうたん	0
おうだつ	0
おうち	1
おうてい	0
おうとつ	0
おうどく	0
おうにゅう	0
おうねん	0
おうばい	0
おうひん	0
おうぶつ	0
おうぼく	0
こうま	1
おうみん	0
おうめい	0
おうめん	0
おうよく	0
おうりゅう	0
おうりん	0
おうれい	0
おうれつ	0
おうろう	0
おおおび	0
おくう	1
おくが	1
おくしゃ	1
おくじ	1
おくせつ	0
おくぞう	0
おくたく	0
おくでん	2
おくないがい	3
おくねん	0
おくばん	0
おくめん	0
おけつ	0
おしゅう	0
おじょう	0
おぞく	0
おっけん	0
おくけん	0
おっちゅう	0
おつこう	2
おつごう	2
おつしゃ	1
おつしゅ	1
おつひ	1
おつほん	0
おつぼう	0
おてん	0
おとご	0
おあい	0
おんあい	0
おんない	0
おんい	1
おんえん	0
おんかい	0
おんかく	0
おんがっ	0
おんがん	0
おんき	1
おんきゅう	0
おんぎょく	0
おんく	1
おんぐん	0
おんけつ	0
おんこ	1
おんごく	0
おんさ	1
おんしゅう	0
おんじゃく	0
おんたく	0
おんてん	0
おんと	1
おんねつ	0
おんばん	0
おんぷ	0
おんぼう	0
おんぽ	1
おんぽう	0
おんみゃく	0
おんめん	1
おんもつ	0
おんもん	0
おんりつ	0
おんる	1
おんれい	0
かいえつ	0
かいおん	0
かいぎゃく	0
かいぎょうしょ	3
かいぎょうそうしょ	5
かいぎょうそうれいしょ	7
かいく	1
かいぐ	1
かいけ	1
かいげつ	1
かいしき	0
かいじゅ	1
かいぜい	0
かいぞん	0
かいちょ	1
かいてつ	0
かいでい	0
かいど	1
かいのう	0
かいはいぎょう	3
かいはく	0
かいばく	0
かいばん	0
かいひつ	0
かいびゃく	0
かいびょう	0
かいぶ	1
かいへき	0
かいべん	0
かいぼつ	0
かいぼん	0
かいま	1
かいまい	0
かいみ	1
かいもう	0
かいりき	0
かいりく	1
かいりくぐん	4
かいりくふう	4
かいりょく	0
かいれいてんしょ	5
かいれき	0
かいろく	0
かいろん	0
かいわん	0
かうん	0
かえつ	1
かぎん	0
かくあん	1
かくいき	1
かくがい	2
かくがん	2
かくきょう	1
かくきん	0
かくぐう	0
かくけい	1
かくごう	1
かくさい	0
かくさつ	1
かくしゅく	0
かくしゅつ	0
かくしょく	1
かくじく	1
かくじょく	0
かくすい	0
かくぜ	0
かくそく	1
かくそん	1
かくたん	0
かくちゅう	0
かくつう	0
かくにゅう	0
かくねつ	0
かくはつ	0
かくば	1
かくばい	0
かくばち	0
かくひ	1
かくびん	0
かくぶつ	0
かくへい	0
かくぼう	1
かくぼく	0
かくぼん	0
かくまく	1
かくむ	1
かくもん	0
かくゆう	0
かくよく	0
かくりょく	2
かくりん	0
かくれき	0
かくろ	1
かくろう	0
かくわん	1
かぐう	0
かげゆ	2
かげんさん	2
かげんざん	2
かげんそく	2
かこつ	0
かしゅく	1
かじゅつ	1
かすう	2
かずい	0
かちゃく	0
かっきゅう	0
かっきん	0
かっけい	0
かっさつ	0
かっせき	0
かっそく	0
かっちゅう	0
かっぱん	0
かっぴつ	0
かっぽう	0
かつおん	0
かつが	0
かつがん	0
かつぎょ	1
かつじん	0
かつそ	1
かつぶ	1
かつぶつ	0
かつべん	0
かつまく	2
かつめん	0
かつゆ	0
かつゆう	0
かつりょう	2
かつれい	0
かつれき	0
かてき	0
かとく	0
かどく	0
かにく	0
かはく	0
かはつ	0
かばつ	0
かひん	0
かふきゅう	2
かへき	0
かぼ	1
かぼう	0
かぼん	0
かんおく	0
かんがん	0
かんぎゃく	0
かんぎゅう	0
かんぎょく	0
かんぐ	1
かんぐん	0
かんこうちょう	3
かんこうりつ	3
かんこつ	0
かんしせん	0
かんしゃく	0
かんじく	0
かんじつ	0
かんじゅつ	0
がんす	0
かんせき	0
かんぞく	0
かんちく	0
かんちつ	0
かんちゃく	0
かんてき	0
かんでい	0
かんとうの	0
かんなん	1
かんにく	0
かんにち	0
かんねつ	0
かんはい	0
かんはく	0
かんばく	0
かんぱち	0
かんびん	0
かんぴん	0
かんふ	1
かんふう	0
かんふく	0
かんへき	0
かんぺい	0
かんぺん	0
かんほう	0
かんほつ	0
かんぽぎょう	1
かんむ	1
かんもう	0
かんもつ	0
かんらい	0
かんりつ	0
かんるい	0
かんれつ	0
かんろん	0
がいあつ	0
がいあん	0
がいい	1
がいいき	0
がいうん	0
がいえき	0
がいおう	3
がいおく	0
がいがく	0
がいがん	0
がいきゅう	0
がいきょ	1
がいきょう	0
がいきん	0
がいぎん	0
がいく	1
がいげつ	1
がいこうけい	3
がいごう	0
がいさい	0
がいさく	0
がいしん	0
がいじつ	0
がいじゅつ	0
がいじょう	0
がいすい	0
がいすう	3
がいすん	0
がいせき	0
がいそく	0
がいそん	0
がいぞく	0
がいたい	0
がいだ	1
がいだん	0
がいてん	0
がいないげん	3
がいなん	0
がいにん	0
がいねつ	0
がいねん	1
がいはい	0
がいはつ	0
がいばん	0
がいひ	1
がいひん	0
がいびょう	0
がいふう	0
がいふく	0
がいぶつ	0
がいぼう	0
がいまい	0
がいみん	0
がいもく	0
がいらん	0
がいりゃく	0
がいりょう	3
がいりょく	1
がいろう	0
がいわん	0
がえん	0
がかん	0
がきゅう	0
がきょう	0
がぎ	1
がくえ	0
がくおん	0
がくがっ	2
がくきん	0
がっきん	0
がくぎ	1
がくぎょ	1
がくさん	0
がくしつ	0
がくじゅ	1
がくせき	0
がくそ	1
がくそう	0
がくそく	0
がくち	1
がくてん	0
がくとく	0
がくにゅう	0
がくは	1
がくはん	0
がくふう	0
がくぶつ	2
がくぼう	0
がくぼく	0
がくむ	1
がくりょ	1
がくれい	0
がくれん	0
がぐ	1
がけい	0
がけん	0
がげき	1
がげん	1
がさい	0
がさん	0
がしゅ	1
がしょく	0
がじく	1
がじゅ	1
がじゅく	1
がじょ	1
がじょく	0
がせき	0
がせん	0
がそう	0
がぞく	1
がっかく	0
がっかつ	0
がっきょう	0
がっけん	0
がっぱい	0
がっぴつ	0
がっぷ	0
がっぺき	0
がつぞう	0
がつりょう	2
がでん	1
がのう	0
がは	1
がひつ	0
がひょう	1
がびょう	0
がべい	0
がほ	1
がぼう	0
がめい	0
がもん	0
がゆう	0
がんあつ	0
がんえき	1
がんえん	1
がんかい	0
がんかく	0
がんがい	0
がんがく	0
がんき	1
がんぐう	0
がんげき	0
がんこつ	0
がんさい	0
がんさつ	0
がんしき	0
がんしつ	0
がんしゅ	1
がんしゅう	0
がんじく	0
がんすい	0
がんせ	1
がんせい	0
がんせつ	0
がんぜ	1
がんたい	0
がんたん	0
がんつう	0
がんどう	0
がんにん	0
がんぱい	0
がんぴ	1
がんぷん	0
がんぺい	0
がんぺん	0
がんぽう	0
がんほん	1
がんみゃく	0
がんよう	0
がんらいこう	3
がんりゅう	0
がんれん	0
きあく	1
きいき	1
きいく	1
きえき	0
きえん	0
きがっ	1
ききょく	1
ききょらい	2
きぎゅう	0
きくか	0
きくごはん	3
きくばち	2
きくばん	0
きくもん	2
きくり	1
きぐん	1
きげい	0
きげつ	1
きこつ	0
きぎょ	1
きさつ	0
きしき	0
きしも	0
きしゅん	0
きじゃく	0
きじゅ	1
きぜい	0
きそつ	0
きたつ	0
きだん	0
きちうん	0
きちく	0
きちじ	2
きちすう	3
きちずい	0
きちぶ	2
きちょ	2
きちれい	0
きっきゅう	0
きっきん	0
きっさ	0
きっし	1
きっしょく	0
きっしん	0
きっそう	0
きっぷく	0
きっぽう	0
きつう	0
きつおん	0
きつご	0
きつじ	1
こつじ	1
きつじゅ	1
きつじん	2
きつみ	0
きなん	1
きぶ	1
きぶく	0
きへき	0
きへん	0
きべん	0
きほ	1
きぼつ	0
きまく	1
きみゃく	0
きみん	0
きめん	0
きゃくい	1
きゃくかしゃ	0
きゃくが	0
かくが	0
きゃくきょう	0
きゃくきん	0
きゃくご	0
きゃくじょう	0
きゃくぜん	0
きゃくだい	0
きゃくちょう	0
きゃくつう	0
きゃくにく	2
きゃくふ	1
きゃくゆう	0
きゃたつ	0
きゃっか	0
きゅうあつ	0
きゅうう	1
きゅうえい	0
きゅうえき	0
きゅうおう	0
きゅうかつ	0
きゅうがい	0
きゅうき	1
きゅうくん	0
きゅうけん	0
きゅうさいじつ	3
きゅうさく	0
きゅうさん	0
きゅうざ	1
きゅうす	0
きゅうぜ	1
きゅうそん	0
きゅうぞく	0
きゅうちょ	1
きゅうてき	0
きゅうてつ	0
きゅうと	1
ぐどう	0
きゅうなん	0
きゅうにん	0
きゅうねん	0
きゅうはいかん	3
きゅうはいき	3
きゅうはん	0
きゅうひ	1
きゅうひつ	0
きゅうひん	0
きゅうびょう	0
きゅうびん	0
きゅうぶつ	0
きゅうぶん	0
きゅうへき	0
きゅうほ	1
きゅうほん	0
きゅうぼ	1
きゅうぼん	0
きゅうまい	0
きゅうみつ	0
きゅうめん	0
きゅうもつ	0
きゅうやく	0
きゅうらい	0
きゅうらん	0
きゅうりょく	0
きゅうろ	1
きゅうろう	0
きゅうろく	0
きゅうろん	0
きゅうわ	0
きょい	1
きょいち	1
ぎょう	1
きょうあん	0
きょういき	0
きょうう	1
きょううん	0
きょうおく	0
きょうおん	1
きょうがっ	0
きょうきゃく	0
きょうきょ	1
きょうぎゃく	0
きょうぐ	1
きょうぐん	0
きょうげ	1
けいげき	0
きょうこん	0
きょうさつ	0
きょうざつ	0
きょうしき	0
きょうじく	0
きょうじつ	0
きょうじょ	1
きょうじょう	0
きょうじょく	0
きょうすい	0
きょうすう	3
きょうずい	0
きょうせつ	0
きょうせん	0
きょうぜつ	0
きょうぜん	0
きょうたい	0
きょうたんかん	3
きょうちん	0
きょうつい	1
きょうどく	0
きょうない	1
きょうにん	0
きょうぬ	1
きょうは	1
きょうはい	0
きょうば	1
きょうばつ	0
きょうひ	1
きょうび	1
きょうびゅう	0
きょうふく	0
きょうべい	0
きょうほく	0
きょうぼ	1
きょうぼく	0
きょうまい	0
きょうまく	1
きょうみょう	0
きょうむ	1
きょうめん	0
きょうや	1
きょうようつい	3
きょうりょ	1
きょうろ	1
きょうろう	0
きょうわく	0
きょうわん	0
きょえい	0
きょおく	1
きょかい	0
きょかく	0
きょかん	0
きょがい	0
きょがん	0
きょぎゅう	0
きょぎょう	0
きょくいき	2
きょくか	1
きょくかく	0
きょくがい	2
きょくがく	0
きょくがっ	0
きょくがわ	0
きょくき	1
きょくきん	0
きょくぎ	1
きょくげき	0
きょくご	0
きょくさ	1
きょくし	1
きょくしゅ	0
きょくしゅう	0
きょくしょう	0
きょくじ	1
きょくじゅん	0
きょくすい	0
きょくそう	0
きょくたい	0
きょくちょく	0
きょくと	1
きょくねん	0
きょくば	0
きょくばん	0
きょくひょう	0
きょくふ	0
きょくほ	1
きょくほう	0
きょくや	1
きょくよう	0
きょくりつ	0
きょくれい	0
きょくろ	1
きょぐん	0
きょけい	0
きょけん	0
きょげい	0
きょげき	0
きょげつ	1
きょこん	0
きょさい	0
きょさつ	0
きょさん	0
きょざい	0
きょしつ	0
きょしゅん	0
きょしん	0
きょじく	1
きょじゃ	1
きょすう	2
こせん	0
きょそ	1
きょぞう	0
きょた	1
きょたい	0
きょたん	0
きょだん	0
きょっき	1
きょっけん	0
きょでん	0
きょど	1
きょはく	0
きょふう	0
きょぶ	1
きょぶん	0
きょほ	1
きょぼう	0
きょぼく	0
きょめい	0
きょもう	0
きょやく	0
きょりょう	0
きょれき	0
きょろう	0
きりょ	1
きんあ	1
きんあん	0
きんい	1
きんいき	0
きんう	1
きんえき	0
きんおう	0
きんかつ	0
きんが	1
きんがん	0
きんきょ	1
きんきょく	1
きんぎゅう	0
きんぎんと	3
きんぎんもくはい	6
きんぐん	0
きんけんえん	3
きんげき	0
きんこつ	1
きんご	1
きんごく	0
きんさい	1
きんさつ	0
きんさん	0
きんざ	0
きんしょく	0
きんじき	0
きんじゃく	0
きんすう	3
きんそう	1
きんそん	0
きんたい	0
きんたん	0
きんだ	1
きんちゅうえんしょう	0
きんつう	0
きんでい	0
きんど	1
きんない	1
きんねつ	0
きんはん	0
きんば	1
きんばつ	0
きんぱ	1
きんぱい	0
きんひょう	0
きんひん	0
きんび	1
きんびょう	0
きんびん	0
きんぴ	1
きんぴょう	0
きんふ	1
きんぷ	1
きんぷう	0
きんぷく	0
きんぷん	0
きんぺき	0
きんほ	1
きんぼう	0
きんまく	1
きんまん	0
きんもう	0
きんらい	1
きんりゅう	1
きんりょ	1
きんる	1
きんるい	1
きんれい	0
きんろく	0
ぎあく	0
ぎうん	0
ぎうんい	2
ぎおう	2
ぎか	1
ぎかく	0
ぎがい	1
ぎがく	1
ぎがん	0
ぎきょ	1
ぎきん	0
ぎぎゃく	0
ぎげ	1
ぎげい	1
ぎげん	0
ぎこく	0
ぎこん	0
ぎごう	0
ぎごく	0
ぎしゃく	0
ぎしゅ	1
ぎしゅう	1
ぎじょ	1
ぎせい	0
ぎせん	0
ぎそく	0
ぎたん	0
ぎだ	1
ぎだゆう	0
ぎだん	0
ぎちゅう	0
ぎてつ	0
ぎでん	0
ぎとく	0
ぎとつ	1
ぎどう	0
ぎにん	0
ぎはん	0
ぎひ	1
ぎひつ	0
ぎひょう	0
ぎふく	0
げぶん	0
ぎへい	0
ぎぼく	0
ぎまく	0
ぎゃくあく	0
ぎゃくあし	0
ぎゃくい	1
ぎゃくうん	0
ぎゃくぐん	0
ぎゃくご	0
ぎゃくざん	0
ぎゃくしゅ	0
ぎゃくじ	0
ぎゃくじゅん	0
ぎゃくせい	0
ぎゃくぞく	0
ぎゃくたん	0
ぎゃくちょう	0
ぎゃくとく	0
ぎゃくどう	0
ぎゃくにゅう	0
ぎゃくひつ	0
ぎゃくびょう	0
ぎゃくぶ	1
ぎゃくほう	0
ぎゃくぼう	0
ぎゃくり	1
ぎゃくれん	0
ぎゃくろう	0
げきろう	0
ぎやく	0
ぎゅうえき	0
ぎゅうか	0
ぎゅうかく	0
ぎゅうかん	0
ぎゅうぐん	0
ぎゅうけい	0
ぎゅうけん	0
ぎゅうこう	0
ぎゅうこつ	0
ぎゅうご	1
ぎゅうし	1
ぎゅうしゃ	1
ぎっしゃ	1
ぎゅうしゅ	1
ぎゅうじ	1
ぎゅうせい	0
ぎゅうとう	0
ぎゅうはい	0
ぎゅうば	1
ぎゅうふん	0
ぎゅうほ	1
ぎゅうらく	0
ぎょうあん	0
ぎょういん	0
ぎょううん	0
ぎょうえん	0
ぎょうかくしん	4
ぎょうがく	1
ぎょうがん	0
ぎょうぎょうし	3
ぎょうくう	0
ぎょうげ	1
ぎょうこうけい	3
ぎょうこつ	0
ぎょうごう	0
ぎょうさい	0
ぎょうしょく	0
ぎょうしん	0
ぎょうじつ	0
ぎょうじゅう	0
ぎょうすう	3
ぎょうせつ	0
ぎょうそ	1
ぎょうちゅう	0
ぎょうつう	0
ぎょうでん	0
ぎょうにゅう	0
ぎょうねん	0
ぎょうはい	0
ぎょうはん	0
ぎょうふく	0
ぎょうぶ	1
ぎょうぶつ	0
ぎょうめい	0
ぎょうゆう	0
ぎょうよ	1
ぎょうよう	0
ぎょうよく	0
ぎょうれい	0
ぎょうれき	0
ぎょかいそうるい	4
ぎょかん	0
ぎょがん	0
ぎょき	1
ぎょくあん	0
ぎょくい	1
ぎょくえい	0
ぎょくえん	0
ぎょくおん	0
ぎょくいん	0
ぎょくがん	0
ぎょくしつ	0
ぎょくしゃ	1
ぎょくしゅ	1
ぎょくじ	1
ぎょくじゅう	0
ぎょくじょう	0
ぎょくじん	0
ぎょくせい	0
ぎょくせき	0
ぎょくせん	0
ぎょくそう	0
ぎょくたい	0
ぎょくだい	0
ぎょくち	1
ぎょくちん	0
ぎょくてき	0
ぎょくと	1
ぎょくとう	0
ぎょくはい	0
ぎょくはく	0
ぎょくひ	1
ぎょくほ	1
ぎょくもん	0
ぎょくよう	0
ぎょくりょう	0
ぎょくるい	2
ぎょくろう	0
ぎょぐ	1
ぎょけい	0
ぎょこつ	0
ぎょざ	1
ぎょし	1
ぎょしゅ	0
ぎょしょく	0
ぎょしん	0
ぎょじ	1
ぎょすう	0
ぎょせい	0
ぎょぞく	1
ぎょたい	0
ぎょたく	0
ぎょたん	0
ぎょだい	0
ぎょちゅうるい	2
ぎょちょうこつ	2
ぎょっかい	0
ぎょっき	1
ぎょっきん	0
ぎょっこ	1
ぎょっこう	0
ぎょてい	0
ぎょでん	0
ぎょとう	0
ぎょどう	0
ぎょにく	0
ぎょばん	0
ぎょひ	1
ぎょび	1
ぎょびょう	0
ぎょふ	1
ぎょふく	0
ぎょべつ	0
ぎょほ	1
ぎょほう	0
ぎょみ	1
ぎょもん	0
ぎょゆう	0
ぎょり	1
ぎょりょう	0
ぎょりん	0
ぎょれん	0
ぎょろう	0
ぎりつ	0
ぎわん	0
ぎんあん	0
ぎんい	1
ぎんいん	0
ぎんえん	0
ぎんかい	0
ぎんき	1
ぎんきょう	0
ぎんけい	0
ぎんけん	0
ぎんこん	0
ぎんさ	1
ぎんさい	0
ぎんさん	0
ぎんしゃ	1
ぎんしゅ	0
ぎんしん	0
ぎんじ	0
ぎんじゅ	1
ぎんじん	0
ぎんせん	0
ぎんぜん	0
ぎんそう	0
ぎんだい	0
ぎんてき	0
ぎんでい	0
ぎんとう	0
ぎんのう	0
ぎんはく	0
ぎんば	1
ぎんばん	0
ぎんぱい	0
ぎんひつ	0
ぎんぴ	1
ぎんぴょう	0
ぎんふ	1
ぎんぷん	0
ぎんぼん	0
ぎんぽう	0
ぎんゆう	0
ぎんよく	0
ぎんりょく	0
ぎんりん	0
ぎんる	1
ぎんれい	0
くうあつ	0
くうい	1
くうかい	1
くうかく	0
くうぎ	1
くうぎょう	0
くうけん	0
くうげき	0
くうげん	0
くうこ	1
くうこく	0
くうご	1
くうさ	1
くうさい	0
くうし	1
くうしょう	0
くうしん	0
くうじ	1
くうじょう	0
くうせつ	0
くうそく	0
くうぞく	0
くうねん	0
くうぶん	0
くうほう	0
くうぼう	0
くうめい	0
くうもう	0
くうらい	0
くうり	1
くうりく	1
くうりょく	1
くうりん	0
くうれい	0
くうろう	0
くうろん	0
くえい	0
くか	1
くかい	0
くかしゅう	2
くぐ	1
くけつ	0
くけん	0
くごう	0
くしちょうそんない	5
くしゅう	0
くしゅつ	0
くしょく	0
くじゃ	1
くじゅん	0
くじん	0
くすう	2
くぜい	1
くそく	0
くっけん	0
くっこう	0
くっせい	0
くっそく	0
くっぴ	1
くつじょく	0
くないがい	2
くぬえ	1
くのえ	1
くはい	0
くばい	0
くひ	1
くふつ	0
くほ	1
くほう	0
くぼう	1
くまい	0
くまつ	0
くやく	1
くよく	1
くらくじゅ	3
くりき	1
くれき	0
くろぼし	2
くんい	1
くんえん	0
くんおん	0
くんがく	0
くんき	1
くんぎょう	0
くんくんしい	3
くんけい	0
くんこ	1
くんしん	0
くんじゅう	0
くんす	1
くんせい	0
くんそく	0
くんちゅう	0
くんちょう	0
くんとく	0
くんにく	0
くんぷ	1
くんみん	0
くんもう	0
くんろ	1
くんわ	0
ぐういん	0
ぐうえい	0
ぐうかく	0
ぐうかん	0
ぐうぎん	0
ぐうげん	0
ぐうさく	0
ぐうざ	1
ぐうじん	0
ぐうすう	3
ぐうせい	0
ぐうてん	1
ぐうなん	0
ぐうぶ	1
ぐうゆ	0
ぐうりょく	1
ぐうわ	0
ぐかく	1
ぐかん	0
ぐがん	0
ぐきょ	1
ぐけい	0
ぐけん	0
ぐさい	0
ぐさく	0
ぐさつ	0
ぐしゅう	0
ぐしょ	1
ぐしょう	0
ぐじん	0
ぐせつ	0
ぐぜい	1
ぐそう	0
ぐちゅう	0
ぐちょ	1
ぐとう	0
ぐとく	1
ぐひょう	0
ぐふう	0
ぐぶつ	0
ぐぼ	1
ぐみん	0
ぐめい	0
ぐんあ	1
ぐんえき	0
ぐんおう	3
ぐんかい	0
ぐんかく	1
ぐんきん	0
ぐんぎ	1
ぐんぎょく	0
ぐんく	1
ぐんくちょう	3
ぐんけ	1
ぐんけい	0
ぐんけん	0
ぐんこ	1
ぐんこう	0
ぐんさい	0
ぐんざい	0
ぐんしゅ	1
ぐんすい	0
ぐんすう	3
ぐんせき	0
ぐんせん	0
ぐんそう	0
ぐんそつ	0
ぐんぞう	0
ぐんだい	1
ぐんち	1
ぐんちゅう	0
ぐんちょう	1
ぐんとん	0
ぐんどう	0
ぐんどく	0
ぐんば	1
ぐんひょう	0
ぐんぴ	1
ぐんぴょう	0
ぐんぷ	1
ぐんぷく	0
ぐんぼう	0
ぐんむ	1
ぐんめい	0
ぐんもう	0
ぐんもん	0
ぐんらん	0
ぐんり	1
ぐんりょ	1
ぐんりょう	0
ぐんれい	0
ぐんれき	0
ぐんれつ	0
ぐんろ	1
ぐんろく	0
ぐんろん	1
けいいん	0
けいう	1
けいうつ	0
けいおん	0
けいきょ	1
けいきょく	0
けいぎょ	1
けいぎょく	0
けいくう	0
けいぐ	1
けいぐん	0
けいけつ	0
けいけんわん	3
けいげ	1
けいげつ	1
けいこうけん	3
けいこつ	1
けいこん	0
けいごく	0
けいさ	1
けいさく	0
けいざん	1
けいしゃり	3
けいじく	0
けいじゅう	0
けいずい	0
げいせい	0
けいせつ	0
けいぜい	0
けいぜつ	0
けいぞん	0
けいだ	1
けいだん	0
けいちつ	0
けいちゅうど	3
けいちゅうりょう	3
けいちょく	0
けいちん	0
けいつい	1
けいでん	0
けいとうの	0
けいどう	0
けいな	1
けいない	1
けいにゅう	0
けいにん	0
けいねつ	0
けいは	1
けいひつ	0
けいひち	0
けいふぼ	3
けいふん	0
けいへい	0
けいまい	0
けいみん	0
けいもん	0
けいよく	0
けいらく	0
けいりゃく	0
けいるい	0
けいろく	0
けえい	0
けか	1
けぎょう	0
けごう	0
げいし	1
けしゅ	1
けじ	1
けじょう	0
けそく	0
げたい	0
けちがん	0
けちょう	0
けっきょ	1
けっきょう	0
けっしゃ	1
けっしょ	1
けったん	0
けっちゅう	0
けっちん	0
けっぱん	0
けっぴん	0
けっぷう	0
けっぷん	0
けっぺい	0
けっぽん	0
けつあん	0
けつう	1
けつが	1
けつげつ	0
けつげん	0
けつじ	0
けつじん	0
けつだつ	0
けつどう	0
けつどく	2
けつにく	0
けつにょう	0
けつばく	0
けつばん	0
けつびん	0
けつぶつ	0
けつぶん	0
けつべん	0
けつみゃく	0
けちみゃく	0
けつゆう	0
けつよ	1
けつりゃく	0
けつりょう	0
けつるい	0
けつれん	0
けつろう	0
けに	1
けにょう	0
けびいし	2
けろん	0
けんあつ	0
けんうん	0
けんが	1
けんぐ	1
けんげい	0
けんこ	1
けんこつ	1
けんしゃ	0
けんしゃく	0
けんしゅく	0
けんじゅ	1
けんじゅつ	0
けんじょく	0
けんすいきょう	3
けんずい	0
けんせん	0
けんぜい	0
けんそつ	0
けんぞく	0
けんたいきょう	3
けんたく	0
けんだん	0
けんてき	0
けんてん	0
けんどん	0
けんにく	0
けんねん	0
けんはん	0
けんば	1
けんばつ	0
けんひょう	0
けんびょう	0
けんぴょう	0
けんぶ	1
けんべい	0
けんぺき	0
けんぼう	0
けんぼく	0
けんまつ	1
けんみゃく	0
けんめん	0
けんもう	0
けんよ	1
けんりゅう	0
けんるい	0
けんれい	0
けんろ	1
けんわく	0
けんわん	0
げいいき	0
げいえん	0
げいか	1
げいかい	0
げいかく	0
げいきん	0
げいぎ	1
げいこう	0
げいこつ	0
げいざ	0
げいしゅん	0
げいしょう	0
げいしょく	0
げいしん	0
げいじゅ	0
げいずい	0
げいたい	0
げいだん	0
げいにく	0
げいねん	0
げいは	1
げいひん	0
げいび	1
げいふく	0
げいみゃく	0
げいゆ	0
げいりん	0
げいるい	1
げいれき	0
げいろう	0
げかい	0
げきかい	0
げきがい	0
げきく	0
げきぐう	0
げきけつ	0
げきけん	0
げきしゃ	0
げきしゅ	1
げきしゅう	0
げきしょ	1
げきしょく	0
げきじゅつ	2
げきぜつ	0
げきたく	0
げきたん	0
げきちく	0
げきとく	0
げきどく	0
げきはく	0
げきぶん	0
げきほん	0
げきむ	1
げきやく	0
げきょう	0
げきりゅう	0
げきりょ	1
げくう	2
げぐん	0
げけつ	0
げげ	1
げこく	0
げさつ	0
げじゅつ	1
げじん	0
げせつ	0
げそく	0
げぞく	0
げちょう	0
げっかい	0
げっきん	0
げっけん	0
げっさん	0
げっしゃ	0
げっしょう	0
げっしょく	0
げっせき	0
げったん	0
げっぱく	0
げっぱん	0
げっぺい	0
げつおう	0
げつさ	1
げつし	1
げつしん	0
げつず	2
げつだい	0
げつない	2
げつべつ	0
げつめい	0
げつらい	2
げつり	1
げつりつ	0
げつりん	0
げどう	2
げにん	0
げひ	1
げひょう	0
げゆ	1
げりゃく	0
げんあい	0
げんい	1
げんいく	1
げんがい	1
げんがっ	0
げんがん	0
げんきゃく	0
げんきょ	1
げんぎょ	1
げんぎん	0
げんく	1
げんけつ	0
げんげつ	1
げんこうし	3
げんこん	1
げんしゃく	0
げんじゃく	0
げんじゅ	0
げんじゅつ	0
げんすいきん	0
げんすいばく	3
げんすん	0
げんず	0
げんそ	1
げんぞく	0
げんちょく	0
げんつう	0
げんにく	0
げんにゅう	0
げんにょう	0
げんのう	3
げんはん	0
げんばん	0
げんぱん	0
げんひこく	3
げんひょう	0
げんび	1
げんびん	0
げんぴ	1
げんふ	1
げんぷ	1
げんへい	0
げんぺい	0
げんまつ	0
げんみ	1
げんむ	1
げんもん	0
げんやく	0
げんりょく	0
げんりん	0
げんろ	1
げんろう	0
げんわ	0
こういってん	1
こうお	1
こうおつ	1
こうきたい	0
こうきょうそ	3
こうきょく	0
こうぎょ	1
こうぎょく	0
こうくん	0
こうけ	0
こうけち	0
こうもう	0
こうしゃく	1
こうしゅく	0
こうじゃく	0
こうぜつ	0
こうぞん	0
こうたいそん	3
こうたくち	4
こうちゅうしょうせい	5
こうちゅうねん	3
こうちょうい	3
こうとつ	0
こうにく	0
こうひつ	0
こうひん	0
こうびょう	0
こうびん	0
こうふつ	0
こうへき	0
こうへん	0
こうべつ	0
こうべん	0
こうほん	0
こうまく	0
こうみゃく	0
こうめん	0
ごうやく	0
こうよ	1
こうよく	0
こうるい	1
こうれいち	3
こうろうい	3
こうろく	1
こうわく	0
こうん	1
こえき	1
こおん	1
こきょ	1
こきょく	1
こぎょ	1
こくあん	0
こくいき	0
こくう	1
こくおん	0
こくき	1
こくこ	1
こくごう	0
こくさ	1
こくしつ	0
こくしょう	0
こくしん	0
こくじつ	0
こくじゅ	1
こくじょく	0
こくず	0
こくそ	1
こくそう	0
こくそん	0
こくぞく	0
こくたく	0
こくたん	3
こくでい	0
こくでん	0
こくと	1
こくにく	0
こくねつ	0
こくねん	0
こくばい	0
こくび	1
こくへい	0
こくへき	0
こくへん	0
こくべん	0
こくほん	0
こくぼく	0
こくめんの	0
こくめん	0
こくやく	0
こくゆ	0
こくよう	0
こくるい	2
こくれい	0
こくろ	1
こけん	1
こげき	0
ここく	1
ここつ	1
こごう	0
こさい	0
こさく	0
こざい	0
こざん	1
こしゃ	1
こしゅく	0
こしょく	0
こじゃく	0
こじゅの	1
こじゅ	1
こせき	1
こぜつ	0
こちゃ	1
こっかん	0
こっかんぶん	3
こっきゅう	0
こっきょく	0
こつきょく	2
こっきん	0
こっくん	0
こっしつ	0
こっしょ	1
こったん	0
こっぱい	0
こっぴつ	0
こっぴん	0
こっぽう	0
こつが	1
こつこう	0
こつざ	0
こつぞく	0
こつちゅう	0
こつどう	0
こつにく	0
こつりゅう	0
こてき	0
こど	1
こはい	0
こばい	0
こひつ	0
こひょう	0
こひん	0
こびつ	1
こびょう	0
こぶつ	1
こへき	0
こへん	0
こめい	0
こりゅう	1
こりょう	1
これい	0
こんあつ	0
こんいき	0
こんいく	0
こんいつ	0
こんえい	0
こんきょく	0
こんぎ	1
こんぎょう	0
こんぐう	3
こんけい	0
こんさん	0
こんしゃ	1
こんしゃく	0
こんしゅつ	0
こんしょ	1
こんじく	0
こんじゅ	1
こんじん	0
こんてん	0
こんでい	0
こんどく	0
こんない	1
こんばい	0
こんぱく	0
こんぱん	1
こんぺい	0
こんほく	0
こんぼく	0
こんみん	0
こんよ	1
こんりょう	3
こんりんざい	0
こんれい	0
ごういけん	3
ごうえい	0
ごうえん	0
ごうが	1
ごうがい	0
ごうがしゃ	3
ごうく	1
ごうけつ	0
ごうこ	1
ごうさ	1
ごうさん	0
ごうざい	0
ごうしょ	1
ごうじゃ	1
ごうすい	0
ごうせつ	0
ごうせん	0
ごうたい	0
ごうだ	1
ごうちょう	0
ごうてん	0
ごうなん	0
ごうねつ	0
ごうねん	0
ごうのう	0
ごうばつ	1
ごうふ	1
ごうふう	0
ごうへき	0
ごうぼう	0
ごうま	1
ごうまつ	0
ごうみん	0
ごうめい	0
ごうよく	0
ごきゅう	0
ごくいん	0
ごくがい	2
ごくしゅう	0
ごくしょ	1
ごくしょう	0
ごくせい	0
ごくせつ	0
ごくそう	0
ごくそつ	0
ごくてい	0
ごくない	2
ごくはく	0
ごくひん	0
ごくほう	0
ごくぼう	0
ごくろう	0
ごこん	0
ごごう	1
ごしゃく	1
ごしゅ	1
ごしょく	0
ごじょ	1
ごじんか	2
ごぞく	1
ごだつ	0
ごっしき	0
ごてい	0
ごはんつう	0
ごふう	1
ごふん	0
ごぶつ	0
ごみゃく	0
ごみん	0
ごもん	0
ごらく	0
ごりつ	0
ごれい	0
ごんきょう	0
ごんさい	0
ごんしゃ	1
ごんじつ	0
ごんせき	0
ごんぞう	0
ごんちゅう	1
ごんでん	0
ごんべん	0
ごんもん	0
ごんれい	0
さあつ	0
さいあい	0
さいあつ	0
さいい	1
さいいん	0
さいうん	0
さいえ	0
ざいえ	1
さいえい	0
さいえき	0
さいかいそう	3
さいがく	0
さいがん	0
さいきゃく	1
さいぎょ	1
さいぐ	1
さいぐう	3
さいぐん	1
さいげい	0
さいこつ	0
さいさ	1
さいさく	0
さいざい	0
さいしつ	0
さいじき	0
さいじゃ	1
さいじゅ	1
さいじゅう	0
さいじん	0
さいすい	0
さいそん	0
さいだいはん	3
さいちょうたん	3
さいてつ	0
さいでい	0
さいでん	0
さいどう	0
さいなんかい	3
さいにく	0
さいにち	0
さいはく	0
さいばつ	0
さいひつ	0
さいひん	0
さいびょう	0
さいぶつ	0
さいへい	0
さいほ	1
さいぼく	0
さいまつ	0
さいめつ	0
さいめん	1
さいもう	0
さいりゃく	0
さいるい	0
さいれい	0
さいろう	0
さいわん	0
さえん	0
さがい	0
さきん	0
さくいき	0
さくいん	0
さくえい	0
さくおん	0
さくがい	2
さくぎ	1
さくぎょう	0
さくぐ	1
さくけい	0
さくげき	0
さくさん	0
さくしょく	0
さくじょう	0
さくたい	0
さくだん	0
さくちょう	0
さくてき	0
さくど	1
さくどく	0
さくない	2
さくにん	0
さくのう	0
さくはく	0
さくひ	1
さくふ	0
さくへき	0
さくへん	0
さくへんきょく	3
さくほく	0
さくもう	0
さくもん	0
さくやく	0
さくりょう	2
さくるい	0
さくろく	0
さくわ	0
さこん	1
さごく	0
さしき	0
さしつ	0
さしょく	0
さじゅつ	1
さすう	2
させい	0
さぞう	0
さちょく	0
さっかん	0
さっきょ	1
さっしき	0
さっすう	3
さっそ	0
さっぱん	1
さっぺい	0
さつぐん	2
さつこう	0
さつすう	3
さつぞう	0
さつてい	0
さつど	1
さつぼ	1
せつも	1
さつめい	0
さつもん	0
さつよう	0
さねん	0
さはい	0
さはち	0
さひ	1
さひょう	0
さびょう	0
さふう	0
さまの	0
さめい	0
さゆう	1
さりつ	1
されい	0
さろく	0
さんうん	0
さんがい	0
さんきらい	3
さんぎん	0
さんこうしん	3
さんしゅ	1
さんじゅつ	0
さんじょく	0
さんせつ	0
さんたく	0
さんちく	0
さんてつ	0
さんにく	0
さんねつ	0
さんねん	0
さんぱく	1
さんぶん	0
さんぺき	0
さんぼく	0
さんむ	1
さんやそう	0
さんりつ	0
さんりゅう	0
さんれい	0
さんろ	1
ざいあん	0
ざいうん	0
ざいおう	0
ざいかく	0
ざいき	1
ざいきゅう	0
ざいごう	0
ざいご	0
ざいぎょう	0
ざいくう	0
ざいざい	0
ざいしょう	0
ざいすう	3
ざいせん	0
ざいそん	0
ざいぞく	0
ざいたい	0
ざいとう	0
ざいとく	0
ざいのう	0
ざいはく	0
ざいばく	0
ざいばん	0
ざいひ	1
ざいふく	0
ざいふつ	0
ざいまん	1
ざいみん	0
ざいめつ	0
ざいもつ	0
ざいゆう	0
ざいよう	0
ざいりょく	1
ざかん	0
ざが	1
ざきょう	0
ざぎょ	1
ざくつ	0
ざぐ	1
ざこう	0
ざざい	0
ざしょ	1
ざじゅん	0
ざそう	0
ざたく	0
ざっきょく	0
ざっさん	0
ざっしき	0
ざっしゅう	0
ざっしょう	0
ざっせつ	0
ざっせん	0
ざっそ	1
ざっそく	0
ざっち	0
ざってつ	0
ざっぱい	0
ざっぴ	0
ざっぴつ	0
ざっぴょう	0
ざっぷん	0
ざっぽう	0
ざっぽん	0
ざつえい	0
ざつぐん	0
ざつげい	0
ざつげき	0
ざつこ	1
ざつじ	1
ざつぜい	0
ざつそん	0
ざつだい	0
ざつにゅう	0
ざつのう	0
ざつぶつ	0
ざつぶん	0
ざつみ	0
ざつみん	0
ざつろく	0
ざない	1
ざべん	0
ざぼう	0
ざめん	0
ざもん	0
ざやく	0
ざう	1
ざよく	0
ざろ	1
ざろん	0
ざんい	1
ざんえい	0
ざんか	1
ざんかい	0
ざんがん	0
ざんきゅう	0
ざんきん	1
ざんぎく	1
ざんけい	0
ざんけつ	0
ざんこつ	1
ざんこん	0
ざんごう	0
ざんさい	0
ざんさん	0
ざんしょく	0
ざんじん	0
ざんせい	0
ざんせつ	0
ざんぞう	0
ざんだん	0
ざんちゅう	0
ざんてき	0
ざんど	1
ざんにょう	0
ざんねい	0
ざんねつ	0
ざんぴょう	0
ざんぶつ	0
ざんべん	0
ざんぺい	0
ざんぺん	0
ざんほう	0
ざんみょう	0
ざんみん	0
ざんむ	1
ざんや	1
ざんりつ	0
しあつ	0
しいき	1
しいだつ	0
しえき	0
しえつ	0
しおく	1
しきうん	0
しきえ	2
しきかん	0
しききょう	0
しきこう	0
しきさ	2
しきしん	0
しきじつ	0
しきじゃく	0
しきじゅん	0
しきせん	0
しきそう	0
しきそく	0
しきたい	0
しきたく	0
しきたつ	0
しきだい	0
しきちゅう	0
しきてき	0
しきど	2
しきのう	2
しきひょう	0
しきふく	0
しきぶん	0
しきほう	0
しきま	2
しきめい	0
しきもう	0
しきもく	0
しきりょ	1
しきりょう	2
しぎゃく	0
しぎょ	1
しぎん	0
しくう	0
しくちょうそんちょう	5
しくちょうそんめい	5
しくんし	2
しぐん	1
しげつ	1
しこうえい	2
しこうゆう	2
しこつ	2
しこん	0
ししゃく	1
ししゅうたん	2
しじく	0
しじゅ	1
せじゅつ	0
しずい	1
しぜつ	0
しちぎょう	2
しちく	0
しちけん	2
しちゃ	1
しちょうそんかい	4
しちょうそんけん	4
しちょうそんし	4
しちょうそんすう	4
しちょうそんせい	4
しちょうそんぜい	4
しちょうそんどう	4
しちょうそんべつ	0
しちょうそんめい	4
しちん	0
しっかつ	0
しっきゅう	0
しっこうむ	3
しっしき	0
しっしゃ	0
しったく	0
しっちゃく	0
しっちょう	0
しっぱく	0
しっぷう	0
しつきょう	0
しつげい	0
しつじ	1
しつじゃ	1
しつじゅ	2
しつじゅう	0
しつすう	3
しつぜつ	0
しつだん	0
しつてん	3
しつでん	0
しつとく	0
しつねつ	0
しつばん	0
しつぶん	0
しつほ	1
しつやく	0
しつらい	0
しつりつ	0
しつろ	2
しつろう	0
しないがい	2
しにく	0
しはく	1
しひつ	0
しひりょう	2
しひん	0
しびょう	0
しびん	0
しふう	0
しふん	0
しへき	0
しほく	0
しまく	0
しみゃく	0
しゃえん	0
しゃおう	0
しゃがく	0
しゃきょく	1
しゃぎ	1
しゃくい	1
しゃくえ	0
しゃくおん	0
しゃくがん	0
しゃくき	1
しゃくぎ	1
しゃくぎん	0
しゃくけん	0
しゃくこく	0
しゃくしょ	1
しゃくじ	0
しゃくじょう	0
しゃくすう	3
しゃくすん	0
しゃくせん	0
しゃくぜつ	0
しゃくそく	0
しゃくたい	0
しゃくたく	0
しゃくだん	0
しゃくちゅう	0
しゃくてい	0
しゃくてん	1
しゃくにん	0
しゃくば	1
しゃくぶん	0
しゃくみょう	0
しゃくよ	1
しゃくれい	0
しゃくろう	0
しゃくろく	0
しゃくん	0
しゃけい	0
しゃげん	0
しゃさん	0
しゃざ	1
しゃしつ	0
しゃしょく	0
しゃじつ	0
しゃじゅ	1
しゃじゅう	0
しゃじゅつ	1
しゃすう	2
しゃず	1
しゃぜ	1
しゃそ	1
しゃそう	0
しゃそく	0
しゃっきょう	0
しゃくきょう	0
しゃっくう	0
しゃっこつ	0
しゃてつ	0
しゃとく	0
しゃど	1
しゃないがい	2
しゃにち	0
しゃにん	0
しゃはん	1
しゃばく	0
しゃばん	0
しゃひょう	0
しゃひん	0
しゃふ	0
しゃふう	0
しゃふく	0
しゃへん	1
しゃほん	0
しゃぼう	0
しゃや	1
しゃゆう	0
しゃよく	1
しゃりき	1
しゃれん	0
しゃろ	1
しゃーゆ	0
しやく	0
しゅあつ	0
しゅうあい	0
しゅううん	0
しゅううんざい	3
しゅうお	1
しゅうおう	3
しゅうがい	1
しゅうぎく	1
しゅうぎょく	0
しゅうぎん	0
しゅうく	1
しゅうぐ	1
しゅうぐん	0
しゅうげ	1
しゅうこ	1
しゅうさ	1
しゅうしぎょう	3
しゅうしゃ	1
しゅうじゅの	1
しゅうじゅつ	0
しゅうじょ	1
しゅうすう	3
しゅうぜい	0
しゅうそつ	0
しゅうそん	0
しゅうたいしょく	3
しゅうだい	0
しゅうちょう	0
しゅうちん	0
しゅうつい	0
しゅうてんしょく	3
しゅうにょう	0
しゅうはいじん	3
しゅうはつ	0
しゅうはん	0
しゅうばく	0
しゅうひつ	0
しゅうひん	0
しゅうぶつ	0
しゅうぶんか	3
しゅうへき	0
しゅうぼう	0
しゅうぼく	1
しゅうみょう	0
しゅうむ	1
しゅうや	1
しゅうゆ	0
しゅうよ	1
しゅうりょ	1
しゅうりょく	1
しゅうりん	0
しゅうるい	1
しゅうろ	1
しゅうろん	0
しゅおん	0
しゅか	1
しゅかい	0
しゅが	1
しゅがく	0
しゅきゅう	0
しゅきょく	1
しゅきん	0
しゅくあく	0
しゅくいん	0
しゅくう	2
しゅくうん	0
しゅくえん	0
しゅくおう	2
しゅくがい	0
しゅくがん	0
しゅくぎ	2
しゅくけい	0
しゅくこん	0
しゅくさく	0
しゅくざい	0
しゅくしゅう	0
しゅくじゅ	2
しゅくじゅう	0
しゅくすい	0
しゅくそ	1
しゅくそん	0
しゅくてつ	0
しゅくでん	0
しゅくとく	0
しゅくどう	0
しゅくない	2
しゅくはい	0
しゅくはつ	0
しゅくはん	0
しゅくばく	0
しゅくふん	0
しゅくぶん	0
しゅくへい	0
しゅくべん	0
しゅくぼ	2
しゅくぼう	0
しゅくみん	0
しゅくや	2
しゅくやく	0
すくよう	0
しゅくよう	0
しゅくりょう	2
しゅくれい	0
しゅくろう	0
しゅぐう	0
しゅぐん	0
しゅげい	0
しゅこく	0
しゅこん	0
しゅごう	0
しゅさ	1
しゅさく	0
しゅさつ	0
しゅさん	0
しゅざ	1
しゅざん	0
しゅしつ	0
しゅしん	0
しゅす	1
しゅすう	2
しゅせつ	0
しゅそん	0
しゅぞく	1
しゅたん	0
しゅちく	0
しゅちん	0
しゅっかいさつ	3
しゅっかく	0
しゅっき	1
しゅっけい	0
しゅっけっせき	3
しゅっこん	0
しゅっそ	1
しゅっそく	0
しゅつおん	0
しゅつたいきん	3
しゅったいきん	3
しゅつぼ	1
しゅつぼう	0
しゅつもん	0
しゅつゆうし	3
しゅつよう	0
しゅつらん	0
しゅつろう	0
しゅでい	0
しゅない	1
しゅにく	0
しゅはい	0
しゅはく	0
しゅばつ	0
しゅひつ	0
しゅひん	0
しゅびん	0
しゅふく	0
しゅふつ	0
しゅぶ	1
しゅぶん	0
しゅへい	0
しゅへき	0
しゅへん	0
しゅべん	0
しゅほ	1
しゅぼ	1
しゅぼく	0
しゅぼん	0
しゅま	1
しゅみゃく	0
しゅめ	1
しゅめの	0
しゅめん	1
しゅや	1
しゅよく	0
しゅれい	0
しゅろう	0
しゅわく	0
しゅんえい	0
しゅんえん	0
しゅんおん	0
しゅんか	1
しゅんが	0
しゅんぎょう	0
しゅんく	1
しゅんぐ	1
しゅんけい	0
しゅんけつ	0
しゅんこく	0
しゅんこん	0
しゅんごう	0
しゅんさつ	0
しゅんさん	0
しゅんしょく	0
しゅんだん	0
しゅんちゃく	0
しゅんちゅう	0
しゅんてい	0
しゅんでい	0
しゅんでん	0
しゅんのう	0
しゅんぱん	0
しゅんぶん	0
しゅんぼう	0
しゅんぼく	0
しゅんもく	0
しゅんぽん	0
しゅんみん	0
しゅんめ	1
しゅんば	1
しゅんめつ	0
しゅんゆう	0
しゅんよう	1
しゅんらい	0
しゅんりつ	0
しゅんれい	0
しゅんれん	0
しゅんわ	0
しゆ	1
しょあく	1
しょあん	1
しょいき	1
しょういき	0
しょううん	0
しょうおん	0
しょうかち	0
しょうかつ	0
しょうく	1
しょうくう	0
しょうくつ	0
しょうくん	0
しょうけ	1
しょうげ	0
しょうげい	0
しょうげき	0
しょうこうぎょう	3
しょうざい	0
しょうしゅ	1
しょうしゅん	0
しょうじつ	0
しょうじゃ	1
しょうずい	0
しょうせき	0
しょうぜい	0
しょうそつ	0
しょうちゃく	0
しょうちょ	1
しょうちょうきょう	3
しょうでい	0
しょうとうき	3
しょうにく	0
しょうにゅう	0
しょうねつ	0
しょうはく	1
しょうはん	0
しょうばく	0
しょうばつ	1
しょうふん	0
しょうぶつ	0
しょうへん	0
しょうほ	1
しょうぼく	0
しょうまく	0
しょうまつ	0
しょうまん	0
しょうみん	0
しょうもく	0
しょうりく	0
しょうるい	0
せいるい	1
しょうれん	0
しょうわん	0
しょおう	1
しょおく	1
しょかく	0
しょが	1
しょがい	1
しょがっ	1
しょがん	1
しょきつ	0
しょきつう	2
しょきん	0
しょぎ	1
しょくあん	0
しょくい	1
しょくいく	2
しょくえい	0
しょくかい	0
しょくがん	0
しょくくん	0
しょくぐん	0
しょくけい	0
しょくこう	0
しょくさん	0
しょくしゃ	1
しょくしゃく	0
しょくしょ	1
しょくしょく	0
しょくじょ	1
しょくじん	0
しょくせん	0
しょくそ	1
しょくそう	0
しょくだい	0
しょくち	1
しょくちょう	0
しょくつう	0
しょくとく	0
しょくど	1
しょくどく	0
しょくふく	0
しょくふん	0
しょくぶく	0
しょくへん	0
しょくぼく	0
しょくめい	0
しょくゆう	0
しょくりきかく	4
しょくれつ	0
しょくろう	0
しょくろく	0
しょくわん	0
しょぐ	1
しょけ	1
しょげ	1
しょげい	1
しょげん	1
しょこうはく	2
しょご	1
しょごう	1
しょさつ	0
しょさん	0
しょざん	0
しょしゅ	1
しょしゅん	0
しょしょく	0
しょじゅう	0
しょすう	2
しょぜいれい	1
しょぜい	1
しょそ	1
しょちつう	2
しょたく	0
しょちゅうきゅう	2
しょちょ	1
しょちょく	1
しょちん	0
しょっか	1
しょっかい	0
しょっきゃく	0
しょっきゅう	0
しょくきゅう	0
しょっきん	0
しょでん	0
しょと	1
しょど	1
しょどうしゃ	2
しょどく	0
しょはつ	0
しょばん	0
しょひつ	0
しょひん	1
しょび	1
しょびょう	1
しょびん	0
しょふく	0
しょぶ	1
しょぶつ	1
しょへい	1
しょへき	0
しょへん	0
しょほん	1
しょもく	1
しょもん	1
しょや	1
しょやく	0
しょよ	1
しょりゅう	0
しょりょく	1
しょりん	0
しょれつ	1
しりべつ	2
しりゃく	1
しりゅう	0
しりょ	1
しわん	1
しんに	1
しんいき	0
しんいん	0
しんうん	0
しんえき	1
しんおん	0
しんかいちく	3
しんがん	0
しんぎゅう	0
しんぎょ	1
しんくつ	0
しんくん	1
しんけ	1
しんけつ	0
しんげつ	1
じんし	1
しんしゃく	0
しんすう	3
しんず	0
しんだく	0
しんだつ	0
しんちつ	0
しんちょ	1
しんにく	1
しんにょ	1
しんにょう	0
しんぬ	1
しんねつ	1
しんはん	0
しんばく	0
しんふつ	0
ちんぶん	0
しんぷう	0
しんへい	1
しんべい	0
しんべつ	0
しんべん	0
しんほく	0
しんぼつ	0
しんまつ	0
しんみゃく	0
しんむ	1
しんもう	0
しんもく	0
しんもつ	0
しんゆ	1
しんらく	0
しんりつ	0
しんりょ	1
しんわん	0
じいき	1
じがく	1
じがん	0
じきこう	0
じきさん	0
じきしん	0
じきせつ	0
じきそん	0
じきてい	0
じきとつ	0
じきひ	0
じきふ	0
じきもん	0
じきゃく	0
じきょく	1
じきりょう	0
じぎょ	1
じくい	1
じくかく	2
じくがい	2
じくきょ	2
じくけい	0
じくさく	0
じくしん	0
じくじゅう	0
じくせん	0
じくそう	0
じくちゅう	0
じくふう	0
じくぶ	2
じくぼう	0
じくりょく	2
じくろ	1
じくん	0
じぐん	1
じけ	1
じこうぐ	2
じこつ	1
じこん	0
じじゅ	1
じだつ	0
じだま	0
じちゅう	0
じちょ	1
じっき	1
じっきょ	1
じっけ	1
じっさん	0
じっしょく	0
じっすん	0
じっそん	0
じっちく	0
じっぱん	0
じつあく	0
じつがっ	0
じつきょう	0
じつご	0
じつじ	1
じつじつ	0
じつだ	2
じつだい	0
じつでん	0
じつねん	0
じつばい	0
じつぶ	1
じつまい	0
じつめい	0
じつめん	0
じつりょう	2
じつれき	0
じつろ	1
じつろく	0
じど	1
じどく	0
じねつ	0
じはい	0
じばい	0
じばいせき	2
じばつ	1
じふけん	2
じぶつ	1
じほく	0
じみゃく	0
じみょう	1
じゃいん	0
じゃおう	2
じゃがん	0
じゃくおん	0
じゃくご	1
じゃくさん	0
じゃくしん	0
じゃくじゅ	1
じゃくじょう	0
じゃくせい	0
じゃくそつ	0
じゃくたく	0
じゃくちゅうこうねん	5
じゃくちゅうねん	3
じゃくてき	0
じゃくとう	0
じゃくどく	2
じゃくにく	0
じゃくはい	0
じゃくはく	0
じゃくふう	0
じゃくへい	0
じゃくほう	0
じゃくめい	0
じゃくら	1
じゃくらん	0
じゃくわん	0
じゃしゅう	0
じゃしょう	0
じゃじゅつ	1
じゃせい	0
じゃせつ	1
じゃせん	1
じゃたい	0
じゃち	1
じゃっきゅう	0
じゃっけい	0
じゃっけん	0
じゃっこう	0
じゃっこく	0
じゃび	1
じゃぼう	1
じゃもん	0
じゃりゅう	0
じゃろん	0
じゃんゆう	0
じやく	0
じゅあつ	0
じゅいく	1
じゅいん	0
じゅうえき	0
じゅうおく	0
じゅうかい	0
じゅうかく	0
じゅうが	1
じゅうがい	0
じゅうがん	0
じゅうきゃく	0
じゅうきん	0
じゅうけい	0
じゅうけん	0
じゅうげん	0
じゅうこつ	0
じゅうご	1
じゅうさい	0
じゅうざ	0
じゅうしつ	0
じゅうしゅ	1
じゅうしゅう	0
じゅうしょうびょう	3
じゅうじん	0
じゅうすい	0
じゅうせき	0
じゅうせつ	0
じゅうぜい	0
じゅうだ	1
じゅうちょう	0
じゅうと	1
じゅうとく	0
じゅうにく	0
じゅうのう	0
じゅうば	1
じゅうばく	0
じゅうばつ	0
じゅうひ	1
じゅうびょう	0
じゅうふ	1
じゅうぶつ	1
じゅうへい	0
じゅうほうでん	3
じゅうぼう	0
じゅうまい	0
じゅうめん	0
じゅうもう	0
じゅうもつ	0
じゅうよく	0
じゅうりょ	1
じゅうるい	1
じゅうれつ	0
じゅか	1
じゅかん	1
じゅき	1
じゅぎゃく	0
じゅくいん	0
じゅくしゃ	2
じゅくしょう	0
じゅくじ	0
じゅくそ	1
じゅくだい	0
じゅくちゅう	0
じゅくちょう	0
じゅくでん	0
じゅくとう	0
じゅくにん	0
じゅくばん	0
じゅくほう	0
じゅくめい	2
じゅくん	0
じゅぐ	1
じゅげい	0
じゅげん	0
じゅこ	1
じゅこく	1
じゅこん	0
じゅごう	0
じゅさい	0
じゅさつ	1
じゅしき	0
じゅしゃく	0
じゅしょ	1
じゅしょく	0
じゅじつ	0
じゅじょう	0
じゅせき	1
じゅそう	0
じゅたん	0
じゅだん	0
じゅちょく	0
じゅっきょう	0
じゅっけい	0
じゅっそく	0
じゅつそく	0
じゅったい	0
じゅっちゅう	0
じゅってい	0
じゅつてい	0
じゅつい	1
じゅつかく	0
じゅつがん	0
じゅつしき	0
じゅつじ	1
じゅつぶ	1
じゅつや	1
じゅとう	0
じゅどう	1
じゅにく	0
じゅねつ	0
じゅはっちゅう	2
じゅび	1
じゅびょう	0
じゅふ	1
じゅぶつ	1
じゅほう	0
じゅぼく	0
じゅもん	0
じゅりゅう	0
じゅろく	1
じゅんえき	0
じゅんがく	0
じゅんき	0
じゅんきん	0
じゅんぎん	0
じゅんげん	0
じゅんこく	0
じゅんしゃく	0
じゅんしゅう	1
じゅんしょう	0
じゅんじつ	0
じゅんそう	0
じゅんぞう	0
じゅんてつ	0
じゅんでい	0
じゅんとく	0
じゅんなん	0
じゅんねん	0
じゅんぴつ	0
じゅんぶ	1
じゅんぶん	0
じゅんぼ	1
じゅんめい	0
じゅんめん	0
じゅんよ	1
じゅんりゅう	0
じゅんりん	0
じゅんれつ	0
じゅんろ	1
じゆ	1
じょうあい	0
じょうあつ	0
じょういき	0
じょうう	1
じょうかいん	3
じょうかっすい	3
じょうが	1
じょうきち	0
じょうきょ	1
じょうきょく	0
じょうく	1
じょうくん	0
じょうぐ	1
じょうぐう	0
じょうけつ	0
じょうげかい	3
じょうげすい	0
じょうげせん	3
じょうこ	1
じょうこうすい	3
じょうさく	0
じょうさつ	0
じょうじゅう	0
じょうじゅく	0
じょうぜん	0
じょうたん	0
じょうちゅうげかん	1
じょうなん	0
じょうはい	0
じょうはく	0
じょうへい	0
じょうほく	0
じょうぼう	0
じょうまい	0
じょうみょう	0
じょうみん	0
じょうめい	0
じょうもく	0
じょうゆう	0
じょうりつ	0
じょうりん	0
じょうるい	0
じょうれつ	1
じょうろう	0
じょうろん	0
じょか	1
じょきゅう	0
じょくあく	0
じょくそう	0
じょくふ	1
じょくれい	0
じょぐん	1
じょけつ	0
じょけん	0
じょごう	0
じょさつ	1
じょざい	0
じょしゃく	0
じょしゅう	0
じょしょく	0
じょじょう	0
じょじん	0
じょすい	0
じょすう	2
じょそん	0
じょたん	0
じょだん	0
じょちつ	0
じょつう	0
じょでい	0
じょとく	0
じょねん	0
じょは	1
じょはいせつ	2
じょはく	0
じょばつ	0
じょひ	1
じょびょう	0
じょふ	1
じょぶん	0
じょへい	0
じょへん	1
じょぼん	0
じょま	1
じょまく	0
じょみゃく	0
じょや	1
じょゆ	1
じょよう	0
じょり	1
じょりん	0
じよ	1
じらく	0
じれき	0
じれつ	1
じわい	0
じんう	1
じんうん	0
じんえん	0
じんおく	0
じんかい	0
じんが	1
じんがん	1
じんきょ	1
じんぎゅう	0
じんけつ	0
じんげん	0
じんこ	1
じんさい	0
じんしゃ	1
じんしゃく	0
じんしゅう	0
じんしょ	3
じんじゅう	0
じんじゅつ	1
じんじょ	1
じんせつ	0
じんそ	1
じんてん	0
じんとう	0
じんとく	0
にんとく	0
じんど	1
じんにょう	0
じんのう	3
じんぱつ	0
じんび	1
じんぷん	0
じんへい	0
じんべん	0
じんほう	0
じんぽん	0
じんまく	1
じんもう	0
じんよく	0
じんらい	0
じんりゅう	0
じんりん	0
じんれつ	0
じんろう	0
すいう	1
すいうん	0
すいえき	1
すいきゃく	0
すいかつ	0
すいがん	1
すいきこう	0
すいきょく	0
すいきん	0
すいぎょう	0
すいぎん	0
すいぐん	0
すいけん	0
すいご	1
すいごう	0
すいざん	0
すいしゃく	0
すいすう	3
すいせき	0
すいだく	0
すいてん	0
ずいどう	0
すいない	1
すいねん	0
すいのう	0
すいは	1
すいはい	0
すいはつ	0
すいば	1
すいばち	0
すいひ	1
すいひつ	0
すいひょう	0
すいび	1
すいふん	0
すいへき	0
すいほ	1
すいぼく	0
すいぼん	0
すいまく	0
すいまつ	0
すいみゃく	0
すいやく	1
すいゆうえい	3
すいよ	1
すいらく	1
すいらん	0
すいりく	1
すいりょ	1
すいりん	0
すいろく	0
すうきょう	0
すうぎ	1
すうけん	0
すうこく	0
すうし	0
すうしゃ	1
すうしゅん	0
すうしょう	0
すうせい	0
すうそ	1
すうそう	0
すうちょう	1
すうどく	0
すうぱい	0
すうひ	1
すうひょう	0
すうび	1
すうふ	0
すうぶん	0
すうみつ	0
すうりゃく	0
すがん	0
すじごて	0
すそく	0
すはい	0
すんいん	0
すんえんさん	3
すんか	1
すんかん	0
すんけい	0
すんこく	0
すんしゃく	0
すんしょ	1
すんしょう	0
すんじ	1
すんず	1
すんち	1
すんちょ	1
すんてい	0
すんど	1
すんびょう	0
すんぴょう	0
すんわ	0
ずいいち	1
ずいいん	0
ずいうん	0
ずいえき	1
ずいえん	0
ずいおう	0
ずいおん	0
ずいかん	0
ずいきん	0
ずいぐ	0
ずいけい	0
ずいしつ	0
ずいしゅう	0
ずいしょ	1
ずいせ	1
ずいせつ	0
ずいそう	0
ずいたん	0
ずいだい	1
ずいち	1
ずいちゅう	0
ずいちょう	0
ずいとう	1
ずいのう	0
ずいひつ	0
ずいひょう	0
ずいびょう	0
ずいまつ	0
ずいむ	1
ずいもん	0
ずいゆう	0
ずいよう	0
ずいりき	1
ずがく	1
ずがっ	1
ずこん	0
ずさつ	0
ずしょう	0
ずしょく	0
ずぞう	0
ずてん	0
ずねつ	1
ずねん	0
ずふ	1
ずふう	0
ずめい	0
せいあ	1
せいえつ	0
せいがっ	0
せいきく	0
せいぎゃく	0
せいぎゅう	0
せいぎょく	0
せいぎん	0
せいぐ	1
せいぐう	0
せいげつ	1
せいこつ	0
せいしゅ	1
せいしょうたい	3
せいしょうれい	3
せいじゅつ	0
せいせつ	0
せいそつねん	4
せいぞく	0
せいだつ	0
せいだん	0
せいちく	0
せいちゃ	0
せいちょ	1
せいちょく	0
せいどん	0
せいにょう	0
せいねつ	0
あおじろ	0
せいば	1
せいばく	0
せいふれい	3
せいへき	0
せいべん	0
せいほくせい	0
せいぼつねん	4
せいま	1
せいまく	0
せいみん	0
せいもう	0
せいもく	0
ぜいもん	0
せいよ	1
せいらく	0
せいらん	0
せいりょ	1
せいりん	0
せきい	1
せきいん	0
せきう	1
せきえん	0
せきおん	0
せきかい	0
せきかく	0
せきかつ	0
せきが	0
せきがく	0
せきがん	0
せききゅう	0
せきぐう	0
せきけつ	0
せきけん	0
せきこ	1
せきこう	0
せきご	1
せきさ	1
せきさく	0
せきしゃ	0
せきしゅ	1
せきしゅん	0
せきしん	0
せきじ	0
せきじゃ	1
せきじゅん	0
せきじん	0
せきすん	0
せきせん	0
せきそん	0
せきぞく	0
せきだ	0
せきだい	0
せきだん	0
せきちく	0
せきちゅう	0
せきちゅうの	0
せきちん	0
せきてん	0
せきでい	0
せきでん	0
せきとく	0
せきど	1
せきねん	0
せきのう	0
せきは	1
せきば	1
せきばん	0
せきひつ	0
せきび	1
せきびょう	0
せきふ	1
せきふく	0
せきぶ	1
せきぶつ	0
せきへい	0
せきへき	0
せきへん	0
せきべつ	0
せきぼう	0
せきぼく	0
せきま	0
せきまつ	0
せきゅう	0
せきゆう	0
せきょう	0
せきらん	0
せきり	1
せきりゅう	0
せきりょく	2
せきりん	0
せきるい	0
せきれつ	0
せきろ	1
せきろう	0
せきわ	0
せきわん	0
せこ	1
せさい	0
せじき	0
せすう	2
せせつ	0
せぜ	1
せそん	1
せちにち	0
せちょう	0
せっかつ	0
せっきゅう	0
せっくつ	0
せっけ	1
せっけつ	0
せっこ	1
せっこく	0
せっさい	0
せっしょ	1
せっしん	0
せったん	0
せっちょ	1
せっちょう	0
せってき	0
せってつ	0
せっぱん	1
せっぴつ	0
せっぴょう	0
せっぷう	0
せっぺん	0
せっぽう	0
せついん	0
せつえつ	0
せつかい	0
せつきゅう	0
せつぎ	1
せつこう	0
せつご	0
せつじょう	0
せつてい	0
せつなん	0
せつにゅう	0
せつひ	1
せつひょう	0
せつへい	0
せつもう	0
せつや	1
せつよく	0
せつり	1
せつりょう	0
せつれん	0
せどう	1
せひょう	0
せんあく	0
せんうん	0
せんおん	0
せんかく	0
せんかつ	0
せんぎょく	0
せんくつ	0
せんくん	0
せんけんぎょう	3
せんしゃく	0
せんしゅん	0
せんじゅく	0
せんにょ	1
せんじょく	0
せんずい	0
せんせつ	0
せんちゃ	0
せんちん	0
せんつい	0
せんつう	0
せんなん	0
せんにく	0
せんばく	0
せんひ	1
せんひょう	0
せんびょう	0
せんびん	0
せんぴい	0
せんぶつ	0
せんべん	0
せんぺい	1
せんぼ	1
せんぽ	1
せんみゃく	0
せんみょう	0
せんやく	0
せんゆ	0
せんよく	0
せんろう	0
せんわ	0
せんわく	0
ぜいいん	0
ぜいがい	1
ぜいけい	0
ぜいけん	0
ぜいそく	0
ぜいちく	0
ぜいなん	0
ぜいばい	0
ぜいひ	0
ぜいひょう	0
ぜいぶつ	0
ぜいもく	0
ぜいろく	0
ぜくう	1
ぜげん	0
ぜしき	1
ぜしん	0
ぜっかい	0
ぜっかん	0
ぜっきん	0
ぜっこん	0
ぜっさく	0
ぜっしょう	0
ぜっせい	0
ぜっつう	0
ぜってん	0
ぜっとう	0
ぜっぱい	0
ぜっぱん	0
ぜっぴつ	0
ぜっぽん	0
ぜつあつ	0
ぜついき	0
ぜついん	0
ぜつがい	0
ぜつがん	2
ぜつぎ	1
ぜつご	0
ぜつじょう	0
ぜつじん	0
ぜつばん	0
ぜつべん	0
ぜつろん	0
ぜどう	0
ぜにざ	0
ぜんあつ	0
ぜんう	1
ぜんえ	1
ぜんえん	0
ぜんおん	0
ぜんかつ	0
ぜんが	1
ぜんがい	0
ぜんがん	1
ぜんぎん	0
ぜんくん	0
ぜんぐう	0
ぜんけつ	0
ぜんこううん	3
ぜんこうへん	0
ぜんこつ	1
ぜんさつ	0
ぜんざ	0
ぜんざん	1
ぜんしきょう	3
ぜんしゅく	0
ぜんしろう	3
ぜんしんけん	3
ぜんじゅく	1
ぜんじょ	1
ぜんじょう	1
ぜんすう	3
ぜんず	1
ぜんぜい	0
ぜんぜつ	0
ぜんそ	1
ぜんそん	0
ぜんたん	0
ぜんだく	0
ぜんちゅう	0
ぜんちん	0
ぜんてつ	0
ぜんでん	0
ぜんなん	0
ぜんにっちゅう	3
ぜんにょ	1
ぜんね	1
ぜんはく	0
ぜんはんかい	3
ぜんばん	0
ぜんぱ	1
ぜんひょう	0
ぜんひん	0
ぜんびょう	0
ぜんびん	0
ぜんぴ	1
ぜんぴょう	0
ぜんふ	0
ぜんふう	0
ぜんぶつ	1
ぜんぷう	0
ぜんぺい	0
ぜんぺき	0
ぜんぼう	0
ぜんぼく	0
ぜんぽん	0
ぜんまく	0
ぜんみ	1
ぜんみん	0
ぜんめい	0
ぜんもん	0
ぜんゆう	0
ぜんよく	0
ぜんらん	0
ぜんりゅう	0
ぜんりょうきょう	3
ぜんりんけん	3
ぜんれき	0
ぜんれん	0
ぜんろ	1
ぜんろう	0
ぜんろうきょう	3
ぜんろん	0
そういん	0
そううつ	0
そうえ	1
そうお	1
そうおく	0
そうかく	0
そうがい	0
そうきょ	1
そうきょう	0
そうぎょうしょ	3
そうぎん	0
そうく	1
そうくう	0
そうくつ	0
そうぐん	1
そうけ	1
そうけいむ	3
そうけつ	0
そうげき	0
そうこつ	0
そうざ	1
そうじゅは	3
そうじゅわ	3
そうじょ	1
そうず	1
そうそ	1
そうそく	0
そうそつ	0
そうそん	0
そうたく	0
そうたん	0
そうちゅう	0
そうつい	0
そうてつ	0
そうどく	1
そうない	1
そうに	1
そうにょう	0
そうねん	0
そうはいすい	3
そうはいふう	3
そうばつ	1
そうひ	0
そうひつ	0
そうひょう	0
そうびん	0
そうへんでん	3
そうぼ	1
そうまい	0
そうもう	0
そうゆ	0
そうよ	1
そうよく	0
そうらい	0
そうらく	0
そうれき	0
そうろく	0
そかん	0
そがく	1
そき	1
そきゃく	0
そぎょう	1
そくあつ	0
そくいん	0
そくえん	0
そくが	1
そくきん	0
そくけつ	0
そくさく	0
そくしゅ	1
そくしゅう	0
そくしょく	0
そくじょ	1
そくじょう	0
そくすい	0
そくたい	0
そくたく	0
そくたん	0
そくだい	0
そくちゅう	0
そくちょう	0
そくつう	0
そくどう	0
そくなん	2
そくねつ	0
そくはい	0
そくはく	0
そくばん	0
そくひ	1
そくひつ	0
そくひょう	0
そくび	0
そくふ	1
そくふく	0
そくへき	0
そくへん	0
そくみょう	0
そくや	1
そくやく	0
そくよく	0
そくりつ	0
そくろう	0
そくん	0
そぐん	1
そけん	0
そさい	0
そさく	0
そしゅ	1
そじょ	1
そそつ	0
そそん	1
そぞく	1
そだ	0
そっかく	0
そっけん	0
そっこん	0
そっし	1
そったく	0
そっぴん	0
そつけん	0
そつじゅ	1
そつじゅく	0
そつじゅん	0
そつてん	0
そてん	0
そでん	0
そとく	1
そどう	0
そはん	0
そぶ	1
そみつ	0
そもう	0
そもん	1
そゆ	1
そりゅう	1
それい	0
そんい	1
そんいき	0
そんいん	1
そんか	1
そんかん	0
そんがく	0
そんがん	0
そんご	1
そんごく	0
そんしゅつ	0
そんしょ	1
そんじ	1
そんじゅく	0
そんぜん	0
そんそ	1
そんそう	0
そんぞう	0
そんてい	0
そんどう	1
そんないがい	3
そんぱい	0
そんぷ	1
そんほう	0
そんぼ	1
そんめい	0
そんめつ	0
そんもつ	0
そんもん	0
そんゆう	0
そんよう	0
そんらい	0
そんらん	0
そんりょ	1
そんれい	0
ぞうあい	0
ぞうおん	0
ぞうかく	0
ぞうがん	0
ぞうぎ	1
ぞうぎょう	0
ぞうく	0
ぞうくつ	0
ぞうくん	0
ぞうぐ	1
ぞうけん	0
ぞうげんぜい	3
ぞうこく	0
ぞうざい	0
ぞうざん	0
ぞうしき	0
ぞうしゅうわい	3
ぞうぞう	0
ぞうたい	0
ぞうだん	0
ぞうちゅう	0
ぞうてん	0
ぞうどく	0
ぞうない	1
ぞうにん	0
ぞうねつ	0
ぞうねん	0
ぞうはく	0
ぞうばい	0
ぞうばつ	0
ぞうひん	0
ぞうふう	0
ぞうほん	0
ぞうぼ	1
ぞうぼう	0
ぞうまく	0
ぞうめん	0
ぞうらん	0
ぞうりく	0
ぞうりょく	1
ぞうれい	0
ぞくいん	0
ぞくかん	0
ぞくがん	0
ぞくぐん	0
ぞくけん	0
ぞくげん	0
ぞくご	0
ぞくしゅう	0
ぞくしょう	0
ぞくじ	0
ぞくじゅ	1
ぞくじょう	0
ぞくじん	0
ぞくすう	3
ぞくせ	0
ぞくせき	0
ぞくせつ	0
ぞくそう	0
ぞくたい	0
ぞくだん	0
ぞくち	1
ぞくちょう	0
ぞくでん	0
ぞくにん	0
ぞくねん	0
ぞくはい	0
ぞくひ	1
ぞくひつ	0
ぞくひょう	0
ぞくふく	0
ぞくへい	0
ぞくほん	0
ぞくみょう	0
ぞくむ	1
ぞくめい	0
ぞくよう	0
ぞくりょう	0
ぞくるい	0
ぞくろく	0
ぞくろん	0
ぞくわ	0
ぞっかく	0
ぞっきょく	0
ぞっけん	0
ぞっこつ	0
ぞんい	1
ぞんしん	0
ぞんじょう	0
ぞんせい	0
ぞんねん	3
ぞんりょ	1
たあつ	0
たいうん	0
たいえつ	0
たいかつ	0
たいきゅうひ	3
たいぐ	1
たいこん	0
たいごう	0
たいさつ	0
たいじく	0
たいじゅつ	1
たいぞく	0
たいたい	0
たいつう	0
たいていがく	3
たいとん	1
たいばく	0
たいび	1
たいふく	0
たいふつ	0
たいぶつ	0
たいへいらく	3
たいへき	0
たいべん	0
たいぼん	0
たいみん	0
たいもう	0
たいゆ	0
たいよく	1
たいらく	0
たいらん	0
たいり	1
だいりん	0
たいれい	0
たいれん	1
たいろ	1
たいろく	0
たきゅう	0
たきょ	1
たぎゃく	0
たくえい	0
たくこう	0
たくさい	0
たくしき	0
たくしゅう	0
たくしょ	1
たくしょう	0
たくすい	0
たくせつ	0
たくせん	0
たくぞう	0
たくだ	1
たくほん	0
たくらく	0
たくれい	0
たくろん	0
たぐん	1
たけい	0
たけつ	0
たこん	0
たさつ	0
たさん	0
たざ	1
たざい	0
たじつ	1
たじょう	0
たそく	0
たぞく	1
たちょう	0
たっこ	1
たっこう	0
たっしき	0
たつがん	0
たつぶん	0
たつべん	0
たてれつ	2
たでい	0
たにょう	0
たばい	0
たばつ	0
たひつ	0
たひん	0
たふう	0
たぶつ	1
たへん	1
たほん	0
たよく	0
たりき	0
たりつ	0
たりゅう	0
たるたま	0
たれい	0
たれん	0
たんあく	0
たんあつ	0
たんいん	0
たんえい	0
たんえき	0
たんおう	0
たんかく	0
たんきゃく	0
たんきょう	0
たんきょく	0
たんきん	0
たんぎ	1
たんくつ	0
たんげつ	1
たんこ	1
たんこん	0
たんざい	0
たんしき	0
たんしつ	0
たんしゃ	1
たんじつ	0
たんじゅ	1
たんじゅう	0
たんすう	3
たんぜい	0
たんぞく	0
たんだん	0
たんちゃ	1
たんちゅう	0
たんちゅうりゅう	3
たんちょ	1
たんちょうだ	3
たんてつ	1
たんてん	0
たんどう	0
たんはい	0
たんぱい	0
たんはく	0
たんぴ	1
たんぴょう	0
たんぷきょう	3
たんぷく	1
たんぷん	0
たんべつ	0
たんべん	0
たんほう	0
たんぽう	0
たんみ	1
たんむ	1
たんもう	0
たんよう	0
たんよく	0
たんりつ	0
たんりゅう	0
たんりょう	0
たんりょく	0
たんれき	0
たんれつ	0
たんろ	1
たんわん	0
だいいん	0
だいうん	0
だいえん	0
だいかい	0
だいかく	0
だいが	0
だいぎゃく	0
たいぎゃく	0
だいこうちゅうせい	5
だいざら	0
だいしき	0
だいしょく	0
だいしょっ	0
だいしょうかん	3
だいじゃ	1
だいじゅつ	0
だいじょ	1
だいずい	0
だいせい	0
だいそく	0
だいだく	0
だいだん	0
だいてん	0
だいでん	0
だいとく	0
だいに	1
だいにょ	1
だいねつ	0
だいはい	0
だいばつ	0
だいばん	0
だいひ	1
だいひん	0
だいふう	3
だいへん	0
だいほ	1
だいみゃく	0
だいもう	0
だいりゅう	0
だいれい	0
だいろう	0
だいろく	0
だいわん	0
だえん	0
だおん	0
だかつ	0
だくい	1
だくし	1
だくすい	0
だくせい	0
だくど	1
だくひ	1
だけん	0
だげん	0
ださく	0
だしゅ	1
だしょう	0
だじん	0
だっかつ	0
だっけつ	0
だっけん	0
だっさく	0
だっさん	0
だっそ	1
だっちつ	0
だつあつ	0
だつえ	1
だつじ	0
だつじょ	1
だつぞん	0
だつのう	0
だつぶん	0
だつぼく	0
だつよう	0
だてい	0
だとつ	0
だのう	0
だば	1
だぶん	0
だべん	0
だほん	0
だみん	0
だめん	0
だよう	0
だりょう	0
だろく	1
だんいき	0
だんう	1
だんうん	0
だんえき	0
だんおう	3
だんきゅう	0
だんきょう	0
だんけん	0
だんこん	0
だんごく	0
だんしゅう	0
だんしょく	0
だんしん	0
だんじょし	3
だんじょせい	3
だんずい	0
だんそく	0
だんそせい	0
だんそん	0
だんぞう	0
だんちく	0
だんちゃ	0
だんちゃく	0
だんちゅう	0
だんてつ	0
だんどく	0
だんない	1
だんなん	0
だんにゅう	0
だんのう	0
だんび	1
だんぴ	1
だんぼく	0
だんぽう	0
だんみん	0
だんり	1
だんりゅう	0
だんれい	0
ちあつ	0
ちいく	1
ちいゆ	0
ちうん	0
ちえき	0
ちかんやろう	5
ちきょう	0
ちぎょ	1
ちくあつ	0
ちくえい	0
ちくえん	0
ちくおん	0
ちくかん	0
ちくきゃく	0
ちくげつ	2
ちくさつ	0
ちくしゅ	1
ちくじ	0
ちくたん	0
ちくとう	0
ちくにく	0
ちくにょう	0
ちくのう	0
ちくは	1
ちくはく	0
ちくひ	0
ちくひつ	0
ちくひん	0
ちくぼく	0
ちくまく	2
ちくもん	0
ちくりき	2
ちくりょく	2
ちくれい	0
ちくろく	0
ちぐ	1
ちぐう	0
ちげい	0
ちげき	0
ちこうろう	2
ちこん	0
ちざい	0
ちしぎょ	2
ちしゅ	1
ちしゅう	0
ちしょ	1
ちじつ	0
ちじゅつ	1
ちじょ	1
ちせき	0
ちそく	2
ちぞく	1
ちたつ	0
ちっか	0
ちっかん	0
ちっこん	0
ちつえん	2
ちつがん	2
ちつきょう	0
ちつざい	2
ちつしき	0
ちつじょう	0
ちつだつ	0
ちつちゅう	0
ちつどう	0
ちつない	2
ちつにく	2
ちつひ	1
ちつぶ	2
ちつへき	0
ちつろく	0
ちてつ	0
ちにく	0
ちにち	0
ちねつ	0
ちはん	0
ちはんじ	2
ちばん	0
ちひつ	0
ちびょう	0
ちふれん	2
ちぶつ	1
ちぶん	0
ちへん	0
ちべい	0
ちべん	0
ちほ	1
ちめん	0
ちもう	0
ちもん	0
ちゃえん	0
ちゃきん	0
ちゃくあつ	0
ちゃくがい	2
ちゃくぎょ	1
ちゃくさ	1
ちゃくしつ	0
ちゃくしゃ	0
ちゃくしゅつ	0
ちゃくしょ	1
ちゃくじょうりく	3
ちゃくすう	3
ちゃくそん	0
ちゃくてい	0
ちゃくてん	0
ちゃくなん	2
ちゃくにく	0
ちゃくはつ	0
ちゃくひょう	0
ちゃくぼ	1
ちゃくりゅう	0
ちゃくろけい	0
ちゃげい	1
ちゃさじ	0
ちゃしゃく	0
ちゃしょ	1
ちゃしょう	0
ちゃじゅ	1
ちゃせき	0
ちゃせつ	0
ちゃせん	0
ちゃぜん	0
ちゃたく	0
ちゃっけい	0
ちゃくけい	0
ちゃてい	0
ちゃとう	0
ちゃはい	0
ちゃほ	1
ちゃほう	0
ちゃぼく	0
ちゃぼん	0
ちゃみ	1
ちゃめい	0
ちゃりょう	1
ちゃるい	1
ちゃろう	0
ちゃろん	0
ちゅうあつ	0
ちゅういき	0
ちゅういん	1
ちゅうう	1
ちゅうえい	1
ちゅうえき	1
ちゅうおん	0
ちゅうかきゅう	3
ちゅうかんしん	3
ちゅうがい	1
ちゅうがん	0
ちゅうきゃく	0
ちゅうぎょう	0
ちゅうぎょく	0
ちゅうぎん	0
ちゅうく	0
ちゅうこうそう	3
ちゅうこうそく	3
ちゅうこん	0
ちゅうご	0
ちゅうさく	0
ちゅうしき	0
ちゅうしつ	0
ちゅうしつい	4
ちゅうしゅ	0
ちゅうしゅう	0
ちゅうしゅん	0
ちゅうしょ	1
ちゅうしょうりん	3
ちゅうじく	0
ちゅうじん	0
ちゅうせき	0
ちゅうぜんかい	3
ちゅうそ	1
ちゅうそん	0
ちゅうたいれん	3
ちゅうたんぞう	3
ちゅうち	1
ちゅうていそく	3
ちゅうてつ	0
ちゅうのう	0
ちゅうは	1
ちゅうはく	0
ちゅうはん	0
ちゅうばい	0
ちゅうびん	0
ちゅうふ	1
ちゅうふく	0
ちゅうふつ	1
ちゅうふん	0
ちゅうぶく	0
ちゅうへん	0
ちゅうほ	1
ちゅうほう	0
ちゅうほく	0
ちゅうほん	0
ちゅうぼ	1
ちゅうぼく	0
ちゅうま	1
ちゅうまく	0
ちゅうまん	0
ちゅうめん	0
ちゅうも	1
ちゅうやく	0
ちゅうらん	0
ちゅうりょう	3
ちゅうれい	0
ちゅうれつ	0
ちゅうれん	0
ちゅうろう	0
ちゅうろうい	3
ちゅうろく	0
ちゅうわん	0
ちょうあく	0
ちょうあつ	0
ちょううん	0
ちょうえ	1
ちょうえき	0
ちょうきゃく	0
ちょうかつ	0
ちょうぎょく	0
ちょうくう	0
ちょうくん	0
ちょうぐう	0
ちょうぐん	1
ちょうげい	0
ちょうげいし	3
ちょうげし	0
ちょうこつ	1
ちょうご	1
ちょうさく	0
ちょうさつ	1
ちょうしゅつ	0
ちょうしんぎん	3
ちょうじつ	0
ちょうじゃく	0
ちょうじゅうがい	3
ちょうせ	1
ちょうそんかい	3
ちょうたんき	3
ちょうだん	0
ちょうちゅう	0
ちょうてき	0
ちょうでん	0
ちょうとう	0
ちょうどう	0
ちょうどく	1
ちょうないがい	3
ちょうはく	0
ちょうはん	1
ちょうばく	0
ちょうばん	0
ちょうひ	1
ちょうふう	1
ちょうへき	0
ちょうべい	0
ちょうぼく	0
ちょうま	1
ちょうまん	1
ちょうむ	1
ちょうめん	3
ちょうもんいん	3
ちょうや	1
ちょうゆうかん	3
ちょうらん	0
ちょうれんー	0
ちょうわん	0
ちょくあつ	0
ちょくい	1
ちょくいん	0
ちょくえん	0
ちょくおう	0
ちょくおん	2
ちょくがく	0
ちょくきん	0
ちょくごう	0
ちょくさ	1
ちょくさつ	0
ちょくさん	0
ちょくしゅう	0
ちょくしょ	1
ちょくしょう	0
ちょくじ	1
ちょくじゃく	0
ちょくじゅ	1
ちょくじん	0
ちょくせい	0
ちょくせき	0
ちょくぜい	0
ちょくだい	0
ちょくでん	0
ちょくどう	0
ちょくにん	0
ちょくはい	0
ちょくばく	0
ちょくばつ	0
ちょくひ	1
ちょくひょう	0
ちょくふう	0
ちょくふん	0
ちょくぶん	0
ちょくほう	0
ちょくめい	0
ちょくもう	0
ちょくよう	0
ちょくり	0
ちょくれい	0
ちょくれつ	0
ちょくろ	1
ちょげん	0
ちょこう	0
ちょこく	1
ちょさ	1
ちょさつ	0
ちょし	1
ちょしょく	0
ちょせい	0
ちょせん	0
ちょそう	0
ちょたい	0
ちょたん	0
ちょっきょう	0
ちょっけんれん	3
ちょっこん	0
ちょとう	0
ちょぶん	0
ちょへい	0
ちょほ	1
ちょぼく	0
ちょま	1
ちょみつ	0
ちょもん	0
ちょゆ	1
ちらく	0
ちりゃく	1
ちりゅう	0
ちるい	1
ちれき	0
ちれん	0
ちろうい	2
ちんあ	1
ちんあん	0
ちんおう	0
ちんかく	0
ちんかん	0
ちんがい	0
ちんがん	0
ちんきゃく	0
ちんきゅう	0
ちんぎょ	1
ちんぐん	0
ちんこく	0
ちんさ	1
ちんしゅ	0
ちんしょ	1
ちんじ	1
ちんせつ	0
ちんぜい	0
ちんそ	1
ちんたく	0
ちんだん	0
ちんでい	0
ちんでき	0
ちんとう	0
ちんどう	0
ちんねん	1
ちんぴん	0
ちんぶつ	0
ちんぺい	0
ちんぼく	0
ちんぽう	0
ちんぽん	0
ちんまい	0
ちんもん	0
ちんゆう	0
ちんよう	0
ちんろん	0
ちんわ	0
ちんわん	0
ついく	0
ついこつ	1
ついしゅ	0
ついたい	0
ついどう	0
ついのう	0
ついばつ	0
ついひ	0
ついふく	0
ついめい	0
ついれん	0
つうい	1
つうえき	0
つうきゅう	0
つうぎ	1
つうく	1
つうけん	0
つうじつ	0
つうじゅく	0
つうすう	3
つうせん	0
つうそう	0
つうそく	0
つうだ	1
つうちょく	0
つうどう	0
つうはん	0
つうばん	0
つうひ	0
つうひょう	0
つうへい	0
つうろう	0
つめのま	0
つるけい	0
つるじょう	0
ていあつ	0
ていかく	0
ていかつ	0
ていがい	0
ていがん	0
ていきん	0
ていくう	0
ていげき	0
ていこん	0
ていごう	3
ていさ	1
ていざ	1
ていざい	0
ていざん	1
ていじの	0
てつじ	0
ていじゅ	1
ていじゅん	0
ていじょ	1
ていぜい	0
ていぜん	0
ていたいきょう	3
ていちゃ	0
ていちゅう	0
ていちゅうしつ	3
ていちん	0
ていでい	0
ていとく	0
ていどう	0
ていはん	0
ていばい	0
ていびょう	0
ていふ	1
ていぶ	1
ていぶん	0
ていへん	1
ていほん	0
ていぼ	1
ていみ	0
ていもう	0
ていもん	0
ていゆう	0
ていよく	0
ていりん	0
ているい	0
ていわん	0
てきえい	0
てきえん	0
てきが	1
てきがい	0
てきぎょう	0
てきぐん	0
てきげん	0
てきご	0
てきさく	0
てきしき	0
てきしゃ	0
てきしゅ	1
てきしゅう	0
てきじつ	0
てきじゅん	0
てきぜい	0
てきぜん	0
てきと	1
てきねん	0
てきはい	0
てきひ	1
てきひょう	0
てきふ	0
てきほん	0
てきぼう	0
てきぼく	0
てきやく	0
てきらい	0
てきり	0
てきるい	0
てきれい	0
てきろ	1
てきろう	0
てっかん	0
てっこん	0
てっさつ	0
てっさん	0
てっしょう	0
てっしん	0
てっせい	0
てっせき	0
てっそん	0
てったん	0
てっち	0
てっちゅう	0
てっつい	0
てっとう	0
てっぴ	1
てっぴつ	0
てっぷ	1
てっぷん	0
てっぺき	0
てつえい	0
てつえん	2
てつおん	0
せつおん	0
てつがん	0
てつざん	2
てつしつ	0
てつすい	0
てつせい	0
てつぞく	0
てつたく	0
てつてい	0
てつばち	0
てつび	1
てつびょう	0
てつびん	0
てつふ	1
てつぶ	2
てつほく	0
てつぼう	0
てつぼく	0
てつもう	0
てつもん	0
てつゆう	0
てつり	1
てつりつ	0
てつりょう	2
てつりん	0
てつろ	1
てんあん	0
てんおん	0
てんかく	0
てんかつ	0
てんく	0
てんぐう	0
てんぐん	0
てんげき	0
てんこつ	1
てんご	0
てんごう	0
てんさん	0
てんざ	0
てんしき	0
てんしこう	0
てんしつ	1
てんしゅう	0
てんじょ	1
てんすい	0
てんず	0
てんずい	0
てんそ	1
てんそく	0
てんぞ	1
てんぞう	0
てんだい	0
てんちゃ	0
てんちゅう	0
てんつい	0
てんに	1
てんにゅうがく	3
てんにょ	1
てんはいぎょう	3
てんぱいぎょう	3
てんばつ	1
てんばん	0
てんび	0
てんぴん	0
てんべつ	0
てんぼく	0
てんまく	1
てんみ	1
てんもく	0
てんよ	1
てんら	1
てんらい	0
てんりつ	0
てんりん	0
てんれいかいぎょうそうしょ	9
てんれいしょ	0
てんれつ	0
てんろ	1
でいあつ	0
でいかい	0
でいぎょ	1
でいさ	1
でいざい	0
でいしつ	0
でいしょう	0
でいじょう	0
でいそう	0
でいたん	0
でいだん	0
でいち	0
でいちゅう	0
でいとう	0
でいどう	0
でいねい	0
でいばん	0
できすい	0
でくし	1
でっちょう	0
でんう	1
でんえ	1
でんえい	0
でんかく	0
でんかん	0
でんが	1
でんきょう	0
でんきん	0
でんぎょう	0
でんくう	0
でんぐん	0
でんこ	1
でんこく	0
でんこつ	0
でんこん	0
でんざい	0
でんしゃく	0
でんしゅん	0
でんじゃく	0
でんじょう	0
でんじれん	3
でんすう	3
でんせき	0
でんぜん	0
でんそ	1
でんそく	0
でんたい	0
でんたく	0
でんたん	0
でんちく	0
でんちゃく	0
でんちょうしん	3
でんてん	0
でんど	1
でんねつ	0
でんばく	0
でんひ	1
でんぶ	1
でんぶつ	0
でんぷ	1
でんぷう	3
でんぼう	0
でんめん	0
でんもん	0
でんや	1
でんらん	0
でんりゃく	0
でんりょう	0
でんれい	0
でんわい	0
とあんれい	2
とういき	1
とうう	1
とううん	0
とうえき	1
とうがく	0
とうがた	0
とうきゃく	0
とうきん	0
とうぎゅう	0
とうけ	1
とうげじょう	3
とうげつ	1
とうしき	0
とうじき	0
とうしゃく	0
とうしゅん	0
とうしょうほん	3
とうしみ	0
とうすみ	0
とうじく	0
とうじゅう	0
とうじゅつ	0
とうぜ	1
とうぜつ	0
とうそうおん	3
とうそうがい	3
とうだつ	0
とうちょ	1
とうちん	0
とうつう	0
とうどう	0
とうどうちょう	3
とうにく	0
とうねつ	0
とうばい	0
とうひつ	0
とうひん	0
とうび	1
とうぶつ	0
とうへんぼく	3
とうほくとう	0
とうみつ	0
とうみょう	0
とうむ	1
とうめつ	0
とうも	1
とうもう	0
とうら	1
とうらん	0
とうりょ	1
とうれき	0
とうれん	0
とうわん	0
とかん	0
とがい	1
ときょう	0
ときんぎん	2
とぎゃく	0
とぎゅう	0
とくいん	0
とくうん	0
とくえん	0
とくおつ	0
とくかん	0
とくがく	0
とくきょう	0
とくぎゅう	2
とくぎょう	0
とくぐん	0
とくけい	0
とくさい	0
とくさつ	0
とくしってん	3
とくしょ	1
とくしょう	0
とくじん	0
とくすう	3
とくせいい	3
とくそ	0
とくそん	0
とくち	1
とくはく	0
とくはん	0
とくばん	0
とくひ	1
とくびょう	0
とくふう	0
とくふく	0
とくぶん	2
とくぼう	0
とくぼうひ	3
とくむ	1
とくめい	0
とくもく	0
とくよく	0
とくり	0
とくれん	0
とくろう	0
とくろん	0
とけんがい	2
とご	1
とざい	0
としつ	0
としゅ	1
としゅう	0
とすい	0
とすう	2
とせき	0
とせつ	0
とだい	0
とっかい	0
とっかく	0
とったい	0
とってい	0
とってん	0
とっぷつ	0
とつがた	0
とつげん	0
とつこん	0
とつじょう	0
とつぶ	2
とつほう	0
とつめん	0
とてい	0
とでい	0
とでん	0
とどうふけんか	5
とどうふけんがい	5
とどうふけんぜい	5
とどうふけんちょう	5
とどうふけんどう	5
とどうふけんみん	5
とどうふけんめい	5
とどうふけんゆう	5
とは	1
とふけんいき	3
とふけんぎ	3
とふん	0
とぶつ	0
とめん	0
ともん	1
とゆ	1
とんかん	0
とんきち	0
とんぎょう	0
とんけい	0
とんけつ	0
とんさい	0
とんし	1
とんしゅ	1
とんしょう	0
とんじ	1
とんじき	0
とんじん	0
とんせん	0
とんちょう	1
とんなん	0
とんにゅう	0
とんにょう	0
とんばつ	1
とんぷん	0
とんぺい	0
とんぼう	0
とんみん	0
とんよう	0
どあつ	0
どうあい	0
どうあつ	0
どういき	0
どううん	0
どうえい	0
どうおく	0
どうぎょく	0
どうくん	1
どうぐう	0
どうけんけい	3
どうこ	1
どうごう	1
どうごん	0
どうしき	0
どうじく	1
どうじゅ	1
どうじゅつ	0
どうそく	0
どうそつ	1
どうぞう	0
どうたく	1
どうたつ	0
どうたん	0
どうちょ	1
どうでん	0
どうなが	0
どうにょう	0
どうねち	0
どうはい	0
どうはく	1
どうはち	0
どうばく	0
どうひ	1
どうひつ	0
どうふく	0
どうふけんぜい	4
どうふけんみん	4
どうふみん	3
どうふん	0
どうへい	0
どうべん	0
どうぼ	1
どうぼう	0
どうぼく	0
どうもん	0
どうやく	1
どうよく	0
どうりき	0
どうりゅう	1
どうりん	0
どうれい	1
どうわん	0
どえき	1
どくあん	0
どくい	1
どくいご	0
どくえい	0
どくおう	0
どくか	0
どくが	1
どくがん	0
どくき	1
どくぎょ	1
どくぐん	0
どくけつ	0
どくじょ	1
どくじん	0
どくぜつ	0
どくたい	0
どくたん	0
どくち	2
どくちゃ	2
どくつ	0
どくてい	0
どくてつ	0
どくにち	0
どくはい	0
どくひつ	0
どくふ	0
どくぶ	0
どくぶん	0
どくほう	0
どくぼう	0
どくよ	1
どくらく	0
どぐう	0
どこう	0
どしつ	0
どしゅく	0
どしょう	1
どじん	0
どすい	0
どぞく	1
どたい	0
どっかく	0
どっぴょう	0
どっぽう	0
どばく	1
どばん	0
どひ	1
どふう	0
どへい	0
どほう	0
どぼう	0
どまつ	0
どみん	0
どりょう	0
どりょうこう	2
どるい	0
どんえき	0
どんかく	0
どんが	1
どんさい	0
どんさん	0
どんしゅう	0
どんそく	0
どんたい	0
どんつう	0
どんてき	0
どんとう	0
どんば	1
どんぶつ	0
どんよう	0
どんりん	0
ないい	1
ないいき	0
ないいん	0
ないうん	0
ないが	1
ないがいあつ	3
ないがいこう	3
ないがいじゅ	3
ないがいや	3
ないきょう	0
ないきょく	0
ないく	0
ないくん	1
ないげん	0
ないごう	0
ないしつ	0
ないしゅう	0
ないじゅう	0
ないじん	0
ないすい	0
ないすん	0
ないぜん	0
ないそん	0
ないたい	0
ないたん	0
ないちょく	0
ないてつ	0
ないでん	0
ないど	1
ないねん	0
ないはつ	0
ないはん	0
ないへい	0
ないへん	0
ないべん	1
ないぼう	0
ないゆう	0
ないわ	0
なごん	1
なじょ	1
なっしょ	0
なんいき	0
なんいん	0
なんえん	0
なんかく	0
なんがく	0
なんがっ	0
なんがん	0
なんきゅう	0
なんきょ	1
なんきょう	0
なんく	0
なんぐん	0
なんげん	0
なんこ	1
なんこつ	0
なんさ	1
なんさん	0
なんざ	0
なんしつ	0
なんしゅう	0
なんじゅん	0
なんじん	0
なんそ	1
なんてい	0
なんてき	0
なんてつ	0
なんでい	0
なでん	0
なんでん	0
なんとん	0
なんどく	0
なんなんせい	0
なんなんとう	0
なんにゅう	0
なんはん	0
なんぱく	0
なんぱつ	0
なんふ	1
なんぶつ	0
なんぶん	0
なんぺき	0
なんぺん	0
なんぼう	0
なんまく	0
なんもう	0
なんやく	0
なんよく	0
なんりゅう	0
なんわ	0
にがちゃ	2
にくあい	0
にくえつ	0
にくかい	0
にくき	1
にくきゅう	0
にくけい	0
にくこう	0
にくこん	0
にくし	1
にくしょう	0
にくじゅう	0
にくじょう	0
にくたん	0
にくだい	0
にくだん	0
にくちく	0
にくちゅう	0
にくどう	0
にくにゅう	0
にくひつ	0
にくふん	0
にくへき	0
にくへん	0
にくよく	0
にくりん	0
にくるい	2
にくれつ	0
にちえいご	3
にちえつ	1
にちぐん	2
にちげん	2
にちご	0
にちごう	1
にちし	1
にちち	0
にちぶ	0
にちぼく	0
にちぼつ	0
にちらん	1
にちろく	0
にっかい	0
にっかぎれん	4
にっし	1
にっしょく	0
にちじん	0
にったん	0
にっちょく	0
にっぱく	0
にゃくじゅ	1
にゃくせき	0
にゅういき	0
にゅううん	0
にゅうおう	0
にゅうき	1
にゅうきゃく	0
にゅうぎょく	0
にゅうけい	0
にゅうこん	0
にゅうご	0
にゅうさい	0
にゅうしゅう	0
にゅうしゅっこ	3
にゅうしゅっこう	3
にゅうしゅっこく	3
にゅうしゅっしょ	3
にゅうじゅう	0
にゅうせい	0
にゅうぜん	0
にゅうそく	0
にゅうたん	0
にゅうだく	0
にゅうちゅう	0
にゅうとつ	0
にゅうない	0
にゅうはく	0
にゅうひ	0
にゅうび	1
にゅうもく	0
にゅうゆう	0
にゅうらく	0
にゅうらんるい	3
にゅうりつ	0
にょい	1
にょうい	1
にょういん	0
にょうかん	0
にょうき	1
にょうしゅう	0
にょうしょう	0
にょうそ	1
にょうちゅう	0
にょうちん	0
にょうとう	0
にょうにく	0
にょうふん	0
にょうほう	0
にょうりゅう	0
にょうりょう	3
にょえき	1
にょげん	0
にょこ	1
にょこう	0
にょこん	0
にょじゅ	1
にょせつ	0
にょぜ	1
にょぞく	0
にょど	1
にょにく	0
にょはい	0
にょほう	0
にょぼん	0
にょれい	0
にんうん	0
にんかい	0
にんくう	0
にんけい	0
にんこ	1
にんさんぷ	3
にんざい	1
にんしょ	1
にんじゅつ	1
にんせい	0
にんた	1
にんたん	0
にんとう	0
にんど	1
にんぴ	1
にんぷ	1
にんみゃく	0
にんりょく	0
ぬひ	1
ぬさい	0
ぬぼく	0
ねいけい	0
ねいしん	0
ねいじつ	0
ねいじん	0
ねいそう	0
ねいべん	0
ねっかい	0
ねっかん	0
ねっきゅう	0
ねっくん	0
ねっけい	0
ねっさつ	0
ねっしゃ	0
ねっしやく	0
ねっしゃく	0
ねっしょ	1
ねっすい	0
ねってい	0
ねってつ	0
ねつあつ	0
ねつけん	0
ねつげつ	2
ねつじゃ	2
ねつじょう	0
ねつでん	0
ねつどう	0
ねつのう	0
ねつばん	0
ねつめん	0
ねつらい	0
ねつりゅう	0
ねつりょく	2
ねつるい	0
ねつろん	0
ねつわい	0
ねんあつ	0
ねんうん	0
ねんかく	0
ねんかつ	0
ねんがく	0
ねんきゅう	0
ねんぎょ	1
ねんけい	0
ねんけつ	0
ねんげ	1
ねんこ	1
ねんざい	0
ねんざいりょう	3
ねんしつ	0
ねんしゃ	0
ねんしゃく	0
ねんしん	0
ねんじつ	0
ねんじゃ	1
ねんじゃく	0
ねんせい	0
ねんぜい	0
ねんたい	0
ねんたん	0
ねんだん	0
ねんび	1
ねんぼ	1
ねんむ	1
ねんゆ	0
ねんりょ	1
ねんりょく	1
のうあつ	0
のういく	0
のうえ	0
のうおん	0
のうかい	0
のうかく	0
のうがん	1
のうぎゅう	0
のうぎょぎょう	3
のうぎょそん	3
のうぎょみん	3
のうぐ	0
のうけつ	0
のうけん	0
のうげい	0
のうげき	0
のうげん	0
のうこ	1
のうこうぎょう	3
のうこうこうぎょう	5
のうさ	1
のうさい	0
のうさんぎょか	5
のうしつ	0
のうしゅ	0
のうしょ	0
のうしょうこうぎょう	5
のうじゅう	0
のうじゅん	0
のうじん	0
のうせん	0
のうそ	1
のうそう	0
のうそうし	3
のうちくすいさん	5
のうちゅう	1
のうちょう	0
のうでん	0
のうどく	0
のうにょう	0
のうにん	0
のうば	1
のうひ	1
のうひつ	0
のうひょう	0
のうびょう	0
のうふく	0
のうぶん	0
のうへい	0
のうぼく	0
のうぼくぎょう	4
のうぼくさん	3
のうぼん	0
のうまい	0
のうまつ	0
のうろう	0
はあつ	0
はいあつ	0
はいいき	0
はいいん	0
はいうん	0
はいえい	0
はいえき	0
はいきゃく	0
はいきょく	0
はいくつ	0
はいぐ	1
はいぐん	0
はいこう	0
はいこく	0
はいこん	0
はいさ	1
はいさん	0
はいざ	1
はいざん	0
はいしつ	0
はいしゅう	0
はいじく	0
はいじつ	0
はいじゃ	1
はいじゅう	0
はいじん	0
はいそん	0
はいぞう	0
はいたん	0
はいだい	0
はいだん	0
はいちゅう	0
はいつう	0
はいでい	0
はいない	1
はいにち	0
はいにゅう	0
はいにょうべん	3
はいねん	0
はいば	1
はいぱい	0
はいへい	0
はいへき	0
はいへん	0
はいほう	0
はいもん	0
はいりゅう	0
はいれき	0
はいろん	0
はいわ	0
はかがわ	0
はくあ	1
はくあい	0
はくう	1
はくうん	0
はくおう	2
はくがん	0
はくぎょう	0
はくぎょく	0
はくぐん	0
はくけい	0
はくげい	0
はくこん	0
はくごう	0
はくしつ	0
はくしゅう	0
はくしゅく	0
はくしゅつ	0
はくじ	0
びゃくだ	1
はくじゃ	1
はくじゅ	1
はくぜん	0
はくぞう	0
はくたん	3
はくてん	0
はくでい	0
はくど	1
はくない	2
はくにく	0
はくばく	0
はくばん	0
はくひょう	0
はくび	1
はくびょう	0
はくへい	0
はくへん	0
はくぼ	1
はくぼう	0
はくぼく	0
はくま	1
はくまく	0
はくまつ	0
はくめい	1
はくめん	0
はくやく	0
はくゆ	1
はくり	1
はくりき	0
はくりゅう	0
はくれん	2
はくろ	1
はくろう	0
はくろく	0
はくろん	0
はくわ	1
はぐん	0
はげん	0
はこく	1
はこげた	0
はこつ	0
はしゃく	0
はしょう	0
はそう	0
はちすう	3
ほっせき	0
はっそうでん	3
はってい	0
はつあい	0
はついん	0
はつぎょ	1
はつど	1
はつねん	0
はつば	0
はつぼく	0
はつもう	0
はてい	0
はびん	0
はぶつ	1
はべい	0
はぼう	0
はぼく	0
はめん	0
はゆう	0
はらく	0
はんあい	0
はんいき	0
はんおう	3
はんきん	0
はんぎょく	0
はんぐん	0
はんげい	0
はんこん	0
はんごく	0
はんさい	0
はんさつ	0
はんさん	0
はんしき	0
はんじゃ	1
はんじゃく	1
はんじゅ	1
はんじゅう	0
はんじょく	0
はんすい	0
はんせき	0
はんせつ	0
はんたく	0
はんつう	0
はんなわ	0
はんにく	0
はんねつ	0
はんはい	0
はんばつ	0
はんぱく	0
はんひ	1
はんぴ	1
はんぴょう	0
はんぶ	0
はんぷう	0
はんぺい	0
はんぼ	1
はんぽ	1
はんまん	0
はんみん	0
はんもう	0
はんもつ	0
はんや	1
はんゆう	0
はんり	1
はんりつ	0
はんりょ	1
はんりょう	1
ばんりょう	0
はんりん	0
はんるい	0
はんれき	0
はんれつ	0
はんろう	0
はんわ	0
ばいあつ	0
ばいえき	1
ばいかく	0
ばいがく	0
ばいき	1
ばいぎょ	1
ばいぎょく	0
ばいけつ	0
ばいけん	0
ばいげつ	1
ばいこく	0
ばいさ	1
ばいさん	1
ばいざい	0
ばいざん	0
ばいし	1
ばいしつ	0
ばいしゅ	1
ばいすう	3
ばいせい	0
ばいたん	0
ばいだい	0
ばいち	1
ばいとく	0
ばいど	1
ばいどう	0
ばいにく	0
ばいばいしゅん	3
ばいぶん	0
ばいべん	0
ばいぼく	0
ばいまん	0
ばいめい	0
ばいゆ	0
ばいらい	0
ばいりん	0
ばいろく	0
ばえい	0
ばかく	0
ばきゃく	0
ばくあつ	0
ばくい	1
ばくえい	0
ばくえき	0
ばくえん	0
ばくか	1
ばくかく	0
ばくが	0
ばくがく	2
ばくがっ	2
ばくき	1
ばくぎ	1
ばくぎゃく	0
ばくげん	0
ばくさい	0
ばくさく	0
ばくしゃ	1
ばくしゅう	0
ばくしゅく	0
ばくじゅ	1
ばくじゅう	0
ばくせいふ	3
ばくせつ	0
ばくそん	0
ばくたい	0
ばくちょく	0
ばくとう	0
ばくにゅう	0
ばくねつ	0
ばくねん	0
ばくふう	0
ばくほう	0
ばくめい	0
ばくやく	0
ばくゆう	0
ばくよう	0
ばくりゅう	0
ばくりょう	0
ばくれん	0
ばけい	1
ばげん	0
ばこつ	0
ばしゃく	0
ばじ	1
ばじゅつ	1
ばぜん	0
ばそく	0
ばぞく	1
ばたい	0
ばたく	0
ばだ	1
ばちく	0
ばちびん	0
ばちゃく	0
ばちろん	2
ばっしゅつ	0
ばっせん	0
ばっぱい	0
ばつい	1
ばつえつ	2
ばつかん	0
ばつがく	0
ばつざん	0
ばつじょう	0
ばつずい	0
ばつぞく	0
ばつぶん	0
ばつま	1
ばにく	0
ばにゅう	0
ばひ	1
ばひつ	0
ばふく	0
ばぼく	1
ばめい	0
ばりょう	0
ばろく	0
ばんい	1
ばんえ	0
ばんえつ	0
ばんえん	0
ばんおう	3
ばんかつ	0
ばんが	0
ばんぎく	0
ばんこつ	0
ばんしき	0
ばんしゅん	0
ばんしょく	0
ばんじゅく	0
ばんせつ	0
ばんそく	0
ばんそつ	0
ばんぞく	1
ばんた	1
ばんたろう	0
ばんちゅう	0
ばんぱつ	0
ばんぷう	0
ばんやく	0
ばんりゅう	0
ばんりょく	1
ばんるい	0
ひいく	0
ひいん	0
ひえい	0
ひえき	0
ひおう	0
ひがく	1
ひがっ	1
ひきげき	2
ひぎょう	0
ひきょく	0
ひくう	0
ひけい	0
ひげん	0
ひさく	0
ひさつ	0
ひざい	0
ひしゅ	1
ひしん	0
ひじつ	0
ひじょ	1
ひじん	0
ひせき	0
ひせつ	0
ひんだ	1
ひだく	0
ひだんきょう	2
ひちく	0
ひちゅう	0
ひちょ	1
ひっか	1
ひっかん	0
ひっきん	0
ひっこう	0
ひっさい	0
ひっさく	0
ひっしょく	0
ひっすい	0
ひっせい	0
ひっせん	0
ひったい	0
ひったつ	0
ひったん	0
ひつあつ	0
ひつい	2
ひつえん	0
ひつぎょう	0
ひつごう	0
ひつじゅん	0
ひつじょう	0
ひつじん	0
ひつぜつ	0
ひつでん	0
ひつどう	2
ひつにゅう	0
ひつばつ	0
ひつぼく	0
ひつみゃく	0
ひつむ	1
ひつめい	0
ひつめつ	0
ひつわん	0
ひてき	0
ひでん	0
ひない	1
ひねつ	0
ひひつ	0
ひびゅう	0
ひふう	0
ひふん	0
ひぶ	1
ひぶつ	1
ひべん	0
ひまつ	0
ひもう	0
ひもん	0
ひょうあつ	0
ひょうおん	0
ひょうかく	0
ひょうかつ	0
ひょうがい	0
ひょうきゅう	0
ひょうごう	0
ひょうさつ	0
ひょうざん	1
ひょうしょ	1
ひょうしょく	0
ひょうしん	0
ひょうじん	0
ひょうすい	0
ひょうそ	1
ひょうたい	0
ひょうち	1
ひょうちょう	0
ひょうとく	0
ひょうど	1
ひょうどう	0
ひょうない	1
ひょうねん	0
ひょうのう	0
ひょうばく	0
ひょうふ	1
ひょうふう	0
ひょうへき	0
ひょうぼ	1
ひょうぼく	0
ひょうまつ	0
ひょうもく	0
ひょうや	1
ひりき	0
ひりゅう	0
ひんお	1
ひんおん	0
ひんか	1
ひんかい	0
ひんけい	0
ひんこ	1
ひんこく	1
ひんご	0
ひんじゅ	1
ひんじょ	1
ひんじん	0
ひんすい	1
ひんすう	3
ひんそん	0
ひんたく	0
ひんのう	0
ひんぱく	0
ひんひ	1
ひんびょう	0
ひんぷう	0
ひんほつ	0
ひんぼ	1
ひんぼう	0
ひんみゃく	0
ひんみん	3
ひんもう	0
ひんりゅう	0
ひんれい	0
ひんれん	0
びいく	1
びう	1
びきゅう	0
びきょ	1
びきょう	0
びきん	0
びぎょ	1
びくん	0
びげん	0
びくう	0
びこつ	0
びこん	0
びさ	1
びさん	1
びざい	0
びしつ	0
びしゅう	0
びしん	0
びじ	1
びじゅう	0
びじゅく	0
びじょう	0
びすい	0
びすう	2
びせき	0
びせつ	0
びそう	0
びぞく	1
びたん	0
びだい	0
びち	1
びちゅう	0
びでん	0
びとう	0
びにく	0
びにゅう	0
びはい	0
びはつ	0
びばく	0
びふう	0
びふん	0
びぶつ	1
びめい	0
びもう	0
びもく	1
びゃくごう	0
びゃくさん	0
びゃくじゅつ	0
びゃくどう	2
びゃくほう	0
びゃくらい	0
びゃくれん	2
びゃくろく	0
びゃっきゅう	0
びゅうけん	0
びゅうし	0
びゅうせつ	0
びゅうでん	0
びゅうろん	0
びゆ	1
びょうあ	1
びょうう	1
びょうえい	0
びょうえん	0
びょうか	1
びょうかく	0
びょうがく	0
びょうきん	0
びょうぎ	1
びょうぎゅう	0
びょうぎょ	1
びょうけい	0
びょうごう	0
びょうさ	1
びょうさい	0
びょうさく	0
びょうさん	0
びょうしゅ	1
びょうしゅう	0
びょうしょく	0
びょうしん	0
びょうじ	1
びょうじゅつ	0
びょうじょく	0
びょうせい	0
びょうせき	0
びょうせん	0
びょうぜん	0
びょうそく	0
びょうぞう	0
びょうち	1
びょうちく	0
びょうちゅうがい	0
びょうちゅうじゅうがい	5
びょうちょう	0
びょうどく	0
びょうない	1
びょうねつ	0
びょうのう	0
びょうはん	0
びょうば	1
びょうふ	1
びょうへい	0
びょうへき	0
びょうほ	1
びょうぼ	1
びょうま	1
びょうみん	0
びょうもく	0
びょうら	0
びょうれい	0
びょうろう	0
びよく	0
びれん	1
びんすう	3
びんだい	0
びんちょう	1
びんねん	0
びんべん	0
びんめい	0
べんらん	0
びんるい	1
ふあつ	1
ふいき	1
ふうい	1
ふうえん	0
ふうかい	0
ふうがい	0
ふうがん	1
ふうぎゃく	0
ふうげき	0
ふうげん	0
ふうこつ	0
ふうごう	0
ふうさん	0
ふうざん	1
ぷうし	1
ふうしつ	0
ふうしゅ	1
ふうしょ	0
ふうすいさい	3
ふうせい	0
ふうぜつ	0
ふうぜん	0
ふうそう	0
ふうたく	0
ふうちん	0
ふうたい	1
ふうてい	1
ふうてき	0
ふうてん	0
ふうでい	0
ふうどう	0
ふうねつ	0
ふうは	1
ふうはく	0
ふうはん	0
ふうばい	0
ふうばん	0
ふうもん	0
ふうよう	0
ふうりょう	0
ふうろう	0
ふうわ	0
ふえき	1
ふかしょく	2
ふかせつ	2
ふかぶん	2
ふが	1
ふがく	1
ふきょく	0
ふくあつ	0
ふくあん	0
ふくい	0
ふくいき	0
ふくう	2
ふくうん	0
ふくおう	3
ふくおん	0
ふくか	0
ふくかい	0
ふくかく	0
ふくかん	0
ふくき	1
ふくきょう	0
ふくぎ	1
ふくけい	0
ふくけつ	0
ふくけん	0
ふくさい	0
ふくしき	0
ふくしつ	0
ふくじゃ	2
ふくじょう	0
ふくすい	0
ふくせつ	0
ふくぜん	0
ふくそ	1
ふくたい	0
ふくちゃ	2
ふくちゅう	0
ふくてい	0
ふくてつ	0
ふくでん	0
ふくと	1
ふくとく	0
ふくど	2
ふくどう	0
ふくのう	0
ふくは	1
ふくばち	2
ふくばん	0
ふくひ	1
ふくふくせん	0
ふくぶん	0
ふくへい	0
ふくべん	0
ふくほく	0
ふくぼく	0
ふくまく	0
ふくまん	0
ふくゆう	0
ふくりん	0
ぶくりん	0
ふくれい	0
ふくろく	0
ふけんいき	2
ふけんかい	2
ふけんし	2
ふけんしょう	2
ふけんみん	2
ふけんめい	2
ふけんりつ	2
ふげき	1
ふこ	1
ふご	1
ふざ	1
ふしき	1
ふしゃ	1
ふしゃく	0
ふしゅう	0
ふしゅく	0
ふしゅつ	0
ふしょ	1
ふしょうれい	2
ふじゅつ	1
ふじょき	2
ふすい	0
ふすう	2
ふずく	1
ふちゃ	2
ふっきょく	0
ふっけい	0
ふっくう	0
ふっこん	0
ふっせき	0
ふつい	0
ふつえい	1
ふつかん	0
ふつぎょう	0
ふつご	0
ふつさん	0
ふつし	1
ふつじ	1
ふつせい	0
ふつてつ	0
ふつばん	0
ふつふ	1
ふつへい	0
ふつやく	0
ふつりゅう	0
ふつろ	1
ふつわ	0
ふでい	0
ふでん	0
ふにく	0
ふにゅう	0
ふばい	0
ふふつ	1
ふぶ	1
ふぶん	0
ふへき	0
ふほん	0
ふもん	0
ふりょ	1
ふんいん	0
ふんえん	0
ふんかい	0
ふんきょ	1
ふんけい	0
ふんこつ	0
ふんさ	1
ふんしゅ	1
ふんしゅう	0
ふんじ	1
ふんすい	0
ふんせい	0
ふんせき	0
ふんそ	1
ふんそく	0
ふんたい	0
ふんでい	0
ふんどう	0
ふんねん	0
ふんぱん	0
ふんびょう	0
ふんべい	0
ふんべん	0
ふんぺき	0
ふんぽん	0
ふんまん	0
ふんもん	0
ふんろ	1
ぶいき	1
ぶえき	1
ぶおん	0
ぶかちょう	2
ぶかん	1
ぶがく	1
ぶきょ	1
ぶきょう	0
ぶくう	0
ぶくん	1
ぶぐ	1
ぶけい	1
ぶけん	1
ぶげい	1
ぶげき	1
ぶこう	0
ぶしつ	0
ぶじょ	1
ぶだん	0
ぶっき	1
ぶっけ	1
ぶっこう	0
ぶっさつ	0
ぶっしき	0
ぶっしゃ	1
ぶっしょ	1
ぶっせき	0
ぶっせつ	0
ぶっそ	1
ぶっそく	0
ぶったん	0
ぶっちょく	0
ぶってん	0
ぶっとく	0
ぶっぱん	0
ぶつい	1
ぶつえん	0
ぶつおん	0
ぶつが	0
ぶつがく	0
ぶつがっ	0
ぶつがん	0
ぶつげん	0
ぶつご	0
ぶつざ	0
ぶつざい	0
ぶつしん	0
ぶつじゃく	0
ぶつぜい	0
ぶつでん	0
ぶつど	1
ぶつにち	0
ぶつばつ	0
ぶつばち	0
ぶつめつ	0
ぶつめん	0
ぶつも	1
ぶつゆう	0
ぶつよう	0
ぶつよく	0
ぶつりき	0
ぶつりょく	2
ぶにち	0
ぶは	1
ぶはい	0
ぶへい	0
ぶへん	1
ぶべん	0
ぶまつ	0
ぶめい	1
ぶめん	1
ぶもう	0
ぶや	1
ぶゆう	1
ぶれつ	1
ぶんあつ	0
ぶんうん	0
ぶんえき	0
ぶんかく	0
ぶんがい	1
ぶんきょく	0
ぶんきん	0
ぶんぎ	0
ぶんく	0
ぶんぐん	0
ぶんこん	0
ぶんしつ	0
ぶんじん	0
ぶんぜい	0
ぶんそう	0
ぶんちん	0
ぶんてん	0
ぶんとう	0
ぶんにゅう	0
ぶんはい	0
ぶんはん	0
ぶんぱん	0
ぶんび	1
ぶんぶかん	3
ぶんぶつ	1
ぶんほう	0
ぶんま	1
ぶんまい	0
ぶんみつ	0
ぶんもう	0
ぶんれい	0
ぶんれん	0
ぶんろん	0
ぶんわ	0
へいあく	0
へいかいけつ	3
へいかく	0
へいがく	0
へいがっ	0
へいきゅう	0
へいきょく	0
へいぎ	1
へいぎゅうば	3
へいけん	0
へいこく	0
へいさく	0
へいさん	0
へいしゅ	1
へいしゅう	0
へいしょ	1
へいしょく	0
へいじく	0
へいじん	0
へいすい	0
へいすう	3
へいせき	0
へいだい	0
へいちゅう	0
へいちん	0
へいでんろ	3
へいとう	0
へいとつ	0
へいなん	0
へいにゅう	0
へいねつ	0
へいのう	0
へいは	1
へいはい	0
へいはく	0
へいひ	1
へいび	1
へいふう	0
へいへん	0
へいほ	1
へいみゃく	0
へいむ	1
へいもつ	0
へいらん	0
へいりゃく	0
へきあつ	0
へきあん	0
へきかい	0
へきかん	0
へきがん	0
へきぎょく	0
へきくう	0
へきけん	0
へきげん	0
へきご	1
へきし	1
へきしゅう	0
へきしょ	1
へきしょく	0
へきしん	0
へきじゃ	1
へきじょ	1
へきすい	0
へきすう	0
へきせつ	0
へきそう	0
へきそん	0
へきちょう	0
へきとう	0
へきない	2
へきふ	1
へきゆう	0
へきらい	0
へきらく	0
へきらん	0
へきりょう	2
へきりょく	0
へきろん	0
へんあつ	0
へんいき	0
へんいん	0
へんうん	0
へんえい	0
へんえん	0
へんおん	0
へんがん	1
へんき	1
へんぎょう	0
へんぐん	0
へんこ	1
へんさつ	0
へんしゃ	1
へんじゃ	1
へんしゅ	1
へんじゃく	1
へんじゅう	0
へんせき	0
へんそ	1
へんたいしょく	3
へんちつ	0
へんちゅう	0
へんでん	0
へんど	1
へんねん	0
へんばい	0
へんぱつ	0
へんぶつ	0
へんぶん	0
へんぷく	0
へんま	1
へんむ	1
へんもく	0
へんよく	0
へんらん	0
へんりゅう	0
へんりょう	3
へんろ	1
へんわい	0
べいあん	1
べいえつ	1
べいえん	0
べいけい	0
べいご	0
べいごう	0
べいざい	0
べいしき	0
べいしょう	0
べいしん	0
べいせい	0
べいせん	0
べいてつ	0
べいどう	0
べいどく	1
べいにち	1
べいのう	0
べいはん	0
べいばく	0
べいばん	0
べいふつ	1
べいぼく	0
べいめい	0
べきじょう	0
べきぼう	0
べざい	0
べっかい	0
べっきょう	0
べっこく	0
べっしつ	0
べっしょう	0
べっせい	0
べったい	0
べったく	0
べっちょう	0
べっぱい	0
べっぱん	0
べっぽう	0
べつあい	0
べつあん	0
べつい	1
べつえん	0
べつが	1
べつぎ	1
べつけい	0
べつご	1
べつごう	0
べつしょう	0
べつじょ	1
べつせん	0
べつだい	0
べつでん	0
べつびん	0
べつるい	0
べつろ	1
べんえ	1
べんえき	0
べんぎょう	0
べんこう	3
べんさく	0
べんざい	0
べんし	1
べんしき	0
べんじく	0
べんせん	0
べんちゅう	0
べんつう	0
びんでん	0
べんでん	0
べんとく	0
べんどう	1
べんにょう	0
べんにょうき	3
べんねい	0
べんぱつ	0
べんび	1
べんぶ	1
べんぷく	0
べんほう	0
べんぽう	0
べんよ	1
べんりょう	3
べーぎん	0
ぺーこー	0
ほいつ	0
ほいろ	1
ほいん	0
ほうあく	0
ほういき	0
ほういち	0
ほううん	0
ほうえき	0
ほうえつ	0
ほうきゃく	0
ほうきゅう	0
ほうぎょく	0
ほうくう	0
ほうぐん	0
ほうけつ	0
ほうざ	0
ほうざい	0
ほうざん	1
ほうじゃく	0
ほうしょ	0
ほうすん	0
ほうそん	0
ほうたく	0
ほうちょうじゅう	3
ほうちょく	0
ほうない	1
ほうに	1
ほうにゅう	0
ほうはく	0
ほうはん	0
ほうばい	0
ほうばく	0
ほうばち	0
ほうひつ	0
ほうびょう	0
ほうふん	0
ほうぶ	0
ほうぶつ	0
ほうまつ	0
ほうみん	0
ほうめい	0
ほうもう	0
ほうよ	1
ほうりょく	0
ほうりん	0
ぼうりん	0
ほうるい	0
ほるい	0
ほうろく	0
ほうん	0
ほえき	0
ほおう	0
ほがい	1
ほきゃく	0
ほきん	0
ほくいん	0
ほくう	0
ほくおん	0
ほくが	0
ほくがん	0
ほくぐう	0
ほくこう	0
ほくしち	0
ほくしゅ	1
ほくせつ	0
ほくぜん	0
ほくそく	0
ほくてい	0
ほくてき	0
ほくば	1
ほくばつ	0
ほくひ	1
ほくふ	1
ほくへき	0
ほくほう	0
ほくほくとう	0
ほくめい	0
ほくよく	0
ほくりょ	1
ほぐん	0
ほこく	1
ほさい	0
ほざい	1
ほしゃ	1
ほしゃどう	2
ほじゅん	0
ほじん	0
ほせき	0
ほせつ	0
ほぜい	0
ほそつ	0
ほぞう	0
ほたい	0
ほだい	0
ほだつ	0
ほっきょう	0
ほっけつ	0
ほっけん	0
ほっこう	1
ほっす	0
ほっとう	0
ほつよ	1
ほていそう	0
ほぶん	0
ほぼう	0
ほやく	0
ほよく	1
ほれい	0
ほんえん	0
ほんがん	0
ほんぎ	1
ほんぐう	3
ほんげき	0
ほんさつ	1
ほんざい	0
ほんししゃ	3
ほんしゅ	1
ほんじゃく	0
ほんずい	0
ほんぞう	0
ほんぞく	0
ほんたく	0
ほんたん	0
ほんちょ	1
ほんてい	0
ほんはん	1
ほんぱ	1
ほんぱん	1
ほんびょう	0
ほんふん	0
ほんぶつ	0
ほんぷ	1
ほんぼう	0
ほんみん	0
ほんむ	1
ほんらん	1
ほんれい	1
ほんれき	0
ほんろ	1
ほんわ	1
ぼあい	0
ぼうう	1
ぼうおく	0
ぼうかい	0
ぼうかつ	0
ぼうき	1
ぼうきゅう	0
ぼうきょ	1
ぼうきょう	0
ぼうぎん	0
ぼうく	1
ぼうぐう	0
ぼうけい	0
ぼうけつ	0
ぼうさく	0
ぼうざい	0
ぼうしゃ	1
ぼうしゅん	0
ぼうじゅつ	0
ぼうせつ	0
ぼうそ	1
ぼうそうおん	3
ぼうそく	0
ぼうそん	0
ぼうち	1
ぼうちゃ	1
ぼうちん	0
ぼうてい	0
ぼうてん	0
ぼうどく	0
ぼうない	1
ぼうにん	0
ぼうねつ	0
ぼうはく	0
ぼうふうせつ	3
ぼうぶん	0
ぼうへい	0
ぼうへき	0
ぼうぼ	1
ぼうまい	0
ぼうみん	0
ぼうむ	1
ぼうめつ	0
ぼうもう	0
ぼうもく	0
ぼうゆ	1
ぼうゆう	0
ぼうらん	0
ぼうり	1
ぼうりゃく	0
ぼうりょ	1
ぼうりょう	0
ぼうるい	0
ぼうろう	0
ぼうろく	1
ぼうろん	0
ぼえき	0
ぼえん	0
ぼがん	1
ぼきょう	1
ぼくいん	0
ぼくえき	0
ぼくが	0
ぼくぎゅう	0
ぼくさい	0
ぼくさく	0
ぼくしゃ	1
ぼくしん	0
ぼくじ	0
ぼくじゅう	0
ぼくじゅつ	0
ぼくじん	0
ぼくせき	0
ぼくせん	0
ぼくぜい	0
ぼくちく	0
ぼくてき	0
ぼくどう	0
ぼくにょう	0
ぼくのう	0
ぼくはい	0
ぼくはん	0
ぼくば	1
ぼくひ	1
ぼくふ	1
ぼくぶん	0
ぼくほ	1
ぼくほう	0
ぼくみん	0
ぼくよう	0
ぼくりょう	0
ぼくりん	0
ぼぐん	0
ぼけい	0
ぼけつ	0
ぼけん	0
ぼげん	0
ぼざい	0
ぼざん	0
ぼしつ	0
ぼしゅん	0
ぼしょう	0
ぼしょく	0
ぼしん	0
ぼじゅ	1
ぼじゅつ	1
ぼじょう	0
ぼせつ	0
ぼぜん	0
ぼそう	0
ぼっかく	0
ぼっきょう	0
ぼっこつ	0
ぼくこつ	0
ぼっこん	0
ぼっしょ	0
ぼつが	1
ぼてん	0
ぼとく	0
ぼねん	0
ぼびょう	1
ぼふ	1
ぼほう	0
ぼまい	0
ぼりょう	1
ぼれつ	1
ぼんかい	0
ぼんが	1
ぼんがん	0
ぼんき	1
ぼんきょう	0
ぼんけい	0
ぼんこつ	0
ぼんさつ	0
ぼんさん	0
ぼんしき	0
ぼんしゅ	1
ぼんしょう	0
ぼんじょう	0
ぼんせき	0
ぼんせつ	0
ぼんせん	0
ぼんぞく	0
ぼんだ	1
ぼんばい	0
ぼんぴゃく	0
ぼんぶん	0
ぼんめい	0
ぼんもう	0
ぼんりゃく	0
ぼんりょ	1
まいかそう	3
まいげん	0
まいごう	0
まいさい	0
まいざい	0
まいせき	0
まいだい	0
まいだん	0
まいてい	0
まいにゅう	0
まいひつ	0
まいひょう	0
まいぶん	0
まいへい	0
まいまい	0
まいよう	0
まえん	0
まかつ	0
まかん	0
まきゅう	0
まくざい	2
まくし	0
まくしき	0
まくしつ	0
まくちゅう	0
まくつ	0
まくないがい	3
まくへき	0
まくほう	0
まくめい	0
まくめん	0
まくよう	0
まこく	1
まざい	0
ましゅ	1
まじゅう	0
まじょう	0
まぞく	1
まちょう	0
まっきゃく	0
まっしゃ	0
まっせつ	0
ばっそん	0
まっぱ	0
まっぱい	0
まっぽう	0
まつおん	0
まつがく	0
まつぎ	1
まつごう	0
まつざん	2
まつじょ	1
まつぶ	1
まつぶん	0
ばつよう	0
まつよう	0
まつりゅう	0
ばつりゅう	0
まてん	0
まばく	0
まふう	0
まりゅう	0
まれん	0
まんえき	0
まんか	1
まんがく	0
まんきゃく	0
まんきょう	0
まんぎょう	0
まんけい	0
まんけん	0
まんげい	0
まんこう	0
まんくう	0
まんざん	1
まんし	1
まんじょう	0
まんじん	0
まんたく	0
まんだい	0
まんち	1
まんてい	0
まんび	1
まんぴつ	0
まんぴょう	0
まんぶん	0
まんもく	0
まんろく	0
みえき	1
みこう	0
みさい	0
みさつ	0
みさん	0
みしき	1
みじょ	1
みせん	0
みちゃく	0
みちょう	0
みっけい	0
みっし	0
みっしつ	0
みっしょう	0
みっちょく	0
みってい	0
みっぽう	1
みつうん	0
みつえき	2
みつおん	0
みつか	1
みつきゅう	0
みつげん	0
みつこう	0
みつごん	0
みつじゅう	0
みつせん	0
みつだ	1
みつでん	0
みつとう	0
みつばん	0
みつぶ	1
みつめい	0
みつよう	0
みつろ	1
みねん	0
みびょう	0
みもう	0
みゃくあつ	0
みゃくこう	0
みゃくし	1
みゃくしん	0
みゃくは	2
みゃくふ	1
みゃくり	1
みゃくりゅう	0
みゃっかん	0
みやてい	0
みょうう	1
みょうおん	0
みょうかく	0
みょうかん	0
みょうぎょう	0
みょうく	1
みょうご	1
みょうごう	0
みょうさく	0
みょうさん	0
みょうし	1
みょうしゅう	0
みょうしゅん	0
みょうしょ	1
みょうしん	1
みょうじゅう	1
みょうせん	0
みょうそう	0
みょうたん	0
みょうだい	0
みょうてい	0
みょうとう	0
みょうどう	0
みょうねん	0
みょうぶ	1
みょうぶん	0
みょうぼう	0
みょうもん	0
みょうや	1
みょうゆう	0
みょうよう	0
めいり	1
みょうりょ	1
みりょく	0
みんおく	0
みんが	1
みんきょ	1
みんぎょうしん	3
みんぐ	1
みんぐん	1
みんけい	0
みんけいじ	3
みんこ	1
みんさい	0
みんし	1
みんしき	0
みんしつ	0
みんしょう	0
みんじょう	0
みんせき	0
みんせん	0
みんぜん	0
みんそ	1
みんそう	0
みんてき	0
みんてつ	0
みんど	1
みんはん	0
みんぴ	1
みんふく	1
みんぶ	1
みんぷく	0
みんほ	1
みんぼう	1
みんぽん	0
みんまつ	0
みんり	1
みんりつ	0
みんりょう	1
みんりょく	1
みんろうきょう	3
みんろん	0
むいん	0
むおう	0
むかく	0
むぎょう	0
むけん	0
むげつ	1
むこく	0
むざつ	0
むしつ	0
むしゃく	0
むしゅく	1
むじゅう	0
むずい	0
むそく	0
むぞう	0
むだい	1
むちく	0
むちょ	1
むてい	0
むてん	0
むでん	0
むにょう	0
むねつ	0
むばつ	1
むひょう	0
むび	1
むびゅう	0
むびょう	1
むぶつ	1
むへん	0
むべん	0
むぼ	1
むぼん	0
むみ	1
むもう	0
むもん	0
むゆう	0
むよ	1
むりん	0
むわく	1
めいいん	0
めいかん	0
めいがん	0
めいきょ	1
めいきん	0
めいぎょく	0
めいぎん	0
めいけい	0
めいけつ	0
めいげつ	1
めいご	1
めいざい	0
めいしき	0
めいしゃく	0
めいしょく	0
めいすう	3
めいせつ	0
めいせん	0
めいたい	0
めいたつ	0
めいちゃ	0
めいてき	0
めいにん	0
めいはい	0
めいひつ	0
めいひょう	0
めいふ	1
めいほ	1
めいぼう	0
めいみゃく	0
めいむ	1
めいもう	0
めいよう	0
めいりゅう	0
めいわん	0
めっそう	3
めっそく	0
めったい	0
めつご	1
めつざい	0
めつじょう	0
めつど	1
めつまん	0
めつよう	0
めんあつ	0
めんいん	0
めんえつ	0
めんがい	0
めんきゅう	0
めんぎょう	0
めんこん	0
めんさく	0
めんしゅ	1
めんしゅう	0
めんしん	0
めんじつ	0
めんじゅう	0
めんせん	0
めんぞう	0
めんちょう	0
めんつう	3
めんぶ	1
めんぷ	1
めんぷん	0
めんぺき	0
めんぽう	0
めんりょう	3
もうあ	1
もうあん	0
もういん	0
もうう	1
もうえん	0
もうかく	0
もうかん	0
もうき	1
もうぎょ	1
もうけん	0
もうこん	0
もうしゃ	1
もうしゅん	0
もうじ	1
もうじょ	1
もうじょう	0
もうせき	0
もうせつ	0
もうそつ	0
もうたい	0
もうたん	0
もうだん	0
もうない	1
もうにゅう	0
もうのう	0
もうはつ	0
もうはん	0
もうぱい	0
もうひつ	0
もうふう	0
もうへい	0
もうほう	0
もうぼ	1
もうゆう	0
もうよう	0
もうろ	1
もくう	1
もくかい	0
もくきゅう	0
もくぎょう	0
もくぎょく	0
もくぐう	0
もくさく	0
もくじん	0
もくせつ	0
もくせん	0
もくぜつ	0
もくそ	1
もくたく	0
もくちゅう	0
もくちょう	0
もくてつ	0
もくとく	0
もくはい	0
もくはん	0
もくばん	0
もくひ	1
もくふん	0
もくぶ	1
もくへい	0
もくほん	0
もくめい	0
もくもう	0
もくもん	0
もくやく	0
もくり	1
もくろ	0
もくろう	0
もくわん	0
もこう	0
もこく	0
もっかい	0
もっかく	0
もっかつ	0
もっきゅう	0
もっきょう	0
もっきん	0
もっけい	0
もくけい	0
ぼっけい	0
もっこく	0
もっこつ	0
もっこん	0
もっしょく	0
もつやく	0
もひん	0
もほん	0
もみつ	0
もりょう	0
もんいん	0
もんえい	0
もんかく	0
もんかん	0
もんきょう	0
もんげ	1
もんげん	3
もんさつ	0
もんしゃ	1
もんすう	3
もんずい	1
もんせん	0
もんち	1
もんちょう	0
もんな	0
もんない	1
もんばん	1
もんぴょう	0
もんぷく	0
もんぺい	0
もんぼう	0
もんめい	0
もんもう	0
もんもく	0
もんり	1
もんりゅう	0
もんろ	1
もんろう	0
やあん	0
やいん	0
やかく	0
やがく	0
やきょう	0
やきょく	1
やくい	1
やくえん	0
やくおう	3
やくおん	0
やくか	1
やくき	1
やくきょう	0
やくぎょう	0
やくぐん	0
やくこ	1
やくご	0
やくしき	0
やくしつ	0
やくしょくいん	4
やくじゅ	1
やくすう	3
やくせい	0
やくせき	0
やくそ	1
やくたく	0
やくたん	0
やくだい	0
やくちゃ	1
やくちょう	0
やくのう	0
やくはい	0
やくへん	0
やくほ	1
やくほう	0
やくまん	0
やくむ	1
やくやく	0
やくよう	0
やくりき	0
やくりつ	0
やくりゅう	0
やくれい	0
やくれき	0
やくろう	0
やぐん	0
やこぜん	2
やじゅ	1
やじょう	0
やじん	0
やぞく	1
やちょ	1
やちょく	0
やっきょう	0
やっこう	0
やてん	0
やにょう	0
やはく	0
やば	1
やぶん	1
やもう	0
やよう	0
ゆいごう	0
ゆいしん	0
ゆいにゅう	2
ゆいび	1
ゆいぶつ	0
ゆいめい	0
ゆうあん	0
ゆうおう	0
ゆうがん	0
ゆうきゃく	0
ゆうきょ	1
ゆうきょく	0
ゆうきん	0
ゆうく	1
ゆうぐ	1
ゆうぐん	0
ゆうけつ	0
ゆうさつ	0
ゆうさん	0
ゆうしつ	0
ゆうしゃく	0
ゆうしゅ	1
ゆうしゅん	0
ゆうじつ	0
ゆうずい	0
ゆうそつ	0
ゆうちく	0
ゆうちゃく	0
ゆうちゅう	0
ゆうちょ	1
ゆうちょく	0
ゆうつう	0
ゆうてい	0
ゆうてん	1
ゆうでん	0
ゆうねつ	0
ゆうはい	0
ゆうば	1
ゆうひょう	0
ゆうひん	0
ゆうふ	1
ゆうふく	0
ゆうふん	0
ゆうぶ	1
ゆうぶつ	0
ゆうぶん	0
ゆうへき	0
ゆうへん	0
ゆうむ	1
ゆうらい	0
ゆうりゃく	0
ゆうれつ	0
ゆうれん	0
ゆかん	0
ゆきむし	2
ゆぎん	0
ゆざい	0
ゆしゅ	1
ゆしょう	0
ゆじゅん	0
ゆじょう	0
ゆすい	0
ゆずみつ	0
ゆそ	1
ゆちょう	0
ゆてき	0
ゆとう	0
ゆど	1
ゆにょう	0
ゆはいそう	2
ゆへい	1
ゆぼ	1
ゆまく	0
ゆみゃく	0
ゆめん	1
ゆよう	0
ゆよく	0
ゆらく	0
ゆらん	0
ゆりょう	0
ゆれい	0
よあつ	0
ようあ	1
ようあつ	0
ようあん	0
よういき	0
よううん	0
ようかいご	3
ようがん	0
ようきゃく	0
ようきょう	0
ようぎゅう	0
ようぎょ	1
ようぎん	0
ようくん	1
ようぐん	0
ようけいさい	3
ようけつ	0
ようげい	0
ようげつ	0
ようこく	0
ようこつ	1
ようこん	0
ようごう	0
ようさつ	0
ようしつ	0
ようしゅう	0
ようじゅう	0
ようしん	0
ようしんし	3
ようしゃく	0
ようじゅつ	1
ようじゅん	0
ようすう	3
ようず	1
ようずい	0
ようそく	0
ようそん	0
ようぞく	0
ようたんせつ	3
ようちく	0
ようちん	0
ようとく	0
ようにく	0
ようにゅう	0
ようねつ	0
ようはく	0
ようはつ	0
ようば	1
ようばい	0
ようばん	0
ようひ	1
ようひつ	0
ようふぼ	3
ようぶ	1
ようぶつ	0
ようへき	0
ようほ	1
ようほん	0
ようまん	0
ようみ	1
ようも	1
ようもく	0
ようや	1
ようゆ	0
ようよ	1
ようらく	0
ようり	1
ようりゅう	0
ようりょく	1
ようりん	0
ようろ	1
ようろん	0
ようん	0
よえい	0
よかい	0
よかつ	0
よがん	0
よきょう	0
よぎょう	0
よくあく	0
よくうつ	0
よくおん	0
よくか	1
よっか	1
よっかい	0
よくき	1
よくぎょう	0
よくけい	0
よくげん	0
よくこん	0
よくしゃく	0
よくしゅん	0
よくしょう	0
よくじょ	1
よくたん	0
よくでん	0
よくとう	0
よくど	1
よくどう	0
よくひ	1
よくふく	0
よくぶ	2
よくぶつ	0
よくへい	0
よくもう	0
よくや	1
よくよう	0
よくろう	0
よくん	0
よけいほう	2
よけつ	0
よしゃく	0
よしゅ	1
よしょう	0
よしょく	0
よしん	0
よじ	1
よすい	0
よせき	0
よせつ	0
よぜん	0
よたいしょう	2
よだい	0
よちょきん	2
よっかく	0
よっきゃく	0
よてき	0
よどく	0
よねん	0
よはく	0
よひょう	0
よびょう	0
よふう	0
よふくしゅう	2
よふん	0
よへい	0
よほ	1
よみん	0
よらく	1
よれい	0
らいい	1
らいうん	0
らいが	1
らいがい	0
らいきょう	0
らいきん	0
らいけん	0
らいげん	0
らいごう	0
らいさつ	0
らいし	1
らいしつ	0
らいしゅ	1
らいしょう	0
らいせい	0
らいせき	0
らいせん	0
らいてい	0
らいはく	0
らいばん	0
らいびょう	0
らいふう	0
らいめい	0
らいゆ	0
らいりん	0
らいれき	0
らがい	1
らがん	1
らくかい	0
らくがい	2
らくがん	2
らくけつ	0
らくげつ	0
らくこう	0
らくさん	0
らくしゅ	1
らくしょ	1
らくじつ	0
らくじゅう	0
らくすい	0
らくぜん	2
らくそう	0
らくそく	0
らくそん	0
らくたい	0
らくつい	0
らくど	1
らくない	2
らくなん	0
らくばい	0
らくひん	0
らくほう	0
らくほく	0
らくぼく	0
らくみゃく	0
らくめん	0
らくゆう	0
らくりん	0
らさつ	1
らじゅ	1
らじょ	1
らじょう	1
らせい	1
らそつ	0
らぞう	0
らぞく	1
らたい	0
らちがい	2
らちない	2
らっけい	0
らつしょう	0
らつわん	0
らぼん	0
らもう	0
らわ	1
らんうん	0
らんえん	0
らんかい	0
らんかつ	0
らんが	0
らんがく	0
らんがっ	0
らんき	1
らんぎく	1
らんぎゃく	0
らんぐん	0
らんげき	0
らんこん	0
らんご	1
らんしょ	1
らんしょう	0
らんじく	0
らんじゃく	0
らんじょ	1
らんじん	0
らんせい	1
らんそ	1
らんちく	1
らんちゅう	0
らんでん	0
らんない	1
らんにち	0
らんぱく	0
らんひょう	0
らんぷう	0
らんぺき	0
らんほう	0
らんぼ	1
らんぽう	0
らんま	1
らんみん	0
らんもん	0
らんりょく	0
らんりん	0
りいき	1
りかがく	2
りかがっ	2
りきえき	0
りきかん	0
りきき	1
りきげん	0
りきせき	0
りきのう	0
りきへん	0
りぎょ	1
りくい	1
りくう	1
りくえい	0
りくえん	0
りくか	0
りくかいうん	3
りくかいくうじ	5
りくがわ	0
りくがん	0
りくきょう	0
りくくう	0
りくくうぐん	3
りくげん	0
りくさ	1
りくさん	0
りくし	1
りくしき	0
りくしゅう	2
りくしょう	0
りくすい	0
りくせん	0
りくでん	0
りくど	1
りくばく	0
りくひょう	0
りくふう	0
りくへい	0
りくほう	0
りくぼう	0
りくめん	0
りくりょう	0
りくりょく	0
りぐん	0
りげん	0
りご	1
りさつ	0
りしつ	0
りしょ	1
りじょう	0
りせつ	0
りぞく	0
りたい	0
りたく	0
りたつ	1
りっしゃ	0
りっしゅう	0
りっしょ	1
りっすい	0
りっせい	0
りっそく	0
りつい	1
りつぎゅう	0
りつご	0
りつどく	0
りつぶん	0
りつめん	0
りつもう	0
りつりょ	1
りつれい	0
りてき	0
りにょう	0
りひ	1
りほん	0
りまい	0
りもう	0
りゃくあん	0
りゃくい	1
りゃくが	0
りゃくごう	0
りゃくさい	0
りゃくしき	0
りゃくしゃ	1
りゃくじ	0
りゃくそう	0
りゃくたい	0
りゃくどく	0
りゃくばい	0
りゃくひょう	0
りゃくふ	1
りゃくふく	0
りゃくぼう	0
りゃくめい	0
りゃくよう	0
りゃんこ	1
りゅうあ	1
りゅううん	0
りゅうえき	1
りゅうえん	0
りゅうおん	1
りゅうかく	0
りゅうかん	0
りゅうきゃく	0
りゅうきょ	1
りゅうぎ	1
りゅうく	1
りゅうけつ	0
りゅうげ	1
りゅうこつ	0
りゅうご	1
りゅうざ	0
りゅうしゅう	0
りゅうしゅつにゅう	4
りゅうしょう	0
りゅうしん	0
りゅうじち	0
りゅうじゃ	1
りゅうじょ	1
りゅうにょ	1
りゅうじょう	0
りゅうせつ	0
りゅうぜん	0
りゅうそく	0
りゅうぞく	0
りゅうだん	0
りゅうてき	0
りゅうてん	0
りゅうとく	1
りゅうどく	0
りゅうのう	1
りゅうはい	0
りゅうば	1
りゅうひ	1
りゅうひょう	0
りゅうび	1
りゅうふう	0
りゅうふつ	0
りゅうべい	0
りゅうべつ	0
りゅうべん	0
りゅうぼう	0
りゅうぼくちく	3
りゅうみゃく	0
りゅうみん	0
るみん	0
りゅうゆう	0
りゅうり	1
りゅうりつ	0
りゅうりょく	0
りゅうりん	0
りゅうるい	0
りょうい	1
りょうう	1
りょうおう	3
りょうおん	0
りょうがい	1
りょうがく	0
りょうきゅう	0
りょうぎ	1
りょうぎゅう	0
りょうく	1
りょうくう	0
りょうくん	1
りょうぐう	3
りょうげ	1
りょうげん	0
りょうご	1
りょうごん	0
りょうさい	0
りょうさく	0
りょうしゅく	1
りょうじく	1
りょうじゅう	1
りょうじん	0
りょうすい	0
りょうず	1
りょうせき	0
りょうぜい	1
りょうぜつ	0
りょうそ	1
りょうぞん	0
りょうたい	1
りょうちゃ	1
りょうちょ	1
りょうでん	0
りょうと	1
りょうないがい	3
りょうはい	0
りょうはく	0
りょうばつ	0
りょうひ	1
りょうひょう	0
りょうびょう	0
りょうふ	1
りょうふく	0
りょうぶ	1
りょうべん	0
りょうぼ	1
りょうぼく	0
りょうまつ	0
りょうみん	0
りょうもん	0
りょうや	1
りょうやく	1
りょうゆ	0
りょうら	1
りょうりん	0
りょうろう	0
りょきょう	0
りょぎん	0
りょくい	1
りょくいん	0
りょくえい	0
りょくがん	0
りょくぎょく	0
りょくこく	0
りょくしゅ	1
りょくしょ	1
りょくじゅう	0
りょくすい	0
りょくせき	0
りょくそう	0
りょくたい	0
りょくちゅう	0
りょくでい	0
りょくど	1
りょくのう	0
りょくはつ	0
りょくばん	0
りょくふ	1
りょくふう	0
りょくへき	0
りょくべん	0
りょくぼう	0
りょくもん	0
りょくや	1
りょくゆう	0
りょくりょう	0
りょくりん	0
りょぐう	0
りょこん	0
りょしゃ	1
りょしゅく	0
りょじ	1
りょそう	0
りょち	1
りょちゅう	0
りょっき	1
りょのう	0
りょはん	0
りょゆう	0
りょよう	0
りょりょく	1
りらく	1
りりょく	1
りんう	1
りんえん	0
りんおう	3
りんがい	1
りんがく	0
りんがっ	0
りんきゅう	0
りんきょ	1
ひんぎ	1
りんぎょ	1
りんくう	0
りんぐん	0
りんけい	0
りんげ	1
りんげき	0
りんげつ	1
りんげん	0
りんさ	1
りんざい	0
りんし	0
りんしつ	0
りんしゅう	1
りんしょく	0
りんじく	0
りんじゅう	0
りんすう	3
りんず	0
りんせいしん	3
りんぞう	0
りんだい	0
りんちゅう	0
りんとう	0
りんばつ	0
りんばん	0
りんぱん	0
りんびょう	0
りんぶん	0
りんぷん	0
りんぺん	0
りんぼう	0
りんぽ	1
りんぽう	0
りんぽん	0
りんむ	1
りんめん	0
りんもう	0
りんりょく	1
るいえん	0
るいおん	0
るいか	1
るいかく	0
るいきょく	0
るいく	0
るいげつ	0
るいこう	0
るいこん	0
るいじつ	0
るいじん	0
るいすう	3
るいせつ	0
るいせん	0
るいそう	0
るいそん	0
るいだい	0
るいち	1
るいてき	0
るいてん	0
るいとう	0
るいどう	0
るいのう	0
るいはん	0
るいば	1
るいひ	0
るいひん	0
るいへき	0
るいほん	0
るいもく	0
るいらん	0
るいれき	0
るいわ	0
るき	1
るけい	0
るげん	0
るこん	1
るじ	1
るたく	0
れいい	1
れいいき	0
れいう	1
れいおう	3
れいかく	1
れいがく	0
れいがっ	0
れいきょう	0
れいぎょく	0
れいくつ	0
れいけつ	0
れいけん	0
れいげき	0
れいげつ	0
れいご	1
れいさつ	0
れいざん	1
れいしき	0
れいしゃ	1
れいしゅ	0
れいしゅん	0
れいしょく	0
れいじつ	0
れいじゃ	1
れいじゅつ	1
れいじょ	1
れいせき	0
れいそう	0
れいそく	0
れいそん	0
れいたい	0
れいたく	0
れいだん	0
れいち	1
れいちゃ	0
れいつう	0
れいてい	0
れいてん	0
れいとく	0
れいどう	0
れいなん	0
れいにく	0
れいは	1
れいはく	0
れいひつ	0
れいびょう	0
れいぶつ	0
れいへい	0
れいほん	0
れいぼく	0
れいまい	0
れいみん	0
れいもう	0
れいもつ	0
れいりゅう	0
れいりょく	1
れいわ	0
れいわん	0
れきうん	0
れきけん	0
れきげつ	2
れきげん	0
れきさん	0
れきしょう	0
れきじつ	0
れきじょ	1
れきせき	0
れきせん	0
れきそう	0
れきち	1
れきちょう	0
れきてい	0
れきど	1
れきどう	0
れきねん	0
れきばく	0
れきふ	1
れきほん	0
れきみん	0
れきれん	0
れきろく	0
れっかい	0
れっこう	0
れっこく	0
れっし	1
れっしょ	1
れっしょう	0
れっしん	0
れっせん	0
れっそ	1
れっそう	0
れっそく	0
れっちゅう	0
れっぱい	0
れっぱく	0
れっぱん	0
れっぴょう	0
れっぷく	0
れっぺん	0
れっぽう	0
れつい	1
れつおう	3
れつき	1
れつげき	0
れつご	1
れつじつ	0
れつじょ	1
れつじょう	0
れつすう	3
れつせん	0
れつだん	0
れつちょう	0
れつでん	0
れつにく	2
れつばく	0
れつばん	0
れつべん	0
れつめい	0
れつり	1
れんい	1
れんいん	0
れんうん	0
れんき	1
れんきょう	0
れんきょく	0
れんきん	0
れんく	1
れんげん	0
れんごく	0
れんしゅく	0
れんじく	0
れんじゃく	0
れんぜん	0
れんたん	1
れんだい	0
れんにゅう	0
れんばく	0
れんぱく	0
れんひ	1
れんべん	0
れんぺい	0
れんぽ	1
れんむ	1
れんもく	0
れんり	1
れんるい	0
れんれい	0
ろあく	0
ろうあい	0
ろうい	1
ろういつ	0
ろうう	1
ろううん	0
ろうおう	0
ろうおく	0
ろうかん	0
ろうが	1
ろうがい	0
ろうがく	0
ろうきょう	0
ろうぎ	1
ろうぐん	0
ろうけい	0
ろうけつ	0
ろうげつ	1
ろうこつ	0
るこつ	0
ろうごく	0
ろうさく	0
ろうしゅ	1
ろうしゅう	0
ろうじ	1
ろうじゃく	0
ろうじゅ	1
ろうせん	0
ろうぞく	0
ろうた	1
ろうたく	0
ろうだい	0
ろうちゃ	0
ろうない	1
ろうなん	0
ろうに	1
ろうはち	0
ろうはん	0
ろうはんそく	3
ろうばく	0
ろうばん	0
ろうひ	1
ろうひょう	0
ろうびょう	0
ろうふう	0
ろうふく	0
ろうぶつ	0
ろうぼ	1
ろうぼく	0
ろうめん	0
ろうもう	0
ろうやく	0
ろうゆ	1
ろうよう	0
ろうわ	0
ろえき	1
ろかん	0
ろきつ	1
ろきょう	0
ろぎょ	1
ろぎん	0
ろくさい	0
ろくさん	0
ろくそう	0
ろくざい	0
ろくしゃく	4
ろくじ	1
ろくせつ	0
ろくぞん	2
ろくたい	0
ろくばん	0
ろくぼく	0
ろくまい	0
ろくまく	0
ろくめい	0
ろくわ	0
ろぐん	1
ろけい	0
ろざい	0
ろし	1
ろしゃ	1
ろしょう	0
ろしょく	1
ろすい	0
ろせい	0
ろぜい	1
ろそう	0
ろそん	1
ろだい	0
ろっけん	0
ろづな	0
ろとう	0
ろどく	1
ろない	1
ろにち	1
ろねん	1
ろはい	0
ろふつ	0
ろふん	1
ろへい	1
ろへき	0
ろへん	0
ろべい	0
ろほう	0
ろめい	0
ろよう	0
ろりょう	1
ろんい	1
ろんきょく	0
ろんけん	0
ろんさく	0
ろんさん	0
ろんし	1
ろんしょ	1
ろんじょう	0
ろんせい	0
ろんぞう	0
ろんだい	0
ろんちゅう	0
ろんちょ	1
ろんてき	0
ろんぽう	0
ろんもく	0
わいか	1
わいぎん	0
わいく	1
わいしゃ	0
わいしょ	0
わいしん	0
わいせい	0
わいはん	0
わいへん	0
わいほん	0
わいりん	0
わおう	2
わかと	0
わがく	0
わがっ	0
わきば	0
わくじゅう	0
わくせい	0
わくみ	0
わぐん	1
わげい	1
わこん	0
わさん	0
わざい	0
わざん	0
わしゅ	1
わしゅう	0
わしょ	1
わたん	0
わてつ	0
わど	1
わなん	1
わばち	1
わふつ	0
わほん	0
わぼう	1
わまつ	0
わみょう	0
わゆう	1
わよ	0
わりゅう	0
われい	0
わんいき	0
わんおう	0
わんが	1
わんがい	1
わんげつ	1
わんこう	0
わんこつ	1
わんしゅ	0
わんじん	0
わんせい	0
わんせん	0
わんそく	0
わんとう	0
わんりゅう	0
えっちゅうじま	0
おんぴょう	0
かつろ	1
がいじ	0
がどう	1
きょくいん	0
ぎじん	0
けいじつ	0
けいひょう	0
げざい	0
げっしょ	1
げんすう	3
こうしりつ	3
こうとり	0
こくせん	0
こび	1
こんし	1
さんこく	0
しょさく	1
じんがい	0
ぞくがく	0
たいりゃく	0
たがん	0
でんぱつ	0
とうそん	1
とじん	0
ともう	0
なんくん	0
にっさ	0
ひょうせん	0
びぶ	1
ふうれい	0
ふえい	0
ぶんかん	0
べんじ	1
みんしゅう	0
らんのう	0
りうん	1
りょうへん	0
りりょう	1
れんねん	0
ろうとう	0
ろひょう	0
ろんじ	1
えしゃ	1
かりかえ	0
がせい	0
がんざん	0
きんてき	0
こがく	1
こくりょく	0
ざいと	1
しあく	1
しんはつ	0
すいぎょ	1
すいそん	0
せじん	0
ぜいちょう	0
たくない	2
ちつ	2
ちゅうしょうがく	3
とのう	0
どうぶん	0
どりゅう	0
にっしゅつ	0
にょたい	0
にんがい	0
ねつてき	0
はこん	0
びよう	0
へいい	1
ぼれい	0
みんい	1
やくかい	0
やげん	0
ようきん	0
よば	1
りこく	0
りだい	0
りんぶ	1
うそう	0
きゃくがわ	0
きゅうとく	0
きょうこく	0
くつない	2
こでん	0
しつりょう	2
じゃき	1
せいじゃ	1
そくてん	0
そつご	1
ちょくゆ	0
ていひ	1
とつ	1
なおしま	0
はんけん	0
ふけんけい	2
ぶつじょう	0
べっか	0
べっせき	0
まくじょう	0
まっしょ	0
もくかん	0
ゆがく	1
ろうむ	1
いてい	0
かつらぎ	0
がくじん	0
がしゅう	0
がちゅう	0
さいしゃ	1
しっぽく	0
じゃくでん	0
すいりゅう	0
ぞくぶん	0
ちょうなん	1
ちょうりゅう	0
つうせい	0
つぶべつ	0
ぬさまいちょう	3
びょうがい	0
ぼさつ	0
ようさく	0
らんすう	3
おうさ	1
かくび	1
きんざん	1
ぎんぱ	1
くゆう	0
けいてき	0
けんぎょ	1
しゅむ	1
しょねん	1
じゅつそう	0
ぜいぶん	0
たせ	1
たせい	0
ちろう	0
にんべつ	0
ほんだい	0
わせん	1
うと	1
おさふね	2
げんびょう	0
こぼ	1
ごうす	0
しろみ	0
じゅっか	1
じんじつ	0
すいげつ	1
せいふう	0
せきひ	0
ちがく	1
ちゃくし	1
にちらい	1
にゅうしゅつ	0
ひつた	1
ふま	1
ふり	1
むろう	0
りきどう	0
かかはり	0
かぶきちょう	0
けんもつ	0
しぼく	1
しょうきょく	0
じょかい	0
しょくし	1
しんざい	0
ていてん	0
にちうん	0
ひっかく	0
ひょうさ	1
べつじ	0
ほくちょう	0
るいご	0
えきー	2
げいぶん	0
しゃきょう	0
まじん	0
やおん	0
えいさく	0
げんぼ	1
しえ	1
じんち	1
つうじん	0
とお	1
ねんべつ	0
ほんきん	0
りゃくほん	0
あいぎょう	3
いきん	0
いんじゅう	0
おかがき	2
ずこう	0
ずよう	0
せきすう	3
ぞくがっ	0
つかれ	3
とうおう	3
ぶかく	1
あやにく	0
えんじゃ	1
おろ	1
がいいん	0
じゅんせん	0
ずが	1
せんじゃ	1
そんし	1
とうざん	0
どのう	0
なんけ	1
べっしょ	0
ほうがい	0
もちぶん	2
やせん	0
りばん	0
おわりちょう	0
けいほ	1
げきし	1
ぜんか	1
たいだい	0
ちゅうりき	0
にちない	2
ばっぽう	0
ひゃくせい	0
きょくせい	0
きよはる	2
こうきゃく	0
しょうもん	0
ちしん	0
へいしき	0
べっしゅう	0
ほうけ	1
いえい	0
うぼう	0
おのだ	1
がくほう	0
しんぴん	0
ちょうぶつ	0
なぐりあい	0
ふはつ	0
えいか	1
かつひと	2
しゃてき	0
ないこく	0
まぎり	1
きれん	0
くうち	0
こまく	0
じゅくき	1
とくがわ	0
ないあつ	0
こうみん	0
こくじょう	0
こへい	1
しんろん	0
じんかく	0
せいく	1
とうれつ	0
どだん	0
へいぜい	0
あさの	0
ぎろう	0
さいう	1
ちがっ	1
ふうつう	0
ぶんりょう	0
わそく	1
かいじつ	0
かやまち	2
けく	1
けぐ	1
きたん	0
くめじま	0
けんぽく	0
こかん	0
じゅつぜん	0
だいぼう	0
りゃくご	0
いくじゅう	1
いくじっ	1
いくじゅっ	1
いくせん	1
いちりき	2
こがっ	1
そうこ	1
でぃ	1
びこ	1
さこう	0
とりはずし	0
やぶれ	3
ゆうらく	0
りょうっかわ	0
れんさん	0
しゅめい	0
しんぺん	0
ぞくが	0
まっさき	1
ろうくん	1
いがん	1
かつい	1
がいばい	0
こうふう	0
しゅぜん	0
しゅくし	2
しんあん	0
にくしつ	0
にしがわちょう	4
ぶらく	1
よしおか	2
たくむ	0
にしはる	2
ひのし	3
りんえ	1
わろく	1
いちまる	2
えんぐん	0
さがみはら	3
しょちゅう	0
はちろう	0
はっき	0
へきじょう	0
もうふ	1
いくしま	0
がくへい	0
ぎゃくえん	0
こくしゅ	1
しもう	0
じんめん	0
ぞうぶつ	0
どうしょく	0
はくせき	0
ほんいん	0
がくのう	0
ぞうかいちく	3
めんない	1
あまのうずめ	1
えきかん	0
おかちょう	2
きょうみん	0
こうりょく	1
たかつな	2
みわたし	0
がいかい	0
ごいち	1
しぞく	1
しんぎょう	1
じんぶ	1
ちょうほん	0
みんかつ	0
くうと	1
しゅそ	1
むぶし	1
いひわけ	0
かくは	1
さいにゅう	0
ちゃあざ	0
つなぎご	0
どうさ	1
いんし	1
えいい	1
かくげつ	1
しんそう	0
とちく	0
ぶよう	0
しちゅう	1
ぜんにゅう	0
ごだい	1
ごふくちょう	0
ごほう	0
おぼえがき	0
きゃくばなれ	3
こうほ	1
しきょく	0
じゅひん	0
せつまつ	0
とりつ	1
けんばん	0
しゅうさく	0
たっす	0
ついご	0
つみたて	0
ゆうろく	0
おそれざん	3
こうれん	0
ほすう	2
ようがっ	0
かくき	1
しぼりこみ	0
ぜんしゅ	1
ぜんだん	0
どうたい	1
ないがく	0
なんじゅー	1
いたみ	1
ぎき	1
しょうと	1
なんかん	0
じゅうおん	0
さんめい	0
じょうじゃ	1
よび	1
ごうと	1
さいぎよう	1
しきちょう	0
しょうみょう	3
たちかわり	0
ほんぐん	1
わけい	1
あっかん	0
きょうれい	0
くうせん	0
ていない	1
なかうみ	2
ねんさ	1
はりみち	2
ほんば	0
くご	1
ねんが	0
かもがわ	0
そとば	0
つかぐち	2
がいぶん	0
きんほう	0
らくじ	1
りせい	0
かかりかん	3
くろへび	0
たてもの	2
ちゅうど	1
とうこん	0
こじょう	1
のぎ	0
みがって	2
ろあと	0
うわめ	0
おこ	1
とよしげ	2
ゆしゅう	0
おおわだ	0
けどう	0
すいろ	1
だかく	0
だく	1
ちょしゃ	1
おうえ	1
こくはん	0
せきとう	0
ふくほん	0
みずとり	0
みちぞい	0
うれゆき	0
じへい	0
たっぺい	0
ていしゅう	0
どうなん	0
ひでさぶろう	3
ふゆとぴあ	3
おおしょう	1
こやく	0
どうがっ	0
なかせんどう	3
もんせい	0
かずじ	1
けんじん	0
したがわ	0
ちょうち	1
とおだ	1
ふうち	1
こえかけ	0
めんし	1
うんなん	0
かげい	1
くす	1
じつり	1
まえばし	2
きゃくせん	0
かかりもと	0
かくかん	1
こうしゅつ	0
ちょうじん	0
ちょうぞう	0
ひっしょ	0
さがみの	1
まがい	0
みんだん	0
むろらん	2
いけうち	2
がか	1
ちゃめし	0
むせき	0
ほくおう	0
ゆうぎょ	1
りゅうめ	1
きょちゅう	0
げんてつ	0
ししつ	0
ただん	0
おんしょく	0
ぎあん	0
しょそう	0
すなむら	2
はんみ	0
いんちゅう	1
かみあさお	3
かんす	0
ていじつ	0
のうむ	1
ほしやま	0
よろう	1
ろうしょく	0
れいすう	0
きょくかん	0
なんろん	0
はつこい	0
むこがわちょう	4
あんぽんたん	3
じょっぱり	0
ねっせい	0
ひち	1
びっくら	3
ぶま	1
ほんきょう	0
いちみや	2
にちがい	0
はせん	0
しゅうぶ	1
しょくひ	1
まちあわせ	0
まつど	0
みほん	0
けんほく	0
せいぼく	0
なやみ	3
えんだて	0
おんぞう	0
ていろん	0
はおう	2
しおた	1
どうきょう	0
なんろ	1
ぶんり	1
えひめ	1
こえしつ	0
わじゅつ	1
いわれ	1
おおもり	0
しいか	1
しょくぶん	0
じんちゅう	1
だつさら	0
ふかざわ	0
へんみょう	0
きしのさと	3
あいそう	3
くるい	0
けっし	1
だいす	0
つるまきちょう	4
みせつ	0
かぬま	1
くみあわせ	0
しゅうぎ	1
だいら	1
てあたり	2
にんぎょうちょう	0
えきちゅう	0
くらしき	2
しょうど	1
せいそつ	0
ていしょ	0
あかほり	2
しぶ	1
せつわ	0
なんげ	0
ねむろ	1
がほう	0
ていこ	1
どうぜい	1
どうわ	0
やくほん	0
かずおき	2
こくろん	0
しちしょう	2
べいじん	0
しょうこつ	1
もうべん	0
かすみがうら	4
おうご	1
きょうち	1
しもにいかわ	3
じゃらん	1
じゅうき	1
きうち	1
せんすう	3
おんてい	0
きょうぶつ	0
げんゆ	0
ここん	0
じょほう	0
ていすい	0
いけのはた	3
だいおん	1
はくすう	3
ひだりひざ	0
じんぐうまえ	5
ひやま	1
いなにわ	0
ぎゃくがわ	0
はいぶつ	0
べいか	1
みなとくち	3
きょうぶ	1
げんつき	0
なかつ	0
やまい	1
さやま	1
にちぶん	0
きなしちょう	0
げんろん	0
そうろ	1
でんろ	1
なが	1
あすけ	1
おろし	1
おんた	1
せつぶん	0
あぶた	1
かくこう	1
かわはら	2
とうご	0
はいなん	0
ひがしさくら	4
まるおか	0
よわ	1
しんことに	3
すうてき	0
にゅうぼう	1
ひょうすう	3
ひとかたまり	3
みつぼう	0
ゆもり	1
りっし	1
いげん	0
いぬがみ	0
げっちゅう	0
とおえん	0
どくじゃ	1
いれかわり	0
おおいずみ	3
じは	1
ずりょう	0
はぎはら	2
よこやま	2
えそ	1
こいかわ	1
したん	0
すいがい	0
すうせん	3
ふくだい	0
てんしゅ	1
ひがしうら	3
びかん	0
かわむら	0
こすう	2
じんくん	0
ちじん	0
でんちゅう	0
へいだん	0
いつわ	0
しゅんしゅう	0
よしはる	2
ちゅうぜい	0
てんげ	1
とうにち	0
はたく	0
くせい	0
さいぞう	0
そくど	1
みそか	1
ぎょうき	1
だいぼん	0
まるやままち	4
ゆうさい	0
いわせ	1
ぎょか	1
ぎょくでん	0
くじき	1
せいじゅう	0
いざよい	0
えんらく	1
ひので	0
ふろん	0
おろしてん	3
てっかく	0
りゅうめい	0
おおへい	1
きゅうぼく	0
ころとう	0
さがの	0
ざいけい	0
じまえ	0
はやめ	0
ひだの	0
かすがの	0
しかたの	0
せいぶちょう	3
ぞうしゅ	1
ちゃばこ	0
まえはら	2
ざいく	1
かこがわ	0
ごがく	1
しょたい	0
にしまち	2
ぶか	1
うわやく	0
かくく	1
かなざわ	2
けいとら	0
とうもく	0
にくじき	0
のうりん	0
りょうざい	1
わかみやちょう	4
あいた	0
かふく	1
しゅじょう	0
しんいり	0
にしぞら	0
ねへ	1
みぎめ	0
うない	1
しゅうふ	1
こくだい	0
さいごう	3
さんぷう	1
でどころ	0
ひのまる	0
しまね	1
しょぎょう	0
たんない	1
てんぶん	0
なつよう	0
にゅうめん	1
ふてん	0
みぎむね	0
おいえげい	3
おーえぬ	0
おうせき	0
おのはま	0
かけこみ	0
さんばし	0
しんしゅ	1
じゅきょう	1
ちかみ	1
ちがみ	1
ほこまち	2
やら	1
しんよこはま	3
みしょう	0
べいこっ	0
ほうり	1
みゃく	2
りょうにゅう	0
たつよし	2
めんじょう	0
ぐんしょう	0
ねりま	0
はじきおん	3
はりつけ	0
はんぎ	1
あけぼのばし	4
べつがく	0
しんこん	0
じんぼう	0
せいぐん	0
ぶんだい	0
めむろ	1
ぐんき	1
どくへび	0
みなみせんじゅ	4
えいおう	0
ちえぶん	0
のしろ	1
はおり	0
ほうふ	0
わさ	1
かみせい	0
さっくつ	0
はいどう	0
さいじつ	0
そうしき	0
むこうがわ	0
らくじゃく	0
えんがる	1
しんがた	0
おさ	1
げんねん	0
べつどう	0
なにじん	2
ふりあん	1
みすごし	0
やまはな	0
しれとこ	0
おおす	1
しごとめん	3
ちゃくめろ	0
ちりょく	1
ひとりで	0
しんぽん	0
ぜんわ	1
やまのうち	3
ちゃづつ	0
のうめん	0
りそな	1
るいかん	0
きせ	1
きょくしゃ	0
つとこ	1
てきせん	0
どうふけんない	4
たにぐみ	2
ひるがえって	3
びなん	1
みちざね	2
こうあ	1
しゃべつ	1
しまなみ	0
てしかが	2
のんべ	1
おうもん	0
かずかず	1
がじょう	0
こあり	0
しゃちゅう	1
しょくいん	0
じんご	1
てらいんく	3
へんげん	0
ぽちすか	0
しょくぶつ	2
すしせい	2
そねざき	2
とよはし	2
なかうち	2
ひあたり	0
ひろまち	2
ふなおか	2
もんて	1
よそいき	0
しまま	0
そがの	1
とうへき	0
ふくみ	1
まきかえし	0
もりや	1
ようきょく	0
あすみん	1
かむなび	0
きたのくち	3
くらはしの	2
しゃかり	1
しゅごきゃら	0
せたがや	0
なかう	0
にゅうがく	0
のばしのばし	4
はぴいー	3
ばいにん	0
ぱちかぶり	0
ぱんどる	1
まりもっこり	3
まるふく	2
あいごろう	1
あいめっせ	3
あいれふ	1
あじゅち	1
あすばる	1
あそべーる	3
あそぼ	0
あそぼーい	3
あぶあぶあ	3
あまがみ	0
あまつぼ	0
あやとりぃ	2
いいゆらてい	4
いのくら	2
いのたに	2
いりかせ	0
うたたま	0
うながっぱ	3
うなしょう	2
うるぐす	1
えいごりあん	3
えぽあ	1
えりまん	0
おかべえ	1
おはあさ	0
おはすた	0
おはすま	0
かさはら	2
かねしょう	2
かねまつ	2
かまはち	0
かまろう	0
かみかみ	0
かもめーる	3
がずぺっと	3
きのじ	2
きんしゃい	0
くうにゃん	1
くまうた	0
くりえい	0
くるまにあ	3
ぐるなび	0
ぐるめーむ	3
けしど	1
げるぼあ	0
こたうめ	2
こんすけ	1
ごちぱら	0
ごんち	1
さえら	1
さかばやし	3
さっとぅぶぁ	3
さぽろぺ	0
さんきち	0
しものせき	3
しゃぼれす	1
すかてん	0
すかんち	2
すしいわ	2
すしこう	2
すしすて	0
たけやま	0
たこまさ	2
たのきん	0
たまごっち	3
ちえりあ	2
ちびのすけ	0
ちゃぐりん	1
つきか	1
つどーむ	2
てぃるる	1
ていぱーく	3
とうふりーむ	4
とべるん	1
とまりん	1
とんとよ	0
どらぐら	0
ながらみ	0
なだまん	0
なべや	2
にのあい	2
にょろまん	0
ねんりんぴっく	5
のまねこ	0
ぱど	1
ぱわわぷ	0
ひこにゃん	1
ひめぜん	2
ぴょんきち	0
ふぇみめいと	3
ふくつる	0
ふじてん	0
ふれっぷ	2
ふれーゆ	2
ぶるきち	0
ぶーにゃん	1
ぷっすま	0
ぷらら	1
べるまっちゅ	3
ぺんてる	1
ほふり	0
ほりんふ	2
ほるぷ	1
ばううんすい	3
ぼぉびぃぶ	3
ぽぽろん	1
まぐまぐ	0
まことむすび	4
まさむら	0
まつりゆ	3
まんだらけ	0
まんちん	0
みすず	0
みずえ	0
みずゑ	0
みっぷ	1
みどりえ	3
みやばっく	3
みやびじょん	3
みやふじ	2
めうがや	0
めじろん	1
もがり	1
もぐらんぴあ	3
もけもけ	0
ももっち	2
もやしもん	0
やみまる	1
ゆうぺーん	3
ゆうぽうと	3
ゆうゆ	1
ゆじょんと	2
ゆたぽん	1
ゆにーいく	2
ゆびこま	0
ゆびとま	0
ゆぴあ	1
ゆまに	1
よいこ	1
ららぽーと	3
らるろーご	3
りぶいん	1
るりんぐ	2
るるぶ	1
わかしらす	3
わかもと	2
しょくちゅう	0
ただのぶ	2
ほんくず	0
あくてん	0
くすりや	0
しんひな	0
じゅうい	1
やはら	1
れんど	1
かぞう	0
くさち	0
げんりつ	0
だいみん	1
みたつ	0
かかりさき	0
かわづ	1
りょううで	0
あゆす	1
ごうおん	0
ごうびょう	0
しゃくじい	3
れつ	1
しおくりきん	0
しりうち	2
すいかん	0
べつり	1
ころび	0
さいわいちょう	3
じあまり	2
すうがっ	0
たし	1
どあい	0
へいしちろう	3
べっぽん	0
いっこく	0
かいつけ	0
がくめい	0
にしがは	0
みきお	0
ようど	1
うなこ	1
かさなり	0
しんさいばし	3
いくら	1
さしこみ	0
たかとう	2
にしきまつ	3
ふど	1
ぶんぱ	1
あおむけ	0
にょうぜつ	0
ひっこみ	0
ようりょう	3
きづ	0
くがやま	0
こくらきた	0
なかまちだい	4
みなみはま	3
くうろ	1
したやく	0
しもつけの	0
にくりょう	2
むやく	1
よしえだ	0
かきおろし	0
いなさく	0
ごっしょう	0
しもきたざわ	4
じんや	3
おおみね	0
なんしょ	3
ゆうりん	0
うちぎき	0
きりやう	1
きんぶち	0
こうら	1
すぎなみ	0
わたなべどおり	5
いずみさと	3
うなりおん	3
くみかえ	0
ぐんて	0
しぶん	0
ちなつ	0
はまだ	1
ひくめ	0
みつゆ	0
しのつ	1
しもしろうず	4
はなばたけ	3
きもべつちょう	4
ぎゅうどん	0
さいだ	1
とっとり	0
はんぽん	0
ばんめし	0
べつうり	0
やま	0
がくわり	0
じすいちょう	2
すいどう	0
ちょうぎ	1
じつぼ	1
くうごう	0
じょうえつ	0
きょくのり	0
ながえ	0
わくがい	2
うすちゃ	0
おうき	0
くらよし	2
くろもん	0
さだめ	3
はいじま	0
たけのぶ	2
なかしべつ	3
あづち	1
あらねつ	0
おうう	1
おもてじ	0
さくらしんまち	4
たたきおん	3
あらきちょう	0
おづ	0
たけいち	2
よざくら	2
いしだん	0
がくせー	0
きつりん	1
にんず	1
はこね	0
らてん	1
うわじま	0
きたじまちょう	4
しちや	2
はなせ	1
かばらい	2
かみきたざわ	4
さいづ	0
しのばず	0
とくふ	1
ふじいでら	3
おびひろ	0
かきのきざか	4
こぜい	0
たけはる	2
としよし	2
まえむき	0
あんかけ	0
くらます	0
さんがく	0
どうぐん	1
にしにっぽり	3
にちひ	1
はんがん	0
ひがしおおさか	4
いっしき	0
おとこやく	0
かみみお	0
からよう	0
きあつ	0
きまえ	0
きょうま	0
ちっぷべつ	3
にくや	2
ほっかい	0
りょうなん	1
おくほだか	3
すづめ	0
とうどり	0
ながおの	0
ながたちょう	0
ふつぶん	0
あげまつ	2
いわくに	2
こくじん	0
すうべつ	0
たけべ	1
つきしま	0
ふみひこ	2
まどちょう	0
こいし	0
だいぼさつ	3
ふつみん	0
みかづき	2
おちゃのみず	0
げんおん	0
どうねん	0
なかほど	0
のぼりせん	0
もちこし	0
ゆのかわちょう	4
こおげ	1
ないちょう	0
ひびや	0
えきうり	0
かぶとちょう	0
きんとれ	0
さげはば	2
なかのだ	0
よねもと	2
あかしちょう	0
かしらぶん	3
かなじょ	0
さくがた	0
そそぎ	0
なついべ	0
むろいけ	2
おもてもん	0
しずおか	2
しずない	2
すたま	1
ぜんじん	0
なかつがわ	3
あにい	1
しゅんき	1
しょくおや	0
てんあんもん	3
もよおし	0
やどやま	0
わにぶち	2
うらがしら	3
おおほり	0
かみいぐさ	3
きさき	0
しきち	0
しょない	1
つとめ	3
ひものちょう	3
もとえまち	3
らくちゃり	0
しもだて	2
じゅうろう	0
まぜ	0
らし	1
たてつづけ	0
どうかわ	1
ふゆふく	0
あづみ	1
せんそく	0
はすみ	1
みほりちょう	0
えはがき	2
おうみはちまん	5
おおかん	0
こしづ	0
てんざん	1
ひさや	1
べつもり	0
まんしゅう	1
むぜい	1
やしゅ	1
やりがたけ	3
あおう	1
いきつき	2
かみどのまち	4
きなし	1
けさはる	2
こうほく	0
ことぶきちょう	4
つぶさ	1
てうす	0
ほくろく	0
むしゅ	1
あさごはん	3
いまえ	0
いまはま	0
おおだいがはら	5
けんぽ	1
すずがもり	0
ときわだいら	4
ゆきまつり	3
おくがた	2
おのみち	2
かじや	0
きざん	1
くろかみ	2
こんしき	0
しんりょく	0
たまごえき	3
ちゅうぐう	3
ひがしがおか	4
ひがしむらやま	5
ひらおか	0
ひらかわちょう	4
ふじはし	2
ほはば	0
ほんでん	0
ぼくてい	0
らんゆう	1
おおあらい	3
おおのじょう	3
おざき	1
かみいそ	2
げきこう	0
すうざん	1
なかさつない	4
にぶ	1
びふか	1
ぶんちゅう	0
あおばだい	3
いろない	2
かめいど	2
かわせい	0
こもの	1
ぞうせん	0
たかいし	2
てらい	0
ところざわ	0
はんじつ	0
もりおか	2
あきち	0
あなぐら	0
いしおか	0
うおづ	1
かりやはら	3
めいがら	0
りょうかた	0
あかせん	0
あくじょ	1
うまみ	0
きょうばし	0
したろう	0
にしわせだ	3
ねんしょ	0
はざい	0
はなはく	2
ひろめ	0
ろくさぶろう	3
わかまつちょう	4
あじま	0
いぶすき	2
かかみがはら	4
しばだいもん	3
にしきょうごく	3
はままつちょう	4
ひとじち	0
ぶ	1
ほうす	1
みなまた	0
うおう	2
えっしゅう	1
しにたい	0
しやくし	1
じゅつし	1
せのもと	2
ていね	0
とよは	0
はこや	1
はやぶさちょう	4
ひがしせんだい	4
びょうすう	3
りょじゅん	1
あっさぶ	1
あまぐ	2
あやま	1
おうぎまち	3
じゆうがおか	4
せつた	1
まさごちょう	0
みきさぶろう	3
みつけ	1
みなみおおいずみ	6
めいえきみなみ	1
ゆきの	1
りょうみみ	0
あおたん	0
かめかわ	2
からまつ	2
こがねはら	3
ごうこん	0
せんづ	0
ねっこ	3
はたがや	2
はんもんてん	3
ひがしむこうじま	0
ひなこ	1
ほんこまごめ	3
むかわ	1
わたくしごと	0
あたご	0
いえもち	2
いたどり	2
おいずも	2
かきお	1
きたこまつ	3
きただいとう	3
くちのえらぶ	4
しかけにん	0
しこたん	0
すかがわ	0
たきのまち	3
たべあるき	0
だいだ	1
つきなみ	0
つくみ	1
ひょうづくり	3
まいたけ	1
りょうわき	0
れんどら	0
えびす	1
かさおか	0
きしわだ	0
ぎゃくむき	0
ごくでん	2
さくらぎちょう	4
たかいど	0
にしのおもて	4
はつぼん	0
ひらぎし	2
ほうもつ	0
めいぜりふ	3
ゆだなか	2
いまばり	2
いりふねちょう	4
うらやす	0
えのしま	0
ぎょうてい	0
こうしんえつ	3
このほう	3
ごはんつぶ	4
せうゆ	0
しんそん	0
しんとみ	0
じゅくど	1
せきがはら	3
はぼまい	2
ひらまつ	2
ふくせ	1
ほうえ	1
まきのはら	3
まめだまち	3
あさみぞだい	4
あしょろ	1
あづみの	0
いぬずき	0
うえろく	0
うめお	0
おおでんまちょう	0
おがま	1
おびつ	1
かすみがせき	4
かわちながの	4
きたやま	0
ぎゃくっかわ	0
くるしま	2
けいはんしん	3
こづかっぱら	3
しばやま	0
じゃくずれ	2
ぜんはこ	1
そらち	1
たきのがわ	0
たまえ	0
とうのみね	3
としぞう	0
とまこまい	3
ながさか	2
にしがおか	3
びほく	1
ふうあい	0
ぶなん	1
ますみだ	0
みかえり	0
みずほとおり	4
むろと	0
よんび	1
ろばた	0
あさがや	2
あしや	0
あそびやく	0
あばしり	2
あやうた	2
あらさき	2
いいたて	1
いわつき	2
いんぎ	1
うらが	0
うんぜん	1
おうぜんじ	1
おおぼ	1
おくただみ	3
おとぎ	0
おとふけ	2
おろせ	1
おわりあさひ	4
かたはらまち	4
かつらの	0
かみくいしき	4
かみゆうべつ	3
かるいざわ	2
きたふかし	3
くくち	1
くりやま	0
こしがや	2
こにや	1
こまば	0
こわき	0
しもぎょう	2
じょうだん	0
すえもり	2
すなとり	0
そくそう	0
そとぼう	0
たかやす	2
たてしな	2
たなし	1
たのはら	2
だいざわ	0
だんのうら	3
ちゃしない	2
ちゃっぱ	0
つきくま	2
つるまい	2
ていたらく	3
てみや	1
てんびき	0
でんえんちょうふ	5
とくごう	2
とみさき	2
ながさ	1
なべよこ	0
にしきやまち	4
にしぼりどおり	5
にっぽり	0
ねつか	1
ねやがわ	0
のうび	0
のごみ	0
のびどめ	2
はまのうら	3
はままつ	2
はらみ	1
はんとき	4
ひがしいけぶくろ	6
ひがしくしら	4
ひがしなり	3
ひがしよか	3
ひこね	0
びばい	1
へいさ	1
ほうづき	0
まつひさちょう	4
まはらの	0
みずがき	2
みなみだいとう	4
みはらしちょう	4
みやしたどおり	5
めあかん	0
やまたい	0
やまとこおりやま	6
ゆうばり	0
ゆげ	0
よみたん	0
よよはた	0
ああひがおか	4
あいかっぷ	3
あいがえ	0
あいずみ	1
あいずみちょう	4
あいづたかだ	4
あいづばんげ	4
あいづほんごう	4
あいづま	0
あいづみさと	4
あいづわかまつ	5
あいないばた	3
あいなん	0
あいのくら	3
あいのさわ	3
あいのしま	3
あいのまち	3
あいまた	0
あいわり	0
あおかた	2
あおがしま	3
あおきがはら	4
あおきじま	0
あおくずれ	3
あおこしんでん	4
あおした	2
あおすげ	0
あおと	0
あおなえ	2
あおなみ	0
あおに	1
あおにさわ	3
あおね	1
あおのがはら	4
あおのはら	3
あおはか	0
あおや	1
あおやど	0
あおやまきたまち	6
あかいけ	2
あかいし	2
あかいそ	2
あかえ	0
あかおぎ	0
あかがみ	0
あかがわ	2
あかくびまち	4
あかくら	0
あかさ	1
あかさき	2
あかしな	2
あかしなみなみりくごう	9
あかだけ	2
あかどまり	3
あかなぎ	0
あかなべしんしょ	5
あかねちょう	0
あかはま	0
あかばねみなみ	0
あかびら	2
あかほぎ	0
あかまがせき	4
あかや	1
あかゆ	0
あかりがわ	3
あがきた	2
あがの	0
あがみなみ	3
あきおおた	3
あきがせ	2
あきたかた	3
あきらぎ	3
あぎし	1
あくせき	0
あくつおおの	4
あくのうら	3
あくのうらまち	5
あくみ	1
あくわ	1
あぐい	0
あぐらちょう	0
あけのがはら	4
あけのきた	0
あけのちょう	0
あけのひがし	0
あけはま	2
あけぼのだい	4
あけぼのちょう	4
あけみちょう	0
あげお	0
あげき	1
あげくら	2
あこがしま	3
あこがれかん	4
あこめ	0
あごね	1
あさうら	2
あさえ	0
あさかべ	0
あさかわ	2
あさきた	2
あさくち	2
あさくみ	0
あさしな	2
あさだいら	3
あさづま	0
あさひがおか	4
あさひがおかちょう	6
あさひだい	3
あさひだけ	3
あさひちょう	0
あさひな	0
あさひやま	0
あさびらきまち	5
あさまがだけ	4
あさみなみ	3
あさみやちょう	4
あさむし	2
あさもがわ	3
あさわ	0
あざえ	0
あざぶかすみちょう	6
あざぶしんこうがいちょう	3
あざぶじゅうばん	4
あざぶながさかちょう	7
あしあらい	3
あしうら	2
あしかりやまちょう	6
あしがや	2
あしがら	0
あしがらかみ	4
あしがらしも	4
あしがわ	2
あしきた	2
あしくら	0
あしこ	0
あしずり	0
あしたのはら	4
あしな	1
あしにし	0
あしの	1
あしのうみ	3
あしのこ	3
あしのゆ	3
あしはま	0
あしばさま	3
あしべつ	2
あしみ	0
あしみぞ	0
あしみね	0
あしもり	2
あしやす	2
あしやすあしくら	6
あしやすあんつう	5
あしゅう	1
あじがうら	3
あじがさわ	3
あじなだい	3
あじの	0
あじふ	0
あじむ	1
あじよし	2
あじろ	0
あすかもと	3
あすわ	1
あずさがわ	3
あずまばし	0
あせびのはな	4
あぜな	0
あぜまち	2
あそがたけ	3
あそだ	1
あぞう	1
あたがわ	0
あたけ	0
あたごしたまち	5
あたしか	2
あたまだい	3
あだこ	1
あだしの	0
あだたら	0
あたたら	0
あだちがはら	4
あっぴ	0
あつかし	2
あつしおかのう	5
あつはら	2
あつべつにし	2
あつま	1
あつよ	1
あてい	1
あてがわの	0
あてつ	1
あてら	1
あてらざわ	3
あとの	1
あとう	1
あないなり	2
あなが	1
あながさ	0
あながたわ	3
あながわ	0
あながわちょう	4
あなだいら	3
あなはちまん	4
あなま	0
あなみず	2
あなむし	2
あなむら	2
あねがさき	3
あねがわ	0
あねさき	2
あねぬま	0
あねべつ	0
あのくだつ	3
あのだ	1
あのだちょう	3
あはい	1
あびき	0
あびこひがし	4
あぶくま	0
あぶずり	0
あぶや	1
あぶらさか	3
あぶらつ	3
あぶらのこうじ	4
あぶらのこうじちょう	7
あぶらぼり	3
あぶらやしき	3
あぶらやま	0
あほく	1
あまうら	2
あまかざり	3
あまかしの	0
あまかし	0
あまがいけ	3
あまがせ	2
あまがつじ	3
あまがふち	3
あまぎゆがしま	5
あまどちょう	0
あまなり	2
あまなわ	0
あまぬま	2
あまぬまちょう	4
あまのいわたて	0
あまのうら	3
あまのはしだて	1
あまるべ	2
あまるめ	2
あみだがみね	4
あみのはま	3
あみはり	2
あめく	1
あやおり	2
あやおりちょう	4
あやがわ	0
あやとり	2
あやのうら	3
あやのこうじ	4
あやべ	1
あゆかい	2
あゆち	1
あよ	1
あらいけ	2
あらお	0
あらかわのほ	0
あらかわばな	4
あらきまち	3
あらこう	0
あらさか	2
あらさわ	0
あらしま	0
あらじゅくまち	4
あらせん	0
あらたま	0
あらち	1
あらはま	0
あらふね	0
あらまきちょう	4
あらまち	2
あらめば	0
あらやま	0
あらやままち	4
あらやゆたかまち	6
あられがせん	4
ありうら	2
ありうらしも	4
ありがさき	3
ありだがわ	3
ありほ	1
ありみね	2
あるちん	1
あるてい	1
あろしたり	3
あわいかわら	4
あわがさき	3
あわがさきまち	5
あわがたけ	3
あわざ	1
あわしまうら	4
あわじちょう	0
あわた	3
あわたぐち	3
あわたぐちとりいちょう	0
あわだ	1
あわづちょう	0
あわで	1
あんがく	1
あんけい	0
あんなか	0
あんのう	0
あんぱち	1
あんも	1
あんゆう	1
いいし	1
いいじまがさき	5
いいじまねずみた	0
いいたか	1
いいたがわ	3
いいだばし	3
いいだまち	3
いいづかちょう	4
いいとよ	1
いいのちょう	0
いいび	0
いいやま	0
いえうら	2
いえぢがわ	3
いえのまち	3
いえやま	0
いおうじま	0
いおうの	2
いおぎ	0
いかいえい	2
いかがきたまち	5
いかがことぶきちょう	7
いかがさかえまち	6
いかがにしまち	5
いかがひがしまち	6
いかがほんまち	4
いかがみどりまち	6
いかがみなみまち	6
いかけ	1
いかさ	1
いかた	0
いかだいそ	3
いかりがせき	4
いかるか	0
いかるが	0
いかわだに	3
いがせ	1
いきさ	1
いきめ	0
いくがや	2
いくさか	2
いくたはら	3
いくたま	0
いくち	1
いくとら	0
いくほ	1
いくり	1
いくれい	0
いくわ	1
いくわちょう	0
いぐ	1
いけがしら	3
いけがわ	2
いけご	0
いけしまちょう	4
いけじり	2
いけのうえがり	5
いけのお	3
いけのかわ	3
いけのたに	3
いけのはら	3
いけま	1
いげのやま	0
いこうほんちょう	4
いこくま	2
いこのべちょう	4
いこま	1
いさがわ	0
いささ	1
いさざわ	0
いさじちょう	0
いさはや	0
いさらご	0
いざりがわ	3
いざりだけ	3
いしうら	2
いしがさき	3
いしがま	0
いしがもり	3
いしきがり	0
いしげど	0
いしこし	2
いしざき	2
いしづ	0
いしづち	2
いしどりや	3
いしぬき	0
いしのこやば	0
いしのべ	0
いしのまき	3
いしぶち	2
いしべ	1
いしほ	1
いしまき	2
いしむしろ	3
いしもりちょう	2
いしや	2
いしやくし	3
いしやま	0
いじゅういん	2
いじら	1
いすみ	1
いするぎ	0
いずお	0
いずがたけ	3
いずし	1
いずながおか	4
いずのくに	3
いずみおおつ	4
いずみがたき	4
いずみがとうげ	5
いずみがや	3
いずみがわ	3
いずみさの	3
いずみざき	3
いずみほんちょう	4
いずもざき	3
いせがはな	3
いせがはま	3
いせざきちょう	4
いせはら	2
いぜな	1
いそうら	2
いそがみどおり	5
いそざき	2
いそづ	0
いそはら	2
いそぶんない	3
いそま	1
いそわき	2
いたいがわ	2
いたかちょう	0
いたかの	0
いたがい	2
いたがやまち	4
いたつき	2
いたづけ	0
いたづま	0
いたの	1
いたはな	0
いたびつ	2
いたやど	0
いたやなぎ	3
いだきそ	0
いちうら	2
いちおもて	3
いちかい	2
いちかわだいもん	5
いちがお	2
いちがおちょう	4
いちがはら	3
いちがや	2
いちがやたにまち	6
いちがやたまち	5
いちぎおろし	4
いちのお	3
いちのかわ	3
いちはち	2
いちばちょう	0
いちふさ	2
いちぶり	2
いつくしま	0
いづはら	2
いといざわ	2
いとき	1
いとざわ	2
いとしま	2
いとしろ	0
いとだ	1
いとにし	2
いつぬき	2
いとぬき	2
いとんけい	2
いなおかちょう	4
いなかだて	3
いながこ	3
いなげだいちょう	4
いなこし	2
いなさと	2
いなさとまち	4
いなしき	2
いなづみ	2
いなせちょう	0
いなだづつみ	4
いなつき	2
いなとよ	0
いなとり	2
いなぶ	1
いなむらがさき	5
いなら	1
いなりちょう	0
いに	1
いにしちょう	3
いぬいし	2
いぬいどう	2
いぬかい	2
いぬかみ	2
いぬがいわや	4
いぬがしら	3
いぬがたけ	3
いぬなき	0
いぬばしり	3
いぬぶし	2
いぬぼうざき	3
いぬぼえ	0
いぬみ	1
いぬもどりがはな	6
いねこき	2
いのお	0
いのくちちょう	4
いのくぼ	0
いのさわ	0
いのししやま	0
いのだ	1
いのねだに	3
いのはな	1
いのはら	2
いのぶし	2
いのべ	1
いのむかい	3
いのやま	0
いはら	1
いひのくち	0
いへや	1
いほき	1
いぼはら	2
いまいけ	2
いまいずみちょう	5
いまお	0
いまかね	2
いまがわ	0
いまぎれ	0
いまぐま	2
いまぐまのなぎのもりちょう	10
いまこうじちょう	5
いまこが	0
いましょうまち	3
いましろづか	4
いまじゅくひがしちょう	0
いまじょう	2
いまだて	2
いまづ	1
いまづあさやま	5
いまのやま	0
いまべつ	2
いままち	2
いまみなと	3
いまわたり	3
いみず	1
いむた	1
いもがや	2
いもくぼ	0
いもせ	1
いもとうげ	3
いもば	0
いやしき	2
いやたか	2
いよがたけ	3
いよみしま	3
いらご	1
いらはら	2
いらばやし	3
いらみな	0
いりえちょう	0
いりき	1
いりとおの	3
いりなか	0
いりひろせ	3
いりやまず	3
いりやまべ	3
いるかごえ	0
いるの	1
いるまがわ	3
いろお	0
いろせ	1
いわいざき	2
いわいしま	3
いわいだ	2
いわいと	0
いわいまち	2
いわかみ	0
いわがかきうちちょう	7
いわがさき	3
いわがぶち	3
いわがみ	0
いわきたいら	4
いわくぼちょう	4
いわくらあぐらちょう	7
いわくろ	0
いわじゅく	2
いわすげ	2
いわせどうまち	4
いわたちょう	0
いわたはら	3
いわつるぎ	3
いわで	1
いわとみ	2
いわどの	0
いわなし	2
いわぬま	0
いわはし	0
いわはな	0
いわびつ	0
いわふじちょう	2
いわふね	2
いわぶ	1
いわみず	2
いわむらだ	3
いわむろ	2
いわやどう	0
いんさどん	3
いんだちょう	0
いんと	1
いんのしま	3
いんのしますのえちょう	0
いんのしまたくまちょう	0
いんのしまなかのしょうちょう	9
いんはく	1
いんば	1
うえがはら	3
うえきのちょう	4
うえだはら	3
うえのせき	3
うえのはら	3
うえんべつ	2
うおがえりまち	5
うおぬま	0
うおの	1
うおみ	1
うかの	1
うがく	1
うがた	1
うきがね	0
うきしま	0
うきしまがはら	5
うきた	1
うきたむ	1
うきは	1
うきやなぎまち	5
うくまち	2
うぐいすだに	0
うぐいすちょう	0
うぐいすまち	4
うぐす	1
うぐる	1
うけがわ	0
うけしま	0
うけち	0
うけどのはな	4
うさか	1
うさき	1
うさぎだいら	4
うさぎだに	3
うしおだちょう	4
うしおづまち	4
うしがくび	3
うしがふち	3
うしがやと	3
うしく	0
うしくぬま	3
うしくび	0
うしくびりほんごう	6
うししる	2
うしたき	0
うしだて	2
うしだに	0
うしねさかい	4
うしねふもと	4
うしのこう	3
うしばな	0
うしぶか	2
うしぶせ	2
うしぶち	2
うしまの	0
うしまど	2
うしもろ	0
うしや	0
うしゅう	1
うしゅべつ	0
うしろがた	3
うじいまざいけちょう	0
うじぐちまち	4
うじたわら	3
うじな	1
うじばる	2
うすいあわら	4
うすいし	2
うすしま	0
うすじり	2
うすだ	1
うすづか	2
うすのうら	3
うすばまち	3
うずま	1
うずまさ	0
うずまさかつらがはらちょう	10
うずまささんびちょう	0
うそり	1
うたがはま	3
うたさき	2
うたすつ	2
うたつ	1
うたづ	1
うたの	1
うたのぼり	3
うたんじょう	2
うだの	0
うだがわちょう	4
うちいで	0
うちうら	2
うちおまち	3
うちがしま	3
うちきゅうほうじまち	7
うちこ	1
うちごう	0
うちさいわいちょう	5
うちた	1
うちなだ	2
うちぬま	0
うちのうら	3
うちはたちょう	4
うちはら	2
うちぼう	0
うちま	0
うちまき	2
うちや	0
うつくしがはら	5
うつけん	1
うつしがたけ	4
うつのや	3
うつぶき	0
うつぼぎ	3
うつぼほんまち	4
うつまた	0
うつりょう	1
うでさき	2
うでづかちょう	0
うとうぎ	2
うとね	1
うとり	1
うなひ	1
うないがふち	4
うなぎだに	3
うなさか	2
うなね	1
うなべつ	2
うなま	1
うねだ	1
うねだにし	1
うねだひがし	1
うねはた	2
うねび	1
うねめがはら	4
うねめちょう	0
うのいし	2
うのき	1
うのけ	1
うのこ	1
うのしま	1
うのせ	1
うのまち	2
うのもり	2
うのもりちょう	4
うはら	1
うばがい	2
うばがいけ	3
うばくち	2
おばすて	0
うばぶくろ	3
うばやしき	3
うばやま	0
うばらない	3
うぶがさき	3
うぶみ	1
うぶやま	2
うまおこし	3
うまかい	2
うまがしろ	3
うまがたけ	3
うまがはな	3
うましま	2
うまじ	1
うまた	1
うまたて	2
うまつ	1
うまほり	2
うままち	2
うまやさか	3
うまやばし	3
うみのくち	3
うみのみや	0
うむさ	1
うめがえ	0
うめがおか	3
うめがかちょう	4
うめがさき	3
うめがせ	2
うめがだい	3
うめがだに	3
うめがはら	3
うめこうじ	3
うめじま	0
うめづ	1
うめな	1
うめのきおく	5
うめのみや	3
うらうす	2
うらかみ	0
うらかわ	2
うらがわち	3
うらがわら	3
うらさ	1
うらそえ	0
うらそこ	0
うらぞえ	0
うらでら	0
うらど	0
うらのたいら	4
うらのはら	3
うらのーる	3
うらま	1
うりがさか	3
うりがさく	3
うりがやつ	3
うりす	1
うりだに	0
うりづら	2
うりわり	0
うるぎ	1
うるしじま	0
うるの	1
うろみ	1
うわえ	0
うわきの	0
うんだい	1
うんぼう	1
うんぽう	1
えあい	1
えいしゅう	1
えいじょうし	3
えいすい	1
えいとうほ	3
えいばら	1
えいらくちょう	3
えかくちょう	0
えかり	1
えが	1
えがの	0
えがさき	2
えがわ	1
えきしゅう	2
えきすい	1
えきせんまち	3
えきにししんまち	5
えきよう	2
えぎら	1
えこだ	0
えこだがはら	4
えごし	1
えさか	1
えさき	1
えさしまち	3
えじま	1
えしま	1
えじり	1
えぞがしま	3
えたがさき	3
えだほり	2
えだみなみ	3
えっちゅうざわ	3
えつさ	1
えつしゅう	1
えつしゅん	1
えつとう	0
えつふう	0
えつり	1
えづりこ	0
えとんび	2
えどさき	2
えどぼりきたどおり	7
えない	1
えにやばなれ	4
えのう	1
えのうらまち	4
えのお	0
えのかわ	2
えのきおまち	4
えのきがおか	4
えのきがとうげ	5
えのきざか	0
えのきづ	3
えのきはら	3
えのきみなみ	0
えのくち	2
えのたけ	2
えのたばる	3
えのまち	2
えはらちょう	0
えひら	1
えひらちょう	0
えびえ	0
えびすがはな	4
えびすがわ	3
えびすちょう	0
えびすはま	3
えびすばし	3
えびすばな	3
えびすまち	3
えびせ	1
えびと	1
えびな	1
えまた	1
えまつ	1
えむかえちょう	4
えらばる	0
えりも	1
えりゅうだ	2
えんきつ	1
えんぎょうじ	1
えんこうばしちょう	6
えんしゃく	1
えんと	1
えんな	1
えんべつ	1
えんまち	1
おいずまた	3
おいたま	0
おいだけ	1
おいのもり	3
おいはま	0
おいらせ	0
おうかんちょう	3
おうがとう	3
おうがはな	3
おうぎがはま	4
おうぎがやつ	4
おうぎさわ	3
おうごんざんちょう	5
おうしまちょう	4
おうつかだい	4
おうてすじ	3
おうばら	1
おうばんだに	3
おうみちょう	0
おうら	1
おおあし	0
おおあそう	3
おおあみ	0
おおあみしらさと	6
おおあらき	3
おおいがわ	3
おおいけちょう	4
おおいこがはら	5
おおいしだ	3
おおいずみちょう	5
おおいずみひがしまち	8
おおいちゅうおう	1
おおいちょう	0
おおいでちょう	4
おおいと	1
おおうだ	1
おおうちやま	4
おおかくま	3
おおかごう	3
おおかみがわ	4
おおかみざわ	4
おおかみやま	0
おおかや	1
おおかわたい	4
おおかわち	3
おおかわつ	3
おおかわづ	3
おおかわらぶんまん	6
おおかんむり	3
おおがゆ	0
おおがわら	3
おおきだ	0
おおぎみ	1
おおくの	0
おおくずれ	3
おおくま	1
おおくまたざわ	5
おおくらだに	4
おおくり	0
おおくわ	1
おおくわまち	4
おおぐり	0
おおげ	0
おおさかさやま	5
おおさきかみじま	6
おおさぎ	0
おおさぎちょう	4
おおさつちょう	4
おおさと	1
おおさゆう	3
おおさわの	3
おおざいきた	0
おおしまた	3
おおしんまち	3
おおじかり	3
おおじちょう	0
おおすか	0
おおすざき	3
おおすみ	1
おおすみの	0
おおせざき	3
おおそ	1
おおぞうた	3
おおぞうちょう	3
おおたかさか	4
おおたから	3
おおたぎり	3
おおたしもまち	5
おおたま	1
おおたわら	3
おおだけ	0
おおだて	0
おおだなちょう	4
おおち	1
おおつかどまち	5
おおつきはら	4
おおつち	1
おおてまえ	3
おおとうげ	3
おおとな	0
おおとよだ	3
おおなぎちょう	4
おおなめざわ	4
おおなん	0
おおねじめ	3
おおのうら	3
おおのごうしんでんまち	3
おおのごうまち	4
おおのしんでん	4
おおのはら	3
おおのまち	3
おおのみ	1
おおのやまちょう	5
おおはさま	3
おおはしちょう	4
おおはたちょう	4
おおはま	0
おおはらの	3
おおはらのいずりはちょう	9
おおはらのかみざととりみちょう	0
おおはらのとのはたちょう	9
おおはらのにしたけのさとちょう	12
おおはらのひがしたけのさとちょう	13
おおはる	1
おおばたけ	3
おおばみ	0
おおばやしちょう	3
おおひと	1
おおひとみちょう	0
おおひなた	3
おおひまち	3
おおひれ	0
おおふなと	3
おおへち	0
おおへじ	0
おおぼけ	0
おおまがり	3
おおまた	0
おおまま	1
おおみか	1
おおみしま	3
おおみなと	3
おおみやだい	3
おおむた	0
おおもりひがし	0
おおやの	1
おおやぶ	0
おおやまざき	4
おおやまだ	3
おおよこ	0
おおよこちょう	4
おおわくだに	0
おおわたり	3
おかかみのちょう	5
おかぐち	2
おかざきえんしょうじちょう	9
おかしない	3
おかち	1
おかや	1
おがきえちょう	4
おがち	1
おがつ	1
おがの	1
おがわちょう	0
おがわまち	3
おがわやま	0
おきだて	2
おきつか	2
おきなしま	0
おきのえらぶ	4
おきのす	0
おきのとりしま	0
おきのはまひがし	6
おきまち	2
おきみず	2
おきむら	0
おきや	0
おきらい	2
おぎかわ	2
おぎのはま	3
おぎひら	0
おぎまち	2
おくがいち	3
おくされ	0
おくさわ	0
おくしり	0
おくせん	1
おくだけ	2
おくなん	2
おくにゅうたばる	5
おくのさこ	3
おくのたに	3
おくはざ	0
おくはま	0
おくひだおんせん	4
おくむさし	3
おくむた	0
おくやまだ	3
おくりょうけ	3
おぐき	1
おぐらちょう	0
おぐりす	2
おけがや	2
おけがわ	0
おけちょう	2
おけと	1
おけはざま	3
おこしたり	3
おこっぺ	2
おこばたまち	4
おこんがわ	2
おごうち	2
おごせ	1
おごそ	0
おごと	1
おさだもとむら	5
おざや	0
おしか	1
おしこうじ	3
おしこし	2
おしざわ	0
おしどまり	0
おしのぼり	3
おしみず	2
おしやま	0
おしょろ	1
おじまちょう	0
おじゃがいけ	3
おすず	0
おぜがはら	3
おそがわ	0
おそざわ	0
おそらかん	3
おぞの	1
おたまがいけ	4
おだい	1
おだいとう	2
おだえ	1
おだがはま	3
おだけ	1
おだしろがはら	5
おだなか	2
おだはま	0
おだれ	1
おだわらちょう	4
おちうみ	2
おちくに	2
おちくぼ	0
おちだに	2
おちのめ	0
おぢか	1
おぢや	1
おっさか	0
おっとみなみ	0
おっとも	0
おっぷ	0
おつかわ	2
おづき	1
おといねっぷ	4
おとしべ	0
おとしま	0
おとづ	0
おとづまち	3
おとづみなとまち	6
おとみ	0
おとも	1
おとやなぎがり	0
おどりはな	3
おなかじま	0
おながわ	0
おなぎ	0
おなそ	1
おなつ	2
おなりまち	3
おにいけ	2
おにいし	2
おにいわ	2
おにお	0
おにおしだし	4
おにがさき	3
おにがしま	3
おにがじょう	3
おにがたけ	3
おにがつじ	3
おにがばる	3
おにき	1
おにきまち	3
おにぐち	2
おにごり	2
おにざき	2
おにし	1
おにしべつ	3
おにたか	2
おにだけ	2
おにはま	0
おにばら	2
おにふくろ	3
おにまるちょう	4
おにもり	2
おにゅう	0
おにわき	2
おぬま	1
おねがさき	3
おのえ	0
おのがみ	2
おのがわ	2
おのごろ	0
おのざき	2
おのちょう	2
おのみなと	3
おはちだいら	4
おはま	1
おばし	1
おばせ	1
おばなざわ	3
おびがさき	3
おびしけまち	4
おびやまち	3
おふゆ	2
おぶくま	2
おぶすま	2
おぶせ	1
おぶれ	1
おべがはな	3
おぼかわ	2
おぼがさわ	3
おぼない	2
おまえだ	0
おまごちょう	0
おみたま	0
おむろおかのすそちょう	8
おもいがわ	2
おもご	1
おもす	0
おもだか	0
おもてごう	3
おもてざおう	4
おもてちょう	0
おもてまち	3
おもなわ	0
おものがわ	3
おやかわ	2
おやきゅうばな	3
おやしらず	3
おやべ	1
おやままち	3
およち	1
おらしべ	2
おりしまがり	0
おりせ	1
おりそ	1
おりわたり	3
おろく	1
おろだに	0
おんが	1
おんがた	1
おんがち	0
おんじゅく	1
おんせんしんち	5
おんぢみなみまち	6
おんでん	0
おんなづか	3
おんね	0
おんばら	1
おんべがわ	3
かいうんちょう	3
かいがた	0
かいこま	0
かいざき	1
かいしげ	0
かいしっぱら	3
かいじんちょう	3
かいづ	1
かいでちょう	0
かいどまり	3
かいなぎ	0
かいぬま	0
かいねい	1
かいのはな	1
かいほつ	0
かえでがわ	3
かえりみず	3
かかぢ	1
かがた	1
かがつめまち	4
かがはら	2
かがみいし	3
かがみがいけ	4
かがみがうら	4
かがみがなる	4
かがみがわ	3
かがみだいら	3
かがみぬま	3
かがみはら	3
かがみむら	0
かきおか	0
かきかご	0
かきがらちょう	4
かきざき	2
かきした	2
かきしま	0
かきぜまち	3
かきどまり	0
かきどまりまち	5
かきのうら	3
かきのえ	3
かきひさ	2
かきひせ	2
かきょういん	2
かぎとり	0
かぎょ	1
かくおう	0
かくざん	1
かくだ	1
かくのだて	3
かくま	1
かくまん	1
かくみょう	0
かくら	1
かくりゃく	0
かぐらおか	3
かぐらがし	3
かけがわ	2
かけさく	0
かけつか	2
かけのはな	3
かけはしがわ	4
かけや	1
かけゆ	0
かけろま	0
かげもり	2
かこいちょう	0
かこのさき	3
かごいけ	2
かごさか	2
かごちょう	2
かごはたつぼ	4
かごはら	2
かさいがやつ	4
かさかけちょう	4
かさがたけ	3
かささの	0
かさしま	0
かさじ	1
かさでら	0
かさでらちょう	4
かさとり	2
かさぬい	0
かさぬいの	0
かさねがふち	4
かさのはら	3
かさまい	0
かさまつ	2
かさやちょう	0
かさり	1
かざき	1
かざはり	2
かざまうら	3
かぜまち	2
かざみち	2
かしいえきひがし	2
かしおちょう	0
かしこじま	0
かしづく	2
かしば	1
かしまだ	0
かしまだい	3
かしも	1
かしらがしま	4
かしわい	3
かしわいだい	3
かしわぎ	0
かしわざと	3
かしわとう	3
かじかざわ	3
かじかわ	2
かじがね	0
かじがもり	3
かじちょう	2
かじまち	2
かじやちょう	0
かすかべ	0
かすかわ	2
かすがいちょう	3
かすがで	0
かすがばる	3
かすがべ	0
かすみがおか	4
かすみざわ	3
かすみちょう	0
かずらはた	3
かせだ	1
かせりょう	2
かそだい	2
かぞ	0
かたおなみ	3
かたかい	2
かたかす	0
かたかすちょう	4
かたかたの	0
かたさき	2
かたしな	2
かたしま	0
かたじり	2
かたじろ	0
かたぞえ	0
かたた	0
かたなみ	0
かたなわ	0
かたの	1
かたのはら	3
かたひがし	3
かたひら	2
かたびら	2
かたびらのつじ	5
かたほこひがしまち	7
かたほこほんまち	5
かたむきやま	0
かっこんだ	3
かっつる	0
かっとし	0
かついわ	2
かつがり	2
かつがわちょう	4
かつさか	2
かつしか	2
かつせ	1
かつせん	0
かつそうり	3
かつだい	2
かつなん	0
かつぬまちょう	4
かつはら	2
かつまた	2
かつみょう	2
かつみょうきた	2
かつらいちのまえちょう	8
かつらお	3
かつらおかちょう	5
かつらがわ	3
かつらざわ	3
かつらだい	3
かつらだけ	3
かつらちょう	0
かつらはま	3
かつらひがし	1
かつらみ	0
かつらやま	0
かつれん	1
かでのこうじの	4
かどがわ	2
かどのはら	3
かどほり	2
かどま	0
かなあし	2
かなあしにおざき	6
かないざわ	2
かないわにし	2
かないわひがし	2
かなえひがしかなえ	7
かなえまち	3
かながさき	3
かながや	2
かなげ	0
かなさき	2
かなさごう	2
かなすぎだい	4
かなそな	0
かなだがり	3
かなふき	2
かなまき	2
かなまち	2
かなめちょう	0
かなもりちょう	4
かなや	1
かなれ	1
かにさわ	0
かにた	1
かにゅうどう	2
かぬき	1
かねい	0
かねいちょう	0
かねがさき	3
かねがさく	3
かねがさわ	3
かねがはま	3
かねがふち	3
かねぐすく	3
かねざき	2
かねつき	2
かねとみ	0
かねのくま	3
かねのつる	3
かねほり	2
かねほりちょう	4
かねやきがたに	5
かのあし	2
かのうあおふじちょう	7
かのうあらまち	5
かのうさくらみち	6
かのうじょうなんどおり	8
かのうづ	0
かのうみくるまちょう	7
かのうら	2
かのえだい	3
かのせ	1
かのや	1
かばさき	2
かばと	1
かばねしま	3
かばのまち	3
かびらえ	0
かふり	1
かぶしま	0
かぶとがわ	3
かぶとざき	3
かぶとじま	0
かぶとぬま	3
かぶらがわ	3
かぶらこ	0
かまおまち	3
かまがさき	3
かまがだい	3
かまがふち	3
かまがや	2
かまがり	2
かまぐち	2
かまさき	2
かまざ	0
かまざわ	0
かまつか	2
かまて	1
かまなし	2
かまのうえ	3
かまのはら	3
かまふえ	2
かまふさ	2
かまふせ	2
かまぶせ	2
かまぶち	2
かまりやちょう	0
かまりやひがし	2
かみあがた	3
かみあさくら	4
かみあさひ	3
かみあざえ	3
かみあまくさ	4
かみいけだい	4
かみいしづ	3
かみいずみ	3
かみいた	2
かみいな	2
かみうけな	3
かみうま	2
かみうら	2
かみえんやちょう	3
かみおおおか	3
かみおおさき	3
かみおか	0
かみおこっぺ	4
かみおぞ	0
かみおちあい	3
かみおんがたまち	6
かみかつ	2
かみかつら	3
かみかわち	3
かみかんばい	3
かみがいつ	3
かみきさいち	4
かみきたやま	4
かみきょうづかまち	6
かみぎりまち	4
かみくて	0
かみくまかわ	4
かみくらたちょう	5
かみこあに	3
かみこうひら	3
かみこさわ	3
かみこしき	3
かみごおり	3
かみごとう	3
かみさいばら	3
かみさと	2
かみさんがお	3
かみさんのまち	5
かみしづはら	4
かみしひ	2
かみしほろ	3
かみしま	0
かみしらねちょう	0
かみしんじょういしなざか	9
かみす	1
かみすぎ	2
かみすげだちょう	5
かみすながわ	4
かみそ	1
かみたいら	3
かみたかもり	4
かみたから	3
かみたきの	3
かみたつみまち	5
かみたなかみおおとりいちょう	10
かみたなだれ	4
かみつうなかみ	4
かみつえ	3
かみつおの	3
かみつが	0
かみつき	2
かみつけの	0
かみつけのの	0
かみつしま	3
かみつぬき	3
かみとがわ	1
かみとくら	3
かみとだ	0
かみとのごうち	5
かみとよ	0
かみとよだて	4
かみとんだ	3
かみどう	2
かみなおみ	3
かみなか	2
かみなりさき	4
かみなりもん	4
かみにいかわ	3
かみにごうちょう	4
かみぬわ	0
かみのかえ	3
かみのかわ	3
かみのくに	3
かみのげ	0
かみのごう	3
かみのしま	3
かみのせき	3
かみのちょう	0
かみのっぽろ	3
かみのぼりちょう	0
かみのみね	3
かみばば	0
かみひがし	3
かみひらやなぎ	5
かみふくおか	4
かみふらの	3
かみへい	0
かみほっちまち	5
かみほんごう	3
かみまきちょう	4
かみましき	3
かみまち	2
かみまるこ	3
かみみぞ	0
かみみね	2
かみみのち	3
かみみやじまち	5
かみやく	2
かみやちょう	0
かみやはぎ	3
かみやべちょう	0
かみやまぐち	4
かみよしだ	3
かみよどがわ	4
かみれんじゃく	3
かみろくばんちょう	5
かむいこたん	4
かむいちょう	0
かむちゃとか	3
かむらちょう	0
かむりき	2
かめいわ	2
かめうら	2
かめおか	2
かめがおか	3
かめがさき	3
かめがもり	3
かめがや	2
かめがやつ	3
かめさき	2
かめずみ	2
かめだけ	2
かめつ	1
かめとく	0
かめのお	3
かめのせ	2
かめひさ	2
かもあおさ	3
かもいけ	2
かもいけちょう	4
かもいそ	2
かもえ	0
かもがた	2
かもさき	2
かもたにだい	4
かもだら	0
かもと	1
かものみや	3
かやがた	2
かやがたけ	3
かやがり	2
かやき	1
かやしば	0
かやだまち	3
かやぬま	0
かやばちょう	0
かやべ	1
かややま	0
かゆみ	0
かよいうら	3
からこ	1
からさき	2
からさわ	0
からすがせん	4
からすがもり	0
からすがわ	3
からすだに	0
からすぬま	3
からすもり	0
からとまり	3
からやま	0
かりう	1
かりかち	2
かりかわ	2
かりさか	2
かりぬままち	4
かりの	1
かりもじま	0
かりやす	2
かりやどちょう	4
かりょうごう	2
かりわの	0
かるが	1
かるがん	3
かるしま	0
かるまい	2
かるも	1
かれきなだ	3
かわいしゅくちょう	5
かわいちょう	0
かわうだ	2
かわうちやまやしき	7
かわうちよどみばしどおり	10
かわうら	2
かわぎしちょう	4
かわげ	1
かわげた	0
かわさと	2
かわしりまち	4
かわじ	1
かわたきちょう	4
かわたな	2
かわちの	3
かわつちょう	0
かわつら	0
かわな	1
かわなかじま	0
かわね	1
かわねほん	3
かわのぼり	3
かわのり	2
かわはらじょうちょう	5
かわば	1
かわぶくろ	3
かわまがり	3
かわみなみ	3
かわもとまち	4
かわゆ	0
かわらけの	0
かわらじゅく	3
かわらちょう	0
かわらべ	0
かわらまち	3
かわらや	3
かわらやくちょう	5
かわわちょう	0
かんうぉんど	3
かんざ	0
かんしゅく	1
かんせいなん	3
かんぞ	1
かんだいじ	1
かんだにしきちょう	6
かんだみとしろちょう	7
かんづけ	0
かんなび	0
かんなべ	0
かんなみ	0
かんなわ	0
かんのうら	3
かんのせ	0
かんのんさわ	3
かんのんざき	3
かんまた	0
かんむりじま	0
かんむりだけ	4
かんむりやま	0
かんら	1
がいざん	1
がいへい	0
がいもう	0
がいり	1
がきがもり	3
がきまた	2
がくなん	1
がじゃ	1
がぜんぼう	2
がにゆ	0
がはいし	2
がびさん	2
がまごおり	3
がもう	1
がるがわ	0
がわけさわ	3
がんおう	3
がんがはらずり	5
がんもん	1
きいしこう	3
きいながしま	1
きいれ	1
きおいちょう	0
きかいがしま	4
きがぐち	2
きがさき	2
ききょうがはら	4
きくがおか	3
きくざか	2
きくさか	2
きくた	1
きくやばし	3
きくよう	2
きさかた	2
きさべ	1
きさみ	1
きさらづ	0
きざき	1
きざきばる	3
きしが	1
きしく	1
きしちょう	2
きしまち	2
きしむら	2
きじの	1
きじまだいら	4
きじまち	2
きじょか	1
きすき	1
きそさき	2
きそふくしま	4
きたあいき	3
きたあいづ	3
きたあおやま	4
きたあきた	3
きたあだち	3
きたあづみ	3
きたあまべ	3
きたありま	3
きたいしまる	4
きたいばらき	4
きたいりそ	3
きたうおぬま	4
きたうずら	3
きたうずらの	0
きたうら	2
きたうらちょう	4
きたうらわ	3
きたえのまち	4
きたおおつか	3
きたおおみやだい	6
きたおきのす	3
きたおごうち	4
きたかざん	3
きたかつ	0
きたかつしか	4
きたかわべ	3
きたかん	0
きたかんばら	3
きたきゅうたろうまち	6
きたきりやま	0
きたくるまやちょう	6
きたくわだ	3
きたぐんま	3
きたこうら	3
きたごう	2
きたさいたま	3
きたしいのきや	0
きたしげやす	4
きたしたうら	4
きたしたら	3
きたしぼう	3
きたしらかわ	4
きたしらかわおぐらちょう	0
きたしらかわかみはてちょう	10
きたしらかわかみべっとうちょう	11
きたしんじゅく	3
きたしんでん	3
きたじょやしき	4
きたすな	0
きたせんだんばたまち	8
きたせんり	3
きたそうま	3
きたそお	0
きたぞのちょう	4
きたたかき	3
きたたちばな	4
きたつがる	3
きたつる	2
きたづか	2
きたづかまち	4
きたとの	0
きたなかぐすく	5
きたなかどおり	5
きたながさちょう	5
きたながさどおり	6
きたなごや	3
きたなべやちょう	5
きたぬま	0
きたね	1
きたのしょう	3
きたのだ	0
きたのまた	3
きたのまるこうえん	6
きたのやま	0
きたはた	2
きたはまちょう	4
きたはまべ	3
きたばた	2
きたひがくぼまち	6
きたひやま	3
きたひらやなぎ	5
きたふしこ	3
きたほ	1
きたほんじがはらちょう	8
きたまき	2
きたまごやま	4
きたまさひろ	4
きたまた	0
きたまつうら	4
きたみまき	3
きたむらやま	4
きたむろ	2
きたもと	2
きたもろかた	4
きたやつちょう	4
きたやまた	3
きたやろく	3
きたゆうらくちょう	5
きたわり	0
きだいじ	2
きちあん	1
きちじょうじひがしちょう	8
きちじょうじほんちょう	6
きちとう	2
きちなん	2
きっこ	1
きつき	1
きつねあな	3
きつねぐて	3
きつねごえ	0
きつねさこ	3
きつねざき	3
きつねじま	0
きつれがわ	3
きづがわ	0
きづはらち	3
きどちょう	2
きなさ	1
きなだ	1
きぬうら	3
きぬおか	0
きぬたまち	3
きぬはり	2
きぬやま	0
きのおおどおりひがし	5
きのかわ	2
きのさき	2
きのわ	1
きびちゅうおう	1
きびつ	1
きふね	0
きぶきちょう	0
きべ	0
きほく	1
きぼうがおか	4
きみいでら	3
きみがはた	3
きみた	1
きみの	1
きむろ	1
きもつき	2
きもと	1
きゅうかる	0
きゅうらぎ	1
きょうがおかみなみ	3
きょうがしま	3
きょうがせ	1
きょうがたけ	3
きょうがみさき	4
きょうがみね	3
きょうじま	0
きょうたなべ	3
きょうたんご	3
きょうたんば	3
きょうばて	0
きょえん	1
きょくあ	1
きょくこう	1
きょくしんちょう	3
きょくよく	2
きょだ	1
きょと	1
きょなん	1
きょろく	1
きよいだ	2
きよさと	2
きよす	1
きよすみちょう	4
きよたき	2
きよたけ	2
きよみがせき	4
きらがわちょう	4
きりあけ	0
きりあけたっこうさわ	7
きりあけぬるかわさわ	8
きりいしちょう	4
きりがさき	3
きりがみね	3
きりがや	2
きりぎしやま	0
きりご	1
きりごえ	0
きりたっぷ	3
きりづみ	2
きりはら	2
きりみがわ	3
きろがさき	3
きんかいおどまち	6
きんしちょう	0
きんちょうかん	3
きんなかぐすく	5
きんぶ	1
きんぽく	1
きーるん	1
ぎう	0
ぎしゃくつ	2
ぎすい	1
ぎなん	1
ぎのわん	0
ぎひん	1
ぎゅうそう	0
ぎゅうもん	0
ぎょうだ	0
ぎょうとく	1
ぎょうど	1
ぎょくじょ	1
ぎょくのうき	3
ぎょくりゅう	1
ぎんがたに	3
ぎんじゃく	1
くいせ	1
くいとん	1
くいのせ	0
くうゆう	1
くがはら	2
くがわ	1
くきざき	2
くきなが	2
くぎの	1
くぐの	1
くげた	1
くげぬま	0
くさうち	2
くさかちょう	0
くさがえ	0
くさがき	0
くさじき	0
くさだに	0
くさど	2
くさどせんげん	4
くさどせんげんちょう	6
くさはか	0
くしがした	3
くしがはな	3
くしきの	2
くしざき	2
くしだ	0
くしね	1
くしはら	2
くしふるの	0
くしら	1
くじけ	1
くじらがおか	4
くじらじま	3
くじり	1
くすがやま	0
くすがやまちょう	5
くすく	0
くすくつ	0
くすのきばら	4
くすば	1
くずい	0
くずう	0
くずかわ	2
くずかわいっぽんぎたいら	10
くずつか	2
くずまき	2
くぜ	0
くたみ	1
くだか	1
くだまつ	2
くだむら	0
くちい	0
くちたに	2
くちのつ	2
くちば	1
くちやま	0
くちわ	1
くったら	0
くっちゃん	1
くつか	1
くつかけ	2
くつがはら	3
くつじま	0
くてきた	2
くてばた	2
くにが	1
くにがみ	2
くにふさ	2
くねざき	2
くねべつ	2
くばた	1
くびいり	2
くびき	1
くびと	1
くぼいずみ	3
くぼかみ	0
くぼかわ	2
くぼがね	0
くぼさわ	0
くぼだいら	3
くぼて	1
くぼのまち	3
くぼまち	2
くぼみちょう	0
くぼや	1
くまいし	2
くまうし	2
くまがさき	3
くまがわ	0
くまき	1
くまぎまち	3
くまげ	1
くまこうげん	3
くまご	0
くまとり	2
くまなりのみね	5
くまのがわ	3
くまのさわ	3
くみはま	2
くむら	1
くめがり	0
くめがわ	0
くもがいけ	3
くもがはた	3
くもじ	1
くもず	1
くもはら	2
くもみ	1
くやかん	2
くやぶ	0
くよし	1
くらいし	2
くらいやま	0
くらおか	0
くらかき	2
くらがいけ	3
くらがの	0
くらがや	2
くらがりや	0
くらしげ	2
くらたけ	2
くらつき	2
くらつま	0
くらて	1
くらのはし	3
くらのはしだい	5
くらはた	2
くらばやし	3
くらぶち	2
くらみ	1
くらみず	2
くらやま	0
くらやみがはら	5
くりえむら	3
くりから	0
くりかわ	2
くりがだに	3
くりなしざわ	4
くりなみ	0
くりの	1
くりのきのぼり	5
くりはし	2
くりはらがり	0
くりま	1
くるすの	0
くるまざか	3
くるままち	3
くるまやちょう	4
くるもと	2
くれえだ	0
くれこ	1
くれさか	2
くれは	1
くれまつちょう	4
くろうち	2
くろがねちょう	0
くろぐいせ	3
くろたき	2
くろたけ	2
くろたに	2
くろだけ	2
くろだしょう	3
くろだに	0
くろつちちょう	4
くろのはま	3
くろはら	2
くろばな	0
くろびし	2
くろふねまち	4
くろべら	0
くろほね	2
くろほねちょう	4
くろまつない	4
くろもと	2
くろもり	2
くわがさき	3
くわがわ	0
くわどり	2
くんねっぷ	3
ぐうしゅう	1
ぐしかみ	2
ぐしかわ	2
ぐすくべ	2
ぐろまわり	3
ぐんしんがはら	5
けあげ	0
けいかどう	0
けいせいがくぼ	5
けいちく	1
けいとくちん	4
けいなわ	0
けいほくあざえちょう	0
けいほくごほんまつちょう	9
けいほくしゅうざんちょう	7
けいほくちゅうじちょう	7
けいほくとうちょう	5
けいほくはつかわちょう	8
けいほくひがえちょう	7
けいほくゆづきちょう	0
けかち	1
けぎ	0
けせんぬま	0
けたか	1
けとい	1
けどういん	2
けなし	0
けのしんまち	3
けばらみや	3
けひ	1
けひの	1
けま	1
けまない	2
けみ	1
けみがわ	0
けみがわちょう	4
けやきだいら	4
けんがはな	3
けんぐんまち	3
けんていこう	3
けんとうなん	3
けんぶち	1
げいしゅう	1
げいほく	1
げいよ	1
げつが	1
げんしがはら	4
げんじがはな	4
げんたく	1
こあかざわ	3
こあみちょう	0
こいがくぼ	3
こいしかわとさきまち	8
こいじがはま	4
こいとやままち	5
こいわ	0
こうかふ	1
こうがさか	3
こうこと	0
こうごなか	3
こうさちょう	3
こうじや	3
こうぜんまち	3
こうたいてい	3
こうたか	1
こうちざきちょう	5
こうつき	1
こうづがはら	4
こうづしま	3
こうでいこう	3
こうでら	1
こうとうばし	3
こうどの	0
こうなし	0
こうなんどう	3
こうぬ	1
こうねい	1
こうのうらおおぎやままち	11
こうのす	1
こうのせ	0
こうのだい	3
こうのみなと	4
こうべさき	3
こうみょうがいけ	5
こうやぐち	3
こうやなぎはらがり	0
こうようせん	3
こうらき	0
こうりょうこう	3
こえとい	1
こえどまち	3
こえばし	2
こえもん	0
こおりもと	3
こかぐら	2
こかわ	1
こがくら	2
こがさか	2
こがさき	2
こがねざき	3
こがねちょう	0
こがねづか	3
こがねはざま	4
こがんどおり	4
こくざん	2
こくしがたけ	4
こくうぞう	2
こくな	1
こくば	0
こくぶしきね	4
こくぶんちょう	3
こくぼちょう	0
こくらみなみ	0
こくりゅこう	3
こぐし	1
こぐろ	0
こごた	1
こごもり	2
こさざ	1
こさむらい	2
こざえ	1
こざかあいちょう	4
こざかい	2
こしきじま	0
こしだけ	2
こしど	1
こしのうみ	3
こしのはた	3
こしのはら	3
こしのび	0
こしぶ	0
こしやま	0
こしらかわ	3
こしろ	1
こじまからことちょう	7
こじょんへ	2
こすがや	2
こすき	1
こすぎじんや	4
こすぎまち	3
こすずめちょう	3
こすど	1
こそし	1
こそだい	2
こたかや	0
こたけちょう	0
こたじ	1
こたべ	1
こたろうがふち	5
こたんけし	2
こだかさ	2
こだまちょう	0
こちんだ	2
こっこうだい	3
こつさん	1
こつみ	1
こつもう	0
こてさし	0
こてさしがはら	5
こてはしちょう	4
こてやままち	4
こでんまちょう	4
ことうげ	2
ことうら	2
ことおか	2
ことがはま	3
ことく	1
ことづか	2
こととい	0
ことなみ	2
ことのおちょう	4
ことのみね	3
ことはま	0
ことびき	0
ことまち	2
ことよむろ	3
こどがわ	2
こどまり	2
こなかちょう	3
こながい	2
このはま	0
このめざわ	3
こはぐら	2
こはた	1
こばやしちょう	4
こびきちょう	0
こびしけまち	4
こびらお	3
こびらかた	3
こぶしがたけ	4
こぶちさわちょう	5
こぶちざわ	0
こぶんじたて	4
こへち	1
こへじ	1
こぼけ	1
こぼとけ	2
こまえ	0
こまかど	0
こまがたけ	3
こまがたちょう	4
こまがばやし	4
こまがや	2
こまごえ	0
こまさき	2
こまつしま	3
こまの	1
こまはし	2
こみがいと	3
こみなと	2
こみね	1
こめがふくろ	4
こめす	1
こめのい	3
こめまち	2
こもい	0
こもいけ	2
こもしに	0
こもだ	1
こもち	1
こもちいし	3
こもと	1
こものえ	3
こもぶち	2
こやだいら	3
こやの	1
こやはら	2
こやまどまち	4
こよし	1
こるがす	1
これしげ	2
これん	1
ころもがせき	4
ころもがわ	3
こわがまちょう	4
こんごうさわ	3
こんば	1
こんろん	1
ごうかわ	1
ごうさき	1
ごうだいじま	0
ごうつ	1
ごうどぐち	3
ごうどちょう	0
ごうなか	0
ごうのうら	3
ごうのかわ	4
ごうのせちょう	4
ごうはら	1
ごうぶん	0
ごうまえ	1
ごうもと	1
ごうら	0
ごが	1
ごきそ	1
ごこくじ	0
ごしょうがけ	2
ごしょがけ	2
ごしょうら	2
ごしょがたに	3
ごしょばら	0
ごじゅ	1
ごほく	1
ごゆ	1
ごんげんどう	3
ごんだわら	3
ごんどうまち	3
さいいんみなみたかだちょう	10
さいお	0
さいかいどう	3
さいかちど	3
さいかまち	3
さいがわ	1
さいざき	1
さいたに	1
さいだいじ	1
さいだいじひがし	1
さいだまち	3
さいとざき	3
さいのかみちょう	5
さいのかわはら	5
さいのはな	3
さいほうがだけ	5
さいみちょう	0
さいろみちょう	4
さいわいばし	4
さえきちょう	0
さおかわ	2
さかいうら	3
さかいがわちょう	5
さかいごほうぎ	0
さかいまち	2
さかいみなと	4
さかうち	2
さかえうら	3
さかえはま	3
さかえむら	0
さかおり	2
さかきた	2
さかさがわ	3
さかした	2
さかしたちょう	4
さかだる	2
さかてまち	3
さかど	0
さかどちょう	0
さかなちょう	0
さかなまち	3
さかの	1
さかのした	3
さかのたに	3
さかはら	2
さかほぎ	2
さかまき	2
さかみなみ	3
さかもとちょう	0
さかりやま	0
さがえ	0
さがきたぼりちょう	6
さがのせき	3
さがみおおの	4
さがみこちょう	4
さがらか	2
さがりまつ	3
さがわだ	0
さきはま	0
さきやま	0
さきょう	1
さぎしま	0
さぎたか	2
さぎぬま	0
さぎのうら	3
さぎやま	0
さくた	1
さくだいら	3
さくて	1
さくな	1
さくなみ	0
さくのうち	3
さくほ	1
さくまち	2
さくらえ	3
さくらおか	3
さくらがいけ	4
さくらがおかちょう	6
さくらがわ	3
さくらじま	0
さくらたい	3
さくらだい	3
さくらだちょう	4
さくらだに	3
さくらばる	3
さくらまち	3
さくらやま	0
さくりん	1
さぐみ	0
さけいし	2
さけがぼら	0
さけしま	0
さこし	1
ささが	0
ささがせ	0
ささがたけ	3
ささがだに	3
ささがたに	3
ささがみね	3
ささくぼ	0
ささご	0
ささたに	2
ささづ	0
ささづか	0
ささぬき	2
ささのた	2
ささば	0
ささやま	0
ささら	1
さしだ	1
さしのはま	3
さしひら	2
さしま	1
さしまき	2
さじきがたけ	4
さじきばら	3
さすがや	2
さすけがやつ	4
さだとも	0
さだみつ	2
さだみね	2
さちのうみ	3
さっしゅう	1
さっつる	0
さつぐう	2
さつとう	2
さつないちょう	3
さつなえ	2
さつなん	0
さつませんだい	4
さつめ	0
さづか	1
さとうら	2
さとしょう	2
さとじま	0
さとじり	2
さとはま	0
さとみ	0
さとや	1
さとやまだ	3
さどわら	2
さなぐ	1
さなげ	0
さなごうち	3
さなる	1
さなるだい	3
さぬ	1
さひめ	1
さぶさわ	0
さほだい	2
さまた	1
さまに	1
さみた	1
さむかわ	2
さめうし	2
さめうら	2
さめかど	0
さめがい	2
さめがお	2
さめがはし	3
さめず	0
さめせ	1
さもんちょう	2
さやかた	2
さやちょう	2
さやまがおか	4
さやまだい	3
さゆうだ	2
さらべつ	2
さらんべ	2
さるいわ	0
さるかあさい	4
さるかかみかわ	5
さるかわ	2
さるかわばら	4
さるが	1
さるがいし	3
さるがきょう	0
さるがくちょう	4
さるがじょう	3
さるがはな	3
さるがばんば	4
さるくら	2
さるさわ	0
さるさわの	0
さるし	1
さるふつ	2
さるふと	2
さるわかちょう	4
さわうち	2
さわじ	1
さわた	1
さわのかみ	3
さわらはま	3
さんいんどう	3
さんごうちょう	3
さんねい	0
さんはんげ	3
さんばちょう	0
さんぽく	1
さんようおのだ	5
ざいけ	1
ざおう	2
ざざらぎ	0
ざるもり	2
しいさか	1
しいざき	1
しいだ	1
しいなまち	3
しいむた	0
しうで	1
しうら	1
しおいだに	2
しおいり	2
しおかい	0
しおかり	0
しおがはら	3
しおくび	0
しおこうじ	3
しおご	1
しおさき	2
しおざき	2
しおじ	1
しおじり	2
しおちょう	2
しおづる	2
しおなす	0
しおのい	3
しおのう	2
しおのさわ	3
しおのみさき	4
しおのり	2
しおはま	0
しおぶ	1
しおまち	2
しおみ	1
しおみがおかちょう	6
しおやざきまち	5
しかあな	0
しかうら	2
しかおい	2
しかか	0
しかの	1
しかのつの	0
しかはたちょう	4
しかはま	2
しかべ	1
しかまの	0
しかまち	2
しかまつちょう	4
しかもり	2
しかりがたけ	4
しかわたし	3
しがすか	2
しがらき	2
しがらきの	0
しきね	0
しきみがはら	4
しきみまち	3
しぎの	1
しくべの	0
しげくら	2
しげちかつぼ	4
しげとう	2
しげのぶ	2
ししがぐちちょう	5
ししがたににしてらのまえちょう	12
ししがはな	3
ししづか	2
ししはら	2
ししりこ	2
しじかい	2
しじき	1
しじみがわ	3
しすか	1
しずがたけ	3
しずくいし	3
しずたに	2
しずはた	2
しずはら	2
したかじやまち	5
しただい	2
したのやちょう	4
したらがはら	4
しだか	1
しだない	2
しだみ	1
しつき	1
しつちょく	0
しつみ	1
しづがうら	3
しづがわ	2
しとご	1
しとまえ	2
しとろ	1
しどうもり	2
しなき	1
しなはち	0
しのだち	2
しのちょう	2
しののいおんべがわ	7
しののいきねぶち	6
しののうち	3
しののめちょう	4
しのはらちょう	4
しのはらほんまち	5
しのばの	0
しのぶがおか	4
しのぶやま	0
しのむら	2
しのやま	0
しのり	1
しのろ	1
しばかわ	2
しばぐち	2
しばしちけんちょう	5
しばぞの	0
しばはま	0
しばはらちょう	4
しばまき	2
しばまた	0
しひの	1
しびき	1
しびょんに	2
しぶいけ	2
しぶかわ	2
しぶかわの	0
しぶし	1
しぶたみ	2
しぶとうげ	3
しぶのかわ	3
しぶのちょう	3
しぶみね	2
しべちゃ	1
しほろ	1
しぼうちょう	2
しまがさき	3
しまがはら	3
しまさか	2
しまじり	2
しまのうら	3
しまのこし	3
しまのほし	3
しまばし	2
しままき	2
しまみ	1
しまみまえ	3
しみずうとうざか	5
しみずえじりだいまち	7
しみずかわはらちょう	7
しみずがしり	4
しみずがわら	4
しみずくさなぎすぎみち	9
しみずこまごえ	5
しみずこまごえきたまち	9
しみずこまごえにし	5
しみずこまごえひがしちょう	5
しみずさくらがおかちょう	9
しみずさくらばしちょう	8
しみずししはら	5
しみずしょうふくちょう	7
しみずただぬまちょう	7
しみずだに	3
しみずとずらさわ	6
しみずはんざえもんしんでん	10
しみずひがしおおまがりちょう	12
しみずへびつか	5
しみずみかどだい	6
しみずむかえやまちょう	8
しみずやぐらちょう	6
しみずよこすな	5
しみずよこすなにしちょう	9
しみずよこすなひがしちょう	10
しみずよこすなほんちょう	8
しみずよこすなみなみちょう	10
しむかっぷ	3
しめのなかまち	5
しめのはら	3
しめのまち	3
しもあおえ	3
しもあがた	3
しもあきま	3
しもあざえ	3
しもあざみ	3
しもあっか	3
しもいいの	3
しもいぐさ	3
しもいずみ	3
しもいた	2
しもいち	2
しもいちだ	3
しもいまい	3
しもうぐいすの	6
しもうけ	0
しもうさ	2
しもつふさ	3
しもうさの	2
しもつさ	2
しもふさ	2
しもうますぎ	4
しもえびちょう	0
しもおおせ	3
しもおおの	3
しもおがわ	3
しもおけうり	4
しもおぞ	0
しもおちあい	3
しもおなだ	3
しもおにざき	4
しもおりたて	4
しもおんがたまち	6
しもかぬき	3
しもかまがり	4
しもかわばたまち	6
しもがも	0
しもきさいち	4
しもきたやま	4
しもくて	2
しもくまかわ	4
しもぐり	2
しもぐりまち	4
しもけま	0
しもげ	1
しもげんにゅう	3
しもこが	0
しもこしき	3
しもごう	2
しもごおり	3
しもさがわだ	4
しもさき	2
しもさくのべ	4
しもしぶや	3
しもしぼ	0
しもしんでん	3
しもじょう	2
しもすわ	0
しもせ	1
しもたかい	3
しもたかいど	4
しもたかつ	3
しもたけ	2
しもただがわ	4
しもだまち	3
しもちょうじゃまち	5
しもつ	1
しもつい	2
しもつおの	3
しもつま	0
しもつるま	3
しもとがり	3
しもとがわ	3
しもとくら	3
しもとのごうち	5
しもとよら	3
しもなかぞね	4
しもながい	3
しもながらちょう	5
しもなだ	2
しもぬま	0
しものあぜ	3
しものごう	3
しもはやみ	3
しもばば	0
しもひらやなぎ	5
しもほそや	3
しもましき	3
しもまた	0
しもみさか	3
しもみつまた	4
しもみのち	3
しもむかいばる	4
しもやしき	3
しもやしきまち	5
しもやすはら	4
しもやまてどおり	6
しもようでん	3
しもろくまんじちょう	0
しもわらび	3
しゃあなだい	3
しゃえ	1
しゃかがたけ	3
しゃかのお	3
しゃくじいだい	3
しゃくじいまち	3
しゃくだに	2
しゃざん	0
しゃつうもん	2
しゃりょ	1
しゅうあん	1
しゅうこうてん	3
しゅうど	1
しゅうほく	1
しゅかかく	2
しゅきょ	1
しゅくおく	2
しゅくがわ	0
しゅくがわら	3
しゅくごうちょう	3
しゅくせん	1
しゅくなみ	0
しゅくなん	0
しゅくねぎ	0
しゅくばた	2
しゅざんぽ	2
しゅっさい	0
しゅりぎぼちょう	4
しゅりてらちょう	4
しゅりとりほりちょう	6
しゅんせん	1
しょうお	1
しょうかわ	1
しょうがくかん	3
しょうがくせい	1
しょうがみや	3
しょうぐんいく	3
しょうこくじもんぜんちょう	8
しょうごいん	3
しょうごいんえんとみちょう	9
しょうじょうがたけ	5
しょうぜ	1
しょうちゅうどう	3
しょうてんした	3
しょうてんちょう	3
しょうとん	0
しょうどしま	3
しょうないたからまち	7
しょうにんがおか	5
しょうねい	0
しょうのいわや	0
しょうのがわ	3
しょうのん	0
しょうばら	1
しょうようだいちょう	5
しょうら	1
しょうわまち	3
しょかんべつ	2
しょさんべつ	2
しょばた	1
しらいけ	2
しらいだ	2
しらいち	2
しらいとだい	4
しらおい	2
しらかた	2
しらこ	1
しらさきちょう	4
しらさわまち	4
しらすか	2
しらたか	2
しらたにまち	4
しらつか	2
しらに	1
しらぬか	2
しらぬひ	2
しらはたかみちょう	6
しらほ	1
しらまづ	0
しらみね	2
しりのはな	3
しりはま	0
しりんごーる	4
しれぱ	1
しろいわ	0
しろかねだい	4
しろがねちょう	4
しろこうち	3
しろさき	2
しろさと	2
しろつか	2
しろつち	2
しろね	1
しろのはな	3
しろはまだんち	5
しろみちょう	0
しろやままち	4
しわひめ	2
しんあいかわ	3
しんあさひ	3
しんあみちょう	4
しんいけしまちょう	6
しんいけちょう	4
しんういじゅ	3
しんうおのめ	4
しんえもんちょう	4
しんおんせん	3
しんかなおかちょう	6
しんかまがや	4
しんかみごとう	5
しんきたがり	0
しんきり	0
しんけみ	0
しんこうとう	3
しんざいけ	3
しんしのつ	3
しんしも	0
しんしゅうしん	3
しんじょはら	3
しんせんばちょう	0
しんだいじもとまち	7
しんとおり	3
しんとつかわ	4
しんとね	1
しんとりで	3
しんのえちょう	4
しんはっさむ	3
しんはり	0
しんひだか	3
しんぷくじ	1
しんほ	1
しんぼ	1
しんまいこ	3
しんみなと	3
しんめいちょう	3
しんめいばら	3
しんもじきた	4
しんやました	4
しんよしぐて	4
しんよしだちょう	5
しんよしとみ	4
しんわい	0
しーさんぱんな	5
じいがたけ	3
じごぜん	2
じじがさか	3
じぞうがはら	4
じっちゃく	0
じねこ	1
じぶざか	0
じもくじ	2
じゃおとん	1
じゃがさき	2
じゃくえつ	0
じゃくきょう	1
じゃばみ	1
じゃりょう	1
じゃろーとき	2
じゅうぶ	1
じゅかつ	1
じゅしゅん	1
じゅつぎ	1
じゅんあん	1
じゅんがじ	0
じょうかいばし	3
じょうがいりちょう	0
じょうがうら	3
じょうがさき	3
じょうがした	3
じょうがしま	3
じょうがたに	3
じょうがはな	3
じょうがんじ	1
じょうこうじ	1
じょうじゃまち	3
じょうすいまち	3
じょうとうだいにし	3
じょうどがはま	4
じょうどはら	3
じょうないまち	3
じょうのこし	3
じょうはな	1
じょうほうめん	3
じょうぼり	0
じょうもう	1
じょうりつぼ	3
じょかわい	2
じょこんごく	2
じんがさか	3
じんがたに	3
じんがもり	3
じんこうじ	1
じんせき	1
じんせきこうげん	5
じんなん	3
じんのすけ	0
じんぼはら	3
じんまち	1
じんやま	0
じんろく	0
すいこち	3
すいどうじり	3
すいどうちょう	3
すいばら	1
すいひん	0
すいふんか	3
すうあん	1
すうじょう	1
すうへい	0
すうめい	1
すえき	1
すえさだ	2
すえはら	2
すえひろちょう	4
すえむら	0
すえよし	2
すえよしがおか	5
すえよしちょう	4
すおうおおしま	4
すかぐち	2
すかゆ	0
すがいけまち	4
すがうら	2
すがざい	2
すがせちょう	0
すがだいら	3
すがちょう	2
すがのだい	3
すがはま	0
すがまち	2
すがむた	2
すがるや	3
すきざき	2
すぎいけ	2
すぎがや	2
すぎせ	1
すぎのうら	3
すぎのもと	3
すぎょう	1
すくもがわ	3
すけがや	2
すけじうえもんぐみ	6
すげがや	2
すげたわ	0
すごうばる	2
すさき	1
すざか	1
すじかい	2
すじゆ	2
すすきのはら	4
すずがさき	3
すずきちょう	0
すずみちょう	0
すずみまち	3
すせちょう	2
すせんじ	2
すそのがはら	4
すそばな	0
すだけ	1
すだちょう	2
すっつ	1
すど	1
すなごはら	3
すなはらい	3
すなぶち	2
すなまち	2
すなみ	1
すのうえ	2
すのえ	0
すのさき	2
すのまた	2
すはら	1
すばしり	2
すばた	1
すべりいわはま	5
すぼき	1
すみじま	0
すみちょう	2
すみのどう	3
すみやま	0
すみよけ	0
すみよしだいまち	5
すみよしみやまち	6
すむいで	2
すもと	1
すももだいきたとよだ	8
すももだいにしとよだ	8
すももだいみなみとよだ	9
すりあげがはら	5
すりかみ	0
すりはり	0
するがだいきたこうがちょう	10
すわたに	2
すわだ	1
すわのたいら	4
すわまち	2
すんあん	1
すんえん	1
すんしゅう	1
すんだい	0
すんとう	1
すんぷ	1
すーうぉん	1
ずいばいじ	1
ずいろく	1
ずけらん	1
ずしゅう	1
ずなん	1
ずはば	0
ずんごえ	0
せいこうし	3
せいないじ	3
せいまん	0
せいみちょう	0
せがさき	2
せきかわ	2
せきがしま	3
せきがね	2
せきぎゅう	2
せきごう	2
せきのうら	3
せきばい	0
せきほく	0
せきぼりちょう	4
せきまちみなみ	2
せきもと	2
せきもんかん	3
せきらんけい	3
せそこ	1
せたか	1
せたな	1
せちばる	2
せっかせん	1
せっかそう	3
せったや	0
せっとうがたけ	5
せづめ	0
せとがわ	0
せとだ	1
せとものちょう	4
せに	1
せのおく	3
せびがさわ	3
せふり	1
せみね	1
せや	0
せらにし	2
せりかわ	2
せりがわ	0
せんかんねい	3
せんがわ	0
せんがわちょう	4
せんじょうがたけ	5
せんじょうがはら	5
せんどうがはま	5
せんびり	0
せんほく	1
ぜんこうじ	1
ぜんつうじ	1
ぜんにゅうじ	1
ぜんぶちょう	3
ぜんぷくじ	1
ぜんほ	1
ぜんほく	0
そうえもんちょう	4
そうがうち	3
そうぜんまち	3
そうのはし	3
そうまがはら	4
そうみ	1
そうりんどう	3
そうるぴぽ	3
そえかみ	0
そえだ	1
そおう	1
そこくら	2
そしがや	2
そしゅう	1
そつま	1
そでがはま	3
そとあさひかわ	5
そとうら	2
そとかんだ	3
そとがはま	3
そとばら	2
そとも	1
そに	0
そねざきしんち	5
そねだ	1
そねにしまち	4
そねみなみまち	5
そのぎしゅくごう	5
そはら	1
そばそと	2
そぶえ	0
そぶら	1
そべ	0
そほく	1
そまたに	2
そめかわ	2
そめだけ	2
そもと	1
そやんがん	2
そらちぶと	3
そらみちょう	0
ぞうしがや	3
ぞうたこれひろ	5
たいしどう	0
たいしゃちょう	0
たいせきがはら	5
たいのうら	3
たいのかわ	3
たいゆうじ	1
たいようがおか	5
たいらい	1
たいらだて	3
たいらっぴょう	3
たいらむら	0
たかいけ	2
たかいけまち	4
たかいだ	0
たかいだにし	4
たかおの	2
たかがみね	3
たかがわら	3
たかきせ	2
たかぎちょう	0
たかくさ	2
たかさごちょう	4
たかさと	2
たかしの	2
たかしまちょう	4
たかしまほんちょう	5
たかしみず	3
たかじょう	2
たかすちょう	0
たかつ	0
たかつき	2
たかつどちょう	4
たかつはら	4
たかつる	2
たかとり	2
たかとりさんちょう	5
たかなわてちょう	5
たかねがはら	4
たかねざわ	3
たかねちょう	0
たかのさき	3
たかのす	2
たかのはら	3
たかはなだいら	5
たかはま	0
たかばたけちょう	5
たかぼっち	3
たかまがはら	4
たかまのはら	4
たかみちょう	0
たかみや	2
たかみやはっちょう	5
たかやなぎ	3
たからがいけ	4
たからがわ	3
たからだ	0
たからちょう	0
たからもち	3
たがじょう	2
たがみ	1
たがらす	2
たきあい	2
たきがしら	3
たきがわち	3
たきぎむら	0
たきさか	2
たきさき	2
たきさと	2
たきした	2
たきち	1
たきね	1
たきの	1
たきのうえ	3
たきのうえまち	5
たきのお	0
たきのくち	3
たきのさわ	0
たきのしり	3
たきのはら	3
たきのたに	3
たきのゆ	3
たきみ	0
たきやまちょう	4
たきょう	1
たぎり	1
たくほう	1
たくぼく	0
たくまがやつ	4
たくまち	2
たくゆう	0
たぐり	0
たけおか	0
たけかみ	0
たけがじょう	3
たけくま	0
たけさと	2
たけしちょう	0
たけしば	0
たけだいら	3
たけだお	0
たけち	1
たけちょう	2
たけな	1
たけね	1
たけのうちちょう	5
たけのこのはな	5
たけのした	3
たけのつじ	3
たけばし	0
たけばら	2
たけひら	2
たこざき	2
たこやくし	3
たごうら	2
たごえ	1
たごのうら	3
たごもり	2
たざわ	0
たざわこ	3
たしぶ	1
たしろばる	3
たじひ	1
たじまがはら	4
たじみ	0
たじり	1
たじんこ	2
たたみだいら	4
たたみまち	3
ただなわまち	4
ただのうみ	3
ただら	1
たちう	0
たちはた	2
たちばなちょう	4
たちまじり	3
たっこく	0
たっぴ	0
たつがおか	3
たつがはな	3
たつがふち	3
たつくし	2
たつのいち	3
たつのくち	3
たつはる	2
たつみだいにし	3
たつるはま	3
たていし	2
たてがさき	3
たてつき	2
たてばやし	3
たてむら	2
たではら	2
たでわら	2
たとみ	1
たど	0
たどつ	1
たなかちょう	0
たなかみ	0
たなくさ	2
たなちょう	2
たなつぐ	2
たなみ	1
たなやま	0
たにき	1
たにくび	0
たにしり	2
たにじり	2
たにどころ	0
たにはま	0
たにやぎ	0
たによし	2
たにわ	1
たぬきがおか	4
たぬきこうじ	4
たぬしまる	3
たぬま	1
たねいけ	2
たねがいけ	3
たねさと	2
たねざと	2
たねやま	0
たねやまがはら	5
たのあみ	2
たのうら	2
たのうらちょう	4
たのつ	1
たのはた	2
たばしね	0
たびら	1
たぶか	1
たぶせ	1
たまおか	0
たまくしちょうにし	4
たまくしちょうひがし	4
たまぐすく	3
たましまうわなり	6
たましまつまさき	6
たましまゆうざき	5
たませ	1
たまつ	1
たまつくり	3
たまな	1
たまなわ	0
たまぬき	2
たまのい	3
たまのうら	3
たまのがはら	4
たまぶち	2
たまほ	1
たまほし	2
たまゆ	0
たみちがり	0
たみね	1
たむかえまち	4
たむぎ	1
たむぎまた	3
たむぎやま	1
たむけ	0
たむらまち	3
ためじま	0
ためだい	2
たもぎの	0
たもんちょう	2
たらぎ	1
たらみ	1
たるえ	0
たるくぼ	0
たるない	2
たるまい	2
たるみちょう	0
たれその	0
たろうがせ	2
たろうがはな	4
たわ	1
たわらいし	3
たわらだ	0
たわらの	0
たわらばし	3
たわらまち	3
たわらみね	3
たわらもと	3
たわらやま	0
たんかいの	3
たんくー	0
たんごの	1
たんず	1
たんど	1
たんな	1
たんなん	0
たんの	1
たんのお	3
たんばいちちょう	5
たんばら	1
だいいちばちょう	5
だいかた	0
だいがわ	0
だいきょうちょう	3
だいくおもてまち	6
だいこうあんれい	5
だいごいちのきりちょう	8
だいごひがし	1
だいさい	0
だいしまえ	4
だいじゃがいけ	4
だいじゅく	1
だいそ	1
だいてい	0
だいにちがおかちょう	7
だいにちどおり	5
だいのはら	3
だいまち	0
だいむらちょう	4
だいもつのうら	5
だいもんこう	3
だいらくじまち	5
だいろくてん	3
だいろくてんちょう	5
だがはな	2
だきがえり	0
だくじつろう	3
だけさわ	0
だけだい	2
だけやま	0
だしだいら	3
だしな	1
だせんろ	2
だるつぇんど	3
だんしちょう	0
だんしょがもり	4
だんどめ	0
だんばら	0
だーしんじぇん	3
だーりゃん	3
ちあらいじま	0
ちあんず	1
ちいみや	1
ちかつあすか	4
ちかとまち	3
ちかのしま	3
ちかぶみ	2
ちかぶみちょう	2
ちかみちょう	0
ちがさき	2
ちくしゅう	1
ちくはし	2
ちくぶ	1
ちくほ	1
ちくほく	0
ちこうづ	2
ちごがだけ	3
ちしゃわらちょう	4
ちちおにちょう	4
ちちがいわや	4
ちっこうひかりまち	7
ちにわく	2
ちのさき	2
ちむしやっつぃ	4
ちゃうす	1
ちゃうすばる	4
ちゃうすやまちょう	5
ちゃすり	0
ちゃない	1
ちゃのき	1
ちゃのきだいら	4
ちゃむす	1
ちゃやがさき	3
ちゃんすー	1
ちゅうえん	1
ちゅうおうちょう	3
ちゅうおうほんちょう	5
ちゅうぐうし	3
ちゅうげい	1
ちゅうず	1
ちゅうぜんじ	1
ちゅうでんちょう	3
ちゅうなん	1
ちゅうべつ	1
ちゅうよ	1
ちゅうるい	1
ちゅうれき	1
ちょうかんだがり	5
ちょうぎり	0
ちょうしゃん	1
ちょうしゅん	1
ちょうしんてん	3
ちょうじがつじ	4
ちょうじゃがさき	4
ちょうじゃがはら	4
ちょうじゃがまる	4
ちょうじゃばる	3
ちょうほく	1
ちょくろく	2
ちよりちょう	0
ちらいべつ	2
ちんかい	1
ちんけん	1
ちんたん	1
ちんだ	1
ちんてきどう	4
ちんりゅう	1
ちーちん	1
ちーふー	1
しーふー	1
ついきり	0
ついじちょう	0
ついじはら	3
つうしゅう	1
つえの	1
つえたて	2
つえたてがだい	5
つえつき	2
つおか	1
つかさき	2
つかざき	2
つかつき	2
つかづみ	2
つかど	1
つかのわき	3
つがいけ	2
つがだいら	3
つがだに	2
つがとうげ	3
つがのだい	3
つがのもり	3
つきがけ	0
つきがせ	2
つきがた	2
つきがみね	3
つきさき	2
つきじがはら	4
つきせ	1
つきだて	2
つきのかわ	3
つきみがおか	4
つきみがはら	4
つきよの	2
つくいちょう	0
つくだじま	0
つくで	1
つくはら	0
つくぼ	1
つくまえ	0
つくもの	0
つくりみち	3
つくりや	3
つけち	1
つし	1
つしまひがし	1
つしみ	1
つじどう	2
つじどうかんだい	5
つじもと	2
つだえ	0
つちくろ	0
つちごや	0
つちざき	2
つちざきみなと	5
つちたる	0
つちとい	0
つちどう	2
つちはら	2
つちぶち	2
つちみかど	3
つちゆ	0
つつかわ	2
つつが	1
つつじがおか	4
つつじがさき	4
つつど	0
つつまやま	0
つつみがわ	3
つつみぐろ	3
つつみちょう	0
つつみどおり	4
つづはら	2
つづみがうら	4
つづみがたき	4
つづみどうまち	4
つづらぬき	0
つなさき	2
つなまち	2
つなわき	2
つなん	1
つにしほりばた	5
つぬが	1
つねかみ	2
つねたけ	2
つねもと	2
つのが	1
つのがわら	3
つのこばる	3
つのごみなみ	1
つのさき	2
つのづ	1
つのはず	0
つのぶち	2
つのみねちょう	4
つばきちょう	0
つばきのうみ	4
つばくろだけ	4
つばた	1
つぶしざか	3
つべつ	1
つぼえ	0
つぼおつ	2
つぼがわ	0
つぼじり	2
つぼむら	2
つぼや	0
つまご	0
つまごい	0
つまさか	2
つやざき	2
つやま	1
つゆつき	2
つよしまち	3
つらじま	0
つりたに	2
つるおかちょう	4
つるがいけ	3
つるがしま	3
つるがじょう	3
つるがだい	3
つるがはま	3
つるがはる	3
つるがみね	3
つるがや	2
つるぎがさき	4
つるぎざき	3
つるぎじ	3
つるぎだけ	3
つるさき	2
つるさと	2
つるしま	0
つるせ	1
つるたまち	3
つるとうげ	3
つるどまり	3
つるま	1
つわの	1
ていしなほ	3
ていずい	1
てうり	1
てが	1
てぐま	1
てぐままち	3
てしお	0
てしらじ	0
てぢからちょう	4
てつしん	1
てつた	1
てつれい	0
てづかやま	0
てづつ	1
てほんだん	2
てよせ	1
てらいけ	2
てらうら	2
てらおく	2
てらさき	2
てらさわ	0
てらざゆう	3
てらだいら	3
てらづ	0
てらどまり	3
てりふりちょう	4
てるさき	2
てんかわ	1
てんぐっぱら	3
てんぐもり	0
てんけんじ	1
てんしつきぬけ	4
てんじんがはな	5
てんだき	0
てんつじ	0
てんのうず	3
てんのうだい	3
てんのうばら	3
てんぱくちょう	4
てんまがもり	4
てんまばし	0
てんまばやし	4
てんりゅう	1
できま	0
できまち	2
でずみなと	3
といがや	2
といやまち	3
といん	1
とうえつ	0
とうお	1
とうかぎ	0
とうかやま	0
とうがくぼだい	5
とうがさき	3
とうがね	0
とうがはら	3
とうげした	3
とうこうみんこう	5
とうさんどう	3
とうじんがはな	5
とうじんぼう	3
とうぜい	0
とうたざんし	4
とうづ	0
とうなる	1
とうに	1
とうのう	0
とうのさわ	3
とうのしょう	3
とうばる	0
とうふつ	0
とうべつ	1
とうまん	0
とうみ	1
とおがった	3
とおだけ	0
とおつあすか	4
とおとうみ	3
とおりさき	3
とおりしおちょう	5
とおろせ	0
とかしき	2
とがくし	2
とがさき	2
とがしら	2
とがの	0
とがのお	3
とがま	1
とがみ	1
ときがわ	2
ときわうまづかちょう	7
ときわだい	3
とぎつ	1
とぎやま	0
とくいち	2
とくうら	2
とくおうまち	3
とくか	1
とくかく	1
とくこう	0
とくことん	3
とくさ	1
とくさわ	0
とくしゅんべつ	3
とくじゅん	1
とくたん	1
とくぢ	1
とくぢひくたに	5
とくのしま	3
とくまるがはら	5
とげっ	1
とこうえん	2
とこしま	0
とこなべ	0
ところつの	0
ところの	0
とごうち	2
とさき	1
とさしみず	3
とさやま	2
とさやまだ	3
とさわ	1
とざき	1
とざわ	0
としべつ	2
としまちょう	0
としゃく	1
とじょうがおか	4
とずらさわ	3
とだこうえん	3
とちお	0
とちがくぼ	3
とちがもり	3
とちはら	2
とちもと	2
とつかちょう	0
とつき	1
とつきさか	3
とつろ	1
とでほんまち	3
とどがさき	3
とどほっけ	3
とどろみ	0
となき	1
となせ	1
となん	1
とねまち	2
とのうら	2
とのき	1
とのくち	2
とのこおり	3
とのしょう	2
とのしろ	0
とのみ	1
とばい	0
とばた	1
とびがさき	3
とびがす	2
とびたきゅう	3
とびだに	2
とびのす	0
とびのもり	3
とびひの	0
とびまち	2
とびらとうげ	4
とほくちょう	3
とまい	1
とまた	1
とまち	1
とまとう	2
とままえ	2
とまりがはな	4
とまりまち	3
とみあい	2
とみうら	2
とみがお	2
とみがおか	3
とみがた	0
とみがや	2
とみぐすく	3
とみさと	2
とみだなか	3
とみながちょう	4
とみのこうじ	4
とみのさわ	3
とみや	1
とみやちょう	0
とむたれ	0
とめがや	2
ともえがわ	3
ともえこ	3
ともえさき	3
ともえちょう	0
ともがおか	3
ともがしま	3
ともがはな	3
ともざき	2
ともち	1
とものうら	3
ともべ	1
とやがさき	3
とやまがはら	4
とゆらの	0
とよあし	2
とよいわ	0
とよいわいしだざか	7
とよいわおやま	5
とよいわとよまき	6
とようら	2
とよかわちょう	4
とよがおか	3
とよがさわ	3
とよころ	2
とよさか	2
とよさと	2
とよしきだい	4
とよしな	2
とよしま	0
とよしまきた	4
とよすみちょう	4
とよせ	1
とよたまきた	4
とよだて	2
とよつ	1
とよとみちょう	4
とよに	1
とよね	1
とよの	1
とよはた	2
とよばみ	0
とよふさ	2
とよぶく	2
とよまえ	2
とよまき	2
とよまきさわ	4
とよまつ	2
とよまない	3
とよまね	0
とよむかい	3
とよむろ	0
とよら	1
とらがざき	3
とらざき	2
とらてんいね	3
とらのもん	0
とらひめ	2
とりいやま	0
とりかい	2
とりかいの	0
とりかみ	0
とりがもり	3
とりごえ	0
とりさか	2
とりすみ	2
とりせ	1
とりのぐち	3
とりはま	0
とりべ	1
とりべの	0
とりやの	0
とろはん	1
とろし	1
とんけしちょう	3
とんしんどん	3
とんたう	1
とんだちょう	0
とんだばやし	4
とんばら	1
とんべつ	1
とんやちょう	0
とんやまち	3
どいがはま	3
どうがじま	0
どうがやまちょう	5
どうげんざか	0
どうざき	1
どうじょうじゅくまち	6
どうぜ	1
どうぞの	0
どうだ	0
どうにわ	0
どうのさこ	3
どうみょうがはな	5
どうめ	1
どうやま	0
どくとう	0
どぐち	1
どさく	0
どしょうまち	2
どぶいけ	0
どろきょう	0
どんづる	0
なあらい	2
ないえ	1
ないほろ	0
ないむらちょう	4
なえぼ	0
なえま	0
なおえつ	0
なおかわ	2
なかあおき	3
なかいしきりちょう	6
なかいず	0
なかいた	0
なかいたばし	4
なかいほ	0
なかいま	0
なかうおぬま	4
なかおかちまち	5
なかかまど	3
なかかわね	3
なかかんばら	3
なかがわひがし	5
なかがわら	3
なかきさいち	4
なかきよと	3
なかぎたちょう	4
なかくび	2
なかくびき	3
なかくりす	3
なかこうのいけちょう	7
なかこしき	3
なかごみ	0
なかさか	2
なかさるがくちょう	5
なかざか	2
なかじまあわい	0
なかじゅく	2
なかすじ	2
なかせ	1
なかぜ	1
なかたど	2
なかだけ	2
なかつがる	3
なかつくま	3
なかとがり	3
なかとさ	2
なかとよ	0
なかとんべつ	3
なかにいかわ	3
なかにいだ	3
なかのいり	3
なかのくち	3
なかのごう	3
なかのさわ	3
なかのしま	3
なかのじょう	3
なかのたいら	3
なかのちょう	3
なかのと	0
なかはぎ	0
なかばちいん	4
なかはま	2
なかひろ	0
なかひろまち	4
なかふらの	3
なかへち	2
なかほっちまち	5
なかみなと	3
なかみね	2
なかみやじまち	5
なかみより	3
なかむねおか	4
なかむらみなみ	0
なかむろだ	3
なかめぐろ	3
なかもず	0
なかやしき	3
なかやしきまち	5
なかやまだ	3
なかやまてどおり	6
なかりえ	0
ながいさく	2
ながいずみ	3
ながいの	0
ながうた	2
ながうらちょう	4
ながうらまち	4
ながおかきょう	0
ながおだいちょう	4
ながおちょう	0
ながおやまちょう	5
ながくき	2
ながさかちょう	4
ながさわ	0
ながしの	0
ながすか	0
ながとち	0
ながとろ	0
ながぬままち	4
ながのはら	3
ながはさま	3
ながぶせ	2
ながほり	2
ながまち	2
ながめやま	0
ながやま	0
ながよしまち	4
なきじん	1
なきり	1
なぎさばし	3
なぎつじ	0
なぐさ	1
なこうじ	2
なこそ	1
なごやま	0
なさけじま	0
なざきばる	3
なしがはら	3
なしき	0
なしくて	0
なしはら	2
なしま	1
なじお	1
なすからすやま	1
なすしおばら	3
なすづくり	3
なすのがはら	4
なぜはまさとちょう	6
なたまち	2
なだがさき	3
なださき	2
なだち	1
なだはま	0
なちかつうら	4
なつざわ	0
なつしま	0
なつじま	0
なつまや	0
なつめはら	3
なでくぼ	0
なにわづ	0
なのあがた	3
なのかわ	2
なのつ	1
なはり	1
なば	1
なばたけ	2
なばり	1
なふねまち	3
なべがはな	3
なべさき	2
なべちょう	0
なべの	1
なべら	1
なまむぎ	2
なみあい	2
なみおがみ	3
なみかけ	2
なみきにしまち	5
なみせ	1
なみだばし	3
なみの	1
なみのひら	3
なめがわ	2
なめさわ	2
なめらぐち	3
なめりかわ	3
なやはし	2
ならお	0
ならかわ	2
ならげ	1
ならさか	2
ならしづ	0
ならしの	0
ならだ	1
ならは	1
ならびがおか	4
ならまた	2
ならもと	2
ならわたり	3
なりいわ	2
なるいわ	2
なるかわ	2
なるがしま	3
なるせ	1
なるせだい	3
なるたききりがふちちょう	9
なるたに	2
なるとう	2
なるふち	2
なるみまち	3
なるわだい	3
なるわまち	3
なわしげ	2
なわせ	1
なわてちょう	0
なわてまち	3
なんえつ	0
なんかいどう	3
なんがい	1
なんき	1
なんぐう	0
なんこうなか	3
なんこうひがし	1
なんごう	1
なんさつ	0
なんすいえんちょう	5
なんせんぶ	3
なんぜんじきたのぼうちょう	9
なんたいが	3
なんだん	1
なんねい	0
なんぴょう	1
なんぺいだい	3
なんほくどう	0
なんぽろ	1
なんまん	0
なんもく	1
なんよ	1
にいかっぷ	3
にいごう	1
にいさと	1
にいさとちょう	0
にいた	1
にいだ	1
にいつる	1
にいはま	0
にいぼ	0
にいみ	1
にうのみ	2
にうぷ	1
にえの	1
にえかわ	2
にえさき	2
においざき	2
にかちょう	2
にかほ	1
にがた	1
にきた	1
にきたづ	0
にぎつ	1
にごりさわ	3
にさったい	2
にしあいづ	3
にしあかし	3
にしあけみちょう	0
にしあざい	2
にしあち	2
にしあむろ	3
にしあらい	3
にしあらいさかえちょう	8
にしありえ	3
にしありた	3
にしあわくら	4
にしいけ	2
にしいけだちょう	0
にしいけぶくろ	5
にしいこう	3
にしいこうちょう	4
にしいしきりちょう	6
にしいちのえ	5
にしいばらき	4
にしいややま	4
にしいわ	0
にしいわい	3
にしうすき	3
にしうずら	3
にしうねの	3
にしおうみ	3
にしおきたま	4
にしおぎ	0
にしおくやま	4
にしおぐ	0
にしおこっぺ	4
にしおづがり	4
にしかさ	2
にしかつら	3
にしかにや	3
にしかん	0
にしかんだ	3
にしかんばら	3
にしがさき	3
にしがし	2
にしがはら	3
にしがぼら	3
にしがや	2
にしきうら	3
にしきがうら	4
にしきがおか	3
にしきがわ	3
にしきはま	3
にしくじょうにしやなぎのうちちょう	13
にしくにさき	4
にしくび	0
にしくびき	3
にしくぼ	0
にしくぼちょう	4
にしくま	0
にしぐま	0
にしぐろ	0
にしこいわ	3
にしこうのいけちょう	7
にしこうようだい	5
にしごうし	3
にしごおち	3
にしごしょちょう	4
にしごたんだ	3
にしさばりょう	4
にしざき	2
にししちじょうかけごしちょう	0
にししらかわ	4
にししんさいばし	5
にししんばし	3
にしじま	0
にしじょう	2
にしせんぼく	3
にしそのぎ	3
にしたかさき	4
にしたがわ	3
にしたけのつか	5
にしたてがみまち	7
にしたのしり	4
にしたま	0
にしだいどう	3
にしちぎ	0
にしつがる	3
にしていはん	3
にしてらお	3
にしでらお	3
にしときくに	4
にしとなみ	3
にしどまりまち	5
にしなか	2
にしなかざわ	4
にしなかやま	4
にしなすの	3
にしななねちょう	0
にしね	1
にしのうら	3
にしのしま	3
にしのしょう	3
にしのたに	3
にしのとういん	4
にしのやまちょう	5
にしはぜまち	4
にしはま	0
にしはやあがり	5
にしはら	2
にしばんや	3
にしひおき	3
にしひきみどうちょう	0
にしふかわ	3
にしぶくろ	3
にしほ	1
にしほんまち	3
にしぼら	0
にしまえ	2
にしまがりまち	5
にしまつうら	4
にしみずえ	3
にしみどう	3
にしみなみはら	5
にしむらやま	4
にしめ	1
にしめら	2
にしもうね	3
にしもない	3
にしもろかた	4
にしもろぎ	3
にしやがい	3
にしやつしろ	4
にしやまぐて	4
にしよしの	3
にしよどがわ	4
にしわが	0
にじがおかまち	5
にじがはま	3
にじさわ	0
にたのお	3
にちなん	0
にっさい	1
にっさか	0
にった	0
にったづか	3
にったの	0
にっぱちょう	0
にっぴ	1
にとな	1
にとなちょう	0
にとろし	2
になごだに	3
にのしま	0
にのばえ	2
にまつ	1
にものおの	0
にゅうかわ	1
にゅうがうち	3
にゅうたばる	3
にゅうのまた	3
にゅうや	1
にゅぷ	1
にょいがたけ	3
にょぼう	1
によど	1
によどがわ	3
にらがさき	3
にらがわ	0
にらさき	2
にれい	1
にれぎ	1
にれまた	0
にれんぜん	4
ぬかづか	2
ぬかのぶ	0
ぬかびら	0
ぬきがわ	0
ぬくた	1
ぬしま	1
ぬしや	1
ぬしろ	1
ぬすともり	3
ぬたりの	0
ぬでじま	0
ぬなはら	2
ぬのいちちょう	4
ぬのざわ	0
ぬのせ	1
ぬのはな	2
ぬのはら	2
ぬのびき	0
ぬまかげ	2
ぬまくない	3
ぬまじり	2
ぬます	1
ぬまっぱら	0
ぬまづ	1
ぬまのくら	3
ぬまのだいら	4
ぬまぶくろ	3
ぬままち	2
ぬまめ	1
ぬまやま	0
ねあらいちょう	3
ねいか	1
ねいかい	1
ねいしばら	3
ねいなん	1
ねいは	1
ねいりょう	0
ねう	0
ねがた	1
ねがらみ	2
ねこさき	2
ねこざね	2
ねこたに	2
ねごや	1
ねごろ	1
ねざき	1
ねじめ	1
ねずがせき	3
ねずみがせき	4
ねだけ	1
ねだけのみさき	5
ねち	1
ねのうえ	2
ねのかみだい	4
ねのくち	2
ねぶかわ	2
のうあん	1
のうがいけ	3
のうがや	0
のうけんだい	3
のうとり	0
のうねんまち	3
のおがた	1
のかみ	1
のがた	0
のがみしもごう	5
のがわ	1
のぎわ	0
のくび	1
のぐちばる	3
のこぎりさき	4
のこぎりだけ	4
のこぎりやま	0
のこの	0
のざわおんせん	4
のぞみちょう	0
のぞり	1
のだおい	0
のだけ	1
のちせ	1
のっこし	1
のっぽろ	0
のつ	0
のつはる	2
のづか	1
のづた	1
のづみ	1
のでちょう	0
のとろ	1
のね	1
ののい	1
ののいち	2
のはらの	0
のばちょう	2
のぶか	1
のぶさき	2
のへじ	1
のべざわ	0
のべやま	0
のぼの	1
のぼりおおじちょう	6
のぼりちょう	0
のぼりと	0
のむぎ	0
のもざき	2
のりくら	2
のんじゃん	1
はいいんが	3
はいざき	1
はいづか	0
はいぬづか	3
はいばら	1
はえのさき	3
はえばる	2
はえまつ	2
はかまごし	3
はがち	1
はぎうら	2
はぎしま	0
はぎの	1
はぎやま	0
はぎゅう	0
はぎわらちょう	4
はくさんちょう	3
はくすきのえ	0
はくた	1
はくと	1
はくら	1
はくろうさ	3
はぐさ	1
はぐら	1
はぐり	1
はこがわ	0
はこさき	2
はこざきちょう	4
はこつくり	3
はこねがさき	4
はこのうら	3
はこのみさき	4
はこばら	2
はごろもちょう	4
はさき	1
はさまがわ	3
はしえ	0
はしお	0
はしくら	2
はしざき	2
はしたに	2
はしづめ	0
はしなか	0
はしはま	0
はしばちょう	0
はしま	1
はしむかい	3
はしゅう	1
はしらじま	0
はしりおち	0
はしろ	1
はしんどん	2
はじかの	0
はじかみ	0
はすだ	1
はすまち	2
はたあゆ	0
はたぐちまち	4
はたけだがり	0
はたごう	2
はたしょう	2
はたじゅく	2
はたつかどおり	5
はたのだい	3
はたびき	0
はたまち	2
はたむら	2
はたや	1
はちいし	2
はちがおか	3
はちのくぼ	3
はちぶせ	2
はちぶせがみね	5
はっとりや	0
はついし	2
はつかいち	3
はつかし	0
はつかり	0
はつとみ	2
はてなし	3
はてるま	0
はとあな	0
はとがや	2
はとな	1
はとま	1
はとまち	2
はど	0
はないずみ	3
はなおかまち	4
はなおまち	3
はなおれ	0
はなかわきた	4
はなぐりせ	3
はなしまちょう	4
はなじり	0
はなじりあかねまち	7
はなじりききょうまち	6
はなじりみどりまち	7
はなぞのうちはたちょう	8
はなぞのちょう	4
はなぬき	2
はなのじ	3
はなのちょう	0
はなば	0
はなばたちょう	4
はなふち	2
はなぶし	2
はなまき	2
はなまち	2
はなみがわ	3
はなやしきまつがおか	9
はにしな	2
はにの	0
はにゅう	0
はねあな	0
はねしお	0
はねだに	2
はのうら	2
ははきの	0
ははそやま	0
はびきの	0
はぶし	1
はぶち	1
はまいちょう	2
はまうら	2
はまえがわ	3
はまきた	2
はまぐす	2
はまさか	2
はまじゅうちょう	3
はまだやま	0
はまちょう	2
はまでら	2
はまでらいしづちょう	7
はまでらすわのもりちょう	9
はまとんべつ	3
はまはら	2
はまひら	2
はまます	2
はまみち	2
はまやしき	3
はまやま	0
はみしろ	0
はもち	1
はやきた	2
はやこちょう	0
はやしぐろ	3
はやしちょう	0
はやちね	0
はやつき	2
はやとも	0
はやほし	2
はゆか	1
はらいかわ	2
はらいちば	3
はらがさきちょう	5
はらがたい	3
はらがま	0
はらざかい	3
はらじり	0
はらたでがわ	4
はらどおり	3
はらのさわ	3
はらのだい	3
はらまちだ	3
はらみにしまち	5
はらみひがしまち	6
はらやまだい	4
はららちょう	0
はりお	0
はりおきたまち	5
はりぎきた	1
はりぎにし	1
はりぎひがしまち	6
はりぎみなみ	1
はりさき	2
はりちょう	2
はりのき	1
はりはらの	2
はりゅう	0
はりょう	1
はるけ	1
はるしない	3
はるしま	0
はるとり	2
はるのつじ	3
はるぼ	1
はるよし	2
はんかとん	3
はんざわ	0
はんざん	1
はんたん	1
はんだいら	3
はんのい	1
はんば	0
はんばら	1
びしゃり	1
ばいふくり	3
ばかい	1
ばくかほう	3
ばくがえんせき	4
ばくせき	0
ばくなん	0
ばくほく	0
ばくろうがふち	5
ばくろうまち	3
ばくろちょう	0
ばそ	1
ばっこう	0
ばとうこう	2
ばばさき	2
ばばのはる	3
ばらじま	0
ばらむしる	3
ばるふ	1
ばんごく	1
ばんしょがはら	4
ばんじり	0
ぱんつえい	4
ひあな	1
ひうち	1
ひうちだけ	3
ひうちなだ	3
ひえづ	1
ひえばら	2
ひおか	1
ひおき	1
ひかげちょう	0
ひかち	1
ひかりだい	3
ひかりちょう	0
ひかりのおか	0
ひがいの	2
ひがしあがつま	4
ひがしあけみちょう	0
ひがしあさひかわ	6
ひがしあさひがおか	7
ひがしあざい	4
ひがしあらいちょう	5
ひがしあわくら	5
ひがしいこう	4
ひがしいしきりちょう	7
ひがしいず	0
ひがしいずみ	4
ひがしいずも	4
ひがしいちき	4
ひがしいな	4
ひがしいのたに	5
ひがしいばらき	5
ひがしいばらちょう	6
ひがしいややま	5
ひがしいわい	4
ひがしいわきさん	6
ひがしうえの	4
ひがしうすき	4
ひがしうずら	4
ひがしうねの	4
ひがしうらやま	5
ひがしうらわ	4
ひがしうわ	3
ひがしおうみ	4
ひがしおうめ	4
ひがしおおい	4
ひがしおおいずみ	6
ひがしおおくぼ	4
ひがしおがわ	4
ひがしおきたま	5
ひがしおぐ	0
ひがしおぐま	4
ひがしかがつめまち	7
ひがしかがや	4
ひがしかがわ	4
ひがしかぐら	4
ひがしかつしか	5
ひがしかまた	4
ひがしかも	3
ひがしかわさきちょう	7
ひがしかわのぼり	6
ひがしかんだ	4
ひがしかんだごけんちょう	8
ひがしかんばら	4
ひがしきのしろまち	6
ひがしきょうづかまち	7
ひがしくしはら	5
ひがしくじょう	4
ひがしくじょうかわべまち	9
ひがしくにさき	5
ひがしくびき	4
ひがしくるめ	4
ひがしくろだ	4
ひがしぐま	3
ひがしこうえん	4
ひがしこうち	4
ひがしこうのいけちょう	8
ひがしこうり	4
ひがしこわしみず	6
ひがしこんごうざん	6
ひがしこんごうじ	4
ひがしごけんちょう	5
ひがしごたんだ	4
ひがしさいなみ	4
ひがしさかのうえ	6
ひがしさくらじま	0
ひがしさっぽろ	4
ひがしさわ	3
ひがしざか	0
ひがしざと	3
ひがししぼう	4
ひがししらかわ	5
ひがししりいけ	5
ひがししんさいばし	6
ひがししんばし	4
ひがしじゅうじょう	4
ひがしすみよし	5
ひがしせふり	4
ひがしせりがや	5
ひがしせんだまち	6
ひがしそのぎ	4
ひがしたがわ	4
ひがしたくまち	5
ひがしたてがみまち	7
ひがしたまがわ	5
ひがしちくま	4
ひがしちちぶ	4
ひがしつがる	4
ひがしつの	3
ひがしづか	3
ひがしてしろちょう	6
ひがしてらお	4
ひがしてらやまちょう	7
ひがしとなみ	4
ひがしどおり	4
ひがしなえぼ	4
ひがしなか	3
ひがしなかそね	4
ひがしなかの	4
ひがしながさき	5
ひがしながぬま	5
ひがしなだ	3
ひがしななねちょう	0
ひがしなりの	4
ひがしなるせ	4
ひがしにっぽり	4
ひがしにほんばし	0
ひがしね	3
ひがしのたに	0
ひがしのだ	0
ひがしのはら	4
ひがしのまえ	5
ひがしのやまちょう	6
ひがしはぶまち	5
ひがしはまだ	4
ひがしはまちょう	5
ひがしはまべ	4
ひがしはままち	4
ひがしひろくて	5
ひがしひろしま	4
ひがしふかしば	5
ひがしふしみ	4
ひがしふちのべ	4
ひがしへんな	4
ひがしほんまち	4
ひがしぼり	0
ひがしまいこ	4
ひがしまえ	4
ひがしまがり	4
ひがしまがりまち	6
ひがしまた	3
ひがしまち	3
ひがしまつうら	5
ひがしまつしま	5
ひがしまつやま	5
ひがしみずえ	4
ひがしみなとまち	6
ひがしみの	4
ひがしみよし	4
ひがしむろ	3
ひがしもこと	4
ひがしもとまち	5
ひがしもりしたちょう	7
ひがしもろかた	5
ひがしもろぎ	4
ひがしやぐち	4
ひがしやぐら	4
ひがしやしお	4
ひがしやしき	4
ひがしやつしろ	5
ひがしやまと	4
ひがしやまなし	5
ひがしゆり	3
ひがしよしの	4
ひがしよどがわ	5
ひきがやつ	3
ひきがわ	2
ひきふね	0
ひきみ	1
ひきもと	2
ひくま	1
ひくまの	0
ひぐちがり	3
ひこさき	2
ひこさん	0
ひこしま	0
ひこだに	2
ひこな	1
ひさいはら	2
ひさかたまち	4
ひさき	1
ひしいけおはらまち	7
ひしうら	2
ひしえ	0
ひしかり	2
ひしの	1
ひしま	0
ひしろ	1
ひじかわ	2
ひじゃ	1
ひじりがおか	4
ひすい	1
ひせのざき	3
ひたかつ	2
ひたかみ	0
ひたかみの	0
ひたちおおた	4
ひたちおおみや	4
ひたな	1
ひだかがわ	3
ひっぽ	1
ひついし	2
ひつがせん	3
ひつさ	1
ひつじがおか	4
ひつじのきり	0
ひつじやま	0
ひつやま	0
ひでや	1
ひでりた	0
ひとりざわ	3
ひなぐ	1
ひなたがい	3
ひなたわだ	3
ひなち	1
ひなで	0
ひなね	1
ひぬま	1
ひぬましもふくろ	6
ひねの	1
ひのあしきたの	0
ひのえまた	3
ひのかげ	2
ひのきお	3
ひのきがわ	3
ひのきちょう	3
ひのきない	3
ひのくちちょう	0
ひのくら	2
ひのた	1
ひのだけ	2
ひのでちょう	0
ひのみずちょう	4
ひばりがおか	4
ひばる	1
ひびきなだ	3
ひびた	1
ひびはら	2
ひぶり	1
ひみ	1
ひむかえ	2
ひめかた	2
ひめかわ	2
ひめさき	2
ひめしま	2
ひめど	1
ひもんや	2
ひゅうがわ	1
ひょうたんやまちょう	6
ひょうまち	1
ひょうよく	1
ひよしほんちょう	4
ひよどりづか	4
ひらいけひがし	2
ひらいずみ	3
ひらお	0
ひらおじょうすいちょう	6
ひらおだい	3
ひらかたちょう	4
ひらかまち	3
ひらがたけ	3
ひらさわ	0
ひらしば	0
ひらだいちょう	3
ひらどちょう	0
ひらない	2
ひらなが	2
ひらにわ	0
ひらぬま	0
ひらのさわ	3
ひらのちょう	0
ひらのほんまち	4
ひらやなぎ	3
ひらゆ	0
ひらら	1
ひるかわ	2
ひるが	1
ひるがこじま	4
ひるがしま	3
ひるがみ	0
ひるぜん	2
ひるわ	0
ひろうち	2
ひろかみ	2
ひろがわ	2
ひろがわら	3
ひろさき	2
ひろちちょう	0
ひろはた	2
ひろはら	2
ひろむら	2
ひろわたり	3
ひわき	1
ひわさ	1
びくにはら	3
びさく	0
びじょぎ	1
びつう	1
びゃくぜん	3
びょうぶがうら	4
びらとり	2
びるわ	1
びわせ	1
びんかい	1
びんこう	1
びんごの	0
びんさい	1
びんなん	0
びんほく	1
ぴざん	1
ふぁんちあ	1
ふうぷ	1
ふかうら	2
ふかうらまち	4
ふかえ	0
ふかくさいちのつぼちょう	9
ふかくさいなりえのきばしちょう	12
ふかくさかいどちょう	0
ふかくさしもよこなわちょう	10
ふかくさすじかいばし	7
ふかくさにしうらちょう	8
ふかくさはらいがわちょう	9
ふかぬま	0
ふかやす	2
ふがん	1
ふきあい	2
ふきい	0
ふきじま	0
ふきやちょう	0
ふきわれ	0
ふくがや	2
ふくさき	2
ふくさだ	2
ふくじの	0
ふくじょうじ	3
ふくすみちょう	4
ふくだまち	3
ふくちやま	0
ふくづか	2
ふくとみ	2
ふくどまり	3
ふくどみ	2
ふくなり	2
ふくの	1
ふくはく	0
ふくはら	2
ふくばたけまち	5
ふくひさ	2
ふくひさまち	4
ふくます	2
ふくますまち	4
ふくまち	2
ふくみつ	2
ふくも	1
ふくよしちょう	4
ふくろい	2
ふくろがわ	3
ふくろだ	0
ふくろばたけまち	6
ふくろまち	3
ふくわたり	3
ふげし	1
ふこうず	2
ふこうだ	2
ふさてぃ	1
ふざわ	0
ふしみちょう	0
ふしゅん	1
ふしょうじ	0
ふじいがはら	4
ふじえちょう	0
ふじかわぐちこ	1
ふじがおか	3
ふじがせ	2
ふじがみね	3
ふじがや	2
ふじがらちょう	4
ふじくぼ	0
ふじさか	2
ふじさと	2
ふじしろだい	4
ふじぬた	0
ふじの	1
ふじのき	1
ふじのちょう	0
ふじのみや	0
ふじまがり	3
ふじまき	2
ふじみだい	3
ふじみちょう	0
ふじよしだ	1
ふじよせ	2
ふじろほら	3
ふすまばな	3
ふせはた	2
ふたぬま	2
ふたわたしはま	5
ふちえ	0
ふちまち	2
ふっつ	0
ふついん	0
ふでやま	0
ふとおちょう	0
ふところやま	0
ふどうがさわ	4
ふどうさわ	2
ふないり	2
ふないりほんまち	5
ふないりまち	4
ふなうき	2
ふなえがおか	4
ふなお	0
ふなかわ	2
ふながた	2
ふながわみなと	5
ふなぎら	0
ふなじま	0
ふなだがり	0
ふなつ	1
ふなまち	2
ふなまつちょう	4
ふなみ	1
ふねい	1
ふねさわ	0
ふねひき	2
ふの	0
ふふう	1
ふまねき	2
ふみいり	2
ふもとまち	3
ふゆきちょう	0
ふりくさ	2
ふるいち	2
ふるえだい	3
ふるかわちょう	4
ふるくち	2
ふるこがらすまち	6
ふるじま	0
ふるたか	2
ふるびら	0
ふるまぎぬましんでん	7
ふるやしき	3
ぶこ	1
ぶじゅう	1
ぶじゅん	1
ぶすざわ	0
ぶぜんの	1
ぶぜんご	2
ぶっしょうざん	3
ぶっしょうざんちょう	5
ぶつへい	0
ぶながたけ	3
ぶばい	1
ぶりゅう	1
ぶんぐい	0
ぶんごおおの	4
ぶんごたかだ	4
ぷがんどん	2
ぷくぴょん	1
へいきょう	0
へいざえもんちょう	5
へいねい	0
へいりょうだい	3
へいわじま	0
へきざん	1
へきてい	0
へきなん	1
へぐら	1
へぐり	1
へこ	0
へそのたに	3
へたがさき	3
へつぎ	1
へど	1
へなし	1
へびじま	0
へびた	1
へびづか	2
へびひめ	2
へらさか	2
べいい	1
べっくちょう	0
べっしょちょう	0
べつかい	0
べんけいいしちょう	6
べんしゅう	1
べんしん	1
べんじょう	1
べんてんがおか	5
べんてんどおり	5
ほうきの	0
ほうきがわ	3
ほうきざわ	3
ほうこさい	3
ほうこばる	3
ほうさ	1
ほうさか	1
ほうしょうだい	3
ほうじど	0
ほうじょうまち	3
ほうじんちょう	3
ほうその	1
ほうだつしみず	5
ほうとうがたけ	5
ほうなんちょう	3
ほうべ	0
ほうほく	1
ほかわづ	0
ほきの	1
ほぎだに	2
ほくえい	2
ほくえつ	2
ほくけん	0
ほくさつ	0
ほくしゅれい	3
ほくしんえつ	3
ほくたいが	3
ほくだん	0
ほくのう	0
ほくはく	1
ほくばん	0
ほくへい	0
ほくようだい	3
ほくりくどう	4
ほこがたけ	3
ほこがみね	3
ほこさき	2
ほこた	1
ほごし	1
ほしおき	2
ほしか	1
ほしかわ	2
ほしがおか	3
ほしごえ	0
ほしづか	2
ほしのそう	3
ほしりょう	2
ほずえ	0
ほそえ	0
ほそお	0
ほそがだいら	4
ほそしま	0
ほそたに	2
ほそばたつかうら	6
ほそや	1
ほそやど	0
ほそろぎ	0
ほたるざわ	0
ほっくろ	0
ほったのき	3
ほったわら	3
ほっぴょう	0
ほっぽ	1
ほづ	0
ほづち	1
ほでん	0
ほとけいわ	3
ほとけがうら	4
ほとけがせん	4
ほとけがはら	4
ほとけざき	3
ほとけのはら	4
ほどがや	2
ほどくぼ	0
ほどの	0
ほどむら	2
ほない	1
ほなみ	1
ほねどおり	3
ほはん	1
ほばら	1
ほべつ	1
ほみ	1
ほみがおか	3
ほみちょう	0
ほむじ	1
ほやす	1
ほらがとうげ	4
ほらだに	0
ほらど	1
ほりじり	2
ほりづめ	0
ほりどめ	0
ほりどめちょう	4
ほりのくび	3
ほりむこう	3
ほろいずみ	3
ほろかない	3
ほろきた	0
ほろない	2
ほろわ	1
ほんかわね	3
ほんきり	0
ほんけい	1
ほんごうだいちょう	5
ほんごうもとまち	6
ほんざわい	3
ほんしお	1
ほんじがはら	4
ほんじょうにし	1
ほんじょはやしちょう	6
ほんどろん	1
ほんのがみ	3
ほんはねだ	3
ほんべつ	1
ぼうぐちちょう	4
ぼうさん	1
ぼうしま	0
ぼうぜ	1
ぼうのみさき	4
ぼくしゅう	1
ぼくすい	1
ぼくとく	1
ぼないくち	2
ぽるぎょ	1
ぽろしり	0
まいおか	1
まいかわ	1
まいさか	1
まいしま	0
まいずー	1
まえがさき	3
まえがた	2
まえがぬき	3
まえがわら	3
まえざと	2
まえしばちょう	4
まえつえ	2
まえどこ	0
まえのしょう	3
まえばやし	3
まかど	1
まかび	1
まがねちょう	0
まがま	0
まがりかね	3
まがりかわ	3
まがりがたけ	4
まきおか	0
まきおかちょう	2
まきおさんちょう	4
まきおち	0
まきのいり	3
まきのお	3
まきみどりちょう	5
まきむく	2
まきや	1
まきやまちょう	4
まくいわ	2
まくかわ	2
まくずがはら	4
まくだ	1
まくつがはら	4
まくべつ	2
まくらざき	3
まくらばし	3
まくわり	2
まこまない	3
まごおりちょう	0
まごさき	2
まごべえしんでん	5
まごめ	0
まさらがわ	3
ましき	1
ましけ	1
ましげ	0
まじゃ	1
ますがた	0
ますほ	1
まそし	1
またぐまちょう	4
またま	1
まだらお	0
まちうら	2
まちお	0
まちか	1
まちかね	0
まちかわ	2
まっさきちょう	4
まついそ	2
まついだ	2
まつかげちょう	4
まつかだい	3
まつかわ	2
まつかわちょう	4
まつがうら	3
まつがえ	2
まつがえちょう	4
まつがおか	3
まつがおかちょう	5
まつがさき	3
まつがしま	3
まつがたお	3
まつがはな	3
まつがはま	3
まつぎし	2
まつさと	2
まつしげ	2
まつしまがらみ	5
まつしろ	0
まつだい	2
まつだそうりょう	4
まつなみ	0
まつなわ	2
まつの	1
まつのお	3
まつのやま	3
まつはば	2
まつばがやつ	4
まつばせ	2
まつばたけ	3
まつばちょう	0
まつばな	2
まつひろ	2
まつぶし	2
まつぶち	2
まつほ	1
まつもり	2
まつやまち	3
まつわ	0
まてがた	0
まての	1
まとがはま	3
まとば	0
まとや	1
まどさわ	0
まにわ	1
まばし	1
まび	0
まぶに	1
まみあなまち	4
まみがさき	3
まむた	1
まむろがわ	3
まめど	0
まめどちょう	0
まやち	1
まりふまち	3
まりやつ	2
まりやま	0
まるいわ	0
まるがめ	0
まるせっぷ	3
まるたまち	3
まるもり	2
まるやまだい	4
まるやまちょう	4
まわき	1
まんだつ	1
まんもう	0
みあさ	1
みおそのえん	4
みかお	0
みかげつかまち	5
みかわえん	3
みがくれ	2
みがわちょう	0
みこがや	2
みこのはま	3
みこもと	2
みさかちょう	0
みさきまち	3
みさくぼ	2
みさけ	0
みさしま	0
みじあげひら	4
みすぎ	1
みすみちょう	0
みずえちょう	0
みずがせ	0
みずがま	0
みずさわ	0
みずしり	2
みずなし	2
みずなみ	2
みずのうらまち	5
みずのえ	3
みずはた	2
みずまき	2
みそのちょう	0
みぞくち	2
みぞべ	1
みたち	1
みだがはら	3
みちした	0
みちのお	0
みちのべ	0
みちのべちゅうおう	7
みちべがり	0
みつかいどう	3
みつかいどうふちがしらまち	11
みつくり	2
みつぐまち	3
みつしま	2
みつやち	2
みとしろ	0
みとの	0
みどりがおか	4
みどりがおかなかまち	8
みどりがはま	4
みどろがいけ	0
みどろまち	3
みなかみだい	4
みなとがおか	4
みなとさと	3
みなとざき	3
みなとはま	3
みなとやままち	5
みなの	1
みなべがわ	3
みなみあいき	4
みなみあいづ	4
みなみあきた	4
みなみあしがら	5
みなみあそ	4
みなみあづみ	4
みなみあまべ	4
みなみありま	4
みなみあるぷす	4
みなみあわじ	4
みなみいおう	4
みなみいけぶくろ	6
みなみいせ	4
みなみうお	3
みなみうおぬま	5
みなみうずら	4
みなみうずらの	6
みなみうら	4
みなみうわ	4
みなみおおうち	4
みなみおおさわ	4
みなみおおすみ	4
みなみおおだいら	6
みなみおおやま	3
みなみおかじま	5
みなみおきのす	4
みなみおぎくぼ	4
みなみおぐに	4
みなみかがや	4
みなみかにや	4
みなみかやべ	4
みなみかわ	3
みなみかわち	4
みなみかわら	4
みなみかんばら	4
みなみがおか	4
みなみがはら	4
みなみくしやま	5
みなみくるまやちょう	7
みなみげばのちょう	6
みなみこうじ	4
みなみこま	3
みなみごうのせちょう	7
みなみござ	0
みなみごよう	4
みなみさいたま	4
みなみさいわい	4
みなみさく	3
みなみさくまちょう	6
みなみさつない	5
みなみさつま	4
みなみさんりく	4
みなみしいのきや	0
みなみしげやす	5
みなみしたうらまち	7
みなみしたら	4
みなみしながわ	4
みなみしなの	4
みなみしばう	4
みなみしまばら	5
みなみしんまち	4
みなみせんだんばたまち	9
みなみせんば	4
みなみそう	3
みなみそうま	4
みなみそお	0
みなみたかき	4
みなみたなかきたはやしもと	11
みなみたなかきたはら	8
みなみたなかきたほそだ	9
みなみたなかなかむらい	9
みなみたなかにしはやしもと	11
みなみたなかひがしはやしもと	12
みなみたなかみなみはやしもと	12
みなみたね	3
みなみちた	3
みなみつかぐちちょう	7
みなみつがる	4
みなみつる	3
みなみづか	3
みなみづかまち	5
みなみてんまちょう	6
みなみでぐち	4
みなみときくに	5
みなみともり	4
みなみとりしま	5
みなみながさき	5
みなみなす	4
みなみなべちょう	5
みなみにじょうにし	4
みなみの	0
みなみはまちょう	5
みなみはら	3
みなみはりまやちょう	7
みなみはんだ	4
みなみひらさわ	4
みなみふらの	4
みなみほし	3
みなみほり	3
みなみほりえ	4
みなみほんじゅくちょう	7
みなみぼうそう	4
みなみまき	3
みなみまつうら	5
みなみみのわ	4
みなみむかい	4
みなみむら	0
みなみむろ	3
みなみめ	0
みなみもとまち	5
みなみもりまち	5
みなみもりもとまち	7
みなみやましろ	5
みなみよしだまち	6
みぬめ	1
みねおか	0
みねがどう	3
みねがはら	3
みねごし	2
みねまち	2
みのお	0
みのかも	0
みのこし	2
みのさかもと	4
みのぜ	1
みのたに	2
みのばやし	3
みのぶ	1
みのやま	0
みはか	0
みふねやま	0
みほのせき	3
みぼろ	1
みまかわ	2
みまきがはら	4
みまやちょう	0
みみうち	2
みみかわ	2
みみと	1
みみどろの	0
みみなし	0
みみはら	2
みもすそ	0
みやうしろ	3
みやうら	2
みやおい	2
みやかた	2
みやがおか	3
みやがさき	3
みやがせ	0
みやがはら	3
みやがわちょう	4
みやくぼ	2
みやこがわ	3
みやこじ	3
みやこじま	0
みやこのだい	4
みやざきだい	4
みやしげ	2
みやじ	1
みやじまぐちにし	0
みやじまぐちひがし	0
みやじゅく	2
みやぜき	2
みやたき	2
みやたけ	0
みやにしちょう	4
みやのうら	3
みやのさと	3
みやのさわ	3
みやのした	3
みやのじょう	3
みやのだい	3
みやのつじ	3
みやのはら	3
みやのもり	3
みやはまおんせん	5
みやほうべ	3
みやぼまち	3
みやまえだいら	5
みやまえちょう	4
みやます	0
みやよりかみ	3
みゆきちょう	0
みゆきにし	0
みょうがやま	0
みょうこうこうげん	5
みょうざい	1
みょうしょうじ	1
みょうじんがたけ	5
みょうじんちょう	3
みょうだに	0
みょうでん	1
みよざき	2
みよた	1
みより	1
みるかし	0
みわのむら	0
みんほう	1
みーいー	1
むかいおぼない	5
むかいこだら	4
むかいさかい	4
むかいしまちょう	5
むかいじま	0
むかいのだ	0
むかいはま	2
むかいはら	2
むかいばら	2
むかいまち	2
むかいやまおおいけちょう	9
むかえまち	3
むかた	1
むぎさき	2
むくえ	1
むくえだ	0
むくな	1
むくなし	2
むくはら	2
むぐらばる	3
むげがわ	2
むこうがおか	4
むこうがみ	0
むこうさかがや	5
むこうまち	2
むこじま	0
むこちょう	2
むこもどりのはな	3
むさしがおか	4
むさしむらやま	5
むしづか	2
むしろうち	0
むしろだ	0
むじなやま	0
むすだん	1
むつざわ	2
むつよりちょう	4
むつろ	1
むねがわ	0
むねきよ	0
むや	1
むやちょう	0
むらくし	2
むらくしちょう	4
むらさきがわ	4
むらさきの	0
むらさきのかみつきやまちょう	11
むらさきのかみとりだちょう	10
むらさきのしもとりだちょう	10
むらもと	2
むろつ	1
むろづみ	2
むろどう	2
むろね	1
むろはま	0
めいかきょく	3
めいかつ	1
めいこんじん	3
めいのはま	3
めおとぶち	3
めかわ	1
めがひら	2
めき	1
めくじり	2
めぐみのおか	0
めざめのがま	0
めざめまち	3
めじの	1
めとば	0
めなし	1
めぬま	1
めばるざき	3
めふ	0
めや	0
めら	1
めりらんど	3
めんがひら	3
めんちく	1
めんねい	1
もあしょろ	0
もいわ	1
もうきょう	0
もうね	0
もうらい	1
もかげ	1
もがさき	2
もこと	0
もざわ	0
もじり	1
もすげ	1
もずのみみ	1
もずめ	1
もせうし	2
もちがせ	2
もちこ	1
もちむね	2
もとあかさか	4
もとあざぶ	3
もといいら	3
もとうら	2
もとえちょう	0
もとおまち	5
もときたかた	4
もときにしまち	4
もときみなみまち	6
もとぎくちょう	4
もとくぼちょう	4
もとさくら	3
もとじゅく	2
もとじゅくちょう	4
もとそうじゃまち	5
もとたて	2
もとだいまち	5
もとちょうみょうじちょう	0
もとつか	2
もとてらこうじ	5
もとぬわ	0
もとの	1
もとのはた	3
もとまちどおり	5
もとみまち	3
もとやごと	3
もとやしき	3
もとやまちょう	4
もとわり	0
ものう	0
もへじ	1
もみさわ	0
もみやままち	4
ももいわ	0
ももがおか	3
ももくばり	3
もものきはら	4
ももはら	2
もりうら	2
もりがおか	3
もりがさき	3
もりがわちにし	3
もりぐろ	0
もりしたちょう	4
もりたけ	2
もりまつまち	4
もりみつ	2
もりよし	2
もろかた	2
もろがたの	2
もろがた	1
もろあがた	3
もろざき	2
もろつ	1
もろつか	2
もろのあがた	4
もろよせ	2
もろわ	0
もんでん	1
やあし	1
やいたまち	3
やいづ	0
やうまてぃ	2
やうんと	2
やかげ	1
やかたばる	3
やがさき	2
やがじ	1
やがせ	1
やがわら	2
やきしり	0
やくえんだい	3
やくちちょう	0
やくの	1
やくらちょう	0
やけざき	2
やけだけ	2
やけぬま	0
やげんぼりちょう	5
やこく	1
やごしま	0
やさしちょう	0
やさしどちょう	0
やしまにしまち	5
やしゃがいけ	3
やすうら	2
やすかた	2
やすづか	2
やすとみ	2
やすなみ	0
やすのたき	3
やすまち	2
やすまつ	2
やすまん	0
やすみや	3
やぜ	1
やたか	1
やたけ	1
やつぼ	0
やとみちょう	0
やないづ	2
やないづちょう	0
やないはら	2
やながえちょう	4
やながせ	0
やながせどおり	5
やなぎがつぼ	4
やなぎこうじ	4
やなぎさき	3
やなぎしま	3
やなぎちょう	0
やなぎのばんば	5
やなぎはら	3
やなぎばし	3
やなぎまち	3
やなぎもりちょう	4
やなざわ	0
やなだに	2
やなはら	2
やなば	0
やなべ	1
やねせん	0
やのう	0
やのうえ	2
やはぎ	0
やはずがもり	4
やはらしんでん	4
やばけい	2
やひこ	1
やぶかわ	2
やぶさわ	0
やぶつか	2
やぶづかほん	4
やぶはら	2
やべ	0
やほ	1
やまいいの	3
やまう	0
やまえ	0
やまがき	2
やまきた	2
やまぎしまち	4
やまごもり	3
やましたちょう	0
やましたどおり	5
やまじり	2
やまぞえ	0
やまだいけひがしまち	8
やまだちょう	0
やまだにまき	4
やまつり	2
やまてちょう	0
やまとしまね	1
やまとたかだ	4
やまなかこ	4
やまのい	3
やまのいの	3
やまのくち	3
やまのはなちょう	5
やまのべ	0
やまばなもりもとちょう	8
やまぶきちょう	4
やまやほり	3
やまりょう	2
やむべつ	0
やもと	1
ややま	1
ややまち	2
やよいちょう	0
やりかわ	2
やりさわ	0
やりみぞ	2
やりやまち	3
やろうがまえ	4
ゆいがはま	3
ゆうざき	1
ゆうしゅうだいにし	3
ゆうたり	1
ゆうのさわ	3
ゆうひがおか	4
ゆうべつ	1
ゆうみ	0
ゆうわつばきかわ	6
ゆがしま	2
ゆがわら	2
ゆきがみね	3
ゆきがや	2
ゆきくら	2
ゆきまつ	2
ゆざき	1
ゆざと	1
ゆすはら	2
ゆずい	0
ゆずりはやま	0
ゆずりはら	3
ゆたかちょう	0
ゆだおんせん	3
ゆついわ	2
ゆづかみ	2
ゆのうら	2
ゆのお	0
ゆのかみ	1
ゆのごう	1
ゆのさわ	1
ゆのたに	2
ゆのつ	1
ゆのはま	2
ゆのみね	2
ゆのもちぎ	0
ゆのや	2
ゆばら	1
ゆびそ	1
ゆびほん	2
ゆびまち	2
ゆぶねざわ	3
ゆまた	1
ゆみいけ	2
ゆみがはま	3
ゆみざわちょう	4
ゆみちょう	2
ゆみのちょう	0
ゆむら	1
ゆめしま	0
ゆめみがさき	4
ゆらのみさき	4
ゆりあげ	0
ゆりはま	0
ゆりほんじょう	3
ゆわかし	0
ゆわん	1
ゆーちゅえ	1
よいた	1
ようかく	0
ようこうだい	3
よきの	1
よくら	1
よこいし	4
よこうち	2
よこおおじ	3
よこがわしんまち	5
よこくら	2
よこごし	2
よこさき	2
よこささ	0
よこしば	2
よこしばひかり	5
よこしょうじちょう	5
よこしろ	0
よこぜ	1
よこたけ	2
よこたしも	1
よこだけ	2
よこまち	2
よこつ	1
よこて	1
よこてらまち	4
よこはしり	3
よこばたけ	3
よこばやし	3
よこぼり	2
よこまくら	3
よささ	1
よさみ	1
よさみの	1
よしあせ	2
よしうみ	2
よしか	1
よしかい	2
よしがうら	3
よしき	1
よしだいずみでんちょう	7
よしちょう	2
よしなが	2
よしぬまちょう	4
よしのがり	0
よしのがわ	3
よしのだに	3
よしのちょう	0
よしふじ	2
よしま	1
よしまちょう	0
よしまつ	2
よしやまち	3
よしわ	0
よちょうまち	2
よどえ	0
よどの	0
よどやばし	3
よなぐすく	3
よなしろ	0
よなばる	2
よねがさき	3
よねしろ	0
よねまち	2
よねみ	0
よのうづ	2
よびさか	2
よびさき	2
よびと	1
よびまつ	2
よふけ	1
よぶこ	1
よほろ	0
よめがさき	3
よめがしま	3
よめごう	2
よめじま	0
よもがわ	0
よもぎさわ	3
よもぎた	0
よもぎとうげ	4
よもち	1
よもつひらさか	5
よよう	1
よよぎかみぞのちょう	7
よらまち	2
よりい	0
よりも	1
よわたり	2
らいこけ	0
らいざん	1
らいだい	1
らいよう	1
らえつ	1
らえつぎ	2
らくおう	2
らくざん	2
らくろう	1
らしゅう	1
らなん	1
らんこし	1
らんしゅう	1
らんつ	1
りくかすい	3
りくぜん	2
りくぜんたかた	5
りくべつ	2
りざん	1
りしりふじ	3
りゅうおうとう	3
りゅうかわやま	4
りゅうがおか	3
りゅうがきょう	0
りゅうがさき	3
りゅうがし	0
りゅうがたけ	3
りゅうがみず	3
りゅうごん	1
りゅうざき	1
りゅうせいがはら	5
りゅうなん	1
りゅうほく	1
りゅーしゃこうず	4
りょうかみ	1
りょうがおか	3
りょうごうち	3
りょうつ	1
りょうとんずしちょう	6
りょうねい	1
りょうばん	0
りょうもう	0
りょくえん	2
りょくえんなか	3
りんあん	1
りんしん	0
りんじょ	1
りんふん	1
りんゆ	1
りんわい	0
るさ	1
るさが	1
るしべ	1
らんびに	1
れいしゅう	1
れいじゅ	1
れいせんじ	1
れいへき	0
れいほく	1
れきふね	0
れっどぱいく	4
れんだいじ	1
ろうげつちょう	1
ろうやだい	1
ろきゅう	1
ろくしん	1
ろくせい	1
ろくもん	2
ろくや	1
ろくろ	1
ろしゅう	1
ろんちがはら	4
ろんちん	1
わいあん	1
わいいん	0
わいかい	1
わいが	1
わいすい	0
わいたん	0
わいどり	2
わいなん	0
わいよう	1
わかうら	2
わかえ	1
わかえの	0
わかさかない	4
わかさと	2
わかば	1
わかばやし	3
わかひこ	2
わかほ	1
わかみ	1
わかやなぎ	3
わきがみ	0
わきざき	2
わきのさわ	3
わきのた	0
わきぶくろ	3
わきみさき	3
わきみさきまち	5
わきもと	2
わくいけ	2
わくや	1
わさだ	1
わしがせん	3
わしがとう	3
わしがはま	3
わしざき	2
わしず	0
わしば	0
わしばがたけ	4
わしみや	2
わじき	1
わせや	1
わたのは	0
わたりがわ	3
わたりしま	0
わだみちょう	0
わち	0
わっさむ	1
わで	0
わどまり	2
わながや	2
わにうら	2
わにし	1
わにまち	2
わのうち	2
わらはら	2
わらびおか	3
わらびたい	3
わりづかどおり	5
わるさわ	0
わろうざき	2
わんちゃい	1
あいそめ	0
あきほ	1
あさじ	1
いっぺい	0
いぶり	1
おうせ	1
おしあげ	0
かのえ	0
くが	0
さほ	1
しもくみ	0
たかみね	2
たけの	1
たゆい	1
とがわ	1
どうすじ	1
なぐり	1
なこ	1
にちはら	2
ねごう	1
ねんがら	0
ほりのうち	3
まかべ	1
みやがわ	0
ろくじろう	2
わたど	1
あさみぞ	0
いりで	1
おおせ	1
かましつ	0
かもう	1
ぐんない	1
こねい	1
さんぶ	1
じとっこ	2
するがの	1
ぜいこみ	0
ちんと	1
とみえ	0
どうほう	0
なかせん	2
ぬくい	1
みなくち	2
やまくに	2
りょうおもい	3
わたらい	1
わたりいた	4
あてがわ	0
うばら	1
おびえ	0
かきのき	2
かちどき	2
かみきた	2
かみくず	3
きあい	0
きよかわ	2
しずめ	0
しょうだて	0
しんかぶ	1
すせ	1
たがた	1
どうさく	0
にご	1
はいぷら	0
ひろおか	2
みやはら	2
もんべつ	1
ゆかざい	0
あらり	1
いえさだ	2
おがさ	1
おわん	1
かなづ	1
かべざい	0
さよの	1
しきまん	0
しょうず	0
じかまき	0
たねいち	2
たねです	0
とよち	1
のじま	0
のじり	1
ひきにく	0
ふかや	1
まんいちろう	3
みやづ	1
もとみや	2
もれりつ	2
やぶき	1
ろくろう	0
あしだ	1
あずかりきん	0
あぶらしょう	0
いしげ	0
いそべ	1
うすじ	0
かみのやま	3
くずまい	0
げつび	1
したら	1
だいびき	0
なごえ	1
はこだ	1
みずしま	0
いしがみ	0
いわぎ	1
おおとし	0
かじわら	0
ささや	1
しききん	2
ずがら	0
ちゅうごし	0
てだい	0
なかどまり	3
ながぬま	0
なまゆでめん	4
にだい	0
のしま	1
ひきすう	3
へんがお	0
ほくない	2
らんざん	1
いそご	0
うおざ	0
うたがいれい	3
おれせん	0
かかりいん	3
ぎゅうかわ	0
くちえ	0
ごはんもの	0
じゅくがよい	3
じょうまわり	3
ぜんけた	1
たかな	0
たままつり	3
たんおん	0
てらうち	2
とみざわ	0
なかす	0
ながしだい	0
にしきょう	2
びっちゅう	1
びっちゅうの	0
びんちゅう	1
へんだて	0
ほっしゅう	0
まとめやく	0
やくづくり	3
りまわり	2
かくぬき	0
かずひこ	2
からとう	0
くろまく	0
さくがら	0
しまもと	2
ぜんびけ	0
たくしま	0
つづきの	0
てらまち	2
とおりま	3
とくだわら	3
ぬのまく	0
ふみよ	0
みなせ	1
ゆうぎょう	0
ゆざ	0
わしま	1
こしき	2
こんいろ	0
さかびん	0
しいれりょう	3
しょくべに	0
そこち	0
たるい	0
だんあげ	0
でりつ	1
ともじ	0
のぎざか	0
はさま	0
はだかせん	0
ひばち	1
ふくぶくろ	3
ふじえだ	0
ふとじ	0
ふわたり	2
ほんごし	0
まもの	0
みづ	0
もののぐ	3
りはば	0
りょうはな	0
あきびん	0
あとぼう	0
いたこの	0
うけにん	0
うまたん	0
えきちか	0
えごころ	2
えさだい	0
おとめざ	0
かなぐ	0
かめかん	0
きちがひ	3
きぬけ	0
ぎゃくざや	0
くるまざ	0
けしいん	0
こうとりい	4
こきょくき	3
こべ	1
しゅぶさ	0
しょくさがし	3
じすべり	2
ぜいびき	0
ぜんだま	0
そうあたり	3
そうくずれ	3
たてぐ	2
ちゅうづり	0
つかいま	2
てはい	0
てんそば	0
とおしけん	3
とめぐ	0
なみひん	0
ならびじゅん	0
にくじゃが	0
にくばさみ	3
のこりごはん	4
はちあげ	0
はちぞこ	0
はやご	0
はれぱ	0
ふくみえき	3
ぼうかび	0
まいふゆ	0
まめかん	0
まめほん	0
まるばつ	0
むぎさく	0
もちてん	0
りょうひざ	0
わざてん	2
あいきゃく	0
あいざ	0
あいてん	0
あいのしゅく	3
あいはん	0
あいふ	0
あいふく	0
あいやく	0
あえめん	2
あおいか	0
あおせん	0
あおぜい	0
あおちゅう	0
あおてん	0
あおとう	0
あおばん	0
あおふく	0
あおほん	0
あおぼう	0
あおゆう	0
あかがわら	3
あかぎゅう	0
あかけい	0
あかげっと	3
あかたん	0
あかてん	0
あかとう	0
あかどう	0
あかにく	0
あかばん	0
あかほん	0
あかぼう	0
あかま	0
あかもん	0
あからく	0
あかりてん	3
あきぎく	2
あきけい	0
あきごう	2
あきさく	0
あきしつ	0
あきしょう	3
あきふく	0
あくがた	0
あくずき	0
あくたこつ	3
あくだま	0
あくばらい	3
あけばん	0
あげせん	0
あげぜん	2
あげふ	0
あげまい	0
あげゆ	0
あさこん	0
あさしゃん	0
あさちゃ	2
あさばち	0
あさふく	0
あさべん	0
あさりかん	0
あされん	0
あしげい	0
あしこう	0
あしじゅん	0
あしだい	0
あしへん	0
あじわいごはん	5
あずかりきゃく	4
あずかりち	4
あずきかん	0
あずきごはん	4
あずけばち	3
あそびきゃく	3
あそびにん	0
あそびりてーしょん	5
あそびりょう	3
あたまさ	0
あたりけん	3
あたりばん	0
あたりやく	0
あつかいえき	3
あつかいすう	3
あつかん	0
あつじ	0
あつよう	0
あてがいじょう	0
あてしょく	0
あてち	0
あとげつ	2
あとしき	0
あとやく	0
あなけい	0
あなせん	0
あなばん	0
あにおう	2
あにぶん	2
あにやく	0
あねたく	0
あばらきん	0
あばらにく	3
あばれりゅう	3
あばれんぼう	0
あふれめん	3
あぶみこつ	3
あぶらえ	3
あぶらざ	0
あぶらだい	0
あぶらちん	3
あぶらにく	3
あぶりき	3
あほうどり	2
あましょく	0
あまとう	0
あみき	2
あみこう	0
あみしん	0
あみじ	0
あみだい	0
あみてん	0
あみはん	0
あみぼう	2
あみりょう	2
あめるい	2
あめんぼう	0
あやじ	0
あらいだい	0
あらたまりど	5
あらためちょう	4
あらためやく	0
あらちゃ	0
あらどう	0
ありてい	0
ありのとう	4
あわせえ	3
あわせめん	0
あわてんぼう	0
あわふ	0
あんいり	0
あんじがお	0
あんじたて	3
あんだま	0
あんづくり	3
あんばこ	0
いいじょう	0
いおりてん	3
いかだぎょう	3
いかだし	3
いかりど	3
いきたい	0
いきびん	0
いぎょく	0
いぐすり	2
いさみね	0
いしえ	0
いしく	0
いしけん	0
いしへん	0
いじょく	0
いたえん	2
いたちょう	2
いたちょこ	0
いたび	2
いためごはん	4
いつみ	0
いとこやく	0
いとこれん	3
いとへん	0
いとゆう	2
いとらん	2
いなかべん	0
いぬご	0
いのちりょう	3
いのふ	0
いばりんぼう	3
いぶくろ	2
いぶしぎん	0
いぶしどう	0
いぶりがっこ	4
いぼじ	2
いまよう	0
いもうとたく	4
いもうとぶん	4
いもごはん	3
いもたれ	2
いもちびょう	0
いもばん	0
いやち	0
いらせい	0
いりすう	3
いろあく	0
いろじ	0
いろはん	0
いろばん	0
いろべつ	0
いわいきゃく	2
いわいきん	0
いわごう	0
いわさく	0
いわざ	0
いわしりょう	3
いわじ	0
いわりょう	2
いんばこ	0
いんふたぎ	3
いんべい	1
ういじん	0
うおへん	0
うきえ	0
うきべん	0
うぐいすじょう	4
うけじく	2
うけだい	2
うけばち	2
うけれい	0
うごきりょう	3
うさぎず	3
うしか	0
うしへん	0
うすにく	0
うすふぁんで	3
うすめえき	3
うすよう	0
うずじょう	0
うずみもん	3
うずりゅう	0
うたげい	0
うたしゃ	0
うちげば	0
うちごはん	3
うちしゅ	0
うちじょう	0
うちつこく	3
うちとら	0
うちぶ	0
うなぎりょう	3
うなじゅう	2
うにあん	0
うばどう	2
うまふく	0
うまへん	0
うみせん	0
うめあん	2
うめかつ	0
うめごはん	3
うめしゅ	0
うめちゃ	0
うめはい	0
うめふ	0
うめまよ	0
うめもん	0
うらいん	0
うらけい	0
うらけん	0
うらさく	0
うらじ	0
うらじゃく	0
うらどら	0
うらないがく	3
うらないじゅつ	3
うらほん	0
うらもん	0
うらよう	0
うりおぺ	0
うりき	0
うりぎょく	0
うりざん	2
うりだい	0
うりぼう	2
うるうびょう	2
うるおいかん	3
うるしえき	3
うるしじ	0
うるしじゅう	3
うるしせい	0
うるしべの	0
うるしぼん	0
うれせん	0
うれね	0
うわしん	0
うわじょく	0
うんぐさ	0
うんだめし	3
うんまかせ	3
えあわせ	2
えかき	3
えがすり	2
えがた	0
えきうけ	0
えきうら	0
えきうらない	3
えきがわ	0
えきこん	0
えきだめ	0
えきどめ	0
えきひろ	0
えことば	2
えごよみ	2
えさがし	2
えさまい	0
えざら	1
えすがた	2
えだかん	0
えだぎく	2
えだこ	2
えだしん	0
えだにく	0
えだばん	0
えだりょう	2
えづら	0
えどころ	2
えのぐ	0
えはだ	1
えびき	0
えびじょう	0
えびすこう	0
えびちゃ	0
えふだ	1
えぶすま	2
えぶみ	0
えふみ	1
えらぶつ	0
えりしょう	0
えりしん	0
えりぜに	0
えんえらび	3
えんげた	0
えんさだめ	3
えんじわけ	0
えんつづき	3
えんづき	0
えんづら	0
えんばな	0
えんびき	0
えんむすび	3
おいこん	0
おいしょう	0
おいしんぼ	0
おいしんぼう	0
おうあり	0
おうぎえ	3
おうごろし	3
おうじわざ	0
おうづか	0
おうに	1
おおじめ	0
おおじゅく	0
おおはち	0
おおびん	0
おおぼん	0
おおわん	0
おかへん	0
おかみやく	0
おきじ	0
おきすろ	0
おきち	0
おきてい	0
おきとく	0
おきべん	0
おきりょう	2
おぎょう	0
おくい	1
おくがわ	0
おくしがお	0
おくのいん	3
おくへき	0
おくりりょう	3
おくりれい	3
おこしえ	3
おことてん	0
おこりんぼ	3
おこりんぼう	3
おさえばね	4
おさえぼう	3
おさえやく	0
おしえま	3
おしかく	2
おしさかべ	3
おしじゅん	0
おしとう	0
おそばん	0
おだぶつ	2
おちかん	0
おちけん	0
おちさら	0
おちつき	0
おちょう	1
おっとやく	0
おつがた	0
おつなか	0
おとうとたく	4
おとうとぶん	4
おとうとやく	0
おとげー	0
おとこきゃく	3
おとこのう	0
おとこへん	0
おとなしゃ	3
おとりかん	0
おとりやく	0
おどりちょう	0
おどりぶ	0
おどろきぞん	0
おどろきばん	0
おなごし	3
おにく	1
おにご	0
おはだ	0
おびきん	0
おびざん	0
おびしん	0
おびじ	0
おびてつ	0
おびふう	0
おぼえちょう	0
おみせい	2
おもこう	0
おもてぐ	3
おもてけい	0
おもてげい	3
おもみわ	3
おもりいと	4
おやき	2
おやばん	0
おやぽけ	0
おやわん	0
おりじ	0
おりじょう	0
おりせん	0
おりだい	0
おりちょう	0
おりちん	2
おりほん	0
おろしき	3
おろしぎょう	3
おんがな	0
おんきせ	0
おんこん	0
おんぞうし	3
おんたま	0
おんなうん	0
おんなえ	3
おんながく	3
おんなきゃく	3
おんなしゅう	3
おんなど	3
おんなのう	0
おんなへん	0
おんなめん	3
おんなりょく	3
おんはだ	0
おんびき	0
かいがけ	0
かいぎょく	0
かいにく	0
かいはた	0
かいばこ	0
かいぽじ	0
かいわく	0
かいわたり	3
かえしち	3
かえしん	0
かえじ	0
かえせん	0
かえりち	3
かえりちゅう	3
かえりてん	3
かえるちょこ	4
かおがく	0
かおがっ	0
かおやく	0
かかりちょう	3
かかりめい	0
かきえ	2
かきじゅん	0
かきはん	2
かきぴー	0
かきもん	2
かきやく	2
かきゆう	2
かぎぼう	0
かぎやく	0
かくあい	0
かくあな	0
かくおち	0
かくおび	0
かくがり	0
かくがわり	3
かくぎり	0
かくさげ	0
かくざら	0
かくしきゃら	4
かくしけん	3
かくしげい	3
かくしだい	3
かくしもん	3
かくすじ	0
かくそで	0
かくそま	0
かくだこ	0
かくづくり	3
かくづけ	0
かくなり	0
かくのみ	0
かくばしら	3
かくばり	0
かくびき	0
かきびき	0
かくまき	0
かくまる	0
かくみち	2
かくもち	2
かくもの	0
かくれきゃら	4
かくれもん	0
かぐらでん	3
かけごう	0
かけしょ	0
かけじ	2
かけじょく	2
かけず	2
かけばん	0
かけふく	2
かけりつ	2
かげえ	2
かげぜん	2
かげもん	2
かこいち	3
かこいまい	0
かごじ	0
かさねじゅう	3
かざりえ	3
かざりしょく	3
かざりじ	0
かざりびょう	0
かしかん	0
かしこつ	0
かしざい	2
かししつ	0
かしせき	0
かしち	0
かしほん	0
かしぼう	2
かしらしゅう	3
かしらじ	3
かじきざ	0
かすみけい	0
かすみてい	0
かぞえご	3
かぞえぼう	3
かたきやく	0
かたげん	0
かたざい	0
かたじく	2
かたじん	0
かたせん	0
かたぞう	0
かたはい	0
かたばん	0
かたびん	0
かたふく	2
かたへん	0
かたぼう	0
かたまりにく	4
かたむきかく	4
かためん	0
かたもん	0
かちうん	0
かちすう	2
かつおせん	0
かつぎぼう	3
かなぶつ	0
かなぼう	0
かにざ	0
かねご	0
かねじゃく	0
かねどう	0
かねへん	0
かばんてん	2
かびきん	0
かぶかて	0
かぶきもん	3
かぶごはん	3
かぶすう	2
かぶせちゃ	3
かぶとばち	3
かべえ	0
かまごはん	3
かまちく	0
かまばん	0
かみじゃけ	0
かみせき	2
かみなりふうじ	5
かみぱ	0
かみりょう	2
かみんじょ	2
かむりだい	0
かめのこう	4
かめもく	2
かもごはん	3
かもにく	2
かもりょう	2
かゆしょく	0
かゆぜん	0
かゆめん	2
かよいこん	3
からえ	0
からしでい	3
からしゆ	3
からじ	0
からすざ	0
からすへい	3
からどう	0
からわん	0
かりえき	2
かりかん	0
かりき	0
かりくい	0
かりざ	0
かりしゃく	0
かりじゅ	0
かりたく	0
かりち	0
かりちん	2
かりめん	0
かるかん	0
かるてん	0
かれぎく	2
かわかばん	3
かわぐ	2
かわじゃん	0
かわせりょう	3
かわそう	0
かわたろう	2
かわへん	0
かわらざん	3
かわらしょく	3
かわらばん	0
かわりごはん	4
かわりょう	2
かわろう	0
かんあかね	3
かんいか	1
かんいり	0
かんおこし	3
かんかくし	3
かんかな	0
かんがらす	3
かんがわ	0
かんさば	0
かんざくら	3
かんさらし	0
かんざわら	3
かんじこみ	3
かんじり	0
かんすずめ	3
かんすばる	3
かんぜり	0
かんぞこ	0
かんため	0
かんだら	0
かんつき	0
かんつばき	3
かんつり	0
かんづり	0
かんどめ	0
かんなぎ	0
かんぬき	0
かんのむし	0
かんびらめ	3
かんぶろ	0
かんべに	3
かんぼし	0
かんまいり	3
かんむりめい	4
かんもうで	3
かんもの	0
がいため	0
がいたれ	0
がいば	1
がくいた	0
がくざら	0
がくぶろ	0
がくぼり	0
がけめん	0
がぜめ	0
がむし	1
がわしょう	0
がんだれ	0
がんつけ	0
がんづき	0
がんほどき	3
がんまく	0
きあけ	0
きいでん	0
きうけ	0
きおれ	0
きがさ	0
ききちゃ	0
ききま	2
きくがさ	2
きくがさね	3
きくがた	0
きくがら	0
きくきり	0
きくさき	0
きくざけ	2
きくつぼ	0
きくづき	2
きくづくり	3
きくとじ	0
きくばたけ	3
きくびより	3
きくまくら	3
きくめ	0
きくもも	0
きぐみ	0
きざみしょく	3
きざみにく	3
きじにく	2
きずれ	0
きたえき	2
きたとう	0
きたふん	0
きたもん	0
きだて	0
きぢか	0
きつねぞく	3
きつねめん	0
きづま	0
きぬじ	0
きぬせい	0
きぬふく	0
きのやまい	3
きばらい	2
きはらい	2
きびき	0
きぶり	0
きぼね	0
きめせん	0
きゃくあしらい	3
きゃくあつかい	3
きゃくあつめ	3
きゃくいれ	0
きゃくうけ	0
きゃくかた	0
きゃくずき	0
きゃくずれ	0
きゃくだね	0
きゃくだまり	0
きゃくづとめ	3
きゃくどめ	0
きゃくぶれ	0
きゃくやど	0
きゃくよせ	0
きやみ	0
きゅうかぶ	1
きゅうがお	0
きゅうごしらえ	3
きゅうざか	0
きゅうび	0
きゅうびき	0
きょうおうぎ	3
きょうおち	0
きょうおんな	3
きょうがま	0
きょうことば	3
きょうざむらい	3
きょうすずめ	3
きょうぞめ	0
きょうづか	0
きょうづくえ	3
きょうづつ	0
きょうな	0
きょうなまり	3
きょうぬい	0
きょうのぼり	3
きょうばこ	0
きょうびな	3
きょうほとけ	3
きょうます	0
きょうみち	1
きょうむらさき	4
きょうやき	0
きょうわらべ	3
きょくあずかり	3
きょくうち	0
きょくづくり	3
きょくどり	0
きょくびき	0
きょくまち	0
きらめきかん	4
きららこう	0
きりあん	0
きりき	2
きりぎりすそう	0
きりざい	0
きりじょう	0
きりすい	2
きりせい	0
きりのう	2
きりはく	0
きりめん	2
きりもん	0
きれかく	0
きんあわせ	3
きんえば	0
きんえゔぁ	0
きんかき	3
きんかくし	3
きんかんじき	3
きんがみ	1
きんがわ	0
きんきせ	0
きんくま	0
きんぐち	0
きんけり	0
きんざさ	0
きんしゃち	0
きんじわざ	0
きんすじ	0
きんそば	0
きんだて	0
きんだみ	0
きんつぎ	0
きんつば	0
きんつま	0
きんどん	0
きんねこ	0
きんはこび	3
きんばえ	1
きんばり	0
きんぱら	0
きんひも	0
きんびかり	3
きんぶすま	3
きんぶた	0
きんべこ	0
きんほり	0
きんまぜ	0
きんむぎ	0
きんるび	0
きんわし	0
ぎゃくかた	0
ぎゃくたま	0
ぎゃくどめ	0
ぎゃくばり	0
ぎゃくびき	0
ぎゃくまわし	3
ぎゅうかた	0
ぎゅうこま	0
ぎゅうさけ	0
ぎゅうしお	0
ぎゅうしゃぶ	0
ぎゅうすじ	0
ぎゅうたん	0
ぎゅうとじ	0
ぎゅうとろ	0
ぎゅうなべ	0
ぎゅうぶた	0
ぎゅうめし	0
ぎょうがまえ	3
ぎょうちがい	3
ぎょうて	0
ぎんがわ	0
ぎんぎつね	3
ぎんくま	0
ぎんこい	0
ぎんごしらえ	3
ぎんざさ	0
ぎんざら	0
ぎんだま	0
ぎんづかい	3
ぎんながし	3
ぎんなり	0
ぎんねこ	0
ぎんねず	0
ぎんばと	3
ぎんぱら	0
ぎんぶち	0
ぎんぶら	0
ぎんめし	0
ぎんよせ	0
くあわせ	2
くいぶん	0
くがら	0
くきすう	2
くきちゃ	2
くぎやく	0
くぐつし	3
くぐりもん	3
くしかつ	0
くじらざ	0
くじらじゃく	0
くじらまく	3
くすがた	2
くすりばち	3
くすりびん	3
くすりぼん	0
くせじ	0
くだけまい	0
くだりきゃく	3
くだりせん	0
くちえい	0
くちへん	0
くちまい	0
くつてん	2
くづめ	1
くどきぶし	0
くにやく	0
くびにく	2
くぼち	0
くぼみおん	4
くまたがり	3
くまにく	2
くみじゅう	2
くみすう	3
くみそう	0
くみはん	0
くみふ	0
くみめい	2
くもこう	2
くらぎん	0
くらけん	0
くらすう	3
くらまい	0
くりあん	0
くりごはん	3
くるまとう	0
くるまびん	3
くるまぶ	3
くるまへん	0
くろこう	0
くろじん	0
くろぜん	0
くろちく	0
くろちょう	0
くろばく	0
くろばん	0
くろふ	0
くろほん	0
くろぼう	0
くろみつ	0
くろんぼ	0
くろんぼう	0
くわえざん	3
くわぼう	0
くんかな	0
くんがな	0
くんよみ	0
ぐんぐつ	0
ぐんもの	0
けいたたき	3
けいどろ	0
けいなり	0
けいひだ	0
けいまき	0
けしがら	0
けずりだい	0
けずりばん	0
けとう	2
けはいち	2
けものへん	0
けんがみね	3
けんごえ	0
けんずもう	3
けんたて	0
けんつき	0
けんづくり	3
げいこま	0
げいもり	0
げうお	0
げがき	1
げきあつ	0
げきうま	0
げきうれ	0
げきづくり	3
げきに	0
げきはまり	0
げきまじ	0
げきもえ	0
げぐくり	2
げざかな	2
げぼり	0
げもの	0
げんくらべ	3
げんぐろ	0
げんごろうぶな	6
げんさき	0
げんそば	0
げんちぇれ	0
げんちゃ	0
げんちゃり	0
こいこすめ	3
こいちゃ	1
こいもん	0
こうあわせ	3
こううす	0
こうかけ	0
こうがわ	0
こうじきん	0
こうぞめ	0
こうだか	0
こうづつみ	3
こうのき	0
こうばこ	0
こうばな	1
こうぶくろ	3
こうまくら	3
こうもりそう	0
こうわか	0
こぎれ	0
こくぐら	0
こくや	2
こけらぎょう	0
こざとへん	0
こしにく	0
こしべん	0
こつがら	0
こつきり	0
こつしんち	3
こつばい	2
こつひろい	3
こてえ	0
こてだい	0
ことざ	0
ことなりすう	4
ことばらん	3
ことよう	0
こなしつ	0
こなちゃ	2
こなは	0
こなれかん	3
こぬま	0
こねばち	2
このみしょく	3
こびん	0
こぶく	0
こぶしだい	0
こまおん	0
こまじ	0
こまどく	0
こまりょう	2
こもく	0
こもりおん	4
こゆず	0
こよみえ	3
こよみがく	3
ころもえき	3
ころもど	3
ころもへん	0
こわたり	2
こんいと	0
こんかぎり	3
こんかすり	3
こんがすり	3
こんくらべ	3
こんねり	0
こんむらさき	4
ごうじお	0
ごうぶち	0
ごうやど	0
ごがたき	2
ごくうま	0
ごくから	0
ごくどめ	0
ごくぼそ	0
ごくや	1
ごくやす	0
ごつぼ	1
ごづめ	0
ごどころ	2
ごはんがま	2
ごはんがわ	0
ごはんがわり	4
ごはんごしらえ	4
ごはんなべ	4
ごはんむし	2
ごばらい	2
ごはらい	2
ごんすけ	1
ごんねぎ	0
ごんのかみ	3
ごんのそち	4
ごんのほうり	0
ごんべえな	0
さいうす	0
さいうち	0
さいすた	0
さいもらい	0
さおえん	0
さおし	2
さおてん	0
さおどう	0
さかいじゅう	2
さかさえ	3
さかだん	0
さかなつう	0
さかなへん	0
さかまい	0
さかやく	0
さかろ	0
さきぼう	0
さくいた	0
さくおとこ	3
さくがみ	0
さくちがい	3
さくづな	0
さくゆう	0
さくらあん	3
さくらごはん	4
さくらざい	3
さくらず	3
さくらちゃ	3
さくらにく	3
さぐりばん	0
さけか	0
さけかん	0
さけごはん	3
さけじ	2
さけにく	0
さげじゅう	2
さげぜん	2
さげぶん	2
ささえだい	0
ささげとう	0
さしじょう	0
さしぼう	2
さしめん	0
さしりょう	2
さじきせき	3
さだま	0
さつびら	0
さとち	0
さばかん	0
さまい	1
さむらいぎょう	3
さむらいしゅう	3
さむらいそう	3
さやかん	0
さやどう	0
さらしけい	3
さらしろう	3
さらち	0
さるご	0
さるめん	0
さわめい	2
さわりやく	0
さんあらい	3
さんがわら	3
さんだわら	3
さんづくり	3
さんばこ	0
さんもと	0
ざいてく	0
ざかた	0
ざがしら	2
ざがね	0
ざぐり	0
ざつかぶ	0
ざつくち	0
ざづくえ	2
ざるご	0
しあいじょう	0
しあがりかん	4
しいれがく	3
しいれりつ	3
しいれりょく	3
しおきにん	0
しおちゃ	2
しおぴー	0
しかかりひん	0
しかけえ	3
しかけひん	0
しかにく	2
しかみ	0
しきかく	0
しきがわら	3
しきふ	0
しきまい	0
しきりきん	0
しきりせん	0
しくい	0
しげどう	2
しごとし	3
しごとりつ	3
しさわ	0
ししにく	2
したあん	0
したさく	0
したしょく	0
したてだい	0
したぴ	0
しちとり	0
しちながれ	3
しちみせ	0
しちょうそんがわ	0
しにひょう	0
しのはい	1
しのびどう	3
しはらいがく	3
しばいぎ	0
しばりえ	3
しびれかん	3
しぶかじ	0
しぶせん	0
しぶたく	0
しぼりき	3
しぼりじ	3
しぼりち	3
しぼりりつ	3
しまおう	2
しましき	0
しまだい	2
しまもん	0
しまやく	0
しめかん	2
しめぐ	2
しめすへん	0
しめりばん	0
しもつけそう	0
しゃあわせ	2
しゃくあゆ	0
しゃくいわな	3
しゃくざら	0
しゃくじめ	0
しゃくだま	0
しゃくま	0
しゃっけ	1
しゃばり	0
しゃめ	1
しゃもり	1
しゃれぼん	0
しゅいろ	0
しゅうあけ	0
しゅうあし	0
しゅうあす	0
しゅうがわり	3
しゅうごろし	3
しゅすじ	1
しゅうづら	0
しゅうぼり	0
しゅうるし	2
しゅがき	0
しゅがた	0
しゅくおくり	3
しゅくかご	2
しゅくがこい	3
しゅくがた	0
しゅくだか	2
しゅくはずれ	3
しゅくまかない	3
しゅざや	0
しゅずみ	0
しゅぬり	0
しゅびき	0
しゅべに	0
しゅむね	0
しょうあぶら	3
しょうくくり	3
しょうすず	0
しょうすと	0
しょうちのすけ	0
しょうとびら	3
しょうふだ	0
しょうぼね	0
しょうもの	0
しょうよん	0
しょおもて	2
しょがかり	2
しょくかた	0
しょだな	0
しょっきり	0
しょっぱな	0
しょづくえ	2
しらぎく	2
しらだい	0
しらちゃ	2
しらべしつ	3
しらべしょ	4
しらべやく	0
しるめん	2
しろあん	0
しろこり	0
しろじく	0
しろたく	0
しろてき	0
しろでん	0
しろとう	0
しろばい	0
しろばん	0
しろふ	0
しろふく	0
しろべい	0
しろほり	0
しろみつ	0
しろもん	0
しわたく	0
しんいと	0
しんかき	1
しんがら	0
しんさき	0
しんだね	0
しんね	0
しんはた	0
しんばしら	3
しんばり	0
しんびき	0
しんふり	0
しんぶき	0
しんぼとけ	3
しんまえ	0
しんまめ	0
しんまゆ	0
じあざ	0
じあじ	0
じあな	0
じあめ	0
じいそ	0
じいた	0
じいと	0
じいれ	0
じいろ	0
じうた	0
じうたい	2
じうち	0
じうま	0
じおり	0
じかたび	0
じかばき	0
じかやき	0
じかゆか	0
じかり	0
じがい	0
じがお	0
じがた	0
じがため	2
じがみ	0
じきまき	0
じきみや	0
じきもの	0
じぎり	0
じぎわ	0
じくうま	0
じくがわ	0
じくばり	2
じぐち	0
じぐも	0
じぐろ	0
じこさく	2
じことば	2
じごえ	0
じごな	0
じごもり	2
じざかな	2
じざけ	0
じざし	0
じざむらい	2
じずり	0
じだんだ	2
じつおや	0
じつか	1
じつかた	0
じつかぶ	0
じつごと	0
じつづき	2
じつて	0
じどこ	0
じなおし	2
じなき	0
じならし	2
じぬい	0
じねずみ	2
じはも	0
じばえ	0
じばた	0
じばら	0
じばれ	0
じひびき	2
じびき	0
じふく	0
じふぶき	2
じぶくろ	2
じべた	1
じまつげ	2
じまゆ	0
じまわり	2
じむし	0
じもぐり	2
じもち	0
じもの	0
じゃあな	0
じゃおどり	2
じゃのひげ	1
じゃほこ	1
じゃんごろ	0
じゃんし	1
じやま	0
じゅうたたき	3
じゅうばこ	0
じゅくがえり	3
じゅくばた	0
じゅんおくり	3
じゅんて	0
じゅんぬき	0
じゅんまき	0
じょううち	0
じょうだま	0
じょうづめ	0
じょうとろ	0
じょうはた	0
じょうばこ	0
じょうばらい	3
じょうぶくろ	3
じょうまえ	0
じょうみせ	0
じょうもの	0
じょうやとい	3
じょうやぶり	3
じょうるり	0
じょのくち	0
じんあと	0
じんがね	1
じんぶれ	0
すあみ	0
すいふろ	0
すえだい	0
すえもん	0
すかしびん	0
すかしべい	3
すがたえ	3
すきしゃ	2
すきろう	0
すぎざん	2
すぎじゅう	2
すぎぼう	2
すぎもん	0
すくいかん	0
すくいまい	0
すくいりょう	2
すぐしん	0
すけかん	2
すけごう	0
すしごはん	3
すしだい	0
すしつう	0
すしまい	0
すじろん	2
すそせん	0
すそぶ	2
すてしゃん	0
すてはい	0
すてま	2
すない	1
すなえ	0
すばい	1
すべりかん	3
すべりせつ	3
すべりは	0
すべりぼう	3
すべりめん	3
すべりりょう	3
すぼう	1
すまゆ	0
すみしつ	0
すみじ	0
すみせい	0
すみだい	0
すみにく	0
すよみ	0
すりし	2
すりはく	0
すりばん	0
すりほん	0
すわりじゅん	0
すわりだい	0
すんがり	0
すんどめ	0
ずおも	0
ずくてつ	0
ずくにゅう	0
ずつき	0
ずなり	0
ずひき	0
せいがい	0
せいはこ	0
せきいり	0
せきがき	0
せきがし	0
せきめい	0
せちぎ	0
せちみ	0
せにく	0
せめき	0
せりにん	0
せんがき	0
せんぎり	0
せんざる	0
せんじぐすり	4
せんじじる	4
せんはば	0
ぜいさわぎ	3
ぜいだか	0
ぜいぬき	0
ぜいのがれ	3
ぜにあおい	3
ぜにあらい	3
ぜにうしない	3
ぜにかご	0
ぜにかね	1
ぜにがし	0
ぜにがめ	0
ぜにばこ	0
ぜにもうけ	3
ぜにや	2
ぜんかぶ	1
ぜんがゆ	0
ぜんさ	0
ぜんつ	0
ぜんて	1
ぜんめ	0
そうあつ	0
そうおきて	3
そうおどり	3
そうがかり	3
そうがしら	3
そうがた	0
そうがな	0
そうがま	0
そうがまえ	3
そうがら	0
そうがわ	0
そうぎり	0
そうぐるみ	3
そうざらえ	3
そうしぼり	3
そうじまい	3
そうぜめ	0
そうだち	0
そうなめ	0
そうばな	0
そうひのき	3
そうぼり	0
そうまがき	3
そうまくり	3
そうまとめ	3
そうわく	0
そえじ	0
そえやく	0
そっくい	0
そこびょう	0
そでしょう	0
そでまく	0
そでろう	0
そとすう	3
そとはち	0
そとばん	0
そのはち	0
そは	1
そばしゅう	2
そばちゃ	2
そばやく	0
そひと	1
そまこう	2
そまふ	1
そめじ	0
そもそもろん	4
そらべん	0
そんぎり	0
ぞうがわ	0
ぞうくち	0
ぞうな	0
ぞうわく	0
ぞくうけ	0
ぞくけ	0
ぞっけ	0
ぞっき	0
ぞくき	0
ぞくばなれ	3
ぞんじより	0
たいおとし	3
たいかし	0
たいがため	3
たいごはん	3
たいさばき	3
たいのや	3
たいぱ	1
たかうけ	0
たかやく	0
たがいせん	0
たきぎょう	0
たきばん	0
たくあつかい	3
たくみじゅく	3
たけじく	0
たけじゃく	0
たけせい	0
たけわん	0
たけんぼ	0
たごさく	0
たすきもん	0
たすけまい	0
たたきだい	0
たたきにく	3
たたみご	0
たたみしん	3
たたみだい	0
たたみてん	3
たちだい	0
たちば	0
たちんぼ	0
たちんぼう	0
たてけい	0
たてこう	0
たてざい	0
たてざん	0
たてしん	0
たてじ	0
たてじん	0
たてほん	0
たてぼう	0
たでもん	0
たなぎょう	0
たなだん	0
たなちん	2
たなめん	0
たぬきにく	3
たねち	0
たねちゃ	2
たばかん	2
たびそう	0
たまざん	2
たまちゃ	2
たまへん	0
ためぎん	0
ためしざん	3
ためしやく	0
たやく	0
たらりょう	2
たるざい	0
たんかる	0
たんがら	0
たんぐつ	0
たんとり	0
たんぷら	0
たんぷれ	0
たんめ	0
たんわく	0
だいあみ	0
だいいた	0
だいえり	0
だいかぐら	3
だいかし	0
だいがしら	3
だいさかずき	3
だいじり	0
だいとびら	3
だいなし	0
だいのじ	3
だいばかり	3
だいふき	0
だいわく	0
だきじ	0
だしみつ	0
だつあ	1
だてしゃ	0
だぼつぎ	0
だましえ	3
だもの	0
だんかずら	3
だんかた	0
だんがすり	3
だんぐみ	0
だんつき	0
だんばた	0
だんりん	0
ちあゆ	0
ちからかん	0
ちくこ	1
ちくたま	0
ちさき	3
ちちたく	1
ちちにく	2
ちぢみしゃく	3
ちつあな	0
ちつおく	0
ちつひだ	0
ちはらい	2
ちみ	1
ちゃうけ	0
ちゃかす	0
ちゃかぶ	0
ちゃかぶき	2
ちゃがけ	0
ちゃがゆ	0
ちゃがら	0
ちゃがわ	0
ちゃきり	0
ちゃくうた	0
ちゃくごえ	0
ちゃくに	0
ちゃくばらい	3
ちゃぐま	0
ちゃくも	0
ちゃぐすみ	0
ちゃぐみ	0
ちゃごころ	2
ちゃしぶ	0
ちゃだち	0
ちゃだな	0
ちゃとら	0
ちゃねこ	0
ちゃのゆ	0
ちゃばな	0
ちゃばら	0
ちゃぶね	0
ちゃまくら	2
ちゃまち	1
ちゃまめ	0
ちゃまゆ	0
ちゃもり	0
ちゃわかし	2
ちゅうあな	0
ちゅうおく	0
ちゅうぎり	0
ちゅうざお	0
ちゅうざら	0
ちゅうとろ	0
ちゅうのり	0
ちゅうはば	0
ちゅうぱ	1
ちゅうぶと	0
ちゅうぼそ	0
ちゅうわる	0
ちょういし	1
ちょうおきて	3
ちょうぐみ	0
ちょうけし	0
ちょうずばち	3
ちょうづけ	0
ちょうづら	0
ちょうむすび	3
ちょうもち	0
ちょうわり	0
ちょかぶ	0
ちょくまき	0
ちょだま	0
ちりし	2
ちりじ	0
ちんがし	0
ちんがり	0
ちんす	0
ちんもち	1
ついたけ	0
つうぎれ	0
つかいばん	0
つかえかん	3
つかぶ	2
つかみぼう	3
つきうん	0
つきへん	0
つきぼう	2
つきまい	0
つきやく	0
つくぼう	0
つくりえ	3
つくりじ	3
つくりんぐ	0
つけく	2
つけだい	2
つちこつ	2
つちぶ	2
つちへん	0
つつぼう	0
つづけじ	0
つとめにん	0
つなぎふく	3
つなぎもん	0
つなぎやく	0
つのりゅう	2
つばきか	0
つぶぎん	0
つぶしあん	0
つぶすう	3
つぼかん	0
つぼすう	3
つぼりょう	2
つまめん	0
つまやく	0
つみち	0
つむぎじ	3
つめいん	0
つめおう	2
つめばん	0
つめぼ	0
つゆりょう	2
つよぎん	0
つりか	0
つりきゃく	0
つりぐ	0
つりだい	0
つりばち	0
つりょう	2
つれしょん	0
つんどく	0
つんぼかん	3
ていたーる	3
ていひずみ	3
てきがわ	0
てききゃら	0
てきん	0
てしゃく	0
てじゃく	0
てせい	0
てたれ	0
てつかご	0
てつかせ	0
てつかぶと	3
てつがま	0
てつくい	0
てつくず	0
てつぐし	0
てつけた	0
てつげた	0
てつさび	0
てつだて	0
てつづくり	3
てつなべ	0
てつば	0
てつばこ	0
てつばさみ	3
てつばし	0
てつひろい	3
てつびし	0
てつぶた	0
てつへび	0
てつほこ	0
てつまん	0
てつやり	0
てつわく	0
てのう	0
てばん	0
てへん	0
てぼん	0
てまぞん	0
てまちん	2
てよく	0
てらめい	0
てんいた	0
てんかす	0
てんかぞえ	3
てんがし	0
てんくぎ	0
てんざる	0
てんたま	0
てんつき	1
てんつゆ	0
てんどん	0
てんのり	0
てんまき	0
てんまど	0
てんむす	0
てんもり	0
できぶつ	0
でくのぼう	3
でこぼう	3
でしょく	0
でめん	0
でんのこ	0
でんば	0
とあみ	0
とういろ	0
とうおもて	3
とうかえで	3
とうかぶ	0
とうぎり	0
とうくい	0
とうげれん	0
とうな	0
とうはすう	3
とうばさみ	3
とうひも	0
とうぴ	0
とうべに	0
とうまる	0
とうもち	0
とうわたし	0
とおせんぼ	3
とおせんぼう	3
とおりしん	3
とおりちょう	0
とかき	0
とがにん	0
ときまい	0
とぎし	2
とくぶと	0
とこじ	0
としじゅん	0
としとく	0
とじほん	0
とちめん	0
とちもく	2
とっさき	0
となりえき	3
とびきゅう	0
とびしょく	2
とびだい	0
とびち	0
とびらえ	3
とまりきゃく	3
とまりちん	3
とめじ	0
とめせん	0
とめやく	0
とめわん	0
ともえせん	0
ともせん	0
とりせつ	0
とりてつ	0
とりてん	0
とりでやく	0
とりばち	0
とりぶん	2
とりへん	0
とんぜい	0
どういた	0
どううま	1
どうおや	0
どうかかり	1
どうがみ	0
どうがら	0
どうがわ	0
どうくしろ	3
どうさき	1
どうさし	0
どうてら	1
どうとおり	3
どうとどけ	1
どうとり	0
どうなぎ	0
どうなわ	0
どうぬま	1
どうのま	0
どうはぎ	0
どうばら	0
どうひも	0
どうぶき	0
どうぶち	0
どうぶと	0
どうほこ	0
どうま	0
どうまる	0
どうまわり	3
どうもり	4
どうやぐら	0
どうわく	1
どうわり	0
どがま	0
どくあたり	3
どくいり	0
どくえ	2
どくお	0
どくかたつむり	5
どくぎり	0
どくぐち	2
どくざる	0
どくぬき	0
どくば	2
どくばな	2
どくやり	0
どこだい	0
どつき	0
どなべ	0
どはずれ	2
どろえ	0
どろちゃ	2
どんぶりごはん	5
なえしつ	0
なえすう	3
なかしょく	0
なかてん	0
なかめん	0
ながざ	0
ながしかん	0
ながじん	0
ながちょう	0
ながどう	0
ながぼう	0
ながらぞく	3
ながれじち	3
ながれず	3
なきりゅう	0
なぐさめやく	0
なしじ	0
なじみきゃく	3
なすこん	0
なぞえ	0
なぞばく	0
なつげー	0
なつこく	0
なつさく	0
なつざい	0
なつふく	0
なつぼう	0
なでかく	0
なにけん	2
なにご	0
なにせん	0
なにとう	0
なにぼう	1
なまあん	0
なまこゆう	3
なまこん	0
なまちょ	0
なまちょこ	0
なまめん	2
なまりえん	3
なまりせい	0
なまりだん	3
なまろく	0
なみあん	0
なみかん	0
なみきゅう	0
なみけい	0
なみせい	0
なみそう	0
なみとう	0
なむあみだぶ	5
なめしこう	0
なやがしら	3
なやみかて	4
ならべじゅん	0
なりきょう	0
なりぎん	0
なりけい	0
なわじゅつ	0
にかわすい	3
にがしかん	0
にがしべん	3
にくあな	0
にくいろ	0
にくぎれ	0
にくさお	0
にくさや	0
にくそば	0
にくたたき	3
にくつぶ	0
にくづか	0
にくづき	0
にくづめ	0
にくなべ	0
にくぬき	0
にくのり	0
にくひだ	0
にくぶくろ	3
にくぶた	0
にくまき	0
にしきえ	3
にしきでん	3
にしごりべ	4
にしじん	2
にしとう	0
にしめん	0
にじるし	2
にせえ	0
にだ	1
にだゆう	2
にちいん	1
にちふぃる	0
にゅうそ	0
にょごがしま	3
にわかえき	3
にわし	2
にわばん	0
にんたま	0
ぬいはく	0
ぬかそう	0
ぬくもりかん	4
ぬけさく	0
ぬりし	2
ぬのめい	0
ぬのめん	0
ぬまち	0
ぬまばん	0
ぬりえ	0
ぬるかん	0
ぬれまい	0
ねかん	0
ねがん	0
ねこえ	2
ねこかん	0
ねこご	0
ねこぞく	2
ねこたん	0
ねこにく	2
ねこふん	0
ねじりぼう	3
ねじりりつ	3
ねじりりょく	3
ねずじ	0
ねずみざん	3
ねぞう	0
ねだ	1
ねつさまし	3
ねつはし	0
ねばち	1
ねばりかん	3
ねむりじゅう	3
ねむりびょう	0
ねりこう	2
ねりじょう	0
ねりてん	0
ねりぼう	2
ねんいち	0
ねんばらい	3
ねんばらし	3
ねんわり	0
のうがた	0
のぎく	1
のこぎりそう	0
のせだい	0
のちざん	2
のっけごはん	4
のてん	0
のべご	0
のべすう	3
のべにち	2
のぼりろう	3
のみだい	0
のみにゅけーしょん	4
のりごはん	3
のりちゃ	0
のりてつ	0
のりべん	0
のりやく	0
のろさく	0
はいちゃ	0
はいばらい	3
はいみず	0
はかまじ	0
はかまのう	3
はがく	0
はがしえき	3
はがしざい	0
はくうつし	0
はくたか	0
はくだみ	0
はげましやく	0
はこえ	0
はこじょう	0
はこすう	2
はこせき	0
はこびやく	0
はさみしゃく	3
はさみぼう	3
はしごしゃ	3
はしごだん	0
はしじく	0
はしせん	0
はしたぜに	0
はしぱい	0
はしふ	0
はしらざい	0
はじとみ	2
はにしべ	0
はじめね	3
はじゃく	0
はすちゃ	0
はずれけん	3
はずれち	3
はたかん	0
はだかれん	3
はだかん	2
はだかんぼ	0
はだかんぼう	0
はだしつ	0
はだすい	2
はだめん	0
はだりょく	2
はちあな	0
はちいれ	0
はちかつぎ	3
はちかづき	3
はちがえ	0
はちがた	0
はちがね	0
はちさら	0
はちたたき	3
はちつち	2
はちどく	2
はちなえ	0
はちのこ	0
はちはな	0
はっして	0
はつかみ	0
はつがしら	3
はつざん	2
はつせき	0
はつちょう	0
はつやく	0
はつりこう	0
はなかい	0
はなかん	0
はなご	0
はなしか	0
はなだん	0
はなぴ	0
はなぶ	0
はなぼう	0
はにく	1
ははやく	0
はばへん	0
はぶそう	0
はぶちゃ	2
はほん	0
はまえん	2
はまぎく	2
はやばん	0
はやびん	0
はやりぎ	3
はらいぞん	0
はらにく	2
はりえんじゅ	3
はりきゅう	0
はりせい	0
はりばん	0
はりぼう	2
はるごう	2
はるさく	0
はるざい	0
はれかん	2
はれしょく	0
はんいた	0
はんうれ	0
はんえり	0
はんがえ	0
はんがえし	3
はんがた	0
はんがれ	0
はんがわき	0
はんこま	0
はんごし	0
はんざき	0
はんじえ	3
はんじり	0
はんずり	0
はんせま	0
はんなき	0
はんはば	0
はんひろ	0
はんべそ	0
はんぺら	0
はんまがき	3
はんまる	0
はんやき	0
はんやけ	0
はんわけ	0
ばきょう	0
ばくやす	0
ばせき	0
ばせつ	0
ばせん	0
ばそり	0
ばだらい	2
ばちえり	0
ばちがた	0
ばちまくら	3
ばれく	0
ばんがた	0
ばんくるわせ	3
ばんげた	0
ばんぶくれ	0
ばんや	0
ひかえさく	3
ひかえちょう	0
ひかえへい	3
ひかりどう	0
ひがしかん	0
ひがししゅく	3
ひがしとう	0
ひがしもん	0
ひがわ	0
ひきぐ	2
ひきちゃ	0
ひきちん	2
ひきとう	0
ひきぬの	0
ひきばん	0
ひきまく	0
ひくだい	0
ひざくら	2
ひざにく	2
ひしかくし	0
ひじきごはん	4
ひじしゃく	0
ひじてつ	0
ひずみえ	3
ひずみけい	0
ひずみち	3
ひずみりつ	3
ひずみりょう	3
ひぜに	0
ひたしじ	3
ひだち	0
ひだりえん	0
ひつじにく	3
ひとはい	0
ひなしゅう	2
ひなり	1
ひねりんぼう	3
ひのきざい	3
ひのばん	2
ひびきせん	3
ひへん	0
ひめしゃ	1
ひめに	0
ひやごはん	3
ひやしばち	3
ひやしめん	3
ひょうがため	3
ひょうくい	0
ひょうぐい	0
ひょうぐみ	0
ひょうげばなし	4
ひょうよみ	0
ひょうわく	0
ひらかん	0
ひらだい	0
ひらてん	0
ひらとう	0
ひらばち	0
ひらばん	0
ひらぶん	0
ひらまく	0
ひらめん	0
ひるばん	0
ひるめろ	0
ひるれん	0
びくろ	0
びじり	0
びたせん	0
びねこ	0
びはだ	0
びまゆ	0
びょうあな	0
びょうかざり	3
びょうきざみ	3
びんあらい	3
びんとろ	0
ふいり	0
ふうがら	0
ふうきり	0
ふうじぐち	3
ふうじめ	0
ふかばち	2
ふきしょ	0
ふぎれ	0
ふくいね	0
ふくすくい	3
ふくびき	0
ふくまめ	2
ふくめ	0
ふくろうびん	0
ふくろち	3
ふくろめん	3
ふけかん	2
ふけせん	0
ふしなや	3
ふため	2
ふつがわ	0
ふでぐ	2
ふでじ	0
ふでは	0
ふとけい	0
ふとじく	0
ふとせん	0
ふとめん	0
ふどり	0
ふなか	1
ふながく	0
ふなぐ	2
ふなけん	0
ふなだい	0
ふなちん	2
ふなり	0
ふねへん	0
ふねよう	0
ふみい	0
ふみさん	0
ふみだい	0
ふみだん	0
ふゆぎく	2
ふゆさく	0
ふりきゅう	2
ふるえおん	3
ふれかく	2
ふれじょう	0
ふれやく	0
ふろだい	0
ふんきざみ	3
ぶかかり	0
ぶがかり	0
ぶがり	0
ぶそろ	1
ぶたあわび	3
ぶたてん	0
ぶだて	0
ぶつま	0
ぶつや	1
ぶづみ	0
ぶどまり	2
ぶばらい	2
ぶまる	1
へいがき	0
へいがわ	0
へいぎわ	0
へいごし	0
へいなか	0
へそちゃ	0
へびどく	2
へやめい	2
へんつぎ	0
べいごま	0
べいむぎ	0
べつあつらえ	3
べつくち	0
べつざら	0
べつずり	0
べつだて	0
べつなべ	0
べつばら	0
べつばらい	3
べつふれ	0
べつま	0
べつむら	0
べみん	0
べんうら	0
べんごて	0
べんばこ	0
べんふた	0
ほうぎり	0
ほうだて	4
ほうぱ	0
ほうびき	0
ほおざい	0
ほおにく	0
ほこりゅう	0
ほしゅぴたる	1
ほじく	1
ほそしん	0
ほそじ	0
ほそせん	0
ほそめん	0
ほっぺたきん	0
ほていあおい	4
ほとけどう	4
ほねへん	0
ほめじゅつ	2
ほりし	2
ほりぼう	2
ほりめい	2
ほりもん	0
ほろしゅう	2
ほんあい	0
ほんえらび	3
ほんかぶ	0
ほんくじ	0
ほんこわ	0
ほんごしらえ	3
ほんさがし	3
ほんしめじ	3
ほんだち	0
ほんづくり	3
ほんづけ	0
ほんとじ	0
ほんどこ	0
ほんなおし	3
ほんなれ	0
ほんぬい	0
ほんばこ	1
ほんばた	0
ほんばなれ	3
ほんびき	0
ほんぶり	0
ほんぼし	0
ほんみ	0
ほんみず	0
ほんむね	0
ほんむらさき	4
ほんめぐり	3
ほんやき	0
ぼうあげ	0
ぼうあし	0
ぼううけ	0
ぼううたい	3
ぼうえり	0
ぼうがしら	3
ぼうがた	0
ぼうぎり	0
ぼうきれ	3
ぼうぎれ	3
ぼうっきれ	0
ぼうぐい	0
ぼうぐみ	0
ぼうさき	0
ぼうさげ	0
ぼうさび	0
ぼうざさら	3
ぼうしばり	3
ぼうしわ	0
ぼうじま	0
ぼうだち	0
ぼうだに	0
ぼうだま	0
ぼうだら	0
ぼうちぎり	3
ぼうちょこ	0
ぼうならべ	3
ぼうばり	3
ぼうみち	0
ぼうもり	0
ぼうやすめ	0
ぼうよ	1
ぼかぶ	0
ぼっくい	0
ぼんうた	1
ぼんえ	1
ぼんおどり	3
ぼんがま	1
ぼんがみ	0
ぼんくれ	1
ぼんざる	0
ぼんだな	1
ぼんばな	1
ぼんやすみ	3
まいあき	0
まいとー	0
まいどの	0
まいなつ	0
まいはる	0
まいふ	0
まいゆう	0
まえきん	0
まえく	0
まえげい	0
まえじょく	0
まかないにん	0
まかないりょう	3
まがきぎく	3
まがりかん	0
まきえ	0
まきけい	0
まきざい	2
まきしん	0
まきじゃく	0
まきすう	3
まきせん	0
まきめい	2
まくいた	0
まくのうち	3
まくひき	0
まくや	0
まくらえ	3
まくらだい	0
まぐさ	0
まぐろりょう	3
まごたろう	2
まっしん	0
まぜごはん	3
まぜぼう	2
まぜめん	2
まだれ	0
まちい	2
まちいんぐ	2
まちが	0
まつざい	0
まつべ	0
まとめぶん	0
まどはん	0
まどめん	0
まぶたにく	3
まめきゅう	0
まめぎん	0
まめごはん	3
まめぞう	0
まもりやく	0
まゆしつ	0
まりのせい	4
まりせい	0
まるかん	0
まるざい	0
まるじ	0
まるぞん	0
まるちょう	2
まるてき	0
まるとう	0
まるどう	0
まるばち	0
まるべん	0
まるぺけ	0
まるほん	0
まるぼん	0
まれほん	0
まわりえん	3
まわりだん	3
みきしゅう	0
みぎあん	0
みぎず	2
みぎだん	0
みぎどう	0
みぎはい	0
みぎめん	0
みぎよう	0
みしぼり	2
みじょう	0
みずごはん	3
みずし	0
みずちょう	0
みずてん	0
みずぶ	2
みずへん	0
みずろう	0
みずろん	0
みせぎょく	0
みぜに	0
みだい	0
みつくち	0
みつつぼ	0
みつばこ	2
みつまめ	0
みどうもり	0
みどりせん	0
みどりとう	0
みどりはい	3
みなとべつ	0
みなのしゅう	2
みなみとう	0
みみせん	0
みみちょう	0
みみへん	0
みゃくどころ	3
みやげひん	0
みやざ	0
むかんがえ	2
むぎごはん	3
むぎちゃ	2
むこうぎ	0
むこうざ	0
むごし	1
むしかん	0
むしけん	0
むしにく	2
むしへん	0
むしまい	0
むしめん	2
むしわん	0
むすびちょう	3
むすめたく	0
むぞり	0
むたか	1
むてかつ	0
むとどけ	2
むなべつ	0
むなぽけ	0
むねすう	3
むぼとけ	2
むらぎ	0
むらげ	0
むらさきじ	0
むらじせい	3
むらはちぶ	4
めいおやま	3
めいだま	0
めぎ	1
めしょう	2
めしりょう	2
めじゅう	0
めちょう	1
めひょう	0
めびょう	0
めぶん	0
めへん	0
めもじ	1
めりょう	1
めれん	1
めんいた	0
めんうち	0
めんくい	0
めんずれ	0
めんつゆ	0
めんとも	0
めんとり	0
めんばこ	0
めんばたけ	3
めんぱと	0
もうけがく	3
もうしがく	3
もうしじょう	0
もうしたっし	0
もえおう	2
もえきゃら	0
もえけん	0
もくねじ	0
もしょう	0
もちせき	0
もちだい	0
もちてつ	0
もちばん	2
もちひょう	0
もちゅう	0
もとえ	0
もとけい	0
もとせん	0
もとちく	0
もとちんぴら	1
もとばん	0
もとはん	0
もとひ	1
もとべん	0
もどしぜい	3
もどりち	3
もどりりょう	3
ものあんじ	3
ものえんじ	3
もふく	0
もみすう	2
ももかん	0
もよおしめい	4
もりき	0
もろはく	0
もんいり	0
もんおり	0
もんがれ	0
もんきり	0
もんそで	0
もんなし	0
やきえ	0
やきとん	0
やきふ	0
やきめん	0
やぎざ	0
やくおとし	3
やくがゆ	0
やくぎめ	0
やくづき	2
やくどし	2
やくび	2
やくまえ	3
やくまわり	3
やくむき	0
やくもの	0
やぐらもん	3
やけぎゅう	0
やすらぎかん	4
やせち	0
やどせん	2
やどちょう	0
やどちん	2
やどろく	0
やなぎめん	3
やねめん	2
やばとん	0
やふぇす	0
やぶらん	2
やまえい	0
やまとそう	0
やまはい	0
やまへん	0
やまよう	0
やまろん	2
やみべん	0
やりしゅう	2
やりたい	0
やわらかめん	4
ゆいちん	2
ゆうごはん	3
ゆうぜみ	0
ゆうひめ	1
ゆうま	0
ゆおん	0
ゆかざ	0
ゆかよう	0
ゆかりごはん	4
ゆきしつ	0
ゆきじゃく	0
ゆきひょう	0
ゆせん	0
ゆちゃ	1
ゆでにく	2
ゆみしゅう	2
ゆみたい	0
ゆみへん	0
ゆめのき	0
ゆれかん	2
ゆんぜい	0
よあらい	2
ようがかり	3
ようがけ	0
ようからし	3
ようがらし	3
ようげー	0
ようざら	0
ようつぎ	0
ようとじ	0
ようなし	0
ようねこ	0
ようばさみ	3
ようべや	0
ようぼり	0
ようもの	0
ようわき	0
よがわ	1
よくかき	3
よくがた	0
よくけ	0
よこえん	0
よこかく	0
よこがく	0
よこけい	0
よここう	0
よこざ	0
よこざい	0
よこざん	0
よこしん	2
よこじ	0
よこだん	0
よこちょう	0
よこにく	0
よこほん	0
よこぼう	0
よごしちん	0
よごれかん	3
よせざん	2
よたれん	2
よたろう	0
よっけた	0
よばん	1
よびけい	0
よびりん	0
よみきょう	0
よめじょ	2
よもぎふ	3
よりきん	0
よるごはん	3
よるれん	0
よわぎん	0
らくがお	0
らくがみ	2
らくび	2
らくやき	0
らちあけ	0
らんぐい	0
らんだま	0
りきば	0
りきみごえ	4
りくかぜ	0
りくがい	2
りくだな	0
りくつづき	3
りくづたい	3
りぐい	0
りざや	0
りぜめ	0
りづめ	0
りばらい	2
りゅうごろし	3
りゅうつかい	3
りゅうのひげ	1
りゅうまい	0
りょううち	0
りょうがかり	3
りょうがさね	3
りょうぎり	0
りょうくちびる	3
りょうくみ	1
りょうこぶし	3
りょうざかい	3
りょうだいら	3
りょうだて	0
りょうだめ	0
りょうてこ	0
りょうにらみ	3
りょうはこ	1
りょうひじ	0
りょうぶた	0
りょうほほ	0
りょうまえ	0
りょうまゆ	0
りょうむね	0
りょうもも	0
りょうゆび	0
りんたく	0
れいがえし	3
れいごえ	0
れいしゃぶ	0
れいはだ	0
れいばなし	3
れいまわり	3
れきはま	0
れきみち	2
れつはば	0
れんぎ	1
れんこだい	1
れんだこ	0
れんちゃん	0
ろうぞめ	0
ろうづめ	0
ろうのき	1
ろうやしき	3
ろうやぶり	3
ろおし	0
ろおと	1
ろおり	0
ろかい	0
ろかた	0
ろがた	0
ろがま	0
ろくやね	0
ろぐい	0
ろざし	0
ろすけ	0
ろだな	0
ろて	1
ろふさぎ	2
ろぶち	0
ろべ	0
ろべそ	0
ろべり	0
わうさぎ	2
わがお	0
わがま	0
わがらし	2
わきじ	0
わきせん	0
わきでん	2
わきのう	2
わきもん	2
わくこう	0
わくざい	2
わくじゅん	0
わくすう	3
わくだい	0
わくばん	0
わくめん	0
わくれん	0
わさびちゃ	3
わさりょう	2
わざお	0
わざすう	2
わざめい	2
わざら	0
わしざ	0
わじゅう	1
わすれんぼう	0
わたさく	0
わたしせん	3
わたしちん	3
わたりおん	3
わたりちん	3
わたりろう	3
わだこ	0
わづま	0
わとじ	0
わなこん	0
わなりょう	2
わねこ	0
わばさみ	3
わびじょう	0
わびちゃ	2
わぶね	0
わぼり	0
わよみ	0
わらじせん	3
わりいん	0
わりがく	0
わりざい	0
わりざん	2
わりせん	0
わりち	0
わりちゅう	0
わりはん	0
わりほん	0
わるずい	3
われせん	0
われもん	0
わんざら	0
わんだね	0
わんづま	0
わんもの	0
わんもり	0
わんや	0
あつみ	1
いがわ	0
いきのこり	0
いりよう	0
おこたり	0
かいだか	0
かくうえ	0
きょうがた	0
ぎんがみ	1
くにじょ	0
くみし	2
けんつく	0
こうえね	0
さつない	2
したえ	0
しまき	1
しんえね	0
そうで	0
たかまどの	0
ちゅうたけ	0
つりりょう	2
てしょう	2
てそう	2
なおふみ	2
はなせん	0
ほんどおり	3
ぼうけ	0
まゆこ	1
みぎくり	0
みさこ	1
めんがた	0
やくて	0
あまから	0
うばいあい	0
うりせん	0
おとこしゅう	3
きょうひと	0
くろせん	0
こぶち	1
しもしゃ	2
しょい	1
すご	1
ながわ	1
ねんがけ	0
はりえ	0
ひさいち	2
べつあつかい	4
みがわ	1
ゆでめん	2
いちろうた	3
えとう	1
かませ	1
じがしら	2
じぶのしょう	3
だいがはら	3
はねじ	0
ほりかわ	2
ほんうえ	0
ほんがみ	0
ほんがわ	0
みば	1
むしじる	0
もとよし	2
いなげ	1
うまみち	2
えんばらい	3
くげ	1
しんきん	0
す	1
ぜんぎ	1
とうはば	0
みねお	0
みねこ	1
みほこ	1
ろいろ	0
いしお	0
いそお	0
いちうん	2
いちえい	1
いちえもん	0
いちか	1
いちさぶろう	3
いちざえもん	3
いちじろう	2
いちぞう	0
いちのしん	3
いちのすけ	0
いちべえ	1
いちほ	1
いちゆ	1
いっせきろ	4
いっそうてい	0
いっそん	1
いってつ	0
いっとうさい	3
いっぴょう	1
いっぺきろう	4
いつお	0
いつのり	2
いとな	1
いほこ	1
いよじ	1
かずあきら	3
かずおみ	2
かずきみ	2
かずきよ	0
かずたか	2
かずたけ	2
かずたみ	2
かずてる	2
かずとよ	2
かずとら	2
かずなが	2
かずはる	2
かずひと	2
かずふさ	2
かずます	2
かずみつ	2
かずめ	0
かずもり	2
かずやす	2
かずゆき	2
かずより	2
がため	0
かつとよ	2
きゅういちろう	3
きゅうべえ	1
くざえもん	0
くじゅうろう	0
くはちろう	2
くまいち	2
くめぞう	0
くろへい	0
げさん	0
ことや	1
ごいちろう	2
ごえもん	0
ごかいろう	2
ごごどう	2
ござえもん	0
ごだゆう	2
ごろうえもん	2
ごろうざえもん	4
ごろうじ	2
ごろうた	2
ごろざ	1
ごろすけ	2
ごろぞう	0
ごろはち	0
ごろべえ	1
さきこ	1
さぶろうじ	3
さぶろうすけ	3
さぶろうた	3
さぶろうまる	3
さぶろべえ	3
さよし	1
さわと	1
さんえもん	1
さんくろう	0
さんごべえ	3
さんざえもん	3
さんしちろう	0
さんじゅうろう	0
さんじろう	1
さんだゆう	1
さんとうか	3
さんのじょう	3
さんのすけ	0
さんぱち	0
さんほう	1
さんめんし	3
しちえ	0
しちえもん	0
しちごろう	2
しちさぶろう	3
しちざえもん	3
しちし	1
しちじゅうろう	0
しちじろう	2
しちすけ	2
しちたろう	2
しちのじょう	3
しちのすけ	0
しちへい	0
しちべえ	1
しちろうざえもん	5
しちろうじ	3
しちろべえ	3
しほうだ	2
しめすけ	2
しめのすけ	0
しろうきち	0
しろうじ	2
しろごろう	2
しろべへ	1
じゅうえもん	0
じゅうきち	0
じゅうざぶろう	3
じゅうじべえ	1
じゅうじろう	1
じゅうたろう	0
じゅうない	1
じゅうにろう	0
じゅうのしん	3
じゅうへいじ	3
じゅうべえ	1
じゅうろうざえもん	5
じゅうろうた	3
じょしょう	0
せんきち	0
せんきちろう	3
せんごろう	1
せんじろう	1
せんたろう	0
せんのじょう	3
せんのすけ	0
せんゆうまる	3
ちいね	0
ちうね	0
ちえぞう	0
ちえり	0
ちおり	0
ちかえ	0
ちかず	1
ちかど	1
ちくろう	0
ちさ	1
ちさえ	0
ちさく	0
ちさこ	1
ちさめ	0
ちさよ	0
ちすず	0
ちずえ	0
ちづえ	0
ちずみ	0
ちたよ	0
ちづお	0
ちづな	1
ちとみ	0
ちばのすけ	0
ちびき	1
ちふね	0
ちふゆ	0
ちほこ	1
ちまさ	1
ちやこ	1
ちゆい	1
ちゆり	0
ちよえ	0
ちよお	0
ちよきち	0
ちよさく	2
ちよさぶろう	3
ちよし	1
ちよじ	1
ちよじょ	1
ちよすけ	2
ちよぞう	0
ちよた	1
ちよたろう	2
ちよと	1
ちよとし	2
ちよのすけ	0
ちよひこ	2
ちよまつ	2
ちよまる	0
ちよみ	0
ちよめ	0
ちよわか	2
ちりこ	1
ちわこ	1
とうしろう	0
とじお	0
とりひこ	2
とわこ	1
どどへい	0
にきお	0
にしゅう	1
にすけ	0
にちか	1
にのすけ	0
はちお	0
はちたろう	2
はちだい	2
はちへい	0
はちろうじ	3
はちろうじろう	3
はちろうた	3
はちろうべえ	3
はちろべえ	3
はっぷう	1
ばんてい	1
ひゃくすい	1
ひゃくすけ	2
ひゃくたろう	2
ふいひこ	2
ふきこ	1
ふたらのすけ	0
ふみろう	0
まえみ	0
まさや	1
まんえ	1
まんきち	0
まんざぶろう	3
まんじろう	1
まんすけ	1
まんたろう	0
まんのじょう	3
まんのすけ	0
みえきち	0
みえぞう	0
みおぞう	0
みきすけ	2
みきひこ	2
みきまつ	2
みきろう	0
みけこ	1
みちたろう	2
みちつな	2
みつごろう	2
みつしげ	2
みつたか	2
みつつぐ	2
みつひこ	2
みつまさ	2
みなえ	0
みなお	0
みなか	1
みもと	1
みやこちょう	0
みよこ	1
みよじ	1
むつお	0
むりお	0
もきち	0
ももえ	0
ももお	0
もものすけ	0
ももふく	2
ももよ	0
やいち	1
やえぞう	0
やえみ	0
やおこ	1
やおとし	2
やこ	1
やそえもん	0
やそお	0
やそきち	0
やそじ	1
やそすけ	2
やそはちろう	3
やそひこ	2
やそまつ	2
やそみ	0
やちこ	1
やつひろ	2
やよえ	0
やよこ	1
ゆりのすけ	0
よんぴょん	1
ろくえもん	0
ろくざえもん	3
ろくしちびょうえ	5
ろくぞう	0
ろくたろう	2
ろくのじょう	3
ろくのすけ	0
ろくへい	0
ろくべえ	1
ろくむさい	3
ろくやた	2
ろくろうた	3
ろっぷく	1
ろっぺいた	3
かつもと	2
ぎょうがわ	0
くへい	0
せこう	0
ひのうら	2
みつとし	2
もりたか	2
わじま	0
おもため	0
けいよん	0
しちぞう	0
せきしょく	0
たからか	2
たびと	1
つづきがら	0
ではな	0
よさ	0
あがったり	4
さきどり	0
さんしち	1
せじゅう	1
つむなが	2
ひとよし	2
みやちょう	2
やません	0
かんなな	0
きくがわ	2
くしもと	2
しゅういちろう	3
のぶん	0
はるよ	0
いとが	1
いわえ	0
おとちょう	0
かけご	2
かずとも	2
へき	1
あまくだり	0
かこの	1
きびす	0
たかだけ	2
ません	0
やといにん	0
おものぎ	0
かずちか	2
ずか	1
べつわく	0
かわたび	0
しやう	0
たいくん	0
にいち	1
はじか	1
まとい	1
やくじ	0
ろうふ	1
いまい	0
おちあい	1
くぞう	0
どうだい	0
ならし	0
はちぞう	0
ひらばやし	3
ほんだな	1
くいち	1
ごへえ	1
ちかお	0
とりまとめ	0
みちとし	2
きづけ	0
しゃしゅ	1
せきりつ	2
たいらまち	3
へのこ	1
れいせん	0
かえち	0
しかりべつ	3
じんめい	0
つが	0
みささぎ	0
おくほ	1
おわせ	1
しょしゅつ	0
ひのめ	0
ふしゅ	1
りゅうき	1
いきがい	2
いっさく	0
かれうけ	0
ぢょうし	0
てつけい	0
にしわき	2
おおおとこ	3
ちちぶ	1
でさく	0
ほらの	0
どうけ	1
やそいち	2
きよすみ	2
つぎだい	0
みずあか	0
やまとの	1
わりまし	0
きんうん	0
しょうの	1
しょうだい	0
みつじろう	2
うしゅ	1
しょうごん	0
なかぐすく	3
ながざか	2
ほんざね	0
みずぎわ	0
やまお	0
いえしま	0
かわとう	0
にいやま	0
のさか	1
むちょう	0
たかもり	2
ひんめい	0
ききやく	0
だんじょう	0
ふりつ	0
よりこ	1
あしかが	0
いいで	0
いんべ	1
おおざと	1
おおま	1
めんてい	0
おうりょく	1
にいな	1
ひぞ	0
まちじ	0
まどぐち	2
こくぐん	2
てしょく	0
じゅしゃ	1
ちづる	0
てんぶ	0
りょうけい	1
かちゅう	1
しんみせ	0
うなづき	2
さの	0
どうけつ	0
まんぺい	0
かずた	1
かずとし	2
しょうにち	1
ちゅうぐくり	3
りょうない	1
ろうど	1
いかわ	1
えてかって	3
きもべつ	2
ふけん	0
ぼうげん	0
みかけ	0
じょしん	0
にょしん	0
なりきん	0
ひきしめ	0
ひろのり	2
よしたけ	2
くぶ	1
そのはら	2
ちゅうじき	0
めざまし	2
ようずみ	0
おおさ	1
くちばん	0
げなん	1
うちわけ	0
きしもと	2
うぜん	1
げきおん	0
こぶん	1
きたあ	0
ずとう	0
たしょ	1
はんねん	0
そなえつけ	0
ひん	1
しげただ	2
しにめ	0
ずほう	0
はたらきかけ	0
れいぶん	0
きがた	0
はんぞう	0
おおよう	1
できあがり	0
なだか	1
はたさく	0
ひらかた	2
へかく	1
あで	0
こうづき	1
どうそう	0
がくしゃ	1
さかまち	2
ちぶさ	1
つがわ	1
など	1
ほそやか	2
かわべ	1
しの	1
ひかりかん	3
ぶんぼ	1
きしま	1
ごうそん	0
たくち	0
げそう	0
からめ	0
さんじゃ	0
たんゆう	0
なかまち	2
みつのり	2
おもえ	0
じょうさい	0
てんどう	0
えぐち	1
かためい	0
たきぎ	0
ないじつ	0
のはら	1
ふんぬ	1
ぶつりょう	0
みみざわり	3
せきどう	0
じてい	0
ほんざん	1
みなべ	1
いろあざやか	4
うちまち	0
てらだ	0
にみょう	1
からけん	0
とおめ	0
ひづけ	0
ら	1
あかるめ	0
いくの	1
かたやぶり	3
さそひ	0
できん	0
ふとめ	0
おおちがひ	3
おもめ	0
かねゆき	2
かわうち	2
なかおし	2
びょうほう	0
あざず	0
うたろく	0
ぎょうかえ	0
すくなめ	0
ほくはん	1
みょうしゅ	1
あおやか	2
あしばや	0
あしまめ	0
あたたかめ	0
あつらへむき	0
あまめ	0
あわめ	0
いぬぎらい	3
いろぐろ	0
うちむき	0
うらないずき	0
おおあま	0
おおきやか	3
おそめ	0
おもりか	2
おんなくさい	5
おんなずき	0
かたちんば	3
かたわ	1
からっぺた	0
きえぎえ	0
くちがる	0
くちばや	0
くびったけ	0
くらめ	0
こころおだやか	5
こころやすらか	5
こまかめ	0
こみこみ	0
こわめ	0
さむめ	0
しずやか	2
しため	0
しぼだか	2
しりばや	0
しりはや	0
じょうざ	0
すじわる	0
すそなが	0
たけなが	0
ちいさやか	3
ちからまかせ	4
てばや	0
てまどう	3
てやわらか	0
においやか	3
にほひやか	3
のびらか	2
はすは	0
はでめ	0
ひとずくな	0
ひなまれ	0
ひめやか	2
ふくや	2
ふくらか	2
ふるめ	0
へびぎらい	3
ほねぼそ	0
まえめ	0
まけぎらい	3
まるやか	2
みしろ	1
みじかめ	0
みみより	0
むつまやか	3
めずらか	2
めばや	0
もえもえ	0
ものくさ	0
やさしめ	0
ゆびまめ	0
わたしごのみ	4
われがしこ	3
せきじつ	0
ほそなが	0
したむき	0
じょうこん	0
なかびく	0
べっし	1
あまからーい	4
くめい	0
うごき	3
こいち	1
ちかめ	0
こはん	0
ごはんづくり	4
なるかみ	0
ひしゃ	1
みのたけ	2
ゆぶ	1
げんぐん	0
すいき	0
なましょく	0
つよめ	0
とまり	0
うぅ	0
とや	1
はさみ	1
ふうじこめ	0
こうすう	3
しちじっ	3
しちじゅっ	3
しょうとり	1
しろし	0
へんへー	3
くらし	0
うつのみや	0
くろぶち	0
いっしゃ	1
にしかた	2
いえなり	2
いしあたま	3
かずすけ	2
きやま	1
なかいち	2
ふかめ	0
ぶんい	1
がくぐん	2
ざんそん	0
げろく	0
わかみや	2
めいか	1
そばや	2
たんぶ	1
てんのうじ	3
ぼうげつ	1
いちだ	1
みぎみみ	0
もうせん	1
かねひら	2
こづか	1
いいや	0
しゃじ	1
そくせき	0
たいべい	0
はなばな	2
ごうりき	1
ゆきむろ	0
ようじょう	0
へいご	0
いなもと	2
たぎょう	0
つづみ	1
ほんっっと	0
ほんーと	0
ほーんと	0
ほーんとう	0
ほーんとぉ	0
あえ	1
ひだりうえ	0
いそや	1
ひょうぶ	1
ぷ	0
へいぶ	1
よぞら	1
せきたい	0
ようひん	0
うえつけ	0
かずよ	0
ちゅうわ	0
ねんそう	0
ゆるめ	0
がいへん	0
きのした	2
しなぞろえ	3
ちょうせき	0
あさお	1
うちあげ	0
ゑちご	1
ひとぎらい	3
よびかけ	0
しゃれき	0
もちきり	0
うつぶせ	0
なかみせ	0
はちじょうの	2
よじん	0
よわめ	0
せばめ	0
ぜつ	1
たいげい	0
どにちよう	4
なにもん	0
かくがた	0
かくたい	1
しいっ	1
じゅうほう	1
ひちょう	0
きんなん	0
じょうや	1
てぃーぴー	3
かがみもち	3
かくれんぼう	3
けいてん	0
しゃきゅう	0
しょうない	1
みがき	0
らんこう	0
いちがく	2
ざんせう	0
せいひん	0
たとう	0
にくばなれ	3
やくひん	0
よつぱらい	0
よつぱらひ	0
よっぱらひ	0
けんじゃく	0
じゅいち	1
じょうとく	0
にしび	0
おくび	0
とづか	0
とんよく	0
どうち	1
はとう	0
あんらく	1
ちょうび	1
なぐりこみ	0
ぎょじょう	0
けまり	0
かわの	1
にろく	1
たにがわ	0
かずらき	0
もちなおし	0
さんぐう	3
せりあい	0
さくじつ	2
ふれあい	0
たがわ	1
ひんがしやま	0
はたらき	0
りいち	1
もとちょう	0
かいるい	1
はらばい	0
こたけ	1
のうさく	0
りくどう	2
りゅういき	0
しひょう	0
だいふ	1
ひだりあし	0
せいめん	0
たじまの	0
ぼせき	0
わりびき	0
おしえ	0
がっか	0
しょしょ	1
どうき	0
しょおん	1
ちゅうこうねん	3
うえつき	0
きゅうべつ	0
たかやま	0
あたらし	2
うおつり	2
うたばん	0
じゅうにそう	3
ぞうよう	0
うわあご	0
おおあめ	3
どかい	0
いいぶん	0
みならい	0
たへ	1
ねんだい	0
おおじ	0
ちかよ	0
つぶらの	0
なかえ	0
めいじん	3
おさげ	2
おすめす	0
ぐんびょう	0
しきみ	1
みちさき	0
もうり	1
りょうかん	1
しょしき	0
ばんかた	0
ゆふ	1
ありかわ	2
おおき	0
どうへん	0
かちこし	0
じんのうち	3
せきし	1
たからべ	0
なまざい	2
にしお	0
いいあい	0
いえじ	0
こうこん	0
そしん	0
ほどがん	1
わじょう	1
でんもう	0
ひとばなれ	3
ゆや	1
おが	0
かもの	0
さしだし	0
しきゃく	0
じょうやど	0
ゆずり	0
りゅうは	1
ほうがっ	0
しゅつらい	0
ぜんざい	0
うちのみ	2
おうらく	1
すみた	1
みやした	2
みやざき	2
どなりあい	0
にちみん	0
おうみの	0
ひだりみみ	0
ほしよもぎ	3
まさはる	2
おおみそか	3
たもと	3
ちくしょお	3
ねいろ	0
ふきぬけ	0
りやく	1
どうぶ	1
はくさ	1
かずほ	1
あおば	1
おおさつ	1
そうや	1
てんみょう	1
ようえき	0
かくか	1
しんばん	0
うぬぼれ	0
しろぬき	0
せんぱち	0
にしかわ	2
のしあわび	3
あまやか	2
だいじゅ	1
はたけみち	3
よにゅう	0
くてちょう	2
たかまど	0
ふたひゃく	2
ふたひゃっ	2
ほったい	0
さぶい	0
ひにち	0
やすもの	0
やない	1
みしゅう	0
ぶっしん	0
ほくぐん	0
かくいん	1
かしだおれ	0
ききこみ	0
たちいり	0
はげみ	3
むご	1
どうがく	0
りょうきょう	1
かたじ	0
しゅかく	0
しろぼし	2
はじき	2
きちゅう	0
きぬがさ	2
ぜんぎょう	1
やまでら	2
よさの	0
きだい	0
おじま	1
かずうじ	2
しらほね	0
たいない	0
なんじ	1
りゅうとう	0
おもぃ	2
くるまちん	3
けんきゃく	0
しゅうげつ	1
すれちがい	0
ほずみ	1
ゆかだん	0
ふたばやま	0
くうでん	0
きょうごく	1
こうずい	1
おおなか	1
じゃくや	1
しゅうじゅう	0
じんぞう	0
もうしたて	0
びそく	0
おしつけ	0
よかわ	1
すみか	1
とよだ	1
やまげ	0
うちで	0
たてり	1
ぬけあな	0
きょうがい	0
とおこ	1
ねん	1
しげまつ	2
はくしん	0
えしき	1
ひとどおり	0
やまさき	2
つきみ	0
つみかさね	0
ふきよせ	0
けんぎ	1
とまりこみ	0
ひらや	1
しらかみ	0
しーがいあ	3
くすし	1
しらじ	0
にちべい	1
まいあがり	0
おおいり	0
ほだし	1
くて	1
しゃかん	0
なき	0
ちわ	1
いまで	0
しっき	0
まえばる	2
みしり	0
おおふな	0
ぬさまい	2
もんぴ	1
いただきもの	0
てした	3
にんどう	1
つるぎ	1
めぢか	1
とりこぼし	0
ひだりうで	0
りょうまい	0
えんち	1
ざいそ	1
ぬか	1
のうき	1
ふへい	0
かるやか	2
なつやすみ	3
みとおし	0
うえと	0
おおいわ	0
かおむけ	0
かばた	1
がんしょく	1
さいらい	0
ぶげん	0
なかとみ	2
ごえ	0
すなち	0
がはり	0
はっかっ	4
いわや	0
べんき	1
まついえ	2
しんでん	0
ねつじ	1
へいじ	1
おかじ	1
こくうん	0
なみかた	2
こねぎ	0
かうべ	1
したず	0
かいいれ	0
ひえぬき	2
うけこたえ	0
しりあい	0
みぎっかわ	0
あいじゃく	0
うらぶた	0
やまふき	2
いしずみ	2
かいの	1
ぎょうしょ	0
きんたろう	0
こぼね	0
てだて	1
びだん	0
うらがへし	3
おおと	0
おじり	1
つきあわせ	0
ぶしん	1
かくかい	0
こんげん	0
たいちゅう	1
いごん	0
おとなし	2
かずひで	2
ささえ	0
ぼくや	1
みぎごえ	0
めご	1
うけん	1
かみじゅく	2
きりぼし	0
すぎうち	2
ぞうこう	0
ちふみ	0
おおめ	0
まとまり	0
しひゃっ	1
じんぜい	0
いわやま	0
しゅそく	0
ろうくみ	0
たふく	0
あかるみ	0
おおとう	1
げっか	1
つかいすて	0
ひらの	1
よばわり	0
たわむれ	0
とくら	1
とこは	0
もとはちろう	3
いたばり	0
こごえ	0
こづかい	1
はらいち	2
くちもと	0
びきゃく	0
よの	0
ようたい	0
かくばく	0
きゃくすう	3
ここち	0
しょよう	0
ばってい	0
かざみ	0
きりつめ	0
とくしゃ	0
じゅうふく	0
ひととせ	2
たにかわ	2
とうぎん	0
ふゆもと	2
あっちゃ	3
いしだたみ	3
みんな	0
よりき	1
りちょう	1
ばけぇ	1
ひきつれ	0
あかいろ	0
あふり	1
がくしょ	1
げ	1
みょうぎ	1
おうね	1
おふさ	1
たいえん	1
ほんいんぼう	3
おんよう	0
たちぎえ	0
ばやし	3
ひもの	1
ふかばやし	3
おめみえ	0
かっかん	0
りょうか	1
じこみ	0
のうがい	0
みちのおくの	3
むさしの	0
こくせき	0
はつゆめ	0
ぼっけ	0
おこし	3
じんてい	0
あいのり	0
えの	0
たけはら	2
あしがかり	3
おとべ	1
てつめん	0
とうほん	0
かわしも	0
しろかね	0
りほう	1
いむな	1
ぎんしょく	0
としご	2
ろうらん	0
せかわ	1
なつふゆ	0
みちばた	0
さんづけ	0
しんない	1
ぞくがら	0
すずり	3
ひざつう	0
のりあい	0
うちがり	0
しちろく	0
じゅうけいてい	3
じょうすう	3
しおみず	2
けいいち	0
すごう	1
うちにわ	0
ふかし	1
くろご	0
もくめん	0
つきまつり	3
はやみ	1
こうぼく	0
あとがき	0
そとがり	0
もりじり	2
さげどまり	0
しゃっこう	0
のべばらい	3
ひだりっかわ	0
えりすぐり	0
みょうあさ	1
しょうう	1
べつみょう	0
みぎより	0
せいあい	0
にま	0
みたし	0
むかい	0
よみほん	0
べっさん	0
みぎあし	0
やはた	1
やまな	1
まえの	1
むつき	1
みずたに	2
おんば	0
じょうやま	0
しきがみ	0
ちんきん	0
めぐり	0
あぶらぶん	3
ごちゅう	1
しごとがら	0
しゃちん	0
だんいん	0
やばしら	2
やどだい	0
かいあげ	0
おもてだか	0
じんかん	0
のぶなが	2
ふしめ	3
ざくぎり	0
たてやま	2
でこしゃこ	2
とちりよみ	0
はつの	1
ゆきぐに	2
あまさき	2
きどり	0
とつておき	0
にゅうぎゅう	0
おもてどおり	4
てつかい	1
ひかえめ	0
ひふみ	0
ふゆしば	0
ほくち	1
なしめ	1
ぎしゃ	1
あそびば	0
おうもの	0
じん	1
いなみ	1
たがひ	0
なすの	1
ひだりはじ	0
みちひと	2
わらひ	0
こぼし	1
じょうはん	0
みこし	0
すすや	1
はんどころ	0
よくじょう	0
やぶり	3
くぎつけ	0
よみあげ	0
しあげ	0
むつみ	0
かいかえ	0
かよいちょう	0
じげ	0
すきいれ	0
なんぴと	0
えんすい	1
だいめん	0
あおじる	0
えなみ	1
おのづか	2
こっぷん	0
はたもと	0
いきち	1
うとう	0
ひかりがい	3
ともゑ	0
ひきがたり	0
とりさげ	0
ばちおと	0
すがの	1
なおすけ	2
かみはん	0
うなばら	2
こくがっ	0
せつがい	0
かくわ	1
でむかえ	0
ふぢさわ	0
かたやま	0
ききわけ	0
はなぞの	0
ものぐるい	3
なりふり	2
おやぐま	0
にょいん	1
つぎお	0
にくずれ	0
はすぬま	2
とりきめ	0
まちなみ	0
くびね	0
ふぼ	1
まめせい	0
いそん	0
うちだて	2
ひとよ	2
めいとく	0
あおた	0
あゆみより	0
ぬかた	0
ろうほ	1
おおぞら	1
かかりうけ	0
かねもと	2
このころ	2
てふてふ	1
かずまさ	2
みずかみ	0
なおいり	2
はなしがい	0
うどーん	0
がてん	0
こいづみ	2
のち	0
ぎょじん	0
にしきた	2
かいさき	0
たいひょう	0
やまみず	2
しもざ	0
そうさつ	0
おもはく	0
ほしまわり	3
れんきゃく	0
ひなや	2
しわけ	0
ふじわらの	0
ひゅうがの	1
ころしや	0
つぶだて	0
はんいん	0
へさき	1
あれえ	2
じょきょう	0
つかいもん	0
かたみち	0
ばぬし	1
やきいろ	0
とくぞう	0
どうがしま	3
はくば	1
ひつこみ	0
むにん	0
うちどめ	0
くわた	0
ちゅうにん	0
つけかえ	0
とうぐん	0
なかだか	0
もちぬし	2
もてぎ	0
いきかん	0
のうがっ	0
みなみぐち	0
うちぼり	0
さくほう	0
いれこ	0
ぜんでら	0
はくが	1
せんじ	1
はりもと	2
ひがしぐち	0
ひるさがり	3
のつけ	1
っぱずれ	0
めぇ	1
もとおっと	1
いえべつ	0
じゅつしゃ	2
すその	0
ちょくにゅう	0
つくりつけ	0
やき	1
ようび	1
おもいつき	0
そくぶ	1
ぺいあん	0
しごとおわり	4
たまち	1
ろくなな	0
であい	0
ちけつ	0
ぢょうじゅ	1
もりど	0
ひきあて	0
よみとり	0
よこずれ	0
したっぱら	0
ろんぼ	1
じょうない	1
じゅうく	1
とこみせ	0
まえふり	0
ねづみ	0
はきけ	3
たちやく	0
でぇえこん	0
でゃあこん	0
ばおり	0
ほんもん	1
がくけい	0
けいてい	1
しょくべつ	0
おんなもの	0
ふゆもの	0
せんくち	0
すぎはら	2
たけとし	2
ひきがね	0
おとこまえ	0
だいがえ	0
ちゃばなし	2
にくこつ	2
こでらの	0
なまよもぎ	3
たたみや	0
ゆいかわ	1
はなしことば	4
おだか	1
あかし	1
かなしび	0
きばこ	1
はりがかり	3
つながり	0
しんごよみ	3
とりで	0
しょいん	0
たけのり	2
おやゆび	0
みんかい	0
たちあい	0
のりもの	0
かつあき	2
くさなぎ	0
ほぐ	1
かぶつ	1
じりょく	1
たてなおし	0
なげ	2
ぷじん	0
いわば	0
じきげ	0
つりあい	0
たてばしり	3
ちからしごと	4
べんてん	0
こじわ	0
じゅんいち	0
しちろう	0
だいぶつ	0
とおりすがり	0
こばやかわ	3
とぎ	0
よしつね	2
てじょく	0
ごうしん	0
つけたし	0
ぱなし	0
あかっこ	2
てんめ	0
かみしな	0
ひなまつり	3
くいもの	3
さない	1
うらめん	0
ひっしゅ	0
こなし	1
しょうざん	1
っぱなし	0
ひらば	0
だんえん	0
にしっかわ	0
はかば	3
るにん	0
かんばら	1
こがん	0
こちらがわ	0
せつかん	0
しただ	1
なかもり	2
ひだりめ	0
じゅんり	1
おひつじ	3
ごかし	1
つじまる	0
きせかえ	0
さとおや	0
みみたぼ	3
わかさの	1
ちとし	1
ひのくま	0
あえぎ	3
いのり	3
かしわで	0
のうけ	1
きりかえ	0
しちせき	2
てもと	3
はらいもどし	0
みやしろ	0
きたのうみ	3
たねさし	2
おもてむき	0
ほんたて	1
かたっぱし	0
かなぎ	1
きりうり	0
だてら	1
まえがみ	0
もらいもの	0
かたぱし	0
やまなみ	0
おおあな	0
きょくちょう	0
つづけさま	0
いそじ	1
がくけ	1
もみあい	0
ちばの	1
つけたり	0
へったくそ	5
まちかど	0
りきみ	0
おとこおや	0
おませ	2
しんねこ	0
ずんべら	0
ちぎれちぎれ	4
でわの	0
びちょぬれ	0
まつしぐら	3
ゆゑ	2
ぎょうば	0
くびもと	0
あおおび	0
おんすう	3
かたいなか	3
にしがき	2
ののしりあい	0
みまわり	0
うらべ	1
おんれつ	0
よめしゅうとめ	0
あはれ	1
さけび	3
ひかみ	1
かがや	1
でんち	1
ふゆば	0
おもひで	0
はなはた	2
はんたーい	0
さかどんや	3
たちばなの	2
はつみみ	0
もうじゃ	1
おーど	1
とおりみち	3
もどしじる	4
なくしぐせ	0
てのこう	1
へいべい	1
おおくす	0
ちのみち	0
どうがつ	1
かぐやま	0
くろおび	0
めったくた	0
めっちゃくちゃ	0
めっちゃくっちゃ	0
かえりみち	3
さとびと	0
くつろぎ	0
なかわた	0
ようざい	0
うえっかわ	0
おでまし	0
きりまる	0
きわく	0
しりあひ	0
ちえだ	1
はしゅ	1
かみいち	2
さくらいの	2
しげさと	2
こうやま	1
まとめあげ	0
さくらまつり	4
しほり	0
ひっかえ	0
かいなか	1
とどこおり	0
ながみ	1
おばら	1
かたちつくり	4
つけあわせ	0
まちづくり	3
こかく	0
こぎて	0
とばぐち	0
りょうば	1
ちんじん	1
ばりき	0
みおぼえ	0
ざいめん	0
しもの	1
なみだごえ	4
くれごろ	3
ひぐれ	0
おうしう	1
みどりおび	3
めもと	3
やきたて	0
かなで	0
こばな	1
ぷくど	1
まるがた	0
えらび	0
ききもの	0
うたたね	0
ひきおとし	0
ふくもと	2
おやがわ	0
かざかみ	0
かずなお	2
みてくれ	0
いれかえ	0
うりもの	0
きょくすう	3
しいしい	0
びたい	0
めばたき	2
めいち	1
ゆきかけ	0
いきかけ	0
ゆきがけ	0
そとっかわ	0
のりあひ	0
くろぎ	1
ひのはら	2
あがりはば	3
ぜんし	1
ないまぜ	0
こいごころ	3
ふさがり	0
よこがお	0
こいたばし	3
しなり	3
しまぶね	0
たまはがね	3
よりどころ	0
しんがっ	0
なきごと	0
ひばな	1
みずあそび	3
ほりぐち	2
せつざん	1
ふくもり	2
ぶちょう	0
めぐりあわせ	0
あぶらがみ	3
あらわれ	0
どうぎん	1
ふかみ	0
ぶれい	1
あきぞら	3
しまぐに	2
てぐち	1
きがえ	0
やどや	0
やすもり	2
ききて	0
すじょう	0
たてうち	2
つつがた	0
ひとりご	3
みはり	0
めかま	0
いでわのべん	4
ちぢみ	0
てらし	1
わかいしゅ	2
いいかえ	0
じょうがく	0
ゆるぎ	1
せきわけ	0
なかよし	2
いせざき	2
げらい	1
なかざと	2
ぶひ	0
あずみ	1
たたみどこ	3
だじょう	0
ほくほくせい	0
みがら	0
かわぞこ	0
ひだりむね	0
かくどう	2
さたけ	1
たきぐち	0
ひっつれ	0
ほくだい	0
きちじつ	0
さっちょう	1
まかせ	3
かずもと	2
ぜんえもん	1
はしくれ	0
ふんばり	0
けいいちろう	3
ささめゆき	3
いそい	0
おんなごころ	4
きめごと	0
こもり	1
とっかかり	0
みなみっかわ	0
かみちか	2
きったか	1
つるがおか	3
ひだりごえ	0
ひとひと	2
あしがる	0
いろざと	2
たがり	1
はつりょく	2
さわい	0
とおや	1
はりしごと	3
たつぐち	2
とうそ	1
しずく	3
にしおか	0
ぶうとう	0
あらがき	2
ききみみ	0
きぬみ	0
しおかぜ	2
やまのは	0
てっ	0
ちかつぐ	2
ふしくれ	0
まどころ	2
まるみ	0
よこかわ	2
あるなし	1
いけどり	0
ずいりょう	1
のまぐち	2
のみぐすり	3
ふなたび	0
みねぎし	2
いいつけ	0
がくし	1
かげひら	2
きりどおし	0
こくぼ	0
ほういん	0
みねひめ	2
やましなの	0
くらまし	2
しろとり	2
なかざわ	0
ひきさげ	0
みどりもの	0
きくかわ	2
ひがわり	0
ほしまつり	3
よこがわ	0
あまつぶ	3
かたずけ	0
はばたき	2
きづか	1
くらもと	2
めいっこ	0
やすみなし	4
ありまい	0
いせや	1
かくるい	1
くにさき	2
すえお	0
みのり	1
もりやま	0
ゆめにしき	3
きたや	1
すまいびと	2
とっとき	0
てぶり	1
はつもうで	3
わすれもん	0
おかむら	0
そでなか	2
だゆう	1
なおら	1
えなり	1
おがみ	1
きながし	0
ぐ	1
したっかわ	0
すぎとう	2
たかばやし	3
ふじむら	2
むこうぎし	0
さとざき	2
よみせ	0
かずんど	2
かなやま	0
しこみ	0
まひと	1
おとづくり	3
おやけ	1
くびすじ	0
つかはら	2
ひがな	0
よしづみ	2
りゅうまえ	1
ありがね	0
おおみわの	0
をば	0
でっぱな	0
でばな	0
とらあきら	3
につけ	0
のりづき	2
みせかけ	0
みはらし	0
おおだな	0
おやごころ	3
かべがみ	0
のうしょう	0
もとうり	0
おおひ	1
くちぐせ	0
しもやなぎ	3
つゆくぼ	0
ひとがら	0
ひらて	0
あいうち	1
あかせ	1
うしろかた	0
うでくび	2
きみづか	2
ごとうだ	2
しきいし	0
つきお	0
はこいり	0
みやなが	2
よみち	1
あかみね	2
たにざき	2
はなまつり	3
ふだつき	0
みちづれ	0
やまはだ	0
ゆきむら	2
うらかた	0
さんしき	0
だんたに	1
にしやま	0
へらし	3
おわだ	1
くるまどおり	0
けなみ	0
たがら	1
たんばの	1
てっこく	0
てらもと	2
ねぎしま	0
ひのこ	1
いばた	1
おきはら	2
きがへ	0
きりすて	0
さかば	0
ざやす	1
すていぬ	0
せ	1
たけいし	2
たたか	1
のぞきよみ	0
はがた	0
ふくひめ	2
まうえ	3
ももいろ	0
やぐち	1
いきかた	0
いわさ	1
さかわ	1
さのの	0
てらこし	2
みそら	0
あやの	1
かわぶち	2
ききまわり	0
くどお	1
こうづる	0
しぶき	1
のぶとも	2
ひょうもと	1
ふなき	1
やくしじ	0
やすま	1
よしなか	2
あぶらあげ	3
うけいれ	0
かまたま	0
きたはら	2
とっつー	1
なつば	0
ほりまつ	2
やそはち	0
わかれみち	3
いのうへ	0
かどまつ	2
くろずみ	2
ささの	1
すぎうら	2
としみつ	2
にしさわ	0
にしざわ	0
ほさか	1
ほそみ	1
やまおか	0
あとやま	0
うれえ	2
えもり	1
おおわく	1
おかさか	2
おきば	0
きよひろ	2
ことの	1
さかぐち	2
すけなり	2
そとぼし	0
たまむら	2
とめかわ	2
ひもと	1
ふじまる	0
ふでさか	2
まさな	1
みやこや	0
ゆずき	1
ありもと	2
うらどおり	3
かづき	1
きよなが	2
きりやま	0
くにぐに	2
こいひめ	1
こみやま	0
さきかわ	2
しみずがみ	3
すぎもり	2
たけがみ	0
たちさがり	0
たてごし	2
つた	0
てらはら	2
とうめ	1
とびいし	2
とんしょ	1
なしもと	2
にしより	2
のぶやす	2
はやせ	1
ひさなが	2
ほしあかり	3
みことのり	0
やすき	1
やませ	1
よこみつ	2
あおいけ	2
あまぐも	0
ありめ	1
いしづき	2
いのまた	2
いまみち	2
えびのき	0
おおがの	0
おおきど	0
かたよせ	2
かねした	2
かぶもと	0
かめいし	2
きたお	0
きょうもと	1
きりめ	3
けがわ	0
こうずけ	0
さかいだ	2
そのだ	1
たかえす	2
たかすぎ	2
たどころ	2
てらやま	0
ながき	1
にしぞの	0
ぬかが	0
のりなが	2
はつゆ	0
みずきり	2
みやぐち	2
みやこし	2
もとやなぎ	3
やまのぼり	3
ゆきまじり	3
あかしお	0
あわもり	2
いけべ	1
いしなべ	0
いたがき	2
いぶせ	1
いまとみ	0
いわぶち	2
うさみ	1
うめはら	2
おおぎまち	0
おおつぼ	0
おくだ	0
かきた	1
かさの	1
かじた	1
かもしだ	0
きしだ	0
くさかわ	0
くさむら	2
くすはら	2
げしゅ	0
こころあたり	4
こしば	1
さかきや	3
さくはら	2
しげむら	2
しもざき	2
しもしきりょう	4
すずもり	2
そうの	1
たおか	1
たにがき	2
だいどうじ	1
とくはら	2
とどめ	1
とももり	2
なかこうじ	3
なかね	0
なかはし	2
なんぼ	1
にしさか	2
にしひら	2
はぎもと	2
はたけやま	3
はなだ	1
ひさもり	2
ひろすえ	2
ふかさく	0
ふくなが	2
ふるさわ	0
まつとうや	3
みずまち	2
みのすけ	2
みやとも	0
むこうっかわ	0
むこっかわ	0
むしゃのこうじ	4
むらばやし	3
もとおり	2
やすこうち	3
やまわき	2
やりまくり	0
よこぜき	2
よこみね	2
あいうら	1
あいえ	0
あいおいがき	3
あいがみ	0
あいさか	1
あいさわ	0
あいざき	1
あいざと	1
あいしんかくら	5
あいじま	0
あいぞの	0
あいつき	1
あいづや	3
あいべ	1
あいむね	1
あえば	0
あおうどう	2
あおえ	0
あおお	0
あおさき	2
あおささ	0
あおつ	0
あおつか	2
あおぬま	0
あおの	1
あおもと	2
あかいがわ	2
あかいしざわ	4
あかいはた	2
あかがき	2
あかぎり	2
あかざき	2
あかざわ	0
あかしば	0
あかしろ	1
あかせがわ	3
あかそふ	2
あかぞめ	0
あかたけ	2
あかだ	0
あかつ	0
あかはに	2
あかばし	2
あかばやし	3
あかひら	2
あかべ	1
あかみち	2
あかむら	2
あがりえ	3
あきう	0
あきえだ	0
あきくら	2
あきぐち	2
あきさだ	2
あきさと	2
あきすえ	2
あきとみ	2
あきとも	2
あきなが	2
あきぬま	2
あきはら	2
あきみち	2
あきもと	2
あぐさ	1
あぐね	1
あけがらす	3
あけした	2
あけぞら	0
あけつ	0
あけでら	0
あけの	1
あけはし	2
あけほ	1
あけみね	2
あけら	1
あげはら	2
あさいし	2
あさうち	2
あさえだ	2
あさかぜ	2
あさかのみや	0
あさがき	2
あさごえ	0
あさざか	2
あさざと	2
あさつま	0
あさづ	0
あさなが	2
あさぬま	0
あさねぼう	3
あさのめ	0
あさばね	0
あさぶき	2
あさみず	2
あさみや	2
あさもと	2
あさや	1
あざかみ	0
あざま	0
あしかわ	2
あしぐち	2
あしざわ	0
あしだの	0
あしやうち	3
あじがわ	0
あじさわ	0
あすかい	2
あすかた	0
あすま	1
あずまたて	3
あぜがみ	0
あぜくら	0
あぜた	1
あぜつ	0
あぜやなぎ	3
あそづ	0
あだちはら	3
あつき	1
あてやま	0
あとうだ	2
あとだ	1
あなだ	1
あなとの	0
あなはら	2
あなべ	1
あねがこうじ	4
あねざき	2
あねたい	2
あねはら	2
あねやま	0
あのの	0
あはごん	1
あはら	1
あはれん	1
あばらい	2
あぶかわ	2
あぶらかわ	3
あべかわ	0
あべき	1
あぼし	1
あまいけ	2
あまお	0
あまかわ	2
あまがい	2
あまがさ	2
あまがた	2
あまき	1
あまぐち	2
あまこ	0
あまさか	2
あまさわ	0
あまたけ	2
あまだ	1
あまひさ	2
あまみや	2
あまもと	2
あまや	1
あみた	1
あみたに	2
あみなか	2
あみなが	2
あみはま	0
あみもと	2
あみやま	0
あめお	0
あめくら	2
あめとみ	2
あめのもり	3
あめま	1
あもと	1
あやかわ	2
あやき	1
あやしろ	0
あやた	1
あやつじ	2
あやど	0
あやな	1
あやのみや	0
あやば	0
あやぶき	2
あやみ	0
あやもり	2
あゆさわ	0
あゆはら	2
あらいえ	2
あらいだ	2
あらえ	0
あらおか	0
あらかね	0
あらきだ	2
あらせ	1
あらたい	0
あらたけ	0
あらほり	0
あらまた	0
あらやしき	3
ありいずみ	3
ありいそ	2
ありうみ	2
ありかど	2
ありかべ	2
ありが	1
ありくら	2
ありさか	2
ありさだ	2
ありざ	1
ありしま	0
ありしろ	0
ありじ	1
ありすえ	2
ありずみ	2
ありせ	1
ありぞの	0
ありたけ	2
ありとう	2
ありとみ	2
ありなが	2
ありの	1
ありはら	2
ありひさ	2
ありふく	2
ありまつ	2
ありむら	2
ありもち	2
ありもり	2
ありやす	2
ありわらの	0
ありわら	0
あわくに	2
あわぐち	2
あわさか	2
あわさと	2
あわね	0
あんさい	1
あんせ	1
あんたく	1
あんふ	1
あんようじ	1
あんらくあん	4
いいお	0
いいおか	0
いいおり	1
いいかわ	1
いいがい	1
いいくぼ	0
いいけ	1
いいざか	0
いいざわ	0
いいず	0
いいたけ	0
いいだか	1
いいぬま	0
いいはざま	3
いいはた	1
いいはら	1
いいば	0
いいばた	1
いいぼし	1
いいよし	1
いうえ	1
いうみ	1
いうら	1
いえさか	2
いえだ	1
いえなが	2
いえむら	2
いえもり	2
いおか	1
いおく	1
いおたに	2
いおち	1
いおはら	2
いかだい	2
いかみ	1
いかりやま	0
いがうえ	2
いがき	1
いがぐら	0
いがた	1
いがや	1
いきまつ	2
いくい	1
いくえの	0
いくざわ	0
いくづき	2
いくはら	2
いくま	1
いぐろ	1
いけうら	2
いけえ	0
いけお	0
いけおか	0
いけかめ	2
いけがい	2
いけがめ	2
いけがや	2
いけきた	2
いけぐち	2
いけざき	2
いけずみ	2
いけぞえ	0
いけど	0
いけなか	2
いけなが	2
いけにし	2
いけのうち	3
いけのなみ	3
いけのぼう	3
いけのや	3
いけはた	2
いけはら	2
いけひろ	0
いけふじ	2
いけぶち	2
いけまつ	2
いけみ	1
いけみず	2
いけみや	2
いけむら	2
いけもと	2
いけもり	2
いけやま	0
いけわき	2
いけわだ	0
いげた	1
いごし	1
いごり	1
いさき	1
いさの	1
いさはら	2
いざき	1
いしうち	2
いしうらの	0
いしおどり	3
いしかみ	0
いしが	1
いしがや	2
いしぐち	2
いしぐり	2
いしぐれ	0
いしけた	0
いしこ	0
いしごおか	3
いしざか	0
いしじま	0
いしぜき	2
いしそこ	2
いした	1
いしたに	2
いしだいら	3
いしだて	2
いしちょう	2
いしづか	0
いしで	0
いしでら	0
いしとう	2
いしとび	0
いしど	0
いしどう	2
いしどおり	3
いしにし	2
いしの	1
いしのもり	3
いしはた	2
いしはらだ	3
いしびき	2
いしびつ	2
いしふね	2
いしぶし	2
いしみつ	2
いしみね	2
いしむら	2
いしむれ	2
いしもり	2
いしわだ	0
いしわり	2
いじの	0
いじこんかくら	5
いじち	1
いすぎ	1
いすたに	2
いずいし	2
いずはら	2
いずぶち	2
いずみかわ	3
いずみぐち	3
いずみさき	3
いずみさわ	3
いずみだて	3
いずみもと	3
いずみや	3
いずみやま	3
いずもい	3
いずもり	2
いぜき	1
いせだ	1
いせり	1
いせろ	1
いそうだ	2
いそえ	0
いそかわ	2
いそがい	2
いそがき	2
いそたに	2
いそち	1
いそにし	2
いそのかみ	3
いそばやし	3
いそまた	2
いそむら	2
いたくら	0
いたさか	2
いたざか	2
いたどこ	0
いたに	1
いたびさし	3
いたみや	2
いたらしき	3
いちきざき	3
いちくら	2
いちざき	2
いちしま	0
いちのぎく	3
いちのつぼ	3
いちのもと	3
いちはし	2
いちはな	2
いづか	1
いづき	1
いづくり	2
いづま	1
いづめ	0
いでうえ	2
いでうら	2
いでお	0
いでくら	2
いでぐち	2
いでした	2
いでづき	2
いでなわ	2
いでの	1
いではら	2
いでむら	2
いといがわ	2
いとうじ	2
いとうづ	2
いとかず	2
いとかわ	2
いとせ	1
いとたに	2
いとなが	2
いとはら	2
いとばやし	3
いとやま	0
いとり	1
いどうじ	2
いどがわ	2
いどき	1
いどぬま	2
いないし	2
いないずみ	3
いなうち	2
いなかず	0
いなが	1
いなくま	0
いなさか	2
いなざき	2
いなじ	1
いなずみ	2
いなたま	0
いなつ	1
いなつぐ	2
いなとみ	2
いなの	1
いなのまひと	4
いなはた	2
いなはら	2
いなふく	2
いなます	2
いなまた	2
いなまつ	2
いなみね	2
いなもち	2
いなもり	2
いなよし	2
いぬえ	0
いぬかみの	0
いぬかわ	2
いぬき	1
いぬさか	2
いぬざか	2
いぬた	1
いぬづか	2
いぬどう	2
いぬぬま	0
いぬぼう	2
いぬむら	2
いねみつ	2
いのい	0
いのうら	2
いのおか	2
いのかわ	2
いのがた	2
いのくま	0
いのぐち	2
いのけ	1
いのこ	1
いのつめ	2
いのづか	2
いのは	1
いのひら	2
いのま	1
いのまき	2
いのも	1
いのもと	2
いはし	1
いはた	1
いはや	1
いはらだ	2
いばの	1
いばもと	2
いばやし	2
いばらきや	0
いひら	1
いふくべ	2
いふね	1
いぶか	1
いぼり	1
いまいずみ	3
いまうし	2
いまうじ	2
いまおか	0
いまがね	2
いまがま	0
いまき	1
いまきでら	3
いまきのあやの	0
いまくら	0
いまさと	2
いまさわ	0
いまじゅく	2
いまずみ	2
いまたに	2
いまでがわ	3
いまでがわの	3
いまでら	2
いまに	1
いまにし	2
いまはら	2
いまはり	2
いまばやし	3
いまふく	2
いまべっぷ	3
いまほり	2
いままる	0
いまみぞ	2
いまみつ	2
いまみや	2
いまもり	2
いまよし	2
いまる	1
いもあらいざか	4
いやなが	2
いやま	1
いよたに	2
いよだ	1
いらこ	1
いらは	1
いりうだ	2
いりうちじま	4
いりくら	2
いりさ	1
いりの	1
いりのだ	2
いりふく	2
いりふくはま	4
いりまがわ	3
いりまじり	3
いりまだ	2
いりむら	2
いりもと	2
いろかわ	2
いろべ	1
いわおり	2
いわかた	2
いわかね	2
いわがき	2
いわきち	2
いわきり	2
いわきろ	0
いわこし	2
いわさか	2
いわしな	0
いわたち	2
いわたれ	0
いわだて	2
いわつか	2
いわなか	0
いわなが	2
いわなり	2
いわの	1
いわはら	2
いわひら	2
いわほり	2
いわま	0
いわまさ	0
いわまつ	2
いわまる	0
いわみや	2
いわむら	0
いわもち	2
いわもり	2
いわわき	2
うええだ	0
うえおか	0
うえかわ	2
うえがき	2
うえがま	2
うえくさ	2
うえぐり	2
うえさか	2
うえさと	2
うえざ	1
うえしば	0
うえしま	0
うえじ	1
うえじま	0
うえすな	2
うえず	1
うえずみ	2
うえせど	0
うえぞの	0
うえたけ	2
うえたに	2
うえち	1
うえつじ	2
うえはた	2
うえはま	0
うえば	1
うえばやし	3
うえま	1
うえまち	2
うえやなぎ	3
うえわき	2
うおい	0
うおざき	2
うおざと	2
うおした	2
うおしま	0
うおずみ	2
うおせ	1
うおたに	2
うおと	0
うおもと	2
うかじ	1
うかわ	1
うがき	1
うがじん	2
うがわ	1
うきがや	2
うきがわ	0
うきす	1
うきや	1
うくもり	2
うけかわ	2
うけな	1
うさやま	0
うしあま	0
うしおぎ	0
うしかわ	2
うしがみ	0
うしざき	2
うしだ	1
うしづか	2
うしはら	2
うしば	0
うしぼり	2
うしまき	2
うしむら	2
うじおか	0
うじしま	0
うじた	1
うじたに	2
うじとこ	2
うじはし	2
うじはら	2
うすた	1
うすね	1
うすぶち	2
うずらはし	3
うたか	1
うたがき	2
うたざき	2
うたのはら	3
うたはら	2
うだか	1
うだがわ	0
うちいけ	2
うちえ	0
うちお	0
うちかねざき	4
うちがさき	3
うちこが	0
うちこし	2
うちごし	2
うちざき	2
うちしば	0
うちじま	0
うちぞの	0
うちぬの	0
うちのくら	3
うちはし	2
うちもと	2
うちもり	2
うちやまだ	3
うつい	1
うつしかわ	3
うつだ	1
うつの	1
うづき	1
うとく	1
うどう	1
うぬま	1
うねお	0
うねおか	0
うのうら	2
うのつ	1
うのはら	2
うばうら	2
うばもと	2
うまえ	0
うまおか	0
うまき	1
うまこし	2
うまさけ	2
うまずめ	2
うまたに	2
うまの	1
うまはし	2
うみかわ	2
うみぐち	2
うみしま	2
うみのはら	3
うめうち	2
うめうら	2
うめかげ	2
うめかわ	2
うめがき	2
うめがたに	3
うめがね	2
うめき	1
うめさお	2
うめさき	2
うめざき	2
うめざと	2
うめした	2
うめず	1
うめたに	2
うめつ	1
うめつじ	2
うめなみ	2
うめね	1
うめの	1
うめのぶ	2
うめばやし	3
うめぼり	2
うめみや	2
うめむら	2
うめもと	2
うめもり	2
うめや	1
うやま	1
うらえ	0
うらお	0
うらおか	2
うらかべ	2
うらき	1
うらこ	1
うらごう	2
うらさき	2
うらさと	2
うらずみ	2
うらたに	2
うらだな	0
うらで	1
うらなか	2
うらなが	2
うらにし	2
うらまつ	2
うらもと	2
うりた	1
うりたに	2
うりや	1
うるが	1
うるしぎ	0
うるしざき	3
うるしば	0
うるしばた	3
うるしばら	3
うるす	1
うわよこて	3
うんこく	1
えいかわ	1
えいくら	0
えいせんいん	3
えいたき	1
えいほ	1
えいもり	1
えうら	1
えがしら	2
えがみ	1
えきだ	1
えきなが	2
えぐさ	1
えぐら	1
えぐろ	1
えした	1
えすみ	1
えぞえ	0
えだき	1
えだくに	2
えだじま	0
えだの	1
えだひろ	2
えだまつ	2
えだみつ	2
えだむら	0
えだもと	2
えだよし	2
えっちゅうや	3
えづれ	0
えどいの	0
えどい	0
えどや	2
えなか	1
えなつ	1
えのい	1
えのうえ	2
えのきがわ	3
えのきぞの	3
えのきだ	0
えのきど	0
えのきぼり	3
えのきや	3
えのもり	2
えはた	1
えばし	1
えばた	1
えばと	1
えばな	1
えびいち	2
えびがわ	0
えびさか	2
えびし	1
えびすもと	3
えびすや	3
えびた	1
えびづか	2
えびはら	2
えぶくろ	2
えぶち	1
えべ	0
えむら	1
えや	0
えやま	1
えりかわ	2
えりぐち	2
えりゅう	1
えんざき	1
えんじょうじ	1
えんだ	1
えんに	1
えんば	1
えんもと	1
おあき	1
おあな	1
おいえ	1
おいざき	1
おいだいら	3
おいなが	2
おいはら	1
おいもり	1
おいり	1
おうぎた	0
おうぎばし	3
おうぐう	3
おおいけ	1
おおいつ	1
おおいのみかど	0
おおいみかど	4
おおうちだ	3
おおかげ	0
おおかしわ	3
おおかわど	3
おおかわら	3
おおがけ	0
おおがしま	3
おおきた	0
おおぎく	1
おおぎし	0
おおぎはら	3
おおぎまちさんじょう	6
おおくさ	1
おおくし	1
おおぐし	1
おおこ	1
おおこうち	3
おおこし	0
おおざさ	0
おおしお	1
おおしげ	0
おおしこうちの	4
おおしだ	1
おおしば	0
おおしろ	0
おおその	0
おおたがき	3
おおたぐろ	3
おおたしろ	3
おおだち	1
おおちり	1
おおつま	0
おおとね	0
おおとりい	3
おおなえ	0
おおなかとみ	4
おおなかとみの	0
おおにた	0
おおぬき	0
おおぬま	0
おおのき	0
おおのさわ	3
おおのだ	1
おおはな	1
おおばやし	3
おおひらき	3
おおびき	1
おおふさ	1
おおべ	0
おおほ	1
おおほうり	3
おおほら	0
おおぼし	0
おおまえだ	3
おおまき	1
おおまつざわ	4
おおまめうだ	4
おおみじゃ	0
おおみず	0
おおみぞ	1
おおみち	1
おおみなみ	3
おおむかい	3
おおもも	0
おおやぎ	0
おおやしき	3
おおやち	1
おおやなぎ	3
おおやね	1
おおゆ	1
おおより	0
おおわき	3
おおわり	0
おかいり	2
おかじま	0
おかだうえ	3
おかなり	2
おかのはら	3
おかのや	3
おかはし	2
おかはら	2
おかはる	2
おかばやし	3
おかひさ	2
おかひら	2
おかひろ	2
おかまつ	2
おかみつ	2
おかみや	2
おかもり	2
おかやす	2
おかわだ	0
おがうち	2
おきあゆ	2
おきい	0
おきうら	2
おきくら	2
おきさき	2
おきさわ	0
おきしお	2
おきしま	2
おきそめの	0
おきそめ	0
おきだい	1
おきなか	2
おきなめ	0
おきのしま	3
おきふじ	2
おきもと	2
おぎうえ	2
おぎえ	0
おぎしょう	2
おぎす	1
おぎそ	0
おぎた	1
おぎのめ	0
おぎばやし	3
おぎむら	2
おぎゅう	0
おぎわら	2
おくあき	2
おくいずみ	3
おくぐち	2
おくざき	2
おくしま	0
おくずみ	2
おくせ	1
おくぞの	0
おくたに	2
おくだいら	3
おくつき	2
おくで	1
おくでら	2
おくとみ	2
おくとめ	0
おくどう	1
おくなが	2
おくなり	2
おくにし	2
おくの	1
おくはた	2
おくはら	2
おくばやし	3
おくみ	1
おくみや	2
おくもと	2
おくわき	2
おぐま	1
おぐれ	1
おけたに	2
おこのぎ	0
おご	1
おごし	1
おさかだ	2
おさの	1
おさみ	1
おさむら	2
おざさ	1
おざと	1
おざま	1
おしうみ	2
おしお	0
おしかね	2
おしかわ	2
おしがね	0
おしがみ	0
おしたて	2
おしたに	2
おしたり	2
おしだ	1
おしだり	2
おしなり	2
おしみ	1
おしもと	2
おじか	1
おじかわ	2
おぜき	1
おそだ	0
おぞね	0
おたべ	1
おだうち	2
おだち	1
おだて	1
おだね	1
おだの	1
おちかわ	2
おっこつ	1
おつき	0
おつじ	1
おてもり	2
おとかわ	2
おとがわ	2
おときた	2
おとこざわ	3
おとさか	2
おとざわ	0
おとたけ	0
おとだ	1
おとの	1
おとば	1
おともり	2
おとやま	2
おとわや	0
おなべ	1
おにがしら	3
おにしま	0
おにづか	2
おにはら	2
おにむら	2
おにやなぎ	3
おぬき	1
おのおか	2
おのかわ	2
おのぎ	1
おのぐち	2
おのさか	2
おのざと	2
おのせ	1
おのち	1
おののみやの	0
おののみや	3
おのはら	2
おのぼり	2
おのやま	0
おはらだ	2
おはり	1
おばやし	2
おひら	1
おびな	1
おびや	1
おぶき	1
おぶな	1
おぼう	0
おぼかた	2
おぼろだに	3
おぼろや	3
おま	0
おまた	1
おまとい	1
おみがわ	2
おみの	1
おみむら	2
おもかわ	2
おもてだに	3
おもてやま	3
おやいづ	2
おやどまり	3
おやまつ	2
おりうち	2
おりお	0
おりおの	2
おりかさ	2
おりがさ	2
おりがね	2
おりぐち	2
おりさか	2
おりさく	2
おりしきだ	3
おりしも	0
おりたけ	2
おりつめ	2
おりと	1
おりど	1
おりの	1
おりはし	2
おりはら	2
おりも	1
おりもと	2
おりや	1
おれき	1
おんだの	0
おんだ	0
おんみょうじ	1
かいえだ	0
かいざわ	0
かいじま	0
かいじり	1
かいたに	1
かいてや	0
かいなげ	0
かいのお	3
かいはら	1
かいばざわ	3
かいほり	1
かえりやま	3
かかず	1
かがつめ	2
かがぶ	1
かがみしま	3
かがみつくり	4
かがみね	2
かきくら	2
かきざわ	0
かきぞえ	0
かきたに	2
かきづか	2
かきの	1
かきのうち	3
かきのもとの	3
かきはな	2
かきはら	2
かきま	0
かきむら	2
かきもと	2
かきや	1
かきわき	2
かぎた	1
かぎたに	2
かぎとみ	2
かぎや	1
かぎわだ	0
かくざわ	0
かくたく	1
かくひら	2
かくらい	2
かけお	0
かけだ	1
かけはた	2
かけふ	0
かけふだ	2
かげうら	0
かげさ	1
かげさと	2
かげざき	2
かげした	2
かげしま	0
かげた	1
かげの	1
かごたに	2
かごと	1
かごはし	2
かごみや	2
かさえ	0
かさがみ	2
かさがわ	2
かさくらや	0
かさし	1
かさじま	2
かさだ	1
かさぬき	2
かさもと	2
かさや	1
かざくら	2
かざなぎ	0
かざはら	2
かざまき	2
かざまつり	3
かざわ	1
かしだ	1
かしね	1
かしむら	2
かしもと	2
かしわぐま	3
かしわぐら	3
かしわせ	2
かしわだ	0
かしわでの	0
かしわでのおみ	5
かしわど	0
かしわめ	0
かしわや	3
かじい	0
かじうら	2
かじお	0
かじおか	0
かじがや	2
かじぐち	2
かじしま	0
かじしゃ	1
かじたに	2
かじつか	2
かじぬま	2
かじむら	2
かじやま	0
かじゅうじ	2
かすだ	1
かすみだ	0
かずしま	0
かずむら	2
かせや	1
かせやま	0
かぜの	0
かたあま	0
かたいぎ	2
かたいし	2
かたおり	2
かたがい	2
かたぎし	2
かたぎり	2
かたくせ	2
かたさと	2
かたしべ	0
かたしょ	1
かただ	1
かたにわ	2
かたぬま	2
かたね	1
かたぶち	2
かたもと	2
かたやなぎ	3
かだの	0
かちょうざん	2
かつおか	2
かつかわ	2
かつくら	2
かつさん	1
かつしま	2
かつせこ	2
かつたに	2
かつなが	2
かつのい	2
かつば	1
かつべ	1
かつみね	2
かつむら	2
かつやす	2
かつらい	2
かつらしま	3
かつらだ	3
かつらはら	3
かてがわ	0
かでかる	2
かとうだ	2
かとおの	2
かどい	0
かどおか	2
かどくら	2
かどすみ	2
かどた	1
かどで	1
かどな	1
かどなり	2
かどのさわ	3
かどはま	2
かどばやし	3
かどひら	2
かどむら	2
かどもと	2
かどわき	2
かなうち	2
かなお	0
かなが	1
かながき	0
かなぐり	2
かなさか	2
かなざし	2
かなしま	0
かなじ	1
かなせ	1
かなせき	2
かなたけ	2
かなつか	2
かなみ	1
かなやす	2
かにかわ	2
かにせ	1
かねいわ	2
かねうち	2
かねおか	0
かねが	1
かねがえ	2
かねきよ	0
かねく	1
かねさ	1
かねさき	2
かねしげ	2
かねしま	0
かねずみ	2
かねたか	2
かねたけ	2
かねちく	2
かねつつみ	3
かねつな	2
かねつね	2
かねでら	2
かねとう	2
かねとし	2
かねなり	2
かねばこ	2
かねひさ	2
かねまき	2
かねむら	2
かねやす	2
かねよし	2
かのうざわ	2
かのこぎ	3
かのこざわ	3
かのまた	2
かのめ	1
かはし	1
かばくら	2
かばぬま	0
かばやま	0
かふち	1
かぶともり	3
かぶとや	3
かぶはし	2
かぶやま	0
かべす	1
かべや	1
かまいけ	2
かまうち	2
かまがた	2
かまたに	2
かまちや	2
かまの	1
かまほら	0
かままつ	2
かまもと	2
かまや	1
かみい	0
かみいけだ	3
かみいし	2
かみいしだ	3
かみいしはら	4
かみうせ	2
かみうめ	2
かみお	0
かみかきもと	4
かみかさ	2
かみかんだ	3
かみがき	2
かみぐち	2
かみこ	1
かみごうち	3
かみさか	2
かみさこ	0
かみさんごう	3
かみしらと	3
かみじょう	2
かみせ	1
かみたに	2
かみだ	1
かみつな	0
かみつみち	3
かみで	1
かみとお	2
かみとも	2
かみなが	2
かみにし	2
かみにしがわら	5
かみにわ	2
かみのすぐり	4
かみのぞの	3
かみはなわ	3
かみひら	2
かみべっぷ	3
かみまえ	2
かみむた	2
かみもと	2
かみもろ	2
かみやしろ	3
かみやす	2
かみやまだ	3
かみわき	2
かみわずみ	3
かみわだ	2
かみわの	2
かめくら	2
かめぐち	2
かめざき	2
かめざわ	0
かめしろ	0
かめたか	2
かめなが	2
かめなし	2
かめの	1
かめぶち	2
かめむら	2
かめや	1
かめやばら	3
かめわだ	0
かもざわ	2
かもした	2
かもだ	1
かもち	1
かもべ	1
かもやま	0
かやさと	2
かやすみ	2
かやた	1
かやね	0
かやのき	0
かやはら	2
かやむろ	0
かやもり	2
からきさわ	3
からごろも	3
からすまる	3
からたに	2
からと	1
からな	1
からはし	2
かりがね	2
かりこめ	0
かりまた	2
かりやざき	3
かるお	0
かろうじ	2
かわいで	2
かわえ	0
かわおか	0
かわかみべの	0
かわくぼ	0
かわくま	0
かわくら	2
かわけ	1
かわごい	2
かわさか	2
かわじょう	2
かわずる	2
かわたけ	2
かわたしろ	3
かわたに	2
かわちのあやの	0
かわちのふみ	4
かわちや	3
かわと	0
かわなり	2
かわはつ	2
かわはらだ	3
かわばやし	3
かわみち	2
かわみつ	2
かわむかい	3
かわむろ	0
かわめ	1
かわもり	2
かわもりた	3
かわやうち	3
かわやす	2
かわらい	3
かわらがわ	3
かわらざき	3
かわらばやし	4
かわわき	2
かんいんのみや	0
かんざわ	0
かんじや	3
かんぜ	1
かんぜみ	0
かんだばし	3
かんどり	1
がきや	1
がくた	1
がしゅういん	2
がたなが	2
がなは	1
がねこ	1
がべ	0
きいつ	1
きうら	1
きえだ	1
きおか	1
きかくどう	2
きかわ	1
きかわた	2
きかわだ	2
きがさわ	0
きがわ	1
きくいり	2
きくしま	0
きくすみ	2
きくたけ	2
きくたに	2
きくだ	1
きくちはら	3
きくてい	0
きくていの	0
きくなが	2
きくなみ	0
きくに	1
きくの	1
きくはら	2
きくみつき	3
きくもと	2
きくもり	2
きぐち	1
きごし	1
きさいち	2
きさだ	0
きさぬき	2
きざら	1
きしい	0
きしえ	0
きしお	0
きしかわ	2
きしざわ	0
きしたに	2
きしな	1
きしね	1
きしの	1
きしもり	2
きしやま	0
きじむた	0
きすぎ	1
きすみ	1
きずみ	1
きたおおじ	3
きたおか	0
きたがき	2
きたこうじ	3
きたさか	2
きたさき	2
きたさち	2
きたざき	2
きたしらかわのみや	0
きたしろ	0
きたずみ	2
きたせ	1
きたぞえ	0
きたぞの	0
きただ	0
きただい	2
きただて	2
きたつじ	2
きたづめ	2
きたで	1
きたに	1
きたのい	3
きたはし	2
きたはま	0
きたばたけ	3
きたふじ	2
きたべっぷ	3
きたまつ	2
きたみかど	3
きたみね	2
きたもり	2
きたゆぐち	3
きたわき	2
きたわら	2
きだか	1
きちぐち	2
きちや	1
きちらく	2
きつか	1
きつかわ	2
きつねづか	3
きづかわ	2
きてら	1
きてんさい	2
きでら	1
きどぐち	2
きどさき	2
きなえ	0
きなみ	1
きなめり	2
きぬかわ	2
きぬたに	2
きぬぬいの	0
きぬまき	2
きぬむら	2
きねぶち	2
きねや	1
きのうち	2
きのはら	2
きはた	1
きばた	1
きひら	1
きふし	1
きふせ	1
きみお	0
きみさわ	0
きみなみ	0
きみなりた	3
きみね	1
きみはら	2
きみや	1
きもざわ	0
きもり	1
きやす	1
きゅうそじん	3
きゅうま	1
きゆな	1
きょうたに	1
きょうの	1
きょうふじ	0
きょうまち	1
きょくてい	1
きょくやま	2
きようら	2
きよえだ	0
きよき	1
きよきば	0
きよくも	0
きよじま	0
きよたに	2
きよつか	2
きよづか	2
きよとき	2
きよの	1
きよはし	2
きよふじ	2
きよむらの	2
きよむら	2
きよもと	2
きよやま	0
きりい	0
きりおか	0
きりかわ	2
きりがくれ	3
きりく	1
きりくり	2
きりぐち	2
きりこし	2
きりしき	2
きりたけ	2
きりたに	2
きりち	1
きりのや	3
きりばたけ	3
きりばやし	3
きりぶち	2
きりむら	2
きりもと	2
きりや	1
きりゅういん	2
きわだ	1
きんぎょく	1
きんげつ	1
ぎおんじ	2
ぎのざ	1
ぎま	1
ぎりこ	1
くいせこ	1
くいたの	0
くいなぐち	3
くえだ	1
くきた	1
くぎみや	2
くぎもと	2
くさかい	2
くさかべ	0
くさかべの	0
くさかみ	0
くさが	1
くさじし	2
くさじま	0
くさだ	0
くさつぐ	2
くさば	0
くさびらき	3
くさま	0
くさみち	2
くさもり	2
くさやなぎ	3
くしはし	2
くしびき	2
くしぶち	2
くしべ	1
くしみ	1
くしや	1
くしやま	2
くじめ	1
くじらい	2
くじらおか	3
くじらもり	3
くすど	0
くすの	1
くすばし	2
くすま	1
くすもと	2
くずしま	0
くずの	1
くずはら	2
くずむら	2
くずや	1
くたらぎ	0
くちはら	2
くつとつ	2
くつな	1
くつぬぎ	2
くつみ	1
くつみず	2
くどん	1
くにい	0
くにか	1
くにかた	2
くにきだ	0
くにさわ	0
くにざね	2
くにた	1
くになか	2
くにのぶ	2
くにのみや	3
くにのり	2
くにみね	2
くにむら	2
くにもち	2
くにもと	2
くにもり	2
くにやま	0
くはら	1
くびり	1
くぶしろ	0
くぼい	0
くぼうち	2
くぼき	1
くぼくら	2
くぼぐち	2
くぼすぎ	2
くぼすみ	2
くぼぞの	0
くぼづか	2
くぼで	1
くぼでら	2
くぼの	1
くぼのや	1
くぼはら	2
くぼやま	0
くぼよし	2
くぼり	1
くまおか	0
くまがみ	2
くまきり	2
くまくら	2
くまさか	2
くまざき	2
くまざわ	0
くまた	1
くまち	1
くまにし	2
くまはら	2
くまべ	1
くまやす	2
くみた	1
くみやま	0
くめかわ	2
くめたに	2
くめだ	1
くもい	0
くもぎり	2
くもた	1
くもの	1
くもむら	2
くらかけ	2
くらかね	2
くらかわ	2
くらさか	2
くらさき	2
くらしな	2
くらせ	1
くらた	0
くらたに	2
くらち	1
くらつくりの	3
くらつじ	2
くらつぼ	2
くらなか	2
くらなり	2
くらぬき	2
くらの	1
くらはら	2
くらばた	0
くらみつ	2
くらみや	2
くらもち	2
くらわき	2
くりいし	2
くりうら	2
くりおか	0
くりさか	2
くりさき	2
くりしま	0
くりつぼ	0
くりづか	2
くりと	0
くりはな	2
くりばやし	3
くりひら	2
くりまた	2
くりむら	2
くりもり	2
くりやがわ	3
くりやなぎ	3
くりゅう	1
くるすがわ	3
くるまたに	3
くるまだ	0
くるまもちの	3
くるまやま	3
くるみざわ	3
くるみや	2
くれいし	2
くれたに	2
くればやし	3
くれべ	1
くれまつ	2
くろいわ	0
くろぐち	2
くろこうち	3
くろつち	2
くろとり	2
くろはし	2
くろばる	2
くろや	1
くろやなぎ	3
くわえ	0
くわおり	2
くわき	1
くわさわ	0
くわざこ	0
くわざわ	0
くわしげ	2
くわたに	2
くわつき	2
くわづ	1
くわはた	2
くわま	1
くわむら	2
くわもと	2
ぐあんてい	0
ぐしけん	2
ぐみさわ	0
ぐんじま	0
けご	0
けしざわ	0
けぶかわ	2
けむりやま	3
けるま	1
けんざき	1
けんのき	1
けんみさき	3
けんもく	1
けんもち	1
けんよし	1
げんざき	1
げんざんみ	3
げんじだ	0
げんだつ	1
こあさ	1
こあぜ	0
こあらい	2
こいえ	0
こいざわ	0
こいそ	0
こいづか	1
こうさか	1
こうざか	1
こうそかべ	3
こうたに	1
こうたり	1
こうちやま	3
こうづま	0
こうなぎ	0
こうのし	0
こうはし	1
こうむち	1
こうもと	1
こうやうち	3
こうりき	1
こえづか	0
こえん	1
こおたか	2
こおりいけ	3
こかじ	1
こかみの	0
こかみや	2
こがい	1
こがけ	1
こがち	1
こがねざわ	3
こがねまる	3
こがねゆ	3
こがゆ	0
こがらし	2
こぎし	1
こぎそ	0
こくた	1
こくまい	2
こぐえ	0
こぐれ	0
こさかい	2
こさこ	1
こざくらちょう	4
こざの	1
こしい	0
こしいし	2
こしお	0
こしかわ	2
こしが	1
こしがみ	0
こしごえ	0
こしざわ	0
こしだ	1
こしづか	2
こしはら	2
こしみや	2
こしむら	2
こしもと	2
こしもり	2
こしょうじ	2
こじや	1
こすが	1
こすだ	1
こすな	1
こせんだ	2
こそと	0
こぞの	1
こだけ	1
こだなか	2
こちひら	2
こちべ	1
こちや	1
こつがい	1
こつつみ	2
こつぼ	1
こづかやま	3
こづち	1
こづる	1
こてがわ	0
こでき	1
こでぎり	2
ことだ	1
こなえ	0
こなかい	2
こなかむら	3
こなが	1
こながみつ	3
こながや	2
こなつ	1
こなべしま	3
こなみだ	0
こなり	1
こなるみ	2
このき	1
このむら	2
こはなわ	2
こばしがわ	3
こばた	1
こばと	1
こばり	1
こひるいまき	3
こびやま	2
こびるまき	3
こふかた	2
こふじ	1
こふせ	1
こぶき	1
こぶくろや	3
こべつざわ	3
こぼり	1
こまあらし	3
こまがた	2
こまがみね	3
こまぎね	2
こまくら	2
こまざき	2
こまた	1
こまたに	2
こまだ	0
こまつがわ	3
こまつざき	3
こまつざわ	3
こまつしろ	3
こまつだ	0
こまつばら	3
こまづか	2
こまばやし	3
こまみ	0
こまみね	2
こまむら	2
こまや	1
こみずない	3
こみぞ	0
こみた	1
こみな	1
こみなみ	3
こみのげ	2
こむかい	2
こむた	1
こむらや	3
こもはら	2
こもも	1
こもりえ	2
こもりだ	0
こもりや	2
こやしき	2
こやすだい	3
こやた	1
こやち	1
こやなぎ	2
こやのせ	2
こやはた	2
こやわた	2
これかわ	2
これずみ	2
これたけ	2
これなが	2
これまち	2
これまつ	2
これむね	2
こわか	1
こわぐち	2
こわり	1
こんたに	1
こんちいん	3
こんなの	1
ごあみ	1
ごうの	1
ごうのめ	0
ごごの	1
ごんだ	0
ごんもり	1
さいかわ	1
さいの	1
さいはな	1
さいむら	1
さいもと	1
さえじま	0
さえんば	2
さおか	1
さかいの	2
さかいのたに	4
さかいもと	2
さかいや	3
さかいり	2
さかお	0
さかがわ	0
さかきだ	0
さかくら	0
さかごえ	0
さかさい	3
さかじ	1
さかじり	2
さかたに	2
さかつめ	2
さかづめ	0
さかとう	2
さかとく	0
さかなか	2
さかなし	2
さかなば	0
さかにし	2
さかにわ	2
さかね	1
さかふじ	2
さかべ	1
さかべの	0
さかまつ	2
さかみ	1
さかみね	2
さかむら	2
さかもち	2
さかもり	2
さかより	2
さかわき	2
さがね	0
さきくぼ	0
さきさか	2
さきた	1
さきたに	2
さきはら	2
さきばやし	3
さきま	1
さきむら	2
さきもと	2
さきもり	2
さぎうち	2
さぎさか	2
さくいし	2
さくえ	0
さくお	0
さくさ	1
さくの	1
さくまつ	2
さくもと	2
さくらうち	3
さくらがさき	4
さくらこうじ	4
さくらざか	3
さくらざき	3
さくらざわ	3
さくらじょうすい	4
さくらたに	3
さくらづか	3
さくらづつみ	4
さくらの	0
さくらばやし	4
さくらま	0
さくらみや	3
さくらむら	3
さくらもと	3
さくらもり	3
さぐち	1
さけかわ	2
さけのべ	0
さこかわ	0
さこぐち	2
さこた	1
さこなか	2
さこの	1
さこみず	2
さこむら	2
さこんじ	2
さごう	1
さごし	1
ささうえ	2
ささうら	2
ささお	0
ささか	1
ささかみ	2
ささくら	2
ささぐち	2
ささざき	2
ささづき	2
ささぶち	2
ささべ	1
ささみね	2
ささむら	2
ささもと	2
ささもり	2
さざわ	1
さしかた	2
さじき	1
さじま	1
さすはら	2
さたか	1
さたち	1
さだおか	0
さだかた	2
さだかね	2
さだくに	2
さだし	1
さだしろ	0
さだなが	2
さだなり	2
さだのぶ	2
さだまつ	2
さだむら	2
さだもと	2
さだもり	2
さちうら	2
さっさの	0
さつかわ	2
さとうち	2
さとなか	2
さとはら	2
さとむら	2
さどや	1
さぬが	1
さぬま	1
さねとう	2
さねまつ	2
さねよし	2
さのうち	2
さのき	1
さはた	1
さびおか	0
さびしろ	2
さほだ	1
さむら	1
さめかわ	2
さめしま	0
さめやま	0
さもと	1
さやんせと	2
さらいえ	2
さらき	1
さらや	1
さるえ	0
さるき	0
さるとび	0
さるの	1
さるはみ	2
さるや	1
さるわたり	3
さわいずみ	3
さわいり	2
さわがしら	3
さわくり	2
さわぐち	2
さわぐり	2
さわさき	2
さわさと	2
さわざき	2
さわしま	0
さわしろ	0
さわじり	2
さわせ	1
さわたに	2
さわち	1
さわちか	2
さわなか	2
さわね	0
さわの	1
さわのぼり	3
さわはし	2
さわはた	2
さわはら	2
さわふじ	2
さわまつ	2
さわみ	1
さわむかい	3
さわめ	1
さわもり	2
さわや	1
さわやなぎ	3
さわわたり	3
さんのうまる	3
ざいぜん	1
ざいつ	0
ざいま	1
ざおや	1
ざこうじ	2
ざは	1
ざまみ	0
ざんま	0
しいくま	0
しいな	1
しいの	1
しいのもと	3
しいはし	1
しいむら	1
しいや	1
しおうち	2
しおうら	2
しおがま	2
しおくさ	2
しおこし	2
しおざわ	0
しおつき	2
しおつぼ	2
しおづ	1
しおねり	2
しおの	1
しおのいり	3
しおのざき	3
しおひら	2
しおぶね	2
しおむら	2
しおもと	2
しおもり	2
しおやす	2
しかがわ	0
しかつべの	0
しかはら	2
しかや	1
しがき	1
しがなみ	2
しがの	1
しきだ	1
しきや	1
しぎさわ	0
しぎた	1
しぎはら	2
しくら	1
しぐさわ	0
しげいえ	2
しげいずみ	3
しげかご	2
しげかわ	2
しげさわ	0
しげした	2
しげずみ	2
しげた	1
しげとも	0
しげどめ	2
しげなが	2
しげはし	2
しげみ	1
しげみず	2
しげみつ	2
しげもと	2
しげやま	0
しこだ	1
しざわ	0
ししくい	2
ししくら	2
ししの	1
ししぼね	2
しずかわ	2
しずくい	3
しずの	1
しぜき	1
したおこし	3
したに	1
したもり	2
しだち	1
しつり	1
しではら	2
しとだ	1
しとま	1
しなのがわ	3
しなはま	0
しなはら	2
しねは	1
しのいけ	2
しのおか	2
しのき	1
しのざわ	0
しのとお	2
しのなが	2
しのもと	2
しのもり	2
しはら	1
しばお	0
しばおか	0
しばがき	2
しばき	1
しばくさ	2
しばこうじ	3
しばこし	2
しばたに	2
しばつじ	2
しばとこ	2
しばない	2
しばの	1
しばはら	2
しばまち	2
しばみや	2
しばむら	2
しばもと	2
しぶえ	0
しぶさ	1
しぶた	1
しぶの	1
しべとろ	2
しほみ	1
しぼくち	2
しまお	0
しまかげ	2
しまかわ	2
しまがき	2
しまがみ	0
しまぎ	1
しまぐち	2
しまさき	2
しまさわ	0
しまじ	1
しまぞえ	0
しまたに	2
しまぬき	2
しまのうち	3
しまのえ	3
しまはた	2
しまぶくろ	3
しままち	2
しままつ	2
しまみち	2
しまむね	2
しまもり	2
しまわき	2
しみずい	3
しめもり	2
しもあき	2
しもあさお	3
しもい	0
しもいしだ	3
しもいしはら	4
しもいとうづ	4
しもいな	2
しもいなば	3
しもいまいずみ	5
しもいりさ	3
しもうおのたな	5
しもうすい	3
しもうら	2
しもえ	0
しもえち	2
しもお	0
しもおおい	3
しもおおづき	3
しもおおぼら	3
しもおぎの	3
しもおさ	2
しもかすや	3
しもかわいり	4
しもかわべ	3
しもかわら	3
しもがき	2
しもきちさわ	4
しもきよと	3
しもぎし	2
しもくざわ	3
しもこうじゃく	3
しもこうべ	3
しもこおりやま	5
しもこし	2
しもこづる	3
しもさか	2
しもさと	2
しもざと	2
しもしげ	2
しもしゃくじい	5
しもしんじょう	3
しもじょうの	3
しもすえ	2
しもすえよし	4
しもせや	2
しもそうやぎ	3
しもそね	2
しもただ	2
しもたま	0
しもだいら	3
しもつきぐま	4
しもつこく	3
しもつじ	2
しもつちだな	4
しもつぼ	2
しもづき	2
しもづま	0
しもてらお	3
しもでら	2
しもとみの	3
しもとめ	2
しもとり	2
しもなか	2
しもなみき	3
しもなり	2
しもぬまべ	3
しものげ	2
しもはし	2
しもはた	2
しもばち	2
しもばやし	3
しもひら	2
しもひらま	3
しもふだ	2
しもぶち	2
しもへい	2
しもほうや	3
しもほき	2
しもぼり	2
しもまいそう	3
しもまちや	3
しもみずき	3
しもみぞ	2
しもみなみがた	5
しもみや	2
しもめぐろ	3
しももと	2
しもや	1
しもやまだ	3
しもやまと	3
しもやまむら	4
しもゆぎ	2
しもよつぎ	3
しもら	1
しもれんじゃく	3
しもわき	2
しもわじろ	3
しゃがわ	1
しゃくなが	2
しゃしき	1
しゃもと	1
しゃりじ	1
しやけ	1
しゅかわ	1
しゅくぐち	2
しゅくざわ	0
しゅずい	1
しゅはま	1
しゅもん	1
しゅんおうてい	0
しゅんおく	1
しゅんきんてい	0
しゅんのく	1
しゅんぷうてい	0
しょうかどう	0
しょうがき	0
しょうがせ	1
しょうがた	1
しょうがわ	1
しょうきょくさい	3
しょうじぐち	3
しょうずしま	3
しょうせんげつの	3
しょうばやし	3
しょうふくてい	0
しょうぶだ	0
しょうもんてい	0
しょかくや	3
しらお	0
しらくら	2
しらさか	2
しらさき	2
しらつ	1
しらつち	2
しらで	1
しらど	0
しらにた	0
しらは	1
しらはた	2
しらはら	2
しらふじ	2
しらやなぎ	3
しりえだ	0
しろせ	1
しろの	1
しろひさ	2
しろま	1
しろみや	2
しろめぐり	3
しろもり	2
しんこだ	1
しんしょうさい	3
しんじょうじ	3
しんたに	1
しんのうづか	3
しんふく	1
しんま	1
しんめん	1
しんもり	1
しんやしき	3
じきぎょう	2
じくや	1
じごくたに	3
じっそうじ	3
じつかわ	2
じつもり	2
じゃはな	1
じゅふく	1
じゅんう	1
じゅんな	1
じゅんにん	1
じょうお	1
じょうづか	0
じょうの	1
じょうのうち	3
じょうべ	1
じょうま	1
じんかま	0
じんせんじ	1
じんで	1
じんなか	0
じんの	1
じんのだいら	4
すいつ	1
すえいし	2
すえおか	0
すえかげ	2
すえかね	2
すえかわ	2
すえざわ	0
すえたか	2
すえつぐ	2
すえとみ	0
すえなが	2
すえのり	2
すえひら	2
すえまつ	2
すえみ	1
すえみつ	2
すえや	1
すえわか	2
すがいずみ	3
すがさき	2
すがな	1
すがなみ	2
すがのまた	3
すがま	1
すがまた	2
すがまつ	2
すがもと	2
すがもり	2
すがや	1
すがわ	1
すきがら	0
すぎい	0
すぎう	0
すぎえ	0
すぎかわ	2
すぎさか	2
すぎさき	2
すぎさこ	0
すぎさわ	0
すぎした	2
すぎしま	0
すぎたに	2
すぎと	0
すぎなか	2
すぎの	1
すぎのした	3
すぎのはら	3
すぎのめ	2
すぎばやし	3
すぎまち	2
すぎまつ	2
すぎみ	1
すぎむら	2
すぎやす	0
すぎわか	2
すぐろ	0
すけあき	2
すけざね	2
すけたかや	3
すけの	1
すげた	1
すこう	1
すざわ	0
すしもと	2
すじゆき	2
すすきや	3
すすだ	1
すすまご	2
すすやま	0
すずい	0
すずえ	0
すずおき	2
すずが	1
すずきり	2
すずた	1
すずの	1
すずはら	2
すずひら	2
すずひろ	2
すずふじ	2
すずみや	2
すずむら	2
すずりかわ	3
すだ	0
すち	1
すつ	0
すないり	2
すなおか	0
すなおし	2
すなが	1
すなこだ	2
すなざわ	2
すなだ	0
すなづか	2
すなはら	2
すなや	1
すねや	1
すの	0
すのうち	2
すのざき	2
すのせ	1
すのだ	1
すのはら	2
すのべ	1
すみい	0
すみいし	2
すみうら	2
すみおか	2
すみかわ	2
すみき	1
すみくら	2
すみぐち	2
すみたに	2
すみの	1
すみのくら	3
すみはち	2
すみはら	2
すみや	1
すもげ	1
すやま	1
すわざか	2
すわべ	1
すわま	1
せいかんぼう	3
せいけ	1
せいみや	1
せいやま	0
せきおく	2
せきざき	2
せきした	2
せきしま	0
せきじま	0
せきた	1
せきの	1
せきのみや	3
せきはら	2
せきふじ	2
せきもり	2
せきや	1
せきやま	0
せぐち	1
せごえ	0
せざい	1
せざいまる	3
せざき	1
せざと	1
せしも	1
せじま	0
せじも	0
せたいし	2
せつだ	1
せとぐち	2
せどおか	2
せなが	1
せぬま	1
せの	0
せのう	0
せぼね	0
せみい	0
せみず	1
せもと	1
せやま	1
せりた	1
ぜにたか	2
ぜにはら	2
ぜんしゃくぼう	4
ぜんちく	1
そいはら	1
そえかわ	2
そえじま	0
そえの	1
そえや	1
そがはた	3
そがはら	2
そがべ	1
そぎ	0
そこぬけ	0
そつか	1
そでかわ	2
そでの	1
そとかわ	2
そとま	0
そねうら	2
そねはら	2
そのい	0
そのいけ	2
そのかわ	2
そのざき	2
そのむら	2
そのやま	0
そばじま	0
そまた	1
そみや	1
そむき	1
そめざき	2
そめだ	1
そめの	1
そめや	1
そやま	1
そらやま	0
そりまち	2
そわなか	2
そんく	1
たあみ	1
たいなか	2
たうえ	1
たうち	1
たおだ	1
たかあい	2
たかあら	2
たかいずみ	3
たかうち	2
たかうら	2
たかえだ	0
たかおく	2
たかおり	2
たかかも	2
たかがい	2
たかがき	2
たかがわ	0
たかぎし	2
たかぎわ	2
たかくさき	3
たかくす	2
たかくぼ	0
たかぐち	2
たかさか	2
たかさわ	0
たかざくら	3
たかしろ	0
たかすが	2
たかすみ	2
たかだて	2
たかちほ	2
たかつかさ	3
たかつがわ	3
たかつじ	2
たかて	1
たかにし	2
たかのはし	3
たかはぎ	2
たかはね	2
たかばたけ	3
たかばり	2
たかばん	2
たかひで	2
たかぼう	2
たかまさ	2
たかみざわ	3
たかむく	2
たかむこの	0
たかむこ	2
たかむれ	2
たかむろ	2
たかもと	2
たかやしき	3
たかやしろ	3
たからい	2
たがいの	2
たがしら	2
たがや	1
たきいし	2
たきうち	2
たきうら	2
たきがはら	3
たきがみ	0
たきじり	2
たきせ	1
たきだいら	3
たきなみ	2
たきもと	2
たきや	1
たきやま	0
たきわき	2
たくい	0
たくいちろう	3
たくさり	2
たくもり	2
たくわ	1
たぐさり	2
たぐま	1
たけいり	2
たけうし	2
たけかた	2
たけがき	2
たけがはら	3
たけこし	2
たけごうち	3
たけごし	2
たけさこ	2
たけさだ	2
たけざき	2
たけしろ	0
たけすえ	2
たけぞえ	0
たけつる	0
たけとも	2
たけなし	2
たけなみ	2
たけにし	2
たけぬき	2
たけのい	2
たけのまた	3
たけばた	2
たけふし	2
たけまえ	2
たけまた	2
たけまつ	2
たけみ	0
たけみつ	2
たけみや	2
たけむら	2
たけもり	2
たけや	1
たけやす	2
たけわき	2
たこい	0
たごと	1
たさか	1
たさき	1
たしも	1
たぢか	1
たじか	1
たじた	1
たじひしま	3
たじめ	0
たぜり	1
たぞえ	0
たたの	1
たたらい	2
ただおか	2
ただか	1
ただき	1
ただこし	2
ただまつ	2
たちかけ	2
たちがら	2
たちはら	2
たちばなき	3
たちばなや	0
たちもと	2
たっそ	1
たつい	0
たつおか	2
たつかわ	2
たつさだ	2
たつざわ	0
たつづか	2
たつはな	2
たつはら	2
たつま	1
たつまつ	2
たつもと	2
たていり	2
たていわ	0
たておか	2
たてさか	2
たてさき	2
たてざき	2
たてした	2
たてだ	1
たてぬま	2
たてはし	2
たてべ	1
たてまつ	2
たてみち	2
たてもり	2
たとべ	1
たなあみ	2
たなかだて	3
たながわ	0
たなき	1
たなざわ	0
たなせ	1
たなはし	2
たなはら	2
たなぶ	1
たならい	2
たにい	0
たにいけ	2
たにうち	2
たにえ	0
たにお	0
たにおく	2
たにかぜ	2
たにがしら	3
たにがみ	2
たにぐろ	0
たにしき	2
たにしげ	0
たにせ	1
たにぞえ	0
たにつ	1
たにと	1
たにどう	2
たにの	1
たにはた	2
たにばやし	3
たにひら	2
たにふじ	2
たにべ	1
たにまえ	2
たにみず	2
たにむら	2
たにもり	2
たにわき	2
たねおか	2
たねかわ	2
たねぐち	2
たねむら	2
たねもと	2
たねや	1
たのうえ	2
たのうち	2
たのくら	2
たのさき	2
たのなか	2
たのむら	2
たのもぎ	0
たばやし	2
たびた	1
たふさ	1
たふじ	1
たべい	0
たぼはし	2
たまいち	2
たまうら	2
たまおき	2
たまかけ	2
たまかし	2
たまがけ	2
たまがみ	2
たまこし	2
たまざき	2
たまつか	2
たまつばき	3
たまづつみ	3
たまて	1
たまはし	2
たまぶくろ	3
たまほり	2
たままつ	2
たまみず	2
たまむろ	0
たまもり	2
たまや	1
たまよせ	2
たみあき	2
たみず	1
たみやす	2
たむかい	2
ためかわ	2
ためすえ	2
ためだ	1
ためなが	2
ためなり	2
ためひら	2
たもかみ	2
たもがみ	2
たもの	1
たやま	1
たらしま	0
たるいし	2
たるかわ	2
たるとこ	2
たるまち	2
たるもと	2
たるや	1
たわだ	1
たわらや	3
たんげ	1
たんばた	1
たんぼく	1
だいくばら	3
だいこくや	0
だいの	1
だいのしん	3
だいらく	1
だんざき	0
だんしち	0
だんしゅうろう	0
だんの	1
ちいさこべ	3
ちおう	1
ちかあらし	3
ちかいし	2
ちかがわ	2
ちかずみ	2
ちかつじ	2
ちかなり	2
ちかむら	2
ちくだて	2
ちざき	1
ちのね	1
ちばな	1
ちゃたに	1
ちゃやま	1
ちゅうげんじ	1
ちゅうばち	1
ちょうかげん	3
ちょうじゃはら	3
ちょうじや	3
ちょうじゅいん	3
ちょうそかべ	3
ちょうの	1
ちょうよ	1
ちわき	1
つあき	1
つうら	1
つえもと	2
つお	1
つかこし	2
つかごし	2
つかじ	1
つかせ	1
つかたに	2
つかの	1
つかやま	0
つがね	1
つがねざわ	3
つがるや	0
つきうら	2
つきさむ	2
つきさわ	0
つきたて	2
つきてい	0
つきなが	2
つきぬま	0
つきのき	2
つきのもと	3
つきはら	2
つきもと	2
つきもり	2
つきやま	2
つぎた	1
つくた	1
つぐなが	2
つげやま	0
つさか	1
つした	1
つしだ	1
つじい	0
つじうち	2
つじおく	2
つじかわ	2
つじぐち	2
つじこま	0
つじしま	0
つじた	1
つじたに	2
つじな	1
つじなか	2
つじの	1
つじはら	2
つじむら	2
つじもり	2
つじわき	2
つすえ	0
つたむら	2
つだか	1
つちえ	0
つちおか	2
つちかね	2
つちかわ	2
つちくら	2
つちこ	1
つちさか	2
つちた	1
つちだ	0
つちだな	2
つちはし	2
つちむね	2
つちもち	2
つちもと	2
つつごう	2
つつみした	3
つつみだ	0
つつやま	0
つつら	1
つとう	1
つなき	1
つなぶち	2
つねい	0
つねいし	2
つねおか	0
つねかわ	2
つねき	1
つねさだ	2
つねざき	2
つねずみ	2
つねだ	1
つねづか	2
つねとう	2
つねなり	2
つねまつ	2
つねもり	2
つねよし	2
つのか	1
つのくに	2
つのくま	2
つのだ	1
つのはな	2
つばきはら	3
つぶらや	3
つぼうち	2
つぼかわ	2
つぼくら	2
つぼごう	2
つぼしま	0
つぼぬま	2
つぼの	1
つぼのうち	3
つぼもと	2
つまがり	2
つまき	1
つまぶき	2
つみた	1
つむらや	3
つもと	1
つゆき	1
つゆぐち	2
つゆさき	2
つゆの	1
つゆはし	2
つりべ	1
つるお	0
つるかい	2
つるかぶと	3
つるかわ	2
つるき	1
つるざわ	0
つるぞの	0
つるたに	2
つると	1
つるどめ	0
つるにし	2
つるはら	2
つるふち	2
つるほ	1
つるまち	2
つるみず	2
つるみね	2
つるみや	2
つるもと	2
つるや	1
つれかわ	2
つわ	0
てがわ	1
てぐらもり	3
てごし	1
てしがわら	3
てしば	1
てしろぎ	2
てっぽうづか	3
てつい	0
てつたに	2
てつもと	2
てつら	1
てらいし	2
てらいずみ	3
てらおか	0
てらがき	2
てらぐち	2
てらごうち	3
てらさか	2
てらたに	2
てらだて	2
てらち	1
てらづか	2
てらにし	2
てらばやし	3
てらぶん	2
てらまつ	2
てらわき	2
てるい	0
てるおか	0
てるきな	2
てるしま	0
てるばやし	3
てろう	0
てんさか	1
てんしょういん	3
てんだわら	3
てんちゅうけん	3
てんのうでん	3
てんまだて	3
でがわ	1
できすぎ	0
できの	1
でくね	1
でしお	0
でしろ	1
でやま	1
でんた	1
といずみ	2
とうがさ	1
とうげおか	3
とうさき	1
とうしゅうさい	3
とうじんばら	3
とうでら	0
とうなか	0
とうばた	0
とうべっとう	3
とうむら	1
とうもと	1
とおごし	1
とおみや	1
とおもり	1
とおりやま	3
とかじ	1
とかの	1
とかり	1
とかわ	1
とがざき	2
ときい	0
ときくに	2
ときざね	0
ときしま	2
ときだ	1
ときとう	2
ときなが	2
ときの	1
ときまつ	2
ときもと	2
ときよし	2
ときわい	2
ときわいの	0
ときわづ	3
とくえ	0
とくおか	2
とくがき	2
とくざわ	0
とくしげ	0
とくずみ	2
とくたけ	2
とくだいじ	3
とくつ	1
とくなか	2
とくなが	2
とくの	1
とくのぶ	2
とくはし	2
とくひさ	2
とくひら	2
とくまき	2
とくます	2
とくみ	0
とくみや	2
とくもと	2
とくやす	2
とくりき	2
とぐり	1
とこい	1
とこだ	0
とこよだ	2
とごえ	1
とごし	1
とさか	1
とさばやし	3
とさぼう	2
とさぼり	2
とざと	1
としおか	2
としかげ	0
としかた	2
としたに	2
としの	1
とじき	1
とたに	1
とだか	1
とださわ	2
とだて	1
とちおり	2
とちくら	2
とちない	2
とちの	1
とちのり	2
とつぱた	2
とづね	1
とどりき	2
となりむら	0
とぬま	1
とねぎ	0
とねさく	2
とのいけ	2
とのうち	2
とのおか	2
とのがうち	3
とのさき	2
とのつじ	2
とののほういん	4
とのはた	2
とのむら	2
とのもと	2
とはら	1
とばせ	1
とびお	0
とびかわ	2
とびせ	1
とびつか	2
とびなが	2
とびまつ	2
とぶし	1
とましの	0
とまべち	2
とみの	1
とみい	0
とみいえ	2
とみうが	2
とみかわ	2
とみき	1
とみくら	2
とみこし	2
とみさわ	0
とみしげ	0
とみつか	2
とみづか	2
とみて	1
とみところ	3
とみどころ	3
とみなが	2
とみのもり	3
とみはら	2
とみふく	2
とみまつ	2
とみもと	2
とみもり	2
とみやす	2
とむろ	1
とめおか	0
とめはた	2
とめば	0
ともいし	2
ともえだ	0
ともおか	2
ともぐい	0
ともさか	2
ともさだ	0
ともさわ	0
ともざわ	0
ともすえ	2
ともすぎ	2
ともたけ	2
ともちか	2
ともなが	2
ともはやし	3
ともはら	2
ともひさ	2
ともまつ	2
ともやま	0
ともより	2
とやべ	1
とよき	1
とよくら	0
とよぐち	2
とよさき	2
とよした	2
とよずみ	2
とよたき	2
とよたけ	2
とよなが	2
とよはま	0
とよはら	2
とよふく	2
とよべ	1
とよます	2
とよまる	2
とよみや	2
とよむら	2
とよもと	2
とよわか	2
とらさわ	0
とらしま	0
とらや	1
とりがた	2
とりぐち	2
とりた	1
とりたに	2
とりはた	2
とりばみ	2
とりむら	2
とりもと	2
とわたり	2
とんぐう	1
どいがき	2
どいはら	2
どううち	1
どううら	1
どうがうち	3
どうぐち	1
どうごめ	0
どうさか	1
どうした	1
どうたに	1
どうちん	1
どうのかわ	3
どうのわき	3
どうば	1
どうみょうじ	1
どうわき	1
どくまむし	3
どぬま	1
どのうえ	2
どばし	1
ないで	1
なえば	1
なおか	1
なおさき	2
なおた	1
なおの	1
なおはら	2
なおやま	0
なかあらい	3
なかいえ	2
なかいけがみ	4
なかいし	2
なかいずみ	3
なかいで	2
なかいど	2
なかうら	2
なかえま	0
なかおおじ	3
なかおき	2
なかおく	2
なかがいち	3
なかがき	2
なかがね	0
なかがわのみや	0
なかき	1
なかきた	2
なかぎり	2
なかくき	2
なかくぼ	0
なかくら	2
なかぐち	2
なかごうち	3
なかごめ	0
なかさく	0
なかさこ	2
なかしげ	2
なかしずか	3
なかしば	0
なかしょうじ	3
なかじん	2
なかすか	2
なかすぎ	2
なかずみ	2
なかせこ	0
なかそぎ	0
なかぞの	0
なかたけ	2
なかち	1
なかつえ	2
なかつじ	2
なかつだ	0
なかつち	2
なかつつみ	3
なかつぼ	2
なかつま	2
なかつやま	3
なかつる	2
なかてはら	3
なかでら	2
なかと	0
なかとう	2
なかとがわ	3
なかとき	2
なかどう	2
なかのいん	3
なかのうち	3
なかのせ	2
なかのみょう	3
なかのめ	0
なかのわたり	4
なかばやし	3
なかひら	2
なかびらき	3
なかふく	2
なかほり	2
なかぼう	2
なかまき	2
なかまごめ	3
なかまた	2
なかまつ	2
なかまる	0
なかみがわ	3
なかみぞ	2
なかみつ	2
なかむかえ	3
なかむた	0
なかむらはら	4
なかむろ	0
なかめ	0
なかやす	2
なかやち	2
なかわき	2
ながいけ	2
ながいし	2
ながうら	2
ながおき	2
ながおけ	2
ながかた	2
ながかわ	2
ながくら	2
ながこし	2
ながさと	2
ながしい	0
ながすえ	2
ながすな	2
ながづみ	2
ながずみ	2
ながそこ	2
ながたけ	2
ながつか	2
ながつな	0
ながつま	0
ながで	1
ながとみ	0
ながとり	2
ながぬき	2
ながはし	2
ながはた	2
ながはら	2
ながふち	2
ながぶち	2
ながほ	1
ながほら	2
ながま	0
ながまつ	2
ながみつ	2
ながみね	2
ながむら	2
ながもり	2
ながよ	0
ながよし	2
なくい	0
なごうし	2
なごの	1
なさか	1
なさこ	1
なしだ	1
なしもとのみや	0
なすかわ	2
なだお	0
なちがみ	2
なついし	2
なつうめ	2
なつかわ	2
なつさか	2
なつだ	1
なつはら	2
なつぼり	2
なつむら	2
なつやま	0
なづか	1
なとやま	0
なはら	1
なばた	1
なべい	0
なべかわ	2
なべくら	2
なべさわ	0
なべた	1
なべたに	2
なべやま	0
なまずだ	0
なませ	1
なみかわ	2
なみがい	2
なみこし	2
なみさき	2
なみしま	0
なみた	1
なみつか	2
なみまつ	2
なむら	1
なめかわ	2
なめがや	2
なめだ	1
ならき	1
ならさき	2
ならざき	2
ならと	0
ならの	1
ならはら	2
ならばやし	3
なりかわ	2
なりき	1
なりきよ	2
なりこまや	0
なりさこ	2
なりとみ	2
なりなが	2
なりはら	2
なりまつ	2
なりもと	2
なりわ	1
なるおか	2
なるけ	1
なるせがわ	3
なるち	1
なるほどう	0
なるまち	2
なるみざわ	3
なわい	0
なわた	1
なわの	1
なんえ	1
なんばた	0
なんばら	1
なんぶや	3
なんぽ	1
なんり	1
にいざと	1
にいぞえ	1
にいたべ	0
にいだて	1
にいでら	1
にいの	1
にいのみ	1
にいはた	1
にいはり	1
にいはる	1
にいほ	1
にいぼり	1
にうのや	3
にうら	1
にほ	0
にかわどり	3
にがたけ	2
にくま	1
にごりかわ	3
にしあき	2
にしあり	2
にしい	0
にしいえ	2
にしうち	2
にしうら	2
にしえ	0
にしおかだ	3
にしがいち	3
にしきおり	3
にしきべ	0
にしきみ	0
にしくら	2
にしごおり	3
にしさと	2
にしざか	2
にしざと	2
にしした	2
にしたか	2
にしたに	2
にしだい	2
にしだて	2
にしつじ	2
にしづか	2
にしで	1
にしとみ	2
にしどまり	3
にしなが	2
にしぬま	0
にしのがわ	3
にしのその	3
にしのはら	3
にしはし	2
にしはた	2
にしひろ	2
にしぼ	1
にしまき	2
にしまぎ	2
にしまた	2
にしまつ	2
にしまる	2
にしみ	1
にしめや	2
にしもと	2
にしもり	2
にじたに	2
にすぎ	1
にたどり	2
にたない	2
にたはら	2
にたみ	1
にたやま	0
にちぞう	0
にっとの	0
にとぐり	2
にひら	1
にぶん	1
にゅうい	1
にらがき	2
にらづか	2
にれざき	2
にれはら	2
にわい	0
にわいけ	2
にわせ	1
にわた	1
にわの	1
にわやま	0
にんあみ	1
にんけん	1
にんばり	1
にんみょう	1
ぬえの	1
ぬかたべの	0
ぬかもり	2
ぬかや	1
ぬかりや	2
ぬきな	1
ぬきはし	2
ぬきま	1
ぬきわ	1
ぬくしな	2
ぬだ	0
ぬなみ	1
ぬのうら	2
ぬのかわ	2
ぬのがき	2
ぬのた	1
ぬのむら	2
ぬのめ	1
ぬまお	0
ぬまかわ	2
ぬまがみ	0
ぬまき	1
ぬまぐち	2
ぬまざき	2
ぬまざと	2
ぬました	2
ぬまだて	2
ぬまの	1
ぬまのはら	3
ぬまはた	2
ぬまべ	1
ぬまま	1
ぬまもと	2
ねかぶ	1
ねこいた	0
ねこた	1
ねこたけ	2
ねこむら	2
ねざかま	2
ねだち	1
ねづか	1
ねどころ	2
ねのひ	1
ねばし	1
ねひょう	1
ねもり	1
ねりき	1
ねろめ	1
のあけ	1
のあみ	1
のうさか	1
のうとみ	1
のうの	1
のかた	1
のくぼ	1
のざと	1
のした	1
のずえ	0
のせき	1
のぞえ	0
のため	1
のづ	0
のとがわ	2
のとや	1
ののうち	2
ののがき	2
ののぐち	2
ののせ	1
ののだ	1
ののはら	2
ののみや	2
ののむら	2
のはし	1
のばた	1
のばやし	2
のひら	1
のびき	1
のぶおか	2
のぶき	1
のぶち	1
のぶにし	2
のぶはら	2
のぶばら	0
のぶひら	2
のぶもと	2
のべが	1
のべまつ	2
のぼりかわ	3
のまた	1
のみず	1
のみぞ	1
のもり	1
のや	0
のやしき	2
のより	1
のりおか	0
のりかね	2
のりくに	2
のりこし	2
のりさだ	2
のりた	1
のりつね	2
のりはら	2
のりまつ	2
のりみず	2
のりもと	2
のろし	1
のろせ	1
のろた	1
はいのくち	3
はいやま	0
はえばら	2
はえみ	1
はおか	1
はかまだ	0
はかむら	2
はかやま	0
はがわ	1
はぎい	0
はぎいわ	2
はぎうだ	2
はぎお	0
はぎおか	0
はぎその	2
はぎた	1
はぎなか	2
はぎなが	2
はぎにわ	2
はぎむら	2
はぎや	1
はけた	1
はこいし	2
はこじま	0
はこまつ	2
はこもり	2
はさたに	2
はさば	0
はざか	1
はざまじめ	3
はしい	0
はしうら	2
はしがみ	0
はしだて	2
はしにし	2
はしの	1
はしば	1
はしまわり	3
はしみ	1
はしや	1
はしらたに	3
はじかね	0
はじり	1
はすお	0
はすおか	0
はすむら	2
はすや	1
はせくら	2
はせつかべ	3
はせつかべの	0
はせぬま	0
はせば	1
はせべ	1
はせみ	1
はぜやま	0
はそめ	1
はたえ	0
はたお	0
はたかま	2
はたけだ	0
はたさわ	0
はたざき	2
はたじ	1
はたせ	1
はたぬま	0
はたね	0
はたはら	2
はたばやし	3
はたふく	2
はだめ	0
はちすか	2
はちだの	0
はちゅうだ	2
はちろ	1
はつがい	2
はつざわ	0
はつしか	2
はつたに	2
はつむら	2
はつやま	2
はづき	1
はとい	0
はとおか	2
はとおり	2
はとこ	1
はとの	1
はとむら	2
はとり	1
はなうえ	2
はなうみ	2
はなおか	0
はなか	1
はなかわ	2
はながさ	2
はながさき	3
はなざと	2
はなしろ	2
はなずみ	2
はなぞめ	0
はなたに	2
はなつか	2
はなづか	2
はなと	1
はなのもと	3
はなはま	0
はなびし	2
はなふさ	2
はなぶち	2
はなべ	1
はなまつ	2
はなもと	2
はなもり	2
はなり	1
はにはら	2
はにゅうだ	2
はねいし	2
はねした	2
はねど	1
はねぶち	2
はねよし	2
はの	0
はのみや	2
ははき	1
ははきぎ	0
はばうち	2
はばした	2
はばの	1
はびろ	0
はぶか	1
はぶき	1
はぶたに	2
はまい	0
はまうえ	2
はまうず	2
はまうち	2
はまお	0
はまかた	2
はまかわ	2
はまくら	2
はまぐち	2
はました	2
はますか	2
はますな	0
はまたけ	2
はまたま	2
はまだて	2
はまにし	2
はまね	0
はまの	1
はまのごう	3
はまのや	3
はまはた	2
はまむら	0
はまや	1
はまよつ	2
はもや	1
はやさか	2
はやさき	2
はやしかわ	3
はやしぐち	3
はやしざき	3
はやしぬま	3
はやしば	0
はやしばら	3
はやしべ	0
はやしもと	3
はやたか	2
はやち	1
はやつ	1
はやの	1
はやはら	2
はやふく	2
はやふじ	2
はやふね	2
はやみず	2
はやみや	2
はやもり	2
はらお	0
はらが	1
はらぐち	2
はらこみや	3
はらさき	2
はらしな	0
はらせ	1
はらぞの	0
はらと	0
はらにし	2
はらまき	2
はらや	1
はりかい	2
はりがさね	3
はりがや	2
はりぐち	2
はりた	1
はりづか	2
はりなかの	3
はりはら	2
はるかわ	2
はるすみ	0
はるたに	2
はるなり	2
はるのや	3
はるはた	2
はるまち	2
はるや	1
はれやま	0
はんがい	1
はんさき	1
はんざいけ	3
はんすいえん	3
ばいおく	1
ばいごう	1
ばいてい	1
ばいなん	1
ばいほう	1
ばざき	1
ばでん	1
ばばやま	0
ばべ	1
ばんざん	1
ばんずいいん	3
ばんない	1
ひあさ	1
ひいかわ	1
ひいずみ	2
ひうら	1
ひかさ	1
ひがき	1
ひがしお	3
ひがしこくばる	4
ひがしじま	3
ひがしすな	3
ひがしたに	3
ひがしだに	3
ひがしつじ	3
ひがしなかがわ	5
ひがしはま	3
ひがしはら	3
ひがしひら	3
ひがしふしみのみや	0
ひがしみなと	4
ひがしもと	3
ひがの	1
ひきしま	0
ひきの	1
ひきま	1
ひきめ	0
ひぐま	1
ひけた	1
ひこさか	2
ひさいし	2
ひさいずみ	3
ひさいた	2
ひさかた	2
ひさかわ	2
ひさぎ	1
ひさざき	2
ひさすえ	2
ひさだま	2
ひさとみ	2
ひさの	1
ひさま	0
ひさむら	2
ひざき	1
ひざわ	0
ひしかわ	2
ひしき	1
ひしだ	1
ひしな	1
ひしぬま	0
ひしゃくだ	2
ひしや	1
ひじい	0
ひじおか	0
ひじりさわ	3
ひたちのみや	4
ひたちやま	3
ひちわ	1
ひつがや	2
ひつま	1
ひつわり	2
ひでくま	0
ひでしま	0
ひでま	1
ひでむら	2
ひないじ	2
ひなが	1
ひながた	2
ひなつ	1
ひなみ	1
ひなもり	2
ひねのや	3
ひのくち	2
ひのね	0
ひのもり	2
ひはら	1
ひばた	1
ひびきかわ	3
ひまた	1
ひむかし	2
ひむら	1
ひめき	1
ひめさと	2
ひめだ	1
ひめのぎ	2
ひめみや	2
ひもり	1
ひやかわ	2
ひやむた	2
ひゅうがじ	3
ひょうたに	1
ひよりやま	0
ひらいし	2
ひらいそ	2
ひらうえ	2
ひらうみ	2
ひらえ	0
ひらがた	2
ひらぎ	1
ひらくえ	2
ひらくし	2
ひらぐち	2
ひらぐり	2
ひらこ	1
ひらこし	2
ひらさか	2
ひらさき	2
ひらしげ	2
ひらした	2
ひらしま	0
ひらせ	1
ひらたか	2
ひらたに	2
ひらだて	2
ひらで	1
ひらとり	2
ひらなか	2
ひらね	1
ひらはた	2
ひらふく	2
ひらふじ	2
ひらぶき	2
ひらべ	1
ひらほり	2
ひらま	1
ひらまる	2
ひらみね	2
ひらみや	2
ひらむき	2
ひらもと	2
ひらもり	2
ひらよし	2
ひららぎ	2
ひらわた	2
ひるいけ	2
ひるた	1
ひろいけ	2
ひろいし	2
ひろえ	0
ひろかね	0
ひろさか	2
ひろしげ	2
ひろたに	2
ひろつ	1
ひろとも	0
ひろはし	2
ひろばやし	3
ひろふじ	2
ひろべ	1
ひろまつ	2
ひわたし	2
ひわだ	1
びわしま	0
びわた	1
ふうま	1
ふえだ	1
ふかいし	2
ふかお	0
ふかしま	0
ふかしろ	0
ふかぞえ	0
ふかたき	2
ふかの	1
ふかほり	2
ふかみざわ	3
ふかむら	2
ふかりまる	3
ふがね	1
ふきいし	2
ふきうら	2
ふきた	1
ふきつか	2
ふきの	1
ふきはら	2
ふきや	1
ふきやばし	3
ふきんばら	2
ふくいけ	2
ふくうち	2
ふくうら	2
ふくお	0
ふくかわ	2
ふくさこ	2
ふくざき	2
ふくすえ	2
ふくたに	2
ふくち	0
ふくなか	2
ふくにし	2
ふくはま	2
ふくば	1
ふくばやし	3
ふくばら	2
ふくみぞ	2
ふくむら	2
ふくら	1
ふくらい	2
ふさま	1
ふさむら	2
ふさもと	2
ふさやま	0
ふしはら	2
ふしみのみや	0
ふしや	1
ふじいけ	2
ふじう	0
ふじうら	2
ふじかげ	2
ふじかた	2
ふじかど	2
ふじかみ	0
ふじがわ	2
ふじくら	2
ふじぐち	2
ふじした	2
ふじしま	0
ふじせ	1
ふじたけ	2
ふじたて	2
ふじつか	2
ふじつな	2
ふじづか	2
ふじな	1
ふじなか	2
ふじなが	2
ふじなみ	0
ふじなわ	2
ふじね	1
ふじのくら	3
ふじはた	2
ふじば	1
ふじばやし	3
ふじひら	2
ふじまえ	2
ふじまつ	2
ふじみね	2
ふじみや	2
ふじや	1
ふじよし	2
ふじわき	2
ふだき	1
ふちい	0
ふちざき	2
ふちざわ	0
ふちた	1
ふちべ	1
ふちもと	2
ふでたに	2
ふとがね	0
ふなくぼ	2
ふなくら	2
ふなさか	2
ふなさき	2
ふなしま	0
ふなじ	1
ふなせ	1
ふなたに	2
ふなつけ	2
ふなとこ	2
ふなびき	2
ふなべ	1
ふなほ	1
ふなみず	2
ふなもと	2
ふばさみ	2
ふみくら	2
ふみのあたえ	1
ふみのいみき	4
ふみむら	2
ふむろ	0
ふゆき	1
ふゆしま	0
ふゆの	1
ふゆはら	2
ふるいけ	2
ふるいし	2
ふるうち	2
ふるえうえ	3
ふるかた	2
ふるかど	2
ふるがき	2
ふるしょう	2
ふるせ	1
ふるたち	2
ふるだて	2
ふるどの	2
ふるなが	2
ふるの	1
ふるはし	2
ふるはた	2
ふるはま	0
ふるばやし	3
ふるまえ	2
ふるみ	1
ふるみず	2
ふるみぞ	2
ふるやなぎ	3
ふわの	1
ふんや	1
ふんやの	0
ふんよう	1
ぶしか	1
ぶしまた	2
ぶすじま	0
ぶっしょうじ	1
ぶつかわ	0
へいない	1
へいらく	1
へづつ	1
へびいし	2
へびたに	2
へやしき	2
へらい	0
へんとな	0
べつみや	2
べにさと	2
ほあし	1
ほいた	1
ほうえんざか	3
ほうがの	1
ほうきやま	2
ほうさこ	0
ほうみ	1
ほかお	0
ほかり	1
ほきま	1
ほくら	1
ほぐち	1
ほさき	1
ほざわ	0
ほしがき	2
ほしぐま	2
ほしこ	1
ほしざわ	2
ほしじま	0
ほしだ	1
ほしづき	2
ほしで	1
ほしな	1
ほしなが	2
ほしね	1
ほしはら	2
ほしば	1
ほしむら	2
ほそあい	2
ほそいり	2
ほそうめ	2
ほそうら	2
ほそがい	2
ほそがね	2
ほそきばら	3
ほそごえ	0
ほそごえざわ	4
ほそざこ	0
ほそだ	1
ほそぬま	2
ほその	1
ほそぶち	2
ほそま	1
ほそやまだ	3
ほたるがいけ	4
ほつち	1
ほてはま	0
ほとはら	2
ほとみ	1
ほどはら	2
ほなが	1
ほねかわ	2
ほむちの	0
ほむち	1
ほもり	1
ほやの	1
ほりあい	2
ほりいけ	2
ほりお	0
ほりおか	2
ほりがみ	2
ほりき	1
ほりきた	2
ほりきり	2
ほりけ	0
ほりこし	2
ほりさか	2
ほりち	1
ほりにし	2
ほりの	1
ほりのうえ	3
ほりはた	2
ほりば	1
ほりふね	2
ほりむら	2
ほりもと	2
ほりや	1
ほりわき	2
ほろいわ	2
ほろくさ	2
ほんあみ	0
ほんえ	0
ほんざわ	0
ほんとみ	0
ぼうさわ	1
ぼうの	1
ぼうのう	1
ぼうもん	1
ぼくもと	2
ぼよう	1
まいお	0
まいさき	1
まいざわ	0
まいし	1
まいだし	1
まいの	1
まいはね	0
まえお	0
まえさき	2
まえさと	2
まえざわ	0
まえしろ	0
まえぞの	0
まえだがわ	3
まえだこう	3
まえひら	2
まえむら	2
まえもと	2
まえや	1
まえやま	0
まかいの	2
まかた	1
まかみ	1
まかみの	0
まがね	0
まがら	1
まがりお	3
まがりぶち	3
まがりまつ	3
まきうち	2
まきえだ	0
まきがみ	0
まきぐち	2
まきさか	2
まきせ	1
まきた	1
まきたお	2
まきと	1
まきのうち	3
まきのだ	2
まきはた	2
まきむら	2
まきもと	2
まぎぬ	1
まくた	1
まごし	1
まごた	1
まさおか	0
まさかね	0
まさかわ	2
まさたか	2
まさとみ	2
まさとも	0
まさの	1
まさもり	2
ましお	0
ましど	1
ましの	1
ましば	1
ましみず	2
まじきな	0
ますいけ	2
ますえ	0
ますかわ	2
ますぎ	1
ますざき	2
ますじま	0
ますぞえ	0
ますたに	2
ますとう	2
ますどめ	0
ますなか	2
ますの	1
ますはら	2
ますぶち	2
ますま	1
ますみず	2
ますみつ	2
ますむら	2
ますも	0
ますもと	2
ますもり	2
ますや	1
またいち	2
またむら	2
またよし	2
まちかぜ	2
まちざわ	0
まちでら	2
まちどり	2
まちなが	2
まちの	1
まちぶん	2
まついし	2
まつうち	2
まつおい	2
まつかた	2
まつが	1
まつがね	0
まつがみ	2
まつくぼ	2
まつくま	2
まつくら	2
まつぐち	2
まつさき	2
まつさこ	2
まつざわ	0
まつせ	1
まつぞえ	0
まつだて	2
まつとみ	2
まつとも	2
まつなり	2
まつのき	2
まつのと	2
まつのぶ	2
まつはし	2
まつはた	2
まつひさ	2
まつひら	2
まつふじ	2
まつみ	0
まつみね	2
まつゆき	2
まつよし	2
まつわき	2
まつわたり	3
まとがわ	0
まとやま	0
まどの	1
まなぎ	1
まにた	1
まねやま	0
まのめ	1
まひょうめ	2
まふね	1
まぶね	1
ままだ	1
まめやま	0
まやもと	2
まゆか	1
まゆむら	2
まりむら	2
まるいけ	2
まるうち	2
まるお	0
まるしま	0
まるぬま	0
まるの	1
まるはし	2
まるばやし	3
まるまち	2
まるも	1
まるもと	2
まんがだ	0
まんの	1
まんや	1
みおか	1
みかきもり	3
みかげはら	3
みかなぎ	0
みかもと	2
みきさか	1
みきや	1
みぎた	1
みぎたか	2
みこしば	0
みこだ	1
みこひだり	0
みさいづ	2
みしまざき	3
みすまい	2
みずいし	2
みずいで	2
みずうち	2
みずお	0
みずおち	2
みずかき	2
みずかわ	2
みずくき	2
みずくら	2
みずこし	2
みずさき	2
みずさと	2
みずしな	2
みずたけ	2
みずなが	2
みずにわ	2
みずのお	3
みずはし	2
みずはら	2
みずばやし	3
みずみ	1
みずもと	2
みずもり	2
みずや	1
みずやま	0
みずよし	2
みせざき	2
みそのお	3
みぞい	0
みぞえ	0
みぞお	0
みぞかみ	0
みぞた	1
みぞて	1
みぞばた	2
みぞぶち	2
みぞほり	2
みぞみず	2
みぞろぎ	0
みぞわき	2
みちうら	2
みちおか	0
みちしま	0
みちしまの	0
みちだ	1
みちのみや	0
みちばやし	3
みちまえ	2
みちまさ	2
みちまた	2
みつうら	2
みつえだ	0
みつかわ	2
みつしお	2
みつたけ	2
みつたに	2
みつでら	2
みつとみ	2
みつとも	2
みつどう	2
みつなが	2
みつのぶ	2
みつはた	2
みつもと	2
みつゆき	2
みてしろ	0
みとおか	0
みどおか	0
みどりい	3
みどりかわ	3
みどりぎ	3
みどりやま	3
みどろ	1
みなき	1
みなぐち	2
みなつき	2
みなとや	3
みなぶち	2
みなみぎ	0
みなみさわ	3
みなみざき	3
みなみざわ	3
みなみすな	3
みなみぞの	3
みなみたに	3
みなみだて	3
みなみで	3
みなみむれ	3
みなみもと	3
みなよし	2
みぬの	0
みねい	0
みねいわ	2
みねうら	2
みねき	1
みねじ	1
みねの	1
みねはま	2
みねひさ	2
みねまつ	2
みねもと	2
みのかわ	2
みのげ	1
みのしょう	2
みのだ	1
みのはら	2
みのべ	1
みのや	1
みのりかわ	3
みひろ	1
みぶの	0
みぶさわ	0
みまき	1
みみの	1
みやい	0
みやいり	2
みやおう	2
みやがき	2
みやがみ	0
みやきた	2
みやぎし	2
みやぎじま	3
みやぎたに	3
みやくに	2
みやくら	2
みやこうじ	3
みやこざわ	3
みやごし	2
みやしま	0
みやじの	0
みやすみ	2
みやせ	1
みやそね	0
みやたに	2
みやだい	2
みやだて	2
みやつじ	2
みやでら	2
みやと	1
みやなべ	2
みやにし	2
みやの	1
みやのかわ	3
みやのつか	3
みやはし	2
みやばやし	3
みやひがし	3
みやひら	2
みやぶち	2
みやべ	1
みやまつ	2
みやむら	0
みやよし	2
みやら	1
みやわき	2
みゆきやま	3
みょういん	1
みょうがや	3
みょうちん	1
みんばやし	3
むかいだ	2
むかいぼう	2
むかいもと	2
むかえだ	2
むぎくら	2
むぎた	1
むぎたに	2
むぎの	1
むくだ	1
むくのき	1
むこうだ	2
むしあけ	2
むたぐち	2
むだぐち	2
むちゃく	1
むつだ	1
むなせ	1
むねおか	0
むねすえ	2
むねた	1
むねたに	2
むねちか	2
むねつぐ	2
むねなが	2
むねひさ	2
むねむら	2
むねゆき	2
むらいし	2
むらいち	2
むらお	0
むらかた	2
むらが	1
むらがき	2
むらぎし	2
むらぐち	2
むらさか	2
むらさきうまごやし	7
むらした	2
むらすぎ	2
むらすみ	2
むらせ	1
むらたけ	2
むらたに	2
むらつ	1
むらて	1
むらにし	2
むらぬし	2
むらの	1
むらのい	3
むらはし	2
むらはた	2
むらやす	2
むらよし	2
むりょうい	2
むろいち	2
むろおか	0
むろかわ	2
むろが	1
むろき	1
むろぐち	2
むろさか	2
むろさき	2
むろずみ	2
むろた	1
むろたに	2
むろだて	2
むろはし	2
むろはら	2
むろふし	2
むろみ	1
むろもと	2
むろや	1
めかだ	1
めかる	1
めがた	1
めぐろもり	3
めさき	1
めざき	1
めすだ	1
めとき	1
めとるま	2
めんたに	1
めんで	0
もうそん	0
もうち	1
もくあん	1
もくら	1
もぐし	1
もぐろ	1
もざい	1
もずみ	1
もちき	0
もちじ	1
もちだ	1
もちどめ	0
もちはら	2
もちまる	2
もちもと	2
もといけ	2
もといま	0
もとうち	2
もとかりや	3
もとくら	2
もとごう	2
もとさか	2
もとたに	2
もとだ	1
もとなが	2
もとなみ	2
もとにし	2
もとはし	2
もとはら	2
もとばやし	3
もとひろ	0
もとぶち	2
もとまつ	2
もとみつ	2
もとや	1
もとら	1
もにわ	1
ものい	0
もみい	0
もみき	1
ももうち	2
ももさわ	0
ももだ	1
ももだに	2
ももの	1
もものき	2
もやさわ	0
もりあい	2
もりい	0
もりいずみ	3
もりえだ	0
もりかげ	2
もりかね	2
もりがみ	0
もりぎわ	2
もりくぼ	2
もりくま	0
もりこし	2
もりさか	2
もりさき	2
もりさと	2
もりしょうじ	3
もりすえ	2
もりずみ	2
もりせ	1
もりたき	2
もりたに	2
もりたや	3
もりたん	2
もりち	1
もりちか	2
もりつ	1
もりつぐ	2
もりづか	2
もりと	1
もりとう	2
もりとも	2
もりなか	2
もりなり	2
もりのみや	3
もりはし	2
もりはら	2
もりひさ	2
もりふく	2
もりふじ	2
もりべ	1
もりまつ	2
もりみ	0
もりみや	2
もりやす	2
もりわか	2
もりわけ	2
もろいし	2
もろえ	0
もろかみ	2
もろが	1
もろくち	2
もろずみ	2
もろた	1
もろと	0
もろとみ	2
もろどみ	2
もろなが	2
もろはし	2
もろふし	2
もろみざと	3
もろゆう	2
もんの	1
やがむら	2
やがわ	1
やきた	1
やきびたい	3
やぎい	0
やくしまる	3
やくた	1
やくまる	0
やくやま	2
やくら	1
やぐらざわ	3
やけの	1
やごおり	2
やごし	1
やざき	1
やざま	1
やざわ	0
やしゃもり	2
やしろぐち	3
やしろだい	3
やすいけ	2
やすかが	2
やすかがわ	3
やすぐち	2
やすぐり	2
やすさか	2
やすざき	2
やすたけ	2
やすたに	2
やすつね	2
やすとめ	0
やすはら	2
やすひこ	2
やすふく	2
やすぶち	2
やすみず	2
やすむら	2
やすもと	2
やすらおか	3
やすわき	2
やせつあん	3
やたがい	2
やたぼり	2
やため	1
やちお	0
やちだ	1
やちだて	2
やちもり	2
やどひさ	2
やなぎくぼ	3
やなぎだて	3
やなぎの	0
やなぎば	0
やなごうち	3
やなしま	0
やなだ	1
やなどり	2
やのくち	2
やのべ	1
やのま	1
やのめ	0
やはし	1
やはずの	0
やはば	1
やばな	1
やびく	1
やふそ	1
やぶい	0
やぶいけ	1
やぶうち	2
やぶぐち	2
やぶさき	2
やぶした	2
やぶた	1
やぶなか	2
やぶにし	2
やぶの	1
やぶもと	2
やまいし	2
やまいずみ	3
やまおき	2
やまおり	2
やまがい	1
やまくら	2
やまこし	2
やまごう	2
やまさか	2
やまさと	2
やまざと	2
やましなのみや	0
やますが	2
やまたに	2
やまだはやし	4
やまちか	2
やまつ	1
やまつか	2
やまで	1
やまとこ	0
やまとのあやうじ	0
やまとのあや	0
やまとや	3
やまなが	2
やまにし	2
やまぬし	2
やまのぐち	3
やまはつ	2
やまひら	2
やまほ	1
やまます	2
やまみ	1
やまみや	2
やまむろ	0
やまもり	2
やまよし	2
やまりく	2
やみざき	2
やむら	1
やややま	0
やよいはら	2
やよし	1
やりた	1
やりのめ	0
やりみず	2
やりみつ	2
やわはら	2
ゆいぜ	1
ゆきいり	2
ゆきざね	2
ゆきざわ	0
ゆきた	1
ゆきとも	2
ゆきはら	2
ゆきまち	2
ゆきやす	2
ゆぐち	1
ゆげた	1
ゆした	1
ゆすき	1
ゆたに	1
ゆだて	1
ゆち	0
ゆのかわ	2
ゆのまえ	2
ゆのめ	1
ゆはら	1
ゆば	0
ゆふがわ	0
ゆまち	1
ゆみしま	0
ゆみた	1
ゆみたに	2
ゆみなか	2
ゆみなが	2
ゆみなもち	3
ゆみやま	0
ゆみよし	2
ゆむろ	1
ゆめのや	3
ゆめみず	2
ゆやま	1
ゆりおか	0
ようだ	1
よぐち	1
よけむら	2
よこえ	0
よこえの	0
よこさか	2
よこさわ	0
よこせ	1
よこたに	2
よこち	1
よこつか	2
よこづつみ	3
よこと	1
よこの	1
よこはし	2
よこはた	2
よこはら	2
よこひら	2
よこふじ	2
よこべ	1
よこまつ	2
よこみち	2
よこむろ	2
よこもと	2
よこもり	2
よこや	1
よこわたり	3
よごう	1
よざ	0
よしあら	2
よしいけ	2
よしいずみ	3
よしいり	2
よしうえ	2
よしうら	2
よしかた	2
よしかね	2
よしが	1
よしがき	2
よしがはら	3
よしぎわ	2
よしくに	2
よしくわ	2
よしこし	2
よしさこ	2
よしさと	2
よしざか	2
よしざき	2
よしざわ	0
よししげの	0
よしせ	1
よしぞえ	0
よしたか	0
よしたに	2
よしつぐ	2
よしつる	2
よしづか	2
よしとし	2
よしとめ	2
よしなお	2
よしなり	2
よしぬま	0
よしはし	2
よしはま	2
よしば	0
よしふく	2
よしふさ	2
よしぶちの	2
よしまた	2
よしみず	2
よしみずの	2
よしみつ	2
よしみねの	2
よしみや	2
よしむた	0
よしめき	2
よしめん	2
よしもり	2
よしやす	2
よしやま	2
よたやま	0
よない	1
よないやま	2
よなが	1
よなは	1
よなみね	2
よにし	1
よねい	0
よねいし	2
よねおか	2
よねかわ	2
よねき	1
よねさか	2
よねさと	2
よねざき	2
よねたに	2
よねとみ	2
よねなが	2
よねの	1
よねはた	2
よねはな	2
よねふじ	2
よねみつ	2
よねむら	2
よねもち	2
よねもり	2
よねや	1
よねやま	0
よのき	1
よぶの	1
よみや	1
よもぎだ	0
よもと	1
よら	0
よりあい	2
よりうめ	2
よりおか	2
よりた	1
よりなが	2
よりふじ	2
よりみつ	2
よりもと	2
らんばし	1
りおか	1
りきいし	2
りきたけ	2
りくかわ	2
りくゆう	2
りのいえ	2
りゅうえんじ	1
りゅうげじ	1
りゅうぞうじ	1
りゅうたんじ	1
りょうかわ	1
りょうの	1
るいけ	1
るかわ	1
るべつ	1
れきもと	2
れんぶつ	1
ろうやま	0
わいない	2
わうけ	1
わかいずみ	3
わかいぬかいの	4
わかうめ	2
わかお	0
わかおうじ	3
わかおみ	2
わかくわ	2
わかぐり	2
わかしま	2
わかた	1
わかたべ	0
わかつき	2
わかの	1
わかはら	2
わかみず	2
わかみね	2
わかむら	2
わかめい	2
わかもり	2
わかやまとべの	0
わがい	0
わきさか	2
わきざか	2
わきじま	0
わきたちょう	3
わきたに	2
わきちょう	2
わきむら	2
わきや	1
わきやま	2
わくい	0
わくかわ	2
わくしま	0
わくた	1
わくなが	2
わくら	1
わぐり	1
わぐれ	1
わけしま	0
わけばやし	3
わけべ	1
わざき	1
わざきた	2
わしあし	2
わしお	0
わしおか	0
わしずみ	0
わしたに	2
わしづみ	0
わしの	1
わしや	1
わたかべ	0
わたき	1
わたしの	2
わたせ	1
わただ	1
わたひき	2
わたびき	2
わたもと	2
わたや	1
わたりの	0
わだがき	2
わつき	1
わつじ	1
わなじょう	2
わなみ	1
わにざき	2
わにだ	1
わにはら	2
わらがい	2
わりいし	2
わりた	1
わりや	1
んがむら	2
あちの	0
いせこ	1
いたお	0
いたや	1
いとぐち	2
いりふね	2
うえもと	2
うえやま	0
うたやま	0
おざく	1
おほ	1
かわみ	1
がっとう	1
くちで	0
くにまつ	2
こくまち	2
しもむかい	3
しんりき	1
すこ	0
そよぎ	1
たかなか	2
とみしま	0
とみず	1
ともお	0
ともだ	1
とりくみ	0
なかそ	1
にしぼり	2
ねがわ	1
のでら	1
はしむら	2
はばら	1
はらかわ	2
ばんの	1
ひとの	1
ふじしげ	0
ふじたか	2
ふじま	0
まえおか	0
まつみや	2
まとの	1
まやま	1
みぎどなり	3
みちはら	2
みつもち	2
もたい	1
もとだか	2
ゆお	0
よこあな	0
あかあお	0
あなあき	0
あまち	1
あれとい	2
いませ	1
おおいで	0
かたや	1
かわかつ	2
きたうち	2
さかいべの	0
しらはり	0
しろめ	1
たかした	2
たごう	1
たてまち	2
たべ	0
つで	0
つぼい	0
にげば	3
ふじいえ	2
みずぐち	2
みずむら	2
もりいち	2
やまべの	0
うちむら	2
うわとこ	2
おさべ	1
おむら	1
くさばな	2
こさき	1
しらかべの	0
そねの	0
たちあひ	0
つるの	1
とせ	0
とれたて	0
のむろ	1
ひらみつ	2
ほっち	1
まめだ	1
あけま	1
あしば	3
いがみ	1
いむら	1
きつけ	1
くらべもの	0
すがえ	0
たかゆか	0
たみなと	2
ためしげ	2
つむぎ	1
ともの	1
なかとびら	3
はながたみ	3
ひぐらし	2
ふかまち	2
ふじまさ	2
ふなどころ	0
ぶっ	1
みずなすび	3
みなし	0
みねむら	2
いずもと	2
うえまつ	2
おやばしら	3
くらや	1
しかだ	0
たつき	1
てるお	0
につき	1
はなやしき	3
はらむら	2
ひらはら	2
ひらばる	2
やまび	1
いまもと	2
おおぬか	0
かぶやす	0
かむら	1
しもで	0
むらち	1
やまり	1
あつざわ	0
しまにし	2
しらかべ	0
なおせ	1
ひがしむら	3
みほり	0
むらこし	2
やけいし	0
いしもと	2
うぶかた	2
ぎじょう	1
しりきれ	0
つくりて	0
ながしげ	2
なとう	1
ねや	0
ひこの	1
ふかせ	1
みずもの	0
みちかみ	2
みちがみ	2
いろみ	3
うつし	1
かみだのみ	3
きさか	1
こがねいろ	0
たつむら	2
ともなり	2
はこびや	0
はたか	1
ひだりまわり	4
めしつかい	3
うえでら	2
おとこで	0
かわき	3
さわかわ	2
しらね	0
たかさぶ	0
はるやすみ	3
もとつま	1
やすます	2
わかもん	0
うえひがし	3
うすくら	2
かわづくり	3
たびばなし	3
はがれ	0
みぞはし	2
いとざくら	3
いなかもの	0
うでぎ	0
かたてま	0
きまりごと	0
きや	0
させ	0
たにいし	2
とものう	2
なかゆび	2
はおと	0
まえより	0
むらしげ	2
めまひ	2
うしろすがた	4
おおあたり	3
かんがえどころ	0
きたかた	2
こばかま	2
とむら	1
ほりかわの	2
みせなみ	0
みちもと	2
おきいし	0
はたけちがい	4
ひばしら	2
むの	0
やきあげ	0
あわだて	0
おおひさ	1
きりみ	3
すなはま	0
なつい	0
ひづま	1
よしゆき	2
あずきいり	0
いこい	0
おくゆき	0
かまし	2
きたみち	2
くまで	1
こうく	1
どなり	1
ばらいし	2
まなべ	1
やの	0
りくかい	0
きたむき	0
ぎょうかい	0
さかりば	0
したぎ	0
ふなむら	2
もとかわ	2
ありき	1
くまかわ	2
ぜいがく	0
てかけ	3
とよま	1
ながひろ	2
ばだい	0
ひょうちゅう	0
まるがお	0
ゆきあかり	3
いきざま	0
おおづめ	0
おおなべ	0
おかにし	2
おどり	0
きょうす	1
たつまき	0
つくりばなし	4
とりもの	0
はしかわ	2
ようち	1
わかればなし	4
かべがわ	0
くみいれ	0
ひさもと	2
ひやとい	0
まきこみ	0
やまおく	3
いずみちょう	0
いそぎあし	3
うらっかわ	0
おいっこ	0
きょうはら	1
くちどめ	0
せきむら	2
つきあかり	3
はたい	0
ふゆやすみ	3
まちやま	2
ゆうやけ	0
いしづくり	3
いたがみ	0
いなかまち	3
こびさ	1
なかじき	0
みずおと	0
みずまわり	3
ものいい	3
ゆがま	1
ろうと	1
わたりどり	3
あしかけ	0
いらえ	1
くなの	0
しのびわらい	4
すだま	1
たからまち	3
たすけおに	3
てがかり	2
ながしろ	0
ぬけがけ	0
まつむろ	0
みちや	1
あめあがり	3
おもちゃや	0
かいせ	1
きょくじつ	0
くすべ	1
さいす	1
たくら	1
みちっぱた	0
みちはた	0
みなり	1
もりつけ	0
ようぐ	1
おくりだし	0
からくち	0
しきじょう	0
たべもん	3
ひとべ	1
ひろはば	0
ふたりづれ	0
あきふみ	2
いえじま	0
うじき	0
おおかべ	1
からみざけ	3
はしりこみ	0
ひらきなおり	0
まどがわ	0
ゆかたすがた	4
うえかざり	3
こころおき	0
とっつき	0
のりつぎ	0
はなぢ	0
ひがしより	0
まるだし	0
みあわせ	0
めじり	1
やまだし	0
ゆであがり	0
くつや	2
はぐるま	2
はふるい	2
まごころ	2
きってばらい	4
かわほり	0
さんけ	0
しあがり	0
つかいて	0
つゆいり	0
まえずみ	2
やすうり	0
あおり	3
いいつたえ	0
いいま	1
おんなで	0
かねちか	2
かるくち	0
なるい	0
ぶっつづけ	0
みせどころ	3
めかくし	2
やまあるき	3
いきあし	0
えふね	1
かみびな	3
こげつき	0
はこがい	0
ひがさ	2
みちずれ	0
やまいき	0
いろあわせ	3
うちて	3
うなりごえ	4
からかわ	0
さかみち	2
しいづ	0
てしごと	2
であし	0
とりくずし	0
ひざし	0
ふたご	0
みかえし	0
みぎあがり	3
みやげもの	0
あさがた	0
あじかた	2
がんちょう	0
さまし	0
てぬぐい	0
のりば	0
ひろがり	0
やれでら	0
いさかいごと	0
いたきれ	0
うわつら	0
えがお	1
おんなだてら	4
こぎって	2
こげいろ	0
こや	1
さしもの	2
つみいし	0
つりびと	0
はらえ	2
めあて	1
よこむき	0
いひつたへ	0
いまきた	2
おおまの	0
おもいいれ	0
おもわ	0
おわりね	3
かたりかけ	0
さかぐら	0
しまうち	2
できごころ	3
のりあわせ	0
はぐれ	0
はつひので	3
ひとごみ	0
あめかぜ	1
おきあい	0
きれじ	0
けものみち	3
さきもの	0
しぇくすぴーあ	5
せきまえ	2
でだし	0
はまなし	2
ひあがり	2
ほしくさ	0
みなみな	2
あごおじ	0
あそびごころ	4
おいだし	0
おくば	1
くちび	0
しろがね	0
そとあそび	3
あまみつ	2
あらびき	0
うちぶろ	0
かけがえ	0
こがお	0
さげしぶり	0
てばなし	2
まきばね	0
まんまえ	3
みがい	0
おいうち	0
おじごころ	3
かたしき	0
かたどおり	3
からばこ	0
かりもの	0
くちべに	0
こころがまえ	4
さがのはな	3
すべりどめ	0
ただよし	2
つぼづけ	0
ねこやしき	3
はなざかり	3
めしつかひ	3
やね	1
ゆびおり	0
いいわたし	0
かたぐち	2
かみかざり	3
きりくち	2
くめの	1
すまし	3
つくりだし	0
とびひ	0
のやま	1
はなづら	0
ひだりかた	0
まえがき	0
わらびこ	0
あかだま	0
あけわたし	0
あめおんな	3
おとしあな	3
かなあみ	0
がらもの	0
ききかえし	0
まるみえ	0
もちば	3
あきしの	0
あとまわし	3
あまざけ	0
あみあげ	0
うちくら	2
うわがき	0
おどけ	0
かたはば	2
そばどころ	3
ておくれ	2
てはじめ	2
にしまわり	3
のみもん	3
ひとさし	0
ほこたて	2
ましも	1
まどべ	0
むないた	0
めがしら	2
うきぼり	0
うりこみ	0
おおすじ	0
おおびけ	0
おもてみみ	3
かきとり	0
かたちづけ	0
ききがき	0
くにがら	0
こばしり	2
こもりく	3
すりあわせ	0
ちからぞえ	0
つきだし	0
ときたまご	3
ながとの	0
はきだし	0
はるうえ	0
はれおんな	3
ひっきり	0
ふすまがみ	3
へやさがし	3
まよいばこ	2
ものおしみ	3
よまわり	2
あいだがら	0
いろなおし	3
おどかし	0
おやだま	0
おりあい	0
かいたて	0
かごや	0
かみがみ	2
ききおぼえ	0
くりのべ	0
こころづかい	4
さしいろ	0
さむけ	3
たてかけ	0
つゆしば	0
やすのり	2
ゆみず	1
あいびき	0
あらわし	0
いましめ	0
うきもの	0
うらまど	0
うりもん	0
かけそば	0
かねあい	0
こいこころ	3
さけびごえ	4
しいれもと	0
しおづくり	3
すえむすめ	3
そこもの	0
そとまわり	3
たたみおもて	4
といかけ	0
どろじあい	3
なかにわ	0
にわしごと	3
はかざかい	3
はなゆず	0
はりあわせ	0
はりきり	0
ぶっかけ	0
みうごき	2
みぎひじ	0
もりっこ	0
いなかみち	3
おやばらい	3
かきたて	0
くびかざり	3
さくらふぶき	4
ささめ	0
しおけ	3
したじき	0
せだ	0
たなわり	0
つよみ	3
とおまわり	3
はいあと	0
はじらい	0
ははごころ	3
はれま	3
ひきうけ	0
ひだりどなり	4
むかえいれ	0
もうしで	0
よんどころ	0
いなき	1
うらて	0
おやつがわり	4
きゃくど	1
くらだし	0
こわざ	0
つかいふるし	0
つきそで	0
とこなつ	0
とりかかり	0
なかまわり	3
ながれや	3
ぬけおち	0
はなたちばな	4
みぎきき	0
めぶき	3
もちあわ	0
やぐらだい	0
よこづな	0
よみかえし	0
あかつち	0
あたまごし	0
いろむら	0
えんやす	0
おいあげ	0
かかとがわ	0
かわまた	0
かわりもの	0
こころがまへ	4
こまりごと	0
さきぼそり	0
せおい	2
そらみみ	0
たべのこし	0
とまりがけ	0
ねみみ	0
はならび	2
ひのもと	2
まけこし	0
まどり	0
むぎめし	0
やかたばし	3
ゆうだち	0
ゆでたて	0
あしまわり	3
あとだま	0
うしろより	0
かきて	3
くいちがい	0
くろとかげ	3
こだし	0
こめぼね	0
さしあぶら	3
しらなみ	0
てつき	1
なかぶくろ	3
ながれもの	0
なげき	3
はやわり	0
ふなべり	0
ふるがお	0
ふるたき	0
まきとり	0
まごむすめ	3
まちまち	2
まどぎわ	0
まめつぶ	3
むしあがり	0
むしけら	0
あおしお	0
あつがみ	0
うわぜい	0
おんなっけ	0
かおだち	0
かけあし	2
かざりもの	0
かたあし	0
かみしばい	3
きねがしら	3
すいとり	0
そこうち	0
てはず	1
ねがえり	2
ねこずき	0
のみみず	2
はしばし	2
はもの	1
ふるいした	0
ふろば	3
まあい	0
まちはずれ	3
めくらまし	2
あちらもち	0
あなぶろ	0
いたぶき	0
かきつけ	0
かみすえ	0
かるいし	0
きりぬけ	0
くらしむき	0
さがりめ	0
したがり	0
したばたらき	3
すみぶくろ	3
そこばなれ	3
たにむき	0
ちのみ	0
つけもの	0
づとめ	3
とめど	0
ぬいめ	3
はらいさげ	0
ひらがな	3
みずかめ	0
むいか	1
むかしばなし	4
むしたて	0
もちだか	0
もよおしもの	0
やきのり	0
やまごし	0
よみごたえ	0
あおいき	0
あじどころ	0
あつくち	0
あにがみ	0
いえいえ	2
うらみみ	0
えたい	0
おおにぎわい	3
かいぞえ	0
かずあわせ	3
かりずまい	3
くすりゆび	3
こころづかひ	4
さけよい	0
さしまわし	0
しごとがえり	4
しなかず	0
しにわかれ	0
しりぎれ	0
すえおき	0
すていし	0
すなば	0
たけづつ	0
たてふだ	2
つくだに	0
つとめさき	0
つゆどき	0
ておし	0
としのせ	0
ながれだま	0
ぬけみち	0
はなことば	3
ひきたて	0
ひきつけ	0
ふさかざり	3
ほけ	0
ほとけかずら	4
まきもの	0
まくらもと	3
まちあるき	3
まべ	0
みせがまえ	3
むしたき	2
めぐりあい	0
やきざかな	3
やせがた	0
やりぐみ	0
わすれがたみ	4
わらどこ	2
あげだし	0
あせまみれ	3
あてさき	0
あまりもの	0
あらいこ	0
いいかえし	0
いいがかり	0
いのちづな	3
うわざら	0
おきびき	0
おきもの	0
おさななじみ	4
かぜやみ	0
かたかけ	2
かたりもの	0
かちぐみ	0
からさわぎ	3
かれごのみ	3
かわらぶき	0
きたいけ	0
きりのこし	0
くしやき	0
くるまもち	3
けふき	0
こわた	1
さすらい	0
しおおにぎり	4
すのもの	2
せもたれ	2
たちのみ	0
たちびな	3
ちすじ	0
つかいごこち	0
つきがわり	3
つちかべ	0
つちづくり	3
といなおし	0
とびらがわ	0
とめぐち	0
とりこ	0
ながしびな	4
ながとし	2
ぬりなおし	0
のきさき	0
のこりもん	0
はたごまち	3
ひきかえし	0
ひるざき	0
ひるめし	0
ふるさと	2
まえだま	0
まよいいぬ	3
みずわり	0
むしさされ	3
めじるし	2
めはな	1
よびな	0
よみきかせ	0
わかれわかれ	4
あいむき	0
あがりかまち	4
あきばれ	0
あずち	1
あぜみち	2
あちらがわ	0
あてうま	0
あらすじ	0
いきづかい	3
いじめっこ	0
いたっきれ	4
いたずらもの	0
うしろむき	0
うすもの	0
うすやみ	0
うちなおし	0
うめやしき	3
うりこ	0
うりて	0
うりわたし	0
うわっつら	0
うわばき	0
うわぶれ	0
おくりさき	0
おくればせ	0
おしへぐさ	3
おののき	0
かいねこ	0
かいばしら	3
かおみせ	0
かなきり	0
かぶま	0
かまぬし	2
かみふぶき	3
きっさき	0
きりかぶろ	3
くいちがひ	0
くもりぞら	4
くりあがり	0
くりまつり	3
こゑ	1
こころづくし	4
ころあい	0
さむぞら	3
さむらいどころ	0
しまじま	2
しめだし	0
すまいづくり	4
そとぼり	0
たきあせ	0
ただしがき	0
たちうち	0
たてがき	0
たまりば	0
たよりがい	0
つきびと	0
つぎめ	0
つぎろ	2
つなわたり	3
つまみがわり	4
てじな	1
てみやげ	2
とびっきり	0
とりかご	0
とりくち	2
とりつき	0
ながあみ	0
ながしこみ	0
にがお	0
にわさき	0
ねがさ	0
ねこさらい	3
ねむけ	0
ねわざ	0
のきした	0
はたらきて	0
はでいろ	0
はやおし	0
ひきなみ	0
ひざもと	0
ふなぞこ	0
まちおこし	3
まとめがみ	0
みずほがわ	0
むなち	0
めだし	3
もたれあい	0
もてなし	0
やまゆき	0
やりかけ	0
ゆのみ	3
ゆびわ	0
ゆぶね	1
よづり	1
わかづくり	3
わくぬけ	0
わらいもの	0
あかっけ	0
あげしお	0
あげもの	0
あさのみ	0
あしがため	3
あしで	0
あずけさき	0
あたりさわり	0
あつで	0
あまごい	0
あらなみ	0
いきづかひ	3
いけばな	2
いそば	0
いろか	2
いわしみず	3
うけうり	0
うちあし	0
うちもも	0
うみのおや	5
おおいそがし	3
おおにれ	0
おおはじ	0
おくそこ	0
おしずもう	3
おどろきがお	0
おにはは	0
おやまかせ	3
おれつば	0
おろしどんや	4
かいことば	3
かえどき	0
かえりがけ	0
かきことば	3
かきわけ	0
かざりけ	0
かたりて	0
かみおむつ	4
かれき	0
かわじゃり	0
ききどころ	0
きつねがみ	3
きぼり	0
きりあがり	0
きりきず	2
きりは	0
きりはなし	0
くさいろ	0
くずもち	2
くだりざか	0
くにつくりの	0
くにつくり	3
くりだし	0
くろぬり	0
こしだか	0
こめこうじ	3
ささやきごえ	5
しあわせもの	0
しいれさき	0
しおまわり	3
しずけさ	3
したっぱ	0
しょうこと	0
しるけ	3
しろづくり	3
すそわけ	0
すなぎも	0
すなはこび	3
そとあし	0
たきぎがま	3
たつせ	1
たてや	0
たねつけ	0
たまぎわ	0
だいや	0
つちぼこり	3
てがら	3
てぶね	0
とばり	1
どよめき	0
どろまみれ	3
なおや	0
ななめぎり	0
なふだ	0
なべもの	2
にわき	0
ぬひめ	3
ぬかづけ	0
ぬきぎり	0
ねがお	0
ねこづき	2
ねびえ	0
のばしかけ	0
のぼりざか	0
のみち	1
のりおり	2
はかづくり	3
はざわり	2
はずい	0
はたらきざかり	5
はだかがき	0
はだかぎ	3
はだけ	1
はとば	0
はなっつら	0
はなふぶき	3
はやぐい	0
はらちがい	3
はりはずし	3
はるがすみ	3
はわたり	2
ひざうえ	0
ひとだま	0
ふしぶし	2
ふしまわし	3
ほんめ	1
まえとびら	3
まけいくさ	3
まけぐみ	0
まるごし	0
まるはだか	3
みぎまき	0
みずかさ	0
みずしぶき	3
みずはけ	0
みずやり	0
みせおく	0
みせしめ	0
みみなり	0
めうつり	2
めつぶし	2
めならし	2
もうけばなし	4
もちうま	0
ゆうなみ	0
よばいごえ	4
わざし	2
わりもどし	0
あいいろ	0
あいことば	3
あかおどし	3
あがりがまち	4
あきれがお	0
あげば	0
あげもん	0
あさうえ	0
あさせ	0
あさなわ	0
あしかび	0
あしさぐり	3
あしひき	0
あしまくら	3
あしわ	0
あせだく	0
あたまごなし	4
あぶらかす	4
あまず	0
あまもれ	0
あめあられ	1
あめしぶき	3
あらいもの	0
あらなわ	0
ありったけ	0
いえとじ	0
いけうなぎ	3
いそづり	0
いたみどめ	0
いとあやつり	3
いとほどき	3
いなかぐらし	4
いなかざむらい	4
いなかそだち	4
いもあらい	3
いもあらひ	3
いもがゆ	0
いれぐい	0
いろつや	2
いわいぶくろ	4
うが	1
うきあし	0
うきわ	0
うけはらい	0
うすずみ	0
うちあがり	0
うちまた	0
うつしかえ	0
うなぎぐし	0
うねめづか	3
うばぐるま	3
うぶめ	0
うみのり	0
うめみ	3
うらにわ	0
うりことば	3
うりつけ	0
うりはらい	0
うわずみ	0
えさいれ	2
えささがし	3
えさづくり	3
えだおとし	3
えだかれ	0
おいてきぼり	0
おいめ	0
おおあわて	3
おおぎり	0
おおざら	0
おおづかみ	3
おかっぴき	0
おきぬけ	0
おきみやげ	3
おくりもの	0
おしえぐさ	3
おそだち	0
おとぎばなし	4
おどりば	0
おにごっこ	3
おにばばあ	4
おまつりさわぎ	5
おもざし	0
おもてあみ	0
おんなけ	0
かいこみ	0
かいづかれ	0
かいわれな	4
かえりぎわ	0
かおうつり	3
かおぶれ	0
かさかしげ	3
かたがけ	0
かたこり	2
かたごし	0
かたすかし	3
かたづき	0
かたば	0
かためわざ	0
かたりぐち	0
かたわく	0
かどづけ	0
かねかせぎ	3
かねはり	0
かみだな	0
かみつぶて	3
からっさわぎ	4
かりうけ	0
かりぎぬ	0
かりば	0
かれえだ	0
かれさわ	0
かわらふき	3
かわらやね	4
ききのがし	0
きじがり	0
きってしはらい	4
きめこみ	0
きめだま	0
きやり	0
きりたて	0
きりふだ	2
きれもの	2
くいあげ	0
くいこみ	0
くぐりあらい	4
くさぶき	0
くさみ	3
くさもち	2
くさりあみ	0
くそおやじ	3
くちぶり	0
くつぞこ	0
くびおち	0
くびっぴき	0
くみやしき	3
くもりどめ	0
けあし	0
けなしことば	4
こうさぎ	2
こころおぼえ	4
こごし	0
こごろし	2
こさずけ	2
こしひも	0
こしぼね	0
こしっぽね	0
こしわざ	0
こちらぎし	0
ことばえらび	4
ことばがき	0
ことばづかい	4
ことばづかひ	4
ことばとがめ	4
ことわりがき	0
こばら	0
こぼればなし	4
こまあみ	0
こもれび	3
こわっぱ	2
さおだち	0
さかさかんな	4
さきっぽ	0
さけめ	3
ささげもの	0
ささたけ	0
さしえ	2
さそいあい	0
さむらいくび	3
さらもり	0
しうち	0
しおきば	0
しおさい	0
しかさし	0
しくみづくり	4
したうち	0
したきり	0
したばえ	0
しどころ	0
しながき	0
しなじな	2
しばいづくり	4
しぶみ	3
しぼりじる	4
しまおよぎ	3
しむけ	0
しめわざ	0
しゃれっけ	0
しゃれけ	0
しょっぱみ	0
しりっぱしょり	0
しわす	0
すいがら	0
すじがき	0
すなかぶり	3
すなっぱ	0
すなほこり	3
すみごこち	0
すみず	1
すみだわら	3
すわりごこち	0
すわりなおし	0
すわりびな	4
せおよぎ	2
せめどき	0
せわた	0
そえことば	3
そぎぎり	0
そこね	0
そこびえ	0
そだちざかり	4
そっぱ	1
そろいぶみ	0
たかがり	0
たきつぼ	0
たけかご	0
たけぐし	0
たけなわ	0
たけやぶ	0
たこすみ	0
たずねびと	3
たづな	0
たてうり	0
たてひざ	2
たびしばい	3
たべごたえ	0
たまかずら	3
たまきず	2
たまひろい	3
たまもち	0
ためしうち	0
だきまくら	3
だしがら	0
ちからくらべ	4
ちりぢり	0
つえがわり	3
つかぶくろ	3
つかみどころ	0
つきおし	0
つきぎめ	0
つくりわらい	4
つけづめ	0
つじつまあわせ	5
つちふまず	3
つちほこり	3
つつさき	0
つとめがえり	4
つなづくり	3
つのかくし	3
つみけがれ	3
つみに	0
つみのこし	0
つやくらべ	3
つゆあけ	0
つゆざむ	0
つよび	0
つりいと	0
つりば	0
つりぶね	0
つりぼり	0
てあか	3
てあき	3
てあれ	0
てかがみ	2
てぐすね	2
てごたえ	2
てごたへ	2
てさぐり	2
てざはり	2
てざわり	2
てだま	0
てづまり	2
てどまり	2
てなぐさみ	2
てぬい	0
てぬかり	2
てほどき	2
てまき	0
てもり	0
てゆ	1
でがらし	0
とじめ	0
とぢめ	3
とびかんな	3
とまやね	0
ともえなげ	0
とりおさえ	0
とりそぼろ	3
とりはからい	0
とろろじる	4
どなりごえ	4
どんぶりもの	0
なきがら	0
なきすな	0
なきゆき	0
なげこみ	0
なごりゆき	3
なでがた	0
なでつけ	0
なびき	3
なまにえ	0
なめがい	0
にうり	0
にもの	0
にわいじり	3
ぬきて	0
ぬけだま	0
ぬりわけ	0
ねいき	0
ねうごき	2
ねがかり	0
ねこじやらし	3
ねごと	0
ねふだ	0
ねんねこ	3
のあそび	2
のきうら	0
のきごし	0
のきば	0
のこりかす	4
のざらし	2
のみこみ	0
のやき	0
のらいぬ	0
のりきり	0
はえぬき	0
はがいじめ	0
はきごこち	0
はきだめ	0
はきもの	0
はげさや	0
はごいた	2
はごたえ	2
はさみあげ	0
はしいれ	2
はすむかい	3
はたじるし	3
はたらきづめ	0
はなっさき	0
はなすじ	0
はなひげ	0
はなむら	0
はぬき	3
はねごし	2
ははぎつね	3
はまあそび	3
はまおり	0
はまゆり	2
はめいた	0
はやむき	0
はらいごし	2
はらごしらえ	3
はらちら	0
はらつぱ	1
はらつぎ	0
ひあそび	2
ひあぶり	2
ひきもどし	0
ひざぐるま	3
ひざした	0
ひざまくら	3
ひだりひじ	0
ひとかげ	0
ひとりもん	0
ひもかわ	0
ひやあせ	3
ひやめし	0
ひらあやまり	3
ひらおよぎ	3
ひろまり	0
ふかいり	0
ふかおい	0
ふきつけ	0
ふくれっつら	0
ふくろこうじ	4
ふくわらい	3
ふなうた	2
ふなだまり	3
ふなのり	2
ふみいた	0
ふみば	0
ふもとぜき	3
ふりぬき	0
ふりまい	0
ぶたどん	0
ほおかぶり	3
ほっかぶり	3
ほっかむり	3
まえどり	0
まきじた	0
まきぞえ	0
まきぞい	0
まくらことば	4
まくれ	0
まけおしみ	0
まだらはげ	4
まちがわ	0
まちのり	0
まっさかり	3
まっぱだか	3
まどこし	0
まどごし	0
まむかい	2
まめしぼり	3
まめもやし	3
まるがかえ	3
まるわかり	0
みこしあらい	4
みずたまり	0
みせみせ	2
みだれがみ	3
みづか	0
みとり	0
みみきき	0
むねあき	0
めくばり	2
めつみ	0
めやに	3
もどしいれ	0
もどりうり	0
もどりばし	3
ものもらい	3
もひも	0
もろき	0
もろは	0
やおもて	2
やかたぶね	4
やきむら	0
やじるし	2
やといいれ	0
やどさがり	3
やねうら	0
やねがわら	3
やぶか	0
やぶさめ	0
やますそ	0
やみあがり	0
やみあそび	3
やみなべ	0
やみぶろ	0
やらひ	1
やりぶすま	3
やわらかみ	0
ゆあか	3
ゆうやみ	0
ゆきわらべ	3
ゆけむり	2
ゆでたこ	0
ゆみや	2
よこゆれ	0
よせなみ	0
よたもの	0
よびつけ	0
よびもの	0
よみごろ	0
よめさがし	3
よわび	0
よわみ	3
わかざむらい	3
わかさむらい	3
わぎもこ	0
わたしぶね	4
わびさび	0
わめきごえ	4
わらいどり	0
あいかぎ	0
あいかすり	3
あいがき	0
あいがめ	0
あいくち	0
あいぐすり	3
あいじるし	3
あいすき	0
あいずり	0
あいたけ	0
あいだぐい	0
あいぬの	0
あいねずみ	3
あいのこ	0
あいべや	0
あいむこ	3
あひもち	0
あいもち	0
あいよめ	0
あえごろも	3
あえまぜ	0
あおあじ	2
あおあらし	3
あおいぐさ	3
あおいし	0
あおいまつり	4
あおうま	2
あおうみ	3
あおうるし	3
あおおに	0
あおかぎ	0
あおかけす	3
あおかげ	3
あおかづら	3
あおかずら	3
あおかぶ	0
あおかぶり	3
あおかわ	0
あおがすみ	3
あおがね	0
あおがや	2
あおがり	0
あおがれ	0
あおがわ	0
あおきり	0
あおっきり	0
あおぎつね	3
あおくさみ	0
あおくま	0
あおぐま	0
あおぐみ	0
あおぐも	0
あおぐり	2
あおげ	0
あおごち	0
あおこち	0
あおご	2
あおごけ	0
あおざかな	3
あおざし	0
あおざむらい	3
あおしば	0
あおじま	0
あおじり	0
あおじるし	3
あおす	0
あおすだれ	3
あおずり	0
あおせ	1
あおそ	0
あおそこひ	3
あおぞめ	0
あおたか	0
あおたけ	0
あおだたみ	3
あおだち	0
あおつづら	3
あおつぶ	0
あおとかげ	3
あおとさか	3
あおとびら	3
あおにさい	3
あおにび	0
あおぬの	0
あおねこ	0
あおねずみ	3
あおのけ	0
あおはこ	0
あおはじ	0
あおばね	0
あおばら	0
あおひげ	0
あおび	2
あおふだ	0
あおんぶくれ	0
あおぶさ	0
あおへび	0
あおべか	0
あおまど	0
あおまる	0
あおみず	2
あおみぞれ	3
あおみどり	3
あおみむらさき	5
あおむき	0
あおむらさき	4
あおめ	0
あおもの	2
あおもみじ	3
あおやね	0
あおりいた	4
あおわし	0
あかあざ	0
あかあずき	3
あかいと	0
あかいらか	3
あかいわし	3
あかうし	0
あかうま	2
あかうるし	3
あかえり	0
あかおに	0
あかおろし	3
あかかぎ	0
あかかば	0
あかかび	0
あかがさ	0
あかがれい	3
あけぎぬ	0
あかくすみ	3
あかぐすみ	3
あかくつ	0
あかぐし	0
あかぐま	0
あかぐみ	0
あかぐるま	3
あかこ	0
あかこうじ	3
あかごめ	0
あかささげ	3
あかさび	0
あかざさ	0
あかざや	0
あかしま	0
あかじゃり	0
あかじるし	3
あかすぎ	0
あかすぐり	3
あかすっぽん	3
あかず	0
あかそで	0
あかぞなえ	3
あかたまご	3
あかだし	0
あかだすき	3
あかつきがた	0
あかつきつゆ	5
あかときつゆ	5
あかつくり	3
あかつばき	3
あかつぶ	0
あかづき	0
あかとさか	3
あかとびら	3
あかとり	0
あかとりい	3
あかどこ	0
あかどり	2
あかなし	0
あかなつめ	3
あかに	0
あかにきび	3
あかにしん	3
あかぬの	0
あかぬり	0
あかねいろ	0
あかねぐも	4
あかねこ	0
あかねぞめ	0
あかねぞら	4
あかねだすき	4
あかねばたけ	4
あかの	1
あかのまんま	4
あかはげ	0
あかはこ	0
あかっぱじ	0
あかはじ	0
あかはだ	0
あかはだか	3
あかっぱな	0
あかばかま	3
あかばら	0
あかひき	2
あかひめ	2
あかひも	0
あかび	0
あかびし	2
あかふだ	0
あかふんどし	3
あかぶさ	0
あかぶち	0
あかへび	0
あかべこ	0
あかべよろい	4
あかほろ	0
あかぼかし	0
あかまむし	3
あかまめ	0
あかまま	0
あかみがお	0
あかみず	0
あかみはだ	3
あかみみず	3
あかむけ	0
あかも	0
あかやき	0
あかやね	0
あかうで	0
あかゆで	0
あかりがわり	4
あかりざら	3
あかりばこ	3
あかりまつり	4
あかりまど	4
あかりめぐり	4
あかるたえ	3
あかわく	0
あがたぬし	3
あがたもり	3
あがりうま	3
あがりかいこ	4
あがりくち	0
あがりどめ	0
あがりはな	0
あがりば	0
あがりばた	0
あがりめ	0
あがりや	0
あきあげ	0
あきあわせ	3
あきうえ	0
あきうた	2
あきうんか	3
あきおち	0
あきがお	0
あきがら	0
あきがわき	0
あきがわり	3
あきき	0
あきぐさ	0
あきくち	0
あきくわ	0
あきぐも	3
あきぐもり	3
あきこま	0
あきさむ	0
あきさめ	0
あきざくら	3
あきざら	0
あきだか	2
あきだる	0
あきだわら	3
あきつくえ	3
あきつみかみ	4
あきどまり	0
あきどんぶり	3
あきないうち	0
あきないば	0
あきないぶね	5
あきないめ	3
あきないや	3
あきなつ	0
あきはたけ	3
あきばえ	0
あきばこ	0
あきひめ	2
あきびえ	0
あきびより	3
あきふゆもの	0
あきぶくろ	3
あきぶね	0
あきべや	0
あきまき	0
あきまち	0
あきまゆ	0
あきもの	0
あきやしき	3
あきやすみ	3
あきらめがお	0
あきわく	0
あくあらい	3
あくだまり	0
あくまき	0
あぐらずわり	4
あぐらなべ	4
あぐらばな	0
あけびかご	3
あけびぶくろ	4
あけぼのしだれ	5
あけぼのすぎ	4
あけぼのぞめ	0
あけぼのとら	4
あけぼのふ	4
あげあぶら	3
あげいた	0
あげいと	0
あげいろ	0
あげうた	0
あげおかき	4
あげおろし	0
あげかす	0
あげくび	0
あげころも	0
あげさば	0
あげさんま	3
あげそば	0
あげぞこ	0
あげぞめ	0
あげたか	0
あげたて	0
あげだたみ	3
あげだま	0
あげつぎ	0
あげどこ	0
あげどり	2
あげなす	0
あげなべ	0
あげねぎ	0
あげはま	0
あげひばり	3
あげびたし	0
あげぶた	0
あげぶね	0
あげまき	2
あげまん	0
あげみずら	3
あげや	0
あこがれまつげ	5
あごさき	0
あごつかい	3
あごわかれ	3
あさあけ	0
あさいと	0
あさいり	0
あさおび	0
あさがけ	0
あさがゆ	0
あさがらす	3
あさぎいろ	0
あさざくら	3
あさざむ	0
あさざら	0
あさじう	0
あさすず	0
あさすずみ	3
あさぞら	0
あさだち	0
あさぢがはら	4
あさづけ	0
あさで	0
あさどり	0
あさどんや	3
あさなき	0
あさなぎ	0
あさなべ	0
あさにわ	0
あさはなだ	3
あさばたけ	3
あさひも	0
あさひる	1
あさぶくろ	3
あさぶろ	0
あさべに	0
あさまき	0
あさまだき	3
あさむらさき	4
あさも	0
あさゆ	2
あさりじる	4
あさりまめ	3
あざぎり	0
あざみかげ	4
あしあげ	0
あしいた	0
あしかげ	0
あしかざり	3
あしがき	2
あしがに	0
あしがも	0
あしがらみ	3
あしがわり	3
あしくぎ	0
あしくせ	0
あしくみ	0
あしぐさ	0
あしげ	0
あしごたえ	3
あしさばき	3
あしざま	0
あしざわり	3
あしじろ	0
あしぜめ	0
あしそこ	0
あしぞろえ	3
あしつぼ	0
あしづかい	3
あしづくり	3
あしなか	0
あしならし	3
あしね	0
あしのせ	0
あしのや	0
あしはこび	3
あしはらえ	3
あしばらい	3
あしひれ	0
あしびえ	0
あしまかせ	3
あしまき	2
あしやすめ	3
あしやせ	0
あしわざ	0
あじうつり	3
あじおち	0
あじきき	0
あじさいいろ	0
あじづくり	3
あじどん	0
あじめぐり	3
あじろぎ	3
あじろしぼり	4
あじろとじ	0
あすあさって	4
あずかりさき	0
あずかりだか	4
あずかりふだ	4
あずきこ	3
あずきこおり	4
あずきつぶ	4
あずきなし	3
あずきばば	4
あずけかえ	0
あずけがえ	0
あずけぬし	3
あずけばらい	4
あずさあい	3
あずさゆみ	3
あむづち	2
あずまうた	3
あずまえびす	4
あずまおんな	4
あずまからげ	4
あずまくだり	4
あずまごと	3
あずまみち	3
あせじと	0
あせしみ	0
あせふき	2
あせまけ	0
あせみず	1
あせわき	0
あぜかえし	0
あぜたけ	2
あそばせことば	5
あそびあつかい	4
あそびいくさ	4
あそびいろ	0
あそびうた	3
あそびおんな	4
あそびぎ	3
あそびぐせ	0
あそびげ	3
あそびごと	0
あそびごま	0
あそびざかり	4
あそびざけ	3
あそびしごと	4
あそびずき	0
あそびたべ	0
あそびどころ	4
あそびにわ	0
あそびべや	0
あそびめ	0
あそびもの	0
あたまかざり	4
あたまかぶ	3
あたまだし	0
あたまつぼ	3
あたまはね	0
あたままち	4
あたままわり	4
あたまやすめ	4
あたまわり	0
あたらしごのみ	5
あたらしもの	0
あたりや	0
あだきみ	0
あだけ	3
あだごころ	3
あだざくら	3
あだなさけ	3
あだなみ	0
あだびと	0
あだもの	0
あだや	2
あだゆめ	0
あちめ	1
あちらごのみ	4
あったらもの	0
あつあげ	0
あついた	0
あつぎり	0
あつけずり	3
あつごおり	3
あつづき	0
あつづくり	3
あつぬの	0
あつぬり	0
あつもの	0
あつやき	0
あつやっこ	3
あてぎ	0
あてこすり	0
あてちがい	3
あてつけ	0
あてど	0
あてどめ	0
あてぬの	0
あてはめ	0
あてぶり	0
あてみ	0
あてもの	0
あですがた	3
あといれ	0
あとおさえ	3
あとずれ	0
あとぜめ	0
あとだし	0
あとづけ	0
あとはだ	0
あとばら	0
あとばらい	3
あとまつり	3
あないし	2
あないと	0
あなうさぎ	3
あなかざり	3
あなかず	0
あなかんむり	3
あなごずし	3
あなごそぼろ	4
あなさがし	3
あなそこ	0
あなたまかせ	4
あなつばめ	3
あなぬき	0
あなねらい	3
あなはば	0
あなまわり	3
あにおもい	0
あにがわり	3
あにごろし	3
あにゆずり	3
あによめ	2
あねがみ	0
あねごのみ	3
あねじゃ	0
あねひめ	2
あねむこ	3
あねむすめ	3
あはなち	2
あばずれおんな	5
あばづな	0
あばれうし	3
あばれうま	3
あばれか	3
あばれぐま	4
あばれみず	3
あばれもの	0
あひるおんな	4
あひるずわり	4
あひるたまご	5
あびせげり	0
あびせたおし	0
あふれどめ	0
あぶみや	3
あぶらあし	3
あぶらいため	4
あぶらいり	0
あぶらいれ	3
あぶらうり	3
あぶらえだ	3
あぶらおさえ	4
あぶらおよぎ	4
あぶらぎり	3
あぶらぎれ	0
あぶらぐさ	3
あぶらぐすり	4
あぶらっけ	0
あぶらけ	0
あぶらこげ	0
あぶらこし	3
あぶらさし	0
あぶらざら	3
あぶらしぼり	4
あぶらじみ	0
あぶらそば	4
あぶらだき	0
あぶらつき	0
あぶらつぼ	3
あぶらづけ	0
あぶらでり	0
あぶらとび	0
あぶらとり	3
あぶらどんや	4
あぶらなべ	4
あぶらならし	4
あぶらぬき	0
あぶらはしけ	4
あぶらはだ	3
あぶらび	3
あぶらひかり	4
あぶらふき	3
あぶらぶとり	4
あぶらまみれ	4
あぶらもの	0
あぶらもれ	0
あぶらや	0
あぶらやき	0
あぶらやけ	0
あぶらよい	0
あぶらよごれ	4
あぶらわけ	0
あぶりうなぎ	4
あぶりこ	0
あぶりだし	0
あぶりにく	3
あまあがり	0
あまえことば	4
あまえごえ	4
あまおおい	3
あまがえし	3
あまくずし	3
あまくち	0
あまぐつ	2
あまこうじ	3
あまごろも	3
あまさけ	2
あまざかる	4
あまざらし	3
あまじお	0
あまじる	0
あますがた	3
あますじ	0
あまずら	0
あまそぎ	0
あまだれ	0
あまったれ	0
あまっちょ	0
あまつやしろ	1
あまつゆ	0
あまて	0
あまど	2
あまはだ	0
あまびたい	3
あまぶね	0
あまぼし	0
あまみに	0
あまもん	0
あまもの	0
あまもや	0
あまもよい	3
あまやどり	3
あまよ	2
あめよけ	0
あまよけ	0
あまわた	0
あみいと	0
あみいり	0
あみかけ	0
あみがしら	3
あみがた	0
あみがわ	0
あみぎぬ	3
あみくぐり	3
あみぐち	2
あみこみ	0
あみごし	0
あみだな	0
あみちがい	0
あみづくり	3
あみぬし	2
あみひび	0
あみび	0
あみふるい	3
あみぶくろ	3
あみまど	0
あみやき	0
あめあらし	1
あめいと	0
あめうし	0
あめうらない	3
あめおどり	3
あめかんむり	3
あめがした	3
あめしょぼ	0
あめだき	0
あめつづき	3
あめに	0
あめぬれ	0
あめまじり	3
あめや	0
あやいと	0
あやおどり	3
あやごろも	3
あやすぎ	2
あやつりしばい	5
あやとび	3
あやにしき	3
あやひと	2
あやぶね	0
あやめぐさ	3
あゆい	0
あゆうり	2
あゆみあい	0
あゆみあし	3
あゆみいわい	4
あゆみひも	3
あゆやき	0
あらいあがり	0
あらいあげ	0
あらいいけ	3
あらいおけ	4
あらいかえ	0
あらいがえ	0
あらいがみ	0
あらひがみ	0
あらいごこち	0
あらいざらし	0
あらいじみ	0
あらいじる	4
あらいすすぎ	0
あらいぜき	2
あらいたて	0
あらいだし	0
あらいなおし	0
あらいねぎ	4
あらいのこし	0
あらいのこり	0
あらいば	0
あらいみず	2
あらいむら	0
あらいわ	0
あらうま	0
あらえびす	3
あらえり	0
あらおどり	3
あらおり	0
あらかす	0
あらかべ	0
あらきざみ	3
あらぎも	0
あらくれおとこ	5
あらぐい	0
あらごみ	0
あらごも	0
あらさばき	3
あらしお	0
あらじお	0
あらしこ	3
あらしごと	3
あらそいごと	0
あらそひごと	0
あらたえ	0
あらたまり	0
あらためかた	0
あらだき	0
あらづくり	3
あらと	0
あらどり	0
あらぬか	0
あらぬの	0
あらぬり	0
あらばしり	3
あらひと	2
あらぼとけ	3
あらぼり	0
あらむしろ	3
あらもみ	0
あらやすり	3
あらゆ	0
あられいか	3
あられぎり	0
あらわしわけ	0
ありあい	0
ありあわせ	0
ありぎれ	0
ありそみ	0
ありどころ	3
あるきぐせ	0
あるきごこち	0
あるきたび	3
あるきづかれ	0
あるきづめ	0
あるきみこ	4
あれうみ	0
あれかわ	0
あれくさ	0
あれしし	0
あれだま	0
あれどめ	0
あれにわ	0
あれはだ	0
あれみち	0
あわあぶら	3
あわあらい	3
あわおとこ	3
あわぎれ	0
あわけし	0
あわじろい	4
あわせうま	3
あわせおび	4
あわせかぎ	3
あわせがし	0
あわせぎぬ	4
あわせず	3
あわせつぎ	0
あわせづかい	4
あわせづめ	3
あわせなおし	0
あわせに	0
あわせもり	0
あわせやき	0
あわせわざ	0
あわだま	0
あわつぶ	3
あわてがお	0
あわてもの	0
あわと	1
あわぬか	0
あわばた	0
あわひめ	2
あわびがい	3
あわびたけ	3
あわびむすび	4
あわべに	0
あわまじり	3
あわむすめ	3
あわもち	2
あんぎん	0
いあがり	0
いあき	0
いいあわせ	0
いいおくり	0
いいぐさ	0
いひぐさ	0
いいすごし	0
いいちがい	0
いいつぎ	0
いいなずけ	0
いいならわし	0
いいぬけ	0
いいね	0
いいのがれ	0
いひのがれ	0
いいひらき	0
いいもらし	0
いえいぬ	0
いえうさぎ	3
いえかげ	0
いえがた	0
いえがまえ	3
いえがみ	0
いえだぬき	3
いえつき	0
いえづと	0
いえなみ	0
いえねずみ	3
いえぶた	0
いえへび	0
いえめし	0
いえわらわ	3
いおがめ	0
いおどめ	0
いおりあと	4
いかさまし	4
いかしどり	0
いかしほ	3
いかずちまつり	4
いかだつり	0
いかだながし	4
いかだやど	4
いかのぼり	3
いかりいし	3
いかりがお	0
いかりづな	3
いかりづら	0
いかりまかせ	4
いがもち	2
いきあじ	2
いきうお	2
いきうま	0
いきえさ	0
いきえび	2
いきおいまかせ	5
いきかえり	0
ゆきかえり	0
いきがお	0
いきがかり	0
ゆきがかり	0
いきがみ	2
いきぎも	0
いきぐせ	0
いきごえ	0
いきさらし	0
いきざかな	3
いきざし	0
いきしぶり	0
いきじお	0
いきじめ	0
いきだおれ	0
ゆきだおれ	0
いきだま	0
ゆきちがい	0
いきちがい	0
いきづくり	3
ゆきて	0
いきどころ	0
いきどめ	0
いきのね	1
いきはじ	0
いきぼとけ	3
いきみち	0
いきみのがし	4
いきもれ	0
いきやすめ	3
いきわかれ	0
いきわたり	0
いくさがみ	3
いくささわぎ	4
いくさしのび	4
いくさばたらき	4
いくさゆ	3
いくすじ	1
いくび	1
いぐい	0
いぐし	1
いぐり	0
いけあと	0
いけかえ	0
いけこみ	0
いけごえ	0
いけじめ	0
いけづくり	3
いけづつみ	3
いけどの	0
いけにわ	0
いけぽちゃ	0
いけむこう	3
いけもの	2
いこみ	0
いさな	0
いさみはだ	3
いざお	0
いざりあし	3
いしあつめ	3
いしあな	0
いしいるか	3
いしおと	0
いしおとし	3
いしかげ	0
いしかず	0
いしかわら	3
いしがこい	3
いしがに	0
いしぎつね	3
いしくず	0
いしくれ	0
いしぐら	0
いしぐわ	0
いしことば	3
いしごろも	3
いしざら	0
いしじい	3
いしずり	0
いしたたき	3
いしだき	0
いしだな	0
いしつぶて	3
いしつぼ	0
いしづくえ	3
いしどりい	3
いしなご	0
いしなし	2
いしはこび	3
いしはだ	0
いしばり	0
いしぶろ	0
いしほこら	3
いしぼとけ	3
いしぼり	0
いしまくら	3
いしまめ	0
いしみや	0
いしやき	0
いしやど	0
いしやり	0
いしゆ	0
いしゆか	0
いしゆみ	0
いしわく	0
いじめことば	4
いじりもの	0
いずとも	0
いずみどの	0
いそあそび	3
いそがに	0
いそがね	0
いそざお	0
いそづくり	3
いそなみ	0
いそね	0
いそはま	0
いそばた	0
いそふり	0
いそぶり	0
いそぶし	0
いそぶね	0
いそべら	0
いそもの	0
いそやき	0
いそやけ	0
いたあつ	0
いたいし	2
いたかぶ	2
いたがこい	3
いたがしら	3
いたぐみ	0
いたけずり	3
いたご	0
いたざら	0
いたじき	0
いたじとみ	3
いたじめ	0
いたずらがき	0
いたずらごころ	5
いたせき	0
いただきもち	4
いただたみ	3
いたちがい	3
いたちふで	3
いたづくり	3
いたとびら	3
いたど	2
いたのり	0
いたはね	0
いたはば	0
いたば	0
いたひき	0
いたびき	0
いたぶり	0
いたまえ	0
いたまげ	0
いたみどころ	0
いたみわけ	0
いためあげ	0
いためあぶら	4
いためおにぎり	5
いためがわ	3
いためじお	3
いためじる	4
いためなべ	4
いために	0
いためねぎ	4
いためびたし	0
いためむし	0
いためやき	0
いためゆで	0
いたよせ	0
いたわく	0
いたわさ	0
いたわりごころ	5
いだしうちき	4
いちごいろ	0
いちごおはぎ	5
いちごじた	3
いちごばたけ	4
いちのかみ	3
いちのつかさ	1
いちひじり	3
いちびと	0
いちまつり	3
いちもち	2
いつきのみや	0
いつぎ	0
いづつ	1
いてづる	3
いてばな	2
いとあめ	2
いといり	0
いとうねり	3
いとおどし	3
いとおり	0
いとかがり	3
いとかた	2
いとかつお	3
いとがつお	3
いとぐるま	3
いとこちがい	4
いとさばき	3
いとさめ	0
いとすじ	2
いとぞこ	0
いとぞめ	0
いとだま	0
いとつぎ	2
いとつむぎ	3
いとづくり	3
いととおし	3
いとどんや	3
いとね	2
いとねぎ	0
いとのこ	0
いとはし	0
いとはば	0
いとひめ	2
いとひも	0
いとふり	0
いとほし	0
いとむすび	3
いとやなぎ	3
いとよれ	0
いとわく	0
いどみどころ	4
いなかおんな	4
いなかがえる	4
いなかけ	2
いなかことば	4
いなかしばい	4
いなかじじい	5
いなかじま	0
いなかずまい	4
いなかずもう	4
いなかそば	4
いなかっぺ	5
いなかでら	0
いなかねずみ	4
いなかばなし	4
いなかまわり	4
いなかむすめ	4
いなかむら	0
いなかめぐり	4
いなかもり	0
いなかや	3
いなぎく	2
いなぐい	0
いなぐら	0
いなすずめ	3
いなずまがた	0
いなづか	0
いなふね	0
いなむぎ	2
いなむら	0
いなりずし	3
いなりづつみ	4
いなりまつり	4
いぬいぬ	2
いぬうらない	3
いぬおやじ	3
いぬがお	0
いぬがや	2
いぬくい	0
いぬぐい	0
いぬくぎ	2
いぬくぐり	3
いぬっころ	4
いぬざくら	3
いぬざむらい	3
いぬじらし	3
いぬじるし	3
いぬずわり	3
いぬぞく	2
いぬぞり	0
いぬたわけ	3
いぬだま	0
いぬつくり	3
いぬづら	0
いぬとも	0
いぬどし	0
いぬなべ	0
いぬふせぎ	3
いぬぶえ	0
いぬぶた	0
いぬや	2
いぬやしき	3
いぬやらい	3
いねかけ	2
いねたば	2
いねづくり	3
いねもみ	3
いのこずち	3
いのちくぎ	3
いのちげ	3
いのちなが	3
いのりごと	0
いはだ	0
いびきどめ	0
いぶし	0
いぶしがわら	4
いまかの	0
いまことば	3
いまさっき	3
いまむかし	0
いまわ	0
いまわり	0
いみがみ	0
いみき	1
いみことば	3
いみこもり	3
いみごと	2
いみづき	2
いみはしら	3
いみび	2
いもあじ	2
いもあらし	3
いもうとおとうとねこ	8
いもうとおもい	5
いもうとねこ	5
いもうとひめ	4
いもうとむこ	5
いもがしら	3
いもがら	0
いもなわ	0
いもに	0
いもの	0
いもへ	0
いもめし	0
いやして	0
いやしねこ	4
いやふき	0
いらか	0
いらむし	2
いりあや	0
いりかわ	0
いりがね	0
いりぎは	0
いりぎわ	0
いりごめ	2
いりざけ	2
いりしお	0
いりずみ	0
いりすみ	0
いりたて	0
いりはま	0
いりひ	0
いりびたり	0
いりほり	0
いりまえ	3
いりむぎ	3
いりめ	0
いりもや	0
いれかけ	0
いれがみ	0
いれくち	0
いれげ	0
いれちがい	0
いれちがえ	0
いれば	0
いれひも	0
いれふだ	0
いれぼくろ	3
いれめ	0
いれわた	0
いろあそび	3
いろあて	0
いろいし	2
いろいた	0
いろいと	0
いろうつり	3
いろうるし	3
いろえらび	3
いろおとこ	3
いろおんな	3
いろかけ	0
いろかず	3
いろかたち	3
いろかぶり	3
いろがわり	3
いろきち	0
いろぎぬ	3
いろくずれ	3
いろぐすみ	0
いろぐるい	3
いろけ	3
いろこい	2
いろごのみ	3
いろさし	0
いろざかり	3
いろじかけ	3
いろすな	2
いろぞえ	0
いろぞろえ	3
いろたび	0
いろちがい	3
いろづかい	3
いろづき	0
いろつき	0
いろづくり	3
いろなじみ	3
いろね	2
いろはうた	3
いろはがな	3
いろはば	2
いろばけ	0
いろばなし	3
いろふし	2
いろべた	0
いろぼかし	0
いろぼけ	0
いろまち	2
いろまゆ	0
いろみず	2
いろみづかい	4
いろむし	2
いろりだな	0
いろりばた	0
いろりび	3
いわあな	0
いわいがえし	4
いわいことば	4
いわいそ	2
いわいまい	0
いわいみず	2
いわいもち	2
いわがね	0
いわがわ	0
いわくず	0
いわくずれ	3
いわくら	0
いわしうり	3
いわしぐも	4
いわしどんぶり	4
いわしにく	3
いわしぶし	0
いわしや	3
いわたおび	4
いわだたみ	3
いわだな	0
いわづくり	3
いわづら	0
いわなだれ	3
いわのぼり	3
いわはだ	0
いわばし	0
いわひ	0
いわぶえ	0
いわぶろ	0
いわみち	2
いわみね	2
ういご	0
うえあな	0
うえいたみ	0
うえこみ	0
うえしろ	0
うえすみ	0
うえつかた	0
うえどき	0
うえのはかま	6
うえびと	0
うえまつげ	3
うえめ	0
うおかぎ	0
うおがし	0
うおごころ	3
うおつき	0
うおなお	0
うおに	0
うおにかわ	3
うおぶし	0
うおやな	0
うかか	1
うかしぼり	0
うかれごえ	4
うかれざくら	4
うかればやし	4
うかれぶし	0
うかれもの	0
うきいし	0
うきいた	0
うきいと	0
うきおとし	0
うきおり	0
うきかす	0
うきがし	0
うきぎ	0
うきぐさ	0
うきこ	0
うきごし	0
うきごま	0
うきごみ	0
うきした	0
うきしろ	0
うきじかけ	3
うきたま	0
うきだま	0
うきどの	0
うきなの	0
うきながし	0
うきに	0
うきね	0
うきふね	0
うきまくら	3
うきみ	1
うきめ	0
うきも	0
うきやね	0
うきゆか	0
うきゆび	0
うぐいすかずら	5
うぐいすこ	4
うぐいすづか	4
うぐいすな	4
うぐいすばり	0
うぐいすまめ	4
うぐいすもち	4
うけくらべ	0
うけつき	2
うけつぶし	0
うけとい	2
うけながし	0
うけふね	0
うけら	0
うごきづくり	4
うごろもち	3
うさぎうま	3
うさぎがら	0
うさはらし	3
うさばらし	3
うしおじる	4
うしおに	0
うしおんな	3
うしかた	0
うしがお	0
うしがら	0
うしくま	0
うしくわ	0
うしぐるま	3
うしごろし	3
うしせり	0
うしたわけ	3
うしだま	0
うしつき	2
うしとら	0
うしどし	0
うしなべ	0
うしみつ	0
うしろあき	0
うしろあたま	4
うしろえり	0
うしろおく	4
うしろおし	0
うしろがわ	0
うしろきず	0
うしろくび	3
うしろげ	0
うしろささえ	4
うしろざし	0
うしろすそ	0
うしろそで	3
うしろだき	0
うしろだて	0
うしろだま	0
うしろつぼ	3
うしろとんぼ	4
うしろど	3
うしろななめ	5
うしろならび	4
うしろのめり	4
うしろはし	0
うしろはば	3
うしろばね	0
うしろひも	3
うしろまえ	3
うしろまき	0
うしろまち	4
うしろまわし	4
うしろみみ	0
うしろむすび	4
うしろもれ	0
うしわく	0
うじこ	0
うじころし	3
うじたま	0
うじのかみ	1
うじやしろ	3
うすあい	0
うすあお	0
うすあきない	4
うすあげ	0
うすいた	0
うすがすみ	3
うすがた	0
うすがね	0
うすがみ	0
うすがゆ	0
うすぎぬ	0
うすくず	0
うすくち	0
うすけずり	0
うすげ	0
うすじお	0
うすだま	0
うすづき	0
うすつき	0
うすづくり	3
うすづけ	0
うすなさけ	3
うすなべ	0
うすにび	0
うすぬり	0
うすはだ	0
うすはなだ	3
うすび	0
うすびき	0
うすべり	0
うすまき	0
うすまゆ	0
うすみ	0
うすみどり	3
うすむらさき	4
うすもや	0
うすやき	0
うすれび	3
うずいと	0
うずき	3
うずしお	0
うずながれ	3
うずみひ	3
うずらふ	3
うずらまめ	3
うせもの	0
うそごと	0
うそはったり	1
うそばなし	3
うそよみ	0
うたあそび	3
うたいおこし	0
うたいがえし	4
うたいこみ	0
うたいぞめ	0
うたいて	0
うたいまね	0
うたいめ	0
うたいもの	0
うたいり	0
うたいれ	0
うたうたい	3
うたうら	0
うたおんな	3
うたかた	0
うたがたり	3
うたがら	0
うたき	1
うたぎれ	0
うたぐり	0
うたことば	3
うたごころ	3
うたざわ	0
うたぜき	2
うたづくり	3
うたぬき	0
うたぶくろ	3
うたまくら	3
うたまつり	3
うたまね	0
うため	0
うちあい	0
うちあわび	3
うちいり	0
うちいわい	3
うちうとぅ	0
うちおおい	3
うちおこし	0
うちかい	0
うちかぎ	0
うちかくし	3
うちかけ	0
うちかず	0
うちかね	0
うちかぶと	3
うちがい	0
うちがき	0
うちがし	0
うちがたな	3
うちがま	0
うちぎ	0
うちきり	0
うちくい	0
うちくるぶし	4
うちぐり	0
うちぐるわ	3
うちけし	0
うちごこち	0
うちそ	0
うちそで	0
うちたんぽ	3
うちだき	0
うちちがい	0
うちつおみ	3
うちつぎ	0
うちとおし	0
うちなべ	0
うちに	0
うちぬき	0
うちのし	0
うちはま	0
うちはらい	0
うちはり	0
うちばこ	0
うちばらい	3
うちばり	0
うちひだ	0
うちひも	2
うちびらき	3
うちぶくろ	3
うちぶた	0
うちぶところ	3
うちほめ	0
うちまえ	0
うちまご	0
うちまめ	2
うちまわし	0
うちまわり	3
うちみせ	0
うちめ	3
うちもの	2
うちもらし	0
うちゆ	0
うちわく	0
うちわたり	3
うちわに	0
うちわまつり	4
うちわり	0
うつしあやまり	0
うつしいれ	0
うつしくに	3
うつしつづり	4
うつしぼり	0
うつしみ	0
うつしもれ	0
うつせがい	3
うつせみ	0
うつせみぶえ	4
うつぶし	0
うつぼかずら	4
うつぼぐさ	3
うつぼざる	4
うつむきざま	0
うつむけ	0
うつりがえ	0
うつりゆき	0
うつわづかい	4
うづえ	1
うづち	1
うでかざり	3
うでくらべ	3
うでげ	0
うでずもう	3
うでたて	0
うでだて	0
うでだめし	3
うでぢから	3
うでつり	0
うでとかげ	3
うでまくら	3
うでまくり	3
うでまわり	3
うでもと	0
うでわ	0
うどし	0
うどねり	2
うなぎおとこ	4
うなぎがわ	0
うなぎじる	4
うなぎまつり	4
うなじがわ	0
うなじげ	3
うなじそり	3
うなて	1
うなとろ	0
うなみ	1
うなりいた	3
うなりぎ	3
うにかけ	0
うにくらげ	3
うにとり	0
うねあげ	0
うねおり	0
うねかず	2
うねぐも	0
うねだか	2
うねはば	2
うねめ	0
うねめの	0
うばいし	2
うばいぬ	0
うばがみ	0
うばがもち	3
うばぎつね	3
うばざくら	3
うばすて	0
うぶがみ	0
うぶすな	0
うまいかだ	3
うまうま	2
うまうり	2
うまおさ	0
うまがい	2
うまがえし	3
うまがお	0
うまがた	0
うまがみ	0
うまがわ	0
うまくち	0
うまぐら	0
うましお	0
うまじるし	3
うまぞい	0
うまそり	0
うまぞり	0
うまぞろえ	3
うまたわけ	3
うまつかさ	1
うまつなぎ	3
うまどき	0
うまどし	0
うまどめ	0
うまのほね	5
うまばえ	2
うまばしら	3
うまびしゃく	3
うまふせぎ	3
うまぶね	0
うままわり	3
うまみせ	0
うまや	0
うまよろい	3
うまれかけ	0
うまれたて	0
うまれつき	0
うまれなおし	0
うまわらじ	3
うみあそび	3
うみいろ	0
うみおや	0
うみぎり	2
うみぎわ	0
うみくら	0
うみさち	0
うみじゃり	0
うみたて	0
うみづり	0
うみにきび	3
うみにな	0
うみのこ	0
うみばた	0
うみびらき	3
うみっぷち	0
うみぶち	0
うみほおずき	3
うみまつ	2
うみむこう	3
うみむし	2
うみより	0
うむぎ	0
うめあえ	0
うめあじ	2
うめおにぎり	4
むめがえ	0
うめがさね	3
うめかつお	3
うめがつお	3
うめがめ	0
うめがら	0
うめくさ	0
うめごよみ	3
うめしお	0
うめじるし	3
うめそば	0
うめたたき	3
うめづけ	0
うめに	0
うめばたけ	3
うめまつり	3
うめむすめ	3
うもり	1
うもれげ	3
うもれみず	3
うらあて	0
うらあな	0
うらあみ	0
うらいた	0
うらえり	0
うらかぜ	2
うらがみ	0
うらぎく	2
うらぎぬ	3
うらけ	0
うらこうじ	3
うらごめ	0
うらさめ	0
うらさや	0
うらすじ	0
うらとびら	3
うらどなり	3
うらないば	0
うらぬけ	0
うらねた	0
うらば	0
うらばたけ	3
うらぶくろ	3
うらべや	0
うらほり	0
うらぼし	2
うらみごころ	4
うらみじに	0
うらみぶし	0
うらむき	0
うらもの	0
うらもも	0
うりあおり	0
うりあびせ	0
うりいえ	0
うりうり	2
うりかけ	0
うりくずし	0
うりくち	0
うりぐい	0
うりぐすり	3
うりけはい	3
うりさばき	0
うりざね	0
うりたち	0
うりたて	0
うりつくり	3
うりつなぎ	0
うりどき	0
うりどめ	0
うりにげ	0
うりぬけ	0
うりね	0
うりのせ	0
うりばたけ	3
うりび	2
うりまし	0
うりまつり	3
うりむき	0
うりもと	0
うるうづき	2
うるうどし	2
うるおいはだ	3
うるしいと	4
うるしいろ	0
うるしかぶれ	4
うるしがみ	0
うるしぬり	0
うるしばけ	3
うるしばし	0
うるしまけ	0
うるしやぐら	4
うるもち	0
うれあし	0
うれいがお	0
うれくち	0
うれしなみだ	4
うれだか	0
うれむぎ	0
うろこがた	0
うろこがら	0
うわうち	0
うわおき	0
うわおそい	3
うわおび	0
うわかぜ	0
うわかた	0
うわがけ	0
うわがみ	0
うわがり	0
うわぐつ	0
うわげ	0
うわごと	0
うわさずき	0
うわざし	0
うわしき	0
うわじき	0
うわだな	0
うわっぱり	0
うわつぱり	0
うわつち	0
うわつゆ	0
うわづつみ	3
うわに	0
うわのり	0
うわばり	0
うわび	0
うわぶた	0
うわまえ	0
うわまぶた	3
うわみ	0
うわもの	0
えいごと	0
えいなき	0
ゑひなき	0
えおとめ	2
えかがみ	2
えがま	0
えきだれ	0
えぐりほり	0
えぐわ	0
えさあつめ	3
えさおけ	0
えさかけ	0
えさがわり	3
えさざら	0
えさぶくろ	3
えせもの	0
えせよみ	0
えたがしら	3
えたまち	2
えたみち	2
えだうち	0
えだうめ	0
えだえだ	2
えだおれ	0
えだかげ	0
えだかさ	0
えだかず	3
えだがわ	0
えだがわり	3
えだきり	0
えだぎ	0
えだげ	0
えださき	0
えださわ	0
えだす	0
えだたな	0
えだづかい	3
えだづくり	3
えだづの	0
えだなわ	0
えだね	0
えだはば	0
えだはらい	3
えだはり	0
えだぶね	0
えだぼうき	3
えだみち	0
えだもの	0
えだわたり	3
えつぼ	1
えとい	0
えびあし	0
えびあられ	3
えびいろ	0
えびかげ	0
えびかま	0
えびすうた	3
えびぜめ	0
えびぞめ	0
えびどんや	3
えびめし	0
えびめばる	3
えまゆ	0
えらあな	0
えりうら	0
えりかけ	2
えりかざり	3
えりかた	2
えりがわ	0
えりくず	3
えりぐり	0
えりごのみ	0
よりごのみ	0
えりたけ	2
えりたて	0
えりぬき	0
よりぬき	0
えりはば	2
えりひも	0
えりやな	0
えりよごれ	3
えんがた	0
おあし	0
おいあみ	0
おいかた	0
おいがき	0
おいがし	0
おいかつお	3
おいがつお	3
おいがね	0
おいき	0
おいきり	0
おいくらべ	3
おいごえ	0
おいさき	0
おいたち	0
おいたて	0
おいづき	0
おいてけぼり	0
おいぬ	0
おいぬき	0
おいばね	0
おいばら	0
おいばらい	3
おいびと	0
おいひと	0
おいひも	1
おいみず	0
おいやま	0
おいらく	0
おいらんぐも	5
おうぎうり	3
おうぎがみ	3
おうぎがら	0
おうぎどんや	4
おうす	2
おうてくるわ	4
おうふすま	3
おおあか	0
おおあくび	3
おおあらし	3
おおあり	0
おおいの	0
おおいかだ	3
おおいかぶせ	0
おほいそ	1
おおいつち	3
おおいづかさ	4
おおいぬの	3
おおいのかみ	4
おおいばこ	3
おおいびき	3
おおいもの	0
おおいや	0
おおいらつこ	4
おおいらつめ	4
おおいれ	0
おおうた	1
おおうちぎ	3
おおうつし	3
おおうなぎ	3
おおうま	0
おおかご	0
おおかし	3
おおかみおんな	5
おおがお	0
おおがち	0
おおがつお	3
おおがに	0
おおかめ	0
おおがめ	0
おおがらす	3
おおきさき	3
おおくくり	3
おおくじら	3
おおくだ	0
おおくび	0
おおくらげ	3
おおぐま	0
おおぐわ	0
おおけやき	3
おおごい	0
おおごま	0
おおさかずき	3
おおさび	0
おおざめ	0
おおざらい	3
おおざらえ	3
おおざる	0
おおしけ	0
おおしゅうと	3
おおじき	0
おおじり	0
おおせごと	0
おおぜり	0
おおぞこ	0
おおたて	0
おおだぬき	3
おおたぬき	3
おおたまご	4
おおだすかり	3
おおだま	0
おおだる	0
おおつづみ	3
おおづくえ	3
おおづくり	3
おおづつ	0
おおでき	0
おおとねり	3
おおとら	0
おおとろ	0
おおどんぶり	0
おおなぎ	0
おおなつ	0
おおなまず	3
おおなみ	0
おおなり	0
おおなわ	0
おおにじ	0
おおねずみ	3
おおのり	0
おおはか	0
おおはずれ	3
おおはまり	3
おおはらい	3
おおはらえ	3
おおばかり	3
おおばば	0
おおばり	0
おおふさがり	3
おおふで	0
おおぶくろ	3
おおぶさ	0
おおぼね	0
おおほね	0
おおます	0
おおみけ	0
おおみたから	4
おおむこう	3
おおむじな	3
おおやけごと	0
おおやけど	3
おおやけばら	0
おおよろい	3
おおわけ	0
おおわざ	0
おかがみ	0
おかき	2
おかげおどり	4
おかげまつり	4
おかしら	0
おかすそ	0
おかずづくり	4
おかずのさかな	0
おかた	0
おかづり	0
おかなみ	0
おかぶ	1
おかまわり	3
おかもち	0
おかやき	0
おかゆ	0
おからづめ	0
おからに	0
おかわ	0
おきあげ	0
おきいけ	0
おきいそ	0
おきかさご	3
おきがけ	0
おきがた	0
おきがわ	0
おきくち	2
おきぐすり	3
おきぐも	0
おきさお	0
おきざま	0
おきすき	0
おきたま	0
おきだたみ	3
おきつち	0
おきづり	0
おきどこ	0
おきなあそび	4
おきなさび	3
おきなびな	4
おきなまい	3
おきなます	3
おきなみ	0
おきなゆずり	4
おきなわたし	4
おきばな	0
おきび	0
おきぶみ	0
おきべ	0
おぎよし	2
おくいり	0
おくえり	0
おくか	1
おくがけ	0
おくじまり	0
おくづけ	0
おくづめ	0
おくにわ	0
おくねぎ	0
おくひだり	1
おくびろ	0
おくふところ	4
おくみぎ	1
おくみはば	3
おくむき	0
おくゆるし	3
おくりいぬ	3
おくりおおかみ	4
おくりおもり	4
おくりがわ	0
おくりたおし	0
おくりて	0
おくりぬし	3
おくりねじ	4
おくりびと	3
おくれおくれ	4
おぐし	1
おぐるま	2
おけうり	2
おけかぶり	3
おけがい	0
おけがわり	3
おけごし	0
おけたらい	3
おけたる	0
おけぶろ	0
おけらび	3
おけらまいり	4
おこぜぐみ	0
おこないびと	3
おさえぎ	3
おさえこみ	0
おさえわく	3
おさがめ	0
おさげがみ	3
おさし	2
おさつ	2
おさとおし	0
おさなごこち	4
おさなごころ	4
おさなざくら	4
おさめどの	0
おしあい	0
おしいた	0
おしいろ	0
おしえがい	0
おしおいとり	3
おしおくり	0
おしがし	0
おしがた	0
おしがり	0
おしき	0
おしきず	0
おしきり	0
おしくら	0
おしぐま	0
おしごこち	0
おしさげ	0
おしずし	2
おしちがい	0
おしなみ	0
おしならし	0
おしはかり	0
おしひき	2
おしぶた	0
おしぶね	0
おしむすめ	3
おしもの	0
おしろいやけ	0
おしわ	0
おしわり	0
おじおば	0
おじがわり	3
おじけ	0
おじこ	0
おすあり	0
おすうさぎ	3
おすうし	0
おすかわうそ	3
おすがえる	3
おすがに	0
おすきじ	0
おすぎつね	3
おすくじら	3
おすくに	2
おすこおろぎ	3
おすざる	0
おすばち	2
おすひつじ	3
おすへび	0
おずれ	0
おせおせ	0
おそあがり	3
おそあるき	3
おそうまれ	3
おそざき	0
おそじも	0
おそで	0
おそね	0
おそば	0
おそまき	0
おそり	0
おぞけ	0
おたふくがお	0
おたふくまめ	4
おだき	1
おちあわ	0
おちうお	2
おちうど	2
おちゅうど	2
おちかた	0
おちぎわ	0
おちこぼし	0
おちしお	0
おちつばき	3
おちのこし	0
おちはぜ	0
おちびと	0
おちぶな	3
おちむら	0
おちもの	3
おってがき	0
おっとがた	0
おっとごろし	4
おっとばなれ	4
おっとまかせ	4
おっぽ	3
おづつ	1
おてしょ	2
おとあそび	3
おとあつめ	3
おとあて	0
おとあわせ	3
おといれ	0
おとうとおもい	5
おとうとかぜ	4
おとうとがみ	4
おとうとみや	4
おとうとよめ	4
おとがわり	3
おとぎめ	0
おとこあそび	4
おとこいわ	3
おとこうけ	0
おとこうた	3
おとこえらび	4
おとこおどり	4
おとこおび	4
おとこかみ	3
おとこがた	0
おとこがわ	0
おとこぎらい	4
おとこぐるい	4
おとこぐるま	3
おとこことば	4
おとこごころ	4
おとこざかり	4
おとこじる	4
おとこすがた	4
おとこだて	0
おとこつめ	3
おとこぬき	4
おとこぬり	0
おとこばかま	4
おとこばら	0
おとこぶろ	0
おとこまかせ	4
おとこまさり	4
おとこまつり	4
おとこみこ	4
おとこみち	3
おとこむすび	4
おとこめかけ	4
おとこめし	0
おとこもち	0
おとこやもめ	4
おのこやもめ	4
おとさがし	3
おとしざし	0
おとしだね	4
おとしどころ	0
おとしのこし	0
おとしばなし	4
おとしみ	0
おとしみず	3
おとぜめ	0
おとだて	0
おとだま	0
おととび	0
おととり	0
おとなあつかい	4
おとないろ	0
おとながい	0
おとながわ	0
おとなにきび	4
おとなぶろ	4
おとなべや	0
おとなみこし	4
おとなやしき	4
おとはば	0
おとめご	3
おとめづか	3
おともれ	0
おとりかご	3
おとりばこ	3
おとりばら	0
おとりぶえ	3
おとわれ	0
おどけがお	0
おどけしばい	4
おどしばなし	4
おどしよろい	4
おどりうた	3
おどりおさめ	0
おどりぐい	0
おどりぐし	3
おどりて	0
おどりみ	0
おどりやき	0
おどろきもの	0
おなかがわ	0
おなごくされ	4
おなみ	1
おなわ	0
おにあざみ	3
おにあせ	0
おにおい	0
おにおけ	0
おにおどし	3
おにかさご	3
おにかわ	0
おにがお	0
おにがら	0
おにがわら	3
おにぐい	0
おにぐも	0
おにころし	3
おにごろし	0
おにしぼ	0
おにしゅうとめ	3
おにじ	0
おにば	2
おにむすめ	3
おにめ	0
おにやらい	3
おにやらひ	3
おによめ	2
おねしょあと	4
おのつま	0
おのづくり	3
おはぎ	2
おはせ	0
おはらぶし	0
おはらめ	0
おばち	1
おばり	0
おひれ	1
おびいた	0
おびいわい	3
おびうら	0
おびえがお	0
おびおや	0
おびかざり	3
おびかわ	0
おびがね	0
おびがみ	0
おびがら	0
おびがわり	3
おびくるわ	3
おびさし	0
おびしろ	0
おびすがた	3
おびだま	0
おびとり	0
おびはば	0
おびひも	1
おびまき	0
おびまくら	3
おびむすび	3
おびもの	3
おびやま	0
おぶし	1
おぶと	0
おぼえたて	0
おぼしめし	0
おぼれじに	0
おぼれだに	3
おぼろぐも	4
おぼろよ	3
おまち	1
おまつ	1
おまわりぼけ	0
おむす	2
おむすび	2
おむつはずし	4
おもいあたり	0
おもいがい	0
おもひがひ	0
おもいすごし	0
おもいづま	4
おもいなかば	6
おもいなし	0
おもひなし	0
おもいのこし	0
おもいのたけ	6
おもいめ	0
おもがわり	3
おもざら	0
おもし	0
おもしいし	3
おもしがわり	4
おもしろかえる	5
おもしろばなし	5
おもだち	0
おもちゃえらび	4
おもちゃがわり	4
おもちゃづくり	4
おもづかい	3
おもてうた	3
おもてうち	0
おもてえり	0
おもてかた	0
おもてがき	0
おもてがまえ	4
おもてぎ	3
おもてだな	0
おもてとびら	4
おもてど	3
おもてな	0
おもてにわ	0
おもてぬの	3
おもてふた	3
おもてぶくろ	4
おもてぼり	0
おもてめ	0
おもなが	0
おもみがけ	0
おもやつれ	3
おもわくちがい	5
おもんぱかり	0
おやいぬ	0
おやいも	0
おやうけ	0
おやうさぎ	3
おやうし	2
おやうま	0
おやおもい	3
おやかわうそ	4
おやがかり	3
おやがみ	0
おやがめ	0
おやがも	0
おやぐも	0
おやごろし	3
おやしお	0
おやじうち	0
おやじか	2
おやじかたぎ	4
おやじゆずり	4
おやそだち	3
おやそだて	3
おやたんぽ	3
おやだこ	0
おやつばめ	3
おやづら	0
おやどこ	0
おやなまこ	3
おやぬき	3
おやねこ	0
おやはらから	3
おやばれ	0
おやぶた	0
おやぶね	0
おやほん	0
おやぼね	0
おやまさり	3
おやみ	0
およぎくらべ	4
およぎこみ	0
およびごし	0
おらい	1
おりあがり	0
おりあじ	0
おりあわせ	0
おりいと	0
おりえだ	0
おりえり	0
おりおくれ	0
おりかばん	3
おりがら	0
おりくち	2
おりごえ	0
おりごと	0
おりし	2
おりしき	0
おりしわ	0
おりすけ	2
おりぞめ	0
おりつみ	0
おりぬの	0
おりはば	2
おりひずみ	0
おりびと	0
おりべのかみ	4
おりむら	0
おりやま	0
おりわざ	0
おれあい	0
おれえり	0
おれかばん	3
おれくぎ	2
おれくせ	0
おれくち	2
おれげ	0
おれづめ	0
おれねぎ	0
おればし	2
おれはし	2
おればり	3
おれまがり	0
おれめ	3
おれゆみ	2
おろかごと	0
おろかもん	0
おろしあえ	0
おろしいも	3
おろしさき	0
おろしじる	4
おろしすだち	4
おろしず	3
おろしたて	0
おろしど	3
おろしに	0
おろしみ	0
おろしもと	0
おろしや	0
おろしわさび	4
おわた	1
おんとなぶら	4
おんなあしらい	4
おんなあそび	4
おんないわ	3
おんなうけ	0
おんなうた	3
おんなおとこ	4
おんなおどり	4
おんなおび	4
おんなおや	0
おんなかぶき	4
おんながい	3
おんながお	0
おんながさ	4
おんながよい	4
おんながわ	0
おんなぎらい	4
おんなぐせ	0
おんなぐつ	3
おんなぐみ	0
おんなぐるい	4
おんなぐるま	4
おんなことば	4
おんなざかり	4
おんなしのび	4
おんなじま	0
おんなずもう	4
おんなずわり	4
おんなぜめ	0
おんなたらし	4
おんなったらし	5
おんなづめ	3
おんなづれ	0
おんななれ	0
おんなはらから	4
おんなばら	0
おんなぶろ	0
おんなべや	0
おんなまつり	4
おんなみがき	4
おんなみこ	4
おんなみや	0
おんなむすび	4
おんなもち	0
おんなやもめ	4
おんなゆすり	4
おんなわらべ	4
おんなわらわ	4
かいあつめ	0
かいあわせ	3
かひあはせ	3
かいあわび	3
かいいし	0
かいいた	0
かいうさぎ	3
かいうし	0
かいうた	1
かいうま	0
かいおけ	3
かいかけ	0
かいかご	0
かいきり	0
かいぐすり	3
かいけはい	3
かいごろ	0
かいごろし	0
かいさげ	0
かいささえ	0
かいしのぎ	3
かいしばい	3
かいしめ	0
かいじる	0
かいぞめ	0
かいたち	0
かいだのみ	3
かいだま	0
かいつぎ	0
かいつくろい	0
かいつくろひ	0
かいつな	0
かいつぶし	0
かいづめ	1
かいづる	0
かいどき	0
かいどり	0
かいなおし	0
かいなつき	0
かいなべ	0
かいね	0
かいねらい	0
かいねり	0
かいのせ	0
かいひも	0
かいぼり	0
かいまき	0
かいまわり	0
かいむらさき	4
かいめ	0
かいもちい	4
かいもり	0
かいやき	0
かいわり	0
かえうた	0
かえうま	0
かえぎ	0
かえしうた	3
かえしうま	3
かえしがたな	4
かえしぐち	0
かえしことば	4
かえしどめ	0
かえしに	0
かえだま	0
かえとり	0
かえば	0
かえひも	0
かえびき	0
かえりえり	3
かえりぐるま	4
かえりじ	3
かえりだち	0
かえりづの	3
かえりつの	3
かえりに	0
かえりぶね	4
かえるあし	3
かえるいし	3
かえるおとこ	4
かえるさ	0
かえるで	0
かえるまた	0
かおいり	0
かおうらない	3
かおかくし	3
かおがた	0
かおがみ	0
かおがわ	0
かおきず	0
かおげ	0
かおこり	3
かおさき	0
かおさわぎ	3
かおぞろい	3
かおたれ	0
かおだに	0
かおつぶし	3
かおつぼ	0
かおづかい	3
かおづくり	3
かおはば	0
かんばせ	0
かおはせ	0
かおばせ	0
かおひき	0
かおよ	0
かおよせ	0
かおりいり	0
かおりえらび	4
かおりさがし	4
かおりしお	3
かおりつけ	0
かおりとび	0
かおりに	0
かおりむし	0
かかえうち	0
かかえおび	4
かかえぐるま	4
かかえっこ	3
かかえこ	0
かかへこ	0
かかえつこ	3
かかえざき	0
かかえもの	0
かかえやしき	4
かかしづくり	4
かかしまつり	4
かかとおとし	4
かかとつぶし	4
かかとどめ	0
かかりあい	0
かかりがた	0
かかりぎ	3
かかりだこ	4
かかりっきり	0
かかりむすび	4
かかりゅうど	3
かかりゆ	3
かがみいけ	3
かがみいわ	3
かがみうつし	4
かがみおとこ	4
かがみごし	0
かがみづくり	4
かがみば	3
かがみばこ	3
かがみびらき	4
かがみみがき	4
かがみわく	3
かがみわり	0
かがやきはだ	4
かがりいと	4
かがりび	3
かがりや	3
かきあみ	2
かきあやまり	0
かきあわせ	0
かきいた	0
かきいろ	0
かきかけ	0
かきがゆ	0
かききず	2
かきぎ	0
かきぐせ	0
かきこわし	0
かきごこち	0
かきごし	0
かきざま	0
かきしぶ	0
かきそえ	0
かきぞめ	0
かきたま	0
かきちがい	0
かきつばたがさね	6
かきづめ	0
かきとめ	0
かきなぞり	0
かきぬき	0
かきのこし	0
かきのし	2
かきはぎ	0
かきばたけ	3
かきひび	0
かきひろげ	0
かきへら	0
かきべ	1
かきほ	2
かきまぜ	0
かきめぐり	3
かきもどし	0
かきわ	0
かきわり	0
かぎあけ	0
かぎあみ	0
かぎがわり	3
かぎぐすり	3
かぎぐち	2
かぎっこ	0
かぎなわ	0
かぎばこ	0
かぎひき	2
かぎぶくろ	3
かくしあな	3
かくしうで	3
かくしえび	3
かくしくぎ	3
かくしことば	4
かくししつけ	4
かくしだま	0
かくしとい	0
かくしとびら	4
かくしとりで	4
かくしど	3
かくしどり	0
かくしな	3
かくしねじ	4
かくしねた	0
かくしばしご	4
かくしばね	4
かくしべや	0
かくしみち	3
かくしゆ	3
かくしわざ	0
かくぶろ	0
かくりごと	0
かくれあそび	4
かくれあな	3
かくれおに	3
かくれがさ	4
かくれぐい	0
かくれざと	3
かくれじま	0
かくれね	0
かくれべや	0
かくれみ	0
かくれやしき	4
かくれやど	4
かくれゆ	3
かぐらうた	3
かぐらひめ	3
かけいけ	0
かけいね	3
かけうり	0
かけえ	2
かけかえ	0
かけがま	0
かけぎ	0
かけぎぬ	3
かけぎわ	0
かけくぎ	2
かけくらべ	3
かけっくら	2
かけことば	3
かけごい	0
かけごこち	0
かけごと	2
かけごめ	0
かけざお	2
かけざかな	3
かけした	0
かけじる	3
かけすて	0
かけだおれ	0
かけだれ	0
かけちがい	0
かけづくり	3
かけどっくり	3
かけどくり	3
かけな	2
かけなおし	0
かけながし	0
かけはぎ	0
かけはずし	0
かけば	3
かけひも	0
かけぶた	2
かけべり	0
かけほ	0
かけぼとけ	3
かけまめ	0
かけむしろ	3
かけもの	2
かけゆみ	0
かけらごみ	3
かけわざ	0
かけわたし	0
かげいろ	0
かげうち	0
かげおくり	3
かげかわ	0
かげがり	0
かげくま	0
かげぐま	0
かげこ	1
かげふみ	2
かげま	0
かげまつり	3
かげみ	1
かこいいた	3
かこいこみ	0
かこいつつみ	4
かこいづくり	4
かこいぬし	2
かこいば	0
かこいもの	0
かこいわな	4
かこみいり	0
かごいり	0
かごおち	0
かごたいまつ	3
かごづくり	3
かごどもらい	3
かごとむらい	3
かごぬけ	0
かごのとり	0
かごば	0
かごひも	0
かごゆか	0
かごわき	0
かごわたし	3
かさいし	2
かさおおい	3
かさぎらい	3
かさぐも	0
かさけ	0
かさこ	0
かさじるし	3
かさたて	2
かさづけ	0
かさなりあい	0
かさねあこめ	4
かさねいけ	0
かさねうち	0
かさねことば	4
かさねずり	0
かさねつづり	4
かさねづかい	4
かさねつけ	0
かさねに	0
かさねぬり	0
かさねばこ	3
かさねむし	0
かさねもち	3
かさねもり	0
かさねわざ	0
かさぶくろ	3
かさほこ	0
かさぼこ	0
かさぼね	0
かさまし	0
かざあし	0
かざおと	0
かざおり	0
かざおれ	0
かざし	0
かざしぐさ	3
かざしばな	3
かざなみ	0
かざまち	0
かざよけ	0
かぜよけ	0
かざりいし	3
かざりいた	3
かざりうま	3
かざりえび	3
かざりおび	4
かざりかぶと	4
かざりがき	3
かざりぎり	0
かざりげ	0
かざりことば	4
かざりごし	3
かざりざら	3
かざりし	3
かざりたち	3
かざりたて	0
かざりだけ	3
かざりだな	0
かざりだま	0
かざりどり	3
かざりなべ	4
かざりなわ	3
かざりぬの	3
かざりばな	3
かざりばね	3
かざりひも	3
かざりびな	4
かざりぶた	3
かざりまど	4
かざりまわし	4
かざりみぞ	3
かざりみみ	3
かざりむすび	4
かざりや	0
かざりやま	0
かざりわく	3
かしあげ	0
かしいた	0
かしうま	0
かしうり	0
かしえだ	0
かしおいらん	3
かしかた	0
かしかぶ	0
かしかま	0
かしかまど	3
かしきや	3
かしきり	0
かしくち	2
かしくつ	0
かしぐら	0
かしこし	0
かしこだて	0
かしこどころ	4
かししぶり	0
かしずき	0
かしたる	0
かしだま	0
かしだる	0
かしどめ	0
かしどり	2
かしはがし	0
かしばた	0
かしびけ	0
かしふ	0
かしべや	0
かしまくら	3
かしみせ	0
かしみち	2
かしもの	0
かしらかぶろ	4
かしらもち	3
かしわたし	0
かしわもち	3
かじいちご	3
かじづか	2
かすざけ	0
かすみどこ	0
かすみめ	0
かすりあし	3
かすりいと	4
かすりがら	0
かすりきず	3
かずあそび	3
かずあて	0
かずうらない	3
かずけわた	3
かずことば	3
かずしらべ	3
かずだま	0
かずつき	0
かずつり	0
かずへらし	3
かずもの	2
かずらおけ	4
かずらばし	3
かずらひげ	3
かずらもの	0
かせぎがしら	4
かせぎどき	0
かせぎば	0
かせくり	0
かせまき	0
かぜうら	0
かぜごこち	3
かぜさだめ	3
かぜさわぎ	3
かぜしり	0
かぜずれ	0
かぜだま	0
かぜなみ	0
かぜなり	0
かぜのかみ	4
かぜのこ	0
かぜまかせ	3
かぞえあげ	0
かぞえうた	3
かぞえごえ	4
かぞえび	3
かたいた	0
かたうらみ	0
かたえだ	0
かたおき	0
かたおくり	0
かたおくれ	0
かたおや	0
かたかざり	3
かたかゆ	0
かたがえし	3
かたがため	3
かたきよばわり	4
かたきり	0
かたぎぬ	2
かたけ	0
かたけずり	3
かたこい	0
かたごころ	3
かたごめ	0
かたした	0
かたしわ	0
かたじるし	3
かたすそ	1
かたすべり	3
かたずみ	0
かたそぎ	0
かたぞき	0
かたたがえ	3
かたたたき	3
かたたもと	3
かただし	0
かたちあそび	4
かたちあて	0
かたちちがい	4
かたづな	0
かたとま	0
かたなおく	4
かたなかけ	3
かたなかじ	3
かたながり	0
かたながれ	3
かたなきず	3
かたなさばき	4
かたなもち	3
かたなや	0
かたならし	3
かたにく	0
かたぬい	0
かたねらい	3
かたねり	0
かたは	0
かたはずし	3
かたはだ	0
かたはら	0
かたばね	0
かたひじ	0
かたひま	0
かたびさし	3
かたふさ	2
かたほとり	3
かたほり	3
かたまゆ	0
かたまわり	3
かたみおくり	0
かたみがわり	4
かたみわけ	0
かたむち	0
かためうち	0
かためふで	3
かたもち	0
かたゆき	0
かたゆで	0
かたゆれ	0
かたりあい	0
かたりかえ	0
かたりべ	0
かたりめ	0
かたわけ	0
かたわな	0
かちがしら	3
かちがらす	3
かちくら	0
かちぐせ	0
かちぐり	2
かちぐるま	3
かちしお	0
かちすじ	0
かちずもう	3
かちだち	0
かちなのり	3
かちに	2
かちにげ	0
かちぬき	0
かちのこり	0
かちはだし	3
かちふね	0
かちぼし	2
かちやしき	3
かってば	0
かってむき	0
かっぱな	0
かっぱまつり	4
かつおぎ	3
かつおたたき	4
かつおだし	3
かつおぶね	4
かつぎ	3
かつぎだし	0
かつぎて	0
かつぎや	0
かつぎわざ	0
かつむし	2
かつらいた	4
かつらおとこ	4
かつらした	0
かつらねた	0
かつらめ	3
かどいし	2
かどかど	2
かどぐち	2
かどちがい	3
かどっこ	2
かどなみ	0
かどび	2
かどべ	0
かどべや	0
かどやぐら	3
かどゆえ	0
かなかぶと	3
かなくぎ	0
かなくそ	0
かなぐさり	3
かなくさり	3
かなぐし	0
かなぐつ	0
かなぐつわ	3
かなけ	0
かなこぎ	0
かなごて	0
かなごま	0
かなさび	0
かなざる	0
かなしき	0
かなしぶ	0
かなしみいろ	0
かなしみびと	4
かなだらい	3
かなつぼ	0
かなつんぼ	3
かなつち	0
かなはだ	0
かなばかり	0
かなばさみ	3
かなまり	0
かなめいし	3
かなもの	0
がなもの	0
かなよみ	0
がなわ	0
かなわく	0
かにかまぼこ	3
かにばば	0
かにわ	0
かにわっぱ	3
かねぐせ	0
かねぐら	0
かねぐり	0
かねごえ	0
かねざし	0
かねたたき	3
かねづつみ	3
かねづる	0
かねぶくろ	3
かねべらし	3
かねまいり	3
かねやすり	3
かねんで	2
かのえいぬ	5
かのえうま	3
かのえたつ	0
かのえとら	0
かのとい	0
かのとひつじ	4
かのとみ	0
かばいだて	0
かばいろ	0
かばざくら	3
かばんや	0
かぶあきない	4
かぶがた	0
かぶきおどり	4
かぶきもの	0
かぶせあみ	3
かぶせぶた	3
かぶだし	0
かぶだち	0
かぶつち	0
かぶづけ	0
かぶとうめ	3
かぶとかざり	4
かぶとくび	3
かぶとしめじ	4
かぶとばな	3
かぶとみの	3
かぶとわり	0
かぶな	0
かぶはば	0
かぶまわり	3
かぶや	0
かぶらずし	3
かぶらね	3
かぶりがさ	4
かぶりくらべ	0
かぶりゆ	3
かぶれどめ	0
かべあな	0
かべあらい	3
かべいし	0
かべいた	0
かべいわ	0
かべうら	0
かべおし	0
かべかがみ	3
かべかざり	3
かべげり	0
かべごし	0
かべしろ	0
かべぞい	0
かべつち	0
かべつなぎ	3
かべづくり	3
かべどなり	3
かべななめ	4
かべぬき	0
かべばしら	3
かぼすす	3
かまあと	0
かまいり	0
かまいれ	0
かまがえり	3
かました	0
かませいぬ	3
かまたき	0
かまだき	0
かまだし	0
かまづくり	3
かまづめ	0
かまどがみ	3
かまどめ	0
かまどわき	0
かまはだ	0
かまば	0
かまひげ	2
かまめし	0
かまゆで	0
かみあい	0
かみあげ	0
かみあじ	2
かみあそび	3
かみあと	0
かみあぶら	3
かみあらい	3
かみあり	0
かみいけ	0
かみいじり	3
かみいと	0
かみいろ	0
かみうつし	3
かみえらび	3
かみおさえ	3
かみおしろい	3
かみおろし	3
かみおんな	3
かみかたち	3
かみから	0
かみがかり	3
かみがわ	0
かみがわり	3
かみきず	2
かみぎは	0
かみぎわ	0
かみくち	2
かみぐせ	0
かみこま	0
かみごい	0
かみごたえ	0
かみごて	0
かみごみ	0
かみさき	0
かみざら	0
かみざわり	3
かみし	2
かみしお	0
かみすじ	0
かみすな	0
かみずもう	3
かみぞめ	0
かみたば	0
かみだま	0
かみづくり	3
かみづつみ	3
かみづまり	0
かみどこ	0
かみどめ	0
かみなりいわ	4
かみなりおやじ	5
かみなりぐも	5
かみなりごえ	5
かみなりとかげ	5
かみなりばば	6
かみなりばばあ	6
かみなりよけ	0
かみのぼり	3
かみはし	2
かみはだ	0
かみはらい	3
かみばさみ	3
かみばし	0
かみふすま	3
かみふだ	0
かみぶえ	0
かみぶすま	3
かみまき	0
かみむし	2
かみもうで	3
かみやしき	3
かみやすり	3
かみやぶり	3
かみより	0
かみわざ	0
かみわし	2
かみわたり	3
かむりづけ	0
かめいた	0
かめがた	0
かめがわ	0
かめぐら	0
かめのぞき	3
かめぶし	0
かもうち	0
かもがり	0
かもしゃぶ	0
かもそば	0
かもどん	0
かもなべ	0
かもば	0
かもめどり	3
かもんの	0
かもんやど	4
かやぬの	0
かやふだ	0
かやや	0
かやり	0
かゆばら	0
かゆみどめ	0
かよいあな	0
かよいおっと	4
かよいづつ	2
かよいづま	4
かよいみち	2
からあおい	3
からあし	0
からあや	0
からいと	0
からうち	0
からえずき	3
からおし	0
からおり	0
からかがみ	3
からかご	2
からかぬち	3
からがい	0
からくさ	2
からくりじかけ	5
からくりやしき	5
からっくるま	4
からげ	0
がらこ	0
からころも	3
からごえ	0
からごころ	3
からざお	0
からざけ	3
からしあえ	0
からしいろ	0
からしす	3
からしだね	0
からじる	3
からすがね	3
からすなき	0
からすねこ	4
からすば	0
からすばばあ	5
からすびしゃく	4
からすへび	4
からせき	0
からぜき	0
からぞり	0
からたちばな	4
からだあらい	0
からだき	0
からだつくり	4
からだほぐし	4
からつば	0
からつゆ	0
からづみ	0
からづり	0
からなべ	0
からにしき	3
からぬい	0
からねこ	0
からはな	0
からっぱたけ	4
からばたけ	3
からばたらき	3
からびつ	0
からぶかし	3
からふき	0
からぶくろ	3
からぶね	0
からみだれ	3
からみもち	3
からめなわ	3
からめのこ	0
からわたり	3
かりあつめ	0
かりあと	0
かりいえ	0
かりいと	0
かりうえ	0
かりおさめ	0
かりおや	0
かりかし	2
かりかす	0
かりかた	0
かりかぶ	0
かりがこい	3
かりきり	0
かりぎ	0
かりぐみ	0
かりげ	0
かりこし	0
かりこみ	0
かりこも	0
かりさき	0
かりさし	0
かりしき	0
かりじめ	0
かりすがた	3
かりだか	0
かりだし	0
かりつか	0
かりとじ	0
かりどの	0
かりにげ	0
かりぬけ	0
かりね	0
かりのよ	0
かりはらい	3
かりばし	0
かりばら	0
かりばらい	3
かりばり	0
かりひも	0
かりびと	0
かりぶき	0
かりぶね	0
かりほ	0
かりほし	0
かりぼし	0
かりまめ	0
かりみち	0
かりむぎ	0
かりもどし	0
かりやき	0
かりわく	0
かるかや	2
かるこ	0
かるのいち	3
かるみ	0
かるやき	0
かるわざ	0
かれあし	0
かれあじさい	4
かれいい	0
かれいけ	0
かれいろ	0
かれかや	0
かれがわ	0
かれくき	0
かれくさ	0
かれごけ	0
かれしば	0
かれすすき	3
かれたけ	0
かれたに	0
かれだに	0
かれつた	0
かれづる	0
かれの	0
かれはす	0
かれはら	0
かれぶし	0
かれむぐら	3
かれやなぎ	3
かれよし	2
かろうと	2
かわあかり	3
かわあそび	3
かわあと	0
かわあなご	3
かわおと	0
かわおどし	3
かわかじか	3
かわがけ	0
かわがらす	3
かわがり	0
かわがわ	0
かわきかけ	0
かわきはだ	3
かわきめ	0
かわきもの	0
かわくず	0
かわくだり	3
かわぐつ	0
かわごけ	0
かわごし	0
かわごろも	3
かわさらし	3
かわざかい	3
かわざかな	3
かわざや	0
かわざらえ	3
かわせみいろ	0
かわたたみ	3
かわだち	0
かわつか	2
かわつなぎ	3
かわづかい	3
かわづたい	3
かわづつみ	3
かわづり	0
かわとじ	0
かわどこ	0
かわどころ	0
かわなみ	0
かわはだ	0
かわばしら	3
かわばなれ	3
かわばり	0
かわびらき	3
かわふたぎ	3
かわふだ	0
かわっぷち	0
かわほとり	3
かわまいり	3
かわまき	0
かわみなと	3
かわむこう	3
かわむし	2
かわや	0
かわやがみ	3
かわよど	0
かわよろい	3
かわらいし	3
かわらがま	3
かわらたけ	3
かわらづくり	4
かわりいと	4
かわりがゆ	4
かわりさら	3
かわりすし	3
かわりだま	0
かわりぬり	0
かわりばな	0
かわりびな	4
かわりむすび	4
かわりめ	0
かわりめし	3
かわわたし	3
かわわらじ	3
かんがえちがい	5
かんがえもん	0
かんだち	0
かんづか	0
かんづかさ	3
かんなけずり	4
かんなながし	4
かんなめ	0
かんぬし	1
かんはとり	3
かんむりのうし	5
がけがわ	0
がけぎわ	0
がけした	0
がけっぱな	0
がけぶち	0
がけぷち	0
がけづたい	3
がまむしろ	3
がらあわせ	3
がらいり	0
がらいろ	0
がらうけ	0
がらたび	0
がらだし	0
がらちがい	3
がらぬの	0
がらゆき	0
がわとびら	3
がわばしら	3
きあか	0
きいと	1
きうす	0
きうるし	2
きえもの	0
きおけ	2
きおの	0
きおもて	2
きかべ	0
ききあし	0
ききあわせ	0
ききいろ	0
ききうで	0
ききおさめ	0
ききかじり	0
ききかた	0
ききことば	3
ききごこち	0
ききごたえ	0
ききざけ	0
ききざれ	0
ききずて	0
ききちがい	0
ききちがえ	0
ききづたえ	0
ききながし	0
ききなし	0
ききべた	0
ききわすれ	0
きぎす	0
きぎぬ	1
きくさ	1
きぐい	0
きぐし	1
きぐすみ	0
きぐつ	1
きけもの	0
きこぶ	0
きこみ	0
きごて	1
きごろし	2
きさいちべ	2
きさいのみや	0
きさきえらび	4
きさきだち	0
きさいばら	0
きさきばら	0
きさきまち	3
きしゃご	0
きざくら	2
きざけ	0
きざみするめ	4
きざみねぎ	4
きざみみょうが	4
きざみめ	0
きざる	0
きざわし	2
きしじま	0
きしづり	0
きしほとり	3
きしより	0
きじどり	0
きじやき	0
きじり	0
きずとがめ	0
きずなづくり	4
きずもの	0
きずり	0
きせなが	0
きせわた	0
きそいうま	2
きそいがり	0
きぞめ	0
きたあかり	3
きたおち	0
きたくら	2
きたぐみ	0
きたすそ	0
きたすみ	0
きただまり	3
きたとなり	3
きたどなり	3
きたなまり	3
きたのまる	0
きたまえ	0
きたまど	0
きたまわり	3
きたより	0
きだおれ	0
きだな	1
きだぼ	0
きだる	1
きってうし	3
きつねがお	0
きつねさげ	3
きつねさわぎ	4
きつねざむらい	4
きつねじる	4
きつねそば	4
きつねつかい	4
きつねつき	3
きつねで	0
きつねび	3
きつねみち	3
きつねもり	0
きつれ	0
きづち	1
きづつ	1
きづる	0
きとり	0
きどい	0
きにきび	3
きにら	0
きぬあま	0
きぬいと	0
きぬおり	0
きぬかけ	0
きぬかつぎ	3
きぬかづき	3
きぬがすり	3
きぬごし	0
きぬずれ	0
きぬすれ	0
きぬちぢみ	3
きぬぬの	2
きぬの	1
きぬばね	0
きぬばり	0
きぬぶるい	3
きぬみち	2
きぬわた	2
きねずみ	2
きのうおととい	6
きのえいぬ	5
きのえうま	5
きのえさる	4
きのえたつ	0
きのかしら	1
きのとひつじ	4
きのみやつこ	4
きはだいろ	0
きばい	1
きばえ	0
きばさみ	2
きばしら	2
きばぼり	0
きばら	0
きばり	0
きびら	0
きふるし	0
きぶえ	1
きぶた	1
きぶとり	2
きほこ	1
きほろ	0
きぼこ	1
きまくら	2
きまゆ	0
きまりがわ	0
きまりことば	4
きまりて	0
きまりねた	0
きみいろ	0
きみざね	0
きみはだ	0
きむすめ	2
きめうち	0
きめせりふ	3
きめどころ	0
きもだめし	3
きもだま	4
きゃくなみ	0
きやすり	2
きゅうりぐさ	3
きゆか	1
きゆみ	0
きよひめ	2
きよぶき	0
きよめじお	3
きよめばらい	4
きよめぶき	0
きりあと	0
きりあな	0
きりいか	2
きりいし	2
きりいと	0
きりう	0
きりふ	0
きりえだ	0
きりおしみ	0
きりかき	0
きりかけ	0
きりがみ	0
きりかみ	2
きりかわり	0
きりがら	0
きりぎし	0
きりくい	0
きりぐも	0
きりごし	0
きりさき	0
きりしろ	0
きりじるし	3
きりずみ	2
きりちがい	0
きりつぎ	0
きりつぶ	3
きりづくり	3
きりはぎ	0
きりはた	0
きりはなれ	0
きりはらい	0
きりば	0
きりばこ	0
きりばし	0
きりばな	2
きりばめ	0
きりはり	0
きりひとは	4
きりべら	0
きりぼり	0
きりみず	2
きりみせ	0
きりむらさき	4
きりもち	2
きりわり	0
きれくち	2
きれげ	0
きれつづき	3
きれなが	0
きれはなれ	0
きれば	0
きれま	3
きわめがき	0
きわめふだ	3
くいあまし	0
くいあわせ	0
くいおき	0
くいかけ	0
くいがき	0
くいくらべ	0
くいけ	3
くいざかり	3
くいざま	0
くいじかけ	3
くいぞめ	0
くいだおれ	0
くいだめ	0
くいつき	0
くいつぶし	0
くいつみ	0
くいづわり	0
くいで	0
くいぬき	0
くいっぱぐれ	0
くいはぐれ	0
くいわかれ	0
くいわけ	0
くうら	1
くかたち	0
くきいり	0
くきさき	0
くきたち	0
くきな	0
くぎあと	0
くぎあま	0
くぎかくし	3
くぎごたえ	0
くぎさし	0
くぎしめ	0
くぎづくり	3
くぎばこ	0
くぎめ	0
くぎよみ	0
くくみ	0
くくりざる	4
くくりぞめ	0
くくりばかま	4
くくりひも	3
くくりまくら	4
くくりわな	4
くくれあご	3
くぐい	0
くぐつだに	0
くぐつめ	0
くぐりぎわ	0
くぐりぐち	3
くぐりど	3
くさあじさい	3
くさいきれ	3
くさいり	0
くさかぶ	0
くさかる	0
くさかんむり	3
くさがれ	0
くさけずり	3
くさごえ	0
くさしば	0
くさじらみ	3
くさずもう	3
くさずり	0
くさはえ	0
くさはこび	3
くさひばり	3
くさびがた	0
くさほ	0
くさぼうき	3
くさまくら	3
くさみけし	3
くさみぬき	0
くさむしり	3
くさもみじ	3
くさやしき	3
くさやぶ	0
くさりがね	0
くさりひき	3
くさりへび	4
くされいも	3
くされちんぽ	4
くさればいた	4
くされぶた	3
くしあげ	0
くしあわび	3
くしいた	0
くしかざり	3
くしがい	2
くしがき	2
くしがた	0
くしぎり	0
くしこうがい	3
くしざし	0
くしさし	0
くしは	0
くしばこ	2
くしふき	2
くしまき	0
くしもの	0
くさめ	2
くじかね	0
くじのがれ	3
くじらおび	4
くじらぐみ	0
くじらぐも	4
くじらざし	0
くじらづか	3
くじらばか	3
くじらひげ	3
くじらもち	3
くすぐりあそび	5
くすだま	0
くすび	0
くすぶり	0
くすりいり	0
くすりいれ	3
くすりうり	3
くすりがり	0
くすりがわり	4
くすりぐい	0
くすりづくり	4
くすりづけ	0
くすりづつみ	4
くすりどんや	4
くすりねだり	4
くすりばこ	3
くすりぶくろ	4
くずいと	0
くずかい	2
くずかずら	3
くずがみ	2
くずざくら	3
くずしがき	0
くずしまい	0
くずしやっこ	4
くずたたき	3
くずだま	0
くずに	0
くずぬの	0
くずばかま	3
くずひき	2
くずゆ	2
くずれがお	0
くずれめ	4
くずわら	0
くせわざ	0
くそおんな	3
くそじじい	4
くそぢから	3
くそばえ	2
くそへ	0
くそむし	2
くたびれもうけ	5
くだがわ	0
くだぎつね	3
くだけなみ	0
くだしぐすり	4
くだたま	0
くだつかい	3
くだばしら	3
くだばり	3
くだみみ	0
くだものかご	4
くだものざら	4
くだものづくり	5
くだものばたけ	5
くだりあめ	3
くだりあゆ	4
くだりがつお	4
くだりに	3
くだりばら	0
くだりみち	0
くちあい	0
くちあき	0
くちあし	0
くちあらそい	3
くちうら	0
くちかせ	0
くちがき	0
くちがね	0
くちがまえ	0
くちぐすり	3
くちことば	3
くちさき	0
くちした	0
くちしめ	0
くちじり	0
くちじろ	0
くちすぼめ	3
くちだて	0
くちつき	0
くちづくり	3
くちづけ	0
くちづて	0
くちづな	0
くちとしま	3
くちなしいろ	0
くちなめずり	3
くちぬの	0
くちはば	0
くちばた	0
くちばり	0
くちぱく	0
くちひも	0
くちひろ	0
くちびるあれ	0
くちびるいろ	0
くちふき	0
くちぶと	0
くちべ	0
くちまえ	0
くちまかせ	3
くちまね	0
くちめ	0
くちやまぶき	4
くちよせ	0
くちわき	0
くちわく	0
くつあと	0
くつあらい	3
くついれ	0
くつうら	0
くつえらび	3
くつかぶり	3
くつがた	0
くつすがた	3
くつづくり	3
くつなおし	3
くつなげ	0
くつはば	0
くつばけ	2
くつみがき	3
くにうみ	0
くにおもて	3
くにがえ	0
くにがまえ	3
くにぎぬ	0
くにことば	3
くにざむらい	3
くにつかみ	3
くにつやしろ	1
くにづくし	3
くにづめ	0
くにとり	0
くになまり	3
くにのみやつこ	5
くにびき	0
くにまかせ	3
くにまつり	3
くにゆずり	3
くびいた	0
くびうき	0
くびかり	0
くびがため	3
くびがり	0
くびがわ	0
くびぐり	0
くびこり	0
くびさき	0
くびした	0
くびすず	0
くびすわり	0
くびつぎ	0
くびづか	0
くびづな	0
くびとり	0
くびひも	0
くびふり	0
くびまつり	3
くびまわり	3
くびや	0
くびよこ	0
くべ	0
くまいわ	0
くまおとこ	3
くまぐま	2
くまつかい	3
くまひげ	0
くままつり	3
くまよろい	3
くみあげ	0
くみうた	2
くみうち	0
くみおき	0
くみおけ	3
くみおどり	3
くみがしら	3
くみき	0
くみさかずき	3
くみたち	0
くみだし	0
くみちがい	3
くみつき	0
くみつぎ	0
くみて	3
くみなべ	0
くみぬけ	0
くみねぶた	3
くみは	0
くみひも	0
くみほか	0
くみもどし	0
くみもの	2
くみやすり	3
くみわざ	0
くもあい	0
くもあし	0
くもあみ	0
くもがくれ	3
くもがた	0
くもがみ	0
くもがら	0
くもきり	1
くもしぼり	3
くもすき	0
くもつぶ	3
くもで	0
くもとり	0
くもはだ	0
くもゆび	0
くもよみ	0
くもりがお	0
くもりぐも	3
くもりごえ	4
くらいどり	0
くらおおい	3
くらかざり	3
くらげがゆ	4
くらざらえ	3
くらしし	3
くらしづくり	4
くらそこ	0
くらつくり	3
くらのすけ	0
くらはまり	3
くらばらい	3
くらびらき	3
くらべうま	3
くらまち	2
くらみせ	0
くらもの	0
くらやしき	3
くらわたし	3
くりあじ	2
くりあわせ	0
くりいり	0
くりいれ	0
くりいろ	0
くりおこわ	3
くりおはぎ	4
くりかえ	0
くりかた	0
くりがた	0
くりぐち	0
くりげ	0
くりこし	0
くりこみ	0
くりごと	0
くりさがり	0
くりさげ	0
くりだい	2
くりづめ	0
くりぬき	0
くりばたけ	3
くりふね	0
くりむき	0
くりもどし	0
くりもの	0
くりやごと	0
くりやめ	0
くりわた	2
くるいざき	0
くるいみず	2
くるぶしたけ	4
くるまあそび	4
くるまあらそい	4
くるまうし	3
くるまおとこ	4
くるまがえし	4
くるまがかり	4
くるまがわ	0
くるまごし	0
くるまだまり	4
くるまひき	3
くるまひろい	4
くるままわし	4
くるまやど	4
くるまわく	3
くるみいり	0
くるみおはぎ	5
くるみがゆ	4
くるみだれ	0
くるみもち	3
くるみわり	0
くるるど	3
くるわあそび	4
くるわことば	4
くるわばなし	4
くれうち	4
くれがた	0
くれないざくら	5
くれのおも	4
くれわり	2
くろあずき	3
くろあぶら	3
くろいけ	0
くろいと	0
くろいぬ	0
くろうし	0
くろうた	2
くろうま	0
くろうるし	3
くろえり	0
くろおどし	3
くろおんな	3
くろかげ	0
くろかじき	3
くろかび	0
くろかべ	0
くろかめ	0
くろがき	2
くろがし	2
くろぎつね	3
くろぎぬ	0
くろきぬ	0
くろくつ	0
くろぐま	0
くろくわ	0
くろぐされ	0
くろぐつな	3
くろくわい	3
くろぐわい	3
くろげ	0
くろこうじ	3
くろこま	0
くろさび	0
くろしか	0
くろしま	0
くろしみ	0
くろしゃち	0
くろすぐり	3
くろぞめ	0
くろたて	0
くろたまご	3
くろだま	0
くろつば	0
くろつばき	3
くろつぶ	0
くろつぶれ	3
くろつむぎ	3
くろづる	0
くろづくり	3
くろて	0
くろと	0
くろとめ	0
くろど	0
くろにきび	3
くろぬの	0
くろはと	0
くろばと	0
くろばかま	3
くろばこ	0
くろばち	2
くろばら	0
くろひげ	0
くろひとみ	3
くろひも	0
くろふく	0
くろふだ	0
くろぶた	0
くろべた	0
くろほ	0
くろほろ	0
くろぼこ	0
くろぽち	0
くろぽっち	3
くろます	0
くろまつげ	3
くろまむし	3
くろまゆ	0
くろみこ	0
くろみどり	3
くろみどろ	3
くろむぎ	3
くろめし	0
くろもの	0
くろやき	0
くろやぎ	0
くろらく	0
くろわく	0
くろわし	0
くろわびすけ	4
くわかご	2
くわかぶ	0
くわがら	0
くわご	0
くわした	0
くわづかい	3
くわづくり	3
くわとり	3
くわばたけ	3
くわやしき	3
くわゆみ	2
ぐずりごえ	4
ぐみわら	0
けあい	0
けうら	0
けおさめ	0
けがき	0
けがり	0
けぎらい	2
けぎれ	0
けくず	0
けぐつ	0
けこみ	0
けごろも	2
けざし	0
けしあと	0
けしかす	0
けしくず	0
けしこ	3
けしずみ	0
けすじ	0
けずね	0
けずりあと	4
けずりかす	4
けずりかんな	4
けずりかつお	4
けずりがつお	4
けずりくず	3
けずりこな	0
けずりしろ	0
けずりだし	0
けずりばこ	0
けずりひ	3
けずりぶし	0
けずりみぞ	0
けずりもの	0
けぞめ	0
けたあがり	3
けたあげ	0
けたあみ	0
けたいた	0
けたぐみ	0
けたした	0
けたはら	0
けたば	0
けたばし	0
けたゆき	0
けだま	0
けづくろい	2
けづけ	0
けづめ	0
けづや	0
けとり	0
けながれ	2
けなしぐせ	0
けなやみ	2
けはえ	0
けはば	0
けばのこり	0
けばり	0
けぶさ	0
けぶらい	2
けぼうき	2
けぼり	0
けむだし	0
けむら	0
けむりいぶし	4
けむりおんな	4
けむりぜめ	0
けむりだな	0
けむりだま	0
けもも	0
けやり	0
けりあし	0
けりわざ	0
けわた	0
こあがり	2
こあげ	0
こあざ	0
こあたり	2
こあな	0
こいあじ	0
こいがたき	3
こいき	0
こいくち	0
こいこく	0
こいごろも	3
こいじる	0
こいたち	2
こいつり	0
こいづま	0
こいなます	3
こいねこ	0
こいび	0
こいふな	0
こいも	0
こいるか	2
こいわし	2
こいわずらい	3
こうごき	2
こうざし	0
こうじいた	4
こうじづくり	4
こうじづけ	0
こうじどこ	0
こうじぶた	3
こうじむろ	0
こうぞがみ	0
こうぞり	0
ごうた	0
こうちぎ	2
こうなご	0
こうのきみ	0
かわほね	0
こうもりじるし	5
こえあて	0
こえい	0
こえいり	0
こえがかり	3
こえがわり	3
こえぐさ	0
こえさげ	0
こえたご	0
こえたて	0
こえだて	0
こえだめ	0
こえち	0
こえまつ	3
こおおかみ	2
こおとこ	2
こおに	0
こおもて	2
こおりあづき	4
こおりあずき	4
こおりあられ	4
こおりいり	0
こおりうに	4
こおりうり	3
こおりおに	3
こおりかた	3
こおりがわり	4
こおりすべり	4
こおりづめ	0
こおりのかみ	3
こおりのみやつこ	6
こおりばこ	3
こおりばた	3
こおりぶくろ	4
こおりまつり	4
こおりみず	3
こおりわり	3
こかえし	2
こかご	0
こかた	0
こかべ	1
こかわうそ	3
こがひ	0
こがえる	2
こがき	0
こがくれ	2
こがしきなこ	4
こがに	0
こがま	0
こかみ	0
こがみ	0
こがめ	0
こがらす	2
こがれじに	0
こがわせ	2
こきくだ	2
こきばし	2
こぎつね	2
こぎぬ	0
こぎぶね	0
こぎみ	0
こぎり	0
こくじら	2
こぐい	0
こぐま	0
こけいろ	0
こけうめ	0
こけだま	0
こけひき	0
こけびらめ	3
こけむしり	3
こけらいた	4
こけらぶき	0
こげあと	0
こげだる	0
こげゆ	0
こころいれ	0
こころいわい	4
こころおくれ	4
こころおごり	4
こころがかり	4
こころごころ	4
こころざしなかば	8
こころしらい	4
こころたがい	4
こころたがひ	4
こころだのみ	4
こころづくろい	4
こころづもり	4
こころなぐさめ	4
こころばえ	0
こころばせ	0
こころまかせ	4
こころまよい	4
こころむけ	0
こころもうけ	4
こころよせ	0
こごえじに	0
こざお	0
こざね	0
こざむらい	2
こしあみ	0
こしいた	0
こしかざり	0
こしかべ	0
こしがき	2
こしがたな	3
こしがて	0
こしがわ	0
こしきぐち	0
こしきり	0
こしぎわ	0
こしくるわ	3
こしけ	0
こしぞい	0
こしぞえ	0
こしだめ	0
こしつき	0
こしづかい	3
こしなが	0
こしなげし	3
こしなわ	0
こしに	0
こしぬの	0
こしねこ	0
こしはば	0
こしばき	0
こしばり	0
こしひけ	0
こしふり	0
こしぶくろ	3
こしまくら	3
こしまど	0
こしまわし	3
こしまわり	3
こしやね	0
こしゆ	0
こしゆい	3
こしゆひ	3
ごしらえ	0
こしらえごと	0
こしらえもの	0
こしり	0
こしわ	0
こしわき	0
こじとみ	0
こずえかた	0
こずえさがり	4
こせがれ	2
こぜり	0
こそだち	0
こぞめ	0
こたえあわせ	4
こだこ	0
こだな	0
こだぬき	2
こぢから	2
こつづみ	2
こつばめ	2
こづくえ	2
こづま	1
こてさき	0
こてしらべ	3
こといと	0
ことうた	2
ことおり	0
ことおんな	3
ことき	0
ことごと	0
ことて	0
こととまり	0
ことなしび	3
ことはじめ	3
ことはな	0
ことばあつめ	4
ことばかず	4
ことばがけ	0
ことばがり	0
ことばじり	0
ことばぜめ	0
ことばたたかい	4
ことばや	0
ことふえ	1
ことわざづくり	5
こどねり	2
こなうき	0
こなおしろい	3
こなかつお	3
こながつお	3
こなからし	3
こながらし	3
こながれ	2
こながわり	3
こなぐすり	3
こなけ	3
こなとび	0
こなはらい	3
こなふくみ	3
こなふるい	3
こなぶくろ	3
こなべ	0
こなまみれ	3
こなもん	0
こなもの	0
こなわさび	3
こにわ	0
こぬか	0
こぬれ	0
こねあがり	0
こねいた	0
こねずみ	2
こねて	0
こはやぶさ	3
こばけずり	3
こばさみ	2
こばなれ	2
こひさし	2
こびさし	2
こひざ	0
こひる	0
こびへつらい	0
こふで	0
こぶしまわし	4
こぶたん	0
こぶとり	2
こぶな	0
こべり	0
こほうき	2
こぼしばなし	4
こぼれうめ	3
こぼれざいわい	4
こぼれだね	4
こぼれだま	0
こまおどり	3
こまがま	0
こまくらべ	3
こまぐみ	0
こまつなぎ	3
こまつぶり	3
こまづかい	3
こまはこび	3
こまびな	0
こまむすび	3
こまりがお	0
こまりもの	0
こまりもん	0
こみえだ	0
こみせ	0
こみどり	2
こむかで	2
こむし	0
こむすび	2
こむね	0
こむらがえり	4
こめあめ	2
こめがゆ	0
こめがら	0
こめこめ	0
こめだわら	3
こめどんや	3
こめぬき	0
こめば	0
こめびつ	0
こめや	2
こめわら	0
こもかぶり	3
こもだれ	0
こもに	0
こもはり	0
こもぶき	0
こもりいし	3
こもりぬ	3
こやけ	0
こやしぐい	0
こやしない	2
こやみ	0
こよみづくり	4
こよみや	0
こよりぎれ	0
こりのほうり	4
これかれ	1
ころがき	2
ころしぶね	3
ころびどめ	0
ころもあげ	0
ころもげ	3
こわいい	0
こわおもて	0
こわがみ	0
こわがゆ	0
こわつき	0
こわに	0
こわめし	0
こわらわ	2
ごみあな	0
ごみあぶら	3
ごみがわ	0
ごみさらい	3
ごみぱっくん	3
さいさき	0
さいで	0
さおいし	2
さおかじ	0
さおさばき	3
さおした	0
さおじり	0
さおたて	0
さおだし	0
さおつり	0
さおづくり	3
さおな	0
さおばかり	3
さおぶくろ	3
さおぶち	0
さおぶね	0
さおやり	0
さかあがり	3
さかいじ	2
さかがめ	0
さかきば	0
さかぎ	0
さかげ	0
さかご	0
さかさぎ	3
さかさことば	4
さかさすぎ	3
さかさづり	0
さかさまつげ	4
さかしお	0
さかしびと	3
さかしめ	0
さかしらぐち	4
さかしらごころ	5
さかずきあらそい	5
さかずきごし	0
さかずきひも	4
さかぞり	0
さかだね	0
さかたね	0
さかだな	0
さかつこ	2
さかつぼ	0
さかづつ	0
さかとび	0
さかとんぼ	3
さかないり	0
さかないれ	3
さかなうり	3
さかながわり	4
さかなぎらい	4
さかなざら	3
さかなだし	3
さかなつき	3
さかなのぞき	4
さかなばこ	3
さかなばなれ	4
さかなみ	0
さかに	0
さかねじ	0
さかはぎ	0
さかばた	0
さかふね	0
さかぶくろ	3
さかほがい	3
さかまた	0
さかむけ	0
さかむろ	0
さかめ	0
さかやき	0
さかやけ	0
さかゆめ	0
さかよせ	0
さがしもの	0
さがりぐも	4
さがりづな	3
さがりはば	0
さがりふじ	3
さがりまゆ	4
さきいか	2
さきいと	0
さきいれ	0
さきおり	0
さきがい	0
さきがし	0
さきがり	0
さきがれ	0
さきぎり	0
さきくぐり	3
さきごめ	0
さきすがた	3
さきぞなえ	3
さきだし	0
さきっちょ	0
さきづけ	0
さきどめ	0
さきのべ	0
さきのり	0
さきはば	0
さきばこ	0
さきばら	0
さきばらい	3
さきぶと	0
さきぶれ	0
さきぼそ	0
さきまわし	0
さきよみ	0
さきわけ	0
さぎあし	0
さぎとり	0
さぎまい	0
さくごし	0
さくらいろ	0
さくらがさね	4
さくらがみ	3
さくらがら	0
さくらくらべ	4
さくらしべ	3
さくらつぼみ	4
さくらづけ	0
さくらなべ	4
さくらに	0
さくらばい	3
さくらびと	3
さくらぼし	3
さくらみち	3
さくらめし	3
さくらもち	3
さくらゆ	3
さぐりばし	4
さぐりばり	4
さけいり	0
さけいれ	2
さけおにぎり	4
さけくらい	3
さけぐせ	0
さけくせ	0
さけぐみ	0
さけこうじ	3
さけさかな	0
さけしつ	0
さけしぼり	3
さけずし	2
さけたら	0
さけづくり	3
さけとっくり	3
さけばね	0
さけぶろ	0
さかます	0
さけまつり	3
さけまんま	3
さけわっぱ	3
さげあし	2
さげかじ	2
さげがみ	2
さげしお	0
さげに	0
さげふだ	2
さげみずら	3
さげもどし	0
さごろも	0
ささあめ	0
ささいろ	0
ささえぎ	3
ささえだ	0
ささえづな	3
ささおり	0
ささかざり	3
ささかま	0
ささかまぼこ	3
ささがき	0
ささがた	0
ささがに	0
ささげつつ	3
ささげもち	3
ささざけ	2
ささしお	0
ささなき	0
ささびき	0
ささぶき	0
ささぶね	0
ささべに	0
ささべり	0
ささまき	0
ささまくら	3
ささやぶ	0
さざえとり	3
さざれ	0
さしあい	0
さしあな	0
さしいで	0
さしえさ	0
さしえだ	0
さしお	0
さしかえ	0
さしかえし	0
さしかけ	0
さしかこ	3
さしかぶ	0
さしがさ	3
さしがみ	0
さしくび	2
さしぐし	2
さしぐすり	3
さしぐち	2
さしこ	3
さしごこち	0
さしごと	0
さしさわり	0
さしぞえ	0
さしたて	0
さしちがい	0
さしつけ	0
さしどこ	2
さしところ	0
さしどころ	0
さしなわ	0
さしぬき	0
さしね	2
さしばり	3
さしひかえ	0
さしひも	0
さしぶ	0
さしぶくろ	3
さしまえ	0
さしみず	2
さしむかい	0
さしむかひ	0
さしめ	0
さしもつれ	0
さしもどし	0
さしゆ	2
さしわく	0
さしわけ	0
さすて	1
さすまた	0
さすらいびと	3
さそいかけ	0
さそいづり	0
さそいなき	0
さそりざわ	3
さとおさ	0
さとおり	0
さとかた	0
さとかわ	0
さとことば	3
さとごころ	3
さとさがり	3
さとざくら	3
さとだ	0
さとづくり	3
さとどなり	3
さとびらき	3
さとゆき	0
さとりがお	0
さとわ	0
さにわ	0
さねかづら	3
さねよろい	3
さばおり	0
さばきふで	3
さばぐも	0
さびあげ	0
さびあゆ	3
さびいろ	0
さびがたな	3
さびしみ	4
さびじる	0
さびだけ	2
さむよ	2
さむらいかたぎ	5
さむらいがしら	5
さむらいぐみ	0
さむらいすがた	5
さむらいまげ	3
さむらいやしき	5
さむらひと	3
さめがわ	0
さめぎわ	0
めぎわ	0
さめざや	0
さやかざり	3
さやし	2
さやて	0
さやばね	2
さやびき	0
さやぶえ	0
さやまき	2
さやまめ	2
さやもと	0
さよみ	0
さらあらい	3
さらいた	0
さらいり	0
さらかご	0
さらかず	0
さらがた	0
さらしあめ	3
さらしき	0
さらしくじら	4
さらしくび	3
さらしだい	0
さらしぬの	3
さらしねぎ	4
さらしば	0
さらしみょうが	4
さらしもの	0
さらたて	2
さらはかり	3
さらばかり	3
さらひも	0
さらぶた	0
さらまわし	3
さらやしき	3
さらわ	0
さりぎわ	0
さるいし	2
さるかい	0
さるしばい	3
さるつかい	3
さるひき	2
さるぼお	2
さるぼぼ	0
さるまい	0
されこうべ	3
ちゃわ	1
さわあい	0
さわいし	2
さわおと	0
さわかに	0
さわがわ	0
さわぎし	0
さわくだり	3
さわくぼ	0
さわじき	0
さわすじ	0
さわぞい	0
さわぞこ	0
さわづたい	3
さわはば	0
さわみず	2
さわみち	2
さわらび	2
さわりぐせ	0
さわりごこち	0
ざるあたま	3
ざれうた	2
しあいび	2
しあげあらい	4
しあげいろ	0
しあげすすぎ	4
しあげぬり	0
しあげみがき	4
しあさって	3
しいざかな	3
しいしば	0
しいめえ	1
しいれすじ	3
しいれちょう	0
しいれどんや	4
しいれね	3
しいれび	3
しおいため	3
しおうけ	0
しおおし	0
しおかえ	0
しおがしら	3
しおき	0
しおぐもり	3
しおけむり	3
しおごよみ	3
しおさめ	0
しおさんま	3
しおざかい	3
しおざかな	3
しおざけ	3
しおさけ	3
しおしゃけ	3
しおじゃけ	3
しおじめ	0
しおずり	0
しおせ	1
しおぜ	1
しおそば	0
しおたき	0
しおたまご	3
しおだまり	3
しおだら	3
しおだれ	0
しおだわら	3
しおつぶ	3
しおどおし	3
しおどまり	0
しおどんや	3
しおなり	0
しおにぎり	3
しおふり	0
しおぶり	3
しおぶろ	0
しおべや	0
しおほっけ	3
しおます	2
しおまつり	3
しおまめ	2
しおみち	2
しおむし	0
しおむすび	3
しおもずく	3
しおもの	2
しおやせ	0
しおゆ	2
しおりぐさ	3
しかおとこ	3
しかおどり	3
しかがしら	3
しかがた	0
しかけおもちゃ	5
しかけがい	0
しかけみち	3
しかけもの	0
しかけや	3
しかけわざ	0
しかじるし	3
しかたばなし	4
しかにかわ	3
しかばね	0
しかばねひめ	4
しかむし	2
しかめっつら	0
しかめつら	0
しかめづら	0
しかりて	0
しきあみ	0
しきいた	0
しきうつし	0
しきがわ	0
しきき	0
しきせすがた	4
しきづま	0
しきなみ	0
しきびき	0
しきりいた	4
しきりだな	3
しきりど	3
しきりば	0
しきりべや	0
しきりまど	4
しきりわく	3
しきわら	0
しぎやき	0
しぐち	0
しぐれに	0
しけいと	0
しげえ	0
しこみがたな	4
しこみづえ	4
しこみねぎ	4
しこみばり	4
しこみみず	3
しころびき	0
しごきぞめ	0
しごといのち	4
しごとうた	3
しごとえらび	4
しごとおこし	4
しごとさがし	4
しごとしらべ	4
しごとづくえ	4
しごとねこ	4
しごとべや	0
しごとまえ	4
ししあな	0
ししおき	0
ししがき	2
ししつき	0
ししひと	2
ししびと	0
ししやお	0
しじみばな	3
しじら	0
しじらおり	0
しずくがた	0
しずみうお	3
しずみこみ	0
しずみぼり	0
しずめおり	0
しずりは	0
したあじ	0
したあて	0
したあな	0
したあらい	3
したいた	0
したいと	0
したうら	0
したえだ	0
したえり	0
したおび	0
したかぶ	0
したがけ	0
したがまち	3
したがめ	0
したき	0
したぐみ	0
したしごと	3
したすだれ	3
したすみ	0
したたかもの	0
したちち	0
したつけ	0
したつづみ	3
したづつみ	3
したづかい	3
したづくえ	3
したづけ	0
したづみ	0
したてもの	0
したてや	0
したどり	0
したなげし	3
したぬい	0
したは	0
したばかま	3
したばき	0
したばね	0
したばり	0
したひげ	0
したひだり	3
したび	0
したびき	0
したふた	0
したぶれ	0
したべり	0
したまえ	0
したまかせ	3
したまつげ	3
したまぶた	3
したみがき	3
したみぎ	0
したもえ	0
したもも	0
したやみ	0
したよせ	0
したよみ	0
したわく	0
したわざ	0
したわたし	0
したわらび	3
しだしや	0
しだれうめ	3
しだれもも	3
しっこし	0
しっぽきり	3
しつうた	2
しつけいと	4
しとぎもち	3
しとね	0
しどみ	0
しないうち	3
しながし	0
しながら	0
しながれ	0
しなさかる	0
しなぞろい	3
しなだし	0
しなだま	0
しなちがい	3
しなと	0
しなぬの	0
しなぶれ	0
しなりもどり	4
しにうま	0
しにかわり	0
しにがお	0
しにがね	0
しにがみ	0
しにがめ	0
しにがら	0
しにぎわ	0
しにくち	0
しにくび	0
しにすじ	0
しにどき	0
しにばな	0
しにぶし	0
しにみ	0
しのこし	0
しのすすき	3
しのだけ	2
しののめ	0
しのびあい	0
しのびおどり	4
しのびがえし	4
しのびがたな	4
しのびぐさ	3
しのびぐみ	0
しのびじに	0
しのびて	0
しのびなき	0
しのびはかま	4
しのびばたらき	4
しのびぶえ	3
しのびやど	4
しのぶぐさ	3
しはらいがわ	0
しはらいさき	0
しはらいづき	3
しはらいとどけ	5
しはらいばこ	3
しはらいび	3
しはらいもと	0
しばうり	0
しばがきの	0
しばくず	3
しばづくり	3
しばづけ	0
しばど	2
しばなえ	0
しばにわ	0
しばっぱら	0
しばめ	0
しばらくきつね	5
しばりくび	3
しばりまつ	4
しびれぐすり	4
しぶあゆ	3
しぶいろ	0
しぶきり	0
しぶごのみ	3
しぶずみ	0
しぶぞめ	0
しぶっつら	0
しぶのり	0
しべ	1
しぼかわ	0
しぼりあらい	4
しぼりかす	4
しぼりくび	3
しぼりざき	0
しぼりたて	0
しぼりぶくろ	4
しぼりゆかた	4
しまいと	0
しまいめし	2
しまうた	2
しまうまれ	3
しまおくり	3
しまおこし	3
しまおり	0
しまおろし	3
しまがえり	3
しまがくれ	3
しまがら	0
しまがわ	0
しまぐらし	3
しまざけ	2
しまそだち	3
しまつむぎ	3
しまづくり	3
しまづたい	3
しまながし	3
しまにしき	3
しまねこ	0
しまびらき	3
しままわり	3
しまめぐり	3
しまやけ	0
しまやぶり	3
しまやま	0
しまゆり	2
しまりや	0
しまりゆき	3
しみかび	0
しみけし	0
しみだし	0
しみゆき	2
しめあと	0
しめいろ	0
しめおどり	3
しめかたまり	0
しめかため	0
しめくぎ	2
しめこみ	0
しめしみず	3
しめじたけ	3
しめの	0
しめひも	0
しめまし	0
しめやま	0
しめりけ	0
しもがこい	3
しもがれ	0
しもごえ	0
しもさむ	0
しもたや	0
しもだたみ	3
しもつかた	0
しもつき	2
しもつひ	3
しもとづえ	4
しもどけ	0
しもは	0
しもばしら	3
しもべぐすり	4
しもべや	0
しもゆ	0
しもゆき	2
しゃくみ	0
しゃちほこだち	0
さちほこだち	0
しゃちみみ	0
しゃべりおとこ	4
しゃべりくち	3
しゃべりことば	4
しゃべりごえ	4
しゃべりちがえ	0
しゃべりづめ	0
しゃべりて	4
しゃべりばこ	3
しゃべりべた	0
しゃれおとこ	3
しゃれぎ	0
しゃれことば	3
しゃれまつ	0
しゅうとかぜ	3
しゅくこう	1
しょいあげ	0
しょいかご	0
しょいこ	0
しょっつる	0
しょっつるなべ	5
しよせ	0
しらあや	0
しらがゆ	2
しろがゆ	2
しらかゆ	2
しらがあたま	4
しらがぞめ	0
しらがねぎ	4
しらきも	0
しらけがお	0
しらげ	0
しらごえ	0
しらさや	0
しらぬい	0
しらはに	0
しらべお	3
しらべおび	4
しらべぐるま	4
しらべごと	0
しらべのお	0
しらべもん	0
しらまなご	3
しらやき	0
しらゆ	2
しらゆり	2
しりあがり	3
しりあな	0
しりうま	0
しりかくし	3
しりからげ	3
しりがわ	0
しりくせ	0
しりくべなわ	4
しりぐされ	0
しりげ	0
しりこ	0
しりさがり	3
しりたたき	3
しりたぶ	3
しりだこ	0
しりはしょり	3
しりぱしょり	0
しりっぽ	4
しりなめ	0
しりにく	0
しりはね	0
しりびと	0
しりびれ	0
しりふき	2
しりぶか	0
しりぼね	0
しりゆ	0
しるうけ	0
しるかけ	0
しるしづけ	0
しるそば	0
しるどめ	0
しれびと	0
しれもの	0
しろあおい	3
しろあか	1
しろあさ	0
しろあざ	0
しろあずき	3
しろあぶら	3
しろあわ	0
しろいき	0
しろいたち	3
しろいぬ	0
しろうき	0
しろうど	0
しろえび	0
しろえり	0
しろおび	0
しろかび	0
しろかぶ	0
しろがさね	3
しろがすり	3
しろがた	0
しろがまえ	3
しろがわ	0
しろくい	0
しろくび	2
しろぐみ	0
しろこ	2
しろさび	0
しろざら	0
しろしめじ	3
しろしも	0
しろじま	0
しろすぎ	0
しろぜめ	0
しろそこひ	3
しろたで	0
しろたび	0
しろだし	0
しろだすき	3
しろちゃり	0
しろつばき	3
しろつむぎ	3
しろづとめ	3
しろとさか	3
しろとび	0
しろとびら	3
しろなす	0
しろなつめ	3
しろなべ	0
しろなわ	0
しろにきび	3
しろぬの	0
しろねこ	0
しろねずみ	3
しろねり	0
しろのこり	3
しろはぎ	0
しろはこ	0
しろはと	0
しろば	0
しろばかま	3
しろばんば	3
しろひげ	0
しろひも	0
しろふくろふ	4
しろふくろう	4
しろふだ	0
しろぶさ	0
しろぶすま	3
しろぶち	0
しろへび	0
しろまく	0
しろまつ	2
しろまめ	0
しろまゆ	0
しろみがき	3
しろもち	2
しろやぎ	0
しろやまぶき	4
しろゆかた	3
しろわく	0
しろわし	0
しろわびすけ	4
しろわり	0
しわがお	0
しわくび	0
しわだれ	0
しわづら	0
しわばら	0
じかに	0
じきわか	0
じごしらえ	2
じじいごろし	4
じじすぎ	0
じまこ	1
じゃりはま	0
すあげ	0
すあな	0
すあぶら	2
すあわせ	2
すいあげ	0
すいかけ	0
すいくち	0
すいこみ	0
すいため	2
すいだし	0
すいだね	0
すいだま	0
すいづつ	0
すいのみ	0
すうたい	2
すえぎり	0
すえくち	0
すえざら	0
すえずえ	2
すえつかた	3
すえつき	0
すえつくり	3
すえば	0
すえひめ	2
すえふろ	0
すえむすこ	3
すえもの	0
すおとし	3
すおどり	2
すかしおり	0
すかしっぺ	0
すかしばこ	0
すかしぼり	0
すかぶ	0
すがいと	0
すががき	2
すがけ	0
すがごも	0
すがたかたち	1
すがたずし	3
すがたたみ	3
すがたづくり	4
すがたに	0
すがたやき	0
すがたり	2
すがりつな	3
すきあぶら	3
すきおり	0
すきかえし	0
すきがみ	0
すきぎ	0
すきぎがま	3
すきぐし	0
すきげ	0
すきこのみ	0
すきこみ	0
すきご	0
すきごころ	3
すきて	0
すきどこ	0
すきっぱら	0
すきばら	0
すきむら	0
すきめ	0
すきわた	0
すぎあや	0
すぎおけ	0
すぎおり	0
すぎこし	0
すぎだま	0
すぎなり	0
すぎばこ	0
すくいうち	0
すくいがみ	2
すくいだし	0
すくいつり	0
すくいて	0
すくいなげ	0
すくいわざ	0
すくみあし	3
すくら	0
すぐち	0
すぐばり	0
すぐりわら	3
すけおみ	2
すけだち	0
すけのみやつこ	5
すけぶね	0
すげかえ	0
すげなわ	0
すこぶるつき	0
すざら	1
すしあわび	3
すしず	0
すしだね	0
すしだる	0
すしづめ	0
すしずめ	0
すしねた	0
すしべや	0
すしもり	0
すじかぶと	3
すじぎれ	0
すじくま	0
すじぐも	0
すじだて	0
すじとり	0
すじはこび	3
すじぼね	0
すじまき	0
すじむかい	3
すじむこう	3
すじむかひ	3
すじめ	0
すじもの	0
すすいろ	0
すすきがはら	4
すすきはら	3
すすきみみずく	5
すすぎのこし	0
すすぎのこり	0
すすぎみず	3
すすぎゆ	3
すすけ	3
すすごえ	0
すすたけ	0
すすだけ	0
すすほこり	0
すすまみれ	3
すすみがわ	0
すすりなき	0
すずいた	0
すずいり	0
すずいろ	0
すずくれ	0
すずたけ	2
すずな	0
すずなみ	0
すずなわ	0
すずばち	2
すずぶち	0
すずみどこ	0
すずみどころ	0
すずめいろ	0
すずめうお	3
すずめおどし	4
すずめおどり	4
すずめずし	3
すずめやき	0
すずりあらい	4
すずりいし	3
すずりづくり	4
すずりばこ	3
すずりぶた	3
すずりほり	3
すずりゆ	3
すそいた	0
すそからげ	3
すそがり	0
すそがわ	0
すそきり	0
すそくろ	0
すそぐち	0
すそご	0
すそさばき	3
すそした	0
すそしぼり	3
すそたけ	2
すそつき	0
すそなおし	0
すそぬの	0
すそはば	0
すそびき	0
すそまわり	3
すそもの	0
すそやま	0
すそわた	0
すたまご	2
すたり	0
すたれもの	0
すだちがま	0
すだちす	3
すだれごし	0
すだれど	3
すっぱがしら	4
すっぱぬき	0
すづくり	2
すていた	0
すていろ	0
すてうま	0
すてうり	0
すてがな	0
すてがね	0
すてぐされ	0
すてぐせ	0
すてご	0
すてごま	0
すてだし	0
すてどころ	0
すてね	0
すてねこ	0
すてひじり	3
すてみみ	0
すてゆ	0
すどこ	0
すなあそび	3
すなあらし	3
すないろ	0
すなおとし	3
すなおろし	3
すなかき	3
すなかべ	0
すながた	0
すながめ	0
すなけむり	3
すなご	0
すなざら	0
すなすり	0
すなずり	0
すなながし	3
すなぬき	0
すなばこ	0
すなばしり	3
すなぶくろ	3
すなぶね	0
すなぶろ	0
すなまじり	3
すなみがき	3
すなむし	2
すなもぐら	3
すなもり	0
すなやま	0
すなゆ	0
すねいた	0
すねかじり	3
すねぎり	0
すねもの	0
すはだ	1
すはだし	2
すはま	0
すばす	0
すばなし	2
すびき	3
すびたし	2
すべや	0
すべりかわ	3
すべりだし	0
すべりて	0
すべりど	3
すべりば	0
すぼまり	0
すぼみくち	3
すぼり	0
すまいあと	4
すまいさがし	4
すまき	0
すましがお	0
すましじたて	4
すましじる	4
すましや	0
すまた	0
すみうち	0
すみおうぎ	3
すみきり	4
すみぎ	0
すみくず	3
すみくち	2
すみくろ	0
すみぐろ	0
すみごろも	3
すみずり	0
すみぞめ	0
すみだし	0
すみつけ	4
すみどんや	3
すみはだ	0
すみばこ	0
すみばしら	3
すみひき	0
すみまき	2
すみまる	0
すみもち	0
すみやぐら	3
すみれぐさ	3
すみわけ	0
すむつかり	2
すめかみ	2
すめし	0
すもうごっこ	4
すもうば	0
すもうばなれ	4
すもぐり	2
すももいろ	0
すやり	0
すりあがり	0
すりいし	2
すりいも	2
すりいろ	0
すりうす	3
すりうるし	3
すりかえ	0
すりきり	0
すりけし	0
すりこ	3
すりごよみ	3
すりごろも	3
すりざさら	3
すりじる	0
すりだし	0
すりなおし	0
すりながし	0
すりぼとけ	3
すりみ	3
すりみがき	3
すりむけ	0
すれあい	0
すわえ	0
すわく	1
すわりしごと	4
すわりだこ	4
すわりづくえ	4
すわりづめ	0
すわりね	0
ずくおし	0
ずはなち	0
ずんぎり	0
ずんど	0
せあき	0
せあげ	0
せあて	0
せあぶら	2
せあらい	2
せいくらべ	3
せおと	0
せかた	0
せがえ	0
せがら	0
せきあじ	2
せきいた	0
せきぎめ	0
せきとめ	0
せきどめ	0
せきのやま	5
せきやぶり	3
せぎり	0
せぎれ	0
せこいし	2
せこぶね	0
せじり	0
せつろ	1
せづり	0
せぬい	0
せぬひ	0
せのきみ	1
せびくじら	3
せびらき	2
せぶし	0
せまもり	2
せみごえ	0
せみつか	0
せむし	0
せめあい	0
せめうま	2
せめくち	2
せめぐち	2
せめすじ	0
せめたき	0
せめどい	0
せめどころ	0
せもこ	1
せりあげ	0
せりいし	2
せりがい	0
せりこみ	0
せりだし	0
せりもち	0
せわき	0
せわり	0
ぜにばな	0
ぜにぶくろ	3
ぜんまいねずみ	5
ぜんまいわっぱ	5
そいあい	0
そいちち	0
そいぶし	0
そえいた	0
そえうま	0
そえがき	0
そえぎ	0
そへぎ	0
そえぐし	0
そえこ	0
そえぢ	0
そえのほうり	4
そえのり	0
そえばしら	3
そえびと	0
そえぶみ	0
そぎいた	0
そぎだけ	2
そぎづくり	3
そぎめ	3
そっくび	0
そこあげ	0
そこあな	0
そこあれ	0
そこい	0
そこいし	0
そこいた	0
そこうお	0
そこがわ	0
そこぐみ	0
そこさげ	0
そこささえ	3
そこすな	0
そこつち	0
そこづみ	0
そこづり	0
そこなし	0
そこなだれ	3
そこに	0
そこのけ	0
そこはば	0
そこばい	0
そこびき	0
そこぶた	0
そこまめ	0
そこわく	0
そこわれ	0
そしり	3
そそぎぐち	0
そそぎのこし	0
そぞろあるき	4
そぞろがみ	3
そぞろごころ	4
そぞろごと	0
そだちなおし	0
そだておや	0
そちのみや	0
そちらがわ	0
そであて	0
そであみ	0
そでうら	0
そでおとし	3
そでかくし	3
そでがわ	0
そでぐくり	3
そでぐり	0
そでした	0
そでじるし	3
そですり	0
そでたもと	3
そでづか	0
そでなおし	0
そでのした	5
そではば	2
そでひき	0
そでやま	0
そでやり	0
そとあな	0
そとあるき	3
そとおもて	3
そとおり	0
そとがき	0
そとがけ	0
そとがこい	3
そとがま	0
そとがまえ	3
そとくるぶし	4
そとさし	0
そとざや	0
そとしごと	3
そとだき	0
そとづけ	0
そととびら	3
そとなべ	0
そとにわ	0
そとぬい	0
そとねこ	0
そとのし	0
そとのぼり	3
そとのり	0
そとは	0
そとはね	0
そとはま	0
そとばき	0
そとひざ	0
そとびらき	3
そとぶくろ	3
そとぶた	0
そとぼうき	3
そとまき	0
そとまご	0
そとまた	0
そとまち	2
そとまど	0
そとむき	0
そともも	0
そとわく	0
そとわに	0
そなえおき	0
そなえば	0
そなえもち	3
そねみ	3
そばえ	0
そばごめ	0
そばざら	0
そばづかえ	3
そばづくり	3
そばみち	2
そばもち	2
そばゆ	2
そまかく	0
そまぎ	0
そまみち	2
そまやま	0
そめあがり	0
そめいと	0
そめいろ	0
そめかえ	0
そめがすり	3
そめがた	0
そめがみ	0
そめこ	0
そめし	2
そめつけ	0
そめどの	0
そめなおし	0
そめぬき	0
そめぬの	0
そめのこり	0
そめば	0
そめむら	0
そめもの	0
そよかぜ	2
そらいろ	0
そらおぼえ	3
そらぐみ	0
そらだき	0
そらだのみ	3
そらどけ	0
そらなみだ	3
そらにえ	0
そらめ	2
そらよみ	0
そらよろこび	3
そらわらい	3
そりあじ	2
そりあと	0
そりごし	0
そりさげ	0
そりじた	0
そりはし	2
そりば	2
そりひき	2
それだま	0
それや	2
そろいうち	0
そろいもの	0
ぞめき	3
たあるじ	2
たいめし	0
たおこし	2
たおしこみ	0
たおやめ	0
たおれぎ	3
たかあがり	3
たかいびき	3
たかうね	0
たかおこし	3
たかおに	2
たかがひ	0
たかがかり	3
たかだすき	3
たかつぎ	0
たかどの	0
たかなき	0
たかば	0
たかばい	0
たかばなし	3
たかぼうき	3
たかまくら	3
たかまげ	0
たかみくら	3
たかもち	2
たかもも	0
たかより	0
たからげ	3
たからじま	0
たからつぼ	3
たからづくし	4
たからにしき	4
たからばこ	3
たからやしき	4
たきあげ	0
たきあと	0
たきあわせ	0
たきおと	0
たきおとし	0
たきがら	0
たきぎこり	3
たきぎつくり	4
たきぎとり	3
たきぎやま	0
たきごもり	0
たきさし	0
たきざくら	3
たきじる	0
たきたて	0
たきだし	0
たきつけ	0
たきながし	0
たきば	0
たきばらい	0
たきまつり	3
たきみち	0
たきめぐり	3
たきもの	0
たきわけ	0
たくみだましい	4
たくみどり	3
たくみわざ	0
たくらみごと	0
たぐさ	1
たぐろ	1
たけあかり	3
たけあし	0
たけあわせ	3
たけいかだ	3
たけうま	0
たけかんむり	3
たけがり	0
たけくら	0
たけくらべ	3
たけこき	0
たけささ	0
たけざお	0
たけざくら	3
たけざる	0
たけじお	0
たけす	0
たけすそ	0
たけつめ	0
たけづえ	3
たけとんぼ	3
たけどい	0
たけなおし	0
たけのこめ	0
たけばしご	3
たけひご	0
たけひめ	2
たけべら	0
たけぼうき	3
たけまいり	3
たけまくら	3
たけめし	0
たけやしき	3
たけやらい	3
たけわり	0
たこすぎ	0
たこづくり	3
たこのき	1
たこわさび	3
たごし	1
たごしらえ	2
たしあわせ	0
たしぬか	0
たしまえ	0
たすきすがた	4
たすけぬし	3
たずねいぬ	3
たずねさき	0
たずねもの	0
たたかいごっこ	5
たたかいづめ	0
たたきあらい	4
たたきいた	3
たたきうめ	3
たたきがね	3
たたきがめ	4
たたききゅうり	4
たたきくぎ	3
たたきしあげ	4
たたきぞめ	0
たたきほうき	4
たたみいと	4
たたみいわし	4
たたみかけ	0
たたみこみ	0
たたみした	0
たたみじわ	0
たたみばり	4
たたみべや	0
たたみやぐら	4
たたらまつり	4
たたりいし	3
たたりがみ	3
たたりふうじ	4
たたりめ	0
たたりもの	0
ただびと	0
ただもうけ	3
ただもどり	3
たちあし	2
たちあわせ	0
たちえだ	0
たちおとし	0
たちおよぎ	3
たちかかえ	0
たちがま	0
たちくい	0
たちくず	3
たちぐされ	0
たちぐらみ	0
たちげ	2
たちごおり	3
たちごしらえ	3
たちさばき	3
たちしごと	3
たちじに	0
たちすがた	3
たちすわり	0
たちそば	0
たちだし	0
たちづくえ	3
たちづめ	0
たちながし	0
たちのき	0
たちのり	0
たちはこび	3
たちはし	0
たちはじまり	0
たちばさみ	3
たちばら	0
たちひざ	2
たちふるまい	3
たちぶるまい	0
たちまはり	0
たちまわり	0
たちめ	3
たちもの	2
たちわき	0
たちわざ	0
たつどし	0
たづくり	2
たてあい	0
たてあげ	0
たてあみ	0
たてうず	0
たてかすり	3
たてかぶ	2
たてがすり	3
たてがまち	3
たてがみ	0
たてき	0
たてきり	0
たてぎね	0
たてぐし	2
たてけずり	3
たてげた	0
たてこみ	0
たてこもり	0
たてざる	0
たてし	2
たてしお	0
たてしま	0
たてしわ	0
たてすじ	0
たてずれ	0
たてだおれ	0
たてだき	0
たてつぎ	0
たてつけ	0
たてつぼ	2
たてなし	2
たてならび	0
たてなわ	0
たてぬし	2
たてね	2
たてのび	0
たてはぎ	0
たてはば	0
たてひき	2
たてひも	0
たてびき	0
たてふり	0
たてぼし	0
たてぼり	0
たてまき	0
たてまし	0
たてまつりもの	0
たてみぞ	0
たてめ	0
たてもち	0
だてもの	2
たてゆり	0
たてゆれ	0
たてよみ	0
たてわく	0
たてわけ	0
たです	0
たたみがみ	3
たとうがみ	2
たとえうた	3
たとえばなし	4
たどりよみ	0
たないた	0
たないと	0
たなうけ	0
たなおち	0
たなかざり	3
たながえ	0
たながり	0
たなぐも	0
たなこ	0
たなごおり	3
たなざし	0
たなざらえ	3
たなした	0
たなすえ	0
たなだて	0
たなづくり	3
たにいき	2
たにうつぎ	3
たにうめ	2
たにおり	0
たにおろし	3
たにかた	2
たにぐわ	0
たにごえ	0
たにすじ	0
たにぞい	0
たにどめ	0
たにはば	0
たにびらき	3
たにぶところ	3
たにみち	2
たぬきじる	4
たぬきそば	4
たぬきづか	3
たぬきばやし	4
たぬきまつり	4
たぬきも	3
たぬし	1
たねあぶら	3
たねあみ	0
たねいし	2
たねいも	0
たねおや	0
たねおろし	3
たねがわり	3
たねぎ	0
たねじる	0
たねずみ	2
たねちがい	3
たねつぶ	3
たねなすび	3
たねなす	0
たねふくろ	3
たねもの	2
たねもみ	2
たのきがわ	3
たのしみごと	0
たのしみついで	5
たのみがい	0
たのもし	0
だのもし	0
たばかりごと	0
たばづり	0
たばねのし	3
たばまつげ	3
たびかせぎ	3
たびかばん	3
たびがらす	3
たびぐらし	3
たびごころ	3
たびごろも	3
たびすがた	3
たびずまい	3
たびつづき	3
たびづかれ	3
たびね	0
たびはだし	3
たびまくら	3
たびまわり	3
たびもの	0
たびやつれ	3
たべあと	0
たべあわせ	0
たべおさめ	0
たべかけ	0
たべがら	0
たべくず	3
たべくらべ	0
たべこぼし	0
たべづかれ	0
たべづわり	0
たべのこり	0
たべむら	0
たべよごし	0
たまあし	0
たまいと	0
たまうち	3
たまうどん	3
たまえび	2
たまおくり	3
たまかざり	3
たまかず	0
たまかんざし	3
たまがき	2
たまぎれ	0
たまくし	2
たまくしげ	4
たまくしろ	3
たまぐき	2
たまぐし	2
たまげ	0
たまごあじ	3
たまごいため	4
たまごうみ	3
たまごかけ	0
たまござけ	3
たまごたて	3
たまごとじ	3
たまごどんぶり	4
たまごぬすみ	4
たまごむすび	4
たまさばき	3
たましずめ	3
たまじたて	3
たまじめ	0
たまずさ	2
たまそば	0
たまだて	0
たまだれ	0
たまつぎ	0
たまつり	0
たまづまり	0
たまで	0
たまとき	0
たまどめ	0
たまなえ	0
たまながれ	3
たまなげ	0
たまばこ	0
たまひつ	0
たまぶさ	2
たままわし	3
たまむかえ	3
たまむすび	3
たまりづけ	0
たまりみず	3
たみぐさ	0
ためい	0
ためがき	0
ためざる	0
ためしがき	0
ためしがみ	0
ためしぎり	0
ためしずり	0
ためしたたき	0
ためしづけ	0
ためしぬい	0
ためしぬり	0
ためしねり	0
ためしのり	0
ためしばき	0
ためしふき	0
ためしぼり	0
ためしよみ	0
ためすすぎ	3
ためつぼ	0
ためぬり	0
ためらいきず	3
たもとぐさ	3
たゆみ	3
たよりびと	3
たらいぶね	4
たらちり	0
たらつり	0
たらのこ	1
たらぶね	0
たりほ	0
たるいた	0
たるき	0
たるざけ	0
たるだし	0
たるづくり	3
たるみはだ	3
たるみひらき	0
たれおち	0
たれかざり	3
たれかべ	0
たれがみ	2
たれくち	0
たれじお	0
たれぬの	2
たれみみ	2
たれもの	2
たわしづくり	0
たわみどめ	0
たわらがた	0
たわらづみ	0
たわらづめ	0
たわらなげ	0
たわらもの	0
たわらもり	0
だきいし	0
だきおや	0
だきかご	0
だきがしわ	3
だきぐせ	0
だきね	0
だしいり	0
だしおき	0
だしおさめ	0
だしおしみ	0
だしかぜ	2
だしがわり	3
だしづくり	3
だしなげ	0
だしに	0
だしはば	0
だしまつり	3
だしわり	0
だだこね	0
だだつこ	2
だっこひも	3
だておとこ	3
だてじめ	0
だてすがた	3
だてまき	0
だましあい	0
だましどり	0
だれかれ	1
たれびと	0
だれびと	0
ちあい	0
ちあわ	0
ちいさがたな	4
ちうみ	0
ちかいごと	0
ちかたびら	2
ちかび	2
ちかや	0
ちからあし	3
ちからいり	0
ちからおし	0
ちからおとし	4
ちからこぶ	3
ちからぜめ	0
ちからだめし	4
ちからぬの	3
ちからみず	3
ちかわ	0
ちぎも	0
ちけむり	2
ちごがしら	3
ちござくら	3
ちごはやぶさ	3
ちしぶき	2
ちぞめ	0
ちだめ	0
ちちあて	0
ちちあめ	2
ちちいろ	0
ちちうえ	0
ちちがみ	0
ちちがゆ	0
ちちがわり	3
ちちぎつね	3
ちちぐま	0
ちちごろし	3
ちちさき	0
ちちした	0
ちちしぼり	3
ちちだし	0
ちちどり	2
ちちぬし	2
ちちねこ	0
ちちみかど	3
ちちや	2
ちちゆずり	3
ちぢみおり	0
ちぢみがた	0
ちぢみがわ	0
ちぢみざさ	3
ちぢみな	0
ちぢみぬの	3
ちぢれ	0
ちぢれげ	0
ちぢれっけ	0
ちぢれひげ	3
ちつづき	2
ちぬき	0
ちのり	0
ちのわ	0
ちびふで	2
ちぶくら	2
ちぶくろ	2
ちまきずし	3
ちまきづくり	4
ちまたながし	4
ちまめ	0
ちみぞ	0
ちみち	0
ちめ	2
ちやり	0
ちゅうなべ	0
ちょうず	1
ちらしがき	0
ちらしだま	0
ちりかご	0
ちりがて	0
ちりぎわ	0
ちりくも	0
ちりけ	0
ちりざくら	3
ちりだに	0
ちりつばき	3
ちりつぶ	0
ちりづか	0
ちりはい	0
ちりはらい	3
ちわた	0
ちんくしゃ	0
ちんば	1
ついえ	0
ついがき	0
ついがさね	3
ついでがい	0
つえがた	0
つえさき	0
つえざくら	3
つえねた	0
つえめ	0
つかあな	0
つかいかけ	0
つかいくらべ	0
つかいこみ	0
つかいさき	0
つかいし	0
つかいっぱしり	0
つかいひめ	3
つかいみず	2
つかがしら	3
つかなり	0
つかまえどころ	0
つかみあい	0
つかみがね	0
つかみつな	3
つかみめし	3
つかみわけ	0
つかみわざ	0
つかりゆ	3
つかれがお	0
つかれはだ	3
つかわしめ	0
つがいぎ	2
つきあし	0
つきいし	0
つきうす	3
つきうま	0
つきうめ	2
つきおとこ	3
つきおとし	0
つきかため	0
つきがえる	3
つきがさ	3
つききず	2
つきぐさ	0
つきくさ	0
つきぐみ	0
つきぐるま	3
つきげ	0
つきごもり	3
つきざけ	0
つきしろ	0
つきたらず	3
つきなだ	0
つきぬけ	0
つきねこ	0
つきのさわり	0
つきはな	0
つきばらい	3
つきべり	0
つきまいり	3
つきまとい	0
つきまわり	3
つきみや	2
つきめ	0
つきもうで	3
つきやり	0
つきゆび	0
つきゆみ	0
つぎあわせ	0
つぎうま	0
つぎかえ	0
つぎくち	0
つぎこし	0
つぎこみ	0
つぎざお	0
つぎたて	0
つぎて	0
つぎば	0
つぎは	0
つぎほ	0
つぎもの	0
つくえいた	4
つくえがわり	4
つくえごし	0
つくえより	0
つくねめし	0
つくもどころ	0
つくもなす	4
つくりかけ	0
つくりごえ	4
つくりなき	0
つくりにわ	0
つくりぬし	3
つくりびと	3
つくりまゆ	4
つくりめ	0
つくりわけ	0
つけあい	0
つけあがり	0
つけあげ	0
つけえさ	0
つけおき	0
つけおけ	0
つけおび	3
つけがき	0
つけがわ	0
つけぎ	2
つけくわえ	0
つけぐすり	3
つけげ	0
つけごこち	0
つけさげ	0
つけざし	0
つけしろ	0
つけじる	0
つけす	0
つけそば	0
つけだし	0
つけだれ	0
つけつゆ	0
つけづゆ	0
つけどまり	0
つけなおし	0
つけはずし	0
つけば	0
つけばしら	3
つけばり	0
つけひも	0
つけび	2
つけびと	0
つけぼくろ	3
つけぼし	0
つけまつげ	3
つけみず	0
つけめ	3
つけやき	0
つけやぐら	3
つげぐし	0
つこうど	2
つごもり	0
つじうらない	3
つじうり	0
つじかぜ	2
つじぎり	0
つじぐるま	3
つじだち	0
つじつじ	2
つじまち	0
つじまわし	3
つたえあい	0
つたかえで	3
つたかずら	3
つたくさ	2
つたもみじ	3
つちいみ	0
つちおと	0
つちかぶり	3
つちがみ	0
つちがわら	3
つちくずれ	3
つちくも	0
つちぐるま	3
つちけ	3
つちけむり	3
つちころし	3
つちしごと	3
つちしみ	0
つちしむ	0
つちじめ	0
つちすがり	3
つちつぶ	0
つちづけ	0
つちとり	0
つちなみ	0
つちぬり	0
つちねり	0
つちのえ	3
つちのえいぬ	0
つちのえうま	3
つちのえたつ	0
つちのえとら	0
つちのえね	0
つちのとうし	0
つちのととり	4
つちのとひつじ	5
つちのとみ	0
つちはた	0
つちはり	0
つちひねり	3
つちびな	3
つちぶえ	0
つちぼこ	0
つちほこ	0
つちほり	3
つちぼたる	3
つちまみれ	3
つちもみ	0
つちやき	0
つっかい	0
つっかえ	0
つっころばし	0
つついづつ	3
つつおと	0
つつがゆ	2
つつぎり	0
つつざき	0
つつたけ	0
つつづくり	3
つつどり	2
つつぬけ	0
つつみあげ	0
つつみかくし	0
つつみがね	3
つつみがまえ	4
つつみがみ	3
つつみぶみ	0
つつみみち	3
つつみやき	0
つづきあい	0
つづきべや	0
つづきもの	0
つづきやぐら	4
つづみうち	3
つづみふえ	3
つづらおれ	0
つづりあわせ	0
つづりこみ	0
つづれおり	0
つづれにしき	4
つなぎかえ	0
つなぎこ	0
つなぎことば	4
つなぎさお	3
つなぎすがた	4
つなぎば	0
つなぎばり	4
つなぎひも	3
つなぎめ	0
つなそ	0
つなばし	2
つなまき	0
つなわたし	3
つのうち	0
つのがい	2
つのがき	0
つのぐり	0
つのだる	0
つのつき	4
つのなめくじ	5
つのめ	0
つのゆみ	0
つばいち	2
つばきち	3
つばおと	0
つばがくれ	3
つばきいち	3
つばぎわ	0
つばくら	0
つばくろ	0
つばぜり	0
つばびろ	0
つばめがえし	4
つばもと	0
つぶうに	0
つぶえり	0
つぶがた	0
つぶからし	3
つぶがらし	3
つぶしあい	0
つぶしだま	0
つぶしのみ	0
つぶぞろい	3
つぶやきごえ	5
つぶやきよみ	0
つぶより	0
つぶれはな	3
つぼいり	0
つぼがね	0
つぼがり	0
つぼこうぶり	3
つぼす	0
つぼすみれ	3
つぼづくり	3
つぼにわ	0
つぼのいしぶみ	0
つぼほり	0
つぼやき	0
つぼゆ	0
つまいた	0
つまいり	0
つまおと	0
つまがけ	0
つまがた	0
つまがわ	0
つまくれない	4
つまくし	2
つまぐし	0
つまごみ	0
つまごめ	0
つまごろし	3
つまだち	0
つまど	2
つまね	0
つまびき	0
つめびき	0
つままかせ	3
つまみあな	3
つまみな	0
つまみばら	0
つまみもの	0
つまむすめ	3
つみおろし	0
つみかえ	0
つみき	0
つみくさ	0
つみこみ	0
つみすじ	0
つみだし	0
つみつけ	0
つみとが	1
つみとり	0
つみもどし	0
つみれ	0
つみれじる	4
つみれなべ	4
つみわら	0
つむぎいと	4
つむぎうた	3
つむぎおり	0
つめあか	0
つめあがり	0
つめあわせ	0
つめいろ	0
つめうら	0
つめうらない	3
つめえり	0
つめかみ	0
つめがた	0
つめがや	2
つめがわ	0
つめぐち	2
つめさお	0
つめとぎ	0
つめばら	0
つめべや	0
つめみがき	3
つめもの	2
つめわれ	0
つやごと	0
つやだね	0
つやもの	0
つゆじも	0
つゆだく	0
つゆだま	0
つゆづくり	3
つゆづけ	0
つゆばれ	0
つゆびえ	0
つゆまし	0
つゆむぐら	3
つよおし	0
つよごし	0
つよしも	0
つらあかり	3
つらぐし	2
つらだましい	3
つらみず	0
つらみせ	0
つりあじ	2
つりあそび	3
つりいけ	0
つりえ	0
つりえさ	0
つりかえ	0
つりかぎ	0
つりかご	0
つりかざり	3
つりかわ	0
つりがき	0
つりがさ	0
つりきち	0
つりぎ	0
つりぎぬ	0
つりぎれ	0
つりくるい	3
つりぐさり	0
つりこ	0
つりこみ	0
つりざお	0
つりし	2
つりしのぶ	3
つりずき	0
つりぜめ	0
つりたま	0
つりだし	0
つりだな	0
つりつな	0
つりて	0
つりどこ	0
つりどの	0
つりなわ	0
つりに	0
つりねた	0
つりばこ	0
つりばし	0
つりびより	3
つりぶくろ	3
つりもと	0
つりもの	0
つりや	0
つりやね	0
つりわ	0
つりわざ	0
つるぎがた	0
つるしかざり	4
つるしがき	3
つるしぐも	4
つるしひも	3
つるしびと	3
つるだち	0
つるだな	0
つるね	0
つるひげ	0
つるべうち	0
つるぼけ	0
つるめそ	0
つるわれ	0
つれあし	0
つれっこ	0
つれこ	0
つれすじ	0
つれびき	0
つれまい	2
つわぶきとり	4
つんぼさじき	4
つんぼばなし	4
づけどん	0
てあせ	0
てあぶら	2
てあぶり	2
てあみ	0
ていけ	0
ておくり	2
ておち	3
ておどり	2
ておぼえ	2
てかせ	1
てかばん	2
てかんな	2
てがえし	2
てがたな	2
てがま	0
てがり	0
てがわり	2
てきず	1
てきね	0
てぎ	1
てくだ	1
てぐさり	2
てぐし	0
てぐるま	2
てこぎ	0
てごな	0
てこなひめ	3
てこね	0
てこまい	0
てごい	0
てごころ	2
てごね	0
てごま	0
てさばき	2
てしぼり	2
てず	1
てだか	0
てたか	0
てだれ	3
てちがい	2
てちがひ	2
てつがい	2
てつざお	0
てつなぎ	2
てづくね	2
てづま	1
てづみ	0
てづる	1
てなじみ	2
てなみ	1
てならい	2
てならし	2
てにぎり	2
てぬくもり	2
てぬり	0
てのこ	3
てのこり	2
てのべ	0
てのもの	1
てのり	0
てはだ	1
てはば	0
てばた	0
てばな	0
てばなれ	2
てばり	0
てひと	1
てひも	0
てびさし	2
てびねり	2
てぶれ	0
てぼうき	2
てまがえ	0
てまがえし	3
てまくら	2
てまげ	0
てまさぐり	3
てまつぶし	3
てまね	1
てまもり	2
てまわし	2
てまわり	2
てみがき	2
てもどり	0
てやき	0
てやすめ	2
てらいり	0
てらうけ	0
てらおとこ	3
てらがわ	0
てらこ	0
てらざけ	0
てらざむらい	3
てらでら	2
てらまいり	3
てらむすこ	3
てらめぐり	3
てらもうで	3
てりかえし	0
てりかげり	0
てりがき	2
てりに	0
てりふり	2
てわたり	2
であがり	0
であきない	2
でおんな	2
でがい	0
でかえり	0
でがえり	0
でがわり	0
できかけ	0
できたて	0
できね	2
できぼし	2
できり	0
でぎれ	0
でぐせ	0
でさかり	0
でざかり	2
でざと	0
でじり	1
でじろ	0
ですみ	0
でずっぱり	0
でづっぱり	0
でぞめ	0
でたて	0
でだま	0
でっちり	1
でっぱり	0
でついで	2
でづくり	2
でづら	0
ではずれ	0
でばた	0
でばり	0
でまど	0
でまる	0
でまわり	0
でもつち	2
でもどり	0
でわかれ	0
でわたり	0
というけ	0
といまる	0
といみち	0
といやかぶ	3
といやば	0
とうげぐち	3
とうげごえ	0
とうげみち	3
とうげめぐり	4
とおあさ	0
とおあて	0
とおかわず	3
とおざむらい	3
とおしあな	3
とおしいた	3
とおしうま	3
とおしくち	3
とおしばしら	4
とおしや	3
とおすじ	0
とおつおや	3
とおなり	0
とおね	0
とおのり	0
とおび	0
とおぼえ	0
とおまき	0
とおみ	0
とおりがけ	0
とおりがわ	0
とおりことば	4
とおりな	3
とおりにわ	3
とかげがわ	3
とかしたまご	5
とがめだて	0
とがりあたま	4
とがりごえ	4
とがりね	3
とがりはな	3
とがりば	0
ときあらい	3
ときからし	3
ときがし	0
ときがみ	2
ときがらし	3
ときがり	0
ときずみ	2
ときそば	0
ときて	0
ときなわ	0
ときのま	0
ときわず	0
とぎかわ	0
とぎじる	0
とぎだし	0
とぎもの	2
とぎや	2
とぐるま	2
とけかす	0
とけこみ	0
とけのこり	0
とげいばら	3
とこかざり	3
とこがまち	3
とこさかずき	3
とこしへ	0
とこしき	0
とこじらみ	3
とこずな	0
とこずれ	0
とこだたみ	3
とこつち	0
とことわ	0
とこどめ	0
とこはる	0
とこばらい	3
とこぼれ	0
とこやま	0
とこやみ	0
とこよ	2
とこよの	0
とこよし	0
ところがき	0
ところがら	0
ところばらい	4
とこわか	0
とこわき	0
とごころ	2
とざまぐみ	0
としいわい	3
としおんな	3
としかさ	0
としがい	0
としがみ	0
としだま	0
としのうち	0
としまおんな	4
としまざかり	4
としまねらい	4
としまわり	3
としわすれ	3
とじあわせ	0
とじきみ	2
とじぐち	2
とじこみ	0
とじつけ	0
とじばり	3
とじひも	2
とちがら	0
とちしば	2
どくり	0
とっくりえり	4
とっくりくじら	5
とっぱずれ	0
とつぎさき	0
とどけさき	0
とどけずみ	0
とどけび	3
とどめがたな	4
となか	0
となりうえ	0
となりぐみ	0
となりびと	3
となりべや	0
となりやしき	4
とのくすり	3
とのづか	2
とのばら	0
とびあがり	0
とびあら	0
とびいた	0
とびうめ	2
とびからす	3
とびがしら	3
とびがら	0
とびくら	0
とびげり	0
とびこし	0
とびさき	0
とびすがた	3
とびのもの	1
とびのり	0
とびばこ	0
とびらいし	3
とびらいた	4
とびらうら	0
とびらがら	0
とびらごし	0
とびらわき	0
とぶすま	2
とぶひ	0
とぼけがお	0
とぼけざけ	3
とまどいがお	0
とまぶき	0
とまりあけ	0
とまりあな	3
とまりあゆ	4
とまりさき	0
とまりば	0
とみびと	0
とむらい	0
とむらひ	0
とぶらい	0
ともらい	0
どもらい	0
とむらいごと	0
とむらいびと	3
とめいし	0
とめいた	0
とめうち	0
とめおとこ	3
とめおんな	3
とめがね	0
とめぎ	0
とめくい	0
とめすのこ	3
とめぞえ	0
とめだて	0
とめつぎ	0
とめぬの	0
とめねじ	0
とめはぎ	0
とめばり	3
とめむすび	3
とめやま	0
とめゆ	0
とめわ	0
ともあらい	3
ともいと	0
ともいろ	0
ともうら	0
ともえがた	0
ともえがわら	4
ともえやき	0
ともえり	0
ともおび	0
ともがい	0
ともがき	2
ともがけ	0
ともがしら	3
ともがみ	0
ともぎ	0
ともぎれ	0
ともさげ	0
ともざお	0
ともざむらい	3
ともしめ	0
ともぞろい	3
ともぞろえ	3
ともだて	0
ともづな	0
ともづり	0
ともとり	0
ともぬの	0
ともね	0
とものお	0
とものみやつこ	6
ともびき	0
ともぶれ	0
ともほめ	0
ともまわり	3
ともわた	0
とらいろ	0
とらう	0
とらえかえし	0
とらえどころ	0
とらへどころ	0
とらがわ	0
とらげ	0
とらだけ	2
とらのこ	0
とらばさみ	3
とらまい	0
とらまめ	0
とらわれびと	4
とりあがり	0
とりあけ	0
とりあつめ	0
とりあと	0
とりあみ	0
とりあわせ	0
とりいわき	0
とりうち	0
とりうらない	3
とりおとこ	3
とりおどし	3
とりおろし	0
とりかわ	0
とりがゆ	0
とりきも	0
とりくび	0
とりぐもり	3
とりげ	0
とりこし	0
とりこわし	0
とりざかな	3
とりざら	2
とりすき	0
とりそめ	0
とりたわけ	3
とりだすき	3
とりちがい	0
とりちがえ	0
とりつぎ	0
とりつぶし	0
とりつみれ	3
とりであと	4
とりでがわり	4
とりでづくり	4
とりどし	0
とりなし	0
とりなべ	0
とりなわ	0
とりのき	0
とりのこし	0
とりはがし	0
とりっぱぐれ	0
とりはぐれ	0
とりはこび	0
とりはやし	0
とりはらい	0
とりばい	2
とりばば	0
とりふだ	2
とりむし	2
とりめし	0
とりもち	0
とりゆ	0
とりよけ	0
とれかけ	0
とれだか	2
とわく	0
とんびたこ	4
とんぼぎり	0
といやあと	4
とんやあと	4
とんやぐみ	0
どうびき	0
どうわすれ	3
どじょうじる	4
どじょうなべ	4
どどいつぶし	0
どぶがい	2
どぶさらひ	3
どぶみず	0
どろあそび	3
どろあな	0
どろあび	0
どろいけ	0
どろいろ	0
どろうお	2
どろおとし	3
どろかけ	0
どろがめ	0
どろぞめ	0
どろた	0
どろため	0
どろたんぽ	3
どろだま	0
どろだめ	0
どろどぶ	0
どろねぎ	0
どろのき	3
どろはこ	0
どろはね	0
どろぶろ	0
どろみぞ	2
どろみち	2
どろやなぎ	3
どろよい	0
どろよごれ	3
どろんこよごれ	5
どんぐりひろい	5
どんぐりまなこ	5
どんつゆ	0
なあて	0
ないあわせ	0
なうて	0
なえかご	2
なえづくり	3
なえどこ	0
なえぬき	0
なえはた	0
なえばたけ	3
なおひ	0
なかあし	0
なかあみ	0
なかいけ	0
なかいこ	0
なかうり	0
なかおとこ	3
なかおもて	3
なかおれ	0
なかおろし	3
なかくぐり	3
なかぐり	0
なかこえ	0
なかし	2
なかしお	0
なかじきり	3
なかぞなえ	3
なかだし	0
なかつくに	3
なかつみこ	4
なかつよ	0
なかづり	0
なかどおり	3
なかのきみ	1
なかのま	0
なかばたらき	3
なかひだり	3
なかぶかし	3
なかぶくれ	0
なかへだて	4
なかぼね	0
なかぼり	0
なかみぎ	0
なかゆい	3
なかゆるし	3
なから	0
なからい	2
なかわく	0
ながいた	0
ながいみ	0
ながくらい	3
ながぐらい	3
ながごと	0
ながしうち	0
ながしお	0
ながしおどり	4
ながしがき	0
ながしすき	3
ながしすすぎ	4
ながしつり	0
ながしどり	0
ながしば	0
ながしばこ	3
ながしもと	0
ながしもり	0
ながしよみ	0
ながつき	2
ながづえ	0
ながづくえ	3
ながて	0
ながばかま	3
ながばなし	3
ながびつ	0
ながまくら	3
ながまわし	3
ながむし	2
ながやき	0
ながれぐも	4
ながれたび	3
ながれづくり	4
ながれどめ	0
ながれば	0
ながれみず	4
ながれも	3
ながれやま	0
なきいし	0
なきうつり	0
なきおと	0
なきおとし	0
なきおんな	3
なきがお	0
なきぐせ	0
なきずもう	3
なきつき	0
なきっつら	0
なきつら	0
なきどころ	0
なきねた	0
なきぶし	0
なきべそ	0
なけべっちょ	3
なきぼくろ	3
なきまね	0
なきめ	0
なきより	0
なきわかれ	0
なぎうち	0
なぎがま	0
なぎさぶろ	4
なくしもの	0
なぐさみ	0
なぐさみもの	0
なぐさみわざ	0
なけなし	0
なげあげ	0
なげあみ	0
なげいけ	0
なげいれ	0
なげおさめ	0
なげくび	2
なげざお	0
なげざや	0
なげしかけ	3
なげすて	0
なげだま	0
なげづめ	0
なげづり	0
なげつり	0
なげなわ	0
なげば	0
なげもち	2
なげもの	2
なげや	2
なげわざ	0
なごしおけ	4
なごしまつり	4
なごりのつき	6
なしがた	0
なしくずし	0
なしづくり	3
なしもの	0
なしろ	0
なしわり	0
なじみいろ	0
なじみはば	3
なすいため	3
なすびいろ	0
なずながゆ	3
なぞあそび	3
なぞとき	4
なたかご	2
なたがた	0
なたまめ	0
なだめやく	0
なだれざか	3
なつあかり	3
なつあきくさ	4
なついち	2
なついと	0
なついろ	0
なつうんか	3
なつおび	0
なつかしあじ	4
なつがけ	0
なつがすみ	3
なつがた	0
なつがれ	0
なつぎ	0
なつげ	0
なつご	0
なつごおり	3
なつごし	0
なつさき	0
なつしばい	3
なつすがた	3
なつぜみ	0
なつそば	0
なつだいだい	3
なつどなり	3
なつはだ	0
なつばかま	3
なつばた	0
なつばな	0
なつぼ	0
なつめうり	3
なつめがゆ	4
なつめだま	0
なつもの	0
なであらい	3
なでぎり	0
なでもの	2
ななこおり	0
ななめあな	3
ななめうち	0
ななめおく	4
ななめかべ	3
ななめがお	0
ななめがまえ	4
ななめした	2
ななめたて	4
ななめとなり	4
ななめどり	0
ななめひだり	2
ななめみぎ	2
ななめよこ	2
なにいろ	0
なにごころ	3
なにや	2
なにわざ	0
なぬし	0
なぶりごろし	0
なぶりもの	0
なべえらび	3
なべかぶり	3
なべがえし	3
なべぐい	0
なべした	0
なべじたて	3
なべじり	0
なべつかみ	3
なべつまみ	3
なべつる	0
なべみがき	3
なべやき	0
なべわき	0
なまあくび	3
なまいか	2
なまいた	0
なまいも	0
なまうお	2
なまえさ	0
なまかわ	0
なまかき	2
なまっかわき	0
なまきず	2
なまぐさみ	0
なまけぐせ	0
なまけぐま	3
なまけごころ	4
なまこいた	4
なまこかべ	3
なまこもち	3
なまざかな	3
なまさけ	3
なましゃけ	3
なまざとり	3
なまざむらい	3
なまじめ	0
なまたら	0
なまだる	0
なまちり	0
なまづけ	0
なまぬか	0
なまのり	2
なまぶし	0
なままゆ	0
なまもち	2
なまやき	0
なまやけ	0
なまゆで	0
なまよい	0
なまえい	0
なまりいろ	0
なまりくず	3
なまりだま	0
なまりわく	0
なまわかめ	3
なまわさび	3
なみあし	0
なみいた	0
なみうさぎ	3
なみうら	0
なみおろし	3
なみかぜ	2
なみがえし	3
なみくぎ	2
なみぐも	0
なみしぶき	3
なみじ	0
なみだがお	0
なみだがた	0
なみだがわ	3
なみだつぼ	3
なみだぶくろ	4
なみだまじり	4
なみだまみれ	4
なみつぎ	0
なみづきの	0
なみづき	2
なみどめ	0
なみぬい	0
なみはだ	0
なみば	0
なみぶと	0
なみまち	0
なみもり	0
なめし	1
なめしがわ	0
なめねこ	0
なめらまつ	3
なやみぐさ	0
なやみづかれ	0
なやらい	2
なよせ	0
ならいめ	0
ならしいた	4
ならびかえ	0
ならびかど	4
ならびぐら	3
ならべかえ	0
ならべつり	3
なりおと	0
なりかぶら	3
なりづめ	0
なりどし	2
なりもの	2
なれそめ	0
なわあみ	0
なわおび	3
なわかけ	0
なわがけ	0
なわさき	0
なわすだれ	3
なわぜめ	0
なわて	0
なわばしご	3
なわひも	0
にあがり	0
にあし	0
にあずき	2
にあらい	2
にあわせ	0
にあわび	2
にいか	1
にいたみ	2
にいづま	0
にいなめ	0
にいまくら	3
にいむろ	0
にうごき	2
にうま	1
にうめ	0
にえうし	0
にえぎも	0
にえなべ	0
にえばな	0
にえまえ	0
にえゆ	0
においいり	0
においけし	2
においとり	2
においねずみ	4
においぶくろ	4
においむらさき	5
においもの	0
におどり	2
にかけ	0
にかご	1
にかす	0
にかつぎ	2
にがくさ	0
にがしお	0
にがしくち	3
にがしば	0
にがな	0
にがりいり	0
にがりみず	3
にがわせ	2
にきたへ	0
にぎたえ	0
にきたえ	0
にきり	0
にぎりこぶし	4
にぎりごこち	0
にぎりずし	3
にぎりつぶし	0
にぎりつめ	0
にぎりはさみ	4
にぎりばさみ	4
にぎりぶと	0
にぎりべ	3
にぎりや	0
にぎわいぐさ	3
にくぐされ	0
にぐち	0
にぐるま	2
にげぐち	2
にげじろ	0
にげどき	0
にげみず	2
にげみぞ	0
にげみち	2
にこげ	0
にこごり	0
にころがし	0
にっころがし	0
にごしで	0
にごり	3
にごりいろ	0
にごりえ	3
にごりごえ	4
にごりざけ	3
にごりしる	4
にごりびしお	4
にごりぶな	4
にごりみず	3
にごりゆ	3
にしあかり	3
にしいる	3
にしきいろ	0
にしきぎれ	0
にしきばち	3
にしきぶくろ	4
にしきまき	0
にしくるわ	3
にしざかい	3
にしづめ	0
にして	0
にしとりい	3
にしのうち	3
にしびさし	3
にしまくら	3
にしまど	0
にしむき	0
にしやぐら	3
にじのいち	4
にじいち	2
にじいろ	0
にじばし	0
にじへび	0
にじみ	3
にじみどめ	0
にじめどめ	0
にじやしき	3
にじりぐち	3
にすがた	2
にずり	0
にせがね	0
にせくび	0
にせぐすり	3
にせまむし	3
にせむらさき	4
にせゆび	0
にぞり	0
にたまご	2
にだな	0
にだら	0
にどめ	0
になべ	0
になわ	0
にぬき	0
にぬり	0
にはこび	2
にはずし	2
にはまぐり	3
にばこ	1
にばな	0
にびき	0
にぶくろ	2
にぶた	0
にほどき	2
にもち	0
にやっこ	2
により	0
にらみあい	0
にらみあな	3
にらみがお	0
にらみだい	3
にらみまど	4
にらもち	2
にわあと	0
にわいし	0
にわうえ	0
にわおとこ	3
にわかおどり	4
にわかげ	0
にわかじこみ	4
にわかづくり	4
にわがま	0
にわがみ	0
にわがわ	0
にわくさ	0
にわぐち	0
にわぐるい	3
にわごし	0
にわざくら	3
にわすみ	3
にわたし	2
にわたずみ	3
にわたたき	3
にわつくり	3
にわつち	0
にわづたい	3
にわづみ	0
にわづみの	0
にわなか	0
にわば	0
にわばな	0
にわび	0
にわぼうき	3
にわまり	0
にわむき	0
にんば	1
ぬいあげ	0
ぬいあと	0
ぬいあわせ	0
ぬいかけ	0
ぬいこ	0
ぬいこみ	0
ぬいとり	0
ぬいどの	0
ぬいどまり	0
ぬいなおし	0
ぬいのかみ	3
ぬいはり	1
ぬかあえ	0
ぬかあぶら	3
ぬかずき	0
ぬかづき	0
ぬかばたらき	3
ぬかぶくろ	3
ぬかぼし	2
ぬかぼたる	3
ぬかり	0
ぬきえり	0
ぬきがき	0
ぬきがた	0
ぬきしごと	3
ぬきずり	0
ぬきぞめ	0
ぬきつけ	0
ぬきぬき	0
ぬきほ	0
ぬきぼり	0
ぬきみ	0
ぬきよみ	0
ぬきわすれ	0
ぬきわた	0
ぬぎはき	2
ぬくばい	2
ぬくみ	3
ぬぐいうるし	4
ぬぐいがみ	3
ぬけうら	0
ぬけげ	0
ぬけどめ	0
ぬけに	0
ぬけまいり	3
ぬけめ	0
ぬけやま	0
ぬさたけ	2
ぬさぶくろ	3
ぬすみがかり	4
ぬすみぐせ	0
ぬすみごころ	4
ぬすみざけ	3
ぬすみどり	0
ぬたうなぎ	3
ぬのあじ	2
ぬのあそび	3
ぬのいた	0
ぬのいと	0
ぬのえらび	3
ぬのおむつ	4
ぬのおもちゃ	4
ぬのかざり	3
ぬのぎれ	0
ぬのこ	0
ぬのさがし	3
ぬのだま	0
ぬのつなぎ	3
ぬのづかい	3
ぬのづつみ	3
ぬのとり	0
ぬのはし	0
ぬのはば	0
ぬのばこ	0
ぬのばり	0
ぬのびく	0
ぬのほり	3
ぬのや	2
ぬのやすり	3
ぬのやま	0
ぬのわく	0
ぬぼこ	1
ぬますぎ	2
ぬまぞい	0
ぬまねこ	0
ぬまべり	0
ぬめ	2
ぬりあげ	0
ぬりいた	0
ぬりいろ	0
ぬりかえ	0
ぬりかご	0
ぬりくち	2
ぬりこし	0
ぬりごこち	0
ぬりごめ	0
ぬりしあげ	3
ぬりたし	0
ぬりたて	0
ぬりたまご	3
ぬりつけ	0
ぬりつち	0
ぬりつぶし	0
ぬりづくえ	3
ぬりのこし	0
ぬりはだ	0
ぬりばこ	0
ぬりびな	0
ぬりぼとけ	3
ぬりぼね	0
ぬりまくら	3
ぬりむら	0
ぬりもの	0
ぬりや	0
ぬるび	0
ぬれあし	0
ぬれいろ	0
ぬれがみ	0
ぬれこけ	0
ぬれごと	0
ぬれすな	0
ぬれと	0
ぬれなわ	0
ぬれねこ	0
ぬればい	0
ぬれぼとけ	3
ぬれむしろ	3
ぬれむら	0
ぬれよこ	0
ねあせ	0
ねあな	0
ねあらい	2
ねあわせ	2
ねいし	1
ねいたみ	2
ねいも	0
ねいれ	0
ねうお	1
ねうしとらどし	0
ねおし	0
ねがいさげ	0
ねがけ	3
ねがため	2
ねぎじる	3
ねぎぬき	0
ねぎぬた	0
ねぎまき	0
ねぎれ	0
ねぎわ	0
ねくずれ	2
ねくび	0
ねぐい	0
ねぐされ	2
ねぐずり	0
ねぐせ	0
ねぐつ	0
ねこおんな	3
ねこかぶり	3
ねこっかぶり	4
ねこがお	0
ねこぎ	3
ねこぐさ	2
ねこぐるい	3
ねこぐるま	3
ねこころし	3
ねこさがし	3
ねこすな	0
ねこずな	0
ねこぜ	2
ねこつぐら	3
ねこて	0
ねこなげき	3
ねこなで	0
ねこなべ	0
ねこのみ	2
ねこはな	0
ねこぶし	0
ねこへや	0
ねこまたぎ	3
ねこまねき	3
ねこみ	0
ねこめ	2
ねごえ	1
ねさばき	2
ねざけ	0
ねざや	0
ねしびれ	0
ねじあたま	3
ねじうめ	2
ねじき	0
ねじぎ	0
ねじきり	0
ねじこみ	0
ねじたて	2
ねじぶた	0
ねじぶみ	0
ねじもみ	0
ねじらみ	2
ねじりあみ	0
ねじりしぼり	4
ねじりはかり	4
ねじりばな	3
ねじれもどり	4
ねすがた	2
ねずみがえし	4
ねずみがお	0
ねずみがり	0
ねずみなき	0
ねずみよけ	0
ねずれ	0
ねたば	0
ねたみごころ	4
ねだな	0
ねだりごと	0
ねちがい	0
ねっきり	0
ねつき	0
ねつぎ	3
ねつわり	2
ねづまり	2
ねとり	0
ねどい	1
ねどし	0
ねにげ	0
ねはば	0
ねはり	3
ねばりがち	0
ねばりごし	0
ねばりつち	3
ねばりもの	0
ねばれ	0
ねびらき	2
ねぶか	0
ねぶた	0
ねべや	0
ねまち	0
ねまつ	1
ねまわり	2
ねむしろ	2
ねむりおとこ	4
ねむりぐさ	3
ねむりぐすり	4
ねむりごこち	0
ねむりねこ	4
ねむりひめ	3
ねむりむし	3
ねやど	0
ねゆ	0
ねゆる	0
ねらいすじ	2
ねらいだま	0
ねらいて	0
ねりあめ	2
ねりいろ	0
ねりうめ	2
ねりえ	0
ねりかえし	0
ねりがらし	3
ねりがわら	3
ねりきり	0
ねりぐすり	3
ねりこみ	0
ねりだま	0
ねりどころ	0
ねりぬき	0
ねわら	0
ねわらい	2
のあめ	0
のあらし	2
のいちご	2
のいばら	2
のうしすがた	4
のうめ	1
のうるし	2
のおとこ	2
のかぜ	1
のきがわら	3
のきくち	0
のきざる	0
のきしのぶ	3
のきすみ	0
のきたけ	0
のきびさし	3
のきまる	0
のきわり	0
のぎおとし	3
のぎつね	2
のぐさ	1
のぐそ	1
のけざま	0
のけもの	0
よけもの	0
のこくず	3
のこみ	0
のこりあわ	3
のこりか	3
のこりが	3
のこりぎ	3
のこりぎれ	3
のこりくじ	4
のこりくず	4
のこりじる	4
のこりだれ	3
のこりづゆ	4
のこりぬの	3
のこりば	3
のこりばな	3
のこりび	3
のこりみず	3
のこりめし	3
のこりゆ	3
のしうめ	2
のしおさえ	3
のしがみ	2
のしだい	0
のしぶくろ	3
のしぼう	0
のしもち	2
のじしゃ	0
のすず	0
のすて	0
のすみれ	2
のせかえ	0
のせごこち	0
のそだち	2
のぞきおけ	4
のぞきぐち	0
のぞきこみ	0
のぞきべや	0
のぞきまど	4
のぞみうす	0
のぞみびと	3
のたれじに	0
のだたら	2
のだち	1
のだて	3
のちぞい	0
のちぞえ	0
のきひき	0
のっぴき	0
のづち	1
のづり	0
のどおく	0
のどおと	3
のどかぜ	2
のどがわ	0
のどくび	2
のどけさ	2
のどごえ	0
のどさき	0
のどつめ	0
のねぎ	0
ののしりことば	5
ののしりごえ	4
のはぎ	1
のばかま	2
のばしもの	0
のばな	1
のばなし	2
のびがわ	0
のびざかり	3
のびしろ	0
のびはば	2
のびみみ	0
のぶせり	2
のべいた	0
のべおくり	3
のべざお	0
のべつぼ	2
のべもち	2
のぼせもの	0
のぼりあな	0
のぼりあゆ	4
のぼりえ	3
のぼりがつお	4
のぼりがま	3
のぼりがめ	4
のぼりどころ	0
のぼりぶね	3
のぼりわく	3
のまわり	2
のみあわせ	0
のみおくり	3
のみくち	2
のみくらべ	0
のみぐち	2
のみこぼし	0
のみごこち	0
のみこたえ	0
のみごたえ	0
のみごろ	0
のみさし	0
のみすけ	2
のみて	3
のみと	0
のみとも	0
のやぎ	0
のらいも	0
のらしごと	3
のらにわとり	3
のりあじ	2
のりうち	0
のりかた	0
のりかわり	0
のりくち	2
のりくらべ	0
のりしお	0
のりじり	0
のりぞめ	0
のりたま	0
のりちがい	0
のりつき	0
のりづくり	3
のりづめ	0
のりて	0
のりとごと	0
のりとり	3
のりにげ	0
のりばり	0
のりひび	0
のりびき	0
のりまぶし	3
のりまゆ	0
のりむすび	3
のりめ	3
のりゆみ	0
のろいことば	4
のんだくれ	0
はあたり	2
はあり	0
はいあるき	0
はいかぐら	3
はいかぶり	3
はいげ	0
はいずみ	0
はいだて	0
はいふるい	3
はいまぶれ	3
はうけ	0
はうた	0
はえかわり	0
はえぐせ	0
はえどまり	3
はえなわ	0
はおりもの	0
はっかけ	3
はかげ	0
はかざり	2
はかした	0
はかつくり	3
はかつち	0
はかなぎ	0
はかはな	0
はかぶ	0
はかまぎ	3
はかまくぎ	3
はかまばき	0
はかみち	2
はかりべり	0
はかりもの	0
はかわら	0
はがえ	0
はがへ	0
はがきがわり	4
はがしいた	3
はがため	2
はがま	0
はがゆ	0
はがれなみ	3
はきおさめ	0
はきかえ	0
はきくち	2
はきぐせ	0
はきたて	0
はきちがい	0
はきちがえ	0
はきつわり	0
はきのこし	0
はきふるし	0
はきもどし	0
はぎあわせ	0
はぎいた	0
はぎかさね	0
はぎがさね	3
はぎしり	2
はぎとり	0
はぎはき	0
はぎめ	0
はぎやき	0
はぎり	3
はくそ	1
はくつる	0
はぐくみ	0
はぐち	1
はぐま	0
はぐみ	0
はぐれからす	4
はぐれぐも	4
はぐれもの	0
はぐろめ	0
はけさばき	3
はけついで	3
はけむら	0
はげちょろけ	0
はげましあい	0
はげわら	0
はこうま	0
はこおとこ	3
はこおとし	3
はこがき	0
はこがた	0
はこぐみ	0
はこぐるま	3
はこけし	0
はこし	2
はこせこ	0
はこぞり	0
はこだま	0
はこづくり	3
はこづめ	0
はこにわ	0
はこのみ	0
はこひげ	0
はこひだ	0
はこびあし	3
はこびこみ	0
はこびだし	0
はこびて	0
はこぼり	0
はこぼれ	2
はこまくら	3
はこまわし	3
はこむし	0
はこゆ	0
はこわく	0
はこわな	0
はごし	0
はさみあし	3
はさみうち	3
はさみことば	4
はさみこみ	0
はさみたち	3
はさみつけ	0
はさみづつみ	4
はさみぬい	0
はさみばこ	3
はざし	0
はしあけ	0
はしいた	0
はしがかり	3
はしがき	0
はしがた	0
はしがわり	3
はしぎれ	0
はしげた	0
はしござけ	3
はしごば	0
はしごみち	3
はしさき	0
はしため	0
はしたもと	3
はしっぽ	0
はしづかい	3
はしづくり	3
はしどの	0
はしぬい	0
はしぶくろ	3
はしぶね	0
はしまくら	3
はしまつり	3
はしむこう	3
はしもり	2
はしゃぎごえ	4
はしやすめ	3
はしらあな	0
はしらかけ	3
はしらごよみ	4
はしらだて	0
はしらま	3
はしりあじ	3
はしりい	3
はしりうち	0
はしりうま	3
はしりおさめ	0
はしりくらべ	4
はしりづかい	4
はしりづゆ	3
はしりね	3
はしりび	3
はしりゆ	3
はしりよみ	0
はにし	2
はじきはだ	3
はじきまめ	3
はじきゆみ	3
はじけまめ	3
はじぞめ	0
はじらいがお	0
はじらいぐも	5
はじらみ	2
はすいと	0
はすかい	0
はすがけ	0
はすかけ	0
はすくち	0
はすじ	0
はすば	0
はすみぎ	0
はすむこう	3
はすもち	2
はすれ	0
はずえ	0
はずさし	0
はずみぐるま	4
はずり	0
はずれどめ	0
はずれもの	0
はせいと	0
はぜうるし	3
はぜかた	2
はたうばい	3
はたおと	0
はたかげ	0
はたかぜ	2
はたがしら	3
はたきこみ	0
はたぎ	0
はたくぐり	3
はたけあらし	4
はたけいじり	4
はたけうない	4
はたけがわ	0
はたけすす	3
はたけづくり	4
はたけば	0
はたけもの	0
はたけわさび	4
はたごや	0
はたごやど	4
はたしあい	0
はたすすき	3
はたそで	0
はたそり	0
はたぞり	0
はたつち	0
はたつな	2
はたづくり	3
はたどころ	0
はたどの	0
はたなおし	3
はたびらき	3
はたほこ	0
はたむぎ	2
はたらきあい	0
はたらきがい	0
はたらきばち	4
はたらきもの	0
はたらきもん	0
はだうき	0
はだうつり	3
はだおち	0
はだかいわ	3
はだかおとこ	4
はだかおどり	4
はだかけ	0
はだかじろ	0
はだかすがた	4
はだかび	3
はだかぶし	0
はだかまいり	4
はだかまつり	4
はだかむぎ	4
はだかむし	3
はだかやま	0
はだきめ	0
はだこり	2
はだごたえ	0
はだざわり	3
はだしたび	4
はだつや	2
はだづかれ	3
はだつくり	3
はだづくり	3
はだなじみ	0
はだなめずり	4
はだなやみ	3
はだにごり	3
はだま	0
はだまもり	3
はだみがき	3
はだみせ	0
はだよごれ	3
はだらうし	3
はだれゆき	3
はちおんな	3
はちじたて	3
はちじるし	3
はっぱづつみ	4
はつあらし	3
はつあられ	3
はつうぐいす	4
はつうち	0
はつうま	0
はつうり	0
はつお	0
はつおよぎ	3
はつがお	0
はつがつお	3
はつがま	0
はつがも	0
はつくにしらす	5
はつこえ	0
はつごおり	3
はつざくら	3
はつざけ	3
はつざら	0
はつしぐれ	3
はつしも	0
はつすべり	3
はつずり	0
はつぞめ	0
はつぞら	3
はつたけ	0
はつたび	0
はつだち	0
はつだより	3
はつちょうな	3
はつつり	0
はつなき	0
はつなのり	3
はつなり	0
はつに	0
はつのぼり	3
はつのり	0
はつはな	0
はつはる	0
はつばしり	3
はつびな	3
はつほ	1
はつまいり	3
はつまご	0
はつまゆ	0
はつみせ	0
はつもの	0
はつや	0
はつゆき	0
はつよめ	0
はつりめ	0
はつわらい	3
はづか	0
はづくろい	2
はづな	0
はてはて	0
はでごのみ	3
はといろ	0
はとまめ	2
はなあかり	3
はなあがり	3
はなあげ	0
はなあしらい	3
はなあて	0
はなあやめ	3
はなあらし	3
はなあるき	3
はなあわせ	3
はないくさ	3
はないた	0
はないばら	3
はないぼ	0
はなうがい	3
はなうさぎ	3
はなうずみ	3
はなうるし	3
はなえらび	3
はなおけ	3
はなおし	0
はなおわり	3
はなかえで	3
はなかがり	3
はなかくし	3
はなかげ	0
はなかざり	3
はなかず	0
はなかずら	3
はなかつら	3
はなかんざし	3
はなかんむり	3
はながしら	3
はながすみ	3
はながつお	3
はながみ	0
はながり	0
はながわ	0
はなぎ	0
はなぎり	2
はなくじ	2
はなくび	0
はなくらべ	3
はなぐし	2
はなぐすり	3
はなぐみ	0
はなぐるま	3
はなげ	0
はなごおり	3
はなごころ	3
はなごよみ	3
はなざくら	3
はなしぐせ	0
はなしのぶ	3
はなしる	0
はなしわ	0
はなすがた	3
はなすすり	3
はなずし	2
はなずもう	3
はなそば	0
はなたけ	0
はなたらし	0
はなったらし	0
はなだいろ	0
はなだすき	3
はなだま	0
はなだより	3
はなだらい	3
はなちがき	0
はなっぱし	0
はなっぱり	0
はなつばき	3
はなっつまみ	0
はなつまみ	0
はなつんぼ	3
はなづくし	3
はなづくり	3
はなづつ	2
はなづな	0
はなづま	0
はなづまり	0
はなとも	0
はなとり	0
はなどめ	0
はなな	2
はななえ	0
はなぬすびと	3
はなばさみ	3
はなっぱしら	0
はなつぱしら	0
はなひだ	0
はなびえ	0
はなびと	0
はなぶえ	0
はなぶね	3
はなぺちゃ	0
はなまど	0
はなまり	0
はなまる	0
はなみぞ	0
はなむしろ	3
はなむすび	3
はなむすめ	3
はなむろ	0
はなめ	2
はなもち	0
はなもの	2
はなもみじ	3
はなやぎがお	0
はなやど	0
はなゆ	0
はなゆめ	0
はなよこ	0
はなれうま	3
はなれじま	3
はなれべや	0
はなれめ	4
はなれや	3
はなわさび	3
はにわづくり	4
はぬけ	3
はぬの	0
はねあがり	0
はねいり	0
はねうお	2
はねうちわ	4
はねおどり	3
はねかえし	0
はねっかえり	0
はねかえり	0
はねかざり	3
はねがき	0
はねぐるま	3
はねず	0
はねずみ	2
はねつき	0
はねとびら	3
はねばたき	3
はねび	2
はねぼうき	3
はねまくら	3
はねもの	2
はねやすめ	3
ははいぬ	0
ははうさぎ	3
ははうし	2
ははうま	2
ははおもい	3
ははがめ	0
ははがわり	3
ほうきぎ	3
ははきさき	3
ははぎ	2
ははくじら	3
ははぐま	0
ははざる	0
ははじゃ	0
ははそはら	3
ははそもみじ	4
ははちがい	3
ははとじ	3
ははとら	0
ははどり	2
ははにわとり	3
ははねこ	0
ははば	0
ははばなれ	3
ははぶた	0
ははまかせ	3
ははむし	2
ははもの	0
ははやぎ	0
ははゆずり	3
はばかり	0
はばき	0
はばぐい	0
はばくい	0
はばこ	0
はびき	0
はふりと	0
はふりべ	0
はぶすま	2
はぼうき	2
はまあげ	0
はまおもと	3
はまくだり	3
はまぐりざら	4
はまぐりば	4
はまぐりびな	5
はまことば	3
はまじ	0
はまそだち	3
はまびさし	3
はまやき	0
はまりぐみ	0
はみうけ	0
はみうり	2
はみず	0
はむかい	2
はめあい	0
はめき	0
はめこみ	0
はめごろし	0
はめはずし	0
はめわざ	0
はもなべ	0
はもれ	0
はやあがり	3
はやあるき	3
はやうま	0
はやうまれ	3
はやおけ	3
はやがえり	3
はやがき	0
はやがわり	3
はやぎき	0
はやけ	0
はやことば	3
はやざき	0
はやざし	0
はやしことば	4
はやしびと	0
はやしまい	0
はやしもの	0
はやじまい	3
はやじも	0
はやずし	2
はやたま	0
はやだし	0
はやで	0
はやとちり	3
はやどり	0
はやなわ	0
はやにえ	0
はやぬい	0
はやのみ	0
はやば	0
はやびき	0
はやびけ	0
はやぼり	0
はやまき	0
はやみち	2
はやりかぜ	3
はやりがお	0
はやりがみ	3
はやりすたり	0
はやりっこ	0
はやりめ	0
はらあわせ	3
はらいうけ	0
はらいがい	0
はらいずみ	0
はらいだし	0
はらいぬし	2
はらいわたし	0
はらえぐし	3
はらえことば	4
はらえど	3
はらえどの	3
はらおこし	3
はらがけ	0
はらがまえ	3
はらくだり	3
はらした	0
はらつづみ	3
はらづもり	3
はらのむし	0
はらびらき	3
はらびれ	0
はらぶし	2
はらほげ	0
はらぼて	0
はらぼね	0
はらみいし	3
はらみおんな	4
はらやぐら	3
はらやせ	0
はらわり	0
はりあと	0
はりあな	0
はりあみ	0
はりいし	0
はりうり	2
はりおうぎ	3
はりかた	0
はりぐすり	3
はりこみ	0
はりした	0
はりしば	0
はりじまい	3
はりだこ	3
はりづな	0
はりて	0
はりとび	0
はりどめ	0
はりぬき	0
はりばこ	0
はりべら	0
はりぼね	0
はりまぜ	0
はりまわり	3
はりみず	0
はりみせ	0
はりめ	3
はりもの	0
はりやま	0
はりゆき	0
はりわさび	3
はりわた	0
はるあらし	3
はるしぐれ	3
はるつげ	0
はるどり	2
はるなつもの	0
はるにしん	3
はるべ	0
はるまき	0
はるまつり	3
はるやま	0
はれおとこ	3
はれすがた	3
はれつづき	3
はれぶた	0
はれまぶた	3
はわさび	2
ばうて	0
ばがえ	0
ばけぎつね	3
ばけたぬき	3
ばけねこ	0
ばけねずみ	3
ばけのかわ	5
ばけば	0
ばけみみず	3
ばすえ	0
ばたち	0
ばつなぎ	2
ばづくり	2
ばにわ	0
ばねいた	0
ばねばかり	3
ばばじる	0
ばばすぎ	0
ばひけ	0
ばふだ	0
ばらあつかい	3
ばらがい	0
ばらがき	0
ばらずし	2
ばらづくり	3
ばりつぼ	0
ばればなし	3
ひあかり	2
ひあし	0
ひあわい	0
ひいれ	3
ひうつり	2
ひえいり	0
ひえむら	0
ひおうぎ	2
ひおい	0
ひおこし	2
ひおもて	2
ひかえいし	3
ひかえぐみ	0
ひかえばしら	4
ひかえべや	0
ひかがみ	0
ひかき	3
ひかりごけ	3
ひかりだまり	0
ひかりまつり	4
ひがくし	2
ひがけ	0
ひがごころ	3
ひがしいる	4
ひがしおもて	4
ひがしぐみ	0
ひがしぞら	4
ひがしづめ	0
ひがしとりい	4
ひがしまくら	4
ひがしまわり	4
ひがみもの	0
ひきあけ	0
ひきあし	0
ひきあじ	0
ひきあみ	0
ひきあわせ	0
ひきいわい	3
ひきうた	0
ひきうつし	0
ひきうで	0
ひきうま	0
ひきうり	0
ひきえだ	0
ひきかけ	0
ひきかわ	0
ひきぎわ	0
ひきこ	0
ひきごこち	0
ひきさかな	3
ひきさき	0
ひきさり	0
ひきしお	0
ひきぞめ	0
ひきたおし	0
ひきだま	0
ひきちがい	0
ひきつり	0
ひきづくり	3
ひきづな	0
ひきて	0
ひきとけ	0
ひきどき	0
ひきなおし	0
ひきなわ	0
ひきぬき	0
ひきはぎ	0
ひはぎ	0
ひきはずし	0
ひきはだ	0
ひきひも	0
ひきぶね	0
ひきまね	0
ひきまゆ	3
ひきまわし	0
ひきみぞ	0
ひきむすび	3
ひきや	0
ひきやま	0
ひきゆ	0
ひきり	3
ひきわざ	0
ひきわた	0
ひきわらい	3
ひきわり	0
ひぎり	0
ひくち	0
ひくみ	3
ひぐまおとし	4
ひぐり	0
ひけぎわ	0
ひけどき	0
ひけね	0
ひけぶり	2
ひげくろ	0
ひげこ	0
ひげまじり	3
ひげむしゃ	0
ひこまご	0
ひごよみ	2
ひさごがた	0
ひさしがみ	0
ひさしばしら	4
ひさしまつげ	4
ひさしより	0
ひさめ	0
ひざうち	0
ひざうら	0
ひざおくり	3
ひざがわり	3
ひざさら	0
ひざづかい	3
ひざのり	0
ひざぼね	0
ひざよろい	3
ひしこ	0
ひしとじ	0
ひしぶえ	0
ひしもち	2
ひしやぐら	3
ひじうち	0
ひじきとり	3
ひじした	0
ひじたけ	0
ひじに	0
ひじまくら	3
ひじまる	0
ひじりづか	3
ひすまし	2
ひずみとり	3
ひそめごえ	4
ひぞり	0
ひたあやまり	3
ひたいあて	0
ひたいがみ	0
ひたいぎわ	0
ひたいぐち	0
ひたえ	0
ひたおし	0
ひたごころ	3
ひたしつゆ	4
ひたしぬり	0
ひたたれ	0
ひたたれすがた	5
ひたなき	0
ひだえり	0
ひだおく	0
ひだかざり	3
ひだぐち	2
ひだすき	2
ひだま	3
ひだやま	0
ひだりあがり	4
ひだりあたま	5
ひだりうしろ	4
ひだりえり	0
ひだりおく	0
ひだりおくみ	4
ひだりかべ	3
ひだりからげ	4
ひだりがき	0
ひだりがた	0
ひだりぎっちょ	4
ひだりぐみ	0
ひだりこし	0
ひだりこぶし	4
ひだりすそ	0
ひだりすね	0
ひだりすみ	0
ひだりずれ	0
ひだりそで	0
ひだりちち	0
ひだりづかい	4
ひだりとじ	0
ひだりともえ	4
ひだりななめ	5
ひだりなわ	0
ひだりねじ	4
ひだりはな	0
ひだりはら	0
ひだりはらい	4
ひだりへり	0
ひだりほお	0
ひだりほほ	4
ひだりまぶた	4
ひだりまゆ	4
ひだりまわし	4
ひだりむき	0
ひだりもも	4
ひだりゆび	0
ひだりゆれ	0
ひだりよせ	0
ひだりより	0
ひっこぬき	0
ひっつめ	0
ひつぎがわり	4
ひつじおとこ	4
ひつじかい	3
ひつじかわ	0
ひつじさる	4
ひつじさるとりうまれ	8
ひつじつかい	4
ひつじどし	0
ひつまぶし	3
ひとあしらい	3
ひとあな	0
ひとあなずり	3
ひとうず	0
ひとおじ	0
ひとおと	0
ひとおり	2
ひとがえし	3
ひとがかり	0
ひとがり	0
ひとがれ	0
ひとぎき	0
ひとぐま	0
ひとごえ	0
ひとさがし	3
ひとさらい	3
ひとざと	0
ひとずき	0
ひとずれ	0
ひとそだち	3
ひとぞろい	3
ひとたらし	3
ひとだて	0
ひとちがい	3
ひとちがえ	3
ひとつぶて	3
ひとづて	0
ひととり	0
ひとなみ	0
ひとばらい	3
ひとぶた	0
ひとまぜ	0
ひとまち	0
ひとまね	0
ひとぼし	2
ひとやど	0
ひとよせ	0
ひとよび	0
ひとりがみ	3
ひどこ	1
ひなあそび	3
ひなあられ	3
ひなうぐいす	4
ひなうた	2
ひなかざり	3
ひなくもり	0
ひなこうもり	3
ひなし	0
ひなたがわ	0
ひなたみず	3
ひなべ	0
ひなわ	0
ひねくれや	0
ひねごめ	0
ひねずみ	2
ひねとの	0
ひのいり	0
ひのえさる	4
ひのえたつ	0
ひのえとら	0
ひのえね	0
ひのかわ	1
ひのきかぶと	4
ひのきばやし	4
ひのきばり	0
ひのて	1
ひのとい	3
ひのとうし	3
ひのとみ	0
ひのべ	0
ひばさみ	2
ひばし	1
ひばらい	0
ひばりむすび	4
ひびきあい	0
ひびつ	1
ひぶくろ	2
ひぶせ	1
ひぶた	1
ひまいり	2
ひいまご	0
ひまち	0
ひまつり	2
ひまわりがら	0
ひまわりぐみ	0
ひむし	1
ひむれ	0
ひむろぎ	0
ひめいい	0
ひめいちご	3
ひめうつぎ	3
ひめおおきみ	3
ひめがえる	3
ひめがき	2
ひめこがね	3
ひめつばき	3
ひめはじめ	3
ひめまつ	2
ひめもも	2
ひもつち	0
ひもづくり	3
ひもづけ	0
ひもとおし	3
ひもむし	2
ひもむすび	3
ひやしあめ	3
ひやじる	3
ひょうごこ	0
ひよ	1
ひよみ	0
ひよりかぜ	3
ひよりまち	0
ひよりみ	0
ひらあみ	0
ひらおき	0
ひらおし	0
ひらおり	0
ひらかべ	0
ひらがさ	3
ひらがわら	3
ひらがんな	3
ひらきぐせ	0
ひらきど	3
ひらきばしら	4
ひらきよみ	0
ひらくび	2
ひらくわ	0
ひらぐわ	0
ひらぐけ	0
ひらぐし	2
ひらぐつ	0
ひらぐみ	0
ひらけずり	3
ひらざむらい	3
ひらざや	0
ひらざら	0
ひらしお	0
ひらしき	0
ひらぞこ	0
ひらたぐも	4
ひらたぶね	4
ひらだな	0
ひらだま	0
ひらづくり	3
ひらづみ	0
ひらどこ	0
ひらなつめ	3
ひらのし	0
ひらばこ	0
ひらばり	0
ひらひも	0
ひらふで	0
ひらぼし	0
ひらぼり	0
ひらみ	0
ひらむすび	3
ひらもの	0
ひらやぐら	3
ひらやすり	3
ひるいし	2
ひるおび	0
ひるがた	0
ひるがわ	0
ひるとんび	3
ひるなか	0
ひるむしろ	3
ひれころも	3
ひれすじ	0
ひろいくさ	3
ひろいぐい	0
ひろいぐるま	4
ひろいて	0
ひろいもの	0
ひろいや	0
ひろえり	0
ひろがた	0
ひろがりはば	4
ひろくち	0
ひろしき	0
ひろっぱ	1
ひろまえ	0
ひろめや	0
ひろやね	0
ひろやま	0
ひわいろ	0
ひわかれ	2
ひわだいろ	0
ひわだぶき	0
ひわり	0
ひわれ	0
びんがた	0
びんがたぞめ	0
びんざさら	3
びんざさらまい	4
ふえくらべ	3
ふえたけ	2
ふかうえ	0
ふかしいも	3
ふかしたて	0
ふかしなす	4
ふかしなべ	4
ふかぞり	0
ふかつり	0
ふかで	0
ふかなさけ	3
ふかなべ	0
ふかなわ	0
ふかば	0
ふかびさし	3
ふかみどり	3
ふきあと	0
ふきあらい	0
ふきいれ	0
ふきうるし	3
ふきかえ	0
ふきがら	0
ふきくらべ	0
ふきぐち	2
ふきごこち	0
ふきさらし	0
ふきざらし	0
ふきっさらし	0
ふきすい	2
ふきだけ	2
ふきだまり	0
ふきつち	0
ふきぬき	0
ふきのこし	0
ふきはなし	0
ふきまき	0
ふきまわし	0
ふきむら	0
ふきわけ	0
ふきわた	0
ふくだわら	3
ふくねこ	0
ふくべまる	3
ふくみごえ	4
ふくみゆすぎ	4
ふくみわた	3
ふくめに	0
ふくらしこ	0
ふくらしば	3
ふくらはぎたけ	5
ふくれがお	0
ふくれつら	0
ふくろあみ	3
ふくろいり	0
ふくろうち	0
ふくろうり	3
ふくろおり	0
ふくろがけ	0
ふくろしぼり	4
ふくろじない	4
ふくろだな	3
ふくろづの	3
ふくろづめ	0
ふくろつめ	0
ふくろど	3
ふくろぬの	3
ふくろねり	0
ふくろみみ	3
ふぐしゃぶ	0
ふぐじる	3
ふぐるま	2
ふけどめ	0
ふさいと	0
ふさざき	0
ふしいと	0
ふしおり	0
ふしおろし	3
ふしかぎ	0
ふしくさ	0
ふしだま	0
ふしづけ	0
ふしまち	0
ふしもり	0
ふじおどし	3
ふじかずら	3
ふじがさね	3
ふじがた	0
ふじごろも	3
ふじざくら	3
ふじだな	0
ふじつつじ	3
ふじづる	0
ふじねずみ	0
ふじのみ	0
ふじびたい	3
ふじまつり	3
ふじまめ	0
ふじむすめ	3
ふじむらさき	4
ふすべがわ	0
ふすまぎわ	0
ふすまごし	0
ふすまど	3
ふすまはり	3
ふせうち	0
ふせぎや	3
ふせこみ	0
ふせご	2
ふせや	2
ふたあけ	0
ふたいし	0
ふたうら	0
ふたおもて	3
ふたがわり	3
ふたもの	0
ふだどめ	0
ふちあみ	0
ふちだか	0
ふちぬい	0
ふつのみたま	0
ふであらい	3
ふでぐせ	0
ふでさばき	3
ふでづかい	3
ふでづかひ	3
ふでつくり	3
ふでづくり	3
ふでづつ	0
ふでぬり	0
ふではこび	3
ふでぶと	0
ふでみょうが	3
ふでむら	0
ふでゆい	0
ふとうで	0
ふとえだ	0
ふとおり	0
ふとがた	0
ふところおとこ	5
ふところがたな	5
ふところがみ	0
ふところすずり	5
ふところで	0
ふとざお	0
ふとっちょ	2
ふとで	0
ふとばし	3
ふとふで	0
ふとまき	0
ふとまに	0
ふとまゆ	0
ふともの	0
ふとわく	0
ふなあし	0
ふなあそび	3
ふないくさ	3
ふないた	0
ふなおろし	3
ふなかげ	0
ふなかた	0
ふなぎみ	2
ふなくぎ	2
ふなくだり	3
ふなくち	0
ふなぐら	0
ふなぐり	0
ふなさわぎ	3
ふなじるし	3
ふなぞろえ	3
ふなづり	0
ふねづり	0
ふなどこ	0
ふなどまり	3
ふなどんや	3
ふなのこ	0
ふなのむらじ	4
ふなば	0
ふなばり	0
ふなひき	2
ふなまつり	3
ふなや	0
ふなゆれ	0
ふなよせ	0
ふなわたし	3
ふなわたり	3
ふねあらため	3
ふねころがし	3
ふねごし	0
ふねづくり	3
ふねふね	0
ふみばこ	2
ふひとべ	3
ふまき	0
ふみあげ	0
ふみあと	0
ふみいし	0
ふみぎ	0
ふみくわ	0
ふみぐるま	3
ふみさし	0
ふみぞの	0
ふみたおし	0
ふみだな	0
ふみつけ	0
ふみづかい	3
ふみづら	0
ふみど	0
ふみにない	3
ふみぬき	0
ふみはば	0
ふみばさみ	3
ふみふだ	2
ふやしめ	0
ふゆいと	0
ふゆがこい	3
ふゆがた	0
ふゆがれ	0
ふゆがわ	0
ふゆくさ	0
ふゆごし	0
ふゆこもり	3
ふゆごもり	3
ふゆざれ	0
ふゆすみれ	3
ふゆばれ	0
ふゆほたる	3
ふゆみち	2
ふゆやま	0
ふらここ	0
ふりあい	0
ふりあがり	0
ふりあて	0
ふりいち	2
ふりごと	0
ふりごま	0
ふりざる	0
ふりしお	0
ふりじお	0
ふりだき	0
ふりつづみ	3
ふりのこし	0
ふりはた	0
ふりみず	0
ふりもの	0
ふりわけ	0
ふるあし	0
ふるいた	0
ふるいたち	3
ふるいと	0
ふるいわけ	0
ふるうた	0
ふるおけ	0
ふるおみな	3
ふるかね	0
ふるかばん	3
ふるかぶ	0
ふるかべ	0
ふるがさ	0
ふるぎつね	3
ふるぎれ	0
ふるくぎ	2
ふるくそ	0
ふるぐつ	0
ふるたけ	0
ふるだぬき	3
ふるだね	0
ふるだる	0
ふるつか	0
ふるづけ	0
ふるて	0
ふるとり	0
ふるなじみ	3
ふるふんどし	3
ふるまいざけ	3
ふるまいそば	5
ふるもの	0
ふれがき	0
ふれがしら	3
ふれした	0
ふれだし	0
ふれとり	0
ふれどめ	0
ふれびと	0
ふれぶみ	0
ふろあらい	3
ふろかび	0
ふろふき	2
ふろや	2
ふんぎり	0
ふんどしかつぎ	5
ぶたあじ	0
ぶたおんな	3
ぶたがわ	0
ぶたさら	0
ぶたしゃぶ	0
ぶたそぼろ	3
ぶたたけ	0
ぶたたま	0
ぶたなまず	3
ぶたひめ	2
ぶたまめ	0
ぶためし	0
ぶたもも	0
ぶちげ	2
ぶちこわし	0
ぶっこみ	0
ぶっとおし	0
ぶりつり	0
へぎいた	0
へぎそば	0
へぎめ	0
へくらべ	2
へえこき	0
へこき	3
へこみがお	0
へしあい	0
へそがわ	0
へたっぴい	4
へたとり	0
へち	1
へつらい	3
へびおやじ	3
へびがみ	0
へびだま	0
へびやしき	3
へやかざり	3
へやがかり	3
へやずまい	3
へやずみ	0
へやだし	0
へやちがい	3
へやづくり	3
へやなり	0
へやねこ	0
へやばき	0
へやびらき	3
へやほし	0
へやわけ	0
へやわり	0
へらしめ	0
へらぼり	0
へりうち	0
へりかえし	0
へりぐち	2
べしみ	0
べつぬの	0
べにあし	2
べにいろ	0
べにかづら	3
べにかずら	3
べにかね	2
べにがら	0
べにくじら	3
べにぐも	0
べにこうじ	3
べにざら	2
べにすじ	0
べにすずめ	3
べにずり	0
べにぞめ	0
べにたで	0
べにだま	0
べにつばき	3
べにはぎ	0
べにはこべ	3
べにばら	0
べにひ	0
べにひめ	2
べにふで	2
べにふぶき	3
べにぶた	0
べにもち	2
べにわびすけ	4
ほあげ	0
ほうきがみ	3
ほうきたけ	3
ほうきみがき	4
ほえぐせ	0
ほえごえ	3
ほえづら	0
ほおがえし	3
ほおずみ	1
ほおにきび	3
ほおのき	1
ほおば	0
ほおぶくろ	3
ほおべた	0
ほおやけ	0
ほかい	0
ほかげ	0
ほがしら	2
ほきれ	0
ほぎ	1
ほくそ	0
ほくろうらない	4
ほくろおとこ	4
ほぐしあらい	4
ほぐしみ	0
ほこぐるま	3
ほこな	0
ほこみ	0
ほこやり	0
ほこりがお	0
ほこりまみれ	4
ほころびなおし	0
ほごえ	0
ほしあずき	3
ほしあわび	3
ほしあはび	3
ほしあんず	3
ほしいい	2
ほしいも	0
ほしいわし	3
ほしうち	0
ほしうめ	2
ほしえび	2
ほしかげ	3
ほしかどんや	4
ほしかぶと	3
ほしがい	2
ほしがた	0
ほしがみ	0
ほしがら	0
ほしくそ	0
ほしぐみ	0
ほしざかな	3
ほじし	3
ほしした	0
ほしするめ	3
ほしずな	0
ほしそば	0
ほしたけ	2
ほしだこ	3
ほしちち	0
ほしなつめ	3
ほしのり	2
ほしふね	0
ほしめ	0
ほしめぐり	3
ほしもち	2
ほしわかめ	3
ほじりだし	0
ほじるし	2
ほすすき	2
ほそいと	0
ほそうち	0
ほそうで	0
ほそえだ	0
ほそおもて	3
ほそがた	0
ほそくち	0
ほそぐみ	0
ほそざお	0
ほそたち	0
ほそづくり	3
ほそどの	0
ほそね	0
ほそねぎ	0
ほそびき	0
ほそびつ	0
ほそまき	0
ほそまゆ	3
ほそみち	2
ほぞつぎ	3
ほぞづくり	3
ほぞとり	3
ほぞぬけ	0
ほぞろい	2
ほたぎ	0
ほたで	0
ほたるいろ	0
ほたるかご	3
ほたるぐさ	3
ほたるぞく	3
ほたるねずみ	4
ほたるまつり	4
ほっぺがわ	0
ほつぺた	3
ほおぺた	3
ほづくり	2
ほづつ	0
ほて	0
ほてり	3
ほとけいじり	4
ほとけおろし	4
ほとけごころ	4
ほとけばな	3
ほとばしり	0
ほどきいと	4
ほぬの	0
ほねうさぎ	3
ほねおんな	3
ほねがき	0
ほねがらみ	3
ほねぶえ	0
ほねぼね	2
ほばしら	2
ほまえ	0
ほまち	0
ほむぎ	0
ほむらいろ	0
ほめうた	2
ほめごと	2
ほやがい	2
ほりあじ	2
ほりあと	0
ほりあな	0
ほりかえ	0
ほりぎわ	0
ほりくず	3
ほりこ	0
ほりこみ	0
ほりさげ	0
ほりすじ	0
ほりだて	0
ほりづたい	3
ほりて	0
ほりとり	0
ほりぬき	0
ほりのこし	0
ほりばた	0
ほりみず	2
ほりわり	0
ほれぐすり	3
ほれぐせ	0
ほろうけ	0
ほろかや	0
ぼかしがら	0
ぼかしまゆ	0
ぼろあつめ	3
ぼろかす	0
ぼろすみ	0
ぼろや	2
ぼろわた	2
ぼんぼり	0
ぼんぼりまつり	5
まいおうぎ	3
まいくせ	0
まいごいし	3
まいごうし	3
まいすがた	3
まいびと	0
まいぶた	0
まいらど	1
まえあがり	3
まえあわせ	3
まえいた	0
まえかの	0
まえかれ	0
まえっかわ	0
まえがわ	0
まえげり	0
まえさがり	3
まえさなぎ	3
まえさばき	3
まえじた	0
まえすそ	0
まえそで	0
まえぞなえ	3
まえだれ	0
まえづけ	0
まえづめ	0
まえはま	0
まえばね	0
まえひらき	3
まえびき	0
まえびさし	3
まえぶくろ	3
まえぶた	0
まえまわり	3
まえみや	0
まえむすび	3
まえわき	0
まえわく	0
まかないがかり	5
まかないどころ	0
まかりもうし	4
まかるがえしの	4
まかるがえし	4
まがごと	0
まがたまづくり	5
まがなわ	0
まがりえ	3
まがりがたな	4
まがりがね	3
まがりきゅうり	4
まがりぎ	3
まがりばしら	4
まがりめ	0
まきあし	0
まきあつ	0
まきあみ	0
まきいし	0
まきいと	0
まきえさ	0
まきおどり	3
まきおろし	0
まきがかり	3
まきがり	0
まきぎ	0
まきぐせ	0
まきげ	0
まきざっぽう	0
まきす	0
まきすし	2
まきぞめ	0
まきだし	0
まきだま	0
まきづくり	3
まきづめ	0
まきどう	0
まきどり	2
まきなみ	0
まきぬの	0
まきはぎ	0
まきはこび	3
まきひげ	0
まきひも	0
まきふで	0
まきぶり	0
まきぼかし	0
まきみち	2
まきやま	0
まきゆで	0
まきわら	0
まぎらわし	0
まくなぎ	0
まくらえらび	4
まくらかざり	4
まくらがへし	4
まくらがえし	4
まくらがたな	4
まくらがみ	3
まくらがわり	4
まくらごと	0
まくらさがし	4
まくらづくえ	4
まくらなげ	3
まくらばね	4
まくらひも	3
まくらべ	3
まくらめし	3
まくらやど	4
まぐそ	0
まぐち	1
まぐろどんぶり	4
まぐろなわ	3
まぐわい	0
まけいぬ	0
まけいろ	0
まけうし	0
まけおとこ	3
まけすじ	0
まけばら	0
まけわざ	0
まげがた	0
まげき	0
まげしろ	0
まげもの	0
まげわっぱ	3
まごうけ	0
まごうた	2
まごがめ	0
まごかめ	0
まごがみ	0
まごづる	0
まごばあ	3
まごびさし	3
まごぼね	0
まごむすこ	3
まさゆめ	0
まさりがお	0
まさりぐさ	3
ましうち	0
ましずり	0
ましゆか	0
まじめざけ	3
まじりけ	0
ますおとし	3
ますぐみ	0
ますざけ	0
ますどこ	0
ますらたけお	0
ませがき	2
まぜいけ	0
まぜおり	0
まぜぐすり	3
まぜこぜ	0
まぜずし	2
まぜそば	0
まぜむら	0
まぜめし	0
まぜもり	0
またぐら	0
またざお	0
まただのみ	3
またども	2
またぬの	0
またのぞき	3
またのひ	2
またはばき	3
またび	2
まためい	0
またわり	0
まだらいし	3
まだらしみ	0
まだらじま	0
まだらぼけ	0
まだらゆき	3
まちあかり	3
まちあみ	0
まちえらび	3
まちがお	0
まちぐち	2
まちこうじ	3
まちことば	3
まちごえ	0
まちごま	0
まちざかい	3
まちじり	0
まちすじ	0
まちずまい	3
まちそだち	3
まちそだて	3
まちだね	0
まちっこ	0
まちつけ	0
まちつじ	0
まちつづき	3
まちづかれ	0
まちねずみ	3
まちば	0
まちぶれ	0
まちぶろ	0
まちぼうけ	0
まちまわり	3
まちむすめ	3
まちめぐり	3
まちもり	0
まちやしき	3
まちやっこ	3
まつおさめ	3
まつかざり	3
まつがれ	0
まつぐい	0
まつげきわ	0
まつげごし	0
まつげさばき	4
まつげはげ	4
まつずみ	2
まつぜみ	2
まつづき	2
まつづくし	3
まつのうち	3
まつむかえ	3
まつやに	0
まつりうた	3
まつりぐけ	0
まつりぬい	3
まつりばやし	4
まつりびと	3
まつりびより	4
まとあて	0
まとだま	0
まとめあらい	4
まとめづくり	4
まとめどり	0
まとめや	0
まどあかり	3
まどあけ	0
まどいた	0
まどうめ	0
まどかけ	2
まどかまち	3
まどがみ	0
まどがわり	3
まどふき	2
まどわく	0
まなぐい	0
まなこい	3
まなし	0
まなばし	3
まなびあい	0
まなびや	0
まなむすめ	3
まにし	0
まねきねこ	4
まねごと	0
まねしつぐみ	4
まばしら	2
まひがし	2
まひる	0
まびさし	2
まびろ	0
まぶたがわ	0
ままあに	0
ままいも	0
ままおや	0
ままけは	0
ままちち	0
ままむすめ	3
まみじろ	0
まみず	0
まみどり	2
まみなみ	2
まむき	0
まむしざけ	3
まめいた	0
まめがんな	3
まめこ	0
まめざら	0
まめじゃり	0
まめだぬき	3
まめたぬき	3
まめつまみ	3
まめづら	0
まめなし	0
まめばたけ	3
まめびしゃく	3
まめびな	3
まめふくろう	4
まめもち	2
まもりがたな	4
まもりて	4
まもりびな	4
まもりふだ	3
まもりぶくろ	4
まゆいれ	0
まゆいろ	0
まゆうえ	0
まゆおき	2
まゆかくし	3
まゆがしら	3
まゆがわ	0
まゆけし	0
まゆけば	0
まゆごもり	3
まゆした	0
まゆそり	0
まゆぞめ	0
まゆだま	0
まゆづくり	3
まゆはけ	2
まゆはば	0
まゆばさみ	3
まゆはさみ	3
まゆびな	0
まゆぼね	0
まゆやま	0
まよいがお	0
まよいねこ	4
まよいばし	4
まりあし	0
まりあそび	3
まるあげ	0
まるあたま	3
まるあな	0
まるあみ	0
まるえり	0
まるおび	0
まるおぼえ	0
まるかご	0
まるがさ	0
まるがり	0
まるがわら	3
まるがんな	3
まるくび	0
まるぐけ	0
まるざや	0
まるざら	0
まるせいご	3
まるぞこ	0
まるぞり	0
まるたけ	0
まるちち	0
まるつり	0
まるつる	0
まるづくえ	3
まるづめ	0
まるなす	0
まるなべ	0
まるのこ	0
まるはぎ	0
まるはな	0
まるはば	0
まるばし	3
まるひも	0
まるふで	0
まるぶた	0
まるぶち	0
まるぶろ	0
まるぼり	0
まるぽち	0
まるぽちゃ	0
まるまき	0
まるまど	0
まるむき	0
まるめさき	0
まるもの	0
まるやき	0
まるやけ	0
まるやね	0
まるわく	0
まれびとがみ	4
まろうどあえ	0
まわしうち	0
まわしぎり	0
まわしぐるま	4
まわしげり	0
まわしすがた	4
まわしそそぎ	0
まわしむすび	4
まわしもの	0
まわしゆり	0
まわた	0
まわりあわせ	0
まわりこ	0
まわりこみ	0
まわりどめ	0
まわりぶち	0
まわりもち	0
まわりもの	0
みあがり	0
みあき	0
みあやまり	0
みあら	0
みいず	0
みいり	0
みいわい	2
みうけ	0
みうり	0
みえけし	0
みおさめ	0
みおも	0
みかぎり	0
みがききず	3
みがきずな	0
みがきぬの	3
みがきのこし	0
みがきや	0
みがため	2
みきどっくり	3
みきなわ	0
みきはだ	0
みきまわり	3
みきれ	3
みぎあご	0
みぎあたま	3
みぎうしろ	3
みぎうら	0
みぎえだ	0
みぎえり	0
みぎおく	0
みぎおくみ	3
みぎかかと	3
みぎかべ	0
みぎからげ	3
みぎがお	0
みぎかき	0
みぎがき	0
みぎがた	0
みぎくび	0
みぎくみ	0
みぎこし	0
みぎこぶし	3
みぎこめかみ	3
みぎさがり	3
みぎすそ	0
みぎすべり	3
みぎすみ	0
みぎずれ	0
みぎそで	0
みぎちち	0
みぎとじ	0
みぎねじ	0
みぎはら	0
みぎはらい	3
みぎひざ	0
みぎひねり	3
みぎふくらはぎ	5
みぎへり	0
みぎほお	0
みぎほほ	0
みぎまがり	3
みぎまぶた	3
みぎまゆ	0
みぎまわし	3
みぎまわり	3
みぎむき	0
みぎゆび	0
みぎゆれ	0
みぎよこ	0
みぎよせ	0
みぎわく	0
みぎわけ	0
みくず	0
みぐし	0
みくし	0
みけつくに	3
みこおさ	0
みこすがた	3
みことば	2
みこばば	0
みこひめ	2
みこまい	2
みさかい	0
みさきめぐり	4
みさだめ	0
みじかあみ	0
みじかづめ	3
みじかて	0
みじかよ	3
みじまい	2
みじるし	2
みすがみ	0
みずあかり	3
みずあし	0
みずあせ	0
みずあな	0
みずあぶら	3
みずあらそい	3
みずあれ	0
みずあわせ	3
みずいと	0
みずいぼ	0
みずいり	0
みずうみがわ	0
みずおくり	0
みずおしろい	3
みずかい	0
みずかがみ	3
みずかぶり	3
みずがい	2
みずがみ	0
みずがれ	0
みずがわり	3
みずぎれ	0
みずくさ	0
みずくされ	0
みずぐすり	3
みずぐり	2
みずけむり	3
みずこ	0
みずご	0
みずこぼし	3
みずごえ	0
みずごおり	3
みずごころ	3
みずごり	0
みずさかずき	3
みずさじ	0
みずさらし	3
みずしごと	3
みずしめ	0
みずしろめ	3
みずじも	0
みずじらみ	3
みずせき	0
みずぜめ	0
みずたたき	3
みずだこ	0
みずだめ	0
みずだめし	3
みずだる	0
みずち	0
みずばな	0
みずつかい	3
みずつくり	3
みずづけ	0
みずとい	0
みずとぎ	0
みずどめ	0
みずに	0
みずぬけ	0
みずぬれ	0
みずのあわ	5
みずのえいぬ	3
みずのえたつ	3
みずのえとら	3
みずのえね	0
みずのかわ	0
みずのと	3
みずのとう	3
みずのとうし	0
みずのととり	0
みずのとひつじ	0
みずのとひつじの	0
みずのり	0
みずはこび	3
みずばけ	0
みずばしら	3
みずばら	0
みずばり	0
みずばれ	0
みずびき	0
みずぶとり	3
みずぶろ	0
みずぼかし	0
みずぼり	0
みずまくら	3
みずまけ	0
みずまわし	3
みずみがき	3
みずみたま	3
みずめし	0
みずもち	0
みずもどし	3
みずゆき	0
みずよごれ	3
みずら	0
みずわさび	3
みずわた	0
みせいた	0
みせえらび	3
みせかくし	0
みせがかり	3
みせけし	0
みせけち	0
みせさら	0
みせせり	2
みせだし	0
みせだま	0
みせづくり	3
みせばな	0
みせびらき	3
みせむち	0
みそぎがわ	3
みぞあと	0
みぞあな	0
みぞうみ	2
みぞぶた	0
みぞれあめ	4
みぞれず	3
みぞれつき	3
みぞれなべ	4
みぞれまじり	4
みぞれゆき	3
みたまいし	3
みたまみがき	4
みたまや	0
みだしなみ	0
みだれうち	0
みだれがき	0
みだればこ	3
みだれもり	0
みちあえ	0
みちあし	0
みちいた	0
みちえらび	3
みちおしえ	3
みちかど	0
みちがい	0
みちがわり	3
みちくさ	0
みちしお	0
みちしば	0
みちつじ	0
みちづくり	3
みちなかば	0
みちひ	1
みちひらき	0
みちび	0
みちまよい	3
みちより	0
みちわる	0
みついで	0
みつき	0
みつぎおんな	4
みつぎもの	0
みつくろい	2
みづくろい	2
みづら	0
みてぐら	0
みどし	0
みどりうんち	4
みどりがら	0
みどりぐみ	0
みどりご	3
みどりず	3
みどりづくり	4
みどりば	3
みどりばな	3
みどりみ	0
みどりゆ	3
みなそこ	0
みなとづくり	4
みなとまつり	4
みなひと	0
みなみいる	4
みなみおち	0
みなみくら	0
みなみぐみ	0
みなみざま	0
みなみざりがに	4
みなみだまり	4
みなみだら	4
みなみつま	3
みなみづめ	0
みなみて	0
みなみどなり	4
みなみぬま	3
みなみびさし	4
みなみまくら	4
みなみまぐろ	4
みなみまる	3
みなみまわり	4
みなみむき	0
みなみやしき	4
みなみより	0
みなわ	0
みねいり	0
みねうち	0
みねぐも	0
みねみね	2
みのかさ	1
みのがめ	0
みのづか	2
みはからい	0
みはば	1
みばなれ	2
みばれ	0
みみあたり	0
みみうえ	0
みみうら	0
みみうんこ	3
みみおぼえ	3
みみかくし	3
みみかけ	0
みみかざり	3
みみかす	3
みみがね	0
みみがわ	0
みみぎわ	0
みみぐけ	0
みみげ	0
みみこすり	3
みみごこち	0
みみさと	0
みみずくさがし	5
みみぞこ	0
みみたこ	0
みみだに	0
みみつぼ	0
みみどしま	3
みみぬき	3
みみねこ	0
みみみず	0
みみよこ	0
みみわ	0
みもみ	0
みやかざり	3
みやがた	0
みやげえらび	4
みやげがわり	4
みやげばなし	4
みやこうつり	4
みやこおち	0
みやこをどり	4
みやこおどり	4
みやこぐさ	3
みやこづくり	4
みやこづめ	0
みやこのぼり	4
みやこびと	3
みやこぶし	0
みやこほとり	4
みやこぼこり	4
みやこわすれ	4
みやしばい	3
みやだし	0
みやづかえ	3
みやどころの	0
みやどころ	3
みやなぎ	0
みやばら	0
みやびと	0
みやまいり	3
みやまおろし	4
みやまがらす	4
みやみこし	3
みやもち	0
みょうがいろ	0
みょうがこ	3
みわすれ	0
みわれ	0
むかいあい	0
むかいななめ	5
むかいび	3
むかひび	3
むかえばな	3
むかえびと	3
むかしあそび	4
むかしがた	0
むかしがたり	4
むかしとんぼ	4
むかしなじみ	4
むかしびと	3
むかしもの	0
むかばき	0
むきぐせ	0
むきたて	0
むきたまご	3
むきみ	0
むぎいり	0
むぎいろ	0
むぎうね	2
むぎおんな	3
むぎぐるま	3
むぎこうじ	3
むぎこき	2
むぎづくり	3
むぎとろ	0
むぎぬか	2
むぎゆ	2
むくげ	0
むくみあし	3
むくみとり	3
むこうきず	2
むこうずね	0
むこうづち	0
むこうどなり	4
むこうはし	0
むこうはじ	0
むこうむき	0
むこえらび	3
むこがた	0
むこなげ	0
むしあと	0
むしあらい	3
むしあわび	3
むしいも	0
むしうに	0
むしえさ	0
むしおくり	3
むしおさえ	3
むしおとこ	3
むしかえし	0
むしかご	0
むしかぶり	3
むしがた	0
むしがれい	3
むしぎらい	3
むしぐすり	3
むしぐり	2
むしけ	0
むしこぶ	0
むしごえ	0
むしごめ	0
むしざかな	3
むししぐれ	3
むしずし	2
むしぜめ	0
むしそば	0
むしだこ	2
むしだし	0
むしとも	0
むしどり	2
むしなす	0
むしなべ	0
むしのいき	4
むしばら	0
むしふだ	0
むしべや	0
むしぼし	0
むしめ	0
むしや	0
むしやき	0
むしゆ	0
むしよごれ	3
むすこごろし	4
むすひ	0
むすびかまぼこ	4
むすびきす	4
むすびきり	0
むすびことば	4
むすびどめ	0
むすびなわ	0
むすびのかみ	5
むすびひも	3
むすびめ	0
むすびめし	3
むすびや	0
むすびやなぎ	4
むすめおどり	4
むすめごころ	4
むすめごろし	4
むすめざかり	4
むすめし	3
むすめすがた	4
むすめたらし	4
むすめむこ	4
むすめやど	4
むせびなき	0
むだうち	0
むだじに	0
むだだま	0
むだばたらき	3
むだばな	0
むだぼね	0
むだや	0
むつびあい	0
むなかど	0
むながい	0
むなき	0
むなぎ	0
むなげ	0
むなだか	0
むなつき	0
むなづもり	3
むなはだ	0
むなひげ	0
むなびれ	0
むなひれ	0
むなふだ	2
むねふだ	2
むなわけ	0
むねおさえ	3
むねかけ	0
むねかざり	3
むねきゅん	0
むねした	0
むねたたき	3
むねはば	2
むねまる	0
むねまわり	3
むねわり	0
むらいり	0
むらうけ	0
むらおきて	3
むらおこし	3
むらおとこ	3
むらがこい	3
むらがわ	0
むらくも	0
むらくもの	0
むらご	0
むらさきあわせ	5
むらさきいか	4
むらさきいと	5
むらさきがら	0
むらさきぐさ	4
むらさきくま	4
むらさきぐま	4
むらさきぞめ	0
むらさきぬの	4
むらさきばな	4
むらさきまめ	4
むらさきみ	0
むらさめ	0
むらし	3
むらしぐれ	3
むらしばい	3
むらじぬし	3
むらすずめ	3
むらだち	0
むらなみ	0
むらにえ	0
むらばらい	3
むらまつり	3
むらむすめ	3
むれたち	0
むれは	0
むろざき	0
むろのき	1
むろほぎ	0
むろほき	0
めあき	3
めいも	0
めうち	0
めおおい	2
めかお	1
めかしがお	0
めかすがい	2
めかずら	2
めかた	0
めかど	1
めがたき	2
めきり	3
めぎつね	2
めぎれ	3
めくぎ	1
めくされ	2
めくち	1
めくぼみ	2
めくり	0
めくりふだ	3
めくれ	0
めぐし	1
めくま	0
めこぼし	2
めしあげ	0
めしうり	2
めしおけ	0
めしかえ	0
めしつぎ	0
めしとり	0
めしもの	2
めしうど	2
めしゅうど	2
めしゆ	0
めしよせ	0
めすあり	0
めすうし	0
めすうま	0
めすかし	2
めすがに	0
めすぎつね	3
めすくじら	3
めすざる	0
めすしま	0
めすしゃち	0
めすじ	1
めすじか	0
めすぶた	0
めすやぎ	0
めずらしもの	0
めたで	0
めたま	0
めだき	1
めったうち	0
めつぎ	3
めつぼ	1
めづかれ	2
めづくり	2
めづまり	2
めづもり	2
めとしま	2
めどおし	2
めどき	0
めどぎ	0
めどはぎ	0
めどめ	0
めなだ	0
めなみ	1
めにじ	0
めねぎ	0
めねじ	0
めのから	0
めのこ	2
めのとご	3
めはば	0
めばな	1
めひじき	2
めびな	1
めびらき	2
めぶくろ	2
めぶし	1
めまいどめ	0
めまき	0
めまつ	1
めむしり	2
めやなぎ	2
めやま	1
めゆい	0
めんうり	0
もあけ	0
もうお	0
もうけがしら	4
もうけごと	0
もうけしごと	4
もうけづき	3
もうしいで	0
もうしうけ	0
もうしおくり	0
もうしきかせ	0
もうしぐち	0
もうしこし	0
もうしつぎ	0
もうしつけ	0
もうしひらき	0
もうしぶみ	0
もうしわたし	0
もえがら	0
もえぎいろ	0
もえぎおどし	4
もえくさ	0
もえさし	0
もえじに	0
もえのこり	0
もがさ	0
もかさ	1
もぐさつち	3
もしお	0
もじりおり	0
もじりことば	4
もずくす	3
もずくとり	3
もだえじに	0
もだえなき	0
もちあみ	0
もちあるき	0
もちいい	0
もちいぬ	0
もちいろ	0
もちおもり	0
もちかがみ	3
もちきれ	0
もちぐさ	0
もちぐされ	0
もちぐみ	0
もちごこち	0
もちさけ	0
もちたま	0
もちだま	0
もちづつ	2
もちて	3
もちな	0
もちなげ	0
もちねた	0
もちばな	0
もちばら	0
もちふだ	2
もちぶね	0
もちまき	0
もちまわり	0
もちみず	0
もちもどし	0
もちゆみ	0
もちわかれ	0
もちわざ	0
もっこふんどし	4
もつれぐも	4
もてあそび	0
もてあまし	0
もてなしごころ	5
もといれ	0
もとうけ	0
もとうた	0
もとえさ	0
もとえだ	0
もとかぶ	0
もとかれ	0
もとくち	0
もとぐろ	0
もとごえ	0
もとごめ	0
もとだち	0
もとだね	0
もとだま	0
もとづな	0
もとづめ	0
もとどめ	0
もとどりづか	4
もとなり	0
もとなわ	0
もとね	0
もとねた	0
もとはこ	0
もとはしら	3
もとはば	0
もとばらい	3
もとぶた	0
もとぶね	0
もとゆ	0
もとよめ	1
もどしわかめ	4
もどりがつお	4
もどりかつお	4
もどりたび	3
もどりづゆ	3
もどりどめ	0
もどりみち	3
ものあつかい	3
ものうらやみ	3
ものおもい	3
ものがしら	3
ものがら	0
ものごし	0
ものごのみ	3
ものごもり	3
ものさだめ	3
ものしらべ	3
ものぞこない	0
ものづくし	3
ものねたみ	3
ものねだり	3
もののかず	4
ものはら	2
ものまなび	3
ものもうで	3
ものわすれ	3
ものわらい	3
もば	0
もばい	0
もみうち	0
もみうら	0
もみがつお	3
もみがわ	0
もみくちゃ	0
もみごめ	0
もみじあえ	0
もみじあおい	4
もみじおろし	4
もみじづき	3
もみじまつり	4
もみづけ	0
もみて	0
もみとおし	0
もみぬか	0
もみふるい	3
もみべり	0
ももくり	0
ももざくら	3
ももじり	0
ももだち	0
ももつぶ	0
ももは	1
ももはだ	0
ももぶた	0
ももまつり	3
ももまわり	3
ももゆ	0
ももわれ	0
もやいづな	0
もやいなおし	0
もやいぶね	4
もやしいため	4
もやしそば	4
もやしっこ	0
もよおしごと	0
もらいぐい	0
もらいご	0
もらいさび	0
もらいて	0
もらいのみ	0
もらいゆ	0
もらいわらい	4
もりあるき	3
もりあわせ	0
もりがしら	3
もりがわ	0
もっきり	0
もりきり	0
もりこ	0
もりこぼし	0
もりざら	0
もりじお	0
もりしお	0
もりじる	0
もりずな	0
もりづくり	3
もりなおし	3
もりねずみ	3
もりはた	0
もりもの	0
もろうで	0
もろかずら	3
もろきゅう	2
もろぐち	0
もろざし	0
もろとも	0
もろはだ	0
もろひざ	0
もろびと	0
もろみおくり	0
もろみず	3
もろもち	0
もろわな	0
もんどの	1
もんび	1
やあわせ	2
やうつり	2
やかぜ	1
やかたあと	4
やかたづくり	4
やかつかみ	3
やかましや	0
やがすり	2
やがた	0
やがら	0
やきあがり	0
やきあなご	3
やきあぶら	3
やきあみ	0
やきいし	0
やきいた	0
やきいわし	3
やきうに	0
やきおと	0
やきおにぎり	4
やきおむすび	4
やきがき	2
やきがた	0
やきがね	0
やきぐし	0
やきぐり	2
やきころし	0
やきごて	0
やきざけ	0
やきざら	0
やきしあげ	3
やきしお	0
やきしめ	0
やきしも	0
やきじる	0
やきすな	0
やきず	1
やきだち	0
やきだま	0
やきちぢみ	0
やきつき	0
やきつぎ	0
やきなおし	0
やきなす	0
やきなまし	0
やきねぎ	0
やきはだ	0
やきはま	0
やきはまぐり	4
やきはらい	0
やきば	0
やきばた	0
やきはた	0
やきばたらき	3
やきばめ	0
やきばり	3
やきひび	0
やきびたし	0
やきまし	0
やきもどし	0
やきもの	0
やきもろこし	3
やぎおとこ	3
やぎかい	2
やくのがれ	3
やぐらぶね	4
やけあな	0
やけぎ	0
やけぐい	0
やけこげ	0
やけっぱら	0
やけつち	0
やけでら	0
やけどあと	4
やけどまり	0
やけのこり	0
やけはら	0
やけやま	0
やごえ	1
やごろ	0
やさおんな	3
やさがた	0
やさけび	2
やさすがた	3
やさまゆ	0
やしきうち	0
やしきうら	0
やしきがまえ	4
やしきがみ	3
やしきぎ	3
やしきしもべ	4
やしきづめ	0
やしきまち	3
やしきもり	3
やしきわり	0
やしないおや	0
やしゃご	0
やすがわら	3
やすぐつ	2
やすざかな	3
やすざけ	0
やすぴか	0
やすみあけ	0
やすみいし	3
やすみぐせ	0
やすみば	0
やすみぼけ	0
やすりがけ	0
やすりがみ	3
やせうで	0
やせうま	0
やせえだ	0
やせがえる	3
やせぎす	0
やせぐすり	3
やせごい	0
やせっぽっち	4
やせつち	0
やせふとり	0
やせやま	0
やたけごころ	4
やたけび	2
やたて	3
やだま	0
やっこおどり	4
やっこがしら	4
やっこことば	4
やっこばかま	4
やっこひげ	3
やつれがお	0
やつれぐも	4
やつれすがた	4
やづつ	1
やといおんな	4
やといざね	2
やといどめ	0
やといばあ	4
やとり	3
やどえらび	3
やどがわ	0
やどがわり	3
やどぎ	2
やどごもり	3
やどさがし	3
やどぬし	2
やどぶね	0
やどもと	0
やどりぬし	3
やどわり	0
やなぎおとこ	4
やなぎかげ	3
やなぎかれい	4
やなぎがさね	4
やなぎごし	0
やなぎさくら	4
やなぎすぎ	3
やなぎだる	0
やなぎばばあ	5
やなぎめ	0
やなぐい	0
やなり	0
やにいろ	0
やにとり	0
やねいた	0
やねいわ	0
やねかざり	3
やねがえ	0
やねがわり	3
やねぐみ	0
やねつづき	3
やねひさし	3
やねぶき	0
やねや	2
やねゆき	2
やはず	0
やぶいずみ	3
やぶいり	0
やぶうぐいす	4
やぶさめすがた	5
やぶじらみ	3
やぶすずめ	3
やぶすま	2
やぶそば	0
やぶだし	0
やぶのなか	4
やぶりつぎ	0
やぶりのこし	0
やぶれあな	3
やぶれぐつ	3
やまあげ	0
やまあざみ	3
やまあそび	3
やまあれ	0
やまいだれ	0
やまいちご	3
やまいぬ	0
やまいり	0
やまうずら	3
やまえり	0
やまおくり	3
やまおこ	0
やまおしき	3
やまおとこ	3
やまおやじ	3
やまおろし	3
やまかい	0
やまかけ	0
やまかさ	0
やまかず	0
やまかせぎ	3
やまかぜ	2
やまかた	0
やまかんむり	3
やまがたな	3
やまがらす	3
やまがり	0
やまぎは	0
やまくさ	2
やまくじら	3
やまくずし	3
やまくらげ	3
やまぐるみ	3
やまくるみ	3
やまぐらし	3
やまぐわ	0
やまことば	3
やまごえ	0
やまさかき	3
やまさち	0
やまざかい	3
やまざさ	0
やまし	2
やましお	0
やましごと	3
やますげ	2
やまずき	0
やまずな	0
やまそだち	3
やまそわ	0
やまぞい	0
やまたちばな	4
やまたて	0
やまだち	0
やまつち	2
やまづくり	3
やまづたい	3
やまづら	0
やまどめ	0
やまねずみ	3
やまはは	0
やまばち	2
やまひだ	0
やまびし	2
やまびらき	3
やまぶきいろ	0
やまぶきがさね	5
やまほととぎす	5
やままめ	0
やまむこう	3
やまめぐり	3
やまよい	0
やまよせ	0
やまより	0
やまわろ	0
やみいり	0
やみいろ	0
やみがい	0
やみっこ	0
やみねこ	0
やみぶね	0
やみまくら	3
やみや	2
やめどき	0
やもめおとこ	4
やもめずみ	0
やりあい	0
やりうめ	2
やりさき	0
やりなげ	0
やりば	0
やりもらい	0
やるせ	0
やれがき	2
やれくき	0
やれだたみ	3
やわて	0
やわはだ	0
やわひだ	0
やわらかもの	0
ゆあがり	2
ゆあたり	2
ゆあらい	2
ゆいがい	0
ゆうあかり	3
ゆうあらし	3
ゆうかぜ	0
ゆうかみ	0
ゆうかわず	3
ゆうがすみ	3
ゆうぎり	0
ゆうぐも	0
ゆうけむり	3
ゆうさり	0
ゆうさくら	3
ゆうざくら	0
ゆうしほ	0
ゆうしお	0
ゆうすず	0
ゆうつけ	0
ゆうつゆ	0
ゆうづき	0
ゆうづる	0
ゆうなぎ	0
ゆうね	0
ゆうばえ	0
ゆうばな	0
ゆうばれ	0
ゆうひかり	3
ゆうびえ	0
ゆうまぐれ	3
ゆうまずみ	3
ゆうまずめ	3
ゆうもや	0
ゆおち	0
ゆおと	0
ゆおもて	2
ゆかあつ	0
ゆかいし	0
ゆかいた	0
ゆかうら	0
ゆかおき	0
ゆかぐみ	0
ゆかけ	0
ゆかしあげ	3
ゆかそこ	0
ゆかたがけ	0
ゆかたたき	3
ゆかたびら	2
ゆかたまつり	4
ゆかづか	0
ゆかづくり	3
ゆかなり	0
ゆかばり	0
ゆかふき	2
ゆかふせ	0
ゆかみがき	3
ゆがえし	2
ゆがけ	3
ゆがみなおし	3
ゆきあそび	3
ゆきあな	0
ゆきあらし	3
ゆきあられ	3
ゆきうさぎ	3
ゆきおいの	3
ゆきおこし	3
ゆきおとこ	3
ゆきおれ	0
ゆきおろし	3
ゆきおんな	3
ゆきかべ	0
ゆきがこい	3
ゆきがまえ	3
ゆきぎえ	0
ゆきくれ	0
ゆきぐされ	0
ゆきぐみ	0
ゆきぐもり	3
ゆきけむり	3
ゆきげ	3
ゆきざか	0
ゆきしずく	3
ゆきしろ	0
ゆきずり	0
いきずり	0
ゆきそり	0
ゆきだま	0
ゆきつり	0
ゆきづり	0
ゆきとどき	0
ゆきなだれ	3
ゆきなやみ	0
いきなやみ	0
ゆきなれ	0
ゆきぬけ	0
ゆきはだ	0
ゆきばかま	3
ゆきばら	0
ゆきばれ	0
ゆきひえ	0
ゆきびたし	0
ゆきほたる	3
ゆきまみれ	3
ゆきみ	3
ゆきみず	2
ゆきむすめ	3
ゆきもどり	0
いきもどり	0
ゆきもよい	3
ゆきもよひ	3
ゆきやけ	0
ゆきよけ	0
ゆきよせ	0
ゆきり	3
ゆきわ	0
ゆきわたり	3
ゆきんこ	0
ゆぎ	1
ゆくとし	4
ゆげいの	0
ゆげい	0
ゆげいべ	0
ゆごね	0
ゆざまし	2
ゆざらし	2
ゆしき	0
ゆしも	1
ゆするつき	3
ゆずえ	1
ゆずりあい	0
ゆずるは	0
ゆたき	0
ゆたぶさ	2
ゆたて	0
ゆだま	0
ゆだめ	0
ゆつぎ	0
ゆつぼ	1
ゆづかれ	2
ゆであずき	3
ゆでいも	0
ゆでがえる	3
ゆでがま	0
ゆでぐり	2
ゆでこぼし	0
ゆでそば	0
ゆでどり	2
ゆでなす	0
ゆでねぎ	0
ゆでふか	0
ゆでぶた	0
ゆでぶり	0
ゆでみず	2
ゆでもの	2
ゆにわ	0
ゆのし	3
ゆはぎ	0
ゆはず	0
ゆはだ	0
ゆばたけ	2
ゆばな	1
ゆびあそび	3
ゆびあと	0
ゆびあな	0
ゆびあみ	0
ゆびかけ	0
ゆびき	3
ゆびくぐり	3
ゆびぐみ	0
ゆびげ	0
ゆびことば	3
ゆびさばき	3
ゆびしゃぶり	3
ゆびすじ	0
ゆびすべり	3
ゆびずもう	3
ゆびたまり	0
ゆびつめ	0
ゆびづめ	0
ゆびづかい	3
ゆびどおり	0
ゆびどまり	0
ゆびならし	3
ゆびはば	0
ゆびまた	0
ゆびまたぎ	3
ゆびわざ	0
ゆぶろ	0
ゆまき	3
ゆまつり	2
ゆみあらそい	3
ゆみかず	0
ゆみがしら	3
ゆみち	1
ゆみつくり	3
ゆみづかい	3
ゆみづる	0
ゆみのこ	0
ゆみはま	2
ゆめあかり	3
ゆめあらし	3
ゆめあわせ	3
ゆめいり	0
ゆめのいろ	0
ゆめいろ	0
ゆめうた	0
ゆめうら	0
ゆめおち	0
ゆめかさご	3
ゆめがたり	3
ゆめぐり	2
ゆめごこち	3
ゆめごっこ	3
ゆめごよみ	3
ゆめたがい	3
ゆめちがえ	3
ゆめどり	2
ゆめね	0
ゆめねこ	0
ゆめまつり	3
ゆもみ	0
ゆらぎいわ	3
ゆらぎはだ	3
ゆりかえし	0
ゆりもどし	0
ゆるぎぐみ	0
ゆるまき	0
ゆるみどめ	0
ゆれうごき	0
ゆればし	0
ゆわり	0
ゆんづえ	0
よあらし	2
よあるき	2
よいえびす	3
よいくさ	2
よいごし	0
よいざくら	3
よいざめ	0
よいぞら	0
よいどめ	0
よいどれ	0
よいなき	0
よいね	0
よいのくち	0
よいまち	0
よいまつり	3
よいまどい	3
よいみや	0
よいやま	0
よいやみ	0
よおぼえ	2
よかぜ	1
よがら	0
よがらす	2
よがりなき	0
よがれ	0
よがわり	2
よぎり	1
よけみ	0
よこあい	0
よこあし	0
よこあみ	0
よこあるき	3
よこいた	0
よこうけ	0
よこうごき	3
よこえだ	0
よこおき	0
よこおさえ	3
よこおび	0
よこかぜ	0
よこかべ	0
よこがた	0
よこぎ	0
よこぐし	0
よこぐるま	3
よこぐわえ	3
よこけた	0
よこげり	0
よこざま	0
よこざる	0
よこじわ	0
よこしわ	0
よこすじ	0
よこずき	0
よこだおし	0
よこだおれ	0
よこだき	0
よこだし	0
よこちん	0
よこちょ	0
よこっちょ	0
よこっちょう	0
よこっとび	0
よこっぱら	0
よこづら	0
よこっつら	0
よこつら	0
よこづかい	3
よこづち	0
よこで	0
よことじ	0
よことび	0
よこどっくり	3
よこなぎ	0
よこなみ	0
よこにらみ	3
よこね	0
よこはぎ	0
よこはき	0
よこはね	0
よこはば	0
よこはめ	0
よこばら	0
よこひき	0
よこひざ	0
よこひも	0
よこびき	0
よこびつ	0
よこふり	0
よこぶり	0
よこぶれ	0
よこぶろ	0
よこむけ	0
よこむすび	3
よこめし	0
よこもの	0
よこやり	0
よこゆり	0
よこよこ	0
よこわけ	0
よごころ	2
よごもり	2
よごれおち	0
よごれしごと	4
よごれしらべ	4
よごれふき	3
よごれみず	3
よごれもの	0
よごれゆかた	4
よさむ	0
よさり	1
よざかり	2
よしど	2
よじり	3
よじれ	3
よすすぎ	2
よすて	0
よせあし	0
よせあつまり	0
よせえ	0
よせえさ	0
よせがい	2
よせがよい	3
よせぎ	0
よせごと	0
よせずもう	3
よせなべ	0
よせば	0
よせぶみ	0
よせむね	0
よせもの	0
よそぎき	0
よそこ	1
よそひと	0
よそまけ	0
よそめ	0
よたばなし	3
よたび	1
よだれいり	1
よつゆ	1
よづめ	1
よなべ	0
よなべしごと	4
よなみ	0
よなれ	1
よねざか	2
よのめ	1
よばい	2
よばひ	2
よばたらき	2
よばなし	2
よびこ	0
よびじお	0
よびすて	0
よびつぎ	0
よびね	0
よびぶえ	0
よびみず	0
よびもどし	0
よびや	0
よみあやまり	0
よみあわせ	0
よみうた	2
よみおとし	0
よみかえ	0
よみかけ	0
よみかじり	0
よみかたり	0
よみきけ	0
よみきり	0
よみくさ	2
よみくだし	0
よみごえ	3
よみすて	0
よみちがい	0
よみなおし	0
よみひと	0
よみふだ	2
よみわけ	0
よめいびり	3
よめいり	0
よめいわい	3
よめがわ	0
よめこ	0
よめしゅうと	0
よめづとめ	3
よもぎう	0
よもぎばい	0
よもぎもち	3
よもついくさ	4
よりあつまり	0
よりあわせ	0
よりうお	0
よりうり	0
よりおや	0
よりかけ	0
よりきり	0
よりこみ	0
よりしろ	0
よりす	0
よりたおし	0
よりどり	0
よりね	0
よりみ	0
よりめ	0
よりもの	0
よりゅうど	2
よりうど	2
よりわらわ	3
よるがお	0
よるがた	0
よるがわ	0
よるひる	1
よるべ	0
よろいいた	4
よろいぐさ	3
よろいざくら	4
よろいした	0
よろいじらみ	4
よろいすがた	4
よろいどおし	4
よろいまど	4
よろけじま	0
よろこびべた	0
よろしき	2
よわおし	0
よわごし	0
よわぶくみ	3
よわむし	2
るつぼばさみ	4
るまた	0
わいだて	0
わかうま	0
わかおかみ	4
わかおとこ	3
わかがき	0
わかがしら	3
わかぎみ	2
わかこま	0
わかされ	0
わかざかり	3
わかざくら	3
わかざり	2
わかしか	2
わかしらが	3
わかすすき	3
わかちあい	0
わかちがき	0
わかづま	0
わかとら	0
わかどり	2
わかはげ	0
わかはだ	0
わかばば	0
わかまぐろ	3
わかみどり	3
わかむらさき	4
わかめす	3
わかれうた	0
わかれぎわ	0
わかれじ	3
わかれじも	3
わかんじき	2
わがえ	0
わがら	0
わきあき	2
わきがまえ	3
わきがわ	0
わきした	0
わきすじ	0
わきだち	0
わきっちょ	0
わきつぼ	0
わきづくえ	3
わきづけ	0
わきとこ	0
わきど	2
わきに	0
わきぬい	0
わきぬの	0
わきね	2
わきばしら	3
わきびき	0
わきべや	0
わきぼとけ	3
わきぼね	0
わぎも	1
わくいり	0
わくがこみ	3
わくがた	0
わくぐり	2
わくせん	0
わくづくり	3
わくなか	0
わくぬき	0
わぐし	1
わけいのち	3
わけざと	2
わけすぎ	0
わげもの	0
わこうど	2
わさびあじ	3
わさびうめ	3
わさびず	3
わさびづけ	0
わざうた	2
わざくらべ	3
わしおとこ	3
わしにぎり	3
わしばな	0
わじみ	0
わしめ	0
わじめ	0
わすれがい	3
わすれごっこ	4
わすれじお	3
わすれじも	3
わたあぶら	3
わたいり	0
わたしいた	4
わたしば	0
わたしもり	3
わたづる	0
わたどの	0
わたのはら	3
わたばたけ	3
わたふき	2
わたぼこり	3
わたまし	3
わたむし	2
わたゆき	2
わたらひ	0
わたりぞめ	0
わたりもの	0
わたりもん	0
わたりやぐら	4
わちがい	2
わっぱめし	3
わづくり	2
わづみ	0
わどの	1
わなり	0
わなわ	0
わぬけ	3
わびうた	0
わびごえ	0
わびごと	0
わびごのみ	3
わびずまい	3
わびね	0
わぶち	0
わほどき	2
わぼね	0
わむすび	2
わらいおとこ	4
わらいぐさ	0
わらひぐさ	0
わらいぐすり	4
わらいぐま	2
わらいさざめき	0
わらいしわ	0
わらいどめ	0
わらいぶくろ	4
わらいぼとけ	4
わらいろ	0
わらきり	0
わらぐろ	0
わらじばき	0
わらじひき	3
わらづつみ	3
わらづと	0
わらと	0
わらひも	0
わらびて	0
わらぶね	0
わらべうた	3
わらべおに	3
わらべすがた	4
わらぼっち	3
わらまき	0
わらむしろ	3
わらわあつかい	4
わらわことば	4
わらわごと	0
わらわやみ	0
わりかえ	0
わりかえし	0
わりがえし	3
わりがき	0
わりき	0
わりくさび	3
わりくび	0
わりぐすり	3
わりこ	0
わりご	0
わりごえ	0
わりした	0
わりつけ	0
わりづめ	0
わりぬい	0
わりひざ	0
わりふだ	0
わりふり	0
わりぼし	0
わりみず	0
わりもと	0
わりわざ	0
わるあがき	3
わるあそび	3
わるかせぎ	3
わるぎつね	3
わるさわぎ	3
わるじゃれ	0
わるずれ	0
わるだくみ	3
わるだくらみ	3
わるだぬき	3
わるねだり	3
わるば	0
わるみ	0
わるよい	0
わるよめ	2
われかけ	0
われがね	0
われくち	2
われさき	1
われなべ	0
われはだ	0
われぼめ	0
わわな	0
あいだごと	0
あめゆき	2
おしこめ	0
おしたおし	0
くされ	3
くちずさみ	0
くみこみ	0
くらいまけ	0
こしらえ	0
こじれ	3
こびる	0
しめり	0
すきもの	0
そそのかし	0
たなもの	0
つきくずし	0
つきたおし	0
つなぎとめ	0
にしかど	2
にしぐみ	0
ねざし	3
のりうつり	0
ひがしむき	0
ひねくれ	0
ふさぎ	0
ふてくされ	0
ふなど	0
ほりおこし	0
もうしそえ	0
あきいろ	0
いくし	1
いのこり	0
おんなだて	0
かさねあわせ	0
かなわ	0
からに	0
きれめ	3
くだもの	0
ざまし	0
しらくも	0
すいもの	0
すわりこみ	0
たちなおり	0
つきむら	2
てごと	1
でっぱ	1
とおやま	0
とだな	0
とびで	0
とっかえ	0
ねちがえ	0
はごえ	0
ひびの	1
へだて	3
まごこ	2
まさご	0
まちうけ	0
むかいしま	2
めはし	1
やまぐに	2
わずらい	0
わづらひ	0
わずらひ	0
おおおんな	3
おしあて	0
おとや	2
かけひ	0
かちいくさ	3
ししむら	0
たやす	1
つくりかえ	0
つぼねぐち	0
とて	0
とまえ	0
なかだいら	3
ながひさ	2
なまがた	0
にじる	0
のま	0
ひきわけ	0
ほりあげ	0
まがりや	0
ゆきな	0
わらわべ	0
いたで	0
うたせ	0
かんがっ	0
くもすけ	2
すりもの	2
たまのうみ	3
にだし	0
ふりかえ	0
もすそ	0
わだかまり	0
いきま	0
いどみ	3
うつむき	0
えかく	1
かみなぎ	0
しにどころ	0
たきがわ	0
なかだい	2
はりあい	0
はりあひ	0
ひとあつかい	3
ふかやま	0
ぼえ	2
むすびつけ	0
ゆくさき	0
おんみ	1
かみほん	0
きびの	0
とのも	1
とりあい	0
ほのめかし	0
みずば	0
みひらき	0
やまかげ	2
やまはた	2
わだかみ	0
いえがわ	0
しなおし	0
ひとじに	0
ふだやま	0
ゆらめき	0
あおみ	1
いろこ	0
うちびと	0
しろみず	2
にょうぼ	1
はしおり	0
ばしおり	0
はしょり	0
ばしょり	0
はっし	0
ひとや	0
いたがた	0
ぎょうしゃ	1
さしつかい	0
しころ	0
どりあい	0
とりかえ	0
とりかへ	0
ねつけ	3
みたて	0
かきうつし	0
くやみ	3
たざと	1
とりもどし	0
なりゆき	0
ものおぼえ	3
あぶらげ	0
おおいち	1
おさえつけ	0
さつまの	1
ふみきり	0
まむすび	2
せんまん	0
たあそび	2
はなやぎ	0
らんる	1
けがに	0
さで	0
そでつき	0
ぬきだし	0
ねうち	1
ねどこ	0
みちのり	0
わがね	0
かわむけ	0
しまこ	1
たかしなの	2
つきはなし	0
にがさ	0
こまい	0
しゃだい	0
たれさがり	0
ぬきとり	0
まさし	1
いりこみ	0
おっこち	0
かんつけ	0
したも	0
たのも	1
つきおくれ	3
うちだし	0
おととし	2
こぶみ	0
しろもと	2
いれごみ	0
くしげ	0
じめん	1
みぢん	0
かむろ	0
かわぞえ	0
だいばく	0
どうほん	0
ばくしゅ	1
まおと	0
いちめ	0
とりつくろい	0
なげかけ	0
ゆずりうけ	0
ゆずりわたし	0
うつりかわり	0
おびのこ	0
につめ	0
ほっこく	0
ほりがね	2
めぐま	0
かっし	1
ころがり	0
そとづら	0
そとずら	0
とおりぬけ	0
にあい	0
まにあわせ	0
さまぁ	2
さまあ	2
もちより	0
もめ	0
きりなおし	0
すべ	0
とりなおし	0
ねがいで	0
おおえの	0
おすもと	0
つくい	0
なんたる	1
ひきで	0
あいみ	1
かきあつめ	0
かなとこ	0
かねいし	2
くだし	0
ぬすみ	3
ほりかえし	0
みちはば	0
おぐに	1
げんまん	0
さかり	1
みちゆき	0
ゆうれえ	1
うけとり	0
しつぺ	3
しやくなげ	0
すずし	0
ちきしょ	3
ちっきしょう	3
ねづけ	0
ぼんれい	0
ふみつき	2
あらがい	0
いつくしび	0
こふう	1
しらえ	0
なかこし	2
なかごし	2
なっとぉ	3
なっとー	3
ばらえ	2
ほうづ	0
まいはら	1
みんすう	0
よあけ	3
ようだい	1
あいきやう	3
あほ	1
いごっそ	2
いまち	0
くわいらう	0
かみあわせ	0
こてう	1
ごくせん	0
しゆくばう	0
しろあげ	0
しょらい	1
ざうり	0
だらかん	0
だんけう	0
でんげん	1
とぐち	1
にくきゅー	0
はありい	1
びゆうけん	0
ふいんき	2
べんてつ	0
ほつき	0
やうちん	0
らいさう	0
わかち	3
あゆかわ	2
いいまわし	0
つかみどり	0
なりたち	0
あげはば	2
かったい	1
こへいじ	2
あいぎやう	3
あかづら	0
いれもん	0
おもいあがり	0
くわりん	0
しいれ	0
しおうみ	3
すずかわ	2
はなしかけ	0
おいつき	0
かけあわせ	0
くにすう	0
さしつかえ	0
さしつかへ	0
ぬさ	1
またの	1
おおくに	1
けづか	1
とびこみ	0
ぶない	1
まさもと	2
いため	0
すずみ	3
ふるび	3
さまぁっ	2
よりちか	2
いたのま	0
つるしあげ	0
ほろび	0
りょ	1
いっく	1
てきかん	0
のぶた	1
びゃくい	1
かずし	1
くずし	3
しめくくり	0
のっぱら	1
のつぱら	1
みやびやま	0
あきしののみや	0
あわたて	0
げいやく	0
ごもり	3
ばいまし	0
かわなか	0
きづかい	2
そうばい	0
とりいれ	0
ぬぎすて	0
はまもと	2
もちがね	0
あさつき	2
くいもん	0
てあらい	2
まつね	1
めせん	0
きづかひ	2
こうざき	1
たちあがり	0
にいくに	1
にっくに	1
おかいち	2
ひだりわき	0
むかいがわ	0
おおあさ	1
さけてん	2
すすぎ	0
たと	1
もろしま	0
やまのうえ	3
おもいこみ	0
きりひらき	0
くぬ	1
そらし	3
とぼそ	0
わりだし	0
きぐすり	2
じょごん	0
のりあげ	0
ひとりい	3
ねぼけ	3
むろの	1
うちいた	0
にすい	0
もとのぶ	2
ものみ	3
いて	1
うしろみ	3
がんぶつ	0
こづれ	0
ひごの	0
もっとい	3
いりやま	0
きふじん	2
こなや	2
しだし	0
ならべ	1
かきやま	0
すめろぎ	0
つるし	0
もくれん	1
きりくび	2
ひしお	0
びしお	0
いけない	2
おうな	1
おおな	0
とりまわし	0
いくよ	1
おくりこみ	0
はだの	0
ふきこみ	0
ふりて	0
ぶたばら	0
たまにしき	3
きいとん	1
しょうがっ	0
しりあし	0
あぼの	0
ししい	0
つしまの	1
にしがた	2
あとあし	2
うれい	1
くりかえし	0
たけひこ	2
つらゆき	2
ぎょうじゃ	1
しもおとこ	3
たにもと	2
つれこみ	0
はっそく	0
げや	1
しよ	1
ひらじろ	0
おたり	1
おだに	1
こだに	1
ざまあ	2
しゃらくさい	3
ふれ	0
まえだて	2
よみだし	0
まつかげ	3
にいぜき	1
じこう	1
たきむら	2
てるひ	1
むねひろ	0
もちこみ	0
わりまえ	0
どうてつさい	3
かきだし	0
こわし	0
つかいで	0
うだく	0
かわみず	2
ぎょうそん	1
こどころ	2
のとり	1
ひろのみや	0
かきいれ	0
かけで	0
にこみ	0
ひきつぎ	0
ひるしょく	0
ふみこみ	0
うわっかわ	0
そんぶん	1
のりかえ	0
しらとり	2
としよわ	0
にいもと	1
かねお	0
かわまえ	0
こえがけ	0
さいめい	1
しろけむり	3
たちぎ	0
ひさげ	0
りきどうざん	3
わけの	1
かわぜん	2
きんじろう	1
しばたやま	0
そだち	3
まえはし	2
みぎなげ	0
りりぃ	1
あかぼり	2
じない	1
すうじゅっ	1
れつこう	1
さかすま	0
もたせ	3
かいこし	0
かたな	1
しちり	1
しゅんじつ	0
すさのおの	0
そさのおの	3
といし	1
ふと	1
ぼくし	1
いつきの	0
おおものぬしの	0
すえっこ	0
あらいそ	0
おとだし	0
すみのえ	3
たかのはな	3
なおざむらい	3
やとい	0
あいがな	0
あいてい	1
あおぎやま	0
あおつね	2
あおのうみ	3
あかいば	0
あかかげ	0
あがたいのおじ	5
あきくさ	2
あきじ	1
あきのしま	3
あきはやたまの	0
あきゅー	1
あきん	1
あくげんた	3
あぐだ	1
あこまる	0
あこやひめ	3
あこん	1
あさしょう	0
あさしょうりゅう	3
あさせきりゅう	4
あさはぎ	2
あさひふじ	3
あさひめ	2
あさひゆたか	4
あしはらのしこお	0
あしま	1
あしん	1
あじすきたかひこね	7
あじゃせ	1
あじょ	1
あすかべひめ	4
あそうふじ	2
あつのみや	0
あつひめ	2
あつほん	1
あとのかたしいわめ	0
あどう	1
あなほべの	0
あなほべ	0
あぶつ	1
あぶぶ	1
あまざかるひにむかいつびめ	11
あまつひこひこなぎさたけうがやふきあえずの	0
あまつひこひこほほでみの	0
あまつみかぼし	5
あまてる	1
あめのおしほみみの	0
あまのぬなはらおきのまひと	11
あまのまひとつの	8
あまわり	2
あみにしき	3
あめおす	1
あめつくしのおおくめ	7
あめのおしくもね	6
あまのおしひの	0
あめのおしひの	0
あめのこやねの	1
あめのさぐめ	0
あめのたじからおの	0
あめのたぢからおの	0
あめのふとだまの	0
あめのふゆぎぬ	0
あめのみなかぬしの	0
あめのみなかのぬし	7
あめのみほこの	1
あめのやさかの	0
あめのやちちひめの	6
あめわか	0
あやのすけ	0
あやのぼり	3
あやひめ	2
あゆう	1
あらかしひこ	4
ありおう	2
ありしと	2
ありすがわのみや	0
あんえ	1
あんかく	1
あんなみ	0
あんあみ	0
あんねん	1
あんねんやま	0
あんぷう	0
あんぽうの	3
あーほえい	1
いかがしこおの	0
いかこ	1
いかこやひめ	4
いかしま	0
いかりがた	3
いきゅう	1
いくおう	2
いくぐいの	0
いくたまよりひめ	6
いくひめ	2
いくほうもんいん	5
いくむねりひこ	5
いこきな	0
いこちひこ	3
いささわけの	0
いさしこ	2
いさりひめ	3
いざなみの	0
いざほわけ	3
いしかわのいらつめ	7
いしきなの	0
いしこりどめの	0
いしつくり	3
いしとん	1
いしひん	2
いしふ	1
いずもたけこの	0
いせのうみ	3
いそあずま	3
いそほ	0
いそわけ	0
いちきしま	3
いちきしまひめの	0
いちのべのおしはの	6
いちのべのおしわ	6
いちひめ	2
いつえい	1
いつみの	0
いといひめ	2
いとじん	2
いとん	1
いないの	0
いなはやわけ	0
いなひの	1
いなひめ	2
いふくべのとこたりひめ	9
いもあやかしこねの	0
いもいぐくいの	4
いもいざなみの	4
いもおおとのべの	0
いもすじひこの	4
いもはやあきつひめの	7
いやひこ	2
いやひめ	2
いよつひこ	3
いれき	1
いわかむつかりの	0
いわすびめ	3
いわのひめの	3
いわふじ	2
いわやなぎ	3
いんしゅん	1
いんたん	1
いんふ	1
ういじにの	0
うえぷー	1
うかのみたま	0
うがやふきあえずの	7
うきつ	1
うきん	1
うけもちの	0
うさつひこの	0
うさつひこ	3
うさつひめ	3
うしわか	0
うじのかいたこ	4
うずさし	2
うそみな	0
うたはし	2
うたまつ	2
うたゆう	2
うっちせい	3
うつしくにたまの	0
うつずらん	3
うはつつのおの	0
うばきくた	3
うばくった	3
うばたけ	2
うばひめ	2
うばり	1
うましあしかびひこじ	0
うまやど	0
うまやどの	0
うまやと	2
うまやとの	0
うみさちびこ	4
うみひこ	2
うみひめ	2
うりこひめ	3
うりゅうの	2
うんがい	1
うんけん	1
うんこくさい	3
うんじょ	1
うんへき	1
うんよく	1
うんれん	0
えいさん	1
えいじょう	1
えいぞん	1
えおん	1
えかん	1
えききょう	1
えきけん	1
えけ	1
えしん	1
えじょう	1
えぜん	1
えそう	1
えぞう	0
えたつ	1
えちゅう	1
えつおう	2
えねん	1
えびん	1
えぴくれす	2
えまん	1
えみょう	1
えりょう	1
えんえつ	1
えんくう	1
えんのおづぬ	4
えんのぎょうじゃ	3
えんひん	1
えんびん	1
えんほ	1
おあさづま	3
おいお	0
おいち	2
おいてかぜ	3
おいぬま	0
おうぎりゅう	1
おうこつ	1
おうさん	1
おうすの	0
おうぞう	0
おうたく	1
おうつかさ	3
おうとん	1
おうなん	0
おうねい	1
おうのまつ	3
おうひつ	1
おうびん	1
おうほん	1
おうぼつ	1
おうもう	1
おうり	1
おうわん	1
おおあさひこ	4
おおしあま	3
おおあまの	3
おおしあまの	4
おおうすの	0
おおおとよの	3
おおくさかの	0
おおくさか	3
おおくさかべ	4
おおくにたまの	0
おおくにたま	4
おおくにぬしの	4
おおくめ	0
おおさざきの	3
おおたねこ	3
おおちよ	3
おおとのじの	4
おおとのべの	0
おおなむちの	3
おおなもち	3
おおのくに	3
おおのさと	3
おおはつせ	3
おおはつせの	4
おおばえの	0
おおひるめの	3
おおひるめ	3
おおひこの	0
おおみやひめの	0
おおやまずみの	0
おおやまとねこひこくにくる	11
おかね	2
おきつしまひめの	0
おきながたらしひめの	0
おきよ	0
おぐな	1
おさのぶ	2
おさべのみや	0
おしおがわ	3
おしくま	0
おしさかのひこひと	7
おしのわけ	3
おたん	1
おついち	2
おつかめ	0
おとしき	2
おとたちばな	4
おとたちばなひめの	6
おとわか	2
おにくま	0
おにたけ	2
おにひめ	2
おにへい	0
おにわか	0
おはつせわかさぎの	0
おばえの	0
おっぷそーめる	4
おもいかねの	2
おもだちの	0
おもだる	0
おゆき	2
おらしべつの	0
おりだゆう	3
おんろう	0
かあしつ	2
かいずい	1
かいせいや	3
かいひめ	1
かいりん	1
かいれん	1
かえしね	0
かおひめ	2
かがいんき	3
かがせお	2
かがみさと	3
かくうん	1
かくえ	1
かくかくさい	4
かくきょ	1
かくじょ	1
かくたつ	1
かくにょ	1
かくはく	1
かくひん	1
かくぼくこう	3
かくも	1
かくれいざん	3
かくわい	1
かぐつちの	0
かぐやひこ	3
かげまる	0
かしきやひめ	4
かずのみや	0
かせんこ	2
かたむ	1
かつこう	2
かつしん	0
かつてん	1
かつひ	1
かつらひめ	3
かなやご	0
かにめいかづち	0
かねとも	0
かののすけ	3
かぶたろう	2
かまじい	3
かまみわけ	3
かみあたつひめ	5
かむあたつひめ	5
かみあめ	2
かみつけぬのきみたみちの	8
かみむすび	3
かみむすびの	3
かむいがこやひめ	6
かむなつそひめ	5
かむやいみみの	0
かめざさ	2
かめじ	1
かめひめ	2
かもいちはや	4
かもいちはやとの	0
かもひめ	2
かもわけいかずちの	0
からひめ	2
かりやひめ	3
かるたひめ	3
かるのおおいらつめ	7
かわそうし	3
かんあみ	0
かんすぎいずむひめ	7
かんちょく	1
かんほ	1
かんみつ	1
かむやまといわれびこの	0
かんやまといわれひこの	8
があら	1
がおうまる	2
がくき	1
がすぼろ	0
がへい	1
がやしゃた	2
がんく	1
がんじゅ	1
がんじん	1
がんぼく	1
がんろ	1
きくひめ	2
きこえの	0
きずあたま	3
きせのさと	3
きせり	1
きたざくら	3
きちじい	3
きちょく	1
きっこうどく	4
きとうきち	2
きひさつみ	3
きひめ	1
きびつひこの	3
きぶみ	0
きゅうこどく	3
きゅうしょ	1
きゅうじゅん	1
きゅうふく	1
きょうくんてい	0
きょうにち	1
きょうばん	1
きょくごうざん	3
きょくしゅうざん	3
きょくてんほう	3
きょしつび	3
きょちょ	1
きょゆう	1
きょれん	1
きりゅうがわ	2
きんかいやま	0
きんただ	1
きんつい	1
きんりんし	3
ぎえい	1
ぎげんし	2
ぎしゅん	1
ぎしょういん	2
ぎゅうけつ	1
ぎゅうしゅう	1
ぎょうえい	1
ぎょうきん	1
ぎょうげん	1
ぎょうにょ	1
ぎょうばん	1
ぎょうまん	1
ぎょくこう	1
ぎょくしゅう	1
ぎょくてい	1
ぎょくりん	1
ぎょはい	0
ぎんろう	0
くうあ	1
くうしき	1
くうや	1
くえびこ	2
くがみ	1
くさまお	2
くしたまの	0
くすひめ	2
くつげん	1
くつよし	2
くてい	1
くにかかす	3
くにす	1
くにのとこたちの	0
くにぶく	2
くにぶくの	0
くまかぶと	3
くまこう	3
くまごろう	2
くまそたける	1
くまらじゅう	3
くまわし	2
くものたえまのひめ	7
くらのやまだの	0
くらのやまだ	0
くりくまの	0
くりゅうそん	2
くろそう	2
くろなみ	0
くろひこ	2
くろむし	2
くんばい	1
ぐさん	1
ぐしゅん	1
ぐほん	1
ぐぼう	1
けいひめ	1
けいぶん	1
けつおう	2
けよういん	1
けんしゅんもんいん	5
けんちん	1
けんにょ	1
げいふ	1
げしん	1
げつあん	0
げつじん	0
げつじんどう	0
げつろ	1
げんあ	1
げんう	1
げんくう	1
げんげんさい	3
げんげんどう	3
げんじょ	1
げんひ	1
げんひん	1
げんふく	1
げんらい	1
こあんせん	2
こいさ	0
こいと	0
こいまろ	0
こういく	1
こうかいくん	3
こうかいど	3
こうきく	1
こうごん	0
こうといん	3
こうひんな	3
こうふうし	3
こうぶくん	3
こうわい	1
こかんや	2
こぎょく	1
こくきん	1
こくけん	1
こくこうじょうこうかいどきょうへいあんこうたい	18
こくせんや	0
こけざる	0
ここくげん	3
ここくじょう	3
こざくらひめ	4
こしゅん	1
こしりゅう	2
こたんあん	2
こちよ	0
こつる	0
こといなずま	4
ことおうしゅう	3
ことかぜ	2
ことざくら	3
ことしょうぎく	3
ことしろぬし	4
ことしろぬしの	4
ことにしき	3
ことのわか	3
ことひめ	2
ことみつき	3
ことりゅう	2
このはなのさくや	8
このはなさくや	7
このはなさくやひめの	0
このまた	0
こはぎ	0
こぺるにかす	4
こまおう	2
こまさ	1
こまひめ	2
こやっこ	2
こんごうかく	3
こんじゅん	1
ごいちじょう	3
ごうひめ	1
ごえんゆう	2
ごかしわばら	4
ごかめやま	3
ごこうごん	2
ごこうみょう	2
ごこまつ	2
ごさが	2
ごさくらまち	4
ごさまる	0
ごさんじょう	2
ごしゅう	1
ごしゅん	1
ごしらかわ	3
ごすざく	2
ごつちみかど	4
ごてつ	1
ごとば	0
ごなら	0
ごにじょう	2
ごはなぞの	3
ごふかくさ	3
ごふしみ	0
ごほりかわ	3
ごぼん	1
ごみずのお	3
ごむらかみ	3
ごももぞの	3
ごようぜい	2
ごんく	1
ごんざ	1
ごんじい	3
ごんのじょう	3
さいいく	1
さいおうまる	3
さいしゅく	1
さいしょうし	3
さいちん	1
さいもち	1
さいよ	1
さいれんぼう	1
さうぉぜん	1
さかのうえのいらつめ	8
さかほこ	0
さくあ	1
さくざ	1
さくひめ	2
さごじょう	2
さざのみや	0
さだなる	2
さちのみや	0
さどがたけ	3
さなのみや	3
さねひと	2
さほひこ	2
さほひめ	2
さよひめ	2
さよりびめ	3
さるきち	0
さるまる	0
さるめの	0
さわかぜ	2
さわかめ	0
ざいじ	1
ざち	1
ざっけ	1
ざぼうさい	2
しおつちの	0
しかこう	2
しきひで	2
しげとよ	1
しげひめ	2
しころやま	0
ししさい	0
しずなみ	0
しずひめ	2
したがん	2
したてるひめ	4
しませ	1
しゃくあ	1
しゃくにょ	1
しゃせき	1
しゃたん	1
しゃりほつ	2
しゅうこうざん	3
しゅうぼつ	1
しゅうもん	1
しゅうん	1
しゅがい	1
しゅくえつ	1
しゅくじゅん	1
しゅくそう	1
しゅくゆう	0
しゅしゅん	1
しゅじょ	1
しゅだつ	1
すだつ	1
しゅもう	1
しゅんかい	1
しゅんぎょく	1
しゅんじょうぼう	3
しゅんそ	1
しゅんちょう	1
しゅんみょう	1
しゅんむじ	0
しゅんもう	1
しょうあ	1
しょううてい	0
しょうきんどう	3
しょうぐ	1
しょうけんろう	3
しょうげんいん	3
しょうこうぼう	3
しょうじゅうりん	3
しょうぞん	1
しょうな	1
しょうりゅうじょ	3
しょうれつ	1
しょくきゅうし	3
しょくさんじん	3
しらだゆう	3
しらひさ	2
しらべひめ	3
しんえ	1
しんぜい	1
しんとくいん	4
しんはい	1
しんりょうくん	3
じしゅん	1
じしんぼう	2
じちえ	1
じっちゅう	1
じつえい	1
じつじょういん	3
じつちく	1
じつにょ	1
じませい	2
じゃくえん	1
じゃくせん	1
じゃくりん	1
じゃくれん	1
じゃなくった	3
じゅぼう	1
じゅらん	1
じゅんいく	1
じゅんしょういん	3
じゅんそ	1
じゅんてい	0
じょうあみ	0
じょうかてい	0
じょうげつ	1
じょうこうぼう	3
じょうぞん	1
じょうたんぼう	3
じょうにょ	1
じょうもんじん	3
じょうれいいん	3
じょえい	1
じょき	1
じょぎ	1
じょしょ	1
じょちん	1
じょてつ	1
じょねい	1
じょふつ	1
じょよ	1
じらいや	2
じんくう	1
じんさん	1
じんそう	1
じんそん	1
じんな	1
じんもく	1
すいじにの	0
すいせいせき	3
すうえん	1
すうけんもんいん	5
すうじゅん	1
すうてい	1
すえつみみの	0
すがのみや	0
すぎまる	0
すくなひこなの	4
すくなびこなの	4
すざく	1
すしゅん	1
すじん	1
すずこり	0
すずほり	2
すずきゅう	2
すずね	0
すずひめ	2
すてまる	0
すとく	1
すなおう	2
すまぎぬ	2
すまのみや	0
すみのみや	3
ずいかつ	1
ずいれん	1
ずしおう	2
せいおうぼ	3
せいかんいんのみや	7
せいしょうなごん	5
せいしんこう	3
せいずい	0
せいたいこう	3
せおりつ	0
せきき	1
せきとし	0
せきとも	0
せきろく	0
せしん	1
せつしゅん	1
せつばい	1
せみまる	0
せんの	0
せんあん	1
せんぎん	1
せんさん	1
せんちよ	0
せんね	1
せんは	1
せんふく	1
せんようもんいん	5
ぜあみ	0
ぜさい	1
ぜたく	1
ぜにいば	2
ぜほう	1
ぜんないん	3
ぜんふく	1
ぜんみょう	1
ぜんみょうぼう	1
ぜんむい	1
そあ	1
そいふぉん	1
そうあみ	0
そうぎょく	1
そうさん	1
そうじゅん	1
そうせいせき	3
そうせんいん	3
そうひん	1
そうべん	1
そうぼく	1
そうみん	1
そげつ	1
そこつつのおの	0
そじゅ	1
そでしろひめ	4
そとおりのいらつめ	2
そとおりひめ	4
そぶん	1
そみん	0
そめまる	0
そりこう	3
そりはち	0
そんうん	1
そんえつ	1
そんえん	1
そんおう	1
そんきゅう	1
そんけん	1
そんさく	1
そんじゅん	1
そんとう	1
そんひん	1
そんふく	1
そんぶ	1
そんへい	1
そんゆ	1
そんろう	1
ぞうかい	1
ぞうが	1
ぞうまん	1
ぞうみょう	1
ぞうゆう	1
ぞんにょ	1
たいかどう	0
たいけんもんいん	5
たいこうぼう	3
たいこうばう	3
たかあらし	3
たかうす	1
たかきたむら	4
たかとうりき	3
たかのさと	3
たかのつる	3
たかのなみ	3
たかのひめ	3
たかのぼり	3
たかのみや	0
たかのわか	3
たかはな	0
たかはなだ	3
たかへいだ	3
たかまのはらひろのひめの	9
たかみむすび	0
たかみむすひの	0
たかみむすびの	0
たきこう	3
たきやしゃひめ	4
たぎしみみの	0
たぎつひめの	0
たぎりひめの	3
たくげん	1
たくはた	2
たくはたちぢひめ	6
たけいわしき	4
たけかぜ	2
たけちの	0
たけつぬみの	0
たけぬかわわけの	0
たけはつち	3
たけはつちの	3
たけはにやすの	0
たけみかづちの	0
たけみなかたの	0
たこや	1
たしらかの	0
たじからおの	0
たちばなのいらつめ	2
たちばなのおおいらつめ	9
たちばなひめ	4
たつたひめ	3
たつひめ	2
たばいも	2
たまじゅん	2
たまたれ	0
たまのしま	3
たまのやの	0
たまひ	0
たまひの	0
たまひめ	2
たまよりひこ	4
たまよりひめ	4
たまりきどう	4
たもみの	0
たりしひこ	3
たるむすび	3
たんにゅう	1
だいしゅん	1
だいしょうだい	3
だいしょうち	3
だいしょうま	3
だいしょうやま	0
だいじゅやま	0
だいは	1
だいばだった	4
だっき	1
だてがせき	3
だーうぃっと	1
だんとく	1
だんりょく	0
ちえとう	2
ちちぶのみや	0
ちつち	1
ちはく	1
ちゅうあ	1
ちょういく	1
ちょうおう	1
ちょうきょく	1
ちょうしゅく	1
ちょうじゅん	1
ちょうすい	1
ちょうてつ	1
ちょうねん	1
ちょうはくび	3
ちょうぶんさい	3
ちょうよく	1
ちょうろ	1
ちょむすけ	2
ちんい	1
ちんいく	1
ちんうん	1
ちんかつ	1
ちんぎ	1
ちんさい	1
ちんしょく	1
ちんそん	1
ちんたつ	1
ちんちょく	1
ちんばん	1
ちんびん	1
ちんぴ	1
ちんやく	1
つきさかきいずのみたまあまざかるむかつびめ	19
つきひめ	2
つくまさ	2
つくよみの	0
つぐのみや	0
つたじゅう	2
つちおり	2
つちなり	2
つぬがあらしと	5
つねのはな	3
つのぐいの	0
つぼみひめ	3
つるひめ	2
ていいく	1
ていくん	1
ていばく	1
ていふん	1
ていらん	1
てきこう	1
てきすい	1
てつうん	2
てつひめ	2
てるくに	2
てるてひめ	3
てるのやま	0
てるひめ	2
てんえいいん	3
てんひめ	1
でいこう	1
でいろう	0
でいろうし	3
でかるてす	2
でめとく	0
でわたいら	3
でわにしき	3
でわのうみ	3
でんきつ	1
とうおうふ	3
とうとうし	3
とうびん	1
ときつかぜ	3
ときひめ	2
とぎれ	3
とくあ	1
とくあん	1
とくげん	1
とくひめ	2
とさのうみ	3
としのみや	0
としひめ	2
とじこの	0
とちあずま	3
とちおうざん	3
とちおうやま	0
とちさかえ	3
とちつかさ	3
とちてんこう	3
とちてんしょう	3
とちにしき	3
とちのなだ	3
とちのやま	0
とちのわか	3
とちひかり	3
とつぎ	1
とばのすくね	0
とびざる	0
とぼく	1
とみかぜ	2
とみじい	3
とみひめ	2
とみびこ	2
ともく	1
ともつな	2
とものはな	3
とよあたつひめ	5
とゆけ	1
とようけひめの	4
とよかげ	2
とよきいりひこの	0
とよくにわけの	4
とよくもの	0
とよざくら	3
とよすきいりひめ	6
とよすきいりひめの	0
とよたまひめの	0
とよとみみの	0
とよとみみ	0
とよのくに	3
とよのしま	3
とよのぼり	3
とよひびき	3
とよひめ	2
とよひめの	2
とよみけかしきやひめ	8
とらおう	2
どうえつ	1
どうじょさい	3
どうじょほう	0
どうずい	1
どよ	1
どんえ	1
どんりゅう	1
なおたね	2
なかしひめ	3
なかつつのおの	0
なかつひめ	3
なかつひめの	3
ながたのおおいらつめ	8
ながみや	2
なきさわめの	0
なこつ	1
なそちびりまく	5
なひめ	1
なるいかずちの	4
なんえんくん	3
なんけい	1
なんぴー	1
におうみや	2
にぎはやひの	0
にくひめ	2
にしきじま	0
にしただ	2
にちう	1
にちごん	1
にちじゅん	2
にちょうさい	2
にちら	1
にちろう	1
にったつ	0
にべひめ	2
にほひめ	2
にゅうあ	1
にょえん	1
にょくう	1
にょじょう	1
にょらいし	2
にょりょう	1
にょりん	1
にんきょう	1
にんこう	1
にんじょ	1
ぬしゅう	1
ぬなかわ	2
ぬなかわひめ	4
ぬなかわひめの	4
ぬなきいりひめ	5
ぬなくらふとたましきの	0
ねいこう	1
ねこむすめ	3
ねんぐ	1
のうあ	1
のういん	1
のうひめ	1
のりひめ	2
はかまだれ	0
はくかんし	3
はくき	1
はくきん	1
はくこう	1
はくこんぼうじん	5
はくさう	3
はくてつ	1
はくふく	1
はげがらす	3
はしひめ	2
はせお	0
はたびの	0
はたび	1
はたびのおおいらつこ	8
はたびのわかいらつめ	8
はっきつてい	0
はつぎく	2
はつせべの	0
はつひめ	2
はつむらさき	4
はなくら	2
はなたり	2
はなちるさと	3
はなつる	0
はなのうみ	3
はなれごま	3
はにやすひこ	4
はにやまひめ	4
はまあゆ	0
はまにしき	3
はむしわけの	0
はやてうみ	3
はやぶさわけの	4
はらのうちのほむだ	0
はるひめ	2
はんしつ	1
はんひょう	1
はんらい	0
ばいいつ	1
ばいちく	1
いだいけ	2
ばいひ	1
ばいりゅうえん	3
ばえん	1
ばおう	1
ばきゅう	1
ばきん	1
ばしゅく	1
ばじゅん	1
ばそばんず	3
ばちょう	1
ばつなんだ	3
ばてつ	1
ばでき	1
ばんじゅん	0
ぱいかる	1
ぱーねる	1
ひあまひめ	3
ひかるげんじ	4
ひがしまる	3
ひこいせさりの	3
ひこうし	2
ひこくにぶくの	5
ひこひとの	0
ひこひと	2
ひこほのににぎの	0
ひこほほでみの	0
ひごのうみ	3
ひさのはな	3
ひじょふ	1
ひたか	1
ひちょうぼう	2
ひっちょうぼう	3
ひつえい	1
ひつげん	1
ひつこう	2
ひでうら	2
ひないちご	3
ひながひめ	3
ひなきぬ	0
ひなまじひめ	4
ひなみし	2
ひなめし	2
ひのおみの	2
ひみここ	2
ひゅうがのいずみのながひめ	10
ひゆう	1
ひょうとうだ	3
ひょうび	1
ひらこう	0
ひれいかく	2
ひれん	1
ひろのひめ	3
ひろひめ	2
ひわだひめ	3
びじく	1
びだつ	1
びふくもんいん	4
びゃくえんぷ	3
びょうがん	1
びょうじん	1
びょうたく	1
びんしゅ	1
びんひ	1
びんばしゃら	3
びんりん	1
ふうぎょ	1
ふえつ	1
ふさぎく	2
ふさひめ	2
ふさまつ	2
ふしゅんけん	2
ふじゃく	1
ふせひめ	2
ふたじのいりひめ	6
ふたつりゅう	3
ふつぎ	1
ふとだまの	0
ふなたま	0
ふゆきち	0
ふゆひめ	2
ふりひめ	2
ふるごん	0
ふるな	1
ひゅむぼーると	3
ぶあく	1
ぶかなん	2
ぶっとちょう	3
ぶつれん	1
ぶてい	1
ぶととう	2
ぶねい	1
ぶぼく	1
ぶゆうざん	2
ぶんきょういん	3
ぶんしょういん	3
ぶんてい	1
ぶんぺい	1
へいおう	3
へいりん	1
へいげる	1
べいりん	0
べくはち	0
べんかく	1
ほうあ	1
ほうきょく	1
ほうけんいん	3
ほうしゅん	1
ほうせんさい	3
ほうつう	1
ほうましょう	3
ほおりの	0
ほくとうみ	3
ほくとうりき	3
ほくろあん	3
ほしかぜ	2
ほしただ	2
ほしぶー	1
ほしりょうま	1
ほすせりの	0
ほでりの	0
ほねうま	0
ほのいかずちの	0
ほのすそりの	0
ほむだ	1
ほむつわけ	0
ほりたつ	0
ほんじゅ	1
ほんじゅいん	3
ほんだわけの	0
ぼくおう	2
ぼくこう	1
ぼくこし	1
ぼくしゅん	1
ぼくしょう	1
ぼくじゅん	1
ぼくひん	1
ぼくれつ	1
ぼくろく	0
まいのうみ	3
まえたけ	0
まえちゅう	2
まけい	1
まさかあかつかちはやひあめのおしほみみの	0
ますいやま	0
ますつよし	3
まつおう	2
まつくに	2
まつのぼり	3
まつひかり	3
まつひめ	2
まつらさよひめ	5
まかはじゃはだい	4
まひん	1
まめいく	2
まよわの	0
まんぜい	1
まんよ	1
みかのり	0
みかはやひ	3
みかぼし	2
みけつの	0
みけぬの	0
みずはめの	1
みつはのめ	3
みちのおみ	3
みちのおみの	0
みづはわけ	3
みといずみ	3
みともわけ	3
みなみのぼう	4
みねざき	2
みまつひこ	3
みみたり	2
みやぎく	2
みやずひめ	3
みやとひこ	3
みょうあんな	3
みょういち	0
みょううん	1
みょうえ	1
みょうかい	1
みょうがく	1
みょうぜん	1
みょうたつ	1
みょうへん	1
みょうりょう	1
みんりゅう	1
むさしやま	0
むしゃくし	2
むしょそうし	3
むじゃく	1
むそうやま	0
めどりの	0
めんざん	1
もいとり	0
もうぎ	1
もうすい	1
もうたく	1
もうたつ	1
もうてん	1
もくじき	0
もちあい	0
もちひと	2
ものいみなの	0
もりひめ	2
もんがく	1
もんけい	1
もんとく	1
もんのう	1
やかべの	0
やくさん	1
やくれん	1
やしゅたら	2
やすひめ	2
やつそうだ	3
やなりひめ	3
やまさちひこ	4
やまさちびこ	4
やまとおぐなの	0
やまとたらしひこくにおしひと	12
やまとととひももそひめの	9
やまとひこ	3
やまとひこの	4
やまとひめの	0
やまにしき	3
やみおう	2
やようす	2
やりつ	1
ゆいあ	1
ゆいえん	1
ゆうじゅん	1
ゆきたけ	2
ゆしゅん	1
ゆたひめ	2
ゆはりの	0
ゆばあば	2
ゆまほ	1
ゆめすけ	2
ゆめはな	0
ようう	1
ようおう	3
ようぎょう	1
ようしゅんぼう	3
ようせんいん	3
ようぜい	0
ようたく	1
ようねい	1
ようひょう	1
ようゆうき	3
よしえもん	0
よしのみや	3
よしばやま	0
よしひめ	2
よそざえもん	3
よたひめ	2
よと	1
よどひめ	2
よねじん	2
よらくいん	3
よりしげ	2
よりのみや	0
よりひめ	2
らいじょ	1
らいでい	1
らいびん	1
らこう	1
らじゅう	1
らそ	1
らほう	1
らんけん	1
らんじょう	1
らんそん	1
らんひめ	1
らんひん	1
りえい	1
りおく	1
りきおうざん	3
りきく	1
りくき	1
りくじゅん	2
りくせき	1
りげい	1
りしゃく	1
りしゅく	1
りしゅん	1
りじゅ	1
りじゅう	1
りぜん	1
りちゅう	0
りっそう	1
りつう	1
りてつ	1
りねい	1
りばつ	1
りひょう	1
りふう	1
りへい	1
りぼう	1
りぼく	1
りめい	1
りもく	1
りゅうい	1
りゅうかけい	0
りゅうがはま	3
りゅうぎょう	1
りゅうぐ	1
りゅうこん	1
りゅうしゅん	1
りゅうじゅ	1
りゅうじゅん	1
りゅうせき	1
りゅうそん	1
りゅうたん	1
りゅうちく	1
りゅうへき	1
りゅうまん	1
りゅうみょう	1
りゅうも	1
りゅうよ	1
りょあん	1
りょうえ	1
りょうきつ	1
りょうそう	1
りょうだつ	1
りょうとくいん	4
りょうぶく	1
りょうほ	1
りょうりょうさい	3
りょおう	1
りょき	1
りょくうん	1
りょくが	1
りょくぎょう	1
りょけい	1
りょごう	1
りょしょう	1
りょす	1
りょたく	1
りょふ	1
りょほう	1
りょもう	1
りょろく	1
りょんくご	0
りろう	1
りんたん	1
りんちん	1
りんぴょう	1
りんほう	1
りんもく	1
りんりょう	1
りんわ	1
るいひめ	1
れんえん	1
れんくう	1
れんじゅん	1
れんそ	1
れんそん	1
れんぞう	1
れんちょう	1
れんに	1
れんにょ	1
れんのう	1
れんほう	1
れんみょう	1
れんゆう	1
ろうあん	1
ろうがんどう	3
ろうしょうどう	0
ろうたん	0
ろうぶつじ	3
ろうらい	1
ろくしゅう	1
ろたつ	1
ろはち	1
ろひん	1
ろぶしゃいと	3
わかぎやま	0
わかこうしょう	3
わかしまづ	3
わかたけ	0
わかたけの	0
わかたけひこの	0
わかたけひこ	4
わかたらしひめ	5
わかとみ	2
わかのさと	3
わかのはな	3
わかはぐろ	3
わかはな	0
わかはなだ	3
わかひこたけきびつひこの	9
わかひめの	2
わかひめ	2
わかみおの	0
わかみたほり	4
わくう	1
わくむすびの	3
わかうぶすな	4
わけいかずち	4
わたく	1
わたまさ	2
わてい	1
わにおう	2
わんきゅう	1
わんやん	0
ぎょうぐう	1
なんにち	1
やまけん	0
りさく	1
りょおん	1
あいはら	1
しゃあん	1
やまとたけるの	1
うじのわきいらつこ	7
くちがわ	0
ことしろ	0
はじけ	1
げつよ	1
ごもう	1
たおれ	3
ひらやす	2
えもん	1
かきね	1
さえだ	1
しろした	0
かかへ	0
はしひと	2
びょうかん	1
かくぶ	1
つきあげ	0
いたばし	2
うちはば	0
すあし	1
はくしょう	1
いちづる	2
いだし	0
おいで	0
たけとみ	2
にいじま	0
みわぁ	0
あおまつ	2
かこつけ	0
だぶ	1
いきの	1
こじか	0
もちあわせ	0
かわもと	2
にはとり	0
ひるけ	0
あほう	1
くわんたい	0
くらいづけ	0
もんぞう	0
えきあと	0
はやしじ	3
わらべ	1
うちのり	0
おおがい	1
おきあがり	0
くにがわ	0
げに	1
おりこみ	0
ひう	1
ふきがみ	2
やまて	1
たてかわ	2
むこうづけ	0
わだつみ	0
あさやけ	0
あんば	0
おさだの	0
きすがた	2
かさみ	1
ひとがき	0
よまつり	2
ねこよけ	0
かわまち	2
しょうにょ	1
たかおか	0
つよまり	0
はしりみず	3
つかみ	3
おもてっかわ	0
おんなあるじ	4
なりあい	2
ひさづみ	2
ほうじやう	0
いれもの	0
いろがえ	0
こせの	1
とのもの	0
なみがた	2
ぎょうがえ	0
ゆきどまり	3
かずなり	2
こたぁ	2
こたあ	2
ことぁ	2
ぜんがっ	0
ぞこ	0
つるだ	1
なみうち	2
あじき	0
しげり	3
でどこ	0
ふづき	1
ふみづき	2
もりまち	2
あいおう	1
ずうち	0
おうた	1
はなき	1
まちがえ	3
おおたき	1
おおひら	1
たえま	3
いえさと	2
とりえ	3
にんにち	1
ほどき	0
まどい	2
ながら	0
ながれぼし	3
いとや	1
ぬるみず	2
もんや	1
あらひ	0
しきつめ	0
つくま	1
いさめ	0
しきもの	0
ちかとうみ	3
もうけ	3
なかぎょう	2
めだち	3
べいさん	0
りゃっかい	0
かたえ	0
かわやなぎ	3
しのびこみ	0
つらね	0
にいたか	0
にんちゅう	1
のがれ	3
びがっ	1
ぴょんあん	1
みせうり	0
おおつな	0
たにあい	2
ほそごうち	3
さらがわり	3
めいすい	0
かわひがし	3
しおいの	0
まちどおり	3
みたらし	2
あわじの	1
ちからだのみ	4
ひそみ	0
もののほん	4
すくな	1
かまい	2
ぜんおう	0
てついろ	0
とっぱな	0
なごし	0
かけあい	0
うつろい	0
はしした	2
ゆきみち	0
つみまし	0
ひきづり	0
たかぜき	2
ぬかたの	0
まちばし	2
ちゅうべえ	1
なかて	1
たけばやし	3
なり	1
おおかぶ	0
おりかえし	0
おいこみ	0
かざしも	0
くろはね	2
こうづ	1
たちすくみ	0
あすかべの	0
きずき	0
はくや	1
ふせぎ	3
もちあがり	0
でんま	0
じゃてい	0
ともよし	2
のざか	1
みちすじ	0
こはま	1
はながた	2
くろは	1
ゆづ	1
うわかわ	0
いどころ	0
えきがっ	2
ざつがっ	0
ちかし	1
とりよせ	0
あおち	0
であひ	0
ひつだ	1
ほうろん	0
りゅうしゃ	1
からめて	0
たけまさ	2
だいもつ	0
たいほん	0
いりあい	0
ささえあい	0
さまっ	2
たかしげ	2
なかだて	2
かみぎょう	2
かわじま	0
しろいもの	2
つきはじめ	3
ぬぎ	2
ばくおん	0
くひもの	3
さあん	1
ひでと	1
みだれ	3
あいのさと	3
あなうま	0
かわかた	0
きゃくせき	0
いぬづれ	0
ひうお	1
わさぶろう	2
みおくり	0
いしぶみ	0
いちろく	2
きりかへ	0
そばめ	3
ははがた	0
かめやま	0
なつの	1
ますらお	0
いまなり	2
さがし	0
たうれ	3
だうれ	3
ときなか	0
まんのう	1
かじはら	2
かれは	0
きのと	1
しゆみ	1
しょうりき	1
こせ	0
みやなか	2
とねりの	0
きづくり	2
みのの	0
もとお	0
やまや	1
たちき	0
ちとから	0
とりむね	0
まいない	0
しつがい	0
ひだりなげ	0
うりこし	0
せめぎあい	0
せめぎあひ	0
つめこみ	0
としづよ	0
いづみ	0
げつ	1
ための	0
しるべ	0
なまみず	2
あめつち	1
えきば	1
こふね	1
のけ	0
うけつぎ	0
ごうど	1
じゃば	1
かすがい	2
つにし	1
うまれかわり	0
おでーん	2
こんえ	0
さだやっこ	3
ひめの	1
ゑつ	1
こうきち	0
のみりょう	2
ぶりかえし	0
へいぞう	0
ぼっ	1
みやつこ	2
さぁん	1
ひとなか	0
わきゃ	1
かきまわし	0
きれこみ	0
べち	0
とおりがかり	0
いずみの	1
かざけ	0
ずしょ	1
てか	3
はじまり	0
ほくさい	1
めざる	1
ゆきひこ	2
おさだ	0
じゅくこう	0
そだて	3
だきあい	0
でまえ	0
ひだか	1
もちなが	2
もりこみ	0
よわまり	0
じゅんおう	0
なかみなみ	3
はなさき	0
かみて	0
っつぁん	2
したみず	0
ぶとり	3
くさっぱら	0
せりうり	0
いたがね	0
たっし	0
あすかべ	0
どうぎょう	0
じづめ	0
ぶくみ	3
じっじ	1
じょうしま	0
ひがね	0
ぶぞう	1
もりあがり	0
むけ	0
うつり	3
ゆかめん	0
あさけ	0
いりがた	0
まちびと	0
もとで	0
おとこっけ	0
じょうてき	0
あきま	1
しんくろう	0
つみあげ	0
すうとう	0
おさか	1
かたりつたえ	0
のき	0
ふちむ	1
おたか	2
むかえ	0
よこせん	0
さんもう	1
たけとりの	0
ろそく	0
まうしろ	2
うゐ	1
おおぎ	0
さきがけ	0
まばぎょう	2
あれの	0
おうぎがた	0
くずばこ	2
くらんど	2
きたしん	2
のりより	2
まねき	0
つまずき	0
ほへい	0
あけだ	1
ひとりぽっち	4
ふなぬし	2
おっとがわ	0
なや	0
きんす	1
はくふ	1
まきあげ	0
めざめ	3
こだて	1
ぢりょく	1
としなみ	0
くんそ	1
そんしゃ	1
まなこ	1
しきしゃ	2
どうみぎ	1
まわしいれ	0
みぎうち	0
ありち	1
てびかえ	2
にょかん	0
もりうち	0
きこえ	0
しんよ	1
ぜんえき	1
のびなやみ	0
かしわばら	3
さもんじ	2
いくこ	1
づたい	1
うしおだ	0
しわく	1
たわら	1
えちごの	1
たうもろこし	3
とうもろこうし	3
ゆがわ	1
つたい	0
ぼーや	1
あかとき	0
いけの	1
ぎをん	0
よしかず	2
せがわ	1
たてば	1
ばつえい	0
いしたか	2
がったい	0
でつちあげ	0
とりやめ	0
あずまあそび	4
いじろ	1
ゆいそく	0
たかくら	2
たんがんいか	3
はんえん	1
あきるの	0
あさむつ	0
あざみの	0
あじか	1
あすだ	1
あまひこ	2
あまびこ	2
あやめいけ	3
あらぐすく	3
いちきくしきの	5
いなぶち	2
いにわの	0
いまたち	2
いりたはま	3
いろはざか	3
いわきだいら	4
うじじ	1
うたじま	0
うたじめ	0
うちなー	0
うちぼき	2
うなゐごがはら	5
をばすて	0
うらぢおすとっく	6
ゑがら	1
おほひれ	0
おがせ	1
おつぼ	0
おもろまち	3
おゆみの	0
かしこぶち	3
かしはぎ	0
かぶとまち	3
かもめじま	0
かもめちょう	0
かわぐろ	0
かはふち	2
きおろし	2
きたぐて	0
くすまき	2
くぬぎやま	0
くらがりちょう	4
ぐあなはに	3
くしかわ	2
けおろし	2
けぬがわ	0
こひぬま	0
こてはしだい	4
こゆるぎ	2
ささなみ	0
さつきの	0
さるやままち	4
さんまち	1
しおのやま	0
しかすが	0
しめしの	0
しらび	1
ぢよなん	1
すずめがおか	4
そうけの	1
たまいかわや	4
つくばみらい	4
とよしゅう	2
におのはま	3
にっぴょう	0
ばがもよ	0
ひゑどりごへ	0
ひたちなか	3
ひたちの	0
ひめやま	0
ひよどりごえ	0
ひは	0
ふじみの	0
ふちのべ	0
ふっぷ	0
ふやちょう	2
ぶどうがおか	4
べすとふぁーれん	4
べつこう	0
ぺとろふすきー	4
ほくや	1
ほたるがわ	3
まつるべ	2
みずきがおか	4
みづのえ	3
みづはし	2
みちく	1
みつさか	2
みなとやま	3
みなみぐて	3
めじろだい	3
もりのさと	3
もるやま	0
やひろうぢ	3
やぶづか	2
やまとがはら	4
わさびだいら	4
あひそめ	0
いのちょう	2
しじゅー	2
ひがしかた	3
くだん	1
しずみ	0
ずこつ	1
つきの	1
なれあい	0
ぶんりがっ	3
なめかた	2
かいばら	1
ひえこみ	0
やじぷら	0
すおうの	1
ゆうけ	0
くらづくり	3
まんにん	0
みぎはじ	0
ねぶ	1
やとわれ	0
やまかみ	2
くにやす	2
したみ	0
てるのみや	0
てんのじ	0
とくま	1
とみさん	0
あっさりかん	4
あまおう	2
あめふり	2
あやかりぼん	0
あわてんぼ	0
いづろ	1
いぼたろう	3
いやしんぼ	0
いはえ	0
うんため	0
おかまぼう	3
をことてん	0
おざぶ	2
おもてめん	0
おらほ	1
かぎやでふう	0
かぼでん	0
かわらの	0
かんかんぼう	3
がにやら	0
がらまん	0
くずにく	2
くのいち	2
けびき	0
こぎん	0
こじはん	0
こちかめ	0
ごてどく	0
ごはんこしらえ	4
ごまかししごと	5
さんつくり	3
ざあますことば	5
しやもじ	1
すわろびくす	4
ずうずうべん	0
ずべらばう	3
ずべらぼう	3
ずんべらぼう	4
ずんべらぼん	5
せせらぎおん	4
せびりま	3
そぼろごはん	4
ぞっきぼん	0
たいいつ	1
たむらまろ	3
だんつく	0
ちぢれめん	3
ちょいやく	0
ちょっぷく	0
ちょぼら	0
ちんぴらやく	0
つっかえぼう	4
つとふ	0
ちっちり	0
とりぜん	2
とろりあん	3
どどんこ	2
どんがら	0
なまんだぶ	4
なもあみだぶつ	5
にくきれ	0
はぐめた	0
ばつじるし	3
ぱちんこきょう	0
びいだま	0
ぴいとろ	0
ふざけんぼ	0
ふざけんぼう	0
ぺてんし	2
ほのじ	2
ぽっくりびょう	0
まんじゅうがた	0
みなすぽ	0
めざぱ	0
もたりかん	3
もったりかん	4
もつやき	0
ゆっくりんぐ	0
わんこず	1
おとこし	3
ふぞろ	0
ぶぞろ	1
むべ	1
いもじ	2
うっこん	0
からぱ	0
ひらち	0
かおれ	0
てすじ	1
おおが	1
かは	2
ばっせき	0
かたづくり	3
こがねい	2
かわぶね	0
しにもの	0
じゅうしまい	3
ふうけつ	0
にいき	1
かけはし	2
きわだち	0
さげぶくろ	3
ばんどころ	3
みやいえ	2
よみこみ	0
うみぞい	0
おちば	1
おちこみ	0
なかぞら	3
えち	1
たけのうちの	3
ひととなり	0
われがち	0
げんうん	0
しのび	0
のうみ	1
べいろ	1
かわて	1
てらじま	0
にかく	1
はんがわ	0
ひきずり	0
みま	0
かみなづき	3
ききとどけ	0
げこん	0
ひだりうち	0
かえりざき	0
まはばぎょう	3
かあや	1
もりかえし	0
ばいてん	0
あからか	2
かわはた	2
きよまつ	2
こうちの	1
たちあげ	0
ほむら	1
みまさかの	2
うたあわせ	3
まなくこ	0
ほろのべ	2
みおとし	0
ぬりかべ	0
ゆきひめ	2
ころがし	0
たや	1
かわうえ	2
くちきり	0
えいとう	1
おこり	3
まぜあわせ	0
わりきり	0
うりだし	0
うわの	1
かねづくり	3
くなど	0
ぐまの	1
すずたに	2
ふかうみ	2
ふひと	1
うりさき	0
おんながた	0
ぜんはば	0
たくみの	0
ばんはた	0
さんまいめ	5
いわみの	1
おさめ	1
はなぶさ	2
へなつち	0
なおいち	2
かずえの	0
なおかず	2
っさん	0
ぼ	1
みぎわ	0
ありそ	0
はしかみ	2
ひろかず	2
かのこ	1
げんや	1
さきみ	0
かわづら	2
にしうみ	2
ゆるみ	3
あそんの	1
はなしぼん	0
もとめ	0
はつふゆ	0
くるまどめ	0
いのくち	2
いまいし	2
くにしげ	0
たすけあい	0
ゆきのり	2
あひかわ	1
あがつま	0
ひきのばし	0
いおり	0
えきそば	0
ぐわい	0
しゅうきく	1
きたなか	2
たけぞう	0
こくしょ	1
しめぎ	1
しょうぎゅう	0
まえかた	0
ざいえい	0
きりわけ	0
がくたい	0
ふじはら	2
なかばる	2
まなご	0
しょうづ	0
すなかわ	0
たかつの	0
みなもとの	0
やまなり	0
まつき	0
こしなか	2
こがわ	0
すりおろし	0
とどろき	0
がんりょく	0
やまのうえの	0
かわぞい	0
かはぞひ	0
しもたに	2
でうしう	1
でみず	0
ばらき	1
ふゆみ	0
あさはん	0
ざいべい	0
のりこみ	0
かりやど	0
じえ	1
じゅがっ	1
そのお	0
にっちょう	1
ゆめの	1
こつま	1
こうがっ	0
とさの	1
きのえね	0
ひきはなし	0
ひさずみ	2
ほんまち	1
おくりとどけ	0
とりつけ	0
やなぎうら	3
えもと	1
おすうま	0
おうつ	1
おやがわり	3
ねんよ	1
めまつげ	2
だいねん	0
めづかい	2
おくに	1
こともの	0
たかのの	1
としおとこ	3
ひるげ	0
ぶせ	2
かわっぺり	0
ゆふぐれ	0
うらばん	0
かきかえ	0
かたぁ	1
みずた	0
ものもの	0
ぞくおん	0
ほりだし	0
ゆみなり	0
うきうお	0
うめこみ	0
ふみあき	2
みせや	2
あまね	0
さいいち	0
ちんざん	0
はげまし	0
うちの	1
うちっぱなし	0
かわだ	1
あめのうずめの	0
あまのうずめの	1
うすひ	1
しげはら	2
とうのたけ	3
にちもく	2
やきぶた	0
じょうみ	1
はなの	1
いでは	1
かちいろ	0
しずき	1
ぼくしょく	0
ぜめ	2
まふゆ	0
やくばらい	3
さんせう	0
ひらしろ	0
おおうみ	1
ひのとひつじ	0
あきつかみ	3
たいらの	1
つきそい	0
つきそひ	0
もがみ	1
くさづ	1
ぜんべえ	1
みづほ	1
でふね	0
でぶね	0
がたわ	2
とりて	3
なんべえ	1
みちわき	0
りょかっ	0
りょきゃく	0
くにの	1
れんたろう	0
かんべ	1
きごみ	0
しおだに	2
へいはちろう	4
なおし	1
まつりごと	0
しもだに	2
くにぶり	0
いずもの	0
ゆくすへ	0
きんせき	0
とめおき	0
しなわけ	0
とりかへし	0
ひょうちん	0
いそろく	0
さわすぎ	2
あをぞら	3
そこひ	0
べに	1
じやくし	1
ぽけ	2
かさね	0
さだお	0
そとわ	0
やうち	1
あてがね	0
じじゅうの	1
せいあく	0
としより	2
うつみ	1
からぐるま	3
こくちゅう	0
たいねん	0
ひろたか	2
すまい	0
なめがた	2
さだはる	2
てかき	3
とびだし	0
もんばしら	3
うわあぎと	3
ばんがしら	3
じつかん	2
ねんかい	0
ながやす	2
つたえ	0
のさき	1
くさり	3
かぁ	1
ねんしき	0
やまはら	2
きくすい	2
しゅんう	1
としいえ	2
さんみ	1
むらじ	1
でぃーえーじー	5
ひきこみ	0
たかはた	2
たつぞう	0
ひでのり	2
おりたたみ	0
いがっ	1
げんぜ	1
べつむね	0
だいえ	1
おしん	0
むきあい	0
もみけし	0
おんじゅ	0
つきごろ	0
かがの	1
ちょうそん	1
ちょくひつ	0
つのがた	0
ていいち	0
たちやま	0
ゆめじ	1
しにば	0
とおみち	0
こころがけ	0
ふくらみ	0
さいぼ	0
みつよ	0
かんつけの	0
つみごえ	0
みどう	0
しもつみち	3
ちかづき	0
ないりん	0
まるばしら	3
おやゆずり	3
かみの	1
しろだい	2
もりとし	2
ひかず	0
うまれそだち	0
おびなた	2
まわたり	2
よりはる	2
きちざ	1
しばざき	2
てじま	0
の	1
でんばた	1
はんべえ	1
ひんきゃく	0
せだい	1
ちちゅう	1
ひつにょう	0
ろんかく	0
かいくう	0
みぎわき	0
くずのは	1
としみ	0
ひさあき	2
ひやみず	2
したじゅく	2
どまり	0
はちきゅうじゅう	3
まだあ	1
かたやき	0
しゅくえき	0
みずかえ	0
がくぶ	1
きつ	1
べえ	1
りゅういち	0
ぎゃくて	0
とがし	1
みーんな	4
さいほく	0
しんみや	1
さげん	1
なまけ	3
さねより	2
たかす	0
まえがしら	3
ふるまち	2
いわべ	1
しげとし	2
そなえ	0
なりのぶ	2
ひでゆき	2
とらえ	0
もうぞう	0
ものつくり	3
たてやく	0
かえりごと	0
てんまん	0
ながたに	2
かなまる	0
じんぐうじ	3
えちぜんの	0
てけい	0
ときよ	2
ふくへん	0
かりみや	0
つつじ	1
まちやく	0
ほうこん	1
ただすけ	2
ちげえ	0
とよお	0
ぶんげん	3
ももぞの	0
あげうけ	0
いえつぐ	2
ゆうぞう	0
かいかた	0
このめ	1
ぢくしょお	3
やさがし	2
せいいちろう	3
ひったくり	0
みがきこ	0
きへえ	0
たいぎょく	1
つめかえ	0
みなみなか	3
もっき	1
がこい	0
こごろう	0
のりゆき	2
やすひさ	2
くうしゅ	1
たぜい	0
とばし	0
あきひろ	2
きよね	1
さかえまち	3
えいみ	0
しろや	1
もちかえり	0
ゆきひさ	2
あろう	1
しゅんいち	0
なりあき	2
ひっぱり	0
たまかわ	2
こずかい	1
ろうご	1
こまざわ	0
ねんさん	0
いなめ	1
とよぞう	0
にした	1
よごろう	0
けおり	0
むねなり	2
けぶり	3
とざん	1
うみじ	0
っかわ	0
ぼくり	1
はらき	1
いとしご	3
ふくろう	0
まさかた	2
ちゃく	1
ついじ	0
けいつう	1
てるもと	2
ほだか	1
しょくじゅう	1
たかみつ	2
うれのこり	0
きよかず	2
そばまつり	3
もちや	0
きんしろう	0
づかれ	3
かまたり	2
たつしろう	2
ぶおんな	2
いにしえ	0
いにしへ	0
ひさのり	2
ほっそう	0
おもひやり	0
おにゃのこ	2
たんぱく	1
よぶね	0
でがけ	0
りょうぎし	0
しもばら	2
とりうみ	2
なりあがり	0
ふくずみ	2
めんもく	0
よこがみ	0
のばし	0
みつひで	2
むねもり	2
こやす	1
よしはら	2
うめわかまる	4
おとら	1
みちふみ	2
よしまさ	2
しゅんさく	0
たいたく	0
ぶかつ	0
もとすぎ	2
おおかま	1
つねまさ	2
ときたか	2
どうちく	1
ひでよ	0
れいびん	1
じゅんいちろう	3
つぶら	1
あきやす	2
くみえ	0
つるきち	0
みずぐるま	3
みずまる	0
もりひろ	2
よりかね	2
てつのすけ	0
わらいばなし	4
せいしろう	0
としがしら	3
うたた	1
しづお	0
にしびわじま	4
ゆるし	3
よはちろう	2
はるゆき	2
ふうたろう	0
たきこみ	0
づもり	0
てつお	0
としひで	2
へいべえ	1
しろぎつね	3
わかぎ	1
うめもどし	0
おくぜつ	0
ごんか	1
しんすけ	1
のりか	1
もろすけ	2
きよひこ	2
くぬの	0
としゆき	2
しょくす	0
じろうざ	2
つむぐ	0
とうべえ	1
ともたか	2
はしのすけ	0
よびだし	0
きっかわ	1
ぎぶつ	0
せいしさい	3
せいはち	0
ただかつ	2
つぐと	1
ひょうじ	1
かきおこし	0
きたざと	2
けんきち	0
しげひこ	2
たつひこ	2
ときやす	2
にょしょう	0
まさおみ	2
みずか	1
あづさ	1
かがやき	0
かねざね	2
としあき	2
ともき	1
ひとまろ	0
ふくつう	0
まさかげ	2
ひさひで	2
みちひろ	2
よししげ	2
さねとも	2
じつき	1
じんり	1
てるゆき	2
なみへい	0
むつこ	1
うたまる	0
かみがくし	3
しげなお	2
すなっぽこり	4
たつじ	1
せつよ	0
ただよ	0
ふみのり	2
やすまさ	2
やすゆき	2
りきまる	0
あぶらもち	3
えいなん	1
すえふさ	2
せげん	1
ちきお	0
てつこ	1
はくお	0
ひでかつ	2
ひではる	2
ひでまさ	2
ひゅうま	1
ひろやす	2
まあや	1
わすけ	0
おおまる	1
げんしろう	0
こりあん	1
しげはる	2
じろうざえもん	4
たかむね	2
なおひろ	2
ながもち	2
にいで	1
ひさみつ	2
ひでふみ	2
むらやく	0
もとしげ	2
もりさだ	2
うんりゅう	1
きすけ	0
きょうみ	0
けんいちろう	3
げてもん	0
こうざぶろう	0
こうじろう	1
しげひら	2
しゅうごろう	1
たつゆき	2
だいざぶろう	0
ときただ	2
はるお	0
ほきいち	2
まさとし	2
ますじ	1
またろう	0
みきのすけ	0
みつすけ	2
れいま	1
いくお	0
いなぞう	0
うめきち	0
かげすえ	2
きみひろ	2
きんいち	0
げんぱく	1
しょういつ	1
しんじろう	1
すけしろ	2
ぜんまろ	0
たかひと	2
とくこ	1
としつぐ	2
としふみ	2
とらのすけ	0
なりひろ	2
のぶたか	2
のりとし	2
はるのり	2
まごいち	2
まさみつ	2
みずひと	2
みちもり	2
みつくに	2
みつひさ	2
みどりこ	3
やすくに	2
ゆうきち	0
ゆうじろう	1
りゅうさぶろう	3
あいさ	1
あきひさ	2
あんちゅう	1
いえとみ	2
いつろう	0
いまえもん	0
うわば	0
うんぴん	1
かつひこ	2
かつひさ	2
かつよし	2
かばい	1
きしこ	1
きちえもん	0
きみたか	2
ぎさぶろう	2
ぎょくき	1
ぎょねい	1
くみお	0
けいざぶろう	0
けんすけ	1
げんのすけ	0
こうのすけ	0
さねあき	2
しげひと	2
しょういちろう	3
しょうごろう	1
しんいちろう	3
しんぢろう	1
じいちろう	2
じろうまさ	2
じんぱち	0
すけただ	2
たいちろう	2
たきじ	1
たけあき	2
ただこ	1
ただつな	2
ただゆき	2
たねお	0
つねきよ	2
つねひろ	2
てこな	1
てつあき	2
としひこ	2
ともとし	2
とよちか	2
とらお	0
どうあん	1
どうてつ	1
どうよ	1
なおじろう	2
なおたろう	2
なせい	1
なつひこ	2
なりもり	2
なるし	1
のりひこ	2
のりもり	2
ひろむね	2
ぼくぞう	0
まさのぶ	2
まさひさ	2
まれすけ	2
もとあき	2
もとひこ	2
もろもり	2
もんざえもん	3
ゆういちろう	3
ゆきち	0
ゆりお	0
よしたろう	2
りゅういちろう	3
れいいちろう	3
あいいち	0
あいいちろう	3
あいきち	0
あいきつ	0
あいさく	0
あいざん	1
あいじつ	1
あいじろう	1
あいすけ	1
あいのすけ	0
あいはち	0
あいよし	1
あいれい	1
あおいまろ	3
あおし	1
あおひこ	2
あかはち	0
あかひと	2
あかまろ	0
あからひ	2
あきいえ	2
あきえ	0
あきおき	2
あきおみ	2
あきか	1
あきかげ	2
あきかた	2
あきかつ	2
あきかね	2
あききよ	2
あきくに	2
あきざね	2
あきしげ	2
あきじろう	2
あきすけ	2
あきずみ	2
あきぞう	0
あきたか	2
あきたけ	2
あきたね	2
あきたろう	2
あきちか	2
あきつぐ	2
あきつな	2
あきつね	2
あきなか	2
あきなり	2
あきのぶ	2
あきひら	2
あきふさ	2
あきまさ	2
あきみ	0
あきみつ	2
あきむら	2
あきゆき	2
あきより	2
あきろう	0
あぎょく	1
あくえつ	1
あくえもん	0
あくひこ	2
あけお	0
あこまろ	0
あさあき	2
あさかつ	3
あさかり	2
あさきち	0
あさじろう	2
あさぞう	0
あさただ	2
あさたろう	2
あさつな	2
あさのすけ	0
あさひこ	2
あさひまる	3
あさひら	2
あさひろ	2
あさへい	0
あさほ	1
あさめ	0
あさよ	0
あざまろ	0
あしへい	1
あじこ	1
あじへい	0
あじょう	1
あずまお	3
あずまひと	3
あずまびと	3
あずままろ	3
あぜんぼう	2
あそじろう	2
あたいつか	2
あたいひた	2
あだきち	0
あだきっ	0
あつあき	2
あつあきら	3
あついえ	2
あつえ	0
あつしげ	2
あつたか	2
あつただ	2
あつたね	2
あつつぐ	2
あつと	1
あつとし	2
あつとみ	2
あつとも	2
あつなお	2
あつなが	2
あつなり	2
あつのすけ	0
あつのぶ	2
あつのり	2
あつひこ	2
あつひと	2
あつひら	2
あつふさ	2
あつまさ	2
あつまろ	0
あつみち	2
あつむ	0
あつもと	2
あつや	1
あつやす	2
あつゆき	2
あつよし	2
あつより	2
あつろう	0
あとお	0
あとり	1
あひょう	1
あぼき	1
あみさ	1
あみな	1
あやお	0
あやぎ	1
あやさぶろう	3
あやたか	2
あやたり	2
あやたろう	2
あやつぐ	2
あやとし	2
あやひ	1
あやまろ	0
あゆこ	1
あらしのすけ	0
あらすけ	2
あらたろう	2
あらてこ	0
ありいえ	2
ありおさ	2
ありかず	2
ありかた	2
ありかつ	2
ありきよ	0
ありくに	2
ありしげ	2
ありつな	2
ありつね	2
ありな	1
ありのぶ	2
ありのり	2
ありひと	2
ありひら	2
ありひろ	2
ありふさ	2
ありまさ	2
ありみ	0
ありみち	2
ありむね	2
ありよ	0
ありより	2
ありわか	2
あるな	1
あんがいどう	3
あんじん	1
あんてき	1
あんみ	0
あんらい	1
いあ	1
いいちろう	2
いいむし	1
いうえもん	0
いえかず	2
いえきよ	0
いえくに	2
いえこ	1
いえたか	2
いえただ	2
いえちか	2
いえつな	2
いえのぶ	2
いえはる	2
いえひさ	2
いえひら	2
いえひろ	2
いえもと	2
いうぇもん	0
いえもん	0
いえゆき	2
いかしほこ	3
いきこ	1
いきちろう	2
いきつ	1
いくう	1
いくえ	0
いくさぶろう	3
いくしげ	2
いくしょう	1
いくしろう	2
いくじろう	2
いくすけ	2
いくぞう	0
いくただ	2
いくたろう	2
いくと	1
いくとう	1
いくどう	1
いくのしん	3
いくのすけ	0
いくひこ	2
いくひさ	2
いくひろ	2
いくぶ	1
いくや	1
いくよう	1
いくろう	0
いけいさい	2
いけぬし	2
いけまろ	0
いげい	1
いこうさい	2
いさえ	0
いさこ	1
いさじ	1
いさだ	1
いさひこ	2
いざえもん	0
いしかわまろ	4
いしかわのまろ	5
いしたろう	2
いしち	0
いしのじょう	3
いしのすけ	0
いしまろ	0
いしろう	0
いじろう	0
いすけ	0
いずたろう	2
いずみこ	3
いせお	0
いせきこう	2
いせきち	0
いせじ	1
いせぞう	0
いせまつ	2
いそうじ	2
いそきち	0
いそすけ	2
いそた	1
いたろう	0
いちうえもん	0
いちぎく	2
いちごろう	2
いちさだ	2
いちすけ	2
いちのじょう	3
いちへい	0
いちよ	0
いっとうた	3
いつえ	0
いつおう	1
いつけん	1
いつぞう	0
いつばい	1
いつひこ	2
いつま	1
いでい	1
いとえ	0
いとじ	1
いなへい	0
いなまる	0
いなまろ	0
いなわか	2
いぬちよ	0
いぬひこ	2
いねい	1
いねじろう	2
いのきち	0
いのすけ	2
いへえ	1
いほ	1
いますけ	2
いままろ	0
いまろ	1
いみこ	1
いもさく	0
いやます	2
いよこ	1
いよぞう	0
いろぐ	1
いわがさ	0
いわくす	2
いわこ	1
いわご	1
いわごろう	2
いわさぶろう	3
いわしき	2
いわしま	2
いわじろう	2
いわぞう	0
いわたろう	2
いわとよ	2
いわひこ	2
いわひと	2
いんぎょく	1
いんさい	1
いんしゅく	1
いんじゅうろう	0
いんもく	1
ういこ	1
ういち	1
ういちろう	2
うえもん	0
うえもんすけ	3
うおたり	2
うきち	0
うきちろう	2
うきょうのしん	4
うきょうのすけ	0
うぎょく	1
うげんた	2
うさぶろう	2
うざえもん	0
うしかい	0
うしきち	0
うしさぶろう	3
うしじ	1
うしじろう	2
うしすけ	2
うしぞう	0
うしたろう	2
うしち	0
うしのすけ	0
うしまつ	2
うしまろ	0
うしもろい	3
うしゃく	1
うしろう	0
うじかつ	2
うじかね	2
うじきよ	2
うじくに	2
うじさと	2
うじざね	2
うじしげ	2
うじたか	2
うじちか	2
うじつな	2
うじつね	2
うじてる	2
うじとも	2
うじなお	2
うじのり	2
うじひさ	2
うじひら	2
うじひろ	2
うじまさ	2
うじみつ	2
うじやす	2
うじゆき	2
うじより	2
うすけ	0
うすらい	1
うずひこ	2
うたえもん	0
うたお	0
うたぎ	1
うたくに	2
うたし	1
うたじ	1
うたぞう	0
うたのすけ	0
うたひこ	2
うたやっこ	3
うたよ	1
うたろう	0
うちとお	2
うちひこ	2
うちまろ	0
うちみつ	2
うつこ	1
うとうし	2
うとひさ	2
うのきち	0
うのすけ	2
うのまつ	2
うはち	0
うへい	1
うへいた	2
うほん	1
うまたろう	2
うまのじょう	3
うまのすけ	0
うみお	0
うみへい	0
うめこ	1
うめじ	1
うめじろう	2
うめぞう	0
うめたろう	2
うめだんじ	3
うめとみ	2
うめのしん	3
うめのじょう	3
うめのすけ	0
うめまつ	2
うめよ	0
うらきち	0
うらたろう	2
うらみのすけ	0
うれお	0
うんきち	0
うんきょう	1
うんじ	1
うんじろう	1
うんぞう	0
うんたろう	1
うんはちろう	3
うんぱく	1
うんぺい	0
うんらい	1
えいいつ	1
えいえつ	1
えいお	0
えいかつ	1
えいきち	0
えいきょく	1
えいぎ	1
えいぎょく	1
えいくん	1
えいごろう	1
えいさぶろう	3
えいざ	1
えいしち	0
えいしゅく	1
えいしろう	0
えいじゅ	1
えいじゅうろう	0
えいじゅん	1
えいじろう	1
えいそん	1
えいたい	1
えいたか	1
えいたく	1
えいとん	1
えいのすけ	0
えいはく	1
えいはち	0
えいまつ	1
えうん	1
えかい	1
えきげん	1
えきさい	1
えきさん	1
えきぜん	1
えきどう	1
えきひで	2
えくこ	1
えくみ	0
えけい	1
えちこ	1
えついちろう	3
えつお	0
えつさぶろう	3
えつし	1
えつじ	1
えつじろう	2
えつじん	1
えつぞう	0
えつたろう	2
えつどう	1
えつよ	0
えつろう	0
えどべえ	1
えなこ	1
えひと	1
えびぞう	0
えびまる	0
えまり	1
えみか	1
えみさぶろう	3
えみたろう	2
えみの	1
えみは	1
えみゆき	2
えみよ	0
えもさく	0
えもんのすけ	0
えよいち	2
えりし	1
えりの	1
えんいち	0
えんきち	0
えんぎょ	1
えんごろう	1
えんざぶろう	3
えんしろう	0
えんじゃく	1
えんじろう	1
えんすけ	1
えんたろう	0
えんのすけ	0
えんばい	1
えんりょう	1
おいたろう	0
おいわ	2
おうかんし	3
おうきん	1
おうぎょ	1
おうしち	0
おうしょ	1
おうすけ	1
おうたろう	0
おうてつ	1
おうとうし	3
おうひこ	1
おうほく	1
おうも	1
おおいぬまろ	4
おおいのすけ	0
おおじまろ	3
おおたり	1
おおつら	0
おおひで	1
おおまろ	0
おおみつる	3
おかえもん	0
おかとも	2
おかまろ	0
おきあき	2
おきかぜ	2
おきかつ	2
おきく	2
おきさだ	2
おきつぐ	2
おきつね	2
おきと	1
おきとも	2
おきぬ	2
おきのり	2
おきはる	2
おきまつ	2
おきよし	2
おくえもん	0
おくさだ	2
おくそ	1
おくのじょう	3
おぐろまろ	3
おさい	2
おさち	1
おさひと	2
おさみつ	2
おさゆき	2
おしすけ	2
おしひと	2
おしも	2
おしゅん	2
おしゆみ	2
おたるみ	2
おつえい	1
おつぎまる	3
おつぐ	1
おつせい	1
おつな	2
おつね	2
おづぬ	1
おづの	1
おてつ	2
おといち	2
おといちろう	3
おとお	0
おとがみおとめ	6
おときち	0
おとごろう	2
おとさく	0
おとさぶろう	3
おとざえもん	3
おとじ	1
おとじろう	2
おとすけ	2
おとぞう	0
おとただ	2
おとたろう	2
おとね	2
おとはる	2
おとひと	2
おとまつ	2
おとまる	0
おとまろ	0
おとむろ	0
おとやっこ	3
おにえもん	0
おにくもひこ	4
おにさぶろう	3
おにたろう	2
おにつら	2
おにひこ	2
おにろく	0
おのきち	0
おのさぶろう	3
おのたろう	2
おはる	2
おひも	2
おべんまる	2
おまさ	2
おまろ	1
おまろきだ	3
おみお	0
おみまろ	0
おむろ	1
おめぞう	0
おりさ	1
おりな	1
おりのすけ	0
おりべのじょう	4
おりま	1
おろちまろ	3
おんじょ	1
おんそん	1
かいいちろう	3
かいすけ	1
かいたろう	0
かいちろう	2
かえこ	1
かえもん	0
かおこ	1
かおりこ	3
かきえもん	0
かきち	0
かきもり	2
かくいち	2
かくえもん	0
かくきょせい	3
かくこ	1
かくごろう	2
かくさぶろう	3
かくざえもん	3
かくじろう	2
かくすけ	2
かくぞう	0
かくたろう	2
かくのしん	3
かくのじょう	3
かくのすけ	0
かくや	1
かげあき	2
かげかた	2
かげかつ	2
かげきよ	0
かげくに	2
かげすけ	2
かげずみ	2
かげたか	2
かげただ	2
かげちか	2
かげつな	2
かげつら	2
かげとう	2
かげとし	2
かげとら	2
かげなか	2
かげなが	2
かげのぶ	2
かげのり	2
かげはる	2
かげひさ	2
かげひろ	2
かげまさ	2
かげみち	2
かげみつ	2
かげむね	2
かげむら	2
かげもち	2
かげもと	2
かげやす	2
かげゆき	2
かげよし	2
かげより	2
かごろう	0
かさぶろう	2
かしえもん	0
かしゅん	1
かしろう	0
かじこ	1
かじのすけ	0
かじゅうろう	0
かじろう	0
かすけ	0
かすぞう	0
かずいちろう	3
かずえもん	0
かずかつ	2
かずため	2
かずたろう	2
かずのしん	3
かずのすけ	0
かずは	1
かずへい	0
かせんどう	2
かたたか	2
かたのぶ	2
かたひで	2
かたひろ	2
かたもり	2
かだゆう	2
かちこ	1
かっぺい	0
かついえ	2
かついち	2
かつえもん	0
かつおみ	2
かつかね	2
かつきち	0
かつきよ	2
かつくに	2
かつごろう	2
かつさだ	2
かつさぶろう	3
かつし	1
かつしげ	2
かつしこ	2
かつしろう	2
かつじろう	2
かつすけ	2
かつずみ	2
かつぞう	0
かつたか	2
かつたろう	2
かつつぐ	2
かつとう	1
かつとうじ	3
かつとみ	2
かつとも	2
かつなり	2
かつのしん	3
かつのじょう	3
かつのすけ	0
かつのぶ	2
かつはち	0
かつはる	2
かつひで	2
かつひろ	2
かつふさ	2
かつふみ	2
かつぶん	1
かつへい	0
かつまさ	2
かつまろ	0
かつみつ	2
かつむね	2
かつもち	2
かつもり	2
かつより	2
かつり	1
かつろう	0
かつろく	2
かどのじょう	3
かなおか	0
かにきち	0
かねあき	2
かねあきら	3
かねいえ	2
かねかず	2
かねかた	2
かねごろう	2
かねさだ	2
かねじ	1
かねすえ	2
かねすけ	2
かねぞう	0
かねただ	2
かねたね	2
かねたろう	2
かねつぐ	2
かねとお	2
かねとき	2
かねなつ	2
かねのぶ	2
かねはち	0
かねひで	2
かねひろ	2
かねふさ	2
かねぶみ	2
かねみぎ	2
かねみち	2
かねもり	2
かねより	2
かねら	1
かのすけ	0
かぶじろう	2
かへいじ	2
かへいた	2
かほこ	1
かまこ	1
かまたろう	2
かめいち	2
かめえもん	0
かめこ	1
かめごろう	2
かめさぶろう	3
かめじゅ	1
かめじろう	2
かめすけ	2
かめぞう	0
かめたろう	2
かめちよ	0
かめと	1
かめのじょう	3
かめのすけ	0
かめまつ	2
かめみつ	2
かめやた	2
かめよ	0
かもたろう	2
かもつぐ	2
かやこ	1
かよみ	1
かるほ	1
かわつぐ	2
かわひと	2
かんいちろう	3
かんいんちり	3
かんえもん	1
かんきち	0
かんくろう	0
かんざえもん	3
かんしえ	1
かんしゅん	1
かんじろう	1
かんすけ	1
かんたけ	1
かんたろう	0
かんのじょう	3
かんのすけ	0
かんや	1
かんりゅうさい	3
かんろくろう	0
かーくい	1
がいりゅう	1
がくけん	1
がくしゅ	1
がくぞう	1
がくたろう	2
がくねい	1
がくのすけ	0
がくほ	1
がじゅう	1
がだ	1
がばい	1
がんあみ	0
がんえい	1
がんけつ	1
がんごろう	1
がんじろう	1
がんたろう	0
がんてつ	1
がんのすけ	0
がんはく	1
がんぱち	0
がんひょう	1
がんほう	1
きいこ	1
きいちろう	2
きうえもん	0
きえこ	1
きかこ	1
きぎょく	1
きぎん	1
きくいちろう	3
きくう	1
きくおう	2
きくこう	1
きくごろう	2
きくさぶろう	3
きくしろう	2
きくじ	1
きくじろう	2
きくすいまる	3
きくせん	1
きくぞう	0
きくたろう	2
きくちよ	0
きくなえ	2
きくのじょう	3
きくのすけ	0
きくはる	2
きくひと	2
きくへい	0
きくべえ	1
きくまつ	2
きくまる	0
きくみ	0
きくろー	0
きさこ	1
きさじ	1
きさんじ	2
きざえもん	0
きしち	0
きしちろう	2
きしろう	0
きじまる	0
きじゅうろう	0
きじろう	0
きせこ	1
きそうじ	2
きそたろう	2
きその	1
きたしひめ	3
きたじ	1
きたはち	0
きたまろ	0
きちえ	0
きちごろう	2
きちざえもん	3
きちしろう	0
きちじゅうろう	0
きちじろう	2
きちすけ	2
きちぞう	0
きちない	2
きちのしん	3
きちのじょう	3
きちへい	0
きちべえ	1
きちまつ	2
きちよ	0
きちろく	2
きっしゅう	1
きっそん	1
きっちょむ	1
きっぺい	0
きつあん	1
きついん	2
きつさく	0
きつさぶろう	3
きつどう	1
きつの	1
きつよ	0
きてつ	1
きとくろう	2
きどうまる	2
きぬお	0
きぬか	1
きぬめ	0
きぬよ	0
きねお	0
きねたろう	2
きのすけ	2
きはちろう	2
きはる	0
きへいじ	2
きへいた	2
きみあき	2
きみか	1
きみじ	1
きみたけ	2
きみたり	2
きみちか	2
きみとき	2
きみとし	2
きみとも	2
きみなが	2
きみのぶ	2
きみのり	2
きみひさ	2
きみやす	1
きみゆき	2
きみよし	2
きゅういち	0
きゅうぐ	1
きゅうごろう	1
きゅうさぶろう	3
きゅうざえもん	3
きゅうしち	1
きゅうしろう	0
きゅうじろう	1
きゅうすけ	1
きゅうだゆう	1
きゅうのすけ	0
きゅうはち	0
きゅうはちろう	3
きゅうや	1
きょいつ	1
きょういち	0
きょういちろう	3
きょうえ	1
きょうきち	0
きょうごろう	1
きょうごん	1
きょうざぶろう	3
きょうざん	1
きょうしろう	0
きょうじろう	1
きょうすけ	1
きょうた	1
きょうたえ	1
きょうたろう	0
きょうのすけ	0
きょうびん	1
きょうもく	1
きょうらい	1
きょうん	1
きょくなん	1
きょくわ	1
きょたろう	0
きょめいゆう	2
きょらい	1
きょりく	1
きよあき	2
きよいこ	2
きようじ	2
きよお	0
きよおき	2
きよおみ	2
きよか	1
きよかげ	2
きよかぜ	2
きよかた	2
きよかつ	2
きよかど	2
きよくに	2
きよさだ	2
きよじ	1
きよすえ	2
きよすけ	2
きよぞう	0
きよたか	2
きよただ	2
きよたね	2
きよたみ	2
きよたり	2
きよたろう	2
きよちか	2
きよつぐ	2
きよつな	2
きよつね	2
きよつら	2
きよとし	2
きよとも	0
きよとら	0
きよのぶ	2
きよのり	2
きよひさ	2
きよひで	2
きよひと	2
きよひら	2
きよふさ	2
きよふみ	2
きよまる	0
きよまろ	0
きよみち	2
きよみつ	2
きよもん	2
きよやす	2
きよよし	2
きらくだろう	0
きらはまる	3
きりあき	2
きりたろう	2
きりよ	0
きわお	0
きわこ	1
きんいちろう	3
きんいと	1
きんえだ	1
きんかず	1
きんかた	1
きんかね	1
きんきち	0
きんきちろう	3
きんごろう	1
きんざえもん	3
きんざね	1
きんざぶろう	3
きんしち	0
きんしちろう	4
きんすえ	1
きんすけ	1
きんぞう	0
きんた	1
きんつぐ	1
きんつな	1
きんつね	1
きんてる	1
きんとみ	1
きんとも	1
きんどう	1
きんなり	1
きんなる	1
きんのしん	3
きんのじょう	3
きんのすけ	0
きんのぶ	1
きんはく	1
きんぱちろう	3
きんひさ	1
きんひで	1
きんべえ	1
きんむつ	1
きんもち	1
きんゆき	1
きんよし	1
きんより	1
きんら	1
ぎいちろう	2
ぎざえもん	0
ぎしろう	0
ぎすけ	0
ぎたろう	0
ぎのすけ	2
ぎはち	0
ぎへえ	1
ぎみょう	1
ぎゅういち	0
ぎゅうたろう	0
ぎゅうはん	1
ぎょうげつ	1
ぎょうすけ	1
ぎょうた	1
ぎょうのう	1
ぎょうふう	1
ぎょくあい	1
ぎょくかん	1
ぎょくきん	1
ぎょくけい	1
ぎょくしゅうさい	3
ぎょくちょう	1
ぎょくどう	1
ぎょくふく	1
ぎょくめい	1
ぎょくらん	1
ぎょくれい	1
ぎょしゅん	1
ぎょふう	1
ぎんえつ	1
ぎんえもん	0
ぎんげつ	1
ぎんごろう	1
ぎんさく	0
ぎんさぶろう	3
ぎんざぶろう	0
ぎんしゅう	1
ぎんじろう	1
ぎんぞう	0
ぎんたろう	0
ぎんとき	1
ぎんなんし	3
ぎんのじょう	3
ぎんへい	1
ぎんべえ	1
ぎんぺい	0
ぎんや	1
ぎんりょう	1
くうげ	1
くがお	0
くさかえ	0
くさのじょう	3
くさまる	0
くすお	0
くすや	1
くすやた	2
くすろう	0
くずひこ	2
くつざん	1
くつま	1
くにあき	2
くにおみ	2
くにかず	2
くにかつ	2
くにきち	0
くにさ	1
くにさぶろう	3
くにしろう	2
くにじろう	2
くにすけ	2
くにぞう	0
くにたか	2
くにただ	2
くにたつ	2
くにたね	2
くにたろう	2
くにちか	2
くにちよ	0
くにつぐ	2
くにつな	2
くにてる	2
くにとし	2
くになお	2
くにのすけ	0
くにはる	2
くにひさ	2
くにひで	2
くにひと	2
くにへい	0
くにみち	2
くにむね	2
くにゆき	2
くにより	2
くひょん	1
くぶつ	1
くまいちろう	3
くまお	0
くまきち	0
くまさぶろう	3
くまじ	1
くまじろう	2
くまぞう	0
くまたり	2
くまたろう	2
くまのじょう	3
くまひこ	2
くまわかまる	4
くみか	1
くみよ	0
くめお	0
くめきち	0
くめこ	1
くめごろう	2
くめさぶろう	3
くめしろう	0
くめじ	1
くめたろう	2
くめつぐ	2
くめのしん	3
くめのすけ	0
くもえ	1
くもえもん	0
くらいち	2
くらお	0
くらかず	2
くらかた	2
くらきち	0
くらこ	1
くらじ	1
くらじろう	2
くらたろう	2
くらつぐ	2
くらはしまろ	4
くらへい	0
くらまつ	2
くらんどすけ	4
くろぬし	2
くろまさ	2
くわさぶろう	3
くわしほこ	3
くわたろう	2
くんいち	0
くんげん	1
くんごろう	1
くんじつ	1
くんぞう	0
くんた	1
くんべん	1
くんぺい	0
ぐこく	1
ぐてつ	1
ぐりゅう	1
ぐんいち	0
ぐんじろう	1
ぐんたろう	0
ぐんのすけ	0
ぐんべえ	1
けいきち	0
けいぎょう	1
けいごろう	1
けいさぶろう	0
けいしち	0
けいしちろう	3
けいしろう	0
けいじゅつ	1
けいじょ	1
けいじろう	1
けいたつ	1
けいたろう	0
けいてつ	1
けいなん	1
けいのすけ	0
けいはちろう	3
けいや	1
けいらい	1
けいわ	1
けさあき	2
けさお	0
けさきち	0
けさじろう	3
けさぞう	0
けさてる	2
けさのすけ	0
けさまつ	2
けさみ	0
けさや	1
けさよし	2
けつえい	1
けつせい	1
けつりん	1
けんいろう	0
けんおうまる	3
けんかぼう	3
けんぎょく	1
けんごろう	1
けんざ	1
けんじゅうろう	0
けんじろう	1
けんのすけ	0
けんはく	1
けんぱち	0
けんひ	1
けんみ	0
けんみょう	1
けんや	1
けんれつ	1
げいたざえもん	4
げいたろう	0
げいぼう	1
げっせい	1
げつえい	1
げつしょう	1
げつじょう	1
げつせい	1
げつばい	1
げんいつ	1
げんえ	1
げんえつ	1
げんきち	0
げんきつ	1
げんくろう	0
げんごえもん	3
げんござえもん	4
げんごん	1
げんさつ	1
げんざえもん	3
げんざぶろう	3
げんしち	0
げんしちろう	3
げんしょうぼう	3
げんしんさい	3
げんじゅうろう	0
げんすけ	1
げんずい	1
げんたざえもん	4
げんたろう	0
げんだゆう	1
げんのしん	3
げんのじょう	3
げんはち	0
げんはちろう	3
げんばい	1
げんべえ	1
げんぽ	1
げんもく	1
げんよく	1
こいちろう	2
こいね	0
こいのすけ	0
こういちろ	3
こううろう	0
こううんさい	3
こうぎさい	1
こうぎゅう	1
こうごろう	1
こうざえもん	3
こうしかい	3
こうしちろう	3
こうしろう	0
こうぜい	0
こうだゆう	1
こうちよ	0
こうのしん	3
こうのじょう	3
こうはちろう	3
こうふうじょ	3
こうべえ	1
こうまろ	0
こうまん	1
こうわかまる	4
こえんう	2
こえんゆう	2
こおゆ	1
こくか	1
こくかん	1
こくきょう	1
こくくん	1
こくこう	2
こくすけ	2
こくずい	1
こくたろう	2
こげんた	2
ここな	1
ここね	0
ここみ	0
こごうの	0
こさきち	0
こさぶろう	2
こさみ	1
こさんざ	2
こさんじ	2
こしょし	1
こしろう	0
こじゅうろう	2
こだゆう	2
こだんじ	2
こちゅうた	2
こちょうこ	2
こつかん	1
こつじゅつ	1
ことこ	1
ことじ	1
ことすが	2
ことただ	2
こととめ	0
ことぬし	2
ことね	0
ことみ	0
ことみち	2
ことよ	0
こなんじ	2
こなんりょう	2
このか	1
このしろ	0
このな	1
こはちろう	2
こひな	1
こふみ	0
こぶんご	2
こぶんざ	2
こぶんじ	2
こへいた	2
こべいちょう	2
こまお	0
こまおうまる	3
こまきち	0
こまじろう	2
こますけ	2
こまぞう	0
こまたろう	2
こまのすけ	0
こまひる	2
こまろ	1
こゆうざ	2
こりゅうさい	2
これお	0
これかぜ	2
これさだ	2
これざね	2
これすえ	2
これたか	2
これただ	2
これたる	2
これちか	2
これつね	2
これとう	2
これとき	2
これなお	2
これなか	2
これなり	2
これのぶ	2
これのり	2
これひさ	2
これひと	2
これひら	2
これひろ	2
これふさ	2
これまさ	2
これまろ	0
これみ	1
これみち	2
これみつ	2
これむら	2
これもち	2
これもと	2
これもり	2
これや	1
これやす	2
これゆき	2
これよし	2
こわみね	2
こわむね	2
こんいち	0
ごうあん	1
ごういち	0
ごうえもん	1
ごうきち	0
ごうさい	1
ごうじろう	1
ごうすけ	1
ごうぞう	0
ごうたろう	0
ごうはち	0
ごうへい	0
ごぎょう	1
ごげつ	1
ごさぶろう	2
ごすけ	0
ごちく	1
ごゆう	1
ごんごろう	1
ごんざぇもん	3
ごんざえもん	3
ごんざぶろう	0
ごんしち	0
ごんじろう	1
ごんすい	1
ごんだゆう	1
ごんのすけ	0
ごんぱち	0
ごんろく	1
さいいちろう	3
さいぎく	1
さいぎん	1
さいさぶろう	3
さいじろう	1
さいすけ	1
さいずい	1
さいたろう	2
さいたら	0
さいちろう	2
さいのすけ	0
さいはちろう	3
さいば	1
さいべえ	1
さいまろ	0
さえは	1
さえもんのじょう	5
さかいち	2
ざかや	0
さきえ	0
さきお	0
さきか	1
さきたろう	2
さきち	0
さきつぐ	2
さきな	1
さきひさ	2
さきみつ	2
さきよ	0
さぎえ	0
さぎり	1
さくいち	2
さくえもん	0
さくかず	2
さくこ	1
さくごろう	2
さくさぶろう	3
さくさべ	2
さくざえもん	3
さくじろう	2
さくすけ	2
さくぞう	0
さくたろう	2
さくでん	1
さくのしん	3
さくのじょう	3
さくのすけ	0
さくべえ	1
さくむ	1
さくらこ	3
さくらまる	3
さくろう	0
さげんじ	2
さげんた	2
さごへい	0
さごろう	0
ささきち	0
さざえもん	0
さしち	0
さしなみ	0
さしろう	0
さじえもん	0
さじすけ	2
さじへえ	0
さじろう	0
させお	0
さたろう	0
さだあき	2
さだあつ	2
さだいさ	2
さだいち	2
さだいちろう	3
さだうじ	2
さだえい	2
さだえもん	0
さだおき	2
さだかげ	2
さだかず	2
さだかつ	2
さだき	1
さだきち	0
さだきよ	2
さだざね	2
さだしげ	2
さだしろう	2
さだじ	1
さだじろう	2
さだすけ	2
さだすみ	2
さだぞう	0
さだたか	2
さだたけ	2
さだただ	2
さだたね	2
さだたろう	2
さだちか	2
さだつぐ	2
さだつな	2
さだつね	2
さだとう	2
さだとき	2
さだとら	0
さだなお	2
さだのしん	3
さだのすけ	0
さだのり	2
さだはち	0
さだひこ	2
さだひさ	2
さだひで	2
さだひと	2
さだふさ	2
さだふみ	2
さだへい	0
さだまさ	2
さだます	2
さだみ	0
さだみち	2
さだむね	2
さだむろ	0
さだやす	2
さだゆき	2
さだよ	0
さだより	2
さだんじ	2
さちあき	2
さちじ	1
さちゅうじ	2
さちよ	0
さつお	0
さつじ	1
さでひこ	2
さといえ	2
さとじろう	2
さとたか	2
さとはる	2
さとひこ	2
さとやす	2
さとよ	0
さなこ	1
さなみ	0
さにか	1
さねあきら	3
さねあつ	2
さねえだ	1
さねおみ	2
さねかた	2
さねかど	2
さねかね	2
さねさだ	2
さねしげ	2
さねすえ	2
さねすけ	2
さねずみ	2
さねたか	2
さねたけ	2
さねただ	2
さねちか	2
さねつな	2
さねつね	2
さねつむ	2
さねとし	2
さねとみ	2
さねなり	2
さねなる	2
さねのぶ	2
さねのり	2
さねはる	2
さねひこ	2
さねひら	2
さねひろ	2
さねふさ	2
さねまさ	2
さねみつ	2
さねもち	2
さねもと	2
さねもり	2
さねやす	2
さのすけ	0
さはちろう	2
さへい	1
さへいじ	2
さへえ	1
さほこ	1
さまのじょう	3
さまのすけ	0
さみお	0
さみこ	1
さみたろう	2
さみろう	0
さもじろう	2
さやき	1
さやこ	1
さゆき	0
さゆみ	0
さゆる	0
さよしろう	2
さよじ	1
さるお	0
さるすけ	2
さるつぐ	2
さるのしん	3
さわえもん	0
さわお	0
さわこ	1
さわのしん	3
さんざぶろう	0
さんへい	1
ざいてつ	1
ざんうん	1
しいち	1
しうる	1
しうん	1
しえこ	1
しおこ	1
しおね	0
しかこ	1
しかじ	1
しかぞう	0
しかのすけ	0
しがのすけ	0
しきこ	1
しきひと	2
しきまつ	2
しぎょく	1
しげあや	2
しげいち	2
しげいちろう	3
しげうじ	2
しげか	1
しげかげ	2
しげかず	2
しげかた	2
しげかつ	2
しげかど	2
しげきち	0
しげくに	2
しげこと	2
しげさく	0
しげさだ	2
しげさぶろう	3
しげざ	1
しげざえもん	3
しげざね	2
しげし	1
しげじ	1
しげじろう	2
しげすけ	2
しげたか	2
しげたけ	2
しげたつ	2
しげたね	2
しげたみ	2
しげたろう	2
しげだゆう	3
しげちか	2
しげちよ	0
しげつぐ	2
しげつな	2
しげつね	2
しげつら	2
しげと	1
しげとお	2
しげとき	2
しげとく	2
しげとみ	2
しげなり	2
しげね	1
しげのすけ	0
しげのり	2
しげはち	0
しげひで	2
しげひろ	2
しげふさ	2
しげぶみ	2
しげほ	1
しげまさ	2
しげまる	0
しげみち	2
しげむね	2
しげや	1
しげやす	2
しげよ	0
しげより	2
しげろう	0
しこぶ	1
しこふち	2
ししまる	0
ししろう	0
しじゃく	1
しずかた	2
しずてる	2
しずのすけ	0
しずひこ	2
しずま	1
しずや	1
しづよ	0
しずよ	0
したつ	1
しつほう	1
しづじ	1
しどうけん	2
しねい	1
しのこ	1
しのすけ	0
しばく	1
しばさぶろう	3
しばじゃく	2
しばのえん	3
しほこ	1
しまたり	2
しまのじょう	3
しまのすけ	0
しままろ	0
しみお	0
しみこ	1
しめこ	1
しめたろう	2
しゃおろん	1
しゃくざん	1
しゃくそう	1
しゅいち	1
しゅいちろう	2
しゅうえつ	1
しゅうおうし	3
しゅうきち	0
しゅうきちろう	3
しゅうご	1
しゅうじろう	1
しゅうすけ	1
しゅうた	1
しゅうたろう	0
しゅうはく	1
しゅうはち	0
しゅうふうじん	3
しゅうべえ	1
しゅうま	1
しゅくが	1
しゅくき	1
しゅくぎょく	1
しゅくど	1
しゅくばい	2
しゅくひ	1
しゅくらい	2
しゅりのすけ	0
しゅんいちろう	3
しゅんいつ	0
しゅんうん	1
しゅんえつ	1
しゅんがい	1
しゅんがん	1
しゅんきち	0
しゅんきょう	1
しゅんきん	1
しゅんぎょうさい	3
しゅんげつ	1
しゅんこ	1
しゅんご	1
しゅんごく	1
しゅんごろう	1
しゅんざぶろう	0
しゅんしょ	1
しゅんしん	1
しゅんじろう	1
しゅんすい	1
しゅんそう	1
しゅんぞう	1
しゅんた	1
しゅんたつ	1
しゅんたろう	0
しゅんだい	1
しゅんちょうさい	3
しゅんなん	1
しゅんのすけ	0
しゅんぺい	0
しゅんぽ	1
しゅんぽう	1
しゅんむ	1
しゅんや	1
しゅんろう	1
しゅんろく	0
しょうえつ	1
しょうえもん	0
しょうきち	0
しょうきちろう	3
しょうぎく	1
しょうぎょ	1
しょうぎょく	1
しょうくろう	0
しょうさぶろう	3
しょうざえもん	3
しょうしち	0
しょうしちろう	3
しょうしろう	0
しょうじろう	1
しょうすけ	1
しょうたつ	1
しょうてつ	1
しょうのしん	3
しょうのすけ	0
しょうはち	0
しょうはちろう	3
しょうぶえん	3
しょうべえ	1
しょうまき	1
しようせい	2
しらうら	2
しらぎくまる	4
しらさ	1
しろひこ	2
しんう	1
しんえもん	0
しんぎょく	1
しんくま	0
しんこま	0
しんござえもん	4
しんごろう	1
しんざ	1
しんざえもん	3
しんしち	0
しんしちろう	3
しんしろう	0
しんじゅうろう	0
しんとくまる	4
しんのじょう	3
しんぱち	0
しんぱちろう	3
しんべえ	1
しんろく	0
しんろくろう	3
じえもん	0
じきち	0
じざえもん	0
じしろう	0
じたろう	0
じだゆう	2
じっきゅう	1
じつお	0
じつこん	1
じつしゅう	1
じつしん	1
じつたろう	2
じつろう	0
じびん	1
じゃくえもん	0
じゃくすい	1
じゃくそう	1
じゃくちゅう	1
じゃくちょう	1
じゃくぼう	1
じゃくよう	1
じゃくろう	1
じゃまに	1
じゅういちろう	3
じゅうくん	1
じゅうごろう	1
じゅうさく	0
じゅうしろう	0
じゅうたつ	1
じゅうてつ	1
じゅうや	1
じゅうれい	1
じゅさぶろう	2
じゅしちろう	0
じゅじん	1
じゅそん	1
じゅたろう	0
じゅちん	1
じゅっさい	1
じゅった	1
じゅてい	1
じゅのすけ	0
じゅぶん	1
じゅへい	1
じゅりや	1
じゅろう	1
じゅんかく	1
じゅんが	1
じゅんきち	0
じゅんご	1
じゅんざぶろう	3
じゅんしろう	0
じゅんじろう	1
じゅんすけ	1
じゅんたい	1
じゅんたつ	1
じゅんたろう	0
じゅんちゅう	1
じゅんの	1
じゅんのすけ	0
じゅんはつ	1
じゅんぺい	0
じゅんほう	1
じゅんろう	0
じょいち	1
じょういちろう	3
じょうざえもん	3
じょうすけ	1
じょうたろう	0
じょうのすけ	0
じょうふう	1
じょかつ	1
じょぎょう	1
じょさく	0
じょさぶろう	2
じょしゅん	1
じょでん	1
じょはな	1
じょんぴる	1
じろうえもん	4
じろうしん	2
じろきち	0
じろさく	0
じろすけ	2
じろちょう	0
じろべえ	1
じんいち	0
じんいちろう	3
じんえ	1
じんえもん	0
じんきち	0
じんくろう	0
じんござえもん	4
じんごべえ	3
じんごろう	1
じんざ	1
じんざえもん	3
じんざえもんのじょう	7
じんざぶろう	0
じんしち	0
じんしちろう	3
じんしゅく	1
じんしろう	0
じんじろう	0
じんすけ	1
じんたろう	0
じんだゆう	3
じんほ	1
すいいちろ	3
すいいちろう	3
すいこく	1
すうおう	3
すうかん	1
すうげん	1
すうでん	1
すえかた	2
すえさぶろう	3
すえじ	1
すえじろう	2
すえぞう	0
すえたけ	2
すえたろう	2
すえとも	2
すえのぶ	2
すえはる	2
すえひこ	2
すえひさ	2
すえみち	2
すえゆき	2
すがね	1
すきお	0
すぎこ	1
すぎさく	0
すぎたか	2
すくなまろ	3
すぐえもん	0
すけいち	2
すけうえもん	0
すけえもん	0
すけお	0
すけかげ	2
すけきよ	0
すけくに	2
すけくろう	2
すけごろう	2
すけさく	0
すけさぶろう	3
すけざえもん	3
すけじ	1
すけじゅうろう	0
すけすえ	2
すけぞう	0
すけたか	2
すけたけ	2
すけたね	2
すけたろう	2
すけちか	2
すけつね	2
すけとき	2
すけとし	2
すけとも	0
すけなが	2
すけのしん	0
すけのじょう	3
すけのぶ	2
すけはる	2
すけひこ	2
すけひさ	2
すけひで	2
すけひと	2
すけひら	2
すけひろ	2
すけふさ	2
すけまさ	2
すけます	2
すけまろ	0
すけみ	0
すけみつ	2
すけむね	2
すけもと	2
すけもり	2
すけや	1
すけやす	2
すけゆき	2
すけよし	2
すけより	2
すしこ	1
すじたろう	2
すじゃく	1
すじゅう	1
すずお	0
すずのすけ	0
すずひこ	2
すずほ	1
すずよ	0
すずれ	0
すていち	2
すてお	0
すてきち	0
すてこ	1
すてじろう	2
すてぞう	0
すてまつ	2
すなきち	0
すなこ	1
すねえもん	0
すみお	0
すみたか	2
すみただ	2
すみはる	2
すみひこ	2
すみひで	2
すみまさ	2
すみもと	2
すみゆき	2
すみよ	0
すわこ	1
ずいきょう	1
ずいけん	1
ずいざん	1
ずいびん	1
ずしおうまる	3
ずっぽうさい	3
せいえもん	0
せいきよ	1
せいきろう	0
せいくろう	0
せいごろう	1
せいさぶろう	3
せいざえもん	3
せいざぶろう	3
せいしち	0
せいじゅうろう	0
せいじろう	1
せいすけ	1
せいせんすい	3
せいたろう	0
せいだゆう	3
きよのしん	3
せいのしん	3
せいのすけ	0
せいはちろう	3
せいべえ	1
せいろく	0
せいわん	1
せきあん	1
せききん	1
せきくん	1
せきしゅうさい	3
せきじゃく	2
せきじょ	1
せきすけ	2
せきたろう	2
せきちょう	1
せきなり	2
せきなん	1
せきべえ	1
せぎょく	1
せぎよ	0
せざ	1
せっこうさい	3
せつお	0
せつじん	1
せつすい	1
せつたい	1
せつたん	1
せつみ	0
せつろう	0
せべえ	1
せみこ	1
せりや	1
せんいち	0
せんいちろう	3
せんえもん	1
せんきつ	1
せんじゅうろう	0
せんすけ	1
せんねい	1
せんふ	1
せんへい	1
せんまつ	1
せんまる	0
せんらい	1
せんりゅうさい	3
せんろく	1
ぜいがん	1
ぜにごろう	2
ぜんあん	1
ぜんいち	0
ぜんいちろう	3
ぜんきち	0
ぜんごろう	0
ぜんざえもん	3
ぜんざぶろう	3
ぜんしち	0
ぜんしちろう	3
ぜんしょうぼう	3
ぜんじどう	3
ぜんじゅ	1
ぜんじゅぼう	3
ぜんじろう	1
ぜんすけ	1
ぜんたろう	1
ぜんのじょう	3
ぜんのすけ	0
ぜんばい	1
ぜんり	1
ぜんろく	0
そいちろう	2
そういちろう	3
そうえもん	1
そうきち	0
そうぎく	1
そうくん	1
そうごろう	1
そうざえもん	3
そうざぶろう	0
そうしち	0
そうしろう	0
そうじゅうろう	0
そうじろう	1
そうすけ	1
そうずい	0
そうたろう	0
そうちん	1
そうのしん	3
そうのじょう	3
そうのすけ	0
そうはち	0
そうはちろう	3
そうへん	1
そうべえ	1
そうまる	1
そうまん	1
そうん	1
そえむ	1
そきん	1
そくけん	1
そくざん	1
そしゅん	1
そじんかん	2
そつひこ	2
そでこ	1
そとあき	2
そとえ	0
そとお	0
そときち	0
そとさぶろう	3
そとし	1
そとじ	1
そとじろう	2
そとひで	2
そとまつ	2
そとゆき	2
そとよし	2
そねい	1
そのえもん	0
そのか	1
そのじ	1
そのじょ	1
そのみ	0
そばい	1
そふう	1
そへい	1
そめか	1
そめきち	0
そめごろう	2
そめたろう	2
そめのすけ	0
そめは	1
そめはち	0
そらお	0
そんが	1
そんぎゅう	1
そんくん	1
そんちゅう	1
そんまん	1
ぞうさい	1
ぞうろく	1
ぞんぜん	1
たいいち	0
たいいちろう	3
たいげつ	1
たいしゅん	1
たいじろう	1
たいてつ	1
たいのしん	3
たいはちろう	3
たいめ	1
たいれつ	1
たうえもん	0
たえみ	0
たえもん	0
たかあつ	2
たかいえ	2
たかいちろう	3
たかうじ	2
たかうた	2
たかえ	0
たかおみ	2
たかかげ	2
たかかず	2
たかかた	2
たかかつ	2
たかかね	2
たかきこ	2
たかきち	0
たかきよ	2
たかくに	2
たかさだ	2
たかさぶろう	3
たかさまろ	3
たかじ	1
たかじょ	1
たかじろう	2
たかすえ	2
たかずみ	2
たかぞう	0
たかただ	2
たかたね	2
たかたろう	2
たかちか	2
たかつぐ	2
たかつね	2
たかつむ	2
たかてる	2
たかと	1
たかとし	2
たかとみ	2
たかとも	2
たかとよ	0
たかとら	2
たかなお	2
たかなが	2
たかのじょう	3
たかのすけ	0
たかのぶ	2
たかのり	2
たかひさ	2
たかふさ	2
たかほ	1
たかまろ	0
たかみち	2
たがのじょう	3
たきいちろう	3
たきじろう	2
たきぞう	0
たきたろう	2
たきちろう	2
たきと	1
たきのぶ	2
たきまろ	0
たきゆき	2
たきり	1
たくいち	2
たくお	0
たくきち	0
たくぎ	1
たくけん	1
たくこ	1
たくご	1
たくさぶろう	3
たくしゅ	1
たくしろう	2
たくじろう	2
たくたん	1
たくてい	1
たくのすけ	0
たくのぶ	2
たくよう	1
たけあきら	3
たけあつ	2
たけいちろう	3
たけえ	0
たけえもん	0
たけおみ	2
たけか	1
たけかつ	2
たけき	1
たけきち	0
たけくに	2
たけころ	0
たけごろう	2
たけさぶろう	3
たけしげ	2
たけしろう	2
たけじろう	2
たけすけ	2
たけたか	2
たけただ	2
たけたね	2
たけたろう	2
たけちまろ	3
たけちよ	0
たけつぐ	2
たけつな	2
たけつね	2
たけつら	2
たけと	1
たけとき	2
たけなつ	2
たけなり	2
たけのじょう	3
たけのすけ	0
たけひ	1
たけひで	2
たけひと	2
たけひろ	2
たけふみ	2
たけま	1
たけまる	0
たけまろ	0
たけゆき	2
たけよ	0
たけよし	2
たけろう	0
たけんど	2
たしち	0
たしろう	0
たじうえもん	0
たじゅうろう	0
たじょうまる	2
たすいまろ	3
たずこ	1
たずみ	0
たせき	0
たぞう	0
ただあき	2
ただあきら	3
ただあつ	2
ただいえ	2
ただえ	0
ただおき	2
ただおみ	2
ただかげ	2
ただかず	2
ただかた	2
ただかね	2
ただきみ	2
ただくに	2
たださだ	2
たださと	2
たださね	2
たださぶろう	3
ただしげ	2
ただしず	2
ただしち	0
ただじろう	2
ただずみ	2
ただたか	2
ただたけ	2
ただたつ	2
ただたね	2
ただちか	2
ただつね	2
ただてる	2
ただと	1
ただとき	2
ただとみ	2
ただとも	2
ただとよ	2
ただなお	2
ただなが	2
ただなり	2
ただぬし	2
ただはる	2
ただひこ	2
ただひさ	2
ただひで	2
ただひと	2
ただひろ	2
ただふさ	2
ただふみ	2
ただふゆ	2
ただぶん	2
ただます	2
ただまろ	0
ただみち	2
ただみつ	2
ただみね	2
ただむね	2
ただもと	2
ただやす	2
ただより	2
たつあき	2
たついち	2
たついちろう	3
たつおき	2
たつか	1
たつかず	2
たつくろう	2
たつごろう	2
たつさぶろう	3
たつし	1
たつしげ	2
たつじゅ	1
たつじろう	2
たつせい	1
たつたろう	2
たつと	1
たつとし	2
たつとも	2
たつのしん	3
たつのすけ	0
たつのぶ	2
たつのり	2
たつばく	2
たつひさ	2
たつひで	1
たつひろ	2
たつふみ	2
たつまさ	2
たつまる	0
たつまろ	0
たつみつ	2
たつみん	1
たつりゅう	1
たつりょう	1
たつろう	0
たつろく	0
たつわかまる	4
たづこ	1
たづる	0
たてお	0
たてひこ	2
たてみ	0
たなえ	0
たにえもん	0
たにこ	1
たねあき	2
たねあつ	2
たねいえ	2
たねおみ	2
たねかず	2
たねき	1
たねきよ	2
たねさだ	2
たねさぶろう	3
たねざね	2
たねしげ	2
たねじろう	2
たねすけ	2
たねたろう	2
たねつぐ	2
たねつな	2
たねとし	2
たねなが	2
たねのぶ	2
たねのり	2
たねひこ	2
たねひで	2
たねひら	2
たねみ	0
たねみち	2
たねみつ	2
たねむね	2
たねやす	2
たねゆき	2
たねよ	0
たのすけ	2
たひの	1
たまえい	2
たまか	1
たまきち	0
たまさぶろう	3
たまぞう	0
たまたろう	2
たまのすけ	0
たまも	1
たまゆき	2
たまろ	1
たみえ	0
たみき	1
たみきち	0
たみじろう	2
たみすけ	2
たみぞう	0
たみのすけ	0
たみはち	0
たみよし	2
ためあき	2
ためいえ	2
ためうじ	2
ためお	0
ためかげ	2
ためかず	2
ためかね	2
ためきち	0
ためくに	2
ためごろう	2
ためさぶろう	3
ためじ	1
ためじろう	2
ためすけ	2
ためぞう	0
ためたか	2
ためたけ	2
ためちか	2
ためつね	2
ためとき	2
ためとも	2
ためなか	2
ためのすけ	0
ためのぶ	2
ためのり	2
ためはる	2
ためひこ	2
ためひさ	2
ためひろ	2
ためふさ	2
ためまさ	2
ためみつ	2
ためむね	2
ためむら	2
ためもり	2
ためやす	2
ためゆき	2
ためよ	0
ためよし	2
ためより	2
たよ	1
たよこ	1
たりまろ	0
たるひ	1
たるひと	2
たろうざえもん	4
たろうじ	2
たろうべえ	2
たろうまつ	2
たろうまる	2
たろすけ	2
たんえもん	0
たんざぶろう	0
たんじろう	1
たんのすけ	0
たんぷう	1
だいいちろう	3
だいえもん	0
だいきちろう	3
だいごろう	1
だいしろう	0
だいじろう	1
だいすい	1
だいのじょう	3
だいはちろう	3
だいりき	1
だこつ	1
だんえもん	1
だんざえもん	3
だんざぶろう	3
だんしゅん	0
だんしろう	0
だんじょうじ	3
だんじろう	1
だんぺい	0
だんれん	1
だんろう	0
ちかいえ	2
ちかおき	2
ちかかげ	2
ちかかた	2
ちかさだ	2
ちかざね	2
ちかしげ	2
ちかすけ	2
ちかただ	2
ちかたね	2
ちかたり	2
ちかつな	2
ちかつね	2
ちかとし	2
ちかとも	2
ちかなお	2
ちかなが	2
ちかのぶ	2
ちかのり	2
ちかひら	2
ちかひろ	2
ちかふさ	2
ちかまさ	2
ちかみつ	2
ちかむね	2
ちかやす	2
ちかゆき	2
ちかより	2
ちからのすけ	4
ちくあ	1
ちくあん	1
ちくいん	1
ちくか	1
ちくがい	1
ちくざん	1
ちくじゃく	2
ちくすい	1
ちくそん	1
ちくてつ	1
ちくふう	1
ちくへい	0
ちげつ	1
ちごん	1
ちさぶろう	0
ちざえもん	0
ちじゅう	1
ちぜん	1
ちたえ	0
ちっきょう	1
ちぬお	0
ちねこ	1
ちのすけ	0
ちゃさんじん	2
ちゃざん	1
ちゃたろう	0
ちゃちゃまる	0
ちゃちゃみ	0
ちゃわたろ	2
ちやりくろう	4
ちゅういちろう	3
ちゅううん	1
ちゅうえもん	1
ちゅうごろう	1
ちゅうざえもん	3
ちゅうざぶろう	0
ちゅうしち	0
ちゅうしちろう	3
ちゅうしろう	0
ちゅうじょ	1
ちゅうじろう	1
ちゅうすけ	1
ちゅうたつ	1
ちゅうだゆう	1
ちゅうとく	1
ちゅうのすけ	0
ちゅうはち	0
ちゅうめい	1
ちょいん	1
ちょうあいし	3
ちょういち	0
ちょういちろう	3
ちょううえもん	4
ちょうえもん	1
ちょうかんさい	3
ちょうきち	0
ちょうくろう	0
ちょうごろう	1
ちょうさぶろう	3
ちょうざえもん	3
ちょうざぶろう	0
ちょうしち	0
ちょうしちろう	4
ちょうしろう	0
ちょうじろう	1
ちょうすけ	1
ちょうた	1
ちょうたろう	0
ちょうはち	0
ちょうはちろう	3
ちょうびょう	1
ちょうびん	1
ちょうぶくまろ	4
ちょうべえ	1
ちょうまつまる	4
ちょうまる	0
ちょうも	1
ちょぎゅう	1
ちょくすい	1
ちょじ	1
ちよう	1
ちるう	1
ちんう	1
ちんがく	1
ちんなん	1
つうあん	1
つううん	1
つうえもん	2
つうさい	1
つうじょ	1
つうまる	0
つうりん	1
つがこ	1
つきえ	0
つきこ	1
つきひこ	2
つきまつ	2
つぎこ	1
つぎのり	2
つぎはる	2
つぎひろ	2
つぎふさ	2
つぐあき	2
つぐあきら	3
つぐおみ	2
つぐこ	1
つぐざね	2
つぐじ	1
つぐただ	2
つぐとも	2
つぐのすけ	0
つぐのぶ	2
つぐのり	2
つぐひこ	2
つぐひで	2
つぐひと	2
つぐひろ	2
つぐまろ	0
つぐみち	2
つぐや	1
つぐよし	2
つじこ	1
つじみつ	2
つせこ	1
つたこ	1
つちまろ	0
つづこ	1
つなあきら	3
つないちろう	3
つなえだ	2
つなお	0
つなかげ	2
つなこ	1
つなごろう	2
つなさだ	2
つなしげ	2
つなしろう	2
つなたけ	2
つなたゆう	3
つなたろう	2
つなとし	2
つなとよ	2
つななり	2
つなのぶ	2
つなひさ	2
つなまさ	2
つなむね	2
つなむら	2
つなよし	2
つなより	2
つねあき	2
つねあり	2
つねいち	2
つねうじ	2
つねえもん	0
つねおき	2
つねかず	2
つねきち	0
つねくに	2
つねこ	1
つねご	1
つねごろう	2
つねさく	0
つねさぶろう	3
つねし	1
つねしげ	2
つねしろう	0
つねじ	1
つねじょ	1
つねじろう	2
つねすけ	2
つねぞう	0
つねたか	2
つねたね	2
つねたり	2
つねたろう	2
つねつぐ	2
つねてる	2
つねと	1
つねとし	2
つねとも	2
つねなが	2
つねのすけ	0
つねのぶ	2
つねのり	2
つねはち	0
つねはちろう	3
つねはる	2
つねひこ	2
つねひと	2
つねひら	2
つねふさ	2
つねまる	0
つねまろ	0
つねみつ	2
つねや	1
つねやす	2
つねやま	0
つねゆき	2
つねより	2
つばら	1
つまお	0
つまさぶろう	3
つやか	1
つやこ	1
つゆお	0
つゆな	1
つらお	0
つらもと	2
つるいち	2
つるえ	0
つるこう	2
つるさぶろう	3
つるじ	1
つるじゅ	1
つるじょ	1
つるじろう	2
つるぞう	0
つるたろう	2
つるちよ	0
つるとみ	2
つるど	1
つるのすけ	0
つるはち	0
つるへい	0
つるまつ	2
つるまつまる	4
つるよ	0
つわこ	1
ていいちろう	3
ていが	1
ていきち	0
ていさく	0
ていさぶろう	3
ていざぶろう	0
ていしゅん	1
ていじろう	1
ていすけ	1
ていたろう	0
ていにん	1
ていのすけ	0
ていふう	1
ていほ	1
ていらい	1
てきそう	1
てきてきさい	4
てきはん	1
てきほ	1
てっすい	1
てってき	1
てついち	2
てついちろう	3
てつおう	1
てつおみ	2
てつかず	2
てつきち	0
てつぎゅう	2
てつけん	1
てつげん	1
てつこう	1
てつごろう	2
てつさぶろう	3
てつざね	2
てつし	1
てつしげ	2
てつしゅ	1
てつしろう	2
てつじゅ	1
てつじろう	2
てつすけ	2
てつせん	1
てつぜん	1
てつたろう	2
てつちん	1
てつと	1
てつとも	2
てつなお	2
てつなん	1
てつのしん	3
てつのじょう	3
てつはる	2
てつひこ	2
てつひさ	2
てつひろ	2
てつふみ	2
てつま	1
てつみ	0
てつみち	2
てつむ	1
てつゆき	2
てつよし	2
てつんど	2
てるいち	2
てるえ	0
てるおき	2
てるおみ	2
てるかず	2
てるかた	2
てるき	1
てるきち	0
てるごろう	2
てるさと	2
てるざね	2
てるしげ	2
てるしろう	0
てるじ	1
てるすけ	2
てるすみ	2
てるずみ	2
てるぞう	0
てるたか	2
てるたけ	2
てるたろう	2
てるて	1
てるとき	2
てるとし	2
てるとも	2
てるとら	2
てるの	1
てるのぶ	2
てるひこ	2
てるひさ	2
てるひで	2
てるひと	2
てるひろ	2
てるふみ	2
てるぶみ	2
てるみち	2
てるみつ	2
てるやす	2
てんた	1
てんだん	1
てんみん	1
てんるい	1
でいしゅう	1
でんいち	0
でんいちろう	3
でんえもん	0
でんお	0
でんきち	0
でんくろう	0
でんご	1
でんごろう	1
でんさく	0
でんざえもん	3
でんざぶろう	3
でんしち	0
でんしちろう	3
でんしろう	0
でんじへい	3
でんじゅうろう	0
でんじろう	1
でんぞう	0
でんたろう	0
でんのじょう	3
でんのすけ	0
でんぱち	0
でんぱちろう	3
でんべえ	1
でんぺい	0
でんほう	1
でんめい	1
でんろく	0
とあん	1
とういく	1
とういちろう	3
とうえもん	1
とうきち	0
とうきちろう	3
とうきつ	1
とうくま	0
とうくろう	0
とうくん	1
とうざえもん	3
とうじゅん	1
とうじろう	1
とうすけ	1
とうたろう	0
とうだゆう	3
とうちく	1
とうつな	1
とうとうあん	3
とうないざえもん	5
とうのすけ	0
とうはち	0
とうば	1
とうひこ	1
とおかず	1
とおすけ	1
とおまさ	1
ときあき	2
ときあり	2
ときうじ	2
ときおみ	2
ときかた	2
ときから	2
ときさだ	2
ときさぶろう	3
ときじ	1
ときすけ	2
ときたろう	2
ときちょう	2
ときつぐ	2
ときつね	2
ときつら	2
ときなお	2
ときなり	2
ときのすけ	0
ときのぶ	2
ときのり	2
ときはる	2
ときひこ	2
ときひと	2
ときひら	2
ときひろ	2
ときふさ	2
ときまさ	2
ときみち	2
ときみつ	2
ときむね	2
ときむら	2
ときもち	2
ときもり	2
ときや	1
ときより	2
とくいちろう	3
とくえい	1
とくえもん	0
とくかい	1
とくきん	1
とくく	1
とくけん	1
とくごろう	2
とくさぶろう	3
とくしち	2
とくしゅ	1
とくしろう	2
とくじゅ	1
とくすけ	2
とくぜん	1
とくた	1
とくだゆう	3
とくちよ	0
とくない	2
とくのじょう	3
とくのすけ	0
とくのり	2
とくひこ	2
とくひろ	2
とくへい	0
とくべえ	1
とくぼく	2
とくまつ	2
とくみち	2
とくや	1
とくゆき	2
とくよ	0
とくよし	2
とこさか	2
ところのすけ	0
とさお	0
としあきら	3
としいち	2
としいちろう	3
としえい	1
としおみ	2
としかつ	2
としかね	2
としき	1
としきち	0
としくに	2
としさだ	2
としざね	2
とししげ	2
とししろう	2
としじ	1
としじろう	2
としすえ	2
としすけ	2
としたか	2
としたけ	2
としただ	2
としたね	2
としたみ	2
としたろう	2
としちか	2
としつな	2
としつね	2
としてる	2
としとお	2
としとし	2
としとも	2
としとよ	2
としなお	2
としなが	2
としのじょう	3
としのぶ	2
としひと	2
としひろ	2
としふさ	2
としまさ	2
とします	2
としまる	0
としまろ	0
としみち	2
としめ	1
としやす	2
とせこ	1
とちのすけ	0
とつあん	1
とつどう	1
とてん	1
とどむ	0
とへい	1
とみあき	2
とみいち	2
とみいちろう	3
とみかつ	2
とみきち	2
とみごろう	2
とみさぶろう	3
とみしろう	0
とみじ	1
とみじゅ	1
とみじゅうろう	0
とみじろう	2
とみたけ	2
とみただ	2
とみたろう	2
とみてる	2
とみと	1
とみとく	2
とみのすけ	0
とみのぶ	2
とみのり	2
とみはる	2
とみひこ	2
とみひろ	2
とみふさ	2
とみゆき	2
とみよし	2
とみろう	0
とめいち	2
とめお	0
とめき	1
とめきち	0
とめごろう	2
とめさぶろう	3
とめしげ	2
とめしち	0
とめしろう	0
とめじろう	2
とめぞう	0
とめのしん	3
とめのすけ	0
とめのぶ	2
とめまつ	2
とめやす	2
ともあつ	2
ともいち	2
ともいちろう	3
ともうじ	2
ともえのじょう	4
ともおき	2
ともおみ	2
ともかず	2
ともかた	2
ともかつ	2
ともきち	0
ともきよ	2
ともごろう	2
ともさく	0
ともさぶろう	3
ともざね	2
ともしろう	0
ともじろう	2
ともすけ	2
ともぞう	0
ともた	1
ともただ	2
ともたね	2
ともたり	2
ともたろう	2
ともつね	2
ともてる	2
ともなお	2
とものしん	3
とものすけ	0
とものぶ	2
ともはち	0
ともひこ	2
ともひで	2
ともひと	2
ともふさ	2
ともふみ	2
ともへい	0
ともまさ	2
ともみつ	2
ともむね	2
ともやす	2
ともよ	0
とよあき	2
とよあきら	3
とよいえ	2
とよいちろう	3
とようじ	2
とよかい	2
とよかつ	2
とよきち	0
とよくに	2
とよさだ	2
とよさぶろう	3
とよし	1
とよしが	0
とよしろう	2
とよじろう	2
とよすけ	2
とよたか	2
とよただ	2
とよたろう	2
とよつね	2
とよつむ	2
とよてる	2
とよなお	2
とよなり	2
とよのすけ	0
とよのり	2
とよはち	0
とよひこ	2
とよひさ	2
とよひで	2
とよひと	2
とよひろ	2
とよふみ	2
とよほ	1
とよまさ	2
とよまろ	0
とよみち	2
とよみつ	2
とよゆき	2
とらいち	2
とらいちろう	3
とらかず	2
とらき	1
とらくす	2
とらさぶろう	3
とらさんじ	3
とらじゅまる	3
とらじろう	2
とらすけ	2
とらぞう	0
とらた	1
とらたけ	2
とらたね	2
とらたろう	2
とらとし	2
とらなが	2
とらのしん	3
とらひこ	2
とらへい	0
とらまさ	2
とらまつ	2
とらまる	0
とらみ	0
とらやす	2
とりじ	1
とりぞう	0
とりのすけ	0
とりまつ	2
とりろう	0
とんい	1
とんしん	1
どういく	1
どうさい	1
どうねい	1
どうほ	1
どぎゅうた	2
どんう	1
どんぎゅう	1
どんだろう	0
ないすけ	1
なえもん	0
なおあき	2
なおいえ	2
なおいけ	2
なおいちろう	3
なおえ	0
なおえい	1
なおお	0
なおかい	2
なおかげ	2
なおかた	2
なおきち	0
なおきよ	2
なおくに	2
なおごろう	2
なおさく	0
なおさだ	2
なおさぶろう	3
なおざね	2
なおざぶろう	3
なおしげ	2
なおしちろう	3
なおしろう	0
なおじ	1
なおすみ	2
なおずみ	2
なおぞう	0
なおたか	2
なおたけ	2
なおただ	2
なおたり	2
なおつぐ	2
なおつな	2
なおとし	2
なおとよ	2
なおなが	2
なおなり	2
なおのしん	3
なおのじょう	3
なおのすけ	0
なおのぶ	2
なおのり	2
なおはる	2
なおひこ	2
なおひさ	2
なおふさ	2
なおまさ	2
なおまろ	0
なおみき	2
なおみち	2
なおみつ	2
なおもと	2
なおもり	2
なおやす	2
なおよ	0
なおよし	2
なおより	2
なかあき	2
なかいちろう	3
なかかた	2
なかかね	2
なかきよ	2
なかくに	2
なかざね	2
なかじろう	2
なかすけ	2
なかぞう	0
なかただ	2
なかたろう	2
なかちまろ	3
なかつね	2
なかとも	2
なかなり	2
なかのすけ	0
なかのぶ	2
なかのろ	0
なかまさ	2
なかまろ	0
ながあきら	3
ながいえ	2
ながうじ	2
ながかげ	2
ながかつ	2
ながざね	2
ながすけ	2
ながたか	2
ながただ	2
ながたね	2
ながちか	2
ながつね	2
ながてる	2
ながなり	2
ながのぶ	2
ながのり	2
ながはる	2
ながひで	2
ながひら	2
ながふさ	2
ながまさ	2
ながます	2
ながゆき	2
ながより	2
なぎさお	3
なけい	1
なしお	0
なしろう	0
なすみ	1
なたか	1
なちこ	1
なつえ	0
なつかげ	2
なつぐ	1
なつたか	2
なつひ	0
なつほ	1
なつみこ	3
なつや	1
なつよ	0
なとら	1
なひこ	1
なべすけ	2
なほこ	1
なまさ	1
なみきち	0
なみぞう	0
なみのすけ	0
なみろく	0
なゆ	1
なゆき	0
なゆは	1
ならしげ	2
ならたろう	2
ならひこ	2
ならまる	0
なりあきら	3
なりいえ	2
なりおき	2
なりかた	2
なりかつ	2
なりさだ	2
なりしげ	2
なりすえ	2
なりすけ	2
なりたか	2
なりただ	2
なりつな	2
なりつね	2
なりとう	2
なりとお	2
なりとし	2
なりとも	2
なりとよ	2
なりなお	2
なりなか	2
なりのり	2
なりはる	2
なりひさ	2
なりまさ	2
なりみ	0
なりみち	2
なりむら	2
なりやす	2
なりよし	2
なりより	2
なるあき	2
なるじ	1
なるひこ	2
なるひさ	2
なるみつ	2
なるやす	2
なるよし	2
なんきち	0
なんしゃく	1
なんじろう	1
なんれい	1
にいがさ	0
にいちろう	2
にうえもん	0
にえもん	0
におき	1
にきち	0
にさく	0
にさぶろう	2
にざえもん	3
にしろう	0
にじこ	1
にじと	1
にじのすけ	0
にじゅうろう	0
にぞう	0
にたろう	0
にちゆう	1
にっぽんざえもん	5
にまろ	0
にょぜかん	1
にわまろ	0
にんざぶろう	0
にんぞう	0
にんのすけ	0
にんまつ	1
ぬかすけ	2
ぬかて	1
ぬねつね	2
ぬのえ	0
ぬのすけ	2
ねいいつ	1
ねいさい	1
ねきち	0
ねここ	1
ねこはち	0
ねじべえ	1
ねのきち	0
ねのじろう	2
ねのまつ	2
ねまろ	1
ねんそん	1
のういち	0
のうな	1
のぎたろう	2
のじこ	1
ののか	1
ののこ	1
のぶあつ	2
のぶあり	2
のぶいち	2
のぶいちろう	3
のぶうじ	2
のぶえ	0
のぶえい	2
のぶおき	2
のぶかた	2
のぶかつ	2
のぶかど	2
のぶかね	2
のぶきみ	2
のぶきよ	2
のぶくに	2
のぶさだ	2
のぶざね	2
のぶしげ	2
のぶしろう	2
のぶじ	1
のぶじろう	2
のぶすけ	2
のぶすみ	2
のぶずみ	2
のぶたけ	2
のぶただ	2
のぶたつ	2
のぶたね	2
のぶため	2
のぶたろう	2
のぶちか	2
のぶちよ	0
のぶつが	2
のぶつぐ	2
のぶつた	2
のぶつな	2
のぶつね	2
のぶてる	2
のぶと	1
のぶとき	2
のぶとし	2
のぶとみ	2
のぶとよ	0
のぶとら	2
のぶなお	2
のぶのすけ	0
のぶのり	2
のぶはる	2
のぶひこ	2
のぶひさ	2
のぶひで	2
のぶひと	2
のぶひろ	2
のぶまさ	2
のぶみ	0
のぶみち	2
のぶみつ	2
のぶみね	2
のぶむね	2
のぶもり	2
のぶや	1
のぼりのすけ	4
のりうじ	2
のりかげ	2
のりきよ	2
のりさと	2
のりざね	2
のりしげ	2
のりすえ	2
のりたか	2
のりただ	2
のりたね	2
のりちか	2
のりつな	2
のりとう	2
のりとき	2
のりとも	2
のりとよ	2
のりなお	2
のりのぶ	2
のりはる	2
のりひさ	2
のりひと	2
のりひら	2
のりふさ	2
のりふみ	2
のりほ	1
のりみち	2
のりみつ	2
のりむね	2
のりむら	2
のりやす	2
のりよし	2
のんたろう	0
はいぶつろう	3
はかすけ	2
はかとこ	2
はぎえ	0
はぎとしかず	4
はくえい	1
はくおん	1
はくぎゅう	1
はくけん	1
はくこ	1
はくご	1
はくざん	1
はくじろう	2
はくそん	1
はくたろう	2
はくつう	1
はくねん	1
はくほ	1
はくれい	1
はざん	1
はしぞう	0
はじむ	0
はじん	1
はすひ	1
はせき	1
はたやす	2
はつきち	0
はつごろう	2
はつさぶろう	3
はつしげ	2
はつじ	1
はつぞう	0
はつたろう	2
はつのすけ	0
はつひさ	2
はつめ	0
はつよし	2
はつろう	0
はとじゅう	2
はとのすけ	0
はなたろう	2
はなみの	2
はまおみ	2
はまきち	0
はまごろう	2
はまぞう	0
はまたろう	2
はまなり	2
はまのすけ	0
はやき	1
はやなり	2
はりつ	1
はるいえ	2
はるえこ	3
はるおう	2
はるおみ	2
はるかげ	2
はるかず	2
はるかた	2
はるかみ	2
はるきち	0
はるきよ	0
はるくに	2
はるさだ	2
はるさと	2
はるし	1
はるしげ	2
はるじろう	2
はるすえ	2
はるすけ	2
はるずみ	2
はるぞう	0
はるたか	2
はるただ	2
はるたね	2
はるたろう	2
はるだんじ	3
はるちか	2
はるつぐ	2
はるつな	2
はるつね	2
はるとし	2
はるとみ	2
はるとも	2
はるとよ	0
はるなが	2
はるにわ	2
はるのすけ	0
はるのぶ	2
はるひこ	2
はるひさ	2
はるひで	2
はるひと	2
はるひろ	2
はるふさ	2
はるふみ	2
はるへい	0
はるほ	1
はるまさ	2
はるまつ	2
はるまる	0
はるみち	2
はるみつ	2
はるむね	2
はるもち	2
はるもと	2
はるもり	2
はるやす	2
はるより	2
はれまさ	2
はれよし	2
はんごろう	1
はんざえもん	3
はんざぶろう	3
はんしち	0
はんしろう	0
はんじろう	1
はんすけ	1
はんたろう	0
はんのじょう	3
はんのすけ	0
はんぺいた	3
はんぼく	1
ばいあん	1
ばいげつどう	0
ばいしょ	1
ばいじゃく	1
ばいせつ	1
ばいねん	1
ばいれい	1
ばいれん	1
ばくあい	1
ばくうん	1
ばくきゅうじん	3
ばくじん	1
ばくせん	1
ばくや	1
ばどう	1
ばらこ	1
ばんいちろう	3
ばんきち	0
ばんくろう	0
ばんそん	1
ばんぼく	1
ばんめい	1
ひあん	1
ひうま	1
ひきのこ	2
ひきろく	0
ひこあき	2
ひこいち	2
ひこいちろう	3
ひこえもん	0
ひこくろう	2
ひこごろう	2
ひこさく	0
ひこさぶろう	3
ひこざ	1
ひこざえもん	3
ひこざね	2
ひこし	1
ひこしろう	2
ひこじ	1
ひこじろう	2
ひこすけ	2
ひこぞう	0
ひこたろう	2
ひこのしん	3
ひこのじょう	3
ひこのすけ	0
ひこのり	2
ひこはち	0
ひこふみ	2
ひこへい	0
ひこべえ	1
ひこま	1
ひこまつ	2
ひこまろ	0
ひこよし	2
ひさうじ	2
ひさおき	2
ひさおゆ	2
ひさかつ	2
ひさきみ	2
ひさきよ	2
ひさしげ	2
ひさじ	1
ひさじょ	1
ひさすけ	2
ひさたか	2
ひさたけ	2
ひさただ	2
ひさちか	2
ひさつぐ	2
ひさつね	2
ひさてる	2
ひさとき	2
ひさとし	2
ひさとよ	2
ひさとら	2
ひさな	1
ひさなお	2
ひさなり	2
ひさのじょう	3
ひさのすけ	0
ひさのぶ	2
ひさはる	2
ひさひこ	2
ひさひと	2
ひさふみ	2
ひさまさ	2
ひさまる	0
ひさみ	0
ひさみち	2
ひさゆき	2
ひさよ	0
ひさよし	2
ひさら	1
ひさり	1
ひたちのすけ	0
ひだつ	1
ひちょり	1
ひでいえ	2
ひでおき	2
ひでおみ	2
ひでか	1
ひでかい	2
ひでかた	2
ひでかね	2
ひできみ	2
ひでくに	2
ひでさだ	2
ひでさと	2
ひでし	1
ひでしろう	2
ひでじゅうろう	0
ひでじょ	1
ひでじろう	2
ひですけ	2
ひでずみ	2
ひでせ	1
ひでぞう	0
ひでたか	2
ひでたけ	2
ひでただ	2
ひでたつ	2
ひでたろう	2
ひでつぐ	2
ひでつな	2
ひでつね	2
ひでとう	2
ひでとき	2
ひでとみ	2
ひでとも	2
ひでとら	2
ひでなが	2
ひでの	1
ひでのすけ	0
ひでのぶ	2
ひではち	0
ひでひさ	2
ひでひと	2
ひでひら	2
ひでひろ	2
ひでほ	1
ひでまつ	2
ひでまろ	0
ひでみ	0
ひでみち	2
ひでみつ	2
ひでむね	2
ひでもと	2
ひでもり	2
ひでやす	2
ひでより	2
ひでろう	0
ひとあき	2
ひときよ	2
ひとざね	2
ひとのり	2
ひなお	0
ひなすけ	2
ひなぞう	0
ひなのすけ	0
ひなは	1
ひまろ	1
ひめか	1
ひょういち	0
ひょういちろう	3
ひょうごのすけ	0
ひょうさい	1
ひょうしろう	0
ひょうすけ	1
ひょうせい	1
ひょうた	1
ひょうのえもん	4
ひょうのすけ	0
ひょうへいすけ	3
ひょうま	1
ひらのり	2
ひろあきら	3
ひろあつ	2
ひろあり	2
ひろいえ	2
ひろいちろう	3
ひろうみ	2
ひろえつ	2
ひろおき	2
ひろおみ	2
ひろか	1
ひろかた	2
ひろかつ	2
ひろかど	2
ひろきち	0
ひろぎみ	2
ひろくに	2
ひろさだ	2
ひろさと	2
ひろじ	1
ひろすけ	2
ひろずみ	2
ひろぞう	0
ひろたけ	2
ひろただ	2
ひろたつ	2
ひろたみ	2
ひろたろう	2
ひろちか	2
ひろつぐ	2
ひろつな	2
ひろつね	2
ひろてる	2
ひろとし	2
ひろとじ	2
ひろな	1
ひろなお	2
ひろなか	2
ひろなが	2
ひろなり	2
ひろのしん	0
ひろはる	2
ひろひこ	2
ひろひさ	2
ひろひで	2
ひろふさ	2
ひろへい	0
ひろほ	1
ひろみき	2
ひろむし	2
ひろむしめ	4
ひろむつ	2
ひろもち	2
ひろもと	2
ひろもり	2
ひろや	1
ひろよ	0
ひろんど	2
ひんえん	1
ひんげつ	1
びざん	1
びみょうさい	2
びょうおう	1
びわお	0
びんう	1
びんき	1
びんきゅう	1
びんごろう	0
びんせい	1
びんたろう	0
びんてつ	1
びんりょう	1
ふうおん	1
ふうこ	1
ふうさんろう	3
ふうにんさい	3
ふうばぎゅう	3
ふうらぼう	3
ふえこ	1
ふえみ	0
ふかやぶ	0
ふかんさい	2
ふきえ	0
ふきお	0
ふくいち	2
ふくえい	1
ふくぎょ	1
ふくこ	1
ふくさぶろう	3
ふくしげ	2
ふくしちろう	3
ふくしろう	2
ふくじゅん	1
ふくじろう	2
ふくたろう	2
ふくのすけ	0
ふくまつ	2
ふくよ	0
ふさあき	2
ふさいち	2
ふさき	1
ふさきち	0
ふささき	2
ふさしげ	2
ふさじ	1
ふさじろう	2
ふさぞう	0
ふさた	1
ふさたろう	2
ふさつぎ	2
ふさとし	2
ふさのじょう	3
ふさのすけ	0
ふさみ	0
ふさゆき	2
ふさよ	0
ふさよし	2
ふじいとまる	4
ふじすけ	2
ふじたろう	2
ふじひこ	2
ふじひで	2
ふじひろ	2
ふじふさ	2
ふじまろ	0
ふじょきゅう	2
ふじより	2
ふじろう	0
ふちこ	1
ふつひこ	2
ふでじろう	2
ふぼう	1
ふまい	1
ふみあけ	2
ふみおき	2
ふみか	1
ふみかず	2
ふみかつ	2
ふみき	1
ふみさと	2
ふみしげ	2
ふみたか	2
ふみただ	2
ふみてる	2
ふみと	1
ふみとき	2
ふみとし	2
ふみな	1
ふみなり	2
ふみのすけ	0
ふみのぶ	2
ふみひで	2
ふみひと	2
ふみまろ	0
ふみもり	2
ふみやす	2
ふみゆき	2
ふみよし	2
ふゆいちろう	3
ふゆえ	0
ふゆお	0
ふゆか	1
ふゆこ	1
ふゆじ	1
ふゆたか	2
ふゆつぎ	2
ふゆつぐ	2
ふゆひこ	2
ふゆやす	2
ふゆら	1
ふよこ	1
ふるひとの	0
ぶざえもん	0
ぶざん	1
ぶしろう	0
ぶそん	1
ぶだゆう	2
ぶつねん	1
ぶへえ	1
ぶべえ	1
ぶほ	1
ぶんいちろう	3
ぶんきち	0
ぶんきょ	1
ぶんごろう	0
ぶんざぶろう	0
ぶんじゅん	1
ぶんじろう	1
ぶんすけ	1
ぶんたろう	0
ぶんのしん	3
ぶんのすけ	0
ぶんひつ	1
ぶんべえ	1
ぶんぽ	1
ぶんろう	0
へいいち	0
へいいちろう	3
へいう	1
へいうえもん	0
へいえもん	0
へいきち	0
へいくろう	0
へいごろう	1
へいさぶろう	3
へいざ	1
へいざえもん	3
へいざぶろう	0
へいしろう	0
へいじゅ	1
へいじろう	1
へいすく	1
へいすけ	1
へいた	1
へいたざえもん	4
へいたろう	0
へいてつ	1
へいのすけ	0
へいはち	0
へいま	1
へきうんきょ	3
へききょう	1
へきごとう	2
へきさんすい	3
へきしゅく	2
へきどう	1
べいさい	1
べいそん	1
べいほう	1
べにこ	1
べにりつ	2
べんあん	1
べんぎょく	1
べんしろう	0
べんじろう	1
べんぞう	0
べんちょう	1
べんのすけ	0
ほうう	1
ほうかいし	3
ほうきつ	2
ほうぎゅう	1
ほうしろう	0
ほうすけ	1
ほうずい	1
ほうたろう	0
ほうてつ	1
ほうひん	1
ほくこ	1
ほくぼう	0
ほくれい	1
ほしみち	2
ほずま	1
ほそん	1
ほのは	1
ほのぶ	1
ほんほん	1
ぼくざん	1
ぼくぜん	1
ぼくでん	1
ぼちょう	1
ぼっかん	1
ぼつかつ	1
ぼふう	1
ぼんく	1
ぼんちょう	1
ぼんぺい	1
まあぼう	3
まいさ	1
まいみ	0
まえひさ	2
まおこ	1
まきしげ	2
まきぞう	0
まきたろう	2
まきつ	1
まきてる	2
まきひと	2
まきび	1
まきよ	0
まきよし	2
まきろう	0
まことまる	3
まごうえもん	0
まごえ	0
まごえもん	0
まごきち	0
まごきよ	2
まごくろう	2
まごさく	0
まごさぶろう	3
まござえもん	3
まごしち	0
まごしちろう	3
まごしろう	0
まごじ	1
まごじゅうろう	0
まごじろう	2
まごすけ	2
まごぞう	0
まごだゆう	3
まごのじょう	3
まごはち	0
まごはる	2
まごへいじ	3
まごべえ	1
まごろう	0
まごろく	0
まさあきら	3
まさあつ	2
まさあり	2
まさいえ	2
まさいち	2
まさいちろう	3
まさうえもん	0
まさおき	2
まさかぜ	2
まさきち	0
まさきっ	0
まさきよ	2
まさくに	2
まさこと	2
まさごろう	2
まささだ	2
まさしげ	2
まさじゅうろう	0
まさじろう	2
まさすえ	2
まさずみ	2
まさぞう	0
まさた	1
まさたけ	3
まさただ	2
まさたね	2
まさたろう	2
まさちか	2
まさつぐ	2
まさつな	2
まさてる	2
まさとう	2
まさとお	2
まさとき	2
まさとよ	2
まさとら	0
まさなり	2
まさのすけ	0
まさひで	2
まさひと	2
まさひら	2
まさふさ	2
まさぶみ	2
まさぶん	2
まさへい	0
まさほ	1
まさみき	2
まさみね	2
まさむ	0
まさもち	2
まさやす	2
まさより	2
まさろく	0
ましほ	1
ますいち	2
ますいちろう	3
ますえい	1
ますきち	0
ますじゅ	1
ますじろう	2
ますすけ	2
ますぞう	0
ますたつ	2
ますたね	2
ますたろう	2
ますてる	2
ますのり	2
ますはる	2
ますひこ	2
ますひと	2
ますへい	0
ますまさ	2
ますまる	0
ますゆき	2
ますよ	0
ますよし	2
ますろう	0
またいちろう	3
またえもん	0
またお	0
またき	1
またきち	0
またくろうざえもん	6
またこ	1
またごろう	2
またさく	0
またさぶろう	3
またざえもん	3
またしち	0
またしちろう	4
またしろう	2
またじ	1
またじろう	2
またすけ	2
またぞう	0
またたろう	2
またち	1
またて	1
またのじょう	3
またのすけ	0
またはち	0
またはちろう	3
またひこ	2
またへい	0
またべえ	1
またろく	2
まちえ	0
まちのすけ	0
まつあき	2
まついちろう	3
まつえもん	0
まつおうまる	3
まつきち	0
まつごろう	2
まつさぶろう	3
まつざえもん	3
まつじ	1
まつじろう	2
まつすけ	2
まつぞう	0
まつたろう	2
まつちよ	0
まつちよまる	4
まつな	1
まつのすけ	0
まつのり	2
まつはる	2
まつひこ	2
まつべえ	1
まつまる	0
まつよ	0
まつろう	0
まなえ	0
まなき	1
まなむ	0
まなり	1
まのすけ	0
まひろ	0
まぶみ	1
まほか	1
まほろ	0
まみか	1
まみち	1
まみね	1
まみみ	0
まめた	1
まやか	1
まやこ	1
まやみ	0
まゆら	1
まより	0
まりい	1
まりせ	1
まれお	0
まれちよ	0
まれゆき	2
まれよ	0
まんいつ	1
まんさぶろう	3
まんり	1
みあか	1
みおこ	1
みおり	0
みかえ	0
みかおみ	2
みかは	1
みかほ	1
みきえ	0
みきえい	1
みきし	1
みきじろう	2
みきぞう	0
みきたろう	2
みきてる	2
みきとも	2
みきひさ	2
みきひと	2
みきひろ	2
みきやす	2
みきゆう	2
みきよ	0
みぐさ	1
みさぶろう	2
みさほ	1
みさよ	0
みしお	0
みすこ	1
みずたか	2
みずは	1
みずまろ	0
みたすき	2
みたな	1
みちあき	2
みちあり	2
みちか	1
みちかず	2
みちかぜ	2
みちかた	2
みちかつ	2
みちかね	2
みちき	1
みちきよ	2
みちさだ	2
みちさと	2
みちしげ	2
みちすけ	2
みちたか	2
みちたけ	2
みちただ	2
みちたつ	2
みちたり	2
みちちか	2
みちつなの	2
みちつね	2
みちつよ	2
みちつら	2
みちとう	2
みちとき	2
みちとみ	2
みちとも	2
みちなお	2
みちなり	2
みちのしん	3
みちのすけ	0
みちはる	2
みちひさ	2
みちひら	2
みちふさ	2
みちまろ	0
みちむね	2
みちむら	2
みちやす	2
みっとう	1
みつあきら	3
みついえ	2
みつおき	2
みつおみ	2
みつかぜ	2
みつかね	2
みつさだ	2
みつさぶろう	3
みつし	1
みつすえ	2
みつずみ	2
みつただ	2
みつちか	2
みつとき	2
みつなお	2
みつなか	2
みつなみ	2
みつなる	2
みつぬし	2
みつね	0
みつのしん	3
みつはる	2
みつひと	2
みつひら	2
みつふみ	2
みつほ	1
みつまろ	0
みつやす	2
みつより	2
みつらまろ	3
みてき	0
みとこ	1
みとる	0
みなもと	2
みなよ	1
みねいち	2
みねえ	0
みねきち	0
みねさぶろう	3
みねたろう	2
みねひろ	2
みねみ	0
みねもり	2
みねやす	2
みねよ	0
みねよし	2
みのきち	0
みのたろう	2
みのひで	2
みひと	1
みふえ	0
みふゆ	0
みほえ	0
みまこ	1
みまろ	1
みゃくあん	1
みやえ	0
みやたまろ	3
みやのり	2
みやひこ	2
みゆな	1
みゆみ	0
みゆり	0
みょうは	1
みよきち	0
みよしの	0
みよたろう	2
みよの	1
みろく	1
みんぎ	1
みんご	1
みんぺい	0
みんぽ	1
むえい	1
むぎひこ	2
むぎょ	1
むぎろう	0
むしたろう	2
むしゃのすけ	0
むちまろ	0
むつえ	0
むつと	1
むつひこ	2
むつひと	2
むつよ	0
むつろう	0
むにぞう	0
むにのすけ	0
むねあきら	3
むねあつ	2
むねあり	2
むねうじ	2
むねかげ	2
むねかず	2
むねかつ	2
むねき	1
むねくに	2
むねこ	1
むねさだ	2
むねざね	2
むねしげ	2
むねすけ	2
むねたか	2
むねたけ	2
むねただ	2
むねたみ	2
むねつね	2
むねと	1
むねとう	2
むねとき	2
むねとし	2
むねとも	2
むねとら	2
むねなお	2
むねなか	2
むねのぶ	2
むねのり	2
むねはる	2
むねひこ	2
むねひで	2
むねひと	2
むねひら	2
むねふさ	2
むねふゆ	2
むねまさ	2
むねます	2
むねまろ	0
むねみつ	2
むねもと	2
むねや	1
むねやす	2
むねより	2
むねろう	0
むらく	1
むらとき	2
むらむね	2
むりゅう	1
めいきつ	1
めいくん	1
めいちん	1
めいらん	1
めきち	0
めつめい	0
めとら	1
めりか	1
もいち	1
もいちろう	2
もういちろう	3
もうきゅう	1
もうくん	1
もうとく	1
もうぶん	1
もえか	1
もえこ	1
もえの	1
もえは	1
もえみ	0
もえもん	0
もくさい	1
もくさぶろう	3
もくざえもん	3
もくざん	1
もくしき	2
もくそん	1
もくたろう	2
もくち	1
もくのすけ	0
もくはく	1
もくべい	1
もくべえ	1
もくらい	1
もさぶろう	2
もしち	0
もしゅく	1
もしゅん	1
もじべえ	1
もじゅうろう	0
もじろう	0
もすい	1
もすけ	0
もだゆう	0
もちあき	2
もちうじ	2
もちくに	2
もちこと	2
もちさだ	2
もちすけ	2
もちたか	2
もちつぐ	2
もちつね	1
もちつら	2
もちとき	2
もちとし	2
もちとも	2
もちとよ	2
もちなる	2
もちのり	2
もちひろ	2
もちふさ	2
もちまろ	0
もちむら	2
もちやす	2
もちよ	0
もっぽ	1
もといえ	2
もといちろう	3
もとうじ	2
もとえい	1
もとおさ	2
もとおみ	2
もとか	1
もとかげ	2
もとかた	0
もときよ	0
もとくに	2
もとさだ	2
もとさぶろう	3
もとざね	2
もとし	1
もとじろう	2
もとすえ	2
もとすけ	2
もとぞう	0
もとたか	2
もとただ	2
もとたろう	2
もとちか	2
もとつぐ	2
もとつな	2
もととき	2
もととし	2
もとなお	2
もとのすけ	0
もとのり	2
もとひさ	2
もとひで	2
もとひら	2
もとふさ	2
もとふじ	2
もとまさ	2
もとみ	0
もとみち	2
もとめのすけ	0
もともり	2
もとやす	2
もとゆき	2
もはちろう	2
もへい	1
もへいじ	2
ももき	1
ももきち	0
ももさく	0
ももすけ	2
ももな	1
ももまろ	0
もりあき	2
もりあつ	2
もりいちろう	3
もりうじ	2
もりおき	2
もりかず	2
もりかた	2
もりかつ	2
もりきよ	2
もりくに	2
もりさぶろう	3
もりしげ	2
もりじ	1
もりじろう	2
もりすけ	2
もりぞう	0
もりただ	2
もりたつ	2
もりたろう	2
もりつな	2
もりつね	2
もりつら	2
もりてる	2
もりとお	2
もりとき	2
もりとよ	2
もりなお	2
もりのすけ	0
もりのぶ	2
もりのり	2
もりはる	2
もりひこ	2
もりひで	2
もりひと	2
もりひら	2
もりふさ	2
もりへい	0
もりみち	2
もりめ	0
もろあきら	3
もろいお	2
もろうじ	2
もろさだ	2
もろざね	2
もろしげ	2
もろただ	2
もろとき	2
もろとし	2
もろなお	2
もろなか	2
もろのぶ	2
もろひら	2
もろふさ	2
もろふゆ	2
もろぶち	2
もろまさ	2
もろゆき	2
もろより	2
もんえもん	0
もんきち	0
もんしろう	0
もんじろう	1
もんどのすけ	0
もんのすけ	0
もんべえ	1
やいちろう	2
やうえもん	0
やえもん	0
やかこの	0
やかつぐ	2
やかもち	2
やかもり	2
やきち	0
やきちろう	0
やくせん	1
やげんた	2
やごさく	0
やござえもん	3
やごぞう	0
やごへい	0
やごべえ	1
やごろう	0
やさきち	0
やさく	0
やさこ	1
やさびょうえ	3
やさぶろう	2
やざえもん	0
やしげ	1
やしちろう	3
やしょう	1
やしろう	0
やじえもん	0
やじゅうろう	0
やすあき	2
やすいえ	2
やすいちろう	3
やすえい	1
やすえもん	0
やすおう	1
やすおき	2
やすおみ	2
やすかげ	2
やすかず	2
やすかぜ	2
やすかね	2
やすきち	0
やすきよ	2
やすこわ	0
やすごろう	2
やすさぶろう	3
やすざえもん	3
やすしげ	2
やすしろう	2
やすじろう	2
やすぞう	0
やすただ	2
やすたつ	2
やすたね	2
やすたみ	2
やすちか	2
やすつぐ	2
やすつな	2
やすてる	2
やすとう	2
やすとき	2
やすとも	2
やすとよ	2
やすなお	2
やすのこ	3
やすのすけ	0
やすひで	2
やすふさ	2
やすぶみ	2
やすへい	0
やすべえ	1
やすまろ	0
やすみち	2
やすみつ	2
やすもち	2
やすや	1
やすよ	0
やすよし	2
やすより	2
やすら	1
やすらまろ	3
やすろう	0
やそべえ	1
やたろう	0
やだんじ	2
やちえ	0
やつし	1
やとうじ	2
やのうへえ	3
やはち	0
やはちろう	0
やひん	1
やへい	1
やへいじ	2
やへいた	2
やへえ	1
やぼすけ	2
やまだのいしかわまろ	8
やまつぎ	2
やみじゅうろう	0
やゆう	1
やよいこ	3
やろく	1
やろくざえもん	4
やろくろう	0
ゆいち	1
ゆうあ	1
ゆういつ	1
ゆうえもん	0
ゆうえんきょう	3
ゆうこと	1
ゆうごろう	1
ゆうさ	1
ゆうさく	0
ゆうざぶろう	0
ゆうしち	0
ゆうしちろう	4
ゆうしろう	0
ゆうたろう	0
ゆうちん	1
ゆうてつ	1
ゆうの	0
ゆうのしん	3
ゆうのすけ	0
ゆうはち	0
ゆうはる	1
ゆうまつ	1
ゆうみょうさい	2
ゆかの	1
ゆかりこ	3
ゆきあき	2
ゆきあつ	2
ゆきおみ	2
ゆきか	1
ゆきかず	2
ゆきさだ	2
ゆきしげ	2
ゆきじ	1
ゆきたか	2
ゆきただ	2
ゆきちか	2
ゆきつぐ	2
ゆきつな	2
ゆきつね	2
ゆきつら	2
ゆきてる	2
ゆきとう	2
ゆきとし	2
ゆきなが	2
ゆきなり	2
ゆきのじょう	3
ゆきのすけ	0
ゆきのひろ	3
ゆきのぶ	2
ゆきはる	2
ゆきひと	2
ゆきふさ	2
ゆきまさ	2
ゆきまろ	0
ゆきみつ	2
ゆきもと	2
ゆきもり	2
ゆきや	1
ゆきよ	0
ゆくこ	1
ゆずな	1
ゆずりね	0
ゆちこ	1
ゆつき	1
ゆみえ	0
ゆみお	0
ゆみか	1
ゆみしち	0
ゆみちか	2
ゆみの	1
ゆみのしん	3
ゆみひこ	2
ゆみり	1
ゆめか	1
ゆめぞう	0
ゆめのすけ	0
ゆめり	1
ゆゆこ	1
ゆらのすけ	0
ゆりな	1
ゆんしょん	1
よあきら	2
よいちえもん	4
よいちざえもん	4
よいちべえ	2
よいちろう	2
よういちろう	3
ようえもん	0
ようきち	0
ようきちろう	3
ようしち	0
ようじろう	1
ようぞう	0
ようた	1
ようたろう	0
ようなん	1
ようのすけ	0
ようはち	0
ようまつ	1
ようゆうさい	3
よきお	0
よきち	0
よくさい	1
よくそ	1
よくとく	1
よこたろう	2
よごえもん	0
よさきち	0
よさぶろう	2
よざえもん	0
よしあきら	3
よしあつ	2
よしあり	2
よしいく	2
よしおき	2
よしおみ	2
よしかげ	2
よしかつ	2
よしかど	2
よしきよ	2
よしくみ	2
よしこと	2
よしさだ	2
よしさぶろう	3
よししず	2
よしじ	1
よしじろう	2
よしすえ	2
よしすけ	2
よしぞう	0
よしただ	2
よしたね	2
よしち	0
よしちか	2
よしつな	2
よしつら	2
よしとう	2
よしとき	2
よしとく	2
よしとよ	2
よしとら	2
よしなる	2
よしはな	2
よしひで	2
よしひと	2
よしひら	2
よしふみ	2
よしへい	0
よしべえ	1
よしほ	1
よしまる	0
よしまろ	0
よしみち	2
よしもち	2
よしよ	0
よしより	2
よじべえ	1
よじゅうろう	0
よじろう	0
よすけ	0
よそえもん	0
よそごろう	2
よそじ	1
よそべえ	1
よぞう	0
よつね	1
よねきち	0
よねさぶろう	3
よねしげ	2
よねじ	1
よねすけ	2
よねぞう	0
よねた	1
よねたろう	2
よねとも	2
よねひこ	2
よねへい	0
よねわか	2
よのすけ	2
よはち	0
よひ	1
よへえ	1
よまい	1
よみこ	1
よもしち	0
よりあき	2
よりいえ	2
よりうじ	2
よりえ	0
よりお	0
よりかた	2
よりかつ	2
よりきよ	2
よりくに	2
よりさだ	2
よりすけ	2
よりずみ	2
よりたか	2
よりたけ	2
よりただ	2
よりたね	2
よりつぐ	2
よりつな	2
よりつね	2
よりつら	2
よりてる	2
よりとう	2
よりとき	2
よりなお	2
よりなか	2
よりなり	2
よりのぶ	2
よりのり	2
よりひさ	2
よりひで	2
よりひと	2
よりひろ	2
よりふさ	2
よりまさ	2
よりみず	2
よりむね	2
よりやす	2
よりゆき	2
よるこ	1
らいざぶろう	0
らいじゅん	1
らいたろう	0
らいれん	1
らおり	1
らくしんいん	3
らくたろう	2
らくへい	0
らげつ	1
らこ	1
らざえもん	0
らざん	1
らんぐう	1
らんげつ	1
らんじゃ	1
らんせつ	1
らんぜ	1
らんたろう	0
らんだい	1
らんどう	1
らんまる	0
りいさ	1
りいちろう	2
りいな	1
りえな	1
りえもん	0
りおな	1
りきお	0
りきこ	1
りきせい	1
りきぞう	0
りきたろう	2
りきち	0
りきのすけ	0
りきまつ	2
りきや	1
りくいち	2
りくたろう	2
りくのすけ	0
りくろう	0
りさぶろう	2
りざえもん	0
りしち	0
りしちろう	0
りぞう	0
りたろう	0
りちこ	1
りっちゅう	1
りっとく	1
りつえ	0
りつお	0
りつか	1
りつくん	1
りつこう	1
りつじろう	2
りつたろう	2
りつろう	0
りはち	0
りはちろう	2
りへえ	0
りほ	1
りほこ	1
りほな	1
りみ	1
りみこ	1
りやこ	1
りゅうう	1
りゅうえつ	1
りゅうえもん	0
りゅうがい	1
りゅうきち	0
りゅうごろう	1
りゅうざぶろう	0
りゅうしろう	0
りゅうじろう	1
りゅうすけ	1
りゅうたつ	1
りゅうてつ	1
りゅうのすけ	0
りゅうはく	1
りゅうばい	1
りゅうぶん	1
りゅうべえ	1
りゅうむ	1
りゅうや	1
りゅうろう	1
りょういちろう	3
りょうえい	1
りょうえつ	1
りょうきち	0
りょうぎょく	1
りょうぎん	1
りょうごろう	1
りょうさ	1
りょうざえもん	3
りょうざぶろう	0
りょうしち	0
りょうしゅん	1
りょうせつ	1
りょうたく	1
りょうちく	1
りょうちゅう	1
りょうちょく	1
りょうとん	1
りょうのすけ	0
りょうはち	0
りょうべえ	1
りょくう	1
りょくへい	0
りょくま	1
りょくよう	1
りわ	1
りんいち	0
りんいちろう	3
りんえもん	0
りんきち	0
りんざぶろう	3
りんじろう	1
りんすけ	1
りんたろう	0
りんのすけ	0
りんぷう	1
りんぺい	0
るうか	1
るきや	1
るつこ	1
るの	1
るりか	1
れいいち	0
れいえい	1
れいきち	0
れいごん	1
れいざぶろう	3
れいしろう	0
れいじろう	1
れいすけ	1
れいた	1
れいたろう	0
れいちん	1
れいね	1
れいの	1
れいのすけ	0
れいぼ	1
れいみ	0
れいよし	1
れつきん	1
れつこ	1
れつせい	1
れつぜん	1
れよな	1
れんえい	1
れんきち	0
れんげつ	1
れんざぶろう	3
れんしん	1
れんじん	1
れんのすけ	0
れんや	1
れんやさい	3
れんろう	1
ろくぎょう	1
ろくざん	1
ろげつ	1
ろげん	1
ろここ	1
ろさんじん	2
ろせき	1
ろちょく	1
ろつう	1
ろてき	1
ろふう	1
ろぶん	1
ろまお	0
ろみ	1
ろんかい	1
ろんは	1
わいざん	1
わいち	1
わうん	1
わかえんか	3
わかこ	1
わかさのすけ	4
わかじろう	2
わかたろう	2
わかちよ	0
わかね	1
わかひさ	2
わかまろ	0
わきお	0
わきこ	1
わきぞう	0
わきち	0
わさく	0
わしち	0
わしろう	0
わじゅうろう	0
わじろう	0
わぜん	1
わぞう	0
わたまろ	0
わたりのすけ	0
わたろう	0
わりつ	1
あさき	1
うすう	1
おまあ	2
かたはる	2
きみひで	2
ぎょくざん	1
げんぱち	0
さらさ	1
すけよ	0
てんぷう	1
ときゆき	2
としたり	2
ともはる	2
のりつぐ	2
のりよ	0
はるとき	2
へいしち	0
まさうじ	2
まさなが	2
みおう	1
もといち	2
もろみち	2
やすと	1
やすひと	2
ようすけ	1
らいぞう	0
りきへい	0
りゅうさく	0
りよ	1
りんすい	1
いつか	1
いんしょく	1
けずり	0
さむかぜ	2
じょういち	0
そとこ	1
たかとき	2
てるみ	0
ふみまさ	2
ぶんしち	0
へいじゅう	1
おじゅん	2
がくじゅん	1
さより	0
てっさい	1
としなり	2
のりで	0
のりまさ	2
ほまれ	0
まさかど	2
ゆいこ	1
よねさく	0
あやね	0
こうで	1
すけいえ	2
はるうじ	2
ひさかず	2
ひとなり	2
みちいえ	2
もとかつ	2
りつほん	1
げんいち	0
としあつ	2
のぶなり	2
ひなの	0
むねよし	2
もとつね	2
よしうじ	2
りきいち	2
いそいち	2
かずいち	2
げんない	1
しんな	1
としのり	2
としひら	2
よしと	1
りょうじゅん	1
さねとき	2
ためもと	2
ときぞう	0
みつあき	2
わかまる	0
いくみ	0
おうちゅう	1
ぐんぺい	0
ひらつか	0
よねお	0
おね	1
かのえさる	4
しじっ	2
しじゅっ	2
はなちゃ	2
おせ	1
しんむら	1
ほくざん	1
みつかず	2
よしたつ	2
すしてん	2
とぼけ	3
どうに	1
りや	1
まよこ	1
もりゆき	2
かなし	1
たさぶろう	2
てるよ	0
ねんさい	0
ひろふみ	2
きょくない	2
むぎこ	1
ゆきすけ	2
よしいち	2
よねいち	2
うたえ	0
かみはやし	3
しげもち	2
ずいと	1
もとまろ	2
もよ	1
やすはる	2
まさのり	2
もとかず	2
もとふみ	2
あきのり	2
ないりき	0
ふみひろ	2
かぜけ	0
ごったがえし	4
みのがし	0
りつざん	1
うえのやま	3
おおだ	1
とよとし	2
おおぬさ	0
おおはやり	3
もとむ	0
よねはら	2
つなのり	2
いつも	1
さねよ	0
づゆ	0
はんだく	0
くらぞう	0
ななあ	2
さとあき	2
おおゑ	0
くずれ	3
なむさん	0
みちなが	2
おうど	1
えざ	1
たちより	0
もうえ	1
かふろ	1
くらうどの	0
ちゃくじゅん	0
あっこう	0
くにつね	2
ごせ	1
なぐれ	0
あぃあぃ	1
ふくみぞん	0
よしきち	0
げっそん	1
しげゆき	2
どっき	0
はやかず	2
ひろぶみ	2
そとで	0
ひろむ	0
ふみはる	2
まきもどし	0
こへえ	1
えいた	1
みきり	0
おびら	1
はかじるし	3
すけのり	2
かはづ	0
のんど	1
あいえい	1
おさる	2
がくげき	0
ただいち	2
ただざね	2
くみとり	0
つききり	0
よしね	1
ありまの	1
くだらのこにきし	6
さゆ	1
がっきょうかい	3
みかわしま	0
めおし	0
おうがい	1
つつぐち	0
のこし	3
てすさび	2
こしべ	1
きつかけ	0
とぅびとぅ	2
なほみ	0
もとはる	2
じつげつ	2
そいち	1
まえびろ	0
ふくまる	0
てつのり	2
ひなか	1
いせの	1
あらの	0
きょくどめ	0
ひとりたび	3
ともゆき	2
まくま	0
ながとき	2
たみお	0
にぎり	0
ふみたけ	2
みちば	0
えしゅん	1
ぬぐい	0
はんはん	1
こめぐら	0
つるこ	1
むねかた	2
がしや	0
かずみち	2
つねひさ	2
づま	2
なおらい	0
おりから	2
くにいち	2
ちゃぁぁぁぁぁん	1
ちゃぁん	1
ちゃあん	1
ちゃあーん	1
ひとふみ	2
みつてる	2
さきだち	0
まよいみち	2
なりかけ	0
すしや	2
たけなお	1
ちかよし	2
うんしつ	0
てんぺい	1
どくふつ	1
みなみかぜ	3
さがみこ	3
ぞうもん	0
ためいち	2
ふけんれん	2
くちなわ	0
やみぞら	0
まえじょう	2
げんよし	1
ひきとり	0
げでん	0
ひざかな	2
いすわり	0
うちべ	0
たけみち	2
きくいち	2
すみと	1
やすとし	2
おじぎり	2
しんて	0
かつえい	1
きわた	1
くるまや	0
なつび	2
にちきゅう	0
せいな	1
ねばつち	0
やすのぶ	2
うえした	2
かたし	1
ぷん	1
ゆうざ	1
くろまつ	2
しんやま	0
だいほう	0
なりとき	2
よそゆき	0
しらやま	0
たねこ	1
のりあき	2
ざつぼく	0
ぞうぼく	0
だいと	1
まじょ	1
みなかみ	0
ばいがえし	3
いえしげ	2
こもんじ	2
きわむ	1
にょてい	0
ひなせ	1
しゅうりつ	0
きゃくしき	0
やみよ	2
いとし	1
ばんて	0
べ	1
びいなす	1
まさつね	2
こまごめ	0
おしっこー	2
はまべ	1
かあい	0
したごころ	3
けふり	3
おおね	1
ほこうえい	2
やづくり	2
やつれ	3
わへえ	1
じへえ	1
かじま	1
さしで	0
ききとり	0
ぎいち	1
みょうおう	3
ぬりやく	2
つねかつ	2
ひとごころ	3
やすなが	2
あるじ	1
くちむろ	0
さどの	1
ときいち	2
なまもん	3
ひでとし	2
ただなか	2
こいめ	0
さくらぎ	0
しげふみ	2
ぬのぶくろ	3
けわい	1
さきがた	0
ひとりまえ	0
うじの	1
おいこし	0
ひろたり	2
きんだち	1
ねんげつ	1
おしこみ	0
みなみやま	3
たなくら	2
だめし	3
ひより	0
たかみず	2
とよさく	0
くぐり	3
しゆんぜい	1
あかほ	1
いわいさき	2
なおひと	2
うたい	0
にんげつ	1
かんむり	0
ふつどく	0
げんほう	1
ひがしいち	3
あわぶろ	0
いまなか	0
えどがわ	0
おかのぶ	2
かずつぐ	2
があ	1
じつこ	1
どおし	3
まさなお	2
をとうと	4
がふう	1
ふるき	1
あさがすみ	3
からみあい	0
かれやま	0
ひがしがた	0
そらで	0
はらがわ	0
あたまがわ	0
かうもり	1
かふむり	1
とりるい	2
ねんおう	0
ひとうけ	0
そうもく	0
りくぶ	2
でなおし	0
っぷち	0
みその	0
なまにく	2
っきり	0
ぐすし	2
このした	2
ちくぜん	2
くにじ	1
さだとし	2
さだよし	2
そとみ	0
あかがねの	0
みせい	1
いしがけ	0
こぎく	1
かずね	0
てとり	3
あさげ	0
おもで	0
またうえ	0
またがみ	0
こつじき	0
なりひと	2
なるひと	2
ことひと	1
このうら	2
しげあつ	2
ここぬ	2
ここのう	2
ひとかず	2
かどがまえ	3
はかまいり	3
はかまゐり	3
さくつけ	0
ちかもと	2
たおし	0
あっさりあじ	4
おもひいで	0
こっちがわ	0
たかっ	0
おさなご	3
じょうて	3
がてら	1
すてば	0
いがの	1
かづら	0
ふなばた	0
ぶんざう	0
だいこく	0
まえまえ	0
ばらし	0
あっちもち	0
ただまさ	2
つかね	0
ぬっころ	0
はかどころ	3
あかたに	2
あらかき	2
いしずか	0
いわたつ	0
うさだ	0
うみかぜ	2
おおぐう	3
おぼっ	0
かくやま	0
かねがわ	2
きゆづき	2
こっこうてい	0
ささめや	2
たきうえ	2
たてかべ	0
にしばた	2
にしゃんた	2
ひきじま	0
ひさうち	2
ひろつか	2
ふたむら	2
ふりや	1
ふるこうり	3
みとい	0
みとせ	1
わりさや	0
よしろう	0
たかふじ	2
よばれ	0
おつぎ	2
たかなり	2
ひきよせ	0
りょじん	0
おこのみやき	0
じすけ	0
てるあき	2
まじゅ	1
みはつ	0
ひんばん	0
がわらけ	0
ばいう	1
うなじ	0
かよい	0
あっちがわ	0
かはほり	0
かはぼり	0
かわぼり	0
うたげ	0
すみて	3
みやすんどころ	5
もんつき	1
ごんけ	1
めっけもん	0
おいの	1
かつえ	0
すいへん	1
つくりもん	0
りょうきゃく	0
かむりもの	0
づくえ	0
どうびょう	0
よりょく	0
おわら	1
のみの	0
まちなか	0
はふり	0
むなじし	0
ただきよ	0
たつきち	0
ほにゃらら	2
すきに	0
とどけ	3
ぬかるみ	0
いきもん	3
うづまき	2
たつひと	2
るずう	0
うみざかな	3
くにざかい	3
さかうり	0
とのやま	0
みぞれやき	0
めかし	3
ちゅらら	1
づたひ	1
とよへい	0
なかべ	1
よそもん	0
うづら	0
てーて	1
なりて	3
きゃぶ	1
さすらひ	0
しっきり	0
ようたつ	1
めっけもの	0
おてあげ	0
ぬかずけ	0
あかなべ	0
ゑくぼ	1
えべっ	0
かぶりつき	0
からっつあぎ	0
さをり	0
ちんぼこ	3
なづな	0
ねぎま	0
ひっさびさ	0
ひらかな	3
ほろあがり	3
めうが	0
めちゃいけ	0
ゆふなみ	0
あおか	0
あをに	0
あからみ	0
あからめ	0
あきあはせ	3
あけみお	0
あさぢふ	0
あしいろ	0
あしばあ	0
あしびき	0
あしらいもの	0
あすなろう	0
あすひ	0
あづきなし	3
あむずち	2
あたしごっこ	4
あたりき	0
あちらがえり	4
あっぽ	1
あつかひぐさ	4
あてかま	0
あぶらせみ	3
あゆひ	0
ありっきり	0
あわてもん	0
いいちこ	0
いいなづけ	0
いひなづけ	0
いささけわざ	0
いしじ	0
いしなぎ	0
いじけおとこ	4
いずかた	0
いせこみ	0
いたづらごころ	5
いたずらもん	0
いぼじりまき	0
いぼたのき	5
いぼたのむし	0
うえごみ	0
うがらい	2
うさばたけ	3
うさみみ	0
うだち	0
うちおほひ	3
うちなあんちゅ	3
うつそみ	0
うつぶせね	0
うなぐ	0
うなたま	0
うなべ	0
うなまぶし	3
うるめ	0
うるめぼし	0
うわなりうち	0
うんざりがお	0
えけり	0
ゑけり	0
ゑせもの	0
えのこ	1
えんぶり	0
えんころぶし	0
おほみたから	4
おほやけごと	0
おかつぱあたま	5
おかっぱがみ	4
おきぐち	0
おきざお	0
おけさ	0
おけさおどり	4
をけらび	3
おこも	0
おこわ	0
をさなごこち	4
おしゃぶりがわり	5
おちゃらか	2
おっぱいばなれ	5
おてんばむすめ	5
をとめご	3
をなりがみ	3
おのこご	3
おばこ	0
おひたし	3
おひや	2
おみあし	0
おみおつけ	3
おめでたつづき	5
おやつづくり	4
おろぬき	0
おわらぶし	0
かいつむり	3
かいなで	0
かいもちひ	4
かがりぬい	0
かっぱぎ	0
かけつゆ	0
かげたがね	3
かしましむすめ	5
かしらかむろ	4
かたいしお	2
かったくり	0
かなかき	0
かねごと	0
かまさわぎ	3
からかいうた	3
からかいがお	0
からかいことば	5
からちる	0
からっちる	0
からてんぼ	0
かりゆし	2
かわたれ	0
かわど	0
かわりざら	3
かんちょろ	0
がたべり	0
がなりごえ	4
からあき	0
がらりど	3
がんけ	1
きざがき	2
きもすけ	2
きうりぐさ	3
ぎばさ	1
くうす	1
くーす	1
くがたち	0
くぐもりごえ	5
くすみいろ	0
くすみけし	3
くすみとばし	4
くすみとり	3
くすみはだ	3
くせもん	0
くだかけ	0
くっつき	0
くつばみ	0
くどみ	3
くみざらし	0
ぐいのみ	0
ぐうのね	0
ぐしょぬれ	0
ぐいみ	1
ぐりはま	0
ぐれはま	0
けしねびつ	3
けつだし	0
けつめど	0
けずくろい	2
けんほ	1
こくうま	0
こけしづくり	4
こけしむら	0
こそあどことば	5
こだわりたまご	6
こちかぜ	2
こちどれ	0
こっぺい	1
こずら	0
こづら	0
こどちゃ	0
こどな	0
こみすな	0
こぶらがえり	4
こめかみがわ	0
ころいち	2
ごたまぜ	0
ごったまぜ	0
ごっこあそび	4
ごまめ	0
ごろた	1
ごろね	0
ごろんぼ	2
ごんあじ	1
さがなもの	0
さしぶた	0
さつきごころ	4
さねさし	0
さまかたち	3
さみどり	2
さらえ	0
ざらえ	0
さんさおどり	4
ざるめし	0
しこなし	0
しじらふじ	3
しだら	0
しだりお	0
しなざかる	0
しばれ	0
しみよごれ	3
しゃがみ	0
しゃがみわざ	0
しゃくりごえ	4
しゃっちょこだち	0
しゃべくり	0
じぶに	0
じゃんこ	0
じゅういち	4
じょんがら	0
じょんがらぶし	0
じりだか	0
じりやす	0
じんじんばしょり	5
すひがら	0
すいこべ	3
すいっちょ	2
すがれおい	0
すきなべ	0
すきはさみ	3
すきはら	0
すしあはび	3
すっぽかし	0
すんばい	0
すりわり	0
ずいいき	0
ずひいき	0
ずるたま	0
ずれこみ	0
ずれどめ	0
ずんだ	1
せせなぎ	0
せせらわらい	4
せっかちうさぎ	5
そっちがわ	0
そっちのけ	0
そぼろたまご	5
たずき	1
たたらいた	3
たもすくい	3
たゆたい	3
たんぽなべ	4
ださいたま	2
だだちゃ	0
だだもれ	0
だぶつき	0
だんまりいし	4
ちぎりうめ	3
ちちろ	1
ちはやふる	4
ちばらぎ	2
ちゃんこなべ	4
ちゃんちゃら	0
ちょいがり	0
ちょちょらもの	0
ちよぼくれ	0
ちょんがれ	0
ちらしがわ	0
ちりす	0
ちりすて	0
ちりじり	0
ちりなべ	0
ちりむし	0
ちんちんかもかも	5
ちんどんや	0
つけいた	0
つづれさせ	4
つぶろさし	3
つぼあし	0
つぼがた	0
つるがれ	0
つるしびな	4
つるぺた	0
てぃんさぐ	0
ていおどり	3
てておや	0
でこだし	0
でぶちん	0
でれすけ	2
でろれん	0
でんぐりがえし	5
でんぐりがえり	5
とんがりば	4
とぐりことば	4
とこしえ	0
とこしなえ	0
とっぱじめ	0
とぶらひ	0
とろあじ	0
とろろあえ	0
とんとんぶき	0
どかあめ	0
どじっこ	0
どぜうじる	4
どぜうなべ	4
どたぐつ	0
どっちらけ	0
どぶじる	0
どぶづけ	0
どぶり	2
どぼづけ	0
どよもし	0
どらねこ	0
どろろじい	4
どろろばあ	4
どんつき	1
どんどび	3
なーなー	3
なしくづし	0
なすりあい	0
なぞりがき	0
ななふし	2
なーべやきい	0
なーべやーき	0
なーべーやーき	0
なまりぶし	0
なめくぢ	3
なめろう	0
なやらひ	2
ならずもの	0
ならなし	0
なりかたち	0
にぎりづめ	0
にぎはひぐさ	3
にぞ	1
ぬかりみち	3
ぬかるみみち	4
ぬたごろも	3
ぬまかや	0
ぬらりひょん	2
ねぎまぐし	3
ねこまんま	3
ねずもち	2
ねぶたばやし	4
ねぶたまつり	4
ねぷたまつり	4
ねぷた	0
ねらし	3
ねんぶり	0
のさり	0
のっぺい	0
のっぺいじる	5
のどひこ	2
はんさし	0
はだすすき	3
はだら	0
はちきん	0
はつぱ	0
はつだけ	0
はてなぶくろ	4
はねとび	0
はまぎり	2
はまなべ	0
はめどり	0
ばけだぬき	3
ばたや	2
ばっかいさわ	3
ばっけ	1
ばねはかり	3
ばらしもの	0
ばらずみ	0
ばらだま	0
ばらふ	0
ぱくりもの	0
ひきごと	0
ひきざくら	3
ひざざら	0
へしこ	0
ひっつり	0
ひととび	2
ひいなあそび	4
ひねっこ	0
ひょっとこおどり	5
ひょろなが	0
ひよめき	0
ふろの	0
びらと	1
びりっかす	4
ふきまめ	2
ふくらすずめ	4
ふくろまつり	4
ふざけうた	3
ふざけことば	4
ふてもの	0
ぶっかき	0
ぶっくれぶね	4
ぶっちがい	0
ぶつぎり	0
ぶなやしき	3
ぶぶあられ	3
ぶぶづけ	0
ぶりっこ	2
ぶんばば	0
ぶんまわし	0
へつり	1
べかぶね	0
べたあし	0
べたがき	0
べたぬり	0
べったらづけ	0
べんちゃら	0
ほうかぶり	3
ほほづえ	3
ほほぼね	0
ほがいびと	2
ほっつけ	0
ほっとり	0
ほおっぺた	4
ほつれ	3
ほつれどめ	0
ほろし	0
ほんそご	0
ぼかしぞめ	0
ぼたゆき	2
ぼてじゅう	2
ぼてれん	0
ぼらつち	0
ぼんじり	0
ぼんちり	0
ぼんぼち	0
ぽかやすみ	3
ぽっこりおなか	5
ぽっつりめし	4
ぽっぽや	0
ぽっぺん	1
ぽぴん	2
まあさむん	0
まーさむん	0
まをとこ	2
まかりまうし	4
まぐれざいわい	4
まじゃらいん	3
ましぐら	0
まっぺ	0
ままんご	2
まわりとり	3
みさかひ	0
みづくき	0
みづさかづき	3
みづひき	4
みだりごこち	0
むいむい	0
むかすむかす	0
むきくり	2
むくれがお	0
むらぎえ	0
むらめ	0
むんずり	0
めくるんるん	3
めくわせ	2
めずし	1
もうけもん	0
もへぎ	0
もぎたて	0
もぎなす	0
もしほ	0
もたつき	0
ものおぢ	0
ももしき	0
もろだし	0
やしょうま	2
やたらづけ	0
やっかみぐち	0
やっさおどり	4
やっちゃば	0
やのあさって	4
ややこおどり	4
ゆふつけ	0
ゆきをんな	3
ゆきひかり	3
ゆしぇんこ	2
うでたまご	3
うでだこ	3
ゆとりかぶ	3
よかちょろ	0
よさこいまつり	5
よしづ	0
よだか	1
ろくぶて	0
わいがや	0
わきけ	0
わくどう	2
わさびのり	3
わたつうみ	3
わななきごえ	5
わらしこ	0
わらぶくろ	3
わらはやみ	0
いきれ	0
ほつ	1
みのも	0
おっかぁ	3
どんどやき	0
おえら	0
いっこくどう	0
ほんぶし	0
くんち	1
せっつの	0
かづ	1
ひずめ	3
まさすけ	2
かりこ	3
とむね	1
おおんかみ	2
やつとこ	0
きんばら	1
てっとり	0
もんめ	3
くづし	3
にんいん	0
あてがい	0
いえまさ	2
たかあきら	3
じょうした	1
けぶ	0
あかれ	3
ほくふう	0
おっか	3
ちかたか	2
っぱ	2
いちびょう	0
じょうでん	0
おおおみ	1
こみち	1
づくし	1
りょうはじ	0
べいちょう	1
いひまわし	0
いなし	3
くさかご	2
しろさけ	0
ごりょん	1
かよいじ	3
ひがしおき	0
もらい	0
あおやなぎ	3
たけかど	2
ようない	1
けつね	0
べいふん	0
たきぎわり	0
おきのぶ	2
みちよし	2
ひゃくぞう	0
いりぶ	1
いまくに	2
かるのり	0
くりつ	1
ひとづま	0
まつづか	2
うまれがはり	0
しげよし	2
におも	0
よっこらしょっ	1
いろあせ	0
かなはら	2
はんしゅ	1
やすいち	2
つんく	1
とどけいで	0
いつづけ	0
ぼっち	1
なかかわ	0
もんむ	1
おこなひ	0
でみせ	0
わかき	1
たかざき	2
たこっち	2
づな	2
いさご	0
すちぶんそん	3
うすはは	0
とうやこ	3
けいたう	1
ともあき	2
あきかわ	2
きーほー	1
さいきよう	1
にっしー	1
あかすけ	2
あぎみ	0
あずっち	2
あにゃっぺ	2
あばさだ	0
あやあね	0
あらそ	1
あるゆ	1
いぐひ	1
いもじー	3
いもじじい	4
うえちゃんぐ	3
うさうさ	1
うさむら	2
うまっち	2
うーすとる	1
ゑさん	1
おいそ	2
おほつぶね	3
おおまきひめ	4
おすぎ	2
おのでぃ	1
おふじ	2
おぷろう	0
おぼん	0
おもか	1
おりき	2
おーせ	1
かけろう	0
かっぴ	1
かやひめ	2
がんへん	1
きしゅそ	1
きゃで	1
きゃめ	1
きゅんたろ	0
ぎょうがき	0
くだんばあ	4
くどっち	2
くにのとこたち	0
くらたま	0
こっけ	1
こまきひめ	3
こましゅう	2
こもき	1
こやくし	2
こやくしくそ	4
ごっきゅん	3
ごっちん	0
ごーかいだー	3
さとひめ	2
しみしみ	1
しゅうせ	1
じゅりたえ	0
づしおう	2
たつのぼり	3
だいだらぼっち	0
ちびすけ	2
ちょうごん	1
ちょんひゃん	1
ちよとろ	0
つしおう	2
つるすけ	2
てるきしやき	4
てるーる	2
でじこ	1
とっちゃまん	1
とよぽん	1
だうきん	1
なべしん	0
にゃんばず	0
にょんじょん	1
のりっぺ	2
のりぴー	1
はなうさ	2
はぴい	1
ひうた	1
ひちやうばう	2
ぴょんた	1
ふぁんにー	1
ふぢさし	2
ぶっぷ	1
ぷちこ	1
ぷちばやし	3
ぷに	1
ぷれっち	2
ほっぺん	1
ぽうぷ	1
まかぢ	1
まきぷぅ	1
ましま	1
まっすー	1
まっちゅ	1
まつづる	2
まめりお	2
まりっぺ	2
みいた	1
みおぽん	1
みちゅ	1
みゃん	1
みゃんこ	1
みゅーみゅー	1
みゆっぴ	2
めちうす	1
まうれん	1
やしゆだら	2
ゆうきゃん	1
ゆうきんぐ	3
ゆうちい	1
ゆうにゃ	1
ゆかも	0
ゆかゆか	1
ゆきんく	2
ゆっぴ	1
ゆっぴー	1
ゆのっち	2
ゆぽりん	1
ゆんか	1
よしりん	1
よっしん	1
よっぺい	0
らうっち	2
らくあつ	2
りぱぷぅ	1
るちや	1
るっぴぃ	1
れんみつひめ	4
ろおれんぞ	3
わたがめ	0
わらざる	1
おはち	2
すぷ	1
まろや	1
あづ	1
でほん	2
よしこの	0
おとこもん	0
かねまさ	2
めこ	1
ゆうげ	0
かづや	1
かめあたま	3
のぶかず	2
まゆゆ	1
ぶえ	0
おじゅう	2
これえだ	0
えいさあ	0
ほおえみ	0
ゆうざん	1
どりこみ	0
ないまく	0
ながこ	1
うそー	1
やみくろ	0
かつえじに	0
さかじょう	2
ととのい	0
みたん	1
ひとうま	0
らくえん	0
じんこく	0
あかき	0
いちゃ	1
きのせ	1
くぅん	0
くうん	0
やすたろう	2
さくらばし	3
まとひ	0
かわわたり	3
ぬっ	1
びぜんの	1
ゆうめし	0
をばな	1
まえわ	0
ざんじつ	0
つむじかぜ	3
やたく	0
おおともの	0
だいぞう	0
ななめまえ	4
まつたけ	2
はつひ	0
はつび	0
げんじゃ	1
かぜむき	0
ふみづくえ	3
そのこ	1
くにわけ	2
ぽうこう	0
えーびーしーでぃー	7
やながわ	0
ふたなり	0
だいぜん	1
いずみちゅうおう	6
どうりょく	1
とういち	0
みなみひがし	0
たてあき	2
おさらぎ	0
じゅすけ	0
ひがしの	0
こづみ	1
さわがせ	0
ぬれごろも	3
かいうけ	0
したで	0
ぎょうほう	1
としひさ	2
まさつら	2
はないろ	0
としつき	2
もんじゃ	1
さとづか	2
きぬがわ	2
あきひで	2
つちい	0
はるかぜ	2
すずかぜ	2
みやこの	0
にしみや	2
はしら	1
ひさやす	2
こくさん	0
しゃんはい	1
ひだりよこ	0
ないそく	0
ぎょ	1
よくしゅ	0
きょうりき	0
すみのえの	0
でがみ	0
かすやの	0
しまなか	2
ひでかず	2
ことなり	0
ごゑ	1
うまれび	3
ひがしえき	3
まろうど	2
まさふみ	2
うまれかはり	0
しもべ	1
もっけ	1
かんなづき	3
いきば	0
べいかぶ	0
ゆきさき	0
うわがわ	0
やすさだ	2
ごうばん	0
とうがわ	0
あつお	0
ものべ	1
やすさと	2
こぞ	1
まがお	0
ざと	0
こんじき	0
なかまえ	2
たけかず	2
ひんとう	0
むこがわ	0
ざかい	2
ゆきよし	2
おおふね	0
しげぞう	0
たいすけ	1
うえや	0
しろはだ	0
たへえ	1
なおぶみ	2
ゆおう	0
よしのすけ	0
かぎなり	0
たちゃあ	1
たわこと	0
ひるどき	0
ひろそで	0
ぶしょく	1
よしわるし	3
わきだし	0
ひょうろく	0
きしかた	1
いりば	1
あけごろも	3
いさおし	0
おやす	2
ぢ	0
るもえ	1
かしく	1
つぐお	0
むこうやま	2
べいみん	0
ちゅうから	0
こはし	1
たねだ	1
はいりぐち	3
もろほし	2
たかはる	2
えるえる	0
おおいきみ	3
たけじ	1
もみぢ	1
すべらか	2
きよはらの	2
けいつね	0
しゅくふ	2
あきかず	2
たきだ	1
かざばな	0
げいき	0
げえき	0
めしい	2
おおまじめ	3
かねがもり	3
さかのうえの	0
すげがさ	3
もとぶ	1
てには	0
ときのこえ	4
ねんひ	0
こすりきず	3
いちおか	2
たつなり	2
やまばた	0
むうっ	0
あきづ	0
いしむろ	0
ちゅら	1
おおだか	1
じきどう	0
おぶね	0
さまよい	0
ぜにかせぎ	3
きしぞい	0
あくがれ	0
きゅうばく	0
くにさだ	2
あげたまご	4
みょうもく	0
やすひら	2
ただつぐ	2
ほつた	1
ほりた	1
めえた	1
はるさぶろう	3
ごんべい	1
ほしぼし	2
かなぼし	2
かたそく	0
いくさば	0
ぶく	2
とよのぶ	2
ひかた	1
えいざぶろう	3
たつへい	0
やとな	0
しろいろ	0
たにくち	2
たかおき	2
たけだの	0
まちうち	0
こぶさ	0
でもの	0
はとりべ	0
はんげつ	1
あったかみ	0
きみと	1
きりあめ	0
いいわた	0
あまつ	1
はしたもの	0
ほんそ	1
うざん	1
みいっ	0
くにびと	0
おしかつ	2
とよはる	2
ぐらし	0
うりかた	0
けとば	0
としよ	0
くさがり	0
あやまりりつ	4
をの	1
うつわ	0
くすりゆ	3
ひでなり	2
きみまさ	2
ふじよ	0
つむり	3
でかく	1
よりまし	0
なりと	1
ぷぅ	1
いしわたり	3
かずあき	2
したぐさ	0
たかふだ	0
こべや	0
はりがみ	0
ふくで	1
かつらき	0
せんこうじ	1
ざや	1
うそく	0
ぎゅうび	1
ねんあけ	0
すづ	1
こけら	0
みちのぶ	2
じかた	0
ぼほん	0
がたは	2
なんぐも	1
かなぶん	0
ゆきづまり	0
かかわりあい	0
きたのの	0
まっこと	0
しまや	1
おんどれ	4
くしかんざし	3
ぼめ	2
おおやけの	0
くびす	0
りょく	1
もろて	0
こてら	1
ひょうえ	1
せのうえ	2
みぎもも	0
っと	0
うみがわ	0
つざき	1
ばたらき	0
りょうたろう	0
えきびる	0
のぶより	2
ぶんいち	0
せとうち	2
づかひ	1
あらはれ	0
いちお	0
さるたひこの	3
しろな	2
にへ	2
かうこ	1
とばくち	0
わきのした	3
おおまさ	0
ばんご	1
いしにわ	0
だーと	1
まさじ	1
はやぐち	2
いさり	0
かへりごと	0
あゃ	1
とも	1
うまぬし	2
うへや	0
めへ	1
おざし	1
あまりぬの	3
まるたに	2
かげいし	2
えいのしん	3
さね	1
かわべり	0
たにぞこ	0
おほいきみ	3
えちぜん	2
ごこち	0
ひつぱり	0
もたて	1
だおれ	1
きんあきらの	3
なかひがし	3
わかり	3
ちちくび	2
ちゅうぶる	0
ばいそく	0
ふたぁ	0
ふたあ	0
ぶつかりあい	0
しげあきら	3
ちゃどう	1
ふでがしら	3
りゅーじ	1
あつゆ	0
おんがえし	3
かみつかさ	3
はばびろ	0
こうば	3
うちはなし	0
こうがみ	0
おほぢ	1
かくしご	3
じめ	0
せっ	1
みうし	1
いかづち	0
あまざき	2
あらくれ	0
おくなか	2
かたで	0
ひづみ	0
ふりかえり	0
はらいた	0
みぎななめ	4
うるさか	0
かうしう	1
さまさま	1
ずくめ	1
にまめ	0
まみれ	1
みやうち	2
おわりの	1
うるさかあ	0
ずくし	1
ゆぅな	1
ひんがし	0
あたえ	0
さんようどう	3
ぺえ	1
たらく	1
どんべえ	1
ほんすじ	0
まぎれ	1
こぶへい	0
ざこば	1
たかじん	2
たけを	0
ゆきほ	1
そよこ	1
どんべい	1
あえみ	0
あくばう	1
あゆり	0
えつひろ	1
えみる	1
ゑんじろう	1
おあみ	2
おえよ	2
おえん	2
おかる	2
おきせ	1
おぎん	2
おけけ	2
おげん	2
おしが	2
おしず	2
おしづ	2
おしち	2
おしほ	1
おじゃるまる	3
おすえ	2
おせつ	2
おせっ	2
おその	2
おたけ	2
おたつ	2
おたね	2
おたみ	2
おちか	2
おちづ	2
おちせ	1
おちほ	2
おちゃちゃ	2
おちよ	2
おつた	2
おつや	2
おつゆ	2
おてい	2
おとせ	2
をとみ	0
おとよ	2
おなお	2
おにた	1
おぬい	2
おのぶ	2
おひで	2
おみつ	2
おやや	2
おゆう	2
おゆら	2
およう	2
おりゅう	2
おりょう	2
おりん	2
おるい	2
かなわか	2
かほる	0
きみまろ	0
くちゃよ	0
くめよ	0
くらつまろ	3
げげる	1
げんいちろ	3
させこ	1
さちや	1
さねき	1
さねたう	2
さわか	1
ししえもん	0
しみえ	0
じゅうべい	1
じんぺい	0
すゑの	1
すゑよ	0
すづこ	1
すめこ	1
せつら	1
さうふ	1
そんじやう	1
たかいこ	2
たぐか	1
たぐこ	1
ただおむ	3
だんきち	0
ちすん	1
ちょちょまる	0
つぐめ	0
てえるのぶ	2
でんべへ	1
といこ	1
ときとし	2
とんでんへい	3
どんた	1
なかちか	2
なめこ	1
なやこ	1
なよこ	1
なをい	1
はつゑ	0
ひできち	0
ひはり	0
ふさと	1
ふむとき	2
へきる	1
ぺきち	0
ぺとこ	1
まろたり	0
みくる	1
みつとお	2
むねみち	2
もこみち	2
もちよし	2
ももたらう	2
やるお	0
やんじ	1
ゆずこ	1
ゆつこ	1
ゆらら	1
ゆりうり	2
ゆりほ	1
らくはち	0
りゅうま	1
りょーすけ	1
るりと	1
ろしう	1
わざこ	1
わぴこ	1
おさく	2
おすが	2
おつう	2
おはん	2
おほも	1
およし	1
おれん	2
おわか	2
しようこ	1
とおちの	0
みすえ	0
みづえ	0
みゅぅ	1
りゆ	1
おえい	2
おきょう	2
かづみ	0
おつま	2
おふみ	2
だんかざり	3
およぎ	3
かながた	0
きりな	1
てすり	0
とよかず	2
くるよ	0
ゆぃ	1
ちずる	0
ひそか	1
ゅい	1
きゅうざん	1
とくいつ	2
かわばた	0
のぶきち	0
おひさ	2
こまぎり	0
ぴーえーぴー	5
かねしろ	0
とびた	1
たずね	3
なつあき	0
あきんど	2
あきゅうど	2
さいやす	0
はるなつ	0
いりくち	0
きなり	0
みやざと	2
おおいまち	3
のみばなし	3
ひざだち	0
ふかた	0
よそい	0
らいてう	1
らいてふ	1
なのは	1
ふみへ	0
くにはら	2
たへい	1
いしかわじま	0
びくとりや	3
おのこ	1
まがひ	1
おかもとの	0
きのへ	1
じきい	0
しもじ	1
あごぼね	0
はるゑ	0
おしげ	2
としかず	2
ふるたに	2
へびくち	2
なよろ	1
ぱは	1
さねゆき	2
づく	1
つきひ	2
うちづら	0
かてう	1
わがつま	0
といや	0
どいや	0
おうっ	1
およね	2
のこば	2
じらし	3
べいかん	1
でかけ	0
がよい	0
こごり	0
しに	0
ちゅうざん	1
みくまり	0
みわの	0
にかい	1
おろししょう	3
しゃくにゅう	0
いきな	1
はやとの	1
くりがみ	2
くほんぶつ	2
あじだし	0
よそひ	0
こづえ	0
じーまみ	0
っぺ	1
きゅうあく	0
ばいり	3
くんだり	1
づくめ	1
あおうめ	0
ちゃばたけ	2
とんにく	0
おおづな	0
とぜん	0
あさぬの	0
せうず	1
ぶじちょう	2
ゑみ	1
おーあーる	3
とねがわ	0
っぽっち	2
うみやま	1
ふとり	3
がわせ	0
のちかた	0
ゆさぶり	0
ふであと	0
さきて	0
つまこ	1
おおせき	1
じほ	2
なかしろ	2
まいげつ	0
しあいだま	0
けんゐち	0
よしいかわ	3
しょうじぃ	1
しょうじぃぃ	1
しろあと	0
ゆきがた	0
ぼんつな	0
まちむら	2
たてまえ	2
かつゑ	0
おびこう	0
ひんがしにし	0
ぶらさがり	0
おとこけ	0
きわめ	3
むな	2
たたみじき	0
っぱり	0
なぽれおん	0
ぢしき	1
ひゃくはつ	2
あたいべつ	0
おとこおんな	4
みつたろう	2
むらなか	2
とくまる	0
はれよ	0
ひでいちろう	3
ひきつづき	0
いまは	0
さかなとり	3
うつばり	0
ひたく	1
あきはる	2
ながもと	2
わぬ	1
よしいゑ	2
うるう	2
にがわ	1
こうみつ	0
ふりむき	0
けさじ	1
りきりつ	2
きょーこ	1
べらし	3
しごとさき	0
しもまち	2
ざいち	1
じざぶろう	2
しゅんぎ	1
どういっ	0
がんすけ	1
かをり	0
おとこぐみ	0
ぐるみ	0
しゃっか	0
よしふる	2
すうた	1
などころ	2
しょうおく	0
しがらみ	0
とけんない	2
りょくしょく	0
みなも	0
ゆぅ	1
あきらけいこ	4
かちあがり	0
しばいぬ	0
やまとちょう	0
てぇ	1
とよおみ	2
やくしま	0
しごとば	0
げつかん	0
げんだ	1
あめつゆ	1
したため	0
もりばやし	3
わすれ	0
いなかわ	2
ちちむすめ	3
しんがり	0
にしべ	1
きめ	0
あおむめ	0
ひのやま	0
づみ	0
しもおんな	3
さかけ	0
つたひ	1
ぜなか	0
がさね	0
みゅ	1
まけじあい	3
つかひ	1
もとゐ	2
けみょう	0
つがひ	0
つがい	0
しゅんぜいの	1
ふたごやま	0
ぞんち	1
つるぎの	0
さかう	1
ひよしちょう	0
あやせがわ	3
りょうそく	0
なかみや	2
かいがら	1
じいまみ	0
ただたろう	2
もき	0
だおし	0
ちきり	0
おもいいで	0
すさび	0
みずみち	0
ごりょうにん	2
ほんごくちょう	4
かずさし	2
きょくもく	0
よくほう	0
だいまつ	1
くばり	3
えいふつ	1
しもはん	0
しにざま	0
おしな	2
こえだし	0
おきひき	2
てつなり	2
ちゅうこうこう	3
かべつ	0
すけ	1
ふたじま	0
ていまい	0
じっさく	0
はしっこ	0
はじっこ	0
なきね	0
つきっきり	0
みくにの	0
ばさみ	1
かづあき	2
すえごろ	3
はしぎわ	0
ぶっすう	3
りつだい	0
おおか	1
のっとり	0
どにち	0
うつつ	1
みしゃ	1
ごんの	0
おもみ	0
だいけ	1
ぢょう	1
ねつかく	0
あざめい	0
うながみ	2
もんがい	1
なにひと	0
なにびと	0
きべつ	0
ゆばり	0
あずけ	3
さとご	0
せるが	0
みなみきゅうしゅう	4
ちんたいしゃく	3
しゅくさいじつ	3
ほんがく	1
たびしょ	3
かんげんがく	3
つちのと	3
かいがんどおり	5
みのまわり	0
おびと	1
にしとうきょう	3
おおひがし	3
うまば	0
わくない	2
きそがわ	0
ざんみ	1
みつを	0
きりくずし	0
つぎの	0
おばしま	0
びくとりあ	3
じくじょう	0
けんべつ	0
すすみ	0
やくてん	0
うなかみ	2
じしき	1
いえとき	2
ぼうふうう	3
りがっ	1
もよりえき	3
くにたみ	0
しあいはこび	4
ぐんがわ	0
ただむき	0
ちょうぎょだい	3
しきば	1
きゅうぐん	0
えいどく	1
みなとみらい	4
すぎき	1
しばこうえん	3
ぶつどう	0
かんおんじ	1
いんじょ	1
いたじょう	0
のて	0
よつお	0
きゃくよう	0
おんのじ	3
べいおう	0
とうようちょう	3
てらまえ	2
こほく	1
わけかた	3
したごう	2
まつへい	0
げんの	1
だいそつ	0
がっぴ	0
そんない	1
さくもく	0
おのむら	2
こんごうじ	3
とどうふけんけい	5
いんの	1
どうまえ	1
うえみぎ	0
おとわやま	0
たこく	0
こどもすう	3
べいだい	0
まきまち	2
たまごいり	0
いんずう	3
うまずき	0
おおずもう	3
さくらどおり	4
あわい	0
みぎしま	0
こくとり	0
さかだい	0
きまつ	0
びっくりばこ	4
つかいがって	4
うえひだり	0
たけとよ	0
おおそと	0
のべゆか	0
かほん	1
なんちゅう	0
てづかい	2
えんよく	0
じゅうもく	0
くにいり	0
かくかた	1
はかますがた	4
きゃくや	0
みせがわ	0
るいだ	1
まつのや	3
ねんびゃく	0
おんなやく	0
はっちゃく	0
れいまいり	3
ろんしゃ	1
うたずき	0
てんけつ	0
どうふけんぎ	4
亜	1
亞	1
婀	1
痾	1
相撃	0
相木	0
合気	3
愛恭	3
あい犬	0
哀公	1
愛甲	1
愛語	1
相座	1
愛死	0
愛酒	0
愛荘	0
愛賞	0
あい地	0
藍地	0
愛正	1
愛善	0
相曽	1
相磯	1
相蘇	1
会田	0
合田	0
愛田	0
會田	0
相田	0
藍田	0
阿以田	0
Ｉ田	0
I田	0
英田	0
隘地	0
倭津	1
愛東	1
相武	0
愛実	0
愛弥	0
愛海	0
相見	0
相身	0
靉光	1
愛和	0
英遠	0
阿尾	0
青柿	2
青土	0
青屋	2
青矢	0
明々	0
赤皮	0
赤韋	0
證	0
證し	0
赤兒	1
赤巣	0
赤名	1
赤穴	1
赤畑	2
赤葉	0
赤服	0
阿形	0
上利	1
厭き	2
秋くち	2
阿木津	0
昭憲	1
明秀	1
明き間	0
顯正	1
敬也	1
明也	1
昭也	1
晃也	1
秋哉	1
秋谷	1
阿膠	1
阿木	0
亜駆	1
亞駆	1
惡	1
悪字	0
あく太郎	2
阿克陶	0
渥目	0
揚操	0
阿契	1
阿後	1
安胡	0
網児	0
英虞	0
阿児	0
阿胡	0
阿護	0
阿誤	1
吾郷	1
浅	1
阿佐	1
厚狭	0
安佐	0
晨	1
朝井	0
浅井	0
淺井	0
麻井	0
朝夫	0
朝於	0
朝生	0
朝男	0
浅夫	0
浅雄	0
阿佐緒	0
麻郎	0
旦尾	0
浅尾	0
淺尾	0
淺生	0
麻苧	0
麻子	1
浅地	0
麻地	0
浅福	2
脚裏	0
芦江	0
芦尾	0
足尾	0
芦刈り	0
葦刈り	0
蘆刈	0
葦雁	0
脚側	0
足側	0
足だ	0
芦辺	0
悪しみ	3
足峰	2
庵治	0
阿直	1
朱鳥	1
飛香	0
安寿子	1
明日子	1
東雄	1
安栖里	1
阿曽田	0
阿娜	0
安立	0
阿直岐	1
阿茶羅	0
阿茶蘭	0
悪器	1
圧痕	0
悪根	0
圧成	0
竺	1
阿閉	1
充美	0
厚海	0
厚美	0
敦実	0
敦美	0
有津実	0
淳美	0
温美	0
篤美	0
厚見	0
敦光	2
厚盛り	0
厚代	0
敦代	0
安津美	0
安積美	0
安殿	1
安諦	1
阿手	1
阿堵	2
竅	2
隠舎	2
穴風	0
阿仁	0
啞巴	1
安波	1
阿武	1
油布	3
雨衣	0
甘久	1
雨坪	2
天社	1
阿麻美	0
阿万里	1
天利	1
甘利	1
亜実	1
亜海	1
亜美	1
阿未	1
阿美	1
阿見	0
阿弥	1
編み緒	0
編緒	0
安見子	1
阿毎	1
あや乃	0
亜矢乃	0
彩乃	0
彩野	0
文乃	0
綾乃	0
綾埜	0
あゆ美	0
亜弓	0
亜由巳	0
亜由美	0
安祐美	0
愛弓	0
愛歩	0
愛結実	0
歩実	0
歩美	0
鮎美	0
阿羅	1
阿良	1
安羅	1
あら木	0
粗籠	0
新身	0
荒利	0
有里	1
有井	0
有家	0
有恵	0
有江	0
蟻子	0
あり丈	0
有礼	0
安竜	1
阿禮	1
安礼	1
泡瀬	1
暗暗	0
晏嬰	1
暗化	0
安行	1
暗光	0
暗紅	0
庵号	3
安在	1
安斉	1
安斎	1
安西	1
安財	1
安齋	1
安山	0
晏子	0
暗紫	0
案書	0
安勝	1
安重	1
安生	1
安城	1
安浄	1
安足	1
安珍	1
安帝	1
安ど	1
安途	1
安堂	1
安東	1
安藤	1
安内	0
安野	1
庵野	1
案納	1
暗符	0
安法	1
安間	1
安民	0
晏眠	0
安陽	1
懿	1
潙	1
萎	1
違	1
言い立て	0
飯縄	1
伊江	1
懿栄	1
威王	1
以奥	1
遺王	1
猪折	1
伊織	1
遺音	0
伊香	1
何如	2
威海	1
井開	1
猪飼	1
伊加賀	1
胃角	1
沃懸	0
沃懸け	0
井門	1
五十里	1
井狩	1
以貫	1
伊川	1
居川	1
食其	1
伊木	1
位寄	1
壱岐	1
壹岐	1
伊岐	1
偉器	1
彝器	1
息気	1
意企	1
畏忌	1
異記	1
胃気	1
伊吉	0
行形	2
異曲	0
潙仰	1
郁栄	1
幾島	2
郁成	1
育徳	0
幾世	0
幾久代	0
育世	0
育代	0
郁代	0
猪喰	1
惟敬	1
池側	0
惟謙	0
意拳	0
移建	0
惟儼	1
囲口	0
異校	0
衣こう	0
遺講	0
緯国	1
移祭	0
伊佐見	1
伊飡	0
彙纂	0
異材	0
井沢	0
井澤	0
伊澤	0
為山	1
甃	2
石裏	0
石狩	0
石直	2
石田	1
石階	0
石ヅキ	0
石搗き	0
石突	0
倚藉	1
慰籍	1
伊州	1
夷州	1
渭州	1
衣しょう	1
医食	1
遺嘱	1
伊信	1
偉信	1
以心	1
以深	1
医心	1
伊治	1
倚辞	1
医士	1
医治	1
異時	1
維城	1
詒譲	1
渭城	1
夷場	1
井尻	1
伊豆	0
伊津野	1
いず美	0
伊津美	0
伊豆美	0
泉美	0
巌藻	0
医制	0
異星	0
移棲	0
伊籍	1
井石	1
井関	1
井關	1
伊関	1
居關	1
伊せ喜	1
異雪	1
以仙	1
伊仙	1
以浅	1
伊蘇	1
韋荘	1
いそ辺	0
磯べ	0
彝尊	1
夷賊	1
異賊	1
依托	0
遺沢	0
遺託	0
威丈	0
居丈	0
板取り	0
悼	0
悼み	0
井田	0
伊田	0
以智	1
伊知	1
夷地	1
赤檮	0
一井	0
一会	2
一翁	2
一がい	1
一概	1
一玄	1
いち子	0
一護	1
市座	0
一治	1
市二	1
市次	1
市治	1
一奈	1
一然	2
一松	2
一幡	1
一明	1
惟中	1
囲中	1
一憂	2
一祐	2
伊調	1
尹趙	1
一羊	2
一陽	2
一閑	1
一圭	1
一慶	1
一景	1
一蕙	1
一功	1
一鴻	1
一齋	0
一妻	0
一颯	4
一弛	0
一晶	1
一真	1
一神	0
一進	0
一せい	0
一仙	1
逸仙	1
一曹	1
一知	0
一忠	1
一蝶	1
一聴	1
一禎	1
一禎	1
一荻	1
一燈	1
一遍	1
一抱	1
一鳳	1
一法	0
五三	0
逸見	1
慰庭	1
維楨	1
位田	1
伊刀	0
伊戸	0
伊覩	0
伊都	0
怡土	0
偉徳	0
いと子	1
糸子	1
絲子	1
糸抜き	3
稲井	0
稻井	0
稲城	1
引佐	1
伊耶佐	1
稲佐	1
伊寧	1
鋳抜き	0
易燃	0
井野	0
伊野	0
猪野	0
井規	1
祈	1
禱	1
井原	1
伊原	0
為藩	1
井場	0
伊庭	0
韋彪	1
い品	0
井比	0
伊比	0
衣斐	0
伊福	1
伊武	0
以文	0
彙編	1
井部	0
伊部	0
井町	1
いま里	0
忌火	0
偉明	1
祖谷	1
嫌ー	2
惟庸	1
依賴	0
慰楽	0
囲卵	0
入舩	0
入谷	0
井龍	1
医龍	1
遺領	0
入鹿	1
入れ	0
伊連	0
伊盧	1
倚廬	1
色革	0
色粉	3
伊呂勢	0
伊和	0
維和	1
惟和	1
異和	1
頤和	1
岩川	2
磐垣	0
岩合	2
磐境	0
岩下	1
岩治	1
磐次	1
岩太	1
磐手	5
岩名	1
石長比売	4
磐長姫	4
石根	0
岩橋	2
岩花	2
岩松	0
巌谷	1
巖谷	1
韵	0
胤栄	1
允栄	1
寅永	1
印加	0
院覚	1
寅恪	1
韻学	0
尹喜	1
淫気	1
隠起	1
隱起	1
殷墟	1
陰虚	1
允恭	1
胤恵	1
筠軒	1
殷浩	1
因高	1
殷弘	1
陰語	0
陰山	1
尹子	0
胤子	0
隠志	0
院子	0
院試	0
寅洙	1
因州	1
印磁	1
院中	0
韻図	0
寅成	1
因碩	1
引拙	1
員中	0
韻紐	0
印手	0
印伝	0
院殿	0
隠殿	0
印東	1
印藤	1
犬童	1
印パ	1
院派	1
尹文	1
允明	1
殷容	1
陰陵	1
隠寮	0
隠淪	0
禹	1
于	1
塢	1
烏衣	1
宇井	1
鶯嬌	1
右院	1
右羽	1
植井	0
上武	1
植月	2
上野	0
植良	1
上枠	0
禹王	1
雨温	0
烏瞰	0
迂外	1
雨害	1
于基	1
宇城	1
烏鬼	1
浮身	0
誓	2
宇下	1
右近	1
宇郷	1
迂斎	1
烏山	1
雨師	1
う歯	1
牛建	0
雨翔	1
宇治	1
雨情	1
宇頭麻佐	2
芋銭	1
右前	0
哥	2
謳	2
宇馳	1
宇智	1
打ち緒	2
打緒	2
内郭	0
打ち子	3
うち粉	3
打粉	3
内立	0
打橋	0
うち巻	0
打矢	1
右朝	1
羽兆	1
写	3
摸し	3
尉繚	2
宇津呂	1
宇霆	1
雨鼎	1
禹鼎	1
優塡	0
優填	0
右殿	0
宇土	0
宇藤	1
優曇	1
海境	0
海界	0
項根	0
頸根	0
有也	1
宇奈利	1
鸕野	0
卯野	0
宇之	0
宇野	0
鵜野	0
宇野島	0
右府	1
羽粉	0
卯兵衛	1
右兵衛	1
宇兵衛	1
羽片	0
宇部	1
宇摩	0
馬江	1
馬買い	0
う巻	0
う巻き	0
宇麻志阿訶備比古遅	9
馬谷	1
生み分け	0
産みわけ	0
卯女	1
宇目	1
梅ケ江	2
埋木	0
梅茶	2
右羊	1
羽陽	1
憂羅	1
宇良	1
浦井	0
浦々	0
浦城	1
浦口	2
浦原	2
占見	1
浦見	1
裏見	0
麗ら	0
宇利	1
売り絵	0
乙支	1
売れ	0
宇和	0
上糸	0
上矢	1
雲栄	1
運慶	1
雲兄	1
雲渓	1
雲奎	1
雲岡	1
雲崗	1
雲弘	1
雲興	1
雲際	0
雲在	1
雲山	1
雲照	1
雲翔	1
雲章	1
曇心	0
雲浄	1
雲窓	1
雲長	1
雲底	0
運天	1
雲涛	1
雲萍	1
雲耀	1
雲揚	1
雲鷹	1
雲鈴	1
蘊嶺	1
雲嶺	1
穢	1
畫	1
荏	1
栄睿	1
榮榮	1
栄延	1
栄翁	3
永王	3
鋭音	0
栄完	1
永漢	1
英幹	1
英煥	1
影木	0
瑛九	1
映丘	1
英九	1
栄慶	1
栄圭	1
永奎	1
永敬	1
永桂	1
永権	1
英賢	1
栄玄	1
永厳	1
永玄	1
叡効	1
榮光	1
永厚	1
英浩	1
営口	1
永康	1
永興	1
英耕	1
曳痕	0
栄伍	1
栄吾	1
榮吾	1
英五	1
英伍	1
英吾	1
英悟	1
頴悟	1
永剛	1
叡齋	0
栄西	0
永栽	0
英詞	0
詠者	1
栄杓	1
栄春	1
永昭	1
英照	1
英生	1
栄昇	1
栄昌	1
永勝	1
永祥	1
永照	1
英翔	1
永植	1
永信	1
永新	1
永真	1
影心	1
栄信	1
英信	1
英心	1
永字	0
英辞	0
叡実	1
睿実	1
英実	1
栄重	1
衛青	1
慧生	1
栄正	1
英成	1
永靖	1
永千	1
永泉	1
永洗	1
瑛泉	1
穎川	1
英泉	1
潁川	1
頴川	1
英宗	1
影草	1
睿宗	1
栄総	1
永達	1
穎達	1
永忠	1
永中	1
英柱	1
英中	1
永超	1
穎超	1
永定	1
英哲	0
栄徳	1
盈徳	1
英年	1
永邦	1
英朋	1
衛満	1
栄明	1
栄民	1
永明	1
営門	0
栄洋	1
永陽	1
ゑ入	0
絵いり	0
絵入	0
永良	1
英了	1
瑛琳	1
栄林	1
永林	1
永璘	1
英林	1
栄和	1
恵印	1
益翰	1
奕譞	0
益軒	0
駅子	0
奕秋	1
駅商	2
易占	0
駅宣	0
掖邪狗	1
江木	0
恵慶	1
江国	0
江國	0
餌刺	0
恵諦	1
越河	1
越	1
江面	1
越天	0
江奈美	0
江波	0
榎木	1
榎之木	1
江場	0
江分利	1
江間	0
江馬	0
江麻	0
江実	0
江見	0
依莉	1
依里	1
円理	1
恵利	1
恵吏	1
恵理	1
恵里	1
惠理	1
栄梨	1
栄里	1
江利	0
江梨	1
江里	0
瑛里	1
絵利	1
絵梨	1
絵理	1
絵莉	1
絵里	1
英梨	1
英理	1
英莉	1
英里	1
衛里	1
衣厘	1
衣理	1
衣莉	1
衣里	1
選り	0
襟口	0
襟布	0
菀	0
冤案	0
燕雲	1
延睿	1
垣衍	1
燕々	1
苑円	1
延王	3
炎鷹	1
猿翁	1
燕王	3
袁隗	1
円戒	1
円管	0
円缶	0
塩乾	0
塩干	0
捐官	0
淵鑑	0
演鑑	0
焔管	0
閹宦	0
円買	0
円買い	0
猿害	0
円鑑	1
延教	3
篶薑	3
円喬	3
圓喬	3
圓鏡	3
演慶	0
炎景	0
延源	1
延好	1
袁康	1
袁郊	1
延孝	1
淵弘	1
延興	1
緣語	0
円載	1
延済	1
延載	1
袁傪	1
縁坐	1
塩山	1
円山	1
円紫	1
縁志	1
焉支	1
遠射	0
遠舟	1
遠州	1
兗州	1
円宗	1
円昭	1
延昌	1
袁尚	1
袁紹	1
円生	3
圓生	3
莚笑	3
円唇	0
円次	1
円治	1
圓次	1
燕児	1
遠邇	1
円珠	1
延壽	1
煙樹	1
延充	1
圓塾	1
袁術	1
燕順	1
円丈	1
圓丈	1
円城	1
円腎	0
炎神	0
袁人	0
遠人	0
円すい	0
円錘	0
延枢	1
遠陬	0
円勢	1
燕青	1
苑生	1
衍成	1
遠星	1
炎石	1
円銭	0
延線	0
沿川	0
蝯叟	1
煙村	1
円諦	1
円忠	1
廷柱	1
園中	1
円澄	1
苑長	1
遠沈	0
袁丁	1
遠哲	1
円堂	0
筵道	0
延撚	0
縁年	0
円応	1
えん尾	1
燕尾	1
艷美	1
延文	0
園服	0
延辺	1
袁木	1
袁明	1
淵明	1
円明	1
円弥	1
猿弥	1
塩冶	1
塩治	1
鹽冶	1
園冶	1
艶冶	1
円融	1
円遊	1
圓融	1
婉容	1
円竜	1
圓龍	1
円輪	0
園林	0
煙輪	0
円蓮	1
延朗	1
尾板	0
生出	1
鷗菴	1
王允	1
王翳	1
王英	1
応えん	0
王懐	1
王會	1
応魁	1
王翰	1
王圻	1
王毅	1
王頎	1
欧貴	1
鴨沂	1
往紀	1
応機	1
王姫	1
王旗	1
王畿	1
王喬	1
王強	1
王恭	1
仰木	0
扇木	0
横径	0
応玄	1
応元	1
王弘	1
王洽	1
瓮江	1
甕江	1
墺国	1
澳國	1
王根	1
王済	1
桜彩	1
逢坂	0
横指	1
王賜	1
王式	1
横射	1
王舍	1
王舎	1
王笏	0
応しゅう	0
王照	1
王璋	1
王粛	1
王植	1
王進	1
王震	1
翁二	1
鴎二	1
押実	1
桜嬢	0
桜譲	0
凹状	0
王杖	0
奥邃	1
泓水	1
応星	1
王聖	1
応聖	1
王勣	1
王績	1
王翦	1
旺相	1
王相	1
鴎村	1
王旦	1
王昶	1
王潮	1
王鼎	1
鴎亭	1
鷗亭	1
王涛	1
鴎東	1
鶯塘	1
王徳	1
王導	1
王堂	1
桜楓	0
応物	1
墺兵	0
王方	1
王裒	1
櫻峰	1
合馬	0
淡海	1
王蟲	1
王明	1
王勇	1
王揖	1
欧陽	1
王磊	1
生頼	1
鴨卵	0
黄卵	0
王亮	1
謳凌	1
王陵	1
王領	1
黄竜	1
黄龍	1
王倫	1
応麟	1
麻植	0
大カガミ	3
大潟	1
巨城	1
大伯	1
大久間	0
大隈	0
大くら	1
大志万	0
大図	1
大ぜき	0
大立	1
大舘	1
男大迹	1
大根田	1
大鼻	0
大マル	0
大実	0
大嶺	1
お梶	2
尾梶	2
岡太	1
岡馬	1
岡見	1
夫神	1
雄神	1
おか目	0
恩荷	1
尾賀	1
於期	1
冲	1
起き	2
置き台	0
置台	0
お吉	2
沖津	1
沖手	1
沖美	1
置き水	0
お清	2
小城	0
小木	0
奥井	0
奥居	0
奥川	2
尾腐れ	2
奧傳	0
奥貫	2
憶良	1
小國	0
尾国	0
牡熊	0
尾黒	1
お光	2
お江	2
尾輿	1
お紺	2
忍坂	2
お咲	2
尾埼	1
お定	2
お貞	2
阿定	2
収め	3
筬目	0
お珊	0
鴦	1
お鹿	2
阿鹿	2
忍勝	1
おし戸	2
押し戸	2
押目	0
お新	2
雄ジカ	0
小父ん	2
汚塵	0
押忍	1
小簾	1
お寿々	2
お鈴	2
お仙	2
お千	2
小瀬	0
尾曽	0
お袖	2
お染	2
男珠	0
於大	2
遠智	1
越智	1
越知	1
お蝶	2
乙戸	1
小角	1
お照	2
汚でい	0
淤泥	0
乙木	1
乙葉	1
音弥	1
尾内	1
尾仲	1
尾永	1
翁長	1
鬼王	2
鬼次	1
お浜	2
阿はま	2
小尾	0
飫肥	0
帯津	0
尾前	1
お巻	2
月水	2
お松	2
阿松	2
尾美	0
尾身	0
麻績	0
生茂	0
尾本	1
於茂登	1
御もと	2
尾森	1
お蘭	2
折井	0
折居	0
織井	0
織衣	0
下り居	2
下り場	3
降り場	3
織り場	3
折れ	2
お六	2
尾和	1
尾張	1
恩真	1
温醸	0
音場	0
温亭	1
恩納	1
恩來	1
恩来	1
音理	1
柯	1
賈	1
軻	1
何晏	1
買	0
飼い	0
懐隠	1
回運	0
怪雲	0
改運	0
蒯越	1
会越	1
介援	0
快演	0
怪演	0
海援	0
海苑	0
開宴	0
開筵	0
開遠	0
海王	0
海皇	3
海屋	1
海音	1
海鶴	1
回外	0
絵蓋	0
会記	0
瑰奇	0
買気	0
開九	1
回疆	1
懐玉	1
皆生	0
快慶	1
恢蛍	1
懐慶	1
開慧	1
魁傑	1
海娟	1
開県	1
会賢	1
戒賢	1
解元	1
買い子	0
開高	1
海紅	1
廻忽	0
戒語	0
誡語	0
悔斎	1
会作	1
介山	1
回視	0
回賜	0
改詩	0
鱠炙	1
解者	1
皆朱	0
海舟	1
芥舟	1
海州	1
解州	1
介春	1
海渚	1
会昌	1
海晶	1
會植	1
魁深	1
開進	1
開榛	1
魁心	1
海城	1
恢成	1
懐清	1
懐西	1
懐誠	1
介石	1
快川	1
戒仙	1
海善	1
貝層	1
廻村	0
海村	0
開村	0
貝高	1
解珍	1
開貞	1
垣内	2
海藤	1
皆藤	1
介堂	1
枴童	1
槐堂	1
海堂	1
海童	1
貝毒	1
槐南	1
壊任	0
改任	0
開披	1
懐冰	1
介賓	1
改附	1
開府	1
海福	1
海鵬	1
解宝	1
海峯	1
海北	1
海宝	1
海法	1
海豊	1
丐幇	1
海邦	1
魁鳳	1
貝掘り	3
かい間	0
垣間	0
開聞	1
海雄	1
海陽	1
開陽	1
魁蕾	1
開灤	1
開隆	1
開猟	0
海鈴	1
嵬崘	1
過員	0
過飲	0
換	0
替	0
嘉衛	1
華栄	1
華英	1
嘉エ次	1
歸いり	3
夏衍	1
果園	1
カ園	1
箇園	1
鹿央	0
禍殃	0
加恩	1
加音	1
夏音	1
華音	1
蚊科	0
河回	1
香登	1
可換	0
か敢	0
火浣	0
火管	0
顆間	0
嘉賀	0
鹿賀	0
花外	1
霞外	1
華蓋	1
嬥歌	1
寡額	0
絡り	0
下顔	0
火眼	0
過眼	0
堵墻	2
墻	2
掻き	2
書き	0
柿子	0
赤黄男	0
嘉橘	0
家橘	0
柿取り	3
柿捕り	3
何恭	1
夏強	1
禾香	1
花嬌	1
嘉慶	1
花鏡	1
佳局	0
佳曲	0
嘉儀	1
科技	1
鍵本	2
稼行	0
角井	0
鹿久居	0
角栄	1
角榮	1
鶴永	1
鶴泳	1
郭奕	2
核液	2
覚円	1
覚縁	1
鶴翁	2
覚苑	0
覚快	1
郭解	1
覚海	1
各階	1
画間	0
核径	0
覚源	2
郭厳	2
各舷	1
嚇猴	0
核孔	0
覚山	1
拡材	0
郭汜	1
各市	1
各氏	1
各誌	1
覚支	1
衣兜	3
革紙	1
各式	1
各室	1
客舟	0
客将	0
確勝	0
確證	0
隔障	0
革職	0
覚信	1
隔字	0
覚成	1
角城	2
各條	1
鶴城	1
郭盛	1
郭靖	1
覚生	1
各性	1
鶴政	1
隺仙	1
各線	1
覚禅	1
覚前	1
角層	0
隔測	0
核体	0
覚体	0
各段	1
画地	0
覚忠	1
赫宙	1
覚澄	1
覚超	1
各庁	1
各町	1
各邸	1
郭董	1
鶴頭	1
各党	1
各島	1
各棟	1
格堂	1
確堂	1
鶴年	1
各年	1
かく拌	0
撹拌	0
隔板	0
角張	2
各筆	1
角氷	0
各文	1
確変	0
角片	0
閣法	0
客房	0
核防	0
角棒	0
革名	0
郭躍	1
各役	1
覚猷	1
覚融	1
各欄	1
郭李	1
拡了	1
鶴梁	1
嘉訓	1
寡君	1
加計	1
可家	0
可慧	1
花蹊	1
荷兮	1
香景	1
花渓	1
懸緒	2
掛緒	2
掛貝	2
掛け屋	2
掛屋	2
掛矢	2
賭け矢	2
何謙	1
華健	1
影井	0
嘉源	1
禾原	1
下元	1
嘉元	1
加古	1
鹿児	1
過古	1
夏后	1
華康	1
夏光	1
柯公	1
河侯	1
華弘	1
華香	1
夏侯	1
嘉興	1
夏口	1
過刻	1
加佐	0
可西	1
河西	1
笠井	1
華西	1
葛西	1
加西	1
笠かけ	0
笠掛け	0
傘子	1
傘屋	2
可算	0
過酸	0
貸	0
樫尾	0
橿尾	0
下式	0
寡識	0
貸記	2
貸元	0
下集	0
伽葉	1
迦葉	1
霞樵	1
夏翔	1
歌昇	1
稼祥	1
華宵	1
蚊象	1
霞梢	1
佳松	1
夏津	1
火神	1
花晨	1
華信	1
柁師	2
舵師	2
かじ場	0
加治屋	1
佳城	1
花情	1
嘉承	1
家嬢	1
佳水	1
歌水	1
粕井	1
花水	1
春日野	1
加住	1
香住	1
掠れ	3
數	1
一猪	1
嘉瑞	1
家瑞	1
和久	0
和見	1
数見	1
鹿住	1
和良	0
加瀬	0
嘉瀬	0
可正	1
貸成	1
賈生	1
賈霽	1
嘉誠	1
華清	1
嘉靖	1
華正	1
華雪	1
家説	1
歌節	1
佳泉	0
加線	0
化せん	0
花仙	0
貨泉	0
花舌	1
風鳴	2
夏巣	0
火層	0
花草	0
加曽利	0
寡多	1
掛搭	1
花袋	1
嘉泰	1
片丘	0
固織り	0
方県	0
片木	1
片甚	1
肩付	2
肩付き	2
片見	1
互み	2
かた身	1
型屋	0
片矢	0
肩よせ	0
肩寄せ	0
化痰	0
可鍛	0
華誕	0
加田	0
荷田	0
加太	0
蚊田	0
花だん	1
花竹	1
勝ちみ	3
勝味	3
勝身	1
花虫	0
何蝶	1
化蝶	1
歌蝶	1
荷寵	1
華頂	1
科長	1
攪起	1
角餉	0
咯痰	0
甲藤	1
勝井	0
勝栄	1
克喜	1
克樹	1
勝樹	1
勝城	1
勝木	1
甲木	1
克二	1
克次	1
克治	1
功至	1
勝二	1
勝司	1
勝次	1
勝治	1
勝爾	1
和津次	1
旧って	1
羯南	1
克実	0
克已	0
克巳	0
克美	0
克躬	0
加津美	0
勝実	0
勝實	0
勝己	0
勝巳	0
勝美	0
勝見	0
勝視	0
捷美	0
賀津己	0
和亭	1
過庭	1
霞亭	1
嘉定	1
華亭	1
嘉禎	1
花鈿	1
加糖	0
可倒	0
家統	0
寡糖	0
寡頭	0
花燈	0
火盗	0
花闘	0
花頭	0
華頭	0
顆頭	0
華督	1
加徳	1
果徳	1
蚊とり	0
蚊取	0
蚊取り	0
火遁	0
加堂	1
家道	1
角々	1
門間	1
角谷	1
門屋	1
門矢	1
伽奈	1
佳奈	1
佳那	1
加奈	1
加菜	1
加那	1
可奈	1
可菜	1
可那	1
夏奈	1
夏菜	1
果奈	1
楓奈	1
華奈	1
華菜	1
華那	1
賀名	1
郁奈	1
香奈	1
香那	1
加奈井	0
金井	0
金居	0
佳菜美	0
香奈美	0
加禰	1
かね子	1
香峯子	1
兼倶	2
金万	0
金光	1
金元	0
過年	0
刈野	0
科罰	1
蒲谷	1
価標	0
佳眉	1
鹿火	1
荷風	1
歌儛	1
顆部	1
兜屋	0
齧り	3
訛聞	0
火兵	1
下辺	0
花辺	0
花邊	0
下放	0
苛法	0
かま口	0
窯口	0
枷市	1
蒲地	1
蒲池	1
竈門	1
釜屋	2
香美	0
加美	0
賀美	0
神泉	1
神占	0
髪粉	3
神路	1
神杉	0
上道	1
神鳥	2
髪長	0
雷婆	5
紙本	0
寡民	0
過眠	0
家室	1
神室	1
香夢楼	1
課名	1
亀夫	0
亀男	0
亀雄	0
龜夫	0
亀尾	0
甕倉	0
加茂	0
可茂	0
賀茂川	2
鴨鹿	2
掃部	0
花門	0
賀陽	1
加悦	0
加陽	0
高陽	0
佳約	0
可約	0
火厄	0
かや乃	0
蚊帳待	0
蚊帳待ち	0
歌友	0
夏葉	1
華楊	1
華陽	1
加用	1
嘉陽	1
夏陽	1
河陽	1
萱生	1
華容	1
嘉峪	1
迦羅	0
火雷	0
から桶	3
空桶	3
科落	0
軀	0
唐津	1
辛菜	0
空橋	0
から堀	0
殻見	0
菓欒	1
仮り	0
借	0
仮歌	0
雁がね	0
訶梨帝	0
雁股	0
仮谷	1
假屋	1
刈谷	1
狩矢	1
狩谷	1
苅屋	1
苅谷	1
雁屋	1
刈屋	1
加里屋	1
刈安	0
苅宿	2
嘉陵	1
禾りょう	1
佳鈴	1
処凛	1
果林	1
花綸	1
花鈴	1
華鈴	1
香凜	1
枯れ	0
涸	0
下令	0
火霊	0
花翎	0
過冷	0
下列	1
下聯	0
可れん	0
夏老	1
哥老	1
家論	0
歌話	1
川じり	0
川藤	2
皮身	0
香春	1
瓦窯	1
寒靄	0
完飲	0
官韻	0
漢印	0
閑院	0
関尹	0
館印	0
桓栄	1
灌嬰	1
甘英	1
韓栄	1
煥榮	1
韓嫣	1
韓瑗	1
乾塩	1
肝縁	1
韓王	1
寒鴎	1
寒鷗	1
桓温	1
寛海	1
甘海	1
翰海	1
勧角	1
嫺嫺	1
侃々	0
侃侃	0
官官	0
汗管	0
漢簡	0
観艦	0
諫官	0
閑々	0
閑官	0
艦外	1
関外	1
観覚	1
貫岩	1
肝がん	1
肝癌	1
毋丘	1
毌丘	1
咸鏡	1
韓京	1
観行	1
艦群	1
桓景	1
観蛍	1
菅渓	1
観硯	1
冠賢	1
完県	1
桓玄	1
桓公	1
菅公	1
観幸	1
寒簧	1
咸亨	1
貫効	1
監国	0
監國	0
陥谷	0
寒骨	1
換骨	1
冠婚	0
冠根	0
還魂	0
喚語	0
巻号	3
神作	1
管山	1
寒咲き	0
管子	1
寛子	1
柬之	1
桓子	1
甘孜	1
関仔	1
勧試	1
患肢	1
患趾	1
環指	1
簡史	1
艦師	1
棺車	0
勧酒	0
感秀	1
韓崇	1
冠州	1
鑑修	1
乾州	1
甘州	1
贛州	1
驩州	1
関勝	1
韓松	1
喚尚	1
完燮	1
瀚章	1
翰笙	1
咸昌	1
觀勝	1
韓信	1
干信	1
漢宸	1
感神	1
侃二	1
侃兒	1
勘司	1
勘次	1
完二	1
完次	1
寛二	1
寛司	1
寛次	1
寛治	1
寛爾	1
寛至	1
幹二	1
幹治	1
歓嗣	1
莞二	1
関治	1
勘事	1
寒時	1
巻次	1
患児	1
勘者	1
奸邪	1
翫雀	1
関ジュ	0
勘重	1
寛重	1
観述	1
乾浄	0
勘状	0
喚情	0
杆状	0
欵状	0
款状	0
汗蒸	0
簡浄	0
閑情	0
韓遂	1
觀水	1
漢水	1
観翠	1
寛誓	1
寛成	1
観栖	1
関雪	1
關雪	1
観暹	1
寒泉	1
乾川	1
観仙	1
閑叟	1
患側	1
函樽	0
官尊	0
環村	0
桓魅	1
桓魋	1
韓泰	1
寛湛	1
神台	1
漢代	1
乾地	0
換地	0
管中	0
寒厨	0
棺中	0
間潮	0
勧懲	0
勸懲	0
かん腸	0
觀潮	0
勘亭	1
桓帝	1
関帝	1
寛喆	1
寛典	0
歓天	0
完登	0
官倒	0
竿灯	0
竿燈	0
管頭	0
間投	0
干徳	1
嵌頓	0
完動	0
官道	0
官銅	0
幹道	0
管胴	0
貫道	0
韓道	0
漢那	0
神奈	0
神流	0
皖南	0
寒根	0
甘寧	1
韓伯	1
韓敏	1
韓福	1
韓馥	1
簡文	1
観福	1
韓米	0
勘兵衛	1
官兵衛	1
勘べん	1
漢兵	1
干木	1
寛保	0
簡本	0
艦本	0
咸味	0
漢民	1
冠り	0
幹明	1
冠雄	1
甘蠅	1
韓曄	1
完用	1
咸陽	1
漢陽	1
咸臨	1
寛蓮	1
観蓮	1
勘六	1
寛六	1
咸和	1
娥	1
駕	1
鵞	1
雅安	1
外護	1
孩児	1
外緑	0
賀縁	1
畫家	0
画界	1
畫界	1
画格	0
我観	1
楽学	2
岳州	1
鄂州	1
学心	1
楽進	1
額字	0
学仁	1
学太	1
学統	0
学頭	0
萼筒	0
學堂	1
愕堂	1
岳飛	1
岳陽	1
学用	0
楽理	1
学良	1
學良	1
岳陵	1
雅訓	0
瓦岡	1
瓦質	1
瓦舎	1
雅舟	1
雅真	1
臥薪	1
臥城	1
鵞静	1
学海	1
牙婆	1
呀峰	1
雅邦	1
鵞峯	1
鵞峰	1
我聞	1
峨門	1
鵞卵	0
巖下	1
玩貨	1
雁回	1
願覚	1
顔筋	0
願業	0
願行	0
願西	1
雁山	1
顔子	1
眼視	1
巌松	0
願生	0
願証	0
願成	1
鴈成	1
願箋	0
願宗	1
鑑禎	1
鴈童	1
癌名	1
巌雄	1
鴈洋	1
岸竜	1
巌流	1
厳柳	1
顏料	3
気い	0
気イ	0
氣	0
起亜	1
岐安	1
基寅	1
希尹	1
亀永	1
其穎	1
淇園	1
鬼追	1
岐王	1
貴翁	1
気音	0
記音	0
軌音	0
鬼海	1
喜界	1
貴海	1
鬼界	1
鬼怪	1
亀鶴	1
其角	1
氣賀	0
生革	0
危岩	0
危巌	0
危巖	0
煕々	2
聞	0
貴卿	1
菊井	1
麴嘉	1
菊鹿	1
掬汀	1
菊名	1
菊馬	1
菊門	0
喜久弥	1
紀久弥	1
菊弥	1
菊屋	1
菊谷	1
麴雍	1
希璟	1
箕萱	1
喜劔	1
旗軒	1
煕健	1
貴見	1
希玄	1
気元	1
基原	1
僖康	1
煕洽	1
僖公	1
基厚	1
基鎬	1
姫鎬	1
希煌	1
葵光	1
鬼谷	1
鬼国	1
吉舎	0
木佐	0
其采	1
煕載	1
熹齋	1
紀斎	1
騎西	1
季札	1
祈謝	1
基収	0
撝叔	1
紀昌	1
其昌	1
喜翔	1
基璋	1
毅将	1
紀勝	1
紀章	1
基真	1
其シン	1
其琛	1
喜心	1
希深	1
紀信	1
亀旨	1
喜字	1
奇児	1
帰寺	1
紀伊道	1
紀路	1
起辞	1
記実	0
記實	0
木島	1
喜重	1
鬼十	1
機術	1
詭術	1
規順	1
貴嬢	1
鬼城	1
黄汁	0
毅仁	1
旗人	1
其水	1
淇水	1
樹水	1
き数	2
期数	2
機数	2
記数	2
基図	1
祺瑞	1
木瀬	0
姫惺	1
希聖	1
紀晴	1
其磧	1
其蹟	1
基錫	1
希遷	1
葵宣	1
貴鮮	1
起泉	1
喜仙	1
喜善	1
季膳	1
輝祖	1
希疎	1
稀疎	1
輝素	1
僖宗	1
徽宗	1
毅宗	1
熹宗	1
起宗	1
亀足	0
既測	0
機速	0
気速	0
き損	0
貴尊	0
喜多	0
北井	0
鍛代	0
器体	0
器胎	0
帰台	0
帰隊	0
気滞	0
基沢	1
基澤	1
紀澤	1
北詰め	0
吉二	1
其中	1
紀中	1
期中	1
帰蝶	1
綺蝶	1
旗長	1
気沈	0
菊凶	1
吉向	1
吉語	1
木常	1
気づき	0
気付き	0
基禎	1
貴定	1
希天	1
徽典	1
機電	0
紀伝	0
き電	0
饋電	0
帰東	0
祈禱	0
起頭	0
基徳	1
煕徳	1
熙徳	1
帰徳	1
木徳	1
寄奴	1
器土	1
希土	1
希同	1
毅堂	1
毅道	1
綺堂	1
鬼道	1
気毒	1
木永	1
忌難	0
喜忍	0
鬼怒	0
木根	0
期年	1
紀年	1
蘄年	1
木野	0
紀埜	0
既納	0
気脳	0
紀野国	2
機伯	1
規伯	1
希凡	1
木塲	0
気場	0
己拔	1
希馮	1
木引	1
き風	1
季福	1
奇物	0
記文	0
亀平	0
奇平	0
喜兵	0
起兵	0
き兵	0
基弁	1
紀宝	0
き鳳	0
夔鳳	0
奇法	0
季報	0
機法	0
気ほう	0
記法	0
起泡	0
飢飽	0
喜望	1
気房	1
黄味	0
鶏黄	0
君津	1
木蜜	1
公寛	1
季明	1
客舍	0
久	1
求	1
糾	1
邱	1
汲	1
舊	1
朽	1
休庵	1
丘胤	1
久允	1
弓裔	1
九淵	1
鳩翁	1
九華	1
旧貨	1
求荷	1
求貨	1
球果	1
毬花	1
球花	1
球顆	1
久隔	0
球殼	0
仇亥	1
泣菫	1
邱暁	1
丘倹	1
求憲	1
九公	1
九皐	1
九江	1
九思	1
救歯	1
旧史	1
旧市	1
球史	1
求車	0
球腫	0
吸集	0
急就	0
球周	0
窮愁	0
久昌	0
宮相	0
急症	0
球晶	0
求植	1
求真	1
給事	0
給飼	0
吸汁	0
丘人	1
休雪	1
臼川	1
急戦	0
旧線	0
鳩巣	1
邱唐	1
久徳	1
球道	0
求任	1
吸肥	0
休ふ	0
旧譜	0
弓部	1
球部	1
九峯	1
丘明	1
吸油	1
九楊	1
旧らい	1
球粒	0
求林	1
救霊	0
既有	0
梟庵	1
匡胤	1
恭英	1
共英	1
共王	3
匡王	3
恭王	3
狂王	3
経王	3
響音	0
興凱	1
経覚	1
狂画	0
強啓	1
竅穴	1
鞏県	1
橋玄	1
香嚴	1
共工	1
喬紅	1
橋公	1
杏紅	1
亨國	1
俠骨	0
恭根	1
経豪	1
強斎	1
強齋	1
暁斎	1
曉齋	1
況斎	1
姜詩	1
競孜	1
教士	1
篋笥	1
鏡視	1
驕侈	1
協習	1
京淑	1
鏡清	1
教照	1
京信	1
強真	1
共時	0
慶純	1
教仁	1
喬正	1
亨生	1
恭生	1
教成	1
陜西	1
共析	0
筺雪	1
慶暹	1
教泉	1
京村	1
杏村	1
杏蓀	1
羌村	1
共属	0
強族	0
教待	1
暁台	1
曉台	1
京大	0
橋柱	0
京塚	1
京伝	1
京傳	1
経田	1
龔濤	1
京藤	1
橿堂	1
京男	1
挾南	1
亨福	1
杏仏	1
姜文	1
莢膜	0
京明	1
慶明	1
嬌龍	1
香麗	1
狂恋	0
享和	1
共話	1
巨舘	1
巨館	1
虚憍	0
極玄	2
局車	1
曲趣	1
曲靖	1
極堂	1
玉堂	1
曲阜	1
局名	0
曲竜	0
曲隆	0
許憲	1
許行	1
巨口	1
虚吼	1
巨済	1
巨濟	1
據山	1
巨湫	1
許浚	1
許劭	1
許靖	1
居正	1
旭晃	1
巨文	1
去病	1
虚明	1
居庸	1
紀陽	0
餼羊	0
清景	1
清徳	1
清藤	1
喜代巳	0
喜代美	0
清実	0
清己	0
清巳	0
清海	0
紀代美	0
聖実	0
聖美	0
記代美	0
貴予美	0
貴代美	0
吉良	0
季萊	1
樹来	1
喜楽	1
嬉楽	1
希良梨	1
季楽里	1
季鸞	1
斬り	2
棋理	1
紀利	1
鬼吏	1
希里江	0
桐枝	0
桐木	1
吉里吉里	0
切粉	0
姫竜	1
夔竜	1
希瑠	1
起隆	1
桐生	1
漑流	1
機竜	1
虬竜	1
鬼竜	1
杞梁	1
喜連	0
季廉	1
祁連	1
旗郎	1
生蠟	1
喜六	1
毅陸	1
熹六	1
季肋	1
紀和	1
喜波	0
奇話	1
金寅	1
菌液	1
錦翁	3
錦懐	1
金海	1
琴海	1
菌界	1
金槐	1
金角	1
金九	1
靳彊	1
金橋	1
金郷	1
金琴	1
禁区	0
菌群	1
金鷄	1
近見	0
金研	0
琴高	1
金公	1
錦江	1
金港	1
金甲	1
金国	1
瑾鵾	0
禁婚	0
菌根	0
金魂	0
金釵	0
琴摯	1
均之	1
懽子	1
欽之	1
近思	1
金枝	1
金紫	1
焮腫	1
金珠	1
緊就	0
金繡	0
錦繡	0
金照	1
金勝	1
金升	1
金昇	1
錦昇	1
菌匠	1
金信	1
巾柱	0
欣樹	1
錦城	0
禁城	0
緊錠	0
菌状	0
金翠	1
金水	1
錦生	1
勤政	1
金聖	1
錦政	1
錦正	1
欣羨	0
近浅	0
金線	0
菌叢	0
金瘡	0
金相	0
芹村	1
均貞	1
金提	1
均田	0
筋電	0
金殿	0
公任	1
錦棠	1
錦涛	1
錦濤	1
近南	1
金農	3
鑫培	1
金分	1
金福	1
琴遊	1
金蓉	1
金鷹	1
錦襴	0
錦綾	1
筋量	1
菌量	1
金緑	0
琴嶺	1
義庵	1
義淵	1
義演	1
義円	1
義圓	1
祇王	0
義覚	1
義玄	1
羲元	1
議言	1
宜興	0
疑考	0
義紹	1
義縦	1
宜昌	1
宣昌	1
偽色	0
義親	1
魏晋	1
偽常	0
儀じょう	0
擬情	0
義成	1
宜詮	1
義操	1
義徹	1
偽典	0
義等	1
儀徳	1
義堂	1
祇童	1
義導	1
蟻道	1
義婦	1
祇福	1
義福	1
魏兵	1
技本	0
義門	1
逆進	1
凝胤	1
堯淵	1
行誠	1
行誡	1
暁京	1
暁秋	1
暁秀	1
繞石	1
行宣	1
仰善	1
行善	1
尭帝	1
暁明	1
堯猷	1
堯祐	1
行勇	1
玉英	1
玉花	0
玉簫	0
玉娘	1
旭荘	1
玉蒼	1
玉東	1
玉片	0
禦寇	1
御集	0
魚臭	0
義亮	1
蟻量	1
枝魯枝魯	0
義和	1
憖憖	0
吟光	1
吟香	1
銀次	1
銀治	1
銀川	1
喰い	2
空照	1
空条	1
空善	1
倶会	1
公廨	0
久貴	1
久鬼	1
九鬼	1
久喜	1
九木	1
玖木	1
郡支	1
区旗	1
群来	1
供儀	1
工巧	0
菊理	1
久々利	1
久下	0
久家	0
狗原	1
久郷	1
草ムラ	0
草矢	2
久司	1
区史	1
区市	1
句誌	1
久嗟	1
俱舎	1
倶舎	1
駒州	1
句章	1
挫き	3
九雀	1
久須美	0
久隅	1
楠美	1
楠見	1
苦須里	1
久世	0
久多	1
久田	1
朽ち目	3
朽目	3
句中	0
駆虫	0
句調	0
屈金	0
屈足	0
倔	1
久藤	1
瞿塘	1
区道	0
久那	0
国重	2
邦茂	2
邦重	2
国もと	0
功刀	1
櫟木	1
久根	0
久野	0
久の	0
久芳	0
久万	0
球磨	0
求麻	0
熊皮	0
羆皮	0
熊吾	1
汲み	0
貢馬	1
雲鳥	2
久門	1
公羊	1
土藏	2
藏	2
倉井	0
鞍居	1
内蔵太	1
内藏太	1
庫太	1
倉前	2
倉レ	0
繰り	2
くり男	0
栗尾	0
栗糊	0
久璃也	1
栗谷	1
久留間	1
車咲き	0
久留美	1
来瞳	0
句例	0
くれ手	0
黒赤	0
九郎	1
黒氏	2
黒江	0
黒皮	0
黒仔	0
黒茸	0
黒姫	0
黒辺	1
黒部	1
句論	0
久和	0
桑井	0
薫園	1
薫鉱	1
君綽	1
薫炭	0
薫堂	1
薫和	1
愚庵	1
愚演	0
藕翁	1
具慶	1
愚哉	1
具材	0
具志	1
虞韶	1
郡上	1
城辺	1
愚仙	1
虞仲	1
求得	0
愚堂	1
屈輪	2
藕舲	1
愚連	0
軍擴	0
群鴻	1
群参	0
軍産	0
群鳳	1
郡邑	0
毛井	0
飼飯	0
桂菴	1
景寅	1
桂陰	1
恵運	1
恵雲	1
啓栄	1
恵栄	1
慧瑛	1
桂園	1
馨遠	1
京王	0
慶応	0
慶應	0
慶恩	1
瓊音	1
恵果	1
慧果	1
荆軻	1
荊軻	1
圭夏	1
圭花	1
慶花	1
桂華	1
瓊花	1
刑架	1
勁歌	1
桂花	1
軽科	1
軽荷	1
軽課	1
景戒	1
恵開	1
恵海	1
傾角	1
桂寛	1
瓊崖	1
圭岳	1
桂巌	1
頸がん	1
頸癌	1
軽裘	0
輕裘	0
軽協	1
炯旭	1
桂琴	1
圭玉	1
恵玉	1
景玉	1
恵空	1
桂桂	1
荊渓	1
京京	1
圭景	1
恵恵	1
景恵	1
景惠	1
圭原	1
惠元	1
奎甲	1
慶孝	1
慶紅	1
敬香	1
敬高	1
景浩	1
桂公	1
荊口	1
景洪	1
啓光	1
邢國	1
鶏骨	0
惠齋	1
絅斎	1
絅齋	1
蕙斎	1
渓斎	1
慶珊	1
経財	0
恵施	1
佳士	1
啓思	1
圭史	1
恵司	1
慶施	1
敬止	1
景之	1
景史	1
桂史	1
桂石	1
屐子	1
形姿	1
桂枝	1
経始	1
繋止	1
鶏屎	1
鶏脂	1
けい砂	1
硅砂	1
軽車	1
輕舟	0
慶淑	1
敬淑	1
嵆紹	1
圭鍾	1
恵尚	1
慶松	1
敬昌	1
敬章	1
景升	1
慶尚	1
稽照	1
景職	1
京植	1
奎植	1
慶植	1
圭信	1
繼愼	1
京津	1
勁士	0
形而	0
敬辞	0
繫辞	0
繫辭	0
鮭児	0
瓊實	1
景住	1
啓順	1
敬順	1
継潤	1
京城	1
薊城	1
景崇	1
景崧	1
景菘	1
啓世	1
恵清	1
恵生	1
恵聖	1
敬生	1
啓聖	1
慶成	1
形迹	0
経籍	0
桂雪	1
荊川	1
恵践	1
敬泉	1
景宣	1
景茜	1
渓仙	1
恵泉	1
慧泉	1
桂泉	1
珪線	1
頸腺	1
敬宗	1
啓相	1
圭壮	1
桂窓	1
継体	1
卿泰	1
啓泰	1
敬泰	1
継耐	1
景大	1
邢台	1
契沖	1
奚仲	1
慶忠	1
啓超	1
景澄	1
鶏頂	1
茎頂	1
係蹄	0
敬天	1
け糸	0
毛いと	0
圭洞	1
渓伯	1
景伯	1
渓畔	0
けい畔	0
軽麩	1
桂芬	1
邢昺	1
桂芳	0
京包	0
敬房	1
桂麻	1
景珉	1
炯明	1
計面	0
京邑	0
啓誘	0
恵友	0
慶友	0
経友	0
恵庸	1
惠洋	1
慶陽	1
恵陽	1
景陽	1
桂陽	1
涇陽	1
滎陽	1
景翼	1
渓嵐	0
稽覧	0
鶏竜	1
景竜	1
敬了	1
慶林	1
啓林	1
慧林	1
刑例	0
敬禮	0
啓烈	1
敬璉	1
景濂	1
圭郎	1
桂郎	1
鷄籠	1
気田	0
蹴出し	0
决河	1
結跏	1
蹶下	1
闕下	1
結句	0
欠口	0
缺航	0
血債	0
決審	1
結体	0
結隊	0
結点	1
桀	1
竭	1
夬	1
碣	1
結	1
闕	1
頡剛	1
桀溺	1
剣英	1
建栄	1
憲永	1
賢悦	1
賢円	1
軒轅	1
蘐園	1
建華	1
県歌	1
繭価	1
繭價	1
謙下	1
顕花	1
県回	1
賢海	1
賢覚	1
剣閣	1
権外	0
険崖	0
検学	1
建業	1
建勲	1
健軍	1
賢憬	1
顕慶	1
喧々	0
喧喧	0
妍々	0
娟々	0
惓々	0
拳々	0
拳拳	0
涓々	0
眷々	0
蹇々	0
蹇蹇	0
建元	1
憲公	1
献侯	1
顕幸	1
健行	1
憲曠	1
謙幸	1
建康	1
建興	1
健剛	1
建剛	1
權豪	1
憲斎	1
乾斎	1
兼載	1
謙齋	1
鬳齋	1
けん算	0
検使	0
牽糸	0
絹紗	1
顕秀	1
健秀	1
慊州	1
建州	1
黔州	1
謙叔	1
顕昭	1
健彰	1
健翔	1
絢祥	1
賢正	1
賢章	1
賢心	1
健臣	1
剣心	1
建新	1
憲伸	1
謙信	1
顕実	1
剣尺	1
健常	0
剣状	0
喧擾	0
憲条	0
けん上	0
県城	0
縣城	0
賢聖	0
健政	0
剣勢	0
堅誓	0
建制	0
建成	0
件制	0
犬声	0
犬牲	0
県制	0
県西	0
顕生	0
賢暹	1
懸泉	1
建撕	1
兼善	1
憲宗	1
賢崇	1
建忠	1
献忠	1
絹紬	1
建超	1
謙澄	1
県長	1
献帝	1
健亭	1
顯庭	1
顕徹	1
見當	3
謙徳	1
剣奴	1
捲土	1
県土	1
乾堂	1
健堂	1
狷堂	1
研堂	1
乾道	1
建寧	1
堅白	1
権変	0
見坊	1
剣鋒	0
建保	0
建法	0
肩峰	0
見法	0
建民	1
建明	1
建銘	1
顯明	1
監物	1
剣幽	1
憲佑	1
憲勇	1
賢雄	1
健友	1
県友	1
縣友	1
建陽	1
権翼	1
乾隆	1
倹亮	1
健亮	1
堅良	1
賢了	1
賢亮	1
賢良	1
健緑	0
犍連	1
芸閣	1
芸西	1
芸濃	1
芸陽	1
下至	1
下生	0
月海	1
月渓	1
月溪	1
月耕	1
月郊	1
月江	1
月照	1
月樵	1
月笙	1
月神	0
月震	0
月窓	0
月峯	1
阮	1
甗	1
元庵	1
源庵	1
玄庵	1
元贇	1
玄英	1
玄益	1
言苑	1
元王	3
現王	3
元温	1
幻花	1
元加	1
元嘉	1
原歌	1
原課	1
幻化	1
厳誡	0
玄怪	0
諺解	0
元覚	1
玄角	1
玄鶴	1
現官	0
現観	0
幻画	1
源起	1
鉉球	1
源京	1
元軍	1
減敬	1
厳建	1
源賢	1
元倹	1
原件	1
儼乎	1
舷弧	1
元顥	1
厳光	1
厳浩	1
元洪	1
彦高	1
玄孝	1
沅江	1
源光	1
元国	1
玄国	1
幻斎	1
弦斎	1
弦齋	1
彦斎	1
玄哉	1
玄宰	1
玄才	1
玄斉	1
玄斎	1
玄栽	1
玄載	1
源珊	1
原材	0
玄賛	1
玄旨	1
元子	1
嫄子	1
彦之	1
元史	1
幻死	1
言詞	1
限嗣	1
玄沙	1
現車	1
言者	1
元修	1
元周	1
幻舟	1
玄周	1
原州	1
玄春	1
元照	1
元璋	1
元紹	1
玄承	1
厳松	1
源聖	1
源植	1
元職	1
玄信	0
現身	0
原二	1
源二	1
源次	1
源治	1
玄二	1
玄耳	1
元治	1
現時	1
玄樹	1
玄珠	1
現修	1
現受	1
元十	1
験術	1
原帖	0
現成	0
現狀	0
玄参	0
源水	1
玄翠	1
元崇	1
元政	1
元静	1
玄成	1
鉉錫	1
原叟	1
厳荘	1
玄宗	1
源宗	1
玄想	1
玄則	1
源尊	1
元簇	1
玄岱	1
玄達	1
玄丹	1
彦中	1
玄中	1
原調	0
減張	0
現兆	0
元直	1
元帝	1
玄帝	1
玄貞	1
玄適	1
玄哲	1
現点	1
玄統	1
現当	1
玄徳	1
玄堂	1
玄道	1
玄應	1
玄蕃	1
玄賓	1
元風	1
源福	1
玄福	1
現兵	1
元宝	0
厳暴	0
言貌	0
元朴	1
玄朴	1
玄方	1
元豊	1
玄峰	1
元瑜	1
源雄	1
玄幽	1
玄侑	1
玄有	1
元曄	1
彦陽	1
玄洋	1
元龍	0
原流	0
玄良	1
元臨	1
元礼	1
厳麗	1
玄齢	1
玄和	1
源和	1
扈	1
胡	1
顧	1
滬	1
呼	1
小朝	0
小阿地	1
恋川	2
古印	0
口愛	0
黄埃	0
弘庵	1
洪庵	1
考庵	1
廣安	1
興安	1
甲案	1
高安	1
弘壱	1
光胤	1
好胤	1
江陰	1
興因	1
晃運	1
光雲	1
孝運	1
弘運	1
浩運	1
皐雲	1
稿雲	1
功運	1
光瑩	1
厚英	1
孝栄	1
紅英	1
香英	1
鴻衛	1
耕英	1
弘栄	1
晃栄	2
孝益	1
洪易	1
弘益	1
光悦	1
孝悦	1
幸悦	1
抗越	1
甲越	1
公円	1
好延	1
皇円	1
興円	1
黄琬	1
光演	1
光遠	1
幸延	1
晃苑	1
紅燕	1
高円	1
光塩	1
光縁	1
弘園	1
興遠	1
孝王	3
康王	3
項王	3
弘應	1
狎鴎	1
公王	3
烤鴨	3
猴王	3
光音	1
香音	1
口音	1
喉音	1
構音	1
江界	1
後かい	1
光格	1
皇覚	1
弘恪	1
好角	1
洪覚	1
興覚	1
黄鶴	1
黄歇	1
高寒	1
光鑑	1
廣煥	1
江漢	1
江煥	1
甲館	1
光画	0
黄蓋	1
こう外	1
向嶽	1
広岳	1
幸侃	1
江岸	1
光巌	1
高岩	1
孔丘	1
高俅	1
洪九	1
耿恭	1
光享	1
光強	1
紅杏	1
厚協	1
孝経	1
孝經	1
興教	1
公瑾	1
公謹	1
咬金	1
香琴	1
航業	0
光空	1
洪家	1
高家	1
康慶	1
弘慶	1
高啓	1
黄奎	1
光啓	1
公啓	1
嵩蹊	1
弘景	1
江谿	1
光結	1
黄傑	1
侯健	1
光謙	1
孔健	1
孝謙	1
黄権	1
公献	1
孔兼	1
孝賢	1
恆軒	1
浩賢	1
篁軒	1
高軒	1
孔芸	1
光現	1
弘元	1
浩鉉	1
虹原	1
黄源	1
光孝	1
孝公	1
康康	1
考公	1
高崗	1
高鴻	1
黄皓	1
黄興	1
向高	1
宏興	1
康国	1
香国	1
甲骨	1
厚焜	1
孝根	1
校語	0
構語	0
こう合	0
咬合	0
曠劫	0
甲号	1
苟合	0
貢獒	0
康済	1
孝哉	1
幸齋	1
康哉	1
康斎	1
耕斎	1
高斎	1
鴻斎	1
甲西	1
弘西	1
香西	1
紅山	0
興嗣	0
仔ウシ	0
仔牛	0
子うし	0
子ウシ	0
巷子	0
猴子	0
鈎子	0
硬車	0
高爵	0
校種	0
孔秀	1
宏集	1
弘集	1
甲州	1
光州	1
公州	1
広州	1
抗州	1
杭州	1
江州	1
膠州	1
衡州	1
黄州	1
後周	1
皇州	1
公叔	1
公粛	1
康叔	1
康俊	1
亨俊	1
広春	1
煌春	1
鴻洵	1
高春	1
光勝	1
光燮	1
公將	1
剛匠	1
甲彰	1
紅尚	1
興正	1
鴻章	1
黄裳	1
弘昇	1
弘翔	1
恒昭	1
高昌	1
甲植	1
孔真	1
弘真	1
洪信	1
高晋	1
黄信	1
黄慎	1
光身	1
光辰	1
弘眞	1
江岑	1
幸神	1
甲神	1
交二	1
亨二	1
光二	1
光侍	1
光司	1
光志	1
光治	1
光示	1
光至	1
公二	1
公嗣	1
公次	1
公治	1
功二	1
功児	1
功司	1
功治	1
厚二	1
厚治	1
好司	1
好治	1
孝二	1
孝治	1
孝滋	1
宏二	1
宏次	1
宏治	1
巧次	1
幸二	1
幸児	1
幸史	1
幸司	1
幸嗣	1
幸士	1
幸慈	1
幸次	1
幸治	1
広司	1
広治	1
庫治	1
康二	1
康児	1
康司	1
康次	1
康治	1
康璽	1
弘二	1
弘治	1
晃二	1
晃児	1
晃司	1
晃嗣	1
晃次	1
晃治	1
晧治	1
構治	1
江二	1
洽二	1
洽治	1
浩二	1
浩司	1
浩弐	1
浩次	1
浩治	1
浩爾	1
滉二	1
甲二	1
甲児	1
甲治	1
皎司	1
皓嗣	1
紅志	1
紘司	1
紘治	1
紘爾	1
耕二	1
耕兒	1
耕司	1
耕嗣	1
耕志	1
耕次	1
耕治	1
耿二	1
興児	1
興司	1
興次	1
航次	1
虹二	1
虹児	1
貢司	1
轟二	1
鋼次	1
鋼治	1
公自	1
好時	1
孔侍	1
孝慈	1
恍爾	1
珈司	1
講時	1
向日	1
紅絨	0
洪淳	1
香淳	1
香順	1
高順	1
公淳	1
康順	1
光定	1
好常	1
広清	1
光常	1
孔丞	1
虹城	1
広城	1
江城	1
洪城	1
項城	1
広拯	1
鉱場	3
香錠	3
昂仁	0
光刃	0
功人	0
好人	0
江人	0
紅人	0
耗尽	0
興仁	0
詬忍	0
黄人	0
紅水	1
高崇	0
黄寸	1
香酢	0
香醋	0
侯生	1
孝成	1
江青	1
洪性	1
洪清	1
項姓	1
候生	1
光世	1
光正	1
光清	1
公誠	1
孝誠	1
幸生	1
康生	1
晃誠	1
晄正	1
皇成	1
紘生	1
耕世	1
耕生	1
興成	1
広西	1
江西	1
高青	1
幸盛	1
紅成	1
郊昔	1
項籍	1
垢石	1
耕石	1
後席	1
弘洩	1
江雪	1
煌雪	1
香雪	1
江浙	1
鴻雪	1
勾践	1
勾踐	1
句践	1
好専	1
孔泉	1
光潜	1
公泉	1
洪川	1
陝川	1
交線	1
光仙	1
光泉	1
向川	1
幸千	1
黄仙	1
講仙	1
興善	1
光前	1
光善	1
光宗	1
項荘	1
項莊	1
高宗	1
黄巣	1
晄則	1
光触	1
好尊	1
光尊	1
篁村	1
篁邨	1
荒村	1
行孫	1
黄村	1
宏村	1
剛太	1
小うた	0
好太	1
洪泰	1
小謡	2
康泰	1
高達	1
神足	0
甲田	1
叩打	1
巧打	1
幸大	1
昂大	1
晃大	1
浩大	1
滉大	1
耕大	1
航大	1
仔撃ち	0
子撃ち	0
航地	0
香竹	1
耕畜	1
光中	1
孔宙	1
黄忠	1
峽中	1
好中	1
興中	1
項中	1
光超	1
鉱長	1
光直	1
交直	1
硬枕	0
好亭	1
黄帝	1
考亭	1
恒惕	1
黄徹	1
孝哲	1
孝天	1
紅点	1
轟天	1
黄泥	1
浩田	1
江濤	1
向東	1
甲東	1
行董	1
香濤	1
黄塔	1
孝徳	0
孝德	0
厚徳	0
工特	0
幸道	1
弘道	1
慊堂	1
晃堂	1
江道	1
洪堂	1
耕道	1
幸堂	1
光日	1
晃仁	1
鴻年	1
神瀬	1
高沛	1
項伯	1
康伯	1
洪博	1
幸繁	1
耿颷	1
公豹	1
江表	1
公覆	1
孔府	1
岡阜	1
紅布	1
貢賦	1
礦夫	1
降俘	1
行風	1
広福	1
弘福	1
香福	1
孔糞	1
公物	0
洪文	1
香文	1
耿秉	1
興平	1
高屏	1
光遍	1
公辨	1
康弁	1
高弁	1
功芳	1
宏峰	1
幸豊	1
鴻宝	1
弘報	1
洪帮	1
洪幇	1
公房	1
恒眸	1
香墨	1
鴻黙	1
子うま	0
子産み	0
幸民	1
篁民	1
耕民	1
黄眠	1
小梅	0
孔明	1
幸明	1
昂明	1
浩明	1
皓明	1
甲盛	0
光勇	1
孔融	1
弘融	1
高祐	1
光幽	1
孝勇	1
絳攸	1
香融	1
高優	1
光融	1
康融	1
江庸	1
江葉	1
皐陶	1
閎夭	1
光陽	1
孔陽	1
宏陽	1
広洋	1
昂遥	1
畊陽	1
耕陽	1
行洋	1
黄洋	1
向陽	1
江陽	1
句容	1
光洋	1
向洋	1
江洋	1
甲洋	1
高洋	1
後来	0
厚洛	1
孝恪	1
厚楽	1
幸楽	1
侯覧	1
紅嵐	1
紅蘭	1
香蘭	1
光藍	1
甲欄	1
広利	1
交利	1
興利	1
蛤蜊	1
黄鸝	1
弘立	1
広隆	1
皇竜	1
皇龍	1
高竜	1
高龍	1
項梁	1
公亮	1
広良	1
康亮	1
紅亮	1
江陵	1
粳糧	3
膏粱	3
鉱量	3
光琳	1
公麟	1
香鈴	1
孔林	1
興輪	1
口裂	0
公斂	1
高廉	1
幸連	1
功朗	1
広録	0
講論	1
河和	0
興和	0
媾和	0
肥樋	0
胡魁	1
胡角	1
古澗	1
虎関	1
顧歓	1
小かん	1
個艦	1
古賀	0
古閑	0
湖賀	0
滸我	0
許我	0
子飼	0
古賀音	0
古久	1
賈丘	1
故宮	1
古峡	0
古郷	0
古鏡	0
漕ぎ	0
黒王	2
谷峨	1
谷我	1
国画	1
國畫	1
小釘	0
国資	0
國資	0
黒傷	2
国庠	1
国璋	1
國昌	1
国生	2
國璽	1
克譲	1
谷城	1
国制	0
黒青	0
国仙	1
国性	1
国荃	1
黒尊	1
国泰	1
黒胆	0
国地	1
國忠	1
石町	2
克定	1
国楨	1
黒天	1
国燾	1
国藩	1
谷冰	1
小頸	0
克武	1
国璧	1
国峰	1
国鋒	1
谷牧	2
古倉	1
国領	0
克烈	1
国老	0
黒臘	0
小桑	1
木鍬	1
苔蘚	0
古径	0
古渓	0
古溪	0
孤景	0
個計	0
古形	0
固型	0
孤閨	0
弧形	0
湖渓	0
鼓形	0
顧眷	0
古源	1
箇々	1
古々	1
戸々	1
瓠公	1
虎洸	1
湖光	1
湖広	1
狐午	1
小佐井	1
湖西	0
古作	1
壺山	1
古謝	0
古在	1
胡子	1
古志	1
固始	1
胡枝	1
虎視	1
轎	1
越し高	2
越高	2
腰水	0
湖州	1
胡州	1
滬鷲	1
小笑	0
古昌	1
呼唱	0
孤将	0
孤嶂	0
湖床	0
虎将	0
鼓章	0
鼓鉦	0
孤燭	1
子代	0
幸授美	0
固成	0
鼓石	0
古雪	1
瞽叟	1
胡曾	1
胡僧	1
呼息	1
仔象	0
子象	0
故造	0
小だい	0
小鯛	0
故地	1
胡地	1
孤注	0
孤枕	0
黒化	0
国観	1
忽恵	1
苦都	1
兀	1
兀々	0
兀兀	0
子壺	0
小づか	0
子づる	0
子蔓	0
胡適	1
個店	0
古点	0
古篆	0
胡天	0
居登	1
故都	1
狐兎	1
叮々	1
殊	1
湖東	1
異浦	0
子虎	0
琴理	1
子鳥	0
小とり	0
古洞	1
古童	1
胡堂	1
鼓童	1
小菜	1
子中	0
子夏	0
古奈美	0
古沼	1
こね粉	3
捏ね粉	3
古白	1
古波陀	1
胡班	1
小場	1
小端	1
弧端	1
小梁	0
胡氷	1
胡萍	1
巨福呂	2
首打	0
小淵沢	3
古弊	0
庫平	0
胡瓶	0
雇兵	0
顧篇	1
雇保	1
虎賁	0
古滿	0
小前	1
駒治	1
駒瀬	1
小また	0
古町	0
小まわり	2
古味	1
己充枝	0
小溝	0
濃緑	0
小峯	0
小嶺	0
子虫	1
木群	0
米神	2
子もち	0
子盛り	0
小盛り	0
籠り	3
小諸	0
個紋	0
弧文	0
児湯	0
兒湯	0
子湯	0
古陽	1
古窯	1
胡来	0
胡藍	0
個利	1
虎玲	1
牯嶺	1
虎牢	1
皷楼	1
小緑	1
巨鹿	1
古和	0
小割	0
小割り	0
根栄	1
懇会	0
懇會	0
根塊	0
金戒	0
根煥	1
困倦	0
混見	0
渾江	1
混々	0
渾々	0
渾齋	1
昆山	1
金翅	0
混乗	0
混醸	0
混生	0
混製	0
渾成	0
今璇	1
今是	0
墾丁	1
魂南	0
今野	1
昆野	1
紺野	1
近埜	1
近野	1
金野	1
混パ	0
昆明	1
昆陽	1
混亂	0
五井	0
五石	1
合科	0
剛海	1
郷司	1
合糸	1
毫絲	1
郷試	1
剛昌	1
豪太	1
後宇多	0
剛打	0
剛田	0
郷田	0
豪敵	2
格間	0
剛民	1
剛立	1
呉王	1
護王	1
碁客	0
後閑	1
呉兢	1
護教	1
獄裡	1
互訓	0
碁け	1
五溪	1
呉景	1
誤見	0
悟言	1
誤刻	0
後西	1
午さん	0
呉座	0
御ざ	1
御坐	1
呉子	1
互渉	0
午餉	0
御新	0
悟真	0
梧十	1
後住	0
五順	1
五泉	1
五千	2
５千	2
5千	2
御饌	0
語素	1
呉達	1
五壇	1
五智	10
語中	0
語注	0
語長	0
誤聴	0
悟堂	1
語堂	1
後動	1
護堂	1
誤納	0
五瓶	1
梧平	1
五峯	1
五峰	1
五鳳	1
午王	1
五榜	1
呉用	1
梧葉	1
呉綾	0
語聾	0
語論	0
艮斎	1
勤操	1
権堂	1
権藤	1
査	1
些	1
狹井	0
細案	0
斎会	1
載垣	1
斎王	3
采王	3
西鶴	1
崔官	1
西鬼	1
催奇	1
彩輝	1
猜忌	1
西岐	1
蔡九	1
埼京	0
最狂	0
祭享	0
西教	0
斎行	0
崔憬	1
蔡京	1
蔡慶	1
蔡璟	1
載圭	1
崔健	1
崔賢	1
載憲	1
察宏	1
崔光	1
崔宏	1
崔顥	1
蔡宏	1
西光	1
才厚	1
斎郷	1
済々	0
済済	0
雑崎	1
再試	0
柴舟	1
済州	1
濟州	1
蔡儁	1
税所	1
載初	1
採証	0
最勝	0
祭床	0
西勝	0
柴進	1
蔡進	1
西住	1
蔡襄	1
西城	1
西条	1
西條	1
最乗	1
犀水	1
斉成	1
犀星	1
西石	1
柴桑	1
蔡沢	1
載沢	1
彩球	0
最澄	1
采苕	1
靖定	1
彩都	1
西都	1
催吐	1
濟棠	1
犀東	1
載濤	1
採得	0
最特	0
埼南	0
済南	0
濟南	0
再認	0
載寧	1
西念	1
才彬	1
采蘋	1
済美	0
宰府	1
柴望	1
蔡瑁	1
最妙	0
最明	0
再問	0
彩文	0
彩紋	0
西門	0
蔡邕	1
蔡陽	1
才葉	1
蔡瀾	1
載瀾	1
崔諒	1
彩料	3
彩琳	1
蔡倫	1
采麟	1
西琳	1
彩蓮	0
左院	0
冱	2
佐重喜	1
さ枝	0
佐尾	0
沙鷗	1
佐織	1
境い	2
墟	2
酒煎り	0
阪上	2
坂城	1
坂木	1
逆かさ	0
酒だる	0
逆頬	0
坂藤	1
酒谷	1
酒勾	1
砂賀	0
嵯峨野	1
作願	0
咲	0
先き	0
前き	0
嚮	0
嚮き	0
曩	0
咲き	0
埼	2
沙金	0
さく河	0
溯河	0
柵飼	0
柵飼い	0
昨期	2
策彦	2
嘖々	0
嘖嘖	0
索々	0
索索	0
作手	0
作種	0
作州	2
作新	0
佐久治	1
作次	1
作治	1
索靖	1
作題	0
索超	1
作賓	1
昨譜	1
作鵬	1
笮融	1
作楽	1
咲良	1
彩桜	1
佐久良	1
佐倉	1
紗倉	1
柵列	2
策論	0
沙渓	1
左経	1
鮭皮	0
左券	1
佐古	0
酒向	1
莎莎	1
佐々	0
左々	1
些々	1
瑣々	1
佐々井	0
笹井	0
篠井	0
篠ケ瀬	2
捧	1
佐志	1
左支	1
渣滓	1
緡	0
佐敷	1
指手	3
茶州	1
左升	1
佐粧	1
左次馬	0
左丞	0
沙上	0
砂壌	0
さ状	0
鎖錠	0
左陣	1
佐須	1
沙州	1
佐蹟	1
作善	0
佐宗	1
笹生	1
沙棗	1
砂棗	1
佐屋	0
佐田	0
佐多	0
佐陀	0
貞明	1
偵智	2
貞基	2
貞朝	2
貞信	1
定博	2
定広	2
定弘	2
貞博	2
貞寛	2
貞広	2
貞廣	2
貞弘	2
左注	0
砂中	0
作花	1
作句	0
柵子	0
薩英	1
さつ子	1
佐津子	1
サ店	0
佐都	0
茶都	0
嗟悼	0
左刀	0
佐取	1
佐鳥	1
差動	0
佐波	0
佐府	1
左府	1
佐間	0
素水	0
砂紋	0
佐谷	0
鞘翅	1
佐用	1
更井	0
皿井	0
新々	0
サラ川	0
さら湯	0
左欄	1
槎留	1
猿戸	2
差論	0
佐和	1
砂羽	1
紗和	1
澤	1
詐話	1
障	0
瓚	1
棧	1
讚	1
鏟	1
三允	1
相仁	1
燦運	1
山英	1
散塩	0
参劃	0
散関	0
三寒	0
三桓	0
三閑	0
参看	0
参館	0
散官	0
散寒	0
産官	0
算勘	0
餐館	0
参究	0
桟木	0
参行	1
産駒	0
三勲	1
三桂	1
三溪	1
賛元	1
三玄	1
三皐	1
山公	1
杉皐	1
三献	0
三郷	1
散ざん	3
三舟	0
纂修	0
纂集	0
酸臭	0
纉緒	1
三従	0
散定	0
散杖	0
産状	0
散人	1
三清	1
山清	1
山西	1
三善	0
惨然	0
散善	0
潸然	0
さん然	0
三匝	0
山僧	0
山相	0
蚕桑	0
酸棗	0
山体	0
山丹	0
惨たん	0
讚歎	0
賛歎	0
算長	1
賛汀	1
算哲	1
実戸	0
山東	1
産能	0
三保	0
山房	0
産貿	0
さん歩	0
散步	0
三問	1
三祐	1
三裕	1
三余	1
三餘	1
撒与	1
三陽	1
山蘭	1
酸量	1
三六	1
在淵	1
在貨	1
材価	1
罪禍	1
在彦	1
在鴻	1
在五	1
財徳	1
在福	1
在鎔	1
財利	1
在竜	1
坐業	0
座繰	0
坐作	1
座作	1
座式	0
坐洲	1
雑科	1
雑器	1
雑鬼	1
雑句	1
雜句	1
雑賦	0
漸禁	0
残口	1
残紙	1
残餌	1
残星	1
残年	0
残油	0
椎木	0
椎原	0
指印	0
詩韻	0
子裔	0
市營	0
私栄	0
私榮	0
至益	1
司塩	0
私えん	0
賜宴	0
志雄	1
紫央	1
塩入り	0
塩出	1
潮美	0
塩盛	0
塩盛り	0
志穏	1
志音	1
紫音	1
至恩	1
詩音	1
四温	1
死海	0
哆開	0
志怪	0
思海	1
私会	0
私會	0
視解	0
鹿卜	0
鹿占	0
爾く	2
芝鶴	1
始覚	0
詩格	0
し方	0
為方	0
爲方	0
師勝	1
爾見	1
之渙	3
芝翫	3
仕甲斐	0
史外	0
弑害	0
止咳	0
紫外	0
歯顎	0
紫眼	0
志紀	0
資器材	2
資機材	2
識能	0
之興	1
子恭	1
子郷	1
志強	1
思恭	1
詩曲	1
仕切	0
子禽	1
紫琴	1
紫錦	1
詩欣	1
子屈	1
仕繰	0
仕繰り	0
梓君	1
志家	0
子敬	1
子瓊	1
志敬	1
思慧	1
死けい	2
子騫	1
之謙	1
子顕	1
思軒	1
泗県	1
市圏	1
市県	0
紙券	0
紙絹	0
至険	0
至險	0
詩偈	2
茂昌	1
重井	0
成樹	1
成紀	1
成記	1
滋暉	1
滋樹	1
繁喜	1
繁樹	1
茂喜	1
茂季	1
茂木	1
茂樹	1
茂紀	1
茂貴	1
重喜	1
重樹	1
重毅	1
成子	1
成友	2
茂智	2
茂苞	2
重朝	2
重豊	2
しげ美	0
滋実	0
滋美	0
稠果	0
繁実	0
繁美	0
茂己	0
茂美	0
葆見	0
薈	0
重己	0
重巳	0
重美	0
志元	1
志玄	1
趾源	1
至元	1
嗣幸	1
士行	1
子厚	1
子貢	1
子高	1
市紅	1
志功	1
志鴻	1
支考	1
柿紅	1
氏亨	1
紫紅	1
枝江	1
紫鴻	1
支笏	1
支吾	1
始語	1
紫合	1
師号	1
賜号	1
子才	1
思斉	1
歯式	0
紫舟	1
志淑	1
師叔	1
士俊	1
子春	1
史牆	1
子将	1
士釗	1
子昇	1
子祥	1
師升	1
志松	1
思紹	1
熾章	1
史進	1
士慎	1
志新	1
支侵	1
糸津	1
死重	0
嗣淳	1
子順	1
厠上	0
姿丈	0
支城	0
支場	0
施条	0
枝条	0
歯状	0
熾盛	0
矢状	0
糸状	0
士仁	1
之推	1
志綏	1
思水	1
紫水	1
酒々井	1
汜水	1
沚水	1
泗水	1
支綏	1
鎮目	1
子正	1
始生	1
氏姓	1
紫石	1
始関	1
子瞻	1
子賤	1
泗川	1
子楚	1
私訴	1
紙塑	1
之総	1
嗣宗	1
宍粟	1
侍側	0
糸速	0
支村	0
姿陀	1
子他	1
思託	1
志太	0
志田	0
斯太	0
士談	1
志知	1
指地	1
砥地	1
師竹	1
質山	0
司厨	0
死忠	0
私注	0
糸綢	0
絲綢	0
詩注	0
詩註	0
雌虫	0
史徴	0
史潮	0
司調	0
司長	2
四徴	0
市鳥	0
試釣	0
鷙鳥	0
失計	0
質軒	1
悉昌	1
執箆	3
失歩	0
失	2
室名	2
四丁	1
子貞	1
紫笛	1
師哲	1
史都	1
司徒	1
司東	1
志藤	1
紫東	1
紫桃	1
舐犢	0
志度	0
只道	1
獅童	1
子道	1
紫藤	1
指背	0
紙牌	0
支判	1
祠畔	1
絲絆	1
試買	0
志磐	1
思風	1
紫風	1
子服	1
渋がき	2
至仏	1
澁屋	1
澁谷	1
紫文	1
市兵	0
芝碧	1
歯片	0
紫変	0
子蔑	1
士別	1
標津	1
志保	0
志甫	0
仕法	0
嗣法	0
死法	0
死蜂	0
詩法	0
志保美	0
死本	0
嶋	2
縞木	0
島宮	3
島渕	2
歯脈	1
志民	0
之命	1
四明	1
四迷	1
子明	1
志明	1
思明	1
紫明	1
師命	1
紙名	1
誌名	1
志茂	0
仕物	0
市紋	0
死門	0
私門	0
赭色	0
謝琰	1
射界	0
這回	0
写角	0
斜画	0
車格	0
車蓋	0
社旗	1
車騎	1
斜筋	0
灼	1
鑠	1
釈	1
釋	1
錫柱	1
謝玄	1
謝公	1
車塵	0
謝遂	1
斜汀	1
斜道	0
遮莫	2
俥夫	1
謝福	1
謝平	1
斜文	0
射陽	2
写楽	1
社論	0
銖	0
手印	0
州尹	1
秀胤	1
しゅう雨	1
宗叡	1
周永	1
崇榮	1
楸瑛	1
周栄	1
終駅	1
臭液	1
修円	1
秋園	1
聚遠	1
秀扇	1
秀快	1
秀鶴	1
秀格	1
秀赫	1
嵩岳	1
秋瑾	1
秋琴	1
修琴	1
秋暁	1
修佳	1
周継	1
秀卿	1
秀恵	1
秀溪	1
周建	1
秀見	1
秀賢	1
秋硯	1
衆言	0
収公	0
周溝	0
秋猴	0
秋郊	0
衆口	0
集稿	0
集購	0
就国	0
周齋	1
修斎	1
周斎	1
衆参	1
しゅう集	0
聚集	0
啾々	0
啾啾	0
拾集	0
秋収	0
聚衆	0
舟楫	0
周将	1
周昌	1
周翔	1
周頌	1
周信	1
修二	1
修仁	1
修司	1
修嗣	1
修次	1
修治	1
修爾	1
修自	1
収二	1
収史	1
周二	1
周仁	1
周史	1
周司	1
周次	1
周治	1
柊二	1
秀治	1
秀爾	1
秋次	1
脩二	1
脩司	1
衆二	1
鷲士	1
執持	1
集治	1
秀常	1
愁水	1
秀水	1
周枢	1
修静	1
柊生	1
秀征	1
秀清	1
秋聲	1
秋石	1
秀全	1
秀善	1
周桑	1
周蒼	1
楸邨	1
秋村	1
秋邨	1
醜族	0
周泰	1
秋竹	1
秀調	1
繍帳	1
繡帳	1
しゅう長	1
洲人	1
脩人	1
修斗	1
修途	1
脩途	1
秋涛	1
秋濤	1
周東	1
周南	0
秋帆	1
周文	1
周昉	1
秀芳	1
秋豊	1
宗峰	1
秋芳	1
州牧	0
終牧	0
宗密	1
宗妙	1
秋民	1
周明	1
周瑜	1
周佑	1
周揚	1
周陽	1
修来	1
修旅	0
周良	1
周量	1
周玲	1
収歛	0
朱炎	1
珠音	1
珠海	1
修覚	1
守覚	1
洙槿	1
狩行	1
宿軍	2
叔卿	1
叔敖	1
粛子	1
叔孺	1
叔斉	1
叔齊	1
淑青	1
叔孫	1
淑貞	1
叔文	1
淑萍	1
叔宝	1
宿母	1
宿谷	1
叔遼	1
淑玲	1
守敬	1
主穴	1
守言	1
朱絃	1
朱皓	1
守孔	1
朱参	1
取財	1
朱昇	1
守信	1
呪陣	0
洒水	1
主星	0
酒泉	1
主膳	1
主談	0
種竹	1
守珍	1
手低	0
酒顚	1
守殿	0
朱殿	0
主籐	1
主藤	1
朱徳	1
朱仝	1
酒道	1
守敏	1
珠文	1
殊法	1
朱穆	1
酒幕	0
主邑	0
酒友	0
首陽	1
種卵	0
守竜	1
守龍	1
銖両	1
珠麗	1
朱令	1
酒連	0
首聯	0
首連	0
朱椀	0
俊映	1
春影	1
春猿	1
俊寛	1
春嶽	1
春径	1
春敬	1
春渓	1
俊杰	1
春煊	1
春鉉	1
俊元	1
舜功	1
旬香	1
俊斎	1
春斎	1
舜昌	1
春章	1
俊植	1
春声	1
春正	1
俊速	0
春汀	1
春天	0
瞬転	0
春濤	0
春洞	1
雋堂	1
春藤	1
竣敏	1
俊猷	1
春嶺	1
俊烈	1
紫悠	1
蚩尤	1
偲佑	1
司有	1
子猷	1
庶	1
嶼	1
疏	1
蔗	1
諸員	1
少庵	1
昇庵	1
松庵	1
筱庵	1
請安	1
省案	1
招引	1
松蔭	1
紹印	1
象允	1
小雲	1
少蘊	1
昇雲	1
松雲	1
正運	1
紹運	1
尚永	1
照英	1
昌永	1
松瑩	1
正栄	1
祥栄	1
商栄	1
彰栄	1
彰榮	1
松栄	1
松榮	1
昌益	1
紹益	1
蕭繹	1
勝延	1
摂円	1
蕭衍	1
小媛	1
小宛	1
松園	1
松莚	1
湘烟	1
祥衍	1
蕉園	1
商鞅	3
昭王	3
相王	3
蕉翁	3
将翁	1
松翁	1
勝央	1
松応	1
尚温	1
承恩	1
蕭何	1
小崋	1
照華	1
笑椛	1
鐘花	1
彰化	1
声歌	1
妾家	1
将家	1
小果	1
松果	1
松火	1
松華	1
正嘉	1
生下	1
祥歌	1
笑華	1
薔花	1
裳華	1
証果	1
證果	1
証歌	1
賞歌	1
聖海	1
昌海	1
勝覚	1
蔣鶴	1
翔鶴	1
勝鑑	1
晶煥	1
勝柑	1
証監	3
蕭娥	1
勝画	1
小鰐	1
笑岩	1
昌休	1
韶九	1
商丘	1
商邱	1
宵曲	1
承旭	1
鍾旭	1
省局	1
紹欽	1
性空	1
証空	1
嘗君	1
承勲	1
承訓	1
昭君	1
小笊	0
尚敬	1
蔣敬	1
将敬	1
少卿	1
昌奎	1
昭奎	1
祥啓	1
祥瓊	1
章圭	1
紹恵	1
鍾圭	1
尚絅	1
承啓	1
鍾景	1
尚賢	1
昭顕	1
照憲	1
勝賢	1
小剣	1
小劍	1
小劒	1
小劔	1
尚憲	1
尚謙	1
正軒	1
祥硯	1
鍾権	1
照元	1
勝源	1
昌鉉	1
照源	1
正玄	1
唱玄	1
将監	1
照厳	1
生源	1
證拠	0
證據	0
鐘鼓	0
商高	0
小功	0
小孔	0
少考	0
彰考	0
招降	0
しょう紅	0
猩紅	0
祥紅	0
青光	0
照国	1
相国	1
焼骨	0
尚昆	1
昌根	1
小５	0
小5	0
正語	0
勝載	1
尚斎	1
尚齋	1
昌済	1
昭斎	1
篠齋	1
昇斎	1
照西	1
鍾賛	1
彰志	1
承之	1
承嗣	1
承志	1
承思	1
松之	1
松子	1
鏱子	1
韶子	1
妾子	1
小疵	1
小祠	1
小紙	1
小誌	1
小趾	1
少師	1
尚志	1
尚歯	1
彰枝	1
承旨	1
掌指	1
正師	1
省市	1
訟師	1
賞賜	1
昌叱	1
称首	0
小秋	1
昇洲	1
晶秀	1
松洲	1
鍾秀	1
商州	1
尚州	1
漳州	1
小洲	1
尚俊	1
尚春	1
鍾書	1
哨所	1
小嶼	1
性照	0
笑笑	0
小照	0
商相	0
商頌	0
将相	0
小哨	0
小祥	0
少小	0
承詔	0
樟章	0
瀟湘	0
証誠	0
鍾植	1
小職	1
尚真	1
尚震	1
性信	1
証真	1
鍾紳	1
鍾縉	1
証信	1
少進	1
尚秦	1
宵二	1
尚二	1
尚史	1
尚司	1
庄二	1
庄司	1
庄次	1
庄治	1
彰二	1
彰治	1
彰璽	1
捷二	1
捷次	1
捷治	1
昇二	1
昇司	1
昇治	1
昌二	1
昌司	1
昌次	1
昌治	1
昭二	1
昭司	1
昭次	1
昭治	1
晶司	1
正二	1
正児	1
正持	1
正治	1
正爾	1
照次	1
省二	1
省司	1
省治	1
祥二	1
祥司	1
祥次	1
祥治	1
祥路	1
章二	1
章司	1
章次	1
章治	1
紹二	1
翔治	1
莊司	1
蕉治	1
詔治	1
象二	1
東海林	1
少路	1
勝持	1
床子	1
掌侍	1
昭示	1
頌辞	1
性寂	1
正雀	1
昌住	1
翔潤	1
少掾	1
昭乗	1
勝常	1
小掾	3
清尋	1
薔人	1
尚仁	1
小翠	1
象穂	1
瀟水	1
昌崇	1
昌図	1
勝瑞	1
湘西	0
商勢	0
商政	0
招婿	0
招生	0
省制	0
称制	0
昌石	1
昌碩	1
生石	1
正雪	1
翔節	1
晶川	1
松扇	1
蕉仙	1
裳川	1
昭全	1
正善	1
照善	1
章曹	1
松操	1
聖尊	1
晶孫	1
菖村	1
装束く	1
昌泰	0
晶帯	0
消退	0
省胎	0
昌琢	1
掌単	1
照代	1
紹治	1
性智	1
沼池	1
省知	1
礁池	1
詳知	1
小种	1
尚中	1
晶中	1
商紂	1
奨忠	1
焼ちゅう	3
商調	0
正長	0
象徵	0
昭帝	1
章帝	1
消点	1
章典	1
笑点	1
笑點	1
翔天	1
性瑫	1
招討	1
松塘	1
相斗	1
松涛	1
商特	0
招徳	0
証得	0
商取	0
章惇	1
勝道	1
祥道	1
章道	1
蕉堂	1
召南	1
小楠	1
正男	1
祥南	1
少弐	1
少貮	1
尚寧	1
正稔	1
鍾範	1
墻盤	0
床版	0
詔版	0
鍾泌	1
正麩	0
嘯風	1
承富	1
梢風	1
生福	1
聖福	1
清弁	1
少弁	0
尚豊	1
聖宝	1
咲芳	1
小宝	1
少芳	1
承芳	1
昌鳳	1
勝宝	1
商報	1
尚方	1
照宝	1
翔鳳	1
正坊	1
勝北	1
庄松	1
勝満	1
勝鬘	1
鐘万	1
唱名	0
祥明	1
鐘鳴	1
匠明	1
笑面	0
祥哉	1
翔也	1
翔矢	1
蔣雄	1
尚友	1
松勇	1
鍾雄	1
蕭榕	1
鍾繇	1
憔庸	1
承燁	1
昭陽	1
逍遙	1
照洋	1
生葉	1
翔洋	1
翔陽	1
小蕾	1
昌来	1
勝楽	0
小鸞	1
翔鸞	1
小流	0
消流	0
少陵	1
庄亮	1
紹良	1
松陵	1
翔陵	1
嘯林	1
正琳	1
照鄰	1
紹林	1
鐘麟	1
勝林	1
笑嶺	1
小苓	1
小鈴	1
昌齢	1
松齢	1
小蓮	1
祥蓮	1
鍾路	0
鐘路	0
庄六	1
昭六	1
松緑	1
正六	1
昌和	1
紹和	1
庄和	1
正和	1
諸縁	1
署活	0
暑寒	1
諸官	1
諸艦	1
諸卿	1
諸教	1
諸経	1
職縁	0
職原	2
食樹	1
織葉	1
触竜	1
食療	0
所化	0
書訣	1
諸県	1
初現	0
所言	0
書鴻	1
諸公	1
諸港	1
諸項	1
曙山	1
渚山	1
諸山	1
諸宗	1
諸州	1
諸衆	1
諸集	1
庶昌	1
諸将	1
諸章	1
蔗汁	1
初世	1
書勢	1
緒瞻	1
諸村	1
諸隊	1
蜀江	1
諸体	1
諸躰	1
曙東	1
諸党	1
諸徳	1
所動	0
書堂	0
諸毒	1
諸版	1
諸藩	1
諸表	1
初文	0
初封	1
所法	1
庶母	1
諸役	1
楚雄	1
諸用	1
初療	0
書陵	0
初令	0
初霊	0
所令	0
諸老	1
書論	0
子容	1
子蓉	1
子陽	1
是応	1
紫陽	1
至遥	1
姿容	1
紙葉	1
紫鷹	1
思翊	1
素木	0
刺胳	0
白須	1
白勢	1
白瀬	1
白煮	3
白峰	0
白歯	2
調役	1
嗣立	0
尻別	0
尻屋	0
子竜	1
子龍	1
志隆	1
思龍	1
芝竜	1
芝龍	1
思料	0
指了	0
史林	0
士林	0
屍林	0
四禮	1
士列	1
歯連	0
白油	0
四六	0
死蠟	0
指弄	0
死臘	0
城川	2
司禄	0
城取り	0
白本	0
城丸	2
史話	1
指話	1
視話	1
詩話	1
慎庵	1
新安	1
秦安	1
新営	0
新榮	0
真営	0
神栄	0
親英	0
神易	0
信悦	1
真王	1
新王	3
晋王	3
秦王	3
信海	1
心戒	1
秦檜	1
秦開	1
真改	1
新海	1
新界	1
新解	1
真覚	1
清韓	1
新階	1
新岩	1
蜃気	0
寝宮	0
審究	0
新球	0
しん灸	0
振恐	0
新京	0
真況	0
芯木	0
信空	1
普軍	1
秦軍	1
新家	0
唇形	0
慎刑	0
振計	0
晨鶏	0
眞景	0
真景	0
神恵	0
信賢	1
審煊	1
真顕	1
信言	0
心原	0
新元	0
新現	3
深玄	0
神言	0
糝粉	0
新孝	1
晋侯	1
真興	1
秦公	1
秦広	1
慎交	1
振巧	1
信更	1
新晃	1
信光	1
清国	1
秦国	1
秦剛	1
慎剛	1
新郷	1
新合	1
神郷	1
神号	3
慎斎	1
榛斎	1
新蔡	1
新西	1
新詩	0
神秀	1
信州	1
新州	1
神舟	1
秦叔	1
信松	1
審祥	1
真紹	1
親勝	1
信性	3
心捷	3
志ん生	3
真証	3
新勝	1
新省	1
神昌	1
進松	1
岑参	1
新新	1
進々	1
心字	0
親昵	0
心術	1
眞情	0
信水	1
深水	1
申生	1
進正	1
進世	1
信詮	1
新泉	1
心線	1
神宗	1
新息	1
心存	1
新村	1
心態	0
新站	1
真大	1
清代	1
秦代	1
新竹	1
秦中	1
親中	1
心腸	0
心膓	0
振張	0
申牒	0
しん長	0
晋亭	1
秦都	1
新渡	1
新都	1
神徒	1
神都	1
親睹	1
親覩	1
申棖	1
辛讜	1
信頭	1
信藤	1
榛東	1
真徳	1
信徳	1
新得	1
新堂	1
新藤	1
真堂	1
真藤	1
真道	1
神藤	1
進藤	1
新洞	1
真形	0
心念	0
心王	3
新皇	3
神王	3
神能	3
新葉	0
神牌	1
秦伯	1
新物	0
神物	0
晋風	1
真福	1
神福	1
唇亡	0
深望	0
神謀	0
芯棒	0
信民	1
真民	1
芯芽	0
晨明	0
申命	0
進命	0
新門	1
真矢	0
親油	0
心祐	3
進容	1
晋陽	1
瀋陽	1
藩陽	1
新曜	1
新鷹	1
新洋	1
真陽	1
親鸞	1
新竜	0
新龍	0
浸硫	0
深流	0
紳竜	0
辛良	1
真梁	1
信陵	1
辰陵	1
神糧	1
心力	1
身力	1
震林	1
神類	1
秦嶺	1
心蓮	1
真恋	1
晋和	1
新和	1
持	2
地合	0
自院	1
慈英	1
慈円	1
慈圓	1
辞苑	0
慈恩	0
慈海	1
二介	1
辞海	1
慈覚	1
寺官	0
寺観	0
時感	0
次巻	0
自汗	0
自館	0
自久	1
尼丘	1
慈恭	1
字鏡	1
字行	0
竺信	1
慈勲	1
時熏	1
慈慧	1
滋暻	1
自県	0
自験	0
慈賢	1
字高	0
慈光	0
慈孝	0
耳喉	0
耳腔	0
自工	0
自航	0
自行	0
辞項	0
自刻	0
自斎	1
治作	1
慈山	1
磁山	1
字釈	0
自釈	0
辞爵	0
辭爵	0
治修	1
字捷	1
次章	1
地しん	0
持針	0
時新	0
自しん	0
自唇	0
自心	0
日十	1
二娘	1
滋水	1
次帥	1
自成	1
自誠	1
持節	0
自設	0
時遷	1
自訴	1
侍曹	1
事端	0
寺檀	0
事聴	1
慈鎮	1
時珍	1
実聖	1
実調	0
実長	0
実砲	0
実有	1
實圓	1
実悟	1
実字	0
実乗	1
実然	1
実了	1
自店	1
持統	1
慈篤	1
慈徳	1
兒童	1
地乗り	0
自藩	1
地刃	1
字引き	3
自憤	0
次文	1
磁変	0
寺房	1
自坊	1
地松	0
自門	0
邪眼	1
寂照	1
寂昭	1
寂心	1
若彤	1
若楓	1
闍梨	1
闍黎	1
獣王	3
従価	1
重煥	1
重慶	1
重顕	1
重工	1
住商	1
従諗	1
十住	0
柔専	0
縱線	0
柔然	1
住総	1
従文	1
重来	0
十蘭	1
住蓮	1
受援	0
寿延	0
受音	0
呪怨	0
寿海	1
受感	0
呪環	0
寿学	1
寿岳	1
儒経	0
呪経	0
受苦	1
孰	1
寿慶	1
寿経	1
寿孝	1
寿行	1
寿鴻	1
珠光	1
聚光	1
寿讃	1
寿昌	1
嬬生	1
寿成	1
樹仙	1
聚仙	1
寿壮	1
樹棠	1
受働	0
樹明	1
寿門	1
寿陽	1
受雷	0
純逸	1
純花	1
循化	1
淳化	1
淳寛	1
潤煥	1
潤麒	1
純希	1
順姫	1
潤卿	1
順敬	1
順暁	1
潤慶	1
順慶	1
遵憲	1
淳鎬	1
醇浩	1
潤齋	1
淳斎	1
順斎	1
巡讃	0
潤之	1
順昌	1
順昭	1
順承	1
遵信	1
順信	1
淳心	1
潤々	1
純淳	1
淳々	0
淳淳	0
純声	1
純仙	1
荀爽	1
純大	1
順汀	1
順鼎	1
順徳	1
順德	1
純銅	0
荀攸	1
潤庠	1
純陽	1
隼鷹	1
潤烈	1
助員	0
女淫	0
蒸	2
定菴	1
浄闇	1
定意	0
乗円	1
常円	1
浄円	1
常縁	1
襄王	3
紹鴎	1
紹鷗	1
譲王	3
畳音	0
定海	1
浄覚	1
浄観	1
常観	1
浄閑	1
成願	1
乗丘	1
紹瑾	1
定空	1
常宮	3
常慶	1
浄慶	1
貞慶	1
乗瓊	1
浄憲	1
静憲	1
静賢	1
状元	0
貞元	0
襄公	1
丞鎬	1
浄宏	1
上甲	1
常光	1
浄光	1
定根	1
請西	1
上蔡	1
城西	1
乗山	1
上斜	1
趙州	1
上州	1
常州	1
情処	1
定照	1
静照	1
定深	1
盛親	1
常真	1
成身	1
乗淳	1
定朝	1
浄照	1
定真	1
成尋	1
静真	1
上圖	1
城聖	1
浄清	1
常泉	1
浄泉	1
丈艸	1
丈草	1
じょう談	3
饒談	3
情知	3
城中	1
常忠	1
定澄	1
定證	1
常朝	1
承禎	1
常典	0
常騰	1
浄徳	1
常徳	1
成忍	1
繩濃	1
城福	1
常福	1
常北	1
城濮	1
上祐	1
上陽	1
城陽	1
常陽	1
常洛	1
乗隆	1
浄林	1
上聯	0
情恋	0
蒸和	0
如雲	0
助監	0
女監	0
序刊	0
徐勤	1
濁	0
如慶	1
徐競	1
如見	1
恕軒	1
如皐	1
徐晃	1
徐洪	1
徐皎	1
如行	1
如皋	1
徐江	1
恕江	1
徐三	1
如山	1
助士	0
助師	0
序詩	0
徐習	1
徐州	1
徐勝	1
徐承	1
如松	1
汝昌	1
助字	0
徐城	1
舒城	1
如水	1
汝水	1
如拙	1
序節	1
助泥	1
徐伐	1
徐福	1
舒明	1
如流	1
叙倫	1
汝霖	1
如簾	0
自来	0
時利	1
自理	1
事略	0
次亮	1
地輪	0
字鈴	1
次例	1
仁郎	1
侍郎	0
侍郞	0
痔ろう	0
自労	0
自勞	0
甚遠	1
仁覚	1
仁寛	1
陣貝	1
腎気	0
仁邱	1
神祗	1
腎経	1
仁傑	1
神光	1
深光	1
仁斎	1
仁齋	1
神西	1
仁守	1
任尚	1
人蹤	1
仁鐘	1
甚十	1
尋静	1
塵世	0
尽誠	0
腎性	0
腎精	0
靱性	0
人繊	0
仁宣	0
尋禅	1
仁典	1
人鳳	1
人魔	1
仁問	1
甚哉	1
甚弥	1
尋祐	1
神融	1
人霊	0
水陰	1
翠蔭	1
翠雲	1
水英	1
水営	1
水焔	0
水焰	0
水鉛	0
炊煙	0
水甌	0
垂加	1
水花	1
燧火	1
吹希	1
垂拱	0
水協	0
酔吟	1
水経	1
翠軒	1
酔香	1
水交	1
萃香	1
翠山	1
水師	1
水試	1
水瀉	0
水衝	0
水象	0
吸い地	0
吸地	0
水字	0
すい事	0
水聲	1
瑞生	1
翠星	1
翠扇	1
翠泉	1
酔仙	1
穂草	1
翠村	1
水治	0
綏中	1
水藤	1
水鉢	1
水簸	0
水飛	0
綏芬	1
穂豊	1
水膜	1
酔茗	1
醉茗	1
推命	1
垂裕	1
睢陽	1
翆蘭	1
翠鸞	1
翠蘭	1
酢入り	0
遂良	1
垂簾	0
水簾	0
水連	0
鄒	1
嵩燾	1
枢府	1
樞府	1
鄒容	1
鄒陽	1
季弘	2
末美	0
守王	1
周防	1
須緒美	0
皇海	1
簀掻き	1
簀搔	1
巣鴨	1
須木	1
須岐	1
棃	0
釁	0
すき家	2
杉むら	0
杉もり	0
杉盛	0
杉盛り	0
宿祢	1
須具様	0
村主	1
助ッ人	0
輔仁	1
簾桁	0
周郷	0
須合	0
須郷	0
諏佐	0
荒み	0
巣巣	1
鈴佳	1
鈴香	1
錫器	2
鈴美	0
鈴芽	1
鈴耶	0
鈴里	1
巣礎	1
捨て糸	0
寸七翁	0
愿	0
砂峯	0
砂男	0
素腹	0
士帮	1
諏磨	0
須麻	0
寿実	1
寿美	1
須美	1
須見	1
鷲見	1
炭切り	0
純田	1
純友	2
炭屋	2
州元	0
洲元	0
巣門	0
摺	2
磨る墨	2
諏方	0
諏訪	0
寸心	0
瑞園	1
随鴎	1
瑞環	1
瑞金	1
随州	1
瑞象	0
瑞仙	1
瑞草	1
瑞超	1
瑞豊	0
頭寒	1
図河	1
図嚢	0
逗葉	1
聖愛	1
生安	0
製あん	0
製餡	0
済陰	1
霽雲	1
世英	1
精衛	1
精衞	1
誠悦	1
清淵	1
青円	1
青淵	1
西苑	1
盛円	1
斉王	3
聖王	3
聖覚	1
清覚	1
聖鶴	1
誠格	1
声桓	1
正観	1
世凱	1
政乂	1
西崖	1
西涯	1
青厓	1
西岳	1
西嶽	1
星巌	1
星巖	1
清巌	1
青巌	1
青丘	1
醒狂	1
靖共	1
世恭	1
成恭	1
聖響	1
盛京	1
西狭	1
誓謹	1
政玉	1
清苦	0
制空	0
成卿	1
成慶	1
世杰	1
制憲	0
勢剣	0
勢劔	0
掣圏	0
政權	0
施券	0
生研	0
生繭	0
精検	0
静玄	10
勢源	1
政玄	1
清源	1
青原	1
世諺	0
正言	0
清弦	0
清絃	0
精厳	0
聖現	0
西諺	0
井侯	1
竫公	1
西后	1
静公	1
世光	1
成幸	2
成璜	1
成鎬	1
清功	1
聖昊	1
聖皓	1
井崗	1
成皋	1
成皐	1
西康	1
静谷	1
成坤	1
清根	1
西悟	1
征吾	1
清吾	1
精吾	1
聖悟	1
勢語	1
省悟	1
正剛	1
世済	1
惺齋	1
成齋	1
省斎	1
省齋	1
誠齋	1
静斎	1
静齋	1
清作	1
盛作	1
誠作	1
勢至	0
整枝	0
製絲	0
聖七	1
星周	1
清修	1
成周	1
清州	1
青州	1
西州	1
世駿	1
盛春	1
誓書	1
斉召	1
世昌	1
成燮	1
成祥	1
星晶	1
正燮	1
青翔	1
清慎	1
青辛	1
世臣	1
正晉	1
清晨	1
静信	1
西神	1
清津	1
生津	1
精紳	1
精神	1
聖心	1
青瓷	0
晴実	1
青綬	0
西順	1
成純	1
成順	1
斉純	1
正順	1
清順	1
誠醇	1
制水	0
整水	0
製水	0
西陲	0
青翠	0
静水	0
精図	1
精圖	1
勢声	0
征西	0
惺々	0
政制	0
整々	0
斉整	0
齊整	0
整正	0
正々	0
正西	0
生棲	0
盛世	0
精整	0
精誠	0
聖世	0
聖性	0
菁々	0
製成	0
西征	0
醒世	0
青成	0
静清	0
世勣	1
醒雪	1
醒川	1
逝川	1
政善	1
世宗	1
聖宗	1
正操	1
青邨	1
盛族	1
聖俗	1
脊板	0
聖泰	1
成沢	1
清潭	1
聖嘆	1
西単	1
西淡	1
静置	0
靜置	0
世忠	1
西疇	1
勢朝	1
清張	1
成帝	1
世貞	1
正廷	1
成哲	1
正哲	1
制吐	0
聖陶	1
静塔	1
成得	1
成堂	1
世南	1
成南	1
盛南	1
青南	1
晴南	1
聖南	1
靖難	1
世寧	1
征旆	0
清肺	0
正伯	1
西白	1
聖八	1
西蕃	1
成杓	1
晴風	1
正楓	1
青楓	1
誠福	1
青文	1
靖雯	1
世平	1
栖峰	1
栖邦	1
栖鳳	1
正奉	1
清峯	1
清芳	1
青峰	1
静芳	1
清峰	1
青幫	1
精母	1
正卯	1
靖邁	1
世民	1
成珉	1
声名	0
睛明	0
精明	0
聖名	0
世猷	1
成勇	1
晟佑	1
晴由	1
正猷	1
清裕	1
聖雄	1
声容	0
政要	0
正用	0
正葉	0
正要	0
清容	0
省要	0
精要	0
精養	0
西用	0
西来	0
晴瀾	1
栖蘭	1
青巒	1
青欄	1
青蘭	1
成龍	1
世隆	1
成竜	1
政龍	1
星竜	1
聖龍	1
青流	1
成了	1
成梁	1
清良	1
西涼	1
生嶺	1
西苓	1
青藜	1
青黎	1
成烈	1
清漣	1
星蓮	1
正露	0
精路	1
青蘆	1
征良	1
静浪	1
晴和	0
清話	0
瀬賀	0
世木	0
咳き	2
関井	0
夕影	2
石円	1
石燕	1
惜華	1
石拐	1
石涯	1
雪岳	2
雪嶽	2
赤虹	1
錫厚	1
晰作	2
石秀	1
石州	2
石舟	1
関彰	2
石日	2
関上	2
関城	2
石崇	2
席数	0
石仙	1
淅川	1
関前	2
石創	1
石霜	1
赤胆	0
石亭	1
石鼎	1
碩鼎	1
石韜	1
関戸	0
石冰	2
石宝	1
関麻	1
石勇	2
積量	2
関料	2
錫林	1
関和	1
關輪	1
世古	0
瀬古	0
世鎬	1
世耕	1
勢田	0
勢多	0
瀬田	0
雪佳	1
摂海	0
説戒	0
雪幹	1
設卦	0
雪溪	1
薜公	1
浙江	1
拙齋	1
雪斉	1
雪斎	1
設施	0
節車	1
雪舟	1
雪洲	1
摂州	1
攝州	1
雪松	1
雪川	1
雪爪	1
雪腸	1
雪竇	1
雪邦	1
薛永	1
雪紅	1
摂護	1
雪後	1
節二	1
節次	1
節治	1
摂餌	1
拙堂	1
攝南	1
設門	2
切離	0
雪量	2
薛礼	1
迫門	1
旋頭	0
瀬名	0
世福	0
瀬部	0
瀬間	0
背身	1
背峰	0
瀬目	0
世雄	1
世良	0
世羅	0
世莉	1
世利	0
施論	0
詹尹	1
孅媛	1
仙塩	1
宣王	3
泉桜	1
鮮黄	3
顫音	1
遷界	0
仙鶴	1
千観	1
宣鑑	1
染褂	0
船骸	0
仙覚	1
泉岳	1
千巌	1
仙岩	1
仙巌	1
腺ガン	1
泉久	1
鮮京	1
蟬玉	1
顓頊	1
先軍	0
千軍	0
戦型	0
戦形	0
泉渓	0
仙見	1
仙厳	1
仙元	0
仙子	1
仙湖	1
戦鼓	1
染戸	1
箭壷	1
箭壺	1
千光	1
宣公	1
銭紅	1
鮮広	1
専好	1
詮孔	1
線こう	1
占鰲	1
煎熬	0
仙石	0
専斎	1
專齋	1
泉斉	1
占山	1
仙山	1
千山	1
薦山	1
先周	1
扇舟	1
沾洲	1
宣州	1
泉州	1
仙修	1
詮舜	1
先俊	1
泉生	1
仙昇	1
専称	1
扇雀	1
扇寿	1
仙壽	1
千手	1
川塾	1
倩娘	1
専精	1
線娘	1
仙城	1
仙丈	1
千畳	1
千仭	1
千靭	1
仙水	1
仙酔	1
陝西	1
占星	0
専政	0
專政	0
戦勢	0
戦声	0
穿井	0
箋正	0
仙雪	1
倩倩	1
川陝	1
宣川	1
川陜	1
仙セン	1
宣宗	1
仙叟	1
選沢	1
選澤	1
潜舵	1
専大	0
選題	0
闡提	0
専注	0
泉中	0
千丁	1
千町	1
宣帝	1
洗亭	1
宣統	1
銭塘	1
仙桃	1
錢湯	1
宣徳	1
沾徳	1
仙得	1
専徳	1
仙堂	1
仙道	1
千堂	1
千東	1
千道	1
泉堂	1
薦楠	1
泉涌	1
遷任	0
腺嚢	0
銭納	0
阡陌	1
宣風	1
尖腹	0
煎服	0
仙平	0
仙北	1
泉北	1
千甕	1
宣陽	1
宣蘭	1
川流	0
閃緑	0
筮卦	1
筮仕	1
是信	1
絶険	0
錢屋	1
禅永	1
禅海	1
禪海	1
前開	1
全回	1
全顔	0
前岸	0
前がん	0
前癌	0
冉求	1
全球	1
禅教	1
全極	1
全業	0
禅行	0
全慶	1
前刑	1
全建	0
全研	0
全功	0
全甲	0
前功	0
前向	0
前稿	0
禅閤	0
禪閤	0
全麹	3
全号	1
繕写	0
善綽	1
全秀	1
禅秀	1
善昌	1
善昭	1
全省	1
善照	1
全食	0
善四郎	0
全真	1
善津	1
染浄	0
禅杖	0
前席	0
禅籍	0
全戦	1
鄯善	1
全層	1
善田	0
前談	1
全忠	1
全庁	1
全町	1
全鳥	1
全党	1
禅刀	1
善得	1
前同	1
膳任	1
膳場	1
全馬	1
善馬	1
善福	1
前鋒	0
善報	0
善法	0
全明	1
前明	1
善明	1
善鸞	1
前欄	1
全隆	1
全良	1
素庵	1
曽井	0
蒼庵	1
瘡痍	1
層位	1
爪囲	1
痩意	1
相位	1
相依	1
相畏	1
宗因	1
棕隠	1
蒼韻	1
宋雲	1
挿雲	1
早雲	1
草雲	1
双贏	0
宗園	0
創縁	0
双燕	0
雙燕	0
操演	0
総演	0
僧王	3
荘王	3
宗恩	1
草加	0
層化	0
走化	0
走過	0
宗幹	1
宗完	1
宗歓	1
宗漢	1
宗礀	1
宗鑑	1
綜翰	1
宗観	1
插畫	0
草画	0
僧鎧	1
宗岳	1
惣岳	1
宗玩	1
倉丘	1
宗及	1
桑鳩	1
爽鳩	1
蒼虬	1
宗享	1
曾鞏	1
宋斤	1
宗欣	1
宗訴	1
桑暁	1
宗誾	1
曹銀	1
走句	0
曹禺	1
曹軍	0
総軍	0
総毛	0
總毛	0
僧慶	1
宗啓	1
宗恵	1
宗慶	1
宗桂	1
雙桂	1
曹渓	1
創形	1
倉頡	1
蒼頡	1
僧虔	1
相権	1
創健	1
摠見	1
宗彌	1
宗元	1
宗源	1
宗炫	1
宗玄	1
相元	1
崇元	1
創口	0
創構	0
双光	0
双鉤	0
壮佼	0
壯佼	0
崢嶸	0
挿肛	0
掻攪	0
操向	0
爪甲	0
倉口	0
草高	0
装潢	0
裝潢	0
走后	0
走向	0
走航	0
鏘鏗	0
曹錕	1
宗氏	0
曽子	0
曾子	0
曹士	0
相使	0
宗社	1
桑柘	1
相者	1
荘周	1
宗修	1
滄洲	1
宗周	1
曹州	1
宗紹	1
曹彰	1
宗昌	1
宗祥	1
曹相	1
棗荘	1
蒼松	1
曹植	1
曾植	1
曹真	1
宗心	1
曾參	1
惣寺	0
掃じ	0
早治	0
草字	0
荘十	1
草柔	1
操孃	1
荘襄	1
宗静	1
草城	1
桑椹	0
草水	1
曹嵩	1
宋清	1
宗精	1
創政	1
宗聖	1
宗碩	1
漱石	1
蒼石	1
宗節	1
宗摂	1
宗僉	1
霜川	1
宗泉	1
宗砌	1
曹全	1
宗全	1
早善	1
崇禅	1
曹操	1
曹爽	1
草窓	1
壮壮	1
艸々	1
臧孫	1
壮三	1
惣蔵	1
操蔵	1
総三	1
僧賊	0
草賊	0
崇泰	1
宗沢	1
宗澤	1
宗逹	1
宗達	1
宗旦	1
宗湛	1
宗端	1
草大	1
蒼大	1
宋代	1
蒼竹	1
叢中	1
桑中	1
宗長	1
宋朝	1
荘帝	1
宋廸	1
宗哲	1
想鉄	1
想鐵	1
曹騰	1
宗套	1
宗棠	1
宗南	1
宗入	1
宗仁	1
宗伯	1
宗柏	1
曹丕	1
巣脾	1
槍匪	1
臧旻	1
宗敏	1
蒼風	1
壮武	1
総武	1
総部	1
曹物	0
相文	1
壮瞥	1
双峰	0
双鳳	0
早報	0
遭逢	0
曹髦	1
総馬	1
桑麻	1
走馬	1
相米	1
双面	0
曹熊	1
宗友	1
相佑	1
壮猶	1
宗猷	1
僧繇	1
宗陽	1
宗養	1
帚葉	1
窓葉	1
棗陽	1
宗龍	1
双竜	1
草梁	1
宗倫	1
宗琳	1
宗麟	1
蒼輪	1
槽類	1
宗岺	1
壮六	1
宗六	1
操六	1
宗和	1
創和	1
楚王	2
素覚	1
蘇戡	1
疎画	1
粗画	1
訴額	0
続飯	2
足芽	0
束糸	1
息忠	1
祖元	1
蘇江	1
蘇公	1
蘇合	1
疎豪	0
粗豪	0
楚材	1
蘇従	1
蘇蕉	1
蘇軾	1
蘇秦	1
祖神	1
楚水	1
素逝	1
疎石	1
祖籍	1
粗匆	1
粗踈	1
蘇代	1
捉鬼	1
卆	1
卒意	1
率意	1
蘇堤	1
蘇轍	1
疎宕	0
踈宕	0
素陶	0
訴答	0
租特	0
外目	0
素堂	1
祖納	1
租納	1
翠烏	1
曽根	0
曽祢	0
曾根	0
曽禰	0
素白	1
蘇武	0
蘇峯	1
蘇峰	1
措法	1
蘇木	1
杣	0
粗まん	0
素明	1
染二	1
曽屋	0
曽谷	0
蘇陽	1
徂徠	1
空井	1
蘇酪	1
剃	2
剃り	2
粗粒	0
素良	1
甦浪	1
素論	0
曽和	0
曽輪	0
孫乾	1
孫敬	1
孫崗	1
孫康	1
孫暠	1
孫皓	1
存厚	1
尊晶	1
孫新	1
孫晨	1
村数	3
孫静	1
孫々	0
孫孫	0
村堂	0
孫宝	1
孫メン	1
尊融	1
尊由	1
孫陽	1
孫立	1
造	1
蔵縁	1
贈歌	1
増喜	1
臧宮	1
増賢	1
蔵算	1
曹子	1
蔵志	1
贈詩	1
象舎	1
増祥	1
増称	1
増新	1
造字	0
象皮	1
造免	1
俗離	1
賊魁	0
太阿	1
体安	1
耐庵	1
耐菴	1
大菴	1
泰安	1
待庵	1
太胤	1
岱栄	1
泰映	1
泰英	1
大栄	1
大宴	0
太淵	0
対円	0
退園	0
太王	3
体化	0
泰赫	1
大幹	1
大煥	1
泰煥	1
対関	1
對關	1
太岳	1
泰巌	1
泰救	1
諦鏡	1
泰旭	1
大昕	1
泰均	1
退渓	1
太恵	1
泰賢	1
太源	1
太玄	1
泰源	1
体源	1
體源	1
太元	1
たい子	1
鯛子	1
大沽	1
太湖	1
大故	1
太公	1
大浩	1
大航	1
大鴻	1
大閤	1
太興	1
泰恒	1
対晤	0
帯沙	1
堆砂	1
対査	1
大死	0
対支	0
對支	0
大斜	1
大舎	1
大車	1
太捨	1
隊舎	1
大周	1
太秀	1
泰州	1
対州	1
對州	1
退所	0
体象	0
大捷	0
対償	0
対唱	0
對象	0
退廠	0
泰植	1
太晨	1
大伸	1
大進	0
泰真	1
大信	1
大秦	1
泰伸	1
泰二	1
泰吏	1
泰地	1
太地	1
待時	1
胎仔	1
泰淳	1
諦成	1
大聲	1
大誠	1
泰生	1
泰錫	1
台鮮	0
臺鮮	0
対潜	0
対鮮	0
滞船	0
退船	0
泰全	1
泰禅	1
太宗	0
体そう	0
躰操	0
大壮	0
太多	0
泰澄	1
太顚	1
泰東	1
胎豚	0
隊内	1
台南	0
臺南	0
対南	0
太伯	1
泰伯	1
退皮	0
太法	1
待封	1
帯方	1
大卜	1
太僕	1
岱明	1
泰明	1
泰緬	1
退野	1
体用	0
体容	0
態容	0
大妖	0
帯蛹	0
耐容	0
耐溶	0
胎孕	0
大慾	0
戴笠	1
戴隆	1
泰琳	1
泰嶺	1
大練	0
大朗	1
鯛六	1
太和	1
多いん	0
田うえ	3
田植ゑ	3
田打	3
垰	0
田尾	0
多嘉	1
多加	1
多可	1
他科	1
多佳	1
多花	1
貴以	1
高龗	1
鷹飼	0
鷹飼い	0
高倉	0
高兌	2
高汐	2
田方	1
高浪	2
尭葉	1
高羽	1
高町	2
高美	1
高皇産霊	4
高盛	0
高盛り	0
隆仗	2
高頼	2
田加良	1
多賀	0
田賀	0
互	0
多賀禰	1
瀧	0
炊き	0
滝井	0
瀧井	0
他吉	0
多吉	0
太吉	0
田木	0
た行	1
滾り	3
多久	1
拓	1
濯	1
琢	1
田久	1
他区	1
托	1
坦庵	1
宅悦	1
翟弘	1
多久島	2
宅島	2
涿州	1
琢照	1
託身	0
鐸身	0
澤順	1
拓川	1
卓宗	1
沢東	1
澤東	1
拓跋	2
他軍	0
丈け	2
多慶	1
竹丘	2
竹岡	2
武芝	2
竹柴	2
武地	0
武智	0
武知	0
武朝	0
武永	2
竹永	2
建速	2
武昌	1
竹群	0
竹矢	0
多見	0
多古	0
多祜	0
田幸	1
田高	1
他項	1
多湖	0
田事	0
多含	0
田才	1
田斎	1
多昌	1
他省	1
他章	1
多治	0
多軸	0
多十	1
佐	0
輔	0
多助	0
太助	0
他隊	1
夛田	0
忠清	1
忠熊	2
忠士	1
忠教	2
伊紀	2
周典	2
忠典	2
忠則	2
忠度	2
忠徳	2
忠悳	2
忠矩	2
忠礼	2
忠範	2
忠紀	2
只見	1
多津	1
辰猪	1
樹貴	0
達喜	0
達樹	0
竜口	0
立て入り	0
縦感	2
縦ざき	0
縦裂き	0
他党	1
多奈	1
田名	1
棚井	0
渓口	0
谷津	0
谷戸	0
多野	0
他藩	1
田場	0
他邦	0
多宝	1
田保	0
玉井	0
田舞	0
玉占	0
玉岡	2
玉かけ	0
玉掛	0
玉掛け	0
玉貸し	0
玉坂	2
玉乃井	2
玉野井	2
珠世	0
珠代	0
田麻誉	0
玉依	2
玉利	1
玉里	1
溜	0
為め	2
為メ	2
爲	2
爲め	2
爲メ	2
田本	1
樽屋	0
田老	0
胆液	1
丹翁	3
端王	3
単科	1
担荷	1
探花	1
炭価	1
丹丘	1
丹邱	1
短急	1
湛慶	1
探景	1
探元	1
探玄	1
端康	1
探語	0
単彩	0
短才	0
探山	1
湛山	1
談山	1
単飼	0
短視	0
単斜	0
潭秋	1
丹州	1
譚峭	1
丹治	1
耽二	1
丹地	1
担持	1
丹生	0
簞笥	0
簟笥	0
短生	0
儋石	1
担石	1
擔雪	1
探線	0
段銭	0
端栓	0
站前	1
単漕	0
単装	0
谷茶	0
譚忠	1
短長	1
丹鼎	1
丹冬	1
但東	1
丹東	1
丹藤	1
単年	0
淡飯	0
短ぱん	0
嘆服	0
端方	1
田ん圃	0
単面	0
丹韵	1
丹陽	1
丹龍	1
丹陵	1
痰量	3
丹棱	1
大禹	1
大圓	1
大休	1
大倹	0
大玄	1
大源	1
大湖	1
乃古	1
乃煌	1
大哈	1
大猴	1
大座	1
題詞	0
題詩	0
大嶼	1
代匠	0
大商	0
大檣	0
大照	0
大祥	0
大荘	0
大証	0
大審	0
大清	0
大掾	1
大神	0
大磧	1
代船	0
題扇	0
題箋	0
代宗	1
大嫂	1
代だい	1
太々	0
太太	0
代駐	0
大忠	0
大癲	1
大顚	1
大展	1
大濤	1
大燈	1
提婆	1
大弼	1
大腹	0
大ぶ	0
大べん	3
大満	1
代紋	0
大冶	1
大邑	1
大理	1
大麓	1
大論	0
朶雲	0
抱き	0
堕在	0
懦子	1
陀田	0
駄知	1
脱化	0
脱解	1
脱進	0
達陀	0
脱炭	0
惰慢	0
彩み絵	2
濃絵	2
舵輪	0
段猿	1
断簡	0
檀弓	1
壇渓	1
檀渓	1
団吾	1
断止	0
團洲	1
段翔	1
彈正	1
断端	0
団藤	1
檀原	1
断熊	1
遅	1
癡	1
智蘊	1
千恵	1
千惠	1
千枝	1
千栄	1
千江	1
千絵	1
千英	1
千衣	1
智惠	1
智栄	1
智江	1
知枝	1
知衣	1
知重	1
智恵紀	1
治縁	0
致遠	1
置恩	0
千穎	1
千頴	1
知格	1
千賀乃	0
千香美	0
主税	1
智閑	1
智環	1
治外	1
地棘	0
知久	1
畜	1
知工	1
筑	1
蓄	1
竹紫	1
筑州	2
竹性	0
築上	2
竹青	1
竹扇	0
竹箭	0
蓄銭	0
竹窓	1
筑肥	1
竹皮	2
筑邦	1
筑嶺	1
智勲	1
治勲	1
致薫	1
智健	1
智賢	1
治賢	1
知県	2
智光	1
智広	1
地皇	1
地産	0
稚蚕	0
遅産	0
智周	1
知周	1
智衆	1
智昇	1
智祥	1
智証	1
智證	1
智真	1
智深	1
知真	1
智誠	1
地神	1
智頭	0
智成	1
智星	1
地政	1
痴雪	1
地仙	0
恥叟	1
智聰	1
耻叟	1
知多	0
智多	0
千大	1
智達	1
地田	0
智田	0
治頭	1
千奈美	0
千波	1
千波美	0
千漾	0
千菜美	0
智奈美	0
智菜美	0
知奈美	0
千野	0
地野	0
知野	0
茅野	0
千剣破	0
血ぶり	0
血振り	0
智辧	1
智鳳	1
地本	0
千牧	1
千真季	1
千万太	1
千亦	1
茶うす	0
茶くま	0
茶クマ	0
茶隈	0
着花	1
茶原	1
茶びん	0
虫癭	0
忠悦	1
紂王	3
沖漢	1
中関	1
中韓	1
駐機	0
仲恭	1
ちゅう木	0
仲卿	1
仲景	1
中経	1
仲賢	1
忠賢	1
忠県	1
仲彦	1
中行	1
中公	1
籌根	1
忠五	1
忠吾	1
忠豪	1
抽斎	1
抽齋	1
仲之	1
冲之	1
沖之	1
中士	1
中祀	1
中車	1
中社	1
中章	1
中地	0
中字	0
中情	0
忠情	0
柱上	0
駐鍬	0
仲仁	1
仲哀	1
仲宣	1
中全	0
中前	0
中叢	1
中宗	1
忠操	1
忠尊	1
忡々	0
沖々	0
躊蹰	0
中都	1
仲芳	1
忠北	1
仲謀	1
仲密	1
中友	1
中陽	1
中陵	1
仲藜	1
仲連	1
駐露	0
張鎰	1
長逸	1
張允	1
趙雲	1
朝益	1
長悦	1
張燕	1
長垣	1
長延	1
張温	1
張華	1
趙華	1
鳥窠	1
兆佳	1
帳下	1
潮下	1
町花	1
長夏	1
張楷	1
趙回	1
長諧	1
鳥海	1
張角	1
趙括	1
張韓	1
澄観	1
趙桓	1
帳外	0
潮害	0
鳥害	0
張鳩	1
張競	1
肇興	1
長教	1
迢空	1
張勲	1
張勳	1
徴君	1
張兄	1
澄惠	1
長慶	1
朝敬	1
鳥逕	1
張謇	1
張謙	1
張騫	1
澄憲	1
長賢	1
張玄	1
趙源	1
重源	1
張宏	1
張紘	1
張衡	1
張鎬	1
趙光	1
趙広	1
趙甲	1
趙高	1
丁香	1
朝衡	1
張江	1
長項	1
長光	1
長興	1
長高	1
朝裁	0
長祭	0
長山	1
張材	1
張芝	1
張資	1
趙衰	1
朝志	1
肇刺	1
蝶紫	1
超子	1
弔使	1
弔詩	1
徴士	1
町史	1
町誌	1
調使	1
長史	1
聴写	0
聴守	1
張繍	1
張繡	1
聴秋	1
長州	1
潮州	1
張昌	1
張昭	1
張松	1
張裳	1
彫翔	1
長捷	1
長祥	1
長昌	1
長照	1
兆新	1
趙信	1
吊耳	0
彫字	0
町治	0
調餌	0
長充	1
長秀	1
趙襄	1
ちょう上	3
張任	1
朝樞	1
張成	1
張青	1
趙青	1
張政	1
晁勢	1
肇星	1
肇淛	1
長成	1
長靖	1
長聖	1
釣雪	1
張遷	1
貂蝉	1
貂蟬	1
聴泉	1
ちょう戦	0
蜩蝉	0
重選	0
朝禅	1
長善	1
趙宋	1
長増	1
張達	1
張湛	1
趙丹	1
町代	0
張忠	1
晁中	1
兆中	1
重珍	0
長入	1
長伯	1
長白	1
頂版	0
丁場	3
町場	3
張邈	1
長福	1
趙丙	1
釣便	0
朝報	0
町法	0
調法	0
釣法	0
長保	0
長方	0
長鋒	0
頂峰	0
超茂	1
兆銘	1
徴明	1
長明	1
腸薬	1
張融	1
趙融	1
長猷	1
張楊	1
趙曄	1
長燁	1
長陽	1
朝阳	1
潮陽	1
腸溶	1
頂礼	0
長楽	1
長樂	1
澄隆	1
張梁	1
張良	1
張遼	1
張陵	1
長竜	1
趙林	1
兆霖	1
長齢	1
超錬	0
寵楼	1
張老	1
直解	0
儲備	1
貯備	1
千代乃	0
痴楽	1
地龍	1
知立	1
千恋	1
知廉	1
鎮安	1
陳垣	1
闖王	3
陳応	3
陳鶴	1
陳侃	1
陳羣	1
陳郡	1
陳慧	1
陳珪	1
珍圭	1
珍珪	1
珍言	0
陳光	1
陳宏	1
鎮江	1
珍皇	1
狆語	0
枕山	1
鎮洙	1
陳勝	1
陳軫	1
沈寿	1
陳壽	1
陳寿	1
晋州	1
珍城	1
陳誠	1
陳静	1
鎮生	1
鎮碩	1
陳銓	1
鎭西	1
陳操	1
陳朝	1
陳到	1
陳濤	1
珍島	1
鎭東	1
鎮東	1
陳睦	1
陳暘	1
沈淪	0
対化	1
通円	1
通化	1
通衢	0
通賢	1
通玄	1
通溝	1
通書	1
通照	1
通時	0
通勢	1
通便	0
杖立て	0
塚	2
遣	1
柄元	0
都岐	1
月濱	2
月町	2
尽山	0
月世	0
次ぎ	2
都介野	1
辻うら	0
つじ堂	0
蔦屋	1
蔦谷	1
土粉	0
豆酘	1
都都	1
津奈木	1
都並	1
恒	1
津野	0
都農	0
都濃	0
角縁	0
津花	1
津鼻	1
坪根	1
坪谷	1
壺谷	1
妻木	0
積み	0
梅雨	0
攣り	0
吊	0
鶴瓶	1
つる巻き	0
鶴美	0
庭筠	1
低王	0
鄭恩	1
貞孩	1
廷鶴	1
汀鶴	1
丁管	1
諦寛	1
貞巻	1
貞幹	1
貞桓	1
錠煥	1
邸外	1
程岳	1
定求	1
程銀	1
丁敬	1
鄭奎	1
鄭経	1
廷珪	1
庭堅	1
貞憲	1
鼎軒	1
丁原	1
定玄	1
鄭玄	1
鼎元	1
定公	1
程顥	1
鄭興	1
定向	1
啼哭	0
禎吾	1
貞吾	1
貞剛	1
帝后	0
貞斎	1
程子	1
廷芝	1
手石	1
丁巳	1
亭子	1
帝師	1
廷式	1
丁者	1
鄭衆	1
鄭袖	1
汀州	1
鄭州	1
低處	1
丁章	1
鄭招	1
鄭樵	1
庭鐘	1
鼎昌	1
帝商	1
貞照	1
貞植	1
廷琛	1
貞丈	1
鼎人	1
定政	1
鄭生	1
汀川	1
定線	1
定膳	1
定宗	1
鄭泰	1
鄭智	1
低値	1
邸地	1
丁沖	1
帝紂	1
鄭注	1
庭忠	1
叮叮	1
鄭澈	1
貞徳	1
丁堂	1
定洞	1
鄭年	1
鄭栢	1
定伯	1
定繁	1
丁奉	1
廷芳	1
貞鳳	1
霆鋒	1
蹄油	0
禎祐	1
貞祐	1
定容	0
蹄葉	0
鄭律	1
悌隆	1
貞柳	1
鄭両	1
鄭倫	1
亭林	1
定林	1
定齢	0
手飼	0
翟	1
狄	1
迪化	1
滴加	1
翟源	1
荻秋	1
荻舟	1
適熟	0
狄青	1
荻斉	1
狄嶺	1
手児女	1
撤下	1
鉄価	1
鉄戈	1
鉄丐	1
鉄拐	1
哲煥	1
鉄幹	1
鉄手	0
鐵手	0
哲周	1
哲秀	1
鉄舟	1
鐵舟	1
哲照	1
哲章	1
哲成	1
哲西	1
徹翁	1
鐡	0
鉄以	1
鉄映	1
徹山	1
哲承	1
哲二	1
哲児	1
哲次	1
哲治	1
哲至	1
徹二	1
徹治	1
轍次	1
鉄二	1
鉄司	1
鉄次	1
哲世	1
鉄生	1
綴文	0
鉄冶	0
鐵林	1
手ま	2
寺裏	0
照れ	2
照れマン	2
滇	1
篆	1
輾	1
天栄	1
滇王	3
点化	0
天会	1
天勝	1
天陥	0
天凱	1
天街	1
奠基	1
恬熈	1
点鬼	1
転帰	1
転期	1
典厩	1
転愚	1
天渓	1
天溪	1
殿奚	1
天京	1
天弦	1
天光	0
天巧	0
天恍	0
天罡	0
転航	0
天獄	0
諂曲	0
展翅	0
天赦	1
天囚	1
天秀	1
典書	1
天章	1
點勝	1
天祥	1
天翔	1
展伸	0
天智	1
典二	1
典治	1
典事	1
天治	1
転陣	0
天随	1
滇生	1
天政	1
天仙	1
典善	1
典膳	1
天巣	1
転舵	1
天忠	1
天厨	1
天定	1
天々	1
天天	1
天桃	0
天灯	0
天燈	0
点燈	0
顚倒	0
天杯	0
天盃	0
顛沛	0
天パー	0
天桴	0
天符	0
天吹	1
天洋	1
廛来	1
天鈴	1
篆・隷	1
天郎	1
出合	1
出井	0
出捨	0
出捨て	0
出銭	0
出戸	0
出町	1
田翁	3
田完	1
田漢	1
電軌	0
電業	1
伝信	1
田善	1
伝宗	1
伝田	1
田田	1
電々	1
電電	1
電童	1
田豊	1
土肥	0
戸井	0
都井	0
戸樋	1
十市	1
外一	1
父っ	1
東安	1
東庵	1
藤安	1
韜庵	1
董允	1
宕蔭	1
宕陰	1
藤陰	1
桐院	1
洞院	1
東員	1
桃雲	1
董永	1
東泳	1
東栄	1
統営	1
糖液	0
鄧渕	1
東翁	1
湯王	1
東歐	0
東奥	0
東奧	0
等黄	0
東夏	0
糖果	0
等覚	1
東葛	1
陶侃	1
東完	1
等觀	1
豆官	1
当館	1
唐画	0
唐鍬	0
陶画	0
灯蓋	0
燈蓋	0
頭外	0
彤岩	1
等顔	1
逃毀	0
桃鳩	0
藤弓	0
桐郷	1
東旭	1
烔旭	1
唐軍	1
陶軍	1
到炯	1
東奎	1
唐傑	1
佟健	1
竇賢	1
陶謙	1
東健	1
桐軒	1
當謙	1
当権	1
当犬	1
唐下	1
東源	1
滕公	1
董璜	1
東岡	1
東洸	1
東興	1
桃紅	1
桐江	1
騰蛟	1
東効	1
刀江	1
当校	1
東校	1
冬吾	1
東伍	1
東吾	1
藤五	1
藤吾	1
透吾	1
十河	1
東郷	1
当済	1
桃齋	1
等栽	1
董斎	1
藤左	1
陶材	0
兜子	1
桃史	1
陶司	1
東支	1
党史	1
当市	1
当誌	1
桃仔	1
登仕	1
蕩子	1
藤車	1
藤舎	1
党舎	1
董襲	1
東州	1
桃秋	1
洞宗	1
登州	1
当宗	1
東秀	1
東書	0
登照	1
冬陞	1
登昇	1
当省	1
当荘	1
東照	1
東祥	1
洞松	1
冬心	1
東伸	1
倒地	0
投餌	0
東寺	0
等持	0
等時	0
透磁	0
東洲	1
当塾	1
登昭	1
東城	1
東条	1
東條	1
棟上	1
当条	1
桃水	1
桃青	1
登星	1
登盛	1
鄧析	1
東石	1
董宣	1
陶潜	1
東宣	1
東仙	1
盗泉	1
当船	1
唐綜	1
当体	0
陶胎	0
東拓	0
東単	1
唐代	1
鄧楠	1
湯池	0
等置	0
陶鋳	1
東柱	1
藤朝	1
凍頂	1
党長	1
当庁	1
当町	1
東鎮	1
鄧通	1
等哲	1
桃都	3
幢々	0
幢幢	0
東塔	0
東陶	0
洞々	0
洞洞	0
統々	0
陶塔	0
騰々	0
鞺鞳	0
鼕々	0
東洞	1
東堂	1
桐堂	1
籐桐	1
藤堂	1
洞道	0
頭内	0
桐南	1
桃仁	0
唐白	0
東博	0
透薄	0
鄧発	1
東藩	1
當ばん	1
當番	1
東備	0
道風	1
藤仏	1
とう分	1
東辺	1
東弁	0
頭弁	0
東鳳	1
東峰	1
登封	1
東妹	1
董万	1
東美	0
東民	1
東明	1
東祐	1
東友	1
東容	0
桃夭	0
灯用	0
等容	0
陶俑	0
頭絡	0
当欄	1
東籬	1
橙里	1
刀利	1
忉利	1
湯隆	1
東龍	1
当流	1
東陵	1
糖量	1
東鄰	0
唐蓮	1
登蓮	1
桃郎	1
党論	0
藤和	0
融成	1
遠度	1
都會	0
都會	0
都開	0
斗煥	1
都監	1
戸賀	0
杜外	0
栂野	1
利鎌	0
鋭鎌	0
十亀	1
戸ケ里	1
戸ヶ里	1
戸狩	1
都側	0
閧	2
凱夫	0
外喜夫	0
外喜男	0
外喜雄	0
外岐雄	0
時夫	0
時央	0
時男	0
時雄	0
期雄	0
登亀男	0
登喜夫	0
登喜男	0
登喜雄	0
登希雄	0
登紀夫	0
登規男	0
時葉	1
都嶠	1
外喜代	0
斉世	0
登喜代	0
杜欽	1
磨礪	2
土牛	1
悳	1
登久	1
特	1
都区	1
得居	0
徳井	0
徳慧	1
得元	2
徳高	1
徳鴻	1
徳剛	1
徳秀	1
徳洲	1
徳昌	1
徳信	1
得示	0
徳乗	1
徳仁	1
涜聖	0
瀆聖	0
徳仙	1
徳祖	1
得宗	1
徳宗	1
得孫	2
徳道	2
得能	2
徳能	2
德柏	1
徳福	2
督撫	1
徳芳	1
徳明	1
特盛	0
徳勇	1
徳裕	1
徳容	1
徳耀	1
戸毛	0
刺々	1
屠沽	1
杜康	1
杜興	1
杜口	1
床嶋	2
と志	1
捷	1
登之	1
登志	1
都史	1
吐糸	1
渡支	1
菟糸	1
都師	1
俊景	2
俊蔭	2
敏景	2
年名	1
外島	1
戸島	1
戸嶋	1
都章	1
塗色	1
利若	2
綴じ	2
閉じめ	3
閉じ目	3
戸定	1
鳥栖	0
登勢	1
戸政	1
都清	1
杜遷	1
戸中	1
砺中	1
杜注	1
徒長	0
特貨	1
徳輝	1
特機	1
徳球	1
凸凸	1
兎頭	1
莵道	1
徒読	1
蠧毒	1
刀禰	0
戸根	0
吐藩	1
とび石	0
跳び石	0
飛田	0
斗瓶	0
覩聞	0
塗膜	0
戸松	1
泊	1
渡真利	1
渡満	0
迹見	0
冨川	1
富子	1
富司	0
富人	1
登米	0
留次	1
留治	1
友純	2
とも岡	0
とも粉	0
友粉	0
与貞	2
具定	2
智定	2
朝定	2
知定	2
与次	1
友司	1
友次	1
外茂次	1
外茂治	1
知二	1
友音	1
朋音	1
鞆音	1
豊和	1
豊海	1
刀良	1
度羅	1
虎番	0
渡蘭	0
止利	1
捕り	2
採り	2
執り	2
鳥あわせ	3
鶏合せ	3
鳥夫	0
鳥尾	0
取緒	0
鳥型	0
取鍋	0
鳥脇	2
徒論	0
頓教	0
呑奚	1
敦煌	1
飛んでも	4
土合	1
童威	1
動意	1
同委	1
胴囲	1
道衣	1
道一	1
同院	1
道院	1
道蘊	1
道韞	1
道栄	1
同縁	0
同苑	0
同菀	0
導円	0
銅塩	0
衲襖	0
道億	1
道可	1
同下	1
同科	1
同課	1
道果	1
銅価	1
道楷	1
洞海	1
同会	1
童貫	1
道潅	1
道灌	1
道閑	1
堂閑	1
潼関	1
潼關	1
同巻	1
同艦	1
同館	1
道岸	1
道鬼	1
道喜	1
道基	1
道木	1
同機	1
道鏡	1
同教	1
同曲	0
同極	0
銅極	0
道錦	1
道金	1
胴木	3
道君	0
同奎	1
同件	0
同見	0
同効	0
同工	0
導光	0
瞳光	0
道交	0
道工	0
銅工	0
道山	1
同山	1
道志	1
同師	1
同旨	1
同紙	1
同誌	1
導子	1
道叱	1
同趣	0
道舟	1
同州	1
同週	1
同床	0
銅鐘	0
道伸	1
道術	1
道潤	1
道醇	1
同城	1
同条	1
道成	1
同寸	0
道清	1
道節	1
道雪	1
同節	1
道仙	1
道璿	1
道全	1
道増	1
同対	0
同胎	0
童体	0
銅たく	0
動中	0
道聴	0
動点	0
撞点	0
洞天	0
道登	1
同島	1
同導	0
道童	0
道入	1
道忍	1
道伯	0
銅箔	0
同表	1
道副	1
同編	1
堂馬	1
道命	1
同明	1
童猛	1
筒元	0
童門	1
同訳	0
道有	1
道祐	1
同夕	1
道陽	1
同欄	1
道里	1
導流	0
道了	1
道琳	1
銅烈	1
同勞	1
同龢	1
同話	1
土棺	0
土救	1
土禁	0
土公	1
獨英	1
毒禍	1
独悟	1
独資	1
読史	1
讀史	1
読師	1
独秀	1
独仙	1
独領	2
毒力	2
度珩	1
土光	1
土苴	1
土砦	0
土司	1
怒心	0
独禁	0
毒鼓	0
土塔	1
土道	0
土馬	1
怒罵	1
土芳	1
土盛	0
土盛り	0
度盛	3
土紋	0
土類	1
土楼	0
泥々	1
泥泥	1
曇徴	1
曇曜	1
曇鸞	1
内家	0
内核	0
内殻	0
内廓	0
内視	0
内資	0
内寝	0
乃而	1
乃時	1
内痔	1
無い無い	3
名入り	0
名尾	0
尚勝	2
直克	2
直勝	2
尚子	1
尚也	1
尚哉	1
尚弥	1
直也	1
直哉	1
直弥	1
直矢	1
仲井間	2
中側	0
中郷	2
中しん	0
中栓	0
仲直	2
仲原	2
仲摩	0
名嘉真	0
仲馬	0
仲魔	0
中見	1
中良	1
永手	1
名柄	1
長等	1
長良	1
乍ら	1
菜季	1
菜木	0
奈義	0
那岐	0
和水	0
奈志	1
成し	1
為し	1
無シ	1
奈多	0
奈津	1
菜津	1
捺	1
七井	0
名波	1
名曳	1
鍋屋	1
名美	1
奈実	1
奈巳	1
奈未	1
奈美	1
永海	1
波美	1
菜実	1
菜未	1
菜水	1
菜美	1
那美	1
竝	0
波打	0
浪打ち	0
なみ次	1
なみ治	1
浪次	1
浪治	1
波瀬	0
並〻	0
並みなみ	0
竝々	0
竝竝	0
波々	0
並歯	0
奈來	1
慣い	2
均らし	1
並べ	0
形り	2
成り木	0
生り木	0
鳴りもの	0
斉敬	2
斉順	2
奈留	0
鳴竹	2
成宮	2
鳴宮	2
馴れ	2
名和	0
那和	0
繩	2
南郭	1
南関	1
南橘	1
南橋	1
南薫	1
南光	1
難山	1
南史	1
軟車	0
南州	1
南洲	1
南松	1
南昌	1
南淳	1
南城	1
南条	1
南條	1
南水	1
南翠	1
南勢	1
南泉	0
南遷	0
南禅	0
難提	1
南台	1
南汀	1
南哲	1
南砺	0
南場	1
南波	1
南葉	1
南蘋	1
南房	1
難峰	3
南冥	1
南容	1
南陽	1
なん曜	3
何曜	3
南龍	1
南梁	1
南鐐	1
南陵	1
尼尼	1
沸	0
沸え	0
錵	0
仁尾	0
仁嗜	0
仁行	1
二駆	1
肉鰭	0
荷くずれ	2
荷ぐら	0
仁志	1
二士	1
２士	1
2士	1
辛螺	1
西濱	2
西牟田	2
煮〆	0
煮染	0
荷杖	0
二閃	0
日伊	1
日王	2
日遠	1
日寛	1
日持	1
日浄	1
荷路夫	1
日郎	0
日揮	1
日晷	1
日顕	1
日謙	1
日興	0
日行	0
日州	1
日昌	1
日召	1
日昇	1
日新	0
日成	1
日知	0
日布	0
二津	1
仁藤	1
蜷	2
二平	0
弐平	0
尓布	0
入気	0
乳飼	0
入善	1
入堂	0
入洞	0
乳量	3
饒州	1
如源	1
如光	1
如信	1
女法	1
二龍	1
仁海	1
任限	3
忍性	1
忍態	0
人態	1
仁德	1
人法	0
仁耀	1
ぬい子	1
糠信	2
布田	1
沼知	1
沼辺	0
根上	2
根上がり	2
根上り	2
婦負	0
祢莉	1
根尾	0
根緒	2
根木	0
寝ぐら	0
値ごろ	0
祢寝	0
禰寝	0
根じめ	3
根締	3
熱河	1
熱讚	0
禰津	1
値付け	0
根羽	0
根引	1
寝まき	0
寢衣	0
根もと	3
根許	3
煉	2
煉り	2
念糸	0
稔侍	1
年時	1
年需	0
稔礼	1
野井	0
能生	0
囊	0
能円	1
脳外	1
農舎	1
能条	1
能成	1
能宗	1
納地	0
濃人	1
納米	1
能美	0
能祐	1
農料	3
野家	0
野江	0
野形	1
野毛	0
野地	0
莅戸	1
野立	0
野立ち	0
能戸	0
野徒	0
野々	0
野宮	1
野比	1
伸び止め	0
伸止め	0
野縁	0
乃美	0
野母	0
能里	1
憲方	2
則樹	1
乗り子	0
則武	0
則竹	0
告門	0
祝告	0
蜂火	0
這い	0
裴炎	1
俳畫	0
早岐	1
拝跪	1
胚期	1
廃鶏	0
肺系	0
肺経	0
沛県	1
沛公	1
拝郷	1
葉石	1
俳士	1
廃弛	1
牌姿	1
配祀	1
俳事	0
配字	0
孛彗	1
杯数	3
裴宣	1
灰田	0
培天	1
廃田	0
佩孚	1
俳譜	1
沛豊	1
佩綸	1
羽色	0
葉色	0
端浦	0
羽尾	0
刃折れ	0
羽がい	0
羽交	0
羽易	0
履き	0
穿き	0
伯井	0
白隠	1
柏蔭	1
白胤	1
伯雲	1
泊雲	1
伯円	1
伯援	1
伯猿	1
栢莚	1
白燕	1
白猿	1
白王	1
白鸚	1
白欧	0
白鴎	0
白鷗	0
伯玉	1
白圭	2
伯元	1
白弦	1
博言	0
伯根	1
博鰲	2
白彩	2
白指	1
薄資	1
白秋	1
伯州	1
亳州	1
博情	0
白壌	0
伯仁	1
白塵	1
陌翠	1
白冰	1
剝製	0
伯潜	1
博泉	1
白泉	1
伯仙	0
白洗	1
白忠	1
白潮	1
白堤	0
伯当	1
白涛	1
伯道	1
柏堂	1
博文	0
柏鵬	0
白棚	0
博望	1
伯約	1
白釉	0
伯要	1
白葉	1
白揚	1
白楽	2
伯竜	1
伯領	2
白リン	0
羽黒	1
剥げ	2
波光	1
箱盛り	0
函屋	0
歯先	0
椅	2
磴	0
橋占	0
端裏	0
巴蜀	1
愧	2
羞	2
耻ぢ	2
覇上	1
斜す	0
藕	0
蓮子	1
羽純	0
葉澄	0
八純	1
筈見	1
羽瀬	0
馳	0
將た	1
畑木	1
畑毛	1
畠地	0
幡本	2
畑本	2
畠本	2
はた屋	2
畑里	1
巴潮	1
白嘉	0
伯海	1
八海	1
白海	1
白甲	1
白溝	1
法進	1
法全	1
法詮	1
八仙	0
発船	0
初田	0
八東	1
八峰	0
八宝	0
八法	0
八芳	0
発ぽう	0
発疱	0
般	1
鈸	1
初井	0
初香	1
初買	0
発玄	1
発悟	1
初酉	0
はつ音	0
初範	2
涯て	2
羽出	0
羽藤	1
巴塘	1
巴東	1
破奴	1
鼻鼻	0
花衣	0
花井	0
花妃	0
華井	0
花傘	3
花栗	0
はな子	1
花子	1
花坂	2
花崎	2
花﨑	2
葉梨	1
鼻塚	0
花店	2
花美	0
羽並	0
羽並み	0
花や	2
羽仁	0
埴	0
葉抜き	0
翅	0
羽根田	1
妣	1
箒木	3
破帆	0
土生	0
羽部	0
波浮	0
浜地	1
浜藻	0
波見	1
挙牟治	1
葉むら	0
葉叢	0
刃紋	0
葉紋	0
夙く	1
既く	1
原井	0
原武	2
巴利	1
貼り	0
針止め	4
はり間	0
梁間	0
春部	1
腫	0
羽合	0
盼雲	1
半衛	1
樊噲	1
半海	1
潘岳	1
斑岩	1
阪九	1
阪急	1
范彊	1
范疆	1
版形	0
半兄	0
範型	0
範形	0
范型	0
班固	1
半古	1
藩庫	1
半江	1
範根	1
半崎	1
樊山	0
販社	1
潘璋	1
班昭	1
半字	0
斑状	0
犯情	0
犯状	0
反すう	0
反趨	0
樊瑞	1
阪盛	1
範奭	1
半仙	0
藩船	0
范冉	1
半膳	1
范曽	1
半損	0
范竹	0
斑竹	0
版築	0
班超	1
半丁	1
半町	1
半つき	0
半搗	0
半転	0
半透	1
半藤	1
飯藤	1
飯道	1
判任	0
半人	0
半寝	0
飯能	3
半坡	1
半波	1
藩部	1
繁文	0
半峯	1
半峰	1
半枚	1
半文	1
反耶	0
範佑	1
范嘩	1
范曄	1
范陽	1
海藍	1
攀竜	1
半猟	0
半量	3
藩領	0
飯量	3
范蠡	1
茫蠡	1
梅陰	1
培炎	1
倍化	0
梅玉	1
梅渓	1
梅軒	1
梅県	1
梅香	0
買鉱	0
買参	0
梅山	1
梅室	1
倍賞	1
梅僊	1
梅潭	1
売電	0
買電	0
梅堂	1
倍々	0
倍倍	0
馬飲	0
刃牙	1
馬記	1
莫言	1
ばく射	0
爆射	0
莫愁	1
麦州	1
麦水	1
麦草	1
麦南	1
馬光	1
馬幸	1
馬蝗	1
馬蟥	1
婆娑	1
覇砂羅	1
伐折羅	1
馬続	1
芭臣	1
馬身	0
馬針	0
馬城	1
馬清	1
馬岱	1
抜海	1
ばっ気	0
抜鈎	0
幕譴	0
伐根	0
抜根	0
抜魂	0
罰符	0
昧	1
馬騰	1
馬背	0
馬脊	0
馬塲	0
ばば子	0
婆子	0
馬良	1
馬陵	1
馬鈴	0
盤嶽	1
番景	1
盤珪	1
磐渓	1
磐溪	1
盤庚	1
万鎬	1
伴好	1
伴庚	1
磐斎	1
晩産	0
晩さん	0
晩材	0
番菜	0
萬春	1
盤所	1
蛮書	1
万昌	0
万松	0
晩笑	0
晩植	1
萬世	1
万鍛	0
萬鍛	0
播但	0
播淡	0
盤端	0
盤臺	0
万頂	0
萬頂	0
播鳥	0
蟠桃	1
礬土	1
板東	1
阪東	1
万皇	1
萬皇	1
万羽	1
番矢	1
播隆	1
蕃隆	1
馬油	0
ぱつ金	0
パツ金	0
火打ち	3
飛衛	1
飛駅	1
冷え抜き	0
冷抜	0
日尾	0
火王	1
日景	1
光莉	0
光里	0
日香里	0
干刈	1
日狩	1
比干	1
費観	1
日開	0
樋貝	0
檜貝	0
費額	0
樋上	1
日岐	1
日木	1
樋木	1
比企	1
丕基	1
秘機	1
避諱	1
引き側	0
引子	1
肥郷	1
比興	0
秘訓	0
杼口	0
飛檄	0
婢元	1
彦右	1
碑刻	0
彦乃	0
費袞	1
ひ護	1
批語	1
非悟	1
費差	1
楸	0
楸木	0
ひさ子	1
ヒサ子	1
久子	1
妃佐子	1
寿子	1
比佐子	1
比早子	1
比沙子	1
緋紗子	1
陽沙子	1
久史	1
久志	1
寿史	1
寿志	1
比佐志	1
久津	1
肥薩	1
久乃	0
比佐乃	0
悠仁	1
寿将	1
賁思	1
卑士	1
榧子	1
痞子	1
秘旨	1
秘詩	1
被子	1
避止	1
肥州	1
飛州	1
悲色	1
樋地	0
比地	0
非時	1
飛耳	1
肘木	0
比準	0
飛刃	1
肥前	1
日田	0
火たき	3
緋多	0
肥田	0
干鯛	1
飛鷹	0
肥田野	1
飛弾野	1
飛ちょう	1
弼承	1
必沈	0
必偉	1
日嗣	0
弼時	1
樋爪	1
樋詰	1
仁絵	0
人はだ	0
人膚	0
人むれ	0
人群	0
人群れ	0
人眼	0
日堂	1
日取	0
雛田	1
日並	0
日並み	0
卑奴母離	0
夷守	0
日根	0
桧葉	0
比婆	0
棐妹	1
日竎	1
日び	1
火火	1
響生	1
響紀	1
響木	1
被布	0
被風	0
日賦	0
火振り	0
媛語	0
表化	0
ひょう語	0
表語	0
氷姿	0
冰心	1
兵杖	0
表仁	1
萍水	1
飄亭	1
兵働	1
兵藤	1
兵頭	1
氷氷	1
漂布	0
氷棚	0
秘要	0
肥養	0
被傭	0
被用	0
飛妖	0
陽和	0
平鹿	1
平肩	0
平型	0
平潮	0
飛良手	1
葉盤	0
平盛り	0
鄙俚	1
飛龍	1
ひ料	1
飛麟	1
晝	2
晝馬	1
比留間	1
肥留間	1
蛭魔	1
濶	0
鄙陋	0
非労	0
広周	2
洋司	1
広嶋	2
廣戸	0
博朋	2
浩智	2
広見	1
比和	0
品海	1
貧士	1
賓師	1
浜人	1
干田	0
瀕々	0
美援	0
美演	0
美艶	0
鼻煙	0
美果	1
美吟	1
美京	1
美犬	0
美研	0
薇元	1
尾西	1
媄子	1
微志	1
微旨	1
微視	1
美詞	1
備州	1
尾州	1
湄州	1
美生	1
眉娘	1
微誠	0
美髯	0
美貞	1
美典	1
備藤	1
尾藤	1
美童	0
鼻道	0
糜芳	1
麋芳	1
美鳳	1
病期	1
廟祀	1
病豕	1
病者	1
病間	0
薇陽	1
美欲	1
び爛	0
靡爛	0
美齢	1
鼻勒	1
敏燮	1
府印	0
府尹	0
父音	0
負因	0
ふう花	1
楓夏	1
風系	0
風洪	1
封紙	1
風尚	0
風衝	0
封じ	0
風生	1
風天	1
風葉	1
封陵	1
風量	3
ふ運	1
増え	2
普暎	1
巫炎	1
赴援	0
俘解	1
賦魁	1
桴海	1
蒸かし	3
深巳	1
負函	1
不害	1
府外	1
富喜	1
布岐	1
不記	1
不諱	1
吹	2
吹き	2
腐気	1
拭き取り	0
吹屋	2
孚九	1
巫峡	1
賦金	0
福焰	1
福王	2
福翁	2
福澳	2
伏完	1
腹臥	0
復言	2
覆砂	0
宓子	1
福士	1
福者	2
福州	2
復初	1
伏勝	1
福祥	1
福勝	2
福翔	2
腹臣	0
複信	0
夫久二	1
福二	1
福司	1
福次	1
福治	1
副次	0
馥需	1
福壽	1
福聚	1
福遂	2
福清	1
復東	2
服藤	2
福々	0
福福	0
福分	2
福報	0
複峰	0
福間	1
富久美	0
福実	0
福美	0
副務	1
福明	2
福弥	1
福屋	1
福竜	1
府郡	1
普化	1
巫渓	1
溥傑	1
苻堅	1
傅険	1
傅厳	1
扶公	1
普光	1
普弘	1
符浩	1
夫差	1
富佐	1
布佐	1
芙佐	1
浮渣	1
孚斎	1
普斎	1
普済	1
普濟	1
賦札	1
布衫	0
負罪	1
不四	1
府市	1
府試	1
腐屍	1
伏木	0
溥修	1
府州	1
普照	1
夫椒	1
府省	1
富軾	1
阜新	1
藤子	0
不狃	1
普浄	1
富城	1
涪城	1
普成	1
俘人	1
浮水	1
負芻	1
普瑞	1
伏せ	2
不折	1
傅僉	1
不遷	1
扶善	1
譜善	1
総生	1
普泰	1
二又	2
双美	0
普代	1
付置	1
附置	1
仏海	1
彿兼	1
復軒	1
福建	1
伏虎	1
布土	0
布津	0
仏伊	1
普天	2
太井	0
舟型	0
舟盛	0
船盛り	0
不弁	0
文成	1
文正	0
文祥	0
父名	1
府本	1
普門	1
布由	1
不輸	1
普猷	1
富洋	1
富陽	1
普曜	1
芙洋	1
不乱	0
不爛	0
腐卵	0
振り売	0
振り売り	0
振売	0
振売り	0
不流	1
芙龍	1
涪陵	1
布量	1
古枝	0
旧江	0
慄え	0
震慄	0
顫え	0
古実	0
古實	0
府令	0
譜例	0
負例	0
婦聯	0
腐盧	1
不破	0
附和	1
粉子	1
粉脂	1
部案	0
武鉉	1
武侯	1
武公	1
武后	1
武庚	1
武鉱	1
武甲	1
撫松	1
武遂	1
武助	0
不助	0
武宗	1
武大	1
武珍	1
物貨	1
仏桑	0
物我	1
仏仏	0
物々	0
物物	0
武当	1
武遊	0
舞陽	1
振振	0
武陵	1
部練	0
蕪陋	0
文偃	1
文淵	1
文遠	1
文王	3
分荷	0
文海	1
文鶴	1
文漢	1
文煥	1
文姜	1
文強	1
文欽	1
文宜	1
文謙	1
文元	1
文侯	1
文公	1
文灝	1
文耕	1
文山	1
文史	1
分支	1
文思	1
文詞	1
文詩	1
文周	1
文醜	1
文叔	1
文淑	1
文雋	1
分廠	0
分省	0
分章	0
分植	1
文若	1
文数	0
文清	1
文静	1
文旋	1
文宗	1
文泰	1
分段	0
文段	0
文晁	1
聞天	1
文傳	1
文々	0
文福	0
分服	0
分福	0
文平	0
文弥	1
文彌	1
文野	1
文竜	1
文龍	1
閉伊	0
屛	0
塀	0
平漢	1
弊舘	1
弊館	1
平氣	0
平久	1
炳圭	1
平渓	1
炳憲	1
秉鉉	1
平公	1
秉鎬	1
平康	1
秉国	1
平吾	1
平悟	1
屛山	1
へい死	0
秉式	1
平射	0
平周	1
平州	1
平洲	1
并州	1
秉松	1
平昌	1
閇字	0
閉字	0
平順	1
兵戦	0
兵戰	0
岳宋	1
秉泰	1
平頂	0
閉庁	0
併吞	0
平伯	1
弊藩	1
平瓶	0
平房	1
屏幔	0
平陽	1
碧娥	1
壁泉	0
兵児	1
辺田	1
屁奈	0
汳	0
遍口	0
遍計	0
偏私	1
編旨	1
偏照	1
変字	0
變字	0
返じ	3
遍澄	1
遍満	0
米僊	1
別海	1
別天	1
別府	0
別井	0
別語	0
別耳	1
別訳	0
紅矢	1
紅谷	1
鞭刑	0
弁弘	1
弁巧	0
弁甲	0
便坐	0
勉誠	1
便房	0
弁棒	0
弁名	1
圃隱	1
呆庵	1
放庵	1
抱一	1
奉允	1
法雲	1
芳雲	1
豊雲	1
鳳雲	1
法栄	1
報営	1
抱影	1
彭越	1
法演	1
包炎	1
放翁	1
豊應	1
宝王	3
宝恩	1
匏瓜	1
豊香	1
宝華	1
訪花	1
宝覚	1
鳳瀚	1
芳崖	1
宝鍔	1
法丸	1
宝基	0
奉教	0
宝筐	0
宝篋	0
宝鏡	0
庖供	0
豊況	0
豊頰	0
邦境	0
報禁	0
方金	0
蓬吟	1
宝鶏	1
宝鷄	1
寶慶	1
龐涓	1
法憲	1
鳳謙	1
宝劔	1
奉賢	1
幫源	1
包交	0
咆吼	0
報効	0
報行	0
放光	0
方こう	0
方広	0
方廣	0
砲工	0
砲熕	0
縫工	0
豊鉱	0
方谷	1
邦国	1
奉国	1
宝巌	0
放哉	1
方斉	1
朋斎	1
鵬斎	1
蜂矢	0
鋒矢	0
法秀	1
寶秀	1
芳洲	1
鮑叔	1
包胥	1
宝処	1
彷書	1
方処	1
邦書	1
蜂小	1
宝祥	1
豊璋	1
邦昌	1
鳳晶	1
鳳祥	1
宝勝	1
豊翔	1
鵬翔	1
彭真	1
宝岑	1
宝森	1
宝琛	1
方信	1
法真	1
鵬心	1
法時	0
法住	1
法順	1
琫準	1
北条	1
北條	1
宝条	1
方城	1
宝城	1
法乗	1
法盛	1
方仁	1
鵬仁	1
宝水	1
芳水	1
芳翠	1
蓬水	1
彭生	1
龐清	1
芳成	1
豊政	1
鳳石	1
奉節	1
保仙	1
奉先	1
放川	1
豊泉	1
宝仙	1
宝泉	1
法仙	1
法専	1
芳泉	1
奉善	1
宝全	1
法善	1
鳳藻	1
飽託	1
鳳潭	1
方代	1
宝忠	1
宝廷	1
奉天	1
鮑彤	1
龐統	1
豐島	1
鋒頭	1
龐徳	1
豊徳	1
宝幢	1
法道	1
法内	0
宝楠	1
芳楠	1
方南	1
法念	1
法然	1
彭年	1
抱ノ木	3
豊沛	0
奉拜	0
宝馬	1
宝培	1
訪比	0
鳳尾	1
宝福	1
法福	1
法仏	1
法幣	0
法幤	0
鵬芳	1
蓬茅	0
謗法	0
鋒芒	0
抱朴	1
泡鳴	1
鳳明	1
訪緬	0
逢蒙	1
邦陽	1
鳳陽	1
訪「ラ」	0
訪ラ	0
宝来	1
寳来	1
鳳来	1
宝萊	1
鮑隆	1
法竜	1
澎竜	1
芳柳	1
芳竜	1
宝龍	1
豊龍	1
法良	1
芳亮	1
豊料	1
鳳林	1
鳳鈴	1
朋琳	1
法琳	1
法林	1
豊烈	1
宝蓮	0
法蓮	1
方臘	1
鳳朗	1
宝恵	1
保衛	0
北鴎	1
北湖	0
北崗	1
北祥	2
北摂	2
北釧	1
北塘	1
北半	0
北明	1
北竜	2
保皐	1
浦項	1
保晃	1
保皇	1
保志	1
穂志	1
乾し鰯	0
乾鰯	0
乾し海鼠	3
乾海鼠	3
甫周	1
歩人	1
畝人	1
輔星	1
細声	3
細縁	0
細み	0
保立	1
甫筑	1
北帰	1
北家	1
法顕	1
北港	0
北行	0
浦東	1
蒲東	1
穂並み	0
保福	1
保々	0
保籃	0
埔里	1
濠木	0
掘り手	3
彫りもん	3
保龍	1
幌別	2
補論	0
本官	1
本艦	1
本期	1
本記	1
本坑	0
本工	0
本圀	1
本國	1
本罪	1
本廠	0
本証	0
本證	0
品治	1
本事	1
本寺	1
本時	1
本寂	1
本庶	1
本城	0
本戦	1
本銭	1
本弾	0
本斗	1
本途	1
本党	1
本黨	1
本譜	0
本福	1
本房	1
本報	1
本法	1
本面	0
本もん	0
本薬	1
本隆	0
本霊	0
某駅	1
防液	1
茅檐	0
暴王	3
望厦	1
望火	1
榜眼	0
某県	1
懋功	1
望江	1
暴死	0
房州	1
望小	1
某省	1
望津	1
茅盾	1
冒襄	1
坊城	1
茂盛	1
望星	1
茂宣	1
夢得	1
某年	1
暴冨	1
暴富	1
忙々	0
母液	1
慕韓	1
母貝	1
ぼ金	0
牧隱	1
墨斎	1
卜斎	1
墨渚	0
朴叟	1
穆宗	1
穆帝	1
墨翟	1
木堂	1
墨峰	1
撲方	1
卜養	1
墓壙	0
母趾	1
暮四	1
暮情	1
墨界	0
木劒	0
勃利	1
母名	1
凡児	1
凡事	1
凡石	1
儛	0
舞い	0
舞娘	0
毎餐	0
舞い手	0
舞手	0
真裏	0
前神	1
真尾	0
真織	0
舞織	0
勾	0
曲り	0
間借	0
魔眼	0
撒き	0
蒔き	0
眞姫那	1
真鏡	1
麻筋	0
膜性	0
真熊	1
馬公	1
馬士	1
眞篭	1
真篭	1
政井	0
正井	0
真鉏	0
斉加年	2
正鉄	2
正鐵	2
賢金	2
柾田	1
将知	2
政朝	2
政知	2
昌知	2
正倫	2
正友	2
正智	2
正朝	2
正知	2
雅智	2
政村	2
正村	2
勝り	3
麻紙	1
魔震	0
痲疹	0
麻しん	0
十寸見	1
升味	1
真住	1
馬柵	1
磨製	0
魔精	0
間田	0
馬田	0
馬渡	1
魔弾	0
万智	1
満智	1
真弛	1
真知	1
真地	1
麻池	0
待井	0
町井	0
待緒	2
町谷	1
真っ黄	3
松任	1
末位	1
松香	1
松ケ根	2
松木	0
真継	0
松也	1
松矢	1
茉屋	2
待雪	0
祀り	0
禱り	0
真手	1
真斗	1
眞都	1
魔都	1
纏	0
麻取	0
愛男	0
真那津	1
眞野	0
真能	0
真野	0
間野	0
満農	0
間日	1
侭	2
真家	0
真屋	0
魔夜	0
麻羅	2
真理央	0
真理雄	0
麻里お	0
丸子	0
莫離支	0
麻里茂	1
万鈴	1
丸あき	0
丸明き	0
丸市	2
丸打	0
丸打ち	0
独木	0
マル経	0
丸査	0
丸小	0
丸天	0
丸鶏	2
丸坊	0
丸帽	0
丸棒	0
丸め	0
丸目	0
丸紋	0
魔狼	0
真和志	1
満款	0
満慶	1
万珪	1
満語	0
満済	1
萬斎	1
漫渉	0
満清	1
満徳	1
満福	1
満門	0
満来	0
満量	3
饅類	1
実ぃ	0
箕内	1
美内	1
美浦	0
三尾	0
美尾	0
御角	1
見角	1
御溝	0
身皮	0
未冠	0
身側	0
弥気	2
御食	0
実里	0
弥里	0
美紗都	0
美聡	0
美郷	0
美里	0
御白	0
三栖	0
三笥	0
三須	0
翠簾	0
美須	0
美豆	1
みず希	1
深月	1
瑞季	1
瑞樹	1
瑞稀	1
瑞紀	1
瑞貴	1
美図紀	1
美寿紀	1
美月	1
聖月	1
水城	1
水希	1
水樹	1
水輝	1
端樹	1
水莖	0
瑞子	1
未住帆	1
水穂	1
瑞穂	1
水盛	0
舖	2
弥仙	1
弥山	1
み霊	0
み魂	0
通憲	2
道則	2
道範	2
路迂	2
道之	2
道頼	2
密宗	1
三津	0
御津	0
光門	2
充希	1
光希	1
光毅	1
映希	1
見継ぎ	0
身続ぎ	0
密具	1
光山	2
光吉	1
美都	0
弥刀	0
水戸	0
見戸	0
三藤	1
味得	0
見取り	0
見どり	0
箕直し	2
湊人	1
南美	1
美波	1
陽美	1
三波	1
皆実	1
未認	0
峯岡	2
美嚢	0
三納	0
耳納	0
箕浦	2
見残し	0
実信	0
美乃夫	0
実範	0
美乃梨	0
未配	0
果春	0
深春	0
美春	0
美晴	0
美治	0
美宏	0
未分	0
美保	0
三穂	0
未麻	1
身回り	2
身廻	2
身廻り	2
未名	1
宮入り	0
都	0
宮高	0
宮武	2
宮間	1
美山	1
見山	1
三幸	1
明賀	1
冥が	1
妙光	0
妙工	0
妙香	0
明豪	1
妙淳	1
妙操	1
妙超	1
妙豊	1
明本	1
三代志	1
三四々	1
三芳	1
美世志	1
美代志	1
美好	1
美義	1
美良	1
美芳	1
三好	1
未麟	1
民韓	1
岷江	1
民青	1
民賃	0
眠眠	0
明禄	1
無王	2
霧海	1
向	1
向井	1
無核	1
無感	0
無観	0
無涯	0
牟岐	0
武儀	0
無黄	1
無財	0
夢死	1
無子	1
無歯	1
無脂	1
虫々	2
無錫	1
無終	0
夢章	1
夢準	1
夢城	1
夢情	1
ムス子	1
夢声	1
夢然	1
無善	1
夢窓	1
夢窗	1
務悰	1
無草	1
牟田	0
無袋	0
むだ口	0
徒口	0
無腸	1
六木	1
務田	1
無党	0
無答	0
霧灯	0
無動	0
宗明	2
宗昭	2
宗大	2
宗宏	2
宗広	2
宗弘	2
無品	0
無妨	1
無良	1
村方	0
村儀	1
村路	2
村太	1
蒸れ	2
銘琬	1
名桜	1
鳴鶴	1
明桓	1
明観	1
明休	1
明馨	1
茗溪	1
鳴賢	1
迷言	3
明才	1
明在	1
鳴秋	1
明州	1
明昌	1
明植	1
名臣	0
銘仁	1
明水	1
明仙	1
銘泉	1
明仲	1
明忠	1
明帝	1
迷亭	1
名電	0
明電	0
明道	1
命法	0
明報	0
鳴放	0
鳴鳳	0
冥々	0
美美	1
明融	1
明倫	0
明録	1
雌型	0
目黄	0
芽先	3
めし屋	2
メシ屋	2
目仁奈	0
女尻	0
目附き	1
瞑眩	0
綿森	1
面像	3
面土	1
面堂	1
麺道	1
綿陽	1
藻穴	0
莽	1
魍	1
孟獲	1
魍鬼	0
孟建	1
孟康	1
毛公	1
猛斎	1
孟斎	1
蒙斎	1
蒙秀	1
孟州	1
孟嘗	1
孟参	1
孟進	1
もう先	3
孟坦	1
孟談	1
毛毛	1
孟優	1
猛龍	1
毛量	3
没義	0
默示	0
黙仙	1
黙禅	1
木台	0
物集	0
勿	2
持頼	2
牧溪	1
木国	1
元井	0
本井	0
元神	2
元樹	1
元輝	1
基樹	1
基紀	1
最鋭輝	1
誠記	1
本巣	0
本栖	0
元就	2
元成	2
基成	2
元博	2
元宏	2
元浩	2
元裕	2
基博	2
基宏	2
基寛	2
基広	2
基弘	2
基敬	2
基煕	2
基熙	2
基裕	2
素弘	2
求女	1
求馬	1
もな美	0
揉み	0
紅絹	1
母利	0
守内	2
盛内	2
守木	1
森木	1
守子	1
盛子	1
諸井	0
諸根	1
諸見	1
文観	1
門燈	0
門頭	0
門道	0
門名	1
門派	1
紋紋	3
矢井	0
矢板	0
冶隱	1
八尾	0
矢尾	0
矢追	1
矢賀	0
箭弓	1
夜きん	0
夜禽	0
八木	0
屋宜	0
楊貴	0
矢木	0
矢樹	0
夜狗	0
屋久	0
役印	0
薬延	1
約斎	1
薬匙	0
訳主	1
約書	1
薬傷	0
薬粧	0
薬事	1
薬仁	1
薬々	1
役料	2
矢毛	1
谷古宇	1
家号	1
家鋪	1
野州	1
夜須	0
屋須	0
矢須	0
野洲	0
谷粋	1
安川	2
安来	0
泰南	2
保美	0
安巳	0
安美	0
康美	0
休	3
安め	0
矢頭	1
痩	0
瘦	0
谷知	0
冶長	1
役金	0
矢次	1
夜壺	1
矢藤	1
八名	0
矢中	1
柳木	1
柳箸	4
屋並	0
屋並み	0
鳴家	1
谷原	1
屋部	1
山おり	0
山型	0
山住	0
山住み	0
山町	2
倭迹迹日百襲姫	0
山取り	0
山採り	0
山邊	1
山部	1
山もり	0
弥美	1
止み	0
病み	1
也哉子	1
屋良	0
夜郎	0
矢羽多	1
谷和原	1
由花	0
勇安	1
夕市	1
融液	1
勇悦	1
雄悦	1
有媛	1
熊延	1
幽王	3
雄化	0
祐海	1
融覚	1
雄鶴	1
友閑	1
遊外	1
有額	0
結城	0
悠木	0
木綿木	0
邑姜	1
悠恭	1
佑啓	1
右卿	1
有兄	1
有慶	1
祐慶	1
祐桂	1
尤渓	1
祐賢	1
遊軒	1
佑賢	1
勇玄	1
侑弘	1
優光	1
優孝	1
勇孝	1
有高	1
祐幸	1
裕紘	1
裕鴻	1
優剛	1
勇剛	1
侑載	1
幽斉	1
幽斎	1
祐斎	1
有済	1
有秋	1
幽州	1
雄州	1
勇俊	1
宥俊	1
悠舜	1
有章	1
祐祥	1
勇信	1
勇心	1
雄信	1
熊津	1
祐乗	1
優仁	1
祐人	1
雄人	1
夜臼	0
宥清	1
悠聖	1
由青	1
祐正	1
勇政	1
有精	1
幽石	1
友節	1
友雪	1
祐泉	1
友仙	1
祐禅	1
祐膳	1
誘善	1
幽叟	1
幽竹	1
有徴	0
幽汀	1
祐東	1
雄踏	1
游道	1
有伯	1
夕場	3
ゆふ日	0
有風	1
幽芳	1
裕峰	1
佑真	1
佑磨	1
優真	1
優馬	1
勇真	1
勇馬	1
悠真	1
悠馬	1
裕磨	1
裕馬	1
勇明	1
優々	0
優悠	0
幽☆遊☆	0
幽遊	0
雄洋	1
祐頼	1
又蘭	1
友蘭	1
友里	1
優麗	0
夕礼	0
雄麗	0
祐連	1
友濂	1
雄郎	0
祐禄	1
夕和	1
雄和	1
湯江	0
由岐	0
油木	0
湯来	0
雪げ	0
ゆき奈	1
優希奈	1
友紀奈	1
幸菜	1
由希奈	1
雪奈	1
夕紀美	0
幸美	0
有紀美	0
有記美	0
由姫美	0
由紀美	0
進美	0
雪美	0
湯げ	1
油口	1
油公	1
癒香	1
湯佐	0
由崧	1
由准	1
湯田	0
弓田	0
湯藤	1
由仁	0
柚乃	1
湯場	2
湯腹	0
柚比	1
佑芽	1
優芽	1
有芽	1
結女	1
夢先	0
ゆめ見	3
夢み	3
湯らゆら	0
由良理	1
侑梨	1
優璃	1
優里	1
友梨	1
友理	1
友莉	1
妃里	1
憂里	1
由梨	1
由理	1
由莉	1
由里	1
祐里	1
裕梨	1
裕里	1
優里香	1
夕利果	1
有理香	1
有里華	1
由利香	1
由梨加	1
百合果	1
百合花	1
百合香	1
裕里香	1
ゆり菜	0
油量	1
油類	1
湯わかし	2
湯沸	2
楊庵	1
榕庵	1
榕菴	1
養安	1
楊維	1
洋夷	1
瘍医	1
腰囲	1
楊雲	1
よう液	1
養液	1
楊炎	1
永縁	1
容媛	1
葉温	0
楊軻	1
楊過	1
楊花	1
瑶香	1
陽香	1
八鹿	1
楊家	1
洋貨	1
羊華	1
耀華	1
腰下	1
陽火	1
陽貨	1
楊懐	1
楊海	1
楊幹	0
用間	0
養肝	0
葉河	1
陽河	1
瑤姫	1
鎔基	1
妖姫	1
妖氣	1
妖鬼	1
よう器	1
揚棄	1
様器	1
要機	1
要記	1
雍煕	1
養気	1
雍邱	1
楊香	1
羊欣	1
陽区	1
楊倞	1
楊炯	1
幼炯	1
瑶渓	1
姚杰	1
楊傑	1
葉竭	1
楊堅	1
楊峴	1
容県	1
洋県	1
陽月	1
溶鉉	1
楊昂	1
幼紅	1
洋港	1
用高	1
陽浩	1
楊口	1
榕江	1
沃溝	1
養浩	1
耀国	1
陽悟	1
楊剛	1
容斎	1
鷹山	1
楊志	1
楊賜	1
雍歯	1
用祉	1
妖糸	1
容止	1
拗糸	1
羊脂	1
葉姿	1
葉枝	1
養施	1
溶射	0
楊朱	1
傭主	1
妖主	1
幼主	1
要須	1
陽守	1
楊修	1
楊脩	1
葉舟	1
楊洲	1
容州	1
揚州	1
楊州	1
癢処	1
容稷	1
楊震	1
洋慎	1
鎔信	1
陽晋	1
楊耳	1
庸治	1
楊爾	1
洋二	1
洋児	1
洋次	1
洋治	1
耀司	1
葉二	1
要二	1
要士	1
要治	1
陽二	1
陽司	1
陽次	1
陽治	1
養治	1
容淳	1
姚襄	1
陽勝	1
陽照	1
用尽	0
羊腎	0
陽水	1
雍正	1
養清	1
耀先	1
養川	1
要善	1
用池	0
陽地	0
耀庭	1
耀東	1
蓉塘	1
容堂	1
よう日	0
腰腹	0
葉幅	0
陽復	0
葉坪	1
耀邦	1
葉封	1
蓉峰	1
要法	1
幼味	0
要明	1
楊雄	1
友友	0
幼葉	0
揺々	0
陽葉	0
雍容	0
雝々	0
容リ	0
養料	1
葉緑	0
楊林	1
楊令	1
楊漣	1
楊蓮	1
預旺	1
与勝	1
夜離り	3
与儀	0
翊誠	1
浴そう	0
横打ち	0
横島	2
横嶋	2
横芯	0
橫町	0
よこ手	0
横て	0
よこ道	0
横みち	0
余呉	0
佳孝	2
佳鷹	2
吉孝	2
吉貴	2
吉隆	2
善孝	2
善宜	2
善尚	2
善賢	2
善隆	2
喜孝	2
喜隆	2
嘉孝	2
嘉隆	2
好孝	2
好隆	2
孝高	2
幹幸	2
彦孝	2
悦隆	2
慎崇	2
慶隆	2
由孝	2
祥孝	2
美隆	2
義堯	2
義孝	2
義尊	2
義尭	2
義崇	2
義貴	2
義隆	2
義高	2
能敬	2
良任	2
良孝	2
良生	2
良貴	2
良隆	2
芳喬	2
芳孝	2
芳隆	2
芳高	2
予州	1
豫州	1
餘昌	1
与世	1
余席	1
予倩	1
余膳	1
予対	1
余唾	1
世次	1
与徳	1
与荷	0
米津	1
呼ばい	0
与ひょう	1
夜更	3
呼ぶ子	0
与平	1
與平	1
陰府	1
与免	1
与薬	1
余雄	1
与里	1
縒	2
寄り合	0
寄り子	0
寄子	0
頼信	0
頼倫	2
頼通	2
頼道	2
与六	1
与鹿	1
よろず屋	0
余論	0
餘論	0
弱美	0
四千	3
４千	3
4千	3
雷横	1
雷球	0
来滬	0
頼豪	1
礼讚	0
禮讃	0
癩者	1
来章	1
来侵	0
頼城	1
耒井	1
雷帝	1
頼底	1
頼瑜	1
頼龍	1
樂	1
絡	0
酪	1
楽山	1
洛州	2
楽正	1
雒城	1
洛水	1
楽醒	1
楽泉	1
楽僔	1
らく朝	2
駱賓	1
落鳳	1
洛邑	2
雒邑	2
洛葉	1
洛陽	1
雒陽	1
裸梢	1
羅森	1
羅切	0
落去	1
蘭印	1
藍園	1
鸞王	3
らん科	0
蘭科	0
蘭画	1
蘭溪	1
蘭径	1
卵歯	0
藍水	1
乱政	0
亂政	0
藍泉	1
蘭然	1
瀾滄	1
瀾濤	1
蘭芳	1
藍本	0
離解	0
離開	0
李カク	1
李傕	1
離角	1
李瀚	1
李煥	1
理観	1
李嶠	1
李恭	1
釐金	0
陸城	1
陸惺	1
陸佃	1
陸游	1
李軍	1
梨慧	1
理茎	1
李健	1
李堅	1
李鍵	1
履軒	1
理顕	1
李元	1
李厳	1
利玄	1
李広	1
李杲	1
李煌	1
李郃	1
李高	1
鯉紅	1
漓江	1
理国	1
李根	1
李袞	1
釐毫	1
利作	0
理作	0
理策	0
梨州	1
里昇	1
離心	0
離身	0
李純	1
鯉丈	1
利炊	1
李勢	1
李靖	1
李績	1
利仙	1
里選	1
李箱	1
李則	1
理即	1
李旦	1
律句	0
葎光	1
竪者	1
立誠	1
立智	2
律賦	0
裏帝	1
李典	1
籬島	1
理塘	1
痢病	1
利府	0
利平	0
理平	0
李本	1
李蒙	1
略符	0
龍雲	1
柳営	0
劉延	1
劉淵	1
劉焉	1
柳園	1
龍淵	1
立遠	1
隆圓	1
龍園	1
流鶯	0
龍海	1
隆寛	1
龍寛	1
劉鶚	1
龍岳	1
劉願	1
龍顔	1
龍岩	1
硫気	0
流況	0
流寓	0
流経	0
竜形	0
劉杰	1
隆顕	1
龍憲	1
龍光	1
流光	0
劉秀	1
竜州	1
柳州	1
龍州	1
劉勝	1
劉璋	1
柳色	0
留職	0
竜臣	1
隆真	1
隆進	1
龍城	1
竜驤	1
龍驤	1
竜仁	1
龍仁	1
竜精	0
龍勢	0
劉節	1
柳雪	1
竜泉	1
竜川	1
龍泉	1
隆泉	1
劉全	1
劉禅	1
龍禅	1
龍全	1
劉琮	1
劉聡	1
劉荘	1
龍巣	1
劉宋	1
隆中	1
流潮	0
柳亭	1
滝亭	1
劉唐	1
柳塘	1
竜吐	0
竜童	1
竜堂	1
劉表	1
柳風	1
隆弁	1
流放	0
柳某	1
龍門	1
劉裕	1
竜遊	1
劉墉	1
劉曄	1
劉曜	1
劉楊	1
劉繇	1
笠洋	1
流葉	1
竜陽	1
竜洋	1
劉立	1
留良	1
龍蓮	1
李囿	1
利有	1
理遊	1
良運	0
了圓	1
量化	0
良价	1
両会	1
両回	1
両間	0
菱環	0
両唇	0
両郡	1
良型	0
両拳	0
両権	0
りょう犬	0
獵犬	0
糧券	0
良源	1
良賢	1
亮源	1
廖公	1
両校	1
両港	1
両行	1
涼国	0
了西	1
梁材	0
梁山	0
良史	0
量詞	0
良叱	1
漁種	0
良修	1
良舟	1
蓼洲	1
龍洲	1
涼州	1
両州	1
亮照	1
了證	1
亮勝	1
両省	1
両賞	1
稜植	1
両職	1
良辰	0
両字	0
良孺	3
涼城	1
両城	1
両条	1
猟常	1
了成	1
遼西	1
両世	1
良碩	1
両線	0
りょう線	0
良銭	0
良税	0
良暹	1
霊仙	1
了三	0
了蔵	0
亮三	0
亮蔵	0
良三	0
良蔵	0
良造	0
量三	0
凌大	1
凉庭	1
両帝	1
兩帝	1
両てん	0
両天	0
両点	0
凌統	1
両島	1
了道	1
良洞	1
両脳	1
良伯	1
両藩	1
両ば	0
両文	1
両篇	1
両編	1
良弁	1
良遍	1
猟法	0
良方	0
領邦	0
良瑜	1
了祐	1
菱友	1
涼葉	1
遼陽	1
緑翠	2
緑政	0
呂光	1
閭巷	1
呂淑	1
李膺	1
李邕	1
梨耀	1
鯉洋	1
離洛	0
理乱	0
李立	1
理療	0
里羚	1
利礼	1
燐化	0
燐灰	0
鱗介	0
淋汗	0
臨監	0
輪換	0
臨画	0
倫学	1
林区	0
麟慶	1
藺渓	1
林見	1
林賢	1
琳黌	1
臨江	1
りん酸	0
リン酸	0
臨済	1
臨濟	1
林市	1
麟之	1
麟趾	1
臨淄	1
隣市	1
鱗翅	1
琳聖	1
麟祥	1
林二	1
林治	1
臨城	1
林青	1
林静	1
藺生	1
臨川	1
麟仙	1
林善	1
林倉	1
林宗	1
琳琢	1
臨地	1
林冲	1
臨童	1
竜膽	1
龍胆	1
輪扁	1
轔々	0
轔轔	0
涙香	1
泪實	1
累重	0
縷陳	0
霊隠	1
厲王	1
舲翁	1
霊鑑	1
冷恭	1
礼恭	1
麗均	1
例句	0
麗君	1
霊宮	3
麗景	0
霊元	1
靈元	1
霊公	1
令康	1
麗江	1
麗光	1
麗哉	1
霊賛	0
霊視	0
霊主	1
黎首	1
霊照	1
禮鐘	1
黎深	1
霊畤	0
令肇	1
令丈	1
澪人	1
麗水	1
例数	3
礼成	1
冷雪	0
玲川	1
礼仙	1
麗仙	1
令鐸	1
霊丹	0
霊寵	0
霊帝	1
礼電	0
霊南	1
麗文	1
霊峯	0
麗峰	0
令明	1
霊裕	1
霊祐	1
峰葉	1
黎陽	1
零陵	1
麗玲	1
麗黎	1
歷史	0
歴宣	1
烈臣	1
蓮胤	1
濂渓	1
連杰	1
蓮香	1
連宏	1
蓮興	1
廉斎	1
聯詩	0
連写	0
蓮秀	1
蓮舟	1
蓮生	1
蓮聖	1
蓮正	1
蓮照	1
蓮杖	1
蓮丈	1
蓮乗	1
蓮成	1
蓮崇	1
廉三	0
廉蔵	0
廉藏	0
練三	0
連蔵	0
連たん	0
連坦	0
連担	0
連檐	0
錬丹	0
連忠	1
廉貞	1
艣	0
労演	0
老猿	0
蝋画	0
蠟画	0
良算	1
牢之	1
蠟紙	1
漏示	0
隴人	1
隴西	1
滝千	1
老种	1
郎中	1
老帝	0
老弟	0
拉法	1
朧伶	1
露韓	1
呂久	1
鹿場	0
鹿茸	0
盧珪	1
潞県	1
蘆江	1
露香	1
廬江	1
廬溝	1
盧溝	1
蘆溝	1
魯粛	1
露商	1
蘆津	1
鷺城	1
漏尽	0
蘆水	1
鷺水	1
廬生	1
盧生	1
路政	1
露政	1
呂扇	1
露中	1
顱頂	0
櫓冬	1
露鵬	1
魯明	1
露葉	1
わい化	0
和井田	0
隈畔	1
和賀	0
わか杉	0
和佳奈	1
和佳菜	1
稚菜	1
若奈	1
和可菜	1
若め	0
和館	0
和我	0
和木	0
倭京	1
和煦	1
和軒	1
和県	1
和言	0
わ紙	1
和州	1
和静	1
渡合	2
渡らい	0
亘	1
亘理	1
渡利	1
渡里	1
和達	1
輪胴	0
和野	0
藁火	2
和竜	1
話例	1
わん内	1
